op,dir,params,grid,block,flops,bytes,rStartTime,rEndTime,kStartTime,kEndTime,staticSharedMemory,space,space1,seq,kernels,rduration,kduration,batch,h,w,input_type
203,1,"[16, 3, 64, 64, 64, 15, 15, 11, 11, 2, 2, 4, 4, 1, 1, 1, 8, 0, 0, 0, 0, 0, 0, 0, 0, 0, 0, 0, 0, 0]",900,128,0,0,766996814,767048986,847087028,847823256,4352,1183,575,27918,2,24756,735620,16,64,64,3
152,1,"[8, 16, 64, 15, 15, 0, 0, 0, 0, 0, 0, 0, 0, 0, 0, 0, 0, 0, 0, 0, 0, 0, 0, 0, 0, 0, 0, 0, 0, 0]",450,128,230400,3686400,767243727,767254950,847823831,847830711,0,576,576,27919,1,11223,6880,16,64,64,3
183,1,"[8, 16, 64, 15, 15, 0, 0, 0, 0, 0, 0, 0, 0, 0, 0, 0, 0, 0, 0, 0, 0, 0, 0, 0, 0, 0, 0, 0, 0, 0]",196,256,0,0,767638973,767653794,847831287,847843159,0,544,544,27920,1,14821,11872,16,64,64,3
203,1,"[16, 64, 7, 7, 192, 7, 7, 5, 5, 2, 2, 1, 1, 1, 1, 1, 8, 0, 0, 0, 0, 0, 0, 0, 0, 0, 0, 0, 0, 0]",588,256,0,0,767902785,767954726,847843703,852031254,10496,1568,608,27921,2,22728,4186591,16,64,64,3
152,1,"[8, 16, 192, 7, 7, 0, 0, 0, 0, 0, 0, 0, 0, 0, 0, 0, 0, 0, 0, 0, 0, 0, 0, 0, 0, 0, 0, 0, 0, 0]",294,128,150528,2408448,768157423,768168679,852031862,852037302,0,640,640,27922,1,11256,5440,16,64,64,3
183,1,"[8, 16, 192, 7, 7, 0, 0, 0, 0, 0, 0, 0, 0, 0, 0, 0, 0, 0, 0, 0, 0, 0, 0, 0, 0, 0, 0, 0, 0, 0]",108,256,0,0,768387919,768399185,852037942,852046262,0,640,640,27923,1,11266,8320,16,64,64,3
203,1,"[16, 192, 3, 3, 384, 3, 3, 3, 3, 1, 1, 1, 1, 1, 1, 1, 8, 0, 0, 0, 0, 0, 0, 0, 0, 0, 0, 0, 0, 0]",216,512,0,0,768617667,768671472,852046902,853296070,4352,1792,576,27924,3,24666,1247952,16,64,64,3
152,1,"[8, 16, 384, 3, 3, 0, 0, 0, 0, 0, 0, 0, 0, 0, 0, 0, 0, 0, 0, 0, 0, 0, 0, 0, 0, 0, 0, 0, 0, 0]",108,128,55296,884736,768860428,768870254,853296646,853300485,0,641,641,27925,1,9826,3839,16,64,64,3
203,1,"[16, 384, 3, 3, 256, 3, 3, 3, 3, 1, 1, 1, 1, 1, 1, 1, 8, 0, 0, 0, 0, 0, 0, 0, 0, 0, 0, 0, 0, 0]",144,512,0,0,769050243,769101450,853301126,854794284,4352,1760,544,27926,3,23531,1491942,16,64,64,3
152,1,"[8, 16, 256, 3, 3, 0, 0, 0, 0, 0, 0, 0, 0, 0, 0, 0, 0, 0, 0, 0, 0, 0, 0, 0, 0, 0, 0, 0, 0, 0]",72,128,36864,589824,769284210,769293691,854794828,854798252,0,544,544,27927,1,9481,3424,16,64,64,3
203,1,"[16, 256, 3, 3, 256, 3, 3, 3, 3, 1, 1, 1, 1, 1, 1, 1, 8, 0, 0, 0, 0, 0, 0, 0, 0, 0, 0, 0, 0, 0]",144,512,0,0,769475819,769527566,854798796,855801478,4352,1696,576,27928,3,23747,1001562,16,64,64,3
152,1,"[8, 16, 256, 3, 3, 0, 0, 0, 0, 0, 0, 0, 0, 0, 0, 0, 0, 0, 0, 0, 0, 0, 0, 0, 0, 0, 0, 0, 0, 0]",72,128,36864,589824,769714311,769723912,855802054,855805478,0,640,640,27929,1,9601,3424,16,64,64,3
183,1,"[8, 16, 256, 3, 3, 0, 0, 0, 0, 0, 0, 0, 0, 0, 0, 0, 0, 0, 0, 0, 0, 0, 0, 0, 0, 0, 0, 0, 0, 0]",16,256,0,0,769920719,769931500,855806118,855810949,0,609,609,27930,1,10781,4831,16,64,64,3
199,1,"[8, 16, 256, 1, 1, 0, 0, 0, 0, 0, 0, 0, 0, 0, 0, 0, 0, 0, 0, 0, 0, 0, 0, 0, 0, 0, 0, 0, 0, 0]",4096,256,0,0,770040951,770050962,855811558,856105402,0,576,576,27931,1,10011,293844,16,64,64,3
212,1,"[8, 16, 9216, 0, 0, 0, 0, 0, 0, 0, 0, 0, 0, 0, 0, 0, 0, 0, 0, 0, 0, 0, 0, 0, 0, 0, 0, 0, 0, 0]",160,256,737280,2359296,770247940,770259597,856105978,856117626,0,576,576,27933,1,11657,11648,16,64,64,3
201,1,"[8, 16, 9216, 0, 0, 0, 0, 0, 0, 0, 8, 4096, 9216, 0, 0, 0, 0, 0, 0, 0, 8, 4096, 0, 0, 0, 0, 0, 0, 0, 0]",128,64,1207959552,38993920,770402045,770413105,856118202,879730833,17408,832,832,27934,1,11060,23612631,16,64,64,3
201,1,"[8, 16, 9216, 0, 0, 0, 0, 0, 0, 0, 8, 4096, 9216, 0, 0, 0, 0, 0, 0, 0, 8, 4096, 0, 0, 0, 0, 0, 0, 0, 0]",128,512,1207959552,38993920,770414239,770419770,879731665,879742256,0,672,672,27935,1,5531,10591,16,64,64,3
152,1,"[8, 16, 4096, 0, 0, 0, 0, 0, 0, 0, 0, 0, 0, 0, 0, 0, 0, 0, 0, 0, 0, 0, 0, 0, 0, 0, 0, 0, 0, 0]",128,128,65536,1048576,770589642,770599485,879742928,879747088,0,576,576,27936,1,9843,4160,16,64,64,3
212,1,"[8, 16, 4096, 0, 0, 0, 0, 0, 0, 0, 0, 0, 0, 0, 0, 0, 0, 0, 0, 0, 0, 0, 0, 0, 0, 0, 0, 0, 0, 0]",160,256,327680,1048576,770726767,770737042,879747664,879754704,0,576,576,27937,1,10275,7040,16,64,64,3
201,1,"[8, 16, 4096, 0, 0, 0, 0, 0, 0, 0, 8, 4096, 4096, 0, 0, 0, 0, 0, 0, 0, 8, 4096, 0, 0, 0, 0, 0, 0, 0, 0]",128,64,536870912,17367040,770873823,770884269,879755280,890262589,17408,704,704,27938,1,10446,10507309,16,64,64,3
201,1,"[8, 16, 4096, 0, 0, 0, 0, 0, 0, 0, 8, 4096, 4096, 0, 0, 0, 0, 0, 0, 0, 8, 4096, 0, 0, 0, 0, 0, 0, 0, 0]",128,512,536870912,17367040,770885351,770893405,890263293,890274492,0,640,640,27939,1,8054,11199,16,64,64,3
152,1,"[8, 16, 4096, 0, 0, 0, 0, 0, 0, 0, 0, 0, 0, 0, 0, 0, 0, 0, 0, 0, 0, 0, 0, 0, 0, 0, 0, 0, 0, 0]",128,128,65536,1048576,771062279,771072009,890275132,890279292,0,640,640,27940,1,9730,4160,16,64,64,3
201,1,"[8, 16, 4096, 0, 0, 0, 0, 0, 0, 0, 8, 617, 4096, 0, 0, 0, 0, 0, 0, 0, 8, 617, 0, 0, 0, 0, 0, 0, 0, 0]",120,64,80871424,3061392,771212264,771222537,890279932,891626377,17408,704,704,27941,1,10273,1346445,16,64,64,3
201,1,"[8, 16, 4096, 0, 0, 0, 0, 0, 0, 0, 8, 617, 4096, 0, 0, 0, 0, 0, 0, 0, 8, 617, 0, 0, 0, 0, 0, 0, 0, 0]",20,512,80871424,3061392,771223583,771228886,891627081,891634664,0,672,672,27942,1,5303,7583,16,64,64,3
181,1,"[8, 16, 617, 0, 0, 0, 0, 0, 0, 0, 0, 0, 0, 0, 0, 4, 16, 617, 0, 0, 0, 0, 0, 0, 0, 0, 0, 0, 0, 0]",20,512,0,0,771356926,771462396,891635336,891669351,16,346068,343475,27943,5,34296,31422,16,64,64,3
181,2,"[8, 16, 617, 0, 0, 0, 0, 0, 0, 0, 0, 0, 0, 0, 0, 4, 16, 617, 0, 0, 0, 0, 0, 0, 0, 0, 0, 0, 0, 0]",20,256,0,0,891994469,892147107,892012826,892153684,0,184153,62750,27943,4,48981,19455,16,64,64,3
201,2,"[8, 16, 4096, 0, 0, 0, 0, 0, 0, 0, 8, 617, 4096, 0, 0, 0, 0, 0, 0, 0, 8, 617, 0, 0, 0, 0, 0, 0, 0, 0]",320,512,80871424,3061392,892208075,892265340,892216434,894201414,24576,276085,274453,27942,3,22002,1983348,16,64,64,3
152,2,"[8, 16, 4096, 0, 0, 0, 0, 0, 0, 0, 0, 0, 0, 0, 0, 0, 0, 0, 0, 0, 0, 0, 0, 0, 0, 0, 0, 0, 0, 0]",128,128,65536,1572864,892415080,892424689,894475867,894483387,0,672,672,27940,1,9609,7520,16,64,64,3
201,2,"[8, 16, 4096, 0, 0, 0, 0, 0, 0, 0, 8, 4096, 4096, 0, 0, 0, 0, 0, 0, 0, 8, 4096, 0, 0, 0, 0, 0, 0, 0, 0]",2048,512,536870912,17367040,892472933,892523529,894484059,907320559,24576,1748732,1747389,27939,3,18892,12835157,16,64,64,3
212,2,"[8, 16, 4096, 0, 0, 0, 0, 0, 0, 0, 0, 0, 0, 0, 0, 0, 0, 0, 0, 0, 0, 0, 0, 0, 0, 0, 0, 0, 0, 0]",128,128,327680,1048576,892669805,892676788,909067948,909074508,0,671,671,27937,1,6983,6560,16,64,64,3
152,2,"[8, 16, 4096, 0, 0, 0, 0, 0, 0, 0, 0, 0, 0, 0, 0, 0, 0, 0, 0, 0, 0, 0, 0, 0, 0, 0, 0, 0, 0, 0]",128,128,65536,1572864,892703206,892710246,909075179,909080268,0,607,607,27936,1,7040,5089,16,64,64,3
201,2,"[8, 16, 9216, 0, 0, 0, 0, 0, 0, 0, 8, 4096, 9216, 0, 0, 0, 0, 0, 0, 0, 8, 4096, 0, 0, 0, 0, 0, 0, 0, 0]",4608,512,1207959552,38993920,892757152,892807124,909080875,935279743,25088,3907466,3906154,27935,3,19205,26197556,16,64,64,3
212,2,"[8, 16, 9216, 0, 0, 0, 0, 0, 0, 0, 0, 0, 0, 0, 0, 0, 0, 0, 0, 0, 0, 0, 0, 0, 0, 0, 0, 0, 0, 0]",288,128,737280,2359296,892946880,892953684,939185897,939197161,0,640,640,27933,1,6804,11264,16,64,64,3
199,2,"[8, 16, 256, 1, 1, 0, 0, 0, 0, 0, 0, 0, 0, 0, 0, 0, 0, 0, 0, 0, 0, 0, 0, 0, 0, 0, 0, 0, 0, 0]",4096,256,0,0,893004870,893023193,939197801,939490398,0,1344,672,27931,2,13372,291925,16,64,64,3
183,2,"[8, 16, 256, 3, 3, 0, 0, 0, 0, 0, 0, 0, 0, 0, 0, 0, 0, 0, 0, 0, 0, 0, 0, 0, 0, 0, 0, 0, 0, 0]",4096,256,0,0,893054063,893076528,939491070,939523516,0,1152,608,27930,2,11929,31902,16,64,64,3
152,2,"[8, 16, 256, 3, 3, 0, 0, 0, 0, 0, 0, 0, 0, 0, 0, 0, 0, 0, 0, 0, 0, 0, 0, 0, 0, 0, 0, 0, 0, 0]",72,128,36864,884736,893104890,893112201,939524124,939527964,0,640,640,27929,1,7311,3840,16,64,64,3
203,2,"[16, 256, 3, 3, 256, 3, 3, 3, 3, 1, 1, 1, 1, 1, 1, 1, 8, 0, 0, 0, 0, 0, 0, 0, 0, 0, 0, 0, 0, 0]",144,512,0,0,893206901,893339491,939528604,941166462,20740,85628,64285,27928,4,28222,1616515,16,64,64,3
152,2,"[8, 16, 256, 3, 3, 0, 0, 0, 0, 0, 0, 0, 0, 0, 0, 0, 0, 0, 0, 0, 0, 0, 0, 0, 0, 0, 0, 0, 0, 0]",72,128,36864,884736,893433708,893440350,941230747,941236027,0,544,544,27927,1,6642,5280,16,64,64,3
203,2,"[16, 384, 3, 3, 256, 3, 3, 3, 3, 1, 1, 1, 1, 1, 1, 1, 8, 0, 0, 0, 0, 0, 0, 0, 0, 0, 0, 0, 0, 0]",216,512,0,0,893510547,893631085,941236571,944387490,20740,128124,95868,27926,4,26525,3118663,16,64,64,3
152,2,"[8, 16, 384, 3, 3, 0, 0, 0, 0, 0, 0, 0, 0, 0, 0, 0, 0, 0, 0, 0, 0, 0, 0, 0, 0, 0, 0, 0, 0, 0]",108,128,55296,1327104,893724430,893731249,944483358,944489918,0,544,544,27925,1,6819,6560,16,64,64,3
203,2,"[16, 192, 3, 3, 384, 3, 3, 3, 3, 1, 1, 1, 1, 1, 1, 1, 8, 0, 0, 0, 0, 0, 0, 0, 0, 0, 0, 0, 0, 0]",108,512,0,0,893800335,893933122,944490462,946911937,12548,100635,76605,27924,4,28595,2397445,16,64,64,3
183,2,"[8, 16, 192, 7, 7, 0, 0, 0, 0, 0, 0, 0, 0, 0, 0, 0, 0, 0, 0, 0, 0, 0, 0, 0, 0, 0, 0, 0, 0, 0]",3072,256,0,0,894029617,894046931,946988542,947037085,0,1343,671,27923,2,11668,47871,16,64,64,3
152,2,"[8, 16, 192, 7, 7, 0, 0, 0, 0, 0, 0, 0, 0, 0, 0, 0, 0, 0, 0, 0, 0, 0, 0, 0, 0, 0, 0, 0, 0, 0]",294,128,150528,3612672,894075026,894081721,947037756,947047164,0,640,640,27922,1,6695,9408,16,64,64,3
203,2,"[16, 64, 7, 7, 192, 7, 7, 5, 5, 2, 2, 1, 1, 1, 1, 1, 8, 0, 0, 0, 0, 0, 0, 0, 0, 0, 0, 0, 0, 0]",2400,512,0,0,894166680,894287216,947047804,961740457,12544,40702,29055,27921,4,26216,14681006,16,64,64,3
183,2,"[8, 16, 64, 15, 15, 0, 0, 0, 0, 0, 0, 0, 0, 0, 0, 0, 0, 0, 0, 0, 0, 0, 0, 0, 0, 0, 0, 0, 0, 0]",1024,256,0,0,894383219,894400089,961769512,961803782,0,1280,672,27920,2,11601,33662,16,64,64,3
152,2,"[8, 16, 64, 15, 15, 0, 0, 0, 0, 0, 0, 0, 0, 0, 0, 0, 0, 0, 0, 0, 0, 0, 0, 0, 0, 0, 0, 0, 0, 0]",450,128,230400,5529600,894427746,894436968,961804454,961821222,0,4127,4127,27919,1,9222,16768,16,64,64,3
203,2,"[16, 3, 64, 64, 64, 15, 15, 11, 11, 2, 2, 4, 4, 1, 1, 1, 8, 0, 0, 0, 0, 0, 0, 0, 0, 0, 0, 0, 0, 0]",192,512,0,0,894518507,894555762,961825349,962770497,6400,8928,7584,27918,2,12922,943804,16,64,64,3
16,3,"[8, 64, 3, 11, 11, 0, 0, 0, 0, 0, 0, 0, 0, 0, 0, 4, 0, 0, 0, 0, 0, 0, 0, 0, 0, 0, 0, 0, 0, 0]",46,128,23232,371716,894882976,894898836,962778081,962781281,0,576,576,-1,1,15860,3200,16,64,64,3
12,3,"[8, 64, 3, 11, 11, 0, 0, 0, 0, 0, 0, 0, 0, 0, 0, 8, 64, 3, 11, 11, 0, 0, 0, 0, 0, 0, 0, 0, 0, 0]",46,128,23232,557568,894988860,894999492,962781857,962784641,0,672,672,-1,1,10632,2784,16,64,64,3
12,3,"[8, 64, 3, 11, 11, 0, 0, 0, 0, 0, 0, 0, 0, 0, 0, 8, 64, 3, 11, 11, 0, 0, 0, 0, 0, 0, 0, 0, 0, 0]",46,128,23232,557568,895083452,895094495,962785313,962788641,0,640,640,-1,1,11043,3328,16,64,64,3
16,3,"[8, 64, 0, 0, 0, 0, 0, 0, 0, 0, 0, 0, 0, 0, 0, 4, 0, 0, 0, 0, 0, 0, 0, 0, 0, 0, 0, 0, 0, 0]",1,128,64,1028,895176940,895185755,962789281,962791456,0,576,576,-1,1,8815,2175,16,64,64,3
12,3,"[8, 64, 0, 0, 0, 0, 0, 0, 0, 0, 0, 0, 0, 0, 0, 8, 64, 0, 0, 0, 0, 0, 0, 0, 0, 0, 0, 0, 0, 0]",1,128,64,1536,895266376,895274677,962792032,962794208,0,672,672,-1,1,8301,2176,16,64,64,3
12,3,"[8, 64, 0, 0, 0, 0, 0, 0, 0, 0, 0, 0, 0, 0, 0, 8, 64, 0, 0, 0, 0, 0, 0, 0, 0, 0, 0, 0, 0, 0]",1,128,64,1536,895363843,895372536,962794880,962797216,0,672,672,-1,1,8693,2336,16,64,64,3
16,3,"[8, 192, 64, 5, 5, 0, 0, 0, 0, 0, 0, 0, 0, 0, 0, 4, 0, 0, 0, 0, 0, 0, 0, 0, 0, 0, 0, 0, 0, 0]",600,128,307200,4915204,895453481,895461739,962797888,962817248,0,704,704,-1,1,8258,19360,16,64,64,3
12,3,"[8, 192, 64, 5, 5, 0, 0, 0, 0, 0, 0, 0, 0, 0, 0, 8, 192, 64, 5, 5, 0, 0, 0, 0, 0, 0, 0, 0, 0, 0]",600,128,307200,7372800,895542116,895550218,962817952,962837055,0,544,544,-1,1,8102,19103,16,64,64,3
12,3,"[8, 192, 64, 5, 5, 0, 0, 0, 0, 0, 0, 0, 0, 0, 0, 8, 192, 64, 5, 5, 0, 0, 0, 0, 0, 0, 0, 0, 0, 0]",600,128,307200,7372800,895797749,895809562,962837599,962859902,0,576,576,-1,1,11813,22303,16,64,64,3
16,3,"[8, 192, 0, 0, 0, 0, 0, 0, 0, 0, 0, 0, 0, 0, 0, 4, 0, 0, 0, 0, 0, 0, 0, 0, 0, 0, 0, 0, 0, 0]",1,128,192,3076,895902626,895912769,962860478,962863230,0,704,704,-1,1,10143,2752,16,64,64,3
12,3,"[8, 192, 0, 0, 0, 0, 0, 0, 0, 0, 0, 0, 0, 0, 0, 8, 192, 0, 0, 0, 0, 0, 0, 0, 0, 0, 0, 0, 0, 0]",1,128,192,4608,895994232,896002564,962863934,962866846,0,511,511,-1,1,8332,2912,16,64,64,3
12,3,"[8, 192, 0, 0, 0, 0, 0, 0, 0, 0, 0, 0, 0, 0, 0, 8, 192, 0, 0, 0, 0, 0, 0, 0, 0, 0, 0, 0, 0, 0]",1,128,192,4608,896083187,896091332,962867357,962869821,0,672,672,-1,1,8145,2464,16,64,64,3
16,3,"[8, 384, 192, 3, 3, 0, 0, 0, 0, 0, 0, 0, 0, 0, 0, 4, 0, 0, 0, 0, 0, 0, 0, 0, 0, 0, 0, 0, 0, 0]",1296,128,663552,10616836,896170716,896178951,962870493,962916124,0,640,640,-1,1,8235,45631,16,64,64,3
12,3,"[8, 384, 192, 3, 3, 0, 0, 0, 0, 0, 0, 0, 0, 0, 0, 8, 384, 192, 3, 3, 0, 0, 0, 0, 0, 0, 0, 0, 0, 0]",1296,128,663552,15925248,896258115,896268811,962916764,962987737,0,704,704,-1,1,10696,70973,16,64,64,3
12,3,"[8, 384, 192, 3, 3, 0, 0, 0, 0, 0, 0, 0, 0, 0, 0, 8, 384, 192, 3, 3, 0, 0, 0, 0, 0, 0, 0, 0, 0, 0]",1296,128,663552,15925248,896348508,896357185,962988441,963057398,0,672,672,-1,1,8677,68957,16,64,64,3
16,3,"[8, 384, 0, 0, 0, 0, 0, 0, 0, 0, 0, 0, 0, 0, 0, 4, 0, 0, 0, 0, 0, 0, 0, 0, 0, 0, 0, 0, 0, 0]",1,128,384,6148,896434775,896442902,963058070,963060918,0,608,608,-1,1,8127,2848,16,64,64,3
12,3,"[8, 384, 0, 0, 0, 0, 0, 0, 0, 0, 0, 0, 0, 0, 0, 8, 384, 0, 0, 0, 0, 0, 0, 0, 0, 0, 0, 0, 0, 0]",1,128,384,9216,896521650,896529567,963061526,963064598,0,512,512,-1,1,7917,3072,16,64,64,3
12,3,"[8, 384, 0, 0, 0, 0, 0, 0, 0, 0, 0, 0, 0, 0, 0, 8, 384, 0, 0, 0, 0, 0, 0, 0, 0, 0, 0, 0, 0, 0]",1,128,384,9216,896607028,896614766,963065110,963067702,0,608,608,-1,1,7738,2592,16,64,64,3
16,3,"[8, 256, 384, 3, 3, 0, 0, 0, 0, 0, 0, 0, 0, 0, 0, 4, 0, 0, 0, 0, 0, 0, 0, 0, 0, 0, 0, 0, 0, 0]",1728,128,884736,14155780,896694725,896702687,963068310,963128595,0,513,513,-1,1,7962,60285,16,64,64,3
12,3,"[8, 256, 384, 3, 3, 0, 0, 0, 0, 0, 0, 0, 0, 0, 0, 8, 256, 384, 3, 3, 0, 0, 0, 0, 0, 0, 0, 0, 0, 0]",1728,128,884736,21233664,896780237,896787951,963129108,963221488,0,544,544,-1,1,7714,92380,16,64,64,3
12,3,"[8, 256, 384, 3, 3, 0, 0, 0, 0, 0, 0, 0, 0, 0, 0, 8, 256, 384, 3, 3, 0, 0, 0, 0, 0, 0, 0, 0, 0, 0]",1728,128,884736,21233664,896866799,896874508,963222032,963314349,0,639,639,-1,1,7709,92317,16,64,64,3
16,3,"[8, 256, 0, 0, 0, 0, 0, 0, 0, 0, 0, 0, 0, 0, 0, 4, 0, 0, 0, 0, 0, 0, 0, 0, 0, 0, 0, 0, 0, 0]",1,128,256,4100,896952934,896961054,963314988,963317772,0,672,672,-1,1,8120,2784,16,64,64,3
12,3,"[8, 256, 0, 0, 0, 0, 0, 0, 0, 0, 0, 0, 0, 0, 0, 8, 256, 0, 0, 0, 0, 0, 0, 0, 0, 0, 0, 0, 0, 0]",1,128,256,6144,897040068,897048024,963318444,963321356,0,704,704,-1,1,7956,2912,16,64,64,3
12,3,"[8, 256, 0, 0, 0, 0, 0, 0, 0, 0, 0, 0, 0, 0, 0, 8, 256, 0, 0, 0, 0, 0, 0, 0, 0, 0, 0, 0, 0, 0]",1,128,256,6144,897124371,897132014,963322060,963324524,0,544,544,-1,1,7643,2464,16,64,64,3
16,3,"[8, 256, 256, 3, 3, 0, 0, 0, 0, 0, 0, 0, 0, 0, 0, 4, 0, 0, 0, 0, 0, 0, 0, 0, 0, 0, 0, 0, 0, 0]",1152,128,589824,9437188,897209034,897218959,963325068,963365770,0,576,576,-1,1,9925,40702,16,64,64,3
12,3,"[8, 256, 256, 3, 3, 0, 0, 0, 0, 0, 0, 0, 0, 0, 0, 8, 256, 256, 3, 3, 0, 0, 0, 0, 0, 0, 0, 0, 0, 0]",1152,128,589824,14155776,897297630,897305650,963366346,963429384,0,704,704,-1,1,8020,63038,16,64,64,3
12,3,"[8, 256, 256, 3, 3, 0, 0, 0, 0, 0, 0, 0, 0, 0, 0, 8, 256, 256, 3, 3, 0, 0, 0, 0, 0, 0, 0, 0, 0, 0]",1152,128,589824,14155776,897384410,897391978,963430088,963491174,0,576,576,-1,1,7568,61086,16,64,64,3
16,3,"[8, 256, 0, 0, 0, 0, 0, 0, 0, 0, 0, 0, 0, 0, 0, 4, 0, 0, 0, 0, 0, 0, 0, 0, 0, 0, 0, 0, 0, 0]",1,128,256,4100,897469668,897477856,963491750,963494501,0,641,641,-1,1,8188,2751,16,64,64,3
12,3,"[8, 256, 0, 0, 0, 0, 0, 0, 0, 0, 0, 0, 0, 0, 0, 8, 256, 0, 0, 0, 0, 0, 0, 0, 0, 0, 0, 0, 0, 0]",1,128,256,6144,897555497,897563611,963495142,963497925,0,640,640,-1,1,8114,2783,16,64,64,3
12,3,"[8, 256, 0, 0, 0, 0, 0, 0, 0, 0, 0, 0, 0, 0, 0, 8, 256, 0, 0, 0, 0, 0, 0, 0, 0, 0, 0, 0, 0, 0]",1,128,256,6144,897644768,897652855,963498565,963501061,0,704,704,-1,1,8087,2496,16,64,64,3
16,3,"[8, 4096, 9216, 0, 0, 0, 0, 0, 0, 0, 0, 0, 0, 0, 0, 4, 0, 0, 0, 0, 0, 0, 0, 0, 0, 0, 0, 0, 0, 0]",73728,128,37748736,603979780,897732664,897740712,963501765,966085730,0,608,608,-1,1,8048,2583965,16,64,64,3
12,3,"[8, 4096, 9216, 0, 0, 0, 0, 0, 0, 0, 0, 0, 0, 0, 0, 8, 4096, 9216, 0, 0, 0, 0, 0, 0, 0, 0, 0, 0, 0, 0]",73728,128,37748736,905969664,897820011,897828358,966086338,969983021,0,544,544,-1,1,8347,3896683,16,64,64,3
12,3,"[8, 4096, 9216, 0, 0, 0, 0, 0, 0, 0, 0, 0, 0, 0, 0, 8, 4096, 9216, 0, 0, 0, 0, 0, 0, 0, 0, 0, 0, 0, 0]",73728,128,37748736,905969664,897908014,897916231,969983565,973877655,0,672,672,-1,1,8217,3894090,16,64,64,3
16,3,"[8, 4096, 0, 0, 0, 0, 0, 0, 0, 0, 0, 0, 0, 0, 0, 4, 0, 0, 0, 0, 0, 0, 0, 0, 0, 0, 0, 0, 0, 0]",8,128,4096,65540,897993880,898001784,973878327,973881431,0,672,672,-1,1,7904,3104,16,64,64,3
12,3,"[8, 4096, 0, 0, 0, 0, 0, 0, 0, 0, 0, 0, 0, 0, 0, 8, 4096, 0, 0, 0, 0, 0, 0, 0, 0, 0, 0, 0, 0, 0]",8,128,4096,98304,898079335,898087018,973882103,973884855,0,608,608,-1,1,7683,2752,16,64,64,3
12,3,"[8, 4096, 0, 0, 0, 0, 0, 0, 0, 0, 0, 0, 0, 0, 0, 8, 4096, 0, 0, 0, 0, 0, 0, 0, 0, 0, 0, 0, 0, 0]",8,128,4096,98304,898165411,898174992,973885463,973887895,0,608,608,-1,1,9581,2432,16,64,64,3
16,3,"[8, 4096, 4096, 0, 0, 0, 0, 0, 0, 0, 0, 0, 0, 0, 0, 4, 0, 0, 0, 0, 0, 0, 0, 0, 0, 0, 0, 0, 0, 0]",32768,128,16777216,268435460,898254595,898262687,973888503,975036971,0,672,672,-1,1,8092,1148468,16,64,64,3
12,3,"[8, 4096, 4096, 0, 0, 0, 0, 0, 0, 0, 0, 0, 0, 0, 0, 8, 4096, 4096, 0, 0, 0, 0, 0, 0, 0, 0, 0, 0, 0, 0]",32768,128,16777216,402653184,898340381,898348481,975037643,976770888,0,576,576,-1,1,8100,1733245,16,64,64,3
12,3,"[8, 4096, 4096, 0, 0, 0, 0, 0, 0, 0, 0, 0, 0, 0, 0, 8, 4096, 4096, 0, 0, 0, 0, 0, 0, 0, 0, 0, 0, 0, 0]",32768,128,16777216,402653184,898426468,898434407,976771464,978498950,0,704,704,-1,1,7939,1727486,16,64,64,3
16,3,"[8, 4096, 0, 0, 0, 0, 0, 0, 0, 0, 0, 0, 0, 0, 0, 4, 0, 0, 0, 0, 0, 0, 0, 0, 0, 0, 0, 0, 0, 0]",8,128,4096,65540,898512569,898520354,978499654,978502566,0,544,544,-1,1,7785,2912,16,64,64,3
12,3,"[8, 4096, 0, 0, 0, 0, 0, 0, 0, 0, 0, 0, 0, 0, 0, 8, 4096, 0, 0, 0, 0, 0, 0, 0, 0, 0, 0, 0, 0, 0]",8,128,4096,98304,898596537,898604549,978503110,978505926,0,640,640,-1,1,8012,2816,16,64,64,3
12,3,"[8, 4096, 0, 0, 0, 0, 0, 0, 0, 0, 0, 0, 0, 0, 0, 8, 4096, 0, 0, 0, 0, 0, 0, 0, 0, 0, 0, 0, 0, 0]",8,128,4096,98304,898682438,898690281,978506566,978509126,0,576,576,-1,1,7843,2560,16,64,64,3
16,3,"[8, 617, 4096, 0, 0, 0, 0, 0, 0, 0, 0, 0, 0, 0, 0, 4, 0, 0, 0, 0, 0, 0, 0, 0, 0, 0, 0, 0, 0, 0]",4936,128,2527232,40435716,898767026,898774709,978509702,978681759,0,704,704,-1,1,7683,172057,16,64,64,3
12,3,"[8, 617, 4096, 0, 0, 0, 0, 0, 0, 0, 0, 0, 0, 0, 0, 8, 617, 4096, 0, 0, 0, 0, 0, 0, 0, 0, 0, 0, 0, 0]",4936,128,2527232,60653568,898850974,898858968,978682463,978944469,0,576,576,-1,1,7994,262006,16,64,64,3
12,3,"[8, 617, 4096, 0, 0, 0, 0, 0, 0, 0, 0, 0, 0, 0, 0, 8, 617, 4096, 0, 0, 0, 0, 0, 0, 0, 0, 0, 0, 0, 0]",4936,128,2527232,60653568,898935509,898943214,978945045,979205003,0,608,608,-1,1,7705,259958,16,64,64,3
16,3,"[8, 617, 0, 0, 0, 0, 0, 0, 0, 0, 0, 0, 0, 0, 0, 4, 0, 0, 0, 0, 0, 0, 0, 0, 0, 0, 0, 0, 0, 0]",2,128,617,9876,899021084,899029067,979205611,979208523,0,672,672,-1,1,7983,2912,16,64,64,3
12,3,"[8, 617, 0, 0, 0, 0, 0, 0, 0, 0, 0, 0, 0, 0, 0, 8, 617, 0, 0, 0, 0, 0, 0, 0, 0, 0, 0, 0, 0, 0]",2,128,617,14808,899105475,899115205,979209195,979211915,0,640,640,-1,1,9730,2720,16,64,64,3
12,3,"[8, 617, 0, 0, 0, 0, 0, 0, 0, 0, 0, 0, 0, 0, 0, 8, 617, 0, 0, 0, 0, 0, 0, 0, 0, 0, 0, 0, 0, 0]",2,128,617,14808,899193568,899201407,979212555,979214987,0,0,0,-1,1,7839,2432,16,64,64,3
