op,dir,params,grid,block,flops,bytes,rStartTime,rEndTime,kStartTime,kEndTime,staticSharedMemory,space,space1,seq,kernels,rduration,kduration,batch,h,w,input_type
203,1,"[96, 3, 64, 64, 128, 16, 16, 4, 4, 0, 0, 4, 4, 1, 1, 1, 8, 0, 0, 0, 0, 0, 0, 0, 0, 0, 0, 0, 0, 0]",12288,256,0.0,0.0,22053653559,22053717340,22078362787,22080014857,10496,1535,768,1144172,2,31197,1651303,96,64,64,3
0,1,"[8, 96, 16, 16, 128, 0, 0, 0, 0, 0, 8, 128, 0, 0, 0, 0, 0, 0, 0, 0, 8, 128, 0, 0, 0, 0, 0, 0, 0, 0]",24576,512,0.0,0.0,22054113890,22054175629,22080015625,22084441669,1024,2176,736,1144174,3,29683,4424604,96,64,64,3
203,1,"[96, 128, 16, 16, 128, 16, 16, 7, 7, 3, 3, 1, 1, 1, 1, 128, 8, 0, 0, 0, 0, 0, 0, 0, 0, 0, 0, 0, 0, 0]",12288,1024,0.0,0.0,22054502281,22054550153,22084442405,22086215626,0,1504,736,1144176,2,22831,1772453,96,64,64,3
0,1,"[8, 96, 16, 16, 128, 0, 0, 0, 0, 0, 8, 128, 0, 0, 0, 0, 0, 0, 0, 0, 8, 128, 0, 0, 0, 0, 0, 0, 0, 0]",24576,512,0.0,0.0,22054947923,22055005682,22086216362,22090643205,1024,2177,608,1144178,3,26759,4425274,96,64,64,3
201,1,"[8, 96, 16, 16, 128, 0, 0, 0, 0, 0, 8, 512, 128, 0, 0, 0, 0, 0, 0, 0, 8, 512, 0, 0, 0, 0, 0, 0, 0, 0]",1536,128,3221225472.0,37814272.0,22055226287,22055239582,22090643813,22105047367,25600,1056,1056,1144179,1,13295,14403554,96,64,64,3
201,1,"[8, 96, 16, 16, 128, 0, 0, 0, 0, 0, 8, 512, 128, 0, 0, 0, 0, 0, 0, 0, 8, 512, 0, 0, 0, 0, 0, 0, 0, 0]",49152,128,12582912.0,201326592.0,22055267804,22055275528,22105048423,22105871579,0,607,607,1144183,1,7724,823156,96,64,64,3
166,1,"[8, 96, 16, 16, 512, 0, 0, 0, 0, 0, 0, 0, 0, 0, 0, 0, 0, 0, 0, 0, 0, 0, 0, 0, 0, 0, 0, 0, 0, 0]",24576,128,0.0,0.0,22055440661,22055451885,22105872186,22112056187,0,672,672,1144184,1,11224,6184001,96,64,64,3
201,1,"[8, 96, 16, 16, 512, 0, 0, 0, 0, 0, 8, 128, 512, 0, 0, 0, 0, 0, 0, 0, 8, 128, 0, 0, 0, 0, 0, 0, 0, 0]",384,128,3221225472.0,103874560.0,22055616898,22055627904,22112056859,22126172514,25600,735,735,1144185,1,11006,14115655,96,64,64,3
201,1,"[8, 96, 16, 16, 512, 0, 0, 0, 0, 0, 8, 128, 512, 0, 0, 0, 0, 0, 0, 0, 8, 128, 0, 0, 0, 0, 0, 0, 0, 0]",12288,128,3145728.0,50331648.0,22055652043,22055658872,22126173249,22126379390,0,704,704,1144189,1,6829,206141,96,64,64,3
23,1,"[8, 128, 1, 1, 0, 0, 0, 0, 0, 0, 0, 0, 0, 0, 0, 8, 96, 128, 16, 16, 0, 0, 0, 0, 0, 0, 0, 0, 0, 0]",12288,128,3145728.0,50332672.0,22055890610,22055902557,22126380094,22126590587,0,576,576,1144191,1,11947,210493,96,64,64,3
35,1,"[8, 96, 128, 16, 16, 0, 0, 0, 0, 0, 0, 0, 0, 0, 0, 8, 96, 128, 16, 16, 0, 0, 0, 0, 0, 0, 0, 0, 0, 0]",6144,128,3145728.0,75497472.0,22056156535,22056170907,22126591163,22126916118,0,736,736,1144192,1,14372,324955,96,64,64,3
203,1,"[96, 128, 16, 16, 128, 16, 16, 7, 7, 3, 3, 1, 1, 1, 1, 128, 8, 0, 0, 0, 0, 0, 0, 0, 0, 0, 0, 0, 0, 0]",12288,1024,0.0,0.0,22056371642,22056413826,22126916854,22128626844,0,1343,639,1144193,2,20385,1709286,96,64,64,3
0,1,"[8, 96, 16, 16, 128, 0, 0, 0, 0, 0, 8, 128, 0, 0, 0, 0, 0, 0, 0, 0, 8, 128, 0, 0, 0, 0, 0, 0, 0, 0]",24576,512,0.0,0.0,22056788761,22056844186,22128627483,22132807867,1024,1856,672,1144195,3,25817,4179200,96,64,64,3
201,1,"[8, 96, 16, 16, 128, 0, 0, 0, 0, 0, 8, 512, 128, 0, 0, 0, 0, 0, 0, 0, 8, 512, 0, 0, 0, 0, 0, 0, 0, 0]",1536,128,3221225472.0,37814272.0,22057034298,22057046269,22132808539,22146236396,25600,736,736,1144196,1,11971,13427857,96,64,64,3
201,1,"[8, 96, 16, 16, 128, 0, 0, 0, 0, 0, 8, 512, 128, 0, 0, 0, 0, 0, 0, 0, 8, 512, 0, 0, 0, 0, 0, 0, 0, 0]",49152,128,12582912.0,201326592.0,22057073986,22057081299,22146237132,22147064127,0,897,897,1144200,1,7313,826995,96,64,64,3
166,1,"[8, 96, 16, 16, 512, 0, 0, 0, 0, 0, 0, 0, 0, 0, 0, 0, 0, 0, 0, 0, 0, 0, 0, 0, 0, 0, 0, 0, 0, 0]",24576,128,0.0,0.0,22057217746,22057227756,22147065024,22152888038,0,639,639,1144201,1,10010,5823014,96,64,64,3
201,1,"[8, 96, 16, 16, 512, 0, 0, 0, 0, 0, 8, 128, 512, 0, 0, 0, 0, 0, 0, 0, 8, 128, 0, 0, 0, 0, 0, 0, 0, 0]",384,128,3221225472.0,103874560.0,22057390921,22057401347,22152888677,22166457332,25600,673,673,1144202,1,10426,13568655,96,64,64,3
201,1,"[8, 96, 16, 16, 512, 0, 0, 0, 0, 0, 8, 128, 512, 0, 0, 0, 0, 0, 0, 0, 8, 128, 0, 0, 0, 0, 0, 0, 0, 0]",12288,128,3145728.0,50331648.0,22057426691,22057433877,22166458005,22166664209,0,640,640,1144206,1,7186,206204,96,64,64,3
23,1,"[8, 128, 1, 1, 0, 0, 0, 0, 0, 0, 0, 0, 0, 0, 0, 8, 96, 128, 16, 16, 0, 0, 0, 0, 0, 0, 0, 0, 0, 0]",12288,128,3145728.0,50332672.0,22057662083,22057674634,22166664849,22166874478,0,608,608,1144208,1,12551,209629,96,64,64,3
234,1,"[8, 96, 1, 1, 1, 0, 0, 0, 0, 0, 0, 0, 0, 0, 0, 0, 0, 0, 0, 0, 0, 0, 0, 0, 0, 0, 0, 0, 0, 0]",12288,256,3145728.0,50332416.0,22057843794,22058097240,22166875086,22167093706,0,1888,704,1144209,3,34324,217436,96,64,64,3
35,1,"[8, 96, 128, 16, 16, 0, 0, 0, 0, 0, 0, 0, 0, 0, 0, 8, 96, 128, 16, 16, 0, 0, 0, 0, 0, 0, 0, 0, 0, 0]",6144,128,3145728.0,75497472.0,22058196241,22058205271,22167094410,22167422277,0,704,704,1144210,1,9030,327867,96,64,64,3
203,1,"[96, 128, 16, 16, 128, 16, 16, 7, 7, 3, 3, 1, 1, 1, 1, 128, 8, 0, 0, 0, 0, 0, 0, 0, 0, 0, 0, 0, 0, 0]",12288,1024,0.0,0.0,22058382826,22058422348,22167422981,22169077004,0,1216,544,1144211,2,18340,1653351,96,64,64,3
0,1,"[8, 96, 16, 16, 128, 0, 0, 0, 0, 0, 8, 128, 0, 0, 0, 0, 0, 0, 0, 0, 8, 128, 0, 0, 0, 0, 0, 0, 0, 0]",24576,512,0.0,0.0,22058797644,22058849699,22169077548,22173173325,1024,1889,672,1144213,3,25953,4094560,96,64,64,3
201,1,"[8, 96, 16, 16, 128, 0, 0, 0, 0, 0, 8, 512, 128, 0, 0, 0, 0, 0, 0, 0, 8, 512, 0, 0, 0, 0, 0, 0, 0, 0]",1536,128,3221225472.0,37814272.0,22059039559,22059051310,22173173997,22186362049,25600,736,736,1144214,1,11751,13188052,96,64,64,3
201,1,"[8, 96, 16, 16, 128, 0, 0, 0, 0, 0, 8, 512, 128, 0, 0, 0, 0, 0, 0, 0, 8, 512, 0, 0, 0, 0, 0, 0, 0, 0]",49152,128,12582912.0,201326592.0,22059075893,22059082879,22186362785,22187190261,0,672,672,1144218,1,6986,827476,96,64,64,3
166,1,"[8, 96, 16, 16, 512, 0, 0, 0, 0, 0, 0, 0, 0, 0, 0, 0, 0, 0, 0, 0, 0, 0, 0, 0, 0, 0, 0, 0, 0, 0]",24576,128,0.0,0.0,22059218196,22059228211,22187190933,22192934684,0,672,672,1144219,1,10015,5743751,96,64,64,3
201,1,"[8, 96, 16, 16, 512, 0, 0, 0, 0, 0, 8, 128, 512, 0, 0, 0, 0, 0, 0, 0, 8, 128, 0, 0, 0, 0, 0, 0, 0, 0]",384,128,3221225472.0,103874560.0,22059391312,22059402096,22192935356,22206367853,25600,768,768,1144220,1,10784,13432497,96,64,64,3
201,1,"[8, 96, 16, 16, 512, 0, 0, 0, 0, 0, 8, 128, 512, 0, 0, 0, 0, 0, 0, 0, 8, 128, 0, 0, 0, 0, 0, 0, 0, 0]",12288,128,3145728.0,50331648.0,22059425655,22059432923,22206368621,22206574954,0,640,640,1144224,1,7268,206333,96,64,64,3
23,1,"[8, 128, 1, 1, 0, 0, 0, 0, 0, 0, 0, 0, 0, 0, 0, 8, 96, 128, 16, 16, 0, 0, 0, 0, 0, 0, 0, 0, 0, 0]",12288,128,3145728.0,50332672.0,22059657694,22059669362,22206575594,22206786630,0,672,672,1144226,1,11668,211036,96,64,64,3
234,1,"[8, 96, 1, 1, 1, 0, 0, 0, 0, 0, 0, 0, 0, 0, 0, 0, 0, 0, 0, 0, 0, 0, 0, 0, 0, 0, 0, 0, 0, 0]",12288,256,3145728.0,50332416.0,22059820660,22060067825,22206787302,22207006307,0,1855,640,1144227,3,30533,217790,96,64,64,3
35,1,"[8, 96, 128, 16, 16, 0, 0, 0, 0, 0, 0, 0, 0, 0, 0, 8, 96, 128, 16, 16, 0, 0, 0, 0, 0, 0, 0, 0, 0, 0]",6144,128,3145728.0,75497472.0,22060166876,22060182944,22207006947,22207333470,0,640,640,1144228,1,16068,326523,96,64,64,3
0,1,"[8, 96, 16, 16, 128, 0, 0, 0, 0, 0, 8, 128, 0, 0, 0, 0, 0, 0, 0, 0, 8, 128, 0, 0, 0, 0, 0, 0, 0, 0]",24576,512,0.0,0.0,22060509814,22060529238,22207334110,22211193154,1024,1280,609,1144230,2,18474,3858373,96,64,64,3
203,1,"[96, 128, 16, 16, 256, 8, 8, 2, 2, 0, 0, 2, 2, 1, 1, 1, 8, 0, 0, 0, 0, 0, 0, 0, 0, 0, 0, 0, 0, 0]",12288,256,0.0,0.0,22060787276,22060960982,22211193763,22218326421,18688,2303,671,1144232,3,34206,7131026,96,64,64,3
203,1,"[96, 256, 8, 8, 256, 8, 8, 7, 7, 3, 3, 1, 1, 1, 1, 256, 8, 0, 0, 0, 0, 0, 0, 0, 0, 0, 0, 0, 0, 0]",1536,1024,0.0,0.0,22061169389,22061182084,22218327092,22219066281,0,576,576,1144233,1,12695,739189,96,64,64,3
0,1,"[8, 96, 8, 8, 256, 0, 0, 0, 0, 0, 8, 256, 0, 0, 0, 0, 0, 0, 0, 0, 8, 256, 0, 0, 0, 0, 0, 0, 0, 0]",6144,512,0.0,0.0,22061549306,22061601016,22219066857,22220789903,1024,1920,704,1144235,3,24937,1721830,96,64,64,3
201,1,"[8, 96, 8, 8, 256, 0, 0, 0, 0, 0, 8, 1024, 256, 0, 0, 0, 0, 0, 0, 0, 8, 1024, 0, 0, 0, 0, 0, 0, 0, 0]",768,128,3221225472.0,19136512.0,22061788104,22061799668,22220790607,22234215200,25600,1024,1024,1144236,1,11564,13424593,96,64,64,3
201,1,"[8, 96, 8, 8, 256, 0, 0, 0, 0, 0, 8, 1024, 256, 0, 0, 0, 0, 0, 0, 0, 8, 1024, 0, 0, 0, 0, 0, 0, 0, 0]",24576,128,6291456.0,100663296.0,22061823723,22061830800,22234216224,22234631385,0,608,608,1144240,1,7077,415161,96,64,64,3
166,1,"[8, 96, 8, 8, 1024, 0, 0, 0, 0, 0, 0, 0, 0, 0, 0, 0, 0, 0, 0, 0, 0, 0, 0, 0, 0, 0, 0, 0, 0, 0]",12288,128,0.0,0.0,22062101263,22062113764,22234631993,22237511565,0,832,832,1144241,1,12501,2879572,96,64,64,3
201,1,"[8, 96, 8, 8, 1024, 0, 0, 0, 0, 0, 8, 256, 1024, 0, 0, 0, 0, 0, 0, 0, 8, 256, 0, 0, 0, 0, 0, 0, 0, 0]",192,128,3221225472.0,52166656.0,22062293559,22062305686,22237512397,22250938526,25600,672,672,1144242,1,12127,13426129,96,64,64,3
201,1,"[8, 96, 8, 8, 1024, 0, 0, 0, 0, 0, 8, 256, 1024, 0, 0, 0, 0, 0, 0, 0, 8, 256, 0, 0, 0, 0, 0, 0, 0, 0]",6144,128,1572864.0,25165824.0,22062329789,22062336981,22250939198,22251045532,0,608,608,1144246,1,7192,106334,96,64,64,3
23,1,"[8, 256, 1, 1, 0, 0, 0, 0, 0, 0, 0, 0, 0, 0, 0, 8, 96, 256, 8, 8, 0, 0, 0, 0, 0, 0, 0, 0, 0, 0]",6144,128,1572864.0,25167872.0,22062563636,22062575387,22251046140,22251153114,0,608,608,1144248,1,11751,106974,96,64,64,3
234,1,"[8, 96, 1, 1, 1, 0, 0, 0, 0, 0, 0, 0, 0, 0, 0, 0, 0, 0, 0, 0, 0, 0, 0, 0, 0, 0, 0, 0, 0, 0]",6144,256,1572864.0,25166592.0,22062726499,22062970147,22251153722,22251265977,0,1792,576,1144249,3,30462,111039,96,64,64,3
35,1,"[8, 96, 256, 8, 8, 0, 0, 0, 0, 0, 0, 0, 0, 0, 0, 8, 96, 256, 8, 8, 0, 0, 0, 0, 0, 0, 0, 0, 0, 0]",6144,128,1572864.0,37748736.0,22063067817,22063076740,22251266553,22251428182,0,544,544,1144250,1,8923,161629,96,64,64,3
203,1,"[96, 256, 8, 8, 256, 8, 8, 7, 7, 3, 3, 1, 1, 1, 1, 256, 8, 0, 0, 0, 0, 0, 0, 0, 0, 0, 0, 0, 0, 0]",6144,1024,0.0,0.0,22063247310,22063287244,22251428726,22252270953,0,1215,576,1144251,2,20143,841588,96,64,64,3
0,1,"[8, 96, 8, 8, 256, 0, 0, 0, 0, 0, 8, 256, 0, 0, 0, 0, 0, 0, 0, 0, 8, 256, 0, 0, 0, 0, 0, 0, 0, 0]",6144,512,0.0,0.0,22063664511,22063714390,22252271529,22253979311,1024,1728,544,1144253,3,25138,1706598,96,64,64,3
201,1,"[8, 96, 8, 8, 256, 0, 0, 0, 0, 0, 8, 1024, 256, 0, 0, 0, 0, 0, 0, 0, 8, 1024, 0, 0, 0, 0, 0, 0, 0, 0]",768,128,3221225472.0,19136512.0,22063899784,22063911378,22253979855,22267281506,25600,672,672,1144254,1,11594,13301651,96,64,64,3
201,1,"[8, 96, 8, 8, 256, 0, 0, 0, 0, 0, 8, 1024, 256, 0, 0, 0, 0, 0, 0, 0, 8, 1024, 0, 0, 0, 0, 0, 0, 0, 0]",24576,128,6291456.0,100663296.0,22063935772,22063942988,22267282178,22267697339,0,608,608,1144258,1,7216,415161,96,64,64,3
166,1,"[8, 96, 8, 8, 1024, 0, 0, 0, 0, 0, 0, 0, 0, 0, 0, 0, 0, 0, 0, 0, 0, 0, 0, 0, 0, 0, 0, 0, 0, 0]",12288,128,0.0,0.0,22064077296,22064087392,22267697947,22270548111,0,640,640,1144259,1,10096,2850164,96,64,64,3
201,1,"[8, 96, 8, 8, 1024, 0, 0, 0, 0, 0, 8, 256, 1024, 0, 0, 0, 0, 0, 0, 0, 8, 256, 0, 0, 0, 0, 0, 0, 0, 0]",192,128,3221225472.0,52166656.0,22064257941,22064268791,22270548751,22283847202,25600,736,736,1144260,1,10850,13298451,96,64,64,3
201,1,"[8, 96, 8, 8, 1024, 0, 0, 0, 0, 0, 8, 256, 1024, 0, 0, 0, 0, 0, 0, 0, 8, 256, 0, 0, 0, 0, 0, 0, 0, 0]",6144,128,1572864.0,25165824.0,22064291966,22064299182,22283847938,22283953953,0,640,640,1144264,1,7216,106015,96,64,64,3
23,1,"[8, 256, 1, 1, 0, 0, 0, 0, 0, 0, 0, 0, 0, 0, 0, 8, 96, 256, 8, 8, 0, 0, 0, 0, 0, 0, 0, 0, 0, 0]",6144,128,1572864.0,25167872.0,22064523238,22064535123,22283954593,22284060799,0,704,704,1144266,1,11885,106206,96,64,64,3
234,1,"[8, 96, 1, 1, 1, 0, 0, 0, 0, 0, 0, 0, 0, 0, 0, 0, 0, 0, 0, 0, 0, 0, 0, 0, 0, 0, 0, 0, 0, 0]",6144,256,1572864.0,25166592.0,22064684572,22064928024,22284061503,22284174205,0,1888,576,1144267,3,30146,111390,96,64,64,3
35,1,"[8, 96, 256, 8, 8, 0, 0, 0, 0, 0, 0, 0, 0, 0, 0, 8, 96, 256, 8, 8, 0, 0, 0, 0, 0, 0, 0, 0, 0, 0]",3072,128,1572864.0,37748736.0,22065028906,22065038158,22284174781,22284338555,0,640,640,1144268,1,9252,163774,96,64,64,3
203,1,"[96, 256, 8, 8, 256, 8, 8, 7, 7, 3, 3, 1, 1, 1, 1, 256, 8, 0, 0, 0, 0, 0, 0, 0, 0, 0, 0, 0, 0, 0]",6144,1024,0.0,0.0,22065213818,22065251154,22284339195,22285180014,0,1312,608,1144269,2,17844,840115,96,64,64,3
0,1,"[8, 96, 8, 8, 256, 0, 0, 0, 0, 0, 8, 256, 0, 0, 0, 0, 0, 0, 0, 0, 8, 256, 0, 0, 0, 0, 0, 0, 0, 0]",6144,512,0.0,0.0,22065623960,22065673367,22285180622,22286888756,1024,2111,735,1144271,3,24978,1706758,96,64,64,3
201,1,"[8, 96, 8, 8, 256, 0, 0, 0, 0, 0, 8, 1024, 256, 0, 0, 0, 0, 0, 0, 0, 8, 1024, 0, 0, 0, 0, 0, 0, 0, 0]",768,128,3221225472.0,19136512.0,22065858509,22065870045,22286889491,22300189254,25600,672,672,1144272,1,11536,13299763,96,64,64,3
201,1,"[8, 96, 8, 8, 256, 0, 0, 0, 0, 0, 8, 1024, 256, 0, 0, 0, 0, 0, 0, 0, 8, 1024, 0, 0, 0, 0, 0, 0, 0, 0]",24576,128,6291456.0,100663296.0,22065894192,22065902843,22300189926,22300604608,0,640,640,1144276,1,8651,414682,96,64,64,3
166,1,"[8, 96, 8, 8, 1024, 0, 0, 0, 0, 0, 0, 0, 0, 0, 0, 0, 0, 0, 0, 0, 0, 0, 0, 0, 0, 0, 0, 0, 0, 0]",12288,128,0.0,0.0,22066037721,22066047687,22300605248,22303454740,0,608,608,1144277,1,9966,2849492,96,64,64,3
201,1,"[8, 96, 8, 8, 1024, 0, 0, 0, 0, 0, 8, 256, 1024, 0, 0, 0, 0, 0, 0, 0, 8, 256, 0, 0, 0, 0, 0, 0, 0, 0]",192,128,3221225472.0,52166656.0,22066208957,22066219393,22303455348,22316752711,25600,608,608,1144278,1,10436,13297363,96,64,64,3
201,1,"[8, 96, 8, 8, 1024, 0, 0, 0, 0, 0, 8, 256, 1024, 0, 0, 0, 0, 0, 0, 0, 8, 256, 0, 0, 0, 0, 0, 0, 0, 0]",6144,128,1572864.0,25165824.0,22066241721,22066248621,22316753319,22316859301,0,672,672,1144282,1,6900,105982,96,64,64,3
23,1,"[8, 256, 1, 1, 0, 0, 0, 0, 0, 0, 0, 0, 0, 0, 0, 8, 96, 256, 8, 8, 0, 0, 0, 0, 0, 0, 0, 0, 0, 0]",6144,128,1572864.0,25167872.0,22066477045,22066488761,22316859973,22316966819,0,673,673,1144284,1,11716,106846,96,64,64,3
234,1,"[8, 96, 1, 1, 1, 0, 0, 0, 0, 0, 0, 0, 0, 0, 0, 0, 0, 0, 0, 0, 0, 0, 0, 0, 0, 0, 0, 0, 0, 0]",6144,256,1572864.0,25166592.0,22066636429,22066875400,22316967492,22317080418,0,1854,672,1144285,3,29737,111744,96,64,64,3
35,1,"[8, 96, 256, 8, 8, 0, 0, 0, 0, 0, 0, 0, 0, 0, 0, 8, 96, 256, 8, 8, 0, 0, 0, 0, 0, 0, 0, 0, 0, 0]",3072,128,1572864.0,37748736.0,22066971678,22066983147,22317081090,22317244575,0,608,608,1144286,1,11469,163485,96,64,64,3
0,1,"[8, 96, 8, 8, 256, 0, 0, 0, 0, 0, 8, 256, 0, 0, 0, 0, 0, 0, 0, 0, 8, 256, 0, 0, 0, 0, 0, 0, 0, 0]",6144,512,0.0,0.0,22067306589,22067326255,22317245183,22318841511,1024,1248,640,1144288,2,18640,1595720,96,64,64,3
203,1,"[96, 256, 8, 8, 512, 4, 4, 2, 2, 0, 0, 2, 2, 1, 1, 1, 8, 0, 0, 0, 0, 0, 0, 0, 0, 0, 0, 0, 0, 0]",6144,256,0.0,0.0,22067589116,22067756886,22318842151,22327020521,18688,2240,576,1144290,3,31237,8176706,96,64,64,3
203,1,"[96, 512, 4, 4, 512, 4, 4, 7, 7, 3, 3, 1, 1, 1, 1, 512, 8, 0, 0, 0, 0, 0, 0, 0, 0, 0, 0, 0, 0, 0]",768,1024,0.0,0.0,22068100870,22068116429,22327021097,22327401315,0,576,576,1144291,1,15559,380218,96,64,64,3
0,1,"[8, 96, 4, 4, 512, 0, 0, 0, 0, 0, 8, 512, 0, 0, 0, 0, 0, 0, 0, 0, 8, 512, 0, 0, 0, 0, 0, 0, 0, 0]",3072,512,0.0,0.0,22068498770,22068550986,22327401891,22328171863,1024,1951,736,1144293,3,26411,768757,96,64,64,3
201,1,"[8, 96, 4, 4, 512, 0, 0, 0, 0, 0, 8, 2048, 512, 0, 0, 0, 0, 0, 0, 0, 8, 2048, 0, 0, 0, 0, 0, 0, 0, 0]",384,128,3221225472.0,10485760.0,22068739744,22068750984,22328172599,22341469674,25600,736,736,1144294,1,11240,13297075,96,64,64,3
201,1,"[8, 96, 4, 4, 512, 0, 0, 0, 0, 0, 8, 2048, 512, 0, 0, 0, 0, 0, 0, 0, 8, 2048, 0, 0, 0, 0, 0, 0, 0, 0]",12288,128,3145728.0,50331648.0,22068778998,22068786378,22341470410,22341677127,0,704,704,1144298,1,7380,206717,96,64,64,3
166,1,"[8, 96, 4, 4, 2048, 0, 0, 0, 0, 0, 0, 0, 0, 0, 0, 0, 0, 0, 0, 0, 0, 0, 0, 0, 0, 0, 0, 0, 0, 0]",6144,128,0.0,0.0,22068920919,22068930425,22341677831,22343106896,0,609,609,1144299,1,9506,1429065,96,64,64,3
201,1,"[8, 96, 4, 4, 2048, 0, 0, 0, 0, 0, 8, 512, 2048, 0, 0, 0, 0, 0, 0, 0, 8, 512, 0, 0, 0, 0, 0, 0, 0, 0]",96,128,3221225472.0,27000832.0,22069093444,22069104791,22343107505,22359006524,25600,735,735,1144300,1,11347,15899019,96,64,64,3
201,1,"[8, 96, 4, 4, 2048, 0, 0, 0, 0, 0, 8, 512, 2048, 0, 0, 0, 0, 0, 0, 0, 8, 512, 0, 0, 0, 0, 0, 0, 0, 0]",3072,128,786432.0,12582912.0,22069129071,22069136226,22359007259,22359057243,0,736,736,1144304,1,7155,49984,96,64,64,3
23,1,"[8, 512, 1, 1, 0, 0, 0, 0, 0, 0, 0, 0, 0, 0, 0, 8, 96, 512, 4, 4, 0, 0, 0, 0, 0, 0, 0, 0, 0, 0]",3072,128,786432.0,12587008.0,22069359489,22069371033,22359057979,22359113689,0,609,609,1144306,1,11544,55710,96,64,64,3
234,1,"[8, 96, 1, 1, 1, 0, 0, 0, 0, 0, 0, 0, 0, 0, 0, 0, 0, 0, 0, 0, 0, 0, 0, 0, 0, 0, 0, 0, 0, 0]",3072,256,786432.0,12583680.0,22069518861,22069757013,22359114298,22359175513,0,1826,672,1144307,3,29653,60061,96,64,64,3
35,1,"[8, 96, 512, 4, 4, 0, 0, 0, 0, 0, 0, 0, 0, 0, 0, 8, 96, 512, 4, 4, 0, 0, 0, 0, 0, 0, 0, 0, 0, 0]",3072,128,786432.0,18874368.0,22069853535,22069862361,22359176185,22359258264,0,607,607,1144308,1,8826,82079,96,64,64,3
203,1,"[96, 512, 4, 4, 512, 4, 4, 7, 7, 3, 3, 1, 1, 1, 1, 512, 8, 0, 0, 0, 0, 0, 0, 0, 0, 0, 0, 0, 0, 0]",3072,1024,0.0,0.0,22070037919,22070078247,22359258871,22359695665,0,1280,704,1144309,2,18880,436218,96,64,64,3
0,1,"[8, 96, 4, 4, 512, 0, 0, 0, 0, 0, 8, 512, 0, 0, 0, 0, 0, 0, 0, 0, 8, 512, 0, 0, 0, 0, 0, 0, 0, 0]",3072,512,0.0,0.0,22070448212,22070497669,22359696369,22360465477,1024,1855,608,1144311,3,24785,767861,96,64,64,3
201,1,"[8, 96, 4, 4, 512, 0, 0, 0, 0, 0, 8, 2048, 512, 0, 0, 0, 0, 0, 0, 0, 8, 2048, 0, 0, 0, 0, 0, 0, 0, 0]",384,128,3221225472.0,10485760.0,22070680002,22070691873,22360466085,22373760056,25600,736,736,1144312,1,11871,13293971,96,64,64,3
201,1,"[8, 96, 4, 4, 512, 0, 0, 0, 0, 0, 8, 2048, 512, 0, 0, 0, 0, 0, 0, 0, 8, 2048, 0, 0, 0, 0, 0, 0, 0, 0]",12288,128,3145728.0,50331648.0,22070716288,22070723213,22373760792,22373967540,0,704,704,1144316,1,6925,206748,96,64,64,3
166,1,"[8, 96, 4, 4, 2048, 0, 0, 0, 0, 0, 0, 0, 0, 0, 0, 0, 0, 0, 0, 0, 0, 0, 0, 0, 0, 0, 0, 0, 0, 0]",6144,128,0.0,0.0,22070856719,22070866655,22373968244,22375397087,0,736,736,1144317,1,9936,1428843,96,64,64,3
201,1,"[8, 96, 4, 4, 2048, 0, 0, 0, 0, 0, 8, 512, 2048, 0, 0, 0, 0, 0, 0, 0, 8, 512, 0, 0, 0, 0, 0, 0, 0, 0]",96,128,3221225472.0,27000832.0,22071030765,22071041455,22375397823,22391286570,25600,736,736,1144318,1,10690,15888747,96,64,64,3
201,1,"[8, 96, 4, 4, 2048, 0, 0, 0, 0, 0, 8, 512, 2048, 0, 0, 0, 0, 0, 0, 0, 8, 512, 0, 0, 0, 0, 0, 0, 0, 0]",3072,128,786432.0,12582912.0,22071064924,22071071676,22391287306,22391337129,0,672,672,1144322,1,6752,49823,96,64,64,3
23,1,"[8, 512, 1, 1, 0, 0, 0, 0, 0, 0, 0, 0, 0, 0, 0, 8, 96, 512, 4, 4, 0, 0, 0, 0, 0, 0, 0, 0, 0, 0]",3072,128,786432.0,12587008.0,22071301584,22071313708,22391337801,22391393352,0,704,704,1144324,1,12124,55551,96,64,64,3
234,1,"[8, 96, 1, 1, 1, 0, 0, 0, 0, 0, 0, 0, 0, 0, 0, 0, 0, 0, 0, 0, 0, 0, 0, 0, 0, 0, 0, 0, 0, 0]",3072,256,786432.0,12583680.0,22071462546,22071703067,22391394056,22391454727,0,1920,672,1144325,3,30735,59423,96,64,64,3
35,1,"[8, 96, 512, 4, 4, 0, 0, 0, 0, 0, 0, 0, 0, 0, 0, 8, 96, 512, 4, 4, 0, 0, 0, 0, 0, 0, 0, 0, 0, 0]",1536,128,786432.0,18874368.0,22071798904,22071807622,22391455399,22391538886,0,672,672,1144326,1,8718,83487,96,64,64,3
203,1,"[96, 512, 4, 4, 512, 4, 4, 7, 7, 3, 3, 1, 1, 1, 1, 512, 8, 0, 0, 0, 0, 0, 0, 0, 0, 0, 0, 0, 0, 0]",3072,1024,0.0,0.0,22071979486,22072020503,22391539558,22391975903,0,1280,672,1144327,2,17882,435737,96,64,64,3
0,1,"[8, 96, 4, 4, 512, 0, 0, 0, 0, 0, 8, 512, 0, 0, 0, 0, 0, 0, 0, 0, 8, 512, 0, 0, 0, 0, 0, 0, 0, 0]",3072,512,0.0,0.0,22072397528,22072448526,22391976575,22392745683,1024,1824,544,1144329,3,25293,767828,96,64,64,3
201,1,"[8, 96, 4, 4, 512, 0, 0, 0, 0, 0, 8, 2048, 512, 0, 0, 0, 0, 0, 0, 0, 8, 2048, 0, 0, 0, 0, 0, 0, 0, 0]",384,128,3221225472.0,10485760.0,22072631629,22072642585,22392746227,22406039302,25600,736,736,1144330,1,10956,13293075,96,64,64,3
201,1,"[8, 96, 4, 4, 512, 0, 0, 0, 0, 0, 8, 2048, 512, 0, 0, 0, 0, 0, 0, 0, 8, 2048, 0, 0, 0, 0, 0, 0, 0, 0]",12288,128,3145728.0,50331648.0,22072666587,22072673721,22406040038,22406246915,0,672,672,1144334,1,7134,206877,96,64,64,3
166,1,"[8, 96, 4, 4, 2048, 0, 0, 0, 0, 0, 0, 0, 0, 0, 0, 0, 0, 0, 0, 0, 0, 0, 0, 0, 0, 0, 0, 0, 0, 0]",6144,128,0.0,0.0,22072807051,22072819038,22406247587,22407675885,0,608,608,1144335,1,11987,1428298,96,64,64,3
201,1,"[8, 96, 4, 4, 2048, 0, 0, 0, 0, 0, 8, 512, 2048, 0, 0, 0, 0, 0, 0, 0, 8, 512, 0, 0, 0, 0, 0, 0, 0, 0]",96,128,3221225472.0,27000832.0,22072981763,22072992245,22407676493,22423573240,25600,736,736,1144336,1,10482,15896747,96,64,64,3
201,1,"[8, 96, 4, 4, 2048, 0, 0, 0, 0, 0, 8, 512, 2048, 0, 0, 0, 0, 0, 0, 0, 8, 512, 0, 0, 0, 0, 0, 0, 0, 0]",3072,128,786432.0,12582912.0,22073015099,22073022217,22423573976,22423623927,0,544,544,1144340,1,7118,49951,96,64,64,3
23,1,"[8, 512, 1, 1, 0, 0, 0, 0, 0, 0, 0, 0, 0, 0, 0, 8, 96, 512, 4, 4, 0, 0, 0, 0, 0, 0, 0, 0, 0, 0]",3072,128,786432.0,12587008.0,22073245196,22073256889,22423624471,22423679126,0,704,704,1144342,1,11693,54655,96,64,64,3
234,1,"[8, 96, 1, 1, 1, 0, 0, 0, 0, 0, 0, 0, 0, 0, 0, 0, 0, 0, 0, 0, 0, 0, 0, 0, 0, 0, 0, 0, 0, 0]",3072,256,786432.0,12583680.0,22073404758,22073645477,22423679830,22423741557,0,1920,608,1144343,3,29906,60415,96,64,64,3
35,1,"[8, 96, 512, 4, 4, 0, 0, 0, 0, 0, 0, 0, 0, 0, 0, 8, 96, 512, 4, 4, 0, 0, 0, 0, 0, 0, 0, 0, 0, 0]",1536,128,786432.0,18874368.0,22073741681,22073750304,22423742165,22423825460,0,544,544,1144344,1,8623,83295,96,64,64,3
203,1,"[96, 512, 4, 4, 512, 4, 4, 7, 7, 3, 3, 1, 1, 1, 1, 512, 8, 0, 0, 0, 0, 0, 0, 0, 0, 0, 0, 0, 0, 0]",3072,1024,0.0,0.0,22074071333,22074112010,22423826004,22424263405,0,1248,608,1144345,2,20662,436761,96,64,64,3
0,1,"[8, 96, 4, 4, 512, 0, 0, 0, 0, 0, 8, 512, 0, 0, 0, 0, 0, 0, 0, 0, 8, 512, 0, 0, 0, 0, 0, 0, 0, 0]",3072,512,0.0,0.0,22074486253,22074538939,22424264013,22425032321,1024,1952,640,1144347,3,24631,766996,96,64,64,3
201,1,"[8, 96, 4, 4, 512, 0, 0, 0, 0, 0, 8, 2048, 512, 0, 0, 0, 0, 0, 0, 0, 8, 2048, 0, 0, 0, 0, 0, 0, 0, 0]",384,128,3221225472.0,10485760.0,22074726334,22074737831,22425032961,22438322260,25600,768,768,1144348,1,11497,13289299,96,64,64,3
201,1,"[8, 96, 4, 4, 512, 0, 0, 0, 0, 0, 8, 2048, 512, 0, 0, 0, 0, 0, 0, 0, 8, 2048, 0, 0, 0, 0, 0, 0, 0, 0]",12288,128,3145728.0,50331648.0,22074762378,22074769435,22438323028,22438530129,0,672,672,1144352,1,7057,207101,96,64,64,3
166,1,"[8, 96, 4, 4, 2048, 0, 0, 0, 0, 0, 0, 0, 0, 0, 0, 0, 0, 0, 0, 0, 0, 0, 0, 0, 0, 0, 0, 0, 0, 0]",6144,128,0.0,0.0,22074907138,22074916817,22438530801,22439958939,0,576,576,1144353,1,9679,1428138,96,64,64,3
201,1,"[8, 96, 4, 4, 2048, 0, 0, 0, 0, 0, 8, 512, 2048, 0, 0, 0, 0, 0, 0, 0, 8, 512, 0, 0, 0, 0, 0, 0, 0, 0]",96,128,3221225472.0,27000832.0,22075075278,22075085373,22439959515,22455837030,25600,768,768,1144354,1,10095,15877515,96,64,64,3
201,1,"[8, 96, 4, 4, 2048, 0, 0, 0, 0, 0, 8, 512, 2048, 0, 0, 0, 0, 0, 0, 0, 8, 512, 0, 0, 0, 0, 0, 0, 0, 0]",3072,128,786432.0,12582912.0,22075108211,22075115115,22455837798,22455887430,0,544,544,1144358,1,6904,49632,96,64,64,3
23,1,"[8, 512, 1, 1, 0, 0, 0, 0, 0, 0, 0, 0, 0, 0, 0, 8, 96, 512, 4, 4, 0, 0, 0, 0, 0, 0, 0, 0, 0, 0]",3072,128,786432.0,12587008.0,22075336561,22075348087,22455887974,22455942852,0,673,673,1144360,1,11526,54878,96,64,64,3
234,1,"[8, 96, 1, 1, 1, 0, 0, 0, 0, 0, 0, 0, 0, 0, 0, 0, 0, 0, 0, 0, 0, 0, 0, 0, 0, 0, 0, 0, 0, 0]",3072,256,786432.0,12583680.0,22075495828,22075736563,22455943525,22456003940,0,1758,575,1144361,3,29879,59232,96,64,64,3
35,1,"[8, 96, 512, 4, 4, 0, 0, 0, 0, 0, 0, 0, 0, 0, 0, 8, 96, 512, 4, 4, 0, 0, 0, 0, 0, 0, 0, 0, 0, 0]",1536,128,786432.0,18874368.0,22075832486,22075843455,22456004515,22456088386,0,672,672,1144362,1,10969,83871,96,64,64,3
203,1,"[96, 512, 4, 4, 512, 4, 4, 7, 7, 3, 3, 1, 1, 1, 1, 512, 8, 0, 0, 0, 0, 0, 0, 0, 0, 0, 0, 0, 0, 0]",3072,1024,0.0,0.0,22076016980,22076055985,22456089058,22456523164,0,1185,576,1144363,2,18130,433497,96,64,64,3
0,1,"[8, 96, 4, 4, 512, 0, 0, 0, 0, 0, 8, 512, 0, 0, 0, 0, 0, 0, 0, 0, 8, 512, 0, 0, 0, 0, 0, 0, 0, 0]",3072,512,0.0,0.0,22076432722,22076483900,22456523740,22457287824,1024,1952,640,1144365,3,24668,762772,96,64,64,3
201,1,"[8, 96, 4, 4, 512, 0, 0, 0, 0, 0, 8, 2048, 512, 0, 0, 0, 0, 0, 0, 0, 8, 2048, 0, 0, 0, 0, 0, 0, 0, 0]",384,128,3221225472.0,10485760.0,22076668546,22076679975,22457288464,22470465157,25600,704,704,1144366,1,11429,13176693,96,64,64,3
201,1,"[8, 96, 4, 4, 512, 0, 0, 0, 0, 0, 8, 2048, 512, 0, 0, 0, 0, 0, 0, 0, 8, 2048, 0, 0, 0, 0, 0, 0, 0, 0]",12288,128,3145728.0,50331648.0,22076708092,22076715241,22470465861,22470672385,0,704,704,1144370,1,7149,206524,96,64,64,3
166,1,"[8, 96, 4, 4, 2048, 0, 0, 0, 0, 0, 0, 0, 0, 0, 0, 0, 0, 0, 0, 0, 0, 0, 0, 0, 0, 0, 0, 0, 0, 0]",6144,128,0.0,0.0,22076848394,22076858091,22470673089,22472091212,0,575,575,1144371,1,9697,1418123,96,64,64,3
201,1,"[8, 96, 4, 4, 2048, 0, 0, 0, 0, 0, 8, 512, 2048, 0, 0, 0, 0, 0, 0, 0, 8, 512, 0, 0, 0, 0, 0, 0, 0, 0]",96,128,3221225472.0,27000832.0,22077015699,22077026321,22472091787,22487840537,25600,672,672,1144372,1,10622,15748750,96,64,64,3
201,1,"[8, 96, 4, 4, 2048, 0, 0, 0, 0, 0, 8, 512, 2048, 0, 0, 0, 0, 0, 0, 0, 8, 512, 0, 0, 0, 0, 0, 0, 0, 0]",3072,128,786432.0,12582912.0,22077049603,22077056941,22487841209,22487891224,0,672,672,1144376,1,7338,50015,96,64,64,3
23,1,"[8, 512, 1, 1, 0, 0, 0, 0, 0, 0, 0, 0, 0, 0, 0, 8, 96, 512, 4, 4, 0, 0, 0, 0, 0, 0, 0, 0, 0, 0]",3072,128,786432.0,12587008.0,22077281053,22077292574,22487891896,22487946999,0,672,672,1144378,1,11521,55103,96,64,64,3
234,1,"[8, 96, 1, 1, 1, 0, 0, 0, 0, 0, 0, 0, 0, 0, 0, 0, 0, 0, 0, 0, 0, 0, 0, 0, 0, 0, 0, 0, 0, 0]",3072,256,786432.0,12583680.0,22077441203,22077681934,22487947671,22488008726,0,1920,736,1144379,3,29712,59871,96,64,64,3
35,1,"[8, 96, 512, 4, 4, 0, 0, 0, 0, 0, 0, 0, 0, 0, 0, 8, 96, 512, 4, 4, 0, 0, 0, 0, 0, 0, 0, 0, 0, 0]",1536,128,786432.0,18874368.0,22077781568,22077790417,22488009462,22488093269,0,640,640,1144380,1,8849,83807,96,64,64,3
203,1,"[96, 512, 4, 4, 512, 4, 4, 7, 7, 3, 3, 1, 1, 1, 1, 512, 8, 0, 0, 0, 0, 0, 0, 0, 0, 0, 0, 0, 0, 0]",3072,1024,0.0,0.0,22077966862,22078004528,22488093909,22488528782,0,1312,736,1144381,2,18042,434297,96,64,64,3
0,1,"[8, 96, 4, 4, 512, 0, 0, 0, 0, 0, 8, 512, 0, 0, 0, 0, 0, 0, 0, 0, 8, 512, 0, 0, 0, 0, 0, 0, 0, 0]",3072,512,0.0,0.0,22078370963,22078421432,22488529518,22489293539,1024,1855,639,1144383,3,24633,762805,96,64,64,3
201,1,"[8, 96, 4, 4, 512, 0, 0, 0, 0, 0, 8, 2048, 512, 0, 0, 0, 0, 0, 0, 0, 8, 2048, 0, 0, 0, 0, 0, 0, 0, 0]",384,128,3221225472.0,10485760.0,22078601783,22078615645,22489294178,22502469527,25600,672,672,1144384,1,13862,13175349,96,64,64,3
201,1,"[8, 96, 4, 4, 512, 0, 0, 0, 0, 0, 8, 2048, 512, 0, 0, 0, 0, 0, 0, 0, 8, 2048, 0, 0, 0, 0, 0, 0, 0, 0]",12288,128,3145728.0,50331648.0,22078640757,22078647751,22502470199,22502676724,0,672,672,1144388,1,6994,206525,96,64,64,3
166,1,"[8, 96, 4, 4, 2048, 0, 0, 0, 0, 0, 0, 0, 0, 0, 0, 0, 0, 0, 0, 0, 0, 0, 0, 0, 0, 0, 0, 0, 0, 0]",6144,128,0.0,0.0,22078779558,22078789139,22502677396,22504094558,0,640,640,1144389,1,9581,1417162,96,64,64,3
201,1,"[8, 96, 4, 4, 2048, 0, 0, 0, 0, 0, 8, 512, 2048, 0, 0, 0, 0, 0, 0, 0, 8, 512, 0, 0, 0, 0, 0, 0, 0, 0]",96,128,3221225472.0,27000832.0,22078947028,22078957284,22504095198,22519845515,25600,768,768,1144390,1,10256,15750317,96,64,64,3
201,1,"[8, 96, 4, 4, 2048, 0, 0, 0, 0, 0, 8, 512, 2048, 0, 0, 0, 0, 0, 0, 0, 8, 512, 0, 0, 0, 0, 0, 0, 0, 0]",3072,128,786432.0,12582912.0,22078981528,22078988395,22519846283,22519896203,0,639,639,1144394,1,6867,49920,96,64,64,3
23,1,"[8, 512, 1, 1, 0, 0, 0, 0, 0, 0, 0, 0, 0, 0, 0, 8, 96, 512, 4, 4, 0, 0, 0, 0, 0, 0, 0, 0, 0, 0]",3072,128,786432.0,12587008.0,22079215360,22079227185,22519896842,22519952010,0,575,575,1144396,1,11825,55168,96,64,64,3
234,1,"[8, 96, 1, 1, 1, 0, 0, 0, 0, 0, 0, 0, 0, 0, 0, 0, 0, 0, 0, 0, 0, 0, 0, 0, 0, 0, 0, 0, 0, 0]",3072,256,786432.0,12583680.0,22079375508,22079619947,22519952585,22520013001,0,1856,640,1144397,3,29883,59200,96,64,64,3
35,1,"[8, 96, 512, 4, 4, 0, 0, 0, 0, 0, 0, 0, 0, 0, 0, 8, 96, 512, 4, 4, 0, 0, 0, 0, 0, 0, 0, 0, 0, 0]",1536,128,786432.0,18874368.0,22079716331,22079724845,22520013641,22520096839,0,640,640,1144398,1,8514,83198,96,64,64,3
203,1,"[96, 512, 4, 4, 512, 4, 4, 7, 7, 3, 3, 1, 1, 1, 1, 512, 8, 0, 0, 0, 0, 0, 0, 0, 0, 0, 0, 0, 0, 0]",3072,1024,0.0,0.0,22080043476,22080083969,22520097479,22520530849,0,1248,544,1144399,2,20243,432666,96,64,64,3
0,1,"[8, 96, 4, 4, 512, 0, 0, 0, 0, 0, 8, 512, 0, 0, 0, 0, 0, 0, 0, 0, 8, 512, 0, 0, 0, 0, 0, 0, 0, 0]",3072,512,0.0,0.0,22080467528,22080518340,22520531393,22521294741,1024,1888,704,1144401,3,25716,762164,96,64,64,3
201,1,"[8, 96, 4, 4, 512, 0, 0, 0, 0, 0, 8, 2048, 512, 0, 0, 0, 0, 0, 0, 0, 8, 2048, 0, 0, 0, 0, 0, 0, 0, 0]",384,128,3221225472.0,10485760.0,22080704437,22080715925,22521295445,22534473514,25600,672,672,1144402,1,11488,13178069,96,64,64,3
201,1,"[8, 96, 4, 4, 512, 0, 0, 0, 0, 0, 8, 2048, 512, 0, 0, 0, 0, 0, 0, 0, 8, 2048, 0, 0, 0, 0, 0, 0, 0, 0]",12288,128,3145728.0,50331648.0,22080740849,22080748427,22534474186,22534680679,0,672,672,1144406,1,7578,206493,96,64,64,3
166,1,"[8, 96, 4, 4, 2048, 0, 0, 0, 0, 0, 0, 0, 0, 0, 0, 0, 0, 0, 0, 0, 0, 0, 0, 0, 0, 0, 0, 0, 0, 0]",6144,128,0.0,0.0,22080880257,22080889824,22534681351,22536099025,0,608,608,1144407,1,9567,1417674,96,64,64,3
201,1,"[8, 96, 4, 4, 2048, 0, 0, 0, 0, 0, 8, 512, 2048, 0, 0, 0, 0, 0, 0, 0, 8, 512, 0, 0, 0, 0, 0, 0, 0, 0]",96,128,3221225472.0,27000832.0,22081051706,22081062346,22536099633,22551846174,25600,640,640,1144408,1,10640,15746541,96,64,64,3
201,1,"[8, 96, 4, 4, 2048, 0, 0, 0, 0, 0, 8, 512, 2048, 0, 0, 0, 0, 0, 0, 0, 8, 512, 0, 0, 0, 0, 0, 0, 0, 0]",3072,128,786432.0,12582912.0,22081085235,22081092165,22551846814,22551896765,0,608,608,1144412,1,6930,49951,96,64,64,3
23,1,"[8, 512, 1, 1, 0, 0, 0, 0, 0, 0, 0, 0, 0, 0, 0, 8, 96, 512, 4, 4, 0, 0, 0, 0, 0, 0, 0, 0, 0, 0]",3072,128,786432.0,12587008.0,22081314601,22081326277,22551897373,22551951900,0,672,672,1144414,1,11676,54527,96,64,64,3
234,1,"[8, 96, 1, 1, 1, 0, 0, 0, 0, 0, 0, 0, 0, 0, 0, 0, 0, 0, 0, 0, 0, 0, 0, 0, 0, 0, 0, 0, 0, 0]",3072,256,786432.0,12583680.0,22081472966,22081715099,22551952572,22552013275,0,1792,576,1144415,3,31859,59487,96,64,64,3
35,1,"[8, 96, 512, 4, 4, 0, 0, 0, 0, 0, 0, 0, 0, 0, 0, 8, 96, 512, 4, 4, 0, 0, 0, 0, 0, 0, 0, 0, 0, 0]",1536,128,786432.0,18874368.0,22081810295,22081818621,22552013851,22552097082,0,544,544,1144416,1,8326,83231,96,64,64,3
203,1,"[96, 512, 4, 4, 512, 4, 4, 7, 7, 3, 3, 1, 1, 1, 1, 512, 8, 0, 0, 0, 0, 0, 0, 0, 0, 0, 0, 0, 0, 0]",3072,1024,0.0,0.0,22081989471,22082026878,22552097626,22552532051,0,1312,640,1144417,2,18149,433753,96,64,64,3
0,1,"[8, 96, 4, 4, 512, 0, 0, 0, 0, 0, 8, 512, 0, 0, 0, 0, 0, 0, 0, 0, 8, 512, 0, 0, 0, 0, 0, 0, 0, 0]",3072,512,0.0,0.0,22082392322,22082442747,22552532691,22553297031,1024,1793,641,1144419,3,26443,763188,96,64,64,3
201,1,"[8, 96, 4, 4, 512, 0, 0, 0, 0, 0, 8, 2048, 512, 0, 0, 0, 0, 0, 0, 0, 8, 2048, 0, 0, 0, 0, 0, 0, 0, 0]",384,128,3221225472.0,10485760.0,22082626666,22082638448,22553297672,22566467196,25600,608,608,1144420,1,11782,13169524,96,64,64,3
201,1,"[8, 96, 4, 4, 512, 0, 0, 0, 0, 0, 8, 2048, 512, 0, 0, 0, 0, 0, 0, 0, 8, 2048, 0, 0, 0, 0, 0, 0, 0, 0]",12288,128,3145728.0,50331648.0,22082662719,22082669709,22566467804,22566674649,0,608,608,1144424,1,6990,206845,96,64,64,3
166,1,"[8, 96, 4, 4, 2048, 0, 0, 0, 0, 0, 0, 0, 0, 0, 0, 0, 0, 0, 0, 0, 0, 0, 0, 0, 0, 0, 0, 0, 0, 0]",6144,128,0.0,0.0,22082803409,22082812999,22566675257,22568092835,0,673,673,1144425,1,9590,1417578,96,64,64,3
201,1,"[8, 96, 4, 4, 2048, 0, 0, 0, 0, 0, 8, 512, 2048, 0, 0, 0, 0, 0, 0, 0, 8, 512, 0, 0, 0, 0, 0, 0, 0, 0]",96,128,3221225472.0,27000832.0,22082974655,22082985078,22568093508,22583838097,25600,735,735,1144426,1,10423,15744589,96,64,64,3
201,1,"[8, 96, 4, 4, 2048, 0, 0, 0, 0, 0, 8, 512, 2048, 0, 0, 0, 0, 0, 0, 0, 8, 512, 0, 0, 0, 0, 0, 0, 0, 0]",3072,128,786432.0,12582912.0,22083007575,22083014186,22583838832,22583888624,0,704,704,1144430,1,6611,49792,96,64,64,3
23,1,"[8, 512, 1, 1, 0, 0, 0, 0, 0, 0, 0, 0, 0, 0, 0, 8, 96, 512, 4, 4, 0, 0, 0, 0, 0, 0, 0, 0, 0, 0]",3072,128,786432.0,12587008.0,22083240724,22083252431,22583889328,22583944079,0,704,704,1144432,1,11707,54751,96,64,64,3
234,1,"[8, 96, 1, 1, 1, 0, 0, 0, 0, 0, 0, 0, 0, 0, 0, 0, 0, 0, 0, 0, 0, 0, 0, 0, 0, 0, 0, 0, 0, 0]",3072,256,786432.0,12583680.0,22083400645,22083642704,22583944783,22584006318,0,1792,576,1144433,3,32098,60319,96,64,64,3
35,1,"[8, 96, 512, 4, 4, 0, 0, 0, 0, 0, 0, 0, 0, 0, 0, 8, 96, 512, 4, 4, 0, 0, 0, 0, 0, 0, 0, 0, 0, 0]",1536,128,786432.0,18874368.0,22083739183,22083747696,22584006894,22584089740,0,673,673,1144434,1,8513,82846,96,64,64,3
203,1,"[96, 512, 4, 4, 512, 4, 4, 7, 7, 3, 3, 1, 1, 1, 1, 512, 8, 0, 0, 0, 0, 0, 0, 0, 0, 0, 0, 0, 0, 0]",3072,1024,0.0,0.0,22083921586,22083959490,22584090413,22584524198,0,1312,640,1144435,2,18095,433113,96,64,64,3
0,1,"[8, 96, 4, 4, 512, 0, 0, 0, 0, 0, 8, 512, 0, 0, 0, 0, 0, 0, 0, 0, 8, 512, 0, 0, 0, 0, 0, 0, 0, 0]",3072,512,0.0,0.0,22084339454,22084392668,22584524838,22585288442,1024,1920,608,1144437,3,25149,762292,96,64,64,3
201,1,"[8, 96, 4, 4, 512, 0, 0, 0, 0, 0, 8, 2048, 512, 0, 0, 0, 0, 0, 0, 0, 8, 2048, 0, 0, 0, 0, 0, 0, 0, 0]",384,128,3221225472.0,10485760.0,22084580974,22084592200,22585289050,22598458383,25600,640,640,1144438,1,11226,13169333,96,64,64,3
201,1,"[8, 96, 4, 4, 512, 0, 0, 0, 0, 0, 8, 2048, 512, 0, 0, 0, 0, 0, 0, 0, 8, 2048, 0, 0, 0, 0, 0, 0, 0, 0]",12288,128,3145728.0,50331648.0,22084617163,22084624225,22598459023,22598665740,0,576,576,1144442,1,7062,206717,96,64,64,3
166,1,"[8, 96, 4, 4, 2048, 0, 0, 0, 0, 0, 0, 0, 0, 0, 0, 0, 0, 0, 0, 0, 0, 0, 0, 0, 0, 0, 0, 0, 0, 0]",6144,128,0.0,0.0,22084756686,22084766464,22598666316,22600083798,0,736,736,1144443,1,9778,1417482,96,64,64,3
201,1,"[8, 96, 4, 4, 2048, 0, 0, 0, 0, 0, 8, 512, 2048, 0, 0, 0, 0, 0, 0, 0, 8, 512, 0, 0, 0, 0, 0, 0, 0, 0]",96,128,3221225472.0,27000832.0,22084924983,22084935272,22600084534,22615829027,25600,672,672,1144444,1,10289,15744493,96,64,64,3
201,1,"[8, 96, 4, 4, 2048, 0, 0, 0, 0, 0, 8, 512, 2048, 0, 0, 0, 0, 0, 0, 0, 8, 512, 0, 0, 0, 0, 0, 0, 0, 0]",3072,128,786432.0,12582912.0,22084957300,22084964122,22615829699,22615879426,0,577,577,1144448,1,6822,49727,96,64,64,3
23,1,"[8, 512, 1, 1, 0, 0, 0, 0, 0, 0, 0, 0, 0, 0, 0, 8, 96, 512, 4, 4, 0, 0, 0, 0, 0, 0, 0, 0, 0, 0]",3072,128,786432.0,12587008.0,22085187853,22085199613,22615880003,22615934658,0,640,640,1144450,1,11760,54655,96,64,64,3
234,1,"[8, 96, 1, 1, 1, 0, 0, 0, 0, 0, 0, 0, 0, 0, 0, 0, 0, 0, 0, 0, 0, 0, 0, 0, 0, 0, 0, 0, 0, 0]",3072,256,786432.0,12583680.0,22085349262,22085592733,22615935298,22615995809,0,2016,736,1144451,3,30002,59231,96,64,64,3
35,1,"[8, 96, 512, 4, 4, 0, 0, 0, 0, 0, 0, 0, 0, 0, 0, 8, 96, 512, 4, 4, 0, 0, 0, 0, 0, 0, 0, 0, 0, 0]",1536,128,786432.0,18874368.0,22085689258,22085697686,22615996545,22616080063,0,640,640,1144452,1,8428,83518,96,64,64,3
203,1,"[96, 512, 4, 4, 512, 4, 4, 7, 7, 3, 3, 1, 1, 1, 1, 512, 8, 0, 0, 0, 0, 0, 0, 0, 0, 0, 0, 0, 0, 0]",3072,1024,0.0,0.0,22086021472,22086062848,22616080703,22616514585,0,1281,672,1144453,2,20764,433273,96,64,64,3
0,1,"[8, 96, 4, 4, 512, 0, 0, 0, 0, 0, 8, 512, 0, 0, 0, 0, 0, 0, 0, 0, 8, 512, 0, 0, 0, 0, 0, 0, 0, 0]",3072,512,0.0,0.0,22086438625,22086490513,22616515257,22617278541,1024,1759,544,1144455,3,24950,762069,96,64,64,3
201,1,"[8, 96, 4, 4, 512, 0, 0, 0, 0, 0, 8, 2048, 512, 0, 0, 0, 0, 0, 0, 0, 8, 2048, 0, 0, 0, 0, 0, 0, 0, 0]",384,128,3221225472.0,10485760.0,22086673060,22086684437,22617279085,22630449826,25600,768,768,1144456,1,11377,13170741,96,64,64,3
201,1,"[8, 96, 4, 4, 512, 0, 0, 0, 0, 0, 8, 2048, 512, 0, 0, 0, 0, 0, 0, 0, 8, 2048, 0, 0, 0, 0, 0, 0, 0, 0]",12288,128,3145728.0,50331648.0,22086709178,22086716131,22630450594,22630657311,0,576,576,1144460,1,6953,206717,96,64,64,3
166,1,"[8, 96, 4, 4, 2048, 0, 0, 0, 0, 0, 0, 0, 0, 0, 0, 0, 0, 0, 0, 0, 0, 0, 0, 0, 0, 0, 0, 0, 0, 0]",6144,128,0.0,0.0,22086849219,22086858705,22630657887,22632075241,0,544,544,1144461,1,9486,1417354,96,64,64,3
201,1,"[8, 96, 4, 4, 2048, 0, 0, 0, 0, 0, 8, 512, 2048, 0, 0, 0, 0, 0, 0, 0, 8, 512, 0, 0, 0, 0, 0, 0, 0, 0]",96,128,3221225472.0,27000832.0,22087018173,22087028272,22632075785,22647821750,25600,736,736,1144462,1,10099,15745965,96,64,64,3
201,1,"[8, 96, 4, 4, 2048, 0, 0, 0, 0, 0, 8, 512, 2048, 0, 0, 0, 0, 0, 0, 0, 8, 512, 0, 0, 0, 0, 0, 0, 0, 0]",3072,128,786432.0,12582912.0,22087052268,22087059500,22647822486,22647872373,0,544,544,1144466,1,7232,49887,96,64,64,3
23,1,"[8, 512, 1, 1, 0, 0, 0, 0, 0, 0, 0, 0, 0, 0, 0, 8, 96, 512, 4, 4, 0, 0, 0, 0, 0, 0, 0, 0, 0, 0]",3072,128,786432.0,12587008.0,22087283759,22087295290,22647872917,22647927732,0,704,704,1144468,1,11531,54815,96,64,64,3
234,1,"[8, 96, 1, 1, 1, 0, 0, 0, 0, 0, 0, 0, 0, 0, 0, 0, 0, 0, 0, 0, 0, 0, 0, 0, 0, 0, 0, 0, 0, 0]",3072,256,786432.0,12583680.0,22087447022,22087689117,22647928436,22647989075,0,1856,640,1144469,3,29870,59423,96,64,64,3
35,1,"[8, 96, 512, 4, 4, 0, 0, 0, 0, 0, 0, 0, 0, 0, 0, 8, 96, 512, 4, 4, 0, 0, 0, 0, 0, 0, 0, 0, 0, 0]",1536,128,786432.0,18874368.0,22087791062,22087800673,22647989715,22648073714,0,608,608,1144470,1,9611,83999,96,64,64,3
203,1,"[96, 512, 4, 4, 512, 4, 4, 7, 7, 3, 3, 1, 1, 1, 1, 512, 8, 0, 0, 0, 0, 0, 0, 0, 0, 0, 0, 0, 0, 0]",3072,1024,0.0,0.0,22087972391,22088010848,22648074322,22648509100,0,1215,607,1144471,2,17602,434170,96,64,64,3
0,1,"[8, 96, 4, 4, 512, 0, 0, 0, 0, 0, 8, 512, 0, 0, 0, 0, 0, 0, 0, 0, 8, 512, 0, 0, 0, 0, 0, 0, 0, 0]",3072,512,0.0,0.0,22088384312,22088437547,22648509707,22649272511,1024,1824,641,1144473,3,25223,761621,96,64,64,3
201,1,"[8, 96, 4, 4, 512, 0, 0, 0, 0, 0, 8, 2048, 512, 0, 0, 0, 0, 0, 0, 0, 8, 2048, 0, 0, 0, 0, 0, 0, 0, 0]",384,128,3221225472.0,10485760.0,22088623565,22088634492,22649273152,22662444373,25600,672,672,1144474,1,10927,13171221,96,64,64,3
201,1,"[8, 96, 4, 4, 512, 0, 0, 0, 0, 0, 8, 2048, 512, 0, 0, 0, 0, 0, 0, 0, 8, 2048, 0, 0, 0, 0, 0, 0, 0, 0]",12288,128,3145728.0,50331648.0,22088659158,22088666290,22662445045,22662651569,0,640,640,1144478,1,7132,206524,96,64,64,3
166,1,"[8, 96, 4, 4, 2048, 0, 0, 0, 0, 0, 0, 0, 0, 0, 0, 0, 0, 0, 0, 0, 0, 0, 0, 0, 0, 0, 0, 0, 0, 0]",6144,128,0.0,0.0,22088797553,22088806941,22662652209,22664069372,0,607,607,1144479,1,9388,1417163,96,64,64,3
201,1,"[8, 96, 4, 4, 2048, 0, 0, 0, 0, 0, 8, 512, 2048, 0, 0, 0, 0, 0, 0, 0, 8, 512, 0, 0, 0, 0, 0, 0, 0, 0]",96,128,3221225472.0,27000832.0,22088968278,22088978554,22664069979,22679814633,25600,672,672,1144480,1,10276,15744654,96,64,64,3
201,1,"[8, 96, 4, 4, 2048, 0, 0, 0, 0, 0, 8, 512, 2048, 0, 0, 0, 0, 0, 0, 0, 8, 512, 0, 0, 0, 0, 0, 0, 0, 0]",3072,128,786432.0,12582912.0,22089001450,22089008472,22679815305,22679864904,0,576,576,1144484,1,7022,49599,96,64,64,3
23,1,"[8, 512, 1, 1, 0, 0, 0, 0, 0, 0, 0, 0, 0, 0, 0, 8, 96, 512, 4, 4, 0, 0, 0, 0, 0, 0, 0, 0, 0, 0]",3072,128,786432.0,12587008.0,22089227967,22089241315,22679865480,22679920455,0,544,544,1144486,1,13348,54975,96,64,64,3
234,1,"[8, 96, 1, 1, 1, 0, 0, 0, 0, 0, 0, 0, 0, 0, 0, 0, 0, 0, 0, 0, 0, 0, 0, 0, 0, 0, 0, 0, 0, 0]",3072,256,786432.0,12583680.0,22089390858,22089633244,22679920999,22679981606,0,1888,704,1144487,3,29829,59423,96,64,64,3
35,1,"[8, 96, 512, 4, 4, 0, 0, 0, 0, 0, 0, 0, 0, 0, 0, 8, 96, 512, 4, 4, 0, 0, 0, 0, 0, 0, 0, 0, 0, 0]",1536,128,786432.0,18874368.0,22089732264,22089741627,22679982310,22680066629,0,608,608,1144488,1,9363,84319,96,64,64,3
203,1,"[96, 512, 4, 4, 512, 4, 4, 7, 7, 3, 3, 1, 1, 1, 1, 512, 8, 0, 0, 0, 0, 0, 0, 0, 0, 0, 0, 0, 0, 0]",3072,1024,0.0,0.0,22089921227,22089959195,22680067237,22680500670,0,1216,608,1144489,2,18326,432825,96,64,64,3
0,1,"[8, 96, 4, 4, 512, 0, 0, 0, 0, 0, 8, 512, 0, 0, 0, 0, 0, 0, 0, 0, 8, 512, 0, 0, 0, 0, 0, 0, 0, 0]",3072,512,0.0,0.0,22090330454,22090385409,22680501278,22681265042,1024,2112,704,1144491,3,27840,762356,96,64,64,3
201,1,"[8, 96, 4, 4, 512, 0, 0, 0, 0, 0, 8, 2048, 512, 0, 0, 0, 0, 0, 0, 0, 8, 2048, 0, 0, 0, 0, 0, 0, 0, 0]",384,128,3221225472.0,10485760.0,22090581859,22090593234,22681265746,22694432871,25600,736,736,1144492,1,11375,13167125,96,64,64,3
201,1,"[8, 96, 4, 4, 512, 0, 0, 0, 0, 0, 8, 2048, 512, 0, 0, 0, 0, 0, 0, 0, 8, 2048, 0, 0, 0, 0, 0, 0, 0, 0]",12288,128,3145728.0,50331648.0,22090620497,22090627543,22694433607,22694640516,0,576,576,1144496,1,7046,206909,96,64,64,3
166,1,"[8, 96, 4, 4, 2048, 0, 0, 0, 0, 0, 0, 0, 0, 0, 0, 0, 0, 0, 0, 0, 0, 0, 0, 0, 0, 0, 0, 0, 0, 0]",6144,128,0.0,0.0,22090763516,22090773252,22694641092,22696057742,0,672,672,1144497,1,9736,1416650,96,64,64,3
201,1,"[8, 96, 4, 4, 2048, 0, 0, 0, 0, 0, 8, 512, 2048, 0, 0, 0, 0, 0, 0, 0, 8, 512, 0, 0, 0, 0, 0, 0, 0, 0]",96,128,3221225472.0,27000832.0,22090932140,22090942199,22696058414,22711805115,25600,704,704,1144498,1,10059,15746701,96,64,64,3
201,1,"[8, 96, 4, 4, 2048, 0, 0, 0, 0, 0, 8, 512, 2048, 0, 0, 0, 0, 0, 0, 0, 8, 512, 0, 0, 0, 0, 0, 0, 0, 0]",3072,128,786432.0,12582912.0,22090965803,22090974923,22711805819,22711855451,0,639,639,1144502,1,9120,49632,96,64,64,3
23,1,"[8, 512, 1, 1, 0, 0, 0, 0, 0, 0, 0, 0, 0, 0, 0, 8, 96, 512, 4, 4, 0, 0, 0, 0, 0, 0, 0, 0, 0, 0]",3072,128,786432.0,12587008.0,22091197570,22091209371,22711856090,22711910618,0,608,608,1144504,1,11801,54528,96,64,64,3
234,1,"[8, 96, 1, 1, 1, 0, 0, 0, 0, 0, 0, 0, 0, 0, 0, 0, 0, 0, 0, 0, 0, 0, 0, 0, 0, 0, 0, 0, 0, 0]",3072,256,786432.0,12583680.0,22091358027,22091601513,22711911226,22711971769,0,1952,672,1144505,3,29891,59263,96,64,64,3
35,1,"[8, 96, 512, 4, 4, 0, 0, 0, 0, 0, 0, 0, 0, 0, 0, 8, 96, 512, 4, 4, 0, 0, 0, 0, 0, 0, 0, 0, 0, 0]",1536,128,786432.0,18874368.0,22091699217,22091707879,22711972441,22712055703,0,576,576,1144506,1,8662,83262,96,64,64,3
203,1,"[96, 512, 4, 4, 512, 4, 4, 7, 7, 3, 3, 1, 1, 1, 1, 512, 8, 0, 0, 0, 0, 0, 0, 0, 0, 0, 0, 0, 0, 0]",3072,1024,0.0,0.0,22092026570,22092068192,22712056279,22712489777,0,1248,672,1144507,2,21331,432922,96,64,64,3
0,1,"[8, 96, 4, 4, 512, 0, 0, 0, 0, 0, 8, 512, 0, 0, 0, 0, 0, 0, 0, 0, 8, 512, 0, 0, 0, 0, 0, 0, 0, 0]",3072,512,0.0,0.0,22092459021,22092510226,22712490449,22713254949,1024,1824,640,1144509,3,25366,763316,96,64,64,3
201,1,"[8, 96, 4, 4, 512, 0, 0, 0, 0, 0, 8, 2048, 512, 0, 0, 0, 0, 0, 0, 0, 8, 2048, 0, 0, 0, 0, 0, 0, 0, 0]",384,128,3221225472.0,10485760.0,22092693251,22092704512,22713255589,22726427322,25600,608,608,1144510,1,11261,13171733,96,64,64,3
201,1,"[8, 96, 4, 4, 512, 0, 0, 0, 0, 0, 8, 2048, 512, 0, 0, 0, 0, 0, 0, 0, 8, 2048, 0, 0, 0, 0, 0, 0, 0, 0]",12288,128,3145728.0,50331648.0,22092729028,22092735928,22726427930,22726634935,0,640,640,1144514,1,6900,207005,96,64,64,3
166,1,"[8, 96, 4, 4, 2048, 0, 0, 0, 0, 0, 0, 0, 0, 0, 0, 0, 0, 0, 0, 0, 0, 0, 0, 0, 0, 0, 0, 0, 0, 0]",6144,128,0.0,0.0,22092867522,22092877041,22726635575,22728052897,0,608,608,1144515,1,9519,1417322,96,64,64,3
201,1,"[8, 96, 4, 4, 2048, 0, 0, 0, 0, 0, 8, 512, 2048, 0, 0, 0, 0, 0, 0, 0, 8, 512, 0, 0, 0, 0, 0, 0, 0, 0]",96,128,3221225472.0,27000832.0,22093033533,22093044141,22728053505,22743799182,25600,672,672,1144516,1,10608,15745677,96,64,64,3
201,1,"[8, 96, 4, 4, 2048, 0, 0, 0, 0, 0, 8, 512, 2048, 0, 0, 0, 0, 0, 0, 0, 8, 512, 0, 0, 0, 0, 0, 0, 0, 0]",3072,128,786432.0,12582912.0,22093069178,22093076239,22743799854,22743849965,0,672,672,1144520,1,7061,50111,96,64,64,3
23,1,"[8, 512, 1, 1, 0, 0, 0, 0, 0, 0, 0, 0, 0, 0, 0, 8, 96, 512, 4, 4, 0, 0, 0, 0, 0, 0, 0, 0, 0, 0]",3072,128,786432.0,12587008.0,22093298796,22093310553,22743850637,22743905900,0,672,672,1144522,1,11757,55263,96,64,64,3
234,1,"[8, 96, 1, 1, 1, 0, 0, 0, 0, 0, 0, 0, 0, 0, 0, 0, 0, 0, 0, 0, 0, 0, 0, 0, 0, 0, 0, 0, 0, 0]",3072,256,786432.0,12583680.0,22093457749,22093699007,22743906572,22743967467,0,1888,672,1144523,3,29724,59679,96,64,64,3
35,1,"[8, 96, 512, 4, 4, 0, 0, 0, 0, 0, 0, 0, 0, 0, 0, 8, 96, 512, 4, 4, 0, 0, 0, 0, 0, 0, 0, 0, 0, 0]",1536,128,786432.0,18874368.0,22093793610,22093802161,22743968139,22744051690,0,608,608,1144524,1,8551,83551,96,64,64,3
203,1,"[96, 512, 4, 4, 512, 4, 4, 7, 7, 3, 3, 1, 1, 1, 1, 512, 8, 0, 0, 0, 0, 0, 0, 0, 0, 0, 0, 0, 0, 0]",3072,1024,0.0,0.0,22093976946,22094016761,22744052298,22744486372,0,1439,735,1144525,2,18014,433370,96,64,64,3
0,1,"[8, 96, 4, 4, 512, 0, 0, 0, 0, 0, 8, 512, 0, 0, 0, 0, 0, 0, 0, 0, 8, 512, 0, 0, 0, 0, 0, 0, 0, 0]",3072,512,0.0,0.0,22094382485,22094432544,22744487107,22745251384,1024,2047,672,1144527,3,24578,762902,96,64,64,3
201,1,"[8, 96, 4, 4, 512, 0, 0, 0, 0, 0, 8, 2048, 512, 0, 0, 0, 0, 0, 0, 0, 8, 2048, 0, 0, 0, 0, 0, 0, 0, 0]",384,128,3221225472.0,10485760.0,22094616347,22094627617,22745252056,22758425101,25600,671,671,1144528,1,11270,13173045,96,64,64,3
201,1,"[8, 96, 4, 4, 512, 0, 0, 0, 0, 0, 8, 2048, 512, 0, 0, 0, 0, 0, 0, 0, 8, 2048, 0, 0, 0, 0, 0, 0, 0, 0]",12288,128,3145728.0,50331648.0,22094652272,22094659395,22758425772,22758632489,0,704,704,1144532,1,7123,206717,96,64,64,3
166,1,"[8, 96, 4, 4, 2048, 0, 0, 0, 0, 0, 0, 0, 0, 0, 0, 0, 0, 0, 0, 0, 0, 0, 0, 0, 0, 0, 0, 0, 0, 0]",6144,128,0.0,0.0,22094792084,22094801549,22758633193,22760050387,0,704,704,1144533,1,9465,1417194,96,64,64,3
201,1,"[8, 96, 4, 4, 2048, 0, 0, 0, 0, 0, 8, 512, 2048, 0, 0, 0, 0, 0, 0, 0, 8, 512, 0, 0, 0, 0, 0, 0, 0, 0]",96,128,3221225472.0,27000832.0,22094962393,22094972710,22760051091,22775801857,25600,736,736,1144534,1,10317,15750766,96,64,64,3
201,1,"[8, 96, 4, 4, 2048, 0, 0, 0, 0, 0, 8, 512, 2048, 0, 0, 0, 0, 0, 0, 0, 8, 512, 0, 0, 0, 0, 0, 0, 0, 0]",3072,128,786432.0,12582912.0,22094996651,22095003434,22775802593,22775852192,0,640,640,1144538,1,6783,49599,96,64,64,3
23,1,"[8, 512, 1, 1, 0, 0, 0, 0, 0, 0, 0, 0, 0, 0, 0, 8, 96, 512, 4, 4, 0, 0, 0, 0, 0, 0, 0, 0, 0, 0]",3072,128,786432.0,12587008.0,22095230373,22095241743,22775852832,22775907871,0,576,576,1144540,1,11370,55039,96,64,64,3
234,1,"[8, 96, 1, 1, 1, 0, 0, 0, 0, 0, 0, 0, 0, 0, 0, 0, 0, 0, 0, 0, 0, 0, 0, 0, 0, 0, 0, 0, 0, 0]",3072,256,786432.0,12583680.0,22095390293,22095629902,22775908447,22775968670,0,1888,672,1144541,3,29296,59007,96,64,64,3
35,1,"[8, 96, 512, 4, 4, 0, 0, 0, 0, 0, 0, 0, 0, 0, 0, 8, 96, 512, 4, 4, 0, 0, 0, 0, 0, 0, 0, 0, 0, 0]",1536,128,786432.0,18874368.0,22095726191,22095734751,22775969342,22776053244,0,609,609,1144542,1,8560,83902,96,64,64,3
203,1,"[96, 512, 4, 4, 512, 4, 4, 7, 7, 3, 3, 1, 1, 1, 1, 512, 8, 0, 0, 0, 0, 0, 0, 0, 0, 0, 0, 0, 0, 0]",3072,1024,0.0,0.0,22095908461,22095947816,22776053853,22776488438,0,1184,608,1144543,2,17920,434009,96,64,64,3
0,1,"[8, 96, 4, 4, 512, 0, 0, 0, 0, 0, 8, 512, 0, 0, 0, 0, 0, 0, 0, 0, 8, 512, 0, 0, 0, 0, 0, 0, 0, 0]",3072,512,0.0,0.0,22096331143,22096382118,22776489046,22777252778,1024,1856,608,1144545,3,25459,762484,96,64,64,3
201,1,"[8, 96, 4, 4, 512, 0, 0, 0, 0, 0, 8, 2048, 512, 0, 0, 0, 0, 0, 0, 0, 8, 2048, 0, 0, 0, 0, 0, 0, 0, 0]",384,128,3221225472.0,10485760.0,22096563481,22096574571,22777253386,22790421983,25600,736,736,1144546,1,11090,13168597,96,64,64,3
201,1,"[8, 96, 4, 4, 512, 0, 0, 0, 0, 0, 8, 2048, 512, 0, 0, 0, 0, 0, 0, 0, 8, 2048, 0, 0, 0, 0, 0, 0, 0, 0]",12288,128,3145728.0,50331648.0,22096598767,22096605714,22790422719,22790629372,0,576,576,1144550,1,6947,206653,96,64,64,3
166,1,"[8, 96, 4, 4, 2048, 0, 0, 0, 0, 0, 0, 0, 0, 0, 0, 0, 0, 0, 0, 0, 0, 0, 0, 0, 0, 0, 0, 0, 0, 0]",6144,128,0.0,0.0,22096737075,22096746662,22790629948,22792046726,0,672,672,1144551,1,9587,1416778,96,64,64,3
201,1,"[8, 96, 4, 4, 2048, 0, 0, 0, 0, 0, 8, 512, 2048, 0, 0, 0, 0, 0, 0, 0, 8, 512, 0, 0, 0, 0, 0, 0, 0, 0]",96,128,3221225472.0,27000832.0,22096911420,22096922057,22792047398,22807798771,25600,640,640,1144552,1,10637,15751373,96,64,64,3
201,1,"[8, 96, 4, 4, 2048, 0, 0, 0, 0, 0, 8, 512, 2048, 0, 0, 0, 0, 0, 0, 0, 8, 512, 0, 0, 0, 0, 0, 0, 0, 0]",3072,128,786432.0,12582912.0,22096945331,22096952323,22807799411,22807849715,0,703,703,1144556,1,6992,50304,96,64,64,3
23,1,"[8, 512, 1, 1, 0, 0, 0, 0, 0, 0, 0, 0, 0, 0, 0, 8, 96, 512, 4, 4, 0, 0, 0, 0, 0, 0, 0, 0, 0, 0]",3072,128,786432.0,12587008.0,22097173715,22097185273,22807850418,22807905425,0,544,544,1144558,1,11558,55007,96,64,64,3
234,1,"[8, 96, 1, 1, 1, 0, 0, 0, 0, 0, 0, 0, 0, 0, 0, 0, 0, 0, 0, 0, 0, 0, 0, 0, 0, 0, 0, 0, 0, 0]",3072,256,786432.0,12583680.0,22097332700,22097574289,22807905969,22807966417,0,1952,608,1144559,3,30766,59104,96,64,64,3
35,1,"[8, 96, 512, 4, 4, 0, 0, 0, 0, 0, 0, 0, 0, 0, 0, 8, 96, 512, 4, 4, 0, 0, 0, 0, 0, 0, 0, 0, 0, 0]",1536,128,786432.0,18874368.0,22097671210,22097679984,22807967025,22808050703,0,608,608,1144560,1,8774,83678,96,64,64,3
203,1,"[96, 512, 4, 4, 512, 4, 4, 7, 7, 3, 3, 1, 1, 1, 1, 512, 8, 0, 0, 0, 0, 0, 0, 0, 0, 0, 0, 0, 0, 0]",3072,1024,0.0,0.0,22097999419,22098043581,22808051311,22808484777,0,1184,640,1144561,2,23294,432922,96,64,64,3
0,1,"[8, 96, 4, 4, 512, 0, 0, 0, 0, 0, 8, 512, 0, 0, 0, 0, 0, 0, 0, 0, 8, 512, 0, 0, 0, 0, 0, 0, 0, 0]",3072,512,0.0,0.0,22098417499,22098467575,22808485417,22809248861,1024,2080,640,1144563,3,25237,762004,96,64,64,3
201,1,"[8, 96, 4, 4, 512, 0, 0, 0, 0, 0, 8, 2048, 512, 0, 0, 0, 0, 0, 0, 0, 8, 2048, 0, 0, 0, 0, 0, 0, 0, 0]",384,128,3221225472.0,10485760.0,22098655291,22098666853,22809249501,22822419986,25600,640,640,1144564,1,11562,13170485,96,64,64,3
201,1,"[8, 96, 4, 4, 512, 0, 0, 0, 0, 0, 8, 2048, 512, 0, 0, 0, 0, 0, 0, 0, 8, 2048, 0, 0, 0, 0, 0, 0, 0, 0]",12288,128,3145728.0,50331648.0,22098690928,22098697809,22822420626,22822627630,0,673,673,1144568,1,6881,207004,96,64,64,3
166,1,"[8, 96, 4, 4, 2048, 0, 0, 0, 0, 0, 0, 0, 0, 0, 0, 0, 0, 0, 0, 0, 0, 0, 0, 0, 0, 0, 0, 0, 0, 0]",6144,128,0.0,0.0,22098832323,22098841790,22822628303,22824045209,0,576,576,1144569,1,9467,1416906,96,64,64,3
201,1,"[8, 96, 4, 4, 2048, 0, 0, 0, 0, 0, 8, 512, 2048, 0, 0, 0, 0, 0, 0, 0, 8, 512, 0, 0, 0, 0, 0, 0, 0, 0]",96,128,3221225472.0,27000832.0,22099001707,22099011735,22824045785,22839791686,25600,768,768,1144570,1,10028,15745901,96,64,64,3
201,1,"[8, 96, 4, 4, 2048, 0, 0, 0, 0, 0, 8, 512, 2048, 0, 0, 0, 0, 0, 0, 0, 8, 512, 0, 0, 0, 0, 0, 0, 0, 0]",3072,128,786432.0,12582912.0,22099034659,22099041441,22839792454,22839842245,0,576,576,1144574,1,6782,49791,96,64,64,3
23,1,"[8, 512, 1, 1, 0, 0, 0, 0, 0, 0, 0, 0, 0, 0, 0, 8, 96, 512, 4, 4, 0, 0, 0, 0, 0, 0, 0, 0, 0, 0]",3072,128,786432.0,12587008.0,22099263352,22099274420,22839842821,22839897604,0,704,704,1144576,1,11068,54783,96,64,64,3
234,1,"[8, 96, 1, 1, 1, 0, 0, 0, 0, 0, 0, 0, 0, 0, 0, 0, 0, 0, 0, 0, 0, 0, 0, 0, 0, 0, 0, 0, 0, 0]",3072,256,786432.0,12583680.0,22099422507,22099662420,22839898308,22839959107,0,1824,640,1144577,3,30108,59615,96,64,64,3
35,1,"[8, 96, 512, 4, 4, 0, 0, 0, 0, 0, 0, 0, 0, 0, 0, 8, 96, 512, 4, 4, 0, 0, 0, 0, 0, 0, 0, 0, 0, 0]",1536,128,786432.0,18874368.0,22099758751,22099767389,22839959747,22840043330,0,640,640,1144578,1,8638,83583,96,64,64,3
203,1,"[96, 512, 4, 4, 512, 4, 4, 7, 7, 3, 3, 1, 1, 1, 1, 512, 8, 0, 0, 0, 0, 0, 0, 0, 0, 0, 0, 0, 0, 0]",3072,1024,0.0,0.0,22099941457,22099978727,22840043970,22840477531,0,1344,672,1144579,2,17711,432889,96,64,64,3
0,1,"[8, 96, 4, 4, 512, 0, 0, 0, 0, 0, 8, 512, 0, 0, 0, 0, 0, 0, 0, 0, 8, 512, 0, 0, 0, 0, 0, 0, 0, 0]",3072,512,0.0,0.0,22100358117,22100408227,22840478203,22841243664,1024,1888,607,1144581,3,24864,764180,96,64,64,3
201,1,"[8, 96, 4, 4, 512, 0, 0, 0, 0, 0, 8, 2048, 512, 0, 0, 0, 0, 0, 0, 0, 8, 2048, 0, 0, 0, 0, 0, 0, 0, 0]",384,128,3221225472.0,10485760.0,22100591092,22100601912,22841244271,22854415044,25600,736,736,1144582,1,10820,13170773,96,64,64,3
201,1,"[8, 96, 4, 4, 512, 0, 0, 0, 0, 0, 8, 2048, 512, 0, 0, 0, 0, 0, 0, 0, 8, 2048, 0, 0, 0, 0, 0, 0, 0, 0]",12288,128,3145728.0,50331648.0,22100628906,22100637509,22854415780,22854623009,0,704,704,1144586,1,8603,207229,96,64,64,3
166,1,"[8, 96, 4, 4, 2048, 0, 0, 0, 0, 0, 0, 0, 0, 0, 0, 0, 0, 0, 0, 0, 0, 0, 0, 0, 0, 0, 0, 0, 0, 0]",6144,128,0.0,0.0,22100771929,22100781420,22854623713,22856040843,0,640,640,1144587,1,9491,1417130,96,64,64,3
201,1,"[8, 96, 4, 4, 2048, 0, 0, 0, 0, 0, 8, 512, 2048, 0, 0, 0, 0, 0, 0, 0, 8, 512, 0, 0, 0, 0, 0, 0, 0, 0]",96,128,3221225472.0,27000832.0,22100942766,22100952887,22856041483,22871787608,25600,672,672,1144588,1,10121,15746125,96,64,64,3
201,1,"[8, 96, 4, 4, 2048, 0, 0, 0, 0, 0, 8, 512, 2048, 0, 0, 0, 0, 0, 0, 0, 8, 512, 0, 0, 0, 0, 0, 0, 0, 0]",3072,128,786432.0,12582912.0,22100975853,22100983062,22871788280,22871838200,0,608,608,1144592,1,7209,49920,96,64,64,3
23,1,"[8, 512, 1, 1, 0, 0, 0, 0, 0, 0, 0, 0, 0, 0, 0, 8, 96, 512, 4, 4, 0, 0, 0, 0, 0, 0, 0, 0, 0, 0]",3072,128,786432.0,12587008.0,22101205892,22101217157,22871838808,22871893463,0,576,576,1144594,1,11265,54655,96,64,64,3
234,1,"[8, 96, 1, 1, 1, 0, 0, 0, 0, 0, 0, 0, 0, 0, 0, 0, 0, 0, 0, 0, 0, 0, 0, 0, 0, 0, 0, 0, 0, 0]",3072,256,786432.0,12583680.0,22101364359,22101602709,22871894039,22871954678,0,1952,608,1144595,3,29274,59295,96,64,64,3
35,1,"[8, 96, 512, 4, 4, 0, 0, 0, 0, 0, 0, 0, 0, 0, 0, 8, 96, 512, 4, 4, 0, 0, 0, 0, 0, 0, 0, 0, 0, 0]",1536,128,786432.0,18874368.0,22101698252,22101709426,22871955286,22872038869,0,576,576,1144596,1,11174,83583,96,64,64,3
203,1,"[96, 512, 4, 4, 512, 4, 4, 7, 7, 3, 3, 1, 1, 1, 1, 512, 8, 0, 0, 0, 0, 0, 0, 0, 0, 0, 0, 0, 0, 0]",3072,1024,0.0,0.0,22101883848,22101921620,22872039445,22872473326,0,1088,544,1144597,2,17620,433337,96,64,64,3
0,1,"[8, 96, 4, 4, 512, 0, 0, 0, 0, 0, 8, 512, 0, 0, 0, 0, 0, 0, 0, 0, 8, 512, 0, 0, 0, 0, 0, 0, 0, 0]",3072,512,0.0,0.0,22102289429,22102338231,22872473870,22873237250,1024,1856,640,1144599,3,24540,762164,96,64,64,3
201,1,"[8, 96, 4, 4, 512, 0, 0, 0, 0, 0, 8, 2048, 512, 0, 0, 0, 0, 0, 0, 0, 8, 2048, 0, 0, 0, 0, 0, 0, 0, 0]",384,128,3221225472.0,10485760.0,22102518444,22102532473,22873237890,22886407255,25600,608,608,1144600,1,14029,13169365,96,64,64,3
201,1,"[8, 96, 4, 4, 512, 0, 0, 0, 0, 0, 8, 2048, 512, 0, 0, 0, 0, 0, 0, 0, 8, 2048, 0, 0, 0, 0, 0, 0, 0, 0]",12288,128,3145728.0,50331648.0,22102556527,22102563893,22886407863,22886614484,0,640,640,1144604,1,7366,206621,96,64,64,3
166,1,"[8, 96, 4, 4, 2048, 0, 0, 0, 0, 0, 0, 0, 0, 0, 0, 0, 0, 0, 0, 0, 0, 0, 0, 0, 0, 0, 0, 0, 0, 0]",6144,128,0.0,0.0,22102696086,22102705838,22886615124,22888032350,0,640,640,1144605,1,9752,1417226,96,64,64,3
201,1,"[8, 96, 4, 4, 2048, 0, 0, 0, 0, 0, 8, 512, 2048, 0, 0, 0, 0, 0, 0, 0, 8, 512, 0, 0, 0, 0, 0, 0, 0, 0]",96,128,3221225472.0,27000832.0,22102864710,22102875051,22888032990,22903782667,25600,640,640,1144606,1,10341,15749677,96,64,64,3
201,1,"[8, 96, 4, 4, 2048, 0, 0, 0, 0, 0, 8, 512, 2048, 0, 0, 0, 0, 0, 0, 0, 8, 512, 0, 0, 0, 0, 0, 0, 0, 0]",3072,128,786432.0,12582912.0,22102897624,22102904677,22903783307,22903832874,0,640,640,1144610,1,7053,49567,96,64,64,3
23,1,"[8, 512, 1, 1, 0, 0, 0, 0, 0, 0, 0, 0, 0, 0, 0, 8, 96, 512, 4, 4, 0, 0, 0, 0, 0, 0, 0, 0, 0, 0]",3072,128,786432.0,12587008.0,22103129852,22103141382,22903833514,22903888458,0,576,576,1144612,1,11530,54944,96,64,64,3
234,1,"[8, 96, 1, 1, 1, 0, 0, 0, 0, 0, 0, 0, 0, 0, 0, 0, 0, 0, 0, 0, 0, 0, 0, 0, 0, 0, 0, 0, 0, 0]",3072,256,786432.0,12583680.0,22103291567,22103531632,22903889034,22903950216,0,1824,576,1144613,3,32305,59934,96,64,64,3
35,1,"[8, 96, 512, 4, 4, 0, 0, 0, 0, 0, 0, 0, 0, 0, 0, 8, 96, 512, 4, 4, 0, 0, 0, 0, 0, 0, 0, 0, 0, 0]",1536,128,786432.0,18874368.0,22103630356,22103639443,22903950792,22904035335,0,608,608,1144614,1,9087,84543,96,64,64,3
203,1,"[96, 512, 4, 4, 512, 4, 4, 7, 7, 3, 3, 1, 1, 1, 1, 512, 8, 0, 0, 0, 0, 0, 0, 0, 0, 0, 0, 0, 0, 0]",3072,1024,0.0,0.0,22103957298,22103998433,22904035943,22904470113,0,1184,576,1144615,2,20376,433562,96,64,64,3
0,1,"[8, 96, 4, 4, 512, 0, 0, 0, 0, 0, 8, 512, 0, 0, 0, 0, 0, 0, 0, 0, 8, 512, 0, 0, 0, 0, 0, 0, 0, 0]",3072,512,0.0,0.0,22104383618,22104433922,22904470689,22905233493,1024,1953,640,1144617,3,25077,761491,96,64,64,3
201,1,"[8, 96, 4, 4, 512, 0, 0, 0, 0, 0, 8, 2048, 512, 0, 0, 0, 0, 0, 0, 0, 8, 2048, 0, 0, 0, 0, 0, 0, 0, 0]",384,128,3221225472.0,10485760.0,22104618231,22104629585,22905234133,22918406186,25600,736,736,1144618,1,11354,13172053,96,64,64,3
201,1,"[8, 96, 4, 4, 512, 0, 0, 0, 0, 0, 8, 2048, 512, 0, 0, 0, 0, 0, 0, 0, 8, 2048, 0, 0, 0, 0, 0, 0, 0, 0]",12288,128,3145728.0,50331648.0,22104652926,22104660051,22918406922,22918613734,0,544,544,1144622,1,7125,206812,96,64,64,3
166,1,"[8, 96, 4, 4, 2048, 0, 0, 0, 0, 0, 0, 0, 0, 0, 0, 0, 0, 0, 0, 0, 0, 0, 0, 0, 0, 0, 0, 0, 0, 0]",6144,128,0.0,0.0,22104792921,22104802479,22918614278,22920032081,0,736,736,1144623,1,9558,1417803,96,64,64,3
201,1,"[8, 96, 4, 4, 2048, 0, 0, 0, 0, 0, 8, 512, 2048, 0, 0, 0, 0, 0, 0, 0, 8, 512, 0, 0, 0, 0, 0, 0, 0, 0]",96,128,3221225472.0,27000832.0,22104964681,22104975299,22920032817,22935780254,25600,736,736,1144624,1,10618,15747437,96,64,64,3
201,1,"[8, 96, 4, 4, 2048, 0, 0, 0, 0, 0, 8, 512, 2048, 0, 0, 0, 0, 0, 0, 0, 8, 512, 0, 0, 0, 0, 0, 0, 0, 0]",3072,128,786432.0,12582912.0,22104997767,22105004650,22935780990,22935831197,0,672,672,1144628,1,6883,50207,96,64,64,3
23,1,"[8, 512, 1, 1, 0, 0, 0, 0, 0, 0, 0, 0, 0, 0, 0, 8, 96, 512, 4, 4, 0, 0, 0, 0, 0, 0, 0, 0, 0, 0]",3072,128,786432.0,12587008.0,22105226544,22105238789,22935831869,22935887580,0,544,544,1144630,1,12245,55711,96,64,64,3
234,1,"[8, 96, 1, 1, 1, 0, 0, 0, 0, 0, 0, 0, 0, 0, 0, 0, 0, 0, 0, 0, 0, 0, 0, 0, 0, 0, 0, 0, 0, 0]",3072,256,786432.0,12583680.0,22105386201,22105633335,22935888124,22935950939,0,1920,640,1144631,3,30381,61535,96,64,64,3
35,1,"[8, 96, 512, 4, 4, 0, 0, 0, 0, 0, 0, 0, 0, 0, 0, 8, 96, 512, 4, 4, 0, 0, 0, 0, 0, 0, 0, 0, 0, 0]",1536,128,786432.0,18874368.0,22105731311,22105739873,22935951579,22936034842,0,672,672,1144632,1,8562,83263,96,64,64,3
203,1,"[96, 512, 4, 4, 512, 4, 4, 7, 7, 3, 3, 1, 1, 1, 1, 512, 8, 0, 0, 0, 0, 0, 0, 0, 0, 0, 0, 0, 0, 0]",3072,1024,0.0,0.0,22105915063,22105952679,22936035514,22936469587,0,1312,608,1144633,2,17883,433369,96,64,64,3
0,1,"[8, 96, 4, 4, 512, 0, 0, 0, 0, 0, 8, 512, 0, 0, 0, 0, 0, 0, 0, 0, 8, 512, 0, 0, 0, 0, 0, 0, 0, 0]",3072,512,0.0,0.0,22106324488,22106376267,22936470195,22937233512,1024,1824,576,1144635,3,27209,762069,96,64,64,3
201,1,"[8, 96, 4, 4, 512, 0, 0, 0, 0, 0, 8, 2048, 512, 0, 0, 0, 0, 0, 0, 0, 8, 2048, 0, 0, 0, 0, 0, 0, 0, 0]",384,128,3221225472.0,10485760.0,22106561517,22106572889,22937234088,22950400509,25600,607,607,1144636,1,11372,13166421,96,64,64,3
201,1,"[8, 96, 4, 4, 512, 0, 0, 0, 0, 0, 8, 2048, 512, 0, 0, 0, 0, 0, 0, 0, 8, 2048, 0, 0, 0, 0, 0, 0, 0, 0]",12288,128,3145728.0,50331648.0,22106597164,22106604184,22950401116,22950607897,0,640,640,1144640,1,7020,206781,96,64,64,3
166,1,"[8, 96, 4, 4, 2048, 0, 0, 0, 0, 0, 0, 0, 0, 0, 0, 0, 0, 0, 0, 0, 0, 0, 0, 0, 0, 0, 0, 0, 0, 0]",6144,128,0.0,0.0,22106736523,22106745977,22950608537,22952026083,0,672,672,1144641,1,9454,1417546,96,64,64,3
201,1,"[8, 96, 4, 4, 2048, 0, 0, 0, 0, 0, 8, 512, 2048, 0, 0, 0, 0, 0, 0, 0, 8, 512, 0, 0, 0, 0, 0, 0, 0, 0]",96,128,3221225472.0,27000832.0,22106905248,22106915351,22952026755,22967774161,25600,639,639,1144642,1,10103,15747406,96,64,64,3
201,1,"[8, 96, 4, 4, 2048, 0, 0, 0, 0, 0, 8, 512, 2048, 0, 0, 0, 0, 0, 0, 0, 8, 512, 0, 0, 0, 0, 0, 0, 0, 0]",3072,128,786432.0,12582912.0,22106940650,22106947771,22967774800,22967824688,0,704,704,1144646,1,7121,49888,96,64,64,3
23,1,"[8, 512, 1, 1, 0, 0, 0, 0, 0, 0, 0, 0, 0, 0, 0, 8, 96, 512, 4, 4, 0, 0, 0, 0, 0, 0, 0, 0, 0, 0]",3072,128,786432.0,12587008.0,22107171647,22107183163,22967825392,22967880591,0,736,736,1144648,1,11516,55199,96,64,64,3
234,1,"[8, 96, 1, 1, 1, 0, 0, 0, 0, 0, 0, 0, 0, 0, 0, 0, 0, 0, 0, 0, 0, 0, 0, 0, 0, 0, 0, 0, 0, 0]",3072,256,786432.0,12583680.0,22107332074,22107576410,22967881327,22967942638,0,1920,704,1144649,3,30325,60095,96,64,64,3
35,1,"[8, 96, 512, 4, 4, 0, 0, 0, 0, 0, 0, 0, 0, 0, 0, 8, 96, 512, 4, 4, 0, 0, 0, 0, 0, 0, 0, 0, 0, 0]",1536,128,786432.0,18874368.0,22107671790,22107680681,22967943342,22968026956,0,704,704,1144650,1,8891,83614,96,64,64,3
203,1,"[96, 512, 4, 4, 512, 4, 4, 7, 7, 3, 3, 1, 1, 1, 1, 512, 8, 0, 0, 0, 0, 0, 0, 0, 0, 0, 0, 0, 0, 0]",3072,1024,0.0,0.0,22107852036,22107889737,22968027660,22968461094,0,1280,640,1144651,2,17950,432794,96,64,64,3
0,1,"[8, 96, 4, 4, 512, 0, 0, 0, 0, 0, 8, 512, 0, 0, 0, 0, 0, 0, 0, 0, 8, 512, 0, 0, 0, 0, 0, 0, 0, 0]",3072,512,0.0,0.0,22108267514,22108319842,22968461734,22969225626,1024,1856,672,1144653,3,27713,762708,96,64,64,3
201,1,"[8, 96, 4, 4, 512, 0, 0, 0, 0, 0, 8, 2048, 512, 0, 0, 0, 0, 0, 0, 0, 8, 2048, 0, 0, 0, 0, 0, 0, 0, 0]",384,128,3221225472.0,10485760.0,22108502809,22108514712,22969226298,22982396431,25600,672,672,1144654,1,11903,13170133,96,64,64,3
201,1,"[8, 96, 4, 4, 512, 0, 0, 0, 0, 0, 8, 2048, 512, 0, 0, 0, 0, 0, 0, 0, 8, 2048, 0, 0, 0, 0, 0, 0, 0, 0]",12288,128,3145728.0,50331648.0,22108539665,22108546788,22982397103,22982604460,0,640,640,1144658,1,7123,207357,96,64,64,3
166,1,"[8, 96, 4, 4, 2048, 0, 0, 0, 0, 0, 0, 0, 0, 0, 0, 0, 0, 0, 0, 0, 0, 0, 0, 0, 0, 0, 0, 0, 0, 0]",6144,128,0.0,0.0,22108677662,22108687012,22982605100,22984022934,0,640,640,1144659,1,9350,1417834,96,64,64,3
201,1,"[8, 96, 4, 4, 2048, 0, 0, 0, 0, 0, 8, 512, 2048, 0, 0, 0, 0, 0, 0, 0, 8, 512, 0, 0, 0, 0, 0, 0, 0, 0]",96,128,3221225472.0,27000832.0,22108847425,22108857782,22984023574,22999775171,25600,608,608,1144660,1,10357,15751597,96,64,64,3
201,1,"[8, 96, 4, 4, 2048, 0, 0, 0, 0, 0, 8, 512, 2048, 0, 0, 0, 0, 0, 0, 0, 8, 512, 0, 0, 0, 0, 0, 0, 0, 0]",3072,128,786432.0,12582912.0,22108880939,22108888031,22999775779,22999825538,0,672,672,1144664,1,7092,49759,96,64,64,3
23,1,"[8, 512, 1, 1, 0, 0, 0, 0, 0, 0, 0, 0, 0, 0, 0, 8, 96, 512, 4, 4, 0, 0, 0, 0, 0, 0, 0, 0, 0, 0]",3072,128,786432.0,12587008.0,22109111006,22109122937,22999826210,22999881730,0,607,607,1144666,1,11931,55520,96,64,64,3
234,1,"[8, 96, 1, 1, 1, 0, 0, 0, 0, 0, 0, 0, 0, 0, 0, 0, 0, 0, 0, 0, 0, 0, 0, 0, 0, 0, 0, 0, 0, 0]",3072,256,786432.0,12583680.0,22109274531,22109518235,22999882337,22999943328,0,1793,576,1144667,3,30950,59774,96,64,64,3
35,1,"[8, 96, 512, 4, 4, 0, 0, 0, 0, 0, 0, 0, 0, 0, 0, 8, 96, 512, 4, 4, 0, 0, 0, 0, 0, 0, 0, 0, 0, 0]",1536,128,786432.0,18874368.0,22109617079,22109626015,22999943904,23000027775,0,672,672,1144668,1,8936,83871,96,64,64,3
203,1,"[96, 512, 4, 4, 512, 4, 4, 7, 7, 3, 3, 1, 1, 1, 1, 512, 8, 0, 0, 0, 0, 0, 0, 0, 0, 0, 0, 0, 0, 0]",3072,1024,0.0,0.0,22109972455,22110014159,23000028447,23000461977,0,1375,639,1144669,2,21209,432794,96,64,64,3
0,1,"[8, 96, 4, 4, 512, 0, 0, 0, 0, 0, 8, 512, 0, 0, 0, 0, 0, 0, 0, 0, 8, 512, 0, 0, 0, 0, 0, 0, 0, 0]",3072,512,0.0,0.0,22110387647,22110441775,23000462616,23001228013,1024,1984,607,1144671,3,24787,764020,96,64,64,3
201,1,"[8, 96, 4, 4, 512, 0, 0, 0, 0, 0, 8, 2048, 512, 0, 0, 0, 0, 0, 0, 0, 8, 2048, 0, 0, 0, 0, 0, 0, 0, 0]",384,128,3221225472.0,10485760.0,22110625360,22110637050,23001228620,23014397474,25600,671,671,1144672,1,11690,13168854,96,64,64,3
201,1,"[8, 96, 4, 4, 512, 0, 0, 0, 0, 0, 8, 2048, 512, 0, 0, 0, 0, 0, 0, 0, 8, 2048, 0, 0, 0, 0, 0, 0, 0, 0]",12288,128,3145728.0,50331648.0,22110661302,22110668400,23014398145,23014605214,0,608,608,1144676,1,7098,207069,96,64,64,3
166,1,"[8, 96, 4, 4, 2048, 0, 0, 0, 0, 0, 0, 0, 0, 0, 0, 0, 0, 0, 0, 0, 0, 0, 0, 0, 0, 0, 0, 0, 0, 0]",6144,128,0.0,0.0,22110800307,22110809682,23014605822,23016023081,0,1024,1024,1144677,1,9375,1417259,96,64,64,3
201,1,"[8, 96, 4, 4, 2048, 0, 0, 0, 0, 0, 8, 512, 2048, 0, 0, 0, 0, 0, 0, 0, 8, 512, 0, 0, 0, 0, 0, 0, 0, 0]",96,128,3221225472.0,27000832.0,22110969863,22110980337,23016024105,23031774774,25600,640,640,1144678,1,10474,15750669,96,64,64,3
201,1,"[8, 96, 4, 4, 2048, 0, 0, 0, 0, 0, 8, 512, 2048, 0, 0, 0, 0, 0, 0, 0, 8, 512, 0, 0, 0, 0, 0, 0, 0, 0]",3072,128,786432.0,12582912.0,22111003505,22111010570,23031775414,23031825205,0,640,640,1144682,1,7065,49791,96,64,64,3
23,1,"[8, 512, 1, 1, 0, 0, 0, 0, 0, 0, 0, 0, 0, 0, 0, 8, 96, 512, 4, 4, 0, 0, 0, 0, 0, 0, 0, 0, 0, 0]",3072,128,786432.0,12587008.0,22111235346,22111247005,23031825845,23031881044,0,544,544,1144684,1,11659,55199,96,64,64,3
234,1,"[8, 96, 1, 1, 1, 0, 0, 0, 0, 0, 0, 0, 0, 0, 0, 0, 0, 0, 0, 0, 0, 0, 0, 0, 0, 0, 0, 0, 0, 0]",3072,256,786432.0,12583680.0,22111395279,22111635153,23031881588,23031942675,0,1952,672,1144685,3,30082,59807,96,64,64,3
35,1,"[8, 96, 512, 4, 4, 0, 0, 0, 0, 0, 0, 0, 0, 0, 0, 8, 96, 512, 4, 4, 0, 0, 0, 0, 0, 0, 0, 0, 0, 0]",1536,128,786432.0,18874368.0,22111731028,22111739506,23031943347,23032027122,0,704,704,1144686,1,8478,83775,96,64,64,3
203,1,"[96, 512, 4, 4, 512, 4, 4, 7, 7, 3, 3, 1, 1, 1, 1, 512, 8, 0, 0, 0, 0, 0, 0, 0, 0, 0, 0, 0, 0, 0]",3072,1024,0.0,0.0,22111912197,22111948987,23032027826,23032462091,0,1088,544,1144687,2,17283,433721,96,64,64,3
0,1,"[8, 96, 4, 4, 512, 0, 0, 0, 0, 0, 8, 512, 0, 0, 0, 0, 0, 0, 0, 0, 8, 512, 0, 0, 0, 0, 0, 0, 0, 0]",3072,512,0.0,0.0,22112324594,22112377661,23032462635,23033226975,1024,2080,576,1144689,3,25124,762836,96,64,64,3
201,1,"[8, 96, 4, 4, 512, 0, 0, 0, 0, 0, 8, 2048, 512, 0, 0, 0, 0, 0, 0, 0, 8, 2048, 0, 0, 0, 0, 0, 0, 0, 0]",384,128,3221225472.0,10485760.0,22112560633,22112571635,23033227551,23046397556,25600,608,608,1144690,1,11002,13170005,96,64,64,3
201,1,"[8, 96, 4, 4, 512, 0, 0, 0, 0, 0, 8, 2048, 512, 0, 0, 0, 0, 0, 0, 0, 8, 2048, 0, 0, 0, 0, 0, 0, 0, 0]",12288,128,3145728.0,50331648.0,22112595976,22112603085,23046398164,23046604945,0,704,704,1144694,1,7109,206781,96,64,64,3
166,1,"[8, 96, 4, 4, 2048, 0, 0, 0, 0, 0, 0, 0, 0, 0, 0, 0, 0, 0, 0, 0, 0, 0, 0, 0, 0, 0, 0, 0, 0, 0]",6144,128,0.0,0.0,22112734680,22112744470,23046605649,23048022715,0,640,640,1144695,1,9790,1417066,96,64,64,3
201,1,"[8, 96, 4, 4, 2048, 0, 0, 0, 0, 0, 8, 512, 2048, 0, 0, 0, 0, 0, 0, 0, 8, 512, 0, 0, 0, 0, 0, 0, 0, 0]",96,128,3221225472.0,27000832.0,22112906160,22112916851,23048023355,23063770472,25600,608,608,1144696,1,10691,15747117,96,64,64,3
201,1,"[8, 96, 4, 4, 2048, 0, 0, 0, 0, 0, 8, 512, 2048, 0, 0, 0, 0, 0, 0, 0, 8, 512, 0, 0, 0, 0, 0, 0, 0, 0]",3072,128,786432.0,12582912.0,22112939641,22112946415,23063771080,23063821096,0,704,704,1144700,1,6774,50016,96,64,64,3
23,1,"[8, 512, 1, 1, 0, 0, 0, 0, 0, 0, 0, 0, 0, 0, 0, 8, 96, 512, 4, 4, 0, 0, 0, 0, 0, 0, 0, 0, 0, 0]",3072,128,786432.0,12587008.0,22113168499,22113182346,23063821800,23063876871,0,671,671,1144702,1,13847,55071,96,64,64,3
234,1,"[8, 96, 1, 1, 1, 0, 0, 0, 0, 0, 0, 0, 0, 0, 0, 0, 0, 0, 0, 0, 0, 0, 0, 0, 0, 0, 0, 0, 0, 0]",3072,256,786432.0,12583680.0,22113331624,22113570039,23063877542,23063938662,0,1854,543,1144703,3,30165,59809,96,64,64,3
35,1,"[8, 96, 512, 4, 4, 0, 0, 0, 0, 0, 0, 0, 0, 0, 0, 8, 96, 512, 4, 4, 0, 0, 0, 0, 0, 0, 0, 0, 0, 0]",1536,128,786432.0,18874368.0,22113668014,22113676808,23063939205,23064023108,0,640,640,1144704,1,8794,83903,96,64,64,3
203,1,"[96, 512, 4, 4, 512, 4, 4, 7, 7, 3, 3, 1, 1, 1, 1, 512, 8, 0, 0, 0, 0, 0, 0, 0, 0, 0, 0, 0, 0, 0]",3072,1024,0.0,0.0,22113848345,22113885446,23064023748,23064457342,0,1248,672,1144705,2,17845,433018,96,64,64,3
0,1,"[8, 96, 4, 4, 512, 0, 0, 0, 0, 0, 8, 512, 0, 0, 0, 0, 0, 0, 0, 0, 8, 512, 0, 0, 0, 0, 0, 0, 0, 0]",3072,512,0.0,0.0,22114251337,22114303338,23064458014,23065221458,1024,1888,608,1144707,3,27235,762164,96,64,64,3
201,1,"[8, 96, 4, 4, 512, 0, 0, 0, 0, 0, 8, 2048, 512, 0, 0, 0, 0, 0, 0, 0, 8, 2048, 0, 0, 0, 0, 0, 0, 0, 0]",384,128,3221225472.0,10485760.0,22114491057,22114502945,23065222066,23078389575,25600,608,608,1144708,1,11888,13167509,96,64,64,3
201,1,"[8, 96, 4, 4, 512, 0, 0, 0, 0, 0, 8, 2048, 512, 0, 0, 0, 0, 0, 0, 0, 8, 2048, 0, 0, 0, 0, 0, 0, 0, 0]",12288,128,3145728.0,50331648.0,22114526716,22114533428,23078390183,23078596996,0,576,576,1144712,1,6712,206813,96,64,64,3
166,1,"[8, 96, 4, 4, 2048, 0, 0, 0, 0, 0, 0, 0, 0, 0, 0, 0, 0, 0, 0, 0, 0, 0, 0, 0, 0, 0, 0, 0, 0, 0]",6144,128,0.0,0.0,22114667430,22114677005,23078597572,23080015118,0,704,704,1144713,1,9575,1417546,96,64,64,3
201,1,"[8, 96, 4, 4, 2048, 0, 0, 0, 0, 0, 8, 512, 2048, 0, 0, 0, 0, 0, 0, 0, 8, 512, 0, 0, 0, 0, 0, 0, 0, 0]",96,128,3221225472.0,27000832.0,22114834452,22114844608,23080015822,23095766427,25600,640,640,1144714,1,10156,15750605,96,64,64,3
201,1,"[8, 96, 4, 4, 2048, 0, 0, 0, 0, 0, 8, 512, 2048, 0, 0, 0, 0, 0, 0, 0, 8, 512, 0, 0, 0, 0, 0, 0, 0, 0]",3072,128,786432.0,12582912.0,22114867576,22114874369,23095767067,23095816890,0,576,576,1144718,1,6793,49823,96,64,64,3
23,1,"[8, 512, 1, 1, 0, 0, 0, 0, 0, 0, 0, 0, 0, 0, 0, 8, 96, 512, 4, 4, 0, 0, 0, 0, 0, 0, 0, 0, 0, 0]",3072,128,786432.0,12587008.0,22115096286,22115107633,23095817466,23095873049,0,672,672,1144720,1,11347,55583,96,64,64,3
234,1,"[8, 96, 1, 1, 1, 0, 0, 0, 0, 0, 0, 0, 0, 0, 0, 0, 0, 0, 0, 0, 0, 0, 0, 0, 0, 0, 0, 0, 0, 0]",3072,256,786432.0,12583680.0,22115254401,22115493530,23095873721,23095935608,0,1952,672,1144721,3,29821,60607,96,64,64,3
35,1,"[8, 96, 512, 4, 4, 0, 0, 0, 0, 0, 0, 0, 0, 0, 0, 8, 96, 512, 4, 4, 0, 0, 0, 0, 0, 0, 0, 0, 0, 0]",1536,128,786432.0,18874368.0,22115588253,22115596620,23095936280,23096019159,0,736,736,1144722,1,8367,82879,96,64,64,3
203,1,"[96, 512, 4, 4, 512, 4, 4, 7, 7, 3, 3, 1, 1, 1, 1, 512, 8, 0, 0, 0, 0, 0, 0, 0, 0, 0, 0, 0, 0, 0]",3072,1024,0.0,0.0,22115914575,22115955456,23096019895,23096453648,0,1376,704,1144723,2,20840,433081,96,64,64,3
0,1,"[8, 96, 4, 4, 512, 0, 0, 0, 0, 0, 8, 512, 0, 0, 0, 0, 0, 0, 0, 0, 8, 512, 0, 0, 0, 0, 0, 0, 0, 0]",3072,512,0.0,0.0,22116338678,22116389979,23096454352,23097218756,1024,1951,704,1144725,3,24906,763157,96,64,64,3
201,1,"[8, 96, 4, 4, 512, 0, 0, 0, 0, 0, 8, 2048, 512, 0, 0, 0, 0, 0, 0, 0, 8, 2048, 0, 0, 0, 0, 0, 0, 0, 0]",384,128,3221225472.0,10485760.0,22116571482,22116582550,23097219460,23110387226,25600,608,608,1144726,1,11068,13167766,96,64,64,3
201,1,"[8, 96, 4, 4, 512, 0, 0, 0, 0, 0, 8, 2048, 512, 0, 0, 0, 0, 0, 0, 0, 8, 2048, 0, 0, 0, 0, 0, 0, 0, 0]",12288,128,3145728.0,50331648.0,22116606588,22116613388,23110387834,23110594678,0,704,704,1144730,1,6800,206844,96,64,64,3
166,1,"[8, 96, 4, 4, 2048, 0, 0, 0, 0, 0, 0, 0, 0, 0, 0, 0, 0, 0, 0, 0, 0, 0, 0, 0, 0, 0, 0, 0, 0, 0]",6144,128,0.0,0.0,22116742960,22116752515,23110595382,23112012289,0,607,607,1144731,1,9555,1416907,96,64,64,3
201,1,"[8, 96, 4, 4, 2048, 0, 0, 0, 0, 0, 8, 512, 2048, 0, 0, 0, 0, 0, 0, 0, 8, 512, 0, 0, 0, 0, 0, 0, 0, 0]",96,128,3221225472.0,27000832.0,22116912587,22116923002,23112012896,23127759853,25600,641,641,1144732,1,10415,15746957,96,64,64,3
201,1,"[8, 96, 4, 4, 2048, 0, 0, 0, 0, 0, 8, 512, 2048, 0, 0, 0, 0, 0, 0, 0, 8, 512, 0, 0, 0, 0, 0, 0, 0, 0]",3072,128,786432.0,12582912.0,22116945579,22116954258,23127760494,23127810349,0,576,576,1144736,1,8679,49855,96,64,64,3
23,1,"[8, 512, 1, 1, 0, 0, 0, 0, 0, 0, 0, 0, 0, 0, 0, 8, 96, 512, 4, 4, 0, 0, 0, 0, 0, 0, 0, 0, 0, 0]",3072,128,786432.0,12587008.0,22117175652,22117187339,23127810925,23127865900,0,672,672,1144738,1,11687,54975,96,64,64,3
234,1,"[8, 96, 1, 1, 1, 0, 0, 0, 0, 0, 0, 0, 0, 0, 0, 0, 0, 0, 0, 0, 0, 0, 0, 0, 0, 0, 0, 0, 0, 0]",3072,256,786432.0,12583680.0,22117333993,22117577863,23127866572,23127927659,0,1824,608,1144739,3,29715,59871,96,64,64,3
35,1,"[8, 96, 512, 4, 4, 0, 0, 0, 0, 0, 0, 0, 0, 0, 0, 8, 96, 512, 4, 4, 0, 0, 0, 0, 0, 0, 0, 0, 0, 0]",1536,128,786432.0,18874368.0,22117673690,22117682188,23127928267,23128011210,0,671,671,1144740,1,8498,82943,96,64,64,3
203,1,"[96, 512, 4, 4, 512, 4, 4, 7, 7, 3, 3, 1, 1, 1, 1, 512, 8, 0, 0, 0, 0, 0, 0, 0, 0, 0, 0, 0, 0, 0]",3072,1024,0.0,0.0,22117858286,22117898707,23128011881,23128445667,0,1216,576,1144741,2,20449,433146,96,64,64,3
0,1,"[8, 96, 4, 4, 512, 0, 0, 0, 0, 0, 8, 512, 0, 0, 0, 0, 0, 0, 0, 0, 8, 512, 0, 0, 0, 0, 0, 0, 0, 0]",3072,512,0.0,0.0,22118265641,22118315150,23128446243,23129211095,1024,1792,576,1144743,3,24183,763636,96,64,64,3
201,1,"[8, 96, 4, 4, 512, 0, 0, 0, 0, 0, 8, 2048, 512, 0, 0, 0, 0, 0, 0, 0, 8, 2048, 0, 0, 0, 0, 0, 0, 0, 0]",384,128,3221225472.0,10485760.0,22118497899,22118509211,23129211671,23142382220,25600,704,704,1144744,1,11312,13170549,96,64,64,3
201,1,"[8, 96, 4, 4, 512, 0, 0, 0, 0, 0, 8, 2048, 512, 0, 0, 0, 0, 0, 0, 0, 8, 2048, 0, 0, 0, 0, 0, 0, 0, 0]",12288,128,3145728.0,50331648.0,22118532750,22118539797,23142382924,23142589513,0,640,640,1144748,1,7047,206589,96,64,64,3
166,1,"[8, 96, 4, 4, 2048, 0, 0, 0, 0, 0, 0, 0, 0, 0, 0, 0, 0, 0, 0, 0, 0, 0, 0, 0, 0, 0, 0, 0, 0, 0]",6144,128,0.0,0.0,22118671045,22118680419,23142590153,23144007155,0,640,640,1144749,1,9374,1417002,96,64,64,3
201,1,"[8, 96, 4, 4, 2048, 0, 0, 0, 0, 0, 8, 512, 2048, 0, 0, 0, 0, 0, 0, 0, 8, 512, 0, 0, 0, 0, 0, 0, 0, 0]",96,128,3221225472.0,27000832.0,22118840508,22118852722,23144007795,23159754208,25600,736,736,1144750,1,12214,15746413,96,64,64,3
201,1,"[8, 96, 4, 4, 2048, 0, 0, 0, 0, 0, 8, 512, 2048, 0, 0, 0, 0, 0, 0, 0, 8, 512, 0, 0, 0, 0, 0, 0, 0, 0]",3072,128,786432.0,12582912.0,22118875500,22118882438,23159754944,23159804607,0,576,576,1144754,1,6938,49663,96,64,64,3
23,1,"[8, 512, 1, 1, 0, 0, 0, 0, 0, 0, 0, 0, 0, 0, 0, 8, 96, 512, 4, 4, 0, 0, 0, 0, 0, 0, 0, 0, 0, 0]",3072,128,786432.0,12587008.0,22119108155,22119119490,23159805183,23159859903,0,639,639,1144756,1,11335,54720,96,64,64,3
234,1,"[8, 96, 1, 1, 1, 0, 0, 0, 0, 0, 0, 0, 0, 0, 0, 0, 0, 0, 0, 0, 0, 0, 0, 0, 0, 0, 0, 0, 0, 0]",3072,256,786432.0,12583680.0,22119267633,22119506522,23159860542,23159921789,0,1856,577,1144757,3,29154,59968,96,64,64,3
35,1,"[8, 96, 512, 4, 4, 0, 0, 0, 0, 0, 0, 0, 0, 0, 0, 8, 96, 512, 4, 4, 0, 0, 0, 0, 0, 0, 0, 0, 0, 0]",1536,128,786432.0,18874368.0,22119603718,22119612104,23159922366,23160005916,0,609,609,1144758,1,8386,83550,96,64,64,3
203,1,"[96, 512, 4, 4, 512, 4, 4, 7, 7, 3, 3, 1, 1, 1, 1, 512, 8, 0, 0, 0, 0, 0, 0, 0, 0, 0, 0, 0, 0, 0]",3072,1024,0.0,0.0,22119784843,22119825062,23160006525,23160441237,0,1346,673,1144759,2,17534,434039,96,64,64,3
0,1,"[8, 96, 4, 4, 512, 0, 0, 0, 0, 0, 8, 512, 0, 0, 0, 0, 0, 0, 0, 0, 8, 512, 0, 0, 0, 0, 0, 0, 0, 0]",3072,512,0.0,0.0,22120197172,22120246963,23160441910,23161206154,1024,1855,608,1144761,3,25254,762997,96,64,64,3
201,1,"[8, 96, 4, 4, 512, 0, 0, 0, 0, 0, 8, 2048, 512, 0, 0, 0, 0, 0, 0, 0, 8, 2048, 0, 0, 0, 0, 0, 0, 0, 0]",384,128,3221225472.0,10485760.0,22120430150,22120441367,23161206762,23174383583,25600,704,704,1144762,1,11217,13176821,96,64,64,3
201,1,"[8, 96, 4, 4, 512, 0, 0, 0, 0, 0, 8, 2048, 512, 0, 0, 0, 0, 0, 0, 0, 8, 2048, 0, 0, 0, 0, 0, 0, 0, 0]",12288,128,3145728.0,50331648.0,22120465398,22120472484,23174384287,23174591004,0,639,639,1144766,1,7086,206717,96,64,64,3
166,1,"[8, 96, 4, 4, 2048, 0, 0, 0, 0, 0, 0, 0, 0, 0, 0, 0, 0, 0, 0, 0, 0, 0, 0, 0, 0, 0, 0, 0, 0, 0]",6144,128,0.0,0.0,22120606832,22120616262,23174591643,23176008838,0,704,704,1144767,1,9430,1417195,96,64,64,3
201,1,"[8, 96, 4, 4, 2048, 0, 0, 0, 0, 0, 8, 512, 2048, 0, 0, 0, 0, 0, 0, 0, 8, 512, 0, 0, 0, 0, 0, 0, 0, 0]",96,128,3221225472.0,27000832.0,22120780670,22120791116,23176009542,23191758099,25600,704,704,1144768,1,10446,15748557,96,64,64,3
201,1,"[8, 96, 4, 4, 2048, 0, 0, 0, 0, 0, 8, 512, 2048, 0, 0, 0, 0, 0, 0, 0, 8, 512, 0, 0, 0, 0, 0, 0, 0, 0]",3072,128,786432.0,12582912.0,22120813420,22120819976,23191758803,23191808562,0,672,672,1144772,1,6556,49759,96,64,64,3
23,1,"[8, 512, 1, 1, 0, 0, 0, 0, 0, 0, 0, 0, 0, 0, 0, 8, 96, 512, 4, 4, 0, 0, 0, 0, 0, 0, 0, 0, 0, 0]",3072,128,786432.0,12587008.0,22121039235,22121050389,23191809234,23191864689,0,544,544,1144774,1,11154,55455,96,64,64,3
234,1,"[8, 96, 1, 1, 1, 0, 0, 0, 0, 0, 0, 0, 0, 0, 0, 0, 0, 0, 0, 0, 0, 0, 0, 0, 0, 0, 0, 0, 0, 0]",3072,256,786432.0,12583680.0,22121196972,22121438156,23191865233,23191926544,0,1888,640,1144775,3,29250,60063,96,64,64,3
35,1,"[8, 96, 512, 4, 4, 0, 0, 0, 0, 0, 0, 0, 0, 0, 0, 8, 96, 512, 4, 4, 0, 0, 0, 0, 0, 0, 0, 0, 0, 0]",1536,128,786432.0,18874368.0,22121534806,22121543387,23191927184,23192011215,0,576,576,1144776,1,8581,84031,96,64,64,3
0,1,"[8, 96, 4, 4, 512, 0, 0, 0, 0, 0, 8, 512, 0, 0, 0, 0, 0, 0, 0, 0, 8, 512, 0, 0, 0, 0, 0, 0, 0, 0]",1536,512,0.0,0.0,22122013994,22122035949,23192011791,23192718180,1024,1280,608,1144778,2,20865,705717,96,64,64,3
203,1,"[96, 512, 4, 4, 1024, 2, 2, 2, 2, 0, 0, 2, 2, 1, 1, 1, 8, 0, 0, 0, 0, 0, 0, 0, 0, 0, 0, 0, 0, 0]",3072,256,0.0,0.0,22122292543,22122459751,23192718788,23203356000,18688,2240,640,1144780,3,29160,10635612,96,64,64,3
203,1,"[96, 1024, 2, 2, 1024, 2, 2, 7, 7, 3, 3, 1, 1, 1, 1, 1024, 8, 0, 0, 0, 0, 0, 0, 0, 0, 0, 0, 0, 0, 0]",384,1024,0.0,0.0,22122660032,22122671573,23203356640,23203488318,0,672,672,1144781,1,11541,131678,96,64,64,3
0,1,"[8, 96, 2, 2, 1024, 0, 0, 0, 0, 0, 8, 1024, 0, 0, 0, 0, 0, 0, 0, 0, 8, 1024, 0, 0, 0, 0, 0, 0, 0, 0]",1536,512,0.0,0.0,22123029570,22123081354,23203488990,23203734842,1024,1985,672,1144783,3,25072,244539,96,64,64,3
201,1,"[8, 96, 2, 2, 1024, 0, 0, 0, 0, 0, 8, 4096, 1024, 0, 0, 0, 0, 0, 0, 0, 8, 4096, 0, 0, 0, 0, 0, 0, 0, 0]",192,128,3221225472.0,8912896.0,22123265530,22123276883,23203735514,23216908079,25600,736,736,1144784,1,11353,13172565,96,64,64,3
201,1,"[8, 96, 2, 2, 1024, 0, 0, 0, 0, 0, 8, 4096, 1024, 0, 0, 0, 0, 0, 0, 0, 8, 4096, 0, 0, 0, 0, 0, 0, 0, 0]",6144,128,1572864.0,25165824.0,22123301002,22123308008,23216908815,23217015149,0,576,576,1144788,1,7006,106334,96,64,64,3
166,1,"[8, 96, 2, 2, 4096, 0, 0, 0, 0, 0, 0, 0, 0, 0, 0, 0, 0, 0, 0, 0, 0, 0, 0, 0, 0, 0, 0, 0, 0, 0]",3072,128,0.0,0.0,22123441094,22123450823,23217015725,23217730850,0,2784,2784,1144789,1,9729,715125,96,64,64,3
201,1,"[8, 96, 2, 2, 4096, 0, 0, 0, 0, 0, 8, 1024, 4096, 0, 0, 0, 0, 0, 0, 0, 8, 1024, 0, 0, 0, 0, 0, 0, 0, 0]",96,128,3221225472.0,17170432.0,22123631040,22123640439,23217733634,23233488079,25600,704,704,1144790,1,9399,15754445,96,64,64,3
201,1,"[8, 96, 2, 2, 4096, 0, 0, 0, 0, 0, 8, 1024, 4096, 0, 0, 0, 0, 0, 0, 0, 8, 1024, 0, 0, 0, 0, 0, 0, 0, 0]",1536,128,393216.0,6291456.0,22123667713,22123677470,23233488783,23233510831,0,672,672,1144794,1,9757,22048,96,64,64,3
23,1,"[8, 1024, 1, 1, 0, 0, 0, 0, 0, 0, 0, 0, 0, 0, 0, 8, 96, 1024, 2, 2, 0, 0, 0, 0, 0, 0, 0, 0, 0, 0]",1536,128,393216.0,6299648.0,22123908680,22123920814,23233511503,23233534063,0,576,576,1144796,1,12134,22560,96,64,64,3
234,1,"[8, 96, 1, 1, 1, 0, 0, 0, 0, 0, 0, 0, 0, 0, 0, 0, 0, 0, 0, 0, 0, 0, 0, 0, 0, 0, 0, 0, 0, 0]",1536,256,393216.0,6292224.0,22124071580,22124323293,23233534639,23233568014,0,1824,640,1144797,3,31263,32191,96,64,64,3
35,1,"[8, 96, 1024, 2, 2, 0, 0, 0, 0, 0, 0, 0, 0, 0, 0, 8, 96, 1024, 2, 2, 0, 0, 0, 0, 0, 0, 0, 0, 0, 0]",1536,128,393216.0,9437184.0,22124420913,22124429595,23233568654,23233610126,0,704,704,1144798,1,8682,41472,96,64,64,3
203,1,"[96, 1024, 2, 2, 1024, 2, 2, 7, 7, 3, 3, 1, 1, 1, 1, 1024, 8, 0, 0, 0, 0, 0, 0, 0, 0, 0, 0, 0, 0, 0]",1536,1024,0.0,0.0,22124600502,22124637841,23233610830,23233774443,0,1216,608,1144799,2,17511,163005,96,64,64,3
0,1,"[8, 96, 2, 2, 1024, 0, 0, 0, 0, 0, 8, 1024, 0, 0, 0, 0, 0, 0, 0, 0, 8, 1024, 0, 0, 0, 0, 0, 0, 0, 0]",1536,512,0.0,0.0,22125009424,22125058333,23233775051,23234021287,1024,1855,576,1144801,3,25076,244957,96,64,64,3
201,1,"[8, 96, 2, 2, 1024, 0, 0, 0, 0, 0, 8, 4096, 1024, 0, 0, 0, 0, 0, 0, 0, 8, 4096, 0, 0, 0, 0, 0, 0, 0, 0]",192,128,3221225472.0,8912896.0,22125239734,22125251053,23234021863,23247197148,25600,768,768,1144802,1,11319,13175285,96,64,64,3
201,1,"[8, 96, 2, 2, 1024, 0, 0, 0, 0, 0, 8, 4096, 1024, 0, 0, 0, 0, 0, 0, 0, 8, 4096, 0, 0, 0, 0, 0, 0, 0, 0]",6144,128,1572864.0,25165824.0,22125274941,22125282106,23247197916,23247304250,0,576,576,1144806,1,7165,106334,96,64,64,3
166,1,"[8, 96, 2, 2, 4096, 0, 0, 0, 0, 0, 0, 0, 0, 0, 0, 0, 0, 0, 0, 0, 0, 0, 0, 0, 0, 0, 0, 0, 0, 0]",3072,128,0.0,0.0,22125414807,22125424039,23247304826,23248020143,0,2880,2880,1144807,1,9232,715317,96,64,64,3
201,1,"[8, 96, 2, 2, 4096, 0, 0, 0, 0, 0, 8, 1024, 4096, 0, 0, 0, 0, 0, 0, 0, 8, 1024, 0, 0, 0, 0, 0, 0, 0, 0]",96,128,3221225472.0,17170432.0,22125601373,22125610668,23248023023,23263779356,25600,672,672,1144808,1,9295,15756333,96,64,64,3
201,1,"[8, 96, 2, 2, 4096, 0, 0, 0, 0, 0, 8, 1024, 4096, 0, 0, 0, 0, 0, 0, 0, 8, 1024, 0, 0, 0, 0, 0, 0, 0, 0]",1536,128,393216.0,6291456.0,22125638214,22125645789,23263780028,23263802428,0,640,640,1144812,1,7575,22400,96,64,64,3
23,1,"[8, 1024, 1, 1, 0, 0, 0, 0, 0, 0, 0, 0, 0, 0, 0, 8, 96, 1024, 2, 2, 0, 0, 0, 0, 0, 0, 0, 0, 0, 0]",1536,128,393216.0,6299648.0,22125876126,22125888105,23263803068,23263821468,0,607,607,1144814,1,11979,18400,96,64,64,3
234,1,"[8, 96, 1, 1, 1, 0, 0, 0, 0, 0, 0, 0, 0, 0, 0, 0, 0, 0, 0, 0, 0, 0, 0, 0, 0, 0, 0, 0, 0, 0]",1536,256,393216.0,6292224.0,22126036208,22126276139,23263822075,23263855931,0,2176,576,1144815,3,29802,32256,96,64,64,3
35,1,"[8, 96, 1024, 2, 2, 0, 0, 0, 0, 0, 0, 0, 0, 0, 0, 8, 96, 1024, 2, 2, 0, 0, 0, 0, 0, 0, 0, 0, 0, 0]",768,128,393216.0,9437184.0,22126371838,22126380405,23263856507,23263896090,0,609,609,1144816,1,8567,39583,96,64,64,3
203,1,"[96, 1024, 2, 2, 1024, 2, 2, 7, 7, 3, 3, 1, 1, 1, 1, 1024, 8, 0, 0, 0, 0, 0, 0, 0, 0, 0, 0, 0, 0, 0]",1536,1024,0.0,0.0,22126549046,22126588625,23263896699,23264057336,0,1408,704,1144817,2,17878,159933,96,64,64,3
0,1,"[8, 96, 2, 2, 1024, 0, 0, 0, 0, 0, 8, 1024, 0, 0, 0, 0, 0, 0, 0, 0, 8, 1024, 0, 0, 0, 0, 0, 0, 0, 0]",1536,512,0.0,0.0,22126953832,22127002586,23264058040,23264304340,1024,1919,672,1144819,3,24097,245053,96,64,64,3
201,1,"[8, 96, 2, 2, 1024, 0, 0, 0, 0, 0, 8, 4096, 1024, 0, 0, 0, 0, 0, 0, 0, 8, 4096, 0, 0, 0, 0, 0, 0, 0, 0]",192,128,3221225472.0,8912896.0,22127185343,22127196963,23264305012,23277479433,25600,640,640,1144820,1,11620,13174421,96,64,64,3
201,1,"[8, 96, 2, 2, 1024, 0, 0, 0, 0, 0, 8, 4096, 1024, 0, 0, 0, 0, 0, 0, 0, 8, 4096, 0, 0, 0, 0, 0, 0, 0, 0]",6144,128,1572864.0,25165824.0,22127221067,22127227860,23277480073,23277586407,0,608,608,1144824,1,6793,106334,96,64,64,3
166,1,"[8, 96, 2, 2, 4096, 0, 0, 0, 0, 0, 0, 0, 0, 0, 0, 0, 0, 0, 0, 0, 0, 0, 0, 0, 0, 0, 0, 0, 0, 0]",3072,128,0.0,0.0,22127361705,22127373761,23277587015,23278302172,0,3072,3072,1144825,1,12056,715157,96,64,64,3
201,1,"[8, 96, 2, 2, 4096, 0, 0, 0, 0, 0, 8, 1024, 4096, 0, 0, 0, 0, 0, 0, 0, 8, 1024, 0, 0, 0, 0, 0, 0, 0, 0]",96,128,3221225472.0,17170432.0,22127686300,22127697999,23278305244,23294061898,25600,671,671,1144826,1,11699,15756654,96,64,64,3
201,1,"[8, 96, 2, 2, 4096, 0, 0, 0, 0, 0, 8, 1024, 4096, 0, 0, 0, 0, 0, 0, 0, 8, 1024, 0, 0, 0, 0, 0, 0, 0, 0]",1536,128,393216.0,6291456.0,22127726771,22127734337,23294062569,23294084617,0,608,608,1144830,1,7566,22048,96,64,64,3
23,1,"[8, 1024, 1, 1, 0, 0, 0, 0, 0, 0, 0, 0, 0, 0, 0, 8, 96, 1024, 2, 2, 0, 0, 0, 0, 0, 0, 0, 0, 0, 0]",1536,128,393216.0,6299648.0,22127970146,22127982180,23294085225,23294105737,0,671,671,1144832,1,12034,20512,96,64,64,3
234,1,"[8, 96, 1, 1, 1, 0, 0, 0, 0, 0, 0, 0, 0, 0, 0, 0, 0, 0, 0, 0, 0, 0, 0, 0, 0, 0, 0, 0, 0, 0]",1536,256,393216.0,6292224.0,22128129361,22128378119,23294106408,23294140520,0,2080,576,1144833,3,30905,32608,96,64,64,3
35,1,"[8, 96, 1024, 2, 2, 0, 0, 0, 0, 0, 0, 0, 0, 0, 0, 8, 96, 1024, 2, 2, 0, 0, 0, 0, 0, 0, 0, 0, 0, 0]",768,128,393216.0,9437184.0,22128475669,22128483975,23294141096,23294181320,0,576,576,1144834,1,8306,40224,96,64,64,3
199,1,"[8, 96, 1024, 2, 2, 0, 0, 0, 0, 0, 0, 0, 0, 0, 0, 0, 0, 0, 0, 0, 0, 0, 0, 0, 0, 0, 0, 0, 0, 0]",192,128,0.0,0.0,22128607976,22128619717,23294181896,23294196775,16,576,576,1144835,1,11741,14879,96,64,64,3
0,1,"[8, 96, 1, 1, 1024, 0, 0, 0, 0, 0, 8, 1024, 0, 0, 0, 0, 0, 0, 0, 0, 8, 1024, 0, 0, 0, 0, 0, 0, 0, 0]",96,512,0.0,0.0,22128939732,22128959565,23294197351,23294264422,1024,1184,576,1144838,2,18894,66463,96,64,64,3
201,1,"[8, 96, 1024, 0, 0, 0, 0, 0, 0, 0, 8, 41, 1024, 0, 0, 0, 0, 0, 0, 0, 8, 41, 0, 0, 0, 0, 0, 0, 0, 0]",32,64,8060928.0,832352.0,22129306305,22129320522,23294264998,23294355333,17408,736,736,1144841,1,14217,90335,96,64,64,3
201,1,"[8, 96, 1024, 0, 0, 0, 0, 0, 0, 0, 8, 41, 1024, 0, 0, 0, 0, 0, 0, 0, 8, 41, 0, 0, 0, 0, 0, 0, 0, 0]",12,512,8060928.0,832352.0,22129321933,22129329563,23294356069,23294363173,0,640,640,1144842,1,7630,7104,96,64,64,3
181,1,"[8, 96, 41, 0, 0, 0, 0, 0, 0, 0, 0, 0, 0, 0, 0, 4, 96, 41, 0, 0, 0, 0, 0, 0, 0, 0, 0, 0, 0, 0]",12,512,0.0,0.0,22129472898,22129602646,23294363813,23294393540,16,901746,899154,1144843,5,42006,27135,96,64,64,3
181,2,"[8, 96, 41, 0, 0, 0, 0, 0, 0, 0, 0, 0, 0, 0, 0, 4, 96, 41, 0, 0, 0, 0, 0, 0, 0, 0, 0, 0, 0, 0]",12,128,0.0,0.0,23295274117,23295446015,23295292694,23295451988,0,203103,60351,1144843,4,54068,16542,96,64,64,3
201,2,"[8, 96, 1024, 0, 0, 0, 0, 0, 0, 0, 8, 41, 1024, 0, 0, 0, 0, 0, 0, 0, 8, 41, 0, 0, 0, 0, 0, 0, 0, 0]",32,64,8060928.0,832352.0,23295503885,23295545950,23295512339,23295712880,16896,50335,49695,1144842,2,16387,199901,96,64,64,3
0,2,"[8, 96, 1, 1, 1024, 0, 0, 0, 0, 0, 8, 1024, 0, 0, 0, 0, 0, 0, 0, 0, 8, 1024, 0, 0, 0, 0, 0, 0, 0, 0]",96,256,0.0,0.0,23295754641,23295770104,23295762575,23295821006,0,165886,165310,1144838,2,14387,57855,96,64,64,3
199,2,"[8, 96, 1024, 2, 2, 0, 0, 0, 0, 0, 0, 0, 0, 0, 0, 0, 0, 0, 0, 0, 0, 0, 0, 0, 0, 0, 0, 0, 0, 0]",1536,128,0.0,0.0,23295977980,23295987083,23295986316,23296000299,0,33856,33856,1144835,1,9103,13983,96,64,64,3
234,2,"[8, 96, 1024, 2, 2, 0, 0, 0, 0, 0, 0, 0, 0, 0, 0, 8, 96, 1, 1, 1, 0, 0, 0, 0, 0, 0, 0, 0, 0, 0]",1536,128,393216.0,9437184.0,23296026949,23296033800,23296034155,23296056427,0,7968,7968,1144833,1,6851,22272,96,64,64,3
23,2,"[8, 1024, 1, 1, 0, 0, 0, 0, 0, 0, 0, 0, 0, 0, 0, 8, 96, 1024, 2, 2, 0, 0, 0, 0, 0, 0, 0, 0, 0, 0]",1536,128,393216.0,9437184.0,23296057516,23296079472,23296064395,23296137481,0,26678789,26678117,1144832,2,11962,72414,96,64,64,3
166,2,"[8, 96, 2, 2, 4096, 0, 0, 0, 0, 0, 0, 0, 0, 0, 0, 0, 0, 0, 0, 0, 0, 0, 0, 0, 0, 0, 0, 0, 0, 0]",3072,128,0.0,0.0,23296469851,23296477260,23322815598,23323809375,0,29102719,29102719,1144825,1,7409,993777,96,64,64,3
0,2,"[8, 96, 2, 2, 1024, 0, 0, 0, 0, 0, 8, 1024, 0, 0, 0, 0, 0, 0, 0, 0, 8, 1024, 0, 0, 0, 0, 0, 0, 0, 0]",1536,256,0.0,0.0,23296753013,23296794830,23352912094,23353159578,0,8863,7552,1144819,3,19417,246173,96,64,64,3
203,2,"[96, 1024, 2, 2, 1024, 2, 2, 7, 7, 3, 3, 1, 1, 1, 1, 1024, 8, 0, 0, 0, 0, 0, 0, 0, 0, 0, 0, 0, 0, 0]",50176,1024,0.0,0.0,23296905926,23296986870,23353167130,23355496566,16,59008,56447,1144817,5,30137,2326875,96,64,64,3
234,2,"[8, 96, 1024, 2, 2, 0, 0, 0, 0, 0, 0, 0, 0, 0, 0, 8, 96, 1, 1, 1, 0, 0, 0, 0, 0, 0, 0, 0, 0, 0]",1536,128,393216.0,9437184.0,23297089293,23297095475,23355553013,23355579957,0,576,576,1144815,1,6182,26944,96,64,64,3
23,2,"[8, 1024, 1, 1, 0, 0, 0, 0, 0, 0, 0, 0, 0, 0, 0, 8, 96, 1024, 2, 2, 0, 0, 0, 0, 0, 0, 0, 0, 0, 0]",1536,128,393216.0,9437184.0,23297120091,23297140129,23355580533,23355653876,0,26528327,26527719,1144814,2,11110,72735,96,64,64,3
166,2,"[8, 96, 2, 2, 4096, 0, 0, 0, 0, 0, 0, 0, 0, 0, 0, 0, 0, 0, 0, 0, 0, 0, 0, 0, 0, 0, 0, 0, 0, 0]",3072,128,0.0,0.0,23297461471,23297467944,23382181595,23383174859,0,29098368,29098368,1144807,1,6473,993264,96,64,64,3
0,2,"[8, 96, 2, 2, 1024, 0, 0, 0, 0, 0, 8, 1024, 0, 0, 0, 0, 0, 0, 0, 0, 8, 1024, 0, 0, 0, 0, 0, 0, 0, 0]",1536,256,0.0,0.0,23297730512,23297768073,23412273227,23412516039,0,9024,7808,1144801,3,16845,241596,96,64,64,3
203,2,"[96, 1024, 2, 2, 1024, 2, 2, 7, 7, 3, 3, 1, 1, 1, 1, 1024, 8, 0, 0, 0, 0, 0, 0, 0, 0, 0, 0, 0, 0, 0]",50176,1024,0.0,0.0,23297876638,23297953816,23412523847,23414852707,16,58367,56031,1144799,5,28208,2326524,96,64,64,3
234,2,"[8, 96, 1024, 2, 2, 0, 0, 0, 0, 0, 0, 0, 0, 0, 0, 8, 96, 1, 1, 1, 0, 0, 0, 0, 0, 0, 0, 0, 0, 0]",1536,128,393216.0,9437184.0,23298052535,23298058660,23414908738,23414935586,0,704,704,1144797,1,6125,26848,96,64,64,3
23,2,"[8, 1024, 1, 1, 0, 0, 0, 0, 0, 0, 0, 0, 0, 0, 0, 8, 96, 1024, 2, 2, 0, 0, 0, 0, 0, 0, 0, 0, 0, 0]",1536,128,393216.0,9437184.0,23298080446,23298099468,23414936290,23415009664,0,26533479,26532807,1144796,2,10442,72702,96,64,64,3
166,2,"[8, 96, 2, 2, 4096, 0, 0, 0, 0, 0, 0, 0, 0, 0, 0, 0, 0, 0, 0, 0, 0, 0, 0, 0, 0, 0, 0, 0, 0, 0]",3072,128,0.0,0.0,23298420882,23298427338,23441542471,23442535832,0,29102143,29102143,1144789,1,6456,993361,96,64,64,3
0,2,"[8, 96, 2, 2, 1024, 0, 0, 0, 0, 0, 8, 1024, 0, 0, 0, 0, 0, 0, 0, 0, 8, 1024, 0, 0, 0, 0, 0, 0, 0, 0]",1536,256,0.0,0.0,23298685851,23298724191,23471637975,23471882643,0,9056,7808,1144783,3,16430,243420,96,64,64,3
203,2,"[96, 1024, 2, 2, 1024, 2, 2, 7, 7, 3, 3, 1, 1, 1, 1, 1024, 8, 0, 0, 0, 0, 0, 0, 0, 0, 0, 0, 0, 0, 0]",50176,1024,0.0,0.0,23298833572,23298889151,23471890451,23474188208,16,57696,55775,1144781,4,23686,2295836,96,64,64,3
203,2,"[96, 512, 4, 4, 1024, 2, 2, 2, 2, 0, 0, 2, 2, 1, 1, 1, 8, 0, 0, 0, 0, 0, 0, 0, 0, 0, 0, 0, 0, 0]",3072,512,1610612736.0,26214400.0,23298990770,23299233629,23474243983,23532561196,20740,291451,218332,1144780,5,36649,58244094,96,64,64,3
0,2,"[8, 96, 4, 4, 512, 0, 0, 0, 0, 0, 8, 512, 0, 0, 0, 0, 0, 0, 0, 0, 8, 512, 0, 0, 0, 0, 0, 0, 0, 0]",3072,512,0.0,0.0,23299367282,23299390215,23532779528,23533041412,0,9120,7840,1144778,3,16782,260604,96,64,64,3
234,2,"[8, 96, 512, 4, 4, 0, 0, 0, 0, 0, 0, 0, 0, 0, 0, 8, 96, 1, 1, 1, 0, 0, 0, 0, 0, 0, 0, 0, 0, 0]",3072,128,786432.0,18874368.0,23299490657,23299497505,23533049252,23533094116,0,671,671,1144775,1,6848,44864,96,64,64,3
23,2,"[8, 512, 1, 1, 0, 0, 0, 0, 0, 0, 0, 0, 0, 0, 0, 8, 96, 512, 4, 4, 0, 0, 0, 0, 0, 0, 0, 0, 0, 0]",3072,128,786432.0,18874368.0,23299520921,23299541970,23533094787,23533248545,0,27191037,27190397,1144774,2,11280,153118,96,64,64,3
166,2,"[8, 96, 4, 4, 2048, 0, 0, 0, 0, 0, 0, 0, 0, 0, 0, 0, 0, 0, 0, 0, 0, 0, 0, 0, 0, 0, 0, 0, 0, 0]",6144,128,0.0,0.0,23299864375,23299871351,23560438942,23562417824,0,31713078,31713078,1144767,1,6976,1978882,96,64,64,3
0,2,"[8, 96, 4, 4, 512, 0, 0, 0, 0, 0, 8, 512, 0, 0, 0, 0, 0, 0, 0, 0, 8, 512, 0, 0, 0, 0, 0, 0, 0, 0]",3072,512,0.0,0.0,23300126321,23300164850,23594130902,23594389939,0,9087,7839,1144761,3,16991,257789,96,64,64,3
203,2,"[96, 512, 4, 4, 512, 4, 4, 7, 7, 3, 3, 1, 1, 1, 1, 512, 8, 0, 0, 0, 0, 0, 0, 0, 0, 0, 0, 0, 0, 0]",25088,1024,0.0,0.0,23300283771,23300370844,23594397778,23596530001,16,89950,85215,1144759,5,27746,2127488,96,64,64,3
234,2,"[8, 96, 512, 4, 4, 0, 0, 0, 0, 0, 0, 0, 0, 0, 0, 8, 96, 1, 1, 1, 0, 0, 0, 0, 0, 0, 0, 0, 0, 0]",3072,128,786432.0,18874368.0,23300478120,23300484120,23596615216,23596667247,0,576,576,1144757,1,6000,52031,96,64,64,3
23,2,"[8, 512, 1, 1, 0, 0, 0, 0, 0, 0, 0, 0, 0, 0, 0, 8, 96, 512, 4, 4, 0, 0, 0, 0, 0, 0, 0, 0, 0, 0]",3072,128,786432.0,18874368.0,23300505973,23300526229,23596667823,23596823885,0,29090559,29089887,1144756,2,10951,155390,96,64,64,3
166,2,"[8, 96, 4, 4, 2048, 0, 0, 0, 0, 0, 0, 0, 0, 0, 0, 0, 0, 0, 0, 0, 0, 0, 0, 0, 0, 0, 0, 0, 0, 0]",6144,128,0.0,0.0,23300840819,23300847670,23625913772,23627892430,0,29815220,29815220,1144749,1,6851,1978658,96,64,64,3
0,2,"[8, 96, 4, 4, 512, 0, 0, 0, 0, 0, 8, 512, 0, 0, 0, 0, 0, 0, 0, 0, 8, 512, 0, 0, 0, 0, 0, 0, 0, 0]",3072,512,0.0,0.0,23301096238,23301133142,23657707650,23657967390,0,8992,7776,1144743,3,16417,258524,96,64,64,3
203,2,"[96, 512, 4, 4, 512, 4, 4, 7, 7, 3, 3, 1, 1, 1, 1, 512, 8, 0, 0, 0, 0, 0, 0, 0, 0, 0, 0, 0, 0, 0]",25088,1024,0.0,0.0,23301242934,23301326002,23657975166,23660110621,16,90783,85951,1144741,5,27779,2130623,96,64,64,3
234,2,"[8, 96, 512, 4, 4, 0, 0, 0, 0, 0, 0, 0, 0, 0, 0, 8, 96, 1, 1, 1, 0, 0, 0, 0, 0, 0, 0, 0, 0, 0]",3072,128,786432.0,18874368.0,23301432850,23301438894,23660196572,23660248443,0,672,672,1144739,1,6044,51871,96,64,64,3
23,2,"[8, 512, 1, 1, 0, 0, 0, 0, 0, 0, 0, 0, 0, 0, 0, 8, 96, 512, 4, 4, 0, 0, 0, 0, 0, 0, 0, 0, 0, 0]",3072,128,786432.0,18874368.0,23301460627,23301480624,23660249115,23660403224,0,27193885,27193309,1144738,2,10875,153533,96,64,64,3
166,2,"[8, 96, 4, 4, 2048, 0, 0, 0, 0, 0, 0, 0, 0, 0, 0, 0, 0, 0, 0, 0, 0, 0, 0, 0, 0, 0, 0, 0, 0, 0]",6144,128,0.0,0.0,23301789365,23301795928,23687596533,23689574935,0,29820020,29820020,1144731,1,6563,1978402,96,64,64,3
0,2,"[8, 96, 4, 4, 512, 0, 0, 0, 0, 0, 8, 512, 0, 0, 0, 0, 0, 0, 0, 0, 8, 512, 0, 0, 0, 0, 0, 0, 0, 0]",3072,512,0.0,0.0,23302041780,23302081939,23719394955,23719654375,0,8832,7584,1144725,3,16454,258172,96,64,64,3
203,2,"[96, 512, 4, 4, 512, 4, 4, 7, 7, 3, 3, 1, 1, 1, 1, 512, 8, 0, 0, 0, 0, 0, 0, 0, 0, 0, 0, 0, 0, 0]",25088,1024,0.0,0.0,23302187524,23302272092,23719661959,23721793030,16,91197,86270,1144723,5,27973,2126144,96,64,64,3
234,2,"[8, 96, 512, 4, 4, 0, 0, 0, 0, 0, 0, 0, 0, 0, 0, 8, 96, 1, 1, 1, 0, 0, 0, 0, 0, 0, 0, 0, 0, 0]",3072,128,786432.0,18874368.0,23302376704,23302382928,23721879300,23721931812,0,640,640,1144721,1,6224,52512,96,64,64,3
23,2,"[8, 512, 1, 1, 0, 0, 0, 0, 0, 0, 0, 0, 0, 0, 0, 8, 96, 512, 4, 4, 0, 0, 0, 0, 0, 0, 0, 0, 0, 0]",3072,128,786432.0,18874368.0,23302406736,23302426700,23721932452,23722087553,0,27193821,27193245,1144720,2,10627,154525,96,64,64,3
166,2,"[8, 96, 4, 4, 2048, 0, 0, 0, 0, 0, 0, 0, 0, 0, 0, 0, 0, 0, 0, 0, 0, 0, 0, 0, 0, 0, 0, 0, 0, 0]",6144,128,0.0,0.0,23302735340,23302741961,23749280798,23751259616,0,29820212,29820212,1144713,1,6621,1978818,96,64,64,3
0,2,"[8, 96, 4, 4, 512, 0, 0, 0, 0, 0, 8, 512, 0, 0, 0, 0, 0, 0, 0, 0, 8, 512, 0, 0, 0, 0, 0, 0, 0, 0]",3072,512,0.0,0.0,23302991063,23303028022,23781079828,23781338576,0,8768,7488,1144707,3,16968,257468,96,64,64,3
203,2,"[96, 512, 4, 4, 512, 4, 4, 7, 7, 3, 3, 1, 1, 1, 1, 512, 8, 0, 0, 0, 0, 0, 0, 0, 0, 0, 0, 0, 0, 0]",25088,1024,0.0,0.0,23303136328,23303218968,23781346064,23783478031,16,91549,86686,1144705,5,28694,2127104,96,64,64,3
234,2,"[8, 96, 512, 4, 4, 0, 0, 0, 0, 0, 0, 0, 0, 0, 0, 8, 96, 1, 1, 1, 0, 0, 0, 0, 0, 0, 0, 0, 0, 0]",3072,128,786432.0,18874368.0,23303323485,23303329563,23783564717,23783616781,0,671,671,1144703,1,6078,52064,96,64,64,3
23,2,"[8, 512, 1, 1, 0, 0, 0, 0, 0, 0, 0, 0, 0, 0, 0, 8, 96, 512, 4, 4, 0, 0, 0, 0, 0, 0, 0, 0, 0, 0]",3072,128,786432.0,18874368.0,23303351310,23303371167,23783617452,23783772330,0,29089600,29088896,1144702,2,10586,154174,96,64,64,3
166,2,"[8, 96, 4, 4, 2048, 0, 0, 0, 0, 0, 0, 0, 0, 0, 0, 0, 0, 0, 0, 0, 0, 0, 0, 0, 0, 0, 0, 0, 0, 0]",6144,128,0.0,0.0,23303681660,23303688214,23812861226,23814839531,0,29815445,29815445,1144695,1,6554,1978305,96,64,64,3
0,2,"[8, 96, 4, 4, 512, 0, 0, 0, 0, 0, 8, 512, 0, 0, 0, 0, 0, 0, 0, 0, 8, 512, 0, 0, 0, 0, 0, 0, 0, 0]",3072,512,0.0,0.0,23303938776,23303976398,23844654976,23844913531,0,8800,7552,1144689,3,16843,257307,96,64,64,3
203,2,"[96, 512, 4, 4, 512, 4, 4, 7, 7, 3, 3, 1, 1, 1, 1, 512, 8, 0, 0, 0, 0, 0, 0, 0, 0, 0, 0, 0, 0, 0]",25088,1024,0.0,0.0,23304083316,23304165160,23844921083,23847054618,16,91999,87039,1144687,5,27444,2128575,96,64,64,3
234,2,"[8, 96, 512, 4, 4, 0, 0, 0, 0, 0, 0, 0, 0, 0, 0, 8, 96, 1, 1, 1, 0, 0, 0, 0, 0, 0, 0, 0, 0, 0]",3072,128,786432.0,18874368.0,23304281104,23304287245,23847141657,23847193976,0,544,544,1144685,1,6141,52319,96,64,64,3
23,2,"[8, 512, 1, 1, 0, 0, 0, 0, 0, 0, 0, 0, 0, 0, 0, 8, 96, 512, 4, 4, 0, 0, 0, 0, 0, 0, 0, 0, 0, 0]",3072,128,786432.0,18874368.0,23304309204,23304328973,23847194520,23847349238,0,27191709,27191101,1144684,2,10204,154110,96,64,64,3
166,2,"[8, 96, 4, 4, 2048, 0, 0, 0, 0, 0, 0, 0, 0, 0, 0, 0, 0, 0, 0, 0, 0, 0, 0, 0, 0, 0, 0, 0, 0, 0]",6144,128,0.0,0.0,23304636037,23304642261,23874540339,23876519924,0,31743607,31743607,1144677,1,6224,1979585,96,64,64,3
0,2,"[8, 96, 4, 4, 512, 0, 0, 0, 0, 0, 8, 512, 0, 0, 0, 0, 0, 0, 0, 0, 8, 512, 0, 0, 0, 0, 0, 0, 0, 0]",3072,512,0.0,0.0,23304893900,23304932634,23908263531,23908524327,0,8735,7487,1144671,3,16754,259548,96,64,64,3
203,2,"[96, 512, 4, 4, 512, 4, 4, 7, 7, 3, 3, 1, 1, 1, 1, 512, 8, 0, 0, 0, 0, 0, 0, 0, 0, 0, 0, 0, 0, 0]",25088,1024,0.0,0.0,23305038887,23305124336,23908531814,23910663046,16,91165,86142,1144669,5,28855,2126209,96,64,64,3
234,2,"[8, 96, 512, 4, 4, 0, 0, 0, 0, 0, 0, 0, 0, 0, 0, 8, 96, 1, 1, 1, 0, 0, 0, 0, 0, 0, 0, 0, 0, 0]",3072,128,786432.0,18874368.0,23305228534,23305234821,23910749188,23910800995,0,545,545,1144667,1,6287,51807,96,64,64,3
23,2,"[8, 512, 1, 1, 0, 0, 0, 0, 0, 0, 0, 0, 0, 0, 0, 8, 96, 512, 4, 4, 0, 0, 0, 0, 0, 0, 0, 0, 0, 0]",3072,128,786432.0,18874368.0,23305257540,23305278912,23910801540,23910956705,0,29093280,29092640,1144666,2,10821,154525,96,64,64,3
166,2,"[8, 96, 4, 4, 2048, 0, 0, 0, 0, 0, 0, 0, 0, 0, 0, 0, 0, 0, 0, 0, 0, 0, 0, 0, 0, 0, 0, 0, 0, 0]",6144,128,0.0,0.0,23305587321,23305593909,23940049345,23942028514,0,31718935,31718935,1144659,1,6588,1979169,96,64,64,3
0,2,"[8, 96, 4, 4, 512, 0, 0, 0, 0, 0, 8, 512, 0, 0, 0, 0, 0, 0, 0, 0, 8, 512, 0, 0, 0, 0, 0, 0, 0, 0]",3072,512,0.0,0.0,23305848140,23305885150,23973747449,23974008501,0,8896,7616,1144653,3,16554,259772,96,64,64,3
203,2,"[96, 512, 4, 4, 512, 4, 4, 7, 7, 3, 3, 1, 1, 1, 1, 512, 8, 0, 0, 0, 0, 0, 0, 0, 0, 0, 0, 0, 0, 0]",25088,1024,0.0,0.0,23305997081,23306079293,23974016117,23976146388,16,91327,86462,1144651,5,27608,2125406,96,64,64,3
234,2,"[8, 96, 512, 4, 4, 0, 0, 0, 0, 0, 0, 0, 0, 0, 0, 8, 96, 1, 1, 1, 0, 0, 0, 0, 0, 0, 0, 0, 0, 0]",3072,128,786432.0,18874368.0,23306185829,23306191983,23976232850,23976284786,0,576,576,1144649,1,6154,51936,96,64,64,3
23,2,"[8, 512, 1, 1, 0, 0, 0, 0, 0, 0, 0, 0, 0, 0, 0, 8, 96, 512, 4, 4, 0, 0, 0, 0, 0, 0, 0, 0, 0, 0]",3072,128,786432.0,18874368.0,23306213673,23306233801,23976285362,23976440048,0,29094655,29094047,1144648,2,10956,154078,96,64,64,3
166,2,"[8, 96, 4, 4, 2048, 0, 0, 0, 0, 0, 0, 0, 0, 0, 0, 0, 0, 0, 0, 0, 0, 0, 0, 0, 0, 0, 0, 0, 0, 0]",6144,128,0.0,0.0,23306544149,23306550376,24005534095,24007513680,0,31718839,31718839,1144641,1,6227,1979585,96,64,64,3
0,2,"[8, 96, 4, 4, 512, 0, 0, 0, 0, 0, 8, 512, 0, 0, 0, 0, 0, 0, 0, 0, 8, 512, 0, 0, 0, 0, 0, 0, 0, 0]",3072,512,0.0,0.0,23306797527,23306834631,24039232519,24039491907,0,9248,8000,1144635,3,16745,258140,96,64,64,3
203,2,"[96, 512, 4, 4, 512, 4, 4, 7, 7, 3, 3, 1, 1, 1, 1, 512, 8, 0, 0, 0, 0, 0, 0, 0, 0, 0, 0, 0, 0, 0]",25088,1024,0.0,0.0,23306941718,23307024907,24039499907,24041632162,16,91102,86207,1144633,5,27292,2127360,96,64,64,3
234,2,"[8, 96, 512, 4, 4, 0, 0, 0, 0, 0, 0, 0, 0, 0, 0, 8, 96, 1, 1, 1, 0, 0, 0, 0, 0, 0, 0, 0, 0, 0]",3072,128,786432.0,18874368.0,23307129407,23307135532,24041718369,24041770752,0,608,608,1144631,1,6125,52383,96,64,64,3
23,2,"[8, 512, 1, 1, 0, 0, 0, 0, 0, 0, 0, 0, 0, 0, 0, 8, 96, 512, 4, 4, 0, 0, 0, 0, 0, 0, 0, 0, 0, 0]",3072,128,786432.0,18874368.0,23307157595,23307177569,24041771360,24041925822,0,27193180,27192476,1144630,2,10843,153758,96,64,64,3
166,2,"[8, 96, 4, 4, 2048, 0, 0, 0, 0, 0, 0, 0, 0, 0, 0, 0, 0, 0, 0, 0, 0, 0, 0, 0, 0, 0, 0, 0, 0, 0]",6144,128,0.0,0.0,23307486035,23307492304,24069118298,24071097499,0,31749782,31749782,1144623,1,6269,1979201,96,64,64,3
0,2,"[8, 96, 4, 4, 512, 0, 0, 0, 0, 0, 8, 512, 0, 0, 0, 0, 0, 0, 0, 0, 8, 512, 0, 0, 0, 0, 0, 0, 0, 0]",3072,512,0.0,0.0,23307741081,23307778646,24102847281,24103105613,0,8864,7584,1144617,3,17403,257052,96,64,64,3
203,2,"[96, 512, 4, 4, 512, 4, 4, 7, 7, 3, 3, 1, 1, 1, 1, 512, 8, 0, 0, 0, 0, 0, 0, 0, 0, 0, 0, 0, 0, 0]",25088,1024,0.0,0.0,23307884281,23307966787,24103113197,24105244332,16,91293,86622,1144615,5,28232,2126464,96,64,64,3
234,2,"[8, 96, 512, 4, 4, 0, 0, 0, 0, 0, 0, 0, 0, 0, 0, 8, 96, 1, 1, 1, 0, 0, 0, 0, 0, 0, 0, 0, 0, 0]",3072,128,786432.0,18874368.0,23308070640,23308076787,24105330954,24105382986,0,576,576,1144613,1,6147,52032,96,64,64,3
23,2,"[8, 512, 1, 1, 0, 0, 0, 0, 0, 0, 0, 0, 0, 0, 0, 8, 96, 512, 4, 4, 0, 0, 0, 0, 0, 0, 0, 0, 0, 0]",3072,128,786432.0,18874368.0,23308098914,23308119920,24105383562,24105540263,0,29107935,29107231,1144612,2,11972,155997,96,64,64,3
166,2,"[8, 96, 4, 4, 2048, 0, 0, 0, 0, 0, 0, 0, 0, 0, 0, 0, 0, 0, 0, 0, 0, 0, 0, 0, 0, 0, 0, 0, 0, 0]",6144,128,0.0,0.0,23308439974,23308446123,24134647494,24136626119,0,31735926,31735926,1144605,1,6149,1978625,96,64,64,3
0,2,"[8, 96, 4, 4, 512, 0, 0, 0, 0, 0, 8, 512, 0, 0, 0, 0, 0, 0, 0, 0, 8, 512, 0, 0, 0, 0, 0, 0, 0, 0]",3072,512,0.0,0.0,23308694900,23308731190,24168362045,24168619738,0,8863,7552,1144599,3,16096,256382,96,64,64,3
203,2,"[96, 512, 4, 4, 512, 4, 4, 7, 7, 3, 3, 1, 1, 1, 1, 512, 8, 0, 0, 0, 0, 0, 0, 0, 0, 0, 0, 0, 0, 0]",25088,1024,0.0,0.0,23308836863,23308918809,24168627290,24170760728,16,91200,86239,1144597,5,27678,2128477,96,64,64,3
234,2,"[8, 96, 512, 4, 4, 0, 0, 0, 0, 0, 0, 0, 0, 0, 0, 8, 96, 1, 1, 1, 0, 0, 0, 0, 0, 0, 0, 0, 0, 0]",3072,128,786432.0,18874368.0,23309025508,23309031742,24170846967,24170899446,0,608,608,1144595,1,6234,52479,96,64,64,3
23,2,"[8, 512, 1, 1, 0, 0, 0, 0, 0, 0, 0, 0, 0, 0, 0, 8, 96, 512, 4, 4, 0, 0, 0, 0, 0, 0, 0, 0, 0, 0]",3072,128,786432.0,18874368.0,23309056153,23309075631,24170900054,24171054708,0,27196701,27196092,1144594,2,10496,154045,96,64,64,3
166,2,"[8, 96, 4, 4, 2048, 0, 0, 0, 0, 0, 0, 0, 0, 0, 0, 0, 0, 0, 0, 0, 0, 0, 0, 0, 0, 0, 0, 0, 0, 0]",6144,128,0.0,0.0,23309383633,23309391509,24198250800,24200229745,0,31721399,31721399,1144587,1,7876,1978945,96,64,64,3
0,2,"[8, 96, 4, 4, 512, 0, 0, 0, 0, 0, 8, 512, 0, 0, 0, 0, 0, 0, 0, 0, 8, 512, 0, 0, 0, 0, 0, 0, 0, 0]",3072,512,0.0,0.0,23309641456,23309678660,24231951144,24232209924,0,8894,7583,1144581,3,16264,257469,96,64,64,3
203,2,"[96, 512, 4, 4, 512, 4, 4, 7, 7, 3, 3, 1, 1, 1, 1, 512, 8, 0, 0, 0, 0, 0, 0, 0, 0, 0, 0, 0, 0, 0]",25088,1024,0.0,0.0,23309785049,23309867678,24232217507,24234350307,16,90750,85982,1144579,5,27129,2128032,96,64,64,3
234,2,"[8, 96, 512, 4, 4, 0, 0, 0, 0, 0, 0, 0, 0, 0, 0, 8, 96, 1, 1, 1, 0, 0, 0, 0, 0, 0, 0, 0, 0, 0]",3072,128,786432.0,18874368.0,23309973604,23309979791,24234436289,24234487809,0,576,576,1144577,1,6187,51520,96,64,64,3
23,2,"[8, 512, 1, 1, 0, 0, 0, 0, 0, 0, 0, 0, 0, 0, 0, 8, 96, 512, 4, 4, 0, 0, 0, 0, 0, 0, 0, 0, 0, 0]",3072,128,786432.0,18874368.0,23310001958,23310021474,24234488385,24234644606,0,29091935,29091199,1144576,2,10315,155485,96,64,64,3
166,2,"[8, 96, 4, 4, 2048, 0, 0, 0, 0, 0, 0, 0, 0, 0, 0, 0, 0, 0, 0, 0, 0, 0, 0, 0, 0, 0, 0, 0, 0, 0]",6144,128,0.0,0.0,23310328847,23310334948,24263735805,24265714590,0,31715159,31715159,1144569,1,6101,1978785,96,64,64,3
0,2,"[8, 96, 4, 4, 512, 0, 0, 0, 0, 0, 8, 512, 0, 0, 0, 0, 0, 0, 0, 0, 8, 512, 0, 0, 0, 0, 0, 0, 0, 0]",3072,512,0.0,0.0,23310586187,23310624744,24297429749,24297687856,0,8768,7552,1144563,3,17801,256891,96,64,64,3
203,2,"[96, 512, 4, 4, 512, 4, 4, 7, 7, 3, 3, 1, 1, 1, 1, 512, 8, 0, 0, 0, 0, 0, 0, 0, 0, 0, 0, 0, 0, 0]",25088,1024,0.0,0.0,23310734498,23310816851,24297695408,24299826672,16,90654,85822,1144561,5,27087,2126432,96,64,64,3
234,2,"[8, 96, 512, 4, 4, 0, 0, 0, 0, 0, 0, 0, 0, 0, 0, 8, 96, 1, 1, 1, 0, 0, 0, 0, 0, 0, 0, 0, 0, 0]",3072,128,786432.0,18874368.0,23310920342,23310926616,24299912494,24299963949,0,609,609,1144559,1,6274,51455,96,64,64,3
23,2,"[8, 512, 1, 1, 0, 0, 0, 0, 0, 0, 0, 0, 0, 0, 0, 8, 96, 512, 4, 4, 0, 0, 0, 0, 0, 0, 0, 0, 0, 0]",3072,128,786432.0,18874368.0,23310949106,23310969358,24299964558,24300118923,0,29099135,29098559,1144558,2,10627,153789,96,64,64,3
166,2,"[8, 96, 4, 4, 2048, 0, 0, 0, 0, 0, 0, 0, 0, 0, 0, 0, 0, 0, 0, 0, 0, 0, 0, 0, 0, 0, 0, 0, 0, 0]",6144,128,0.0,0.0,23311277145,23311283220,24329217482,24331197003,0,31733526,31733526,1144551,1,6075,1979521,96,64,64,3
0,2,"[8, 96, 4, 4, 512, 0, 0, 0, 0, 0, 8, 512, 0, 0, 0, 0, 0, 0, 0, 0, 8, 512, 0, 0, 0, 0, 0, 0, 0, 0]",3072,512,0.0,0.0,23311531877,23311568767,24362930529,24363189821,0,8799,7584,1144545,3,16331,258077,96,64,64,3
203,2,"[96, 512, 4, 4, 512, 4, 4, 7, 7, 3, 3, 1, 1, 1, 1, 512, 8, 0, 0, 0, 0, 0, 0, 0, 0, 0, 0, 0, 0, 0]",25088,1024,0.0,0.0,23311677993,23311759868,24363197405,24365325980,16,90687,85887,1144543,5,27243,2123775,96,64,64,3
234,2,"[8, 96, 512, 4, 4, 0, 0, 0, 0, 0, 0, 0, 0, 0, 0, 8, 96, 1, 1, 1, 0, 0, 0, 0, 0, 0, 0, 0, 0, 0]",3072,128,786432.0,18874368.0,23311865103,23311871650,24365411867,24365463578,0,704,704,1144541,1,6547,51711,96,64,64,3
23,2,"[8, 512, 1, 1, 0, 0, 0, 0, 0, 0, 0, 0, 0, 0, 0, 8, 96, 512, 4, 4, 0, 0, 0, 0, 0, 0, 0, 0, 0, 0]",3072,128,786432.0,18874368.0,23311893982,23311913647,24365464282,24365619576,0,27179964,27179324,1144540,2,10353,154654,96,64,64,3
166,2,"[8, 96, 4, 4, 2048, 0, 0, 0, 0, 0, 0, 0, 0, 0, 0, 0, 0, 0, 0, 0, 0, 0, 0, 0, 0, 0, 0, 0, 0, 0]",6144,128,0.0,0.0,23312229339,23312235363,24392798900,24394778102,0,31720118,31720118,1144533,1,6024,1979202,96,64,64,3
0,2,"[8, 96, 4, 4, 512, 0, 0, 0, 0, 0, 8, 512, 0, 0, 0, 0, 0, 0, 0, 0, 8, 512, 0, 0, 0, 0, 0, 0, 0, 0]",3072,512,0.0,0.0,23312488638,23312527392,24426498220,24426758216,0,8831,7647,1144527,3,17606,258812,96,64,64,3
203,2,"[96, 512, 4, 4, 512, 4, 4, 7, 7, 3, 3, 1, 1, 1, 1, 512, 8, 0, 0, 0, 0, 0, 0, 0, 0, 0, 0, 0, 0, 0]",25088,1024,0.0,0.0,23312634371,23312717620,24426765863,24428899527,16,91230,86334,1144525,5,27265,2128768,96,64,64,3
234,2,"[8, 96, 512, 4, 4, 0, 0, 0, 0, 0, 0, 0, 0, 0, 0, 8, 96, 1, 1, 1, 0, 0, 0, 0, 0, 0, 0, 0, 0, 0]",3072,128,786432.0,18874368.0,23312820482,23312826377,24428985861,24429037989,0,607,607,1144523,1,5895,52128,96,64,64,3
23,2,"[8, 512, 1, 1, 0, 0, 0, 0, 0, 0, 0, 0, 0, 0, 0, 8, 96, 512, 4, 4, 0, 0, 0, 0, 0, 0, 0, 0, 0, 0]",3072,128,786432.0,18874368.0,23312849722,23312869313,24429038596,24429195938,0,29106687,29105951,1144522,2,10570,156606,96,64,64,3
166,2,"[8, 96, 4, 4, 2048, 0, 0, 0, 0, 0, 0, 0, 0, 0, 0, 0, 0, 0, 0, 0, 0, 0, 0, 0, 0, 0, 0, 0, 0, 0]",6144,128,0.0,0.0,23313177778,23313184012,24458301889,24460280258,0,31716567,31716567,1144515,1,6234,1978369,96,64,64,3
0,2,"[8, 96, 4, 4, 512, 0, 0, 0, 0, 0, 8, 512, 0, 0, 0, 0, 0, 0, 0, 0, 8, 512, 0, 0, 0, 0, 0, 0, 0, 0]",3072,512,0.0,0.0,23313434486,23313471436,24491996825,24492257557,0,9023,7711,1144509,3,16121,259420,96,64,64,3
203,2,"[96, 512, 4, 4, 512, 4, 4, 7, 7, 3, 3, 1, 1, 1, 1, 512, 8, 0, 0, 0, 0, 0, 0, 0, 0, 0, 0, 0, 0, 0]",25088,1024,0.0,0.0,23313579847,23313662248,24492265268,24494394036,16,90910,86174,1144507,5,27458,2124032,96,64,64,3
234,2,"[8, 96, 512, 4, 4, 0, 0, 0, 0, 0, 0, 0, 0, 0, 0, 8, 96, 1, 1, 1, 0, 0, 0, 0, 0, 0, 0, 0, 0, 0]",3072,128,786432.0,18874368.0,23313766557,23313772619,24494480210,24494531889,0,737,737,1144505,1,6062,51679,96,64,64,3
23,2,"[8, 512, 1, 1, 0, 0, 0, 0, 0, 0, 0, 0, 0, 0, 0, 8, 96, 512, 4, 4, 0, 0, 0, 0, 0, 0, 0, 0, 0, 0]",3072,128,786432.0,18874368.0,23313795575,23313815059,24494532626,24494687023,0,29098400,29097759,1144504,2,10264,153756,96,64,64,3
166,2,"[8, 96, 4, 4, 2048, 0, 0, 0, 0, 0, 0, 0, 0, 0, 0, 0, 0, 0, 0, 0, 0, 0, 0, 0, 0, 0, 0, 0, 0, 0]",6144,128,0.0,0.0,23314125436,23314131541,24523784782,24525764623,0,31714999,31714999,1144497,1,6105,1979841,96,64,64,3
0,2,"[8, 96, 4, 4, 512, 0, 0, 0, 0, 0, 8, 512, 0, 0, 0, 0, 0, 0, 0, 0, 8, 512, 0, 0, 0, 0, 0, 0, 0, 0]",3072,512,0.0,0.0,23314380712,23314417439,24557479622,24557739009,0,9088,7745,1144491,3,16091,258044,96,64,64,3
203,2,"[96, 512, 4, 4, 512, 4, 4, 7, 7, 3, 3, 1, 1, 1, 1, 512, 8, 0, 0, 0, 0, 0, 0, 0, 0, 0, 0, 0, 0, 0]",25088,1024,0.0,0.0,23314524374,23314605610,24557746754,24559878465,16,91710,86814,1144489,5,26893,2126815,96,64,64,3
234,2,"[8, 96, 512, 4, 4, 0, 0, 0, 0, 0, 0, 0, 0, 0, 0, 8, 96, 1, 1, 1, 0, 0, 0, 0, 0, 0, 0, 0, 0, 0]",3072,128,786432.0,18874368.0,23314712760,23314718974,24559965279,24560016798,0,640,640,1144487,1,6214,51519,96,64,64,3
23,2,"[8, 512, 1, 1, 0, 0, 0, 0, 0, 0, 0, 0, 0, 0, 0, 8, 96, 512, 4, 4, 0, 0, 0, 0, 0, 0, 0, 0, 0, 0]",3072,128,786432.0,18874368.0,23314740528,23314760468,24560017438,24560171868,0,29100509,29099838,1144486,2,10625,153759,96,64,64,3
166,2,"[8, 96, 4, 4, 2048, 0, 0, 0, 0, 0, 0, 0, 0, 0, 0, 0, 0, 0, 0, 0, 0, 0, 0, 0, 0, 0, 0, 0, 0, 0]",6144,128,0.0,0.0,23315067345,23315073605,24589271706,24591250972,0,29817172,29817172,1144479,1,6260,1979266,96,64,64,3
0,2,"[8, 96, 4, 4, 512, 0, 0, 0, 0, 0, 8, 512, 0, 0, 0, 0, 0, 0, 0, 0, 8, 512, 0, 0, 0, 0, 0, 0, 0, 0]",3072,512,0.0,0.0,23315321974,23315360184,24621068144,24621327884,0,8800,7648,1144473,3,16522,258588,96,64,64,3
203,2,"[96, 512, 4, 4, 512, 4, 4, 7, 7, 3, 3, 1, 1, 1, 1, 512, 8, 0, 0, 0, 0, 0, 0, 0, 0, 0, 0, 0, 0, 0]",25088,1024,0.0,0.0,23315466400,23315551317,24621335532,24623468907,16,91038,85886,1144471,5,27614,2128223,96,64,64,3
234,2,"[8, 96, 512, 4, 4, 0, 0, 0, 0, 0, 0, 0, 0, 0, 0, 8, 96, 1, 1, 1, 0, 0, 0, 0, 0, 0, 0, 0, 0, 0]",3072,128,786432.0,18874368.0,23315655572,23315661670,24623554793,24623607176,0,576,576,1144469,1,6098,52383,96,64,64,3
23,2,"[8, 512, 1, 1, 0, 0, 0, 0, 0, 0, 0, 0, 0, 0, 0, 8, 96, 512, 4, 4, 0, 0, 0, 0, 0, 0, 0, 0, 0, 0]",3072,128,786432.0,18874368.0,23315684726,23315704651,24623607752,24623763814,0,27200605,27199964,1144468,2,10447,155421,96,64,64,3
166,2,"[8, 96, 4, 4, 2048, 0, 0, 0, 0, 0, 0, 0, 0, 0, 0, 0, 0, 0, 0, 0, 0, 0, 0, 0, 0, 0, 0, 0, 0, 0]",6144,128,0.0,0.0,23316016659,23316022925,24650963778,24652942211,0,29817300,29817300,1144461,1,6266,1978433,96,64,64,3
0,2,"[8, 96, 4, 4, 512, 0, 0, 0, 0, 0, 8, 512, 0, 0, 0, 0, 0, 0, 0, 0, 8, 512, 0, 0, 0, 0, 0, 0, 0, 0]",3072,512,0.0,0.0,23316281601,23316318796,24682759511,24683020499,0,8928,7648,1144455,3,16601,259708,96,64,64,3
203,2,"[96, 512, 4, 4, 512, 4, 4, 7, 7, 3, 3, 1, 1, 1, 1, 512, 8, 0, 0, 0, 0, 0, 0, 0, 0, 0, 0, 0, 0, 0]",25088,1024,0.0,0.0,23316430727,23316514568,24683028147,24685163154,16,91230,86335,1144453,5,28696,2130112,96,64,64,3
234,2,"[8, 96, 512, 4, 4, 0, 0, 0, 0, 0, 0, 0, 0, 0, 0, 8, 96, 1, 1, 1, 0, 0, 0, 0, 0, 0, 0, 0, 0, 0]",3072,128,786432.0,18874368.0,23316619397,23316625288,24685249489,24685300976,0,672,672,1144451,1,5891,51487,96,64,64,3
23,2,"[8, 512, 1, 1, 0, 0, 0, 0, 0, 0, 0, 0, 0, 0, 0, 8, 96, 512, 4, 4, 0, 0, 0, 0, 0, 0, 0, 0, 0, 0]",3072,128,786432.0,18874368.0,23316647252,23316667047,24685301648,24685456749,0,27200733,27200189,1144450,2,10660,154557,96,64,64,3
166,2,"[8, 96, 4, 4, 2048, 0, 0, 0, 0, 0, 0, 0, 0, 0, 0, 0, 0, 0, 0, 0, 0, 0, 0, 0, 0, 0, 0, 0, 0, 0]",6144,128,0.0,0.0,23316978526,23316984955,24712656938,24714636715,0,31728822,31728822,1144443,1,6429,1979777,96,64,64,3
0,2,"[8, 96, 4, 4, 512, 0, 0, 0, 0, 0, 8, 512, 0, 0, 0, 0, 0, 0, 0, 0, 8, 512, 0, 0, 0, 0, 0, 0, 0, 0]",3072,512,0.0,0.0,23317233671,23317272094,24746365537,24746626493,0,8736,7520,1144437,3,16422,259740,96,64,64,3
203,2,"[96, 512, 4, 4, 512, 4, 4, 7, 7, 3, 3, 1, 1, 1, 1, 512, 8, 0, 0, 0, 0, 0, 0, 0, 0, 0, 0, 0, 0, 0]",25088,1024,0.0,0.0,23317380614,23317463971,24746634013,24748764828,16,91071,86303,1144435,5,28090,2126047,96,64,64,3
234,2,"[8, 96, 512, 4, 4, 0, 0, 0, 0, 0, 0, 0, 0, 0, 0, 8, 96, 1, 1, 1, 0, 0, 0, 0, 0, 0, 0, 0, 0, 0]",3072,128,786432.0,18874368.0,23317568825,23317575067,24748851131,24748903482,0,672,672,1144433,1,6242,52351,96,64,64,3
23,2,"[8, 512, 1, 1, 0, 0, 0, 0, 0, 0, 0, 0, 0, 0, 0, 8, 96, 512, 4, 4, 0, 0, 0, 0, 0, 0, 0, 0, 0, 0]",3072,128,786432.0,18874368.0,23317597014,23317616909,24748904154,24749059479,0,29101663,29101087,1144432,2,10919,154749,96,64,64,3
166,2,"[8, 96, 4, 4, 2048, 0, 0, 0, 0, 0, 0, 0, 0, 0, 0, 0, 0, 0, 0, 0, 0, 0, 0, 0, 0, 0, 0, 0, 0, 0]",6144,128,0.0,0.0,23317924733,23317930887,24778160566,24780139416,0,31716310,31716310,1144425,1,6154,1978850,96,64,64,3
0,2,"[8, 96, 4, 4, 512, 0, 0, 0, 0, 0, 8, 512, 0, 0, 0, 0, 0, 0, 0, 0, 8, 512, 0, 0, 0, 0, 0, 0, 0, 0]",3072,512,0.0,0.0,23318181578,23318220702,24811855726,24812117130,0,8896,7584,1144419,3,17068,260092,96,64,64,3
203,2,"[96, 512, 4, 4, 512, 4, 4, 7, 7, 3, 3, 1, 1, 1, 1, 512, 8, 0, 0, 0, 0, 0, 0, 0, 0, 0, 0, 0, 0, 0]",25088,1024,0.0,0.0,23318328378,23318411853,24812124714,24814258953,16,91135,86079,1144417,5,28322,2129183,96,64,64,3
234,2,"[8, 96, 512, 4, 4, 0, 0, 0, 0, 0, 0, 0, 0, 0, 0, 8, 96, 1, 1, 1, 0, 0, 0, 0, 0, 0, 0, 0, 0, 0]",3072,128,786432.0,18874368.0,23318515230,23318521058,24814345032,24814396551,0,640,640,1144415,1,5828,51519,96,64,64,3
23,2,"[8, 512, 1, 1, 0, 0, 0, 0, 0, 0, 0, 0, 0, 0, 0, 8, 96, 512, 4, 4, 0, 0, 0, 0, 0, 0, 0, 0, 0, 0]",3072,128,786432.0,18874368.0,23318542219,23318563950,24814397191,24814551780,0,29101183,29100511,1144414,2,10742,153917,96,64,64,3
166,2,"[8, 96, 4, 4, 2048, 0, 0, 0, 0, 0, 0, 0, 0, 0, 0, 0, 0, 0, 0, 0, 0, 0, 0, 0, 0, 0, 0, 0, 0, 0]",6144,128,0.0,0.0,23318873271,23318879513,24843652291,24845631780,0,31710103,31710103,1144407,1,6242,1979489,96,64,64,3
0,2,"[8, 96, 4, 4, 512, 0, 0, 0, 0, 0, 8, 512, 0, 0, 0, 0, 0, 0, 0, 0, 8, 512, 0, 0, 0, 0, 0, 0, 0, 0]",3072,512,0.0,0.0,23319131662,23319168846,24877341883,24877601879,0,8896,7584,1144401,3,16378,258684,96,64,64,3
203,2,"[96, 512, 4, 4, 512, 4, 4, 7, 7, 3, 3, 1, 1, 1, 1, 512, 8, 0, 0, 0, 0, 0, 0, 0, 0, 0, 0, 0, 0, 0]",25088,1024,0.0,0.0,23319275582,23319356907,24877609463,24879741526,16,91039,86078,1144399,5,27215,2127102,96,64,64,3
234,2,"[8, 96, 512, 4, 4, 0, 0, 0, 0, 0, 0, 0, 0, 0, 0, 8, 96, 1, 1, 1, 0, 0, 0, 0, 0, 0, 0, 0, 0, 0]",3072,128,786432.0,18874368.0,23319463322,23319469478,24879827604,24879879027,0,545,545,1144397,1,6156,51423,96,64,64,3
23,2,"[8, 512, 1, 1, 0, 0, 0, 0, 0, 0, 0, 0, 0, 0, 0, 8, 96, 512, 4, 4, 0, 0, 0, 0, 0, 0, 0, 0, 0, 0]",3072,128,786432.0,18874368.0,23319490838,23319510780,24879879572,24880034993,0,29097791,29097183,1144396,2,10678,154813,96,64,64,3
166,2,"[8, 96, 4, 4, 2048, 0, 0, 0, 0, 0, 0, 0, 0, 0, 0, 0, 0, 0, 0, 0, 0, 0, 0, 0, 0, 0, 0, 0, 0, 0]",6144,128,0.0,0.0,23319817931,23319824350,24909132176,24911111505,0,31714423,31714423,1144389,1,6419,1979329,96,64,64,3
0,2,"[8, 96, 4, 4, 512, 0, 0, 0, 0, 0, 8, 512, 0, 0, 0, 0, 0, 0, 0, 0, 8, 512, 0, 0, 0, 0, 0, 0, 0, 0]",3072,512,0.0,0.0,23320074415,23320111175,24942825928,24943085188,0,8767,7551,1144383,3,16583,258044,96,64,64,3
203,2,"[96, 512, 4, 4, 512, 4, 4, 7, 7, 3, 3, 1, 1, 1, 1, 512, 8, 0, 0, 0, 0, 0, 0, 0, 0, 0, 0, 0, 0, 0]",25088,1024,0.0,0.0,23320223738,23320310171,24943092739,24945222819,16,91965,87166,1144381,5,27871,2125281,96,64,64,3
234,2,"[8, 96, 512, 4, 4, 0, 0, 0, 0, 0, 0, 0, 0, 0, 0, 8, 96, 1, 1, 1, 0, 0, 0, 0, 0, 0, 0, 0, 0, 0]",3072,128,786432.0,18874368.0,23320416523,23320422547,24945309985,24945362177,0,704,704,1144379,1,6024,52192,96,64,64,3
23,2,"[8, 512, 1, 1, 0, 0, 0, 0, 0, 0, 0, 0, 0, 0, 0, 8, 96, 512, 4, 4, 0, 0, 0, 0, 0, 0, 0, 0, 0, 0]",3072,128,786432.0,18874368.0,23320444940,23320464495,24945362881,24945517470,0,27197820,27197084,1144378,2,10605,153853,96,64,64,3
166,2,"[8, 96, 4, 4, 2048, 0, 0, 0, 0, 0, 0, 0, 0, 0, 0, 0, 0, 0, 0, 0, 0, 0, 0, 0, 0, 0, 0, 0, 0, 0]",6144,128,0.0,0.0,23320772872,23320778947,24972714554,24974694588,0,31716662,31716662,1144371,1,6075,1980034,96,64,64,3
0,2,"[8, 96, 4, 4, 512, 0, 0, 0, 0, 0, 8, 512, 0, 0, 0, 0, 0, 0, 0, 0, 8, 512, 0, 0, 0, 0, 0, 0, 0, 0]",3072,512,0.0,0.0,23321026645,23321064976,25006411250,25006671182,0,8736,7520,1144365,3,18073,258716,96,64,64,3
203,2,"[96, 512, 4, 4, 512, 4, 4, 7, 7, 3, 3, 1, 1, 1, 1, 512, 8, 0, 0, 0, 0, 0, 0, 0, 0, 0, 0, 0, 0, 0]",25088,1024,0.0,0.0,23321173067,23321255500,25006678702,25008809965,16,91327,86303,1144363,5,28141,2126239,96,64,64,3
234,2,"[8, 96, 512, 4, 4, 0, 0, 0, 0, 0, 0, 0, 0, 0, 0, 8, 96, 1, 1, 1, 0, 0, 0, 0, 0, 0, 0, 0, 0, 0]",3072,128,786432.0,18874368.0,23321357291,23321363381,25008896268,25008947851,0,704,704,1144361,1,6090,51583,96,64,64,3
23,2,"[8, 512, 1, 1, 0, 0, 0, 0, 0, 0, 0, 0, 0, 0, 0, 8, 96, 512, 4, 4, 0, 0, 0, 0, 0, 0, 0, 0, 0, 0]",3072,128,786432.0,18874368.0,23321385171,23321406265,25008948555,25009102632,0,29148030,29147358,1144360,2,11844,153405,96,64,64,3
166,2,"[8, 96, 4, 4, 2048, 0, 0, 0, 0, 0, 0, 0, 0, 0, 0, 0, 0, 0, 0, 0, 0, 0, 0, 0, 0, 0, 0, 0, 0, 0]",6144,128,0.0,0.0,23321719024,23321725063,25038249990,25040229064,0,31715574,31715574,1144353,1,6039,1979074,96,64,64,3
0,2,"[8, 96, 4, 4, 512, 0, 0, 0, 0, 0, 8, 512, 0, 0, 0, 0, 0, 0, 0, 0, 8, 512, 0, 0, 0, 0, 0, 0, 0, 0]",3072,512,0.0,0.0,23321973874,23322010567,25071944638,25072204602,0,8896,7552,1144347,3,15916,258620,96,64,64,3
203,2,"[96, 512, 4, 4, 512, 4, 4, 7, 7, 3, 3, 1, 1, 1, 1, 512, 8, 0, 0, 0, 0, 0, 0, 0, 0, 0, 0, 0, 0, 0]",25088,1024,0.0,0.0,23322119364,23322201035,25072212154,25074343865,16,90655,85951,1144345,5,27607,2127007,96,64,64,3
234,2,"[8, 96, 512, 4, 4, 0, 0, 0, 0, 0, 0, 0, 0, 0, 0, 8, 96, 1, 1, 1, 0, 0, 0, 0, 0, 0, 0, 0, 0, 0]",3072,128,786432.0,18874368.0,23322306104,23322312553,25074429816,25074482135,0,576,576,1144343,1,6449,52319,96,64,64,3
23,2,"[8, 512, 1, 1, 0, 0, 0, 0, 0, 0, 0, 0, 0, 0, 0, 8, 96, 512, 4, 4, 0, 0, 0, 0, 0, 0, 0, 0, 0, 0]",3072,128,786432.0,18874368.0,23322333924,23322353540,25074482711,25074638101,0,29100542,29099870,1144342,2,10341,154718,96,64,64,3
166,2,"[8, 96, 4, 4, 2048, 0, 0, 0, 0, 0, 0, 0, 0, 0, 0, 0, 0, 0, 0, 0, 0, 0, 0, 0, 0, 0, 0, 0, 0, 0]",6144,128,0.0,0.0,23322662681,23322670035,25103737971,25105718005,0,31714678,31714678,1144335,1,7354,1980034,96,64,64,3
0,2,"[8, 96, 4, 4, 512, 0, 0, 0, 0, 0, 8, 512, 0, 0, 0, 0, 0, 0, 0, 0, 8, 512, 0, 0, 0, 0, 0, 0, 0, 0]",3072,512,0.0,0.0,23322920569,23322958048,25137432683,25137691879,0,8992,7840,1144329,3,16864,258044,96,64,64,3
203,2,"[96, 512, 4, 4, 512, 4, 4, 7, 7, 3, 3, 1, 1, 1, 1, 512, 8, 0, 0, 0, 0, 0, 0, 0, 0, 0, 0, 0, 0, 0]",25088,1024,0.0,0.0,23323064152,23323147367,25137699719,25139832678,16,91454,86430,1144327,5,28178,2127935,96,64,64,3
234,2,"[8, 96, 512, 4, 4, 0, 0, 0, 0, 0, 0, 0, 0, 0, 0, 8, 96, 1, 1, 1, 0, 0, 0, 0, 0, 0, 0, 0, 0, 0]",3072,128,786432.0,18874368.0,23323250378,23323256756,25139919108,25139970692,0,608,608,1144325,1,6378,51584,96,64,64,3
23,2,"[8, 512, 1, 1, 0, 0, 0, 0, 0, 0, 0, 0, 0, 0, 0, 8, 96, 512, 4, 4, 0, 0, 0, 0, 0, 0, 0, 0, 0, 0]",3072,128,786432.0,18874368.0,23323279265,23323298951,25139971300,25140126945,0,29102559,29101951,1144324,2,10520,155037,96,64,64,3
166,2,"[8, 96, 4, 4, 2048, 0, 0, 0, 0, 0, 0, 0, 0, 0, 0, 0, 0, 0, 0, 0, 0, 0, 0, 0, 0, 0, 0, 0, 0, 0]",6144,128,0.0,0.0,23323621494,23323627611,25169228896,25171207714,0,29811923,29811923,1144317,1,6117,1978818,96,64,64,3
0,2,"[8, 96, 4, 4, 512, 0, 0, 0, 0, 0, 8, 512, 0, 0, 0, 0, 0, 0, 0, 0, 8, 512, 0, 0, 0, 0, 0, 0, 0, 0]",3072,512,0.0,0.0,23323891782,23323931086,25201019637,25201279601,0,8672,7552,1144311,3,18176,258844,96,64,64,3
203,2,"[96, 512, 4, 4, 512, 4, 4, 7, 7, 3, 3, 1, 1, 1, 1, 512, 8, 0, 0, 0, 0, 0, 0, 0, 0, 0, 0, 0, 0, 0]",25088,1024,0.0,0.0,23324042307,23324127857,25201287153,25203420496,16,91837,86911,1144309,5,27792,2128417,96,64,64,3
234,2,"[8, 96, 512, 4, 4, 0, 0, 0, 0, 0, 0, 0, 0, 0, 0, 8, 96, 1, 1, 1, 0, 0, 0, 0, 0, 0, 0, 0, 0, 0]",3072,128,786432.0,18874368.0,23324241207,23324247332,25203507407,25203559694,0,704,704,1144307,1,6125,52287,96,64,64,3
23,2,"[8, 512, 1, 1, 0, 0, 0, 0, 0, 0, 0, 0, 0, 0, 0, 8, 96, 512, 4, 4, 0, 0, 0, 0, 0, 0, 0, 0, 0, 0]",3072,128,786432.0,18874368.0,23324271965,23324292108,25203560398,25203716139,0,27203933,27203389,1144306,2,10702,155197,96,64,64,3
166,2,"[8, 96, 4, 4, 2048, 0, 0, 0, 0, 0, 0, 0, 0, 0, 0, 0, 0, 0, 0, 0, 0, 0, 0, 0, 0, 0, 0, 0, 0, 0]",6144,128,0.0,0.0,23324615242,23324621507,25230919528,25232898153,0,31720566,31720566,1144299,1,6265,1978625,96,64,64,3
0,2,"[8, 96, 4, 4, 512, 0, 0, 0, 0, 0, 8, 512, 0, 0, 0, 0, 0, 0, 0, 0, 8, 512, 0, 0, 0, 0, 0, 0, 0, 0]",3072,512,0.0,0.0,23324880894,23324918829,25264618719,25264878459,0,9120,7840,1144293,3,16414,258460,96,64,64,3
203,2,"[96, 512, 4, 4, 512, 4, 4, 7, 7, 3, 3, 1, 1, 1, 1, 512, 8, 0, 0, 0, 0, 0, 0, 0, 0, 0, 0, 0, 0, 0]",25088,1024,0.0,0.0,23325029304,23325091567,25264886299,25266961755,16,90592,86175,1144291,4,21829,2071039,96,64,64,3
203,2,"[96, 256, 8, 8, 512, 4, 4, 2, 2, 0, 0, 2, 2, 1, 1, 1, 8, 0, 0, 0, 0, 0, 0, 0, 0, 0, 0, 0, 0, 0]",6144,256,1610612736.0,23068672.0,23325202014,23325434170,25267047930,25287226402,12548,73759,52511,1144290,6,38334,20157224,96,64,64,3
0,2,"[8, 96, 8, 8, 256, 0, 0, 0, 0, 0, 8, 256, 0, 0, 0, 0, 0, 0, 0, 0, 8, 256, 0, 0, 0, 0, 0, 0, 0, 0]",6144,512,0.0,0.0,23325569502,23325592076,25287278913,25287891544,0,8992,7584,1144288,3,16263,611223,96,64,64,3
234,2,"[8, 96, 256, 8, 8, 0, 0, 0, 0, 0, 0, 0, 0, 0, 0, 8, 96, 1, 1, 1, 0, 0, 0, 0, 0, 0, 0, 0, 0, 0]",6144,128,1572864.0,37748736.0,23325695391,23325701694,25287899128,25287994614,0,640,640,1144285,1,6303,95486,96,64,64,3
23,2,"[8, 256, 1, 1, 0, 0, 0, 0, 0, 0, 0, 0, 0, 0, 0, 8, 96, 256, 8, 8, 0, 0, 0, 0, 0, 0, 0, 0, 0, 0]",6144,128,1572864.0,37748736.0,23325725143,23325745304,25287995254,25288299954,0,29163293,29162621,1144284,2,10797,304028,96,64,64,3
166,2,"[8, 96, 8, 8, 1024, 0, 0, 0, 0, 0, 0, 0, 0, 0, 0, 0, 0, 0, 0, 0, 0, 0, 0, 0, 0, 0, 0, 0, 0, 0]",12288,128,0.0,0.0,23326097144,23326105035,25317462575,25321407698,0,29246973,29246973,1144277,1,7891,3945123,96,64,64,3
0,2,"[8, 96, 8, 8, 256, 0, 0, 0, 0, 0, 8, 256, 0, 0, 0, 0, 0, 0, 0, 0, 8, 256, 0, 0, 0, 0, 0, 0, 0, 0]",6144,512,0.0,0.0,23326384800,23326422844,25350654671,25351269189,0,9216,7776,1144271,3,16466,613078,96,64,64,3
203,2,"[96, 256, 8, 8, 256, 8, 8, 7, 7, 3, 3, 1, 1, 1, 1, 256, 8, 0, 0, 0, 0, 0, 0, 0, 0, 0, 0, 0, 0, 0]",12544,1024,0.0,0.0,23336847975,23353171655,25351276965,25353243751,16,170269,165181,1144269,5,16143288,1961698,96,64,64,3
234,2,"[8, 96, 256, 8, 8, 0, 0, 0, 0, 0, 0, 0, 0, 0, 0, 8, 96, 1, 1, 1, 0, 0, 0, 0, 0, 0, 0, 0, 0, 0]",6144,128,1572864.0,37748736.0,23353289051,23355335853,25353408932,25353513251,0,544,544,1144267,1,2046802,104319,96,64,64,3
23,2,"[8, 256, 1, 1, 0, 0, 0, 0, 0, 0, 0, 0, 0, 0, 0, 8, 96, 256, 8, 8, 0, 0, 0, 0, 0, 0, 0, 0, 0, 0]",6144,128,1572864.0,37748736.0,23355359070,23355500769,25353513795,25353817502,0,29728853,29728277,1144266,2,132034,303131,96,64,64,3
166,2,"[8, 96, 8, 8, 1024, 0, 0, 0, 0, 0, 0, 0, 0, 0, 0, 0, 0, 0, 0, 0, 0, 0, 0, 0, 0, 0, 0, 0, 0, 0]",12288,128,0.0,0.0,23355863086,23355869354,25383545779,25387575509,0,29833491,29833491,1144259,1,6268,4029730,96,64,64,3
0,2,"[8, 96, 8, 8, 256, 0, 0, 0, 0, 0, 8, 256, 0, 0, 0, 0, 0, 0, 0, 0, 8, 256, 0, 0, 0, 0, 0, 0, 0, 0]",6144,512,0.0,0.0,23396142704,23412277162,25417409000,25418030847,0,9087,7743,1144253,3,16113578,620503,96,64,64,3
203,2,"[96, 256, 8, 8, 256, 8, 8, 7, 7, 3, 3, 1, 1, 1, 1, 256, 8, 0, 0, 0, 0, 0, 0, 0, 0, 0, 0, 0, 0, 0]",12544,1024,0.0,0.0,23412430532,23414692970,25418038590,25420022560,16,170365,165469,1144251,5,2202700,1979074,96,64,64,3
234,2,"[8, 96, 256, 8, 8, 0, 0, 0, 0, 0, 0, 0, 0, 0, 0, 8, 96, 1, 1, 1, 0, 0, 0, 0, 0, 0, 0, 0, 0, 0]",6144,128,1572864.0,37748736.0,23414933180,23414940088,25420188029,25420291580,0,640,640,1144249,1,6908,103551,96,64,64,3
23,2,"[8, 256, 1, 1, 0, 0, 0, 0, 0, 0, 0, 0, 0, 0, 0, 8, 96, 256, 8, 8, 0, 0, 0, 0, 0, 0, 0, 0, 0, 0]",6144,128,1572864.0,37748736.0,23414963634,23414983917,25420292220,25420597591,0,29934386,29933650,1144248,2,11027,304635,96,64,64,3
166,2,"[8, 96, 8, 8, 1024, 0, 0, 0, 0, 0, 0, 0, 0, 0, 0, 0, 0, 0, 0, 0, 0, 0, 0, 0, 0, 0, 0, 0, 0, 0]",12288,128,0.0,0.0,23441571595,23442540803,25450531241,25454554443,0,29862547,29862547,1144241,1,969208,4023202,96,64,64,3
0,2,"[8, 96, 8, 8, 256, 0, 0, 0, 0, 0, 8, 256, 0, 0, 0, 0, 0, 0, 0, 0, 8, 256, 0, 0, 0, 0, 0, 0, 0, 0]",6144,512,0.0,0.0,23471740999,23471893529,25484416990,25485037876,0,8928,7648,1144235,3,131826,619606,96,64,64,3
203,2,"[96, 256, 8, 8, 256, 8, 8, 7, 7, 3, 3, 1, 1, 1, 1, 256, 8, 0, 0, 0, 0, 0, 0, 0, 0, 0, 0, 0, 0, 0]",12544,1024,0.0,0.0,23472005379,23474244527,25485045524,25486921943,16,169470,165214,1144233,4,2170207,1872163,96,64,64,3
203,2,"[96, 128, 16, 16, 256, 8, 8, 2, 2, 0, 0, 2, 2, 1, 1, 1, 8, 0, 0, 0, 0, 0, 0, 0, 0, 0, 0, 0, 0, 0]",12288,256,1610612736.0,38797312.0,23474365273,23532975186,25487087157,25501265689,20740,29728,16128,1144232,6,58232684,14164932,96,64,64,3
0,2,"[8, 96, 16, 16, 128, 0, 0, 0, 0, 0, 8, 128, 0, 0, 0, 0, 0, 0, 0, 0, 8, 128, 0, 0, 0, 0, 0, 0, 0, 0]",24576,512,0.0,0.0,23533134868,23533158972,25501281817,25503111421,0,9024,7808,1144230,3,17911,1828388,96,64,64,3
234,2,"[8, 96, 128, 16, 16, 0, 0, 0, 0, 0, 0, 0, 0, 0, 0, 8, 96, 1, 1, 1, 0, 0, 0, 0, 0, 0, 0, 0, 0, 0]",12288,128,3145728.0,75497472.0,23533322609,23533329340,25503119229,25503318938,0,544,544,1144227,1,6731,199709,96,64,64,3
23,2,"[8, 128, 1, 1, 0, 0, 0, 0, 0, 0, 0, 0, 0, 0, 0, 8, 96, 128, 16, 16, 0, 0, 0, 0, 0, 0, 0, 0, 0, 0]",12288,128,3145728.0,75497472.0,23533353284,23533374063,25503319482,25503930160,0,29635830,29635191,1144226,2,11045,610039,96,64,64,3
166,2,"[8, 96, 16, 16, 512, 0, 0, 0, 0, 0, 0, 0, 0, 0, 0, 0, 0, 0, 0, 0, 0, 0, 0, 0, 0, 0, 0, 0, 0, 0]",24576,128,0.0,0.0,23578320799,23594031303,25533565351,25541598699,0,29997808,29997808,1144219,1,15710504,8033348,96,64,64,3
0,2,"[8, 96, 16, 16, 128, 0, 0, 0, 0, 0, 8, 128, 0, 0, 0, 0, 0, 0, 0, 0, 8, 128, 0, 0, 0, 0, 0, 0, 0, 0]",24576,512,0.0,0.0,23594535815,23596490200,25571596507,25573428575,0,9151,7776,1144213,3,1931439,1830693,96,64,64,3
203,2,"[96, 128, 16, 16, 128, 16, 16, 7, 7, 3, 3, 1, 1, 1, 1, 128, 8, 0, 0, 0, 0, 0, 0, 0, 0, 0, 0, 0, 0, 0]",12288,1024,0.0,0.0,23596603553,23596830294,25573436351,25577033928,16,328155,323195,1144211,5,134831,3592617,96,64,64,3
234,2,"[8, 96, 128, 16, 16, 0, 0, 0, 0, 0, 0, 0, 0, 0, 0, 8, 96, 1, 1, 1, 0, 0, 0, 0, 0, 0, 0, 0, 0, 0]",12288,128,3145728.0,75497472.0,23596938510,23596944840,25577357123,25577567679,0,641,641,1144209,1,6330,210556,96,64,64,3
23,2,"[8, 128, 1, 1, 0, 0, 0, 0, 0, 0, 0, 0, 0, 0, 0, 8, 96, 128, 16, 16, 0, 0, 0, 0, 0, 0, 0, 0, 0, 0]",12288,128,3145728.0,75497472.0,23596967702,23596989244,25577568320,25578178742,0,30838628,30838052,1144208,2,10842,609846,96,64,64,3
166,2,"[8, 96, 16, 16, 512, 0, 0, 0, 0, 0, 0, 0, 0, 0, 0, 0, 0, 0, 0, 0, 0, 0, 0, 0, 0, 0, 0, 0, 0, 0]",24576,128,0.0,0.0,23657735633,23657769143,25609016794,25617288986,0,30453098,30453098,1144201,1,33510,8272192,96,64,64,3
0,2,"[8, 96, 16, 16, 128, 0, 0, 0, 0, 0, 8, 128, 0, 0, 0, 0, 0, 0, 0, 0, 8, 128, 0, 0, 0, 0, 0, 0, 0, 0]",24576,512,0.0,0.0,23659733733,23660115600,25647742084,25649574920,0,8894,7647,1144195,3,359254,1831589,96,64,64,3
203,2,"[96, 128, 16, 16, 128, 16, 16, 7, 7, 3, 3, 1, 1, 1, 1, 128, 8, 0, 0, 0, 0, 0, 0, 0, 0, 0, 0, 0, 0, 0]",12288,1024,0.0,0.0,23660273557,23660450563,25649582567,25653128913,16,328475,323483,1144193,5,119353,3541354,96,64,64,3
23,2,"[8, 128, 1, 1, 0, 0, 0, 0, 0, 0, 0, 0, 0, 0, 0, 8, 96, 128, 16, 16, 0, 0, 0, 0, 0, 0, 0, 0, 0, 0]",12288,128,3145728.0,75497472.0,23660559307,23674333637,25653452396,25654053635,0,30143951,30143310,1144191,2,13764969,600598,96,64,64,3
166,2,"[8, 96, 16, 16, 512, 0, 0, 0, 0, 0, 0, 0, 0, 0, 0, 0, 0, 0, 0, 0, 0, 0, 0, 0, 0, 0, 0, 0, 0, 0]",24576,128,0.0,0.0,23719485452,23719590161,25684196945,25692365779,0,30166862,30166862,1144184,1,104709,8168834,96,64,64,3
0,2,"[8, 96, 16, 16, 128, 0, 0, 0, 0, 0, 8, 128, 0, 0, 0, 0, 0, 0, 0, 0, 8, 128, 0, 0, 0, 0, 0, 0, 0, 0]",24576,512,0.0,0.0,23721789663,23721873741,25722532641,25724365125,0,8735,7520,1144178,3,63873,1831269,96,64,64,3
203,2,"[96, 128, 16, 16, 128, 16, 16, 7, 7, 3, 3, 1, 1, 1, 1, 128, 8, 0, 0, 0, 0, 0, 0, 0, 0, 0, 0, 0, 0, 0]",12288,1024,0.0,0.0,23721985627,23722141338,25724372645,25727962861,16,327451,322619,1144176,5,95280,3585384,96,64,64,3
0,2,"[8, 96, 16, 16, 128, 0, 0, 0, 0, 0, 8, 128, 0, 0, 0, 0, 0, 0, 0, 0, 8, 128, 0, 0, 0, 0, 0, 0, 0, 0]",24576,512,0.0,0.0,23722264213,23749284204,25728285480,25730114476,0,8897,7744,1144174,3,27000130,1827843,96,64,64,3
203,2,"[96, 3, 64, 64, 128, 16, 16, 4, 4, 0, 0, 4, 4, 1, 1, 1, 8, 0, 0, 0, 0, 0, 0, 0, 0, 0, 0, 0, 0, 0]",12288,128,0.0,0.0,23751335096,23781084156,25730122220,25732210315,6400,15392,7840,1144172,3,13934269,2080543,96,64,64,3
16,3,"[8, 128, 3, 4, 4, 0, 0, 0, 0, 0, 0, 0, 0, 0, 0, 4, 0, 0, 0, 0, 0, 0, 0, 0, 0, 0, 0, 0, 0, 0]",12,128,6144.0,98308.0,23782582580,23782603381,25732218155,25732220683,0,608,608,-1,1,20801,2528,96,64,64,3
12,3,"[8, 128, 3, 4, 4, 0, 0, 0, 0, 0, 0, 0, 0, 0, 0, 8, 128, 3, 4, 4, 0, 0, 0, 0, 0, 0, 0, 0, 0, 0]",12,128,6144.0,147456.0,23782701695,23782712269,25732221291,25732223659,0,576,576,-1,1,10574,2368,96,64,64,3
12,3,"[8, 128, 3, 4, 4, 0, 0, 0, 0, 0, 0, 0, 0, 0, 0, 8, 128, 3, 4, 4, 0, 0, 0, 0, 0, 0, 0, 0, 0, 0]",12,128,6144.0,147456.0,23782797359,23782806010,25732224235,25732226796,0,639,639,-1,1,8651,2561,96,64,64,3
16,3,"[8, 128, 0, 0, 0, 0, 0, 0, 0, 0, 0, 0, 0, 0, 0, 4, 0, 0, 0, 0, 0, 0, 0, 0, 0, 0, 0, 0, 0, 0]",1,128,128.0,2052.0,23782886945,23782895356,25732227435,25732229675,0,704,704,-1,1,8411,2240,96,64,64,3
12,3,"[8, 128, 0, 0, 0, 0, 0, 0, 0, 0, 0, 0, 0, 0, 0, 8, 128, 0, 0, 0, 0, 0, 0, 0, 0, 0, 0, 0, 0, 0]",1,128,128.0,3072.0,23782979343,23782987687,25732230379,25732232619,0,576,576,-1,1,8344,2240,96,64,64,3
12,3,"[8, 128, 0, 0, 0, 0, 0, 0, 0, 0, 0, 0, 0, 0, 0, 8, 128, 0, 0, 0, 0, 0, 0, 0, 0, 0, 0, 0, 0, 0]",1,128,128.0,3072.0,23783065417,23783073250,25732233195,25732235627,0,704,704,-1,1,7833,2432,96,64,64,3
16,3,"[8, 128, 0, 0, 0, 0, 0, 0, 0, 0, 0, 0, 0, 0, 0, 4, 0, 0, 0, 0, 0, 0, 0, 0, 0, 0, 0, 0, 0, 0]",1,128,128.0,2052.0,23783149794,23783439265,25732236331,25732238603,0,672,672,-1,1,289471,2272,96,64,64,3
12,3,"[8, 128, 0, 0, 0, 0, 0, 0, 0, 0, 0, 0, 0, 0, 0, 8, 128, 0, 0, 0, 0, 0, 0, 0, 0, 0, 0, 0, 0, 0]",1,128,128.0,3072.0,23783517578,23783525665,25732239275,25732241707,0,704,704,-1,1,8087,2432,96,64,64,3
12,3,"[8, 128, 0, 0, 0, 0, 0, 0, 0, 0, 0, 0, 0, 0, 0, 8, 128, 0, 0, 0, 0, 0, 0, 0, 0, 0, 0, 0, 0, 0]",1,128,128.0,3072.0,23783600591,23783607968,25732242411,25732244811,0,672,672,-1,1,7377,2400,96,64,64,3
16,3,"[8, 128, 0, 0, 0, 0, 0, 0, 0, 0, 0, 0, 0, 0, 0, 4, 0, 0, 0, 0, 0, 0, 0, 0, 0, 0, 0, 0, 0, 0]",1,128,128.0,2052.0,23783681919,23783689718,25732245483,25732247723,0,704,704,-1,1,7799,2240,96,64,64,3
12,3,"[8, 128, 0, 0, 0, 0, 0, 0, 0, 0, 0, 0, 0, 0, 0, 8, 128, 0, 0, 0, 0, 0, 0, 0, 0, 0, 0, 0, 0, 0]",1,128,128.0,3072.0,23783763212,23783770540,25732248427,25732251019,0,608,608,-1,1,7328,2592,96,64,64,3
12,3,"[8, 128, 0, 0, 0, 0, 0, 0, 0, 0, 0, 0, 0, 0, 0, 8, 128, 0, 0, 0, 0, 0, 0, 0, 0, 0, 0, 0, 0, 0]",1,128,128.0,3072.0,23783848945,23783856945,25732251627,25732254027,0,672,672,-1,1,8000,2400,96,64,64,3
16,3,"[8, 128, 1, 1, 0, 0, 0, 0, 0, 0, 0, 0, 0, 0, 0, 4, 0, 0, 0, 0, 0, 0, 0, 0, 0, 0, 0, 0, 0, 0]",1,128,128.0,2052.0,23783932887,23783940690,25732254699,25732256939,0,704,704,-1,1,7803,2240,96,64,64,3
12,3,"[8, 128, 1, 1, 0, 0, 0, 0, 0, 0, 0, 0, 0, 0, 0, 8, 128, 1, 1, 0, 0, 0, 0, 0, 0, 0, 0, 0, 0, 0]",1,128,128.0,3072.0,23784015915,23784023440,25732257643,25732260043,0,672,672,-1,1,7525,2400,96,64,64,3
12,3,"[8, 128, 1, 1, 0, 0, 0, 0, 0, 0, 0, 0, 0, 0, 0, 8, 128, 1, 1, 0, 0, 0, 0, 0, 0, 0, 0, 0, 0, 0]",1,128,128.0,3072.0,23784098644,23784106696,25732260715,25732263115,0,672,672,-1,1,8052,2400,96,64,64,3
16,3,"[8, 128, 1, 7, 7, 0, 0, 0, 0, 0, 0, 0, 0, 0, 0, 4, 0, 0, 0, 0, 0, 0, 0, 0, 0, 0, 0, 0, 0, 0]",13,128,6272.0,100356.0,23784192882,23784201691,25732263787,25732266667,0,704,704,-1,1,8809,2880,96,64,64,3
12,3,"[8, 128, 1, 7, 7, 0, 0, 0, 0, 0, 0, 0, 0, 0, 0, 8, 128, 1, 7, 7, 0, 0, 0, 0, 0, 0, 0, 0, 0, 0]",13,128,6272.0,150528.0,23784283038,23784290722,25732267371,25732269931,0,576,576,-1,1,7684,2560,96,64,64,3
12,3,"[8, 128, 1, 7, 7, 0, 0, 0, 0, 0, 0, 0, 0, 0, 0, 8, 128, 1, 7, 7, 0, 0, 0, 0, 0, 0, 0, 0, 0, 0]",13,128,6272.0,150528.0,23784366095,23784373774,25732270507,25732273035,0,608,608,-1,1,7679,2528,96,64,64,3
16,3,"[8, 128, 0, 0, 0, 0, 0, 0, 0, 0, 0, 0, 0, 0, 0, 4, 0, 0, 0, 0, 0, 0, 0, 0, 0, 0, 0, 0, 0, 0]",1,128,128.0,2052.0,23784449050,23784456749,25732273643,25732275851,0,736,736,-1,1,7699,2208,96,64,64,3
12,3,"[8, 128, 0, 0, 0, 0, 0, 0, 0, 0, 0, 0, 0, 0, 0, 8, 128, 0, 0, 0, 0, 0, 0, 0, 0, 0, 0, 0, 0, 0]",1,128,128.0,3072.0,23784530970,23784538723,25732276587,25732278986,0,673,673,-1,1,7753,2399,96,64,64,3
12,3,"[8, 128, 0, 0, 0, 0, 0, 0, 0, 0, 0, 0, 0, 0, 0, 8, 128, 0, 0, 0, 0, 0, 0, 0, 0, 0, 0, 0, 0, 0]",1,128,128.0,3072.0,23784613946,23784621395,25732279659,25732282283,0,639,639,-1,1,7449,2624,96,64,64,3
16,3,"[8, 128, 0, 0, 0, 0, 0, 0, 0, 0, 0, 0, 0, 0, 0, 4, 0, 0, 0, 0, 0, 0, 0, 0, 0, 0, 0, 0, 0, 0]",1,128,128.0,2052.0,23784694739,23799608609,25732282922,25732285162,0,704,704,-1,1,14913870,2240,96,64,64,3
12,3,"[8, 128, 0, 0, 0, 0, 0, 0, 0, 0, 0, 0, 0, 0, 0, 8, 128, 0, 0, 0, 0, 0, 0, 0, 0, 0, 0, 0, 0, 0]",1,128,128.0,3072.0,23799691812,23812758689,25732285866,25732288299,0,639,639,-1,1,13066877,2433,96,64,64,3
12,3,"[8, 128, 0, 0, 0, 0, 0, 0, 0, 0, 0, 0, 0, 0, 0, 8, 128, 0, 0, 0, 0, 0, 0, 0, 0, 0, 0, 0, 0, 0]",1,128,128.0,3072.0,23812838333,23812866193,25732288938,25732291370,0,704,704,-1,1,27860,2432,96,64,64,3
16,3,"[8, 128, 0, 0, 0, 0, 0, 0, 0, 0, 0, 0, 0, 0, 0, 4, 0, 0, 0, 0, 0, 0, 0, 0, 0, 0, 0, 0, 0, 0]",1,128,128.0,2052.0,23812943911,23814847220,25732292074,25732294314,0,704,704,-1,1,1903309,2240,96,64,64,3
12,3,"[8, 128, 0, 0, 0, 0, 0, 0, 0, 0, 0, 0, 0, 0, 0, 8, 128, 0, 0, 0, 0, 0, 0, 0, 0, 0, 0, 0, 0, 0]",1,128,128.0,3072.0,23814927174,23814935268,25732295018,25732297418,0,608,608,-1,1,8094,2400,96,64,64,3
12,3,"[8, 128, 0, 0, 0, 0, 0, 0, 0, 0, 0, 0, 0, 0, 0, 8, 128, 0, 0, 0, 0, 0, 0, 0, 0, 0, 0, 0, 0, 0]",1,128,128.0,3072.0,23815010625,23815018350,25732298026,25732300458,0,640,640,-1,1,7725,2432,96,64,64,3
16,3,"[8, 512, 128, 0, 0, 0, 0, 0, 0, 0, 0, 0, 0, 0, 0, 4, 0, 0, 0, 0, 0, 0, 0, 0, 0, 0, 0, 0, 0, 0]",128,128,65536.0,1048580.0,23815092803,23815100458,25732301098,25732306218,0,736,736,-1,1,7655,5120,96,64,64,3
12,3,"[8, 512, 128, 0, 0, 0, 0, 0, 0, 0, 0, 0, 0, 0, 0, 8, 512, 128, 0, 0, 0, 0, 0, 0, 0, 0, 0, 0, 0, 0]",128,128,65536.0,1572864.0,23815175867,23828814397,25732306954,25732311754,0,672,672,-1,1,13638530,4800,96,64,64,3
12,3,"[8, 512, 128, 0, 0, 0, 0, 0, 0, 0, 0, 0, 0, 0, 0, 8, 512, 128, 0, 0, 0, 0, 0, 0, 0, 0, 0, 0, 0, 0]",128,128,65536.0,1572864.0,23828909691,23844555395,25732312426,25732317610,0,576,576,-1,1,15645704,5184,96,64,64,3
16,3,"[8, 512, 0, 0, 0, 0, 0, 0, 0, 0, 0, 0, 0, 0, 0, 4, 0, 0, 0, 0, 0, 0, 0, 0, 0, 0, 0, 0, 0, 0]",1,128,512.0,8196.0,23844635806,23844660521,25732318186,25732320618,0,704,704,-1,1,24715,2432,96,64,64,3
12,3,"[8, 512, 0, 0, 0, 0, 0, 0, 0, 0, 0, 0, 0, 0, 0, 8, 512, 0, 0, 0, 0, 0, 0, 0, 0, 0, 0, 0, 0, 0]",1,128,512.0,12288.0,23844738876,23844746755,25732321322,25732323786,0,672,672,-1,1,7879,2464,96,64,64,3
12,3,"[8, 512, 0, 0, 0, 0, 0, 0, 0, 0, 0, 0, 0, 0, 0, 8, 512, 0, 0, 0, 0, 0, 0, 0, 0, 0, 0, 0, 0, 0]",1,128,512.0,12288.0,23844820832,23844852060,25732324458,25732326858,0,672,672,-1,1,31228,2400,96,64,64,3
16,3,"[8, 128, 512, 0, 0, 0, 0, 0, 0, 0, 0, 0, 0, 0, 0, 4, 0, 0, 0, 0, 0, 0, 0, 0, 0, 0, 0, 0, 0, 0]",128,128,65536.0,1048580.0,23844927132,23844935615,25732327530,25732332490,0,704,704,-1,1,8483,4960,96,64,64,3
12,3,"[8, 128, 512, 0, 0, 0, 0, 0, 0, 0, 0, 0, 0, 0, 0, 8, 128, 512, 0, 0, 0, 0, 0, 0, 0, 0, 0, 0, 0, 0]",128,128,65536.0,1572864.0,23845010174,23845017834,25732333194,25732338282,0,736,736,-1,1,7660,5088,96,64,64,3
12,3,"[8, 128, 512, 0, 0, 0, 0, 0, 0, 0, 0, 0, 0, 0, 0, 8, 128, 512, 0, 0, 0, 0, 0, 0, 0, 0, 0, 0, 0, 0]",128,128,65536.0,1572864.0,23845089776,23845097075,25732339018,25732344138,0,672,672,-1,1,7299,5120,96,64,64,3
16,3,"[8, 128, 0, 0, 0, 0, 0, 0, 0, 0, 0, 0, 0, 0, 0, 4, 0, 0, 0, 0, 0, 0, 0, 0, 0, 0, 0, 0, 0, 0]",1,128,128.0,2052.0,23845411429,23845424099,25732344810,25732347018,0,736,736,-1,1,12670,2208,96,64,64,3
12,3,"[8, 128, 0, 0, 0, 0, 0, 0, 0, 0, 0, 0, 0, 0, 0, 8, 128, 0, 0, 0, 0, 0, 0, 0, 0, 0, 0, 0, 0, 0]",1,128,128.0,3072.0,23845515664,23845525525,25732347754,25732350185,0,576,576,-1,1,9861,2431,96,64,64,3
12,3,"[8, 128, 0, 0, 0, 0, 0, 0, 0, 0, 0, 0, 0, 0, 0, 8, 128, 0, 0, 0, 0, 0, 0, 0, 0, 0, 0, 0, 0, 0]",1,128,128.0,3072.0,23845600739,23846642890,25732350761,25732353161,0,672,672,-1,1,1042151,2400,96,64,64,3
16,3,"[8, 128, 1, 1, 0, 0, 0, 0, 0, 0, 0, 0, 0, 0, 0, 4, 0, 0, 0, 0, 0, 0, 0, 0, 0, 0, 0, 0, 0, 0]",1,128,128.0,2052.0,23846719699,23847014986,25732353833,25732356201,0,576,576,-1,1,295287,2368,96,64,64,3
12,3,"[8, 128, 1, 1, 0, 0, 0, 0, 0, 0, 0, 0, 0, 0, 0, 8, 128, 1, 1, 0, 0, 0, 0, 0, 0, 0, 0, 0, 0, 0]",1,128,128.0,3072.0,23847090993,23847099274,25732356777,25732359305,0,608,608,-1,1,8281,2528,96,64,64,3
12,3,"[8, 128, 1, 1, 0, 0, 0, 0, 0, 0, 0, 0, 0, 0, 0, 8, 128, 1, 1, 0, 0, 0, 0, 0, 0, 0, 0, 0, 0, 0]",1,128,128.0,3072.0,23847172723,23847180070,25732359913,25732362313,0,672,672,-1,1,7347,2400,96,64,64,3
16,3,"[8, 128, 1, 7, 7, 0, 0, 0, 0, 0, 0, 0, 0, 0, 0, 4, 0, 0, 0, 0, 0, 0, 0, 0, 0, 0, 0, 0, 0, 0]",13,128,6272.0,100356.0,23847253615,23847261686,25732362985,25732365641,0,544,544,-1,1,8071,2656,96,64,64,3
12,3,"[8, 128, 1, 7, 7, 0, 0, 0, 0, 0, 0, 0, 0, 0, 0, 8, 128, 1, 7, 7, 0, 0, 0, 0, 0, 0, 0, 0, 0, 0]",13,128,6272.0,150528.0,23847335521,23847345278,25732366185,25732368809,0,640,640,-1,1,9757,2624,96,64,64,3
12,3,"[8, 128, 1, 7, 7, 0, 0, 0, 0, 0, 0, 0, 0, 0, 0, 8, 128, 1, 7, 7, 0, 0, 0, 0, 0, 0, 0, 0, 0, 0]",13,128,6272.0,150528.0,23847420596,23847428037,25732369449,25732371977,0,704,704,-1,1,7441,2528,96,64,64,3
16,3,"[8, 128, 0, 0, 0, 0, 0, 0, 0, 0, 0, 0, 0, 0, 0, 4, 0, 0, 0, 0, 0, 0, 0, 0, 0, 0, 0, 0, 0, 0]",1,128,128.0,2052.0,23847500486,23847508000,25732372681,25732374857,0,672,672,-1,1,7514,2176,96,64,64,3
12,3,"[8, 128, 0, 0, 0, 0, 0, 0, 0, 0, 0, 0, 0, 0, 0, 8, 128, 0, 0, 0, 0, 0, 0, 0, 0, 0, 0, 0, 0, 0]",1,128,128.0,3072.0,23847580410,23847588031,25732375529,25732378089,0,704,704,-1,1,7621,2560,96,64,64,3
12,3,"[8, 128, 0, 0, 0, 0, 0, 0, 0, 0, 0, 0, 0, 0, 0, 8, 128, 0, 0, 0, 0, 0, 0, 0, 0, 0, 0, 0, 0, 0]",1,128,128.0,3072.0,23847663389,23847670808,25732378793,25732381193,0,704,704,-1,1,7419,2400,96,64,64,3
16,3,"[8, 128, 0, 0, 0, 0, 0, 0, 0, 0, 0, 0, 0, 0, 0, 4, 0, 0, 0, 0, 0, 0, 0, 0, 0, 0, 0, 0, 0, 0]",1,128,128.0,2052.0,23847741442,23847748941,25732381897,25732384105,0,704,704,-1,1,7499,2208,96,64,64,3
12,3,"[8, 128, 0, 0, 0, 0, 0, 0, 0, 0, 0, 0, 0, 0, 0, 8, 128, 0, 0, 0, 0, 0, 0, 0, 0, 0, 0, 0, 0, 0]",1,128,128.0,3072.0,23847820730,23847827945,25732384809,25732387337,0,672,672,-1,1,7215,2528,96,64,64,3
12,3,"[8, 128, 0, 0, 0, 0, 0, 0, 0, 0, 0, 0, 0, 0, 0, 8, 128, 0, 0, 0, 0, 0, 0, 0, 0, 0, 0, 0, 0, 0]",1,128,128.0,3072.0,23847899583,23847906638,25732388009,25732390409,0,672,672,-1,1,7055,2400,96,64,64,3
16,3,"[8, 128, 0, 0, 0, 0, 0, 0, 0, 0, 0, 0, 0, 0, 0, 4, 0, 0, 0, 0, 0, 0, 0, 0, 0, 0, 0, 0, 0, 0]",1,128,128.0,2052.0,23847978913,23847986307,25732391081,25732393289,0,736,736,-1,1,7394,2208,96,64,64,3
12,3,"[8, 128, 0, 0, 0, 0, 0, 0, 0, 0, 0, 0, 0, 0, 0, 8, 128, 0, 0, 0, 0, 0, 0, 0, 0, 0, 0, 0, 0, 0]",1,128,128.0,3072.0,23848058980,23848066213,25732394025,25732396425,0,672,672,-1,1,7233,2400,96,64,64,3
12,3,"[8, 128, 0, 0, 0, 0, 0, 0, 0, 0, 0, 0, 0, 0, 0, 8, 128, 0, 0, 0, 0, 0, 0, 0, 0, 0, 0, 0, 0, 0]",1,128,128.0,3072.0,23848137443,23848144611,25732397097,25732399593,0,640,640,-1,1,7168,2496,96,64,64,3
16,3,"[8, 512, 128, 0, 0, 0, 0, 0, 0, 0, 0, 0, 0, 0, 0, 4, 0, 0, 0, 0, 0, 0, 0, 0, 0, 0, 0, 0, 0, 0]",128,128,65536.0,1048580.0,23848225246,23861286040,25732400233,25732405801,0,704,704,-1,1,13060794,5568,96,64,64,3
12,3,"[8, 512, 128, 0, 0, 0, 0, 0, 0, 0, 0, 0, 0, 0, 0, 8, 512, 128, 0, 0, 0, 0, 0, 0, 0, 0, 0, 0, 0, 0]",128,128,65536.0,1572864.0,23861365029,23874437854,25732406505,25732411817,0,639,639,-1,1,13072825,5312,96,64,64,3
12,3,"[8, 512, 128, 0, 0, 0, 0, 0, 0, 0, 0, 0, 0, 0, 0, 8, 512, 128, 0, 0, 0, 0, 0, 0, 0, 0, 0, 0, 0, 0]",128,128,65536.0,1572864.0,23874522601,23874547770,25732412456,25732417833,0,639,639,-1,1,25169,5377,96,64,64,3
16,3,"[8, 512, 0, 0, 0, 0, 0, 0, 0, 0, 0, 0, 0, 0, 0, 4, 0, 0, 0, 0, 0, 0, 0, 0, 0, 0, 0, 0, 0, 0]",1,128,512.0,8196.0,23874636135,23876528250,25732418472,25732420872,0,672,672,-1,1,1892115,2400,96,64,64,3
12,3,"[8, 512, 0, 0, 0, 0, 0, 0, 0, 0, 0, 0, 0, 0, 0, 8, 512, 0, 0, 0, 0, 0, 0, 0, 0, 0, 0, 0, 0, 0]",1,128,512.0,12288.0,23876607209,23876615840,25732421544,25732423976,0,640,640,-1,1,8631,2432,96,64,64,3
12,3,"[8, 512, 0, 0, 0, 0, 0, 0, 0, 0, 0, 0, 0, 0, 0, 8, 512, 0, 0, 0, 0, 0, 0, 0, 0, 0, 0, 0, 0, 0]",1,128,512.0,12288.0,23876691413,23876699232,25732424616,25732427112,0,640,640,-1,1,7819,2496,96,64,64,3
16,3,"[8, 128, 512, 0, 0, 0, 0, 0, 0, 0, 0, 0, 0, 0, 0, 4, 0, 0, 0, 0, 0, 0, 0, 0, 0, 0, 0, 0, 0, 0]",128,128,65536.0,1048580.0,23876774690,23876782878,25732427752,25732433448,0,576,576,-1,1,8188,5696,96,64,64,3
12,3,"[8, 128, 512, 0, 0, 0, 0, 0, 0, 0, 0, 0, 0, 0, 0, 8, 128, 512, 0, 0, 0, 0, 0, 0, 0, 0, 0, 0, 0, 0]",128,128,65536.0,1572864.0,23876858142,23892416000,25732434024,25732439176,0,608,608,-1,1,15557858,5152,96,64,64,3
12,3,"[8, 128, 512, 0, 0, 0, 0, 0, 0, 0, 0, 0, 0, 0, 0, 8, 128, 512, 0, 0, 0, 0, 0, 0, 0, 0, 0, 0, 0, 0]",128,128,65536.0,1572864.0,23892494707,23908163954,25732439784,25732445000,0,608,608,-1,1,15669247,5216,96,64,64,3
16,3,"[8, 128, 0, 0, 0, 0, 0, 0, 0, 0, 0, 0, 0, 0, 0, 4, 0, 0, 0, 0, 0, 0, 0, 0, 0, 0, 0, 0, 0, 0]",1,128,128.0,2052.0,23908245195,23908268515,25732445608,25732447816,0,736,736,-1,1,23320,2208,96,64,64,3
12,3,"[8, 128, 0, 0, 0, 0, 0, 0, 0, 0, 0, 0, 0, 0, 0, 8, 128, 0, 0, 0, 0, 0, 0, 0, 0, 0, 0, 0, 0, 0]",1,128,128.0,3072.0,23908342289,23908350230,25732448552,25732450984,0,704,704,-1,1,7941,2432,96,64,64,3
12,3,"[8, 128, 0, 0, 0, 0, 0, 0, 0, 0, 0, 0, 0, 0, 0, 8, 128, 0, 0, 0, 0, 0, 0, 0, 0, 0, 0, 0, 0, 0]",1,128,128.0,3072.0,23908421576,23908462323,25732451688,25732454312,0,640,640,-1,1,40747,2624,96,64,64,3
16,3,"[8, 128, 1, 1, 0, 0, 0, 0, 0, 0, 0, 0, 0, 0, 0, 4, 0, 0, 0, 0, 0, 0, 0, 0, 0, 0, 0, 0, 0, 0]",1,128,128.0,2052.0,23908536585,23908545080,25732454952,25732457192,0,704,704,-1,1,8495,2240,96,64,64,3
12,3,"[8, 128, 1, 1, 0, 0, 0, 0, 0, 0, 0, 0, 0, 0, 0, 8, 128, 1, 1, 0, 0, 0, 0, 0, 0, 0, 0, 0, 0, 0]",1,128,128.0,3072.0,23908618845,23908626375,25732457896,25732460296,0,672,672,-1,1,7530,2400,96,64,64,3
12,3,"[8, 128, 1, 1, 0, 0, 0, 0, 0, 0, 0, 0, 0, 0, 0, 8, 128, 1, 1, 0, 0, 0, 0, 0, 0, 0, 0, 0, 0, 0]",1,128,128.0,3072.0,23908702350,23908709864,25732460968,25732463400,0,704,704,-1,1,7514,2432,96,64,64,3
16,3,"[8, 128, 1, 7, 7, 0, 0, 0, 0, 0, 0, 0, 0, 0, 0, 4, 0, 0, 0, 0, 0, 0, 0, 0, 0, 0, 0, 0, 0, 0]",13,128,6272.0,100356.0,23908783264,23908791080,25732464104,25732466664,0,704,704,-1,1,7816,2560,96,64,64,3
12,3,"[8, 128, 1, 7, 7, 0, 0, 0, 0, 0, 0, 0, 0, 0, 0, 8, 128, 1, 7, 7, 0, 0, 0, 0, 0, 0, 0, 0, 0, 0]",13,128,6272.0,150528.0,23908864258,23908871650,25732467368,25732470024,0,640,640,-1,1,7392,2656,96,64,64,3
12,3,"[8, 128, 1, 7, 7, 0, 0, 0, 0, 0, 0, 0, 0, 0, 0, 8, 128, 1, 7, 7, 0, 0, 0, 0, 0, 0, 0, 0, 0, 0]",13,128,6272.0,150528.0,23908944874,23910253597,25732470664,25732473415,0,672,672,-1,1,1308723,2751,96,64,64,3
16,3,"[8, 128, 0, 0, 0, 0, 0, 0, 0, 0, 0, 0, 0, 0, 0, 4, 0, 0, 0, 0, 0, 0, 0, 0, 0, 0, 0, 0, 0, 0]",1,128,128.0,2052.0,23910327589,23910624240,25732474087,25732476327,0,704,704,-1,1,296651,2240,96,64,64,3
12,3,"[8, 128, 0, 0, 0, 0, 0, 0, 0, 0, 0, 0, 0, 0, 0, 8, 128, 0, 0, 0, 0, 0, 0, 0, 0, 0, 0, 0, 0, 0]",1,128,128.0,3072.0,23910697978,23910706150,25732477031,25732479496,0,671,671,-1,1,8172,2465,96,64,64,3
12,3,"[8, 128, 0, 0, 0, 0, 0, 0, 0, 0, 0, 0, 0, 0, 0, 8, 128, 0, 0, 0, 0, 0, 0, 0, 0, 0, 0, 0, 0, 0]",1,128,128.0,3072.0,23910778272,23910785852,25732480167,25732482568,0,671,671,-1,1,7580,2401,96,64,64,3
16,3,"[8, 128, 0, 0, 0, 0, 0, 0, 0, 0, 0, 0, 0, 0, 0, 4, 0, 0, 0, 0, 0, 0, 0, 0, 0, 0, 0, 0, 0, 0]",1,128,128.0,2052.0,23910857111,23910865353,25732483239,25732485607,0,576,576,-1,1,8242,2368,96,64,64,3
12,3,"[8, 128, 0, 0, 0, 0, 0, 0, 0, 0, 0, 0, 0, 0, 0, 8, 128, 0, 0, 0, 0, 0, 0, 0, 0, 0, 0, 0, 0, 0]",1,128,128.0,3072.0,23910937001,23910946470,25732486183,25732488583,0,672,672,-1,1,9469,2400,96,64,64,3
12,3,"[8, 128, 0, 0, 0, 0, 0, 0, 0, 0, 0, 0, 0, 0, 0, 8, 128, 0, 0, 0, 0, 0, 0, 0, 0, 0, 0, 0, 0, 0]",1,128,128.0,3072.0,23911161437,23911171437,25732489255,25732491719,0,672,672,-1,1,10000,2464,96,64,64,3
16,3,"[8, 128, 0, 0, 0, 0, 0, 0, 0, 0, 0, 0, 0, 0, 0, 4, 0, 0, 0, 0, 0, 0, 0, 0, 0, 0, 0, 0, 0, 0]",1,128,128.0,2052.0,23911253631,23911262651,25732492391,25732494599,0,736,736,-1,1,9020,2208,96,64,64,3
12,3,"[8, 128, 0, 0, 0, 0, 0, 0, 0, 0, 0, 0, 0, 0, 0, 8, 128, 0, 0, 0, 0, 0, 0, 0, 0, 0, 0, 0, 0, 0]",1,128,128.0,3072.0,23911335836,23911343731,25732495335,25732497735,0,672,672,-1,1,7895,2400,96,64,64,3
12,3,"[8, 128, 0, 0, 0, 0, 0, 0, 0, 0, 0, 0, 0, 0, 0, 8, 128, 0, 0, 0, 0, 0, 0, 0, 0, 0, 0, 0, 0, 0]",1,128,128.0,3072.0,23911414181,23911421716,25732498407,25732500839,0,704,704,-1,1,7535,2432,96,64,64,3
16,3,"[8, 512, 128, 0, 0, 0, 0, 0, 0, 0, 0, 0, 0, 0, 0, 4, 0, 0, 0, 0, 0, 0, 0, 0, 0, 0, 0, 0, 0, 0]",128,128,65536.0,1048580.0,23911493941,23911501690,25732501543,25732507271,0,608,608,-1,1,7749,5728,96,64,64,3
12,3,"[8, 512, 128, 0, 0, 0, 0, 0, 0, 0, 0, 0, 0, 0, 0, 8, 512, 128, 0, 0, 0, 0, 0, 0, 0, 0, 0, 0, 0, 0]",128,128,65536.0,1572864.0,23911573423,23911581505,25732507879,25732512967,0,576,576,-1,1,8082,5088,96,64,64,3
12,3,"[8, 512, 128, 0, 0, 0, 0, 0, 0, 0, 0, 0, 0, 0, 0, 8, 512, 128, 0, 0, 0, 0, 0, 0, 0, 0, 0, 0, 0, 0]",128,128,65536.0,1572864.0,23911652280,23911659421,25732513543,25732518631,0,576,576,-1,1,7141,5088,96,64,64,3
16,3,"[8, 512, 0, 0, 0, 0, 0, 0, 0, 0, 0, 0, 0, 0, 0, 4, 0, 0, 0, 0, 0, 0, 0, 0, 0, 0, 0, 0, 0, 0]",1,128,512.0,8196.0,23911730145,23911738031,25732519207,25732521607,0,672,672,-1,1,7886,2400,96,64,64,3
12,3,"[8, 512, 0, 0, 0, 0, 0, 0, 0, 0, 0, 0, 0, 0, 0, 8, 512, 0, 0, 0, 0, 0, 0, 0, 0, 0, 0, 0, 0, 0]",1,128,512.0,12288.0,23911809248,23911816613,25732522279,25732524871,0,608,608,-1,1,7365,2592,96,64,64,3
12,3,"[8, 512, 0, 0, 0, 0, 0, 0, 0, 0, 0, 0, 0, 0, 0, 8, 512, 0, 0, 0, 0, 0, 0, 0, 0, 0, 0, 0, 0, 0]",1,128,512.0,12288.0,23911888230,23911895719,25732525479,25732527943,0,672,672,-1,1,7489,2464,96,64,64,3
16,3,"[8, 128, 512, 0, 0, 0, 0, 0, 0, 0, 0, 0, 0, 0, 0, 4, 0, 0, 0, 0, 0, 0, 0, 0, 0, 0, 0, 0, 0, 0]",128,128,65536.0,1048580.0,23911968704,23926790487,25732528615,25732534215,0,575,575,-1,1,14821783,5600,96,64,64,3
12,3,"[8, 128, 512, 0, 0, 0, 0, 0, 0, 0, 0, 0, 0, 0, 0, 8, 128, 512, 0, 0, 0, 0, 0, 0, 0, 0, 0, 0, 0, 0]",128,128,65536.0,1572864.0,23926878111,23939946550,25732534790,25732540327,0,576,576,-1,1,13068439,5537,96,64,64,3
12,3,"[8, 128, 512, 0, 0, 0, 0, 0, 0, 0, 0, 0, 0, 0, 0, 8, 128, 512, 0, 0, 0, 0, 0, 0, 0, 0, 0, 0, 0, 0]",128,128,65536.0,1572864.0,23940026338,23940054383,25732540903,25732546310,0,640,640,-1,1,28045,5407,96,64,64,3
16,3,"[8, 128, 0, 0, 0, 0, 0, 0, 0, 0, 0, 0, 0, 0, 0, 4, 0, 0, 0, 0, 0, 0, 0, 0, 0, 0, 0, 0, 0, 0]",1,128,128.0,2052.0,23940130598,23942036681,25732546950,25732549159,0,704,704,-1,1,1906083,2209,96,64,64,3
12,3,"[8, 128, 0, 0, 0, 0, 0, 0, 0, 0, 0, 0, 0, 0, 0, 8, 128, 0, 0, 0, 0, 0, 0, 0, 0, 0, 0, 0, 0, 0]",1,128,128.0,3072.0,23942112901,23942120899,25732549863,25732552294,0,576,576,-1,1,7998,2431,96,64,64,3
12,3,"[8, 128, 0, 0, 0, 0, 0, 0, 0, 0, 0, 0, 0, 0, 0, 8, 128, 0, 0, 0, 0, 0, 0, 0, 0, 0, 0, 0, 0, 0]",1,128,128.0,3072.0,23942192994,23942200764,25732552870,25732555302,0,704,704,-1,1,7770,2432,96,64,64,3
16,3,"[8, 128, 0, 0, 0, 0, 0, 0, 0, 0, 0, 0, 0, 0, 0, 4, 0, 0, 0, 0, 0, 0, 0, 0, 0, 0, 0, 0, 0, 0]",1,128,128.0,2052.0,23942273316,23942280834,25732556006,25732558214,0,672,672,-1,1,7518,2208,96,64,64,3
12,3,"[8, 128, 0, 0, 0, 0, 0, 0, 0, 0, 0, 0, 0, 0, 0, 8, 128, 0, 0, 0, 0, 0, 0, 0, 0, 0, 0, 0, 0, 0]",1,128,128.0,3072.0,23942350534,23957907695,25732558886,25732561350,0,608,608,-1,1,15557161,2464,96,64,64,3
12,3,"[8, 128, 0, 0, 0, 0, 0, 0, 0, 0, 0, 0, 0, 0, 0, 8, 128, 0, 0, 0, 0, 0, 0, 0, 0, 0, 0, 0, 0, 0]",1,128,128.0,3072.0,23957987763,23973647394,25732561958,25732564390,0,704,704,-1,1,15659631,2432,96,64,64,3
16,3,"[8, 128, 0, 0, 0, 0, 0, 0, 0, 0, 0, 0, 0, 0, 0, 4, 0, 0, 0, 0, 0, 0, 0, 0, 0, 0, 0, 0, 0, 0]",1,128,128.0,2052.0,23973734026,23973752633,25732565094,25732567302,0,736,736,-1,1,18607,2208,96,64,64,3
12,3,"[8, 128, 0, 0, 0, 0, 0, 0, 0, 0, 0, 0, 0, 0, 0, 8, 128, 0, 0, 0, 0, 0, 0, 0, 0, 0, 0, 0, 0, 0]",1,128,128.0,3072.0,23973824771,23973832860,25732568038,25732570438,0,672,672,-1,1,8089,2400,96,64,64,3
12,3,"[8, 128, 0, 0, 0, 0, 0, 0, 0, 0, 0, 0, 0, 0, 0, 8, 128, 0, 0, 0, 0, 0, 0, 0, 0, 0, 0, 0, 0, 0]",1,128,128.0,3072.0,23973905962,23973943990,25732571110,25732573542,0,704,704,-1,1,38028,2432,96,64,64,3
16,3,"[8, 256, 128, 2, 2, 0, 0, 0, 0, 0, 0, 0, 0, 0, 0, 4, 0, 0, 0, 0, 0, 0, 0, 0, 0, 0, 0, 0, 0, 0]",256,128,131072.0,2097156.0,23974018899,23974027021,25732574246,25732583462,0,704,704,-1,1,8122,9216,96,64,64,3
12,3,"[8, 256, 128, 2, 2, 0, 0, 0, 0, 0, 0, 0, 0, 0, 0, 8, 256, 128, 2, 2, 0, 0, 0, 0, 0, 0, 0, 0, 0, 0]",256,128,131072.0,3145728.0,23974101159,23974108845,25732584166,25732590854,0,608,608,-1,1,7686,6688,96,64,64,3
12,3,"[8, 256, 128, 2, 2, 0, 0, 0, 0, 0, 0, 0, 0, 0, 0, 8, 256, 128, 2, 2, 0, 0, 0, 0, 0, 0, 0, 0, 0, 0]",256,128,131072.0,3145728.0,23974181746,23974189056,25732591462,25732600518,0,672,672,-1,1,7310,9056,96,64,64,3
16,3,"[8, 256, 0, 0, 0, 0, 0, 0, 0, 0, 0, 0, 0, 0, 0, 4, 0, 0, 0, 0, 0, 0, 0, 0, 0, 0, 0, 0, 0, 0]",1,128,256.0,4100.0,23974262196,23974270059,25732601190,25732603621,0,704,704,-1,1,7863,2431,96,64,64,3
12,3,"[8, 256, 0, 0, 0, 0, 0, 0, 0, 0, 0, 0, 0, 0, 0, 8, 256, 0, 0, 0, 0, 0, 0, 0, 0, 0, 0, 0, 0, 0]",1,128,256.0,6144.0,23974342706,23974350161,25732604325,25732606790,0,639,639,-1,1,7455,2465,96,64,64,3
12,3,"[8, 256, 0, 0, 0, 0, 0, 0, 0, 0, 0, 0, 0, 0, 0, 8, 256, 0, 0, 0, 0, 0, 0, 0, 0, 0, 0, 0, 0, 0]",1,128,256.0,6144.0,23974421458,23975736102,25732607429,25732609893,0,641,641,-1,1,1314644,2464,96,64,64,3
16,3,"[8, 256, 1, 1, 0, 0, 0, 0, 0, 0, 0, 0, 0, 0, 0, 4, 0, 0, 0, 0, 0, 0, 0, 0, 0, 0, 0, 0, 0, 0]",1,128,256.0,4100.0,23975810219,23976107045,25732610534,25732612806,0,735,735,-1,1,296826,2272,96,64,64,3
12,3,"[8, 256, 1, 1, 0, 0, 0, 0, 0, 0, 0, 0, 0, 0, 0, 8, 256, 1, 1, 0, 0, 0, 0, 0, 0, 0, 0, 0, 0, 0]",1,128,256.0,6144.0,23976186937,23976211767,25732613541,25732616006,0,607,607,-1,1,24830,2465,96,64,64,3
12,3,"[8, 256, 1, 1, 0, 0, 0, 0, 0, 0, 0, 0, 0, 0, 0, 8, 256, 1, 1, 0, 0, 0, 0, 0, 0, 0, 0, 0, 0, 0]",1,128,256.0,6144.0,23976290468,23976298785,25732616613,25732619141,0,608,608,-1,1,8317,2528,96,64,64,3
16,3,"[8, 256, 1, 7, 7, 0, 0, 0, 0, 0, 0, 0, 0, 0, 0, 4, 0, 0, 0, 0, 0, 0, 0, 0, 0, 0, 0, 0, 0, 0]",25,128,12544.0,200708.0,23976376604,23976384887,25732619749,25732622437,0,704,704,-1,1,8283,2688,96,64,64,3
12,3,"[8, 256, 1, 7, 7, 0, 0, 0, 0, 0, 0, 0, 0, 0, 0, 8, 256, 1, 7, 7, 0, 0, 0, 0, 0, 0, 0, 0, 0, 0]",25,128,12544.0,301056.0,23976465021,23976473149,25732623141,25732625893,0,576,576,-1,1,8128,2752,96,64,64,3
12,3,"[8, 256, 1, 7, 7, 0, 0, 0, 0, 0, 0, 0, 0, 0, 0, 8, 256, 1, 7, 7, 0, 0, 0, 0, 0, 0, 0, 0, 0, 0]",25,128,12544.0,301056.0,23976548896,23976556822,25732626469,25732629285,0,640,640,-1,1,7926,2816,96,64,64,3
16,3,"[8, 256, 0, 0, 0, 0, 0, 0, 0, 0, 0, 0, 0, 0, 0, 4, 0, 0, 0, 0, 0, 0, 0, 0, 0, 0, 0, 0, 0, 0]",1,128,256.0,4100.0,23976634284,23976642862,25732629925,25732632229,0,672,672,-1,1,8578,2304,96,64,64,3
12,3,"[8, 256, 0, 0, 0, 0, 0, 0, 0, 0, 0, 0, 0, 0, 0, 8, 256, 0, 0, 0, 0, 0, 0, 0, 0, 0, 0, 0, 0, 0]",1,128,256.0,6144.0,23976717859,23976725937,25732632901,25732635365,0,640,640,-1,1,8078,2464,96,64,64,3
12,3,"[8, 256, 0, 0, 0, 0, 0, 0, 0, 0, 0, 0, 0, 0, 0, 8, 256, 0, 0, 0, 0, 0, 0, 0, 0, 0, 0, 0, 0, 0]",1,128,256.0,6144.0,23976800979,23976808560,25732636005,25732638469,0,608,608,-1,1,7581,2464,96,64,64,3
16,3,"[8, 256, 0, 0, 0, 0, 0, 0, 0, 0, 0, 0, 0, 0, 0, 4, 0, 0, 0, 0, 0, 0, 0, 0, 0, 0, 0, 0, 0, 0]",1,128,256.0,4100.0,23976883690,23976891755,25732639077,25732641349,0,672,672,-1,1,8065,2272,96,64,64,3
12,3,"[8, 256, 0, 0, 0, 0, 0, 0, 0, 0, 0, 0, 0, 0, 0, 8, 256, 0, 0, 0, 0, 0, 0, 0, 0, 0, 0, 0, 0, 0]",1,128,256.0,6144.0,23976966483,23976973938,25732642021,25732644485,0,640,640,-1,1,7455,2464,96,64,64,3
12,3,"[8, 256, 0, 0, 0, 0, 0, 0, 0, 0, 0, 0, 0, 0, 0, 8, 256, 0, 0, 0, 0, 0, 0, 0, 0, 0, 0, 0, 0, 0]",1,128,256.0,6144.0,23977049318,23977056980,25732645125,25732647621,0,544,544,-1,1,7662,2496,96,64,64,3
16,3,"[8, 256, 0, 0, 0, 0, 0, 0, 0, 0, 0, 0, 0, 0, 0, 4, 0, 0, 0, 0, 0, 0, 0, 0, 0, 0, 0, 0, 0, 0]",1,128,256.0,4100.0,23977133704,23977141787,25732648165,25732650469,0,672,672,-1,1,8083,2304,96,64,64,3
12,3,"[8, 256, 0, 0, 0, 0, 0, 0, 0, 0, 0, 0, 0, 0, 0, 8, 256, 0, 0, 0, 0, 0, 0, 0, 0, 0, 0, 0, 0, 0]",1,128,256.0,6144.0,23977362896,23977372591,25732651141,25732653637,0,544,544,-1,1,9695,2496,96,64,64,3
12,3,"[8, 256, 0, 0, 0, 0, 0, 0, 0, 0, 0, 0, 0, 0, 0, 8, 256, 0, 0, 0, 0, 0, 0, 0, 0, 0, 0, 0, 0, 0]",1,128,256.0,6144.0,23977452893,23977460859,25732654181,25732656741,0,576,576,-1,1,7966,2560,96,64,64,3
16,3,"[8, 1024, 256, 0, 0, 0, 0, 0, 0, 0, 0, 0, 0, 0, 0, 4, 0, 0, 0, 0, 0, 0, 0, 0, 0, 0, 0, 0, 0, 0]",512,128,262144.0,4194308.0,23977540173,23992273977,25732657317,25732674053,0,672,672,-1,1,14733804,16736,96,64,64,3
12,3,"[8, 1024, 256, 0, 0, 0, 0, 0, 0, 0, 0, 0, 0, 0, 0, 8, 1024, 256, 0, 0, 0, 0, 0, 0, 0, 0, 0, 0, 0, 0]",512,128,262144.0,6291456.0,23992353967,24005431654,25732674725,25732687620,0,544,544,-1,1,13077687,12895,96,64,64,3
12,3,"[8, 1024, 256, 0, 0, 0, 0, 0, 0, 0, 0, 0, 0, 0, 0, 8, 1024, 256, 0, 0, 0, 0, 0, 0, 0, 0, 0, 0, 0, 0]",512,128,262144.0,6291456.0,24005508768,24005538982,25732688164,25732704740,0,576,576,-1,1,30214,16576,96,64,64,3
16,3,"[8, 1024, 0, 0, 0, 0, 0, 0, 0, 0, 0, 0, 0, 0, 0, 4, 0, 0, 0, 0, 0, 0, 0, 0, 0, 0, 0, 0, 0, 0]",2,128,1024.0,16388.0,24005614932,24007521450,25732705316,25732708260,0,640,640,-1,1,1906518,2944,96,64,64,3
12,3,"[8, 1024, 0, 0, 0, 0, 0, 0, 0, 0, 0, 0, 0, 0, 0, 8, 1024, 0, 0, 0, 0, 0, 0, 0, 0, 0, 0, 0, 0, 0]",2,128,1024.0,24576.0,24007595270,24007602786,25732708900,25732711684,0,672,672,-1,1,7516,2784,96,64,64,3
12,3,"[8, 1024, 0, 0, 0, 0, 0, 0, 0, 0, 0, 0, 0, 0, 0, 8, 1024, 0, 0, 0, 0, 0, 0, 0, 0, 0, 0, 0, 0, 0]",2,128,1024.0,24576.0,24007674332,24007681669,25732712356,25732714916,0,576,576,-1,1,7337,2560,96,64,64,3
16,3,"[8, 256, 1024, 0, 0, 0, 0, 0, 0, 0, 0, 0, 0, 0, 0, 4, 0, 0, 0, 0, 0, 0, 0, 0, 0, 0, 0, 0, 0, 0]",512,128,262144.0,4194308.0,24007753397,24007760902,25732715492,25732731748,0,576,576,-1,1,7505,16256,96,64,64,3
12,3,"[8, 256, 1024, 0, 0, 0, 0, 0, 0, 0, 0, 0, 0, 0, 0, 8, 256, 1024, 0, 0, 0, 0, 0, 0, 0, 0, 0, 0, 0, 0]",512,128,262144.0,6291456.0,24007834115,24023387554,25732732324,25732745475,0,704,704,-1,1,15553439,13151,96,64,64,3
12,3,"[8, 256, 1024, 0, 0, 0, 0, 0, 0, 0, 0, 0, 0, 0, 0, 8, 256, 1024, 0, 0, 0, 0, 0, 0, 0, 0, 0, 0, 0, 0]",512,128,262144.0,6291456.0,24023472578,24039133311,25732746179,25732762979,0,640,640,-1,1,15660733,16800,96,64,64,3
16,3,"[8, 256, 0, 0, 0, 0, 0, 0, 0, 0, 0, 0, 0, 0, 0, 4, 0, 0, 0, 0, 0, 0, 0, 0, 0, 0, 0, 0, 0, 0]",1,128,256.0,4100.0,24039213293,24039237769,25732763619,25732766083,0,672,672,-1,1,24476,2464,96,64,64,3
12,3,"[8, 256, 0, 0, 0, 0, 0, 0, 0, 0, 0, 0, 0, 0, 0, 8, 256, 0, 0, 0, 0, 0, 0, 0, 0, 0, 0, 0, 0, 0]",1,128,256.0,6144.0,24039313681,24039323880,25732766755,25732769827,0,704,704,-1,1,10199,3072,96,64,64,3
12,3,"[8, 256, 0, 0, 0, 0, 0, 0, 0, 0, 0, 0, 0, 0, 0, 8, 256, 0, 0, 0, 0, 0, 0, 0, 0, 0, 0, 0, 0, 0]",1,128,256.0,6144.0,24039398018,24039428013,25732770531,25732773155,0,640,640,-1,1,29995,2624,96,64,64,3
16,3,"[8, 256, 1, 1, 0, 0, 0, 0, 0, 0, 0, 0, 0, 0, 0, 4, 0, 0, 0, 0, 0, 0, 0, 0, 0, 0, 0, 0, 0, 0]",1,128,256.0,4100.0,24039504056,24039512334,25732773795,25732776099,0,640,640,-1,1,8278,2304,96,64,64,3
12,3,"[8, 256, 1, 1, 0, 0, 0, 0, 0, 0, 0, 0, 0, 0, 0, 8, 256, 1, 1, 0, 0, 0, 0, 0, 0, 0, 0, 0, 0, 0]",1,128,256.0,6144.0,24039585649,24039593283,25732776739,25732779331,0,672,672,-1,1,7634,2592,96,64,64,3
12,3,"[8, 256, 1, 1, 0, 0, 0, 0, 0, 0, 0, 0, 0, 0, 0, 8, 256, 1, 1, 0, 0, 0, 0, 0, 0, 0, 0, 0, 0, 0]",1,128,256.0,6144.0,24039665304,24039672866,25732780003,25732782723,0,704,704,-1,1,7562,2720,96,64,64,3
16,3,"[8, 256, 1, 7, 7, 0, 0, 0, 0, 0, 0, 0, 0, 0, 0, 4, 0, 0, 0, 0, 0, 0, 0, 0, 0, 0, 0, 0, 0, 0]",25,128,12544.0,200708.0,24039744651,24039752520,25732783427,25732786275,0,640,640,-1,1,7869,2848,96,64,64,3
12,3,"[8, 256, 1, 7, 7, 0, 0, 0, 0, 0, 0, 0, 0, 0, 0, 8, 256, 1, 7, 7, 0, 0, 0, 0, 0, 0, 0, 0, 0, 0]",25,128,12544.0,301056.0,24039824836,24039832352,25732786915,25732789699,0,608,608,-1,1,7516,2784,96,64,64,3
12,3,"[8, 256, 1, 7, 7, 0, 0, 0, 0, 0, 0, 0, 0, 0, 0, 8, 256, 1, 7, 7, 0, 0, 0, 0, 0, 0, 0, 0, 0, 0]",25,128,12544.0,301056.0,24039906112,24041221554,25732790307,25732793411,0,672,672,-1,1,1315442,3104,96,64,64,3
16,3,"[8, 256, 0, 0, 0, 0, 0, 0, 0, 0, 0, 0, 0, 0, 0, 4, 0, 0, 0, 0, 0, 0, 0, 0, 0, 0, 0, 0, 0, 0]",1,128,256.0,4100.0,24041300530,24041592980,25732794083,25732796354,0,609,609,-1,1,292450,2271,96,64,64,3
12,3,"[8, 256, 0, 0, 0, 0, 0, 0, 0, 0, 0, 0, 0, 0, 0, 8, 256, 0, 0, 0, 0, 0, 0, 0, 0, 0, 0, 0, 0, 0]",1,128,256.0,6144.0,24041667555,24041675338,25732796963,25732799586,0,704,704,-1,1,7783,2623,96,64,64,3
12,3,"[8, 256, 0, 0, 0, 0, 0, 0, 0, 0, 0, 0, 0, 0, 0, 8, 256, 0, 0, 0, 0, 0, 0, 0, 0, 0, 0, 0, 0, 0]",1,128,256.0,6144.0,24041749109,24041756523,25732800290,25732802754,0,608,608,-1,1,7414,2464,96,64,64,3
16,3,"[8, 256, 0, 0, 0, 0, 0, 0, 0, 0, 0, 0, 0, 0, 0, 4, 0, 0, 0, 0, 0, 0, 0, 0, 0, 0, 0, 0, 0, 0]",1,128,256.0,4100.0,24041829344,24041839308,25732803362,25732805667,0,704,704,-1,1,9964,2305,96,64,64,3
12,3,"[8, 256, 0, 0, 0, 0, 0, 0, 0, 0, 0, 0, 0, 0, 0, 8, 256, 0, 0, 0, 0, 0, 0, 0, 0, 0, 0, 0, 0, 0]",1,128,256.0,6144.0,24041912576,24041919984,25732806371,25732808930,0,704,704,-1,1,7408,2559,96,64,64,3
12,3,"[8, 256, 0, 0, 0, 0, 0, 0, 0, 0, 0, 0, 0, 0, 0, 8, 256, 0, 0, 0, 0, 0, 0, 0, 0, 0, 0, 0, 0, 0]",1,128,256.0,6144.0,24041991622,24041998812,25732809634,25732812130,0,640,640,-1,1,7190,2496,96,64,64,3
16,3,"[8, 256, 0, 0, 0, 0, 0, 0, 0, 0, 0, 0, 0, 0, 0, 4, 0, 0, 0, 0, 0, 0, 0, 0, 0, 0, 0, 0, 0, 0]",1,128,256.0,4100.0,24042071192,24042079528,25732812770,25732815043,0,607,607,-1,1,8336,2273,96,64,64,3
12,3,"[8, 256, 0, 0, 0, 0, 0, 0, 0, 0, 0, 0, 0, 0, 0, 8, 256, 0, 0, 0, 0, 0, 0, 0, 0, 0, 0, 0, 0, 0]",1,128,256.0,6144.0,24042151738,24042159271,25732815650,25732818274,0,704,704,-1,1,7533,2624,96,64,64,3
12,3,"[8, 256, 0, 0, 0, 0, 0, 0, 0, 0, 0, 0, 0, 0, 0, 8, 256, 0, 0, 0, 0, 0, 0, 0, 0, 0, 0, 0, 0, 0]",1,128,256.0,6144.0,24042231659,24042238639,25732818978,25732821442,0,608,608,-1,1,6980,2464,96,64,64,3
16,3,"[8, 1024, 256, 0, 0, 0, 0, 0, 0, 0, 0, 0, 0, 0, 0, 4, 0, 0, 0, 0, 0, 0, 0, 0, 0, 0, 0, 0, 0, 0]",512,128,262144.0,4194308.0,24042310679,24042318124,25732822050,25732838114,0,640,640,-1,1,7445,16064,96,64,64,3
12,3,"[8, 1024, 256, 0, 0, 0, 0, 0, 0, 0, 0, 0, 0, 0, 0, 8, 1024, 256, 0, 0, 0, 0, 0, 0, 0, 0, 0, 0, 0, 0]",512,128,262144.0,6291456.0,24042390739,24042398151,25732838754,25732851714,0,608,608,-1,1,7412,12960,96,64,64,3
12,3,"[8, 1024, 256, 0, 0, 0, 0, 0, 0, 0, 0, 0, 0, 0, 0, 8, 1024, 256, 0, 0, 0, 0, 0, 0, 0, 0, 0, 0, 0, 0]",512,128,262144.0,6291456.0,24042470272,24042477623,25732852322,25732869442,0,672,672,-1,1,7351,17120,96,64,64,3
16,3,"[8, 1024, 0, 0, 0, 0, 0, 0, 0, 0, 0, 0, 0, 0, 0, 4, 0, 0, 0, 0, 0, 0, 0, 0, 0, 0, 0, 0, 0, 0]",2,128,1024.0,16388.0,24042548618,24042556222,25732870114,25732873058,0,639,639,-1,1,7604,2944,96,64,64,3
12,3,"[8, 1024, 0, 0, 0, 0, 0, 0, 0, 0, 0, 0, 0, 0, 0, 8, 1024, 0, 0, 0, 0, 0, 0, 0, 0, 0, 0, 0, 0, 0]",2,128,1024.0,24576.0,24042628088,24042635662,25732873697,25732876545,0,609,609,-1,1,7574,2848,96,64,64,3
12,3,"[8, 1024, 0, 0, 0, 0, 0, 0, 0, 0, 0, 0, 0, 0, 0, 8, 1024, 0, 0, 0, 0, 0, 0, 0, 0, 0, 0, 0, 0, 0]",2,128,1024.0,24576.0,24042708318,24042717643,25732877154,25732879681,0,576,576,-1,1,9325,2527,96,64,64,3
16,3,"[8, 256, 1024, 0, 0, 0, 0, 0, 0, 0, 0, 0, 0, 0, 0, 4, 0, 0, 0, 0, 0, 0, 0, 0, 0, 0, 0, 0, 0, 0]",512,128,262144.0,4194308.0,24042791855,24055861010,25732880257,25732896769,0,704,704,-1,1,13069155,16512,96,64,64,3
12,3,"[8, 256, 1024, 0, 0, 0, 0, 0, 0, 0, 0, 0, 0, 0, 0, 8, 256, 1024, 0, 0, 0, 0, 0, 0, 0, 0, 0, 0, 0, 0]",512,128,262144.0,6291456.0,24055941078,24069014118,25732897473,25732910625,0,672,672,-1,1,13073040,13152,96,64,64,3
12,3,"[8, 256, 1024, 0, 0, 0, 0, 0, 0, 0, 0, 0, 0, 0, 0, 8, 256, 1024, 0, 0, 0, 0, 0, 0, 0, 0, 0, 0, 0, 0]",512,128,262144.0,6291456.0,24069099005,24069123263,25732911297,25732928449,0,607,607,-1,1,24258,17152,96,64,64,3
16,3,"[8, 256, 0, 0, 0, 0, 0, 0, 0, 0, 0, 0, 0, 0, 0, 4, 0, 0, 0, 0, 0, 0, 0, 0, 0, 0, 0, 0, 0, 0]",1,128,256.0,4100.0,24069198333,24071105872,25732929056,25732931681,0,639,639,-1,1,1907539,2625,96,64,64,3
12,3,"[8, 256, 0, 0, 0, 0, 0, 0, 0, 0, 0, 0, 0, 0, 0, 8, 256, 0, 0, 0, 0, 0, 0, 0, 0, 0, 0, 0, 0, 0]",1,128,256.0,6144.0,24071180254,24071187969,25732932320,25732935232,0,608,608,-1,1,7715,2912,96,64,64,3
12,3,"[8, 256, 0, 0, 0, 0, 0, 0, 0, 0, 0, 0, 0, 0, 0, 8, 256, 0, 0, 0, 0, 0, 0, 0, 0, 0, 0, 0, 0, 0]",1,128,256.0,6144.0,24071260854,24071268382,25732935840,25732938432,0,673,673,-1,1,7528,2592,96,64,64,3
16,3,"[8, 256, 1, 1, 0, 0, 0, 0, 0, 0, 0, 0, 0, 0, 0, 4, 0, 0, 0, 0, 0, 0, 0, 0, 0, 0, 0, 0, 0, 0]",1,128,256.0,4100.0,24071342510,24071350139,25732939105,25732941376,0,672,672,-1,1,7629,2271,96,64,64,3
12,3,"[8, 256, 1, 1, 0, 0, 0, 0, 0, 0, 0, 0, 0, 0, 0, 8, 256, 1, 1, 0, 0, 0, 0, 0, 0, 0, 0, 0, 0, 0]",1,128,256.0,6144.0,24071559116,24087002689,25732942048,25732944608,0,704,704,-1,1,15443573,2560,96,64,64,3
12,3,"[8, 256, 1, 1, 0, 0, 0, 0, 0, 0, 0, 0, 0, 0, 0, 8, 256, 1, 1, 0, 0, 0, 0, 0, 0, 0, 0, 0, 0, 0]",1,128,256.0,6144.0,24087084738,24102747928,25732945312,25732947872,0,704,704,-1,1,15663190,2560,96,64,64,3
16,3,"[8, 256, 1, 7, 7, 0, 0, 0, 0, 0, 0, 0, 0, 0, 0, 4, 0, 0, 0, 0, 0, 0, 0, 0, 0, 0, 0, 0, 0, 0]",25,128,12544.0,200708.0,24102829652,24102852854,25732948576,25732951520,0,576,576,-1,1,23202,2944,96,64,64,3
12,3,"[8, 256, 1, 7, 7, 0, 0, 0, 0, 0, 0, 0, 0, 0, 0, 8, 256, 1, 7, 7, 0, 0, 0, 0, 0, 0, 0, 0, 0, 0]",25,128,12544.0,301056.0,24102930389,24102940774,25732952096,25732954976,0,704,704,-1,1,10385,2880,96,64,64,3
12,3,"[8, 256, 1, 7, 7, 0, 0, 0, 0, 0, 0, 0, 0, 0, 0, 8, 256, 1, 7, 7, 0, 0, 0, 0, 0, 0, 0, 0, 0, 0]",25,128,12544.0,301056.0,24103014468,24103041973,25732955680,25732958688,0,608,608,-1,1,27505,3008,96,64,64,3
16,3,"[8, 256, 0, 0, 0, 0, 0, 0, 0, 0, 0, 0, 0, 0, 0, 4, 0, 0, 0, 0, 0, 0, 0, 0, 0, 0, 0, 0, 0, 0]",1,128,256.0,4100.0,24103115680,24103123806,25732959296,25732961600,0,736,736,-1,1,8126,2304,96,64,64,3
12,3,"[8, 256, 0, 0, 0, 0, 0, 0, 0, 0, 0, 0, 0, 0, 0, 8, 256, 0, 0, 0, 0, 0, 0, 0, 0, 0, 0, 0, 0, 0]",1,128,256.0,6144.0,24103196638,24103204195,25732962336,25732964800,0,608,608,-1,1,7557,2464,96,64,64,3
12,3,"[8, 256, 0, 0, 0, 0, 0, 0, 0, 0, 0, 0, 0, 0, 0, 8, 256, 0, 0, 0, 0, 0, 0, 0, 0, 0, 0, 0, 0, 0]",1,128,256.0,6144.0,24103277874,24103285041,25732965408,25732968064,0,608,608,-1,1,7167,2656,96,64,64,3
16,3,"[8, 256, 0, 0, 0, 0, 0, 0, 0, 0, 0, 0, 0, 0, 0, 4, 0, 0, 0, 0, 0, 0, 0, 0, 0, 0, 0, 0, 0, 0]",1,128,256.0,4100.0,24103356979,24103364619,25732968672,25732970976,0,640,640,-1,1,7640,2304,96,64,64,3
12,3,"[8, 256, 0, 0, 0, 0, 0, 0, 0, 0, 0, 0, 0, 0, 0, 8, 256, 0, 0, 0, 0, 0, 0, 0, 0, 0, 0, 0, 0, 0]",1,128,256.0,6144.0,24103436942,24103443775,25732971616,25732974144,0,608,608,-1,1,6833,2528,96,64,64,3
12,3,"[8, 256, 0, 0, 0, 0, 0, 0, 0, 0, 0, 0, 0, 0, 0, 8, 256, 0, 0, 0, 0, 0, 0, 0, 0, 0, 0, 0, 0, 0]",1,128,256.0,6144.0,24103515206,24104833516,25732974752,25732977216,0,608,608,-1,1,1318310,2464,96,64,64,3
16,3,"[8, 256, 0, 0, 0, 0, 0, 0, 0, 0, 0, 0, 0, 0, 0, 4, 0, 0, 0, 0, 0, 0, 0, 0, 0, 0, 0, 0, 0, 0]",1,128,256.0,4100.0,24104911646,24105205400,25732977824,25732980128,0,640,640,-1,1,293754,2304,96,64,64,3
12,3,"[8, 256, 0, 0, 0, 0, 0, 0, 0, 0, 0, 0, 0, 0, 0, 8, 256, 0, 0, 0, 0, 0, 0, 0, 0, 0, 0, 0, 0, 0]",1,128,256.0,6144.0,24105279468,24105286939,25732980768,25732983328,0,704,704,-1,1,7471,2560,96,64,64,3
12,3,"[8, 256, 0, 0, 0, 0, 0, 0, 0, 0, 0, 0, 0, 0, 0, 8, 256, 0, 0, 0, 0, 0, 0, 0, 0, 0, 0, 0, 0, 0]",1,128,256.0,6144.0,24105358567,24105365928,25732984032,25732986496,0,607,607,-1,1,7361,2464,96,64,64,3
16,3,"[8, 1024, 256, 0, 0, 0, 0, 0, 0, 0, 0, 0, 0, 0, 0, 4, 0, 0, 0, 0, 0, 0, 0, 0, 0, 0, 0, 0, 0, 0]",512,128,262144.0,4194308.0,24105439690,24105449348,25732987103,25733003008,0,671,671,-1,1,9658,15905,96,64,64,3
12,3,"[8, 1024, 256, 0, 0, 0, 0, 0, 0, 0, 0, 0, 0, 0, 0, 8, 1024, 256, 0, 0, 0, 0, 0, 0, 0, 0, 0, 0, 0, 0]",512,128,262144.0,6291456.0,24105524098,24105531513,25733003679,25733016575,0,672,672,-1,1,7415,12896,96,64,64,3
12,3,"[8, 1024, 256, 0, 0, 0, 0, 0, 0, 0, 0, 0, 0, 0, 0, 8, 1024, 256, 0, 0, 0, 0, 0, 0, 0, 0, 0, 0, 0, 0]",512,128,262144.0,6291456.0,24105603646,24105611144,25733017247,25733034431,0,672,672,-1,1,7498,17184,96,64,64,3
16,3,"[8, 1024, 0, 0, 0, 0, 0, 0, 0, 0, 0, 0, 0, 0, 0, 4, 0, 0, 0, 0, 0, 0, 0, 0, 0, 0, 0, 0, 0, 0]",2,128,1024.0,16388.0,24105683625,24105691437,25733035103,25733037951,0,672,672,-1,1,7812,2848,96,64,64,3
12,3,"[8, 1024, 0, 0, 0, 0, 0, 0, 0, 0, 0, 0, 0, 0, 0, 8, 1024, 0, 0, 0, 0, 0, 0, 0, 0, 0, 0, 0, 0, 0]",2,128,1024.0,24576.0,24105762492,24105769823,25733038623,25733041343,0,672,672,-1,1,7331,2720,96,64,64,3
12,3,"[8, 1024, 0, 0, 0, 0, 0, 0, 0, 0, 0, 0, 0, 0, 0, 8, 1024, 0, 0, 0, 0, 0, 0, 0, 0, 0, 0, 0, 0, 0]",2,128,1024.0,24576.0,24105841219,24105848240,25733042015,25733044543,0,608,608,-1,1,7021,2528,96,64,64,3
16,3,"[8, 256, 1024, 0, 0, 0, 0, 0, 0, 0, 0, 0, 0, 0, 0, 4, 0, 0, 0, 0, 0, 0, 0, 0, 0, 0, 0, 0, 0, 0]",512,128,262144.0,4194308.0,24105919729,24105927316,25733045151,25733061855,0,639,639,-1,1,7587,16704,96,64,64,3
12,3,"[8, 256, 1024, 0, 0, 0, 0, 0, 0, 0, 0, 0, 0, 0, 0, 8, 256, 1024, 0, 0, 0, 0, 0, 0, 0, 0, 0, 0, 0, 0]",512,128,262144.0,6291456.0,24105999772,24106006849,25733062494,25733075262,0,672,672,-1,1,7077,12768,96,64,64,3
12,3,"[8, 256, 1024, 0, 0, 0, 0, 0, 0, 0, 0, 0, 0, 0, 0, 8, 256, 1024, 0, 0, 0, 0, 0, 0, 0, 0, 0, 0, 0, 0]",512,128,262144.0,6291456.0,24106079360,24106086386,25733075934,25733092862,0,672,672,-1,1,7026,16928,96,64,64,3
16,3,"[8, 256, 0, 0, 0, 0, 0, 0, 0, 0, 0, 0, 0, 0, 0, 4, 0, 0, 0, 0, 0, 0, 0, 0, 0, 0, 0, 0, 0, 0]",1,128,256.0,4100.0,24106159731,24106167236,25733093534,25733096190,0,608,608,-1,1,7505,2656,96,64,64,3
12,3,"[8, 256, 0, 0, 0, 0, 0, 0, 0, 0, 0, 0, 0, 0, 0, 8, 256, 0, 0, 0, 0, 0, 0, 0, 0, 0, 0, 0, 0, 0]",1,128,256.0,6144.0,24106240384,24106247709,25733096798,25733099678,0,576,576,-1,1,7325,2880,96,64,64,3
12,3,"[8, 256, 0, 0, 0, 0, 0, 0, 0, 0, 0, 0, 0, 0, 0, 8, 256, 0, 0, 0, 0, 0, 0, 0, 0, 0, 0, 0, 0, 0]",1,128,256.0,6144.0,24106321601,24106328869,25733100254,25733102878,0,576,576,-1,1,7268,2624,96,64,64,3
16,3,"[8, 256, 0, 0, 0, 0, 0, 0, 0, 0, 0, 0, 0, 0, 0, 4, 0, 0, 0, 0, 0, 0, 0, 0, 0, 0, 0, 0, 0, 0]",1,128,256.0,4100.0,24106401659,24121387606,25733103454,25733105790,0,608,608,-1,1,14985947,2336,96,64,64,3
12,3,"[8, 256, 0, 0, 0, 0, 0, 0, 0, 0, 0, 0, 0, 0, 0, 8, 256, 0, 0, 0, 0, 0, 0, 0, 0, 0, 0, 0, 0, 0]",1,128,256.0,6144.0,24121471835,24134545093,25733106398,25733109022,0,640,640,-1,1,13073258,2624,96,64,64,3
12,3,"[8, 256, 0, 0, 0, 0, 0, 0, 0, 0, 0, 0, 0, 0, 0, 8, 256, 0, 0, 0, 0, 0, 0, 0, 0, 0, 0, 0, 0, 0]",1,128,256.0,6144.0,24134622618,24134652330,25733109662,25733112158,0,640,640,-1,1,29712,2496,96,64,64,3
16,3,"[8, 256, 0, 0, 0, 0, 0, 0, 0, 0, 0, 0, 0, 0, 0, 4, 0, 0, 0, 0, 0, 0, 0, 0, 0, 0, 0, 0, 0, 0]",1,128,256.0,4100.0,24134727861,24136634195,25733112798,25733115069,0,609,609,-1,1,1906334,2271,96,64,64,3
12,3,"[8, 256, 0, 0, 0, 0, 0, 0, 0, 0, 0, 0, 0, 0, 0, 8, 256, 0, 0, 0, 0, 0, 0, 0, 0, 0, 0, 0, 0, 0]",1,128,256.0,6144.0,24136710187,24136718153,25733115678,25733118270,0,672,672,-1,1,7966,2592,96,64,64,3
12,3,"[8, 256, 0, 0, 0, 0, 0, 0, 0, 0, 0, 0, 0, 0, 0, 8, 256, 0, 0, 0, 0, 0, 0, 0, 0, 0, 0, 0, 0, 0]",1,128,256.0,6144.0,24136790736,24136798370,25733118942,25733121501,0,576,576,-1,1,7634,2559,96,64,64,3
16,3,"[8, 512, 256, 2, 2, 0, 0, 0, 0, 0, 0, 0, 0, 0, 0, 4, 0, 0, 0, 0, 0, 0, 0, 0, 0, 0, 0, 0, 0, 0]",1024,128,524288.0,8388612.0,24136871731,24136879825,25733122077,25733158205,0,672,672,-1,1,8094,36128,96,64,64,3
12,3,"[8, 512, 256, 2, 2, 0, 0, 0, 0, 0, 0, 0, 0, 0, 0, 8, 512, 256, 2, 2, 0, 0, 0, 0, 0, 0, 0, 0, 0, 0]",1024,128,524288.0,12582912.0,24136953775,24152516889,25733158877,25733213500,0,736,736,-1,1,15563114,54623,96,64,64,3
12,3,"[8, 512, 256, 2, 2, 0, 0, 0, 0, 0, 0, 0, 0, 0, 0, 8, 512, 256, 2, 2, 0, 0, 0, 0, 0, 0, 0, 0, 0, 0]",1024,128,524288.0,12582912.0,24152595107,24168262697,25733214236,25733268955,0,704,704,-1,1,15667590,54719,96,64,64,3
16,3,"[8, 512, 0, 0, 0, 0, 0, 0, 0, 0, 0, 0, 0, 0, 0, 4, 0, 0, 0, 0, 0, 0, 0, 0, 0, 0, 0, 0, 0, 0]",1,128,512.0,8196.0,24168347515,24168367682,25733269659,25733272571,0,608,608,-1,1,20167,2912,96,64,64,3
12,3,"[8, 512, 0, 0, 0, 0, 0, 0, 0, 0, 0, 0, 0, 0, 0, 8, 512, 0, 0, 0, 0, 0, 0, 0, 0, 0, 0, 0, 0, 0]",1,128,512.0,12288.0,24168446591,24168454742,25733273179,25733275931,0,672,672,-1,1,8151,2752,96,64,64,3
12,3,"[8, 512, 0, 0, 0, 0, 0, 0, 0, 0, 0, 0, 0, 0, 0, 8, 512, 0, 0, 0, 0, 0, 0, 0, 0, 0, 0, 0, 0, 0]",1,128,512.0,12288.0,24168528965,24168556441,25733276603,25733279067,0,704,704,-1,1,27476,2464,96,64,64,3
16,3,"[8, 512, 1, 1, 0, 0, 0, 0, 0, 0, 0, 0, 0, 0, 0, 4, 0, 0, 0, 0, 0, 0, 0, 0, 0, 0, 0, 0, 0, 0]",1,128,512.0,8196.0,24168630331,24168638975,25733279771,25733282171,0,672,672,-1,1,8644,2400,96,64,64,3
12,3,"[8, 512, 1, 1, 0, 0, 0, 0, 0, 0, 0, 0, 0, 0, 0, 8, 512, 1, 1, 0, 0, 0, 0, 0, 0, 0, 0, 0, 0, 0]",1,128,512.0,12288.0,24168711552,24168718870,25733282843,25733285307,0,672,672,-1,1,7318,2464,96,64,64,3
12,3,"[8, 512, 1, 1, 0, 0, 0, 0, 0, 0, 0, 0, 0, 0, 0, 8, 512, 1, 1, 0, 0, 0, 0, 0, 0, 0, 0, 0, 0, 0]",1,128,512.0,12288.0,24168791323,24168798499,25733285979,25733288443,0,608,608,-1,1,7176,2464,96,64,64,3
16,3,"[8, 512, 1, 7, 7, 0, 0, 0, 0, 0, 0, 0, 0, 0, 0, 4, 0, 0, 0, 0, 0, 0, 0, 0, 0, 0, 0, 0, 0, 0]",49,128,25088.0,401412.0,24169002743,24169013413,25733289051,25733292443,0,640,640,-1,1,10670,3392,96,64,64,3
12,3,"[8, 512, 1, 7, 7, 0, 0, 0, 0, 0, 0, 0, 0, 0, 0, 8, 512, 1, 7, 7, 0, 0, 0, 0, 0, 0, 0, 0, 0, 0]",49,128,25088.0,602112.0,24169096730,24169105172,25733293083,25733296635,0,672,672,-1,1,8442,3552,96,64,64,3
12,3,"[8, 512, 1, 7, 7, 0, 0, 0, 0, 0, 0, 0, 0, 0, 0, 8, 512, 1, 7, 7, 0, 0, 0, 0, 0, 0, 0, 0, 0, 0]",49,128,25088.0,602112.0,24169180932,24170350124,25733297307,25733300699,0,576,576,-1,1,1169192,3392,96,64,64,3
16,3,"[8, 512, 0, 0, 0, 0, 0, 0, 0, 0, 0, 0, 0, 0, 0, 4, 0, 0, 0, 0, 0, 0, 0, 0, 0, 0, 0, 0, 0, 0]",1,128,512.0,8196.0,24170425647,24170722209,25733301275,25733303643,0,704,704,-1,1,296562,2368,96,64,64,3
12,3,"[8, 512, 0, 0, 0, 0, 0, 0, 0, 0, 0, 0, 0, 0, 0, 8, 512, 0, 0, 0, 0, 0, 0, 0, 0, 0, 0, 0, 0, 0]",1,128,512.0,12288.0,24170796741,24170804747,25733304347,25733306810,0,673,673,-1,1,8006,2463,96,64,64,3
12,3,"[8, 512, 0, 0, 0, 0, 0, 0, 0, 0, 0, 0, 0, 0, 0, 8, 512, 0, 0, 0, 0, 0, 0, 0, 0, 0, 0, 0, 0, 0]",1,128,512.0,12288.0,24170877687,24170885707,25733307483,25733309915,0,640,640,-1,1,8020,2432,96,64,64,3
16,3,"[8, 512, 0, 0, 0, 0, 0, 0, 0, 0, 0, 0, 0, 0, 0, 4, 0, 0, 0, 0, 0, 0, 0, 0, 0, 0, 0, 0, 0, 0]",1,128,512.0,8196.0,24170961132,24170969323,25733310555,25733312986,0,704,704,-1,1,8191,2431,96,64,64,3
12,3,"[8, 512, 0, 0, 0, 0, 0, 0, 0, 0, 0, 0, 0, 0, 0, 8, 512, 0, 0, 0, 0, 0, 0, 0, 0, 0, 0, 0, 0, 0]",1,128,512.0,12288.0,24171039835,24171047124,25733313690,25733316155,0,607,607,-1,1,7289,2465,96,64,64,3
12,3,"[8, 512, 0, 0, 0, 0, 0, 0, 0, 0, 0, 0, 0, 0, 0, 8, 512, 0, 0, 0, 0, 0, 0, 0, 0, 0, 0, 0, 0, 0]",1,128,512.0,12288.0,24171118955,24171126463,25733316762,25733319258,0,641,641,-1,1,7508,2496,96,64,64,3
16,3,"[8, 512, 0, 0, 0, 0, 0, 0, 0, 0, 0, 0, 0, 0, 0, 4, 0, 0, 0, 0, 0, 0, 0, 0, 0, 0, 0, 0, 0, 0]",1,128,512.0,8196.0,24171197002,24171204905,25733319899,25733322299,0,672,672,-1,1,7903,2400,96,64,64,3
12,3,"[8, 512, 0, 0, 0, 0, 0, 0, 0, 0, 0, 0, 0, 0, 0, 8, 512, 0, 0, 0, 0, 0, 0, 0, 0, 0, 0, 0, 0, 0]",1,128,512.0,12288.0,24171276923,24171284269,25733322971,25733325434,0,672,672,-1,1,7346,2463,96,64,64,3
12,3,"[8, 512, 0, 0, 0, 0, 0, 0, 0, 0, 0, 0, 0, 0, 0, 8, 512, 0, 0, 0, 0, 0, 0, 0, 0, 0, 0, 0, 0, 0]",1,128,512.0,12288.0,24171354547,24171361601,25733326106,25733328538,0,640,640,-1,1,7054,2432,96,64,64,3
16,3,"[8, 2048, 512, 0, 0, 0, 0, 0, 0, 0, 0, 0, 0, 0, 0, 4, 0, 0, 0, 0, 0, 0, 0, 0, 0, 0, 0, 0, 0, 0]",2048,128,1048576.0,16777220.0,24171432602,24171440073,25733329178,25733400569,0,608,608,-1,1,7471,71391,96,64,64,3
12,3,"[8, 2048, 512, 0, 0, 0, 0, 0, 0, 0, 0, 0, 0, 0, 0, 8, 2048, 512, 0, 0, 0, 0, 0, 0, 0, 0, 0, 0, 0, 0]",2048,128,1048576.0,25165824.0,24171511764,24171518753,25733401177,25733511416,0,703,703,-1,1,6989,110239,96,64,64,3
12,3,"[8, 2048, 512, 0, 0, 0, 0, 0, 0, 0, 0, 0, 0, 0, 0, 8, 2048, 512, 0, 0, 0, 0, 0, 0, 0, 0, 0, 0, 0, 0]",2048,128,1048576.0,25165824.0,24171591061,24171598035,25733512119,25733621238,0,672,672,-1,1,6974,109119,96,64,64,3
16,3,"[8, 2048, 0, 0, 0, 0, 0, 0, 0, 0, 0, 0, 0, 0, 0, 4, 0, 0, 0, 0, 0, 0, 0, 0, 0, 0, 0, 0, 0, 0]",4,128,2048.0,32772.0,24171668829,24171676516,25733621910,25733624854,0,704,704,-1,1,7687,2944,96,64,64,3
12,3,"[8, 2048, 0, 0, 0, 0, 0, 0, 0, 0, 0, 0, 0, 0, 0, 8, 2048, 0, 0, 0, 0, 0, 0, 0, 0, 0, 0, 0, 0, 0]",4,128,2048.0,49152.0,24171750614,24171758063,25733625558,25733628374,0,704,704,-1,1,7449,2816,96,64,64,3
12,3,"[8, 2048, 0, 0, 0, 0, 0, 0, 0, 0, 0, 0, 0, 0, 0, 8, 2048, 0, 0, 0, 0, 0, 0, 0, 0, 0, 0, 0, 0, 0]",4,128,2048.0,49152.0,24171832274,24171839456,25733629078,25733631670,0,672,672,-1,1,7182,2592,96,64,64,3
16,3,"[8, 512, 2048, 0, 0, 0, 0, 0, 0, 0, 0, 0, 0, 0, 0, 4, 0, 0, 0, 0, 0, 0, 0, 0, 0, 0, 0, 0, 0, 0]",2048,128,1048576.0,16777220.0,24171911507,24184991472,25733632342,25733703028,0,609,609,-1,1,13079965,70686,96,64,64,3
12,3,"[8, 512, 2048, 0, 0, 0, 0, 0, 0, 0, 0, 0, 0, 0, 0, 8, 512, 2048, 0, 0, 0, 0, 0, 0, 0, 0, 0, 0, 0, 0]",2048,128,1048576.0,25165824.0,24185070610,24198148072,25733703637,25733814099,0,576,576,-1,1,13077462,110462,96,64,64,3
12,3,"[8, 512, 2048, 0, 0, 0, 0, 0, 0, 0, 0, 0, 0, 0, 0, 8, 512, 2048, 0, 0, 0, 0, 0, 0, 0, 0, 0, 0, 0, 0]",2048,128,1048576.0,25165824.0,24198225226,24198255702,25733814675,25733923153,0,608,608,-1,1,30476,108478,96,64,64,3
16,3,"[8, 512, 0, 0, 0, 0, 0, 0, 0, 0, 0, 0, 0, 0, 0, 4, 0, 0, 0, 0, 0, 0, 0, 0, 0, 0, 0, 0, 0, 0]",1,128,512.0,8196.0,24198331683,24200238142,25733923761,25733926641,0,736,736,-1,1,1906459,2880,96,64,64,3
12,3,"[8, 512, 0, 0, 0, 0, 0, 0, 0, 0, 0, 0, 0, 0, 0, 8, 512, 0, 0, 0, 0, 0, 0, 0, 0, 0, 0, 0, 0, 0]",1,128,512.0,12288.0,24200314828,24200322732,25733927377,25733930129,0,640,640,-1,1,7904,2752,96,64,64,3
12,3,"[8, 512, 0, 0, 0, 0, 0, 0, 0, 0, 0, 0, 0, 0, 0, 8, 512, 0, 0, 0, 0, 0, 0, 0, 0, 0, 0, 0, 0, 0]",1,128,512.0,12288.0,24200395385,24200402822,25733930769,25733933297,0,608,608,-1,1,7437,2528,96,64,64,3
16,3,"[8, 512, 1, 1, 0, 0, 0, 0, 0, 0, 0, 0, 0, 0, 0, 4, 0, 0, 0, 0, 0, 0, 0, 0, 0, 0, 0, 0, 0, 0]",1,128,512.0,8196.0,24200476722,24200484222,25733933905,25733936305,0,736,736,-1,1,7500,2400,96,64,64,3
12,3,"[8, 512, 1, 1, 0, 0, 0, 0, 0, 0, 0, 0, 0, 0, 0, 8, 512, 1, 1, 0, 0, 0, 0, 0, 0, 0, 0, 0, 0, 0]",1,128,512.0,12288.0,24200557177,24216111344,25733937041,25733939441,0,672,672,-1,1,15554167,2400,96,64,64,3
12,3,"[8, 512, 1, 1, 0, 0, 0, 0, 0, 0, 0, 0, 0, 0, 0, 8, 512, 1, 1, 0, 0, 0, 0, 0, 0, 0, 0, 0, 0, 0]",1,128,512.0,12288.0,24216198912,24231852406,25733940113,25733942577,0,672,672,-1,1,15653494,2464,96,64,64,3
16,3,"[8, 512, 1, 7, 7, 0, 0, 0, 0, 0, 0, 0, 0, 0, 0, 4, 0, 0, 0, 0, 0, 0, 0, 0, 0, 0, 0, 0, 0, 0]",49,128,25088.0,401412.0,24231931929,24231958463,25733943249,25733946577,0,576,576,-1,1,26534,3328,96,64,64,3
12,3,"[8, 512, 1, 7, 7, 0, 0, 0, 0, 0, 0, 0, 0, 0, 0, 8, 512, 1, 7, 7, 0, 0, 0, 0, 0, 0, 0, 0, 0, 0]",49,128,25088.0,602112.0,24232035308,24232043436,25733947153,25733950513,0,608,608,-1,1,8128,3360,96,64,64,3
12,3,"[8, 512, 1, 7, 7, 0, 0, 0, 0, 0, 0, 0, 0, 0, 0, 8, 512, 1, 7, 7, 0, 0, 0, 0, 0, 0, 0, 0, 0, 0]",49,128,25088.0,602112.0,24232117478,24232146687,25733951121,25733954481,0,575,575,-1,1,29209,3360,96,64,64,3
16,3,"[8, 512, 0, 0, 0, 0, 0, 0, 0, 0, 0, 0, 0, 0, 0, 4, 0, 0, 0, 0, 0, 0, 0, 0, 0, 0, 0, 0, 0, 0]",1,128,512.0,8196.0,24232227248,24232235985,25733955056,25733957457,0,704,704,-1,1,8737,2401,96,64,64,3
12,3,"[8, 512, 0, 0, 0, 0, 0, 0, 0, 0, 0, 0, 0, 0, 0, 8, 512, 0, 0, 0, 0, 0, 0, 0, 0, 0, 0, 0, 0, 0]",1,128,512.0,12288.0,24232310605,24232318243,25733958161,25733960593,0,704,704,-1,1,7638,2432,96,64,64,3
12,3,"[8, 512, 0, 0, 0, 0, 0, 0, 0, 0, 0, 0, 0, 0, 0, 8, 512, 0, 0, 0, 0, 0, 0, 0, 0, 0, 0, 0, 0, 0]",1,128,512.0,12288.0,24232390801,24232398124,25733961297,25733963728,0,576,576,-1,1,7323,2431,96,64,64,3
16,3,"[8, 512, 0, 0, 0, 0, 0, 0, 0, 0, 0, 0, 0, 0, 0, 4, 0, 0, 0, 0, 0, 0, 0, 0, 0, 0, 0, 0, 0, 0]",1,128,512.0,8196.0,24232470528,24232478055,25733964304,25733966704,0,737,737,-1,1,7527,2400,96,64,64,3
12,3,"[8, 512, 0, 0, 0, 0, 0, 0, 0, 0, 0, 0, 0, 0, 0, 8, 512, 0, 0, 0, 0, 0, 0, 0, 0, 0, 0, 0, 0, 0]",1,128,512.0,12288.0,24232550228,24232557377,25733967441,25733969841,0,672,672,-1,1,7149,2400,96,64,64,3
12,3,"[8, 512, 0, 0, 0, 0, 0, 0, 0, 0, 0, 0, 0, 0, 0, 8, 512, 0, 0, 0, 0, 0, 0, 0, 0, 0, 0, 0, 0, 0]",1,128,512.0,12288.0,24232630174,24233939989,25733970513,25733973073,0,704,704,-1,1,1309815,2560,96,64,64,3
16,3,"[8, 512, 0, 0, 0, 0, 0, 0, 0, 0, 0, 0, 0, 0, 0, 4, 0, 0, 0, 0, 0, 0, 0, 0, 0, 0, 0, 0, 0, 0]",1,128,512.0,8196.0,24234014613,24234311616,25733973777,25733976176,0,673,673,-1,1,297003,2399,96,64,64,3
12,3,"[8, 512, 0, 0, 0, 0, 0, 0, 0, 0, 0, 0, 0, 0, 0, 8, 512, 0, 0, 0, 0, 0, 0, 0, 0, 0, 0, 0, 0, 0]",1,128,512.0,12288.0,24234385712,24234393443,25733976849,25733979312,0,672,672,-1,1,7731,2463,96,64,64,3
12,3,"[8, 512, 0, 0, 0, 0, 0, 0, 0, 0, 0, 0, 0, 0, 0, 8, 512, 0, 0, 0, 0, 0, 0, 0, 0, 0, 0, 0, 0, 0]",1,128,512.0,12288.0,24234468348,24234477581,25733979984,25733982416,0,640,640,-1,1,9233,2432,96,64,64,3
16,3,"[8, 2048, 512, 0, 0, 0, 0, 0, 0, 0, 0, 0, 0, 0, 0, 4, 0, 0, 0, 0, 0, 0, 0, 0, 0, 0, 0, 0, 0, 0]",2048,128,1048576.0,16777220.0,24234551692,24234559688,25733983056,25734053487,0,672,672,-1,1,7996,70431,96,64,64,3
12,3,"[8, 2048, 512, 0, 0, 0, 0, 0, 0, 0, 0, 0, 0, 0, 0, 8, 2048, 512, 0, 0, 0, 0, 0, 0, 0, 0, 0, 0, 0, 0]",2048,128,1048576.0,25165824.0,24234633754,24234641222,25734054159,25734163789,0,704,704,-1,1,7468,109630,96,64,64,3
12,3,"[8, 2048, 512, 0, 0, 0, 0, 0, 0, 0, 0, 0, 0, 0, 0, 8, 2048, 512, 0, 0, 0, 0, 0, 0, 0, 0, 0, 0, 0, 0]",2048,128,1048576.0,25165824.0,24234843121,24234852826,25734164493,25734273260,0,672,672,-1,1,9705,108767,96,64,64,3
16,3,"[8, 2048, 0, 0, 0, 0, 0, 0, 0, 0, 0, 0, 0, 0, 0, 4, 0, 0, 0, 0, 0, 0, 0, 0, 0, 0, 0, 0, 0, 0]",4,128,2048.0,32772.0,24234934527,24234943554,25734273932,25734276876,0,640,640,-1,1,9027,2944,96,64,64,3
12,3,"[8, 2048, 0, 0, 0, 0, 0, 0, 0, 0, 0, 0, 0, 0, 0, 8, 2048, 0, 0, 0, 0, 0, 0, 0, 0, 0, 0, 0, 0, 0]",4,128,2048.0,49152.0,24235017508,24235025193,25734277516,25734280300,0,672,672,-1,1,7685,2784,96,64,64,3
12,3,"[8, 2048, 0, 0, 0, 0, 0, 0, 0, 0, 0, 0, 0, 0, 0, 8, 2048, 0, 0, 0, 0, 0, 0, 0, 0, 0, 0, 0, 0, 0]",4,128,2048.0,49152.0,24235097505,24235104782,25734280972,25734283467,0,641,641,-1,1,7277,2495,96,64,64,3
16,3,"[8, 512, 2048, 0, 0, 0, 0, 0, 0, 0, 0, 0, 0, 0, 0, 4, 0, 0, 0, 0, 0, 0, 0, 0, 0, 0, 0, 0, 0, 0]",2048,128,1048576.0,16777220.0,24235176210,24235184019,25734284108,25734355435,0,544,544,-1,1,7809,71327,96,64,64,3
12,3,"[8, 512, 2048, 0, 0, 0, 0, 0, 0, 0, 0, 0, 0, 0, 0, 8, 512, 2048, 0, 0, 0, 0, 0, 0, 0, 0, 0, 0, 0, 0]",2048,128,1048576.0,25165824.0,24235255869,24235263193,25734355979,25734466345,0,736,736,-1,1,7324,110366,96,64,64,3
12,3,"[8, 512, 2048, 0, 0, 0, 0, 0, 0, 0, 0, 0, 0, 0, 0, 8, 512, 2048, 0, 0, 0, 0, 0, 0, 0, 0, 0, 0, 0, 0]",2048,128,1048576.0,25165824.0,24235335230,24235342402,25734467081,25734577095,0,640,640,-1,1,7172,110014,96,64,64,3
16,3,"[8, 512, 0, 0, 0, 0, 0, 0, 0, 0, 0, 0, 0, 0, 0, 4, 0, 0, 0, 0, 0, 0, 0, 0, 0, 0, 0, 0, 0, 0]",1,128,512.0,8196.0,24235413992,24235421466,25734577735,25734580711,0,672,672,-1,1,7474,2976,96,64,64,3
12,3,"[8, 512, 0, 0, 0, 0, 0, 0, 0, 0, 0, 0, 0, 0, 0, 8, 512, 0, 0, 0, 0, 0, 0, 0, 0, 0, 0, 0, 0, 0]",1,128,512.0,12288.0,24235492728,24235502130,25734581383,25734584231,0,608,608,-1,1,9402,2848,96,64,64,3
12,3,"[8, 512, 0, 0, 0, 0, 0, 0, 0, 0, 0, 0, 0, 0, 0, 8, 512, 0, 0, 0, 0, 0, 0, 0, 0, 0, 0, 0, 0, 0]",1,128,512.0,12288.0,24235575022,24235582152,25734584839,25734587271,0,640,640,-1,1,7130,2432,96,64,64,3
16,3,"[8, 512, 1, 1, 0, 0, 0, 0, 0, 0, 0, 0, 0, 0, 0, 4, 0, 0, 0, 0, 0, 0, 0, 0, 0, 0, 0, 0, 0, 0]",1,128,512.0,8196.0,24235653134,24250478226,25734587911,25734590343,0,640,640,-1,1,14825092,2432,96,64,64,3
12,3,"[8, 512, 1, 1, 0, 0, 0, 0, 0, 0, 0, 0, 0, 0, 0, 8, 512, 1, 1, 0, 0, 0, 0, 0, 0, 0, 0, 0, 0, 0]",1,128,512.0,12288.0,24250557676,24263640947,25734590983,25734593447,0,672,672,-1,1,13083271,2464,96,64,64,3
12,3,"[8, 512, 1, 1, 0, 0, 0, 0, 0, 0, 0, 0, 0, 0, 0, 8, 512, 1, 1, 0, 0, 0, 0, 0, 0, 0, 0, 0, 0, 0]",1,128,512.0,12288.0,24263782674,24263795246,25734594119,25734596743,0,640,640,-1,1,12572,2624,96,64,64,3
16,3,"[8, 512, 1, 7, 7, 0, 0, 0, 0, 0, 0, 0, 0, 0, 0, 4, 0, 0, 0, 0, 0, 0, 0, 0, 0, 0, 0, 0, 0, 0]",49,128,25088.0,401412.0,24263881676,24265723714,25734597383,25734600903,0,672,672,-1,1,1842038,3520,96,64,64,3
12,3,"[8, 512, 1, 7, 7, 0, 0, 0, 0, 0, 0, 0, 0, 0, 0, 8, 512, 1, 7, 7, 0, 0, 0, 0, 0, 0, 0, 0, 0, 0]",49,128,25088.0,602112.0,24265809172,24265818133,25734601575,25734605031,0,672,672,-1,1,8961,3456,96,64,64,3
12,3,"[8, 512, 1, 7, 7, 0, 0, 0, 0, 0, 0, 0, 0, 0, 0, 8, 512, 1, 7, 7, 0, 0, 0, 0, 0, 0, 0, 0, 0, 0]",49,128,25088.0,602112.0,24265895693,24265903566,25734605703,25734609127,0,607,607,-1,1,7873,3424,96,64,64,3
16,3,"[8, 512, 0, 0, 0, 0, 0, 0, 0, 0, 0, 0, 0, 0, 0, 4, 0, 0, 0, 0, 0, 0, 0, 0, 0, 0, 0, 0, 0, 0]",1,128,512.0,8196.0,24265981678,24265989744,25734609734,25734612359,0,639,639,-1,1,8066,2625,96,64,64,3
12,3,"[8, 512, 0, 0, 0, 0, 0, 0, 0, 0, 0, 0, 0, 0, 0, 8, 512, 0, 0, 0, 0, 0, 0, 0, 0, 0, 0, 0, 0, 0]",1,128,512.0,12288.0,24266063687,24281592225,25734612998,25734615463,0,672,672,-1,1,15528538,2465,96,64,64,3
12,3,"[8, 512, 0, 0, 0, 0, 0, 0, 0, 0, 0, 0, 0, 0, 0, 8, 512, 0, 0, 0, 0, 0, 0, 0, 0, 0, 0, 0, 0, 0]",1,128,512.0,12288.0,24281674713,24297331372,25734616135,25734618598,0,609,609,-1,1,15656659,2463,96,64,64,3
16,3,"[8, 512, 0, 0, 0, 0, 0, 0, 0, 0, 0, 0, 0, 0, 0, 4, 0, 0, 0, 0, 0, 0, 0, 0, 0, 0, 0, 0, 0, 0]",1,128,512.0,8196.0,24297420062,24297437013,25734619207,25734621766,0,640,640,-1,1,16951,2559,96,64,64,3
12,3,"[8, 512, 0, 0, 0, 0, 0, 0, 0, 0, 0, 0, 0, 0, 0, 8, 512, 0, 0, 0, 0, 0, 0, 0, 0, 0, 0, 0, 0, 0]",1,128,512.0,12288.0,24297518102,24297526391,25734622406,25734624838,0,640,640,-1,1,8289,2432,96,64,64,3
12,3,"[8, 512, 0, 0, 0, 0, 0, 0, 0, 0, 0, 0, 0, 0, 0, 8, 512, 0, 0, 0, 0, 0, 0, 0, 0, 0, 0, 0, 0, 0]",1,128,512.0,12288.0,24297605362,24297624495,25734625478,25734628006,0,608,608,-1,1,19133,2528,96,64,64,3
16,3,"[8, 512, 0, 0, 0, 0, 0, 0, 0, 0, 0, 0, 0, 0, 0, 4, 0, 0, 0, 0, 0, 0, 0, 0, 0, 0, 0, 0, 0, 0]",1,128,512.0,8196.0,24297700956,24297709592,25734628614,25734630982,0,704,704,-1,1,8636,2368,96,64,64,3
12,3,"[8, 512, 0, 0, 0, 0, 0, 0, 0, 0, 0, 0, 0, 0, 0, 8, 512, 0, 0, 0, 0, 0, 0, 0, 0, 0, 0, 0, 0, 0]",1,128,512.0,12288.0,24297785048,24297792807,25734631686,25734634118,0,576,576,-1,1,7759,2432,96,64,64,3
12,3,"[8, 512, 0, 0, 0, 0, 0, 0, 0, 0, 0, 0, 0, 0, 0, 8, 512, 0, 0, 0, 0, 0, 0, 0, 0, 0, 0, 0, 0, 0]",1,128,512.0,12288.0,24297870190,24297877717,25734634694,25734637158,0,672,672,-1,1,7527,2464,96,64,64,3
16,3,"[8, 2048, 512, 0, 0, 0, 0, 0, 0, 0, 0, 0, 0, 0, 0, 4, 0, 0, 0, 0, 0, 0, 0, 0, 0, 0, 0, 0, 0, 0]",2048,128,1048576.0,16777220.0,24297952777,24297961051,25734637830,25734709349,0,608,608,-1,1,8274,71519,96,64,64,3
12,3,"[8, 2048, 512, 0, 0, 0, 0, 0, 0, 0, 0, 0, 0, 0, 0, 8, 2048, 512, 0, 0, 0, 0, 0, 0, 0, 0, 0, 0, 0, 0]",2048,128,1048576.0,25165824.0,24298039522,24298047183,25734709957,25734819652,0,575,575,-1,1,7661,109695,96,64,64,3
12,3,"[8, 2048, 512, 0, 0, 0, 0, 0, 0, 0, 0, 0, 0, 0, 0, 8, 2048, 512, 0, 0, 0, 0, 0, 0, 0, 0, 0, 0, 0, 0]",2048,128,1048576.0,25165824.0,24298124076,24299417163,25734820227,25734928897,0,704,704,-1,1,1293087,108670,96,64,64,3
16,3,"[8, 2048, 0, 0, 0, 0, 0, 0, 0, 0, 0, 0, 0, 0, 0, 4, 0, 0, 0, 0, 0, 0, 0, 0, 0, 0, 0, 0, 0, 0]",4,128,2048.0,32772.0,24299497163,24299788718,25734929601,25734932545,0,641,641,-1,1,291555,2944,96,64,64,3
12,3,"[8, 2048, 0, 0, 0, 0, 0, 0, 0, 0, 0, 0, 0, 0, 0, 8, 2048, 0, 0, 0, 0, 0, 0, 0, 0, 0, 0, 0, 0, 0]",4,128,2048.0,49152.0,24299866894,24299874946,25734933186,25734935970,0,672,672,-1,1,8052,2784,96,64,64,3
12,3,"[8, 2048, 0, 0, 0, 0, 0, 0, 0, 0, 0, 0, 0, 0, 0, 8, 2048, 0, 0, 0, 0, 0, 0, 0, 0, 0, 0, 0, 0, 0]",4,128,2048.0,49152.0,24299950668,24299959503,25734936642,25734939137,0,641,641,-1,1,8835,2495,96,64,64,3
16,3,"[8, 512, 2048, 0, 0, 0, 0, 0, 0, 0, 0, 0, 0, 0, 0, 4, 0, 0, 0, 0, 0, 0, 0, 0, 0, 0, 0, 0, 0, 0]",2048,128,1048576.0,16777220.0,24300038671,24300046987,25734939778,25735010656,0,737,737,-1,1,8316,70878,96,64,64,3
12,3,"[8, 512, 2048, 0, 0, 0, 0, 0, 0, 0, 0, 0, 0, 0, 0, 8, 512, 2048, 0, 0, 0, 0, 0, 0, 0, 0, 0, 0, 0, 0]",2048,128,1048576.0,25165824.0,24300121953,24300129592,25735011393,25735121535,0,640,640,-1,1,7639,110142,96,64,64,3
12,3,"[8, 512, 2048, 0, 0, 0, 0, 0, 0, 0, 0, 0, 0, 0, 0, 8, 512, 2048, 0, 0, 0, 0, 0, 0, 0, 0, 0, 0, 0, 0]",2048,128,1048576.0,25165824.0,24300213293,24300221308,25735122175,25735232317,0,576,576,-1,1,8015,110142,96,64,64,3
16,3,"[8, 512, 0, 0, 0, 0, 0, 0, 0, 0, 0, 0, 0, 0, 0, 4, 0, 0, 0, 0, 0, 0, 0, 0, 0, 0, 0, 0, 0, 0]",1,128,512.0,8196.0,24300297317,24300305330,25735232893,25735235837,0,704,704,-1,1,8013,2944,96,64,64,3
12,3,"[8, 512, 0, 0, 0, 0, 0, 0, 0, 0, 0, 0, 0, 0, 0, 8, 512, 0, 0, 0, 0, 0, 0, 0, 0, 0, 0, 0, 0, 0]",1,128,512.0,12288.0,24300379120,24300386500,25735236541,25735239293,0,576,576,-1,1,7380,2752,96,64,64,3
12,3,"[8, 512, 0, 0, 0, 0, 0, 0, 0, 0, 0, 0, 0, 0, 0, 8, 512, 0, 0, 0, 0, 0, 0, 0, 0, 0, 0, 0, 0, 0]",1,128,512.0,12288.0,24300462012,24300469778,25735239869,25735242301,0,672,672,-1,1,7766,2432,96,64,64,3
16,3,"[8, 512, 1, 1, 0, 0, 0, 0, 0, 0, 0, 0, 0, 0, 0, 4, 0, 0, 0, 0, 0, 0, 0, 0, 0, 0, 0, 0, 0, 0]",1,128,512.0,8196.0,24300546828,24300555155,25735242973,25735245725,0,672,672,-1,1,8327,2752,96,64,64,3
12,3,"[8, 512, 1, 1, 0, 0, 0, 0, 0, 0, 0, 0, 0, 0, 0, 8, 512, 1, 1, 0, 0, 0, 0, 0, 0, 0, 0, 0, 0, 0]",1,128,512.0,12288.0,24300630966,24300638488,25735246397,25735248829,0,640,640,-1,1,7522,2432,96,64,64,3
12,3,"[8, 512, 1, 1, 0, 0, 0, 0, 0, 0, 0, 0, 0, 0, 0, 8, 512, 1, 1, 0, 0, 0, 0, 0, 0, 0, 0, 0, 0, 0]",1,128,512.0,12288.0,24300714245,24300721838,25735249469,25735251965,0,672,672,-1,1,7593,2496,96,64,64,3
16,3,"[8, 512, 1, 7, 7, 0, 0, 0, 0, 0, 0, 0, 0, 0, 0, 4, 0, 0, 0, 0, 0, 0, 0, 0, 0, 0, 0, 0, 0, 0]",49,128,25088.0,401412.0,24300799180,24300807123,25735252637,25735256093,0,672,672,-1,1,7943,3456,96,64,64,3
12,3,"[8, 512, 1, 7, 7, 0, 0, 0, 0, 0, 0, 0, 0, 0, 0, 8, 512, 1, 7, 7, 0, 0, 0, 0, 0, 0, 0, 0, 0, 0]",49,128,25088.0,602112.0,24301013428,24301025832,25735256765,25735260220,0,833,833,-1,1,12404,3455,96,64,64,3
12,3,"[8, 512, 1, 7, 7, 0, 0, 0, 0, 0, 0, 0, 0, 0, 0, 8, 512, 1, 7, 7, 0, 0, 0, 0, 0, 0, 0, 0, 0, 0]",49,128,25088.0,602112.0,24301115642,24301124189,25735261053,25735264700,0,704,704,-1,1,8547,3647,96,64,64,3
16,3,"[8, 512, 0, 0, 0, 0, 0, 0, 0, 0, 0, 0, 0, 0, 0, 4, 0, 0, 0, 0, 0, 0, 0, 0, 0, 0, 0, 0, 0, 0]",1,128,512.0,8196.0,24301203103,24315952844,25735265404,25735267836,0,640,640,-1,1,14749741,2432,96,64,64,3
12,3,"[8, 512, 0, 0, 0, 0, 0, 0, 0, 0, 0, 0, 0, 0, 0, 8, 512, 0, 0, 0, 0, 0, 0, 0, 0, 0, 0, 0, 0, 0]",1,128,512.0,12288.0,24316046698,24329114320,25735268476,25735270940,0,672,672,-1,1,13067622,2464,96,64,64,3
12,3,"[8, 512, 0, 0, 0, 0, 0, 0, 0, 0, 0, 0, 0, 0, 0, 8, 512, 0, 0, 0, 0, 0, 0, 0, 0, 0, 0, 0, 0, 0]",1,128,512.0,12288.0,24329197950,24329222288,25735271612,25735274045,0,639,639,-1,1,24338,2433,96,64,64,3
16,3,"[8, 512, 0, 0, 0, 0, 0, 0, 0, 0, 0, 0, 0, 0, 0, 4, 0, 0, 0, 0, 0, 0, 0, 0, 0, 0, 0, 0, 0, 0]",1,128,512.0,8196.0,24329302541,24331205285,25735274684,25735277116,0,704,704,-1,1,1902744,2432,96,64,64,3
12,3,"[8, 512, 0, 0, 0, 0, 0, 0, 0, 0, 0, 0, 0, 0, 0, 8, 512, 0, 0, 0, 0, 0, 0, 0, 0, 0, 0, 0, 0, 0]",1,128,512.0,12288.0,24331284481,24331292418,25735277820,25735280284,0,608,608,-1,1,7937,2464,96,64,64,3
12,3,"[8, 512, 0, 0, 0, 0, 0, 0, 0, 0, 0, 0, 0, 0, 0, 8, 512, 0, 0, 0, 0, 0, 0, 0, 0, 0, 0, 0, 0, 0]",1,128,512.0,12288.0,24331368445,24331376521,25735280892,25735283452,0,576,576,-1,1,8076,2560,96,64,64,3
16,3,"[8, 512, 0, 0, 0, 0, 0, 0, 0, 0, 0, 0, 0, 0, 0, 4, 0, 0, 0, 0, 0, 0, 0, 0, 0, 0, 0, 0, 0, 0]",1,128,512.0,8196.0,24331453389,24331461177,25735284028,25735286428,0,672,672,-1,1,7788,2400,96,64,64,3
12,3,"[8, 512, 0, 0, 0, 0, 0, 0, 0, 0, 0, 0, 0, 0, 0, 8, 512, 0, 0, 0, 0, 0, 0, 0, 0, 0, 0, 0, 0, 0]",1,128,512.0,12288.0,24331536720,24347089300,25735287100,25735289564,0,672,672,-1,1,15552580,2464,96,64,64,3
12,3,"[8, 512, 0, 0, 0, 0, 0, 0, 0, 0, 0, 0, 0, 0, 0, 8, 512, 0, 0, 0, 0, 0, 0, 0, 0, 0, 0, 0, 0, 0]",1,128,512.0,12288.0,24347170282,24362831487,25735290236,25735292668,0,640,640,-1,1,15661205,2432,96,64,64,3
16,3,"[8, 2048, 512, 0, 0, 0, 0, 0, 0, 0, 0, 0, 0, 0, 0, 4, 0, 0, 0, 0, 0, 0, 0, 0, 0, 0, 0, 0, 0, 0]",2048,128,1048576.0,16777220.0,24362929567,24362939006,25735293308,25735364507,0,640,640,-1,1,9439,71199,96,64,64,3
12,3,"[8, 2048, 512, 0, 0, 0, 0, 0, 0, 0, 0, 0, 0, 0, 0, 8, 2048, 512, 0, 0, 0, 0, 0, 0, 0, 0, 0, 0, 0, 0]",2048,128,1048576.0,25165824.0,24363016710,24363024776,25735365147,25735475161,0,576,576,-1,1,8066,110014,96,64,64,3
12,3,"[8, 2048, 512, 0, 0, 0, 0, 0, 0, 0, 0, 0, 0, 0, 0, 8, 2048, 512, 0, 0, 0, 0, 0, 0, 0, 0, 0, 0, 0, 0]",2048,128,1048576.0,25165824.0,24363101655,24363125962,25735475737,25735584632,0,576,576,-1,1,24307,108895,96,64,64,3
16,3,"[8, 2048, 0, 0, 0, 0, 0, 0, 0, 0, 0, 0, 0, 0, 0, 4, 0, 0, 0, 0, 0, 0, 0, 0, 0, 0, 0, 0, 0, 0]",4,128,2048.0,32772.0,24363203343,24363211655,25735585208,25735588120,0,608,608,-1,1,8312,2912,96,64,64,3
12,3,"[8, 2048, 0, 0, 0, 0, 0, 0, 0, 0, 0, 0, 0, 0, 0, 8, 2048, 0, 0, 0, 0, 0, 0, 0, 0, 0, 0, 0, 0, 0]",4,128,2048.0,49152.0,24363285805,24363293580,25735588728,25735591479,0,672,672,-1,1,7775,2751,96,64,64,3
12,3,"[8, 2048, 0, 0, 0, 0, 0, 0, 0, 0, 0, 0, 0, 0, 0, 8, 2048, 0, 0, 0, 0, 0, 0, 0, 0, 0, 0, 0, 0, 0]",4,128,2048.0,49152.0,24363368827,24363376238,25735592151,25735594711,0,672,672,-1,1,7411,2560,96,64,64,3
16,3,"[8, 512, 2048, 0, 0, 0, 0, 0, 0, 0, 0, 0, 0, 0, 0, 4, 0, 0, 0, 0, 0, 0, 0, 0, 0, 0, 0, 0, 0, 0]",2048,128,1048576.0,16777220.0,24363448605,24363456715,25735595383,25735666294,0,640,640,-1,1,8110,70911,96,64,64,3
12,3,"[8, 512, 2048, 0, 0, 0, 0, 0, 0, 0, 0, 0, 0, 0, 0, 8, 512, 2048, 0, 0, 0, 0, 0, 0, 0, 0, 0, 0, 0, 0]",2048,128,1048576.0,25165824.0,24363530879,24363538244,25735666934,25735776884,0,641,641,-1,1,7365,109950,96,64,64,3
12,3,"[8, 512, 2048, 0, 0, 0, 0, 0, 0, 0, 0, 0, 0, 0, 0, 8, 512, 2048, 0, 0, 0, 0, 0, 0, 0, 0, 0, 0, 0, 0]",2048,128,1048576.0,25165824.0,24363615863,24364917412,25735777525,25735886867,0,640,640,-1,1,1301549,109342,96,64,64,3
16,3,"[8, 512, 0, 0, 0, 0, 0, 0, 0, 0, 0, 0, 0, 0, 0, 4, 0, 0, 0, 0, 0, 0, 0, 0, 0, 0, 0, 0, 0, 0]",1,128,512.0,8196.0,24364997602,24365287834,25735887507,25735890483,0,640,640,-1,1,290232,2976,96,64,64,3
12,3,"[8, 512, 0, 0, 0, 0, 0, 0, 0, 0, 0, 0, 0, 0, 0, 8, 512, 0, 0, 0, 0, 0, 0, 0, 0, 0, 0, 0, 0, 0]",1,128,512.0,12288.0,24365365948,24365374331,25735891123,25735893907,0,672,672,-1,1,8383,2784,96,64,64,3
12,3,"[8, 512, 0, 0, 0, 0, 0, 0, 0, 0, 0, 0, 0, 0, 0, 8, 512, 0, 0, 0, 0, 0, 0, 0, 0, 0, 0, 0, 0, 0]",1,128,512.0,12288.0,24365449488,24365456840,25735894579,25735897011,0,704,704,-1,1,7352,2432,96,64,64,3
16,3,"[8, 512, 1, 1, 0, 0, 0, 0, 0, 0, 0, 0, 0, 0, 0, 4, 0, 0, 0, 0, 0, 0, 0, 0, 0, 0, 0, 0, 0, 0]",1,128,512.0,8196.0,24365533508,24365541638,25735897715,25735900115,0,608,608,-1,1,8130,2400,96,64,64,3
12,3,"[8, 512, 1, 1, 0, 0, 0, 0, 0, 0, 0, 0, 0, 0, 0, 8, 512, 1, 1, 0, 0, 0, 0, 0, 0, 0, 0, 0, 0, 0]",1,128,512.0,12288.0,24365621374,24365628894,25735900723,25735903187,0,608,608,-1,1,7520,2464,96,64,64,3
12,3,"[8, 512, 1, 1, 0, 0, 0, 0, 0, 0, 0, 0, 0, 0, 0, 8, 512, 1, 1, 0, 0, 0, 0, 0, 0, 0, 0, 0, 0, 0]",1,128,512.0,12288.0,24365704299,24365711712,25735903795,25735906258,0,672,672,-1,1,7413,2463,96,64,64,3
16,3,"[8, 512, 1, 7, 7, 0, 0, 0, 0, 0, 0, 0, 0, 0, 0, 4, 0, 0, 0, 0, 0, 0, 0, 0, 0, 0, 0, 0, 0, 0]",49,128,25088.0,401412.0,24365786065,24365793819,25735906930,25735910355,0,543,543,-1,1,7754,3425,96,64,64,3
12,3,"[8, 512, 1, 7, 7, 0, 0, 0, 0, 0, 0, 0, 0, 0, 0, 8, 512, 1, 7, 7, 0, 0, 0, 0, 0, 0, 0, 0, 0, 0]",49,128,25088.0,602112.0,24365868219,24365875522,25735910898,25735914707,0,607,607,-1,1,7303,3809,96,64,64,3
12,3,"[8, 512, 1, 7, 7, 0, 0, 0, 0, 0, 0, 0, 0, 0, 0, 8, 512, 1, 7, 7, 0, 0, 0, 0, 0, 0, 0, 0, 0, 0]",49,128,25088.0,602112.0,24365949355,24365956590,25735915314,25735918738,0,737,737,-1,1,7235,3424,96,64,64,3
16,3,"[8, 512, 0, 0, 0, 0, 0, 0, 0, 0, 0, 0, 0, 0, 0, 4, 0, 0, 0, 0, 0, 0, 0, 0, 0, 0, 0, 0, 0, 0]",1,128,512.0,8196.0,24366030649,24366038334,25735919475,25735921875,0,671,671,-1,1,7685,2400,96,64,64,3
12,3,"[8, 512, 0, 0, 0, 0, 0, 0, 0, 0, 0, 0, 0, 0, 0, 8, 512, 0, 0, 0, 0, 0, 0, 0, 0, 0, 0, 0, 0, 0]",1,128,512.0,12288.0,24366113476,24366120774,25735922546,25735925042,0,704,704,-1,1,7298,2496,96,64,64,3
12,3,"[8, 512, 0, 0, 0, 0, 0, 0, 0, 0, 0, 0, 0, 0, 0, 8, 512, 0, 0, 0, 0, 0, 0, 0, 0, 0, 0, 0, 0, 0]",1,128,512.0,12288.0,24366192554,24366199695,25735925746,25735928178,0,640,640,-1,1,7141,2432,96,64,64,3
16,3,"[8, 512, 0, 0, 0, 0, 0, 0, 0, 0, 0, 0, 0, 0, 0, 4, 0, 0, 0, 0, 0, 0, 0, 0, 0, 0, 0, 0, 0, 0]",1,128,512.0,8196.0,24366272585,24366280710,25735928818,25735931250,0,704,704,-1,1,8125,2432,96,64,64,3
12,3,"[8, 512, 0, 0, 0, 0, 0, 0, 0, 0, 0, 0, 0, 0, 0, 8, 512, 0, 0, 0, 0, 0, 0, 0, 0, 0, 0, 0, 0, 0]",1,128,512.0,12288.0,24366354025,24366361381,25735931954,25735934354,0,672,672,-1,1,7356,2400,96,64,64,3
12,3,"[8, 512, 0, 0, 0, 0, 0, 0, 0, 0, 0, 0, 0, 0, 0, 8, 512, 0, 0, 0, 0, 0, 0, 0, 0, 0, 0, 0, 0, 0]",1,128,512.0,12288.0,24366433010,24366440073,25735935026,25735937490,0,608,608,-1,1,7063,2464,96,64,64,3
16,3,"[8, 512, 0, 0, 0, 0, 0, 0, 0, 0, 0, 0, 0, 0, 0, 4, 0, 0, 0, 0, 0, 0, 0, 0, 0, 0, 0, 0, 0, 0]",1,128,512.0,8196.0,24366513306,24379535958,25735938098,25735940530,0,704,704,-1,1,13022652,2432,96,64,64,3
12,3,"[8, 512, 0, 0, 0, 0, 0, 0, 0, 0, 0, 0, 0, 0, 0, 8, 512, 0, 0, 0, 0, 0, 0, 0, 0, 0, 0, 0, 0, 0]",1,128,512.0,12288.0,24379617461,24392696509,25735941234,25735943666,0,640,640,-1,1,13079048,2432,96,64,64,3
12,3,"[8, 512, 0, 0, 0, 0, 0, 0, 0, 0, 0, 0, 0, 0, 0, 8, 512, 0, 0, 0, 0, 0, 0, 0, 0, 0, 0, 0, 0, 0]",1,128,512.0,12288.0,24392775704,24392803915,25735944306,25735946802,0,640,640,-1,1,28211,2496,96,64,64,3
16,3,"[8, 2048, 512, 0, 0, 0, 0, 0, 0, 0, 0, 0, 0, 0, 0, 4, 0, 0, 0, 0, 0, 0, 0, 0, 0, 0, 0, 0, 0, 0]",2048,128,1048576.0,16777220.0,24392885854,24394786011,25735947442,25736018705,0,736,736,-1,1,1900157,71263,96,64,64,3
12,3,"[8, 2048, 512, 0, 0, 0, 0, 0, 0, 0, 0, 0, 0, 0, 0, 8, 2048, 512, 0, 0, 0, 0, 0, 0, 0, 0, 0, 0, 0, 0]",2048,128,1048576.0,25165824.0,24394863877,24394871681,25736019441,25736129807,0,672,672,-1,1,7804,110366,96,64,64,3
12,3,"[8, 2048, 512, 0, 0, 0, 0, 0, 0, 0, 0, 0, 0, 0, 0, 8, 2048, 512, 0, 0, 0, 0, 0, 0, 0, 0, 0, 0, 0, 0]",2048,128,1048576.0,25165824.0,24394946984,24394954953,25736130479,25736238701,0,576,576,-1,1,7969,108222,96,64,64,3
16,3,"[8, 2048, 0, 0, 0, 0, 0, 0, 0, 0, 0, 0, 0, 0, 0, 4, 0, 0, 0, 0, 0, 0, 0, 0, 0, 0, 0, 0, 0, 0]",4,128,2048.0,32772.0,24395034256,24395042091,25736239277,25736242189,0,736,736,-1,1,7835,2912,96,64,64,3
12,3,"[8, 2048, 0, 0, 0, 0, 0, 0, 0, 0, 0, 0, 0, 0, 0, 8, 2048, 0, 0, 0, 0, 0, 0, 0, 0, 0, 0, 0, 0, 0]",4,128,2048.0,49152.0,24395253642,24410657657,25736242925,25736245677,0,640,640,-1,1,15404015,2752,96,64,64,3
12,3,"[8, 2048, 0, 0, 0, 0, 0, 0, 0, 0, 0, 0, 0, 0, 0, 8, 2048, 0, 0, 0, 0, 0, 0, 0, 0, 0, 0, 0, 0, 0]",4,128,2048.0,49152.0,24410756402,24426399134,25736246317,25736248877,0,576,576,-1,1,15642732,2560,96,64,64,3
16,3,"[8, 512, 2048, 0, 0, 0, 0, 0, 0, 0, 0, 0, 0, 0, 0, 4, 0, 0, 0, 0, 0, 0, 0, 0, 0, 0, 0, 0, 0, 0]",2048,128,1048576.0,16777220.0,24426489844,24426503984,25736249453,25736320172,0,608,608,-1,1,14140,70719,96,64,64,3
12,3,"[8, 512, 2048, 0, 0, 0, 0, 0, 0, 0, 0, 0, 0, 0, 0, 8, 512, 2048, 0, 0, 0, 0, 0, 0, 0, 0, 0, 0, 0, 0]",2048,128,1048576.0,25165824.0,24426585076,24426593430,25736320780,25736430667,0,607,607,-1,1,8354,109887,96,64,64,3
12,3,"[8, 512, 2048, 0, 0, 0, 0, 0, 0, 0, 0, 0, 0, 0, 0, 8, 512, 2048, 0, 0, 0, 0, 0, 0, 0, 0, 0, 0, 0, 0]",2048,128,1048576.0,25165824.0,24426668539,24426693849,25736431274,25736539753,0,704,704,-1,1,25310,108479,96,64,64,3
16,3,"[8, 512, 0, 0, 0, 0, 0, 0, 0, 0, 0, 0, 0, 0, 0, 4, 0, 0, 0, 0, 0, 0, 0, 0, 0, 0, 0, 0, 0, 0]",1,128,512.0,8196.0,24426769807,24426777796,25736540457,25736543657,0,576,576,-1,1,7989,3200,96,64,64,3
12,3,"[8, 512, 0, 0, 0, 0, 0, 0, 0, 0, 0, 0, 0, 0, 0, 8, 512, 0, 0, 0, 0, 0, 0, 0, 0, 0, 0, 0, 0, 0]",1,128,512.0,12288.0,24426850194,24426857582,25736544233,25736547017,0,672,672,-1,1,7388,2784,96,64,64,3
12,3,"[8, 512, 0, 0, 0, 0, 0, 0, 0, 0, 0, 0, 0, 0, 0, 8, 512, 0, 0, 0, 0, 0, 0, 0, 0, 0, 0, 0, 0, 0]",1,128,512.0,12288.0,24426931208,24426938770,25736547689,25736550121,0,640,640,-1,1,7562,2432,96,64,64,3
16,3,"[8, 512, 1, 1, 0, 0, 0, 0, 0, 0, 0, 0, 0, 0, 0, 4, 0, 0, 0, 0, 0, 0, 0, 0, 0, 0, 0, 0, 0, 0]",1,128,512.0,8196.0,24427012060,24427020095,25736550761,25736553161,0,608,608,-1,1,8035,2400,96,64,64,3
12,3,"[8, 512, 1, 1, 0, 0, 0, 0, 0, 0, 0, 0, 0, 0, 0, 8, 512, 1, 1, 0, 0, 0, 0, 0, 0, 0, 0, 0, 0, 0]",1,128,512.0,12288.0,24427092974,24427100396,25736553769,25736556200,0,705,705,-1,1,7422,2431,96,64,64,3
12,3,"[8, 512, 1, 1, 0, 0, 0, 0, 0, 0, 0, 0, 0, 0, 0, 8, 512, 1, 1, 0, 0, 0, 0, 0, 0, 0, 0, 0, 0, 0]",1,128,512.0,12288.0,24427175795,24428490820,25736556905,25736559337,0,672,672,-1,1,1315025,2432,96,64,64,3
16,3,"[8, 512, 1, 7, 7, 0, 0, 0, 0, 0, 0, 0, 0, 0, 0, 4, 0, 0, 0, 0, 0, 0, 0, 0, 0, 0, 0, 0, 0, 0]",49,128,25088.0,401412.0,24428573978,24428861425,25736560009,25736563401,0,544,544,-1,1,287447,3392,96,64,64,3
12,3,"[8, 512, 1, 7, 7, 0, 0, 0, 0, 0, 0, 0, 0, 0, 0, 8, 512, 1, 7, 7, 0, 0, 0, 0, 0, 0, 0, 0, 0, 0]",49,128,25088.0,602112.0,24428939746,24428949066,25736563945,25736567465,0,735,735,-1,1,9320,3520,96,64,64,3
12,3,"[8, 512, 1, 7, 7, 0, 0, 0, 0, 0, 0, 0, 0, 0, 0, 8, 512, 1, 7, 7, 0, 0, 0, 0, 0, 0, 0, 0, 0, 0]",49,128,25088.0,602112.0,24429023730,24429031325,25736568200,25736571592,0,672,672,-1,1,7595,3392,96,64,64,3
16,3,"[8, 512, 0, 0, 0, 0, 0, 0, 0, 0, 0, 0, 0, 0, 0, 4, 0, 0, 0, 0, 0, 0, 0, 0, 0, 0, 0, 0, 0, 0]",1,128,512.0,8196.0,24429106589,24429114260,25736572264,25736574920,0,608,608,-1,1,7671,2656,96,64,64,3
12,3,"[8, 512, 0, 0, 0, 0, 0, 0, 0, 0, 0, 0, 0, 0, 0, 8, 512, 0, 0, 0, 0, 0, 0, 0, 0, 0, 0, 0, 0, 0]",1,128,512.0,12288.0,24429186423,24429193645,25736575528,25736577928,0,672,672,-1,1,7222,2400,96,64,64,3
12,3,"[8, 512, 0, 0, 0, 0, 0, 0, 0, 0, 0, 0, 0, 0, 0, 8, 512, 0, 0, 0, 0, 0, 0, 0, 0, 0, 0, 0, 0, 0]",1,128,512.0,12288.0,24429267235,24429274686,25736578600,25736581096,0,672,672,-1,1,7451,2496,96,64,64,3
16,3,"[8, 512, 0, 0, 0, 0, 0, 0, 0, 0, 0, 0, 0, 0, 0, 4, 0, 0, 0, 0, 0, 0, 0, 0, 0, 0, 0, 0, 0, 0]",1,128,512.0,8196.0,24429346789,24429354601,25736581768,25736584136,0,736,736,-1,1,7812,2368,96,64,64,3
12,3,"[8, 512, 0, 0, 0, 0, 0, 0, 0, 0, 0, 0, 0, 0, 0, 8, 512, 0, 0, 0, 0, 0, 0, 0, 0, 0, 0, 0, 0, 0]",1,128,512.0,12288.0,24429427392,24429434565,25736584872,25736587336,0,608,608,-1,1,7173,2464,96,64,64,3
12,3,"[8, 512, 0, 0, 0, 0, 0, 0, 0, 0, 0, 0, 0, 0, 0, 8, 512, 0, 0, 0, 0, 0, 0, 0, 0, 0, 0, 0, 0, 0]",1,128,512.0,12288.0,24429508282,24429515488,25736587944,25736590568,0,672,672,-1,1,7206,2624,96,64,64,3
16,3,"[8, 512, 0, 0, 0, 0, 0, 0, 0, 0, 0, 0, 0, 0, 0, 4, 0, 0, 0, 0, 0, 0, 0, 0, 0, 0, 0, 0, 0, 0]",1,128,512.0,8196.0,24429588826,24429596615,25736591240,25736593672,0,672,672,-1,1,7789,2432,96,64,64,3
12,3,"[8, 512, 0, 0, 0, 0, 0, 0, 0, 0, 0, 0, 0, 0, 0, 8, 512, 0, 0, 0, 0, 0, 0, 0, 0, 0, 0, 0, 0, 0]",1,128,512.0,12288.0,24429669310,24429676779,25736594344,25736596776,0,640,640,-1,1,7469,2432,96,64,64,3
12,3,"[8, 512, 0, 0, 0, 0, 0, 0, 0, 0, 0, 0, 0, 0, 0, 8, 512, 0, 0, 0, 0, 0, 0, 0, 0, 0, 0, 0, 0, 0]",1,128,512.0,12288.0,24429748633,24429755715,25736597416,25736599880,0,672,672,-1,1,7082,2464,96,64,64,3
16,3,"[8, 2048, 512, 0, 0, 0, 0, 0, 0, 0, 0, 0, 0, 0, 0, 4, 0, 0, 0, 0, 0, 0, 0, 0, 0, 0, 0, 0, 0, 0]",2048,128,1048576.0,16777220.0,24429828395,24429837903,25736600552,25736672199,0,640,640,-1,1,9508,71647,96,64,64,3
12,3,"[8, 2048, 512, 0, 0, 0, 0, 0, 0, 0, 0, 0, 0, 0, 0, 8, 2048, 512, 0, 0, 0, 0, 0, 0, 0, 0, 0, 0, 0, 0]",2048,128,1048576.0,25165824.0,24429913439,24429921165,25736672839,25736782117,0,672,672,-1,1,7726,109278,96,64,64,3
12,3,"[8, 2048, 512, 0, 0, 0, 0, 0, 0, 0, 0, 0, 0, 0, 0, 8, 2048, 512, 0, 0, 0, 0, 0, 0, 0, 0, 0, 0, 0, 0]",2048,128,1048576.0,25165824.0,24429994388,24430001640,25736782789,25736891940,0,575,575,-1,1,7252,109151,96,64,64,3
16,3,"[8, 2048, 0, 0, 0, 0, 0, 0, 0, 0, 0, 0, 0, 0, 0, 4, 0, 0, 0, 0, 0, 0, 0, 0, 0, 0, 0, 0, 0, 0]",4,128,2048.0,32772.0,24430075193,24445032683,25736892515,25736895523,0,576,576,-1,1,14957490,3008,96,64,64,3
12,3,"[8, 2048, 0, 0, 0, 0, 0, 0, 0, 0, 0, 0, 0, 0, 0, 8, 2048, 0, 0, 0, 0, 0, 0, 0, 0, 0, 0, 0, 0, 0]",4,128,2048.0,49152.0,24445114439,24458198395,25736896099,25736899011,0,576,576,-1,1,13083956,2912,96,64,64,3
12,3,"[8, 2048, 0, 0, 0, 0, 0, 0, 0, 0, 0, 0, 0, 0, 0, 8, 2048, 0, 0, 0, 0, 0, 0, 0, 0, 0, 0, 0, 0, 0]",4,128,2048.0,49152.0,24458290771,24458306914,25736899587,25736902083,0,544,544,-1,1,16143,2496,96,64,64,3
16,3,"[8, 512, 2048, 0, 0, 0, 0, 0, 0, 0, 0, 0, 0, 0, 0, 4, 0, 0, 0, 0, 0, 0, 0, 0, 0, 0, 0, 0, 0, 0]",2048,128,1048576.0,16777220.0,24458385454,24460288674,25736902627,25736973698,0,672,672,-1,1,1903220,71071,96,64,64,3
12,3,"[8, 512, 2048, 0, 0, 0, 0, 0, 0, 0, 0, 0, 0, 0, 0, 8, 512, 2048, 0, 0, 0, 0, 0, 0, 0, 0, 0, 0, 0, 0]",2048,128,1048576.0,25165824.0,24460368598,24460376628,25736974370,25737084768,0,640,640,-1,1,8030,110398,96,64,64,3
12,3,"[8, 512, 2048, 0, 0, 0, 0, 0, 0, 0, 0, 0, 0, 0, 0, 8, 512, 2048, 0, 0, 0, 0, 0, 0, 0, 0, 0, 0, 0, 0]",2048,128,1048576.0,25165824.0,24460450712,24460458677,25737085408,25737193887,0,640,640,-1,1,7965,108479,96,64,64,3
16,3,"[8, 512, 0, 0, 0, 0, 0, 0, 0, 0, 0, 0, 0, 0, 0, 4, 0, 0, 0, 0, 0, 0, 0, 0, 0, 0, 0, 0, 0, 0]",1,128,512.0,8196.0,24460531841,24460540227,25737194527,25737197439,0,608,608,-1,1,8386,2912,96,64,64,3
12,3,"[8, 512, 0, 0, 0, 0, 0, 0, 0, 0, 0, 0, 0, 0, 0, 8, 512, 0, 0, 0, 0, 0, 0, 0, 0, 0, 0, 0, 0, 0]",1,128,512.0,12288.0,24460614529,24476156970,25737198047,25737200799,0,704,704,-1,1,15542441,2752,96,64,64,3
12,3,"[8, 512, 0, 0, 0, 0, 0, 0, 0, 0, 0, 0, 0, 0, 0, 8, 512, 0, 0, 0, 0, 0, 0, 0, 0, 0, 0, 0, 0, 0]",1,128,512.0,12288.0,24476236373,24491898201,25737201503,25737203935,0,639,639,-1,1,15661828,2432,96,64,64,3
16,3,"[8, 512, 1, 1, 0, 0, 0, 0, 0, 0, 0, 0, 0, 0, 0, 4, 0, 0, 0, 0, 0, 0, 0, 0, 0, 0, 0, 0, 0, 0]",1,128,512.0,8196.0,24491978660,24492002269,25737204574,25737207007,0,704,704,-1,1,23609,2433,96,64,64,3
12,3,"[8, 512, 1, 1, 0, 0, 0, 0, 0, 0, 0, 0, 0, 0, 0, 8, 512, 1, 1, 0, 0, 0, 0, 0, 0, 0, 0, 0, 0, 0]",1,128,512.0,12288.0,24492080377,24492088231,25737207711,25737210111,0,672,672,-1,1,7854,2400,96,64,64,3
12,3,"[8, 512, 1, 1, 0, 0, 0, 0, 0, 0, 0, 0, 0, 0, 0, 8, 512, 1, 1, 0, 0, 0, 0, 0, 0, 0, 0, 0, 0, 0]",1,128,512.0,12288.0,24492165228,24492192726,25737210783,25737213278,0,640,640,-1,1,27498,2495,96,64,64,3
16,3,"[8, 512, 1, 7, 7, 0, 0, 0, 0, 0, 0, 0, 0, 0, 0, 4, 0, 0, 0, 0, 0, 0, 0, 0, 0, 0, 0, 0, 0, 0]",49,128,25088.0,401412.0,24492270996,24492279791,25737213918,25737217438,0,641,641,-1,1,8795,3520,96,64,64,3
12,3,"[8, 512, 1, 7, 7, 0, 0, 0, 0, 0, 0, 0, 0, 0, 0, 8, 512, 1, 7, 7, 0, 0, 0, 0, 0, 0, 0, 0, 0, 0]",49,128,25088.0,602112.0,24492355264,24492363062,25737218079,25737221438,0,608,608,-1,1,7798,3359,96,64,64,3
12,3,"[8, 512, 1, 7, 7, 0, 0, 0, 0, 0, 0, 0, 0, 0, 0, 8, 512, 1, 7, 7, 0, 0, 0, 0, 0, 0, 0, 0, 0, 0]",49,128,25088.0,602112.0,24492437859,24492445256,25737222046,25737225438,0,576,576,-1,1,7397,3392,96,64,64,3
16,3,"[8, 512, 0, 0, 0, 0, 0, 0, 0, 0, 0, 0, 0, 0, 0, 4, 0, 0, 0, 0, 0, 0, 0, 0, 0, 0, 0, 0, 0, 0]",1,128,512.0,8196.0,24492704363,24492717548,25737226014,25737228446,0,704,704,-1,1,13185,2432,96,64,64,3
12,3,"[8, 512, 0, 0, 0, 0, 0, 0, 0, 0, 0, 0, 0, 0, 0, 8, 512, 0, 0, 0, 0, 0, 0, 0, 0, 0, 0, 0, 0, 0]",1,128,512.0,12288.0,24492810950,24492820424,25737229150,25737231742,0,608,608,-1,1,9474,2592,96,64,64,3
12,3,"[8, 512, 0, 0, 0, 0, 0, 0, 0, 0, 0, 0, 0, 0, 0, 8, 512, 0, 0, 0, 0, 0, 0, 0, 0, 0, 0, 0, 0, 0]",1,128,512.0,12288.0,24492895133,24493984816,25737232350,25737234782,0,640,640,-1,1,1089683,2432,96,64,64,3
16,3,"[8, 512, 0, 0, 0, 0, 0, 0, 0, 0, 0, 0, 0, 0, 0, 4, 0, 0, 0, 0, 0, 0, 0, 0, 0, 0, 0, 0, 0, 0]",1,128,512.0,8196.0,24494060054,24494355357,25737235422,25737237822,0,608,608,-1,1,295303,2400,96,64,64,3
12,3,"[8, 512, 0, 0, 0, 0, 0, 0, 0, 0, 0, 0, 0, 0, 0, 8, 512, 0, 0, 0, 0, 0, 0, 0, 0, 0, 0, 0, 0, 0]",1,128,512.0,12288.0,24494428629,24494438243,25737238430,25737240862,0,640,640,-1,1,9614,2432,96,64,64,3
12,3,"[8, 512, 0, 0, 0, 0, 0, 0, 0, 0, 0, 0, 0, 0, 0, 8, 512, 0, 0, 0, 0, 0, 0, 0, 0, 0, 0, 0, 0, 0]",1,128,512.0,12288.0,24494511500,24494519048,25737241502,25737243966,0,672,672,-1,1,7548,2464,96,64,64,3
16,3,"[8, 512, 0, 0, 0, 0, 0, 0, 0, 0, 0, 0, 0, 0, 0, 4, 0, 0, 0, 0, 0, 0, 0, 0, 0, 0, 0, 0, 0, 0]",1,128,512.0,8196.0,24494591147,24494599067,25737244638,25737247358,0,672,672,-1,1,7920,2720,96,64,64,3
12,3,"[8, 512, 0, 0, 0, 0, 0, 0, 0, 0, 0, 0, 0, 0, 0, 8, 512, 0, 0, 0, 0, 0, 0, 0, 0, 0, 0, 0, 0, 0]",1,128,512.0,12288.0,24494672045,24494679548,25737248030,25737250494,0,672,672,-1,1,7503,2464,96,64,64,3
12,3,"[8, 512, 0, 0, 0, 0, 0, 0, 0, 0, 0, 0, 0, 0, 0, 8, 512, 0, 0, 0, 0, 0, 0, 0, 0, 0, 0, 0, 0, 0]",1,128,512.0,12288.0,24494751822,24494759018,25737251166,25737253694,0,736,736,-1,1,7196,2528,96,64,64,3
16,3,"[8, 2048, 512, 0, 0, 0, 0, 0, 0, 0, 0, 0, 0, 0, 0, 4, 0, 0, 0, 0, 0, 0, 0, 0, 0, 0, 0, 0, 0, 0]",2048,128,1048576.0,16777220.0,24494831536,24494839336,25737254430,25737326237,0,576,576,-1,1,7800,71807,96,64,64,3
12,3,"[8, 2048, 512, 0, 0, 0, 0, 0, 0, 0, 0, 0, 0, 0, 0, 8, 2048, 512, 0, 0, 0, 0, 0, 0, 0, 0, 0, 0, 0, 0]",2048,128,1048576.0,25165824.0,24494912922,24494920531,25737326813,25737436859,0,544,544,-1,1,7609,110046,96,64,64,3
12,3,"[8, 2048, 512, 0, 0, 0, 0, 0, 0, 0, 0, 0, 0, 0, 0, 8, 2048, 512, 0, 0, 0, 0, 0, 0, 0, 0, 0, 0, 0, 0]",2048,128,1048576.0,25165824.0,24494996044,24495003686,25737437403,25737546361,0,736,736,-1,1,7642,108958,96,64,64,3
16,3,"[8, 2048, 0, 0, 0, 0, 0, 0, 0, 0, 0, 0, 0, 0, 0, 4, 0, 0, 0, 0, 0, 0, 0, 0, 0, 0, 0, 0, 0, 0]",4,128,2048.0,32772.0,24495076065,24495083898,25737547097,25737550009,0,672,672,-1,1,7833,2912,96,64,64,3
12,3,"[8, 2048, 0, 0, 0, 0, 0, 0, 0, 0, 0, 0, 0, 0, 0, 8, 2048, 0, 0, 0, 0, 0, 0, 0, 0, 0, 0, 0, 0, 0]",4,128,2048.0,49152.0,24495160466,24495167893,25737550681,25737553465,0,672,672,-1,1,7427,2784,96,64,64,3
12,3,"[8, 2048, 0, 0, 0, 0, 0, 0, 0, 0, 0, 0, 0, 0, 0, 8, 2048, 0, 0, 0, 0, 0, 0, 0, 0, 0, 0, 0, 0, 0]",4,128,2048.0,49152.0,24495243582,24495250973,25737554137,25737556633,0,576,576,-1,1,7391,2496,96,64,64,3
16,3,"[8, 512, 2048, 0, 0, 0, 0, 0, 0, 0, 0, 0, 0, 0, 0, 4, 0, 0, 0, 0, 0, 0, 0, 0, 0, 0, 0, 0, 0, 0]",2048,128,1048576.0,16777220.0,24495323836,24495332953,25737557209,25737628184,0,576,576,-1,1,9117,70975,96,64,64,3
12,3,"[8, 512, 2048, 0, 0, 0, 0, 0, 0, 0, 0, 0, 0, 0, 0, 8, 512, 2048, 0, 0, 0, 0, 0, 0, 0, 0, 0, 0, 0, 0]",2048,128,1048576.0,25165824.0,24495406839,24495414328,25737628760,25737737686,0,576,576,-1,1,7489,108926,96,64,64,3
12,3,"[8, 512, 2048, 0, 0, 0, 0, 0, 0, 0, 0, 0, 0, 0, 0, 8, 512, 2048, 0, 0, 0, 0, 0, 0, 0, 0, 0, 0, 0, 0]",2048,128,1048576.0,25165824.0,24495487289,24495495139,25737738262,25737846644,0,609,609,-1,1,7850,108382,96,64,64,3
16,3,"[8, 512, 0, 0, 0, 0, 0, 0, 0, 0, 0, 0, 0, 0, 0, 4, 0, 0, 0, 0, 0, 0, 0, 0, 0, 0, 0, 0, 0, 0]",1,128,512.0,8196.0,24495569084,24510519234,25737847253,25737850197,0,704,704,-1,1,14950150,2944,96,64,64,3
12,3,"[8, 512, 0, 0, 0, 0, 0, 0, 0, 0, 0, 0, 0, 0, 0, 8, 512, 0, 0, 0, 0, 0, 0, 0, 0, 0, 0, 0, 0, 0]",1,128,512.0,12288.0,24510612623,24523680984,25737850901,25737853685,0,608,608,-1,1,13068361,2784,96,64,64,3
12,3,"[8, 512, 0, 0, 0, 0, 0, 0, 0, 0, 0, 0, 0, 0, 0, 8, 512, 0, 0, 0, 0, 0, 0, 0, 0, 0, 0, 0, 0, 0]",1,128,512.0,12288.0,24523758875,24523789585,25737854293,25737856789,0,639,639,-1,1,30710,2496,96,64,64,3
16,3,"[8, 512, 1, 1, 0, 0, 0, 0, 0, 0, 0, 0, 0, 0, 0, 4, 0, 0, 0, 0, 0, 0, 0, 0, 0, 0, 0, 0, 0, 0]",1,128,512.0,8196.0,24523867641,24525773048,25737857428,25737859796,0,704,704,-1,1,1905407,2368,96,64,64,3
12,3,"[8, 512, 1, 1, 0, 0, 0, 0, 0, 0, 0, 0, 0, 0, 0, 8, 512, 1, 1, 0, 0, 0, 0, 0, 0, 0, 0, 0, 0, 0]",1,128,512.0,12288.0,24525853611,24525861870,25737860500,25737862965,0,671,671,-1,1,8259,2465,96,64,64,3
12,3,"[8, 512, 1, 1, 0, 0, 0, 0, 0, 0, 0, 0, 0, 0, 0, 8, 512, 1, 1, 0, 0, 0, 0, 0, 0, 0, 0, 0, 0, 0]",1,128,512.0,12288.0,24525938697,24525946846,25737863636,25737866068,0,640,640,-1,1,8149,2432,96,64,64,3
16,3,"[8, 512, 1, 7, 7, 0, 0, 0, 0, 0, 0, 0, 0, 0, 0, 4, 0, 0, 0, 0, 0, 0, 0, 0, 0, 0, 0, 0, 0, 0]",49,128,25088.0,401412.0,24526021462,24526029360,25737866708,25737870228,0,640,640,-1,1,7898,3520,96,64,64,3
12,3,"[8, 512, 1, 7, 7, 0, 0, 0, 0, 0, 0, 0, 0, 0, 0, 8, 512, 1, 7, 7, 0, 0, 0, 0, 0, 0, 0, 0, 0, 0]",49,128,25088.0,602112.0,24526102990,24541642820,25737870868,25737874164,0,736,736,-1,1,15539830,3296,96,64,64,3
12,3,"[8, 512, 1, 7, 7, 0, 0, 0, 0, 0, 0, 0, 0, 0, 0, 8, 512, 1, 7, 7, 0, 0, 0, 0, 0, 0, 0, 0, 0, 0]",49,128,25088.0,602112.0,24541722949,24557379326,25737874900,25737878324,0,608,608,-1,1,15656377,3424,96,64,64,3
16,3,"[8, 512, 0, 0, 0, 0, 0, 0, 0, 0, 0, 0, 0, 0, 0, 4, 0, 0, 0, 0, 0, 0, 0, 0, 0, 0, 0, 0, 0, 0]",1,128,512.0,8196.0,24557474706,24557485494,25737878932,25737881332,0,608,608,-1,1,10788,2400,96,64,64,3
12,3,"[8, 512, 0, 0, 0, 0, 0, 0, 0, 0, 0, 0, 0, 0, 0, 8, 512, 0, 0, 0, 0, 0, 0, 0, 0, 0, 0, 0, 0, 0]",1,128,512.0,12288.0,24557562692,24557570962,25737881940,25737884404,0,672,672,-1,1,8270,2464,96,64,64,3
12,3,"[8, 512, 0, 0, 0, 0, 0, 0, 0, 0, 0, 0, 0, 0, 0, 8, 512, 0, 0, 0, 0, 0, 0, 0, 0, 0, 0, 0, 0, 0]",1,128,512.0,12288.0,24557646014,24557674786,25737885076,25737887508,0,640,640,-1,1,28772,2432,96,64,64,3
16,3,"[8, 512, 0, 0, 0, 0, 0, 0, 0, 0, 0, 0, 0, 0, 0, 4, 0, 0, 0, 0, 0, 0, 0, 0, 0, 0, 0, 0, 0, 0]",1,128,512.0,8196.0,24557749447,24557757836,25737888148,25737890548,0,672,672,-1,1,8389,2400,96,64,64,3
12,3,"[8, 512, 0, 0, 0, 0, 0, 0, 0, 0, 0, 0, 0, 0, 0, 8, 512, 0, 0, 0, 0, 0, 0, 0, 0, 0, 0, 0, 0, 0]",1,128,512.0,12288.0,24557832035,24557839913,25737891220,25737893684,0,672,672,-1,1,7878,2464,96,64,64,3
12,3,"[8, 512, 0, 0, 0, 0, 0, 0, 0, 0, 0, 0, 0, 0, 0, 8, 512, 0, 0, 0, 0, 0, 0, 0, 0, 0, 0, 0, 0, 0]",1,128,512.0,12288.0,24557913677,24557921200,25737894356,25737896788,0,640,640,-1,1,7523,2432,96,64,64,3
16,3,"[8, 512, 0, 0, 0, 0, 0, 0, 0, 0, 0, 0, 0, 0, 0, 4, 0, 0, 0, 0, 0, 0, 0, 0, 0, 0, 0, 0, 0, 0]",1,128,512.0,8196.0,24557993930,24558001982,25737897428,25737899860,0,704,704,-1,1,8052,2432,96,64,64,3
12,3,"[8, 512, 0, 0, 0, 0, 0, 0, 0, 0, 0, 0, 0, 0, 0, 8, 512, 0, 0, 0, 0, 0, 0, 0, 0, 0, 0, 0, 0, 0]",1,128,512.0,12288.0,24558073614,24558080892,25737900564,25737902964,0,672,672,-1,1,7278,2400,96,64,64,3
12,3,"[8, 512, 0, 0, 0, 0, 0, 0, 0, 0, 0, 0, 0, 0, 0, 8, 512, 0, 0, 0, 0, 0, 0, 0, 0, 0, 0, 0, 0, 0]",1,128,512.0,12288.0,24558151612,24559466453,25737903636,25737906100,0,671,671,-1,1,1314841,2464,96,64,64,3
16,3,"[8, 2048, 512, 0, 0, 0, 0, 0, 0, 0, 0, 0, 0, 0, 0, 4, 0, 0, 0, 0, 0, 0, 0, 0, 0, 0, 0, 0, 0, 0]",2048,128,1048576.0,16777220.0,24559549073,24559838409,25737906771,25737978323,0,704,704,-1,1,289336,71552,96,64,64,3
12,3,"[8, 2048, 512, 0, 0, 0, 0, 0, 0, 0, 0, 0, 0, 0, 0, 8, 2048, 512, 0, 0, 0, 0, 0, 0, 0, 0, 0, 0, 0, 0]",2048,128,1048576.0,25165824.0,24559918978,24559927324,25737979027,25738088881,0,704,704,-1,1,8346,109854,96,64,64,3
12,3,"[8, 2048, 512, 0, 0, 0, 0, 0, 0, 0, 0, 0, 0, 0, 0, 8, 2048, 512, 0, 0, 0, 0, 0, 0, 0, 0, 0, 0, 0, 0]",2048,128,1048576.0,25165824.0,24560006793,24560014845,25738089585,25738197935,0,608,608,-1,1,8052,108350,96,64,64,3
16,3,"[8, 2048, 0, 0, 0, 0, 0, 0, 0, 0, 0, 0, 0, 0, 0, 4, 0, 0, 0, 0, 0, 0, 0, 0, 0, 0, 0, 0, 0, 0]",4,128,2048.0,32772.0,24560099497,24560107351,25738198543,25738201455,0,736,736,-1,1,7854,2912,96,64,64,3
12,3,"[8, 2048, 0, 0, 0, 0, 0, 0, 0, 0, 0, 0, 0, 0, 0, 8, 2048, 0, 0, 0, 0, 0, 0, 0, 0, 0, 0, 0, 0, 0]",4,128,2048.0,49152.0,24560185941,24560194493,25738202191,25738204943,0,640,640,-1,1,8552,2752,96,64,64,3
12,3,"[8, 2048, 0, 0, 0, 0, 0, 0, 0, 0, 0, 0, 0, 0, 0, 8, 2048, 0, 0, 0, 0, 0, 0, 0, 0, 0, 0, 0, 0, 0]",4,128,2048.0,49152.0,24560396480,24560405859,25738205583,25738208079,0,640,640,-1,1,9379,2496,96,64,64,3
16,3,"[8, 512, 2048, 0, 0, 0, 0, 0, 0, 0, 0, 0, 0, 0, 0, 4, 0, 0, 0, 0, 0, 0, 0, 0, 0, 0, 0, 0, 0, 0]",2048,128,1048576.0,16777220.0,24560491812,24560500963,25738208719,25738279694,0,704,704,-1,1,9151,70975,96,64,64,3
12,3,"[8, 512, 2048, 0, 0, 0, 0, 0, 0, 0, 0, 0, 0, 0, 0, 8, 512, 2048, 0, 0, 0, 0, 0, 0, 0, 0, 0, 0, 0, 0]",2048,128,1048576.0,25165824.0,24560577690,24560585635,25738280398,25738389260,0,608,608,-1,1,7945,108862,96,64,64,3
12,3,"[8, 512, 2048, 0, 0, 0, 0, 0, 0, 0, 0, 0, 0, 0, 0, 8, 512, 2048, 0, 0, 0, 0, 0, 0, 0, 0, 0, 0, 0, 0]",2048,128,1048576.0,25165824.0,24560658970,24560666339,25738389868,25738499051,0,544,544,-1,1,7369,109183,96,64,64,3
16,3,"[8, 512, 0, 0, 0, 0, 0, 0, 0, 0, 0, 0, 0, 0, 0, 4, 0, 0, 0, 0, 0, 0, 0, 0, 0, 0, 0, 0, 0, 0]",1,128,512.0,8196.0,24560739509,24560747262,25738499595,25738502570,0,673,673,-1,1,7753,2975,96,64,64,3
12,3,"[8, 512, 0, 0, 0, 0, 0, 0, 0, 0, 0, 0, 0, 0, 0, 8, 512, 0, 0, 0, 0, 0, 0, 0, 0, 0, 0, 0, 0, 0]",1,128,512.0,12288.0,24560819995,24560827569,25738503243,25738506218,0,608,608,-1,1,7574,2975,96,64,64,3
12,3,"[8, 512, 0, 0, 0, 0, 0, 0, 0, 0, 0, 0, 0, 0, 0, 8, 512, 0, 0, 0, 0, 0, 0, 0, 0, 0, 0, 0, 0, 0]",1,128,512.0,12288.0,24560899068,24560906185,25738506826,25738509290,0,673,673,-1,1,7117,2464,96,64,64,3
16,3,"[8, 512, 1, 1, 0, 0, 0, 0, 0, 0, 0, 0, 0, 0, 0, 4, 0, 0, 0, 0, 0, 0, 0, 0, 0, 0, 0, 0, 0, 0]",1,128,512.0,8196.0,24560981189,24560989319,25738509963,25738512426,0,672,672,-1,1,8130,2463,96,64,64,3
12,3,"[8, 512, 1, 1, 0, 0, 0, 0, 0, 0, 0, 0, 0, 0, 0, 8, 512, 1, 1, 0, 0, 0, 0, 0, 0, 0, 0, 0, 0, 0]",1,128,512.0,12288.0,24561063259,24561070713,25738513098,25738515530,0,640,640,-1,1,7454,2432,96,64,64,3
12,3,"[8, 512, 1, 1, 0, 0, 0, 0, 0, 0, 0, 0, 0, 0, 0, 8, 512, 1, 1, 0, 0, 0, 0, 0, 0, 0, 0, 0, 0, 0]",1,128,512.0,12288.0,24561145552,24561152800,25738516170,25738518634,0,672,672,-1,1,7248,2464,96,64,64,3
16,3,"[8, 512, 1, 7, 7, 0, 0, 0, 0, 0, 0, 0, 0, 0, 0, 4, 0, 0, 0, 0, 0, 0, 0, 0, 0, 0, 0, 0, 0, 0]",49,128,25088.0,401412.0,24561227491,24576003080,25738519306,25738522730,0,608,608,-1,1,14775589,3424,96,64,64,3
12,3,"[8, 512, 1, 7, 7, 0, 0, 0, 0, 0, 0, 0, 0, 0, 0, 8, 512, 1, 7, 7, 0, 0, 0, 0, 0, 0, 0, 0, 0, 0]",49,128,25088.0,602112.0,24576084933,24589169476,25738523338,25738526730,0,576,576,-1,1,13084543,3392,96,64,64,3
12,3,"[8, 512, 1, 7, 7, 0, 0, 0, 0, 0, 0, 0, 0, 0, 0, 8, 512, 1, 7, 7, 0, 0, 0, 0, 0, 0, 0, 0, 0, 0]",49,128,25088.0,602112.0,24589251302,24589276587,25738527306,25738530730,0,672,672,-1,1,25285,3424,96,64,64,3
16,3,"[8, 512, 0, 0, 0, 0, 0, 0, 0, 0, 0, 0, 0, 0, 0, 4, 0, 0, 0, 0, 0, 0, 0, 0, 0, 0, 0, 0, 0, 0]",1,128,512.0,8196.0,24589355629,24591258785,25738531402,25738533834,0,640,640,-1,1,1903156,2432,96,64,64,3
12,3,"[8, 512, 0, 0, 0, 0, 0, 0, 0, 0, 0, 0, 0, 0, 0, 8, 512, 0, 0, 0, 0, 0, 0, 0, 0, 0, 0, 0, 0, 0]",1,128,512.0,12288.0,24591333237,24591341194,25738534474,25738536906,0,704,704,-1,1,7957,2432,96,64,64,3
12,3,"[8, 512, 0, 0, 0, 0, 0, 0, 0, 0, 0, 0, 0, 0, 0, 8, 512, 0, 0, 0, 0, 0, 0, 0, 0, 0, 0, 0, 0, 0]",1,128,512.0,12288.0,24591413209,24591420866,25738537610,25738540074,0,544,544,-1,1,7657,2464,96,64,64,3
16,3,"[8, 512, 0, 0, 0, 0, 0, 0, 0, 0, 0, 0, 0, 0, 0, 4, 0, 0, 0, 0, 0, 0, 0, 0, 0, 0, 0, 0, 0, 0]",1,128,512.0,8196.0,24591492447,24591499967,25738540618,25738543050,0,704,704,-1,1,7520,2432,96,64,64,3
12,3,"[8, 512, 0, 0, 0, 0, 0, 0, 0, 0, 0, 0, 0, 0, 0, 8, 512, 0, 0, 0, 0, 0, 0, 0, 0, 0, 0, 0, 0, 0]",1,128,512.0,12288.0,24591571132,24605230868,25738543754,25738546186,0,640,640,-1,1,13659736,2432,96,64,64,3
12,3,"[8, 512, 0, 0, 0, 0, 0, 0, 0, 0, 0, 0, 0, 0, 0, 8, 512, 0, 0, 0, 0, 0, 0, 0, 0, 0, 0, 0, 0, 0]",1,128,512.0,12288.0,24605338308,24620968091,25738546826,25738549290,0,672,672,-1,1,15629783,2464,96,64,64,3
16,3,"[8, 512, 0, 0, 0, 0, 0, 0, 0, 0, 0, 0, 0, 0, 0, 4, 0, 0, 0, 0, 0, 0, 0, 0, 0, 0, 0, 0, 0, 0]",1,128,512.0,8196.0,24621046953,24621073287,25738549962,25738552362,0,672,672,-1,1,26334,2400,96,64,64,3
12,3,"[8, 512, 0, 0, 0, 0, 0, 0, 0, 0, 0, 0, 0, 0, 0, 8, 512, 0, 0, 0, 0, 0, 0, 0, 0, 0, 0, 0, 0, 0]",1,128,512.0,12288.0,24621149266,24621157370,25738553034,25738555530,0,640,640,-1,1,8104,2496,96,64,64,3
12,3,"[8, 512, 0, 0, 0, 0, 0, 0, 0, 0, 0, 0, 0, 0, 0, 8, 512, 0, 0, 0, 0, 0, 0, 0, 0, 0, 0, 0, 0, 0]",1,128,512.0,12288.0,24621233357,24621263821,25738556170,25738558602,0,672,672,-1,1,30464,2432,96,64,64,3
16,3,"[8, 2048, 512, 0, 0, 0, 0, 0, 0, 0, 0, 0, 0, 0, 0, 4, 0, 0, 0, 0, 0, 0, 0, 0, 0, 0, 0, 0, 0, 0]",2048,128,1048576.0,16777220.0,24621339925,24621348243,25738559274,25738631337,0,607,607,-1,1,8318,72063,96,64,64,3
12,3,"[8, 2048, 512, 0, 0, 0, 0, 0, 0, 0, 0, 0, 0, 0, 0, 8, 2048, 512, 0, 0, 0, 0, 0, 0, 0, 0, 0, 0, 0, 0]",2048,128,1048576.0,25165824.0,24621423484,24621431117,25738631944,25738742439,0,736,736,-1,1,7633,110495,96,64,64,3
12,3,"[8, 2048, 512, 0, 0, 0, 0, 0, 0, 0, 0, 0, 0, 0, 0, 8, 2048, 512, 0, 0, 0, 0, 0, 0, 0, 0, 0, 0, 0, 0]",2048,128,1048576.0,25165824.0,24621506045,24621513332,25738743175,25738852645,0,672,672,-1,1,7287,109470,96,64,64,3
16,3,"[8, 2048, 0, 0, 0, 0, 0, 0, 0, 0, 0, 0, 0, 0, 0, 4, 0, 0, 0, 0, 0, 0, 0, 0, 0, 0, 0, 0, 0, 0]",4,128,2048.0,32772.0,24621586554,24621594293,25738853317,25738856389,0,576,576,-1,1,7739,3072,96,64,64,3
12,3,"[8, 2048, 0, 0, 0, 0, 0, 0, 0, 0, 0, 0, 0, 0, 0, 8, 2048, 0, 0, 0, 0, 0, 0, 0, 0, 0, 0, 0, 0, 0]",4,128,2048.0,49152.0,24621668582,24621675954,25738856965,25738859717,0,736,736,-1,1,7372,2752,96,64,64,3
12,3,"[8, 2048, 0, 0, 0, 0, 0, 0, 0, 0, 0, 0, 0, 0, 0, 8, 2048, 0, 0, 0, 0, 0, 0, 0, 0, 0, 0, 0, 0, 0]",4,128,2048.0,49152.0,24621749729,24623057116,25738860453,25738862885,0,672,672,-1,1,1307387,2432,96,64,64,3
16,3,"[8, 512, 2048, 0, 0, 0, 0, 0, 0, 0, 0, 0, 0, 0, 0, 4, 0, 0, 0, 0, 0, 0, 0, 0, 0, 0, 0, 0, 0, 0]",2048,128,1048576.0,16777220.0,24623131139,24623430230,25738863557,25738935268,0,672,672,-1,1,299091,71711,96,64,64,3
12,3,"[8, 512, 2048, 0, 0, 0, 0, 0, 0, 0, 0, 0, 0, 0, 0, 8, 512, 2048, 0, 0, 0, 0, 0, 0, 0, 0, 0, 0, 0, 0]",2048,128,1048576.0,25165824.0,24623505599,24623513504,25738935940,25739046530,0,704,704,-1,1,7905,110590,96,64,64,3
12,3,"[8, 512, 2048, 0, 0, 0, 0, 0, 0, 0, 0, 0, 0, 0, 0, 8, 512, 2048, 0, 0, 0, 0, 0, 0, 0, 0, 0, 0, 0, 0]",2048,128,1048576.0,25165824.0,24623586774,24623593883,25739047234,25739155872,0,544,544,-1,1,7109,108638,96,64,64,3
16,3,"[8, 512, 0, 0, 0, 0, 0, 0, 0, 0, 0, 0, 0, 0, 0, 4, 0, 0, 0, 0, 0, 0, 0, 0, 0, 0, 0, 0, 0, 0]",1,128,512.0,8196.0,24623666641,24623674993,25739156416,25739159392,0,672,672,-1,1,8352,2976,96,64,64,3
12,3,"[8, 512, 0, 0, 0, 0, 0, 0, 0, 0, 0, 0, 0, 0, 0, 8, 512, 0, 0, 0, 0, 0, 0, 0, 0, 0, 0, 0, 0, 0]",1,128,512.0,12288.0,24623748843,24623756512,25739160064,25739163040,0,608,608,-1,1,7669,2976,96,64,64,3
12,3,"[8, 512, 0, 0, 0, 0, 0, 0, 0, 0, 0, 0, 0, 0, 0, 8, 512, 0, 0, 0, 0, 0, 0, 0, 0, 0, 0, 0, 0, 0]",1,128,512.0,12288.0,24623828993,24623836250,25739163648,25739166112,0,672,672,-1,1,7257,2464,96,64,64,3
16,3,"[8, 512, 1, 1, 0, 0, 0, 0, 0, 0, 0, 0, 0, 0, 0, 4, 0, 0, 0, 0, 0, 0, 0, 0, 0, 0, 0, 0, 0, 0]",1,128,512.0,8196.0,24623909552,24623917356,25739166784,25739169184,0,672,672,-1,1,7804,2400,96,64,64,3
12,3,"[8, 512, 1, 1, 0, 0, 0, 0, 0, 0, 0, 0, 0, 0, 0, 8, 512, 1, 1, 0, 0, 0, 0, 0, 0, 0, 0, 0, 0, 0]",1,128,512.0,12288.0,24623992102,24623999320,25739169856,25739172320,0,672,672,-1,1,7218,2464,96,64,64,3
12,3,"[8, 512, 1, 1, 0, 0, 0, 0, 0, 0, 0, 0, 0, 0, 0, 8, 512, 1, 1, 0, 0, 0, 0, 0, 0, 0, 0, 0, 0, 0]",1,128,512.0,12288.0,24624072734,24624080247,25739172992,25739175456,0,640,640,-1,1,7513,2464,96,64,64,3
16,3,"[8, 512, 1, 7, 7, 0, 0, 0, 0, 0, 0, 0, 0, 0, 0, 4, 0, 0, 0, 0, 0, 0, 0, 0, 0, 0, 0, 0, 0, 0]",49,128,25088.0,401412.0,24624155663,24624163424,25739176096,25739179424,0,608,608,-1,1,7761,3328,96,64,64,3
12,3,"[8, 512, 1, 7, 7, 0, 0, 0, 0, 0, 0, 0, 0, 0, 0, 8, 512, 1, 7, 7, 0, 0, 0, 0, 0, 0, 0, 0, 0, 0]",49,128,25088.0,602112.0,24624244614,24624252945,25739180032,25739183552,0,640,640,-1,1,8331,3520,96,64,64,3
12,3,"[8, 512, 1, 7, 7, 0, 0, 0, 0, 0, 0, 0, 0, 0, 0, 8, 512, 1, 7, 7, 0, 0, 0, 0, 0, 0, 0, 0, 0, 0]",49,128,25088.0,602112.0,24624327369,24624335941,25739184192,25739187584,0,640,640,-1,1,8572,3392,96,64,64,3
16,3,"[8, 512, 0, 0, 0, 0, 0, 0, 0, 0, 0, 0, 0, 0, 0, 4, 0, 0, 0, 0, 0, 0, 0, 0, 0, 0, 0, 0, 0, 0]",1,128,512.0,8196.0,24624408972,24624417175,25739188224,25739190592,0,704,704,-1,1,8203,2368,96,64,64,3
12,3,"[8, 512, 0, 0, 0, 0, 0, 0, 0, 0, 0, 0, 0, 0, 0, 8, 512, 0, 0, 0, 0, 0, 0, 0, 0, 0, 0, 0, 0, 0]",1,128,512.0,12288.0,24624619392,24624629508,25739191296,25739193760,0,544,544,-1,1,10116,2464,96,64,64,3
12,3,"[8, 512, 0, 0, 0, 0, 0, 0, 0, 0, 0, 0, 0, 0, 0, 8, 512, 0, 0, 0, 0, 0, 0, 0, 0, 0, 0, 0, 0, 0]",1,128,512.0,12288.0,24624712164,24624720351,25739194304,25739196768,0,672,672,-1,1,8187,2464,96,64,64,3
16,3,"[8, 512, 0, 0, 0, 0, 0, 0, 0, 0, 0, 0, 0, 0, 0, 4, 0, 0, 0, 0, 0, 0, 0, 0, 0, 0, 0, 0, 0, 0]",1,128,512.0,8196.0,24624794808,24637702279,25739197440,25739199840,0,672,672,-1,1,12907471,2400,96,64,64,3
12,3,"[8, 512, 0, 0, 0, 0, 0, 0, 0, 0, 0, 0, 0, 0, 0, 8, 512, 0, 0, 0, 0, 0, 0, 0, 0, 0, 0, 0, 0, 0]",1,128,512.0,12288.0,24637779679,24650861528,25739200512,25739202944,0,735,735,-1,1,13081849,2432,96,64,64,3
12,3,"[8, 512, 0, 0, 0, 0, 0, 0, 0, 0, 0, 0, 0, 0, 0, 8, 512, 0, 0, 0, 0, 0, 0, 0, 0, 0, 0, 0, 0, 0]",1,128,512.0,12288.0,24650958065,24650968707,25739203679,25739206112,0,671,671,-1,1,10642,2433,96,64,64,3
16,3,"[8, 512, 0, 0, 0, 0, 0, 0, 0, 0, 0, 0, 0, 0, 0, 4, 0, 0, 0, 0, 0, 0, 0, 0, 0, 0, 0, 0, 0, 0]",1,128,512.0,8196.0,24651046193,24652950778,25739206783,25739209151,0,576,576,-1,1,1904585,2368,96,64,64,3
12,3,"[8, 512, 0, 0, 0, 0, 0, 0, 0, 0, 0, 0, 0, 0, 0, 8, 512, 0, 0, 0, 0, 0, 0, 0, 0, 0, 0, 0, 0, 0]",1,128,512.0,12288.0,24653027890,24653035428,25739209727,25739212223,0,641,641,-1,1,7538,2496,96,64,64,3
12,3,"[8, 512, 0, 0, 0, 0, 0, 0, 0, 0, 0, 0, 0, 0, 0, 8, 512, 0, 0, 0, 0, 0, 0, 0, 0, 0, 0, 0, 0, 0]",1,128,512.0,12288.0,24653107489,24653115235,25739212864,25739215295,0,704,704,-1,1,7746,2431,96,64,64,3
16,3,"[8, 2048, 512, 0, 0, 0, 0, 0, 0, 0, 0, 0, 0, 0, 0, 4, 0, 0, 0, 0, 0, 0, 0, 0, 0, 0, 0, 0, 0, 0]",2048,128,1048576.0,16777220.0,24653189141,24653196970,25739215999,25739286654,0,608,608,-1,1,7829,70655,96,64,64,3
12,3,"[8, 2048, 512, 0, 0, 0, 0, 0, 0, 0, 0, 0, 0, 0, 0, 8, 2048, 512, 0, 0, 0, 0, 0, 0, 0, 0, 0, 0, 0, 0]",2048,128,1048576.0,25165824.0,24653272068,24666921025,25739287262,25739397725,0,608,608,-1,1,13648957,110463,96,64,64,3
12,3,"[8, 2048, 512, 0, 0, 0, 0, 0, 0, 0, 0, 0, 0, 0, 0, 8, 2048, 512, 0, 0, 0, 0, 0, 0, 0, 0, 0, 0, 0, 0]",2048,128,1048576.0,25165824.0,24666999404,24682659913,25739398333,25739507355,0,608,608,-1,1,15660509,109022,96,64,64,3
16,3,"[8, 2048, 0, 0, 0, 0, 0, 0, 0, 0, 0, 0, 0, 0, 0, 4, 0, 0, 0, 0, 0, 0, 0, 0, 0, 0, 0, 0, 0, 0]",4,128,2048.0,32772.0,24682738402,24682764568,25739507963,25739510907,0,640,640,-1,1,26166,2944,96,64,64,3
12,3,"[8, 2048, 0, 0, 0, 0, 0, 0, 0, 0, 0, 0, 0, 0, 0, 8, 2048, 0, 0, 0, 0, 0, 0, 0, 0, 0, 0, 0, 0, 0]",4,128,2048.0,49152.0,24682840110,24682847825,25739511547,25739514363,0,640,640,-1,1,7715,2816,96,64,64,3
12,3,"[8, 2048, 0, 0, 0, 0, 0, 0, 0, 0, 0, 0, 0, 0, 0, 8, 2048, 0, 0, 0, 0, 0, 0, 0, 0, 0, 0, 0, 0, 0]",4,128,2048.0,49152.0,24682920499,24682955117,25739515003,25739517499,0,640,640,-1,1,34618,2496,96,64,64,3
16,3,"[8, 512, 2048, 0, 0, 0, 0, 0, 0, 0, 0, 0, 0, 0, 0, 4, 0, 0, 0, 0, 0, 0, 0, 0, 0, 0, 0, 0, 0, 0]",2048,128,1048576.0,16777220.0,24683032881,24683041019,25739518139,25739589946,0,704,704,-1,1,8138,71807,96,64,64,3
12,3,"[8, 512, 2048, 0, 0, 0, 0, 0, 0, 0, 0, 0, 0, 0, 0, 8, 512, 2048, 0, 0, 0, 0, 0, 0, 0, 0, 0, 0, 0, 0]",2048,128,1048576.0,25165824.0,24683116064,24683123728,25739590650,25739700248,0,608,608,-1,1,7664,109598,96,64,64,3
12,3,"[8, 512, 2048, 0, 0, 0, 0, 0, 0, 0, 0, 0, 0, 0, 0, 8, 512, 2048, 0, 0, 0, 0, 0, 0, 0, 0, 0, 0, 0, 0]",2048,128,1048576.0,25165824.0,24683198085,24683205443,25739700856,25739809686,0,736,736,-1,1,7358,108830,96,64,64,3
16,3,"[8, 512, 0, 0, 0, 0, 0, 0, 0, 0, 0, 0, 0, 0, 0, 4, 0, 0, 0, 0, 0, 0, 0, 0, 0, 0, 0, 0, 0, 0]",1,128,512.0,8196.0,24683278512,24683286596,25739810422,25739813334,0,672,672,-1,1,8084,2912,96,64,64,3
12,3,"[8, 512, 0, 0, 0, 0, 0, 0, 0, 0, 0, 0, 0, 0, 0, 8, 512, 0, 0, 0, 0, 0, 0, 0, 0, 0, 0, 0, 0, 0]",1,128,512.0,12288.0,24683359408,24683366694,25739814006,25739816790,0,672,672,-1,1,7286,2784,96,64,64,3
12,3,"[8, 512, 0, 0, 0, 0, 0, 0, 0, 0, 0, 0, 0, 0, 0, 8, 512, 0, 0, 0, 0, 0, 0, 0, 0, 0, 0, 0, 0, 0]",1,128,512.0,12288.0,24683439443,24684751414,25739817462,25739819926,0,608,608,-1,1,1311971,2464,96,64,64,3
16,3,"[8, 512, 1, 1, 0, 0, 0, 0, 0, 0, 0, 0, 0, 0, 0, 4, 0, 0, 0, 0, 0, 0, 0, 0, 0, 0, 0, 0, 0, 0]",1,128,512.0,8196.0,24684829281,24685124265,25739820534,25739822998,0,672,672,-1,1,294984,2464,96,64,64,3
12,3,"[8, 512, 1, 1, 0, 0, 0, 0, 0, 0, 0, 0, 0, 0, 0, 8, 512, 1, 1, 0, 0, 0, 0, 0, 0, 0, 0, 0, 0, 0]",1,128,512.0,12288.0,24685200160,24685208180,25739823670,25739826102,0,640,640,-1,1,8020,2432,96,64,64,3
12,3,"[8, 512, 1, 1, 0, 0, 0, 0, 0, 0, 0, 0, 0, 0, 0, 8, 512, 1, 1, 0, 0, 0, 0, 0, 0, 0, 0, 0, 0, 0]",1,128,512.0,12288.0,24685280775,24685288380,25739826742,25739829206,0,672,672,-1,1,7605,2464,96,64,64,3
16,3,"[8, 512, 1, 7, 7, 0, 0, 0, 0, 0, 0, 0, 0, 0, 0, 4, 0, 0, 0, 0, 0, 0, 0, 0, 0, 0, 0, 0, 0, 0]",49,128,25088.0,401412.0,24685364483,24685372895,25739829878,25739833334,0,704,704,-1,1,8412,3456,96,64,64,3
12,3,"[8, 512, 1, 7, 7, 0, 0, 0, 0, 0, 0, 0, 0, 0, 0, 8, 512, 1, 7, 7, 0, 0, 0, 0, 0, 0, 0, 0, 0, 0]",49,128,25088.0,602112.0,24685448499,24685455985,25739834038,25739837526,0,672,672,-1,1,7486,3488,96,64,64,3
12,3,"[8, 512, 1, 7, 7, 0, 0, 0, 0, 0, 0, 0, 0, 0, 0, 8, 512, 1, 7, 7, 0, 0, 0, 0, 0, 0, 0, 0, 0, 0]",49,128,25088.0,602112.0,24685531306,24685538943,25739838198,25739841590,0,640,640,-1,1,7637,3392,96,64,64,3
16,3,"[8, 512, 0, 0, 0, 0, 0, 0, 0, 0, 0, 0, 0, 0, 0, 4, 0, 0, 0, 0, 0, 0, 0, 0, 0, 0, 0, 0, 0, 0]",1,128,512.0,8196.0,24685610808,24685618834,25739842230,25739844758,0,736,736,-1,1,8026,2528,96,64,64,3
12,3,"[8, 512, 0, 0, 0, 0, 0, 0, 0, 0, 0, 0, 0, 0, 0, 8, 512, 0, 0, 0, 0, 0, 0, 0, 0, 0, 0, 0, 0, 0]",1,128,512.0,12288.0,24685691873,24685699265,25739845494,25739847926,0,576,576,-1,1,7392,2432,96,64,64,3
12,3,"[8, 512, 0, 0, 0, 0, 0, 0, 0, 0, 0, 0, 0, 0, 0, 8, 512, 0, 0, 0, 0, 0, 0, 0, 0, 0, 0, 0, 0, 0]",1,128,512.0,12288.0,24685771739,24685779395,25739848502,25739851093,0,673,673,-1,1,7656,2591,96,64,64,3
16,3,"[8, 512, 0, 0, 0, 0, 0, 0, 0, 0, 0, 0, 0, 0, 0, 4, 0, 0, 0, 0, 0, 0, 0, 0, 0, 0, 0, 0, 0, 0]",1,128,512.0,8196.0,24685851335,24685858989,25739851766,25739854165,0,609,609,-1,1,7654,2399,96,64,64,3
12,3,"[8, 512, 0, 0, 0, 0, 0, 0, 0, 0, 0, 0, 0, 0, 0, 8, 512, 0, 0, 0, 0, 0, 0, 0, 0, 0, 0, 0, 0, 0]",1,128,512.0,12288.0,24685930194,24685937509,25739854774,25739857238,0,672,672,-1,1,7315,2464,96,64,64,3
12,3,"[8, 512, 0, 0, 0, 0, 0, 0, 0, 0, 0, 0, 0, 0, 0, 8, 512, 0, 0, 0, 0, 0, 0, 0, 0, 0, 0, 0, 0, 0]",1,128,512.0,12288.0,24686009476,24686018360,25739857910,25739860341,0,641,641,-1,1,8884,2431,96,64,64,3
16,3,"[8, 512, 0, 0, 0, 0, 0, 0, 0, 0, 0, 0, 0, 0, 0, 4, 0, 0, 0, 0, 0, 0, 0, 0, 0, 0, 0, 0, 0, 0]",1,128,512.0,8196.0,24686090760,24686098317,25739860982,25739863413,0,704,704,-1,1,7557,2431,96,64,64,3
12,3,"[8, 512, 0, 0, 0, 0, 0, 0, 0, 0, 0, 0, 0, 0, 0, 8, 512, 0, 0, 0, 0, 0, 0, 0, 0, 0, 0, 0, 0, 0]",1,128,512.0,12288.0,24686170195,24686177531,25739864117,25739866710,0,671,671,-1,1,7336,2593,96,64,64,3
12,3,"[8, 512, 0, 0, 0, 0, 0, 0, 0, 0, 0, 0, 0, 0, 0, 8, 512, 0, 0, 0, 0, 0, 0, 0, 0, 0, 0, 0, 0, 0]",1,128,512.0,12288.0,24686249157,24686256832,25739867381,25739869814,0,639,639,-1,1,7675,2433,96,64,64,3
16,3,"[8, 2048, 512, 0, 0, 0, 0, 0, 0, 0, 0, 0, 0, 0, 0, 4, 0, 0, 0, 0, 0, 0, 0, 0, 0, 0, 0, 0, 0, 0]",2048,128,1048576.0,16777220.0,24686329505,24699386024,25739870453,25739942292,0,544,544,-1,1,13056519,71839,96,64,64,3
12,3,"[8, 2048, 512, 0, 0, 0, 0, 0, 0, 0, 0, 0, 0, 0, 0, 8, 2048, 512, 0, 0, 0, 0, 0, 0, 0, 0, 0, 0, 0, 0]",2048,128,1048576.0,25165824.0,24699476039,24712553746,25739942836,25740051603,0,672,672,-1,1,13077707,108767,96,64,64,3
12,3,"[8, 2048, 512, 0, 0, 0, 0, 0, 0, 0, 0, 0, 0, 0, 0, 8, 2048, 512, 0, 0, 0, 0, 0, 0, 0, 0, 0, 0, 0, 0]",2048,128,1048576.0,25165824.0,24712632450,24712662154,25740052275,25740160433,0,576,576,-1,1,29704,108158,96,64,64,3
16,3,"[8, 2048, 0, 0, 0, 0, 0, 0, 0, 0, 0, 0, 0, 0, 0, 4, 0, 0, 0, 0, 0, 0, 0, 0, 0, 0, 0, 0, 0, 0]",4,128,2048.0,32772.0,24712736904,24714644492,25740161009,25740163921,0,672,672,-1,1,1907588,2912,96,64,64,3
12,3,"[8, 2048, 0, 0, 0, 0, 0, 0, 0, 0, 0, 0, 0, 0, 0, 8, 2048, 0, 0, 0, 0, 0, 0, 0, 0, 0, 0, 0, 0, 0]",4,128,2048.0,49152.0,24714721578,24714729783,25740164593,25740167377,0,672,672,-1,1,8205,2784,96,64,64,3
12,3,"[8, 2048, 0, 0, 0, 0, 0, 0, 0, 0, 0, 0, 0, 0, 0, 8, 2048, 0, 0, 0, 0, 0, 0, 0, 0, 0, 0, 0, 0, 0]",4,128,2048.0,49152.0,24714802545,24714810089,25740168049,25740170577,0,608,608,-1,1,7544,2528,96,64,64,3
16,3,"[8, 512, 2048, 0, 0, 0, 0, 0, 0, 0, 0, 0, 0, 0, 0, 4, 0, 0, 0, 0, 0, 0, 0, 0, 0, 0, 0, 0, 0, 0]",2048,128,1048576.0,16777220.0,24714883088,24714891031,25740171185,25740242768,0,736,736,-1,1,7943,71583,96,64,64,3
12,3,"[8, 512, 2048, 0, 0, 0, 0, 0, 0, 0, 0, 0, 0, 0, 0, 8, 512, 2048, 0, 0, 0, 0, 0, 0, 0, 0, 0, 0, 0, 0]",2048,128,1048576.0,25165824.0,24715101254,24730529247,25740243504,25740353166,0,672,672,-1,1,15427993,109662,96,64,64,3
12,3,"[8, 512, 2048, 0, 0, 0, 0, 0, 0, 0, 0, 0, 0, 0, 0, 8, 512, 2048, 0, 0, 0, 0, 0, 0, 0, 0, 0, 0, 0, 0]",2048,128,1048576.0,25165824.0,24730615402,24746266490,25740353838,25740461964,0,640,640,-1,1,15651088,108126,96,64,64,3
16,3,"[8, 512, 0, 0, 0, 0, 0, 0, 0, 0, 0, 0, 0, 0, 0, 4, 0, 0, 0, 0, 0, 0, 0, 0, 0, 0, 0, 0, 0, 0]",1,128,512.0,8196.0,24746361206,24746370946,25740462604,25740465516,0,704,704,-1,1,9740,2912,96,64,64,3
12,3,"[8, 512, 0, 0, 0, 0, 0, 0, 0, 0, 0, 0, 0, 0, 0, 8, 512, 0, 0, 0, 0, 0, 0, 0, 0, 0, 0, 0, 0, 0]",1,128,512.0,12288.0,24746447067,24746455170,25740466220,25740468972,0,640,640,-1,1,8103,2752,96,64,64,3
12,3,"[8, 512, 0, 0, 0, 0, 0, 0, 0, 0, 0, 0, 0, 0, 0, 8, 512, 0, 0, 0, 0, 0, 0, 0, 0, 0, 0, 0, 0, 0]",1,128,512.0,12288.0,24746530165,24746561938,25740469612,25740472108,0,640,640,-1,1,31773,2496,96,64,64,3
16,3,"[8, 512, 1, 1, 0, 0, 0, 0, 0, 0, 0, 0, 0, 0, 0, 4, 0, 0, 0, 0, 0, 0, 0, 0, 0, 0, 0, 0, 0, 0]",1,128,512.0,8196.0,24746640434,24746648702,25740472748,25740475276,0,544,544,-1,1,8268,2528,96,64,64,3
12,3,"[8, 512, 1, 1, 0, 0, 0, 0, 0, 0, 0, 0, 0, 0, 0, 8, 512, 1, 1, 0, 0, 0, 0, 0, 0, 0, 0, 0, 0, 0]",1,128,512.0,12288.0,24746723024,24746730808,25740475820,25740478284,0,672,672,-1,1,7784,2464,96,64,64,3
12,3,"[8, 512, 1, 1, 0, 0, 0, 0, 0, 0, 0, 0, 0, 0, 0, 8, 512, 1, 1, 0, 0, 0, 0, 0, 0, 0, 0, 0, 0, 0]",1,128,512.0,12288.0,24746803449,24746810880,25740478956,25740481388,0,640,640,-1,1,7431,2432,96,64,64,3
16,3,"[8, 512, 1, 7, 7, 0, 0, 0, 0, 0, 0, 0, 0, 0, 0, 4, 0, 0, 0, 0, 0, 0, 0, 0, 0, 0, 0, 0, 0, 0]",49,128,25088.0,401412.0,24746885267,24746893013,25740482028,25740485804,0,640,640,-1,1,7746,3776,96,64,64,3
12,3,"[8, 512, 1, 7, 7, 0, 0, 0, 0, 0, 0, 0, 0, 0, 0, 8, 512, 1, 7, 7, 0, 0, 0, 0, 0, 0, 0, 0, 0, 0]",49,128,25088.0,602112.0,24746965083,24746972581,25740486444,25740489900,0,576,576,-1,1,7498,3456,96,64,64,3
12,3,"[8, 512, 1, 7, 7, 0, 0, 0, 0, 0, 0, 0, 0, 0, 0, 8, 512, 1, 7, 7, 0, 0, 0, 0, 0, 0, 0, 0, 0, 0]",49,128,25088.0,602112.0,24747044454,24748354970,25740490476,25740493900,0,736,736,-1,1,1310516,3424,96,64,64,3
16,3,"[8, 512, 0, 0, 0, 0, 0, 0, 0, 0, 0, 0, 0, 0, 0, 4, 0, 0, 0, 0, 0, 0, 0, 0, 0, 0, 0, 0, 0, 0]",1,128,512.0,8196.0,24748433781,24748725757,25740494636,25740497036,0,736,736,-1,1,291976,2400,96,64,64,3
12,3,"[8, 512, 0, 0, 0, 0, 0, 0, 0, 0, 0, 0, 0, 0, 0, 8, 512, 0, 0, 0, 0, 0, 0, 0, 0, 0, 0, 0, 0, 0]",1,128,512.0,12288.0,24748800850,24748809090,25740497772,25740500204,0,640,640,-1,1,8240,2432,96,64,64,3
12,3,"[8, 512, 0, 0, 0, 0, 0, 0, 0, 0, 0, 0, 0, 0, 0, 8, 512, 0, 0, 0, 0, 0, 0, 0, 0, 0, 0, 0, 0, 0]",1,128,512.0,12288.0,24748881340,24748889024,25740500844,25740503340,0,639,639,-1,1,7684,2496,96,64,64,3
16,3,"[8, 512, 0, 0, 0, 0, 0, 0, 0, 0, 0, 0, 0, 0, 0, 4, 0, 0, 0, 0, 0, 0, 0, 0, 0, 0, 0, 0, 0, 0]",1,128,512.0,8196.0,24748962166,24748970228,25740503979,25740506380,0,736,736,-1,1,8062,2401,96,64,64,3
12,3,"[8, 512, 0, 0, 0, 0, 0, 0, 0, 0, 0, 0, 0, 0, 0, 8, 512, 0, 0, 0, 0, 0, 0, 0, 0, 0, 0, 0, 0, 0]",1,128,512.0,12288.0,24749042726,24749050166,25740507116,25740509547,0,641,641,-1,1,7440,2431,96,64,64,3
12,3,"[8, 512, 0, 0, 0, 0, 0, 0, 0, 0, 0, 0, 0, 0, 0, 8, 512, 0, 0, 0, 0, 0, 0, 0, 0, 0, 0, 0, 0, 0]",1,128,512.0,12288.0,24749123369,24749130921,25740510188,25740512651,0,672,672,-1,1,7552,2463,96,64,64,3
16,3,"[8, 512, 0, 0, 0, 0, 0, 0, 0, 0, 0, 0, 0, 0, 0, 4, 0, 0, 0, 0, 0, 0, 0, 0, 0, 0, 0, 0, 0, 0]",1,128,512.0,8196.0,24749202390,24749210087,25740513323,25740515723,0,672,672,-1,1,7697,2400,96,64,64,3
12,3,"[8, 512, 0, 0, 0, 0, 0, 0, 0, 0, 0, 0, 0, 0, 0, 8, 512, 0, 0, 0, 0, 0, 0, 0, 0, 0, 0, 0, 0, 0]",1,128,512.0,12288.0,24749280140,24749287138,25740516395,25740518827,0,640,640,-1,1,6998,2432,96,64,64,3
12,3,"[8, 512, 0, 0, 0, 0, 0, 0, 0, 0, 0, 0, 0, 0, 0, 8, 512, 0, 0, 0, 0, 0, 0, 0, 0, 0, 0, 0, 0, 0]",1,128,512.0,12288.0,24749357921,24749365126,25740519467,25740521931,0,672,672,-1,1,7205,2464,96,64,64,3
16,3,"[8, 2048, 512, 0, 0, 0, 0, 0, 0, 0, 0, 0, 0, 0, 0, 4, 0, 0, 0, 0, 0, 0, 0, 0, 0, 0, 0, 0, 0, 0]",2048,128,1048576.0,16777220.0,24749436865,24749444428,25740522603,25740593898,0,576,576,-1,1,7563,71295,96,64,64,3
12,3,"[8, 2048, 512, 0, 0, 0, 0, 0, 0, 0, 0, 0, 0, 0, 0, 8, 2048, 512, 0, 0, 0, 0, 0, 0, 0, 0, 0, 0, 0, 0]",2048,128,1048576.0,25165824.0,24749516417,24749523628,25740594474,25740704297,0,639,639,-1,1,7211,109823,96,64,64,3
12,3,"[8, 2048, 512, 0, 0, 0, 0, 0, 0, 0, 0, 0, 0, 0, 0, 8, 2048, 512, 0, 0, 0, 0, 0, 0, 0, 0, 0, 0, 0, 0]",2048,128,1048576.0,25165824.0,24749596501,24749603707,25740704936,25740813895,0,608,608,-1,1,7206,108959,96,64,64,3
16,3,"[8, 2048, 0, 0, 0, 0, 0, 0, 0, 0, 0, 0, 0, 0, 0, 4, 0, 0, 0, 0, 0, 0, 0, 0, 0, 0, 0, 0, 0, 0]",4,128,2048.0,32772.0,24749674986,24749682412,25740814503,25740817479,0,736,736,-1,1,7426,2976,96,64,64,3
12,3,"[8, 2048, 0, 0, 0, 0, 0, 0, 0, 0, 0, 0, 0, 0, 0, 8, 2048, 0, 0, 0, 0, 0, 0, 0, 0, 0, 0, 0, 0, 0]",4,128,2048.0,49152.0,24749753746,24749760656,25740818215,25740820967,0,640,640,-1,1,6910,2752,96,64,64,3
12,3,"[8, 2048, 0, 0, 0, 0, 0, 0, 0, 0, 0, 0, 0, 0, 0, 8, 2048, 0, 0, 0, 0, 0, 0, 0, 0, 0, 0, 0, 0, 0]",4,128,2048.0,49152.0,24749831191,24749838509,25740821607,25740824263,0,608,608,-1,1,7318,2656,96,64,64,3
16,3,"[8, 512, 2048, 0, 0, 0, 0, 0, 0, 0, 0, 0, 0, 0, 0, 4, 0, 0, 0, 0, 0, 0, 0, 0, 0, 0, 0, 0, 0, 0]",2048,128,1048576.0,16777220.0,24749911473,24764894434,25740824871,25740895845,0,704,704,-1,1,14982961,70974,96,64,64,3
12,3,"[8, 512, 2048, 0, 0, 0, 0, 0, 0, 0, 0, 0, 0, 0, 0, 8, 512, 2048, 0, 0, 0, 0, 0, 0, 0, 0, 0, 0, 0, 0]",2048,128,1048576.0,25165824.0,24764981113,24778057404,25740896549,25741007044,0,608,608,-1,1,13076291,110495,96,64,64,3
12,3,"[8, 512, 2048, 0, 0, 0, 0, 0, 0, 0, 0, 0, 0, 0, 0, 8, 512, 2048, 0, 0, 0, 0, 0, 0, 0, 0, 0, 0, 0, 0]",2048,128,1048576.0,25165824.0,24778134957,24778165387,25741007652,25741116034,0,672,672,-1,1,30430,108382,96,64,64,3
16,3,"[8, 512, 0, 0, 0, 0, 0, 0, 0, 0, 0, 0, 0, 0, 0, 4, 0, 0, 0, 0, 0, 0, 0, 0, 0, 0, 0, 0, 0, 0]",1,128,512.0,8196.0,24778240139,24780147091,25741116706,25741119618,0,672,672,-1,1,1906952,2912,96,64,64,3
12,3,"[8, 512, 0, 0, 0, 0, 0, 0, 0, 0, 0, 0, 0, 0, 0, 8, 512, 0, 0, 0, 0, 0, 0, 0, 0, 0, 0, 0, 0, 0]",1,128,512.0,12288.0,24780230362,24780238892,25741120290,25741123074,0,672,672,-1,1,8530,2784,96,64,64,3
12,3,"[8, 512, 0, 0, 0, 0, 0, 0, 0, 0, 0, 0, 0, 0, 0, 8, 512, 0, 0, 0, 0, 0, 0, 0, 0, 0, 0, 0, 0, 0]",1,128,512.0,12288.0,24780312528,24780320468,25741123746,25741126274,0,608,608,-1,1,7940,2528,96,64,64,3
16,3,"[8, 512, 1, 1, 0, 0, 0, 0, 0, 0, 0, 0, 0, 0, 0, 4, 0, 0, 0, 0, 0, 0, 0, 0, 0, 0, 0, 0, 0, 0]",1,128,512.0,8196.0,24780394860,24780402777,25741126882,25741129314,0,704,704,-1,1,7917,2432,96,64,64,3
12,3,"[8, 512, 1, 1, 0, 0, 0, 0, 0, 0, 0, 0, 0, 0, 0, 8, 512, 1, 1, 0, 0, 0, 0, 0, 0, 0, 0, 0, 0, 0]",1,128,512.0,12288.0,24780479367,24796017918,25741130018,25741132450,0,672,672,-1,1,15538551,2432,96,64,64,3
12,3,"[8, 512, 1, 1, 0, 0, 0, 0, 0, 0, 0, 0, 0, 0, 0, 8, 512, 1, 1, 0, 0, 0, 0, 0, 0, 0, 0, 0, 0, 0]",1,128,512.0,12288.0,24796110949,24811755987,25741133122,25741135554,0,672,672,-1,1,15645038,2432,96,64,64,3
16,3,"[8, 512, 1, 7, 7, 0, 0, 0, 0, 0, 0, 0, 0, 0, 0, 4, 0, 0, 0, 0, 0, 0, 0, 0, 0, 0, 0, 0, 0, 0]",49,128,25088.0,401412.0,24811840175,24811861217,25741136226,25741139682,0,672,672,-1,1,21042,3456,96,64,64,3
12,3,"[8, 512, 1, 7, 7, 0, 0, 0, 0, 0, 0, 0, 0, 0, 0, 8, 512, 1, 7, 7, 0, 0, 0, 0, 0, 0, 0, 0, 0, 0]",49,128,25088.0,602112.0,24811937993,24811946223,25741140354,25741143618,0,736,736,-1,1,8230,3264,96,64,64,3
12,3,"[8, 512, 1, 7, 7, 0, 0, 0, 0, 0, 0, 0, 0, 0, 0, 8, 512, 1, 7, 7, 0, 0, 0, 0, 0, 0, 0, 0, 0, 0]",49,128,25088.0,602112.0,24812022707,24812052506,25741144354,25741147714,0,672,672,-1,1,29799,3360,96,64,64,3
16,3,"[8, 512, 0, 0, 0, 0, 0, 0, 0, 0, 0, 0, 0, 0, 0, 4, 0, 0, 0, 0, 0, 0, 0, 0, 0, 0, 0, 0, 0, 0]",1,128,512.0,8196.0,24812126895,24812135003,25741148386,25741150722,0,736,736,-1,1,8108,2336,96,64,64,3
12,3,"[8, 512, 0, 0, 0, 0, 0, 0, 0, 0, 0, 0, 0, 0, 0, 8, 512, 0, 0, 0, 0, 0, 0, 0, 0, 0, 0, 0, 0, 0]",1,128,512.0,12288.0,24812216414,24812224504,25741151458,25741153889,0,641,641,-1,1,8090,2431,96,64,64,3
12,3,"[8, 512, 0, 0, 0, 0, 0, 0, 0, 0, 0, 0, 0, 0, 0, 8, 512, 0, 0, 0, 0, 0, 0, 0, 0, 0, 0, 0, 0, 0]",1,128,512.0,12288.0,24812297777,24812305209,25741154530,25741156993,0,672,672,-1,1,7432,2463,96,64,64,3
16,3,"[8, 512, 0, 0, 0, 0, 0, 0, 0, 0, 0, 0, 0, 0, 0, 4, 0, 0, 0, 0, 0, 0, 0, 0, 0, 0, 0, 0, 0, 0]",1,128,512.0,8196.0,24812510185,24812521076,25741157665,25741160065,0,672,672,-1,1,10891,2400,96,64,64,3
12,3,"[8, 512, 0, 0, 0, 0, 0, 0, 0, 0, 0, 0, 0, 0, 0, 8, 512, 0, 0, 0, 0, 0, 0, 0, 0, 0, 0, 0, 0, 0]",1,128,512.0,12288.0,24812603636,24812612462,25741160737,25741163202,0,671,671,-1,1,8826,2465,96,64,64,3
12,3,"[8, 512, 0, 0, 0, 0, 0, 0, 0, 0, 0, 0, 0, 0, 0, 8, 512, 0, 0, 0, 0, 0, 0, 0, 0, 0, 0, 0, 0, 0]",1,128,512.0,12288.0,24812688108,24813849684,25741163873,25741166306,0,639,639,-1,1,1161576,2433,96,64,64,3
16,3,"[8, 512, 0, 0, 0, 0, 0, 0, 0, 0, 0, 0, 0, 0, 0, 4, 0, 0, 0, 0, 0, 0, 0, 0, 0, 0, 0, 0, 0, 0]",1,128,512.0,8196.0,24813924446,24814219804,25741166945,25741169378,0,704,704,-1,1,295358,2433,96,64,64,3
12,3,"[8, 512, 0, 0, 0, 0, 0, 0, 0, 0, 0, 0, 0, 0, 0, 8, 512, 0, 0, 0, 0, 0, 0, 0, 0, 0, 0, 0, 0, 0]",1,128,512.0,12288.0,24814294177,24814301964,25741170082,25741172513,0,640,640,-1,1,7787,2431,96,64,64,3
12,3,"[8, 512, 0, 0, 0, 0, 0, 0, 0, 0, 0, 0, 0, 0, 0, 8, 512, 0, 0, 0, 0, 0, 0, 0, 0, 0, 0, 0, 0, 0]",1,128,512.0,12288.0,24814375432,24814383059,25741173153,25741175617,0,672,672,-1,1,7627,2464,96,64,64,3
16,3,"[8, 2048, 512, 0, 0, 0, 0, 0, 0, 0, 0, 0, 0, 0, 0, 4, 0, 0, 0, 0, 0, 0, 0, 0, 0, 0, 0, 0, 0, 0]",2048,128,1048576.0,16777220.0,24814459302,24814467244,25741176289,25741247200,0,704,704,-1,1,7942,70911,96,64,64,3
12,3,"[8, 2048, 512, 0, 0, 0, 0, 0, 0, 0, 0, 0, 0, 0, 0, 8, 2048, 512, 0, 0, 0, 0, 0, 0, 0, 0, 0, 0, 0, 0]",2048,128,1048576.0,25165824.0,24814541935,24814549403,25741247904,25741357150,0,672,672,-1,1,7468,109246,96,64,64,3
12,3,"[8, 2048, 512, 0, 0, 0, 0, 0, 0, 0, 0, 0, 0, 0, 0, 8, 2048, 512, 0, 0, 0, 0, 0, 0, 0, 0, 0, 0, 0, 0]",2048,128,1048576.0,25165824.0,24814622023,24814629249,25741357822,25741466365,0,608,608,-1,1,7226,108543,96,64,64,3
16,3,"[8, 2048, 0, 0, 0, 0, 0, 0, 0, 0, 0, 0, 0, 0, 0, 4, 0, 0, 0, 0, 0, 0, 0, 0, 0, 0, 0, 0, 0, 0]",4,128,2048.0,32772.0,24814701268,24814709902,25741466973,25741469853,0,704,704,-1,1,8634,2880,96,64,64,3
12,3,"[8, 2048, 0, 0, 0, 0, 0, 0, 0, 0, 0, 0, 0, 0, 0, 8, 2048, 0, 0, 0, 0, 0, 0, 0, 0, 0, 0, 0, 0, 0]",4,128,2048.0,49152.0,24814782865,24814790365,25741470557,25741473405,0,672,672,-1,1,7500,2848,96,64,64,3
12,3,"[8, 2048, 0, 0, 0, 0, 0, 0, 0, 0, 0, 0, 0, 0, 0, 8, 2048, 0, 0, 0, 0, 0, 0, 0, 0, 0, 0, 0, 0, 0]",4,128,2048.0,49152.0,24814863076,24814870249,25741474077,25741476573,0,576,576,-1,1,7173,2496,96,64,64,3
16,3,"[8, 512, 2048, 0, 0, 0, 0, 0, 0, 0, 0, 0, 0, 0, 0, 4, 0, 0, 0, 0, 0, 0, 0, 0, 0, 0, 0, 0, 0, 0]",2048,128,1048576.0,16777220.0,24814942427,24814950266,25741477149,25741548796,0,671,671,-1,1,7839,71647,96,64,64,3
12,3,"[8, 512, 2048, 0, 0, 0, 0, 0, 0, 0, 0, 0, 0, 0, 0, 8, 512, 2048, 0, 0, 0, 0, 0, 0, 0, 0, 0, 0, 0, 0]",2048,128,1048576.0,25165824.0,24815022886,24815032445,25741549467,25741659834,0,544,544,-1,1,9559,110367,96,64,64,3
12,3,"[8, 512, 2048, 0, 0, 0, 0, 0, 0, 0, 0, 0, 0, 0, 0, 8, 512, 2048, 0, 0, 0, 0, 0, 0, 0, 0, 0, 0, 0, 0]",2048,128,1048576.0,25165824.0,24815105243,24815112760,25741660378,25741769688,0,704,704,-1,1,7517,109310,96,64,64,3
16,3,"[8, 512, 0, 0, 0, 0, 0, 0, 0, 0, 0, 0, 0, 0, 0, 4, 0, 0, 0, 0, 0, 0, 0, 0, 0, 0, 0, 0, 0, 0]",1,128,512.0,8196.0,24815184120,24815191714,25741770392,25741773304,0,608,608,-1,1,7594,2912,96,64,64,3
12,3,"[8, 512, 0, 0, 0, 0, 0, 0, 0, 0, 0, 0, 0, 0, 0, 8, 512, 0, 0, 0, 0, 0, 0, 0, 0, 0, 0, 0, 0, 0]",1,128,512.0,12288.0,24815262914,24815270337,25741773912,25741776696,0,672,672,-1,1,7423,2784,96,64,64,3
12,3,"[8, 512, 0, 0, 0, 0, 0, 0, 0, 0, 0, 0, 0, 0, 0, 8, 512, 0, 0, 0, 0, 0, 0, 0, 0, 0, 0, 0, 0, 0]",1,128,512.0,12288.0,24815341850,24815349102,25741777368,25741779832,0,608,608,-1,1,7252,2464,96,64,64,3
16,3,"[8, 512, 1, 1, 0, 0, 0, 0, 0, 0, 0, 0, 0, 0, 0, 4, 0, 0, 0, 0, 0, 0, 0, 0, 0, 0, 0, 0, 0, 0]",1,128,512.0,8196.0,24815423275,24830385590,25741780440,25741782840,0,608,608,-1,1,14962315,2400,96,64,64,3
12,3,"[8, 512, 1, 1, 0, 0, 0, 0, 0, 0, 0, 0, 0, 0, 0, 8, 512, 1, 1, 0, 0, 0, 0, 0, 0, 0, 0, 0, 0, 0]",1,128,512.0,12288.0,24830464339,24843550843,25741783448,25741785912,0,608,608,-1,1,13086504,2464,96,64,64,3
12,3,"[8, 512, 1, 1, 0, 0, 0, 0, 0, 0, 0, 0, 0, 0, 0, 8, 512, 1, 1, 0, 0, 0, 0, 0, 0, 0, 0, 0, 0, 0]",1,128,512.0,12288.0,24843636039,24843657385,25741786520,25741789016,0,672,672,-1,1,21346,2496,96,64,64,3
16,3,"[8, 512, 1, 7, 7, 0, 0, 0, 0, 0, 0, 0, 0, 0, 0, 4, 0, 0, 0, 0, 0, 0, 0, 0, 0, 0, 0, 0, 0, 0]",49,128,25088.0,401412.0,24843735127,24845640245,25741789688,25741793208,0,608,608,-1,1,1905118,3520,96,64,64,3
12,3,"[8, 512, 1, 7, 7, 0, 0, 0, 0, 0, 0, 0, 0, 0, 0, 8, 512, 1, 7, 7, 0, 0, 0, 0, 0, 0, 0, 0, 0, 0]",49,128,25088.0,602112.0,24845717124,24845725359,25741793816,25741797336,0,640,640,-1,1,8235,3520,96,64,64,3
12,3,"[8, 512, 1, 7, 7, 0, 0, 0, 0, 0, 0, 0, 0, 0, 0, 8, 512, 1, 7, 7, 0, 0, 0, 0, 0, 0, 0, 0, 0, 0]",49,128,25088.0,602112.0,24845798605,24845806431,25741797976,25741801400,0,704,704,-1,1,7826,3424,96,64,64,3
16,3,"[8, 512, 0, 0, 0, 0, 0, 0, 0, 0, 0, 0, 0, 0, 0, 4, 0, 0, 0, 0, 0, 0, 0, 0, 0, 0, 0, 0, 0, 0]",1,128,512.0,8196.0,24845880186,24845890028,25741802104,25741804535,0,672,672,-1,1,9842,2431,96,64,64,3
12,3,"[8, 512, 0, 0, 0, 0, 0, 0, 0, 0, 0, 0, 0, 0, 0, 8, 512, 0, 0, 0, 0, 0, 0, 0, 0, 0, 0, 0, 0, 0]",1,128,512.0,12288.0,24845963566,24861508095,25741805207,25741807607,0,672,672,-1,1,15544529,2400,96,64,64,3
12,3,"[8, 512, 0, 0, 0, 0, 0, 0, 0, 0, 0, 0, 0, 0, 0, 8, 512, 0, 0, 0, 0, 0, 0, 0, 0, 0, 0, 0, 0, 0]",1,128,512.0,12288.0,24861586233,24877241392,25741808279,25741810776,0,639,639,-1,1,15655159,2497,96,64,64,3
16,3,"[8, 512, 0, 0, 0, 0, 0, 0, 0, 0, 0, 0, 0, 0, 0, 4, 0, 0, 0, 0, 0, 0, 0, 0, 0, 0, 0, 0, 0, 0]",1,128,512.0,8196.0,24877317969,24877347186,25741811415,25741813848,0,704,704,-1,1,29217,2433,96,64,64,3
12,3,"[8, 512, 0, 0, 0, 0, 0, 0, 0, 0, 0, 0, 0, 0, 0, 8, 512, 0, 0, 0, 0, 0, 0, 0, 0, 0, 0, 0, 0, 0]",1,128,512.0,12288.0,24877422270,24877430351,25741814552,25741816951,0,608,608,-1,1,8081,2399,96,64,64,3
12,3,"[8, 512, 0, 0, 0, 0, 0, 0, 0, 0, 0, 0, 0, 0, 0, 8, 512, 0, 0, 0, 0, 0, 0, 0, 0, 0, 0, 0, 0, 0]",1,128,512.0,12288.0,24877502980,24877538231,25741817559,25741820023,0,608,608,-1,1,35251,2464,96,64,64,3
16,3,"[8, 512, 0, 0, 0, 0, 0, 0, 0, 0, 0, 0, 0, 0, 0, 4, 0, 0, 0, 0, 0, 0, 0, 0, 0, 0, 0, 0, 0, 0]",1,128,512.0,8196.0,24877612809,24877621136,25741820631,25741823063,0,704,704,-1,1,8327,2432,96,64,64,3
12,3,"[8, 512, 0, 0, 0, 0, 0, 0, 0, 0, 0, 0, 0, 0, 0, 8, 512, 0, 0, 0, 0, 0, 0, 0, 0, 0, 0, 0, 0, 0]",1,128,512.0,12288.0,24877693426,24877700859,25741823767,25741826231,0,672,672,-1,1,7433,2464,96,64,64,3
12,3,"[8, 512, 0, 0, 0, 0, 0, 0, 0, 0, 0, 0, 0, 0, 0, 8, 512, 0, 0, 0, 0, 0, 0, 0, 0, 0, 0, 0, 0, 0]",1,128,512.0,12288.0,24877772183,24877779425,25741826903,25741829367,0,672,672,-1,1,7242,2464,96,64,64,3
16,3,"[8, 2048, 512, 0, 0, 0, 0, 0, 0, 0, 0, 0, 0, 0, 0, 4, 0, 0, 0, 0, 0, 0, 0, 0, 0, 0, 0, 0, 0, 0]",2048,128,1048576.0,16777220.0,24877852059,24877859955,25741830039,25741901878,0,608,608,-1,1,7896,71839,96,64,64,3
12,3,"[8, 2048, 512, 0, 0, 0, 0, 0, 0, 0, 0, 0, 0, 0, 0, 8, 2048, 512, 0, 0, 0, 0, 0, 0, 0, 0, 0, 0, 0, 0]",2048,128,1048576.0,25165824.0,24877932111,24877939410,25741902486,25742011956,0,672,672,-1,1,7299,109470,96,64,64,3
12,3,"[8, 2048, 512, 0, 0, 0, 0, 0, 0, 0, 0, 0, 0, 0, 0, 8, 2048, 512, 0, 0, 0, 0, 0, 0, 0, 0, 0, 0, 0, 0]",2048,128,1048576.0,25165824.0,24878010977,24879333148,25742012628,25742121203,0,672,672,-1,1,1322171,108575,96,64,64,3
16,3,"[8, 2048, 0, 0, 0, 0, 0, 0, 0, 0, 0, 0, 0, 0, 0, 4, 0, 0, 0, 0, 0, 0, 0, 0, 0, 0, 0, 0, 0, 0]",4,128,2048.0,32772.0,24879410265,24879702755,25742121875,25742124883,0,640,640,-1,1,292490,3008,96,64,64,3
12,3,"[8, 2048, 0, 0, 0, 0, 0, 0, 0, 0, 0, 0, 0, 0, 0, 8, 2048, 0, 0, 0, 0, 0, 0, 0, 0, 0, 0, 0, 0, 0]",4,128,2048.0,49152.0,24879777138,24879784893,25742125523,25742128306,0,609,609,-1,1,7755,2783,96,64,64,3
12,3,"[8, 2048, 0, 0, 0, 0, 0, 0, 0, 0, 0, 0, 0, 0, 0, 8, 2048, 0, 0, 0, 0, 0, 0, 0, 0, 0, 0, 0, 0, 0]",4,128,2048.0,49152.0,24879857059,24879864949,25742128915,25742131410,0,704,704,-1,1,7890,2495,96,64,64,3
16,3,"[8, 512, 2048, 0, 0, 0, 0, 0, 0, 0, 0, 0, 0, 0, 0, 4, 0, 0, 0, 0, 0, 0, 0, 0, 0, 0, 0, 0, 0, 0]",2048,128,1048576.0,16777220.0,24879936739,24879944726,25742132114,25742203889,0,640,640,-1,1,7987,71775,96,64,64,3
12,3,"[8, 512, 2048, 0, 0, 0, 0, 0, 0, 0, 0, 0, 0, 0, 0, 8, 512, 2048, 0, 0, 0, 0, 0, 0, 0, 0, 0, 0, 0, 0]",2048,128,1048576.0,25165824.0,24880018546,24880025952,25742204529,25742315119,0,673,673,-1,1,7406,110590,96,64,64,3
12,3,"[8, 512, 2048, 0, 0, 0, 0, 0, 0, 0, 0, 0, 0, 0, 0, 8, 512, 2048, 0, 0, 0, 0, 0, 0, 0, 0, 0, 0, 0, 0]",2048,128,1048576.0,25165824.0,24880234737,24880245416,25742315792,25742424750,0,672,672,-1,1,10679,108958,96,64,64,3
16,3,"[8, 512, 0, 0, 0, 0, 0, 0, 0, 0, 0, 0, 0, 0, 0, 4, 0, 0, 0, 0, 0, 0, 0, 0, 0, 0, 0, 0, 0, 0]",1,128,512.0,8196.0,24880332732,24880342113,25742425422,25742428366,0,640,640,-1,1,9381,2944,96,64,64,3
12,3,"[8, 512, 0, 0, 0, 0, 0, 0, 0, 0, 0, 0, 0, 0, 0, 8, 512, 0, 0, 0, 0, 0, 0, 0, 0, 0, 0, 0, 0, 0]",1,128,512.0,12288.0,24880417848,24880425659,25742429006,25742431758,0,640,640,-1,1,7811,2752,96,64,64,3
12,3,"[8, 512, 0, 0, 0, 0, 0, 0, 0, 0, 0, 0, 0, 0, 0, 8, 512, 0, 0, 0, 0, 0, 0, 0, 0, 0, 0, 0, 0, 0]",1,128,512.0,12288.0,24880499213,24880506648,25742432398,25742434862,0,672,672,-1,1,7435,2464,96,64,64,3
16,3,"[8, 512, 1, 1, 0, 0, 0, 0, 0, 0, 0, 0, 0, 0, 0, 4, 0, 0, 0, 0, 0, 0, 0, 0, 0, 0, 0, 0, 0, 0]",1,128,512.0,8196.0,24880581002,24880588933,25742435534,25742437934,0,672,672,-1,1,7931,2400,96,64,64,3
12,3,"[8, 512, 1, 1, 0, 0, 0, 0, 0, 0, 0, 0, 0, 0, 0, 8, 512, 1, 1, 0, 0, 0, 0, 0, 0, 0, 0, 0, 0, 0]",1,128,512.0,12288.0,24880661278,24880671000,25742438606,25742441070,0,672,672,-1,1,9722,2464,96,64,64,3
12,3,"[8, 512, 1, 1, 0, 0, 0, 0, 0, 0, 0, 0, 0, 0, 0, 8, 512, 1, 1, 0, 0, 0, 0, 0, 0, 0, 0, 0, 0, 0]",1,128,512.0,12288.0,24880744945,24880752388,25742441742,25742444174,0,640,640,-1,1,7443,2432,96,64,64,3
16,3,"[8, 512, 1, 7, 7, 0, 0, 0, 0, 0, 0, 0, 0, 0, 0, 4, 0, 0, 0, 0, 0, 0, 0, 0, 0, 0, 0, 0, 0, 0]",49,128,25088.0,401412.0,24880825445,24880833192,25742444814,25742448334,0,704,704,-1,1,7747,3520,96,64,64,3
12,3,"[8, 512, 1, 7, 7, 0, 0, 0, 0, 0, 0, 0, 0, 0, 0, 8, 512, 1, 7, 7, 0, 0, 0, 0, 0, 0, 0, 0, 0, 0]",49,128,25088.0,602112.0,24880907717,24880915127,25742449038,25742452365,0,704,704,-1,1,7410,3327,96,64,64,3
12,3,"[8, 512, 1, 7, 7, 0, 0, 0, 0, 0, 0, 0, 0, 0, 0, 8, 512, 1, 7, 7, 0, 0, 0, 0, 0, 0, 0, 0, 0, 0]",49,128,25088.0,602112.0,24880988476,24880995663,25742453069,25742456494,0,607,607,-1,1,7187,3425,96,64,64,3
16,3,"[8, 512, 0, 0, 0, 0, 0, 0, 0, 0, 0, 0, 0, 0, 0, 4, 0, 0, 0, 0, 0, 0, 0, 0, 0, 0, 0, 0, 0, 0]",1,128,512.0,8196.0,24881067881,24895867794,25742457101,25742459501,0,736,736,-1,1,14799913,2400,96,64,64,3
12,3,"[8, 512, 0, 0, 0, 0, 0, 0, 0, 0, 0, 0, 0, 0, 0, 8, 512, 0, 0, 0, 0, 0, 0, 0, 0, 0, 0, 0, 0, 0]",1,128,512.0,12288.0,24895953754,24909028837,25742460237,25742462669,0,640,640,-1,1,13075083,2432,96,64,64,3
12,3,"[8, 512, 0, 0, 0, 0, 0, 0, 0, 0, 0, 0, 0, 0, 0, 8, 512, 0, 0, 0, 0, 0, 0, 0, 0, 0, 0, 0, 0, 0]",1,128,512.0,12288.0,24909106074,24909136842,25742463309,25742465773,0,672,672,-1,1,30768,2464,96,64,64,3
16,3,"[8, 512, 0, 0, 0, 0, 0, 0, 0, 0, 0, 0, 0, 0, 0, 4, 0, 0, 0, 0, 0, 0, 0, 0, 0, 0, 0, 0, 0, 0]",1,128,512.0,8196.0,24909211329,24911119274,25742466445,25742468845,0,672,672,-1,1,1907945,2400,96,64,64,3
12,3,"[8, 512, 0, 0, 0, 0, 0, 0, 0, 0, 0, 0, 0, 0, 0, 8, 512, 0, 0, 0, 0, 0, 0, 0, 0, 0, 0, 0, 0, 0]",1,128,512.0,12288.0,24911194159,24911201731,25742469517,25742471949,0,672,672,-1,1,7572,2432,96,64,64,3
12,3,"[8, 512, 0, 0, 0, 0, 0, 0, 0, 0, 0, 0, 0, 0, 0, 8, 512, 0, 0, 0, 0, 0, 0, 0, 0, 0, 0, 0, 0, 0]",1,128,512.0,12288.0,24911274130,24911281682,25742472621,25742475085,0,640,640,-1,1,7552,2464,96,64,64,3
16,3,"[8, 512, 0, 0, 0, 0, 0, 0, 0, 0, 0, 0, 0, 0, 0, 4, 0, 0, 0, 0, 0, 0, 0, 0, 0, 0, 0, 0, 0, 0]",1,128,512.0,8196.0,24911356304,24911365644,25742475725,25742478285,0,704,704,-1,1,9340,2560,96,64,64,3
12,3,"[8, 512, 0, 0, 0, 0, 0, 0, 0, 0, 0, 0, 0, 0, 0, 8, 512, 0, 0, 0, 0, 0, 0, 0, 0, 0, 0, 0, 0, 0]",1,128,512.0,12288.0,24911438179,24926983907,25742478989,25742481421,0,672,672,-1,1,15545728,2432,96,64,64,3
12,3,"[8, 512, 0, 0, 0, 0, 0, 0, 0, 0, 0, 0, 0, 0, 0, 8, 512, 0, 0, 0, 0, 0, 0, 0, 0, 0, 0, 0, 0, 0]",1,128,512.0,12288.0,24927060876,24942726561,25742482093,25742484525,0,672,672,-1,1,15665685,2432,96,64,64,3
16,3,"[8, 2048, 512, 0, 0, 0, 0, 0, 0, 0, 0, 0, 0, 0, 0, 4, 0, 0, 0, 0, 0, 0, 0, 0, 0, 0, 0, 0, 0, 0]",2048,128,1048576.0,16777220.0,24942818666,24942831598,25742485197,25742555980,0,704,704,-1,1,12932,70783,96,64,64,3
12,3,"[8, 2048, 512, 0, 0, 0, 0, 0, 0, 0, 0, 0, 0, 0, 0, 8, 2048, 512, 0, 0, 0, 0, 0, 0, 0, 0, 0, 0, 0, 0]",2048,128,1048576.0,25165824.0,24942907984,24942916122,25742556684,25742666506,0,640,640,-1,1,8138,109822,96,64,64,3
12,3,"[8, 2048, 512, 0, 0, 0, 0, 0, 0, 0, 0, 0, 0, 0, 0, 8, 2048, 512, 0, 0, 0, 0, 0, 0, 0, 0, 0, 0, 0, 0]",2048,128,1048576.0,25165824.0,24942989235,24943021684,25742667146,25742776041,0,671,671,-1,1,32449,108895,96,64,64,3
16,3,"[8, 2048, 0, 0, 0, 0, 0, 0, 0, 0, 0, 0, 0, 0, 0, 4, 0, 0, 0, 0, 0, 0, 0, 0, 0, 0, 0, 0, 0, 0]",4,128,2048.0,32772.0,24943094951,24943103094,25742776712,25742779689,0,607,607,-1,1,8143,2977,96,64,64,3
12,3,"[8, 2048, 0, 0, 0, 0, 0, 0, 0, 0, 0, 0, 0, 0, 0, 8, 2048, 0, 0, 0, 0, 0, 0, 0, 0, 0, 0, 0, 0, 0]",4,128,2048.0,49152.0,24943175662,24943183431,25742780296,25742783240,0,704,704,-1,1,7769,2944,96,64,64,3
12,3,"[8, 2048, 0, 0, 0, 0, 0, 0, 0, 0, 0, 0, 0, 0, 0, 8, 2048, 0, 0, 0, 0, 0, 0, 0, 0, 0, 0, 0, 0, 0]",4,128,2048.0,49152.0,24943255466,24943262904,25742783944,25742786408,0,640,640,-1,1,7438,2464,96,64,64,3
16,3,"[8, 512, 2048, 0, 0, 0, 0, 0, 0, 0, 0, 0, 0, 0, 0, 4, 0, 0, 0, 0, 0, 0, 0, 0, 0, 0, 0, 0, 0, 0]",2048,128,1048576.0,16777220.0,24943334523,24943342498,25742787048,25742858311,0,704,704,-1,1,7975,71263,96,64,64,3
12,3,"[8, 512, 2048, 0, 0, 0, 0, 0, 0, 0, 0, 0, 0, 0, 0, 8, 512, 2048, 0, 0, 0, 0, 0, 0, 0, 0, 0, 0, 0, 0]",2048,128,1048576.0,25165824.0,24943413646,24943420944,25742859015,25742967845,0,673,673,-1,1,7298,108830,96,64,64,3
12,3,"[8, 512, 2048, 0, 0, 0, 0, 0, 0, 0, 0, 0, 0, 0, 0, 8, 512, 2048, 0, 0, 0, 0, 0, 0, 0, 0, 0, 0, 0, 0]",2048,128,1048576.0,25165824.0,24943494631,24944813819,25742968518,25743077604,0,672,672,-1,1,1319188,109086,96,64,64,3
16,3,"[8, 512, 0, 0, 0, 0, 0, 0, 0, 0, 0, 0, 0, 0, 0, 4, 0, 0, 0, 0, 0, 0, 0, 0, 0, 0, 0, 0, 0, 0]",1,128,512.0,8196.0,24944892018,24945184500,25743078276,25743081188,0,672,672,-1,1,292482,2912,96,64,64,3
12,3,"[8, 512, 0, 0, 0, 0, 0, 0, 0, 0, 0, 0, 0, 0, 0, 8, 512, 0, 0, 0, 0, 0, 0, 0, 0, 0, 0, 0, 0, 0]",1,128,512.0,12288.0,24945261163,24945268930,25743081860,25743084644,0,672,672,-1,1,7767,2784,96,64,64,3
12,3,"[8, 512, 0, 0, 0, 0, 0, 0, 0, 0, 0, 0, 0, 0, 0, 8, 512, 0, 0, 0, 0, 0, 0, 0, 0, 0, 0, 0, 0, 0]",1,128,512.0,12288.0,24945342048,24945349841,25743085316,25743087748,0,640,640,-1,1,7793,2432,96,64,64,3
16,3,"[8, 512, 1, 1, 0, 0, 0, 0, 0, 0, 0, 0, 0, 0, 0, 4, 0, 0, 0, 0, 0, 0, 0, 0, 0, 0, 0, 0, 0, 0]",1,128,512.0,8196.0,24945422573,24945430214,25743088388,25743090787,0,737,737,-1,1,7641,2399,96,64,64,3
12,3,"[8, 512, 1, 1, 0, 0, 0, 0, 0, 0, 0, 0, 0, 0, 0, 8, 512, 1, 1, 0, 0, 0, 0, 0, 0, 0, 0, 0, 0, 0]",1,128,512.0,12288.0,24945503196,24945510686,25743091524,25743093924,0,672,672,-1,1,7490,2400,96,64,64,3
12,3,"[8, 512, 1, 1, 0, 0, 0, 0, 0, 0, 0, 0, 0, 0, 0, 8, 512, 1, 1, 0, 0, 0, 0, 0, 0, 0, 0, 0, 0, 0]",1,128,512.0,12288.0,24945582953,24945590188,25743094596,25743097060,0,607,607,-1,1,7235,2464,96,64,64,3
16,3,"[8, 512, 1, 7, 7, 0, 0, 0, 0, 0, 0, 0, 0, 0, 0, 4, 0, 0, 0, 0, 0, 0, 0, 0, 0, 0, 0, 0, 0, 0]",49,128,25088.0,401412.0,24945663084,24945671374,25743097667,25743101252,0,607,607,-1,1,8290,3585,96,64,64,3
12,3,"[8, 512, 1, 7, 7, 0, 0, 0, 0, 0, 0, 0, 0, 0, 0, 8, 512, 1, 7, 7, 0, 0, 0, 0, 0, 0, 0, 0, 0, 0]",49,128,25088.0,602112.0,24945745313,24945752781,25743101859,25743105475,0,576,576,-1,1,7468,3616,96,64,64,3
12,3,"[8, 512, 1, 7, 7, 0, 0, 0, 0, 0, 0, 0, 0, 0, 0, 8, 512, 1, 7, 7, 0, 0, 0, 0, 0, 0, 0, 0, 0, 0]",49,128,25088.0,602112.0,24945828908,24945836190,25743106051,25743109475,0,608,608,-1,1,7282,3424,96,64,64,3
16,3,"[8, 512, 0, 0, 0, 0, 0, 0, 0, 0, 0, 0, 0, 0, 0, 4, 0, 0, 0, 0, 0, 0, 0, 0, 0, 0, 0, 0, 0, 0]",1,128,512.0,8196.0,24945910199,24945917955,25743110083,25743112483,0,672,672,-1,1,7756,2400,96,64,64,3
12,3,"[8, 512, 0, 0, 0, 0, 0, 0, 0, 0, 0, 0, 0, 0, 0, 8, 512, 0, 0, 0, 0, 0, 0, 0, 0, 0, 0, 0, 0, 0]",1,128,512.0,12288.0,24945993348,24946000892,25743113155,25743115587,0,704,704,-1,1,7544,2432,96,64,64,3
12,3,"[8, 512, 0, 0, 0, 0, 0, 0, 0, 0, 0, 0, 0, 0, 0, 8, 512, 0, 0, 0, 0, 0, 0, 0, 0, 0, 0, 0, 0, 0]",1,128,512.0,12288.0,24946072813,24946080139,25743116291,25743118723,0,640,640,-1,1,7326,2432,96,64,64,3
16,3,"[8, 512, 0, 0, 0, 0, 0, 0, 0, 0, 0, 0, 0, 0, 0, 4, 0, 0, 0, 0, 0, 0, 0, 0, 0, 0, 0, 0, 0, 0]",1,128,512.0,8196.0,24946151169,24946158529,25743119363,25743121763,0,672,672,-1,1,7360,2400,96,64,64,3
12,3,"[8, 512, 0, 0, 0, 0, 0, 0, 0, 0, 0, 0, 0, 0, 0, 8, 512, 0, 0, 0, 0, 0, 0, 0, 0, 0, 0, 0, 0, 0]",1,128,512.0,12288.0,24946357529,24946367423,25743122435,25743124899,0,672,672,-1,1,9894,2464,96,64,64,3
12,3,"[8, 512, 0, 0, 0, 0, 0, 0, 0, 0, 0, 0, 0, 0, 0, 8, 512, 0, 0, 0, 0, 0, 0, 0, 0, 0, 0, 0, 0, 0]",1,128,512.0,12288.0,24946450213,24946458318,25743125571,25743128003,0,672,672,-1,1,8105,2432,96,64,64,3
16,3,"[8, 512, 0, 0, 0, 0, 0, 0, 0, 0, 0, 0, 0, 0, 0, 4, 0, 0, 0, 0, 0, 0, 0, 0, 0, 0, 0, 0, 0, 0]",1,128,512.0,8196.0,24946534347,24959449594,25743128675,25743131075,0,704,704,-1,1,12915247,2400,96,64,64,3
12,3,"[8, 512, 0, 0, 0, 0, 0, 0, 0, 0, 0, 0, 0, 0, 0, 8, 512, 0, 0, 0, 0, 0, 0, 0, 0, 0, 0, 0, 0, 0]",1,128,512.0,12288.0,24959525868,24972612004,25743131779,25743134211,0,640,640,-1,1,13086136,2432,96,64,64,3
12,3,"[8, 512, 0, 0, 0, 0, 0, 0, 0, 0, 0, 0, 0, 0, 0, 8, 512, 0, 0, 0, 0, 0, 0, 0, 0, 0, 0, 0, 0, 0]",1,128,512.0,12288.0,24972687257,24972719322,25743134851,25743137315,0,672,672,-1,1,32065,2464,96,64,64,3
16,3,"[8, 2048, 512, 0, 0, 0, 0, 0, 0, 0, 0, 0, 0, 0, 0, 4, 0, 0, 0, 0, 0, 0, 0, 0, 0, 0, 0, 0, 0, 0]",2048,128,1048576.0,16777220.0,24972795632,24974702142,25743137987,25743209474,0,576,576,-1,1,1906510,71487,96,64,64,3
12,3,"[8, 2048, 512, 0, 0, 0, 0, 0, 0, 0, 0, 0, 0, 0, 0, 8, 2048, 512, 0, 0, 0, 0, 0, 0, 0, 0, 0, 0, 0, 0]",2048,128,1048576.0,25165824.0,24974778921,24974786812,25743210050,25743318816,0,672,672,-1,1,7891,108766,96,64,64,3
12,3,"[8, 2048, 512, 0, 0, 0, 0, 0, 0, 0, 0, 0, 0, 0, 0, 8, 2048, 512, 0, 0, 0, 0, 0, 0, 0, 0, 0, 0, 0, 0]",2048,128,1048576.0,25165824.0,24974859487,24974867201,25743319488,25743428927,0,639,639,-1,1,7714,109439,96,64,64,3
16,3,"[8, 2048, 0, 0, 0, 0, 0, 0, 0, 0, 0, 0, 0, 0, 0, 4, 0, 0, 0, 0, 0, 0, 0, 0, 0, 0, 0, 0, 0, 0]",4,128,2048.0,32772.0,24974942972,24974950947,25743429566,25743432478,0,672,672,-1,1,7975,2912,96,64,64,3
12,3,"[8, 2048, 0, 0, 0, 0, 0, 0, 0, 0, 0, 0, 0, 0, 0, 8, 2048, 0, 0, 0, 0, 0, 0, 0, 0, 0, 0, 0, 0, 0]",4,128,2048.0,49152.0,24975022891,24990571865,25743433150,25743435935,0,671,671,-1,1,15548974,2785,96,64,64,3
12,3,"[8, 2048, 0, 0, 0, 0, 0, 0, 0, 0, 0, 0, 0, 0, 0, 8, 2048, 0, 0, 0, 0, 0, 0, 0, 0, 0, 0, 0, 0, 0]",4,128,2048.0,49152.0,24990658702,25006311790,25743436606,25743439070,0,608,608,-1,1,15653088,2464,96,64,64,3
16,3,"[8, 512, 2048, 0, 0, 0, 0, 0, 0, 0, 0, 0, 0, 0, 0, 4, 0, 0, 0, 0, 0, 0, 0, 0, 0, 0, 0, 0, 0, 0]",2048,128,1048576.0,16777220.0,25006390572,25006416530,25743439678,25743511005,0,608,608,-1,1,25958,71327,96,64,64,3
12,3,"[8, 512, 2048, 0, 0, 0, 0, 0, 0, 0, 0, 0, 0, 0, 0, 8, 512, 2048, 0, 0, 0, 0, 0, 0, 0, 0, 0, 0, 0, 0]",2048,128,1048576.0,25165824.0,25006492208,25006500322,25743511613,25743622395,0,576,576,-1,1,8114,110782,96,64,64,3
12,3,"[8, 512, 2048, 0, 0, 0, 0, 0, 0, 0, 0, 0, 0, 0, 0, 8, 512, 2048, 0, 0, 0, 0, 0, 0, 0, 0, 0, 0, 0, 0]",2048,128,1048576.0,25165824.0,25006573940,25006607399,25743622971,25743732410,0,704,704,-1,1,33459,109439,96,64,64,3
16,3,"[8, 512, 0, 0, 0, 0, 0, 0, 0, 0, 0, 0, 0, 0, 0, 4, 0, 0, 0, 0, 0, 0, 0, 0, 0, 0, 0, 0, 0, 0]",1,128,512.0,8196.0,25006679673,25006687619,25743733114,25743736058,0,704,704,-1,1,7946,2944,96,64,64,3
12,3,"[8, 512, 0, 0, 0, 0, 0, 0, 0, 0, 0, 0, 0, 0, 0, 8, 512, 0, 0, 0, 0, 0, 0, 0, 0, 0, 0, 0, 0, 0]",1,128,512.0,12288.0,25006759552,25006766970,25743736762,25743739514,0,639,639,-1,1,7418,2752,96,64,64,3
12,3,"[8, 512, 0, 0, 0, 0, 0, 0, 0, 0, 0, 0, 0, 0, 0, 8, 512, 0, 0, 0, 0, 0, 0, 0, 0, 0, 0, 0, 0, 0]",1,128,512.0,12288.0,25006838114,25006845219,25743740153,25743742650,0,704,704,-1,1,7105,2497,96,64,64,3
16,3,"[8, 512, 1, 1, 0, 0, 0, 0, 0, 0, 0, 0, 0, 0, 0, 4, 0, 0, 0, 0, 0, 0, 0, 0, 0, 0, 0, 0, 0, 0]",1,128,512.0,8196.0,25006917709,25006925372,25743743354,25743745753,0,673,673,-1,1,7663,2399,96,64,64,3
12,3,"[8, 512, 1, 1, 0, 0, 0, 0, 0, 0, 0, 0, 0, 0, 0, 8, 512, 1, 1, 0, 0, 0, 0, 0, 0, 0, 0, 0, 0, 0]",1,128,512.0,12288.0,25006998317,25007005678,25743746426,25743748857,0,704,704,-1,1,7361,2431,96,64,64,3
12,3,"[8, 512, 1, 1, 0, 0, 0, 0, 0, 0, 0, 0, 0, 0, 0, 8, 512, 1, 1, 0, 0, 0, 0, 0, 0, 0, 0, 0, 0, 0]",1,128,512.0,12288.0,25007079787,25008400211,25743749561,25743751994,0,639,639,-1,1,1320424,2433,96,64,64,3
16,3,"[8, 512, 1, 7, 7, 0, 0, 0, 0, 0, 0, 0, 0, 0, 0, 4, 0, 0, 0, 0, 0, 0, 0, 0, 0, 0, 0, 0, 0, 0]",49,128,25088.0,401412.0,25008477330,25008771553,25743752633,25743756441,0,737,737,-1,1,294223,3808,96,64,64,3
12,3,"[8, 512, 1, 7, 7, 0, 0, 0, 0, 0, 0, 0, 0, 0, 0, 8, 512, 1, 7, 7, 0, 0, 0, 0, 0, 0, 0, 0, 0, 0]",49,128,25088.0,602112.0,25008846699,25008854627,25743757178,25743760601,0,608,608,-1,1,7928,3423,96,64,64,3
12,3,"[8, 512, 1, 7, 7, 0, 0, 0, 0, 0, 0, 0, 0, 0, 0, 8, 512, 1, 7, 7, 0, 0, 0, 0, 0, 0, 0, 0, 0, 0]",49,128,25088.0,602112.0,25008928546,25008936379,25743761209,25743764729,0,640,640,-1,1,7833,3520,96,64,64,3
16,3,"[8, 512, 0, 0, 0, 0, 0, 0, 0, 0, 0, 0, 0, 0, 0, 4, 0, 0, 0, 0, 0, 0, 0, 0, 0, 0, 0, 0, 0, 0]",1,128,512.0,8196.0,25009010322,25009018307,25743765369,25743767769,0,672,672,-1,1,7985,2400,96,64,64,3
12,3,"[8, 512, 0, 0, 0, 0, 0, 0, 0, 0, 0, 0, 0, 0, 0, 8, 512, 0, 0, 0, 0, 0, 0, 0, 0, 0, 0, 0, 0, 0]",1,128,512.0,12288.0,25009092243,25009099579,25743768441,25743770905,0,736,736,-1,1,7336,2464,96,64,64,3
12,3,"[8, 512, 0, 0, 0, 0, 0, 0, 0, 0, 0, 0, 0, 0, 0, 8, 512, 0, 0, 0, 0, 0, 0, 0, 0, 0, 0, 0, 0, 0]",1,128,512.0,12288.0,25009171543,25009179006,25743771641,25743774073,0,640,640,-1,1,7463,2432,96,64,64,3
16,3,"[8, 512, 0, 0, 0, 0, 0, 0, 0, 0, 0, 0, 0, 0, 0, 4, 0, 0, 0, 0, 0, 0, 0, 0, 0, 0, 0, 0, 0, 0]",1,128,512.0,8196.0,25009252610,25009260798,25743774713,25743777145,0,704,704,-1,1,8188,2432,96,64,64,3
12,3,"[8, 512, 0, 0, 0, 0, 0, 0, 0, 0, 0, 0, 0, 0, 0, 8, 512, 0, 0, 0, 0, 0, 0, 0, 0, 0, 0, 0, 0, 0]",1,128,512.0,12288.0,25009332704,25009340145,25743777849,25743780249,0,672,672,-1,1,7441,2400,96,64,64,3
12,3,"[8, 512, 0, 0, 0, 0, 0, 0, 0, 0, 0, 0, 0, 0, 0, 8, 512, 0, 0, 0, 0, 0, 0, 0, 0, 0, 0, 0, 0, 0]",1,128,512.0,12288.0,25009410765,25009417821,25743780921,25743783385,0,672,672,-1,1,7056,2464,96,64,64,3
16,3,"[8, 512, 0, 0, 0, 0, 0, 0, 0, 0, 0, 0, 0, 0, 0, 4, 0, 0, 0, 0, 0, 0, 0, 0, 0, 0, 0, 0, 0, 0]",1,128,512.0,8196.0,25009488467,25009497596,25743784057,25743786425,0,704,704,-1,1,9129,2368,96,64,64,3
12,3,"[8, 512, 0, 0, 0, 0, 0, 0, 0, 0, 0, 0, 0, 0, 0, 8, 512, 0, 0, 0, 0, 0, 0, 0, 0, 0, 0, 0, 0, 0]",1,128,512.0,12288.0,25009569230,25009576516,25743787129,25743789593,0,736,736,-1,1,7286,2464,96,64,64,3
12,3,"[8, 512, 0, 0, 0, 0, 0, 0, 0, 0, 0, 0, 0, 0, 0, 8, 512, 0, 0, 0, 0, 0, 0, 0, 0, 0, 0, 0, 0, 0]",1,128,512.0,12288.0,25009648979,25009656070,25743790329,25743792761,0,640,640,-1,1,7091,2432,96,64,64,3
16,3,"[8, 2048, 512, 0, 0, 0, 0, 0, 0, 0, 0, 0, 0, 0, 0, 4, 0, 0, 0, 0, 0, 0, 0, 0, 0, 0, 0, 0, 0, 0]",2048,128,1048576.0,16777220.0,25009727930,25009735704,25743793401,25743864344,0,608,608,-1,1,7774,70943,96,64,64,3
12,3,"[8, 2048, 512, 0, 0, 0, 0, 0, 0, 0, 0, 0, 0, 0, 0, 8, 2048, 512, 0, 0, 0, 0, 0, 0, 0, 0, 0, 0, 0, 0]",2048,128,1048576.0,25165824.0,25009808347,25009815673,25743864952,25743976118,0,640,640,-1,1,7326,111166,96,64,64,3
12,3,"[8, 2048, 512, 0, 0, 0, 0, 0, 0, 0, 0, 0, 0, 0, 0, 8, 2048, 512, 0, 0, 0, 0, 0, 0, 0, 0, 0, 0, 0, 0]",2048,128,1048576.0,25165824.0,25009888149,25009895397,25743976758,25744084885,0,735,735,-1,1,7248,108127,96,64,64,3
16,3,"[8, 2048, 0, 0, 0, 0, 0, 0, 0, 0, 0, 0, 0, 0, 0, 4, 0, 0, 0, 0, 0, 0, 0, 0, 0, 0, 0, 0, 0, 0]",4,128,2048.0,32772.0,25009966161,25024982655,25744085620,25744088532,0,672,672,-1,1,15016494,2912,96,64,64,3
12,3,"[8, 2048, 0, 0, 0, 0, 0, 0, 0, 0, 0, 0, 0, 0, 0, 8, 2048, 0, 0, 0, 0, 0, 0, 0, 0, 0, 0, 0, 0, 0]",4,128,2048.0,49152.0,25025059102,25038147048,25744089204,25744092052,0,672,672,-1,1,13087946,2848,96,64,64,3
12,3,"[8, 2048, 0, 0, 0, 0, 0, 0, 0, 0, 0, 0, 0, 0, 0, 8, 2048, 0, 0, 0, 0, 0, 0, 0, 0, 0, 0, 0, 0, 0]",4,128,2048.0,49152.0,25038230809,25038255038,25744092724,25744095188,0,608,608,-1,1,24229,2464,96,64,64,3
16,3,"[8, 512, 2048, 0, 0, 0, 0, 0, 0, 0, 0, 0, 0, 0, 0, 4, 0, 0, 0, 0, 0, 0, 0, 0, 0, 0, 0, 0, 0, 0]",2048,128,1048576.0,16777220.0,25038331075,25040237003,25744095796,25744167635,0,672,672,-1,1,1905928,71839,96,64,64,3
12,3,"[8, 512, 2048, 0, 0, 0, 0, 0, 0, 0, 0, 0, 0, 0, 0, 8, 512, 2048, 0, 0, 0, 0, 0, 0, 0, 0, 0, 0, 0, 0]",2048,128,1048576.0,25165824.0,25040314712,25040322527,25744168307,25744277841,0,640,640,-1,1,7815,109534,96,64,64,3
12,3,"[8, 512, 2048, 0, 0, 0, 0, 0, 0, 0, 0, 0, 0, 0, 0, 8, 512, 2048, 0, 0, 0, 0, 0, 0, 0, 0, 0, 0, 0, 0]",2048,128,1048576.0,25165824.0,25040396642,25040406638,25744278481,25744386768,0,672,672,-1,1,9996,108287,96,64,64,3
16,3,"[8, 512, 0, 0, 0, 0, 0, 0, 0, 0, 0, 0, 0, 0, 0, 4, 0, 0, 0, 0, 0, 0, 0, 0, 0, 0, 0, 0, 0, 0]",1,128,512.0,8196.0,25040481493,25040489496,25744387440,25744390320,0,704,704,-1,1,8003,2880,96,64,64,3
12,3,"[8, 512, 0, 0, 0, 0, 0, 0, 0, 0, 0, 0, 0, 0, 0, 8, 512, 0, 0, 0, 0, 0, 0, 0, 0, 0, 0, 0, 0, 0]",1,128,512.0,12288.0,25040698986,25056108727,25744391024,25744393936,0,672,672,-1,1,15409741,2912,96,64,64,3
12,3,"[8, 512, 0, 0, 0, 0, 0, 0, 0, 0, 0, 0, 0, 0, 0, 8, 512, 0, 0, 0, 0, 0, 0, 0, 0, 0, 0, 0, 0, 0]",1,128,512.0,12288.0,25056194868,25071845141,25744394608,25744397103,0,641,641,-1,1,15650273,2495,96,64,64,3
16,3,"[8, 512, 1, 1, 0, 0, 0, 0, 0, 0, 0, 0, 0, 0, 0, 4, 0, 0, 0, 0, 0, 0, 0, 0, 0, 0, 0, 0, 0, 0]",1,128,512.0,8196.0,25071927356,25071950079,25744397744,25744400143,0,608,608,-1,1,22723,2399,96,64,64,3
12,3,"[8, 512, 1, 1, 0, 0, 0, 0, 0, 0, 0, 0, 0, 0, 0, 8, 512, 1, 1, 0, 0, 0, 0, 0, 0, 0, 0, 0, 0, 0]",1,128,512.0,12288.0,25072025959,25072034240,25744400751,25744403184,0,639,639,-1,1,8281,2433,96,64,64,3
12,3,"[8, 512, 1, 1, 0, 0, 0, 0, 0, 0, 0, 0, 0, 0, 0, 8, 512, 1, 1, 0, 0, 0, 0, 0, 0, 0, 0, 0, 0, 0]",1,128,512.0,12288.0,25072108293,25072140522,25744403823,25744406287,0,608,608,-1,1,32229,2464,96,64,64,3
16,3,"[8, 512, 1, 7, 7, 0, 0, 0, 0, 0, 0, 0, 0, 0, 0, 4, 0, 0, 0, 0, 0, 0, 0, 0, 0, 0, 0, 0, 0, 0]",49,128,25088.0,401412.0,25072220960,25072230188,25744406895,25744410543,0,576,576,-1,1,9228,3648,96,64,64,3
12,3,"[8, 512, 1, 7, 7, 0, 0, 0, 0, 0, 0, 0, 0, 0, 0, 8, 512, 1, 7, 7, 0, 0, 0, 0, 0, 0, 0, 0, 0, 0]",49,128,25088.0,602112.0,25072304330,25072312498,25744411119,25744414511,0,672,672,-1,1,8168,3392,96,64,64,3
12,3,"[8, 512, 1, 7, 7, 0, 0, 0, 0, 0, 0, 0, 0, 0, 0, 8, 512, 1, 7, 7, 0, 0, 0, 0, 0, 0, 0, 0, 0, 0]",49,128,25088.0,602112.0,25072386611,25072393971,25744415183,25744418447,0,736,736,-1,1,7360,3264,96,64,64,3
16,3,"[8, 512, 0, 0, 0, 0, 0, 0, 0, 0, 0, 0, 0, 0, 0, 4, 0, 0, 0, 0, 0, 0, 0, 0, 0, 0, 0, 0, 0, 0]",1,128,512.0,8196.0,25072467071,25072474924,25744419183,25744421583,0,608,608,-1,1,7853,2400,96,64,64,3
12,3,"[8, 512, 0, 0, 0, 0, 0, 0, 0, 0, 0, 0, 0, 0, 0, 8, 512, 0, 0, 0, 0, 0, 0, 0, 0, 0, 0, 0, 0, 0]",1,128,512.0,12288.0,25072547845,25072557821,25744422191,25744424655,0,672,672,-1,1,9976,2464,96,64,64,3
12,3,"[8, 512, 0, 0, 0, 0, 0, 0, 0, 0, 0, 0, 0, 0, 0, 8, 512, 0, 0, 0, 0, 0, 0, 0, 0, 0, 0, 0, 0, 0]",1,128,512.0,12288.0,25072632395,25073933225,25744425327,25744427759,0,704,704,-1,1,1300830,2432,96,64,64,3
16,3,"[8, 512, 0, 0, 0, 0, 0, 0, 0, 0, 0, 0, 0, 0, 0, 4, 0, 0, 0, 0, 0, 0, 0, 0, 0, 0, 0, 0, 0, 0]",1,128,512.0,8196.0,25074007811,25074305331,25744428463,25744430863,0,672,672,-1,1,297520,2400,96,64,64,3
12,3,"[8, 512, 0, 0, 0, 0, 0, 0, 0, 0, 0, 0, 0, 0, 0, 8, 512, 0, 0, 0, 0, 0, 0, 0, 0, 0, 0, 0, 0, 0]",1,128,512.0,12288.0,25074378909,25074386530,25744431535,25744433967,0,704,704,-1,1,7621,2432,96,64,64,3
12,3,"[8, 512, 0, 0, 0, 0, 0, 0, 0, 0, 0, 0, 0, 0, 0, 8, 512, 0, 0, 0, 0, 0, 0, 0, 0, 0, 0, 0, 0, 0]",1,128,512.0,12288.0,25074457757,25074465602,25744434671,25744437103,0,640,640,-1,1,7845,2432,96,64,64,3
16,3,"[8, 512, 0, 0, 0, 0, 0, 0, 0, 0, 0, 0, 0, 0, 0, 4, 0, 0, 0, 0, 0, 0, 0, 0, 0, 0, 0, 0, 0, 0]",1,128,512.0,8196.0,25074539347,25074547213,25744437743,25744440143,0,672,672,-1,1,7866,2400,96,64,64,3
12,3,"[8, 512, 0, 0, 0, 0, 0, 0, 0, 0, 0, 0, 0, 0, 0, 8, 512, 0, 0, 0, 0, 0, 0, 0, 0, 0, 0, 0, 0, 0]",1,128,512.0,12288.0,25074619078,25074626525,25744440815,25744443279,0,672,672,-1,1,7447,2464,96,64,64,3
12,3,"[8, 512, 0, 0, 0, 0, 0, 0, 0, 0, 0, 0, 0, 0, 0, 8, 512, 0, 0, 0, 0, 0, 0, 0, 0, 0, 0, 0, 0, 0]",1,128,512.0,12288.0,25074697709,25074705359,25744443951,25744446415,0,608,608,-1,1,7650,2464,96,64,64,3
16,3,"[8, 2048, 512, 0, 0, 0, 0, 0, 0, 0, 0, 0, 0, 0, 0, 4, 0, 0, 0, 0, 0, 0, 0, 0, 0, 0, 0, 0, 0, 0]",2048,128,1048576.0,16777220.0,25074777365,25074785381,25744447023,25744518542,0,672,672,-1,1,8016,71519,96,64,64,3
12,3,"[8, 2048, 512, 0, 0, 0, 0, 0, 0, 0, 0, 0, 0, 0, 0, 8, 2048, 512, 0, 0, 0, 0, 0, 0, 0, 0, 0, 0, 0, 0]",2048,128,1048576.0,25165824.0,25074857597,25074864774,25744519214,25744629004,0,736,736,-1,1,7177,109790,96,64,64,3
12,3,"[8, 2048, 512, 0, 0, 0, 0, 0, 0, 0, 0, 0, 0, 0, 0, 8, 2048, 512, 0, 0, 0, 0, 0, 0, 0, 0, 0, 0, 0, 0]",2048,128,1048576.0,25165824.0,25074937082,25074944005,25744629740,25744738378,0,672,672,-1,1,6923,108638,96,64,64,3
16,3,"[8, 2048, 0, 0, 0, 0, 0, 0, 0, 0, 0, 0, 0, 0, 0, 4, 0, 0, 0, 0, 0, 0, 0, 0, 0, 0, 0, 0, 0, 0]",4,128,2048.0,32772.0,25075016476,25075025661,25744739050,25744741994,0,640,640,-1,1,9185,2944,96,64,64,3
12,3,"[8, 2048, 0, 0, 0, 0, 0, 0, 0, 0, 0, 0, 0, 0, 0, 8, 2048, 0, 0, 0, 0, 0, 0, 0, 0, 0, 0, 0, 0, 0]",4,128,2048.0,49152.0,25075097551,25075105159,25744742634,25744745418,0,672,672,-1,1,7608,2784,96,64,64,3
12,3,"[8, 2048, 0, 0, 0, 0, 0, 0, 0, 0, 0, 0, 0, 0, 0, 8, 2048, 0, 0, 0, 0, 0, 0, 0, 0, 0, 0, 0, 0, 0]",4,128,2048.0,49152.0,25075176202,25075183695,25744746090,25744748554,0,672,672,-1,1,7493,2464,96,64,64,3
16,3,"[8, 512, 2048, 0, 0, 0, 0, 0, 0, 0, 0, 0, 0, 0, 0, 4, 0, 0, 0, 0, 0, 0, 0, 0, 0, 0, 0, 0, 0, 0]",2048,128,1048576.0,16777220.0,25075255456,25075262868,25744749226,25744820489,0,608,608,-1,1,7412,71263,96,64,64,3
12,3,"[8, 512, 2048, 0, 0, 0, 0, 0, 0, 0, 0, 0, 0, 0, 0, 8, 512, 2048, 0, 0, 0, 0, 0, 0, 0, 0, 0, 0, 0, 0]",2048,128,1048576.0,25165824.0,25075335067,25075342330,25744821097,25744930535,0,576,576,-1,1,7263,109438,96,64,64,3
12,3,"[8, 512, 2048, 0, 0, 0, 0, 0, 0, 0, 0, 0, 0, 0, 0, 8, 512, 2048, 0, 0, 0, 0, 0, 0, 0, 0, 0, 0, 0, 0]",2048,128,1048576.0,25165824.0,25075413820,25075420996,25744931111,25745040486,0,576,576,-1,1,7176,109375,96,64,64,3
16,3,"[8, 512, 0, 0, 0, 0, 0, 0, 0, 0, 0, 0, 0, 0, 0, 4, 0, 0, 0, 0, 0, 0, 0, 0, 0, 0, 0, 0, 0, 0]",1,128,512.0,8196.0,25075492217,25090470853,25745041062,25745043974,0,608,608,-1,1,14978636,2912,96,64,64,3
12,3,"[8, 512, 0, 0, 0, 0, 0, 0, 0, 0, 0, 0, 0, 0, 0, 8, 512, 0, 0, 0, 0, 0, 0, 0, 0, 0, 0, 0, 0, 0]",1,128,512.0,12288.0,25090554974,25103636223,25745044582,25745047398,0,639,639,-1,1,13081249,2816,96,64,64,3
12,3,"[8, 512, 0, 0, 0, 0, 0, 0, 0, 0, 0, 0, 0, 0, 0, 8, 512, 0, 0, 0, 0, 0, 0, 0, 0, 0, 0, 0, 0, 0]",1,128,512.0,12288.0,25103718202,25103742937,25745048037,25745050726,0,576,576,-1,1,24735,2689,96,64,64,3
16,3,"[8, 512, 1, 1, 0, 0, 0, 0, 0, 0, 0, 0, 0, 0, 0, 4, 0, 0, 0, 0, 0, 0, 0, 0, 0, 0, 0, 0, 0, 0]",1,128,512.0,8196.0,25103821027,25105726275,25745051302,25745053765,0,672,672,-1,1,1905248,2463,96,64,64,3
12,3,"[8, 512, 1, 1, 0, 0, 0, 0, 0, 0, 0, 0, 0, 0, 0, 8, 512, 1, 1, 0, 0, 0, 0, 0, 0, 0, 0, 0, 0, 0]",1,128,512.0,12288.0,25105804129,25105812314,25745054437,25745056869,0,640,640,-1,1,8185,2432,96,64,64,3
12,3,"[8, 512, 1, 1, 0, 0, 0, 0, 0, 0, 0, 0, 0, 0, 0, 8, 512, 1, 1, 0, 0, 0, 0, 0, 0, 0, 0, 0, 0, 0]",1,128,512.0,12288.0,25105885925,25105896225,25745057509,25745059973,0,608,608,-1,1,10300,2464,96,64,64,3
16,3,"[8, 512, 1, 7, 7, 0, 0, 0, 0, 0, 0, 0, 0, 0, 0, 4, 0, 0, 0, 0, 0, 0, 0, 0, 0, 0, 0, 0, 0, 0]",49,128,25088.0,401412.0,25105973092,25105981143,25745060581,25745064069,0,576,576,-1,1,8051,3488,96,64,64,3
12,3,"[8, 512, 1, 7, 7, 0, 0, 0, 0, 0, 0, 0, 0, 0, 0, 8, 512, 1, 7, 7, 0, 0, 0, 0, 0, 0, 0, 0, 0, 0]",49,128,25088.0,602112.0,25106054866,25121591446,25745064645,25745068197,0,640,640,-1,1,15536580,3552,96,64,64,3
12,3,"[8, 512, 1, 7, 7, 0, 0, 0, 0, 0, 0, 0, 0, 0, 0, 8, 512, 1, 7, 7, 0, 0, 0, 0, 0, 0, 0, 0, 0, 0]",49,128,25088.0,602112.0,25121669587,25137332335,25745068837,25745072293,0,640,640,-1,1,15662748,3456,96,64,64,3
16,3,"[8, 512, 0, 0, 0, 0, 0, 0, 0, 0, 0, 0, 0, 0, 0, 4, 0, 0, 0, 0, 0, 0, 0, 0, 0, 0, 0, 0, 0, 0]",1,128,512.0,8196.0,25137424276,25137438049,25745072933,25745075333,0,672,672,-1,1,13773,2400,96,64,64,3
12,3,"[8, 512, 0, 0, 0, 0, 0, 0, 0, 0, 0, 0, 0, 0, 0, 8, 512, 0, 0, 0, 0, 0, 0, 0, 0, 0, 0, 0, 0, 0]",1,128,512.0,12288.0,25137513093,25137521131,25745076005,25745078437,0,704,704,-1,1,8038,2432,96,64,64,3
12,3,"[8, 512, 0, 0, 0, 0, 0, 0, 0, 0, 0, 0, 0, 0, 0, 8, 512, 0, 0, 0, 0, 0, 0, 0, 0, 0, 0, 0, 0, 0]",1,128,512.0,12288.0,25137594786,25137627895,25745079141,25745081573,0,640,640,-1,1,33109,2432,96,64,64,3
16,3,"[8, 512, 0, 0, 0, 0, 0, 0, 0, 0, 0, 0, 0, 0, 0, 4, 0, 0, 0, 0, 0, 0, 0, 0, 0, 0, 0, 0, 0, 0]",1,128,512.0,8196.0,25137701895,25137710431,25745082213,25745084645,0,576,576,-1,1,8536,2432,96,64,64,3
12,3,"[8, 512, 0, 0, 0, 0, 0, 0, 0, 0, 0, 0, 0, 0, 0, 8, 512, 0, 0, 0, 0, 0, 0, 0, 0, 0, 0, 0, 0, 0]",1,128,512.0,12288.0,25137784063,25137791508,25745085221,25745087685,0,608,608,-1,1,7445,2464,96,64,64,3
12,3,"[8, 512, 0, 0, 0, 0, 0, 0, 0, 0, 0, 0, 0, 0, 0, 8, 512, 0, 0, 0, 0, 0, 0, 0, 0, 0, 0, 0, 0, 0]",1,128,512.0,12288.0,25137864771,25137872309,25745088293,25745090757,0,672,672,-1,1,7538,2464,96,64,64,3
16,3,"[8, 512, 0, 0, 0, 0, 0, 0, 0, 0, 0, 0, 0, 0, 0, 4, 0, 0, 0, 0, 0, 0, 0, 0, 0, 0, 0, 0, 0, 0]",1,128,512.0,8196.0,25138075416,25138085954,25745091429,25745093797,0,704,704,-1,1,10538,2368,96,64,64,3
12,3,"[8, 512, 0, 0, 0, 0, 0, 0, 0, 0, 0, 0, 0, 0, 0, 8, 512, 0, 0, 0, 0, 0, 0, 0, 0, 0, 0, 0, 0, 0]",1,128,512.0,12288.0,25138172166,25138180976,25745094501,25745096965,0,672,672,-1,1,8810,2464,96,64,64,3
12,3,"[8, 512, 0, 0, 0, 0, 0, 0, 0, 0, 0, 0, 0, 0, 0, 8, 512, 0, 0, 0, 0, 0, 0, 0, 0, 0, 0, 0, 0, 0]",1,128,512.0,12288.0,25138255601,25139421892,25745097637,25745100069,0,639,639,-1,1,1166291,2432,96,64,64,3
16,3,"[8, 2048, 512, 0, 0, 0, 0, 0, 0, 0, 0, 0, 0, 0, 0, 4, 0, 0, 0, 0, 0, 0, 0, 0, 0, 0, 0, 0, 0, 0]",2048,128,1048576.0,16777220.0,25139497785,25139794645,25745100708,25745171972,0,607,607,-1,1,296860,71264,96,64,64,3
12,3,"[8, 2048, 512, 0, 0, 0, 0, 0, 0, 0, 0, 0, 0, 0, 0, 8, 2048, 512, 0, 0, 0, 0, 0, 0, 0, 0, 0, 0, 0, 0]",2048,128,1048576.0,25165824.0,25139870075,25139877950,25745172579,25745282626,0,672,672,-1,1,7875,110047,96,64,64,3
12,3,"[8, 2048, 512, 0, 0, 0, 0, 0, 0, 0, 0, 0, 0, 0, 0, 8, 2048, 512, 0, 0, 0, 0, 0, 0, 0, 0, 0, 0, 0, 0]",2048,128,1048576.0,25165824.0,25139950676,25139958324,25745283298,25745392192,0,640,640,-1,1,7648,108894,96,64,64,3
16,3,"[8, 2048, 0, 0, 0, 0, 0, 0, 0, 0, 0, 0, 0, 0, 0, 4, 0, 0, 0, 0, 0, 0, 0, 0, 0, 0, 0, 0, 0, 0]",4,128,2048.0,32772.0,25140030914,25140038637,25745392832,25745395744,0,704,704,-1,1,7723,2912,96,64,64,3
12,3,"[8, 2048, 0, 0, 0, 0, 0, 0, 0, 0, 0, 0, 0, 0, 0, 8, 2048, 0, 0, 0, 0, 0, 0, 0, 0, 0, 0, 0, 0, 0]",4,128,2048.0,49152.0,25140111563,25140119033,25745396448,25745399200,0,704,704,-1,1,7470,2752,96,64,64,3
12,3,"[8, 2048, 0, 0, 0, 0, 0, 0, 0, 0, 0, 0, 0, 0, 0, 8, 2048, 0, 0, 0, 0, 0, 0, 0, 0, 0, 0, 0, 0, 0]",4,128,2048.0,49152.0,25140199235,25140207415,25745399904,25745402592,0,576,576,-1,1,8180,2688,96,64,64,3
16,3,"[8, 512, 2048, 0, 0, 0, 0, 0, 0, 0, 0, 0, 0, 0, 0, 4, 0, 0, 0, 0, 0, 0, 0, 0, 0, 0, 0, 0, 0, 0]",2048,128,1048576.0,16777220.0,25140280975,25140289126,25745403168,25745474783,0,576,576,-1,1,8151,71615,96,64,64,3
12,3,"[8, 512, 2048, 0, 0, 0, 0, 0, 0, 0, 0, 0, 0, 0, 0, 8, 512, 2048, 0, 0, 0, 0, 0, 0, 0, 0, 0, 0, 0, 0]",2048,128,1048576.0,25165824.0,25140362132,25140369465,25745475359,25745584477,0,576,576,-1,1,7333,109118,96,64,64,3
12,3,"[8, 512, 2048, 0, 0, 0, 0, 0, 0, 0, 0, 0, 0, 0, 0, 8, 512, 2048, 0, 0, 0, 0, 0, 0, 0, 0, 0, 0, 0, 0]",2048,128,1048576.0,25165824.0,25140442110,25140449436,25745585053,25745694267,0,608,608,-1,1,7326,109214,96,64,64,3
16,3,"[8, 512, 0, 0, 0, 0, 0, 0, 0, 0, 0, 0, 0, 0, 0, 4, 0, 0, 0, 0, 0, 0, 0, 0, 0, 0, 0, 0, 0, 0]",1,128,512.0,8196.0,25140523680,25140531083,25745694875,25745697787,0,672,672,-1,1,7403,2912,96,64,64,3
12,3,"[8, 512, 0, 0, 0, 0, 0, 0, 0, 0, 0, 0, 0, 0, 0, 8, 512, 0, 0, 0, 0, 0, 0, 0, 0, 0, 0, 0, 0, 0]",1,128,512.0,12288.0,25140602707,25140609794,25745698459,25745701243,0,673,673,-1,1,7087,2784,96,64,64,3
12,3,"[8, 512, 0, 0, 0, 0, 0, 0, 0, 0, 0, 0, 0, 0, 0, 8, 512, 0, 0, 0, 0, 0, 0, 0, 0, 0, 0, 0, 0, 0]",1,128,512.0,12288.0,25140680916,25140688031,25745701916,25745704347,0,640,640,-1,1,7115,2431,96,64,64,3
16,3,"[8, 512, 1, 1, 0, 0, 0, 0, 0, 0, 0, 0, 0, 0, 0, 4, 0, 0, 0, 0, 0, 0, 0, 0, 0, 0, 0, 0, 0, 0]",1,128,512.0,8196.0,25140759499,25140767341,25745704987,25745707547,0,576,576,-1,1,7842,2560,96,64,64,3
12,3,"[8, 512, 1, 1, 0, 0, 0, 0, 0, 0, 0, 0, 0, 0, 0, 8, 512, 1, 1, 0, 0, 0, 0, 0, 0, 0, 0, 0, 0, 0]",1,128,512.0,12288.0,25140840628,25140847907,25745708123,25745710555,0,640,640,-1,1,7279,2432,96,64,64,3
12,3,"[8, 512, 1, 1, 0, 0, 0, 0, 0, 0, 0, 0, 0, 0, 0, 8, 512, 1, 1, 0, 0, 0, 0, 0, 0, 0, 0, 0, 0, 0]",1,128,512.0,12288.0,25140919920,25140926901,25745711195,25745713659,0,672,672,-1,1,6981,2464,96,64,64,3
16,3,"[8, 512, 1, 7, 7, 0, 0, 0, 0, 0, 0, 0, 0, 0, 0, 4, 0, 0, 0, 0, 0, 0, 0, 0, 0, 0, 0, 0, 0, 0]",49,128,25088.0,401412.0,25140999852,25155962861,25745714331,25745717883,0,640,640,-1,1,14963009,3552,96,64,64,3
12,3,"[8, 512, 1, 7, 7, 0, 0, 0, 0, 0, 0, 0, 0, 0, 0, 8, 512, 1, 7, 7, 0, 0, 0, 0, 0, 0, 0, 0, 0, 0]",49,128,25088.0,602112.0,25156042494,25169127068,25745718523,25745721883,0,640,640,-1,1,13084574,3360,96,64,64,3
12,3,"[8, 512, 1, 7, 7, 0, 0, 0, 0, 0, 0, 0, 0, 0, 0, 8, 512, 1, 7, 7, 0, 0, 0, 0, 0, 0, 0, 0, 0, 0]",49,128,25088.0,602112.0,25169204597,25169233673,25745722523,25745725979,0,704,704,-1,1,29076,3456,96,64,64,3
16,3,"[8, 512, 0, 0, 0, 0, 0, 0, 0, 0, 0, 0, 0, 0, 0, 4, 0, 0, 0, 0, 0, 0, 0, 0, 0, 0, 0, 0, 0, 0]",1,128,512.0,8196.0,25169308854,25171215319,25745726683,25745729115,0,704,704,-1,1,1906465,2432,96,64,64,3
12,3,"[8, 512, 0, 0, 0, 0, 0, 0, 0, 0, 0, 0, 0, 0, 0, 8, 512, 0, 0, 0, 0, 0, 0, 0, 0, 0, 0, 0, 0, 0]",1,128,512.0,12288.0,25171290805,25171298562,25745729819,25745732251,0,640,640,-1,1,7757,2432,96,64,64,3
12,3,"[8, 512, 0, 0, 0, 0, 0, 0, 0, 0, 0, 0, 0, 0, 0, 8, 512, 0, 0, 0, 0, 0, 0, 0, 0, 0, 0, 0, 0, 0]",1,128,512.0,12288.0,25171375241,25171383319,25745732891,25745735355,0,672,672,-1,1,8078,2464,96,64,64,3
16,3,"[8, 512, 0, 0, 0, 0, 0, 0, 0, 0, 0, 0, 0, 0, 0, 4, 0, 0, 0, 0, 0, 0, 0, 0, 0, 0, 0, 0, 0, 0]",1,128,512.0,8196.0,25171456559,25171464379,25745736027,25745738427,0,672,672,-1,1,7820,2400,96,64,64,3
12,3,"[8, 512, 0, 0, 0, 0, 0, 0, 0, 0, 0, 0, 0, 0, 0, 8, 512, 0, 0, 0, 0, 0, 0, 0, 0, 0, 0, 0, 0, 0]",1,128,512.0,12288.0,25171536828,25185183485,25745739099,25745741563,0,672,672,-1,1,13646657,2464,96,64,64,3
12,3,"[8, 512, 0, 0, 0, 0, 0, 0, 0, 0, 0, 0, 0, 0, 0, 8, 512, 0, 0, 0, 0, 0, 0, 0, 0, 0, 0, 0, 0, 0]",1,128,512.0,12288.0,25185266678,25200920059,25745742235,25745744667,0,672,672,-1,1,15653381,2432,96,64,64,3
16,3,"[8, 512, 0, 0, 0, 0, 0, 0, 0, 0, 0, 0, 0, 0, 0, 4, 0, 0, 0, 0, 0, 0, 0, 0, 0, 0, 0, 0, 0, 0]",1,128,512.0,8196.0,25201002860,25201024814,25745745339,25745747707,0,671,671,-1,1,21954,2368,96,64,64,3
12,3,"[8, 512, 0, 0, 0, 0, 0, 0, 0, 0, 0, 0, 0, 0, 0, 8, 512, 0, 0, 0, 0, 0, 0, 0, 0, 0, 0, 0, 0, 0]",1,128,512.0,12288.0,25201100308,25201108365,25745748378,25745750843,0,672,672,-1,1,8057,2465,96,64,64,3
12,3,"[8, 512, 0, 0, 0, 0, 0, 0, 0, 0, 0, 0, 0, 0, 0, 8, 512, 0, 0, 0, 0, 0, 0, 0, 0, 0, 0, 0, 0, 0]",1,128,512.0,12288.0,25201181528,25201215036,25745751515,25745753978,0,608,608,-1,1,33508,2463,96,64,64,3
16,3,"[8, 2048, 512, 0, 0, 0, 0, 0, 0, 0, 0, 0, 0, 0, 0, 4, 0, 0, 0, 0, 0, 0, 0, 0, 0, 0, 0, 0, 0, 0]",2048,128,1048576.0,16777220.0,25201291059,25201299206,25745754586,25745825818,0,639,639,-1,1,8147,71232,96,64,64,3
12,3,"[8, 2048, 512, 0, 0, 0, 0, 0, 0, 0, 0, 0, 0, 0, 0, 8, 2048, 512, 0, 0, 0, 0, 0, 0, 0, 0, 0, 0, 0, 0]",2048,128,1048576.0,25165824.0,25201373944,25201381440,25745826457,25745936536,0,704,704,-1,1,7496,110079,96,64,64,3
12,3,"[8, 2048, 512, 0, 0, 0, 0, 0, 0, 0, 0, 0, 0, 0, 0, 8, 2048, 512, 0, 0, 0, 0, 0, 0, 0, 0, 0, 0, 0, 0]",2048,128,1048576.0,25165824.0,25201454399,25201462019,25745937240,25746046166,0,576,576,-1,1,7620,108926,96,64,64,3
16,3,"[8, 2048, 0, 0, 0, 0, 0, 0, 0, 0, 0, 0, 0, 0, 0, 4, 0, 0, 0, 0, 0, 0, 0, 0, 0, 0, 0, 0, 0, 0]",4,128,2048.0,32772.0,25201536604,25201544478,25746046742,25746049654,0,608,608,-1,1,7874,2912,96,64,64,3
12,3,"[8, 2048, 0, 0, 0, 0, 0, 0, 0, 0, 0, 0, 0, 0, 0, 8, 2048, 0, 0, 0, 0, 0, 0, 0, 0, 0, 0, 0, 0, 0]",4,128,2048.0,49152.0,25201618283,25201625789,25746050262,25746053014,0,704,704,-1,1,7506,2752,96,64,64,3
12,3,"[8, 2048, 0, 0, 0, 0, 0, 0, 0, 0, 0, 0, 0, 0, 0, 8, 2048, 0, 0, 0, 0, 0, 0, 0, 0, 0, 0, 0, 0, 0]",4,128,2048.0,49152.0,25201697460,25203010095,25746053718,25746056246,0,736,736,-1,1,1312635,2528,96,64,64,3
16,3,"[8, 512, 2048, 0, 0, 0, 0, 0, 0, 0, 0, 0, 0, 0, 0, 4, 0, 0, 0, 0, 0, 0, 0, 0, 0, 0, 0, 0, 0, 0]",2048,128,1048576.0,16777220.0,25203083497,25203381606,25746056982,25746129845,0,608,608,-1,1,298109,72863,96,64,64,3
12,3,"[8, 512, 2048, 0, 0, 0, 0, 0, 0, 0, 0, 0, 0, 0, 0, 8, 512, 2048, 0, 0, 0, 0, 0, 0, 0, 0, 0, 0, 0, 0]",2048,128,1048576.0,25165824.0,25203455008,25203462727,25746130453,25746239859,0,608,608,-1,1,7719,109406,96,64,64,3
12,3,"[8, 512, 2048, 0, 0, 0, 0, 0, 0, 0, 0, 0, 0, 0, 0, 8, 512, 2048, 0, 0, 0, 0, 0, 0, 0, 0, 0, 0, 0, 0]",2048,128,1048576.0,25165824.0,25203535582,25203542996,25746240467,25746349681,0,672,672,-1,1,7414,109214,96,64,64,3
16,3,"[8, 512, 0, 0, 0, 0, 0, 0, 0, 0, 0, 0, 0, 0, 0, 4, 0, 0, 0, 0, 0, 0, 0, 0, 0, 0, 0, 0, 0, 0]",1,128,512.0,8196.0,25203615879,25203623866,25746350353,25746353297,0,704,704,-1,1,7987,2944,96,64,64,3
12,3,"[8, 512, 0, 0, 0, 0, 0, 0, 0, 0, 0, 0, 0, 0, 0, 8, 512, 0, 0, 0, 0, 0, 0, 0, 0, 0, 0, 0, 0, 0]",1,128,512.0,12288.0,25203697400,25203705173,25746354001,25746356785,0,608,608,-1,1,7773,2784,96,64,64,3
12,3,"[8, 512, 0, 0, 0, 0, 0, 0, 0, 0, 0, 0, 0, 0, 0, 8, 512, 0, 0, 0, 0, 0, 0, 0, 0, 0, 0, 0, 0, 0]",1,128,512.0,12288.0,25203906265,25203916178,25746357393,25746359889,0,704,704,-1,1,9913,2496,96,64,64,3
16,3,"[8, 512, 1, 1, 0, 0, 0, 0, 0, 0, 0, 0, 0, 0, 0, 4, 0, 0, 0, 0, 0, 0, 0, 0, 0, 0, 0, 0, 0, 0]",1,128,512.0,8196.0,25204000353,25204009355,25746360593,25746362993,0,672,672,-1,1,9002,2400,96,64,64,3
12,3,"[8, 512, 1, 1, 0, 0, 0, 0, 0, 0, 0, 0, 0, 0, 0, 8, 512, 1, 1, 0, 0, 0, 0, 0, 0, 0, 0, 0, 0, 0]",1,128,512.0,12288.0,25204084960,25204092835,25746363665,25746366129,0,608,608,-1,1,7875,2464,96,64,64,3
12,3,"[8, 512, 1, 1, 0, 0, 0, 0, 0, 0, 0, 0, 0, 0, 0, 8, 512, 1, 1, 0, 0, 0, 0, 0, 0, 0, 0, 0, 0, 0]",1,128,512.0,12288.0,25204166300,25204181731,25746366737,25746369201,0,672,672,-1,1,15431,2464,96,64,64,3
16,3,"[8, 512, 1, 7, 7, 0, 0, 0, 0, 0, 0, 0, 0, 0, 0, 4, 0, 0, 0, 0, 0, 0, 0, 0, 0, 0, 0, 0, 0, 0]",49,128,25088.0,401412.0,25204258456,25204266747,25746369873,25746373297,0,736,736,-1,1,8291,3424,96,64,64,3
12,3,"[8, 512, 1, 7, 7, 0, 0, 0, 0, 0, 0, 0, 0, 0, 0, 8, 512, 1, 7, 7, 0, 0, 0, 0, 0, 0, 0, 0, 0, 0]",49,128,25088.0,602112.0,25204339891,25204347502,25746374033,25746377425,0,640,640,-1,1,7611,3392,96,64,64,3
12,3,"[8, 512, 1, 7, 7, 0, 0, 0, 0, 0, 0, 0, 0, 0, 0, 8, 512, 1, 7, 7, 0, 0, 0, 0, 0, 0, 0, 0, 0, 0]",49,128,25088.0,602112.0,25204423365,25204430641,25746378065,25746381489,0,608,608,-1,1,7276,3424,96,64,64,3
16,3,"[8, 512, 0, 0, 0, 0, 0, 0, 0, 0, 0, 0, 0, 0, 0, 4, 0, 0, 0, 0, 0, 0, 0, 0, 0, 0, 0, 0, 0, 0]",1,128,512.0,8196.0,25204503674,25204511669,25746382097,25746384529,0,640,640,-1,1,7995,2432,96,64,64,3
12,3,"[8, 512, 0, 0, 0, 0, 0, 0, 0, 0, 0, 0, 0, 0, 0, 8, 512, 0, 0, 0, 0, 0, 0, 0, 0, 0, 0, 0, 0, 0]",1,128,512.0,12288.0,25204585298,25204592910,25746385169,25746387793,0,640,640,-1,1,7612,2624,96,64,64,3
12,3,"[8, 512, 0, 0, 0, 0, 0, 0, 0, 0, 0, 0, 0, 0, 0, 8, 512, 0, 0, 0, 0, 0, 0, 0, 0, 0, 0, 0, 0, 0]",1,128,512.0,12288.0,25204663929,25204671019,25746388433,25746390833,0,672,672,-1,1,7090,2400,96,64,64,3
16,3,"[8, 512, 0, 0, 0, 0, 0, 0, 0, 0, 0, 0, 0, 0, 0, 4, 0, 0, 0, 0, 0, 0, 0, 0, 0, 0, 0, 0, 0, 0]",1,128,512.0,8196.0,25204742040,25217655268,25746391505,25746393905,0,672,672,-1,1,12913228,2400,96,64,64,3
12,3,"[8, 512, 0, 0, 0, 0, 0, 0, 0, 0, 0, 0, 0, 0, 0, 8, 512, 0, 0, 0, 0, 0, 0, 0, 0, 0, 0, 0, 0, 0]",1,128,512.0,12288.0,25217732415,25230816222,25746394577,25746397040,0,673,673,-1,1,13083807,2463,96,64,64,3
12,3,"[8, 512, 0, 0, 0, 0, 0, 0, 0, 0, 0, 0, 0, 0, 0, 8, 512, 0, 0, 0, 0, 0, 0, 0, 0, 0, 0, 0, 0, 0]",1,128,512.0,12288.0,25230900043,25230924330,25746397713,25746400177,0,639,639,-1,1,24287,2464,96,64,64,3
16,3,"[8, 512, 0, 0, 0, 0, 0, 0, 0, 0, 0, 0, 0, 0, 0, 4, 0, 0, 0, 0, 0, 0, 0, 0, 0, 0, 0, 0, 0, 0]",1,128,512.0,8196.0,25230999753,25232906366,25746400816,25746403441,0,607,607,-1,1,1906613,2625,96,64,64,3
12,3,"[8, 512, 0, 0, 0, 0, 0, 0, 0, 0, 0, 0, 0, 0, 0, 8, 512, 0, 0, 0, 0, 0, 0, 0, 0, 0, 0, 0, 0, 0]",1,128,512.0,12288.0,25232986200,25232995750,25746404048,25746406513,0,671,671,-1,1,9550,2465,96,64,64,3
12,3,"[8, 512, 0, 0, 0, 0, 0, 0, 0, 0, 0, 0, 0, 0, 0, 8, 512, 0, 0, 0, 0, 0, 0, 0, 0, 0, 0, 0, 0, 0]",1,128,512.0,12288.0,25233070514,25233078542,25746407184,25746409648,0,608,608,-1,1,8028,2464,96,64,64,3
16,3,"[8, 2048, 512, 0, 0, 0, 0, 0, 0, 0, 0, 0, 0, 0, 0, 4, 0, 0, 0, 0, 0, 0, 0, 0, 0, 0, 0, 0, 0, 0]",2048,128,1048576.0,16777220.0,25233152736,25233160822,25746410256,25746482031,0,672,672,-1,1,8086,71775,96,64,64,3
12,3,"[8, 2048, 512, 0, 0, 0, 0, 0, 0, 0, 0, 0, 0, 0, 0, 8, 2048, 512, 0, 0, 0, 0, 0, 0, 0, 0, 0, 0, 0, 0]",2048,128,1048576.0,25165824.0,25233233330,25248777369,25746482703,25746593709,0,737,737,-1,1,15544039,111006,96,64,64,3
12,3,"[8, 2048, 512, 0, 0, 0, 0, 0, 0, 0, 0, 0, 0, 0, 0, 8, 2048, 512, 0, 0, 0, 0, 0, 0, 0, 0, 0, 0, 0, 0]",2048,128,1048576.0,25165824.0,25248854744,25264517642,25746594446,25746703756,0,640,640,-1,1,15662898,109310,96,64,64,3
16,3,"[8, 2048, 0, 0, 0, 0, 0, 0, 0, 0, 0, 0, 0, 0, 0, 4, 0, 0, 0, 0, 0, 0, 0, 0, 0, 0, 0, 0, 0, 0]",4,128,2048.0,32772.0,25264595266,25264624236,25746704396,25746707308,0,672,672,-1,1,28970,2912,96,64,64,3
12,3,"[8, 2048, 0, 0, 0, 0, 0, 0, 0, 0, 0, 0, 0, 0, 0, 8, 2048, 0, 0, 0, 0, 0, 0, 0, 0, 0, 0, 0, 0, 0]",4,128,2048.0,49152.0,25264699539,25264707434,25746707980,25746710796,0,640,640,-1,1,7895,2816,96,64,64,3
12,3,"[8, 2048, 0, 0, 0, 0, 0, 0, 0, 0, 0, 0, 0, 0, 0, 8, 2048, 0, 0, 0, 0, 0, 0, 0, 0, 0, 0, 0, 0, 0]",4,128,2048.0,49152.0,25264780511,25264814804,25746711436,25746713963,0,609,609,-1,1,34293,2527,96,64,64,3
16,3,"[8, 512, 2048, 0, 0, 0, 0, 0, 0, 0, 0, 0, 0, 0, 0, 4, 0, 0, 0, 0, 0, 0, 0, 0, 0, 0, 0, 0, 0, 0]",2048,128,1048576.0,16777220.0,25264888902,25264896805,25746714572,25746785835,0,672,672,-1,1,7903,71263,96,64,64,3
12,3,"[8, 512, 2048, 0, 0, 0, 0, 0, 0, 0, 0, 0, 0, 0, 0, 8, 512, 2048, 0, 0, 0, 0, 0, 0, 0, 0, 0, 0, 0, 0]",2048,128,1048576.0,25165824.0,25264968893,25264976512,25746786507,25746895401,0,544,544,-1,1,7619,108894,96,64,64,3
12,3,"[8, 512, 2048, 0, 0, 0, 0, 0, 0, 0, 0, 0, 0, 0, 0, 8, 512, 2048, 0, 0, 0, 0, 0, 0, 0, 0, 0, 0, 0, 0]",2048,128,1048576.0,25165824.0,25265047832,25265055032,25746895945,25747003591,0,704,704,-1,1,7200,107646,96,64,64,3
16,3,"[8, 512, 0, 0, 0, 0, 0, 0, 0, 0, 0, 0, 0, 0, 0, 4, 0, 0, 0, 0, 0, 0, 0, 0, 0, 0, 0, 0, 0, 0]",1,128,512.0,8196.0,25265126011,25265135951,25747004295,25747007207,0,672,672,-1,1,9940,2912,96,64,64,3
12,3,"[8, 512, 0, 0, 0, 0, 0, 0, 0, 0, 0, 0, 0, 0, 0, 8, 512, 0, 0, 0, 0, 0, 0, 0, 0, 0, 0, 0, 0, 0]",1,128,512.0,12288.0,25265210108,25266551867,25747007879,25747010663,0,672,672,-1,1,1341759,2784,96,64,64,3
12,3,"[8, 512, 0, 0, 0, 0, 0, 0, 0, 0, 0, 0, 0, 0, 0, 8, 512, 0, 0, 0, 0, 0, 0, 0, 0, 0, 0, 0, 0, 0]",1,128,512.0,12288.0,25266626215,25266922832,25747011335,25747013767,0,640,640,-1,1,296617,2432,96,64,64,3
16,3,"[8, 512, 1, 1, 0, 0, 0, 0, 0, 0, 0, 0, 0, 0, 0, 4, 0, 0, 0, 0, 0, 0, 0, 0, 0, 0, 0, 0, 0, 0]",1,128,512.0,8196.0,25266996370,25267004161,25747014407,25747016839,0,576,576,-1,1,7791,2432,96,64,64,3
12,3,"[8, 512, 1, 1, 0, 0, 0, 0, 0, 0, 0, 0, 0, 0, 0, 8, 512, 1, 1, 0, 0, 0, 0, 0, 0, 0, 0, 0, 0, 0]",1,128,512.0,12288.0,25267078865,25267086825,25747017415,25747019815,0,672,672,-1,1,7960,2400,96,64,64,3
12,3,"[8, 512, 1, 1, 0, 0, 0, 0, 0, 0, 0, 0, 0, 0, 0, 8, 512, 1, 1, 0, 0, 0, 0, 0, 0, 0, 0, 0, 0, 0]",1,128,512.0,12288.0,25267160182,25267167737,25747020487,25747022951,0,672,672,-1,1,7555,2464,96,64,64,3
16,3,"[8, 512, 1, 7, 7, 0, 0, 0, 0, 0, 0, 0, 0, 0, 0, 4, 0, 0, 0, 0, 0, 0, 0, 0, 0, 0, 0, 0, 0, 0]",49,128,25088.0,401412.0,25267240914,25267248751,25747023623,25747027303,0,672,672,-1,1,7837,3680,96,64,64,3
12,3,"[8, 512, 1, 7, 7, 0, 0, 0, 0, 0, 0, 0, 0, 0, 0, 8, 512, 1, 7, 7, 0, 0, 0, 0, 0, 0, 0, 0, 0, 0]",49,128,25088.0,602112.0,25267321516,25267328900,25747027975,25747031527,0,672,672,-1,1,7384,3552,96,64,64,3
12,3,"[8, 512, 1, 7, 7, 0, 0, 0, 0, 0, 0, 0, 0, 0, 0, 8, 512, 1, 7, 7, 0, 0, 0, 0, 0, 0, 0, 0, 0, 0]",49,128,25088.0,602112.0,25267400859,25267408192,25747032199,25747035655,0,736,736,-1,1,7333,3456,96,64,64,3
16,3,"[8, 512, 0, 0, 0, 0, 0, 0, 0, 0, 0, 0, 0, 0, 0, 4, 0, 0, 0, 0, 0, 0, 0, 0, 0, 0, 0, 0, 0, 0]",1,128,512.0,8196.0,25267479818,25267487432,25747036391,25747038791,0,576,576,-1,1,7614,2400,96,64,64,3
12,3,"[8, 512, 0, 0, 0, 0, 0, 0, 0, 0, 0, 0, 0, 0, 0, 8, 512, 0, 0, 0, 0, 0, 0, 0, 0, 0, 0, 0, 0, 0]",1,128,512.0,12288.0,25267561782,25267569683,25747039367,25747041798,0,704,704,-1,1,7901,2431,96,64,64,3
12,3,"[8, 512, 0, 0, 0, 0, 0, 0, 0, 0, 0, 0, 0, 0, 0, 8, 512, 0, 0, 0, 0, 0, 0, 0, 0, 0, 0, 0, 0, 0]",1,128,512.0,12288.0,25267641437,25280418545,25747042502,25747044935,0,639,639,-1,1,12777108,2433,96,64,64,3
16,3,"[8, 512, 0, 0, 0, 0, 0, 0, 0, 0, 0, 0, 0, 0, 0, 4, 0, 0, 0, 0, 0, 0, 0, 0, 0, 0, 0, 0, 0, 0]",1,128,512.0,8196.0,25280525043,25280534662,25747045574,25747048007,0,704,704,-1,1,9619,2433,96,64,64,3
12,3,"[8, 512, 0, 0, 0, 0, 0, 0, 0, 0, 0, 0, 0, 0, 0, 8, 512, 0, 0, 0, 0, 0, 0, 0, 0, 0, 0, 0, 0, 0]",1,128,512.0,12288.0,25280613545,25280621735,25747048711,25747051143,0,639,639,-1,1,8190,2432,96,64,64,3
12,3,"[8, 512, 0, 0, 0, 0, 0, 0, 0, 0, 0, 0, 0, 0, 0, 8, 512, 0, 0, 0, 0, 0, 0, 0, 0, 0, 0, 0, 0, 0]",1,128,512.0,12288.0,25280700004,25287188600,25747051782,25747054246,0,673,673,-1,1,6488596,2464,96,64,64,3
16,3,"[8, 512, 0, 0, 0, 0, 0, 0, 0, 0, 0, 0, 0, 0, 0, 4, 0, 0, 0, 0, 0, 0, 0, 0, 0, 0, 0, 0, 0, 0]",1,128,512.0,8196.0,25287266054,25287274659,25747054919,25747057287,0,735,735,-1,1,8605,2368,96,64,64,3
12,3,"[8, 512, 0, 0, 0, 0, 0, 0, 0, 0, 0, 0, 0, 0, 0, 8, 512, 0, 0, 0, 0, 0, 0, 0, 0, 0, 0, 0, 0, 0]",1,128,512.0,12288.0,25287477312,25287487965,25747058022,25747060422,0,704,704,-1,1,10653,2400,96,64,64,3
12,3,"[8, 512, 0, 0, 0, 0, 0, 0, 0, 0, 0, 0, 0, 0, 0, 8, 512, 0, 0, 0, 0, 0, 0, 0, 0, 0, 0, 0, 0, 0]",1,128,512.0,12288.0,25287570649,25287578851,25747061126,25747063526,0,672,672,-1,1,8202,2400,96,64,64,3
16,3,"[8, 2048, 512, 0, 0, 0, 0, 0, 0, 0, 0, 0, 0, 0, 0, 4, 0, 0, 0, 0, 0, 0, 0, 0, 0, 0, 0, 0, 0, 0]",2048,128,1048576.0,16777220.0,25287655344,25287663687,25747064198,25747135493,0,704,704,-1,1,8343,71295,96,64,64,3
12,3,"[8, 2048, 512, 0, 0, 0, 0, 0, 0, 0, 0, 0, 0, 0, 0, 8, 2048, 512, 0, 0, 0, 0, 0, 0, 0, 0, 0, 0, 0, 0]",2048,128,1048576.0,25165824.0,25287737562,25287745203,25747136197,25747246147,0,576,576,-1,1,7641,109950,96,64,64,3
12,3,"[8, 2048, 512, 0, 0, 0, 0, 0, 0, 0, 0, 0, 0, 0, 0, 8, 2048, 512, 0, 0, 0, 0, 0, 0, 0, 0, 0, 0, 0, 0]",2048,128,1048576.0,25165824.0,25287816914,25287824259,25747246723,25747355682,0,736,736,-1,1,7345,108959,96,64,64,3
16,3,"[8, 2048, 0, 0, 0, 0, 0, 0, 0, 0, 0, 0, 0, 0, 0, 4, 0, 0, 0, 0, 0, 0, 0, 0, 0, 0, 0, 0, 0, 0]",4,128,2048.0,32772.0,25287897040,25287904793,25747356418,25747359330,0,672,672,-1,1,7753,2912,96,64,64,3
12,3,"[8, 2048, 0, 0, 0, 0, 0, 0, 0, 0, 0, 0, 0, 0, 0, 8, 2048, 0, 0, 0, 0, 0, 0, 0, 0, 0, 0, 0, 0, 0]",4,128,2048.0,49152.0,25287976424,25287987014,25747360002,25747362818,0,640,640,-1,1,10590,2816,96,64,64,3
12,3,"[8, 2048, 0, 0, 0, 0, 0, 0, 0, 0, 0, 0, 0, 0, 0, 8, 2048, 0, 0, 0, 0, 0, 0, 0, 0, 0, 0, 0, 0, 0]",4,128,2048.0,49152.0,25288059265,25288066807,25747363458,25747365922,0,608,608,-1,1,7542,2464,96,64,64,3
16,3,"[8, 512, 2048, 0, 0, 0, 0, 0, 0, 0, 0, 0, 0, 0, 0, 4, 0, 0, 0, 0, 0, 0, 0, 0, 0, 0, 0, 0, 0, 0]",2048,128,1048576.0,16777220.0,25288138828,25288146723,25747366530,25747437888,0,673,673,-1,1,7895,71358,96,64,64,3
12,3,"[8, 512, 2048, 0, 0, 0, 0, 0, 0, 0, 0, 0, 0, 0, 0, 8, 512, 2048, 0, 0, 0, 0, 0, 0, 0, 0, 0, 0, 0, 0]",2048,128,1048576.0,25165824.0,25288226810,25288235007,25747438561,25747548319,0,608,608,-1,1,8197,109758,96,64,64,3
12,3,"[8, 512, 2048, 0, 0, 0, 0, 0, 0, 0, 0, 0, 0, 0, 0, 8, 512, 2048, 0, 0, 0, 0, 0, 0, 0, 0, 0, 0, 0, 0]",2048,128,1048576.0,25165824.0,25288308370,25288316276,25747548927,25747656893,0,640,640,-1,1,7906,107966,96,64,64,3
16,3,"[8, 512, 0, 0, 0, 0, 0, 0, 0, 0, 0, 0, 0, 0, 0, 4, 0, 0, 0, 0, 0, 0, 0, 0, 0, 0, 0, 0, 0, 0]",1,128,512.0,8196.0,25288390636,25288398459,25747657533,25747660509,0,672,672,-1,1,7823,2976,96,64,64,3
12,3,"[8, 512, 0, 0, 0, 0, 0, 0, 0, 0, 0, 0, 0, 0, 0, 8, 512, 0, 0, 0, 0, 0, 0, 0, 0, 0, 0, 0, 0, 0]",1,128,512.0,12288.0,25288470642,25288478596,25747661181,25747663933,0,704,704,-1,1,7954,2752,96,64,64,3
12,3,"[8, 512, 0, 0, 0, 0, 0, 0, 0, 0, 0, 0, 0, 0, 0, 8, 512, 0, 0, 0, 0, 0, 0, 0, 0, 0, 0, 0, 0, 0]",1,128,512.0,12288.0,25288550441,25288557691,25747664637,25747667069,0,640,640,-1,1,7250,2432,96,64,64,3
16,3,"[8, 512, 1, 1, 0, 0, 0, 0, 0, 0, 0, 0, 0, 0, 0, 4, 0, 0, 0, 0, 0, 0, 0, 0, 0, 0, 0, 0, 0, 0]",1,128,512.0,8196.0,25288629490,25288637097,25747667709,25747670141,0,704,704,-1,1,7607,2432,96,64,64,3
12,3,"[8, 512, 1, 1, 0, 0, 0, 0, 0, 0, 0, 0, 0, 0, 0, 8, 512, 1, 1, 0, 0, 0, 0, 0, 0, 0, 0, 0, 0, 0]",1,128,512.0,12288.0,25288711628,25288719671,25747670845,25747673277,0,640,640,-1,1,8043,2432,96,64,64,3
12,3,"[8, 512, 1, 1, 0, 0, 0, 0, 0, 0, 0, 0, 0, 0, 0, 8, 512, 1, 1, 0, 0, 0, 0, 0, 0, 0, 0, 0, 0, 0]",1,128,512.0,12288.0,25288793015,25288800342,25747673917,25747676381,0,672,672,-1,1,7327,2464,96,64,64,3
16,3,"[8, 512, 1, 7, 7, 0, 0, 0, 0, 0, 0, 0, 0, 0, 0, 4, 0, 0, 0, 0, 0, 0, 0, 0, 0, 0, 0, 0, 0, 0]",49,128,25088.0,401412.0,25288872665,25304244131,25747677053,25747680477,0,544,544,-1,1,15371466,3424,96,64,64,3
12,3,"[8, 512, 1, 7, 7, 0, 0, 0, 0, 0, 0, 0, 0, 0, 0, 8, 512, 1, 7, 7, 0, 0, 0, 0, 0, 0, 0, 0, 0, 0]",49,128,25088.0,602112.0,25304324311,25304333110,25747681021,25747684509,0,608,608,-1,1,8799,3488,96,64,64,3
12,3,"[8, 512, 1, 7, 7, 0, 0, 0, 0, 0, 0, 0, 0, 0, 0, 8, 512, 1, 7, 7, 0, 0, 0, 0, 0, 0, 0, 0, 0, 0]",49,128,25088.0,602112.0,25304407743,25317436838,25747685117,25747688733,0,607,607,-1,1,13029095,3616,96,64,64,3
16,3,"[8, 512, 0, 0, 0, 0, 0, 0, 0, 0, 0, 0, 0, 0, 0, 4, 0, 0, 0, 0, 0, 0, 0, 0, 0, 0, 0, 0, 0, 0]",1,128,512.0,8196.0,25317515351,25317523879,25747689340,25747691773,0,640,640,-1,1,8528,2433,96,64,64,3
12,3,"[8, 512, 0, 0, 0, 0, 0, 0, 0, 0, 0, 0, 0, 0, 0, 8, 512, 0, 0, 0, 0, 0, 0, 0, 0, 0, 0, 0, 0, 0]",1,128,512.0,12288.0,25317598898,25321415674,25747692413,25747694877,0,672,672,-1,1,3816776,2464,96,64,64,3
12,3,"[8, 512, 0, 0, 0, 0, 0, 0, 0, 0, 0, 0, 0, 0, 0, 8, 512, 0, 0, 0, 0, 0, 0, 0, 0, 0, 0, 0, 0, 0]",1,128,512.0,12288.0,25321492699,25321500956,25747695549,25747697981,0,639,639,-1,1,8257,2432,96,64,64,3
16,3,"[8, 512, 0, 0, 0, 0, 0, 0, 0, 0, 0, 0, 0, 0, 0, 4, 0, 0, 0, 0, 0, 0, 0, 0, 0, 0, 0, 0, 0, 0]",1,128,512.0,8196.0,25321576179,25321632642,25747698620,25747701404,0,672,672,-1,1,56463,2784,96,64,64,3
12,3,"[8, 512, 0, 0, 0, 0, 0, 0, 0, 0, 0, 0, 0, 0, 0, 8, 512, 0, 0, 0, 0, 0, 0, 0, 0, 0, 0, 0, 0, 0]",1,128,512.0,12288.0,25321707498,25321715820,25747702076,25747704541,0,671,671,-1,1,8322,2465,96,64,64,3
12,3,"[8, 512, 0, 0, 0, 0, 0, 0, 0, 0, 0, 0, 0, 0, 0, 8, 512, 0, 0, 0, 0, 0, 0, 0, 0, 0, 0, 0, 0, 0]",1,128,512.0,12288.0,25321788083,25337433417,25747705212,25747707645,0,671,671,-1,1,15645334,2433,96,64,64,3
16,3,"[8, 512, 0, 0, 0, 0, 0, 0, 0, 0, 0, 0, 0, 0, 0, 4, 0, 0, 0, 0, 0, 0, 0, 0, 0, 0, 0, 0, 0, 0]",1,128,512.0,8196.0,25337518292,25337527458,25747708316,25747710717,0,704,704,-1,1,9166,2401,96,64,64,3
12,3,"[8, 512, 0, 0, 0, 0, 0, 0, 0, 0, 0, 0, 0, 0, 0, 8, 512, 0, 0, 0, 0, 0, 0, 0, 0, 0, 0, 0, 0, 0]",1,128,512.0,12288.0,25337601837,25350628712,25747711421,25747713852,0,640,640,-1,1,13026875,2431,96,64,64,3
12,3,"[8, 512, 0, 0, 0, 0, 0, 0, 0, 0, 0, 0, 0, 0, 0, 8, 512, 0, 0, 0, 0, 0, 0, 0, 0, 0, 0, 0, 0, 0]",1,128,512.0,12288.0,25350706586,25350715325,25747714492,25747717020,0,576,576,-1,1,8739,2528,96,64,64,3
16,3,"[8, 2048, 512, 0, 0, 0, 0, 0, 0, 0, 0, 0, 0, 0, 0, 4, 0, 0, 0, 0, 0, 0, 0, 0, 0, 0, 0, 0, 0, 0]",2048,128,1048576.0,16777220.0,25350789544,25350797853,25747717596,25747788251,0,704,704,-1,1,8309,70655,96,64,64,3
12,3,"[8, 2048, 512, 0, 0, 0, 0, 0, 0, 0, 0, 0, 0, 0, 0, 8, 2048, 512, 0, 0, 0, 0, 0, 0, 0, 0, 0, 0, 0, 0]",2048,128,1048576.0,25165824.0,25350871859,25351096637,25747788955,25747900634,0,671,671,-1,1,224778,111679,96,64,64,3
12,3,"[8, 2048, 512, 0, 0, 0, 0, 0, 0, 0, 0, 0, 0, 0, 0, 8, 2048, 512, 0, 0, 0, 0, 0, 0, 0, 0, 0, 0, 0, 0]",2048,128,1048576.0,25165824.0,25351170309,25351274500,25747901305,25748010552,0,704,704,-1,1,104191,109247,96,64,64,3
16,3,"[8, 2048, 0, 0, 0, 0, 0, 0, 0, 0, 0, 0, 0, 0, 0, 4, 0, 0, 0, 0, 0, 0, 0, 0, 0, 0, 0, 0, 0, 0]",4,128,2048.0,32772.0,25351349272,25351357844,25748011256,25748014168,0,672,672,-1,1,8572,2912,96,64,64,3
12,3,"[8, 2048, 0, 0, 0, 0, 0, 0, 0, 0, 0, 0, 0, 0, 0, 8, 2048, 0, 0, 0, 0, 0, 0, 0, 0, 0, 0, 0, 0, 0]",4,128,2048.0,49152.0,25351429376,25351437217,25748014840,25748017591,0,704,704,-1,1,7841,2751,96,64,64,3
12,3,"[8, 2048, 0, 0, 0, 0, 0, 0, 0, 0, 0, 0, 0, 0, 0, 8, 2048, 0, 0, 0, 0, 0, 0, 0, 0, 0, 0, 0, 0, 0]",4,128,2048.0,49152.0,25351509335,25351516980,25748018295,25748020728,0,639,639,-1,1,7645,2433,96,64,64,3
16,3,"[8, 512, 2048, 0, 0, 0, 0, 0, 0, 0, 0, 0, 0, 0, 0, 4, 0, 0, 0, 0, 0, 0, 0, 0, 0, 0, 0, 0, 0, 0]",2048,128,1048576.0,16777220.0,25351589662,25351597179,25748021367,25748092342,0,704,704,-1,1,7517,70975,96,64,64,3
12,3,"[8, 512, 2048, 0, 0, 0, 0, 0, 0, 0, 0, 0, 0, 0, 0, 8, 512, 2048, 0, 0, 0, 0, 0, 0, 0, 0, 0, 0, 0, 0]",2048,128,1048576.0,25165824.0,25351668998,25352451426,25748093046,25748203349,0,608,608,-1,1,782428,110303,96,64,64,3
12,3,"[8, 512, 2048, 0, 0, 0, 0, 0, 0, 0, 0, 0, 0, 0, 0, 8, 512, 2048, 0, 0, 0, 0, 0, 0, 0, 0, 0, 0, 0, 0]",2048,128,1048576.0,25165824.0,25352531089,25353175064,25748203957,25748312339,0,608,608,-1,1,643975,108382,96,64,64,3
16,3,"[8, 512, 0, 0, 0, 0, 0, 0, 0, 0, 0, 0, 0, 0, 0, 4, 0, 0, 0, 0, 0, 0, 0, 0, 0, 0, 0, 0, 0, 0]",1,128,512.0,8196.0,25353251514,25353260494,25748312947,25748315827,0,704,704,-1,1,8980,2880,96,64,64,3
12,3,"[8, 512, 0, 0, 0, 0, 0, 0, 0, 0, 0, 0, 0, 0, 0, 8, 512, 0, 0, 0, 0, 0, 0, 0, 0, 0, 0, 0, 0, 0]",1,128,512.0,12288.0,25353336342,25353344364,25748316531,25748319347,0,672,672,-1,1,8022,2816,96,64,64,3
12,3,"[8, 512, 0, 0, 0, 0, 0, 0, 0, 0, 0, 0, 0, 0, 0, 8, 512, 0, 0, 0, 0, 0, 0, 0, 0, 0, 0, 0, 0, 0]",1,128,512.0,12288.0,25353417933,25353425783,25748320019,25748322451,0,672,672,-1,1,7850,2432,96,64,64,3
16,3,"[8, 512, 1, 1, 0, 0, 0, 0, 0, 0, 0, 0, 0, 0, 0, 4, 0, 0, 0, 0, 0, 0, 0, 0, 0, 0, 0, 0, 0, 0]",1,128,512.0,8196.0,25353500653,25353508656,25748323123,25748325523,0,672,672,-1,1,8003,2400,96,64,64,3
12,3,"[8, 512, 1, 1, 0, 0, 0, 0, 0, 0, 0, 0, 0, 0, 0, 8, 512, 1, 1, 0, 0, 0, 0, 0, 0, 0, 0, 0, 0, 0]",1,128,512.0,12288.0,25353717584,25353727538,25748326195,25748328627,0,640,640,-1,1,9954,2432,96,64,64,3
12,3,"[8, 512, 1, 1, 0, 0, 0, 0, 0, 0, 0, 0, 0, 0, 0, 8, 512, 1, 1, 0, 0, 0, 0, 0, 0, 0, 0, 0, 0, 0]",1,128,512.0,12288.0,25353805024,25353813344,25748329267,25748331763,0,640,640,-1,1,8320,2496,96,64,64,3
16,3,"[8, 512, 1, 7, 7, 0, 0, 0, 0, 0, 0, 0, 0, 0, 0, 4, 0, 0, 0, 0, 0, 0, 0, 0, 0, 0, 0, 0, 0, 0]",49,128,25088.0,401412.0,25353889612,25353897761,25748332403,25748335731,0,640,640,-1,1,8149,3328,96,64,64,3
12,3,"[8, 512, 1, 7, 7, 0, 0, 0, 0, 0, 0, 0, 0, 0, 0, 8, 512, 1, 7, 7, 0, 0, 0, 0, 0, 0, 0, 0, 0, 0]",49,128,25088.0,602112.0,25353971689,25353979348,25748336371,25748339859,0,671,671,-1,1,7659,3488,96,64,64,3
12,3,"[8, 512, 1, 7, 7, 0, 0, 0, 0, 0, 0, 0, 0, 0, 0, 8, 512, 1, 7, 7, 0, 0, 0, 0, 0, 0, 0, 0, 0, 0]",49,128,25088.0,602112.0,25354052596,25354059712,25748340530,25748343922,0,672,672,-1,1,7116,3392,96,64,64,3
16,3,"[8, 512, 0, 0, 0, 0, 0, 0, 0, 0, 0, 0, 0, 0, 0, 4, 0, 0, 0, 0, 0, 0, 0, 0, 0, 0, 0, 0, 0, 0]",1,128,512.0,8196.0,25354132445,25354140328,25748344594,25748346994,0,704,704,-1,1,7883,2400,96,64,64,3
12,3,"[8, 512, 0, 0, 0, 0, 0, 0, 0, 0, 0, 0, 0, 0, 0, 8, 512, 0, 0, 0, 0, 0, 0, 0, 0, 0, 0, 0, 0, 0]",1,128,512.0,12288.0,25354213224,25354220680,25748347698,25748350354,0,609,609,-1,1,7456,2656,96,64,64,3
12,3,"[8, 512, 0, 0, 0, 0, 0, 0, 0, 0, 0, 0, 0, 0, 0, 8, 512, 0, 0, 0, 0, 0, 0, 0, 0, 0, 0, 0, 0, 0]",1,128,512.0,12288.0,25354293541,25354300719,25748350963,25748353426,0,672,672,-1,1,7178,2463,96,64,64,3
16,3,"[8, 512, 0, 0, 0, 0, 0, 0, 0, 0, 0, 0, 0, 0, 0, 4, 0, 0, 0, 0, 0, 0, 0, 0, 0, 0, 0, 0, 0, 0]",1,128,512.0,8196.0,25354375567,25354383230,25748354098,25748356626,0,544,544,-1,1,7663,2528,96,64,64,3
12,3,"[8, 512, 0, 0, 0, 0, 0, 0, 0, 0, 0, 0, 0, 0, 0, 8, 512, 0, 0, 0, 0, 0, 0, 0, 0, 0, 0, 0, 0, 0]",1,128,512.0,12288.0,25354455248,25354462589,25748357170,25748359634,0,608,608,-1,1,7341,2464,96,64,64,3
12,3,"[8, 512, 0, 0, 0, 0, 0, 0, 0, 0, 0, 0, 0, 0, 0, 8, 512, 0, 0, 0, 0, 0, 0, 0, 0, 0, 0, 0, 0, 0]",1,128,512.0,12288.0,25354533651,25369945833,25748360242,25748362738,0,640,640,-1,1,15412182,2496,96,64,64,3
16,3,"[8, 512, 0, 0, 0, 0, 0, 0, 0, 0, 0, 0, 0, 0, 0, 4, 0, 0, 0, 0, 0, 0, 0, 0, 0, 0, 0, 0, 0, 0]",1,128,512.0,8196.0,25370025263,25370033839,25748363378,25748366002,0,640,640,-1,1,8576,2624,96,64,64,3
12,3,"[8, 512, 0, 0, 0, 0, 0, 0, 0, 0, 0, 0, 0, 0, 0, 8, 512, 0, 0, 0, 0, 0, 0, 0, 0, 0, 0, 0, 0, 0]",1,128,512.0,12288.0,25370106583,25383520055,25748366642,25748369074,0,704,704,-1,1,13413472,2432,96,64,64,3
12,3,"[8, 512, 0, 0, 0, 0, 0, 0, 0, 0, 0, 0, 0, 0, 0, 8, 512, 0, 0, 0, 0, 0, 0, 0, 0, 0, 0, 0, 0, 0]",1,128,512.0,12288.0,25383601743,25383610406,25748369778,25748372178,0,672,672,-1,1,8663,2400,96,64,64,3
16,3,"[8, 2048, 512, 0, 0, 0, 0, 0, 0, 0, 0, 0, 0, 0, 0, 4, 0, 0, 0, 0, 0, 0, 0, 0, 0, 0, 0, 0, 0, 0]",2048,128,1048576.0,16777220.0,25383684436,25387583644,25748372850,25748444177,0,544,544,-1,1,3899208,71327,96,64,64,3
12,3,"[8, 2048, 512, 0, 0, 0, 0, 0, 0, 0, 0, 0, 0, 0, 0, 8, 2048, 512, 0, 0, 0, 0, 0, 0, 0, 0, 0, 0, 0, 0]",2048,128,1048576.0,25165824.0,25387659639,25387667682,25748444721,25748553871,0,672,672,-1,1,8043,109150,96,64,64,3
12,3,"[8, 2048, 512, 0, 0, 0, 0, 0, 0, 0, 0, 0, 0, 0, 0, 8, 2048, 512, 0, 0, 0, 0, 0, 0, 0, 0, 0, 0, 0, 0]",2048,128,1048576.0,25165824.0,25387743833,25387798336,25748554543,25748663278,0,640,640,-1,1,54503,108735,96,64,64,3
16,3,"[8, 2048, 0, 0, 0, 0, 0, 0, 0, 0, 0, 0, 0, 0, 0, 4, 0, 0, 0, 0, 0, 0, 0, 0, 0, 0, 0, 0, 0, 0]",4,128,2048.0,32772.0,25387873318,25387881726,25748663918,25748666894,0,672,672,-1,1,8408,2976,96,64,64,3
12,3,"[8, 2048, 0, 0, 0, 0, 0, 0, 0, 0, 0, 0, 0, 0, 0, 8, 2048, 0, 0, 0, 0, 0, 0, 0, 0, 0, 0, 0, 0, 0]",4,128,2048.0,49152.0,25387954062,25403919964,25748667566,25748670349,0,672,672,-1,1,15965902,2783,96,64,64,3
12,3,"[8, 2048, 0, 0, 0, 0, 0, 0, 0, 0, 0, 0, 0, 0, 0, 8, 2048, 0, 0, 0, 0, 0, 0, 0, 0, 0, 0, 0, 0, 0]",4,128,2048.0,49152.0,25403998910,25404007291,25748671021,25748673581,0,704,704,-1,1,8381,2560,96,64,64,3
16,3,"[8, 512, 2048, 0, 0, 0, 0, 0, 0, 0, 0, 0, 0, 0, 0, 4, 0, 0, 0, 0, 0, 0, 0, 0, 0, 0, 0, 0, 0, 0]",2048,128,1048576.0,16777220.0,25404081965,25417383251,25748674285,25748745356,0,608,608,-1,1,13301286,71071,96,64,64,3
12,3,"[8, 512, 2048, 0, 0, 0, 0, 0, 0, 0, 0, 0, 0, 0, 0, 8, 512, 2048, 0, 0, 0, 0, 0, 0, 0, 0, 0, 0, 0, 0]",2048,128,1048576.0,25165824.0,25417461847,25417470066,25748745964,25748855851,0,704,704,-1,1,8219,109887,96,64,64,3
12,3,"[8, 512, 2048, 0, 0, 0, 0, 0, 0, 0, 0, 0, 0, 0, 0, 8, 512, 2048, 0, 0, 0, 0, 0, 0, 0, 0, 0, 0, 0, 0]",2048,128,1048576.0,25165824.0,25417543113,25417550748,25748856555,25748964073,0,672,672,-1,1,7635,107518,96,64,64,3
16,3,"[8, 512, 0, 0, 0, 0, 0, 0, 0, 0, 0, 0, 0, 0, 0, 4, 0, 0, 0, 0, 0, 0, 0, 0, 0, 0, 0, 0, 0, 0]",1,128,512.0,8196.0,25417624642,25417855155,25748964745,25748968073,0,672,672,-1,1,230513,3328,96,64,64,3
12,3,"[8, 512, 0, 0, 0, 0, 0, 0, 0, 0, 0, 0, 0, 0, 0, 8, 512, 0, 0, 0, 0, 0, 0, 0, 0, 0, 0, 0, 0, 0]",1,128,512.0,12288.0,25417928776,25418037052,25748968745,25748971721,0,736,736,-1,1,108276,2976,96,64,64,3
12,3,"[8, 512, 0, 0, 0, 0, 0, 0, 0, 0, 0, 0, 0, 0, 0, 8, 512, 0, 0, 0, 0, 0, 0, 0, 0, 0, 0, 0, 0, 0]",1,128,512.0,12288.0,25418109714,25418117484,25748972457,25748975081,0,640,640,-1,1,7770,2624,96,64,64,3
16,3,"[8, 512, 1, 1, 0, 0, 0, 0, 0, 0, 0, 0, 0, 0, 0, 4, 0, 0, 0, 0, 0, 0, 0, 0, 0, 0, 0, 0, 0, 0]",1,128,512.0,8196.0,25418189932,25418197704,25748975721,25748978313,0,768,768,-1,1,7772,2592,96,64,64,3
12,3,"[8, 512, 1, 1, 0, 0, 0, 0, 0, 0, 0, 0, 0, 0, 0, 8, 512, 1, 1, 0, 0, 0, 0, 0, 0, 0, 0, 0, 0, 0]",1,128,512.0,12288.0,25418271452,25418279373,25748979081,25748981673,0,768,768,-1,1,7921,2592,96,64,64,3
12,3,"[8, 512, 1, 1, 0, 0, 0, 0, 0, 0, 0, 0, 0, 0, 0, 8, 512, 1, 1, 0, 0, 0, 0, 0, 0, 0, 0, 0, 0, 0]",1,128,512.0,12288.0,25418353029,25418360459,25748982441,25748985033,0,768,768,-1,1,7430,2592,96,64,64,3
16,3,"[8, 512, 1, 7, 7, 0, 0, 0, 0, 0, 0, 0, 0, 0, 0, 4, 0, 0, 0, 0, 0, 0, 0, 0, 0, 0, 0, 0, 0, 0]",49,128,25088.0,401412.0,25418434610,25419223638,25748985801,25748989449,0,640,640,-1,1,789028,3648,96,64,64,3
12,3,"[8, 512, 1, 7, 7, 0, 0, 0, 0, 0, 0, 0, 0, 0, 0, 8, 512, 1, 7, 7, 0, 0, 0, 0, 0, 0, 0, 0, 0, 0]",49,128,25088.0,602112.0,25419300240,25419954125,25748990089,25748993641,0,735,735,-1,1,653885,3552,96,64,64,3
12,3,"[8, 512, 1, 7, 7, 0, 0, 0, 0, 0, 0, 0, 0, 0, 0, 8, 512, 1, 7, 7, 0, 0, 0, 0, 0, 0, 0, 0, 0, 0]",49,128,25088.0,602112.0,25420029250,25420037144,25748994376,25748998089,0,767,767,-1,1,7894,3713,96,64,64,3
16,3,"[8, 512, 0, 0, 0, 0, 0, 0, 0, 0, 0, 0, 0, 0, 0, 4, 0, 0, 0, 0, 0, 0, 0, 0, 0, 0, 0, 0, 0, 0]",1,128,512.0,8196.0,25420111628,25420119816,25748998856,25749001416,0,737,737,-1,1,8188,2560,96,64,64,3
12,3,"[8, 512, 0, 0, 0, 0, 0, 0, 0, 0, 0, 0, 0, 0, 0, 8, 512, 0, 0, 0, 0, 0, 0, 0, 0, 0, 0, 0, 0, 0]",1,128,512.0,12288.0,25420198380,25420206831,25749002153,25749004744,0,768,768,-1,1,8451,2591,96,64,64,3
12,3,"[8, 512, 0, 0, 0, 0, 0, 0, 0, 0, 0, 0, 0, 0, 0, 8, 512, 0, 0, 0, 0, 0, 0, 0, 0, 0, 0, 0, 0, 0]",1,128,512.0,12288.0,25420280664,25420288288,25749005512,25749008104,0,736,736,-1,1,7624,2592,96,64,64,3
16,3,"[8, 512, 0, 0, 0, 0, 0, 0, 0, 0, 0, 0, 0, 0, 0, 4, 0, 0, 0, 0, 0, 0, 0, 0, 0, 0, 0, 0, 0, 0]",1,128,512.0,8196.0,25420361282,25420368907,25749008840,25749011400,0,800,800,-1,1,7625,2560,96,64,64,3
12,3,"[8, 512, 0, 0, 0, 0, 0, 0, 0, 0, 0, 0, 0, 0, 0, 8, 512, 0, 0, 0, 0, 0, 0, 0, 0, 0, 0, 0, 0, 0]",1,128,512.0,12288.0,25420440562,25420448534,25749012200,25749014984,0,800,800,-1,1,7972,2784,96,64,64,3
12,3,"[8, 512, 0, 0, 0, 0, 0, 0, 0, 0, 0, 0, 0, 0, 0, 8, 512, 0, 0, 0, 0, 0, 0, 0, 0, 0, 0, 0, 0, 0]",1,128,512.0,12288.0,25420522691,25420530155,25749015784,25749018376,0,640,640,-1,1,7464,2592,96,64,64,3
16,3,"[8, 512, 0, 0, 0, 0, 0, 0, 0, 0, 0, 0, 0, 0, 0, 4, 0, 0, 0, 0, 0, 0, 0, 0, 0, 0, 0, 0, 0, 0]",1,128,512.0,8196.0,25420602249,25420610252,25749019016,25749021576,0,640,640,-1,1,8003,2560,96,64,64,3
12,3,"[8, 512, 0, 0, 0, 0, 0, 0, 0, 0, 0, 0, 0, 0, 0, 8, 512, 0, 0, 0, 0, 0, 0, 0, 0, 0, 0, 0, 0, 0]",1,128,512.0,12288.0,25420682921,25420690268,25749022216,25749024744,0,800,800,-1,1,7347,2528,96,64,64,3
12,3,"[8, 512, 0, 0, 0, 0, 0, 0, 0, 0, 0, 0, 0, 0, 0, 8, 512, 0, 0, 0, 0, 0, 0, 0, 0, 0, 0, 0, 0, 0]",1,128,512.0,12288.0,25420762235,25420771967,25749025544,25749028136,0,704,704,-1,1,9732,2592,96,64,64,3
16,3,"[8, 2048, 512, 0, 0, 0, 0, 0, 0, 0, 0, 0, 0, 0, 0, 4, 0, 0, 0, 0, 0, 0, 0, 0, 0, 0, 0, 0, 0, 0]",2048,128,1048576.0,16777220.0,25421001698,25421013256,25749028840,25749099495,0,640,640,-1,1,11558,70655,96,64,64,3
12,3,"[8, 2048, 512, 0, 0, 0, 0, 0, 0, 0, 0, 0, 0, 0, 0, 8, 2048, 512, 0, 0, 0, 0, 0, 0, 0, 0, 0, 0, 0, 0]",2048,128,1048576.0,25165824.0,25421100195,25421109371,25749100135,25749210949,0,672,672,-1,1,9176,110814,96,64,64,3
12,3,"[8, 2048, 512, 0, 0, 0, 0, 0, 0, 0, 0, 0, 0, 0, 0, 8, 2048, 512, 0, 0, 0, 0, 0, 0, 0, 0, 0, 0, 0, 0]",2048,128,1048576.0,25165824.0,25421184924,25421192821,25749211621,25749319555,0,736,736,-1,1,7897,107934,96,64,64,3
16,3,"[8, 2048, 0, 0, 0, 0, 0, 0, 0, 0, 0, 0, 0, 0, 0, 4, 0, 0, 0, 0, 0, 0, 0, 0, 0, 0, 0, 0, 0, 0]",4,128,2048.0,32772.0,25421265455,25421273498,25749320291,25749323363,0,640,640,-1,1,8043,3072,96,64,64,3
12,3,"[8, 2048, 0, 0, 0, 0, 0, 0, 0, 0, 0, 0, 0, 0, 0, 8, 2048, 0, 0, 0, 0, 0, 0, 0, 0, 0, 0, 0, 0, 0]",4,128,2048.0,49152.0,25421346169,25436986438,25749324003,25749326916,0,704,704,-1,1,15640269,2913,96,64,64,3
12,3,"[8, 2048, 0, 0, 0, 0, 0, 0, 0, 0, 0, 0, 0, 0, 0, 8, 2048, 0, 0, 0, 0, 0, 0, 0, 0, 0, 0, 0, 0, 0]",4,128,2048.0,49152.0,25437077565,25437085873,25749327620,25749330275,0,640,640,-1,1,8308,2655,96,64,64,3
16,3,"[8, 512, 2048, 0, 0, 0, 0, 0, 0, 0, 0, 0, 0, 0, 0, 4, 0, 0, 0, 0, 0, 0, 0, 0, 0, 0, 0, 0, 0, 0]",2048,128,1048576.0,16777220.0,25437160884,25450506193,25749330915,25749402114,0,672,672,-1,1,13345309,71199,96,64,64,3
12,3,"[8, 512, 2048, 0, 0, 0, 0, 0, 0, 0, 0, 0, 0, 0, 0, 8, 512, 2048, 0, 0, 0, 0, 0, 0, 0, 0, 0, 0, 0, 0]",2048,128,1048576.0,25165824.0,25450584112,25450592553,25749402786,25749512832,0,704,704,-1,1,8441,110046,96,64,64,3
12,3,"[8, 512, 2048, 0, 0, 0, 0, 0, 0, 0, 0, 0, 0, 0, 0, 8, 512, 2048, 0, 0, 0, 0, 0, 0, 0, 0, 0, 0, 0, 0]",2048,128,1048576.0,25165824.0,25450665275,25454562215,25749513536,25749621247,0,800,800,-1,1,3896940,107711,96,64,64,3
16,3,"[8, 512, 0, 0, 0, 0, 0, 0, 0, 0, 0, 0, 0, 0, 0, 4, 0, 0, 0, 0, 0, 0, 0, 0, 0, 0, 0, 0, 0, 0]",1,128,512.0,8196.0,25454639307,25454647382,25749622047,25749625087,0,672,672,-1,1,8075,3040,96,64,64,3
12,3,"[8, 512, 0, 0, 0, 0, 0, 0, 0, 0, 0, 0, 0, 0, 0, 8, 512, 0, 0, 0, 0, 0, 0, 0, 0, 0, 0, 0, 0, 0]",1,128,512.0,12288.0,25454721807,25454793458,25749625759,25749628671,0,832,832,-1,1,71651,2912,96,64,64,3
12,3,"[8, 512, 0, 0, 0, 0, 0, 0, 0, 0, 0, 0, 0, 0, 0, 8, 512, 0, 0, 0, 0, 0, 0, 0, 0, 0, 0, 0, 0, 0]",1,128,512.0,12288.0,25454868125,25454876104,25749629503,25749632095,0,735,735,-1,1,7979,2592,96,64,64,3
16,3,"[8, 512, 1, 1, 0, 0, 0, 0, 0, 0, 0, 0, 0, 0, 0, 4, 0, 0, 0, 0, 0, 0, 0, 0, 0, 0, 0, 0, 0, 0]",1,128,512.0,8196.0,25454950445,25470924721,25749632830,25749635423,0,767,767,-1,1,15974276,2593,96,64,64,3
12,3,"[8, 512, 1, 1, 0, 0, 0, 0, 0, 0, 0, 0, 0, 0, 0, 8, 512, 1, 1, 0, 0, 0, 0, 0, 0, 0, 0, 0, 0, 0]",1,128,512.0,12288.0,25471003393,25471011676,25749636190,25749638783,0,639,639,-1,1,8283,2593,96,64,64,3
12,3,"[8, 512, 1, 1, 0, 0, 0, 0, 0, 0, 0, 0, 0, 0, 0, 8, 512, 1, 1, 0, 0, 0, 0, 0, 0, 0, 0, 0, 0, 0]",1,128,512.0,12288.0,25471085169,25484391565,25749639422,25749642015,0,767,767,-1,1,13306396,2593,96,64,64,3
16,3,"[8, 512, 1, 7, 7, 0, 0, 0, 0, 0, 0, 0, 0, 0, 0, 4, 0, 0, 0, 0, 0, 0, 0, 0, 0, 0, 0, 0, 0, 0]",49,128,25088.0,401412.0,25484477950,25484487002,25749642782,25749646174,0,737,737,-1,1,9052,3392,96,64,64,3
12,3,"[8, 512, 1, 7, 7, 0, 0, 0, 0, 0, 0, 0, 0, 0, 0, 8, 512, 1, 7, 7, 0, 0, 0, 0, 0, 0, 0, 0, 0, 0]",49,128,25088.0,602112.0,25484562689,25484570725,25749646911,25749650622,0,736,736,-1,1,8036,3711,96,64,64,3
12,3,"[8, 512, 1, 7, 7, 0, 0, 0, 0, 0, 0, 0, 0, 0, 0, 8, 512, 1, 7, 7, 0, 0, 0, 0, 0, 0, 0, 0, 0, 0]",49,128,25088.0,602112.0,25484643596,25484863718,25749651358,25749654942,0,736,736,-1,1,220122,3584,96,64,64,3
16,3,"[8, 512, 0, 0, 0, 0, 0, 0, 0, 0, 0, 0, 0, 0, 0, 4, 0, 0, 0, 0, 0, 0, 0, 0, 0, 0, 0, 0, 0, 0]",1,128,512.0,8196.0,25484940633,25485043625,25749655678,25749658206,0,640,640,-1,1,102992,2528,96,64,64,3
12,3,"[8, 512, 0, 0, 0, 0, 0, 0, 0, 0, 0, 0, 0, 0, 0, 8, 512, 0, 0, 0, 0, 0, 0, 0, 0, 0, 0, 0, 0, 0]",1,128,512.0,12288.0,25485117351,25485125439,25749658846,25749661438,0,800,800,-1,1,8088,2592,96,64,64,3
12,3,"[8, 512, 0, 0, 0, 0, 0, 0, 0, 0, 0, 0, 0, 0, 0, 8, 512, 0, 0, 0, 0, 0, 0, 0, 0, 0, 0, 0, 0, 0]",1,128,512.0,12288.0,25485197838,25485205336,25749662238,25749664830,0,736,736,-1,1,7498,2592,96,64,64,3
16,3,"[8, 512, 0, 0, 0, 0, 0, 0, 0, 0, 0, 0, 0, 0, 0, 4, 0, 0, 0, 0, 0, 0, 0, 0, 0, 0, 0, 0, 0, 0]",1,128,512.0,8196.0,25485276819,25485286897,25749665566,25749668126,0,768,768,-1,1,10078,2560,96,64,64,3
12,3,"[8, 512, 0, 0, 0, 0, 0, 0, 0, 0, 0, 0, 0, 0, 0, 8, 512, 0, 0, 0, 0, 0, 0, 0, 0, 0, 0, 0, 0, 0]",1,128,512.0,12288.0,25485360123,25486119474,25749668894,25749671774,0,672,672,-1,1,759351,2880,96,64,64,3
12,3,"[8, 512, 0, 0, 0, 0, 0, 0, 0, 0, 0, 0, 0, 0, 0, 8, 512, 0, 0, 0, 0, 0, 0, 0, 0, 0, 0, 0, 0, 0]",1,128,512.0,12288.0,25486192817,25486852933,25749672446,25749675038,0,736,736,-1,1,660116,2592,96,64,64,3
16,3,"[8, 512, 0, 0, 0, 0, 0, 0, 0, 0, 0, 0, 0, 0, 0, 4, 0, 0, 0, 0, 0, 0, 0, 0, 0, 0, 0, 0, 0, 0]",1,128,512.0,8196.0,25486926363,25486934060,25749675774,25749678302,0,640,640,-1,1,7697,2528,96,64,64,3
12,3,"[8, 512, 0, 0, 0, 0, 0, 0, 0, 0, 0, 0, 0, 0, 0, 8, 512, 0, 0, 0, 0, 0, 0, 0, 0, 0, 0, 0, 0, 0]",1,128,512.0,12288.0,25487006339,25487013603,25749678942,25749681566,0,736,736,-1,1,7264,2624,96,64,64,3
12,3,"[8, 512, 0, 0, 0, 0, 0, 0, 0, 0, 0, 0, 0, 0, 0, 8, 512, 0, 0, 0, 0, 0, 0, 0, 0, 0, 0, 0, 0, 0]",1,128,512.0,12288.0,25487085763,25487093360,25749682302,25749684894,0,768,768,-1,1,7597,2592,96,64,64,3
16,3,"[8, 2048, 512, 0, 0, 0, 0, 0, 0, 0, 0, 0, 0, 0, 0, 4, 0, 0, 0, 0, 0, 0, 0, 0, 0, 0, 0, 0, 0, 0]",2048,128,1048576.0,16777220.0,25487166928,25487174390,25749685662,25749756605,0,704,704,-1,1,7462,70943,96,64,64,3
12,3,"[8, 2048, 512, 0, 0, 0, 0, 0, 0, 0, 0, 0, 0, 0, 0, 8, 2048, 512, 0, 0, 0, 0, 0, 0, 0, 0, 0, 0, 0, 0]",2048,128,1048576.0,25165824.0,25487246815,25487254485,25749757309,25749866395,0,640,640,-1,1,7670,109086,96,64,64,3
12,3,"[8, 2048, 512, 0, 0, 0, 0, 0, 0, 0, 0, 0, 0, 0, 0, 8, 2048, 512, 0, 0, 0, 0, 0, 0, 0, 0, 0, 0, 0, 0]",2048,128,1048576.0,25165824.0,25487326295,25487333594,25749867035,25749976057,0,768,768,-1,1,7299,109022,96,64,64,3
16,3,"[8, 2048, 0, 0, 0, 0, 0, 0, 0, 0, 0, 0, 0, 0, 0, 4, 0, 0, 0, 0, 0, 0, 0, 0, 0, 0, 0, 0, 0, 0]",4,128,2048.0,32772.0,25487405925,25487423143,25749976825,25749979897,0,640,640,-1,1,17218,3072,96,64,64,3
12,3,"[8, 2048, 0, 0, 0, 0, 0, 0, 0, 0, 0, 0, 0, 0, 0, 8, 2048, 0, 0, 0, 0, 0, 0, 0, 0, 0, 0, 0, 0, 0]",4,128,2048.0,49152.0,25487498266,25487531731,25749980537,25749983481,0,768,768,-1,1,33465,2944,96,64,64,3
12,3,"[8, 2048, 0, 0, 0, 0, 0, 0, 0, 0, 0, 0, 0, 0, 0, 8, 2048, 0, 0, 0, 0, 0, 0, 0, 0, 0, 0, 0, 0, 0]",4,128,2048.0,49152.0,25487604786,25494297297,25749984249,25749986841,0,768,768,-1,1,6692511,2592,96,64,64,3
16,3,"[8, 512, 2048, 0, 0, 0, 0, 0, 0, 0, 0, 0, 0, 0, 0, 4, 0, 0, 0, 0, 0, 0, 0, 0, 0, 0, 0, 0, 0, 0]",2048,128,1048576.0,16777220.0,25494376107,25494384688,25749987609,25750057944,0,704,704,-1,1,8581,70335,96,64,64,3
12,3,"[8, 512, 2048, 0, 0, 0, 0, 0, 0, 0, 0, 0, 0, 0, 0, 8, 512, 2048, 0, 0, 0, 0, 0, 0, 0, 0, 0, 0, 0, 0]",2048,128,1048576.0,25165824.0,25494458315,25494466032,25750058648,25750167798,0,736,736,-1,1,7717,109150,96,64,64,3
12,3,"[8, 512, 2048, 0, 0, 0, 0, 0, 0, 0, 0, 0, 0, 0, 0, 8, 512, 2048, 0, 0, 0, 0, 0, 0, 0, 0, 0, 0, 0, 0]",2048,128,1048576.0,25165824.0,25494538251,25501197543,25750168534,25750276085,0,608,608,-1,1,6659292,107551,96,64,64,3
16,3,"[8, 512, 0, 0, 0, 0, 0, 0, 0, 0, 0, 0, 0, 0, 0, 4, 0, 0, 0, 0, 0, 0, 0, 0, 0, 0, 0, 0, 0, 0]",1,128,512.0,8196.0,25501275735,25501284165,25750276693,25750279765,0,768,768,-1,1,8430,3072,96,64,64,3
12,3,"[8, 512, 0, 0, 0, 0, 0, 0, 0, 0, 0, 0, 0, 0, 0, 8, 512, 0, 0, 0, 0, 0, 0, 0, 0, 0, 0, 0, 0, 0]",1,128,512.0,12288.0,25501357471,25501365137,25750280533,25750283444,0,609,609,-1,1,7666,2911,96,64,64,3
12,3,"[8, 512, 0, 0, 0, 0, 0, 0, 0, 0, 0, 0, 0, 0, 0, 8, 512, 0, 0, 0, 0, 0, 0, 0, 0, 0, 0, 0, 0, 0]",1,128,512.0,12288.0,25501436374,25501443784,25750284053,25750286645,0,768,768,-1,1,7410,2592,96,64,64,3
16,3,"[8, 512, 1, 1, 0, 0, 0, 0, 0, 0, 0, 0, 0, 0, 0, 4, 0, 0, 0, 0, 0, 0, 0, 0, 0, 0, 0, 0, 0, 0]",1,128,512.0,8196.0,25501519019,25501527151,25750287413,25750289973,0,736,736,-1,1,8132,2560,96,64,64,3
12,3,"[8, 512, 1, 1, 0, 0, 0, 0, 0, 0, 0, 0, 0, 0, 0, 8, 512, 1, 1, 0, 0, 0, 0, 0, 0, 0, 0, 0, 0, 0]",1,128,512.0,12288.0,25501601850,25501609651,25750290709,25750293333,0,767,767,-1,1,7801,2624,96,64,64,3
12,3,"[8, 512, 1, 1, 0, 0, 0, 0, 0, 0, 0, 0, 0, 0, 0, 8, 512, 1, 1, 0, 0, 0, 0, 0, 0, 0, 0, 0, 0, 0]",1,128,512.0,12288.0,25501811724,25502446854,25750294100,25750296693,0,735,735,-1,1,635130,2593,96,64,64,3
16,3,"[8, 512, 1, 7, 7, 0, 0, 0, 0, 0, 0, 0, 0, 0, 0, 4, 0, 0, 0, 0, 0, 0, 0, 0, 0, 0, 0, 0, 0, 0]",49,128,25088.0,401412.0,25502534184,25503118165,25750297428,25750300916,0,608,608,-1,1,583981,3488,96,64,64,3
12,3,"[8, 512, 1, 7, 7, 0, 0, 0, 0, 0, 0, 0, 0, 0, 0, 8, 512, 1, 7, 7, 0, 0, 0, 0, 0, 0, 0, 0, 0, 0]",49,128,25088.0,602112.0,25503197389,25503206372,25750301524,25750305140,0,736,736,-1,1,8983,3616,96,64,64,3
12,3,"[8, 512, 1, 7, 7, 0, 0, 0, 0, 0, 0, 0, 0, 0, 0, 8, 512, 1, 7, 7, 0, 0, 0, 0, 0, 0, 0, 0, 0, 0]",49,128,25088.0,602112.0,25503281669,25503289387,25750305876,25750309524,0,736,736,-1,1,7718,3648,96,64,64,3
16,3,"[8, 512, 0, 0, 0, 0, 0, 0, 0, 0, 0, 0, 0, 0, 0, 4, 0, 0, 0, 0, 0, 0, 0, 0, 0, 0, 0, 0, 0, 0]",1,128,512.0,8196.0,25503362858,25503370965,25750310260,25750312948,0,640,640,-1,1,8107,2688,96,64,64,3
12,3,"[8, 512, 0, 0, 0, 0, 0, 0, 0, 0, 0, 0, 0, 0, 0, 8, 512, 0, 0, 0, 0, 0, 0, 0, 0, 0, 0, 0, 0, 0]",1,128,512.0,12288.0,25503444464,25503540063,25750313588,25750316148,0,800,800,-1,1,95599,2560,96,64,64,3
12,3,"[8, 512, 0, 0, 0, 0, 0, 0, 0, 0, 0, 0, 0, 0, 0, 8, 512, 0, 0, 0, 0, 0, 0, 0, 0, 0, 0, 0, 0, 0]",1,128,512.0,12288.0,25503615753,25503938256,25750316948,25750319540,0,640,640,-1,1,322503,2592,96,64,64,3
16,3,"[8, 512, 0, 0, 0, 0, 0, 0, 0, 0, 0, 0, 0, 0, 0, 4, 0, 0, 0, 0, 0, 0, 0, 0, 0, 0, 0, 0, 0, 0]",1,128,512.0,8196.0,25504012584,25504020446,25750320180,25750322772,0,768,768,-1,1,7862,2592,96,64,64,3
12,3,"[8, 512, 0, 0, 0, 0, 0, 0, 0, 0, 0, 0, 0, 0, 0, 8, 512, 0, 0, 0, 0, 0, 0, 0, 0, 0, 0, 0, 0, 0]",1,128,512.0,12288.0,25504093928,25504101750,25750323540,25750326100,0,672,672,-1,1,7822,2560,96,64,64,3
12,3,"[8, 512, 0, 0, 0, 0, 0, 0, 0, 0, 0, 0, 0, 0, 0, 8, 512, 0, 0, 0, 0, 0, 0, 0, 0, 0, 0, 0, 0, 0]",1,128,512.0,12288.0,25504177969,25504185771,25750326772,25750329364,0,768,768,-1,1,7802,2592,96,64,64,3
16,3,"[8, 512, 0, 0, 0, 0, 0, 0, 0, 0, 0, 0, 0, 0, 0, 4, 0, 0, 0, 0, 0, 0, 0, 0, 0, 0, 0, 0, 0, 0]",1,128,512.0,8196.0,25504259015,25504266820,25750330132,25750332660,0,640,640,-1,1,7805,2528,96,64,64,3
12,3,"[8, 512, 0, 0, 0, 0, 0, 0, 0, 0, 0, 0, 0, 0, 0, 8, 512, 0, 0, 0, 0, 0, 0, 0, 0, 0, 0, 0, 0, 0]",1,128,512.0,12288.0,25504338577,25504346386,25750333300,25750335828,0,768,768,-1,1,7809,2528,96,64,64,3
12,3,"[8, 512, 0, 0, 0, 0, 0, 0, 0, 0, 0, 0, 0, 0, 0, 8, 512, 0, 0, 0, 0, 0, 0, 0, 0, 0, 0, 0, 0, 0]",1,128,512.0,12288.0,25504416949,25504424061,25750336596,25750339252,0,736,736,-1,1,7112,2656,96,64,64,3
16,3,"[8, 2048, 512, 0, 0, 0, 0, 0, 0, 0, 0, 0, 0, 0, 0, 4, 0, 0, 0, 0, 0, 0, 0, 0, 0, 0, 0, 0, 0, 0]",2048,128,1048576.0,16777220.0,25504497283,25520359660,25750339988,25750409779,0,768,768,-1,1,15862377,69791,96,64,64,3
12,3,"[8, 2048, 512, 0, 0, 0, 0, 0, 0, 0, 0, 0, 0, 0, 0, 8, 2048, 512, 0, 0, 0, 0, 0, 0, 0, 0, 0, 0, 0, 0]",2048,128,1048576.0,25165824.0,25520438758,25520447025,25750410547,25750520433,0,704,704,-1,1,8267,109886,96,64,64,3
12,3,"[8, 2048, 512, 0, 0, 0, 0, 0, 0, 0, 0, 0, 0, 0, 0, 8, 2048, 512, 0, 0, 0, 0, 0, 0, 0, 0, 0, 0, 0, 0]",2048,128,1048576.0,25165824.0,25520519291,25533560756,25750521137,25750629071,0,640,640,-1,1,13041465,107934,96,64,64,3
16,3,"[8, 2048, 0, 0, 0, 0, 0, 0, 0, 0, 0, 0, 0, 0, 0, 4, 0, 0, 0, 0, 0, 0, 0, 0, 0, 0, 0, 0, 0, 0]",4,128,2048.0,32772.0,25533643609,25533652646,25750629711,25750632815,0,608,608,-1,1,9037,3104,96,64,64,3
12,3,"[8, 2048, 0, 0, 0, 0, 0, 0, 0, 0, 0, 0, 0, 0, 0, 8, 2048, 0, 0, 0, 0, 0, 0, 0, 0, 0, 0, 0, 0, 0]",4,128,2048.0,49152.0,25533725076,25541606948,25750633423,25750636367,0,800,800,-1,1,7881872,2944,96,64,64,3
12,3,"[8, 2048, 0, 0, 0, 0, 0, 0, 0, 0, 0, 0, 0, 0, 0, 8, 2048, 0, 0, 0, 0, 0, 0, 0, 0, 0, 0, 0, 0, 0]",4,128,2048.0,49152.0,25541681977,25541689989,25750637167,25750639791,0,736,736,-1,1,8012,2624,96,64,64,3
16,3,"[8, 512, 2048, 0, 0, 0, 0, 0, 0, 0, 0, 0, 0, 0, 0, 4, 0, 0, 0, 0, 0, 0, 0, 0, 0, 0, 0, 0, 0, 0]",2048,128,1048576.0,16777220.0,25541765278,25542009404,25750640527,25750711022,0,672,672,-1,1,244126,70495,96,64,64,3
12,3,"[8, 512, 2048, 0, 0, 0, 0, 0, 0, 0, 0, 0, 0, 0, 0, 8, 512, 2048, 0, 0, 0, 0, 0, 0, 0, 0, 0, 0, 0, 0]",2048,128,1048576.0,25165824.0,25542083259,25542091225,25750711694,25750821164,0,800,800,-1,1,7966,109470,96,64,64,3
12,3,"[8, 512, 2048, 0, 0, 0, 0, 0, 0, 0, 0, 0, 0, 0, 0, 8, 512, 2048, 0, 0, 0, 0, 0, 0, 0, 0, 0, 0, 0, 0]",2048,128,1048576.0,25165824.0,25542163889,25558131827,25750821964,25750929515,0,672,672,-1,1,15967938,107551,96,64,64,3
16,3,"[8, 512, 0, 0, 0, 0, 0, 0, 0, 0, 0, 0, 0, 0, 0, 4, 0, 0, 0, 0, 0, 0, 0, 0, 0, 0, 0, 0, 0, 0]",1,128,512.0,8196.0,25558209400,25558218000,25750930187,25750933291,0,639,639,-1,1,8600,3104,96,64,64,3
12,3,"[8, 512, 0, 0, 0, 0, 0, 0, 0, 0, 0, 0, 0, 0, 0, 8, 512, 0, 0, 0, 0, 0, 0, 0, 0, 0, 0, 0, 0, 0]",1,128,512.0,12288.0,25558290538,25571593974,25750933930,25750936843,0,800,800,-1,1,13303436,2913,96,64,64,3
12,3,"[8, 512, 0, 0, 0, 0, 0, 0, 0, 0, 0, 0, 0, 0, 0, 8, 512, 0, 0, 0, 0, 0, 0, 0, 0, 0, 0, 0, 0, 0]",1,128,512.0,12288.0,25571672291,25571680586,25750937643,25750940234,0,641,641,-1,1,8295,2591,96,64,64,3
16,3,"[8, 512, 0, 0, 0, 0, 0, 0, 0, 0, 0, 0, 0, 0, 0, 4, 0, 0, 0, 0, 0, 0, 0, 0, 0, 0, 0, 0, 0, 0]",1,128,512.0,8196.0,25571753829,25571825267,25750940875,25750943434,0,801,801,-1,1,71438,2559,96,64,64,3
12,3,"[8, 512, 0, 0, 0, 0, 0, 0, 0, 0, 0, 0, 0, 0, 0, 8, 512, 0, 0, 0, 0, 0, 0, 0, 0, 0, 0, 0, 0, 0]",1,128,512.0,12288.0,25571898479,25572763552,25750944235,25750946858,0,736,736,-1,1,865073,2623,96,64,64,3
12,3,"[8, 512, 0, 0, 0, 0, 0, 0, 0, 0, 0, 0, 0, 0, 0, 8, 512, 0, 0, 0, 0, 0, 0, 0, 0, 0, 0, 0, 0, 0]",1,128,512.0,12288.0,25572838114,25573434523,25750947594,25750950186,0,768,768,-1,1,596409,2592,96,64,64,3
16,3,"[8, 512, 0, 0, 0, 0, 0, 0, 0, 0, 0, 0, 0, 0, 0, 4, 0, 0, 0, 0, 0, 0, 0, 0, 0, 0, 0, 0, 0, 0]",1,128,512.0,8196.0,25573507528,25573515645,25750950954,25750953482,0,640,640,-1,1,8117,2528,96,64,64,3
12,3,"[8, 512, 0, 0, 0, 0, 0, 0, 0, 0, 0, 0, 0, 0, 0, 8, 512, 0, 0, 0, 0, 0, 0, 0, 0, 0, 0, 0, 0, 0]",1,128,512.0,12288.0,25573586696,25573594110,25750954122,25750956714,0,768,768,-1,1,7414,2592,96,64,64,3
12,3,"[8, 512, 0, 0, 0, 0, 0, 0, 0, 0, 0, 0, 0, 0, 0, 8, 512, 0, 0, 0, 0, 0, 0, 0, 0, 0, 0, 0, 0, 0]",1,128,512.0,12288.0,25573666525,25573674264,25750957482,25750960074,0,736,736,-1,1,7739,2592,96,64,64,3
16,3,"[8, 1024, 512, 2, 2, 0, 0, 0, 0, 0, 0, 0, 0, 0, 0, 4, 0, 0, 0, 0, 0, 0, 0, 0, 0, 0, 0, 0, 0, 0]",4096,128,2097152.0,33554436.0,25573747883,25573880209,25750960810,25751103208,0,800,800,-1,1,132326,142398,96,64,64,3
12,3,"[8, 1024, 512, 2, 2, 0, 0, 0, 0, 0, 0, 0, 0, 0, 0, 8, 1024, 512, 2, 2, 0, 0, 0, 0, 0, 0, 0, 0, 0, 0]",4096,128,2097152.0,50331648.0,25573954186,25575465482,25751104008,25751321701,0,639,639,-1,1,1511296,217693,96,64,64,3
12,3,"[8, 1024, 512, 2, 2, 0, 0, 0, 0, 0, 0, 0, 0, 0, 0, 8, 1024, 512, 2, 2, 0, 0, 0, 0, 0, 0, 0, 0, 0, 0]",4096,128,2097152.0,50331648.0,25575540670,25576883614,25751322340,25751536641,0,704,704,-1,1,1342944,214301,96,64,64,3
16,3,"[8, 1024, 0, 0, 0, 0, 0, 0, 0, 0, 0, 0, 0, 0, 0, 4, 0, 0, 0, 0, 0, 0, 0, 0, 0, 0, 0, 0, 0, 0]",2,128,1024.0,16388.0,25576961969,25576970004,25751537345,25751540513,0,768,768,-1,1,8035,3168,96,64,64,3
12,3,"[8, 1024, 0, 0, 0, 0, 0, 0, 0, 0, 0, 0, 0, 0, 0, 8, 1024, 0, 0, 0, 0, 0, 0, 0, 0, 0, 0, 0, 0, 0]",2,128,1024.0,24576.0,25577045942,25577053932,25751541281,25751544481,0,736,736,-1,1,7990,3200,96,64,64,3
12,3,"[8, 1024, 0, 0, 0, 0, 0, 0, 0, 0, 0, 0, 0, 0, 0, 8, 1024, 0, 0, 0, 0, 0, 0, 0, 0, 0, 0, 0, 0, 0]",2,128,1024.0,24576.0,25577126177,25577354050,25751545217,25751547809,0,736,736,-1,1,227873,2592,96,64,64,3
16,3,"[8, 1024, 1, 1, 0, 0, 0, 0, 0, 0, 0, 0, 0, 0, 0, 4, 0, 0, 0, 0, 0, 0, 0, 0, 0, 0, 0, 0, 0, 0]",2,128,1024.0,16388.0,25577428604,25577437125,25751548545,25751551105,0,768,768,-1,1,8521,2560,96,64,64,3
12,3,"[8, 1024, 1, 1, 0, 0, 0, 0, 0, 0, 0, 0, 0, 0, 0, 8, 1024, 1, 1, 0, 0, 0, 0, 0, 0, 0, 0, 0, 0, 0]",2,128,1024.0,24576.0,25577509271,25577516531,25751551873,25751554465,0,768,768,-1,1,7260,2592,96,64,64,3
12,3,"[8, 1024, 1, 1, 0, 0, 0, 0, 0, 0, 0, 0, 0, 0, 0, 8, 1024, 1, 1, 0, 0, 0, 0, 0, 0, 0, 0, 0, 0, 0]",2,128,1024.0,24576.0,25577588787,25577596255,25751555233,25751557857,0,672,672,-1,1,7468,2624,96,64,64,3
16,3,"[8, 1024, 1, 7, 7, 0, 0, 0, 0, 0, 0, 0, 0, 0, 0, 4, 0, 0, 0, 0, 0, 0, 0, 0, 0, 0, 0, 0, 0, 0]",98,128,50176.0,802820.0,25577669455,25577788455,25751558529,25751563489,0,672,672,-1,1,119000,4960,96,64,64,3
12,3,"[8, 1024, 1, 7, 7, 0, 0, 0, 0, 0, 0, 0, 0, 0, 0, 8, 1024, 1, 7, 7, 0, 0, 0, 0, 0, 0, 0, 0, 0, 0]",98,128,50176.0,1204224.0,25577995522,25578187329,25751564161,25751568929,0,672,672,-1,1,191807,4768,96,64,64,3
12,3,"[8, 1024, 1, 7, 7, 0, 0, 0, 0, 0, 0, 0, 0, 0, 0, 8, 1024, 1, 7, 7, 0, 0, 0, 0, 0, 0, 0, 0, 0, 0]",98,128,50176.0,1204224.0,25578272605,25578281093,25751569601,25751574433,0,736,736,-1,1,8488,4832,96,64,64,3
16,3,"[8, 1024, 0, 0, 0, 0, 0, 0, 0, 0, 0, 0, 0, 0, 0, 4, 0, 0, 0, 0, 0, 0, 0, 0, 0, 0, 0, 0, 0, 0]",2,128,1024.0,16388.0,25578357948,25578366428,25751575169,25751577825,0,735,735,-1,1,8480,2656,96,64,64,3
12,3,"[8, 1024, 0, 0, 0, 0, 0, 0, 0, 0, 0, 0, 0, 0, 0, 8, 1024, 0, 0, 0, 0, 0, 0, 0, 0, 0, 0, 0, 0, 0]",2,128,1024.0,24576.0,25578439975,25578447361,25751578560,25751581185,0,735,735,-1,1,7386,2625,96,64,64,3
12,3,"[8, 1024, 0, 0, 0, 0, 0, 0, 0, 0, 0, 0, 0, 0, 0, 8, 1024, 0, 0, 0, 0, 0, 0, 0, 0, 0, 0, 0, 0, 0]",2,128,1024.0,24576.0,25578519433,25578529144,25751581920,25751584544,0,673,673,-1,1,9711,2624,96,64,64,3
16,3,"[8, 1024, 0, 0, 0, 0, 0, 0, 0, 0, 0, 0, 0, 0, 0, 4, 0, 0, 0, 0, 0, 0, 0, 0, 0, 0, 0, 0, 0, 0]",2,128,1024.0,16388.0,25578601809,25578609832,25751585217,25751587841,0,767,767,-1,1,8023,2624,96,64,64,3
12,3,"[8, 1024, 0, 0, 0, 0, 0, 0, 0, 0, 0, 0, 0, 0, 0, 8, 1024, 0, 0, 0, 0, 0, 0, 0, 0, 0, 0, 0, 0, 0]",2,128,1024.0,24576.0,25578681737,25578689042,25751588608,25751591200,0,737,737,-1,1,7305,2592,96,64,64,3
12,3,"[8, 1024, 0, 0, 0, 0, 0, 0, 0, 0, 0, 0, 0, 0, 0, 8, 1024, 0, 0, 0, 0, 0, 0, 0, 0, 0, 0, 0, 0, 0]",2,128,1024.0,24576.0,25578759724,25595119159,25751591937,25751594528,0,769,769,-1,1,16359435,2591,96,64,64,3
16,3,"[8, 1024, 0, 0, 0, 0, 0, 0, 0, 0, 0, 0, 0, 0, 0, 4, 0, 0, 0, 0, 0, 0, 0, 0, 0, 0, 0, 0, 0, 0]",2,128,1024.0,16388.0,25595203661,25595212590,25751595297,25751597984,0,673,673,-1,1,8929,2687,96,64,64,3
12,3,"[8, 1024, 0, 0, 0, 0, 0, 0, 0, 0, 0, 0, 0, 0, 0, 8, 1024, 0, 0, 0, 0, 0, 0, 0, 0, 0, 0, 0, 0, 0]",2,128,1024.0,24576.0,25595285944,25609012476,25751598657,25751601248,0,736,736,-1,1,13726532,2591,96,64,64,3
12,3,"[8, 1024, 0, 0, 0, 0, 0, 0, 0, 0, 0, 0, 0, 0, 0, 8, 1024, 0, 0, 0, 0, 0, 0, 0, 0, 0, 0, 0, 0, 0]",2,128,1024.0,24576.0,25609090720,25609098789,25751601984,25751604576,0,768,768,-1,1,8069,2592,96,64,64,3
16,3,"[8, 4096, 1024, 0, 0, 0, 0, 0, 0, 0, 0, 0, 0, 0, 0, 4, 0, 0, 0, 0, 0, 0, 0, 0, 0, 0, 0, 0, 0, 0]",8192,128,4194304.0,67108868.0,25609173507,25617297132,25751605344,25751890748,0,704,704,-1,1,8123625,285404,96,64,64,3
12,3,"[8, 4096, 1024, 0, 0, 0, 0, 0, 0, 0, 0, 0, 0, 0, 0, 8, 4096, 1024, 0, 0, 0, 0, 0, 0, 0, 0, 0, 0, 0, 0]",8192,128,4194304.0,100663296.0,25617374619,25617382855,25751891452,25752323317,0,608,608,-1,1,8236,431865,96,64,64,3
12,3,"[8, 4096, 1024, 0, 0, 0, 0, 0, 0, 0, 0, 0, 0, 0, 0, 8, 4096, 1024, 0, 0, 0, 0, 0, 0, 0, 0, 0, 0, 0, 0]",8192,128,4194304.0,100663296.0,25617456451,25617705697,25752323925,25752755855,0,895,895,-1,1,249246,431930,96,64,64,3
16,3,"[8, 4096, 0, 0, 0, 0, 0, 0, 0, 0, 0, 0, 0, 0, 0, 4, 0, 0, 0, 0, 0, 0, 0, 0, 0, 0, 0, 0, 0, 0]",8,128,4096.0,65540.0,25617781234,25617789567,25752756750,25752759887,0,735,735,-1,1,8333,3137,96,64,64,3
12,3,"[8, 4096, 0, 0, 0, 0, 0, 0, 0, 0, 0, 0, 0, 0, 0, 8, 4096, 0, 0, 0, 0, 0, 0, 0, 0, 0, 0, 0, 0, 0]",8,128,4096.0,98304.0,25617863333,25634158872,25752760622,25752763598,0,736,736,-1,1,16295539,2976,96,64,64,3
12,3,"[8, 4096, 0, 0, 0, 0, 0, 0, 0, 0, 0, 0, 0, 0, 0, 8, 4096, 0, 0, 0, 0, 0, 0, 0, 0, 0, 0, 0, 0, 0]",8,128,4096.0,98304.0,25634236289,25634244871,25752764334,25752766990,0,672,672,-1,1,8582,2656,96,64,64,3
16,3,"[8, 1024, 4096, 0, 0, 0, 0, 0, 0, 0, 0, 0, 0, 0, 0, 4, 0, 0, 0, 0, 0, 0, 0, 0, 0, 0, 0, 0, 0, 0]",8192,128,4194304.0,67108868.0,25634318139,25647739491,25752767662,25753053962,0,672,672,-1,1,13421352,286300,96,64,64,3
12,3,"[8, 1024, 4096, 0, 0, 0, 0, 0, 0, 0, 0, 0, 0, 0, 0, 8, 1024, 4096, 0, 0, 0, 0, 0, 0, 0, 0, 0, 0, 0, 0]",8192,128,4194304.0,100663296.0,25647829057,25647837379,25753054634,25753485507,0,800,800,-1,1,8322,430873,96,64,64,3
12,3,"[8, 1024, 4096, 0, 0, 0, 0, 0, 0, 0, 0, 0, 0, 0, 0, 8, 1024, 4096, 0, 0, 0, 0, 0, 0, 0, 0, 0, 0, 0, 0]",8192,128,4194304.0,100663296.0,25647911189,25647970040,25753486307,25753916381,0,639,639,-1,1,58851,430074,96,64,64,3
16,3,"[8, 1024, 0, 0, 0, 0, 0, 0, 0, 0, 0, 0, 0, 0, 0, 4, 0, 0, 0, 0, 0, 0, 0, 0, 0, 0, 0, 0, 0, 0]",2,128,1024.0,16388.0,25648044783,25648909970,25753917020,25753920188,0,768,768,-1,1,865187,3168,96,64,64,3
12,3,"[8, 1024, 0, 0, 0, 0, 0, 0, 0, 0, 0, 0, 0, 0, 0, 8, 1024, 0, 0, 0, 0, 0, 0, 0, 0, 0, 0, 0, 0, 0]",2,128,1024.0,24576.0,25648989807,25649580404,25753920956,25753923868,0,800,800,-1,1,590597,2912,96,64,64,3
12,3,"[8, 1024, 0, 0, 0, 0, 0, 0, 0, 0, 0, 0, 0, 0, 0, 8, 1024, 0, 0, 0, 0, 0, 0, 0, 0, 0, 0, 0, 0, 0]",2,128,1024.0,24576.0,25649654741,25649663225,25753924668,25753927260,0,640,640,-1,1,8484,2592,96,64,64,3
16,3,"[8, 1024, 1, 1, 0, 0, 0, 0, 0, 0, 0, 0, 0, 0, 0, 4, 0, 0, 0, 0, 0, 0, 0, 0, 0, 0, 0, 0, 0, 0]",2,128,1024.0,16388.0,25649738032,25649745666,25753927900,25753930460,0,800,800,-1,1,7634,2560,96,64,64,3
12,3,"[8, 1024, 1, 1, 0, 0, 0, 0, 0, 0, 0, 0, 0, 0, 0, 8, 1024, 1, 1, 0, 0, 0, 0, 0, 0, 0, 0, 0, 0, 0]",2,128,1024.0,24576.0,25649819148,25649827339,25753931260,25753933852,0,736,736,-1,1,8191,2592,96,64,64,3
12,3,"[8, 1024, 1, 1, 0, 0, 0, 0, 0, 0, 0, 0, 0, 0, 0, 8, 1024, 1, 1, 0, 0, 0, 0, 0, 0, 0, 0, 0, 0, 0]",2,128,1024.0,24576.0,25649900416,25650025462,25753934588,25753937180,0,768,768,-1,1,125046,2592,96,64,64,3
16,3,"[8, 1024, 1, 7, 7, 0, 0, 0, 0, 0, 0, 0, 0, 0, 0, 4, 0, 0, 0, 0, 0, 0, 0, 0, 0, 0, 0, 0, 0, 0]",98,128,50176.0,802820.0,25650099599,25651564020,25753937948,25753942844,0,704,704,-1,1,1464421,4896,96,64,64,3
12,3,"[8, 1024, 1, 7, 7, 0, 0, 0, 0, 0, 0, 0, 0, 0, 0, 8, 1024, 1, 7, 7, 0, 0, 0, 0, 0, 0, 0, 0, 0, 0]",98,128,50176.0,1204224.0,25651642608,25652980120,25753943548,25753948348,0,608,608,-1,1,1337512,4800,96,64,64,3
12,3,"[8, 1024, 1, 7, 7, 0, 0, 0, 0, 0, 0, 0, 0, 0, 0, 8, 1024, 1, 7, 7, 0, 0, 0, 0, 0, 0, 0, 0, 0, 0]",98,128,50176.0,1204224.0,25653058520,25653066519,25753948956,25753953916,0,672,672,-1,1,7999,4960,96,64,64,3
16,3,"[8, 1024, 0, 0, 0, 0, 0, 0, 0, 0, 0, 0, 0, 0, 0, 4, 0, 0, 0, 0, 0, 0, 0, 0, 0, 0, 0, 0, 0, 0]",2,128,1024.0,16388.0,25653140580,25653148884,25753954588,25753957148,0,640,640,-1,1,8304,2560,96,64,64,3
12,3,"[8, 1024, 0, 0, 0, 0, 0, 0, 0, 0, 0, 0, 0, 0, 0, 8, 1024, 0, 0, 0, 0, 0, 0, 0, 0, 0, 0, 0, 0, 0]",2,128,1024.0,24576.0,25653220102,25653449756,25753957788,25753960380,0,736,736,-1,1,229654,2592,96,64,64,3
12,3,"[8, 1024, 0, 0, 0, 0, 0, 0, 0, 0, 0, 0, 0, 0, 0, 8, 1024, 0, 0, 0, 0, 0, 0, 0, 0, 0, 0, 0, 0, 0]",2,128,1024.0,24576.0,25653523085,25653530929,25753961116,25753963708,0,768,768,-1,1,7844,2592,96,64,64,3
16,3,"[8, 1024, 0, 0, 0, 0, 0, 0, 0, 0, 0, 0, 0, 0, 0, 4, 0, 0, 0, 0, 0, 0, 0, 0, 0, 0, 0, 0, 0, 0]",2,128,1024.0,16388.0,25653602943,25653610772,25753964476,25753967036,0,736,736,-1,1,7829,2560,96,64,64,3
12,3,"[8, 1024, 0, 0, 0, 0, 0, 0, 0, 0, 0, 0, 0, 0, 0, 8, 1024, 0, 0, 0, 0, 0, 0, 0, 0, 0, 0, 0, 0, 0]",2,128,1024.0,24576.0,25653682327,25653690010,25753967772,25753970428,0,736,736,-1,1,7683,2656,96,64,64,3
12,3,"[8, 1024, 0, 0, 0, 0, 0, 0, 0, 0, 0, 0, 0, 0, 0, 8, 1024, 0, 0, 0, 0, 0, 0, 0, 0, 0, 0, 0, 0, 0]",2,128,1024.0,24576.0,25653761694,25654061262,25753971164,25753973756,0,736,736,-1,1,299568,2592,96,64,64,3
16,3,"[8, 1024, 0, 0, 0, 0, 0, 0, 0, 0, 0, 0, 0, 0, 0, 4, 0, 0, 0, 0, 0, 0, 0, 0, 0, 0, 0, 0, 0, 0]",2,128,1024.0,16388.0,25654135064,25654142804,25753974492,25753977084,0,640,640,-1,1,7740,2592,96,64,64,3
12,3,"[8, 1024, 0, 0, 0, 0, 0, 0, 0, 0, 0, 0, 0, 0, 0, 8, 1024, 0, 0, 0, 0, 0, 0, 0, 0, 0, 0, 0, 0, 0]",2,128,1024.0,24576.0,25654216966,25654224686,25753977724,25753980316,0,704,704,-1,1,7720,2592,96,64,64,3
12,3,"[8, 1024, 0, 0, 0, 0, 0, 0, 0, 0, 0, 0, 0, 0, 0, 8, 1024, 0, 0, 0, 0, 0, 0, 0, 0, 0, 0, 0, 0, 0]",2,128,1024.0,24576.0,25654296452,25654305597,25753981020,25753983644,0,767,767,-1,1,9145,2624,96,64,64,3
16,3,"[8, 4096, 1024, 0, 0, 0, 0, 0, 0, 0, 0, 0, 0, 0, 0, 4, 0, 0, 0, 0, 0, 0, 0, 0, 0, 0, 0, 0, 0, 0]",8192,128,4194304.0,67108868.0,25654378772,25654386820,25753984411,25754269783,0,704,704,-1,1,8048,285372,96,64,64,3
12,3,"[8, 4096, 1024, 0, 0, 0, 0, 0, 0, 0, 0, 0, 0, 0, 0, 8, 4096, 1024, 0, 0, 0, 0, 0, 0, 0, 0, 0, 0, 0, 0]",8192,128,4194304.0,100663296.0,25654459823,25654467671,25754270487,25754700240,0,640,640,-1,1,7848,429753,96,64,64,3
12,3,"[8, 4096, 1024, 0, 0, 0, 0, 0, 0, 0, 0, 0, 0, 0, 0, 8, 4096, 1024, 0, 0, 0, 0, 0, 0, 0, 0, 0, 0, 0, 0]",8192,128,4194304.0,100663296.0,25654540443,25654547967,25754700880,25755131178,0,640,640,-1,1,7524,430298,96,64,64,3
16,3,"[8, 4096, 0, 0, 0, 0, 0, 0, 0, 0, 0, 0, 0, 0, 0, 4, 0, 0, 0, 0, 0, 0, 0, 0, 0, 0, 0, 0, 0, 0]",8,128,4096.0,65540.0,25654619932,25670605378,25755131818,25755135050,0,640,640,-1,1,15985446,3232,96,64,64,3
12,3,"[8, 4096, 0, 0, 0, 0, 0, 0, 0, 0, 0, 0, 0, 0, 0, 8, 4096, 0, 0, 0, 0, 0, 0, 0, 0, 0, 0, 0, 0, 0]",8,128,4096.0,98304.0,25670832302,25670844200,25755135690,25755138730,0,672,672,-1,1,11898,3040,96,64,64,3
12,3,"[8, 4096, 0, 0, 0, 0, 0, 0, 0, 0, 0, 0, 0, 0, 0, 8, 4096, 0, 0, 0, 0, 0, 0, 0, 0, 0, 0, 0, 0, 0]",8,128,4096.0,98304.0,25670923497,25684192756,25755139402,25755142058,0,704,704,-1,1,13269259,2656,96,64,64,3
16,3,"[8, 1024, 4096, 0, 0, 0, 0, 0, 0, 0, 0, 0, 0, 0, 0, 4, 0, 0, 0, 0, 0, 0, 0, 0, 0, 0, 0, 0, 0, 0]",8192,128,4194304.0,67108868.0,25684278934,25684288549,25755142762,25755427397,0,640,640,-1,1,9615,284635,96,64,64,3
12,3,"[8, 1024, 4096, 0, 0, 0, 0, 0, 0, 0, 0, 0, 0, 0, 0, 8, 1024, 4096, 0, 0, 0, 0, 0, 0, 0, 0, 0, 0, 0, 0]",8192,128,4194304.0,100663296.0,25684364440,25692373956,25755428037,25755859743,0,640,640,-1,1,8009516,431706,96,64,64,3
12,3,"[8, 1024, 4096, 0, 0, 0, 0, 0, 0, 0, 0, 0, 0, 0, 0, 8, 1024, 4096, 0, 0, 0, 0, 0, 0, 0, 0, 0, 0, 0, 0]",8192,128,4194304.0,100663296.0,25692452465,25692460478,25755860383,25756291800,0,768,768,-1,1,8013,431417,96,64,64,3
16,3,"[8, 1024, 0, 0, 0, 0, 0, 0, 0, 0, 0, 0, 0, 0, 0, 4, 0, 0, 0, 0, 0, 0, 0, 0, 0, 0, 0, 0, 0, 0]",2,128,1024.0,16388.0,25692536002,25692795786,25756292568,25756295672,0,768,768,-1,1,259784,3104,96,64,64,3
12,3,"[8, 1024, 0, 0, 0, 0, 0, 0, 0, 0, 0, 0, 0, 0, 0, 8, 1024, 0, 0, 0, 0, 0, 0, 0, 0, 0, 0, 0, 0, 0]",2,128,1024.0,24576.0,25692871291,25692881697,25756296440,25756299352,0,608,608,-1,1,10406,2912,96,64,64,3
12,3,"[8, 1024, 0, 0, 0, 0, 0, 0, 0, 0, 0, 0, 0, 0, 0, 8, 1024, 0, 0, 0, 0, 0, 0, 0, 0, 0, 0, 0, 0, 0]",2,128,1024.0,24576.0,25692957674,25709065625,25756299960,25756302584,0,768,768,-1,1,16107951,2624,96,64,64,3
16,3,"[8, 1024, 1, 1, 0, 0, 0, 0, 0, 0, 0, 0, 0, 0, 0, 4, 0, 0, 0, 0, 0, 0, 0, 0, 0, 0, 0, 0, 0, 0]",2,128,1024.0,16388.0,25709154927,25709164920,25756303352,25756305880,0,800,800,-1,1,9993,2528,96,64,64,3
12,3,"[8, 1024, 1, 1, 0, 0, 0, 0, 0, 0, 0, 0, 0, 0, 0, 8, 1024, 1, 1, 0, 0, 0, 0, 0, 0, 0, 0, 0, 0, 0]",2,128,1024.0,24576.0,25709240593,25722529942,25756306680,25756309240,0,672,672,-1,1,13289349,2560,96,64,64,3
12,3,"[8, 1024, 1, 1, 0, 0, 0, 0, 0, 0, 0, 0, 0, 0, 0, 8, 1024, 1, 1, 0, 0, 0, 0, 0, 0, 0, 0, 0, 0, 0]",2,128,1024.0,24576.0,25722609083,25722617659,25756309912,25756312535,0,672,672,-1,1,8576,2623,96,64,64,3
16,3,"[8, 1024, 1, 7, 7, 0, 0, 0, 0, 0, 0, 0, 0, 0, 0, 4, 0, 0, 0, 0, 0, 0, 0, 0, 0, 0, 0, 0, 0, 0]",98,128,50176.0,802820.0,25722694118,25722761220,25756313207,25756318616,0,639,639,-1,1,67102,5409,96,64,64,3
12,3,"[8, 1024, 1, 7, 7, 0, 0, 0, 0, 0, 0, 0, 0, 0, 0, 8, 1024, 1, 7, 7, 0, 0, 0, 0, 0, 0, 0, 0, 0, 0]",98,128,50176.0,1204224.0,25722840204,25723699667,25756319255,25756323799,0,736,736,-1,1,859463,4544,96,64,64,3
12,3,"[8, 1024, 1, 7, 7, 0, 0, 0, 0, 0, 0, 0, 0, 0, 0, 8, 1024, 1, 7, 7, 0, 0, 0, 0, 0, 0, 0, 0, 0, 0]",98,128,50176.0,1204224.0,25723775377,25724370895,25756324535,25756329271,0,704,704,-1,1,595518,4736,96,64,64,3
16,3,"[8, 1024, 0, 0, 0, 0, 0, 0, 0, 0, 0, 0, 0, 0, 0, 4, 0, 0, 0, 0, 0, 0, 0, 0, 0, 0, 0, 0, 0, 0]",2,128,1024.0,16388.0,25724447082,25724455867,25756329975,25756332567,0,800,800,-1,1,8785,2592,96,64,64,3
12,3,"[8, 1024, 0, 0, 0, 0, 0, 0, 0, 0, 0, 0, 0, 0, 0, 8, 1024, 0, 0, 0, 0, 0, 0, 0, 0, 0, 0, 0, 0, 0]",2,128,1024.0,24576.0,25724528147,25724536011,25756333367,25756335959,0,608,608,-1,1,7864,2592,96,64,64,3
12,3,"[8, 1024, 0, 0, 0, 0, 0, 0, 0, 0, 0, 0, 0, 0, 0, 8, 1024, 0, 0, 0, 0, 0, 0, 0, 0, 0, 0, 0, 0, 0]",2,128,1024.0,24576.0,25724606852,25724614273,25756336567,25756339159,0,768,768,-1,1,7421,2592,96,64,64,3
16,3,"[8, 1024, 0, 0, 0, 0, 0, 0, 0, 0, 0, 0, 0, 0, 0, 4, 0, 0, 0, 0, 0, 0, 0, 0, 0, 0, 0, 0, 0, 0]",2,128,1024.0,16388.0,25724687471,25724815565,25756339927,25756342487,0,800,800,-1,1,128094,2560,96,64,64,3
12,3,"[8, 1024, 0, 0, 0, 0, 0, 0, 0, 0, 0, 0, 0, 0, 0, 8, 1024, 0, 0, 0, 0, 0, 0, 0, 0, 0, 0, 0, 0, 0]",2,128,1024.0,24576.0,25724890601,25726394519,25756343287,25756345847,0,672,672,-1,1,1503918,2560,96,64,64,3
12,3,"[8, 1024, 0, 0, 0, 0, 0, 0, 0, 0, 0, 0, 0, 0, 0, 8, 1024, 0, 0, 0, 0, 0, 0, 0, 0, 0, 0, 0, 0, 0]",2,128,1024.0,24576.0,25726467167,25727812742,25756346519,25756349207,0,672,672,-1,1,1345575,2688,96,64,64,3
16,3,"[8, 1024, 0, 0, 0, 0, 0, 0, 0, 0, 0, 0, 0, 0, 0, 4, 0, 0, 0, 0, 0, 0, 0, 0, 0, 0, 0, 0, 0, 0]",2,128,1024.0,16388.0,25727885197,25727892760,25756349879,25756352407,0,640,640,-1,1,7563,2528,96,64,64,3
12,3,"[8, 1024, 0, 0, 0, 0, 0, 0, 0, 0, 0, 0, 0, 0, 0, 8, 1024, 0, 0, 0, 0, 0, 0, 0, 0, 0, 0, 0, 0, 0]",2,128,1024.0,24576.0,25727963940,25727971479,25756353047,25756355607,0,768,768,-1,1,7539,2560,96,64,64,3
12,3,"[8, 1024, 0, 0, 0, 0, 0, 0, 0, 0, 0, 0, 0, 0, 0, 8, 1024, 0, 0, 0, 0, 0, 0, 0, 0, 0, 0, 0, 0, 0]",2,128,1024.0,24576.0,25728046063,25728283286,25756356375,25756358967,0,640,640,-1,1,237223,2592,96,64,64,3
16,3,"[8, 4096, 1024, 0, 0, 0, 0, 0, 0, 0, 0, 0, 0, 0, 0, 4, 0, 0, 0, 0, 0, 0, 0, 0, 0, 0, 0, 0, 0, 0]",8192,128,4194304.0,67108868.0,25728360611,25728369254,25756359607,25756643858,0,704,704,-1,1,8643,284251,96,64,64,3
12,3,"[8, 4096, 1024, 0, 0, 0, 0, 0, 0, 0, 0, 0, 0, 0, 0, 8, 4096, 1024, 0, 0, 0, 0, 0, 0, 0, 0, 0, 0, 0, 0]",8192,128,4194304.0,100663296.0,25728447122,25728454736,25756644562,25757073676,0,704,704,-1,1,7614,429114,96,64,64,3
12,3,"[8, 4096, 1024, 0, 0, 0, 0, 0, 0, 0, 0, 0, 0, 0, 0, 8, 4096, 1024, 0, 0, 0, 0, 0, 0, 0, 0, 0, 0, 0, 0]",8192,128,4194304.0,100663296.0,25728529256,25728536647,25757074380,25757505125,0,704,704,-1,1,7391,430745,96,64,64,3
16,3,"[8, 4096, 0, 0, 0, 0, 0, 0, 0, 0, 0, 0, 0, 0, 0, 4, 0, 0, 0, 0, 0, 0, 0, 0, 0, 0, 0, 0, 0, 0]",8,128,4096.0,65540.0,25728609554,25729450288,25757505829,25757509061,0,704,704,-1,1,840734,3232,96,64,64,3
12,3,"[8, 4096, 0, 0, 0, 0, 0, 0, 0, 0, 0, 0, 0, 0, 0, 8, 4096, 0, 0, 0, 0, 0, 0, 0, 0, 0, 0, 0, 0, 0]",8,128,4096.0,98304.0,25729524544,25730119734,25757509765,25757512741,0,768,768,-1,1,595190,2976,96,64,64,3
12,3,"[8, 4096, 0, 0, 0, 0, 0, 0, 0, 0, 0, 0, 0, 0, 0, 8, 4096, 0, 0, 0, 0, 0, 0, 0, 0, 0, 0, 0, 0, 0]",8,128,4096.0,98304.0,25730194709,25730202699,25757513509,25757516133,0,704,704,-1,1,7990,2624,96,64,64,3
16,3,"[8, 1024, 4096, 0, 0, 0, 0, 0, 0, 0, 0, 0, 0, 0, 0, 4, 0, 0, 0, 0, 0, 0, 0, 0, 0, 0, 0, 0, 0, 0]",8192,128,4194304.0,67108868.0,25730276380,25730284292,25757516837,25757799553,0,639,639,-1,1,7912,282716,96,64,64,3
12,3,"[8, 1024, 4096, 0, 0, 0, 0, 0, 0, 0, 0, 0, 0, 0, 0, 8, 1024, 4096, 0, 0, 0, 0, 0, 0, 0, 0, 0, 0, 0, 0]",8192,128,4194304.0,100663296.0,25730359136,25730367026,25757800192,25758231994,0,672,672,-1,1,7890,431802,96,64,64,3
12,3,"[8, 1024, 4096, 0, 0, 0, 0, 0, 0, 0, 0, 0, 0, 0, 0, 8, 1024, 4096, 0, 0, 0, 0, 0, 0, 0, 0, 0, 0, 0, 0]",8192,128,4194304.0,100663296.0,25730440330,25730447656,25758232666,25758660755,0,704,704,-1,1,7326,428089,96,64,64,3
16,3,"[8, 1024, 0, 0, 0, 0, 0, 0, 0, 0, 0, 0, 0, 0, 0, 4, 0, 0, 0, 0, 0, 0, 0, 0, 0, 0, 0, 0, 0, 0]",2,128,1024.0,16388.0,25730521117,25732070401,25758661459,25758664563,0,800,800,-1,1,1549284,3104,96,64,64,3
12,3,"[8, 1024, 0, 0, 0, 0, 0, 0, 0, 0, 0, 0, 0, 0, 0, 8, 1024, 0, 0, 0, 0, 0, 0, 0, 0, 0, 0, 0, 0, 0]",2,128,1024.0,24576.0,25732144342,25732152136,25758665363,25758668275,0,672,672,-1,1,7794,2912,96,64,64,3
12,3,"[8, 1024, 0, 0, 0, 0, 0, 0, 0, 0, 0, 0, 0, 0, 0, 8, 1024, 0, 0, 0, 0, 0, 0, 0, 0, 0, 0, 0, 0, 0]",2,128,1024.0,24576.0,25732229786,25732238012,25758668947,25758671539,0,768,768,-1,1,8226,2592,96,64,64,3
16,3,"[8, 1024, 0, 0, 0, 0, 0, 0, 0, 0, 0, 0, 0, 0, 0, 4, 0, 0, 0, 0, 0, 0, 0, 0, 0, 0, 0, 0, 0, 0]",2,128,1024.0,16388.0,25732312472,25732320630,25758672307,25758674867,0,768,768,-1,1,8158,2560,96,64,64,3
12,3,"[8, 1024, 0, 0, 0, 0, 0, 0, 0, 0, 0, 0, 0, 0, 0, 8, 1024, 0, 0, 0, 0, 0, 0, 0, 0, 0, 0, 0, 0, 0]",2,128,1024.0,24576.0,25732394264,25732401719,25758675635,25758678259,0,736,736,-1,1,7455,2624,96,64,64,3
12,3,"[8, 1024, 0, 0, 0, 0, 0, 0, 0, 0, 0, 0, 0, 0, 0, 8, 1024, 0, 0, 0, 0, 0, 0, 0, 0, 0, 0, 0, 0, 0]",2,128,1024.0,24576.0,25732472059,25732479269,25758678995,25758681587,0,768,768,-1,1,7210,2592,96,64,64,3
16,3,"[8, 1024, 0, 0, 0, 0, 0, 0, 0, 0, 0, 0, 0, 0, 0, 4, 0, 0, 0, 0, 0, 0, 0, 0, 0, 0, 0, 0, 0, 0]",2,128,1024.0,16388.0,25732549585,25732557401,25758682355,25758684883,0,640,640,-1,1,7816,2528,96,64,64,3
12,3,"[8, 1024, 0, 0, 0, 0, 0, 0, 0, 0, 0, 0, 0, 0, 0, 8, 1024, 0, 0, 0, 0, 0, 0, 0, 0, 0, 0, 0, 0, 0]",2,128,1024.0,24576.0,25732630220,25732637959,25758685523,25758688115,0,768,768,-1,1,7739,2592,96,64,64,3
12,3,"[8, 1024, 0, 0, 0, 0, 0, 0, 0, 0, 0, 0, 0, 0, 0, 8, 1024, 0, 0, 0, 0, 0, 0, 0, 0, 0, 0, 0, 0, 0]",2,128,1024.0,24576.0,25732709496,25732716973,25758688883,25758691475,0,768,768,-1,1,7477,2592,96,64,64,3
16,3,"[8, 41, 1024, 0, 0, 0, 0, 0, 0, 0, 0, 0, 0, 0, 0, 4, 0, 0, 0, 0, 0, 0, 0, 0, 0, 0, 0, 0, 0, 0]",82,128,41984.0,671748.0,25732921785,25732932139,25758692243,25758696691,0,608,608,-1,1,10354,4448,96,64,64,3
12,3,"[8, 41, 1024, 0, 0, 0, 0, 0, 0, 0, 0, 0, 0, 0, 0, 8, 41, 1024, 0, 0, 0, 0, 0, 0, 0, 0, 0, 0, 0, 0]",82,128,41984.0,1007616.0,25733017177,25733026684,25758697299,25758701747,0,608,608,-1,1,9507,4448,96,64,64,3
12,3,"[8, 41, 1024, 0, 0, 0, 0, 0, 0, 0, 0, 0, 0, 0, 0, 8, 41, 1024, 0, 0, 0, 0, 0, 0, 0, 0, 0, 0, 0, 0]",82,128,41984.0,1007616.0,25733103237,25733111023,25758702355,25758706770,0,641,641,-1,1,7786,4415,96,64,64,3
16,3,"[8, 41, 0, 0, 0, 0, 0, 0, 0, 0, 0, 0, 0, 0, 0, 4, 0, 0, 0, 0, 0, 0, 0, 0, 0, 0, 0, 0, 0, 0]",1,128,41.0,660.0,25733184728,25733192546,25758707411,25758709747,0,607,607,-1,1,7818,2336,96,64,64,3
12,3,"[8, 41, 0, 0, 0, 0, 0, 0, 0, 0, 0, 0, 0, 0, 0, 8, 41, 0, 0, 0, 0, 0, 0, 0, 0, 0, 0, 0, 0, 0]",1,128,41.0,984.0,25733263852,25733271176,25758710354,25758712946,0,640,640,-1,1,7324,2592,96,64,64,3
12,3,"[8, 41, 0, 0, 0, 0, 0, 0, 0, 0, 0, 0, 0, 0, 0, 8, 41, 0, 0, 0, 0, 0, 0, 0, 0, 0, 0, 0, 0, 0]",1,128,41.0,984.0,25733343879,25733351187,25758713586,25758716114,0,0,0,-1,1,7308,2528,96,64,64,3
