op,dir,params,grid,block,flops,bytes,rStartTime,rEndTime,kStartTime,kEndTime,staticSharedMemory,space,space1,seq,kernels,rduration,kduration,batch,h,w,input_type
203,1,"[32, 3, 128, 128, 64, 64, 64, 7, 7, 3, 3, 2, 2, 1, 1, 1, 8, 0, 0, 0, 0, 0, 0, 0, 0, 0, 0, 0, 0, 0]",8192,64,0.0,0.0,11140167996,11140184557,11140182954,11150659100,4352,85279,85279,831663,1,16561,10476146,32,128,128,3
205,1,"[4, 0, 0, 0, 0, 0, 0, 0, 0, 0, 0, 0, 0, 0, 0, 4, 0, 0, 0, 0, 0, 0, 0, 0, 0, 0, 0, 0, 0, 0]",64,512,67108864.0,268435456.0,11150732057,11151092294,11150744379,11152615047,272,344988,608,831664,2,27939,1526288,32,128,128,3
152,1,"[8, 32, 64, 64, 64, 0, 0, 0, 0, 0, 0, 0, 0, 0, 0, 0, 0, 0, 0, 0, 0, 0, 0, 0, 0, 0, 0, 0, 0, 0]",16384,128,8388608.0,134217728.0,11151300813,11151315308,11152615655,11153192801,0,704,704,831665,1,14495,577146,32,128,128,3
183,1,"[8, 32, 64, 64, 64, 0, 0, 0, 0, 0, 0, 0, 0, 0, 0, 0, 0, 0, 0, 0, 0, 0, 0, 0, 0, 0, 0, 0, 0, 0]",8192,256,0.0,0.0,11151549989,11151563444,11153193505,11153617661,0,207069,207069,831666,1,13455,424156,32,128,128,3
205,1,"[4, 0, 0, 0, 0, 0, 0, 0, 0, 0, 0, 0, 0, 0, 0, 4, 0, 0, 0, 0, 0, 0, 0, 0, 0, 0, 0, 0, 0, 0]",64,512,16777216.0,67108864.0,11153812996,11154170767,11153824730,11154676946,272,343421,704,831668,2,26658,509499,32,128,128,3
152,1,"[8, 32, 64, 32, 32, 0, 0, 0, 0, 0, 0, 0, 0, 0, 0, 0, 0, 0, 0, 0, 0, 0, 0, 0, 0, 0, 0, 0, 0, 0]",4096,128,2097152.0,33554432.0,11154392778,11154406028,11154677650,11154822608,0,576,576,831669,1,13250,144958,32,128,128,3
203,1,"[32, 64, 32, 32, 128, 32, 32, 1, 1, 0, 0, 1, 1, 1, 1, 1, 8, 0, 0, 0, 0, 0, 0, 0, 0, 0, 0, 0, 0, 0]",1024,256,0.0,0.0,11154670308,11154685476,11154823184,11159483263,18688,60192,60192,831670,1,15168,4660079,32,128,128,3
205,1,"[4, 0, 0, 0, 0, 0, 0, 0, 0, 0, 0, 0, 0, 0, 0, 4, 0, 0, 0, 0, 0, 0, 0, 0, 0, 0, 0, 0, 0, 0]",128,512,33554432.0,134217728.0,11159532086,11159855910,11159543455,11160646323,272,310301,640,831671,2,24008,793207,32,128,128,3
152,1,"[8, 32, 128, 32, 32, 0, 0, 0, 0, 0, 0, 0, 0, 0, 0, 0, 0, 0, 0, 0, 0, 0, 0, 0, 0, 0, 0, 0, 0, 0]",8192,128,4194304.0,67108864.0,11160089843,11160102931,11160646963,11160936496,0,672,672,831672,1,13088,289533,32,128,128,3
203,1,"[32, 128, 32, 32, 32, 32, 32, 3, 3, 1, 1, 1, 1, 1, 1, 1, 8, 0, 0, 0, 0, 0, 0, 0, 0, 0, 0, 0, 0, 0]",1024,64,0.0,0.0,11160374350,11160388695,11160937168,11171166980,4352,736,736,831673,1,14345,10229812,32,128,128,3
213,1,"[8, 32, 64, 32, 32, 0, 0, 0, 0, 0, 0, 0, 0, 0, 0, 8, 32, 32, 32, 32, 0, 0, 0, 0, 0, 0, 0, 0, 0, 0]",160,512,0.0,50331648.0,11160544065,11160559066,11171167716,11171385154,0,62687,62687,831674,1,15001,217438,32,128,128,3
205,1,"[4, 0, 0, 0, 0, 0, 0, 0, 0, 0, 0, 0, 0, 0, 0, 4, 0, 0, 0, 0, 0, 0, 0, 0, 0, 0, 0, 0, 0, 0]",96,512,25165824.0,100663296.0,11171437285,11171762462,11171447841,11172338904,272,312477,640,831675,2,22781,579226,32,128,128,3
152,1,"[8, 32, 96, 32, 32, 0, 0, 0, 0, 0, 0, 0, 0, 0, 0, 0, 0, 0, 0, 0, 0, 0, 0, 0, 0, 0, 0, 0, 0, 0]",6144,128,3145728.0,50331648.0,11171999382,11172012877,11172339544,11172556406,0,736,736,831676,1,13495,216862,32,128,128,3
203,1,"[32, 96, 32, 32, 128, 32, 32, 1, 1, 0, 0, 1, 1, 1, 1, 1, 8, 0, 0, 0, 0, 0, 0, 0, 0, 0, 0, 0, 0, 0]",1024,256,0.0,0.0,11172274818,11172288788,11172557142,11179394638,18688,62399,62399,831677,1,13970,6837496,32,128,128,3
205,1,"[4, 0, 0, 0, 0, 0, 0, 0, 0, 0, 0, 0, 0, 0, 0, 4, 0, 0, 0, 0, 0, 0, 0, 0, 0, 0, 0, 0, 0, 0]",128,512,33554432.0,134217728.0,11179445698,11179769208,11179457037,11180558562,272,310045,672,831678,2,23948,792152,32,128,128,3
152,1,"[8, 32, 128, 32, 32, 0, 0, 0, 0, 0, 0, 0, 0, 0, 0, 0, 0, 0, 0, 0, 0, 0, 0, 0, 0, 0, 0, 0, 0, 0]",8192,128,4194304.0,67108864.0,11179976645,11179989507,11180559234,11180849887,0,671,671,831679,1,12862,290653,32,128,128,3
203,1,"[32, 128, 32, 32, 32, 32, 32, 3, 3, 1, 1, 1, 1, 1, 1, 1, 8, 0, 0, 0, 0, 0, 0, 0, 0, 0, 0, 0, 0, 0]",1024,64,0.0,0.0,11180245713,11180258753,11180850558,11191079347,4352,608,608,831680,1,13040,10228789,32,128,128,3
213,1,"[8, 32, 64, 32, 32, 0, 0, 0, 0, 0, 8, 32, 32, 32, 32, 0, 0, 0, 0, 0, 8, 32, 32, 32, 32, 0, 0, 0, 0, 0]",240,512,0.0,67108864.0,11180408177,11180421049,11191079955,11191367024,0,58399,58399,831681,1,12872,287069,32,128,128,3
205,1,"[4, 0, 0, 0, 0, 0, 0, 0, 0, 0, 0, 0, 0, 0, 0, 4, 0, 0, 0, 0, 0, 0, 0, 0, 0, 0, 0, 0, 0, 0]",128,512,33554432.0,134217728.0,11191413719,11191749744,11191425423,11192526788,272,321917,576,831682,2,24693,780024,32,128,128,3
152,1,"[8, 32, 128, 32, 32, 0, 0, 0, 0, 0, 0, 0, 0, 0, 0, 0, 0, 0, 0, 0, 0, 0, 0, 0, 0, 0, 0, 0, 0, 0]",8192,128,4194304.0,67108864.0,11191963084,11191975955,11192527364,11192816865,0,608,608,831683,1,12871,289501,32,128,128,3
203,1,"[32, 128, 32, 32, 128, 32, 32, 1, 1, 0, 0, 1, 1, 1, 1, 1, 8, 0, 0, 0, 0, 0, 0, 0, 0, 0, 0, 0, 0, 0]",1024,256,0.0,0.0,11192218345,11192231728,11192817473,11201795778,18688,79135,79135,831684,1,13383,8978305,32,128,128,3
205,1,"[4, 0, 0, 0, 0, 0, 0, 0, 0, 0, 0, 0, 0, 0, 0, 4, 0, 0, 0, 0, 0, 0, 0, 0, 0, 0, 0, 0, 0, 0]",128,512,33554432.0,134217728.0,11201863011,11202201110,11201874913,11202995926,272,323933,576,831685,2,25298,797656,32,128,128,3
152,1,"[8, 32, 128, 32, 32, 0, 0, 0, 0, 0, 0, 0, 0, 0, 0, 0, 0, 0, 0, 0, 0, 0, 0, 0, 0, 0, 0, 0, 0, 0]",8192,128,4194304.0,67108864.0,11202413584,11202426324,11202996502,11203285779,0,576,576,831686,1,12740,289277,32,128,128,3
203,1,"[32, 128, 32, 32, 32, 32, 32, 3, 3, 1, 1, 1, 1, 1, 1, 1, 8, 0, 0, 0, 0, 0, 0, 0, 0, 0, 0, 0, 0, 0]",1024,64,0.0,0.0,11202692436,11202705884,11203286355,11213515143,4352,608,608,831687,1,13448,10228788,32,128,128,3
213,1,"[0, 0]",320,512,0.0,83886080.0,11202865189,11202878713,11213515751,11213876483,0,61408,61408,831688,1,13524,360732,32,128,128,3
205,1,"[4, 0, 0, 0, 0, 0, 0, 0, 0, 0, 0, 0, 0, 0, 0, 4, 0, 0, 0, 0, 0, 0, 0, 0, 0, 0, 0, 0, 0, 0]",160,512,41943040.0,167772160.0,11213927451,11214250102,11213937891,11215177334,272,309755,607,831689,2,22973,930295,32,128,128,3
152,1,"[8, 32, 160, 32, 32, 0, 0, 0, 0, 0, 0, 0, 0, 0, 0, 0, 0, 0, 0, 0, 0, 0, 0, 0, 0, 0, 0, 0, 0, 0]",10240,128,5242880.0,83886080.0,11214454473,11214467111,11215177941,11215540434,0,576,576,831690,1,12638,362493,32,128,128,3
203,1,"[32, 160, 32, 32, 128, 32, 32, 1, 1, 0, 0, 1, 1, 1, 1, 1, 8, 0, 0, 0, 0, 0, 0, 0, 0, 0, 0, 0, 0, 0]",1024,256,0.0,0.0,11214710382,11214723569,11215541010,11226584478,18688,63167,63167,831691,1,13187,11043468,32,128,128,3
205,1,"[4, 0, 0, 0, 0, 0, 0, 0, 0, 0, 0, 0, 0, 0, 0, 4, 0, 0, 0, 0, 0, 0, 0, 0, 0, 0, 0, 0, 0, 0]",128,512,33554432.0,134217728.0,11226636307,11226958706,11226647645,11227746162,272,309213,736,831692,2,24006,790040,32,128,128,3
152,1,"[8, 32, 128, 32, 32, 0, 0, 0, 0, 0, 0, 0, 0, 0, 0, 0, 0, 0, 0, 0, 0, 0, 0, 0, 0, 0, 0, 0, 0, 0]",8192,128,4194304.0,67108864.0,11227161519,11227173902,11227746898,11228035727,0,704,704,831693,1,12383,288829,32,128,128,3
203,1,"[32, 128, 32, 32, 32, 32, 32, 3, 3, 1, 1, 1, 1, 1, 1, 1, 8, 0, 0, 0, 0, 0, 0, 0, 0, 0, 0, 0, 0, 0]",1024,64,0.0,0.0,11227424205,11227437362,11228036431,11238169348,4352,736,736,831694,1,13157,10132917,32,128,128,3
213,1,"[8, 32, 64, 32, 32, 0, 8, 32, 32, 32, 32, 0, 8, 32, 32, 32, 32, 0, 8, 32, 32, 32, 32, 0, 8, 32, 32, 32, 32, 0]",400,512,0.0,100663296.0,11227591652,11227604627,11238170084,11238604095,0,56160,56160,831695,1,12975,434011,32,128,128,3
205,1,"[4, 0, 0, 0, 0, 0, 0, 0, 0, 0, 0, 0, 0, 0, 0, 4, 0, 0, 0, 0, 0, 0, 0, 0, 0, 0, 0, 0, 0, 0]",192,512,50331648.0,201326592.0,11238649601,11238971175,11238660255,11239965457,272,308765,640,831696,2,22902,997077,32,128,128,3
152,1,"[8, 32, 192, 32, 32, 0, 0, 0, 0, 0, 0, 0, 0, 0, 0, 0, 0, 0, 0, 0, 0, 0, 0, 0, 0, 0, 0, 0, 0, 0]",12288,128,6291456.0,100663296.0,11239176685,11239189121,11239966097,11240399501,0,704,704,831697,1,12436,433404,32,128,128,3
203,1,"[32, 192, 32, 32, 128, 32, 32, 1, 1, 0, 0, 1, 1, 1, 1, 1, 8, 0, 0, 0, 0, 0, 0, 0, 0, 0, 0, 0, 0, 0]",1024,256,0.0,0.0,11239425399,11239438483,11240400205,11253591298,18688,85375,85375,831698,1,13084,13191093,32,128,128,3
205,1,"[4, 0, 0, 0, 0, 0, 0, 0, 0, 0, 0, 0, 0, 0, 0, 4, 0, 0, 0, 0, 0, 0, 0, 0, 0, 0, 0, 0, 0, 0]",128,512,33554432.0,134217728.0,11253664889,11254008248,11253676673,11254798581,272,329308,576,831699,2,25148,793176,32,128,128,3
152,1,"[8, 32, 128, 32, 32, 0, 0, 0, 0, 0, 0, 0, 0, 0, 0, 0, 0, 0, 0, 0, 0, 0, 0, 0, 0, 0, 0, 0, 0, 0]",8192,128,4194304.0,67108864.0,11254365237,11254380014,11254799157,11255087634,0,608,608,831700,1,14777,288477,32,128,128,3
203,1,"[32, 128, 32, 32, 32, 32, 32, 3, 3, 1, 1, 1, 1, 1, 1, 1, 8, 0, 0, 0, 0, 0, 0, 0, 0, 0, 0, 0, 0, 0]",1024,64,0.0,0.0,11254653108,11254667127,11255088242,11265221128,4352,768,768,831701,1,14019,10132886,32,128,128,3
213,1,"[8, 32, 64, 32, 32, 8, 32, 32, 32, 32, 8, 32, 32, 32, 32, 8, 32, 32, 32, 32, 8, 32, 32, 32, 32, 8, 32, 32, 32, 32]",480,512,0.0,117440512.0,11254836085,11254849546,11265221896,11265726978,0,61824,61824,831702,1,13461,505082,32,128,128,3
205,1,"[4, 0, 0, 0, 0, 0, 0, 0, 0, 0, 0, 0, 0, 0, 0, 4, 0, 0, 0, 0, 0, 0, 0, 0, 0, 0, 0, 0, 0, 0]",224,512,58720256.0,234881024.0,11265778342,11266104461,11265788802,11267275346,272,313437,544,831703,2,22656,1173651,32,128,128,3
152,1,"[8, 32, 224, 32, 32, 0, 0, 0, 0, 0, 0, 0, 0, 0, 0, 0, 0, 0, 0, 0, 0, 0, 0, 0, 0, 0, 0, 0, 0, 0]",14336,128,7340032.0,117440512.0,11266310755,11266322739,11267275890,11267783949,0,608,608,831704,1,11984,508059,32,128,128,3
203,1,"[32, 224, 32, 32, 128, 32, 32, 1, 1, 0, 0, 1, 1, 1, 1, 1, 8, 0, 0, 0, 0, 0, 0, 0, 0, 0, 0, 0, 0, 0]",1024,256,0.0,0.0,11266563772,11266577178,11267784557,11283144299,18688,59424,59424,831705,1,13406,15359742,32,128,128,3
205,1,"[4, 0, 0, 0, 0, 0, 0, 0, 0, 0, 0, 0, 0, 0, 0, 4, 0, 0, 0, 0, 0, 0, 0, 0, 0, 0, 0, 0, 0, 0]",128,512,33554432.0,134217728.0,11283192499,11283514839,11283203723,11284300767,272,308860,544,831706,2,23948,788728,32,128,128,3
152,1,"[8, 32, 128, 32, 32, 0, 0, 0, 0, 0, 0, 0, 0, 0, 0, 0, 0, 0, 0, 0, 0, 0, 0, 0, 0, 0, 0, 0, 0, 0]",8192,128,4194304.0,67108864.0,11283715381,11283727667,11284301311,11284588988,0,608,608,831707,1,12286,287677,32,128,128,3
203,1,"[32, 128, 32, 32, 32, 32, 32, 3, 3, 1, 1, 1, 1, 1, 1, 1, 8, 0, 0, 0, 0, 0, 0, 0, 0, 0, 0, 0, 0, 0]",1024,64,0.0,0.0,11283988335,11284001692,11284589596,11294753489,4352,640,640,831708,1,13357,10163893,32,128,128,3
213,1,"[8, 32, 64, 32, 32, 8, 32, 32, 32, 32, 8, 32, 32, 32, 32, 8, 32, 32, 32, 32, 8, 32, 32, 32, 32, 8, 32, 32, 32, 32, 8, 32, 32, 32, 32]",560,512,0.0,134217728.0,11284153465,11284166046,11294754129,11295329067,0,62943,62943,831709,1,12581,574938,32,128,128,3
205,1,"[4, 0, 0, 0, 0, 0, 0, 0, 0, 0, 0, 0, 0, 0, 0, 4, 0, 0, 0, 0, 0, 0, 0, 0, 0, 0, 0, 0, 0, 0]",256,512,67108864.0,268435456.0,11295380942,11295707454,11295392010,11297055129,272,313212,608,831710,2,23843,1350515,32,128,128,3
152,1,"[8, 32, 256, 32, 32, 0, 0, 0, 0, 0, 0, 0, 0, 0, 0, 0, 0, 0, 0, 0, 0, 0, 0, 0, 0, 0, 0, 0, 0, 0]",16384,128,8388608.0,134217728.0,11295910928,11295930062,11297055737,11297634035,0,608,608,831711,1,19134,578298,32,128,128,3
203,1,"[32, 256, 32, 32, 128, 32, 32, 1, 1, 0, 0, 1, 1, 1, 1, 1, 8, 0, 0, 0, 0, 0, 0, 0, 0, 0, 0, 0, 0, 0]",1024,256,0.0,0.0,11296176812,11296190190,11297634643,11315109115,18688,704,704,831712,1,13378,17474472,32,128,128,3
189,1,"[8, 32, 128, 32, 32, 0, 0, 0, 0, 0, 0, 0, 0, 0, 0, 0, 0, 0, 0, 0, 0, 0, 0, 0, 0, 0, 0, 0, 0, 0]",1024,1024,0.0,0.0,11296351863,11296371501,11315109819,11315303897,0,146399,146399,831713,1,19638,194078,32,128,128,3
205,1,"[4, 0, 0, 0, 0, 0, 0, 0, 0, 0, 0, 0, 0, 0, 0, 4, 0, 0, 0, 0, 0, 0, 0, 0, 0, 0, 0, 0, 0, 0]",128,512,8388608.0,33554432.0,11315439087,11315787542,11315450296,11315979730,272,381724,48736,831715,2,28507,196446,32,128,128,3
152,1,"[8, 32, 128, 16, 16, 0, 0, 0, 0, 0, 0, 0, 0, 0, 0, 0, 0, 0, 0, 0, 0, 0, 0, 0, 0, 0, 0, 0, 0, 0]",2048,128,1048576.0,16777216.0,11316015736,11316028704,11316028466,11316099377,0,202878,202878,831716,1,12968,70911,32,128,128,3
203,1,"[32, 128, 16, 16, 128, 16, 16, 1, 1, 0, 0, 1, 1, 1, 1, 1, 8, 0, 0, 0, 0, 0, 0, 0, 0, 0, 0, 0, 0, 0]",128,256,0.0,0.0,11316289911,11316317393,11316302255,11323554851,20736,72991,60287,831717,2,25532,7239892,32,128,128,3
205,1,"[4, 0, 0, 0, 0, 0, 0, 0, 0, 0, 0, 0, 0, 0, 0, 4, 0, 0, 0, 0, 0, 0, 0, 0, 0, 0, 0, 0, 0, 0]",128,512,8388608.0,33554432.0,11323604666,11323929889,11323615138,11324122909,272,333788,22016,831718,2,30285,195999,32,128,128,3
152,1,"[8, 32, 128, 16, 16, 0, 0, 0, 0, 0, 0, 0, 0, 0, 0, 0, 0, 0, 0, 0, 0, 0, 0, 0, 0, 0, 0, 0, 0, 0]",2048,128,1048576.0,16777216.0,11324133509,11324145407,11324144925,11324215196,0,198557,198557,831719,1,11898,70271,32,128,128,3
203,1,"[32, 128, 16, 16, 32, 16, 16, 3, 3, 1, 1, 1, 1, 1, 1, 1, 8, 0, 0, 0, 0, 0, 0, 0, 0, 0, 0, 0, 0, 0]",256,64,0.0,0.0,11324401683,11324414323,11324413753,11327053086,4352,608,608,831720,1,12640,2639333,32,128,128,3
213,1,"[8, 32, 128, 16, 16, 0, 0, 0, 0, 0, 0, 0, 0, 0, 0, 8, 32, 32, 16, 16, 0, 0, 0, 0, 0, 0, 0, 0, 0, 0]",160,512,0.0,20971520.0,11324693093,11324707493,11327053694,11327142173,0,56543,56543,831721,1,14400,88479,32,128,128,3
205,1,"[4, 0, 0, 0, 0, 0, 0, 0, 0, 0, 0, 0, 0, 0, 0, 4, 0, 0, 0, 0, 0, 0, 0, 0, 0, 0, 0, 0, 0, 0]",160,512,10485760.0,41943040.0,11327188511,11327518433,11327198716,11327720631,272,331612,14719,831722,2,23163,205022,32,128,128,3
152,1,"[8, 32, 160, 16, 16, 0, 0, 0, 0, 0, 0, 0, 0, 0, 0, 0, 0, 0, 0, 0, 0, 0, 0, 0, 0, 0, 0, 0, 0, 0]",2560,128,1310720.0,20971520.0,11327724437,11327735674,11327735350,11327824022,0,191198,191198,831723,1,11237,88672,32,128,128,3
203,1,"[32, 160, 16, 16, 128, 16, 16, 1, 1, 0, 0, 1, 1, 1, 1, 1, 8, 0, 0, 0, 0, 0, 0, 0, 0, 0, 0, 0, 0, 0]",256,256,0.0,0.0,11328002645,11328016005,11328015220,11330967189,18688,59391,59391,831724,1,13360,2951969,32,128,128,3
205,1,"[4, 0, 0, 0, 0, 0, 0, 0, 0, 0, 0, 0, 0, 0, 0, 4, 0, 0, 0, 0, 0, 0, 0, 0, 0, 0, 0, 0, 0, 0]",128,512,8388608.0,33554432.0,11331015858,11331333380,11331026580,11331525551,272,321597,17696,831725,2,25489,195070,32,128,128,3
152,1,"[8, 32, 128, 16, 16, 0, 0, 0, 0, 0, 0, 0, 0, 0, 0, 0, 0, 0, 0, 0, 0, 0, 0, 0, 0, 0, 0, 0, 0, 0]",2048,128,1048576.0,16777216.0,11331532247,11331543753,11331543247,11331614670,0,190654,190654,831726,1,11506,71423,32,128,128,3
203,1,"[32, 128, 16, 16, 32, 16, 16, 3, 3, 1, 1, 1, 1, 1, 1, 1, 8, 0, 0, 0, 0, 0, 0, 0, 0, 0, 0, 0, 0, 0]",256,64,0.0,0.0,11331793623,11331806071,11331805324,11334443376,4352,576,576,831727,1,12448,2638052,32,128,128,3
213,1,"[8, 32, 128, 16, 16, 0, 0, 0, 0, 0, 8, 32, 32, 16, 16, 0, 0, 0, 0, 0, 8, 32, 32, 16, 16, 0, 0, 0, 0, 0]",240,512,0.0,25165824.0,11331974597,11331988468,11334443952,11334550671,0,55903,55903,831728,1,13871,106719,32,128,128,3
205,1,"[4, 0, 0, 0, 0, 0, 0, 0, 0, 0, 0, 0, 0, 0, 0, 4, 0, 0, 0, 0, 0, 0, 0, 0, 0, 0, 0, 0, 0, 0]",192,512,12582912.0,50331648.0,11334596293,11334919712,11334606574,11335164457,272,311068,767,831729,2,22818,247582,32,128,128,3
152,1,"[8, 32, 192, 16, 16, 0, 0, 0, 0, 0, 0, 0, 0, 0, 0, 0, 0, 0, 0, 0, 0, 0, 0, 0, 0, 0, 0, 0, 0, 0]",3072,128,1572864.0,25165824.0,11335127805,11335139792,11335165224,11335271239,0,121759,121759,831730,1,11987,106015,32,128,128,3
203,1,"[32, 192, 16, 16, 128, 16, 16, 1, 1, 0, 0, 1, 1, 1, 1, 1, 8, 0, 0, 0, 0, 0, 0, 0, 0, 0, 0, 0, 0, 0]",192,256,0.0,0.0,11335381215,11335401909,11335392998,11346293620,20736,65887,59263,831731,2,19295,10893998,32,128,128,3
205,1,"[4, 0, 0, 0, 0, 0, 0, 0, 0, 0, 0, 0, 0, 0, 0, 4, 0, 0, 0, 0, 0, 0, 0, 0, 0, 0, 0, 0, 0, 0]",128,512,8388608.0,33554432.0,11346341770,11346662478,11346352883,11346855150,272,325564,18752,831732,2,23036,195455,32,128,128,3
152,1,"[8, 32, 128, 16, 16, 0, 0, 0, 0, 0, 0, 0, 0, 0, 0, 0, 0, 0, 0, 0, 0, 0, 0, 0, 0, 0, 0, 0, 0, 0]",2048,128,1048576.0,16777216.0,11346862795,11346874273,11346873902,11346943917,0,191614,191614,831733,1,11478,70015,32,128,128,3
203,1,"[32, 128, 16, 16, 32, 16, 16, 3, 3, 1, 1, 1, 1, 1, 1, 1, 8, 0, 0, 0, 0, 0, 0, 0, 0, 0, 0, 0, 0, 0]",256,64,0.0,0.0,11347123884,11347136286,11347135531,11349775279,4352,608,608,831734,1,12402,2639748,32,128,128,3
213,1,"[0, 0]",320,512,0.0,29360128.0,11347285752,11347298214,11349775887,11349900653,0,60320,60320,831735,1,12462,124766,32,128,128,3
205,1,"[4, 0, 0, 0, 0, 0, 0, 0, 0, 0, 0, 0, 0, 0, 0, 4, 0, 0, 0, 0, 0, 0, 0, 0, 0, 0, 0, 0, 0, 0]",224,512,14680064.0,58720256.0,11349950465,11350271059,11349960973,11350560487,272,307837,640,831736,2,23261,292317,32,128,128,3
152,1,"[8, 32, 224, 16, 16, 0, 0, 0, 0, 0, 0, 0, 0, 0, 0, 0, 0, 0, 0, 0, 0, 0, 0, 0, 0, 0, 0, 0, 0, 0]",3584,128,1835008.0,29360128.0,11350476230,11350488047,11350561127,11350686981,0,58144,58144,831737,1,11817,125854,32,128,128,3
203,1,"[32, 224, 16, 16, 128, 16, 16, 1, 1, 0, 0, 1, 1, 1, 1, 1, 8, 0, 0, 0, 0, 0, 0, 0, 0, 0, 0, 0, 0, 0]",256,256,0.0,0.0,11350732599,11350745787,11350745125,11354849306,18688,60607,60607,831738,1,13188,4104181,32,128,128,3
205,1,"[4, 0, 0, 0, 0, 0, 0, 0, 0, 0, 0, 0, 0, 0, 0, 4, 0, 0, 0, 0, 0, 0, 0, 0, 0, 0, 0, 0, 0, 0]",128,512,8388608.0,33554432.0,11354898728,11355373946,11354909913,11355565714,272,490459,29440,831739,2,27017,194782,32,128,128,3
152,1,"[8, 32, 128, 16, 16, 0, 0, 0, 0, 0, 0, 0, 0, 0, 0, 0, 0, 0, 0, 0, 0, 0, 0, 0, 0, 0, 0, 0, 0, 0]",2048,128,1048576.0,16777216.0,11355583409,11355595515,11355595154,11355665713,0,195230,195230,831740,1,12106,70559,32,128,128,3
203,1,"[32, 128, 16, 16, 32, 16, 16, 3, 3, 1, 1, 1, 1, 1, 1, 1, 8, 0, 0, 0, 0, 0, 0, 0, 0, 0, 0, 0, 0, 0]",256,64,0.0,0.0,11355848837,11355861623,11355860943,11358496467,4352,672,672,831741,1,12786,2635524,32,128,128,3
213,1,"[8, 32, 128, 16, 16, 0, 8, 32, 32, 16, 16, 0, 8, 32, 32, 16, 16, 0, 8, 32, 32, 16, 16, 0, 8, 32, 32, 16, 16, 0]",400,512,0.0,33554432.0,11356020428,11356033862,11358497139,11358637042,0,58239,58239,831742,1,13434,139903,32,128,128,3
205,1,"[4, 0, 0, 0, 0, 0, 0, 0, 0, 0, 0, 0, 0, 0, 0, 4, 0, 0, 0, 0, 0, 0, 0, 0, 0, 0, 0, 0, 0, 0]",256,512,16777216.0,67108864.0,11358684946,11359008720,11358695281,11359342123,272,311260,639,831743,2,22644,336221,32,128,128,3
152,1,"[8, 32, 256, 16, 16, 0, 0, 0, 0, 0, 0, 0, 0, 0, 0, 0, 0, 0, 0, 0, 0, 0, 0, 0, 0, 0, 0, 0, 0, 0]",4096,128,2097152.0,33554432.0,11359213993,11359225790,11359342762,11359487113,0,608,608,831744,1,11797,144351,32,128,128,3
203,1,"[32, 256, 16, 16, 128, 16, 16, 1, 1, 0, 0, 1, 1, 1, 1, 1, 8, 0, 0, 0, 0, 0, 0, 0, 0, 0, 0, 0, 0, 0]",256,256,0.0,0.0,11359470719,11359490665,11359487721,11374088815,20736,88639,87839,831745,2,18622,14600294,32,128,128,3
205,1,"[4, 0, 0, 0, 0, 0, 0, 0, 0, 0, 0, 0, 0, 0, 0, 4, 0, 0, 0, 0, 0, 0, 0, 0, 0, 0, 0, 0, 0, 0]",128,512,8388608.0,33554432.0,11374165236,11374497997,11374176654,11374690281,272,351773,33376,831746,2,23999,195230,32,128,128,3
152,1,"[8, 32, 128, 16, 16, 0, 0, 0, 0, 0, 0, 0, 0, 0, 0, 0, 0, 0, 0, 0, 0, 0, 0, 0, 0, 0, 0, 0, 0, 0]",2048,128,1048576.0,16777216.0,11374711777,11374724228,11374723657,11374794568,0,208958,208958,831747,1,12451,70911,32,128,128,3
203,1,"[32, 128, 16, 16, 32, 16, 16, 3, 3, 1, 1, 1, 1, 1, 1, 1, 8, 0, 0, 0, 0, 0, 0, 0, 0, 0, 0, 0, 0, 0]",256,64,0.0,0.0,11374991158,11375004344,11375003526,11377676810,4352,608,608,831748,1,13186,2673284,32,128,128,3
213,1,"[8, 32, 128, 16, 16, 8, 32, 32, 16, 16, 8, 32, 32, 16, 16, 8, 32, 32, 16, 16, 8, 32, 32, 16, 16, 8, 32, 32, 16, 16]",480,512,0.0,37748736.0,11375170708,11375184351,11377677418,11377836296,0,60191,60191,831749,1,13643,158878,32,128,128,3
205,1,"[4, 0, 0, 0, 0, 0, 0, 0, 0, 0, 0, 0, 0, 0, 0, 4, 0, 0, 0, 0, 0, 0, 0, 0, 0, 0, 0, 0, 0, 0]",288,512,18874368.0,75497472.0,11377885853,11378208452,11377896487,11378598976,272,309724,736,831750,2,23173,393501,32,128,128,3
152,1,"[8, 32, 288, 16, 16, 0, 0, 0, 0, 0, 0, 0, 0, 0, 0, 0, 0, 0, 0, 0, 0, 0, 0, 0, 0, 0, 0, 0, 0, 0]",4608,128,2359296.0,37748736.0,11378415550,11378427698,11378599712,11378761630,0,576,576,831751,1,12148,161918,32,128,128,3
203,1,"[32, 288, 16, 16, 128, 16, 16, 1, 1, 0, 0, 1, 1, 1, 1, 1, 8, 0, 0, 0, 0, 0, 0, 0, 0, 0, 0, 0, 0, 0]",256,256,0.0,0.0,11378669408,11378682913,11378762206,11384161157,18688,60064,60064,831752,1,13505,5398951,32,128,128,3
205,1,"[4, 0, 0, 0, 0, 0, 0, 0, 0, 0, 0, 0, 0, 0, 0, 4, 0, 0, 0, 0, 0, 0, 0, 0, 0, 0, 0, 0, 0, 0]",128,512,8388608.0,33554432.0,11384210227,11384529568,11384221221,11384727551,272,316765,11360,831753,2,23785,200925,32,128,128,3
152,1,"[8, 32, 128, 16, 16, 0, 0, 0, 0, 0, 0, 0, 0, 0, 0, 0, 0, 0, 0, 0, 0, 0, 0, 0, 0, 0, 0, 0, 0, 0]",2048,128,1048576.0,16777216.0,11384727422,11384739401,11384738911,11384810143,0,190142,190142,831754,1,11979,71232,32,128,128,3
203,1,"[32, 128, 16, 16, 32, 16, 16, 3, 3, 1, 1, 1, 1, 1, 1, 1, 8, 0, 0, 0, 0, 0, 0, 0, 0, 0, 0, 0, 0, 0]",256,64,0.0,0.0,11384988186,11385000869,11385000285,11387714944,4352,704,704,831755,1,12683,2714659,32,128,128,3
213,1,"[8, 32, 128, 16, 16, 8, 32, 32, 16, 16, 8, 32, 32, 16, 16, 8, 32, 32, 16, 16, 8, 32, 32, 16, 16, 8, 32, 32, 16, 16, 8, 32, 32, 16, 16]",560,512,0.0,41943040.0,11385164476,11385177482,11387715648,11387890846,0,67168,67168,831756,1,13006,175198,32,128,128,3
205,1,"[4, 0, 0, 0, 0, 0, 0, 0, 0, 0, 0, 0, 0, 0, 0, 4, 0, 0, 0, 0, 0, 0, 0, 0, 0, 0, 0, 0, 0, 0]",320,512,20971520.0,83886080.0,11387947509,11388271138,11387958014,11388671638,272,310844,672,831757,2,23291,403452,32,128,128,3
152,1,"[8, 32, 320, 16, 16, 0, 0, 0, 0, 0, 0, 0, 0, 0, 0, 0, 0, 0, 0, 0, 0, 0, 0, 0, 0, 0, 0, 0, 0, 0]",5120,128,2621440.0,41943040.0,11388605083,11388618792,11388672310,11388851924,0,32224,32224,831758,1,13709,179614,32,128,128,3
203,1,"[32, 320, 16, 16, 128, 16, 16, 1, 1, 0, 0, 1, 1, 1, 1, 1, 8, 0, 0, 0, 0, 0, 0, 0, 0, 0, 0, 0, 0, 0]",320,256,0.0,0.0,11388872079,11388892012,11388884148,11407140628,20736,66175,60383,831759,2,18556,18250688,32,128,128,3
205,1,"[4, 0, 0, 0, 0, 0, 0, 0, 0, 0, 0, 0, 0, 0, 0, 4, 0, 0, 0, 0, 0, 0, 0, 0, 0, 0, 0, 0, 0, 0]",128,512,8388608.0,33554432.0,11407189973,11407510697,11407201011,11407706830,272,321725,15008,831760,2,23806,199102,32,128,128,3
152,1,"[8, 32, 128, 16, 16, 0, 0, 0, 0, 0, 0, 0, 0, 0, 0, 0, 0, 0, 0, 0, 0, 0, 0, 0, 0, 0, 0, 0, 0, 0]",2048,128,1048576.0,16777216.0,11407710567,11407722302,11407721838,11407791853,0,197246,197246,831761,1,11735,70015,32,128,128,3
203,1,"[32, 128, 16, 16, 32, 16, 16, 3, 3, 1, 1, 1, 1, 1, 1, 1, 8, 0, 0, 0, 0, 0, 0, 0, 0, 0, 0, 0, 0, 0]",256,64,0.0,0.0,11407977042,11407989873,11407989099,11410680431,4352,608,608,831762,1,12831,2691332,32,128,128,3
213,1,"[8, 32, 128, 16, 16, 8, 32, 32, 16, 16, 8, 32, 32, 16, 16, 8, 32, 32, 16, 16, 8, 32, 32, 16, 16, 8, 32, 32, 16, 16, 8, 32, 32, 16, 16, 8, 32, 32, 16, 16]",640,512,0.0,46137344.0,11408158913,11408171906,11410681039,11410876365,0,55807,55807,831763,1,12993,195326,32,128,128,3
205,1,"[4, 0, 0, 0, 0, 0, 0, 0, 0, 0, 0, 0, 0, 0, 0, 4, 0, 0, 0, 0, 0, 0, 0, 0, 0, 0, 0, 0, 0, 0]",352,512,23068672.0,92274688.0,11410921891,11411232038,11410932172,11411672804,272,297437,544,831764,2,22353,443739,32,128,128,3
152,1,"[8, 32, 352, 16, 16, 0, 0, 0, 0, 0, 0, 0, 0, 0, 0, 0, 0, 0, 0, 0, 0, 0, 0, 0, 0, 0, 0, 0, 0, 0]",5632,128,2883584.0,46137344.0,11411435258,11411446880,11411673348,11411871138,0,608,608,831765,1,11622,197790,32,128,128,3
203,1,"[32, 352, 16, 16, 128, 16, 16, 1, 1, 0, 0, 1, 1, 1, 1, 1, 8, 0, 0, 0, 0, 0, 0, 0, 0, 0, 0, 0, 0, 0]",256,256,0.0,0.0,11411685820,11411698546,11411871746,11418393758,18688,63647,63647,831766,1,12726,6522012,32,128,128,3
205,1,"[4, 0, 0, 0, 0, 0, 0, 0, 0, 0, 0, 0, 0, 0, 0, 4, 0, 0, 0, 0, 0, 0, 0, 0, 0, 0, 0, 0, 0, 0]",128,512,8388608.0,33554432.0,11418446660,11418762667,11418457405,11418958808,272,315229,13024,831767,2,23439,199198,32,128,128,3
152,1,"[8, 32, 128, 16, 16, 0, 0, 0, 0, 0, 0, 0, 0, 0, 0, 0, 0, 0, 0, 0, 0, 0, 0, 0, 0, 0, 0, 0, 0, 0]",2048,128,1048576.0,16777216.0,11418960457,11418972294,11418971832,11419041975,0,192958,192958,831768,1,11837,70143,32,128,128,3
203,1,"[32, 128, 16, 16, 32, 16, 16, 3, 3, 1, 1, 1, 1, 1, 1, 1, 8, 0, 0, 0, 0, 0, 0, 0, 0, 0, 0, 0, 0, 0]",256,64,0.0,0.0,11419222823,11419235575,11419234933,11421924793,4352,671,671,831769,1,12752,2689860,32,128,128,3
213,1,"[8, 32, 128, 16, 16, 8, 32, 32, 16, 16, 8, 32, 32, 16, 16, 8, 32, 32, 16, 16, 8, 32, 32, 16, 16, 8, 32, 32, 16, 16, 8, 32, 32, 16, 16, 8, 32, 32, 16, 16, 8, 32, 32, 16, 16]",720,512,0.0,50331648.0,11419401146,11419414094,11421925464,11422135414,0,63072,63072,831770,1,12948,209950,32,128,128,3
205,1,"[4, 0, 0, 0, 0, 0, 0, 0, 0, 0, 0, 0, 0, 0, 0, 4, 0, 0, 0, 0, 0, 0, 0, 0, 0, 0, 0, 0, 0, 0]",384,512,25165824.0,100663296.0,11422188054,11422509044,11422198486,11422995214,272,308316,704,831771,2,22789,489116,32,128,128,3
152,1,"[8, 32, 384, 16, 16, 0, 0, 0, 0, 0, 0, 0, 0, 0, 0, 0, 0, 0, 0, 0, 0, 0, 0, 0, 0, 0, 0, 0, 0, 0]",6144,128,3145728.0,50331648.0,11422716000,11422728145,11422995918,11423211819,0,672,672,831772,1,12145,215901,32,128,128,3
203,1,"[32, 384, 16, 16, 128, 16, 16, 1, 1, 0, 0, 1, 1, 1, 1, 1, 8, 0, 0, 0, 0, 0, 0, 0, 0, 0, 0, 0, 0, 0]",384,256,0.0,0.0,11422972376,11422992002,11423212491,11445227204,20736,62143,61407,831773,2,18314,22013977,32,128,128,3
205,1,"[4, 0, 0, 0, 0, 0, 0, 0, 0, 0, 0, 0, 0, 0, 0, 4, 0, 0, 0, 0, 0, 0, 0, 0, 0, 0, 0, 0, 0, 0]",128,512,8388608.0,33554432.0,11445277423,11445596674,11445288611,11445791998,272,321309,16096,831774,2,23581,198174,32,128,128,3
152,1,"[8, 32, 128, 16, 16, 0, 0, 0, 0, 0, 0, 0, 0, 0, 0, 0, 0, 0, 0, 0, 0, 0, 0, 0, 0, 0, 0, 0, 0, 0]",2048,128,1048576.0,16777216.0,11445797065,11445808373,11445808094,11445877853,0,195390,195390,831775,1,11308,69759,32,128,128,3
203,1,"[32, 128, 16, 16, 32, 16, 16, 3, 3, 1, 1, 1, 1, 1, 1, 1, 8, 0, 0, 0, 0, 0, 0, 0, 0, 0, 0, 0, 0, 0]",256,64,0.0,0.0,11446061344,11446073999,11446073243,11448764031,4352,704,704,831776,1,12655,2690788,32,128,128,3
213,1,"[8, 32, 128, 16, 16, 8, 32, 32, 16, 16, 8, 32, 32, 16, 16, 8, 32, 32, 16, 16, 8, 32, 32, 16, 16, 8, 32, 32, 16, 16, 8, 32, 32, 16, 16, 8, 32, 32, 16, 16, 8, 32, 32, 16, 16, 8, 32, 32, 16, 16]",800,512,0.0,54525952.0,11446244560,11446259512,11448764735,11448994908,0,191006,191006,831777,1,14952,230173,32,128,128,3
205,1,"[4, 0, 0, 0, 0, 0, 0, 0, 0, 0, 0, 0, 0, 0, 0, 4, 0, 0, 0, 0, 0, 0, 0, 0, 0, 0, 0, 0, 0, 0]",416,512,27262976.0,109051904.0,11449174015,11449506406,11449185914,11450038193,272,318237,640,831778,2,24841,534682,32,128,128,3
152,1,"[8, 32, 416, 16, 16, 0, 0, 0, 0, 0, 0, 0, 0, 0, 0, 0, 0, 0, 0, 0, 0, 0, 0, 0, 0, 0, 0, 0, 0, 0]",6656,128,3407872.0,54525952.0,11449709929,11449722268,11450038833,11450273646,0,577,577,831779,1,12339,234813,32,128,128,3
203,1,"[32, 416, 16, 16, 128, 16, 16, 1, 1, 0, 0, 1, 1, 1, 1, 1, 8, 0, 0, 0, 0, 0, 0, 0, 0, 0, 0, 0, 0, 0]",256,256,0.0,0.0,11449961471,11449974705,11450274223,11457967486,18688,60767,60767,831780,1,13234,7693263,32,128,128,3
205,1,"[4, 0, 0, 0, 0, 0, 0, 0, 0, 0, 0, 0, 0, 0, 0, 4, 0, 0, 0, 0, 0, 0, 0, 0, 0, 0, 0, 0, 0, 0]",128,512,8388608.0,33554432.0,11458016917,11458329530,11458028253,11458524728,272,316669,18272,831781,2,23681,198078,32,128,128,3
152,1,"[8, 32, 128, 16, 16, 0, 0, 0, 0, 0, 0, 0, 0, 0, 0, 0, 0, 0, 0, 0, 0, 0, 0, 0, 0, 0, 0, 0, 0, 0]",2048,128,1048576.0,16777216.0,11458531620,11458543448,11458543000,11458613687,0,191518,191518,831782,1,11828,70687,32,128,128,3
203,1,"[32, 128, 16, 16, 32, 16, 16, 3, 3, 1, 1, 1, 1, 1, 1, 1, 8, 0, 0, 0, 0, 0, 0, 0, 0, 0, 0, 0, 0, 0]",256,64,0.0,0.0,11458793194,11458805908,11458805205,11461493177,4352,640,640,831783,1,12714,2687972,32,128,128,3
213,1,"[8, 32, 128, 16, 16, 8, 32, 32, 16, 16, 8, 32, 32, 16, 16, 8, 32, 32, 16, 16, 8, 32, 32, 16, 16, 8, 32, 32, 16, 16, 8, 32, 32, 16, 16, 8, 32, 32, 16, 16, 8, 32, 32, 16, 16, 8, 32, 32, 16, 16, 8, 32, 32, 16, 16]",880,512,0.0,58720256.0,11458979362,11458994371,11461493817,11461742486,0,53600,53600,831784,1,15009,248669,32,128,128,3
205,1,"[4, 0, 0, 0, 0, 0, 0, 0, 0, 0, 0, 0, 0, 0, 0, 4, 0, 0, 0, 0, 0, 0, 0, 0, 0, 0, 0, 0, 0, 0]",448,512,29360128.0,117440512.0,11461785647,11462106285,11461796086,11462683596,272,307868,544,831785,2,23042,580186,32,128,128,3
152,1,"[8, 32, 448, 16, 16, 0, 0, 0, 0, 0, 0, 0, 0, 0, 0, 0, 0, 0, 0, 0, 0, 0, 0, 0, 0, 0, 0, 0, 0, 0]",7168,128,3670016.0,58720256.0,11462313276,11462325170,11462684140,11462937258,0,576,576,831786,1,11894,253118,32,128,128,3
203,1,"[32, 448, 16, 16, 128, 16, 16, 1, 1, 0, 0, 1, 1, 1, 1, 1, 8, 0, 0, 0, 0, 0, 0, 0, 0, 0, 0, 0, 0, 0]",448,256,0.0,0.0,11462568298,11462589803,11462937834,11488583868,20736,82302,81631,831787,2,20197,25645363,32,128,128,3
205,1,"[4, 0, 0, 0, 0, 0, 0, 0, 0, 0, 0, 0, 0, 0, 0, 4, 0, 0, 0, 0, 0, 0, 0, 0, 0, 0, 0, 0, 0, 0]",128,512,8388608.0,33554432.0,11488654045,11488989746,11488665499,11489185238,272,355900,34623,831788,2,24269,198462,32,128,128,3
152,1,"[8, 32, 128, 16, 16, 0, 0, 0, 0, 0, 0, 0, 0, 0, 0, 0, 0, 0, 0, 0, 0, 0, 0, 0, 0, 0, 0, 0, 0, 0]",2048,128,1048576.0,16777216.0,11489208073,11489220241,11489219861,11489290357,0,191966,191966,831789,1,12168,70496,32,128,128,3
203,1,"[32, 128, 16, 16, 32, 16, 16, 3, 3, 1, 1, 1, 1, 1, 1, 1, 8, 0, 0, 0, 0, 0, 0, 0, 0, 0, 0, 0, 0, 0]",256,64,0.0,0.0,11489470061,11489482737,11489482323,11492172630,4352,544,544,831790,1,12676,2690307,32,128,128,3
213,1,"[8, 32, 128, 16, 16, 8, 32, 32, 16, 16, 8, 32, 32, 16, 16, 8, 32, 32, 16, 16, 8, 32, 32, 16, 16, 8, 32, 32, 16, 16, 8, 32, 32, 16, 16, 8, 32, 32, 16, 16, 8, 32, 32, 16, 16, 8, 32, 32, 16, 16, 8, 32, 32, 16, 16, 8, 32, 32, 16, 16]",960,512,0.0,62914560.0,11489659298,11489672262,11492173174,11492442323,0,60000,60000,831791,1,12964,269149,32,128,128,3
205,1,"[4, 0, 0, 0, 0, 0, 0, 0, 0, 0, 0, 0, 0, 0, 0, 4, 0, 0, 0, 0, 0, 0, 0, 0, 0, 0, 0, 0, 0, 0]",480,512,31457280.0,125829120.0,11492491876,11492809342,11492502323,11493399017,272,304829,640,831792,2,22527,592505,32,128,128,3
152,1,"[8, 32, 480, 16, 16, 0, 0, 0, 0, 0, 0, 0, 0, 0, 0, 0, 0, 0, 0, 0, 0, 0, 0, 0, 0, 0, 0, 0, 0, 0]",7680,128,3932160.0,62914560.0,11493016304,11493028141,11493399657,11493669638,0,737,737,831793,1,11837,269981,32,128,128,3
203,1,"[32, 480, 16, 16, 128, 16, 16, 1, 1, 0, 0, 1, 1, 1, 1, 1, 8, 0, 0, 0, 0, 0, 0, 0, 0, 0, 0, 0, 0, 0]",256,256,0.0,0.0,11493267797,11493280622,11493670375,11502512906,18688,61567,61567,831794,1,12825,8842531,32,128,128,3
205,1,"[4, 0, 0, 0, 0, 0, 0, 0, 0, 0, 0, 0, 0, 0, 0, 4, 0, 0, 0, 0, 0, 0, 0, 0, 0, 0, 0, 0, 0, 0]",128,512,8388608.0,33554432.0,11502563019,11503012079,11502574473,11503206562,272,461787,27232,831795,2,25413,197534,32,128,128,3
152,1,"[8, 32, 128, 16, 16, 0, 0, 0, 0, 0, 0, 0, 0, 0, 0, 0, 0, 0, 0, 0, 0, 0, 0, 0, 0, 0, 0, 0, 0, 0]",2048,128,1048576.0,16777216.0,11503221860,11503234194,11503233794,11503304481,0,192222,192222,831796,1,12334,70687,32,128,128,3
203,1,"[32, 128, 16, 16, 32, 16, 16, 3, 3, 1, 1, 1, 1, 1, 1, 1, 8, 0, 0, 0, 0, 0, 0, 0, 0, 0, 0, 0, 0, 0]",256,64,0.0,0.0,11503484766,11503497411,11503496703,11506161923,4352,736,736,831797,1,12645,2665220,32,128,128,3
213,1,"[8, 32, 128, 16, 16, 8, 32, 32, 16, 16, 8, 32, 32, 16, 16, 8, 32, 32, 16, 16, 8, 32, 32, 16, 16, 8, 32, 32, 16, 16, 8, 32, 32, 16, 16, 8, 32, 32, 16, 16, 8, 32, 32, 16, 16, 8, 32, 32, 16, 16, 8, 32, 32, 16, 16, 8, 32, 32, 16, 16, 8, 32, 32, 16, 16]",1040,512,0.0,67108864.0,11503663313,11503679177,11506162659,11506440448,0,56864,56864,831798,1,15864,277789,32,128,128,3
205,1,"[4, 0, 0, 0, 0, 0, 0, 0, 0, 0, 0, 0, 0, 0, 0, 4, 0, 0, 0, 0, 0, 0, 0, 0, 0, 0, 0, 0, 0, 0]",512,512,33554432.0,134217728.0,11506486578,11506790507,11506497312,11507417078,272,291004,672,831799,2,23376,629434,32,128,128,3
152,1,"[8, 32, 512, 16, 16, 0, 0, 0, 0, 0, 0, 0, 0, 0, 0, 0, 0, 0, 0, 0, 0, 0, 0, 0, 0, 0, 0, 0, 0, 0]",8192,128,4194304.0,67108864.0,11506982775,11506994823,11507417750,11507705299,0,640,640,831800,1,12048,287549,32,128,128,3
203,1,"[32, 512, 16, 16, 256, 16, 16, 1, 1, 0, 0, 1, 1, 1, 1, 1, 8, 0, 0, 0, 0, 0, 0, 0, 0, 0, 0, 0, 0, 0]",512,256,0.0,0.0,11507231161,11507253531,11507705939,11538121427,20736,1760,1088,831801,2,21029,30414816,32,128,128,3
189,1,"[8, 32, 256, 16, 16, 0, 0, 0, 0, 0, 0, 0, 0, 0, 0, 0, 0, 0, 0, 0, 0, 0, 0, 0, 0, 0, 0, 0, 0, 0]",512,1024,0.0,0.0,11507403280,11507415181,11538122515,11538227922,0,97599,97599,831802,1,11901,105407,32,128,128,3
205,1,"[4, 0, 0, 0, 0, 0, 0, 0, 0, 0, 0, 0, 0, 0, 0, 4, 0, 0, 0, 0, 0, 0, 0, 0, 0, 0, 0, 0, 0, 0]",256,512,4194304.0,16777216.0,11538314351,11538639205,11538325521,11538767341,272,397852,87135,831804,2,23981,131103,32,128,128,3
152,1,"[8, 32, 256, 8, 8, 0, 0, 0, 0, 0, 0, 0, 0, 0, 0, 0, 0, 0, 0, 0, 0, 0, 0, 0, 0, 0, 0, 0, 0, 0]",1024,128,524288.0,8388608.0,11538843356,11538854998,11538854476,11538881355,0,231358,231358,831805,1,11642,26879,32,128,128,3
203,1,"[32, 256, 8, 8, 128, 8, 8, 1, 1, 0, 0, 1, 1, 1, 1, 1, 8, 0, 0, 0, 0, 0, 0, 0, 0, 0, 0, 0, 0, 0]",256,256,0.0,0.0,11539100639,11539120946,11539112713,11541309298,20736,66911,60863,831806,2,18969,2190537,32,128,128,3
205,1,"[4, 0, 0, 0, 0, 0, 0, 0, 0, 0, 0, 0, 0, 0, 0, 4, 0, 0, 0, 0, 0, 0, 0, 0, 0, 0, 0, 0, 0, 0]",128,512,2097152.0,8388608.0,11541359814,11541672867,11541370161,11541747341,272,438044,138399,831807,2,22001,77535,32,128,128,3
152,1,"[8, 32, 128, 8, 8, 0, 0, 0, 0, 0, 0, 0, 0, 0, 0, 0, 0, 0, 0, 0, 0, 0, 0, 0, 0, 0, 0, 0, 0, 0]",512,128,262144.0,4194304.0,11541874055,11541886076,11541885740,11541894732,0,257309,257309,831808,1,12021,8992,32,128,128,3
203,1,"[32, 128, 8, 8, 32, 8, 8, 3, 3, 1, 1, 1, 1, 1, 1, 1, 8, 0, 0, 0, 0, 0, 0, 0, 0, 0, 0, 0, 0, 0]",64,64,0.0,0.0,11542139790,11542152499,11542152041,11543023584,4352,672,672,831809,1,12709,871543,32,128,128,3
213,1,"[8, 32, 256, 8, 8, 0, 0, 0, 0, 0, 0, 0, 0, 0, 0, 8, 32, 32, 8, 8, 0, 0, 0, 0, 0, 0, 0, 0, 0, 0]",160,512,0.0,9437184.0,11542297120,11542309850,11543024256,11543065439,0,58752,58752,831810,1,12730,41183,32,128,128,3
205,1,"[4, 0, 0, 0, 0, 0, 0, 0, 0, 0, 0, 0, 0, 0, 0, 4, 0, 0, 0, 0, 0, 0, 0, 0, 0, 0, 0, 0, 0, 0]",288,512,4718592.0,18874368.0,11543113717,11543432218,11543124191,11543578170,272,375932,70847,831811,2,22539,148894,32,128,128,3
152,1,"[8, 32, 288, 8, 8, 0, 0, 0, 0, 0, 0, 0, 0, 0, 0, 0, 0, 0, 0, 0, 0, 0, 0, 0, 0, 0, 0, 0, 0, 0]",1152,128,589824.0,9437184.0,11543637809,11543651469,11543649017,11543682457,0,227805,227805,831812,1,13660,33440,32,128,128,3
203,1,"[32, 288, 8, 8, 128, 8, 8, 1, 1, 0, 0, 1, 1, 1, 1, 1, 8, 0, 0, 0, 0, 0, 0, 0, 0, 0, 0, 0, 0, 0]",288,256,0.0,0.0,11543898824,11543917643,11543910262,11546386812,20736,61088,55648,831813,2,17532,2471110,32,128,128,3
205,1,"[4, 0, 0, 0, 0, 0, 0, 0, 0, 0, 0, 0, 0, 0, 0, 4, 0, 0, 0, 0, 0, 0, 0, 0, 0, 0, 0, 0, 0, 0]",128,512,2097152.0,8388608.0,11546431942,11546743674,11546442460,11546818328,272,571834,273533,831814,2,22169,77567,32,128,128,3
152,1,"[8, 32, 128, 8, 8, 0, 0, 0, 0, 0, 0, 0, 0, 0, 0, 0, 0, 0, 0, 0, 0, 0, 0, 0, 0, 0, 0, 0, 0, 0]",512,128,262144.0,4194304.0,11547079056,11547094571,11547091861,11547100565,0,269533,269533,831815,1,15515,8704,32,128,128,3
203,1,"[32, 128, 8, 8, 32, 8, 8, 3, 3, 1, 1, 1, 1, 1, 1, 1, 8, 0, 0, 0, 0, 0, 0, 0, 0, 0, 0, 0, 0, 0]",64,64,0.0,0.0,11547357383,11547370520,11547370098,11548241833,4352,1088,1088,831816,1,13137,871735,32,128,128,3
213,1,"[8, 32, 256, 8, 8, 0, 0, 0, 0, 0, 8, 32, 32, 8, 8, 0, 0, 0, 0, 0, 8, 32, 32, 8, 8, 0, 0, 0, 0, 0]",240,512,0.0,10485760.0,11547519820,11547533105,11548242921,11548287721,0,53663,53663,831817,1,13285,44800,32,128,128,3
205,1,"[4, 0, 0, 0, 0, 0, 0, 0, 0, 0, 0, 0, 0, 0, 0, 4, 0, 0, 0, 0, 0, 0, 0, 0, 0, 0, 0, 0, 0, 0]",320,512,5242880.0,20971520.0,11548330714,11548648628,11548341384,11548794819,272,376349,72096,831818,2,23117,149182,32,128,128,3
152,1,"[8, 32, 320, 8, 8, 0, 0, 0, 0, 0, 0, 0, 0, 0, 0, 0, 0, 0, 0, 0, 0, 0, 0, 0, 0, 0, 0, 0, 0, 0]",1280,128,655360.0,10485760.0,11548855127,11548867180,11548866915,11548906274,0,216158,216158,831819,1,12053,39359,32,128,128,3
203,1,"[32, 320, 8, 8, 128, 8, 8, 1, 1, 0, 0, 1, 1, 1, 1, 1, 8, 0, 0, 0, 0, 0, 0, 0, 0, 0, 0, 0, 0, 0]",320,256,0.0,0.0,11549110860,11549129933,11549122432,11551871843,20736,69311,63871,831820,2,17819,2743971,32,128,128,3
205,1,"[4, 0, 0, 0, 0, 0, 0, 0, 0, 0, 0, 0, 0, 0, 0, 4, 0, 0, 0, 0, 0, 0, 0, 0, 0, 0, 0, 0, 0, 0]",128,512,2097152.0,8388608.0,11551919306,11552240202,11551935714,11552315006,272,436636,134975,831821,2,28266,77631,32,128,128,3
152,1,"[8, 32, 128, 8, 8, 0, 0, 0, 0, 0, 0, 0, 0, 0, 0, 0, 0, 0, 0, 0, 0, 0, 0, 0, 0, 0, 0, 0, 0, 0]",512,128,262144.0,4194304.0,11552439060,11552452594,11552449981,11552458748,0,259582,259582,831822,1,13534,8767,32,128,128,3
203,1,"[32, 128, 8, 8, 32, 8, 8, 3, 3, 1, 1, 1, 1, 1, 1, 1, 8, 0, 0, 0, 0, 0, 0, 0, 0, 0, 0, 0, 0, 0]",64,64,0.0,0.0,11552706101,11552718992,11552718330,11553590353,4352,1024,1024,831823,1,12891,872023,32,128,128,3
213,1,"[0, 0]",320,512,0.0,11534336.0,11552871946,11552884771,11553591377,11553640688,0,51392,51392,831824,1,12825,49311,32,128,128,3
205,1,"[4, 0, 0, 0, 0, 0, 0, 0, 0, 0, 0, 0, 0, 0, 0, 4, 0, 0, 0, 0, 0, 0, 0, 0, 0, 0, 0, 0, 0, 0]",352,512,5767168.0,23068672.0,11553682256,11554000276,11553692080,11554163275,272,358811,55295,831825,2,24294,167679,32,128,128,3
152,1,"[8, 32, 352, 8, 8, 0, 0, 0, 0, 0, 0, 0, 0, 0, 0, 0, 0, 0, 0, 0, 0, 0, 0, 0, 0, 0, 0, 0, 0, 0]",1408,128,720896.0,11534336.0,11554206576,11554218364,11554218570,11554262954,0,210878,210878,831826,1,11788,44384,32,128,128,3
203,1,"[32, 352, 8, 8, 128, 8, 8, 1, 1, 0, 0, 1, 1, 1, 1, 1, 8, 0, 0, 0, 0, 0, 0, 0, 0, 0, 0, 0, 0, 0]",352,256,0.0,0.0,11554461456,11554480940,11554473832,11557486216,20736,67583,62655,831827,2,18214,3007456,32,128,128,3
205,1,"[4, 0, 0, 0, 0, 0, 0, 0, 0, 0, 0, 0, 0, 0, 0, 4, 0, 0, 0, 0, 0, 0, 0, 0, 0, 0, 0, 0, 0, 0]",128,512,2097152.0,8388608.0,11557538544,11557850925,11557548871,11557925731,272,438172,138911,831828,2,21874,77599,32,128,128,3
152,1,"[8, 32, 128, 8, 8, 0, 0, 0, 0, 0, 0, 0, 0, 0, 0, 0, 0, 0, 0, 0, 0, 0, 0, 0, 0, 0, 0, 0, 0, 0]",512,128,262144.0,4194304.0,11558053414,11558064892,11558064642,11558073378,0,257757,257757,831829,1,11478,8736,32,128,128,3
203,1,"[32, 128, 8, 8, 32, 8, 8, 3, 3, 1, 1, 1, 1, 1, 1, 1, 8, 0, 0, 0, 0, 0, 0, 0, 0, 0, 0, 0, 0, 0]",64,64,0.0,0.0,11558319093,11558331596,11558331135,11559195606,4352,832,832,831830,1,12503,864471,32,128,128,3
213,1,"[8, 32, 256, 8, 8, 0, 8, 32, 32, 8, 8, 0, 8, 32, 32, 8, 8, 0, 8, 32, 32, 8, 8, 0, 8, 32, 32, 8, 8, 0]",400,512,0.0,12582912.0,11558485735,11558498532,11559196438,11559250293,0,54496,54496,831831,1,12797,53855,32,128,128,3
205,1,"[4, 0, 0, 0, 0, 0, 0, 0, 0, 0, 0, 0, 0, 0, 0, 4, 0, 0, 0, 0, 0, 0, 0, 0, 0, 0, 0, 0, 0, 0]",384,512,6291456.0,25165824.0,11559294925,11559611664,11559304789,11559786608,272,344667,41055,831832,2,21993,178207,32,128,128,3
152,1,"[8, 32, 384, 8, 8, 0, 0, 0, 0, 0, 0, 0, 0, 0, 0, 0, 0, 0, 0, 0, 0, 0, 0, 0, 0, 0, 0, 0, 0, 0]",1536,128,786432.0,12582912.0,11559816590,11559828014,11559827663,11559876207,0,213693,213693,831833,1,11424,48544,32,128,128,3
203,1,"[32, 384, 8, 8, 128, 8, 8, 1, 1, 0, 0, 1, 1, 1, 1, 1, 8, 0, 0, 0, 0, 0, 0, 0, 0, 0, 0, 0, 0, 0]",384,256,0.0,0.0,11560078083,11560097529,11560089900,11563409034,20736,67519,61951,831834,2,18140,3313566,32,128,128,3
205,1,"[4, 0, 0, 0, 0, 0, 0, 0, 0, 0, 0, 0, 0, 0, 0, 4, 0, 0, 0, 0, 0, 0, 0, 0, 0, 0, 0, 0, 0, 0]",128,512,2097152.0,8388608.0,11563460627,11563915619,11563470985,11563984836,272,592793,153630,831835,2,25586,74688,32,128,128,3
152,1,"[8, 32, 128, 8, 8, 0, 0, 0, 0, 0, 0, 0, 0, 0, 0, 0, 0, 0, 0, 0, 0, 0, 0, 0, 0, 0, 0, 0, 0, 0]",512,128,262144.0,4194304.0,11564126832,11564138871,11564138466,11564146978,0,260445,260445,831836,1,12039,8512,32,128,128,3
203,1,"[32, 128, 8, 8, 32, 8, 8, 3, 3, 1, 1, 1, 1, 1, 1, 1, 8, 0, 0, 0, 0, 0, 0, 0, 0, 0, 0, 0, 0, 0]",64,64,0.0,0.0,11564394098,11564408097,11564407423,11565243862,4352,928,928,831837,1,13999,836439,32,128,128,3
213,1,"[8, 32, 256, 8, 8, 8, 32, 32, 8, 8, 8, 32, 32, 8, 8, 8, 32, 32, 8, 8, 8, 32, 32, 8, 8, 8, 32, 32, 8, 8]",480,512,0.0,13631488.0,11564564143,11564576631,11565244790,11565303253,0,55488,55488,831838,1,12488,58463,32,128,128,3
205,1,"[4, 0, 0, 0, 0, 0, 0, 0, 0, 0, 0, 0, 0, 0, 0, 4, 0, 0, 0, 0, 0, 0, 0, 0, 0, 0, 0, 0, 0, 0]",416,512,6815744.0,27262976.0,11565348576,11565668665,11565358741,11565861552,272,332221,25120,831839,2,22394,195710,32,128,128,3
152,1,"[8, 32, 416, 8, 8, 0, 0, 0, 0, 0, 0, 0, 0, 0, 0, 0, 0, 0, 0, 0, 0, 0, 0, 0, 0, 0, 0, 0, 0, 0]",1664,128,851968.0,13631488.0,11565875186,11565886905,11565886672,11565940047,0,203806,203806,831840,1,11719,53375,32,128,128,3
203,1,"[32, 416, 8, 8, 128, 8, 8, 1, 1, 0, 0, 1, 1, 1, 1, 1, 8, 0, 0, 0, 0, 0, 0, 0, 0, 0, 0, 0, 0, 0]",416,256,0.0,0.0,11566131897,11566151319,11566143853,11569720839,20736,66719,61375,831841,2,18130,3571642,32,128,128,3
205,1,"[4, 0, 0, 0, 0, 0, 0, 0, 0, 0, 0, 0, 0, 0, 0, 4, 0, 0, 0, 0, 0, 0, 0, 0, 0, 0, 0, 0, 0, 0]",128,512,2097152.0,8388608.0,11569771071,11570088628,11569782214,11570160547,272,445787,142366,831842,2,23786,74912,32,128,128,3
152,1,"[8, 32, 128, 8, 8, 0, 0, 0, 0, 0, 0, 0, 0, 0, 0, 0, 0, 0, 0, 0, 0, 0, 0, 0, 0, 0, 0, 0, 0, 0]",512,128,262144.0,4194304.0,11570291759,11570303186,11570302913,11570311329,0,254173,254173,831843,1,11427,8416,32,128,128,3
203,1,"[32, 128, 8, 8, 32, 8, 8, 3, 3, 1, 1, 1, 1, 1, 1, 1, 8, 0, 0, 0, 0, 0, 0, 0, 0, 0, 0, 0, 0, 0]",64,64,0.0,0.0,11570553486,11570566146,11570565502,11571401334,4352,992,992,831844,1,12660,835832,32,128,128,3
213,1,"[8, 32, 256, 8, 8, 8, 32, 32, 8, 8, 8, 32, 32, 8, 8, 8, 32, 32, 8, 8, 8, 32, 32, 8, 8, 8, 32, 32, 8, 8, 8, 32, 32, 8, 8]",560,512,0.0,14680064.0,11570727811,11570740702,11571402326,11571465269,0,52767,52767,831845,1,12891,62943,32,128,128,3
205,1,"[4, 0, 0, 0, 0, 0, 0, 0, 0, 0, 0, 0, 0, 0, 0, 4, 0, 0, 0, 0, 0, 0, 0, 0, 0, 0, 0, 0, 0, 0]",448,512,7340032.0,29360128.0,11571507710,11571826690,11571518036,11572037135,272,320509,14400,831846,2,22744,212990,32,128,128,3
152,1,"[8, 32, 448, 8, 8, 0, 0, 0, 0, 0, 0, 0, 0, 0, 0, 0, 0, 0, 0, 0, 0, 0, 0, 0, 0, 0, 0, 0, 0, 0]",1792,128,917504.0,14680064.0,11572039985,11572051812,11572051535,11572109486,0,199550,199550,831847,1,11827,57951,32,128,128,3
203,1,"[32, 448, 8, 8, 128, 8, 8, 1, 1, 0, 0, 1, 1, 1, 1, 1, 8, 0, 0, 0, 0, 0, 0, 0, 0, 0, 0, 0, 0, 0]",448,256,0.0,0.0,11572297567,11572316857,11572309036,11576163332,20736,60639,55007,831848,2,17947,3848664,32,128,128,3
205,1,"[4, 0, 0, 0, 0, 0, 0, 0, 0, 0, 0, 0, 0, 0, 0, 4, 0, 0, 0, 0, 0, 0, 0, 0, 0, 0, 0, 0, 0, 0]",128,512,2097152.0,8388608.0,11576207777,11576526135,11576218339,11576598047,272,445627,140510,831849,2,22053,74591,32,128,128,3
152,1,"[8, 32, 128, 8, 8, 0, 0, 0, 0, 0, 0, 0, 0, 0, 0, 0, 0, 0, 0, 0, 0, 0, 0, 0, 0, 0, 0, 0, 0, 0]",512,128,262144.0,4194304.0,11576727389,11576738792,11576738557,11576746973,0,255294,255294,831850,1,11403,8416,32,128,128,3
203,1,"[32, 128, 8, 8, 32, 8, 8, 3, 3, 1, 1, 1, 1, 1, 1, 1, 8, 0, 0, 0, 0, 0, 0, 0, 0, 0, 0, 0, 0, 0]",64,64,0.0,0.0,11576989872,11577002792,11577002267,11577837906,4352,928,928,831851,1,12920,835639,32,128,128,3
213,1,"[8, 32, 256, 8, 8, 8, 32, 32, 8, 8, 8, 32, 32, 8, 8, 8, 32, 32, 8, 8, 8, 32, 32, 8, 8, 8, 32, 32, 8, 8, 8, 32, 32, 8, 8, 8, 32, 32, 8, 8]",640,512,0.0,15728640.0,11577166609,11577179371,11577838834,11577905585,0,52064,52064,831852,1,12762,66751,32,128,128,3
205,1,"[4, 0, 0, 0, 0, 0, 0, 0, 0, 0, 0, 0, 0, 0, 0, 4, 0, 0, 0, 0, 0, 0, 0, 0, 0, 0, 0, 0, 0, 0]",480,512,7864320.0,31457280.0,11577947379,11578270634,11577957649,11578481131,272,456826,146750,831853,2,22409,213406,32,128,128,3
152,1,"[8, 32, 480, 8, 8, 0, 0, 0, 0, 0, 0, 0, 0, 0, 0, 0, 0, 0, 0, 0, 0, 0, 0, 0, 0, 0, 0, 0, 0, 0]",1920,128,983040.0,15728640.0,11578615013,11578628357,11578627881,11578691145,0,204510,204510,831854,1,13344,63264,32,128,128,3
203,1,"[32, 480, 8, 8, 128, 8, 8, 1, 1, 0, 0, 1, 1, 1, 1, 1, 8, 0, 0, 0, 0, 0, 0, 0, 0, 0, 0, 0, 0, 0]",480,256,0.0,0.0,11578883261,11578903115,11578895655,11583026779,20736,63680,58400,831855,2,18571,4125844,32,128,128,3
205,1,"[4, 0, 0, 0, 0, 0, 0, 0, 0, 0, 0, 0, 0, 0, 0, 4, 0, 0, 0, 0, 0, 0, 0, 0, 0, 0, 0, 0, 0, 0]",128,512,2097152.0,8388608.0,11583074481,11583395299,11583085179,11583464727,272,451355,144062,831856,2,22990,72255,32,128,128,3
152,1,"[8, 32, 128, 8, 8, 0, 0, 0, 0, 0, 0, 0, 0, 0, 0, 0, 0, 0, 0, 0, 0, 0, 0, 0, 0, 0, 0, 0, 0, 0]",512,128,262144.0,4194304.0,11583597698,11583609054,11583608789,11583617141,0,258430,258430,831857,1,11356,8352,32,128,128,3
203,1,"[32, 128, 8, 8, 32, 8, 8, 3, 3, 1, 1, 1, 1, 1, 1, 1, 8, 0, 0, 0, 0, 0, 0, 0, 0, 0, 0, 0, 0, 0]",64,64,0.0,0.0,11583863220,11583876258,11583875571,11584686474,4352,928,928,831858,1,13038,810903,32,128,128,3
213,1,"[8, 32, 256, 8, 8, 8, 32, 32, 8, 8, 8, 32, 32, 8, 8, 8, 32, 32, 8, 8, 8, 32, 32, 8, 8, 8, 32, 32, 8, 8, 8, 32, 32, 8, 8, 8, 32, 32, 8, 8, 8, 32, 32, 8, 8]",720,512,0.0,16777216.0,11584056349,11584069473,11584687402,11584757481,0,56512,56512,831859,1,13124,70079,32,128,128,3
205,1,"[4, 0, 0, 0, 0, 0, 0, 0, 0, 0, 0, 0, 0, 0, 0, 4, 0, 0, 0, 0, 0, 0, 0, 0, 0, 0, 0, 0, 0, 0]",512,512,8388608.0,33554432.0,11584803633,11585126046,11584813993,11585345315,272,309756,640,831860,2,23120,222206,32,128,128,3
152,1,"[8, 32, 512, 8, 8, 0, 0, 0, 0, 0, 0, 0, 0, 0, 0, 0, 0, 0, 0, 0, 0, 0, 0, 0, 0, 0, 0, 0, 0, 0]",2048,128,1048576.0,16777216.0,11585332392,11585344491,11585345955,11585415106,0,183966,183966,831861,1,12099,69151,32,128,128,3
203,1,"[32, 512, 8, 8, 128, 8, 8, 1, 1, 0, 0, 1, 1, 1, 1, 1, 8, 0, 0, 0, 0, 0, 0, 0, 0, 0, 0, 0, 0, 0]",512,256,0.0,0.0,11585587466,11585606805,11585599072,11589997938,20736,67359,61887,831862,2,18009,4393394,32,128,128,3
205,1,"[4, 0, 0, 0, 0, 0, 0, 0, 0, 0, 0, 0, 0, 0, 0, 4, 0, 0, 0, 0, 0, 0, 0, 0, 0, 0, 0, 0, 0, 0]",128,512,2097152.0,8388608.0,11590049229,11590366540,11590059825,11590435981,272,448155,144287,831863,2,22642,72288,32,128,128,3
152,1,"[8, 32, 128, 8, 8, 0, 0, 0, 0, 0, 0, 0, 0, 0, 0, 0, 0, 0, 0, 0, 0, 0, 0, 0, 0, 0, 0, 0, 0, 0]",512,128,262144.0,4194304.0,11590568608,11590580549,11590580268,11590588492,0,254813,254813,831864,1,11941,8224,32,128,128,3
203,1,"[32, 128, 8, 8, 32, 8, 8, 3, 3, 1, 1, 1, 1, 1, 1, 1, 8, 0, 0, 0, 0, 0, 0, 0, 0, 0, 0, 0, 0, 0]",64,64,0.0,0.0,11590830757,11590843838,11590843305,11591654305,4352,1024,1024,831865,1,13081,811000,32,128,128,3
213,1,"[8, 32, 256, 8, 8, 8, 32, 32, 8, 8, 8, 32, 32, 8, 8, 8, 32, 32, 8, 8, 8, 32, 32, 8, 8, 8, 32, 32, 8, 8, 8, 32, 32, 8, 8, 8, 32, 32, 8, 8, 8, 32, 32, 8, 8, 8, 32, 32, 8, 8]",800,512,0.0,17825792.0,11591014426,11591026866,11591655329,11591732192,0,54207,54207,831866,1,12440,76863,32,128,128,3
205,1,"[4, 0, 0, 0, 0, 0, 0, 0, 0, 0, 0, 0, 0, 0, 0, 4, 0, 0, 0, 0, 0, 0, 0, 0, 0, 0, 0, 0, 0, 0]",544,512,8912896.0,35651584.0,11591776355,11592104502,11591786399,11592341146,272,315677,576,831867,2,22548,239646,32,128,128,3
152,1,"[8, 32, 544, 8, 8, 0, 0, 0, 0, 0, 0, 0, 0, 0, 0, 0, 0, 0, 0, 0, 0, 0, 0, 0, 0, 0, 0, 0, 0, 0]",2176,128,1114112.0,17825792.0,11592310203,11592322818,11592341722,11592416793,0,163646,163646,831868,1,12615,75071,32,128,128,3
203,1,"[32, 544, 8, 8, 128, 8, 8, 1, 1, 0, 0, 1, 1, 1, 1, 1, 8, 0, 0, 0, 0, 0, 0, 0, 0, 0, 0, 0, 0, 0]",544,256,0.0,0.0,11592568417,11592587892,11592580439,11597229190,20736,63359,58207,831869,2,18178,4643599,32,128,128,3
205,1,"[4, 0, 0, 0, 0, 0, 0, 0, 0, 0, 0, 0, 0, 0, 0, 4, 0, 0, 0, 0, 0, 0, 0, 0, 0, 0, 0, 0, 0, 0]",128,512,2097152.0,8388608.0,11597276841,11597598077,11597287397,11597667489,272,449116,141311,831870,2,22543,72287,32,128,128,3
152,1,"[8, 32, 128, 8, 8, 0, 0, 0, 0, 0, 0, 0, 0, 0, 0, 0, 0, 0, 0, 0, 0, 0, 0, 0, 0, 0, 0, 0, 0, 0]",512,128,262144.0,4194304.0,11597798119,11597809189,11597808800,11597816992,0,255037,255037,831871,1,11070,8192,32,128,128,3
203,1,"[32, 128, 8, 8, 32, 8, 8, 3, 3, 1, 1, 1, 1, 1, 1, 1, 8, 0, 0, 0, 0, 0, 0, 0, 0, 0, 0, 0, 0, 0]",64,64,0.0,0.0,11598059850,11598072862,11598072029,11598882613,4352,928,928,831872,1,13012,810584,32,128,128,3
213,1,"[8, 32, 256, 8, 8, 8, 32, 32, 8, 8, 8, 32, 32, 8, 8, 8, 32, 32, 8, 8, 8, 32, 32, 8, 8, 8, 32, 32, 8, 8, 8, 32, 32, 8, 8, 8, 32, 32, 8, 8, 8, 32, 32, 8, 8, 8, 32, 32, 8, 8, 8, 32, 32, 8, 8]",880,512,0.0,18874368.0,11598247163,11598259564,11598883541,11598963220,0,60671,60671,831873,1,12401,79679,32,128,128,3
205,1,"[4, 0, 0, 0, 0, 0, 0, 0, 0, 0, 0, 0, 0, 0, 0, 4, 0, 0, 0, 0, 0, 0, 0, 0, 0, 0, 0, 0, 0, 0]",576,512,9437184.0,37748736.0,11599012782,11599346475,11599023891,11599596909,272,320221,544,831874,2,23972,253341,32,128,128,3
152,1,"[8, 32, 576, 8, 8, 0, 0, 0, 0, 0, 0, 0, 0, 0, 0, 0, 0, 0, 0, 0, 0, 0, 0, 0, 0, 0, 0, 0, 0, 0]",2304,128,1179648.0,18874368.0,11599551370,11599563812,11599597453,11599674925,0,145182,145182,831875,1,12442,77472,32,128,128,3
203,1,"[32, 576, 8, 8, 128, 8, 8, 1, 1, 0, 0, 1, 1, 1, 1, 1, 8, 0, 0, 0, 0, 0, 0, 0, 0, 0, 0, 0, 0, 0]",576,256,0.0,0.0,11599808147,11599827981,11599820107,11604777079,20736,64191,58591,831876,2,18550,4951372,32,128,128,3
205,1,"[4, 0, 0, 0, 0, 0, 0, 0, 0, 0, 0, 0, 0, 0, 0, 4, 0, 0, 0, 0, 0, 0, 0, 0, 0, 0, 0, 0, 0, 0]",128,512,2097152.0,8388608.0,11604824689,11605146103,11604835670,11605214834,272,450491,143006,831877,2,23179,71679,32,128,128,3
152,1,"[8, 32, 128, 8, 8, 0, 0, 0, 0, 0, 0, 0, 0, 0, 0, 0, 0, 0, 0, 0, 0, 0, 0, 0, 0, 0, 0, 0, 0, 0]",512,128,262144.0,4194304.0,11605346727,11605358102,11605357840,11605366096,0,255998,255998,831878,1,11375,8256,32,128,128,3
203,1,"[32, 128, 8, 8, 32, 8, 8, 3, 3, 1, 1, 1, 1, 1, 1, 1, 8, 0, 0, 0, 0, 0, 0, 0, 0, 0, 0, 0, 0, 0]",64,64,0.0,0.0,11605609284,11605622250,11605622094,11606425285,4352,640,640,831879,1,12966,803191,32,128,128,3
213,1,"[8, 32, 256, 8, 8, 8, 32, 32, 8, 8, 8, 32, 32, 8, 8, 8, 32, 32, 8, 8, 8, 32, 32, 8, 8, 8, 32, 32, 8, 8, 8, 32, 32, 8, 8, 8, 32, 32, 8, 8, 8, 32, 32, 8, 8, 8, 32, 32, 8, 8, 8, 32, 32, 8, 8, 8, 32, 32, 8, 8]",960,512,0.0,19922944.0,11605797737,11605810429,11606425925,11606510565,0,53407,53407,831880,1,12692,84640,32,128,128,3
205,1,"[4, 0, 0, 0, 0, 0, 0, 0, 0, 0, 0, 0, 0, 0, 0, 4, 0, 0, 0, 0, 0, 0, 0, 0, 0, 0, 0, 0, 0, 0]",608,512,9961472.0,39845888.0,11606554042,11606873208,11606563972,11607140446,272,306973,672,831881,2,24669,270173,32,128,128,3
152,1,"[8, 32, 608, 8, 8, 0, 0, 0, 0, 0, 0, 0, 0, 0, 0, 0, 0, 0, 0, 0, 0, 0, 0, 0, 0, 0, 0, 0, 0, 0]",2432,128,1245184.0,19922944.0,11607077198,11607088996,11607141118,11607222397,0,122303,122303,831882,1,11798,81279,32,128,128,3
203,1,"[32, 608, 8, 8, 128, 8, 8, 1, 1, 0, 0, 1, 1, 1, 1, 1, 8, 0, 0, 0, 0, 0, 0, 0, 0, 0, 0, 0, 0, 0]",608,256,0.0,0.0,11607332786,11607352498,11607344700,11612576165,20736,70527,64991,831883,2,18396,5225929,32,128,128,3
205,1,"[4, 0, 0, 0, 0, 0, 0, 0, 0, 0, 0, 0, 0, 0, 0, 4, 0, 0, 0, 0, 0, 0, 0, 0, 0, 0, 0, 0, 0, 0]",128,512,2097152.0,8388608.0,11612630531,11612943443,11612641156,11613012384,272,441052,141599,831884,2,22371,71775,32,128,128,3
152,1,"[8, 32, 128, 8, 8, 0, 0, 0, 0, 0, 0, 0, 0, 0, 0, 0, 0, 0, 0, 0, 0, 0, 0, 0, 0, 0, 0, 0, 0, 0]",512,128,262144.0,4194304.0,11613142625,11613154314,11613153983,11613162111,0,254397,254397,831885,1,11689,8128,32,128,128,3
203,1,"[32, 128, 8, 8, 32, 8, 8, 3, 3, 1, 1, 1, 1, 1, 1, 1, 8, 0, 0, 0, 0, 0, 0, 0, 0, 0, 0, 0, 0, 0]",64,64,0.0,0.0,11613404433,11613417085,11613416508,11614220180,4352,991,991,831886,1,12652,803672,32,128,128,3
213,1,"[8, 32, 256, 8, 8, 8, 32, 32, 8, 8, 8, 32, 32, 8, 8, 8, 32, 32, 8, 8, 8, 32, 32, 8, 8, 8, 32, 32, 8, 8, 8, 32, 32, 8, 8, 8, 32, 32, 8, 8, 8, 32, 32, 8, 8, 8, 32, 32, 8, 8, 8, 32, 32, 8, 8, 8, 32, 32, 8, 8, 8, 32, 32, 8, 8]",1040,512,0.0,20971520.0,11613594968,11613607592,11614221171,11614308915,0,58431,58431,831887,1,12624,87744,32,128,128,3
205,1,"[4, 0, 0, 0, 0, 0, 0, 0, 0, 0, 0, 0, 0, 0, 0, 4, 0, 0, 0, 0, 0, 0, 0, 0, 0, 0, 0, 0, 0, 0]",640,512,10485760.0,41943040.0,11614357216,11614676492,11614367346,11614943372,272,307037,672,831888,2,22003,269661,32,128,128,3
152,1,"[8, 32, 640, 8, 8, 0, 0, 0, 0, 0, 0, 0, 0, 0, 0, 0, 0, 0, 0, 0, 0, 0, 0, 0, 0, 0, 0, 0, 0, 0]",2560,128,1310720.0,20971520.0,11614880491,11614892060,11614944044,11615031627,0,114975,114975,831889,1,11569,87583,32,128,128,3
203,1,"[32, 640, 8, 8, 128, 8, 8, 1, 1, 0, 0, 1, 1, 1, 1, 1, 8, 0, 0, 0, 0, 0, 0, 0, 0, 0, 0, 0, 0, 0]",640,256,0.0,0.0,11615135004,11615153960,11615146602,11620634224,20736,62176,57088,831890,2,17651,5482534,32,128,128,3
205,1,"[4, 0, 0, 0, 0, 0, 0, 0, 0, 0, 0, 0, 0, 0, 0, 4, 0, 0, 0, 0, 0, 0, 0, 0, 0, 0, 0, 0, 0, 0]",128,512,2097152.0,8388608.0,11620680884,11621129004,11620691312,11621197866,272,585275,150527,831891,2,25318,71806,32,128,128,3
152,1,"[8, 32, 128, 8, 8, 0, 0, 0, 0, 0, 0, 0, 0, 0, 0, 0, 0, 0, 0, 0, 0, 0, 0, 0, 0, 0, 0, 0, 0, 0]",512,128,262144.0,4194304.0,11621336657,11621348854,11621348393,11621356520,0,255294,255294,831892,1,12197,8127,32,128,128,3
203,1,"[32, 128, 8, 8, 32, 8, 8, 3, 3, 1, 1, 1, 1, 1, 1, 1, 8, 0, 0, 0, 0, 0, 0, 0, 0, 0, 0, 0, 0, 0]",64,64,0.0,0.0,11621599280,11621612326,11621611814,11622415229,4352,1056,1056,831893,1,13046,803415,32,128,128,3
213,1,"[8, 32, 256, 8, 8, 8, 32, 32, 8, 8, 8, 32, 32, 8, 8, 8, 32, 32, 8, 8, 8, 32, 32, 8, 8, 8, 32, 32, 8, 8, 8, 32, 32, 8, 8, 8, 32, 32, 8, 8, 8, 32, 32, 8, 8, 8, 32, 32, 8, 8, 8, 32, 32, 8, 8, 8, 32, 32, 8, 8, 8, 32, 32, 8, 8, 8, 32, 32, 8, 8]",1120,512,0.0,22020096.0,11621794440,11621807517,11622416285,11622508604,0,60384,60384,831894,1,13077,92319,32,128,128,3
205,1,"[4, 0, 0, 0, 0, 0, 0, 0, 0, 0, 0, 0, 0, 0, 0, 4, 0, 0, 0, 0, 0, 0, 0, 0, 0, 0, 0, 0, 0, 0]",672,512,11010048.0,44040192.0,11622559023,11622878968,11622568988,11623163574,272,307421,608,831895,2,22368,287773,32,128,128,3
152,1,"[8, 32, 672, 8, 8, 0, 0, 0, 0, 0, 0, 0, 0, 0, 0, 0, 0, 0, 0, 0, 0, 0, 0, 0, 0, 0, 0, 0, 0, 0]",2688,128,1376256.0,22020096.0,11623085664,11623097931,11623164182,11623256437,0,101214,101214,831896,1,12267,92255,32,128,128,3
203,1,"[32, 672, 8, 8, 128, 8, 8, 1, 1, 0, 0, 1, 1, 1, 1, 1, 8, 0, 0, 0, 0, 0, 0, 0, 0, 0, 0, 0, 0, 0]",672,256,0.0,0.0,11623345481,11623364961,11623357651,11629149047,20736,64606,59743,831897,2,18187,5786533,32,128,128,3
205,1,"[4, 0, 0, 0, 0, 0, 0, 0, 0, 0, 0, 0, 0, 0, 0, 4, 0, 0, 0, 0, 0, 0, 0, 0, 0, 0, 0, 0, 0, 0]",128,512,2097152.0,8388608.0,11629198091,11629520195,11629208790,11629589266,272,453371,145022,831898,2,22885,72127,32,128,128,3
152,1,"[8, 32, 128, 8, 8, 0, 0, 0, 0, 0, 0, 0, 0, 0, 0, 0, 0, 0, 0, 0, 0, 0, 0, 0, 0, 0, 0, 0, 0, 0]",512,128,262144.0,4194304.0,11629723279,11629734800,11629734288,11629742416,0,255006,255006,831899,1,11521,8128,32,128,128,3
203,1,"[32, 128, 8, 8, 32, 8, 8, 3, 3, 1, 1, 1, 1, 1, 1, 1, 8, 0, 0, 0, 0, 0, 0, 0, 0, 0, 0, 0, 0, 0]",64,64,0.0,0.0,11629985034,11629998072,11629997422,11630801605,4352,576,576,831900,1,13038,804183,32,128,128,3
213,1,"[8, 32, 256, 8, 8, 8, 32, 32, 8, 8, 8, 32, 32, 8, 8, 8, 32, 32, 8, 8, 8, 32, 32, 8, 8, 8, 32, 32, 8, 8, 8, 32, 32, 8, 8, 8, 32, 32, 8, 8, 8, 32, 32, 8, 8, 8, 32, 32, 8, 8, 8, 32, 32, 8, 8, 8, 32, 32, 8, 8, 8, 32, 32, 8, 8, 8, 32, 32, 8, 8, 8, 32, 32, 8, 8]",1200,512,0.0,23068672.0,11630183875,11630196727,11630802181,11630898884,0,52352,52352,831901,1,12852,96703,32,128,128,3
205,1,"[4, 0, 0, 0, 0, 0, 0, 0, 0, 0, 0, 0, 0, 0, 0, 4, 0, 0, 0, 0, 0, 0, 0, 0, 0, 0, 0, 0, 0, 0]",704,512,11534336.0,46137344.0,11630941235,11631256613,11630951236,11631557597,272,303100,736,831902,2,22257,303997,32,128,128,3
152,1,"[8, 32, 704, 8, 8, 0, 0, 0, 0, 0, 0, 0, 0, 0, 0, 0, 0, 0, 0, 0, 0, 0, 0, 0, 0, 0, 0, 0, 0, 0]",2816,128,1441792.0,23068672.0,11631464514,11631476659,11631558333,11631655708,0,77599,77599,831903,1,12145,97375,32,128,128,3
203,1,"[32, 704, 8, 8, 128, 8, 8, 1, 1, 0, 0, 1, 1, 1, 1, 1, 8, 0, 0, 0, 0, 0, 0, 0, 0, 0, 0, 0, 0, 0]",704,256,0.0,0.0,11631721487,11631740816,11631733307,11637835803,20736,63297,58464,831904,2,18077,6097663,32,128,128,3
205,1,"[4, 0, 0, 0, 0, 0, 0, 0, 0, 0, 0, 0, 0, 0, 0, 4, 0, 0, 0, 0, 0, 0, 0, 0, 0, 0, 0, 0, 0, 0]",128,512,2097152.0,8388608.0,11637883705,11638198655,11637894267,11638267703,272,443355,141950,831905,2,22215,72031,32,128,128,3
152,1,"[8, 32, 128, 8, 8, 0, 0, 0, 0, 0, 0, 0, 0, 0, 0, 0, 0, 0, 0, 0, 0, 0, 0, 0, 0, 0, 0, 0, 0, 0]",512,128,262144.0,4194304.0,11638398760,11638409975,11638409653,11638417845,0,259390,259390,831906,1,11215,8192,32,128,128,3
203,1,"[32, 128, 8, 8, 32, 8, 8, 3, 3, 1, 1, 1, 1, 1, 1, 1, 8, 0, 0, 0, 0, 0, 0, 0, 0, 0, 0, 0, 0, 0]",64,64,0.0,0.0,11638665184,11638677921,11638677235,11639481098,4352,992,992,831907,1,12737,803863,32,128,128,3
213,1,"[8, 32, 256, 8, 8, 8, 32, 32, 8, 8, 8, 32, 32, 8, 8, 8, 32, 32, 8, 8, 8, 32, 32, 8, 8, 8, 32, 32, 8, 8, 8, 32, 32, 8, 8, 8, 32, 32, 8, 8, 8, 32, 32, 8, 8, 8, 32, 32, 8, 8, 8, 32, 32, 8, 8, 8, 32, 32, 8, 8, 8, 32, 32, 8, 8, 8, 32, 32, 8, 8, 8, 32, 32, 8, 8, 8, 32, 32, 8, 8]",1280,512,0.0,24117248.0,11638868710,11638884248,11639482090,11639583305,0,55903,55903,831908,1,15538,101215,32,128,128,3
205,1,"[4, 0, 0, 0, 0, 0, 0, 0, 0, 0, 0, 0, 0, 0, 0, 4, 0, 0, 0, 0, 0, 0, 0, 0, 0, 0, 0, 0, 0, 0]",736,512,12058624.0,48234496.0,11639628990,11639949904,11639639208,11640266466,272,348668,40895,831909,2,22592,319485,32,128,128,3
152,1,"[8, 32, 736, 8, 8, 0, 0, 0, 0, 0, 0, 0, 0, 0, 0, 0, 0, 0, 0, 0, 0, 0, 0, 0, 0, 0, 0, 0, 0, 0]",2944,128,1507328.0,24117248.0,11640294498,11640307895,11640307361,11640408576,0,165534,165534,831910,1,13397,101215,32,128,128,3
203,1,"[32, 736, 8, 8, 128, 8, 8, 1, 1, 0, 0, 1, 1, 1, 1, 1, 8, 0, 0, 0, 0, 0, 0, 0, 0, 0, 0, 0, 0, 0]",736,256,0.0,0.0,11640561932,11640584266,11640574110,11646943612,20736,65471,60159,831911,2,21054,6364190,32,128,128,3
205,1,"[4, 0, 0, 0, 0, 0, 0, 0, 0, 0, 0, 0, 0, 0, 0, 4, 0, 0, 0, 0, 0, 0, 0, 0, 0, 0, 0, 0, 0, 0]",128,512,2097152.0,8388608.0,11646993105,11647309616,11647003771,11647379895,272,445243,142398,831912,2,22789,73279,32,128,128,3
152,1,"[8, 32, 128, 8, 8, 0, 0, 0, 0, 0, 0, 0, 0, 0, 0, 0, 0, 0, 0, 0, 0, 0, 0, 0, 0, 0, 0, 0, 0, 0]",512,128,262144.0,4194304.0,11647510789,11647522687,11647522293,11647530549,0,255966,255966,831913,1,11898,8256,32,128,128,3
203,1,"[32, 128, 8, 8, 32, 8, 8, 3, 3, 1, 1, 1, 1, 1, 1, 1, 8, 0, 0, 0, 0, 0, 0, 0, 0, 0, 0, 0, 0, 0]",64,64,0.0,0.0,11647773951,11647787089,11647786515,11648605770,4352,1024,1024,831914,1,13138,819255,32,128,128,3
213,1,"[8, 32, 256, 8, 8, 8, 32, 32, 8, 8, 8, 32, 32, 8, 8, 8, 32, 32, 8, 8, 8, 32, 32, 8, 8, 8, 32, 32, 8, 8, 8, 32, 32, 8, 8, 8, 32, 32, 8, 8, 8, 32, 32, 8, 8, 8, 32, 32, 8, 8, 8, 32, 32, 8, 8, 8, 32, 32, 8, 8, 8, 32, 32, 8, 8, 8, 32, 32, 8, 8, 8, 32, 32, 8, 8, 8, 32, 32, 8, 8, 8, 32, 32, 8, 8]",1360,512,0.0,25165824.0,11647984735,11647998088,11648606794,11648713897,0,53247,53247,831915,1,13353,107103,32,128,128,3
205,1,"[4, 0, 0, 0, 0, 0, 0, 0, 0, 0, 0, 0, 0, 0, 0, 4, 0, 0, 0, 0, 0, 0, 0, 0, 0, 0, 0, 0, 0, 0]",768,512,12582912.0,50331648.0,11648757009,11649074279,11648767144,11649414690,272,304955,735,831916,2,22289,343326,32,128,128,3
152,1,"[8, 32, 768, 8, 8, 0, 0, 0, 0, 0, 0, 0, 0, 0, 0, 0, 0, 0, 0, 0, 0, 0, 0, 0, 0, 0, 0, 0, 0, 0]",3072,128,1572864.0,25165824.0,11649282700,11649294793,11649415425,11649521088,0,28544,28544,831917,1,12093,105663,32,128,128,3
203,1,"[32, 768, 8, 8, 128, 8, 8, 1, 1, 0, 0, 1, 1, 1, 1, 1, 8, 0, 0, 0, 0, 0, 0, 0, 0, 0, 0, 0, 0, 0]",768,256,0.0,0.0,11649537870,11649559681,11649549632,11656189818,20736,64096,59008,831918,2,20532,6635098,32,128,128,3
205,1,"[4, 0, 0, 0, 0, 0, 0, 0, 0, 0, 0, 0, 0, 0, 0, 4, 0, 0, 0, 0, 0, 0, 0, 0, 0, 0, 0, 0, 0, 0]",128,512,2097152.0,8388608.0,11656237927,11656551974,11656248826,11656622198,272,440891,140574,831919,2,21992,73055,32,128,128,3
152,1,"[8, 32, 128, 8, 8, 0, 0, 0, 0, 0, 0, 0, 0, 0, 0, 0, 0, 0, 0, 0, 0, 0, 0, 0, 0, 0, 0, 0, 0, 0]",512,128,262144.0,4194304.0,11656751432,11656763090,11656762772,11656771060,0,255581,255581,831920,1,11658,8288,32,128,128,3
203,1,"[32, 128, 8, 8, 32, 8, 8, 3, 3, 1, 1, 1, 1, 1, 1, 1, 8, 0, 0, 0, 0, 0, 0, 0, 0, 0, 0, 0, 0, 0]",64,64,0.0,0.0,11657014835,11657027302,11657026641,11657844745,4352,672,672,831921,1,12467,818104,32,128,128,3
213,1,"[8, 32, 256, 8, 8, 8, 32, 32, 8, 8, 8, 32, 32, 8, 8, 8, 32, 32, 8, 8, 8, 32, 32, 8, 8, 8, 32, 32, 8, 8, 8, 32, 32, 8, 8, 8, 32, 32, 8, 8, 8, 32, 32, 8, 8, 8, 32, 32, 8, 8, 8, 32, 32, 8, 8, 8, 32, 32, 8, 8, 8, 32, 32, 8, 8, 8, 32, 32, 8, 8, 8, 32, 32, 8, 8, 8, 32, 32, 8, 8, 8, 32, 32, 8, 8, 8, 32, 32, 8, 8]",1440,512,0.0,26214400.0,11657222860,11657236488,11657845417,11657955656,0,51743,51743,831922,1,13628,110239,32,128,128,3
205,1,"[4, 0, 0, 0, 0, 0, 0, 0, 0, 0, 0, 0, 0, 0, 0, 4, 0, 0, 0, 0, 0, 0, 0, 0, 0, 0, 0, 0, 0, 0]",800,512,13107200.0,52428800.0,11657997016,11658314991,11658007399,11658654176,272,305310,769,831923,2,22192,342236,32,128,128,3
152,1,"[8, 32, 800, 8, 8, 0, 0, 0, 0, 0, 0, 0, 0, 0, 0, 0, 0, 0, 0, 0, 0, 0, 0, 0, 0, 0, 0, 0, 0, 0]",3200,128,1638400.0,26214400.0,11658524251,11658536266,11658654945,11658765951,0,26144,26144,831924,1,12015,111006,32,128,128,3
203,1,"[32, 800, 8, 8, 128, 8, 8, 1, 1, 0, 0, 1, 1, 1, 1, 1, 8, 0, 0, 0, 0, 0, 0, 0, 0, 0, 0, 0, 0, 0]",800,256,0.0,0.0,11658780391,11658802225,11658792095,11665708727,20736,70495,63007,831925,2,20531,6909144,32,128,128,3
205,1,"[4, 0, 0, 0, 0, 0, 0, 0, 0, 0, 0, 0, 0, 0, 0, 4, 0, 0, 0, 0, 0, 0, 0, 0, 0, 0, 0, 0, 0, 0]",128,512,2097152.0,8388608.0,11665760982,11666078186,11665771734,11666149778,272,442587,139070,831926,2,22451,74527,32,128,128,3
152,1,"[8, 32, 128, 8, 8, 0, 0, 0, 0, 0, 0, 0, 0, 0, 0, 0, 0, 0, 0, 0, 0, 0, 0, 0, 0, 0, 0, 0, 0, 0]",512,128,262144.0,4194304.0,11666277622,11666289026,11666288848,11666297200,0,254589,254589,831927,1,11404,8352,32,128,128,3
203,1,"[32, 128, 8, 8, 32, 8, 8, 3, 3, 1, 1, 1, 1, 1, 1, 1, 8, 0, 0, 0, 0, 0, 0, 0, 0, 0, 0, 0, 0, 0]",64,64,0.0,0.0,11666539715,11666554796,11666551789,11667386981,4352,1024,1024,831928,1,15081,835192,32,128,128,3
213,1,"[8, 32, 256, 8, 8, 8, 32, 32, 8, 8, 8, 32, 32, 8, 8, 8, 32, 32, 8, 8, 8, 32, 32, 8, 8, 8, 32, 32, 8, 8, 8, 32, 32, 8, 8, 8, 32, 32, 8, 8, 8, 32, 32, 8, 8, 8, 32, 32, 8, 8, 8, 32, 32, 8, 8, 8, 32, 32, 8, 8, 8, 32, 32, 8, 8, 8, 32, 32, 8, 8, 8, 32, 32, 8, 8, 8, 32, 32, 8, 8, 8, 32, 32, 8, 8, 8, 32, 32, 8, 8, 8, 32, 32, 8, 8]",1520,512,0.0,27262976.0,11666887383,11666902106,11667388005,11667501316,0,57599,57599,831929,1,14723,113311,32,128,128,3
205,1,"[4, 0, 0, 0, 0, 0, 0, 0, 0, 0, 0, 0, 0, 0, 0, 4, 0, 0, 0, 0, 0, 0, 0, 0, 0, 0, 0, 0, 0, 0]",832,512,13631488.0,54525952.0,11667548499,11667867223,11667558915,11668232156,272,306045,736,831930,2,22393,367932,32,128,128,3
152,1,"[8, 32, 832, 8, 8, 0, 0, 0, 0, 0, 0, 0, 0, 0, 0, 0, 0, 0, 0, 0, 0, 0, 0, 0, 0, 0, 0, 0, 0, 0]",3328,128,1703936.0,27262976.0,11668080171,11668092790,11668232892,11668348314,0,3520,3520,831931,1,12619,115422,32,128,128,3
203,1,"[32, 832, 8, 8, 128, 8, 8, 1, 1, 0, 0, 1, 1, 1, 1, 1, 8, 0, 0, 0, 0, 0, 0, 0, 0, 0, 0, 0, 0, 0]",832,256,0.0,0.0,11668339155,11668359077,11668351834,11675533135,20736,68223,63647,831932,2,18597,7176725,32,128,128,3
205,1,"[4, 0, 0, 0, 0, 0, 0, 0, 0, 0, 0, 0, 0, 0, 0, 4, 0, 0, 0, 0, 0, 0, 0, 0, 0, 0, 0, 0, 0, 0]",128,512,2097152.0,8388608.0,11675585618,11675904491,11675596782,11675976042,272,459036,154399,831933,2,23134,74623,32,128,128,3
152,1,"[8, 32, 128, 8, 8, 0, 0, 0, 0, 0, 0, 0, 0, 0, 0, 0, 0, 0, 0, 0, 0, 0, 0, 0, 0, 0, 0, 0, 0, 0]",512,128,262144.0,4194304.0,11676112771,11676131073,11676130441,11676138889,0,269565,269565,831934,1,18302,8448,32,128,128,3
203,1,"[32, 128, 8, 8, 32, 8, 8, 3, 3, 1, 1, 1, 1, 1, 1, 1, 8, 0, 0, 0, 0, 0, 0, 0, 0, 0, 0, 0, 0, 0]",64,64,0.0,0.0,11676396224,11676408971,11676408454,11677244381,4352,640,640,831935,1,12747,835927,32,128,128,3
213,1,"[8, 32, 256, 8, 8, 8, 32, 32, 8, 8, 8, 32, 32, 8, 8, 8, 32, 32, 8, 8, 8, 32, 32, 8, 8, 8, 32, 32, 8, 8, 8, 32, 32, 8, 8, 8, 32, 32, 8, 8, 8, 32, 32, 8, 8, 8, 32, 32, 8, 8, 8, 32, 32, 8, 8, 8, 32, 32, 8, 8, 8, 32, 32, 8, 8, 8, 32, 32, 8, 8, 8, 32, 32, 8, 8, 8, 32, 32, 8, 8, 8, 32, 32, 8, 8, 8, 32, 32, 8, 8, 8, 32, 32, 8, 8, 8, 32, 32, 8, 8]",1600,512,0.0,28311552.0,11676609733,11676622830,11677245021,11677362460,0,55807,55807,831936,1,13097,117439,32,128,128,3
205,1,"[4, 0, 0, 0, 0, 0, 0, 0, 0, 0, 0, 0, 0, 0, 0, 4, 0, 0, 0, 0, 0, 0, 0, 0, 0, 0, 0, 0, 0, 0]",864,512,14155776.0,56623104.0,11677408330,11677727466,11677418267,11678108692,272,306877,736,831937,2,22346,384284,32,128,128,3
152,1,"[8, 32, 864, 8, 8, 0, 0, 0, 0, 0, 0, 0, 0, 0, 0, 0, 0, 0, 0, 0, 0, 0, 0, 0, 0, 0, 0, 0, 0, 0]",3456,128,1769472.0,28311552.0,11677932978,11677945068,11678109428,11678229875,0,672,672,831938,1,12090,120447,32,128,128,3
203,1,"[32, 864, 8, 8, 128, 8, 8, 1, 1, 0, 0, 1, 1, 1, 1, 1, 8, 0, 0, 0, 0, 0, 0, 0, 0, 0, 0, 0, 0, 0]",864,256,0.0,0.0,11678189575,11678209045,11678230547,11685741668,20736,63391,62687,831939,2,18187,7510417,32,128,128,3
205,1,"[4, 0, 0, 0, 0, 0, 0, 0, 0, 0, 0, 0, 0, 0, 0, 4, 0, 0, 0, 0, 0, 0, 0, 0, 0, 0, 0, 0, 0, 0]",128,512,2097152.0,8388608.0,11685793643,11686108891,11685804355,11686180607,272,439740,138079,831940,2,22458,74591,32,128,128,3
152,1,"[8, 32, 128, 8, 8, 0, 0, 0, 0, 0, 0, 0, 0, 0, 0, 0, 0, 0, 0, 0, 0, 0, 0, 0, 0, 0, 0, 0, 0, 0]",512,128,262144.0,4194304.0,11686308203,11686318896,11686318686,11686327070,0,256317,256317,831941,1,10693,8384,32,128,128,3
203,1,"[32, 128, 8, 8, 32, 8, 8, 3, 3, 1, 1, 1, 1, 1, 1, 1, 8, 0, 0, 0, 0, 0, 0, 0, 0, 0, 0, 0, 0, 0]",64,64,0.0,0.0,11686571331,11686583851,11686583387,11687418610,4352,672,672,831942,1,12520,835223,32,128,128,3
213,1,"[8, 32, 256, 8, 8, 8, 32, 32, 8, 8, 8, 32, 32, 8, 8, 8, 32, 32, 8, 8, 8, 32, 32, 8, 8, 8, 32, 32, 8, 8, 8, 32, 32, 8, 8, 8, 32, 32, 8, 8, 8, 32, 32, 8, 8, 8, 32, 32, 8, 8, 8, 32, 32, 8, 8, 8, 32, 32, 8, 8, 8, 32, 32, 8, 8, 8, 32, 32, 8, 8, 8, 32, 32, 8, 8, 8, 32, 32, 8, 8, 8, 32, 32, 8, 8, 8, 32, 32, 8, 8, 8, 32, 32, 8, 8, 8, 32, 32, 8, 8, 8, 32, 32, 8, 8]",1680,512,0.0,29360128.0,11686787563,11686800887,11687419282,11687543793,0,58879,58879,831943,1,13324,124511,32,128,128,3
205,1,"[4, 0, 0, 0, 0, 0, 0, 0, 0, 0, 0, 0, 0, 0, 0, 4, 0, 0, 0, 0, 0, 0, 0, 0, 0, 0, 0, 0, 0, 0]",896,512,14680064.0,58720256.0,11687592617,11687914158,11687602672,11688312137,272,309245,704,831944,2,22265,400924,32,128,128,3
152,1,"[8, 32, 896, 8, 8, 0, 0, 0, 0, 0, 0, 0, 0, 0, 0, 0, 0, 0, 0, 0, 0, 0, 0, 0, 0, 0, 0, 0, 0, 0]",3584,128,1835008.0,29360128.0,11688129610,11688141722,11688312841,11688437064,0,672,672,831945,1,12112,124223,32,128,128,3
203,1,"[32, 896, 8, 8, 128, 8, 8, 1, 1, 0, 0, 1, 1, 1, 1, 1, 8, 0, 0, 0, 0, 0, 0, 0, 0, 0, 0, 0, 0, 0]",896,256,0.0,0.0,11688390465,11688409875,11688437736,11696224886,20736,67359,66655,831946,2,18155,7786446,32,128,128,3
205,1,"[4, 0, 0, 0, 0, 0, 0, 0, 0, 0, 0, 0, 0, 0, 0, 4, 0, 0, 0, 0, 0, 0, 0, 0, 0, 0, 0, 0, 0, 0]",128,512,2097152.0,8388608.0,11696280316,11696769124,11696291541,11696840527,272,635673,161150,831947,2,25522,74463,32,128,128,3
152,1,"[8, 32, 128, 8, 8, 0, 0, 0, 0, 0, 0, 0, 0, 0, 0, 0, 0, 0, 0, 0, 0, 0, 0, 0, 0, 0, 0, 0, 0, 0]",512,128,262144.0,4194304.0,11696989066,11697001985,11697001677,11697010093,0,279070,279070,831948,1,12919,8416,32,128,128,3
203,1,"[32, 128, 8, 8, 32, 8, 8, 3, 3, 1, 1, 1, 1, 1, 1, 1, 8, 0, 0, 0, 0, 0, 0, 0, 0, 0, 0, 0, 0, 0]",64,64,0.0,0.0,11697276733,11697289727,11697289163,11698124002,4352,736,736,831949,1,12994,834839,32,128,128,3
213,1,"[8, 32, 256, 8, 8, 8, 32, 32, 8, 8, 8, 32, 32, 8, 8, 8, 32, 32, 8, 8, 8, 32, 32, 8, 8, 8, 32, 32, 8, 8, 8, 32, 32, 8, 8, 8, 32, 32, 8, 8, 8, 32, 32, 8, 8, 8, 32, 32, 8, 8, 8, 32, 32, 8, 8, 8, 32, 32, 8, 8, 8, 32, 32, 8, 8, 8, 32, 32, 8, 8, 8, 32, 32, 8, 8, 8, 32, 32, 8, 8, 8, 32, 32, 8, 8, 8, 32, 32, 8, 8, 8, 32, 32, 8, 8, 8, 32, 32, 8, 8, 8, 32, 32, 8, 8, 8, 32, 32, 8, 8]",1760,512,0.0,30408704.0,11697493803,11697506950,11698124738,11698252160,0,57792,57792,831950,1,13147,127422,32,128,128,3
205,1,"[4, 0, 0, 0, 0, 0, 0, 0, 0, 0, 0, 0, 0, 0, 0, 4, 0, 0, 0, 0, 0, 0, 0, 0, 0, 0, 0, 0, 0, 0]",928,512,15204352.0,60817408.0,11698299566,11698618593,11698309952,11699034040,272,306525,640,831951,2,22242,418203,32,128,128,3
152,1,"[8, 32, 928, 8, 8, 0, 0, 0, 0, 0, 0, 0, 0, 0, 0, 0, 0, 0, 0, 0, 0, 0, 0, 0, 0, 0, 0, 0, 0, 0]",3712,128,1900544.0,30408704.0,11698823096,11698835466,11699034680,11699163287,0,736,736,831952,1,12370,128607,32,128,128,3
203,1,"[32, 928, 8, 8, 128, 8, 8, 1, 1, 0, 0, 1, 1, 1, 1, 1, 8, 0, 0, 0, 0, 0, 0, 0, 0, 0, 0, 0, 0, 0]",928,256,0.0,0.0,11699082620,11699102201,11699164023,11707197698,20736,58977,58304,831953,2,18257,8033002,32,128,128,3
205,1,"[4, 0, 0, 0, 0, 0, 0, 0, 0, 0, 0, 0, 0, 0, 0, 4, 0, 0, 0, 0, 0, 0, 0, 0, 0, 0, 0, 0, 0, 0]",128,512,2097152.0,8388608.0,11707245208,11707561694,11707256002,11707635006,272,440442,137886,831954,2,22681,76448,32,128,128,3
152,1,"[8, 32, 128, 8, 8, 0, 0, 0, 0, 0, 0, 0, 0, 0, 0, 0, 0, 0, 0, 0, 0, 0, 0, 0, 0, 0, 0, 0, 0, 0]",512,128,262144.0,4194304.0,11707761862,11707773094,11707772892,11707781500,0,262333,262333,831955,1,11232,8608,32,128,128,3
203,1,"[32, 128, 8, 8, 32, 8, 8, 3, 3, 1, 1, 1, 1, 1, 1, 1, 8, 0, 0, 0, 0, 0, 0, 0, 0, 0, 0, 0, 0, 0]",64,64,0.0,0.0,11708031149,11708044480,11708043833,11708895920,4352,1057,1057,831956,1,13331,852087,32,128,128,3
213,1,"[8, 32, 256, 8, 8, 8, 32, 32, 8, 8, 8, 32, 32, 8, 8, 8, 32, 32, 8, 8, 8, 32, 32, 8, 8, 8, 32, 32, 8, 8, 8, 32, 32, 8, 8, 8, 32, 32, 8, 8, 8, 32, 32, 8, 8, 8, 32, 32, 8, 8, 8, 32, 32, 8, 8, 8, 32, 32, 8, 8, 8, 32, 32, 8, 8, 8, 32, 32, 8, 8, 8, 32, 32, 8, 8, 8, 32, 32, 8, 8, 8, 32, 32, 8, 8, 8, 32, 32, 8, 8, 8, 32, 32, 8, 8, 8, 32, 32, 8, 8, 8, 32, 32, 8, 8, 8, 32, 32, 8, 8, 8, 32, 32, 8, 8]",1840,512,0.0,31457280.0,11708254193,11708267221,11708896977,11709028047,0,56703,56703,831957,1,13028,131070,32,128,128,3
205,1,"[4, 0, 0, 0, 0, 0, 0, 0, 0, 0, 0, 0, 0, 0, 0, 4, 0, 0, 0, 0, 0, 0, 0, 0, 0, 0, 0, 0, 0, 0]",960,512,15728640.0,62914560.0,11709074111,11709391035,11709084750,11709816967,272,304221,704,831958,2,22706,428700,32,128,128,3
152,1,"[8, 32, 960, 8, 8, 0, 0, 0, 0, 0, 0, 0, 0, 0, 0, 0, 0, 0, 0, 0, 0, 0, 0, 0, 0, 0, 0, 0, 0, 0]",3840,128,1966080.0,31457280.0,11709595089,11709609381,11709817671,11709952069,0,800,800,831959,1,14292,134398,32,128,128,3
203,1,"[32, 960, 8, 8, 128, 8, 8, 1, 1, 0, 0, 1, 1, 1, 1, 1, 8, 0, 0, 0, 0, 0, 0, 0, 0, 0, 0, 0, 0, 0]",960,256,0.0,0.0,11709854219,11709874349,11709952869,11718246254,20736,63744,63104,831960,2,18827,8292745,32,128,128,3
205,1,"[4, 0, 0, 0, 0, 0, 0, 0, 0, 0, 0, 0, 0, 0, 0, 4, 0, 0, 0, 0, 0, 0, 0, 0, 0, 0, 0, 0, 0, 0]",128,512,2097152.0,8388608.0,11718298207,11718614565,11718309358,11718687530,272,441596,139518,831961,2,23284,76094,32,128,128,3
152,1,"[8, 32, 128, 8, 8, 0, 0, 0, 0, 0, 0, 0, 0, 0, 0, 0, 0, 0, 0, 0, 0, 0, 0, 0, 0, 0, 0, 0, 0, 0]",512,128,262144.0,4194304.0,11718815610,11718829750,11718827048,11718835624,0,258877,258877,831962,1,14140,8576,32,128,128,3
203,1,"[32, 128, 8, 8, 32, 8, 8, 3, 3, 1, 1, 1, 1, 1, 1, 1, 8, 0, 0, 0, 0, 0, 0, 0, 0, 0, 0, 0, 0, 0]",64,64,0.0,0.0,11719082353,11719095078,11719094501,11719947452,4352,832,832,831963,1,12725,852951,32,128,128,3
213,1,"[8, 32, 256, 8, 8, 8, 32, 32, 8, 8, 8, 32, 32, 8, 8, 8, 32, 32, 8, 8, 8, 32, 32, 8, 8, 8, 32, 32, 8, 8, 8, 32, 32, 8, 8, 8, 32, 32, 8, 8, 8, 32, 32, 8, 8, 8, 32, 32, 8, 8, 8, 32, 32, 8, 8, 8, 32, 32, 8, 8, 8, 32, 32, 8, 8, 8, 32, 32, 8, 8, 8, 32, 32, 8, 8, 8, 32, 32, 8, 8, 8, 32, 32, 8, 8, 8, 32, 32, 8, 8, 8, 32, 32, 8, 8, 8, 32, 32, 8, 8, 8, 32, 32, 8, 8, 8, 32, 32, 8, 8, 8, 32, 32, 8, 8, 8, 32, 32, 8, 8]",1920,512,0.0,32505856.0,11719308763,11719321910,11719948284,11720084155,0,60703,60703,831964,1,13147,135871,32,128,128,3
205,1,"[4, 0, 0, 0, 0, 0, 0, 0, 0, 0, 0, 0, 0, 0, 0, 4, 0, 0, 0, 0, 0, 0, 0, 0, 0, 0, 0, 0, 0, 0]",992,512,16252928.0,65011712.0,11720134680,11720646098,11720144858,11721086608,272,498683,768,831965,2,24182,443835,32,128,128,3
152,1,"[8, 32, 992, 8, 8, 0, 0, 0, 0, 0, 0, 0, 0, 0, 0, 0, 0, 0, 0, 0, 0, 0, 0, 0, 0, 0, 0, 0, 0, 0]",3968,128,2031616.0,32505856.0,11720859114,11720871766,11721087376,11721225103,0,768,768,831966,1,12652,137727,32,128,128,3
203,1,"[32, 992, 8, 8, 128, 8, 8, 1, 1, 0, 0, 1, 1, 1, 1, 1, 8, 0, 0, 0, 0, 0, 0, 0, 0, 0, 0, 0, 0, 0]",992,256,0.0,0.0,11721115656,11721135241,11721225871,11729884052,20736,62783,62175,831967,2,18279,8657573,32,128,128,3
205,1,"[4, 0, 0, 0, 0, 0, 0, 0, 0, 0, 0, 0, 0, 0, 0, 4, 0, 0, 0, 0, 0, 0, 0, 0, 0, 0, 0, 0, 0, 0]",128,512,2097152.0,8388608.0,11729935450,11730248375,11729946227,11730322319,272,440668,141471,831968,2,22828,76895,32,128,128,3
152,1,"[8, 32, 128, 8, 8, 0, 0, 0, 0, 0, 0, 0, 0, 0, 0, 0, 0, 0, 0, 0, 0, 0, 0, 0, 0, 0, 0, 0, 0, 0]",512,128,262144.0,4194304.0,11730451892,11730464159,11730463790,11730472398,0,256605,256605,831969,1,12267,8608,32,128,128,3
203,1,"[32, 128, 8, 8, 32, 8, 8, 3, 3, 1, 1, 1, 1, 1, 1, 1, 8, 0, 0, 0, 0, 0, 0, 0, 0, 0, 0, 0, 0, 0]",64,64,0.0,0.0,11730716986,11730729617,11730729003,11731590786,4352,1024,1024,831970,1,12631,861783,32,128,128,3
213,1,"[8, 32, 256, 8, 8, 8, 32, 32, 8, 8, 8, 32, 32, 8, 8, 8, 32, 32, 8, 8, 8, 32, 32, 8, 8, 8, 32, 32, 8, 8, 8, 32, 32, 8, 8, 8, 32, 32, 8, 8, 8, 32, 32, 8, 8, 8, 32, 32, 8, 8, 8, 32, 32, 8, 8, 8, 32, 32, 8, 8, 8, 32, 32, 8, 8, 8, 32, 32, 8, 8, 8, 32, 32, 8, 8, 8, 32, 32, 8, 8, 8, 32, 32, 8, 8, 8, 32, 32, 8, 8, 8, 32, 32, 8, 8, 8, 32, 32, 8, 8, 8, 32, 32, 8, 8, 8, 32, 32, 8, 8, 8, 32, 32, 8, 8, 8, 32, 32, 8, 8, 8, 32, 32, 8, 8]",2000,512,0.0,33554432.0,11730949532,11730962704,11731591810,11731729600,0,56800,56800,831971,1,13172,137790,32,128,128,3
205,1,"[4, 0, 0, 0, 0, 0, 0, 0, 0, 0, 0, 0, 0, 0, 0, 4, 0, 0, 0, 0, 0, 0, 0, 0, 0, 0, 0, 0, 0, 0]",1024,512,16777216.0,67108864.0,11731775648,11732106951,11731786400,11732566296,272,316091,799,831972,2,25387,464604,32,128,128,3
152,1,"[8, 32, 1024, 8, 8, 0, 0, 0, 0, 0, 0, 0, 0, 0, 0, 0, 0, 0, 0, 0, 0, 0, 0, 0, 0, 0, 0, 0, 0, 0]",4096,128,2097152.0,33554432.0,11732314857,11732327166,11732567095,11732709494,0,800,800,831973,1,12309,142399,32,128,128,3
203,1,"[32, 1024, 8, 8, 128, 8, 8, 1, 1, 0, 0, 1, 1, 1, 1, 1, 8, 0, 0, 0, 0, 0, 0, 0, 0, 0, 0, 0, 0, 0]",1024,256,0.0,0.0,11732571324,11732590605,11732710294,11741650904,20736,56608,55808,831974,2,18020,8939810,32,128,128,3
205,1,"[4, 0, 0, 0, 0, 0, 0, 0, 0, 0, 0, 0, 0, 0, 0, 4, 0, 0, 0, 0, 0, 0, 0, 0, 0, 0, 0, 0, 0, 0]",128,512,2097152.0,8388608.0,11741696054,11742014884,11741706712,11742085716,272,442490,139742,831975,2,25507,76256,32,128,128,3
152,1,"[8, 32, 128, 8, 8, 0, 0, 0, 0, 0, 0, 0, 0, 0, 0, 0, 0, 0, 0, 0, 0, 0, 0, 0, 0, 0, 0, 0, 0, 0]",512,128,262144.0,4194304.0,11742213788,11742225662,11742225458,11742234258,0,255645,255645,831976,1,11874,8800,32,128,128,3
203,1,"[32, 128, 8, 8, 32, 8, 8, 3, 3, 1, 1, 1, 1, 1, 1, 1, 8, 0, 0, 0, 0, 0, 0, 0, 0, 0, 0, 0, 0, 0]",64,64,0.0,0.0,11742477503,11742490328,11742489903,11743343751,4352,927,927,831977,1,12825,853848,32,128,128,3
213,1,"[8, 32, 256, 8, 8, 8, 32, 32, 8, 8, 8, 32, 32, 8, 8, 8, 32, 32, 8, 8, 8, 32, 32, 8, 8, 8, 32, 32, 8, 8, 8, 32, 32, 8, 8, 8, 32, 32, 8, 8, 8, 32, 32, 8, 8, 8, 32, 32, 8, 8, 8, 32, 32, 8, 8, 8, 32, 32, 8, 8, 8, 32, 32, 8, 8, 8, 32, 32, 8, 8, 8, 32, 32, 8, 8, 8, 32, 32, 8, 8, 8, 32, 32, 8, 8, 8, 32, 32, 8, 8, 8, 32, 32, 8, 8, 8, 32, 32, 8, 8, 8, 32, 32, 8, 8, 8, 32, 32, 8, 8, 8, 32, 32, 8, 8, 8, 32, 32, 8, 8, 8, 32, 32, 8, 8, 8, 32, 32, 8, 8]",2080,512,0.0,34603008.0,11742707192,11742720140,11743344678,11743488357,0,54687,54687,831978,1,12948,143679,32,128,128,3
205,1,"[4, 0, 0, 0, 0, 0, 0, 0, 0, 0, 0, 0, 0, 0, 0, 4, 0, 0, 0, 0, 0, 0, 0, 0, 0, 0, 0, 0, 0, 0]",1056,512,17301504.0,69206016.0,11743533043,11743850707,11743543044,11744325500,272,305437,736,831979,2,22137,477755,32,128,128,3
152,1,"[8, 32, 1056, 8, 8, 0, 0, 0, 0, 0, 0, 0, 0, 0, 0, 0, 0, 0, 0, 0, 0, 0, 0, 0, 0, 0, 0, 0, 0, 0]",4224,128,2162688.0,34603008.0,11744063037,11744075188,11744326236,11744472859,0,767,767,831980,1,12151,146623,32,128,128,3
203,1,"[32, 1056, 8, 8, 128, 8, 8, 1, 1, 0, 0, 1, 1, 1, 1, 1, 8, 0, 0, 0, 0, 0, 0, 0, 0, 0, 0, 0, 0, 0]",1056,256,0.0,0.0,11744317168,11744336957,11744473626,11753701946,20736,57887,57151,831981,2,18310,9227584,32,128,128,3
205,1,"[4, 0, 0, 0, 0, 0, 0, 0, 0, 0, 0, 0, 0, 0, 0, 4, 0, 0, 0, 0, 0, 0, 0, 0, 0, 0, 0, 0, 0, 0]",128,512,2097152.0,8388608.0,11753748204,11754067859,11753759097,11754141077,272,588890,283133,831982,2,23006,76223,32,128,128,3
152,1,"[8, 32, 128, 8, 8, 0, 0, 0, 0, 0, 0, 0, 0, 0, 0, 0, 0, 0, 0, 0, 0, 0, 0, 0, 0, 0, 0, 0, 0, 0]",512,128,262144.0,4194304.0,11754411376,11754424775,11754424210,11754432722,0,267613,267613,831983,1,13399,8512,32,128,128,3
203,1,"[32, 128, 8, 8, 32, 8, 8, 3, 3, 1, 1, 1, 1, 1, 1, 1, 8, 0, 0, 0, 0, 0, 0, 0, 0, 0, 0, 0, 0, 0]",64,64,0.0,0.0,11754687576,11754700618,11754700335,11755554022,4352,768,768,831984,1,13042,853687,32,128,128,3
213,1,"[8, 32, 256, 8, 8, 8, 32, 32, 8, 8, 8, 32, 32, 8, 8, 8, 32, 32, 8, 8, 8, 32, 32, 8, 8, 8, 32, 32, 8, 8, 8, 32, 32, 8, 8, 8, 32, 32, 8, 8, 8, 32, 32, 8, 8, 8, 32, 32, 8, 8, 8, 32, 32, 8, 8, 8, 32, 32, 8, 8, 8, 32, 32, 8, 8, 8, 32, 32, 8, 8, 8, 32, 32, 8, 8, 8, 32, 32, 8, 8, 8, 32, 32, 8, 8, 8, 32, 32, 8, 8, 8, 32, 32, 8, 8, 8, 32, 32, 8, 8, 8, 32, 32, 8, 8, 8, 32, 32, 8, 8, 8, 32, 32, 8, 8, 8, 32, 32, 8, 8, 8, 32, 32, 8, 8, 8, 32, 32, 8, 8, 8, 32, 32, 8, 8]",2160,512,0.0,35651584.0,11754917351,11754930714,11755554790,11755703588,0,60032,60032,831985,1,13363,148798,32,128,128,3
205,1,"[4, 0, 0, 0, 0, 0, 0, 0, 0, 0, 0, 0, 0, 0, 0, 4, 0, 0, 0, 0, 0, 0, 0, 0, 0, 0, 0, 0, 0, 0]",1088,512,17825792.0,71303168.0,11755753427,11756085096,11755763620,11756578555,272,319100,704,831986,2,23096,496539,32,128,128,3
152,1,"[8, 32, 1088, 8, 8, 0, 0, 0, 0, 0, 0, 0, 0, 0, 0, 0, 0, 0, 0, 0, 0, 0, 0, 0, 0, 0, 0, 0, 0, 0]",4352,128,2228224.0,35651584.0,11756293135,11756305594,11756579259,11756730362,0,640,640,831987,1,12459,151103,32,128,128,3
203,1,"[32, 1088, 8, 8, 128, 8, 8, 1, 1, 0, 0, 1, 1, 1, 1, 1, 8, 0, 0, 0, 0, 0, 0, 0, 0, 0, 0, 0, 0, 0]",1088,256,0.0,0.0,11756550768,11756570491,11756731002,11766262390,20736,64223,63455,831988,2,18452,9530620,32,128,128,3
205,1,"[4, 0, 0, 0, 0, 0, 0, 0, 0, 0, 0, 0, 0, 0, 0, 4, 0, 0, 0, 0, 0, 0, 0, 0, 0, 0, 0, 0, 0, 0]",128,512,2097152.0,8388608.0,11766315046,11766635211,11766325845,11766706833,272,455835,149598,831989,2,23129,74751,32,128,128,3
152,1,"[8, 32, 128, 8, 8, 0, 0, 0, 0, 0, 0, 0, 0, 0, 0, 0, 0, 0, 0, 0, 0, 0, 0, 0, 0, 0, 0, 0, 0, 0]",512,128,262144.0,4194304.0,11766844753,11766856848,11766856431,11766864847,0,257053,257053,831990,1,12095,8416,32,128,128,3
203,1,"[32, 128, 8, 8, 32, 8, 8, 3, 3, 1, 1, 1, 1, 1, 1, 1, 8, 0, 0, 0, 0, 0, 0, 0, 0, 0, 0, 0, 0, 0]",64,64,0.0,0.0,11767109818,11767122557,11767121900,11767956996,4352,672,672,831991,1,12739,835096,32,128,128,3
213,1,"[8, 32, 256, 8, 8, 8, 32, 32, 8, 8, 8, 32, 32, 8, 8, 8, 32, 32, 8, 8, 8, 32, 32, 8, 8, 8, 32, 32, 8, 8, 8, 32, 32, 8, 8, 8, 32, 32, 8, 8, 8, 32, 32, 8, 8, 8, 32, 32, 8, 8, 8, 32, 32, 8, 8, 8, 32, 32, 8, 8, 8, 32, 32, 8, 8, 8, 32, 32, 8, 8, 8, 32, 32, 8, 8, 8, 32, 32, 8, 8, 8, 32, 32, 8, 8, 8, 32, 32, 8, 8, 8, 32, 32, 8, 8, 8, 32, 32, 8, 8, 8, 32, 32, 8, 8, 8, 32, 32, 8, 8, 8, 32, 32, 8, 8, 8, 32, 32, 8, 8, 8, 32, 32, 8, 8, 8, 32, 32, 8, 8, 8, 32, 32, 8, 8, 8, 32, 32, 8, 8]",2240,512,0.0,36700160.0,11767345708,11767359091,11767957668,11768109986,0,59040,59040,831992,1,13383,152318,32,128,128,3
205,1,"[4, 0, 0, 0, 0, 0, 0, 0, 0, 0, 0, 0, 0, 0, 0, 4, 0, 0, 0, 0, 0, 0, 0, 0, 0, 0, 0, 0, 0, 0]",1120,512,18350080.0,73400320.0,11768158523,11768480526,11768169026,11768965049,272,309213,608,831993,2,23182,487418,32,128,128,3
152,1,"[8, 32, 1120, 8, 8, 0, 0, 0, 0, 0, 0, 0, 0, 0, 0, 0, 0, 0, 0, 0, 0, 0, 0, 0, 0, 0, 0, 0, 0, 0]",4480,128,2293760.0,36700160.0,11768685512,11768697839,11768965657,11769122968,0,639,639,831994,1,12327,157311,32,128,128,3
203,1,"[32, 1120, 8, 8, 128, 8, 8, 1, 1, 0, 0, 1, 1, 1, 1, 1, 8, 0, 0, 0, 0, 0, 0, 0, 0, 0, 0, 0, 0, 0]",1120,256,0.0,0.0,11768942976,11768962828,11769123607,11778819569,20736,58048,57408,831995,2,18532,9695322,32,128,128,3
205,1,"[4, 0, 0, 0, 0, 0, 0, 0, 0, 0, 0, 0, 0, 0, 0, 4, 0, 0, 0, 0, 0, 0, 0, 0, 0, 0, 0, 0, 0, 0]",128,512,2097152.0,8388608.0,11778866363,11779183565,11778876977,11779255085,272,446682,143102,831996,2,22659,74528,32,128,128,3
152,1,"[8, 32, 128, 8, 8, 0, 0, 0, 0, 0, 0, 0, 0, 0, 0, 0, 0, 0, 0, 0, 0, 0, 0, 0, 0, 0, 0, 0, 0, 0]",512,128,262144.0,4194304.0,11779387015,11779398677,11779398187,11779406667,0,256574,256574,831997,1,11662,8480,32,128,128,3
203,1,"[32, 128, 8, 8, 32, 8, 8, 3, 3, 1, 1, 1, 1, 1, 1, 1, 8, 0, 0, 0, 0, 0, 0, 0, 0, 0, 0, 0, 0, 0]",64,64,0.0,0.0,11779651162,11779663811,11779663241,11780498848,4352,672,672,831998,1,12649,835607,32,128,128,3
213,1,"[8, 32, 256, 8, 8, 8, 32, 32, 8, 8, 8, 32, 32, 8, 8, 8, 32, 32, 8, 8, 8, 32, 32, 8, 8, 8, 32, 32, 8, 8, 8, 32, 32, 8, 8, 8, 32, 32, 8, 8, 8, 32, 32, 8, 8, 8, 32, 32, 8, 8, 8, 32, 32, 8, 8, 8, 32, 32, 8, 8, 8, 32, 32, 8, 8, 8, 32, 32, 8, 8, 8, 32, 32, 8, 8, 8, 32, 32, 8, 8, 8, 32, 32, 8, 8, 8, 32, 32, 8, 8, 8, 32, 32, 8, 8, 8, 32, 32, 8, 8, 8, 32, 32, 8, 8, 8, 32, 32, 8, 8, 8, 32, 32, 8, 8, 8, 32, 32, 8, 8, 8, 32, 32, 8, 8, 8, 32, 32, 8, 8, 8, 32, 32, 8, 8, 8, 32, 32, 8, 8, 8, 32, 32, 8, 8]",2320,512,0.0,37748736.0,11779889271,11779902201,11780499520,11780657022,0,58848,58848,831999,1,12930,157502,32,128,128,3
205,1,"[4, 0, 0, 0, 0, 0, 0, 0, 0, 0, 0, 0, 0, 0, 0, 4, 0, 0, 0, 0, 0, 0, 0, 0, 0, 0, 0, 0, 0, 0]",1152,512,18874368.0,75497472.0,11780705719,11781167286,11780715870,11781669172,272,449052,640,832000,2,23490,504890,32,128,128,3
152,1,"[8, 32, 1152, 8, 8, 0, 0, 0, 0, 0, 0, 0, 0, 0, 0, 0, 0, 0, 0, 0, 0, 0, 0, 0, 0, 0, 0, 0, 0, 0]",4608,128,2359296.0,37748736.0,11781386999,11781399684,11781669812,11781832626,0,672,672,832001,1,12685,162814,32,128,128,3
203,1,"[32, 1152, 8, 8, 128, 8, 8, 1, 1, 0, 0, 1, 1, 1, 1, 1, 8, 0, 0, 0, 0, 0, 0, 0, 0, 0, 0, 0, 0, 0]",1152,256,0.0,0.0,11781645211,11781664945,11781833298,11791889064,20736,64352,63648,832002,2,18255,10055062,32,128,128,3
205,1,"[4, 0, 0, 0, 0, 0, 0, 0, 0, 0, 0, 0, 0, 0, 0, 4, 0, 0, 0, 0, 0, 0, 0, 0, 0, 0, 0, 0, 0, 0]",128,512,2097152.0,8388608.0,11791942041,11792260295,11791952712,11792333571,272,441436,137055,832003,2,22722,76478,32,128,128,3
152,1,"[8, 32, 128, 8, 8, 0, 0, 0, 0, 0, 0, 0, 0, 0, 0, 0, 0, 0, 0, 0, 0, 0, 0, 0, 0, 0, 0, 0, 0, 0]",512,128,262144.0,4194304.0,11792459275,11792470852,11792470626,11792479458,0,253885,253885,832004,1,11577,8832,32,128,128,3
203,1,"[32, 128, 8, 8, 32, 8, 8, 3, 3, 1, 1, 1, 1, 1, 1, 1, 8, 0, 0, 0, 0, 0, 0, 0, 0, 0, 0, 0, 0, 0]",64,64,0.0,0.0,11792720902,11792733968,11792733343,11793586262,4352,1024,1024,832005,1,13066,852919,32,128,128,3
213,1,"[8, 32, 256, 8, 8, 8, 32, 32, 8, 8, 8, 32, 32, 8, 8, 8, 32, 32, 8, 8, 8, 32, 32, 8, 8, 8, 32, 32, 8, 8, 8, 32, 32, 8, 8, 8, 32, 32, 8, 8, 8, 32, 32, 8, 8, 8, 32, 32, 8, 8, 8, 32, 32, 8, 8, 8, 32, 32, 8, 8, 8, 32, 32, 8, 8, 8, 32, 32, 8, 8, 8, 32, 32, 8, 8, 8, 32, 32, 8, 8, 8, 32, 32, 8, 8, 8, 32, 32, 8, 8, 8, 32, 32, 8, 8, 8, 32, 32, 8, 8, 8, 32, 32, 8, 8, 8, 32, 32, 8, 8, 8, 32, 32, 8, 8, 8, 32, 32, 8, 8, 8, 32, 32, 8, 8, 8, 32, 32, 8, 8, 8, 32, 32, 8, 8, 8, 32, 32, 8, 8, 8, 32, 32, 8, 8, 8, 32, 32, 8, 8]",2400,512,0.0,38797312.0,11792960885,11792973751,11793587286,11793748148,0,58368,58368,832006,1,12866,160862,32,128,128,3
205,1,"[4, 0, 0, 0, 0, 0, 0, 0, 0, 0, 0, 0, 0, 0, 0, 4, 0, 0, 0, 0, 0, 0, 0, 0, 0, 0, 0, 0, 0, 0]",1184,512,19398656.0,77594624.0,11793796246,11794119531,11793806516,11794649099,272,310716,640,832007,2,22515,532507,32,128,128,3
152,1,"[8, 32, 1184, 8, 8, 0, 0, 0, 0, 0, 0, 0, 0, 0, 0, 0, 0, 0, 0, 0, 0, 0, 0, 0, 0, 0, 0, 0, 0, 0]",4736,128,2424832.0,38797312.0,11794326113,11794338404,11794649739,11794815177,0,672,672,832008,1,12291,165438,32,128,128,3
203,1,"[32, 1184, 8, 8, 128, 8, 8, 1, 1, 0, 0, 1, 1, 1, 1, 1, 8, 0, 0, 0, 0, 0, 0, 0, 0, 0, 0, 0, 0, 0]",1184,256,0.0,0.0,11794579800,11794599566,11794815849,11805196700,20736,65025,64384,832009,2,18495,10380210,32,128,128,3
205,1,"[4, 0, 0, 0, 0, 0, 0, 0, 0, 0, 0, 0, 0, 0, 0, 4, 0, 0, 0, 0, 0, 0, 0, 0, 0, 0, 0, 0, 0, 0]",128,512,2097152.0,8388608.0,11805249893,11805567983,11805261084,11805641176,272,443611,139678,832010,2,23057,76159,32,128,128,3
152,1,"[8, 32, 128, 8, 8, 0, 0, 0, 0, 0, 0, 0, 0, 0, 0, 0, 0, 0, 0, 0, 0, 0, 0, 0, 0, 0, 0, 0, 0, 0]",512,128,262144.0,4194304.0,11805769290,11805781143,11805780854,11805789430,0,254109,254109,832011,1,11853,8576,32,128,128,3
203,1,"[32, 128, 8, 8, 32, 8, 8, 3, 3, 1, 1, 1, 1, 1, 1, 1, 8, 0, 0, 0, 0, 0, 0, 0, 0, 0, 0, 0, 0, 0]",64,64,0.0,0.0,11806031688,11806044184,11806043539,11806896938,4352,672,672,832012,1,12496,853399,32,128,128,3
213,1,"[8, 32, 256, 8, 8, 8, 32, 32, 8, 8, 8, 32, 32, 8, 8, 8, 32, 32, 8, 8, 8, 32, 32, 8, 8, 8, 32, 32, 8, 8, 8, 32, 32, 8, 8, 8, 32, 32, 8, 8, 8, 32, 32, 8, 8, 8, 32, 32, 8, 8, 8, 32, 32, 8, 8, 8, 32, 32, 8, 8, 8, 32, 32, 8, 8, 8, 32, 32, 8, 8, 8, 32, 32, 8, 8, 8, 32, 32, 8, 8, 8, 32, 32, 8, 8, 8, 32, 32, 8, 8, 8, 32, 32, 8, 8, 8, 32, 32, 8, 8, 8, 32, 32, 8, 8, 8, 32, 32, 8, 8, 8, 32, 32, 8, 8, 8, 32, 32, 8, 8, 8, 32, 32, 8, 8, 8, 32, 32, 8, 8, 8, 32, 32, 8, 8, 8, 32, 32, 8, 8, 8, 32, 32, 8, 8, 8, 32, 32, 8, 8, 8, 32, 32, 8, 8]",2480,512,0.0,39845888.0,11806275538,11806288875,11806897610,11807062984,0,53152,53152,832013,1,13337,165374,32,128,128,3
205,1,"[4, 0, 0, 0, 0, 0, 0, 0, 0, 0, 0, 0, 0, 0, 0, 4, 0, 0, 0, 0, 0, 0, 0, 0, 0, 0, 0, 0, 0, 0]",1216,512,19922944.0,79691776.0,11807105801,11807430424,11807116136,11807976191,272,311933,640,832014,2,22880,548762,32,128,128,3
152,1,"[8, 32, 1216, 8, 8, 0, 0, 0, 0, 0, 0, 0, 0, 0, 0, 0, 0, 0, 0, 0, 0, 0, 0, 0, 0, 0, 0, 0, 0, 0]",4864,128,2490368.0,39845888.0,11807638039,11807649982,11807976831,11808145629,0,736,736,832015,1,11943,168798,32,128,128,3
203,1,"[32, 1216, 8, 8, 128, 8, 8, 1, 1, 0, 0, 1, 1, 1, 1, 1, 8, 0, 0, 0, 0, 0, 0, 0, 0, 0, 0, 0, 0, 0]",1216,256,0.0,0.0,11807897197,11807916538,11808146365,11818694446,20736,64032,63392,832016,2,18036,10547441,32,128,128,3
205,1,"[4, 0, 0, 0, 0, 0, 0, 0, 0, 0, 0, 0, 0, 0, 0, 4, 0, 0, 0, 0, 0, 0, 0, 0, 0, 0, 0, 0, 0, 0]",128,512,2097152.0,8388608.0,11818747054,11819068950,11818757838,11819141706,272,587673,279741,832017,2,22993,75936,32,128,128,3
152,1,"[8, 32, 128, 8, 8, 0, 0, 0, 0, 0, 0, 0, 0, 0, 0, 0, 0, 0, 0, 0, 0, 0, 0, 0, 0, 0, 0, 0, 0, 0]",512,128,262144.0,4194304.0,11819407994,11819421802,11819421447,11819430022,0,264862,264862,832018,1,13808,8575,32,128,128,3
203,1,"[32, 128, 8, 8, 32, 8, 8, 3, 3, 1, 1, 1, 1, 1, 1, 1, 8, 0, 0, 0, 0, 0, 0, 0, 0, 0, 0, 0, 0, 0]",64,64,0.0,0.0,11819682302,11819695469,11819694884,11820547899,4352,704,704,832019,1,13167,853015,32,128,128,3
213,1,"[8, 32, 256, 8, 8, 8, 32, 32, 8, 8, 8, 32, 32, 8, 8, 8, 32, 32, 8, 8, 8, 32, 32, 8, 8, 8, 32, 32, 8, 8, 8, 32, 32, 8, 8, 8, 32, 32, 8, 8, 8, 32, 32, 8, 8, 8, 32, 32, 8, 8, 8, 32, 32, 8, 8, 8, 32, 32, 8, 8, 8, 32, 32, 8, 8, 8, 32, 32, 8, 8, 8, 32, 32, 8, 8, 8, 32, 32, 8, 8, 8, 32, 32, 8, 8, 8, 32, 32, 8, 8, 8, 32, 32, 8, 8, 8, 32, 32, 8, 8, 8, 32, 32, 8, 8, 8, 32, 32, 8, 8, 8, 32, 32, 8, 8, 8, 32, 32, 8, 8, 8, 32, 32, 8, 8, 8, 32, 32, 8, 8, 8, 32, 32, 8, 8, 8, 32, 32, 8, 8, 8, 32, 32, 8, 8, 8, 32, 32, 8, 8, 8, 32, 32, 8, 8, 8, 32, 32, 8, 8]",2560,512,0.0,40894464.0,11819933026,11819946561,11820548603,11820718041,0,54944,54944,832020,1,13535,169438,32,128,128,3
205,1,"[4, 0, 0, 0, 0, 0, 0, 0, 0, 0, 0, 0, 0, 0, 0, 4, 0, 0, 0, 0, 0, 0, 0, 0, 0, 0, 0, 0, 0, 0]",1248,512,20447232.0,81788928.0,11820762476,11821084594,11820772985,11821647087,272,309308,672,832021,2,22824,565466,32,128,128,3
152,1,"[8, 32, 1248, 8, 8, 0, 0, 0, 0, 0, 0, 0, 0, 0, 0, 0, 0, 0, 0, 0, 0, 0, 0, 0, 0, 0, 0, 0, 0, 0]",4992,128,2555904.0,40894464.0,11821289848,11821301982,11821647759,11821821902,0,736,736,832022,1,12134,174143,32,128,128,3
203,1,"[32, 1248, 8, 8, 128, 8, 8, 1, 1, 0, 0, 1, 1, 1, 1, 1, 8, 0, 0, 0, 0, 0, 0, 0, 0, 0, 0, 0, 0, 0]",1248,256,0.0,0.0,11821545614,11821564846,11821822638,11832662235,20736,62208,61504,832023,2,17959,10838893,32,128,128,3
205,1,"[4, 0, 0, 0, 0, 0, 0, 0, 0, 0, 0, 0, 0, 0, 0, 4, 0, 0, 0, 0, 0, 0, 0, 0, 0, 0, 0, 0, 0, 0]",128,512,2097152.0,8388608.0,11832713009,11833031304,11832723739,11833105463,272,441820,137087,832024,2,22083,76991,32,128,128,3
152,1,"[8, 32, 128, 8, 8, 0, 0, 0, 0, 0, 0, 0, 0, 0, 0, 0, 0, 0, 0, 0, 0, 0, 0, 0, 0, 0, 0, 0, 0, 0]",512,128,262144.0,4194304.0,11833231460,11833242713,11833242550,11833251221,0,252286,252286,832025,1,11253,8671,32,128,128,3
203,1,"[32, 128, 8, 8, 32, 8, 8, 3, 3, 1, 1, 1, 1, 1, 1, 1, 8, 0, 0, 0, 0, 0, 0, 0, 0, 0, 0, 0, 0, 0]",64,64,0.0,0.0,11833491548,11833503974,11833503507,11834366058,4352,959,959,832026,1,12426,862551,32,128,128,3
213,1,"[8, 32, 256, 8, 8, 8, 32, 32, 8, 8, 8, 32, 32, 8, 8, 8, 32, 32, 8, 8, 8, 32, 32, 8, 8, 8, 32, 32, 8, 8, 8, 32, 32, 8, 8, 8, 32, 32, 8, 8, 8, 32, 32, 8, 8, 8, 32, 32, 8, 8, 8, 32, 32, 8, 8, 8, 32, 32, 8, 8, 8, 32, 32, 8, 8, 8, 32, 32, 8, 8, 8, 32, 32, 8, 8, 8, 32, 32, 8, 8, 8, 32, 32, 8, 8, 8, 32, 32, 8, 8, 8, 32, 32, 8, 8, 8, 32, 32, 8, 8, 8, 32, 32, 8, 8, 8, 32, 32, 8, 8, 8, 32, 32, 8, 8, 8, 32, 32, 8, 8, 8, 32, 32, 8, 8, 8, 32, 32, 8, 8, 8, 32, 32, 8, 8, 8, 32, 32, 8, 8, 8, 32, 32, 8, 8, 8, 32, 32, 8, 8, 8, 32, 32, 8, 8, 8, 32, 32, 8, 8, 8, 32, 32, 8, 8]",2640,512,0.0,41943040.0,11833731226,11833744200,11834367017,11834540008,0,54079,54079,832027,1,12974,172991,32,128,128,3
205,1,"[4, 0, 0, 0, 0, 0, 0, 0, 0, 0, 0, 0, 0, 0, 0, 4, 0, 0, 0, 0, 0, 0, 0, 0, 0, 0, 0, 0, 0, 0]",1280,512,20971520.0,83886080.0,11834583320,11834895295,11834594087,11835465246,272,299101,768,832028,2,25613,572826,32,128,128,3
152,1,"[8, 32, 1280, 8, 8, 0, 0, 0, 0, 0, 0, 0, 0, 0, 0, 0, 0, 0, 0, 0, 0, 0, 0, 0, 0, 0, 0, 0, 0, 0]",5120,128,2621440.0,41943040.0,11835087428,11835099303,11835466014,11835644092,0,672,672,832029,1,11875,178078,32,128,128,3
203,1,"[32, 1280, 8, 8, 640, 8, 8, 1, 1, 0, 0, 1, 1, 1, 1, 1, 8, 0, 0, 0, 0, 0, 0, 0, 0, 0, 0, 0, 0, 0]",192,256,0.0,0.0,11835334152,11835347254,11835644764,11853947452,18688,1184,1184,832030,1,13102,18302688,32,128,128,3
189,1,"[8, 32, 640, 8, 8, 0, 0, 0, 0, 0, 0, 0, 0, 0, 0, 0, 0, 0, 0, 0, 0, 0, 0, 0, 0, 0, 0, 0, 0, 0]",320,1024,0.0,0.0,11835491776,11835504291,11853948636,11854025179,0,72703,72703,832031,1,12515,76543,32,128,128,3
205,1,"[4, 0, 0, 0, 0, 0, 0, 0, 0, 0, 0, 0, 0, 0, 0, 4, 0, 0, 0, 0, 0, 0, 0, 0, 0, 0, 0, 0, 0, 0]",640,512,2621440.0,10485760.0,11854086995,11854407346,11854097882,11854569782,272,358588,52063,832033,2,23564,165375,32,128,128,3
152,1,"[8, 32, 640, 4, 4, 0, 0, 0, 0, 0, 0, 0, 0, 0, 0, 0, 0, 0, 0, 0, 0, 0, 0, 0, 0, 0, 0, 0, 0, 0]",640,128,327680.0,5242880.0,11854610589,11854622114,11854621845,11854631957,0,201725,201725,832034,1,11525,10112,32,128,128,3
203,1,"[32, 640, 4, 4, 128, 4, 4, 1, 1, 0, 0, 1, 1, 1, 1, 1, 8, 0, 0, 0, 0, 0, 0, 0, 0, 0, 0, 0, 0, 0]",640,256,0.0,0.0,11854822005,11854845081,11854833682,11856651423,12544,63680,57792,832035,2,21497,1811853,32,128,128,3
205,1,"[4, 0, 0, 0, 0, 0, 0, 0, 0, 0, 0, 0, 0, 0, 0, 4, 0, 0, 0, 0, 0, 0, 0, 0, 0, 0, 0, 0, 0, 0]",128,512,524288.0,2097152.0,11856698165,11857013049,11856709215,11857055291,272,614362,313085,832036,2,22824,44799,32,128,128,3
152,1,"[8, 32, 128, 4, 4, 0, 0, 0, 0, 0, 0, 0, 0, 0, 0, 0, 0, 0, 0, 0, 0, 0, 0, 0, 0, 0, 0, 0, 0, 0]",128,128,65536.0,1048576.0,11857355769,11857368743,11857368376,11857372760,0,221213,221213,832037,1,12974,4384,32,128,128,3
203,1,"[32, 128, 4, 4, 32, 4, 4, 3, 3, 1, 1, 1, 1, 1, 1, 1, 8, 0, 0, 0, 0, 0, 0, 0, 0, 0, 0, 0, 0, 0]",16,64,0.0,0.0,11857581374,11857594456,11857593973,11858035825,4352,960,960,832038,1,13082,441852,32,128,128,3
213,1,"[8, 32, 640, 4, 4, 0, 0, 0, 0, 0, 0, 0, 0, 0, 0, 8, 32, 32, 4, 4, 0, 0, 0, 0, 0, 0, 0, 0, 0, 0]",160,512,0.0,5505024.0,11857737936,11857751098,11858036785,11858060753,0,52319,52319,832039,1,13162,23968,32,128,128,3
205,1,"[4, 0, 0, 0, 0, 0, 0, 0, 0, 0, 0, 0, 0, 0, 0, 4, 0, 0, 0, 0, 0, 0, 0, 0, 0, 0, 0, 0, 0, 0]",672,512,2752512.0,11010048.0,11858103002,11858416815,11858113072,11858589963,272,344540,43519,832040,2,22507,175870,32,128,128,3
152,1,"[8, 32, 672, 4, 4, 0, 0, 0, 0, 0, 0, 0, 0, 0, 0, 0, 0, 0, 0, 0, 0, 0, 0, 0, 0, 0, 0, 0, 0, 0]",672,128,344064.0,5505024.0,11858621545,11858633295,11858633482,11858644171,0,202781,202781,832041,1,11750,10689,32,128,128,3
203,1,"[32, 672, 4, 4, 128, 4, 4, 1, 1, 0, 0, 1, 1, 1, 1, 1, 8, 0, 0, 0, 0, 0, 0, 0, 0, 0, 0, 0, 0, 0]",672,256,0.0,0.0,11858835513,11858857528,11858846952,11860753268,12544,62816,57760,832042,2,20568,1901260,32,128,128,3
205,1,"[4, 0, 0, 0, 0, 0, 0, 0, 0, 0, 0, 0, 0, 0, 0, 4, 0, 0, 0, 0, 0, 0, 0, 0, 0, 0, 0, 0, 0, 0]",128,512,524288.0,2097152.0,11860800459,11861117497,11860811028,11861159632,272,471707,167998,832043,2,22348,44895,32,128,128,3
152,1,"[8, 32, 128, 4, 4, 0, 0, 0, 0, 0, 0, 0, 0, 0, 0, 0, 0, 0, 0, 0, 0, 0, 0, 0, 0, 0, 0, 0, 0, 0]",128,128,65536.0,1048576.0,11861316442,11861328024,11861327630,11861332014,0,207134,207134,832044,1,11582,4384,32,128,128,3
203,1,"[32, 128, 4, 4, 32, 4, 4, 3, 3, 1, 1, 1, 1, 1, 1, 1, 8, 0, 0, 0, 0, 0, 0, 0, 0, 0, 0, 0, 0, 0]",16,64,0.0,0.0,11861527330,11861539568,11861539148,11861980871,4352,864,864,832045,1,12238,441723,32,128,128,3
213,1,"[8, 32, 640, 4, 4, 0, 0, 0, 0, 0, 8, 32, 32, 4, 4, 0, 0, 0, 0, 0, 8, 32, 32, 4, 4, 0, 0, 0, 0, 0]",240,512,0.0,5767168.0,11861684549,11861697066,11861981735,11862007015,0,53952,53952,832046,1,12517,25280,32,128,128,3
205,1,"[4, 0, 0, 0, 0, 0, 0, 0, 0, 0, 0, 0, 0, 0, 0, 4, 0, 0, 0, 0, 0, 0, 0, 0, 0, 0, 0, 0, 0, 0]",704,512,2883584.0,11534336.0,11862050697,11862368823,11862060967,11862551458,272,339739,34591,832047,2,21845,185343,32,128,128,3
152,1,"[8, 32, 704, 4, 4, 0, 0, 0, 0, 0, 0, 0, 0, 0, 0, 0, 0, 0, 0, 0, 0, 0, 0, 0, 0, 0, 0, 0, 0, 0]",704,128,360448.0,5767168.0,11862574859,11862586387,11862586049,11862597185,0,200958,200958,832048,1,11528,11136,32,128,128,3
203,1,"[32, 704, 4, 4, 128, 4, 4, 1, 1, 0, 0, 1, 1, 1, 1, 1, 8, 0, 0, 0, 0, 0, 0, 0, 0, 0, 0, 0, 0, 0]",704,256,0.0,0.0,11862786478,11862808447,11862798143,11864738666,12544,85664,78112,832049,2,20539,1932971,32,128,128,3
205,1,"[4, 0, 0, 0, 0, 0, 0, 0, 0, 0, 0, 0, 0, 0, 0, 4, 0, 0, 0, 0, 0, 0, 0, 0, 0, 0, 0, 0, 0, 0]",128,512,524288.0,2097152.0,11864805658,11865148194,11864816778,11865188710,272,501787,172990,832050,2,23009,43135,32,128,128,3
152,1,"[8, 32, 128, 4, 4, 0, 0, 0, 0, 0, 0, 0, 0, 0, 0, 0, 0, 0, 0, 0, 0, 0, 0, 0, 0, 0, 0, 0, 0, 0]",128,128,65536.0,1048576.0,11865350677,11865362348,11865361700,11865365892,0,207326,207326,832051,1,11671,4192,32,128,128,3
203,1,"[32, 128, 4, 4, 32, 4, 4, 3, 3, 1, 1, 1, 1, 1, 1, 1, 8, 0, 0, 0, 0, 0, 0, 0, 0, 0, 0, 0, 0, 0]",16,64,0.0,0.0,11865561294,11865576075,11865573218,11865998557,4352,896,896,832052,1,14781,425339,32,128,128,3
213,1,"[0, 0]",320,512,0.0,6029312.0,11865724868,11865737486,11865999453,11866025789,0,56095,56095,832053,1,12618,26336,32,128,128,3
205,1,"[4, 0, 0, 0, 0, 0, 0, 0, 0, 0, 0, 0, 0, 0, 0, 4, 0, 0, 0, 0, 0, 0, 0, 0, 0, 0, 0, 0, 0, 0]",736,512,3014656.0,12058624.0,11866071946,11866387457,11866081884,11866572215,272,330973,28288,832054,2,21894,187646,32,128,128,3
152,1,"[8, 32, 736, 4, 4, 0, 0, 0, 0, 0, 0, 0, 0, 0, 0, 0, 0, 0, 0, 0, 0, 0, 0, 0, 0, 0, 0, 0, 0, 0]",736,128,376832.0,6029312.0,11866589133,11866600883,11866600503,11866611927,0,203582,203582,832055,1,11750,11424,32,128,128,3
203,1,"[32, 736, 4, 4, 128, 4, 4, 1, 1, 0, 0, 1, 1, 1, 1, 1, 8, 0, 0, 0, 0, 0, 0, 0, 0, 0, 0, 0, 0, 0]",736,256,0.0,0.0,11866803739,11866822976,11866815509,11868823712,12544,62463,57695,832056,2,17827,2003435,32,128,128,3
205,1,"[4, 0, 0, 0, 0, 0, 0, 0, 0, 0, 0, 0, 0, 0, 0, 4, 0, 0, 0, 0, 0, 0, 0, 0, 0, 0, 0, 0, 0, 0]",128,512,524288.0,2097152.0,11868870918,11869322624,11868881407,11869362906,272,616057,177918,832057,2,23715,43360,32,128,128,3
152,1,"[8, 32, 128, 4, 4, 0, 0, 0, 0, 0, 0, 0, 0, 0, 0, 0, 0, 0, 0, 0, 0, 0, 0, 0, 0, 0, 0, 0, 0, 0]",128,128,65536.0,1048576.0,11869529001,11869541237,11869540824,11869544952,0,207422,207422,832058,1,12236,4128,32,128,128,3
203,1,"[32, 128, 4, 4, 32, 4, 4, 3, 3, 1, 1, 1, 1, 1, 1, 1, 8, 0, 0, 0, 0, 0, 0, 0, 0, 0, 0, 0, 0, 0]",16,64,0.0,0.0,11869740467,11869752851,11869752374,11870177233,4352,864,864,832059,1,12384,424859,32,128,128,3
213,1,"[8, 32, 640, 4, 4, 0, 8, 32, 32, 4, 4, 0, 8, 32, 32, 4, 4, 0, 8, 32, 32, 4, 4, 0, 8, 32, 32, 4, 4, 0]",400,512,0.0,6291456.0,11869902878,11869916245,11870178097,11870205873,0,56415,56415,832060,1,13367,27776,32,128,128,3
205,1,"[4, 0, 0, 0, 0, 0, 0, 0, 0, 0, 0, 0, 0, 0, 0, 4, 0, 0, 0, 0, 0, 0, 0, 0, 0, 0, 0, 0, 0, 0]",768,512,3145728.0,12582912.0,11870252100,11870568729,11870262288,11870762155,272,325629,21952,832061,2,22065,196190,32,128,128,3
152,1,"[8, 32, 768, 4, 4, 0, 0, 0, 0, 0, 0, 0, 0, 0, 0, 0, 0, 0, 0, 0, 0, 0, 0, 0, 0, 0, 0, 0, 0, 0]",768,128,393216.0,6291456.0,11870772609,11870784518,11870784107,11870796971,0,201854,201854,832062,1,11909,12864,32,128,128,3
203,1,"[32, 768, 4, 4, 128, 4, 4, 1, 1, 0, 0, 1, 1, 1, 1, 1, 8, 0, 0, 0, 0, 0, 0, 0, 0, 0, 0, 0, 0, 0]",768,256,0.0,0.0,11870987397,11871006151,11870998825,11873093267,12544,64799,60031,832063,2,17430,2089674,32,128,128,3
205,1,"[4, 0, 0, 0, 0, 0, 0, 0, 0, 0, 0, 0, 0, 0, 0, 4, 0, 0, 0, 0, 0, 0, 0, 0, 0, 0, 0, 0, 0, 0]",128,512,524288.0,2097152.0,11873142973,11873457754,11873153298,11873498350,272,470492,168959,832064,2,22236,43519,32,128,128,3
152,1,"[8, 32, 128, 4, 4, 0, 0, 0, 0, 0, 0, 0, 0, 0, 0, 0, 0, 0, 0, 0, 0, 0, 0, 0, 0, 0, 0, 0, 0, 0]",128,128,65536.0,1048576.0,11873656286,11873667643,11873667309,11873671468,0,204863,204863,832065,1,11357,4159,32,128,128,3
203,1,"[32, 128, 4, 4, 32, 4, 4, 3, 3, 1, 1, 1, 1, 1, 1, 1, 8, 0, 0, 0, 0, 0, 0, 0, 0, 0, 0, 0, 0, 0]",16,64,0.0,0.0,11873864406,11873876860,11873876331,11874301254,4352,768,768,832066,1,12454,424923,32,128,128,3
213,1,"[8, 32, 640, 4, 4, 8, 32, 32, 4, 4, 8, 32, 32, 4, 4, 8, 32, 32, 4, 4, 8, 32, 32, 4, 4, 8, 32, 32, 4, 4]",480,512,0.0,6553600.0,11874032045,11874044613,11874302022,11874330598,0,52543,52543,832067,1,12568,28576,32,128,128,3
205,1,"[4, 0, 0, 0, 0, 0, 0, 0, 0, 0, 0, 0, 0, 0, 0, 4, 0, 0, 0, 0, 0, 0, 0, 0, 0, 0, 0, 0, 0, 0]",800,512,3276800.0,13107200.0,11874373040,11874687583,11874383141,11874881568,272,320189,18592,832068,2,21841,196830,32,128,128,3
152,1,"[8, 32, 800, 4, 4, 0, 0, 0, 0, 0, 0, 0, 0, 0, 0, 0, 0, 0, 0, 0, 0, 0, 0, 0, 0, 0, 0, 0, 0, 0]",800,128,409600.0,6553600.0,11874889136,11874900483,11874900160,11874913791,0,199550,199550,832069,1,11347,13631,32,128,128,3
203,1,"[32, 800, 4, 4, 128, 4, 4, 1, 1, 0, 0, 1, 1, 1, 1, 1, 8, 0, 0, 0, 0, 0, 0, 0, 0, 0, 0, 0, 0, 0]",800,256,0.0,0.0,11875101925,11875120911,11875113341,11877294534,12544,60800,55968,832070,2,17683,2176361,32,128,128,3
205,1,"[4, 0, 0, 0, 0, 0, 0, 0, 0, 0, 0, 0, 0, 0, 0, 4, 0, 0, 0, 0, 0, 0, 0, 0, 0, 0, 0, 0, 0, 0]",128,512,524288.0,2097152.0,11877339905,11877658494,11877350502,11877699202,272,476602,171486,832071,2,22642,43584,32,128,128,3
152,1,"[8, 32, 128, 4, 4, 0, 0, 0, 0, 0, 0, 0, 0, 0, 0, 0, 0, 0, 0, 0, 0, 0, 0, 0, 0, 0, 0, 0, 0, 0]",128,128,65536.0,1048576.0,11877859354,11877871079,11877870688,11877874849,0,205181,205181,832072,1,11725,4161,32,128,128,3
203,1,"[32, 128, 4, 4, 32, 4, 4, 3, 3, 1, 1, 1, 1, 1, 1, 1, 8, 0, 0, 0, 0, 0, 0, 0, 0, 0, 0, 0, 0, 0]",16,64,0.0,0.0,11878068587,11878080618,11878080030,11878504890,4352,864,864,832073,1,12031,424860,32,128,128,3
213,1,"[8, 32, 640, 4, 4, 8, 32, 32, 4, 4, 8, 32, 32, 4, 4, 8, 32, 32, 4, 4, 8, 32, 32, 4, 4, 8, 32, 32, 4, 4, 8, 32, 32, 4, 4]",560,512,0.0,6815744.0,11878234780,11878247358,11878505754,11878535833,0,56640,56640,832074,1,12578,30079,32,128,128,3
205,1,"[4, 0, 0, 0, 0, 0, 0, 0, 0, 0, 0, 0, 0, 0, 0, 4, 0, 0, 0, 0, 0, 0, 0, 0, 0, 0, 0, 0, 0, 0]",832,512,3407872.0,13631488.0,11878582611,11878898911,11878592473,11879102931,272,451516,148095,832075,2,22066,207037,32,128,128,3
152,1,"[8, 32, 832, 4, 4, 0, 0, 0, 0, 0, 0, 0, 0, 0, 0, 0, 0, 0, 0, 0, 0, 0, 0, 0, 0, 0, 0, 0, 0, 0]",832,128,425984.0,6815744.0,11879238281,11879251555,11879251026,11879267378,0,207358,207358,832076,1,13274,16352,32,128,128,3
203,1,"[32, 832, 4, 4, 128, 4, 4, 1, 1, 0, 0, 1, 1, 1, 1, 1, 8, 0, 0, 0, 0, 0, 0, 0, 0, 0, 0, 0, 0, 0]",832,256,0.0,0.0,11879462757,11879482441,11879474736,11881742840,12544,64351,59327,832077,2,18346,2263080,32,128,128,3
205,1,"[4, 0, 0, 0, 0, 0, 0, 0, 0, 0, 0, 0, 0, 0, 0, 4, 0, 0, 0, 0, 0, 0, 0, 0, 0, 0, 0, 0, 0, 0]",128,512,524288.0,2097152.0,11881791366,11882108852,11881802167,11882149491,272,475388,171551,832078,2,22630,43487,32,128,128,3
152,1,"[8, 32, 128, 4, 4, 0, 0, 0, 0, 0, 0, 0, 0, 0, 0, 0, 0, 0, 0, 0, 0, 0, 0, 0, 0, 0, 0, 0, 0, 0]",128,128,65536.0,1048576.0,11882309881,11882321299,11882321042,11882325202,0,206750,206750,832079,1,11418,4160,32,128,128,3
203,1,"[32, 128, 4, 4, 32, 4, 4, 3, 3, 1, 1, 1, 1, 1, 1, 1, 8, 0, 0, 0, 0, 0, 0, 0, 0, 0, 0, 0, 0, 0]",16,64,0.0,0.0,11882519841,11882532278,11882531952,11882956779,4352,832,832,832080,1,12437,424827,32,128,128,3
213,1,"[8, 32, 640, 4, 4, 8, 32, 32, 4, 4, 8, 32, 32, 4, 4, 8, 32, 32, 4, 4, 8, 32, 32, 4, 4, 8, 32, 32, 4, 4, 8, 32, 32, 4, 4, 8, 32, 32, 4, 4]",640,512,0.0,7077888.0,11882693518,11882705631,11882957611,11882988010,0,55488,55488,832081,1,12113,30399,32,128,128,3
205,1,"[4, 0, 0, 0, 0, 0, 0, 0, 0, 0, 0, 0, 0, 0, 0, 4, 0, 0, 0, 0, 0, 0, 0, 0, 0, 0, 0, 0, 0, 0]",864,512,3538944.0,14155776.0,11883033740,11883347459,11883043498,11883558789,272,304029,2976,832082,2,21951,214238,32,128,128,3
152,1,"[8, 32, 864, 4, 4, 0, 0, 0, 0, 0, 0, 0, 0, 0, 0, 0, 0, 0, 0, 0, 0, 0, 0, 0, 0, 0, 0, 0, 0, 0]",864,128,442368.0,7077888.0,11883549808,11883563871,11883561765,11883578309,0,198685,198685,832083,1,14063,16544,32,128,128,3
203,1,"[32, 864, 4, 4, 128, 4, 4, 1, 1, 0, 0, 1, 1, 1, 1, 1, 8, 0, 0, 0, 0, 0, 0, 0, 0, 0, 0, 0, 0, 0]",864,256,0.0,0.0,11883765043,11883784665,11883776994,11886086026,12544,64094,59199,832084,2,18355,2304137,32,128,128,3
205,1,"[4, 0, 0, 0, 0, 0, 0, 0, 0, 0, 0, 0, 0, 0, 0, 4, 0, 0, 0, 0, 0, 0, 0, 0, 0, 0, 0, 0, 0, 0]",128,512,524288.0,2097152.0,11886134777,11886454172,11886145225,11886494118,272,475579,169438,832085,2,21949,42752,32,128,128,3
152,1,"[8, 32, 128, 4, 4, 0, 0, 0, 0, 0, 0, 0, 0, 0, 0, 0, 0, 0, 0, 0, 0, 0, 0, 0, 0, 0, 0, 0, 0, 0]",128,128,65536.0,1048576.0,11886652560,11886666104,11886663556,11886667652,0,207166,207166,832086,1,13544,4096,32,128,128,3
203,1,"[32, 128, 4, 4, 32, 4, 4, 3, 3, 1, 1, 1, 1, 1, 1, 1, 8, 0, 0, 0, 0, 0, 0, 0, 0, 0, 0, 0, 0, 0]",16,64,0.0,0.0,11886862894,11886875461,11886874818,11887291357,4352,800,800,832087,1,12567,416539,32,128,128,3
213,1,"[8, 32, 640, 4, 4, 8, 32, 32, 4, 4, 8, 32, 32, 4, 4, 8, 32, 32, 4, 4, 8, 32, 32, 4, 4, 8, 32, 32, 4, 4, 8, 32, 32, 4, 4, 8, 32, 32, 4, 4, 8, 32, 32, 4, 4]",720,512,0.0,7340032.0,11887037894,11887050487,11887292157,11887323517,0,57408,57408,832088,1,12593,31360,32,128,128,3
205,1,"[4, 0, 0, 0, 0, 0, 0, 0, 0, 0, 0, 0, 0, 0, 0, 4, 0, 0, 0, 0, 0, 0, 0, 0, 0, 0, 0, 0, 0, 0]",896,512,3670016.0,14680064.0,11887371011,11887689432,11887380925,11887908311,272,307357,1760,832089,2,21731,221789,32,128,128,3
152,1,"[8, 32, 896, 4, 4, 0, 0, 0, 0, 0, 0, 0, 0, 0, 0, 0, 0, 0, 0, 0, 0, 0, 0, 0, 0, 0, 0, 0, 0, 0]",896,128,458752.0,7340032.0,11887898247,11887909933,11887910071,11887927447,0,204574,204574,832090,1,11686,17376,32,128,128,3
203,1,"[32, 896, 4, 4, 128, 4, 4, 1, 1, 0, 0, 1, 1, 1, 1, 1, 8, 0, 0, 0, 0, 0, 0, 0, 0, 0, 0, 0, 0, 0]",896,256,0.0,0.0,11888119889,11888139706,11888132021,11890525019,12544,63969,59008,832091,2,18501,2388037,32,128,128,3
205,1,"[4, 0, 0, 0, 0, 0, 0, 0, 0, 0, 0, 0, 0, 0, 0, 4, 0, 0, 0, 0, 0, 0, 0, 0, 0, 0, 0, 0, 0, 0]",128,512,524288.0,2097152.0,11890573926,11890883713,11890584027,11890923543,272,469403,172606,832092,2,21841,42719,32,128,128,3
152,1,"[8, 32, 128, 4, 4, 0, 0, 0, 0, 0, 0, 0, 0, 0, 0, 0, 0, 0, 0, 0, 0, 0, 0, 0, 0, 0, 0, 0, 0, 0]",128,128,65536.0,1048576.0,11891084989,11891096577,11891096149,11891100277,0,205854,205854,832093,1,11588,4128,32,128,128,3
203,1,"[32, 128, 4, 4, 32, 4, 4, 3, 3, 1, 1, 1, 1, 1, 1, 1, 8, 0, 0, 0, 0, 0, 0, 0, 0, 0, 0, 0, 0, 0]",16,64,0.0,0.0,11891294335,11891306553,11891306131,11891722799,4352,800,800,832094,1,12218,416668,32,128,128,3
213,1,"[8, 32, 640, 4, 4, 8, 32, 32, 4, 4, 8, 32, 32, 4, 4, 8, 32, 32, 4, 4, 8, 32, 32, 4, 4, 8, 32, 32, 4, 4, 8, 32, 32, 4, 4, 8, 32, 32, 4, 4, 8, 32, 32, 4, 4, 8, 32, 32, 4, 4]",800,512,0.0,7602176.0,11891473149,11891485900,11891723599,11891755598,0,197119,197119,832095,1,12751,31999,32,128,128,3
205,1,"[4, 0, 0, 0, 0, 0, 0, 0, 0, 0, 0, 0, 0, 0, 0, 4, 0, 0, 0, 0, 0, 0, 0, 0, 0, 0, 0, 0, 0, 0]",928,512,3801088.0,15204352.0,11891940868,11892278185,11891952717,11892503079,272,320829,736,832096,2,27170,230269,32,128,128,3
152,1,"[8, 32, 928, 4, 4, 0, 0, 0, 0, 0, 0, 0, 0, 0, 0, 0, 0, 0, 0, 0, 0, 0, 0, 0, 0, 0, 0, 0, 0, 0]",928,128,475136.0,7602176.0,11892483403,11892495308,11892503815,11892524678,0,185406,185406,832097,1,11905,20863,32,128,128,3
203,1,"[32, 928, 4, 4, 128, 4, 4, 1, 1, 0, 0, 1, 1, 1, 1, 1, 8, 0, 0, 0, 0, 0, 0, 0, 0, 0, 0, 0, 0, 0]",928,256,0.0,0.0,11892698756,11892717537,11892710084,11895188874,12544,58976,54368,832098,2,17487,2474182,32,128,128,3
205,1,"[4, 0, 0, 0, 0, 0, 0, 0, 0, 0, 0, 0, 0, 0, 0, 4, 0, 0, 0, 0, 0, 0, 0, 0, 0, 0, 0, 0, 0, 0]",128,512,524288.0,2097152.0,11895233199,11895546948,11895243242,11895584550,272,470075,171455,832099,2,24250,42688,32,128,128,3
152,1,"[8, 32, 128, 4, 4, 0, 0, 0, 0, 0, 0, 0, 0, 0, 0, 0, 0, 0, 0, 0, 0, 0, 0, 0, 0, 0, 0, 0, 0, 0]",128,128,65536.0,1048576.0,11895745306,11895756346,11895756005,11895760164,0,209534,209534,832100,1,11040,4159,32,128,128,3
203,1,"[32, 128, 4, 4, 32, 4, 4, 3, 3, 1, 1, 1, 1, 1, 1, 1, 8, 0, 0, 0, 0, 0, 0, 0, 0, 0, 0, 0, 0, 0]",16,64,0.0,0.0,11895957749,11895970172,11895969698,11896386238,4352,928,928,832101,1,12423,416540,32,128,128,3
213,1,"[8, 32, 640, 4, 4, 8, 32, 32, 4, 4, 8, 32, 32, 4, 4, 8, 32, 32, 4, 4, 8, 32, 32, 4, 4, 8, 32, 32, 4, 4, 8, 32, 32, 4, 4, 8, 32, 32, 4, 4, 8, 32, 32, 4, 4, 8, 32, 32, 4, 4, 8, 32, 32, 4, 4]",880,512,0.0,7864320.0,11896138919,11896152060,11896387166,11896420541,0,77856,77856,832102,1,13141,33375,32,128,128,3
205,1,"[4, 0, 0, 0, 0, 0, 0, 0, 0, 0, 0, 0, 0, 0, 0, 4, 0, 0, 0, 0, 0, 0, 0, 0, 0, 0, 0, 0, 0, 0]",960,512,3932160.0,15728640.0,11896487658,11896822049,11896498397,11897050487,272,321916,1312,832103,2,23815,231486,32,128,128,3
152,1,"[8, 32, 960, 4, 4, 0, 0, 0, 0, 0, 0, 0, 0, 0, 0, 0, 0, 0, 0, 0, 0, 0, 0, 0, 0, 0, 0, 0, 0, 0]",960,128,491520.0,7864320.0,11897039229,11897051657,11897051799,11897073719,0,215645,215645,832104,1,12428,21920,32,128,128,3
203,1,"[32, 960, 4, 4, 128, 4, 4, 1, 1, 0, 0, 1, 1, 1, 1, 1, 8, 0, 0, 0, 0, 0, 0, 0, 0, 0, 0, 0, 0, 0]",960,256,0.0,0.0,11897277029,11897297773,11897289364,11899854329,12544,61536,56128,832105,2,19312,2559557,32,128,128,3
205,1,"[4, 0, 0, 0, 0, 0, 0, 0, 0, 0, 0, 0, 0, 0, 0, 4, 0, 0, 0, 0, 0, 0, 0, 0, 0, 0, 0, 0, 0, 0]",128,512,524288.0,2097152.0,11899900483,11900218738,11899910457,11900258645,272,473370,168094,832106,2,22565,42912,32,128,128,3
152,1,"[8, 32, 128, 4, 4, 0, 0, 0, 0, 0, 0, 0, 0, 0, 0, 0, 0, 0, 0, 0, 0, 0, 0, 0, 0, 0, 0, 0, 0, 0]",128,128,65536.0,1048576.0,11900415672,11900427073,11900426739,11900430835,0,201662,201662,832107,1,11401,4096,32,128,128,3
203,1,"[32, 128, 4, 4, 32, 4, 4, 3, 3, 1, 1, 1, 1, 1, 1, 1, 8, 0, 0, 0, 0, 0, 0, 0, 0, 0, 0, 0, 0, 0]",16,64,0.0,0.0,11900620567,11900633060,11900632497,11901049133,4352,896,896,832108,1,12493,416636,32,128,128,3
213,1,"[8, 32, 640, 4, 4, 8, 32, 32, 4, 4, 8, 32, 32, 4, 4, 8, 32, 32, 4, 4, 8, 32, 32, 4, 4, 8, 32, 32, 4, 4, 8, 32, 32, 4, 4, 8, 32, 32, 4, 4, 8, 32, 32, 4, 4, 8, 32, 32, 4, 4, 8, 32, 32, 4, 4, 8, 32, 32, 4, 4]",960,512,0.0,8126464.0,11900804412,11900817249,11901050029,11901083916,0,56352,56352,832109,1,12837,33887,32,128,128,3
205,1,"[4, 0, 0, 0, 0, 0, 0, 0, 0, 0, 0, 0, 0, 0, 0, 4, 0, 0, 0, 0, 0, 0, 0, 0, 0, 0, 0, 0, 0, 0]",992,512,4063232.0,16252928.0,11901130447,11901448806,11901140268,11901686854,272,306173,608,832110,2,22112,241021,32,128,128,3
152,1,"[8, 32, 992, 4, 4, 0, 0, 0, 0, 0, 0, 0, 0, 0, 0, 0, 0, 0, 0, 0, 0, 0, 0, 0, 0, 0, 0, 0, 0, 0]",992,128,507904.0,8126464.0,11901655288,11901667030,11901687462,11901712070,0,166750,166750,832111,1,11742,24608,32,128,128,3
203,1,"[32, 992, 4, 4, 128, 4, 4, 1, 1, 0, 0, 1, 1, 1, 1, 1, 8, 0, 0, 0, 0, 0, 0, 0, 0, 0, 0, 0, 0, 0]",992,256,0.0,0.0,11901867316,11901886276,11901878820,11904515881,12544,67071,62495,832112,2,17699,2632485,32,128,128,3
205,1,"[4, 0, 0, 0, 0, 0, 0, 0, 0, 0, 0, 0, 0, 0, 0, 4, 0, 0, 0, 0, 0, 0, 0, 0, 0, 0, 0, 0, 0, 0]",128,512,524288.0,2097152.0,11904567599,11905038868,11904578376,11905078018,272,655770,198655,832113,2,25040,42527,32,128,128,3
152,1,"[8, 32, 128, 4, 4, 0, 0, 0, 0, 0, 0, 0, 0, 0, 0, 0, 0, 0, 0, 0, 0, 0, 0, 0, 0, 0, 0, 0, 0, 0]",128,128,65536.0,1048576.0,11905264833,11905277022,11905276673,11905280768,0,204990,204990,832114,1,12189,4095,32,128,128,3
203,1,"[32, 128, 4, 4, 32, 4, 4, 3, 3, 1, 1, 1, 1, 1, 1, 1, 8, 0, 0, 0, 0, 0, 0, 0, 0, 0, 0, 0, 0, 0]",16,64,0.0,0.0,11905473486,11905486259,11905485758,11905897978,4352,896,896,832115,1,12773,412220,32,128,128,3
213,1,"[8, 32, 640, 4, 4, 8, 32, 32, 4, 4, 8, 32, 32, 4, 4, 8, 32, 32, 4, 4, 8, 32, 32, 4, 4, 8, 32, 32, 4, 4, 8, 32, 32, 4, 4, 8, 32, 32, 4, 4, 8, 32, 32, 4, 4, 8, 32, 32, 4, 4, 8, 32, 32, 4, 4, 8, 32, 32, 4, 4, 8, 32, 32, 4, 4]",1040,512,0.0,8388608.0,11905660450,11905673731,11905898874,11905933337,0,53664,53664,832116,1,13281,34463,32,128,128,3
205,1,"[4, 0, 0, 0, 0, 0, 0, 0, 0, 0, 0, 0, 0, 0, 0, 4, 0, 0, 0, 0, 0, 0, 0, 0, 0, 0, 0, 0, 0, 0]",1024,512,4194304.0,16777216.0,11905976901,11906293378,11905987001,11906537011,272,303997,640,832117,2,22555,246653,32,128,128,3
152,1,"[8, 32, 1024, 4, 4, 0, 0, 0, 0, 0, 0, 0, 0, 0, 0, 0, 0, 0, 0, 0, 0, 0, 0, 0, 0, 0, 0, 0, 0, 0]",1024,128,524288.0,8388608.0,11906497145,11906508759,11906537651,11906563539,0,158686,158686,832118,1,11614,25888,32,128,128,3
203,1,"[32, 1024, 4, 4, 128, 4, 4, 1, 1, 0, 0, 1, 1, 1, 1, 1, 8, 0, 0, 0, 0, 0, 0, 0, 0, 0, 0, 0, 0, 0]",1024,256,0.0,0.0,11906710815,11906729854,11906722225,11909427285,12544,62559,57791,832119,2,17715,2700292,32,128,128,3
205,1,"[4, 0, 0, 0, 0, 0, 0, 0, 0, 0, 0, 0, 0, 0, 0, 4, 0, 0, 0, 0, 0, 0, 0, 0, 0, 0, 0, 0, 0, 0]",128,512,524288.0,2097152.0,11909474456,11909789096,11909485076,11909828464,272,471356,170079,832120,2,22207,42111,32,128,128,3
152,1,"[8, 32, 128, 4, 4, 0, 0, 0, 0, 0, 0, 0, 0, 0, 0, 0, 0, 0, 0, 0, 0, 0, 0, 0, 0, 0, 0, 0, 0, 0]",128,128,65536.0,1048576.0,11909987336,11909998663,11909998543,11910002607,0,203741,203741,832121,1,11327,4064,32,128,128,3
203,1,"[32, 128, 4, 4, 32, 4, 4, 3, 3, 1, 1, 1, 1, 1, 1, 1, 8, 0, 0, 0, 0, 0, 0, 0, 0, 0, 0, 0, 0, 0]",16,64,0.0,0.0,11910194603,11910207164,11910206348,11910618504,4352,832,832,832122,1,12561,412156,32,128,128,3
213,1,"[8, 32, 640, 4, 4, 8, 32, 32, 4, 4, 8, 32, 32, 4, 4, 8, 32, 32, 4, 4, 8, 32, 32, 4, 4, 8, 32, 32, 4, 4, 8, 32, 32, 4, 4, 8, 32, 32, 4, 4, 8, 32, 32, 4, 4, 8, 32, 32, 4, 4, 8, 32, 32, 4, 4, 8, 32, 32, 4, 4, 8, 32, 32, 4, 4, 8, 32, 32, 4, 4]",1120,512,0.0,8650752.0,11910390100,11910403418,11910619336,11910654696,0,57439,57439,832123,1,13318,35360,32,128,128,3
205,1,"[4, 0, 0, 0, 0, 0, 0, 0, 0, 0, 0, 0, 0, 0, 0, 4, 0, 0, 0, 0, 0, 0, 0, 0, 0, 0, 0, 0, 0, 0]",1056,512,4325376.0,17301504.0,11910701837,11911020272,11910712135,11911273601,272,305853,640,832124,2,22343,256253,32,128,128,3
152,1,"[8, 32, 1056, 4, 4, 0, 0, 0, 0, 0, 0, 0, 0, 0, 0, 0, 0, 0, 0, 0, 0, 0, 0, 0, 0, 0, 0, 0, 0, 0]",1056,128,540672.0,8650752.0,11911229153,11911240876,11911274241,11911303233,0,149183,149183,832125,1,11723,28992,32,128,128,3
203,1,"[32, 1056, 4, 4, 128, 4, 4, 1, 1, 0, 0, 1, 1, 1, 1, 1, 8, 0, 0, 0, 0, 0, 0, 0, 0, 0, 0, 0, 0, 0]",1056,256,0.0,0.0,11911441187,11911459919,11911452416,11914240290,12544,61727,57024,832126,2,17459,2783171,32,128,128,3
205,1,"[4, 0, 0, 0, 0, 0, 0, 0, 0, 0, 0, 0, 0, 0, 0, 4, 0, 0, 0, 0, 0, 0, 0, 0, 0, 0, 0, 0, 0, 0]",128,512,524288.0,2097152.0,11914286733,11914602320,11914297314,11914641566,272,475067,172990,832127,2,23167,42175,32,128,128,3
152,1,"[8, 32, 128, 4, 4, 0, 0, 0, 0, 0, 0, 0, 0, 0, 0, 0, 0, 0, 0, 0, 0, 0, 0, 0, 0, 0, 0, 0, 0, 0]",128,128,65536.0,1048576.0,11914803651,11914815000,11914814556,11914818652,0,202878,202878,832128,1,11349,4096,32,128,128,3
203,1,"[32, 128, 4, 4, 32, 4, 4, 3, 3, 1, 1, 1, 1, 1, 1, 1, 8, 0, 0, 0, 0, 0, 0, 0, 0, 0, 0, 0, 0, 0]",16,64,0.0,0.0,11915009471,11915022089,11915021530,11915433878,4352,896,896,832129,1,12618,412348,32,128,128,3
213,1,"[8, 32, 640, 4, 4, 8, 32, 32, 4, 4, 8, 32, 32, 4, 4, 8, 32, 32, 4, 4, 8, 32, 32, 4, 4, 8, 32, 32, 4, 4, 8, 32, 32, 4, 4, 8, 32, 32, 4, 4, 8, 32, 32, 4, 4, 8, 32, 32, 4, 4, 8, 32, 32, 4, 4, 8, 32, 32, 4, 4, 8, 32, 32, 4, 4, 8, 32, 32, 4, 4, 8, 32, 32, 4, 4]",1200,512,0.0,8912896.0,11915202353,11915215079,11915434774,11915471477,0,57888,57888,832130,1,12726,36703,32,128,128,3
205,1,"[4, 0, 0, 0, 0, 0, 0, 0, 0, 0, 0, 0, 0, 0, 0, 4, 0, 0, 0, 0, 0, 0, 0, 0, 0, 0, 0, 0, 0, 0]",1088,512,4456448.0,17825792.0,11915518853,11915837834,11915529365,11916099823,272,408667,103006,832131,2,22834,264797,32,128,128,3
152,1,"[8, 32, 1088, 4, 4, 0, 0, 0, 0, 0, 0, 0, 0, 0, 0, 0, 0, 0, 0, 0, 0, 0, 0, 0, 0, 0, 0, 0, 0, 0]",1088,128,557056.0,8912896.0,11916189761,11916203488,11916202829,11916231405,0,191262,191262,832132,1,13727,28576,32,128,128,3
203,1,"[32, 1088, 4, 4, 128, 4, 4, 1, 1, 0, 0, 1, 1, 1, 1, 1, 8, 0, 0, 0, 0, 0, 0, 0, 0, 0, 0, 0, 0, 0]",1088,256,0.0,0.0,11916410855,11916430311,11916422667,11919293997,12544,64031,59199,832133,2,18174,2866498,32,128,128,3
205,1,"[4, 0, 0, 0, 0, 0, 0, 0, 0, 0, 0, 0, 0, 0, 0, 4, 0, 0, 0, 0, 0, 0, 0, 0, 0, 0, 0, 0, 0, 0]",128,512,524288.0,2097152.0,11919342895,11919656915,11919353196,11919696329,272,473019,172062,832134,2,22127,42176,32,128,128,3
152,1,"[8, 32, 128, 4, 4, 0, 0, 0, 0, 0, 0, 0, 0, 0, 0, 0, 0, 0, 0, 0, 0, 0, 0, 0, 0, 0, 0, 0, 0, 0]",128,128,65536.0,1048576.0,11919856691,11919868361,11919868391,11919872455,0,210206,210206,832135,1,11670,4064,32,128,128,3
203,1,"[32, 128, 4, 4, 32, 4, 4, 3, 3, 1, 1, 1, 1, 1, 1, 1, 8, 0, 0, 0, 0, 0, 0, 0, 0, 0, 0, 0, 0, 0]",16,64,0.0,0.0,11920070805,11920083382,11920082661,11920494881,4352,799,799,832136,1,12577,412220,32,128,128,3
213,1,"[8, 32, 640, 4, 4, 8, 32, 32, 4, 4, 8, 32, 32, 4, 4, 8, 32, 32, 4, 4, 8, 32, 32, 4, 4, 8, 32, 32, 4, 4, 8, 32, 32, 4, 4, 8, 32, 32, 4, 4, 8, 32, 32, 4, 4, 8, 32, 32, 4, 4, 8, 32, 32, 4, 4, 8, 32, 32, 4, 4, 8, 32, 32, 4, 4, 8, 32, 32, 4, 4, 8, 32, 32, 4, 4, 8, 32, 32, 4, 4]",1280,512,0.0,9175040.0,11920266203,11920278644,11920495680,11920532544,0,52639,52639,832137,1,12441,36864,32,128,128,3
205,1,"[4, 0, 0, 0, 0, 0, 0, 0, 0, 0, 0, 0, 0, 0, 0, 4, 0, 0, 0, 0, 0, 0, 0, 0, 0, 0, 0, 0, 0, 0]",1120,512,4587520.0,18350080.0,11920575135,11920892235,11920585183,11921155130,272,304924,672,832138,2,22111,265695,32,128,128,3
152,1,"[8, 32, 1120, 4, 4, 0, 0, 0, 0, 0, 0, 0, 0, 0, 0, 0, 0, 0, 0, 0, 0, 0, 0, 0, 0, 0, 0, 0, 0, 0]",1120,128,573440.0,9175040.0,11921096914,11921108675,11921155802,11921186553,0,133023,133023,832139,1,11761,30751,32,128,128,3
203,1,"[32, 1120, 4, 4, 128, 4, 4, 1, 1, 0, 0, 1, 1, 1, 1, 1, 8, 0, 0, 0, 0, 0, 0, 0, 0, 0, 0, 0, 0, 0]",1120,256,0.0,0.0,11921308239,11921327516,11921319576,11924275385,12544,65855,60927,832140,2,17993,2950881,32,128,128,3
205,1,"[4, 0, 0, 0, 0, 0, 0, 0, 0, 0, 0, 0, 0, 0, 0, 4, 0, 0, 0, 0, 0, 0, 0, 0, 0, 0, 0, 0, 0, 0]",128,512,524288.0,2097152.0,11924325949,11924640249,11924336312,11924679445,272,472955,171998,832141,2,22345,42176,32,128,128,3
152,1,"[8, 32, 128, 4, 4, 0, 0, 0, 0, 0, 0, 0, 0, 0, 0, 0, 0, 0, 0, 0, 0, 0, 0, 0, 0, 0, 0, 0, 0, 0]",128,128,65536.0,1048576.0,11924840690,11924851883,11924851443,11924855826,0,202015,202015,832142,1,11193,4383,32,128,128,3
203,1,"[32, 128, 4, 4, 32, 4, 4, 3, 3, 1, 1, 1, 1, 1, 1, 1, 8, 0, 0, 0, 0, 0, 0, 0, 0, 0, 0, 0, 0, 0]",16,64,0.0,0.0,11925046114,11925058581,11925057841,11925470060,4352,832,832,832143,1,12467,412219,32,128,128,3
213,1,"[8, 32, 640, 4, 4, 8, 32, 32, 4, 4, 8, 32, 32, 4, 4, 8, 32, 32, 4, 4, 8, 32, 32, 4, 4, 8, 32, 32, 4, 4, 8, 32, 32, 4, 4, 8, 32, 32, 4, 4, 8, 32, 32, 4, 4, 8, 32, 32, 4, 4, 8, 32, 32, 4, 4, 8, 32, 32, 4, 4, 8, 32, 32, 4, 4, 8, 32, 32, 4, 4, 8, 32, 32, 4, 4, 8, 32, 32, 4, 4, 8, 32, 32, 4, 4]",1360,512,0.0,9437184.0,11925244641,11925257676,11925470892,11925508748,0,55839,55839,832144,1,13035,37856,32,128,128,3
205,1,"[4, 0, 0, 0, 0, 0, 0, 0, 0, 0, 0, 0, 0, 0, 0, 4, 0, 0, 0, 0, 0, 0, 0, 0, 0, 0, 0, 0, 0, 0]",1152,512,4718592.0,18874368.0,11925554274,11925874081,11925564587,11926146501,272,306877,736,832145,2,22899,275773,32,128,128,3
152,1,"[8, 32, 1152, 4, 4, 0, 0, 0, 0, 0, 0, 0, 0, 0, 0, 0, 0, 0, 0, 0, 0, 0, 0, 0, 0, 0, 0, 0, 0, 0]",1152,128,589824.0,9437184.0,11926079354,11926091669,11926147237,11926180165,0,120926,120926,832146,1,12315,32928,32,128,128,3
203,1,"[32, 1152, 4, 4, 128, 4, 4, 1, 1, 0, 0, 1, 1, 1, 1, 1, 8, 0, 0, 0, 0, 0, 0, 0, 0, 0, 0, 0, 0, 0]",1152,256,0.0,0.0,11926289659,11926309021,11926301091,11929341059,12544,60128,55168,832147,2,18110,3035008,32,128,128,3
205,1,"[4, 0, 0, 0, 0, 0, 0, 0, 0, 0, 0, 0, 0, 0, 0, 4, 0, 0, 0, 0, 0, 0, 0, 0, 0, 0, 0, 0, 0, 0]",128,512,524288.0,2097152.0,11929386029,11929700272,11929396227,11929739743,272,471484,170335,832148,2,22103,42367,32,128,128,3
152,1,"[8, 32, 128, 4, 4, 0, 0, 0, 0, 0, 0, 0, 0, 0, 0, 0, 0, 0, 0, 0, 0, 0, 0, 0, 0, 0, 0, 0, 0, 0]",128,128,65536.0,1048576.0,11929898905,11929910381,11929910078,11929914142,0,202653,202653,832149,1,11476,4064,32,128,128,3
203,1,"[32, 128, 4, 4, 32, 4, 4, 3, 3, 1, 1, 1, 1, 1, 1, 1, 8, 0, 0, 0, 0, 0, 0, 0, 0, 0, 0, 0, 0, 0]",16,64,0.0,0.0,11930105175,11930117484,11930116795,11930529143,4352,896,896,832150,1,12309,412348,32,128,128,3
213,1,"[8, 32, 640, 4, 4, 8, 32, 32, 4, 4, 8, 32, 32, 4, 4, 8, 32, 32, 4, 4, 8, 32, 32, 4, 4, 8, 32, 32, 4, 4, 8, 32, 32, 4, 4, 8, 32, 32, 4, 4, 8, 32, 32, 4, 4, 8, 32, 32, 4, 4, 8, 32, 32, 4, 4, 8, 32, 32, 4, 4, 8, 32, 32, 4, 4, 8, 32, 32, 4, 4, 8, 32, 32, 4, 4, 8, 32, 32, 4, 4, 8, 32, 32, 4, 4, 8, 32, 32, 4, 4]",1440,512,0.0,9699328.0,11930441244,11930455917,11930530039,11930568983,0,64479,64479,832151,1,14673,38944,32,128,128,3
205,1,"[4, 0, 0, 0, 0, 0, 0, 0, 0, 0, 0, 0, 0, 0, 0, 4, 0, 0, 0, 0, 0, 0, 0, 0, 0, 0, 0, 0, 0, 0]",1184,512,4849664.0,19398656.0,11930623248,11930944189,11930633462,11931225488,272,308411,607,832152,2,25311,284222,32,128,128,3
152,1,"[8, 32, 1184, 4, 4, 0, 0, 0, 0, 0, 0, 0, 0, 0, 0, 0, 0, 0, 0, 0, 0, 0, 0, 0, 0, 0, 0, 0, 0, 0]",1184,128,606208.0,9699328.0,11931150822,11931163000,11931226095,11931259855,0,113311,113311,832153,1,12178,33760,32,128,128,3
203,1,"[32, 1184, 4, 4, 128, 4, 4, 1, 1, 0, 0, 1, 1, 1, 1, 1, 8, 0, 0, 0, 0, 0, 0, 0, 0, 0, 0, 0, 0, 0]",1184,256,0.0,0.0,11931361569,11931380983,11931373166,11934497709,12544,65408,60512,832154,2,18158,3119647,32,128,128,3
205,1,"[4, 0, 0, 0, 0, 0, 0, 0, 0, 0, 0, 0, 0, 0, 0, 4, 0, 0, 0, 0, 0, 0, 0, 0, 0, 0, 0, 0, 0, 0]",128,512,524288.0,2097152.0,11934548052,11934861475,11934558221,11934900841,272,469756,169374,832155,2,24261,42238,32,128,128,3
152,1,"[8, 32, 128, 4, 4, 0, 0, 0, 0, 0, 0, 0, 0, 0, 0, 0, 0, 0, 0, 0, 0, 0, 0, 0, 0, 0, 0, 0, 0, 0]",128,128,65536.0,1048576.0,11935059200,11935070600,11935070215,11935074279,0,204510,204510,832156,1,11400,4064,32,128,128,3
203,1,"[32, 128, 4, 4, 32, 4, 4, 3, 3, 1, 1, 1, 1, 1, 1, 1, 8, 0, 0, 0, 0, 0, 0, 0, 0, 0, 0, 0, 0, 0]",16,64,0.0,0.0,11935266845,11935279404,11935278789,11935691041,4352,800,800,832157,1,12559,412252,32,128,128,3
213,1,"[8, 32, 640, 4, 4, 8, 32, 32, 4, 4, 8, 32, 32, 4, 4, 8, 32, 32, 4, 4, 8, 32, 32, 4, 4, 8, 32, 32, 4, 4, 8, 32, 32, 4, 4, 8, 32, 32, 4, 4, 8, 32, 32, 4, 4, 8, 32, 32, 4, 4, 8, 32, 32, 4, 4, 8, 32, 32, 4, 4, 8, 32, 32, 4, 4, 8, 32, 32, 4, 4, 8, 32, 32, 4, 4, 8, 32, 32, 4, 4, 8, 32, 32, 4, 4, 8, 32, 32, 4, 4, 8, 32, 32, 4, 4]",1520,512,0.0,9961472.0,11935470197,11935482930,11935691841,11935731744,0,60640,60640,832158,1,12733,39903,32,128,128,3
205,1,"[4, 0, 0, 0, 0, 0, 0, 0, 0, 0, 0, 0, 0, 0, 0, 4, 0, 0, 0, 0, 0, 0, 0, 0, 0, 0, 0, 0, 0, 0]",1216,512,4980736.0,19922944.0,11935782129,11936109890,11935792384,11936400537,272,315229,672,832159,2,22856,293596,32,128,128,3
152,1,"[8, 32, 1216, 4, 4, 0, 0, 0, 0, 0, 0, 0, 0, 0, 0, 0, 0, 0, 0, 0, 0, 0, 0, 0, 0, 0, 0, 0, 0, 0]",1216,128,622592.0,9961472.0,11936313321,11936325276,11936401209,11936435417,0,102559,102559,832160,1,11955,34208,32,128,128,3
203,1,"[32, 1216, 4, 4, 128, 4, 4, 1, 1, 0, 0, 1, 1, 1, 1, 1, 8, 0, 0, 0, 0, 0, 0, 0, 0, 0, 0, 0, 0, 0]",1216,256,0.0,0.0,11936525836,11936545661,11936537976,11939747446,12544,67839,63071,832161,2,18431,3204702,32,128,128,3
205,1,"[4, 0, 0, 0, 0, 0, 0, 0, 0, 0, 0, 0, 0, 0, 0, 4, 0, 0, 0, 0, 0, 0, 0, 0, 0, 0, 0, 0, 0, 0]",128,512,524288.0,2097152.0,11939800089,11940120415,11939810517,11940159570,272,478106,171198,832162,2,22357,42145,32,128,128,3
152,1,"[8, 32, 128, 4, 4, 0, 0, 0, 0, 0, 0, 0, 0, 0, 0, 0, 0, 0, 0, 0, 0, 0, 0, 0, 0, 0, 0, 0, 0, 0]",128,128,65536.0,1048576.0,11940319914,11940331291,11940330768,11940334832,0,203934,203934,832163,1,11377,4064,32,128,128,3
203,1,"[32, 128, 4, 4, 32, 4, 4, 3, 3, 1, 1, 1, 1, 1, 1, 1, 8, 0, 0, 0, 0, 0, 0, 0, 0, 0, 0, 0, 0, 0]",16,64,0.0,0.0,11940526866,11940539377,11940538766,11940950793,4352,896,896,832164,1,12511,412027,32,128,128,3
213,1,"[8, 32, 640, 4, 4, 8, 32, 32, 4, 4, 8, 32, 32, 4, 4, 8, 32, 32, 4, 4, 8, 32, 32, 4, 4, 8, 32, 32, 4, 4, 8, 32, 32, 4, 4, 8, 32, 32, 4, 4, 8, 32, 32, 4, 4, 8, 32, 32, 4, 4, 8, 32, 32, 4, 4, 8, 32, 32, 4, 4, 8, 32, 32, 4, 4, 8, 32, 32, 4, 4, 8, 32, 32, 4, 4, 8, 32, 32, 4, 4, 8, 32, 32, 4, 4, 8, 32, 32, 4, 4, 8, 32, 32, 4, 4, 8, 32, 32, 4, 4]",1600,512,0.0,10223616.0,11940733456,11940745966,11940951689,11940992713,0,55104,55104,832165,1,12510,41024,32,128,128,3
205,1,"[4, 0, 0, 0, 0, 0, 0, 0, 0, 0, 0, 0, 0, 0, 0, 4, 0, 0, 0, 0, 0, 0, 0, 0, 0, 0, 0, 0, 0, 0]",1248,512,5111808.0,20447232.0,11941037650,11941352255,11941047817,11941651266,272,302236,640,832166,2,22125,301853,32,128,128,3
152,1,"[8, 32, 1248, 4, 4, 0, 0, 0, 0, 0, 0, 0, 0, 0, 0, 0, 0, 0, 0, 0, 0, 0, 0, 0, 0, 0, 0, 0, 0, 0]",1248,128,638976.0,10223616.0,11941554582,11941566258,11941651906,11941688450,0,88511,88511,832167,1,11676,36544,32,128,128,3
203,1,"[32, 1248, 4, 4, 128, 4, 4, 1, 1, 0, 0, 1, 1, 1, 1, 1, 8, 0, 0, 0, 0, 0, 0, 0, 0, 0, 0, 0, 0, 0]",1248,256,0.0,0.0,11941765713,11941784864,11941776961,11945069598,12544,67295,62336,832168,2,17853,3287678,32,128,128,3
205,1,"[4, 0, 0, 0, 0, 0, 0, 0, 0, 0, 0, 0, 0, 0, 0, 4, 0, 0, 0, 0, 0, 0, 0, 0, 0, 0, 0, 0, 0, 0]",128,512,524288.0,2097152.0,11945121647,11945574230,11945131934,11945613560,272,612794,173407,832169,2,23515,42239,32,128,128,3
152,1,"[8, 32, 128, 4, 4, 0, 0, 0, 0, 0, 0, 0, 0, 0, 0, 0, 0, 0, 0, 0, 0, 0, 0, 0, 0, 0, 0, 0, 0, 0]",128,128,65536.0,1048576.0,11945775343,11945787318,11945786967,11945790999,0,201533,201533,832170,1,11975,4032,32,128,128,3
203,1,"[32, 128, 4, 4, 32, 4, 4, 3, 3, 1, 1, 1, 1, 1, 1, 1, 8, 0, 0, 0, 0, 0, 0, 0, 0, 0, 0, 0, 0, 0]",16,64,0.0,0.0,11945980620,11945993132,11945992532,11946404720,4352,864,864,832171,1,12512,412188,32,128,128,3
213,1,"[8, 32, 640, 4, 4, 8, 32, 32, 4, 4, 8, 32, 32, 4, 4, 8, 32, 32, 4, 4, 8, 32, 32, 4, 4, 8, 32, 32, 4, 4, 8, 32, 32, 4, 4, 8, 32, 32, 4, 4, 8, 32, 32, 4, 4, 8, 32, 32, 4, 4, 8, 32, 32, 4, 4, 8, 32, 32, 4, 4, 8, 32, 32, 4, 4, 8, 32, 32, 4, 4, 8, 32, 32, 4, 4, 8, 32, 32, 4, 4, 8, 32, 32, 4, 4, 8, 32, 32, 4, 4, 8, 32, 32, 4, 4, 8, 32, 32, 4, 4, 8, 32, 32, 4, 4]",1680,512,0.0,10485760.0,11946193798,11946207241,11946405584,11946447760,0,54719,54719,832172,1,13443,42176,32,128,128,3
205,1,"[4, 0, 0, 0, 0, 0, 0, 0, 0, 0, 0, 0, 0, 0, 0, 4, 0, 0, 0, 0, 0, 0, 0, 0, 0, 0, 0, 0, 0, 0]",1280,512,5242880.0,20971520.0,11946492105,11946806991,11946502479,11947106921,272,302173,544,832173,2,22796,302813,32,128,128,3
152,1,"[8, 32, 1280, 4, 4, 0, 0, 0, 0, 0, 0, 0, 0, 0, 0, 0, 0, 0, 0, 0, 0, 0, 0, 0, 0, 0, 0, 0, 0, 0]",1280,128,655360.0,10485760.0,11947010775,11947022327,11947107465,11947145768,0,85088,85088,832174,1,11552,38303,32,128,128,3
203,1,"[32, 1280, 4, 4, 128, 4, 4, 1, 1, 0, 0, 1, 1, 1, 1, 1, 8, 0, 0, 0, 0, 0, 0, 0, 0, 0, 0, 0, 0, 0]",1280,256,0.0,0.0,11947219150,11947238463,11947230856,11950608964,12544,60928,56288,832175,2,18054,3373468,32,128,128,3
205,1,"[4, 0, 0, 0, 0, 0, 0, 0, 0, 0, 0, 0, 0, 0, 0, 4, 0, 0, 0, 0, 0, 0, 0, 0, 0, 0, 0, 0, 0, 0]",128,512,524288.0,2097152.0,11950654939,11950965506,11950665252,11951004800,272,468059,170718,832176,2,22088,42207,32,128,128,3
152,1,"[8, 32, 128, 4, 4, 0, 0, 0, 0, 0, 0, 0, 0, 0, 0, 0, 0, 0, 0, 0, 0, 0, 0, 0, 0, 0, 0, 0, 0, 0]",128,128,65536.0,1048576.0,11951164240,11951175780,11951175518,11951179614,0,200830,200830,832177,1,11540,4096,32,128,128,3
203,1,"[32, 128, 4, 4, 32, 4, 4, 3, 3, 1, 1, 1, 1, 1, 1, 1, 8, 0, 0, 0, 0, 0, 0, 0, 0, 0, 0, 0, 0, 0]",16,64,0.0,0.0,11951369016,11951381007,11951380444,11951792440,4352,1120,1120,832178,1,11991,411996,32,128,128,3
213,1,"[8, 32, 640, 4, 4, 8, 32, 32, 4, 4, 8, 32, 32, 4, 4, 8, 32, 32, 4, 4, 8, 32, 32, 4, 4, 8, 32, 32, 4, 4, 8, 32, 32, 4, 4, 8, 32, 32, 4, 4, 8, 32, 32, 4, 4, 8, 32, 32, 4, 4, 8, 32, 32, 4, 4, 8, 32, 32, 4, 4, 8, 32, 32, 4, 4, 8, 32, 32, 4, 4, 8, 32, 32, 4, 4, 8, 32, 32, 4, 4, 8, 32, 32, 4, 4, 8, 32, 32, 4, 4, 8, 32, 32, 4, 4, 8, 32, 32, 4, 4, 8, 32, 32, 4, 4, 8, 32, 32, 4, 4]",1760,512,0.0,10747904.0,11951585971,11951601175,11951793560,11951837559,0,56927,56927,832179,1,15204,43999,32,128,128,3
205,1,"[4, 0, 0, 0, 0, 0, 0, 0, 0, 0, 0, 0, 0, 0, 0, 4, 0, 0, 0, 0, 0, 0, 0, 0, 0, 0, 0, 0, 0, 0]",1312,512,5373952.0,21495808.0,11951884380,11952207844,11951894486,11952517488,272,311132,672,832180,2,22563,312542,32,128,128,3
152,1,"[8, 32, 1312, 4, 4, 0, 0, 0, 0, 0, 0, 0, 0, 0, 0, 0, 0, 0, 0, 0, 0, 0, 0, 0, 0, 0, 0, 0, 0, 0]",1312,128,671744.0,10747904.0,11952410332,11952422712,11952518160,11952558319,0,73951,73951,832181,1,12380,40159,32,128,128,3
203,1,"[32, 1312, 4, 4, 128, 4, 4, 1, 1, 0, 0, 1, 1, 1, 1, 1, 8, 0, 0, 0, 0, 0, 0, 0, 0, 0, 0, 0, 0, 0]",1312,256,0.0,0.0,11952621041,11952642345,11952632270,11956092458,12544,66048,61696,832182,2,20060,3455836,32,128,128,3
205,1,"[4, 0, 0, 0, 0, 0, 0, 0, 0, 0, 0, 0, 0, 0, 0, 4, 0, 0, 0, 0, 0, 0, 0, 0, 0, 0, 0, 0, 0, 0]",128,512,524288.0,2097152.0,11956143599,11956459912,11956154154,11956499494,272,472443,169470,832183,2,22542,42367,32,128,128,3
152,1,"[8, 32, 128, 4, 4, 0, 0, 0, 0, 0, 0, 0, 0, 0, 0, 0, 0, 0, 0, 0, 0, 0, 0, 0, 0, 0, 0, 0, 0, 0]",128,128,65536.0,1048576.0,11956657699,11956669367,11956668964,11956673028,0,204702,204702,832184,1,11668,4064,32,128,128,3
203,1,"[32, 128, 4, 4, 32, 4, 4, 3, 3, 1, 1, 1, 1, 1, 1, 1, 8, 0, 0, 0, 0, 0, 0, 0, 0, 0, 0, 0, 0, 0]",16,64,0.0,0.0,11956865622,11956878431,11956877730,11957289886,4352,832,832,832185,1,12809,412156,32,128,128,3
213,1,"[8, 32, 640, 4, 4, 8, 32, 32, 4, 4, 8, 32, 32, 4, 4, 8, 32, 32, 4, 4, 8, 32, 32, 4, 4, 8, 32, 32, 4, 4, 8, 32, 32, 4, 4, 8, 32, 32, 4, 4, 8, 32, 32, 4, 4, 8, 32, 32, 4, 4, 8, 32, 32, 4, 4, 8, 32, 32, 4, 4, 8, 32, 32, 4, 4, 8, 32, 32, 4, 4, 8, 32, 32, 4, 4, 8, 32, 32, 4, 4, 8, 32, 32, 4, 4, 8, 32, 32, 4, 4, 8, 32, 32, 4, 4, 8, 32, 32, 4, 4, 8, 32, 32, 4, 4, 8, 32, 32, 4, 4, 8, 32, 32, 4, 4]",1840,512,0.0,11010048.0,11957087427,11957100156,11957290718,11957334941,0,53056,53056,832186,1,12729,44223,32,128,128,3
205,1,"[4, 0, 0, 0, 0, 0, 0, 0, 0, 0, 0, 0, 0, 0, 0, 4, 0, 0, 0, 0, 0, 0, 0, 0, 0, 0, 0, 0, 0, 0]",1344,512,5505024.0,22020096.0,11957378153,11957879631,11957387997,11958197684,272,489179,544,832187,2,23511,321052,32,128,128,3
152,1,"[8, 32, 1344, 4, 4, 0, 0, 0, 0, 0, 0, 0, 0, 0, 0, 0, 0, 0, 0, 0, 0, 0, 0, 0, 0, 0, 0, 0, 0, 0]",1344,128,688128.0,11010048.0,11958091026,11958103872,11958198228,11958238868,0,75519,75519,832188,1,12846,40640,32,128,128,3
203,1,"[32, 1344, 4, 4, 128, 4, 4, 1, 1, 0, 0, 1, 1, 1, 1, 1, 8, 0, 0, 0, 0, 0, 0, 0, 0, 0, 0, 0, 0, 0]",1344,256,0.0,0.0,11958302891,11958324670,11958314387,11961864014,12544,67295,60319,832189,2,20439,3542651,32,128,128,3
205,1,"[4, 0, 0, 0, 0, 0, 0, 0, 0, 0, 0, 0, 0, 0, 0, 4, 0, 0, 0, 0, 0, 0, 0, 0, 0, 0, 0, 0, 0, 0]",128,512,524288.0,2097152.0,11961913645,11962225410,11961924333,11962264650,272,469499,171294,832190,2,22494,42112,32,128,128,3
152,1,"[8, 32, 128, 4, 4, 0, 0, 0, 0, 0, 0, 0, 0, 0, 0, 0, 0, 0, 0, 0, 0, 0, 0, 0, 0, 0, 0, 0, 0, 0]",128,128,65536.0,1048576.0,11962424599,11962436259,11962435944,11962439976,0,206462,206462,832191,1,11660,4032,32,128,128,3
203,1,"[32, 128, 4, 4, 32, 4, 4, 3, 3, 1, 1, 1, 1, 1, 1, 1, 8, 0, 0, 0, 0, 0, 0, 0, 0, 0, 0, 0, 0, 0]",16,64,0.0,0.0,11962634200,11962649223,11962646438,11963058817,4352,800,800,832192,1,15023,412379,32,128,128,3
213,1,"[8, 32, 640, 4, 4, 8, 32, 32, 4, 4, 8, 32, 32, 4, 4, 8, 32, 32, 4, 4, 8, 32, 32, 4, 4, 8, 32, 32, 4, 4, 8, 32, 32, 4, 4, 8, 32, 32, 4, 4, 8, 32, 32, 4, 4, 8, 32, 32, 4, 4, 8, 32, 32, 4, 4, 8, 32, 32, 4, 4, 8, 32, 32, 4, 4, 8, 32, 32, 4, 4, 8, 32, 32, 4, 4, 8, 32, 32, 4, 4, 8, 32, 32, 4, 4, 8, 32, 32, 4, 4, 8, 32, 32, 4, 4, 8, 32, 32, 4, 4, 8, 32, 32, 4, 4, 8, 32, 32, 4, 4, 8, 32, 32, 4, 4, 8, 32, 32, 4, 4]",1920,512,0.0,11272192.0,11962857789,11962870644,11963059617,11963104673,0,58367,58367,832193,1,12855,45056,32,128,128,3
205,1,"[4, 0, 0, 0, 0, 0, 0, 0, 0, 0, 0, 0, 0, 0, 0, 4, 0, 0, 0, 0, 0, 0, 0, 0, 0, 0, 0, 0, 0, 0]",1376,512,5636096.0,22544384.0,11963153143,11963469251,11963163040,11963796890,272,303997,704,832194,2,22239,330557,32,128,128,3
152,1,"[8, 32, 1376, 4, 4, 0, 0, 0, 0, 0, 0, 0, 0, 0, 0, 0, 0, 0, 0, 0, 0, 0, 0, 0, 0, 0, 0, 0, 0, 0]",1376,128,704512.0,11272192.0,11963674037,11963686218,11963797594,11963840537,0,57727,57727,832195,1,12181,42943,32,128,128,3
203,1,"[32, 1376, 4, 4, 128, 4, 4, 1, 1, 0, 0, 1, 1, 1, 1, 1, 8, 0, 0, 0, 0, 0, 0, 0, 0, 0, 0, 0, 0, 0]",1376,256,0.0,0.0,11963886428,11963906607,11963898264,11967528594,12544,62239,57247,832196,2,18874,3625338,32,128,128,3
205,1,"[4, 0, 0, 0, 0, 0, 0, 0, 0, 0, 0, 0, 0, 0, 0, 4, 0, 0, 0, 0, 0, 0, 0, 0, 0, 0, 0, 0, 0, 0]",128,512,524288.0,2097152.0,11967575534,11967887690,11967585841,11967926958,272,482234,183294,832197,2,22448,42177,32,128,128,3
152,1,"[8, 32, 128, 4, 4, 0, 0, 0, 0, 0, 0, 0, 0, 0, 0, 0, 0, 0, 0, 0, 0, 0, 0, 0, 0, 0, 0, 0, 0, 0]",128,128,65536.0,1048576.0,11968098603,11968110682,11968110252,11968114284,0,204030,204030,832198,1,12079,4032,32,128,128,3
203,1,"[32, 128, 4, 4, 32, 4, 4, 3, 3, 1, 1, 1, 1, 1, 1, 1, 8, 0, 0, 0, 0, 0, 0, 0, 0, 0, 0, 0, 0, 0]",16,64,0.0,0.0,11968307078,11968321262,11968318314,11968730438,4352,864,864,832199,1,14184,412124,32,128,128,3
213,1,"[8, 32, 640, 4, 4, 8, 32, 32, 4, 4, 8, 32, 32, 4, 4, 8, 32, 32, 4, 4, 8, 32, 32, 4, 4, 8, 32, 32, 4, 4, 8, 32, 32, 4, 4, 8, 32, 32, 4, 4, 8, 32, 32, 4, 4, 8, 32, 32, 4, 4, 8, 32, 32, 4, 4, 8, 32, 32, 4, 4, 8, 32, 32, 4, 4, 8, 32, 32, 4, 4, 8, 32, 32, 4, 4, 8, 32, 32, 4, 4, 8, 32, 32, 4, 4, 8, 32, 32, 4, 4, 8, 32, 32, 4, 4, 8, 32, 32, 4, 4, 8, 32, 32, 4, 4, 8, 32, 32, 4, 4, 8, 32, 32, 4, 4, 8, 32, 32, 4, 4, 8, 32, 32, 4, 4]",2000,512,0.0,11534336.0,11968534001,11968546898,11968731302,11968777317,0,55039,55039,832200,1,12897,46015,32,128,128,3
205,1,"[4, 0, 0, 0, 0, 0, 0, 0, 0, 0, 0, 0, 0, 0, 0, 4, 0, 0, 0, 0, 0, 0, 0, 0, 0, 0, 0, 0, 0, 0]",1408,512,5767168.0,23068672.0,11968822227,11969136390,11968832356,11969472381,272,301725,609,832201,2,22571,338909,32,128,128,3
152,1,"[8, 32, 1408, 4, 4, 0, 0, 0, 0, 0, 0, 0, 0, 0, 0, 0, 0, 0, 0, 0, 0, 0, 0, 0, 0, 0, 0, 0, 0, 0]",1408,128,720896.0,11534336.0,11969340618,11969352115,11969472990,11969517373,0,46879,46879,832202,1,11497,44383,32,128,128,3
203,1,"[32, 1408, 4, 4, 128, 4, 4, 1, 1, 0, 0, 1, 1, 1, 1, 1, 8, 0, 0, 0, 0, 0, 0, 0, 0, 0, 0, 0, 0, 0]",1408,256,0.0,0.0,11969552941,11969572289,11969564252,11973277686,12544,61760,57087,832203,2,18058,3708761,32,128,128,3
205,1,"[4, 0, 0, 0, 0, 0, 0, 0, 0, 0, 0, 0, 0, 0, 0, 4, 0, 0, 0, 0, 0, 0, 0, 0, 0, 0, 0, 0, 0, 0]",128,512,524288.0,2097152.0,11973324270,11973635898,11973334773,11973675313,272,618266,319869,832204,2,22009,42143,32,128,128,3
152,1,"[8, 32, 128, 4, 4, 0, 0, 0, 0, 0, 0, 0, 0, 0, 0, 0, 0, 0, 0, 0, 0, 0, 0, 0, 0, 0, 0, 0, 0, 0]",128,128,65536.0,1048576.0,11973981966,11973995874,11973995182,11973999246,0,215518,215518,832205,1,13908,4064,32,128,128,3
203,1,"[32, 128, 4, 4, 32, 4, 4, 3, 3, 1, 1, 1, 1, 1, 1, 1, 8, 0, 0, 0, 0, 0, 0, 0, 0, 0, 0, 0, 0, 0]",16,64,0.0,0.0,11974202279,11974215345,11974214764,11974626951,4352,801,801,832206,1,13066,412187,32,128,128,3
213,1,"[8, 32, 640, 4, 4, 8, 32, 32, 4, 4, 8, 32, 32, 4, 4, 8, 32, 32, 4, 4, 8, 32, 32, 4, 4, 8, 32, 32, 4, 4, 8, 32, 32, 4, 4, 8, 32, 32, 4, 4, 8, 32, 32, 4, 4, 8, 32, 32, 4, 4, 8, 32, 32, 4, 4, 8, 32, 32, 4, 4, 8, 32, 32, 4, 4, 8, 32, 32, 4, 4, 8, 32, 32, 4, 4, 8, 32, 32, 4, 4, 8, 32, 32, 4, 4, 8, 32, 32, 4, 4, 8, 32, 32, 4, 4, 8, 32, 32, 4, 4, 8, 32, 32, 4, 4, 8, 32, 32, 4, 4, 8, 32, 32, 4, 4, 8, 32, 32, 4, 4, 8, 32, 32, 4, 4, 8, 32, 32, 4, 4]",2080,512,0.0,11796480.0,11974428150,11974441443,11974627752,11974675239,0,55871,55871,832207,1,13293,47487,32,128,128,3
205,1,"[4, 0, 0, 0, 0, 0, 0, 0, 0, 0, 0, 0, 0, 0, 0, 4, 0, 0, 0, 0, 0, 0, 0, 0, 0, 0, 0, 0, 0, 0]",1440,512,5898240.0,23592960.0,11974720857,11975037446,11974731110,11975374656,272,304029,608,832208,2,22547,340125,32,128,128,3
152,1,"[8, 32, 1440, 4, 4, 0, 0, 0, 0, 0, 0, 0, 0, 0, 0, 0, 0, 0, 0, 0, 0, 0, 0, 0, 0, 0, 0, 0, 0, 0]",1440,128,737280.0,11796480.0,11975241409,11975253752,11975375264,11975420319,0,47744,47744,832209,1,12343,45055,32,128,128,3
203,1,"[32, 1440, 4, 4, 128, 4, 4, 1, 1, 0, 0, 1, 1, 1, 1, 1, 8, 0, 0, 0, 0, 0, 0, 0, 0, 0, 0, 0, 0, 0]",1440,256,0.0,0.0,11975456390,11975476142,11975468063,11979268790,12544,62528,57728,832210,2,18478,3795927,32,128,128,3
205,1,"[4, 0, 0, 0, 0, 0, 0, 0, 0, 0, 0, 0, 0, 0, 0, 4, 0, 0, 0, 0, 0, 0, 0, 0, 0, 0, 0, 0, 0, 0]",128,512,524288.0,2097152.0,11979316221,11979631202,11979326518,11979670354,272,472572,170975,832211,2,22365,42239,32,128,128,3
152,1,"[8, 32, 128, 4, 4, 0, 0, 0, 0, 0, 0, 0, 0, 0, 0, 0, 0, 0, 0, 0, 0, 0, 0, 0, 0, 0, 0, 0, 0, 0]",128,128,65536.0,1048576.0,11979830169,11979841991,11979841329,11979845393,0,210589,210589,832212,1,11822,4064,32,128,128,3
203,1,"[32, 128, 4, 4, 32, 4, 4, 3, 3, 1, 1, 1, 1, 1, 1, 1, 8, 0, 0, 0, 0, 0, 0, 0, 0, 0, 0, 0, 0, 0]",16,64,0.0,0.0,11980043875,11980056418,11980055982,11980468298,4352,928,928,832213,1,12543,412316,32,128,128,3
213,1,"[8, 32, 640, 4, 4, 8, 32, 32, 4, 4, 8, 32, 32, 4, 4, 8, 32, 32, 4, 4, 8, 32, 32, 4, 4, 8, 32, 32, 4, 4, 8, 32, 32, 4, 4, 8, 32, 32, 4, 4, 8, 32, 32, 4, 4, 8, 32, 32, 4, 4, 8, 32, 32, 4, 4, 8, 32, 32, 4, 4, 8, 32, 32, 4, 4, 8, 32, 32, 4, 4, 8, 32, 32, 4, 4, 8, 32, 32, 4, 4, 8, 32, 32, 4, 4, 8, 32, 32, 4, 4, 8, 32, 32, 4, 4, 8, 32, 32, 4, 4, 8, 32, 32, 4, 4, 8, 32, 32, 4, 4, 8, 32, 32, 4, 4, 8, 32, 32, 4, 4, 8, 32, 32, 4, 4, 8, 32, 32, 4, 4, 8, 32, 32, 4, 4]",2160,512,0.0,12058624.0,11980273496,11980286333,11980469226,11980517674,0,54143,54143,832214,1,12837,48448,32,128,128,3
205,1,"[4, 0, 0, 0, 0, 0, 0, 0, 0, 0, 0, 0, 0, 0, 0, 4, 0, 0, 0, 0, 0, 0, 0, 0, 0, 0, 0, 0, 0, 0]",1472,512,6029312.0,24117248.0,11980561919,11980876969,11980571817,11981223682,272,302845,672,832215,2,21792,349692,32,128,128,3
152,1,"[8, 32, 1472, 4, 4, 0, 0, 0, 0, 0, 0, 0, 0, 0, 0, 0, 0, 0, 0, 0, 0, 0, 0, 0, 0, 0, 0, 0, 0, 0]",1472,128,753664.0,12058624.0,11981079966,11981091889,11981224354,11981270850,0,32799,32799,832216,1,11923,46496,32,128,128,3
203,1,"[32, 1472, 4, 4, 128, 4, 4, 1, 1, 0, 0, 1, 1, 1, 1, 1, 8, 0, 0, 0, 0, 0, 0, 0, 0, 0, 0, 0, 0, 0]",1472,256,0.0,0.0,11981292157,11981311521,11981303649,11985177464,12544,65760,61344,832217,2,18061,3869399,32,128,128,3
205,1,"[4, 0, 0, 0, 0, 0, 0, 0, 0, 0, 0, 0, 0, 0, 0, 4, 0, 0, 0, 0, 0, 0, 0, 0, 0, 0, 0, 0, 0, 0]",128,512,524288.0,2097152.0,11985228691,11985543606,11985238808,11985582613,272,474810,172893,832218,2,22142,41888,32,128,128,3
152,1,"[8, 32, 128, 4, 4, 0, 0, 0, 0, 0, 0, 0, 0, 0, 0, 0, 0, 0, 0, 0, 0, 0, 0, 0, 0, 0, 0, 0, 0, 0]",128,128,65536.0,1048576.0,11985744300,11985755867,11985755506,11985759507,0,208477,208477,832219,1,11567,4001,32,128,128,3
203,1,"[32, 128, 4, 4, 32, 4, 4, 3, 3, 1, 1, 1, 1, 1, 1, 1, 8, 0, 0, 0, 0, 0, 0, 0, 0, 0, 0, 0, 0, 0]",16,64,0.0,0.0,11985955847,11985968541,11985967984,11986376588,4352,864,864,832220,1,12694,408604,32,128,128,3
213,1,"[8, 32, 640, 4, 4, 8, 32, 32, 4, 4, 8, 32, 32, 4, 4, 8, 32, 32, 4, 4, 8, 32, 32, 4, 4, 8, 32, 32, 4, 4, 8, 32, 32, 4, 4, 8, 32, 32, 4, 4, 8, 32, 32, 4, 4, 8, 32, 32, 4, 4, 8, 32, 32, 4, 4, 8, 32, 32, 4, 4, 8, 32, 32, 4, 4, 8, 32, 32, 4, 4, 8, 32, 32, 4, 4, 8, 32, 32, 4, 4, 8, 32, 32, 4, 4, 8, 32, 32, 4, 4, 8, 32, 32, 4, 4, 8, 32, 32, 4, 4, 8, 32, 32, 4, 4, 8, 32, 32, 4, 4, 8, 32, 32, 4, 4, 8, 32, 32, 4, 4, 8, 32, 32, 4, 4, 8, 32, 32, 4, 4, 8, 32, 32, 4, 4, 8, 32, 32, 4, 4]",2240,512,0.0,12320768.0,11986188162,11986200992,11986377452,11986427148,0,54239,54239,832221,1,12830,49696,32,128,128,3
205,1,"[4, 0, 0, 0, 0, 0, 0, 0, 0, 0, 0, 0, 0, 0, 0, 4, 0, 0, 0, 0, 0, 0, 0, 0, 0, 0, 0, 0, 0, 0]",1504,512,6160384.0,24641536.0,11986471403,11986784484,11986481387,11987137028,272,308925,8672,832222,2,21856,355388,32,128,128,3
152,1,"[8, 32, 1504, 4, 4, 0, 0, 0, 0, 0, 0, 0, 0, 0, 0, 0, 0, 0, 0, 0, 0, 0, 0, 0, 0, 0, 0, 0, 0, 0]",1504,128,770048.0,12320768.0,11987132756,11987148757,11987145700,11987193315,0,173694,173694,832223,1,16001,47615,32,128,128,3
203,1,"[32, 1504, 4, 4, 128, 4, 4, 1, 1, 0, 0, 1, 1, 1, 1, 1, 8, 0, 0, 0, 0, 0, 0, 0, 0, 0, 0, 0, 0, 0]",1504,256,0.0,0.0,11987355307,11987375306,11987367009,11991297880,12544,65216,60448,832224,2,18713,3926103,32,128,128,3
205,1,"[4, 0, 0, 0, 0, 0, 0, 0, 0, 0, 0, 0, 0, 0, 0, 4, 0, 0, 0, 0, 0, 0, 0, 0, 0, 0, 0, 0, 0, 0]",128,512,524288.0,2097152.0,11991347498,11991658613,11991358328,11991697652,272,468570,171134,832225,2,22733,41888,32,128,128,3
152,1,"[8, 32, 128, 4, 4, 0, 0, 0, 0, 0, 0, 0, 0, 0, 0, 0, 0, 0, 0, 0, 0, 0, 0, 0, 0, 0, 0, 0, 0, 0]",128,128,65536.0,1048576.0,11991857606,11991871171,11991868786,11991872882,0,211454,211454,832226,1,13565,4096,32,128,128,3
203,1,"[32, 128, 4, 4, 32, 4, 4, 3, 3, 1, 1, 1, 1, 1, 1, 1, 8, 0, 0, 0, 0, 0, 0, 0, 0, 0, 0, 0, 0, 0]",16,64,0.0,0.0,11992072243,11992084984,11992084336,11992492940,4352,864,864,832227,1,12741,408604,32,128,128,3
213,1,"[8, 32, 640, 4, 4, 8, 32, 32, 4, 4, 8, 32, 32, 4, 4, 8, 32, 32, 4, 4, 8, 32, 32, 4, 4, 8, 32, 32, 4, 4, 8, 32, 32, 4, 4, 8, 32, 32, 4, 4, 8, 32, 32, 4, 4, 8, 32, 32, 4, 4, 8, 32, 32, 4, 4, 8, 32, 32, 4, 4, 8, 32, 32, 4, 4, 8, 32, 32, 4, 4, 8, 32, 32, 4, 4, 8, 32, 32, 4, 4, 8, 32, 32, 4, 4, 8, 32, 32, 4, 4, 8, 32, 32, 4, 4, 8, 32, 32, 4, 4, 8, 32, 32, 4, 4, 8, 32, 32, 4, 4, 8, 32, 32, 4, 4, 8, 32, 32, 4, 4, 8, 32, 32, 4, 4, 8, 32, 32, 4, 4, 8, 32, 32, 4, 4, 8, 32, 32, 4, 4, 8, 32, 32, 4, 4]",2320,512,0.0,12582912.0,11992307520,11992320690,11992493804,11992544107,0,55040,55040,832228,1,13170,50303,32,128,128,3
205,1,"[4, 0, 0, 0, 0, 0, 0, 0, 0, 0, 0, 0, 0, 0, 0, 4, 0, 0, 0, 0, 0, 0, 0, 0, 0, 0, 0, 0, 0, 0]",1536,512,6291456.0,25165824.0,11992588987,11992905838,11992599147,11993267460,272,304573,736,832229,2,22010,364476,32,128,128,3
152,1,"[8, 32, 1536, 4, 4, 0, 0, 0, 0, 0, 0, 0, 0, 0, 0, 0, 0, 0, 0, 0, 0, 0, 0, 0, 0, 0, 0, 0, 0, 0]",1536,128,786432.0,12582912.0,11993112068,11993124008,11993268196,11993315875,0,17856,17856,832230,1,11940,47679,32,128,128,3
203,1,"[32, 1536, 4, 4, 128, 4, 4, 1, 1, 0, 0, 1, 1, 1, 1, 1, 8, 0, 0, 0, 0, 0, 0, 0, 0, 0, 0, 0, 0, 0]",1536,256,0.0,0.0,11993322107,11993341557,11993333731,11997344632,12544,73344,68928,832231,2,18159,4006485,32,128,128,3
205,1,"[4, 0, 0, 0, 0, 0, 0, 0, 0, 0, 0, 0, 0, 0, 0, 4, 0, 0, 0, 0, 0, 0, 0, 0, 0, 0, 0, 0, 0, 0]",128,512,524288.0,2097152.0,11997402485,11997740423,11997413560,11997779316,272,502523,178622,832232,2,23963,41855,32,128,128,3
152,1,"[8, 32, 128, 4, 4, 0, 0, 0, 0, 0, 0, 0, 0, 0, 0, 0, 0, 0, 0, 0, 0, 0, 0, 0, 0, 0, 0, 0, 0, 0]",128,128,65536.0,1048576.0,11997946927,11997960915,11997957938,11997962034,0,204158,204158,832233,1,13988,4096,32,128,128,3
203,1,"[32, 128, 4, 4, 32, 4, 4, 3, 3, 1, 1, 1, 1, 1, 1, 1, 8, 0, 0, 0, 0, 0, 0, 0, 0, 0, 0, 0, 0, 0]",16,64,0.0,0.0,11998154313,11998166756,11998166192,11998574668,4352,928,928,832234,1,12443,408476,32,128,128,3
213,1,"[8, 32, 640, 4, 4, 8, 32, 32, 4, 4, 8, 32, 32, 4, 4, 8, 32, 32, 4, 4, 8, 32, 32, 4, 4, 8, 32, 32, 4, 4, 8, 32, 32, 4, 4, 8, 32, 32, 4, 4, 8, 32, 32, 4, 4, 8, 32, 32, 4, 4, 8, 32, 32, 4, 4, 8, 32, 32, 4, 4, 8, 32, 32, 4, 4, 8, 32, 32, 4, 4, 8, 32, 32, 4, 4, 8, 32, 32, 4, 4, 8, 32, 32, 4, 4, 8, 32, 32, 4, 4, 8, 32, 32, 4, 4, 8, 32, 32, 4, 4, 8, 32, 32, 4, 4, 8, 32, 32, 4, 4, 8, 32, 32, 4, 4, 8, 32, 32, 4, 4, 8, 32, 32, 4, 4, 8, 32, 32, 4, 4, 8, 32, 32, 4, 4, 8, 32, 32, 4, 4, 8, 32, 32, 4, 4, 8, 32, 32, 4, 4]",2400,512,0.0,12845056.0,11998391087,11998404312,11998575596,11998627179,0,56896,56896,832235,1,13225,51583,32,128,128,3
205,1,"[4, 0, 0, 0, 0, 0, 0, 0, 0, 0, 0, 0, 0, 0, 0, 4, 0, 0, 0, 0, 0, 0, 0, 0, 0, 0, 0, 0, 0, 0]",1568,512,6422528.0,25690112.0,11998673808,11998989628,11998684075,11999357412,272,301148,703,832236,2,24677,372892,32,128,128,3
152,1,"[8, 32, 1568, 4, 4, 0, 0, 0, 0, 0, 0, 0, 0, 0, 0, 0, 0, 0, 0, 0, 0, 0, 0, 0, 0, 0, 0, 0, 0, 0]",1568,128,802816.0,12845056.0,11999193711,11999205454,11999358115,11999407619,0,7136,7136,832237,1,11743,49504,32,128,128,3
203,1,"[32, 1568, 4, 4, 128, 4, 4, 1, 1, 0, 0, 1, 1, 1, 1, 1, 8, 0, 0, 0, 0, 0, 0, 0, 0, 0, 0, 0, 0, 0]",1568,256,0.0,0.0,11999403111,11999422709,11999414755,12003505816,12544,68767,64351,832238,2,18318,4086645,32,128,128,3
205,1,"[4, 0, 0, 0, 0, 0, 0, 0, 0, 0, 0, 0, 0, 0, 0, 4, 0, 0, 0, 0, 0, 0, 0, 0, 0, 0, 0, 0, 0, 0]",128,512,524288.0,2097152.0,12003559065,12003870887,12003570167,12003909972,272,507835,209950,832239,2,23122,41920,32,128,128,3
152,1,"[8, 32, 128, 4, 4, 0, 0, 0, 0, 0, 0, 0, 0, 0, 0, 0, 0, 0, 0, 0, 0, 0, 0, 0, 0, 0, 0, 0, 0, 0]",128,128,65536.0,1048576.0,12004107799,12004120206,12004119922,12004123986,0,213597,213597,832240,1,12407,4064,32,128,128,3
203,1,"[32, 128, 4, 4, 32, 4, 4, 3, 3, 1, 1, 1, 1, 1, 1, 1, 8, 0, 0, 0, 0, 0, 0, 0, 0, 0, 0, 0, 0, 0]",16,64,0.0,0.0,12004325097,12004338165,12004337583,12004745867,4352,928,928,832241,1,13068,408284,32,128,128,3
213,1,"[8, 32, 640, 4, 4, 8, 32, 32, 4, 4, 8, 32, 32, 4, 4, 8, 32, 32, 4, 4, 8, 32, 32, 4, 4, 8, 32, 32, 4, 4, 8, 32, 32, 4, 4, 8, 32, 32, 4, 4, 8, 32, 32, 4, 4, 8, 32, 32, 4, 4, 8, 32, 32, 4, 4, 8, 32, 32, 4, 4, 8, 32, 32, 4, 4, 8, 32, 32, 4, 4, 8, 32, 32, 4, 4, 8, 32, 32, 4, 4, 8, 32, 32, 4, 4, 8, 32, 32, 4, 4, 8, 32, 32, 4, 4, 8, 32, 32, 4, 4, 8, 32, 32, 4, 4, 8, 32, 32, 4, 4, 8, 32, 32, 4, 4, 8, 32, 32, 4, 4, 8, 32, 32, 4, 4, 8, 32, 32, 4, 4, 8, 32, 32, 4, 4, 8, 32, 32, 4, 4, 8, 32, 32, 4, 4, 8, 32, 32, 4, 4, 8, 32, 32, 4, 4]",2480,512,0.0,13107200.0,12004721033,12004735942,12004746795,12004798986,0,123295,123295,832242,1,14909,52191,32,128,128,3
205,1,"[4, 0, 0, 0, 0, 0, 0, 0, 0, 0, 0, 0, 0, 0, 0, 4, 0, 0, 0, 0, 0, 0, 0, 0, 0, 0, 0, 0, 0, 0]",1600,512,6553600.0,26214400.0,12004911497,12005249408,12004922281,12005620802,272,324923,607,832243,2,23418,374205,32,128,128,3
152,1,"[8, 32, 1600, 4, 4, 0, 0, 0, 0, 0, 0, 0, 0, 0, 0, 0, 0, 0, 0, 0, 0, 0, 0, 0, 0, 0, 0, 0, 0, 0]",1600,128,819200.0,13107200.0,12005454965,12005466692,12005621409,12005673473,0,4320,4320,832244,1,11727,52064,32,128,128,3
203,1,"[32, 1600, 4, 4, 128, 4, 4, 1, 1, 0, 0, 1, 1, 1, 1, 1, 8, 0, 0, 0, 0, 0, 0, 0, 0, 0, 0, 0, 0, 0]",1600,256,0.0,0.0,12005665994,12005684689,12005677793,12009850645,12544,66880,63328,832245,2,17419,4169300,32,128,128,3
205,1,"[4, 0, 0, 0, 0, 0, 0, 0, 0, 0, 0, 0, 0, 0, 0, 4, 0, 0, 0, 0, 0, 0, 0, 0, 0, 0, 0, 0, 0, 0]",128,512,524288.0,2097152.0,12009903723,12010217442,12009913973,12010254225,272,473019,174622,832246,2,24086,41855,32,128,128,3
152,1,"[8, 32, 128, 4, 4, 0, 0, 0, 0, 0, 0, 0, 0, 0, 0, 0, 0, 0, 0, 0, 0, 0, 0, 0, 0, 0, 0, 0, 0, 0]",128,128,65536.0,1048576.0,12010417313,12010428711,12010428847,12010432943,0,200958,200958,832247,1,11398,4096,32,128,128,3
203,1,"[32, 128, 4, 4, 32, 4, 4, 3, 3, 1, 1, 1, 1, 1, 1, 1, 8, 0, 0, 0, 0, 0, 0, 0, 0, 0, 0, 0, 0, 0]",16,64,0.0,0.0,12010622033,12010634454,12010633901,12011041897,4352,896,896,832248,1,12421,407996,32,128,128,3
213,1,"[8, 32, 640, 4, 4, 8, 32, 32, 4, 4, 8, 32, 32, 4, 4, 8, 32, 32, 4, 4, 8, 32, 32, 4, 4, 8, 32, 32, 4, 4, 8, 32, 32, 4, 4, 8, 32, 32, 4, 4, 8, 32, 32, 4, 4, 8, 32, 32, 4, 4, 8, 32, 32, 4, 4, 8, 32, 32, 4, 4, 8, 32, 32, 4, 4, 8, 32, 32, 4, 4, 8, 32, 32, 4, 4, 8, 32, 32, 4, 4, 8, 32, 32, 4, 4, 8, 32, 32, 4, 4, 8, 32, 32, 4, 4, 8, 32, 32, 4, 4, 8, 32, 32, 4, 4, 8, 32, 32, 4, 4, 8, 32, 32, 4, 4, 8, 32, 32, 4, 4, 8, 32, 32, 4, 4, 8, 32, 32, 4, 4, 8, 32, 32, 4, 4, 8, 32, 32, 4, 4, 8, 32, 32, 4, 4, 8, 32, 32, 4, 4, 8, 32, 32, 4, 4, 8, 32, 32, 4, 4]",2560,512,0.0,13369344.0,12010866014,12010878592,12011042793,12011096264,0,53279,53279,832249,1,12578,53471,32,128,128,3
205,1,"[4, 0, 0, 0, 0, 0, 0, 0, 0, 0, 0, 0, 0, 0, 0, 4, 0, 0, 0, 0, 0, 0, 0, 0, 0, 0, 0, 0, 0, 0]",1632,512,6684672.0,26738688.0,12011139683,12011457239,12011149543,12011838208,272,305406,544,832250,2,21756,383803,32,128,128,3
152,1,"[8, 32, 1632, 4, 4, 0, 0, 0, 0, 0, 0, 0, 0, 0, 0, 0, 0, 0, 0, 0, 0, 0, 0, 0, 0, 0, 0, 0, 0, 0]",1632,128,835584.0,13369344.0,12011663209,12011675295,12011838752,12011891136,0,672,672,832251,1,12086,52384,32,128,128,3
203,1,"[32, 1632, 4, 4, 128, 4, 4, 1, 1, 0, 0, 1, 1, 1, 1, 1, 8, 0, 0, 0, 0, 0, 0, 0, 0, 0, 0, 0, 0, 0]",1632,256,0.0,0.0,12011874538,12011894060,12011891808,12016146611,12544,59552,58880,832252,2,18221,4254131,32,128,128,3
205,1,"[4, 0, 0, 0, 0, 0, 0, 0, 0, 0, 0, 0, 0, 0, 0, 4, 0, 0, 0, 0, 0, 0, 0, 0, 0, 0, 0, 0, 0, 0]",128,512,524288.0,2097152.0,12016194594,12016529843,12016205491,12016568686,272,506172,184895,832253,2,23526,41918,32,128,128,3
152,1,"[8, 32, 128, 4, 4, 0, 0, 0, 0, 0, 0, 0, 0, 0, 0, 0, 0, 0, 0, 0, 0, 0, 0, 0, 0, 0, 0, 0, 0, 0]",128,128,65536.0,1048576.0,12016742178,12016754090,12016753581,12016757677,0,214269,214269,832254,1,11912,4096,32,128,128,3
203,1,"[32, 128, 4, 4, 32, 4, 4, 3, 3, 1, 1, 1, 1, 1, 1, 1, 8, 0, 0, 0, 0, 0, 0, 0, 0, 0, 0, 0, 0, 0]",16,64,0.0,0.0,12016959998,12016972603,12016971946,12017380102,4352,928,928,832255,1,12605,408156,32,128,128,3
213,1,"[8, 32, 640, 4, 4, 8, 32, 32, 4, 4, 8, 32, 32, 4, 4, 8, 32, 32, 4, 4, 8, 32, 32, 4, 4, 8, 32, 32, 4, 4, 8, 32, 32, 4, 4, 8, 32, 32, 4, 4, 8, 32, 32, 4, 4, 8, 32, 32, 4, 4, 8, 32, 32, 4, 4, 8, 32, 32, 4, 4, 8, 32, 32, 4, 4, 8, 32, 32, 4, 4, 8, 32, 32, 4, 4, 8, 32, 32, 4, 4, 8, 32, 32, 4, 4, 8, 32, 32, 4, 4, 8, 32, 32, 4, 4, 8, 32, 32, 4, 4, 8, 32, 32, 4, 4, 8, 32, 32, 4, 4, 8, 32, 32, 4, 4, 8, 32, 32, 4, 4, 8, 32, 32, 4, 4, 8, 32, 32, 4, 4, 8, 32, 32, 4, 4, 8, 32, 32, 4, 4, 8, 32, 32, 4, 4, 8, 32, 32, 4, 4, 8, 32, 32, 4, 4, 8, 32, 32, 4, 4, 8, 32, 32, 4, 4]",2640,512,0.0,13631488.0,12017213013,12017225938,12017381030,12017435462,0,56735,56735,832256,1,12925,54432,32,128,128,3
205,1,"[4, 0, 0, 0, 0, 0, 0, 0, 0, 0, 0, 0, 0, 0, 0, 4, 0, 0, 0, 0, 0, 0, 0, 0, 0, 0, 0, 0, 0, 0]",1664,512,6815744.0,27262976.0,12017481776,12017777131,12017492197,12018166462,272,282685,672,832257,2,22693,392252,32,128,128,3
152,1,"[8, 32, 1664, 4, 4, 0, 0, 0, 0, 0, 0, 0, 0, 0, 0, 0, 0, 0, 0, 0, 0, 0, 0, 0, 0, 0, 0, 0, 0, 0]",1664,128,851968.0,13631488.0,12017927353,12017938964,12018167134,12018221117,0,672,672,832258,1,11611,53983,32,128,128,3
199,1,"[8, 32, 1664, 4, 4, 0, 0, 0, 0, 0, 0, 0, 0, 0, 0, 0, 0, 0, 0, 0, 0, 0, 0, 0, 0, 0, 0, 0, 0, 0]",1664,512,0.0,0.0,12018057385,12018073043,12018221789,12018304348,16,31296,31296,832259,1,15658,82559,32,128,128,3
201,1,"[8, 32, 1664, 0, 0, 0, 0, 0, 0, 0, 8, 549, 1664, 0, 0, 0, 0, 0, 0, 0, 8, 549, 0, 0, 0, 0, 0, 0, 0, 0]",63,64,58466304.0,1357088.0,12018322505,12018336235,12018335644,12018974709,17408,928,928,832261,1,13730,639065,32,128,128,3
201,1,"[8, 32, 1664, 0, 0, 0, 0, 0, 0, 0, 8, 549, 1664, 0, 0, 0, 0, 0, 0, 0, 8, 549, 0, 0, 0, 0, 0, 0, 0, 0]",36,512,58466304.0,1357088.0,12018338295,12018346447,12018975637,12018981462,0,704,704,832262,1,8152,5825,32,128,128,3
181,1,"[8, 32, 549, 0, 0, 0, 0, 0, 0, 0, 0, 0, 0, 0, 0, 4, 32, 549, 0, 0, 0, 0, 0, 0, 0, 0, 0, 0, 0, 0]",35,512,0.0,0.0,12018636562,12018783724,12018982166,12019021429,16,1505616,1502928,832263,5,49728,36575,32,128,128,3
181,2,"[8, 32, 549, 0, 0, 0, 0, 0, 0, 0, 0, 0, 0, 0, 0, 4, 32, 549, 0, 0, 0, 0, 0, 0, 0, 0, 0, 0, 0, 0]",35,256,0.0,0.0,12020506486,12020677076,12020524357,12020686244,0,216893,74783,832263,4,47249,19777,32,128,128,3
201,2,"[8, 32, 1664, 0, 0, 0, 0, 0, 0, 0, 8, 549, 1664, 0, 0, 0, 0, 0, 0, 0, 8, 549, 0, 0, 0, 0, 0, 0, 0, 0]",234,512,58466304.0,1357088.0,12020752534,12020812059,12020761027,12021715608,16896,113440,111968,832262,3,23890,953109,32,128,128,3
199,2,"[8, 32, 1664, 4, 4, 0, 0, 0, 0, 0, 0, 0, 0, 0, 0, 0, 0, 0, 0, 0, 0, 0, 0, 0, 0, 0, 0, 0, 0, 0]",3328,128,0.0,0.0,12021008694,12021017125,12021827576,12021864727,0,672,672,832259,1,8431,37151,32,128,128,3
152,2,"[8, 32, 1664, 4, 4, 0, 0, 0, 0, 0, 0, 0, 0, 0, 0, 0, 0, 0, 0, 0, 0, 0, 0, 0, 0, 0, 0, 0, 0, 0]",1664,128,851968.0,20447232.0,12021053849,12021063797,12021865399,12021967478,0,672,672,832258,1,9948,102079,32,128,128,3
205,2,"[8, 32, 1664, 4, 4, 0, 0, 0, 0, 0, 0, 0, 0, 0, 0, 0, 0, 0, 0, 0, 0, 0, 0, 0, 0, 0, 0, 0, 0, 0]",1664,512,6815744.0,34078720.0,12021133807,12021142521,12021968150,12022186580,800,7968,7968,832257,1,8714,218430,32,128,128,3
203,2,"[32, 128, 4, 4, 32, 4, 4, 3, 3, 1, 1, 1, 1, 1, 1, 1, 8, 0, 0, 0, 0, 0, 0, 0, 0, 0, 0, 0, 0, 0]",256,256,0.0,0.0,12021463204,12021714597,12022194548,12022610063,6404,12705,5472,832255,4,38171,408282,32,128,128,3
152,2,"[8, 32, 128, 4, 4, 0, 0, 0, 0, 0, 0, 0, 0, 0, 0, 0, 0, 0, 0, 0, 0, 0, 0, 0, 0, 0, 0, 0, 0, 0]",128,128,65536.0,1572864.0,12021798515,12021806236,12022615535,12022619055,0,640,640,832254,1,7721,3520,32,128,128,3
205,2,"[8, 32, 128, 4, 4, 0, 0, 0, 0, 0, 0, 0, 0, 0, 0, 0, 0, 0, 0, 0, 0, 0, 0, 0, 0, 0, 0, 0, 0, 0]",128,512,524288.0,2621440.0,12021864696,12021872310,12022619695,12022642959,800,7136,7136,832253,1,7614,23264,32,128,128,3
203,2,"[32, 1632, 4, 4, 128, 4, 4, 1, 1, 0, 0, 1, 1, 1, 1, 1, 8, 0, 0, 0, 0, 0, 0, 0, 0, 0, 0, 0, 0, 0]",3264,256,213909504.0,8880128.0,12022002097,12022097625,12022650095,12025487697,10496,20609,14016,832252,3,29108,2831009,32,128,128,3
152,2,"[8, 32, 1632, 4, 4, 0, 0, 0, 0, 0, 0, 0, 0, 0, 0, 0, 0, 0, 0, 0, 0, 0, 0, 0, 0, 0, 0, 0, 0, 0]",1632,128,835584.0,20054016.0,12022168101,12022174263,12025501713,12025600752,0,576,576,832251,1,6162,99039,32,128,128,3
205,2,"[8, 32, 1632, 4, 4, 0, 0, 0, 0, 0, 0, 0, 0, 0, 0, 0, 0, 0, 0, 0, 0, 0, 0, 0, 0, 0, 0, 0, 0, 0]",1632,512,6684672.0,33423360.0,12022230409,12022237080,12025601328,12025817773,800,194270,194270,832250,1,6671,216445,32,128,128,3
203,2,"[32, 128, 4, 4, 32, 4, 4, 3, 3, 1, 1, 1, 1, 1, 1, 1, 8, 0, 0, 0, 0, 0, 0, 0, 0, 0, 0, 0, 0, 0]",256,256,0.0,0.0,12023052803,12023152949,12026012043,12026424743,6404,12096,5664,832248,3,22460,406268,32,128,128,3
152,2,"[8, 32, 128, 4, 4, 0, 0, 0, 0, 0, 0, 0, 0, 0, 0, 0, 0, 0, 0, 0, 0, 0, 0, 0, 0, 0, 0, 0, 0, 0]",128,128,65536.0,1572864.0,12023227597,12023233910,12026430407,12026434023,0,544,544,832247,1,6313,3616,32,128,128,3
205,2,"[8, 32, 128, 4, 4, 0, 0, 0, 0, 0, 0, 0, 0, 0, 0, 0, 0, 0, 0, 0, 0, 0, 0, 0, 0, 0, 0, 0, 0, 0]",128,512,524288.0,2621440.0,12023288976,12023296251,12026434567,12026457959,800,7007,7007,832246,1,7275,23392,32,128,128,3
203,2,"[32, 1600, 4, 4, 128, 4, 4, 1, 1, 0, 0, 1, 1, 1, 1, 1, 8, 0, 0, 0, 0, 0, 0, 0, 0, 0, 0, 0, 0, 0]",3200,256,209715200.0,8716288.0,12023420553,12023502907,12026464966,12029119755,10496,19423,13088,832245,3,20377,2648454,32,128,128,3
152,2,"[8, 32, 1600, 4, 4, 0, 0, 0, 0, 0, 0, 0, 0, 0, 0, 0, 0, 0, 0, 0, 0, 0, 0, 0, 0, 0, 0, 0, 0, 0]",1600,128,819200.0,19660800.0,12023572642,12023578725,12029132843,12029229321,0,609,609,832244,1,6083,96478,32,128,128,3
205,2,"[8, 32, 1600, 4, 4, 0, 0, 0, 0, 0, 0, 0, 0, 0, 0, 0, 0, 0, 0, 0, 0, 0, 0, 0, 0, 0, 0, 0, 0, 0]",1600,512,6553600.0,32768000.0,12023635590,12023642425,12029229930,12029439879,800,186398,186398,832243,1,6835,209949,32,128,128,3
203,2,"[32, 128, 4, 4, 32, 4, 4, 3, 3, 1, 1, 1, 1, 1, 1, 1, 8, 0, 0, 0, 0, 0, 0, 0, 0, 0, 0, 0, 0, 0]",256,256,0.0,0.0,12024437490,12024530234,12029626277,12030039233,6404,12417,5664,832241,3,19919,406203,32,128,128,3
152,2,"[8, 32, 128, 4, 4, 0, 0, 0, 0, 0, 0, 0, 0, 0, 0, 0, 0, 0, 0, 0, 0, 0, 0, 0, 0, 0, 0, 0, 0, 0]",128,128,65536.0,1572864.0,12024604266,12024610685,12030044897,12030048705,0,576,576,832240,1,6419,3808,32,128,128,3
205,2,"[8, 32, 128, 4, 4, 0, 0, 0, 0, 0, 0, 0, 0, 0, 0, 0, 0, 0, 0, 0, 0, 0, 0, 0, 0, 0, 0, 0, 0, 0]",128,512,524288.0,2621440.0,12024668190,12024675214,12030049281,12030072385,800,6880,6880,832239,1,7024,23104,32,128,128,3
203,2,"[32, 1568, 4, 4, 128, 4, 4, 1, 1, 0, 0, 1, 1, 1, 1, 1, 8, 0, 0, 0, 0, 0, 0, 0, 0, 0, 0, 0, 0, 0]",3136,256,205520896.0,8552448.0,12024796364,12024874621,12030079265,12032728389,10496,20001,12864,832238,3,19693,2641987,32,128,128,3
152,2,"[8, 32, 1568, 4, 4, 0, 0, 0, 0, 0, 0, 0, 0, 0, 0, 0, 0, 0, 0, 0, 0, 0, 0, 0, 0, 0, 0, 0, 0, 0]",1568,128,802816.0,19267584.0,12024946199,12024952429,12032741253,12032836196,0,704,704,832237,1,6230,94943,32,128,128,3
205,2,"[8, 32, 1568, 4, 4, 0, 0, 0, 0, 0, 0, 0, 0, 0, 0, 0, 0, 0, 0, 0, 0, 0, 0, 0, 0, 0, 0, 0, 0, 0]",1568,512,6422528.0,32112640.0,12025008331,12025015098,12032836900,12033043969,800,184703,184703,832236,1,6767,207069,32,128,128,3
203,2,"[32, 128, 4, 4, 32, 4, 4, 3, 3, 1, 1, 1, 1, 1, 1, 1, 8, 0, 0, 0, 0, 0, 0, 0, 0, 0, 0, 0, 0, 0]",256,256,0.0,0.0,12025777802,12025871573,12033228672,12033641339,6404,12607,5728,832234,3,20997,405788,32,128,128,3
152,2,"[8, 32, 128, 4, 4, 0, 0, 0, 0, 0, 0, 0, 0, 0, 0, 0, 0, 0, 0, 0, 0, 0, 0, 0, 0, 0, 0, 0, 0, 0]",128,128,65536.0,1572864.0,12025944919,12025951337,12033647067,12033650683,0,576,576,832233,1,6418,3616,32,128,128,3
205,2,"[8, 32, 128, 4, 4, 0, 0, 0, 0, 0, 0, 0, 0, 0, 0, 0, 0, 0, 0, 0, 0, 0, 0, 0, 0, 0, 0, 0, 0, 0]",128,512,524288.0,2621440.0,12026009708,12026017007,12033651259,12033674651,800,6816,6816,832232,1,7299,23392,32,128,128,3
203,2,"[32, 1536, 4, 4, 128, 4, 4, 1, 1, 0, 0, 1, 1, 1, 1, 1, 8, 0, 0, 0, 0, 0, 0, 0, 0, 0, 0, 0, 0, 0]",3072,256,201326592.0,8388608.0,12026136866,12026218365,12033681467,12036307679,10496,19136,12800,832231,3,22632,2619876,32,128,128,3
152,2,"[8, 32, 1536, 4, 4, 0, 0, 0, 0, 0, 0, 0, 0, 0, 0, 0, 0, 0, 0, 0, 0, 0, 0, 0, 0, 0, 0, 0, 0, 0]",1536,128,786432.0,18874368.0,12026286936,12026293179,12036320479,12036413182,0,672,672,832230,1,6243,92703,32,128,128,3
205,2,"[8, 32, 1536, 4, 4, 0, 0, 0, 0, 0, 0, 0, 0, 0, 0, 0, 0, 0, 0, 0, 0, 0, 0, 0, 0, 0, 0, 0, 0, 0]",1536,512,6291456.0,31457280.0,12026348758,12026355625,12036413854,12036616124,800,177758,177758,832229,1,6867,202270,32,128,128,3
203,2,"[32, 128, 4, 4, 32, 4, 4, 3, 3, 1, 1, 1, 1, 1, 1, 1, 8, 0, 0, 0, 0, 0, 0, 0, 0, 0, 0, 0, 0, 0]",256,256,0.0,0.0,12027098690,12027191663,12036793882,12037206166,6404,12160,5568,832227,3,19674,405692,32,128,128,3
152,2,"[8, 32, 128, 4, 4, 0, 0, 0, 0, 0, 0, 0, 0, 0, 0, 0, 0, 0, 0, 0, 0, 0, 0, 0, 0, 0, 0, 0, 0, 0]",128,128,65536.0,1572864.0,12027266084,12027272560,12037211734,12037215478,0,672,672,832226,1,6476,3744,32,128,128,3
205,2,"[8, 32, 128, 4, 4, 0, 0, 0, 0, 0, 0, 0, 0, 0, 0, 0, 0, 0, 0, 0, 0, 0, 0, 0, 0, 0, 0, 0, 0, 0]",128,512,524288.0,2621440.0,12027330650,12027337517,12037216150,12037239222,800,6880,6880,832225,1,6867,23072,32,128,128,3
203,2,"[32, 1504, 4, 4, 128, 4, 4, 1, 1, 0, 0, 1, 1, 1, 1, 1, 8, 0, 0, 0, 0, 0, 0, 0, 0, 0, 0, 0, 0, 0]",3008,256,197132288.0,8224768.0,12027458860,12027536122,12037246102,12039848346,10496,18879,12576,832224,3,18663,2595941,32,128,128,3
152,2,"[8, 32, 1504, 4, 4, 0, 0, 0, 0, 0, 0, 0, 0, 0, 0, 0, 0, 0, 0, 0, 0, 0, 0, 0, 0, 0, 0, 0, 0, 0]",1504,128,770048.0,18481152.0,12027607234,12027613614,12039860922,12039951545,0,640,640,832223,1,6380,90623,32,128,128,3
205,2,"[8, 32, 1504, 4, 4, 0, 0, 0, 0, 0, 0, 0, 0, 0, 0, 0, 0, 0, 0, 0, 0, 0, 0, 0, 0, 0, 0, 0, 0, 0]",1504,512,6160384.0,30801920.0,12027667674,12027674353,12039952185,12040150007,800,178750,178750,832222,1,6679,197822,32,128,128,3
203,2,"[32, 128, 4, 4, 32, 4, 4, 3, 3, 1, 1, 1, 1, 1, 1, 1, 8, 0, 0, 0, 0, 0, 0, 0, 0, 0, 0, 0, 0, 0]",256,256,0.0,0.0,12028409732,12028504544,12040328757,12040741873,6404,12192,5536,832220,3,21198,406460,32,128,128,3
152,2,"[8, 32, 128, 4, 4, 0, 0, 0, 0, 0, 0, 0, 0, 0, 0, 0, 0, 0, 0, 0, 0, 0, 0, 0, 0, 0, 0, 0, 0, 0]",128,128,65536.0,1572864.0,12028579499,12028586123,12040747409,12040750929,0,544,544,832219,1,6624,3520,32,128,128,3
205,2,"[8, 32, 128, 4, 4, 0, 0, 0, 0, 0, 0, 0, 0, 0, 0, 0, 0, 0, 0, 0, 0, 0, 0, 0, 0, 0, 0, 0, 0, 0]",128,512,524288.0,2621440.0,12028641446,12028650041,12040751473,12040774576,800,6976,6976,832218,1,8595,23103,32,128,128,3
203,2,"[32, 1472, 4, 4, 128, 4, 4, 1, 1, 0, 0, 1, 1, 1, 1, 1, 8, 0, 0, 0, 0, 0, 0, 0, 0, 0, 0, 0, 0, 0]",2944,256,192937984.0,8060928.0,12028769699,12028847704,12040781552,12043354677,10496,18240,12128,832217,3,19104,2567013,32,128,128,3
152,2,"[8, 32, 1472, 4, 4, 0, 0, 0, 0, 0, 0, 0, 0, 0, 0, 0, 0, 0, 0, 0, 0, 0, 0, 0, 0, 0, 0, 0, 0, 0]",1472,128,753664.0,18087936.0,12028919123,12028925390,12043366805,12043455412,0,672,672,832216,1,6267,88607,32,128,128,3
205,2,"[8, 32, 1472, 4, 4, 0, 0, 0, 0, 0, 0, 0, 0, 0, 0, 0, 0, 0, 0, 0, 0, 0, 0, 0, 0, 0, 0, 0, 0, 0]",1472,512,6029312.0,30146560.0,12028980137,12028986711,12043456084,12043651762,800,167454,167454,832215,1,6574,195678,32,128,128,3
203,2,"[32, 128, 4, 4, 32, 4, 4, 3, 3, 1, 1, 1, 1, 1, 1, 1, 8, 0, 0, 0, 0, 0, 0, 0, 0, 0, 0, 0, 0, 0]",256,256,0.0,0.0,12029696233,12029789509,12043819216,12044232172,6404,12576,5568,832213,3,20101,405948,32,128,128,3
152,2,"[8, 32, 128, 4, 4, 0, 0, 0, 0, 0, 0, 0, 0, 0, 0, 0, 0, 0, 0, 0, 0, 0, 0, 0, 0, 0, 0, 0, 0, 0]",128,128,65536.0,1572864.0,12029864179,12029870602,12044237740,12044241228,0,576,576,832212,1,6423,3488,32,128,128,3
205,2,"[8, 32, 128, 4, 4, 0, 0, 0, 0, 0, 0, 0, 0, 0, 0, 0, 0, 0, 0, 0, 0, 0, 0, 0, 0, 0, 0, 0, 0, 0]",128,512,524288.0,2621440.0,12029928381,12029935273,12044241804,12044265196,800,6752,6752,832211,1,6892,23392,32,128,128,3
203,2,"[32, 1440, 4, 4, 128, 4, 4, 1, 1, 0, 0, 1, 1, 1, 1, 1, 8, 0, 0, 0, 0, 0, 0, 0, 0, 0, 0, 0, 0, 0]",2880,256,188743680.0,7897088.0,12030057015,12030134462,12044271948,12046822929,10496,17823,11488,832210,3,19767,2544646,32,128,128,3
152,2,"[8, 32, 1440, 4, 4, 0, 0, 0, 0, 0, 0, 0, 0, 0, 0, 0, 0, 0, 0, 0, 0, 0, 0, 0, 0, 0, 0, 0, 0, 0]",1440,128,737280.0,17694720.0,12030201790,12030207918,12046834417,12046921584,0,576,576,832209,1,6128,87167,32,128,128,3
205,2,"[8, 32, 1440, 4, 4, 0, 0, 0, 0, 0, 0, 0, 0, 0, 0, 0, 0, 0, 0, 0, 0, 0, 0, 0, 0, 0, 0, 0, 0, 0]",1440,512,5898240.0,29491200.0,12030263754,12030270420,12046922160,12047111630,800,164702,164702,832208,1,6666,189470,32,128,128,3
203,2,"[32, 128, 4, 4, 32, 4, 4, 3, 3, 1, 1, 1, 1, 1, 1, 1, 8, 0, 0, 0, 0, 0, 0, 0, 0, 0, 0, 0, 0, 0]",256,256,0.0,0.0,12030951168,12031043730,12047276332,12047688392,6404,12160,5728,832206,3,19525,405628,32,128,128,3
152,2,"[8, 32, 128, 4, 4, 0, 0, 0, 0, 0, 0, 0, 0, 0, 0, 0, 0, 0, 0, 0, 0, 0, 0, 0, 0, 0, 0, 0, 0, 0]",128,128,65536.0,1572864.0,12031116876,12031123251,12047694120,12047697608,0,543,543,832205,1,6375,3488,32,128,128,3
205,2,"[8, 32, 128, 4, 4, 0, 0, 0, 0, 0, 0, 0, 0, 0, 0, 0, 0, 0, 0, 0, 0, 0, 0, 0, 0, 0, 0, 0, 0, 0]",128,512,524288.0,2621440.0,12031180670,12031187471,12047698151,12047721319,800,7168,7168,832204,1,6801,23168,32,128,128,3
203,2,"[32, 1408, 4, 4, 128, 4, 4, 1, 1, 0, 0, 1, 1, 1, 1, 1, 8, 0, 0, 0, 0, 0, 0, 0, 0, 0, 0, 0, 0, 0]",2816,256,184549376.0,7733248.0,12031305395,12031384099,12047728487,12050114638,10496,17792,11072,832203,3,20847,2379431,32,128,128,3
152,2,"[8, 32, 1408, 4, 4, 0, 0, 0, 0, 0, 0, 0, 0, 0, 0, 0, 0, 0, 0, 0, 0, 0, 0, 0, 0, 0, 0, 0, 0, 0]",1408,128,720896.0,17301504.0,12031452790,12031458834,12050125710,12050211277,0,576,576,832202,1,6044,85567,32,128,128,3
205,2,"[8, 32, 1408, 4, 4, 0, 0, 0, 0, 0, 0, 0, 0, 0, 0, 0, 0, 0, 0, 0, 0, 0, 0, 0, 0, 0, 0, 0, 0, 0]",1408,512,5767168.0,28835840.0,12031513184,12031519887,12050211853,12050398443,800,158751,158751,832201,1,6703,186590,32,128,128,3
203,2,"[32, 128, 4, 4, 32, 4, 4, 3, 3, 1, 1, 1, 1, 1, 1, 1, 8, 0, 0, 0, 0, 0, 0, 0, 0, 0, 0, 0, 0, 0]",256,256,0.0,0.0,12032190992,12032284865,12050557194,12050969766,6404,12702,5663,832199,3,21646,405533,32,128,128,3
152,2,"[8, 32, 128, 4, 4, 0, 0, 0, 0, 0, 0, 0, 0, 0, 0, 0, 0, 0, 0, 0, 0, 0, 0, 0, 0, 0, 0, 0, 0, 0]",128,128,65536.0,1572864.0,12032358094,12032364283,12050975429,12050979205,0,576,576,832198,1,6189,3776,32,128,128,3
205,2,"[8, 32, 128, 4, 4, 0, 0, 0, 0, 0, 0, 0, 0, 0, 0, 0, 0, 0, 0, 0, 0, 0, 0, 0, 0, 0, 0, 0, 0, 0]",128,512,524288.0,2621440.0,12032419180,12032425804,12050979781,12051003045,800,6816,6816,832197,1,6624,23264,32,128,128,3
203,2,"[32, 1376, 4, 4, 128, 4, 4, 1, 1, 0, 0, 1, 1, 1, 1, 1, 8, 0, 0, 0, 0, 0, 0, 0, 0, 0, 0, 0, 0, 0]",2752,256,180355072.0,7569408.0,12032548355,12032625572,12051009861,12053371596,10496,17280,11232,832196,3,19215,2355687,32,128,128,3
152,2,"[8, 32, 1376, 4, 4, 0, 0, 0, 0, 0, 0, 0, 0, 0, 0, 0, 0, 0, 0, 0, 0, 0, 0, 0, 0, 0, 0, 0, 0, 0]",1376,128,704512.0,16908288.0,12032695595,12032704144,12053382828,12053465899,0,608,608,832195,1,8549,83071,32,128,128,3
205,2,"[8, 32, 1376, 4, 4, 0, 0, 0, 0, 0, 0, 0, 0, 0, 0, 0, 0, 0, 0, 0, 0, 0, 0, 0, 0, 0, 0, 0, 0, 0]",1376,512,5636096.0,28180480.0,12032758523,12032767250,12053466507,12053649321,800,154558,154558,832194,1,8727,182814,32,128,128,3
203,2,"[32, 128, 4, 4, 32, 4, 4, 3, 3, 1, 1, 1, 1, 1, 1, 1, 8, 0, 0, 0, 0, 0, 0, 0, 0, 0, 0, 0, 0, 0]",256,256,0.0,0.0,12033400244,12033492181,12053803879,12054216611,6404,12798,5952,832192,3,19205,405886,32,128,128,3
152,2,"[8, 32, 128, 4, 4, 0, 0, 0, 0, 0, 0, 0, 0, 0, 0, 0, 0, 0, 0, 0, 0, 0, 0, 0, 0, 0, 0, 0, 0, 0]",128,128,65536.0,1572864.0,12033565183,12033571378,12054222563,12054226083,0,704,704,832191,1,6195,3520,32,128,128,3
205,2,"[8, 32, 128, 4, 4, 0, 0, 0, 0, 0, 0, 0, 0, 0, 0, 0, 0, 0, 0, 0, 0, 0, 0, 0, 0, 0, 0, 0, 0, 0]",128,512,524288.0,2621440.0,12033626846,12033633595,12054226787,12054250051,800,6976,6976,832190,1,6749,23264,32,128,128,3
203,2,"[32, 1344, 4, 4, 128, 4, 4, 1, 1, 0, 0, 1, 1, 1, 1, 1, 8, 0, 0, 0, 0, 0, 0, 0, 0, 0, 0, 0, 0, 0]",2688,256,176160768.0,7405568.0,12033753399,12033829308,12054257027,12056591402,10496,16833,10592,832189,3,18890,2328134,32,128,128,3
152,2,"[8, 32, 1344, 4, 4, 0, 0, 0, 0, 0, 0, 0, 0, 0, 0, 0, 0, 0, 0, 0, 0, 0, 0, 0, 0, 0, 0, 0, 0, 0]",1344,128,688128.0,16515072.0,12033897901,12033904139,12056601994,12056682889,0,640,640,832188,1,6238,80895,32,128,128,3
205,2,"[8, 32, 1344, 4, 4, 0, 0, 0, 0, 0, 0, 0, 0, 0, 0, 0, 0, 0, 0, 0, 0, 0, 0, 0, 0, 0, 0, 0, 0, 0]",1344,512,5505024.0,27525120.0,12033961045,12033967780,12056683529,12056860967,800,150495,150495,832187,1,6735,177438,32,128,128,3
203,2,"[32, 128, 4, 4, 32, 4, 4, 3, 3, 1, 1, 1, 1, 1, 1, 1, 8, 0, 0, 0, 0, 0, 0, 0, 0, 0, 0, 0, 0, 0]",256,256,0.0,0.0,12034586011,12034679043,12057011462,12057424034,6404,13086,5727,832185,3,20468,405213,32,128,128,3
152,2,"[8, 32, 128, 4, 4, 0, 0, 0, 0, 0, 0, 0, 0, 0, 0, 0, 0, 0, 0, 0, 0, 0, 0, 0, 0, 0, 0, 0, 0, 0]",128,128,65536.0,1572864.0,12034752597,12034759014,12057429761,12057433409,0,576,576,832184,1,6417,3648,32,128,128,3
205,2,"[8, 32, 128, 4, 4, 0, 0, 0, 0, 0, 0, 0, 0, 0, 0, 0, 0, 0, 0, 0, 0, 0, 0, 0, 0, 0, 0, 0, 0, 0]",128,512,524288.0,2621440.0,12034814363,12034823074,12057433985,12057457313,800,6816,6816,832183,1,8711,23328,32,128,128,3
203,2,"[32, 1312, 4, 4, 128, 4, 4, 1, 1, 0, 0, 1, 1, 1, 1, 1, 8, 0, 0, 0, 0, 0, 0, 0, 0, 0, 0, 0, 0, 0]",2624,256,171966464.0,7241728.0,12034939700,12035015991,12057464129,12059771465,10496,16960,10912,832182,3,18816,2301288,32,128,128,3
152,2,"[8, 32, 1312, 4, 4, 0, 0, 0, 0, 0, 0, 0, 0, 0, 0, 0, 0, 0, 0, 0, 0, 0, 0, 0, 0, 0, 0, 0, 0, 0]",1312,128,671744.0,16121856.0,12035085499,12035091567,12059782377,12059860584,0,736,736,832181,1,6068,78207,32,128,128,3
205,2,"[8, 32, 1312, 4, 4, 0, 0, 0, 0, 0, 0, 0, 0, 0, 0, 0, 0, 0, 0, 0, 0, 0, 0, 0, 0, 0, 0, 0, 0, 0]",1312,512,5373952.0,26869760.0,12035146851,12035153923,12059861320,12060036038,800,143359,143359,832180,1,7072,174718,32,128,128,3
203,2,"[32, 128, 4, 4, 32, 4, 4, 3, 3, 1, 1, 1, 1, 1, 1, 1, 8, 0, 0, 0, 0, 0, 0, 0, 0, 0, 0, 0, 0, 0]",256,256,0.0,0.0,12035751910,12035843802,12060179397,12060591808,6404,12288,5568,832178,3,20547,405691,32,128,128,3
152,2,"[8, 32, 128, 4, 4, 0, 0, 0, 0, 0, 0, 0, 0, 0, 0, 0, 0, 0, 0, 0, 0, 0, 0, 0, 0, 0, 0, 0, 0, 0]",128,128,65536.0,1572864.0,12035917394,12035930395,12060597376,12060600768,0,608,608,832177,1,13001,3392,32,128,128,3
205,2,"[8, 32, 128, 4, 4, 0, 0, 0, 0, 0, 0, 0, 0, 0, 0, 0, 0, 0, 0, 0, 0, 0, 0, 0, 0, 0, 0, 0, 0, 0]",128,512,524288.0,2621440.0,12035986594,12035993268,12060601376,12060624544,800,7008,7008,832176,1,6674,23168,32,128,128,3
203,2,"[32, 1280, 4, 4, 128, 4, 4, 1, 1, 0, 0, 1, 1, 1, 1, 1, 8, 0, 0, 0, 0, 0, 0, 0, 0, 0, 0, 0, 0, 0]",2560,256,167772160.0,7077888.0,12036114634,12036194242,12060631552,12062762026,10496,16319,10399,832175,3,18895,2124554,32,128,128,3
152,2,"[8, 32, 1280, 4, 4, 0, 0, 0, 0, 0, 0, 0, 0, 0, 0, 0, 0, 0, 0, 0, 0, 0, 0, 0, 0, 0, 0, 0, 0, 0]",1280,128,655360.0,15728640.0,12036262707,12036270418,12062772425,12062849769,0,608,608,832174,1,7711,77344,32,128,128,3
205,2,"[8, 32, 1280, 4, 4, 0, 0, 0, 0, 0, 0, 0, 0, 0, 0, 0, 0, 0, 0, 0, 0, 0, 0, 0, 0, 0, 0, 0, 0, 0]",1280,512,5242880.0,26214400.0,12036326010,12036332910,12062850377,12063019143,800,137214,137214,832173,1,6900,168766,32,128,128,3
203,2,"[32, 128, 4, 4, 32, 4, 4, 3, 3, 1, 1, 1, 1, 1, 1, 1, 8, 0, 0, 0, 0, 0, 0, 0, 0, 0, 0, 0, 0, 0]",256,256,0.0,0.0,12036913195,12037006919,12063156357,12063569153,6404,12288,5568,832171,3,19798,406076,32,128,128,3
152,2,"[8, 32, 128, 4, 4, 0, 0, 0, 0, 0, 0, 0, 0, 0, 0, 0, 0, 0, 0, 0, 0, 0, 0, 0, 0, 0, 0, 0, 0, 0]",128,128,65536.0,1572864.0,12037080320,12037086505,12063574721,12063578177,0,576,576,832170,1,6185,3456,32,128,128,3
205,2,"[8, 32, 128, 4, 4, 0, 0, 0, 0, 0, 0, 0, 0, 0, 0, 0, 0, 0, 0, 0, 0, 0, 0, 0, 0, 0, 0, 0, 0, 0]",128,512,524288.0,2621440.0,12037142006,12037149037,12063578753,12063602337,800,6688,6688,832169,1,7031,23584,32,128,128,3
203,2,"[32, 1248, 4, 4, 128, 4, 4, 1, 1, 0, 0, 1, 1, 1, 1, 1, 8, 0, 0, 0, 0, 0, 0, 0, 0, 0, 0, 0, 0, 0]",2496,256,163577856.0,6914048.0,12037269884,12037346198,12063609025,12065733834,10496,16032,10368,832168,3,18742,2119145,32,128,128,3
152,2,"[8, 32, 1248, 4, 4, 0, 0, 0, 0, 0, 0, 0, 0, 0, 0, 0, 0, 0, 0, 0, 0, 0, 0, 0, 0, 0, 0, 0, 0, 0]",1248,128,638976.0,15335424.0,12037415061,12037421226,12065744202,12065819529,0,673,673,832167,1,6165,75327,32,128,128,3
205,2,"[8, 32, 1248, 4, 4, 0, 0, 0, 0, 0, 0, 0, 0, 0, 0, 0, 0, 0, 0, 0, 0, 0, 0, 0, 0, 0, 0, 0, 0, 0]",1248,512,5111808.0,25559040.0,12037477913,12037484697,12065820202,12065987528,800,135134,135134,832166,1,6784,167326,32,128,128,3
203,2,"[32, 128, 4, 4, 32, 4, 4, 3, 3, 1, 1, 1, 1, 1, 1, 1, 8, 0, 0, 0, 0, 0, 0, 0, 0, 0, 0, 0, 0, 0]",256,256,0.0,0.0,12038039426,12038129967,12066122662,12066534754,6404,12096,5504,832164,3,19359,405500,32,128,128,3
152,2,"[8, 32, 128, 4, 4, 0, 0, 0, 0, 0, 0, 0, 0, 0, 0, 0, 0, 0, 0, 0, 0, 0, 0, 0, 0, 0, 0, 0, 0, 0]",128,128,65536.0,1572864.0,12038205543,12038211767,12066540258,12066543842,0,576,576,832163,1,6224,3584,32,128,128,3
205,2,"[8, 32, 128, 4, 4, 0, 0, 0, 0, 0, 0, 0, 0, 0, 0, 0, 0, 0, 0, 0, 0, 0, 0, 0, 0, 0, 0, 0, 0, 0]",128,512,524288.0,2621440.0,12038268957,12038275731,12066544418,12066567489,800,6880,6880,832162,1,6774,23071,32,128,128,3
203,2,"[32, 1216, 4, 4, 128, 4, 4, 1, 1, 0, 0, 1, 1, 1, 1, 1, 8, 0, 0, 0, 0, 0, 0, 0, 0, 0, 0, 0, 0, 0]",2432,256,159383552.0,6750208.0,12038393129,12038471665,12066574369,12068676075,10496,15744,9952,832161,3,20558,2095914,32,128,128,3
152,2,"[8, 32, 1216, 4, 4, 0, 0, 0, 0, 0, 0, 0, 0, 0, 0, 0, 0, 0, 0, 0, 0, 0, 0, 0, 0, 0, 0, 0, 0, 0]",1216,128,622592.0,14942208.0,12038539989,12038545900,12068686027,12068758954,0,641,641,832160,1,5911,72927,32,128,128,3
205,2,"[8, 32, 1216, 4, 4, 0, 0, 0, 0, 0, 0, 0, 0, 0, 0, 0, 0, 0, 0, 0, 0, 0, 0, 0, 0, 0, 0, 0, 0, 0]",1216,512,4980736.0,24903680.0,12038600135,12038606686,12068759595,12068922409,800,126942,126942,832159,1,6551,162814,32,128,128,3
203,2,"[32, 128, 4, 4, 32, 4, 4, 3, 3, 1, 1, 1, 1, 1, 1, 1, 8, 0, 0, 0, 0, 0, 0, 0, 0, 0, 0, 0, 0, 0]",256,256,0.0,0.0,12039138743,12039230041,12069049351,12069462019,6404,12608,5760,832157,3,19342,405820,32,128,128,3
152,2,"[8, 32, 128, 4, 4, 0, 0, 0, 0, 0, 0, 0, 0, 0, 0, 0, 0, 0, 0, 0, 0, 0, 0, 0, 0, 0, 0, 0, 0, 0]",128,128,65536.0,1572864.0,12039303099,12039309303,12069467779,12069471235,0,576,576,832156,1,6204,3456,32,128,128,3
205,2,"[8, 32, 128, 4, 4, 0, 0, 0, 0, 0, 0, 0, 0, 0, 0, 0, 0, 0, 0, 0, 0, 0, 0, 0, 0, 0, 0, 0, 0, 0]",128,512,524288.0,2621440.0,12039368168,12039374730,12069471811,12069494947,800,6688,6688,832155,1,6562,23136,32,128,128,3
203,2,"[32, 1184, 4, 4, 128, 4, 4, 1, 1, 0, 0, 1, 1, 1, 1, 1, 8, 0, 0, 0, 0, 0, 0, 0, 0, 0, 0, 0, 0, 0]",2368,256,155189248.0,6586368.0,12039492691,12039568926,12069501635,12071581485,10496,15616,9536,832154,3,18997,2073770,32,128,128,3
152,2,"[8, 32, 1184, 4, 4, 0, 0, 0, 0, 0, 0, 0, 0, 0, 0, 0, 0, 0, 0, 0, 0, 0, 0, 0, 0, 0, 0, 0, 0, 0]",1184,128,606208.0,14548992.0,12039639544,12039645919,12071591021,12071662636,0,640,640,832153,1,6375,71615,32,128,128,3
205,2,"[8, 32, 1184, 4, 4, 0, 0, 0, 0, 0, 0, 0, 0, 0, 0, 0, 0, 0, 0, 0, 0, 0, 0, 0, 0, 0, 0, 0, 0, 0]",1184,512,4849664.0,24248320.0,12039699593,12039706170,12071663276,12071820106,800,124319,124319,832152,1,6577,156830,32,128,128,3
203,2,"[32, 128, 4, 4, 32, 4, 4, 3, 3, 1, 1, 1, 1, 1, 1, 1, 8, 0, 0, 0, 0, 0, 0, 0, 0, 0, 0, 0, 0, 0]",256,256,0.0,0.0,12040232090,12040323697,12071944425,12072356805,6404,12576,5920,832150,3,19577,405724,32,128,128,3
152,2,"[8, 32, 128, 4, 4, 0, 0, 0, 0, 0, 0, 0, 0, 0, 0, 0, 0, 0, 0, 0, 0, 0, 0, 0, 0, 0, 0, 0, 0, 0]",128,128,65536.0,1572864.0,12040398318,12040404606,12072362725,12072366181,0,704,704,832149,1,6288,3456,32,128,128,3
205,2,"[8, 32, 128, 4, 4, 0, 0, 0, 0, 0, 0, 0, 0, 0, 0, 0, 0, 0, 0, 0, 0, 0, 0, 0, 0, 0, 0, 0, 0, 0]",128,512,524288.0,2621440.0,12040460939,12040467758,12072366885,12072390148,800,6944,6944,832148,1,6819,23263,32,128,128,3
203,2,"[32, 1152, 4, 4, 128, 4, 4, 1, 1, 0, 0, 1, 1, 1, 1, 1, 8, 0, 0, 0, 0, 0, 0, 0, 0, 0, 0, 0, 0, 0]",2304,256,150994944.0,6422528.0,12040585596,12040666291,12072397092,12074447535,10496,15232,9536,832147,3,20379,2044747,32,128,128,3
152,2,"[8, 32, 1152, 4, 4, 0, 0, 0, 0, 0, 0, 0, 0, 0, 0, 0, 0, 0, 0, 0, 0, 0, 0, 0, 0, 0, 0, 0, 0, 0]",1152,128,589824.0,14155776.0,12040734262,12040740505,12074457071,12074527150,0,608,608,832146,1,6243,70079,32,128,128,3
205,2,"[8, 32, 1152, 4, 4, 0, 0, 0, 0, 0, 0, 0, 0, 0, 0, 0, 0, 0, 0, 0, 0, 0, 0, 0, 0, 0, 0, 0, 0, 0]",1152,512,4718592.0,23592960.0,12040795149,12040802116,12074527758,12074680556,800,118559,118559,832145,1,6967,152798,32,128,128,3
203,2,"[32, 128, 4, 4, 32, 4, 4, 3, 3, 1, 1, 1, 1, 1, 1, 1, 8, 0, 0, 0, 0, 0, 0, 0, 0, 0, 0, 0, 0, 0]",256,256,0.0,0.0,12041301988,12041394766,12074799115,12075211463,6404,12480,5760,832143,3,19692,405628,32,128,128,3
152,2,"[8, 32, 128, 4, 4, 0, 0, 0, 0, 0, 0, 0, 0, 0, 0, 0, 0, 0, 0, 0, 0, 0, 0, 0, 0, 0, 0, 0, 0, 0]",128,128,65536.0,1572864.0,12041468877,12041475527,12075217223,12075220935,0,576,576,832142,1,6650,3712,32,128,128,3
205,2,"[8, 32, 128, 4, 4, 0, 0, 0, 0, 0, 0, 0, 0, 0, 0, 0, 0, 0, 0, 0, 0, 0, 0, 0, 0, 0, 0, 0, 0, 0]",128,512,524288.0,2621440.0,12041530192,12041536912,12075221511,12075244903,800,7071,7071,832141,1,6720,23392,32,128,128,3
203,2,"[32, 1120, 4, 4, 128, 4, 4, 1, 1, 0, 0, 1, 1, 1, 1, 1, 8, 0, 0, 0, 0, 0, 0, 0, 0, 0, 0, 0, 0, 0]",2240,256,146800640.0,6258688.0,12041656970,12041734060,12075251974,12077281329,10496,15264,9056,832140,3,18908,2023147,32,128,128,3
152,2,"[8, 32, 1120, 4, 4, 0, 0, 0, 0, 0, 0, 0, 0, 0, 0, 0, 0, 0, 0, 0, 0, 0, 0, 0, 0, 0, 0, 0, 0, 0]",1120,128,573440.0,13762560.0,12041803296,12041809727,12077290385,12077357712,0,672,672,832139,1,6431,67327,32,128,128,3
205,2,"[8, 32, 1120, 4, 4, 0, 0, 0, 0, 0, 0, 0, 0, 0, 0, 0, 0, 0, 0, 0, 0, 0, 0, 0, 0, 0, 0, 0, 0, 0]",1120,512,4587520.0,22937600.0,12041866268,12041872811,12077358384,12077507022,800,115423,115423,832138,1,6543,148638,32,128,128,3
203,2,"[32, 128, 4, 4, 32, 4, 4, 3, 3, 1, 1, 1, 1, 1, 1, 1, 8, 0, 0, 0, 0, 0, 0, 0, 0, 0, 0, 0, 0, 0]",256,256,0.0,0.0,12042348402,12042440091,12077622445,12078034697,6404,12609,5632,832136,3,20447,405275,32,128,128,3
152,2,"[8, 32, 128, 4, 4, 0, 0, 0, 0, 0, 0, 0, 0, 0, 0, 0, 0, 0, 0, 0, 0, 0, 0, 0, 0, 0, 0, 0, 0, 0]",128,128,65536.0,1572864.0,12042513178,12042519470,12078040329,12078043817,0,576,576,832135,1,6292,3488,32,128,128,3
205,2,"[8, 32, 128, 4, 4, 0, 0, 0, 0, 0, 0, 0, 0, 0, 0, 0, 0, 0, 0, 0, 0, 0, 0, 0, 0, 0, 0, 0, 0, 0]",128,512,524288.0,2621440.0,12042574808,12042581440,12078044393,12078067529,800,6816,6816,832134,1,6632,23136,32,128,128,3
203,2,"[32, 1088, 4, 4, 128, 4, 4, 1, 1, 0, 0, 1, 1, 1, 1, 1, 8, 0, 0, 0, 0, 0, 0, 0, 0, 0, 0, 0, 0, 0]",2176,256,142606336.0,6094848.0,12042702139,12042781591,12078074345,12079935573,10496,14752,9152,832133,3,19377,1855628,32,128,128,3
152,2,"[8, 32, 1088, 4, 4, 0, 0, 0, 0, 0, 0, 0, 0, 0, 0, 0, 0, 0, 0, 0, 0, 0, 0, 0, 0, 0, 0, 0, 0, 0]",1088,128,557056.0,13369344.0,12042850554,12042856921,12079944725,12080010356,0,608,608,832132,1,6367,65631,32,128,128,3
205,2,"[8, 32, 1088, 4, 4, 0, 0, 0, 0, 0, 0, 0, 0, 0, 0, 0, 0, 0, 0, 0, 0, 0, 0, 0, 0, 0, 0, 0, 0, 0]",1088,512,4456448.0,22282240.0,12042912266,12042919009,12080010964,12080157203,800,113407,113407,832131,1,6743,146239,32,128,128,3
203,2,"[32, 128, 4, 4, 32, 4, 4, 3, 3, 1, 1, 1, 1, 1, 1, 1, 8, 0, 0, 0, 0, 0, 0, 0, 0, 0, 0, 0, 0, 0]",256,256,0.0,0.0,12043372902,12043466119,12080270610,12080682829,6404,12416,5696,832129,3,21264,405499,32,128,128,3
152,2,"[8, 32, 128, 4, 4, 0, 0, 0, 0, 0, 0, 0, 0, 0, 0, 0, 0, 0, 0, 0, 0, 0, 0, 0, 0, 0, 0, 0, 0, 0]",128,128,65536.0,1572864.0,12043539411,12043545705,12080688525,12080692301,0,640,640,832128,1,6294,3776,32,128,128,3
205,2,"[8, 32, 128, 4, 4, 0, 0, 0, 0, 0, 0, 0, 0, 0, 0, 0, 0, 0, 0, 0, 0, 0, 0, 0, 0, 0, 0, 0, 0, 0]",128,512,524288.0,2621440.0,12043600019,12043606661,12080692941,12080716461,800,6816,6816,832127,1,6642,23520,32,128,128,3
203,2,"[32, 1056, 4, 4, 128, 4, 4, 1, 1, 0, 0, 1, 1, 1, 1, 1, 8, 0, 0, 0, 0, 0, 0, 0, 0, 0, 0, 0, 0, 0]",2112,256,138412032.0,5931008.0,12043725337,12043802389,12080723277,12082565945,10496,14561,8641,832126,3,19611,1836748,32,128,128,3
152,2,"[8, 32, 1056, 4, 4, 0, 0, 0, 0, 0, 0, 0, 0, 0, 0, 0, 0, 0, 0, 0, 0, 0, 0, 0, 0, 0, 0, 0, 0, 0]",1056,128,540672.0,12976128.0,12043870959,12043876933,12082574586,12082638873,0,736,736,832125,1,5974,64287,32,128,128,3
205,2,"[8, 32, 1056, 4, 4, 0, 0, 0, 0, 0, 0, 0, 0, 0, 0, 0, 0, 0, 0, 0, 0, 0, 0, 0, 0, 0, 0, 0, 0, 0]",1056,512,4325376.0,21626880.0,12043940711,12043947686,12082639609,12082781495,800,104127,104127,832124,1,6975,141886,32,128,128,3
203,2,"[32, 128, 4, 4, 32, 4, 4, 3, 3, 1, 1, 1, 1, 1, 1, 1, 8, 0, 0, 0, 0, 0, 0, 0, 0, 0, 0, 0, 0, 0]",256,256,0.0,0.0,12044387668,12044479817,12082885622,12083298034,6404,12480,5632,832122,3,19470,405564,32,128,128,3
152,2,"[8, 32, 128, 4, 4, 0, 0, 0, 0, 0, 0, 0, 0, 0, 0, 0, 0, 0, 0, 0, 0, 0, 0, 0, 0, 0, 0, 0, 0, 0]",128,128,65536.0,1572864.0,12044553090,12044559608,12083303666,12083307090,0,640,640,832121,1,6518,3424,32,128,128,3
205,2,"[8, 32, 128, 4, 4, 0, 0, 0, 0, 0, 0, 0, 0, 0, 0, 0, 0, 0, 0, 0, 0, 0, 0, 0, 0, 0, 0, 0, 0, 0]",128,512,524288.0,2621440.0,12044613451,12044620091,12083307730,12083331121,800,7040,7040,832120,1,6640,23391,32,128,128,3
203,2,"[32, 1024, 4, 4, 128, 4, 4, 1, 1, 0, 0, 1, 1, 1, 1, 1, 8, 0, 0, 0, 0, 0, 0, 0, 0, 0, 0, 0, 0, 0]",2048,256,134217728.0,5767168.0,12044740188,12044817236,12083338161,12085152542,10496,14367,8448,832119,3,18918,1808462,32,128,128,3
152,2,"[8, 32, 1024, 4, 4, 0, 0, 0, 0, 0, 0, 0, 0, 0, 0, 0, 0, 0, 0, 0, 0, 0, 0, 0, 0, 0, 0, 0, 0, 0]",1024,128,524288.0,12582912.0,12044884559,12044890548,12085160990,12085223005,0,577,577,832118,1,5989,62015,32,128,128,3
205,2,"[8, 32, 1024, 4, 4, 0, 0, 0, 0, 0, 0, 0, 0, 0, 0, 0, 0, 0, 0, 0, 0, 0, 0, 0, 0, 0, 0, 0, 0, 0]",1024,512,4194304.0,20971520.0,12044946980,12044953690,12085223582,12085359324,800,98431,98431,832117,1,6710,135742,32,128,128,3
203,2,"[32, 128, 4, 4, 32, 4, 4, 3, 3, 1, 1, 1, 1, 1, 1, 1, 8, 0, 0, 0, 0, 0, 0, 0, 0, 0, 0, 0, 0, 0]",256,256,0.0,0.0,12045372581,12045462410,12085457755,12085869783,6404,12384,5792,832115,3,18762,405436,32,128,128,3
152,2,"[8, 32, 128, 4, 4, 0, 0, 0, 0, 0, 0, 0, 0, 0, 0, 0, 0, 0, 0, 0, 0, 0, 0, 0, 0, 0, 0, 0, 0, 0]",128,128,65536.0,1572864.0,12045537407,12045543908,12085875575,12085879095,0,672,672,832114,1,6501,3520,32,128,128,3
205,2,"[8, 32, 128, 4, 4, 0, 0, 0, 0, 0, 0, 0, 0, 0, 0, 0, 0, 0, 0, 0, 0, 0, 0, 0, 0, 0, 0, 0, 0, 0]",128,512,524288.0,2621440.0,12045599409,12045606125,12085879767,12085903030,800,6880,6880,832113,1,6716,23263,32,128,128,3
203,2,"[32, 992, 4, 4, 128, 4, 4, 1, 1, 0, 0, 1, 1, 1, 1, 1, 8, 0, 0, 0, 0, 0, 0, 0, 0, 0, 0, 0, 0, 0]",1984,256,130023424.0,5603328.0,12045725784,12045806658,12085909910,12087692068,10496,14335,8415,832112,3,20810,1776238,32,128,128,3
152,2,"[8, 32, 992, 4, 4, 0, 0, 0, 0, 0, 0, 0, 0, 0, 0, 0, 0, 0, 0, 0, 0, 0, 0, 0, 0, 0, 0, 0, 0, 0]",992,128,507904.0,12189696.0,12045877470,12045883604,12087700483,12087760675,0,704,704,832111,1,6134,60192,32,128,128,3
205,2,"[8, 32, 992, 4, 4, 0, 0, 0, 0, 0, 0, 0, 0, 0, 0, 0, 0, 0, 0, 0, 0, 0, 0, 0, 0, 0, 0, 0, 0, 0]",992,512,4063232.0,20316160.0,12045937781,12045944312,12087761379,12087892513,800,96351,96351,832110,1,6531,131134,32,128,128,3
203,2,"[32, 128, 4, 4, 32, 4, 4, 3, 3, 1, 1, 1, 1, 1, 1, 1, 8, 0, 0, 0, 0, 0, 0, 0, 0, 0, 0, 0, 0, 0]",256,256,0.0,0.0,12046342086,12046431202,12087988864,12088397468,6404,12319,5664,832108,3,18488,401949,32,128,128,3
152,2,"[8, 32, 128, 4, 4, 0, 0, 0, 0, 0, 0, 0, 0, 0, 0, 0, 0, 0, 0, 0, 0, 0, 0, 0, 0, 0, 0, 0, 0, 0]",128,128,65536.0,1572864.0,12046502915,12046509019,12088403132,12088406748,0,608,608,832107,1,6104,3616,32,128,128,3
205,2,"[8, 32, 128, 4, 4, 0, 0, 0, 0, 0, 0, 0, 0, 0, 0, 0, 0, 0, 0, 0, 0, 0, 0, 0, 0, 0, 0, 0, 0, 0]",128,512,524288.0,2621440.0,12046565122,12046571825,12088407356,12088430268,800,6848,6848,832106,1,6703,22912,32,128,128,3
203,2,"[32, 960, 4, 4, 128, 4, 4, 1, 1, 0, 0, 1, 1, 1, 1, 1, 8, 0, 0, 0, 0, 0, 0, 0, 0, 0, 0, 0, 0, 0]",1920,256,125829120.0,5439488.0,12046690190,12046768102,12088437116,12090021707,10496,13888,8224,832105,3,18521,1578927,32,128,128,3
152,2,"[8, 32, 960, 4, 4, 0, 0, 0, 0, 0, 0, 0, 0, 0, 0, 0, 0, 0, 0, 0, 0, 0, 0, 0, 0, 0, 0, 0, 0, 0]",960,128,491520.0,11796480.0,12046838777,12046845234,12090029931,12090088043,0,672,672,832104,1,6457,58112,32,128,128,3
205,2,"[8, 32, 960, 4, 4, 0, 0, 0, 0, 0, 0, 0, 0, 0, 0, 0, 0, 0, 0, 0, 0, 0, 0, 0, 0, 0, 0, 0, 0, 0]",960,512,3932160.0,19660800.0,12046899218,12046905978,12090088715,12090215433,800,89055,89055,832103,1,6760,126718,32,128,128,3
203,2,"[32, 128, 4, 4, 32, 4, 4, 3, 3, 1, 1, 1, 1, 1, 1, 1, 8, 0, 0, 0, 0, 0, 0, 0, 0, 0, 0, 0, 0, 0]",256,256,0.0,0.0,12047283703,12047375540,12090304488,12090713380,6404,12896,5824,832101,3,20017,401820,32,128,128,3
152,2,"[8, 32, 128, 4, 4, 0, 0, 0, 0, 0, 0, 0, 0, 0, 0, 0, 0, 0, 0, 0, 0, 0, 0, 0, 0, 0, 0, 0, 0, 0]",128,128,65536.0,1572864.0,12047450878,12047457266,12090719204,12090722820,0,544,544,832100,1,6388,3616,32,128,128,3
205,2,"[8, 32, 128, 4, 4, 0, 0, 0, 0, 0, 0, 0, 0, 0, 0, 0, 0, 0, 0, 0, 0, 0, 0, 0, 0, 0, 0, 0, 0, 0]",128,512,524288.0,2621440.0,12047514354,12047521330,12090723364,12090746564,800,6815,6815,832099,1,6976,23200,32,128,128,3
203,2,"[32, 928, 4, 4, 128, 4, 4, 1, 1, 0, 0, 1, 1, 1, 1, 1, 8, 0, 0, 0, 0, 0, 0, 0, 0, 0, 0, 0, 0, 0]",1856,256,121634816.0,5275648.0,12047639350,12047720373,12090753379,12092338579,10496,13984,8192,832098,3,20601,1579408,32,128,128,3
152,2,"[8, 32, 928, 4, 4, 0, 0, 0, 0, 0, 0, 0, 0, 0, 0, 0, 0, 0, 0, 0, 0, 0, 0, 0, 0, 0, 0, 0, 0, 0]",928,128,475136.0,11403264.0,12047789745,12047796199,12092346771,12092403026,0,672,672,832097,1,6454,56255,32,128,128,3
205,2,"[8, 32, 928, 4, 4, 0, 0, 0, 0, 0, 0, 0, 0, 0, 0, 0, 0, 0, 0, 0, 0, 0, 0, 0, 0, 0, 0, 0, 0, 0]",928,512,3801088.0,19005440.0,12047849964,12047856567,12092403698,12092528081,800,86079,86079,832096,1,6603,124383,32,128,128,3
203,2,"[32, 128, 4, 4, 32, 4, 4, 3, 3, 1, 1, 1, 1, 1, 1, 1, 8, 0, 0, 0, 0, 0, 0, 0, 0, 0, 0, 0, 0, 0]",256,256,0.0,0.0,12048221631,12048314395,12092614160,12093022604,6404,12736,5920,832094,3,18998,401628,32,128,128,3
152,2,"[8, 32, 128, 4, 4, 0, 0, 0, 0, 0, 0, 0, 0, 0, 0, 0, 0, 0, 0, 0, 0, 0, 0, 0, 0, 0, 0, 0, 0, 0]",128,128,65536.0,1572864.0,12048386153,12048392529,12093028524,12093032107,0,576,576,832093,1,6376,3583,32,128,128,3
205,2,"[8, 32, 128, 4, 4, 0, 0, 0, 0, 0, 0, 0, 0, 0, 0, 0, 0, 0, 0, 0, 0, 0, 0, 0, 0, 0, 0, 0, 0, 0]",128,512,524288.0,2621440.0,12048447181,12048454105,12093032683,12093055884,800,6975,6975,832092,1,6924,23201,32,128,128,3
203,2,"[32, 896, 4, 4, 128, 4, 4, 1, 1, 0, 0, 1, 1, 1, 1, 1, 8, 0, 0, 0, 0, 0, 0, 0, 0, 0, 0, 0, 0, 0]",1792,256,117440512.0,5111808.0,12048572652,12048649752,12093062859,12094626075,10496,13280,7840,832091,3,18568,1557776,32,128,128,3
152,2,"[8, 32, 896, 4, 4, 0, 0, 0, 0, 0, 0, 0, 0, 0, 0, 0, 0, 0, 0, 0, 0, 0, 0, 0, 0, 0, 0, 0, 0, 0]",896,128,458752.0,11010048.0,12048718015,12048724325,12094633915,12094688442,0,576,576,832090,1,6310,54527,32,128,128,3
205,2,"[8, 32, 896, 4, 4, 0, 0, 0, 0, 0, 0, 0, 0, 0, 0, 0, 0, 0, 0, 0, 0, 0, 0, 0, 0, 0, 0, 0, 0, 0]",896,512,3670016.0,18350080.0,12048781149,12048788049,12094689018,12094809561,800,80159,80159,832089,1,6900,120543,32,128,128,3
203,2,"[32, 128, 4, 4, 32, 4, 4, 3, 3, 1, 1, 1, 1, 1, 1, 1, 8, 0, 0, 0, 0, 0, 0, 0, 0, 0, 0, 0, 0, 0]",256,256,0.0,0.0,12049124827,12049217402,12094889720,12095298388,6404,12320,5600,832087,3,20388,401948,32,128,128,3
152,2,"[8, 32, 128, 4, 4, 0, 0, 0, 0, 0, 0, 0, 0, 0, 0, 0, 0, 0, 0, 0, 0, 0, 0, 0, 0, 0, 0, 0, 0, 0]",128,128,65536.0,1572864.0,12049290774,12049297027,12095303988,12095307444,0,640,640,832086,1,6253,3456,32,128,128,3
205,2,"[8, 32, 128, 4, 4, 0, 0, 0, 0, 0, 0, 0, 0, 0, 0, 0, 0, 0, 0, 0, 0, 0, 0, 0, 0, 0, 0, 0, 0, 0]",128,512,524288.0,2621440.0,12049352652,12049359624,12095308084,12095331091,800,7072,7072,832085,1,6972,23007,32,128,128,3
203,2,"[32, 864, 4, 4, 128, 4, 4, 1, 1, 0, 0, 1, 1, 1, 1, 1, 8, 0, 0, 0, 0, 0, 0, 0, 0, 0, 0, 0, 0, 0]",1728,256,113246208.0,4947968.0,12049482461,12049561019,12095338163,12096878947,10496,13568,8064,832084,3,18646,1535280,32,128,128,3
152,2,"[8, 32, 864, 4, 4, 0, 0, 0, 0, 0, 0, 0, 0, 0, 0, 0, 0, 0, 0, 0, 0, 0, 0, 0, 0, 0, 0, 0, 0, 0]",864,128,442368.0,10616832.0,12049629514,12049635482,12096887011,12096938658,0,641,641,832083,1,5968,51647,32,128,128,3
205,2,"[8, 32, 864, 4, 4, 0, 0, 0, 0, 0, 0, 0, 0, 0, 0, 0, 0, 0, 0, 0, 0, 0, 0, 0, 0, 0, 0, 0, 0, 0]",864,512,3538944.0,17694720.0,12049692274,12049698999,12096939299,12097054625,800,74367,74367,832082,1,6725,115326,32,128,128,3
203,2,"[32, 128, 4, 4, 32, 4, 4, 3, 3, 1, 1, 1, 1, 1, 1, 1, 8, 0, 0, 0, 0, 0, 0, 0, 0, 0, 0, 0, 0, 0]",256,256,0.0,0.0,12050016755,12050110746,12097128992,12097537468,6404,12447,5632,832080,3,21793,401661,32,128,128,3
152,2,"[8, 32, 128, 4, 4, 0, 0, 0, 0, 0, 0, 0, 0, 0, 0, 0, 0, 0, 0, 0, 0, 0, 0, 0, 0, 0, 0, 0, 0, 0]",128,128,65536.0,1572864.0,12050184100,12050190716,12097543100,12097546620,0,672,672,832079,1,6616,3520,32,128,128,3
205,2,"[8, 32, 128, 4, 4, 0, 0, 0, 0, 0, 0, 0, 0, 0, 0, 0, 0, 0, 0, 0, 0, 0, 0, 0, 0, 0, 0, 0, 0, 0]",128,512,524288.0,2621440.0,12050246024,12050252644,12097547292,12097570204,800,6848,6848,832078,1,6620,22912,32,128,128,3
203,2,"[32, 832, 4, 4, 128, 4, 4, 1, 1, 0, 0, 1, 1, 1, 1, 1, 8, 0, 0, 0, 0, 0, 0, 0, 0, 0, 0, 0, 0, 0]",1664,256,109051904.0,4784128.0,12050374293,12050452519,12097577052,12099091052,10496,13312,7808,832077,3,19164,1508496,32,128,128,3
152,2,"[8, 32, 832, 4, 4, 0, 0, 0, 0, 0, 0, 0, 0, 0, 0, 0, 0, 0, 0, 0, 0, 0, 0, 0, 0, 0, 0, 0, 0, 0]",832,128,425984.0,10223616.0,12050522426,12050530690,12099098860,12099148683,0,640,640,832076,1,8264,49823,32,128,128,3
205,2,"[8, 32, 832, 4, 4, 0, 0, 0, 0, 0, 0, 0, 0, 0, 0, 0, 0, 0, 0, 0, 0, 0, 0, 0, 0, 0, 0, 0, 0, 0]",832,512,3407872.0,17039360.0,12050586395,12050593172,12099149323,12099260138,800,69120,69120,832075,1,6777,110815,32,128,128,3
203,2,"[32, 128, 4, 4, 32, 4, 4, 3, 3, 1, 1, 1, 1, 1, 1, 1, 8, 0, 0, 0, 0, 0, 0, 0, 0, 0, 0, 0, 0, 0]",256,256,0.0,0.0,12050892748,12050984932,12099329258,12099737893,6404,12609,5600,832073,3,19189,401626,32,128,128,3
152,2,"[8, 32, 128, 4, 4, 0, 0, 0, 0, 0, 0, 0, 0, 0, 0, 0, 0, 0, 0, 0, 0, 0, 0, 0, 0, 0, 0, 0, 0, 0]",128,128,65536.0,1572864.0,12051058083,12051064311,12099743493,12099746981,0,576,576,832072,1,6228,3488,32,128,128,3
205,2,"[8, 32, 128, 4, 4, 0, 0, 0, 0, 0, 0, 0, 0, 0, 0, 0, 0, 0, 0, 0, 0, 0, 0, 0, 0, 0, 0, 0, 0, 0]",128,512,524288.0,2621440.0,12051119688,12051126200,12099747557,12099770469,800,6944,6944,832071,1,6512,22912,32,128,128,3
203,2,"[32, 800, 4, 4, 128, 4, 4, 1, 1, 0, 0, 1, 1, 1, 1, 1, 8, 0, 0, 0, 0, 0, 0, 0, 0, 0, 0, 0, 0, 0]",1600,256,104857600.0,4620288.0,12051244099,12051322416,12099777413,12101270229,10496,13536,7616,832070,3,18876,1486896,32,128,128,3
152,2,"[8, 32, 800, 4, 4, 0, 0, 0, 0, 0, 0, 0, 0, 0, 0, 0, 0, 0, 0, 0, 0, 0, 0, 0, 0, 0, 0, 0, 0, 0]",800,128,409600.0,9830400.0,12051391161,12051397112,12101277845,12101325621,0,704,704,832069,1,5951,47776,32,128,128,3
205,2,"[8, 32, 800, 4, 4, 0, 0, 0, 0, 0, 0, 0, 0, 0, 0, 0, 0, 0, 0, 0, 0, 0, 0, 0, 0, 0, 0, 0, 0, 0]",800,512,3276800.0,16384000.0,12051454590,12051461373,12101326325,12101431859,800,65280,65280,832068,1,6783,105534,32,128,128,3
203,2,"[32, 128, 4, 4, 32, 4, 4, 3, 3, 1, 1, 1, 1, 1, 1, 1, 8, 0, 0, 0, 0, 0, 0, 0, 0, 0, 0, 0, 0, 0]",256,256,0.0,0.0,12051734605,12051824674,12101497139,12101905806,6404,12544,5729,832066,3,18781,401852,32,128,128,3
152,2,"[8, 32, 128, 4, 4, 0, 0, 0, 0, 0, 0, 0, 0, 0, 0, 0, 0, 0, 0, 0, 0, 0, 0, 0, 0, 0, 0, 0, 0, 0]",128,128,65536.0,1572864.0,12051898881,12051904897,12101911535,12101914990,0,672,672,832065,1,6016,3455,32,128,128,3
205,2,"[8, 32, 128, 4, 4, 0, 0, 0, 0, 0, 0, 0, 0, 0, 0, 0, 0, 0, 0, 0, 0, 0, 0, 0, 0, 0, 0, 0, 0, 0]",128,512,524288.0,2621440.0,12051966020,12051972719,12101915662,12101938766,800,7008,7008,832064,1,6699,23104,32,128,128,3
203,2,"[32, 768, 4, 4, 128, 4, 4, 1, 1, 0, 0, 1, 1, 1, 1, 1, 8, 0, 0, 0, 0, 0, 0, 0, 0, 0, 0, 0, 0, 0]",1536,256,0.0,0.0,12052108810,12052191474,12101945774,12103107458,12544,12800,7584,832063,3,21176,1156468,32,128,128,3
152,2,"[8, 32, 768, 4, 4, 0, 0, 0, 0, 0, 0, 0, 0, 0, 0, 0, 0, 0, 0, 0, 0, 0, 0, 0, 0, 0, 0, 0, 0, 0]",768,128,393216.0,9437184.0,12052261028,12052267289,12103115042,12103159617,0,544,544,832062,1,6261,44575,32,128,128,3
205,2,"[8, 32, 768, 4, 4, 0, 0, 0, 0, 0, 0, 0, 0, 0, 0, 0, 0, 0, 0, 0, 0, 0, 0, 0, 0, 0, 0, 0, 0, 0]",768,512,3145728.0,15728640.0,12052321926,12052328293,12103160161,12103264192,800,59871,59871,832061,1,6367,104031,32,128,128,3
203,2,"[32, 128, 4, 4, 32, 4, 4, 3, 3, 1, 1, 1, 1, 1, 1, 1, 8, 0, 0, 0, 0, 0, 0, 0, 0, 0, 0, 0, 0, 0]",256,256,0.0,0.0,12052587215,12052679806,12103324063,12103733243,6404,12543,5568,832059,3,19807,402205,32,128,128,3
152,2,"[8, 32, 128, 4, 4, 0, 0, 0, 0, 0, 0, 0, 0, 0, 0, 0, 0, 0, 0, 0, 0, 0, 0, 0, 0, 0, 0, 0, 0, 0]",128,128,65536.0,1572864.0,12052752034,12052758387,12103738811,12103742427,0,608,608,832058,1,6353,3616,32,128,128,3
205,2,"[8, 32, 128, 4, 4, 0, 0, 0, 0, 0, 0, 0, 0, 0, 0, 0, 0, 0, 0, 0, 0, 0, 0, 0, 0, 0, 0, 0, 0, 0]",128,512,524288.0,2621440.0,12052815640,12052822338,12103743035,12103765915,800,6944,6944,832057,1,6698,22880,32,128,128,3
203,2,"[32, 736, 4, 4, 128, 4, 4, 1, 1, 0, 0, 1, 1, 1, 1, 1, 8, 0, 0, 0, 0, 0, 0, 0, 0, 0, 0, 0, 0, 0]",1472,256,0.0,0.0,12052957153,12053035234,12103772859,12104912751,12544,12703,7296,832056,3,18897,1134485,32,128,128,3
152,2,"[8, 32, 736, 4, 4, 0, 0, 0, 0, 0, 0, 0, 0, 0, 0, 0, 0, 0, 0, 0, 0, 0, 0, 0, 0, 0, 0, 0, 0, 0]",736,128,376832.0,9043968.0,12053106673,12053113039,12104920047,12104962286,0,608,608,832055,1,6366,42239,32,128,128,3
205,2,"[8, 32, 736, 4, 4, 0, 0, 0, 0, 0, 0, 0, 0, 0, 0, 0, 0, 0, 0, 0, 0, 0, 0, 0, 0, 0, 0, 0, 0, 0]",736,512,3014656.0,15073280.0,12053167083,12053173676,12104962894,12105062957,800,56672,56672,832054,1,6593,100063,32,128,128,3
203,2,"[32, 128, 4, 4, 32, 4, 4, 3, 3, 1, 1, 1, 1, 1, 1, 1, 8, 0, 0, 0, 0, 0, 0, 0, 0, 0, 0, 0, 0, 0]",256,256,0.0,0.0,12053410519,12053501176,12105119629,12105528712,6404,12673,5600,832052,3,19006,402010,32,128,128,3
152,2,"[8, 32, 128, 4, 4, 0, 0, 0, 0, 0, 0, 0, 0, 0, 0, 0, 0, 0, 0, 0, 0, 0, 0, 0, 0, 0, 0, 0, 0, 0]",128,128,65536.0,1572864.0,12053575493,12053581568,12105534312,12105537864,0,576,576,832051,1,6075,3552,32,128,128,3
205,2,"[8, 32, 128, 4, 4, 0, 0, 0, 0, 0, 0, 0, 0, 0, 0, 0, 0, 0, 0, 0, 0, 0, 0, 0, 0, 0, 0, 0, 0, 0]",128,512,524288.0,2621440.0,12053639276,12053646066,12105538440,12105561736,800,6848,6848,832050,1,6790,23296,32,128,128,3
203,2,"[32, 704, 4, 4, 128, 4, 4, 1, 1, 0, 0, 1, 1, 1, 1, 1, 8, 0, 0, 0, 0, 0, 0, 0, 0, 0, 0, 0, 0, 0]",1408,256,0.0,0.0,12053781607,12053858689,12105568584,12106680252,12544,12576,7520,832049,3,19297,1106612,32,128,128,3
152,2,"[8, 32, 704, 4, 4, 0, 0, 0, 0, 0, 0, 0, 0, 0, 0, 0, 0, 0, 0, 0, 0, 0, 0, 0, 0, 0, 0, 0, 0, 0]",704,128,360448.0,8650752.0,12053927602,12053933669,12106687772,12106727804,0,704,704,832048,1,6067,40032,32,128,128,3
205,2,"[8, 32, 704, 4, 4, 0, 0, 0, 0, 0, 0, 0, 0, 0, 0, 0, 0, 0, 0, 0, 0, 0, 0, 0, 0, 0, 0, 0, 0, 0]",704,512,2883584.0,14417920.0,12053987729,12053996387,12106728508,12106822875,800,50143,50143,832047,1,8658,94367,32,128,128,3
203,2,"[32, 128, 4, 4, 32, 4, 4, 3, 3, 1, 1, 1, 1, 1, 1, 1, 8, 0, 0, 0, 0, 0, 0, 0, 0, 0, 0, 0, 0, 0]",256,256,0.0,0.0,12054209965,12054303456,12106873018,12107282806,6404,13248,5824,832045,3,19599,402364,32,128,128,3
152,2,"[8, 32, 128, 4, 4, 0, 0, 0, 0, 0, 0, 0, 0, 0, 0, 0, 0, 0, 0, 0, 0, 0, 0, 0, 0, 0, 0, 0, 0, 0]",128,128,65536.0,1572864.0,12054375553,12054381638,12107288630,12107292022,0,704,704,832044,1,6085,3392,32,128,128,3
205,2,"[8, 32, 128, 4, 4, 0, 0, 0, 0, 0, 0, 0, 0, 0, 0, 0, 0, 0, 0, 0, 0, 0, 0, 0, 0, 0, 0, 0, 0, 0]",128,512,524288.0,2621440.0,12054438528,12054445283,12107292726,12107315861,800,7040,7040,832043,1,6755,23135,32,128,128,3
203,2,"[32, 672, 4, 4, 128, 4, 4, 1, 1, 0, 0, 1, 1, 1, 1, 1, 8, 0, 0, 0, 0, 0, 0, 0, 0, 0, 0, 0, 0, 0]",1344,256,0.0,0.0,12054581127,12054660309,12107322901,12108414090,12544,12096,6912,832042,3,19553,1086005,32,128,128,3
152,2,"[8, 32, 672, 4, 4, 0, 0, 0, 0, 0, 0, 0, 0, 0, 0, 0, 0, 0, 0, 0, 0, 0, 0, 0, 0, 0, 0, 0, 0, 0]",672,128,344064.0,8257536.0,12054729383,12054735445,12108421002,12108458570,0,672,672,832041,1,6062,37568,32,128,128,3
205,2,"[8, 32, 672, 4, 4, 0, 0, 0, 0, 0, 0, 0, 0, 0, 0, 0, 0, 0, 0, 0, 0, 0, 0, 0, 0, 0, 0, 0, 0, 0]",672,512,2752512.0,13762560.0,12054791908,12054798637,12108459242,12108549545,800,44671,44671,832040,1,6729,90303,32,128,128,3
203,2,"[32, 128, 4, 4, 32, 4, 4, 3, 3, 1, 1, 1, 1, 1, 1, 1, 8, 0, 0, 0, 0, 0, 0, 0, 0, 0, 0, 0, 0, 0]",256,256,0.0,0.0,12054993532,12055083453,12108594216,12109002884,6404,12384,5600,832038,3,18848,401884,32,128,128,3
152,2,"[8, 32, 128, 4, 4, 0, 0, 0, 0, 0, 0, 0, 0, 0, 0, 0, 0, 0, 0, 0, 0, 0, 0, 0, 0, 0, 0, 0, 0, 0]",128,128,65536.0,1572864.0,12055155257,12055161424,12109008484,12109012132,0,576,576,832037,1,6167,3648,32,128,128,3
205,2,"[8, 32, 128, 4, 4, 0, 0, 0, 0, 0, 0, 0, 0, 0, 0, 0, 0, 0, 0, 0, 0, 0, 0, 0, 0, 0, 0, 0, 0, 0]",128,512,524288.0,2621440.0,12055220458,12055227132,12109012708,12109035556,800,6719,6719,832036,1,6674,22848,32,128,128,3
203,2,"[32, 640, 4, 4, 128, 4, 4, 1, 1, 0, 0, 1, 1, 1, 1, 1, 8, 0, 0, 0, 0, 0, 0, 0, 0, 0, 0, 0, 0, 0]",1280,256,0.0,0.0,12055361595,12055440093,12109042275,12109780988,12544,11936,7136,832035,3,19142,733913,32,128,128,3
152,2,"[8, 32, 640, 4, 4, 0, 0, 0, 0, 0, 0, 0, 0, 0, 0, 0, 0, 0, 0, 0, 0, 0, 0, 0, 0, 0, 0, 0, 0, 0]",640,128,327680.0,7864320.0,12055512186,12055518437,12109788124,12109823227,0,640,640,832034,1,6251,35103,32,128,128,3
205,2,"[8, 32, 640, 4, 4, 0, 0, 0, 0, 0, 0, 0, 0, 0, 0, 0, 0, 0, 0, 0, 0, 0, 0, 0, 0, 0, 0, 0, 0, 0]",640,512,2621440.0,13107200.0,12055573560,12055580039,12109823867,12109909754,800,43808,43808,832033,1,6479,85887,32,128,128,3
189,2,"[8, 32, 640, 8, 8, 0, 0, 0, 0, 0, 0, 0, 0, 0, 0, 0, 0, 0, 0, 0, 0, 0, 0, 0, 0, 0, 0, 0, 0, 0]",1280,1024,0.0,0.0,12055702642,12055716043,12109953562,12110116888,0,640,640,832031,1,13401,163326,32,128,128,3
203,2,"[32, 1280, 8, 8, 640, 8, 8, 1, 1, 0, 0, 1, 1, 1, 1, 1, 8, 0, 0, 0, 0, 0, 0, 0, 0, 0, 0, 0, 0, 0]",10240,256,3355443200.0,38010880.0,12055782801,12055874772,12110117528,12139970751,20740,121118,89247,832030,3,19728,29821352,32,128,128,3
152,2,"[8, 32, 1280, 8, 8, 0, 0, 0, 0, 0, 0, 0, 0, 0, 0, 0, 0, 0, 0, 0, 0, 0, 0, 0, 0, 0, 0, 0, 0, 0]",5120,128,2621440.0,62914560.0,12055952868,12055959426,12140059998,12140365595,0,639,639,832029,1,6558,305597,32,128,128,3
205,2,"[8, 32, 1280, 8, 8, 0, 0, 0, 0, 0, 0, 0, 0, 0, 0, 0, 0, 0, 0, 0, 0, 0, 0, 0, 0, 0, 0, 0, 0, 0]",1280,512,20971520.0,104857600.0,12056018653,12056025223,12140366234,12140743542,800,8032,8032,832028,1,6570,377308,32,128,128,3
203,2,"[32, 128, 8, 8, 32, 8, 8, 3, 3, 1, 1, 1, 1, 1, 1, 1, 8, 0, 0, 0, 0, 0, 0, 0, 0, 0, 0, 0, 0, 0]",1024,256,0.0,0.0,12056321421,12056475807,12140751574,12142213127,6400,11265,5888,832026,4,28600,1456176,32,128,128,3
152,2,"[8, 32, 128, 8, 8, 0, 0, 0, 0, 0, 0, 0, 0, 0, 0, 0, 0, 0, 0, 0, 0, 0, 0, 0, 0, 0, 0, 0, 0, 0]",512,128,262144.0,6291456.0,12056549944,12056556509,12142219015,12142240327,0,640,640,832025,1,6565,21312,32,128,128,3
205,2,"[8, 32, 128, 8, 8, 0, 0, 0, 0, 0, 0, 0, 0, 0, 0, 0, 0, 0, 0, 0, 0, 0, 0, 0, 0, 0, 0, 0, 0, 0]",128,512,2097152.0,10485760.0,12056614616,12056621679,12142240967,12142288486,800,7776,7776,832024,1,7063,47519,32,128,128,3
203,2,"[32, 1248, 8, 8, 128, 8, 8, 1, 1, 0, 0, 1, 1, 1, 1, 1, 8, 0, 0, 0, 0, 0, 0, 0, 0, 0, 0, 0, 0, 0]",9984,256,654311424.0,23822336.0,12056742770,12056821005,12142296262,12147790669,10496,16191,10335,832023,3,19653,5488551,32,128,128,3
152,2,"[8, 32, 1248, 8, 8, 0, 0, 0, 0, 0, 0, 0, 0, 0, 0, 0, 0, 0, 0, 0, 0, 0, 0, 0, 0, 0, 0, 0, 0, 0]",4992,128,2555904.0,61341696.0,12056890418,12056896681,12147801004,12148100105,0,640,640,832022,1,6263,299101,32,128,128,3
205,2,"[8, 32, 1248, 8, 8, 0, 0, 0, 0, 0, 0, 0, 0, 0, 0, 0, 0, 0, 0, 0, 0, 0, 0, 0, 0, 0, 0, 0, 0, 0]",1248,512,20447232.0,102236160.0,12056954461,12056961397,12148100745,12148474085,800,354652,354652,832021,1,6936,373340,32,128,128,3
203,2,"[32, 128, 8, 8, 32, 8, 8, 3, 3, 1, 1, 1, 1, 1, 1, 1, 8, 0, 0, 0, 0, 0, 0, 0, 0, 0, 0, 0, 0, 0]",1024,256,0.0,0.0,12057775873,12057855353,12148828737,12150284658,6400,10849,6144,832019,3,19383,1451216,32,128,128,3
152,2,"[8, 32, 128, 8, 8, 0, 0, 0, 0, 0, 0, 0, 0, 0, 0, 0, 0, 0, 0, 0, 0, 0, 0, 0, 0, 0, 0, 0, 0, 0]",512,128,262144.0,6291456.0,12057927931,12057934223,12150290802,12150311346,0,704,704,832018,1,6292,20544,32,128,128,3
205,2,"[8, 32, 128, 8, 8, 0, 0, 0, 0, 0, 0, 0, 0, 0, 0, 0, 0, 0, 0, 0, 0, 0, 0, 0, 0, 0, 0, 0, 0, 0]",128,512,2097152.0,10485760.0,12057992995,12057999970,12150312050,12150358865,800,7521,7521,832017,1,6975,46815,32,128,128,3
203,2,"[32, 1216, 8, 8, 128, 8, 8, 1, 1, 0, 0, 1, 1, 1, 1, 1, 8, 0, 0, 0, 0, 0, 0, 0, 0, 0, 0, 0, 0, 0]",9728,256,637534208.0,23265280.0,12058122888,12058198623,12150366386,12155766233,10496,15777,10016,832016,3,18628,5394086,32,128,128,3
152,2,"[8, 32, 1216, 8, 8, 0, 0, 0, 0, 0, 0, 0, 0, 0, 0, 0, 0, 0, 0, 0, 0, 0, 0, 0, 0, 0, 0, 0, 0, 0]",4864,128,2490368.0,59768832.0,12058270212,12058276604,12155776249,12156068501,0,609,609,832015,1,6392,292252,32,128,128,3
205,2,"[8, 32, 1216, 8, 8, 0, 0, 0, 0, 0, 0, 0, 0, 0, 0, 0, 0, 0, 0, 0, 0, 0, 0, 0, 0, 0, 0, 0, 0, 0]",1216,512,19922944.0,99614720.0,12058332663,12058339152,12156069110,12156430706,800,344252,344252,832014,1,6489,361596,32,128,128,3
203,2,"[32, 128, 8, 8, 32, 8, 8, 3, 3, 1, 1, 1, 1, 1, 1, 1, 8, 0, 0, 0, 0, 0, 0, 0, 0, 0, 0, 0, 0, 0]",1024,256,0.0,0.0,12059139985,12059218496,12156774958,12158232799,6400,10144,5888,832012,3,18770,1453585,32,128,128,3
152,2,"[8, 32, 128, 8, 8, 0, 0, 0, 0, 0, 0, 0, 0, 0, 0, 0, 0, 0, 0, 0, 0, 0, 0, 0, 0, 0, 0, 0, 0, 0]",512,128,262144.0,6291456.0,12059291345,12059299713,12158238687,12158259807,0,607,607,832011,1,8368,21120,32,128,128,3
205,2,"[8, 32, 128, 8, 8, 0, 0, 0, 0, 0, 0, 0, 0, 0, 0, 0, 0, 0, 0, 0, 0, 0, 0, 0, 0, 0, 0, 0, 0, 0]",128,512,2097152.0,10485760.0,12059355734,12059362476,12158260414,12158308382,800,7616,7616,832010,1,6742,47968,32,128,128,3
203,2,"[32, 1184, 8, 8, 128, 8, 8, 1, 1, 0, 0, 1, 1, 1, 1, 1, 8, 0, 0, 0, 0, 0, 0, 0, 0, 0, 0, 0, 0, 0]",9472,256,620756992.0,22708224.0,12059481606,12059559937,12158315998,12163628774,10496,15488,9472,832009,3,18269,5306760,32,128,128,3
152,2,"[8, 32, 1184, 8, 8, 0, 0, 0, 0, 0, 0, 0, 0, 0, 0, 0, 0, 0, 0, 0, 0, 0, 0, 0, 0, 0, 0, 0, 0, 0]",4736,128,2424832.0,58195968.0,12059628895,12059634724,12163638246,12163921027,0,672,672,832008,1,5829,282781,32,128,128,3
205,2,"[8, 32, 1184, 8, 8, 0, 0, 0, 0, 0, 0, 0, 0, 0, 0, 0, 0, 0, 0, 0, 0, 0, 0, 0, 0, 0, 0, 0, 0, 0]",1184,512,19398656.0,96993280.0,12059692535,12059699246,12163921699,12164270783,800,337085,337085,832007,1,6711,349084,32,128,128,3
203,2,"[32, 128, 8, 8, 32, 8, 8, 3, 3, 1, 1, 1, 1, 1, 1, 1, 8, 0, 0, 0, 0, 0, 0, 0, 0, 0, 0, 0, 0, 0]",1024,256,0.0,0.0,12060473125,12060552886,12164607868,12166063469,6400,10079,5791,832005,3,19013,1451313,32,128,128,3
152,2,"[8, 32, 128, 8, 8, 0, 0, 0, 0, 0, 0, 0, 0, 0, 0, 0, 0, 0, 0, 0, 0, 0, 0, 0, 0, 0, 0, 0, 0, 0]",512,128,262144.0,6291456.0,12060656926,12060665612,12166069260,12166090316,0,736,736,832004,1,8686,21056,32,128,128,3
205,2,"[8, 32, 128, 8, 8, 0, 0, 0, 0, 0, 0, 0, 0, 0, 0, 0, 0, 0, 0, 0, 0, 0, 0, 0, 0, 0, 0, 0, 0, 0]",128,512,2097152.0,10485760.0,12060724360,12060730983,12166091052,12166139116,800,7680,7680,832003,1,6623,48064,32,128,128,3
203,2,"[32, 1152, 8, 8, 128, 8, 8, 1, 1, 0, 0, 1, 1, 1, 1, 1, 8, 0, 0, 0, 0, 0, 0, 0, 0, 0, 0, 0, 0, 0]",9216,256,603979776.0,22151168.0,12060851966,12060933238,12166146796,12171212086,10496,15456,9313,832002,3,21368,5059147,32,128,128,3
152,2,"[8, 32, 1152, 8, 8, 0, 0, 0, 0, 0, 0, 0, 0, 0, 0, 0, 0, 0, 0, 0, 0, 0, 0, 0, 0, 0, 0, 0, 0, 0]",4608,128,2359296.0,56623104.0,12061001447,12061007478,12171221399,12171498900,0,607,607,832001,1,6031,277501,32,128,128,3
205,2,"[8, 32, 1152, 8, 8, 0, 0, 0, 0, 0, 0, 0, 0, 0, 0, 0, 0, 0, 0, 0, 0, 0, 0, 0, 0, 0, 0, 0, 0, 0]",1152,512,18874368.0,94371840.0,12061063618,12061070191,12171499507,12171843024,800,325629,325629,832000,1,6573,343517,32,128,128,3
203,2,"[32, 128, 8, 8, 32, 8, 8, 3, 3, 1, 1, 1, 1, 1, 1, 1, 8, 0, 0, 0, 0, 0, 0, 0, 0, 0, 0, 0, 0, 0]",1024,256,0.0,0.0,12061808751,12061889710,12172168653,12173625821,6400,10399,5984,831998,3,18859,1452753,32,128,128,3
152,2,"[8, 32, 128, 8, 8, 0, 0, 0, 0, 0, 0, 0, 0, 0, 0, 0, 0, 0, 0, 0, 0, 0, 0, 0, 0, 0, 0, 0, 0, 0]",512,128,262144.0,6291456.0,12061965499,12061972170,12173631805,12173652893,0,544,544,831997,1,6671,21088,32,128,128,3
205,2,"[8, 32, 128, 8, 8, 0, 0, 0, 0, 0, 0, 0, 0, 0, 0, 0, 0, 0, 0, 0, 0, 0, 0, 0, 0, 0, 0, 0, 0, 0]",128,512,2097152.0,10485760.0,12062034872,12062043768,12173653437,12173701084,800,7808,7808,831996,1,8896,47647,32,128,128,3
203,2,"[32, 1120, 8, 8, 128, 8, 8, 1, 1, 0, 0, 1, 1, 1, 1, 1, 8, 0, 0, 0, 0, 0, 0, 0, 0, 0, 0, 0, 0, 0]",8960,256,587202560.0,21594112.0,12062169883,12062251355,12173708892,12178691304,10496,15265,9248,831995,3,18935,4976395,32,128,128,3
152,2,"[8, 32, 1120, 8, 8, 0, 0, 0, 0, 0, 0, 0, 0, 0, 0, 0, 0, 0, 0, 0, 0, 0, 0, 0, 0, 0, 0, 0, 0, 0]",4480,128,2293760.0,55050240.0,12062321198,12062327604,12178700552,12178967909,0,640,640,831994,1,6406,267357,32,128,128,3
205,2,"[8, 32, 1120, 8, 8, 0, 0, 0, 0, 0, 0, 0, 0, 0, 0, 0, 0, 0, 0, 0, 0, 0, 0, 0, 0, 0, 0, 0, 0, 0]",1120,512,18350080.0,91750400.0,12062382761,12062389473,12178968549,12179303841,800,317469,317469,831993,1,6712,335292,32,128,128,3
203,2,"[32, 128, 8, 8, 32, 8, 8, 3, 3, 1, 1, 1, 1, 1, 1, 1, 8, 0, 0, 0, 0, 0, 0, 0, 0, 0, 0, 0, 0, 0]",1024,256,0.0,0.0,12063128893,12063210231,12179621310,12181079727,6400,10336,5920,831991,3,20416,1454001,32,128,128,3
152,2,"[8, 32, 128, 8, 8, 0, 0, 0, 0, 0, 0, 0, 0, 0, 0, 0, 0, 0, 0, 0, 0, 0, 0, 0, 0, 0, 0, 0, 0, 0]",512,128,262144.0,6291456.0,12063283044,12063289360,12181085647,12181107086,0,609,609,831990,1,6316,21439,32,128,128,3
205,2,"[8, 32, 128, 8, 8, 0, 0, 0, 0, 0, 0, 0, 0, 0, 0, 0, 0, 0, 0, 0, 0, 0, 0, 0, 0, 0, 0, 0, 0, 0]",128,512,2097152.0,10485760.0,12063349511,12063356627,12181107695,12181156270,800,7680,7680,831989,1,7116,48575,32,128,128,3
203,2,"[32, 1088, 8, 8, 128, 8, 8, 1, 1, 0, 0, 1, 1, 1, 1, 1, 8, 0, 0, 0, 0, 0, 0, 0, 0, 0, 0, 0, 0, 0]",8704,256,570425344.0,21037056.0,12063478451,12063557777,12181163950,12185976539,10496,14815,8928,831988,3,20626,4806702,32,128,128,3
152,2,"[8, 32, 1088, 8, 8, 0, 0, 0, 0, 0, 0, 0, 0, 0, 0, 0, 0, 0, 0, 0, 0, 0, 0, 0, 0, 0, 0, 0, 0, 0]",4352,128,2228224.0,53477376.0,12063627889,12063634121,12185985467,12186246457,0,672,672,831987,1,6232,260990,32,128,128,3
205,2,"[8, 32, 1088, 8, 8, 0, 0, 0, 0, 0, 0, 0, 0, 0, 0, 0, 0, 0, 0, 0, 0, 0, 0, 0, 0, 0, 0, 0, 0, 0]",1088,512,17825792.0,89128960.0,12063692617,12063699334,12186247129,12186580789,800,309373,309373,831986,1,6717,333660,32,128,128,3
203,2,"[32, 128, 8, 8, 32, 8, 8, 3, 3, 1, 1, 1, 1, 1, 1, 1, 8, 0, 0, 0, 0, 0, 0, 0, 0, 0, 0, 0, 0, 0]",1024,256,0.0,0.0,12064412694,12064493184,12186890162,12188346115,6400,10240,5984,831984,3,19222,1451697,32,128,128,3
152,2,"[8, 32, 128, 8, 8, 0, 0, 0, 0, 0, 0, 0, 0, 0, 0, 0, 0, 0, 0, 0, 0, 0, 0, 0, 0, 0, 0, 0, 0, 0]",512,128,262144.0,6291456.0,12064568396,12064574886,12188352099,12188373826,0,609,609,831983,1,6490,21727,32,128,128,3
205,2,"[8, 32, 128, 8, 8, 0, 0, 0, 0, 0, 0, 0, 0, 0, 0, 0, 0, 0, 0, 0, 0, 0, 0, 0, 0, 0, 0, 0, 0, 0]",128,512,2097152.0,10485760.0,12064630960,12064637472,12188374435,12188421890,800,7648,7648,831982,1,6512,47455,32,128,128,3
203,2,"[32, 1056, 8, 8, 128, 8, 8, 1, 1, 0, 0, 1, 1, 1, 1, 1, 8, 0, 0, 0, 0, 0, 0, 0, 0, 0, 0, 0, 0, 0]",8448,256,553648128.0,20480000.0,12064760353,12064837371,12188429538,12193154896,10496,14880,8864,831981,3,18919,4719342,32,128,128,3
152,2,"[8, 32, 1056, 8, 8, 0, 0, 0, 0, 0, 0, 0, 0, 0, 0, 0, 0, 0, 0, 0, 0, 0, 0, 0, 0, 0, 0, 0, 0, 0]",4224,128,2162688.0,51904512.0,12064904816,12064911065,12193163760,12193417037,0,608,608,831980,1,6249,253277,32,128,128,3
205,2,"[8, 32, 1056, 8, 8, 0, 0, 0, 0, 0, 0, 0, 0, 0, 0, 0, 0, 0, 0, 0, 0, 0, 0, 0, 0, 0, 0, 0, 0, 0]",1056,512,17301504.0,86507520.0,12064967849,12064974599,12193417645,12193733674,800,300285,300285,831979,1,6750,316029,32,128,128,3
203,2,"[32, 128, 8, 8, 32, 8, 8, 3, 3, 1, 1, 1, 1, 1, 1, 1, 8, 0, 0, 0, 0, 0, 0, 0, 0, 0, 0, 0, 0, 0]",1024,256,0.0,0.0,12065649545,12065728916,12194033959,12195492088,6400,10239,5919,831977,3,19854,1453809,32,128,128,3
152,2,"[8, 32, 128, 8, 8, 0, 0, 0, 0, 0, 0, 0, 0, 0, 0, 0, 0, 0, 0, 0, 0, 0, 0, 0, 0, 0, 0, 0, 0, 0]",512,128,262144.0,6291456.0,12065801054,12065809495,12195498007,12195519831,0,640,640,831976,1,8441,21824,32,128,128,3
205,2,"[8, 32, 128, 8, 8, 0, 0, 0, 0, 0, 0, 0, 0, 0, 0, 0, 0, 0, 0, 0, 0, 0, 0, 0, 0, 0, 0, 0, 0, 0]",128,512,2097152.0,10485760.0,12065865403,12065872367,12195520471,12195568695,800,7648,7648,831975,1,6964,48224,32,128,128,3
203,2,"[32, 1024, 8, 8, 128, 8, 8, 1, 1, 0, 0, 1, 1, 1, 1, 1, 8, 0, 0, 0, 0, 0, 0, 0, 0, 0, 0, 0, 0, 0]",8192,256,536870912.0,19922944.0,12065990259,12066070376,12195576343,12200054888,10496,14336,8576,831974,3,19954,4472785,32,128,128,3
152,2,"[8, 32, 1024, 8, 8, 0, 0, 0, 0, 0, 0, 0, 0, 0, 0, 0, 0, 0, 0, 0, 0, 0, 0, 0, 0, 0, 0, 0, 0, 0]",4096,128,2097152.0,50331648.0,12066137818,12066144055,12200063464,12200310117,0,576,576,831973,1,6237,246653,32,128,128,3
205,2,"[8, 32, 1024, 8, 8, 0, 0, 0, 0, 0, 0, 0, 0, 0, 0, 0, 0, 0, 0, 0, 0, 0, 0, 0, 0, 0, 0, 0, 0, 0]",1024,512,16777216.0,83886080.0,12066200976,12066207570,12200310693,12200616034,800,290333,290333,831972,1,6594,305341,32,128,128,3
203,2,"[32, 128, 8, 8, 32, 8, 8, 3, 3, 1, 1, 1, 1, 1, 1, 1, 8, 0, 0, 0, 0, 0, 0, 0, 0, 0, 0, 0, 0, 0]",1024,256,0.0,0.0,12066858458,12066940441,12200906367,12202361903,6400,10529,6240,831970,3,19869,1451247,32,128,128,3
152,2,"[8, 32, 128, 8, 8, 0, 0, 0, 0, 0, 0, 0, 0, 0, 0, 0, 0, 0, 0, 0, 0, 0, 0, 0, 0, 0, 0, 0, 0, 0]",512,128,262144.0,6291456.0,12067012807,12067019124,12202368143,12202390415,0,608,608,831969,1,6317,22272,32,128,128,3
205,2,"[8, 32, 128, 8, 8, 0, 0, 0, 0, 0, 0, 0, 0, 0, 0, 0, 0, 0, 0, 0, 0, 0, 0, 0, 0, 0, 0, 0, 0, 0]",128,512,2097152.0,10485760.0,12067076372,12067083230,12202391023,12202438671,800,7616,7616,831968,1,6858,47648,32,128,128,3
203,2,"[32, 992, 8, 8, 128, 8, 8, 1, 1, 0, 0, 1, 1, 1, 1, 1, 8, 0, 0, 0, 0, 0, 0, 0, 0, 0, 0, 0, 0, 0]",7936,256,520093696.0,19365888.0,12067202808,12067280347,12202446287,12206837377,10496,14495,8543,831967,3,18867,4385138,32,128,128,3
152,2,"[8, 32, 992, 8, 8, 0, 0, 0, 0, 0, 0, 0, 0, 0, 0, 0, 0, 0, 0, 0, 0, 0, 0, 0, 0, 0, 0, 0, 0, 0]",3968,128,2031616.0,48758784.0,12067348426,12067354690,12206845920,12207083134,0,704,704,831966,1,6264,237214,32,128,128,3
205,2,"[8, 32, 992, 8, 8, 0, 0, 0, 0, 0, 0, 0, 0, 0, 0, 0, 0, 0, 0, 0, 0, 0, 0, 0, 0, 0, 0, 0, 0, 0]",992,512,16252928.0,81264640.0,12067410889,12067417705,12207083838,12207380763,800,280541,280541,831965,1,6816,296925,32,128,128,3
203,2,"[32, 128, 8, 8, 32, 8, 8, 3, 3, 1, 1, 1, 1, 1, 1, 1, 8, 0, 0, 0, 0, 0, 0, 0, 0, 0, 0, 0, 0, 0]",1024,256,0.0,0.0,12068057446,12068137626,12207661304,12209117961,6400,10334,5983,831963,3,20280,1452306,32,128,128,3
152,2,"[8, 32, 128, 8, 8, 0, 0, 0, 0, 0, 0, 0, 0, 0, 0, 0, 0, 0, 0, 0, 0, 0, 0, 0, 0, 0, 0, 0, 0, 0]",512,128,262144.0,6291456.0,12068208817,12068215063,12209123944,12209145384,0,544,544,831962,1,6246,21440,32,128,128,3
205,2,"[8, 32, 128, 8, 8, 0, 0, 0, 0, 0, 0, 0, 0, 0, 0, 0, 0, 0, 0, 0, 0, 0, 0, 0, 0, 0, 0, 0, 0, 0]",128,512,2097152.0,10485760.0,12068270445,12068277240,12209145928,12209193544,800,7616,7616,831961,1,6795,47616,32,128,128,3
203,2,"[32, 960, 8, 8, 128, 8, 8, 1, 1, 0, 0, 1, 1, 1, 1, 1, 8, 0, 0, 0, 0, 0, 0, 0, 0, 0, 0, 0, 0, 0]",7680,256,503316480.0,18808832.0,12068398350,12068474711,12209201160,12213346556,10496,14048,8288,831960,3,18359,4139636,32,128,128,3
152,2,"[8, 32, 960, 8, 8, 0, 0, 0, 0, 0, 0, 0, 0, 0, 0, 0, 0, 0, 0, 0, 0, 0, 0, 0, 0, 0, 0, 0, 0, 0]",3840,128,1966080.0,47185920.0,12068543614,12068551900,12213354844,12213584570,0,672,672,831959,1,8286,229726,32,128,128,3
205,2,"[8, 32, 960, 8, 8, 0, 0, 0, 0, 0, 0, 0, 0, 0, 0, 0, 0, 0, 0, 0, 0, 0, 0, 0, 0, 0, 0, 0, 0, 0]",960,512,15728640.0,78643200.0,12068606913,12068613651,12213585242,12213883830,800,269534,269534,831958,1,6738,298588,32,128,128,3
203,2,"[32, 128, 8, 8, 32, 8, 8, 3, 3, 1, 1, 1, 1, 1, 1, 1, 8, 0, 0, 0, 0, 0, 0, 0, 0, 0, 0, 0, 0, 0]",1024,256,0.0,0.0,12069224383,12069303661,12214153364,12215609860,6400,10816,6144,831956,3,19605,1451824,32,128,128,3
152,2,"[8, 32, 128, 8, 8, 0, 0, 0, 0, 0, 0, 0, 0, 0, 0, 0, 0, 0, 0, 0, 0, 0, 0, 0, 0, 0, 0, 0, 0, 0]",512,128,262144.0,6291456.0,12069375314,12069381720,12215616004,12215637732,0,608,608,831955,1,6406,21728,32,128,128,3
205,2,"[8, 32, 128, 8, 8, 0, 0, 0, 0, 0, 0, 0, 0, 0, 0, 0, 0, 0, 0, 0, 0, 0, 0, 0, 0, 0, 0, 0, 0, 0]",128,512,2097152.0,10485760.0,12069438684,12069445510,12215638340,12215685732,800,7840,7840,831954,1,6826,47392,32,128,128,3
203,2,"[32, 928, 8, 8, 128, 8, 8, 1, 1, 0, 0, 1, 1, 1, 1, 1, 8, 0, 0, 0, 0, 0, 0, 0, 0, 0, 0, 0, 0, 0]",7424,256,486539264.0,18251776.0,12069565180,12069642184,12215693572,12219883063,10496,13760,8224,831953,3,19427,4183955,32,128,128,3
152,2,"[8, 32, 928, 8, 8, 0, 0, 0, 0, 0, 0, 0, 0, 0, 0, 0, 0, 0, 0, 0, 0, 0, 0, 0, 0, 0, 0, 0, 0, 0]",3712,128,1900544.0,45613056.0,12069712428,12069718652,12219891287,12220112565,0,672,672,831952,1,6224,221278,32,128,128,3
205,2,"[8, 32, 928, 8, 8, 0, 0, 0, 0, 0, 0, 0, 0, 0, 0, 0, 0, 0, 0, 0, 0, 0, 0, 0, 0, 0, 0, 0, 0, 0]",928,512,15204352.0,76021760.0,12069774521,12069781169,12220113237,12220392754,800,261277,261277,831951,1,6648,279517,32,128,128,3
203,2,"[32, 128, 8, 8, 32, 8, 8, 3, 3, 1, 1, 1, 1, 1, 1, 1, 8, 0, 0, 0, 0, 0, 0, 0, 0, 0, 0, 0, 0, 0]",1024,256,0.0,0.0,12070371323,12070449686,12220654031,12222110784,6400,10464,6080,831949,3,18820,1452369,32,128,128,3
152,2,"[8, 32, 128, 8, 8, 0, 0, 0, 0, 0, 0, 0, 0, 0, 0, 0, 0, 0, 0, 0, 0, 0, 0, 0, 0, 0, 0, 0, 0, 0]",512,128,262144.0,6291456.0,12070521920,12070528594,12222116864,12222137984,0,704,704,831948,1,6674,21120,32,128,128,3
205,2,"[8, 32, 128, 8, 8, 0, 0, 0, 0, 0, 0, 0, 0, 0, 0, 0, 0, 0, 0, 0, 0, 0, 0, 0, 0, 0, 0, 0, 0, 0]",128,512,2097152.0,10485760.0,12070583759,12070592577,12222138688,12222186783,800,7904,7904,831947,1,8818,48095,32,128,128,3
203,2,"[32, 896, 8, 8, 128, 8, 8, 1, 1, 0, 0, 1, 1, 1, 1, 1, 8, 0, 0, 0, 0, 0, 0, 0, 0, 0, 0, 0, 0, 0]",7168,256,469762048.0,17694720.0,12070713336,12070789874,12222194687,12226230453,10496,13374,7904,831946,3,18232,4030296,32,128,128,3
152,2,"[8, 32, 896, 8, 8, 0, 0, 0, 0, 0, 0, 0, 0, 0, 0, 0, 0, 0, 0, 0, 0, 0, 0, 0, 0, 0, 0, 0, 0, 0]",3584,128,1835008.0,44040192.0,12070909899,12070916819,12226238357,12226452946,0,640,640,831945,1,6920,214589,32,128,128,3
205,2,"[8, 32, 896, 8, 8, 0, 0, 0, 0, 0, 0, 0, 0, 0, 0, 0, 0, 0, 0, 0, 0, 0, 0, 0, 0, 0, 0, 0, 0, 0]",896,512,14680064.0,73400320.0,12070973648,12071587353,12226453586,12226729423,800,249214,249214,831944,1,613705,275837,32,128,128,3
203,2,"[32, 128, 8, 8, 32, 8, 8, 3, 3, 1, 1, 1, 1, 1, 1, 1, 8, 0, 0, 0, 0, 0, 0, 0, 0, 0, 0, 0, 0, 0]",1024,256,0.0,0.0,12072215667,12072296287,12226978637,12228436061,6400,10273,5921,831942,3,19622,1453072,32,128,128,3
152,2,"[8, 32, 128, 8, 8, 0, 0, 0, 0, 0, 0, 0, 0, 0, 0, 0, 0, 0, 0, 0, 0, 0, 0, 0, 0, 0, 0, 0, 0, 0]",512,128,262144.0,6291456.0,12072388799,12072395435,12228441982,12228463005,0,608,608,831941,1,6636,21023,32,128,128,3
205,2,"[8, 32, 128, 8, 8, 0, 0, 0, 0, 0, 0, 0, 0, 0, 0, 0, 0, 0, 0, 0, 0, 0, 0, 0, 0, 0, 0, 0, 0, 0]",128,512,2097152.0,10485760.0,12072451675,12072458312,12228463613,12228510813,800,7648,7648,831940,1,6637,47200,32,128,128,3
203,2,"[32, 864, 8, 8, 128, 8, 8, 1, 1, 0, 0, 1, 1, 1, 1, 1, 8, 0, 0, 0, 0, 0, 0, 0, 0, 0, 0, 0, 0, 0]",6912,256,452984832.0,17137664.0,12072578731,12073779178,12228518461,12232471411,10496,13408,7776,831939,3,19200,3947318,32,128,128,3
152,2,"[8, 32, 864, 8, 8, 0, 0, 0, 0, 0, 0, 0, 0, 0, 0, 0, 0, 0, 0, 0, 0, 0, 0, 0, 0, 0, 0, 0, 0, 0]",3456,128,1769472.0,42467328.0,12074477061,12074483635,12232479187,12232686065,0,576,576,831938,1,6574,206878,32,128,128,3
205,2,"[8, 32, 864, 8, 8, 0, 0, 0, 0, 0, 0, 0, 0, 0, 0, 0, 0, 0, 0, 0, 0, 0, 0, 0, 0, 0, 0, 0, 0, 0]",864,512,14155776.0,70778880.0,12074540292,12074547057,12232686641,12232947118,800,241150,241150,831937,1,6765,260477,32,128,128,3
203,2,"[32, 128, 8, 8, 32, 8, 8, 3, 3, 1, 1, 1, 1, 1, 1, 1, 8, 0, 0, 0, 0, 0, 0, 0, 0, 0, 0, 0, 0, 0]",1024,256,0.0,0.0,12075202197,12075281372,12233188268,12234644412,6400,10400,6080,831935,3,19158,1451824,32,128,128,3
152,2,"[8, 32, 128, 8, 8, 0, 0, 0, 0, 0, 0, 0, 0, 0, 0, 0, 0, 0, 0, 0, 0, 0, 0, 0, 0, 0, 0, 0, 0, 0]",512,128,262144.0,6291456.0,12075356883,12075363223,12234650492,12234671484,0,576,576,831934,1,6340,20992,32,128,128,3
205,2,"[8, 32, 128, 8, 8, 0, 0, 0, 0, 0, 0, 0, 0, 0, 0, 0, 0, 0, 0, 0, 0, 0, 0, 0, 0, 0, 0, 0, 0, 0]",128,512,2097152.0,10485760.0,12075418021,12075424542,12234672060,12234720252,800,7744,7744,831933,1,6521,48192,32,128,128,3
203,2,"[32, 832, 8, 8, 128, 8, 8, 1, 1, 0, 0, 1, 1, 1, 1, 1, 8, 0, 0, 0, 0, 0, 0, 0, 0, 0, 0, 0, 0, 0]",6656,256,436207616.0,16580608.0,12075543957,12077294112,12234727996,12238428149,10496,13823,8064,831932,3,1096620,3694394,32,128,128,3
152,2,"[8, 32, 832, 8, 8, 0, 0, 0, 0, 0, 0, 0, 0, 0, 0, 0, 0, 0, 0, 0, 0, 0, 0, 0, 0, 0, 0, 0, 0, 0]",3328,128,1703936.0,40894464.0,12077387746,12077512089,12238436213,12238635570,0,704,704,831931,1,124343,199357,32,128,128,3
205,2,"[8, 32, 832, 8, 8, 0, 0, 0, 0, 0, 0, 0, 0, 0, 0, 0, 0, 0, 0, 0, 0, 0, 0, 0, 0, 0, 0, 0, 0, 0]",832,512,13631488.0,68157440.0,12077567836,12077574848,12238636274,12238890672,800,229885,229885,831930,1,7012,254398,32,128,128,3
203,2,"[32, 128, 8, 8, 32, 8, 8, 3, 3, 1, 1, 1, 1, 1, 1, 1, 8, 0, 0, 0, 0, 0, 0, 0, 0, 0, 0, 0, 0, 0]",1024,256,0.0,0.0,12078109912,12078189212,12239120557,12240578878,6400,10145,5728,831928,3,19304,1453904,32,128,128,3
152,2,"[8, 32, 128, 8, 8, 0, 0, 0, 0, 0, 0, 0, 0, 0, 0, 0, 0, 0, 0, 0, 0, 0, 0, 0, 0, 0, 0, 0, 0, 0]",512,128,262144.0,6291456.0,12078263189,12078269394,12240584606,12240606782,0,576,576,831927,1,6205,22176,32,128,128,3
205,2,"[8, 32, 128, 8, 8, 0, 0, 0, 0, 0, 0, 0, 0, 0, 0, 0, 0, 0, 0, 0, 0, 0, 0, 0, 0, 0, 0, 0, 0, 0]",128,512,2097152.0,10485760.0,12078325120,12078333190,12240607358,12240654685,800,7872,7872,831926,1,8070,47327,32,128,128,3
203,2,"[32, 800, 8, 8, 128, 8, 8, 1, 1, 0, 0, 1, 1, 1, 1, 1, 8, 0, 0, 0, 0, 0, 0, 0, 0, 0, 0, 0, 0, 0]",6400,256,419430400.0,16023552.0,12079372730,12080162047,12240662557,12244276983,10496,12896,7584,831925,3,720320,3609114,32,128,128,3
152,2,"[8, 32, 800, 8, 8, 0, 0, 0, 0, 0, 0, 0, 0, 0, 0, 0, 0, 0, 0, 0, 0, 0, 0, 0, 0, 0, 0, 0, 0, 0]",3200,128,1638400.0,39321600.0,12080236423,12080242991,12244284567,12244475189,0,672,672,831924,1,6568,190622,32,128,128,3
205,2,"[8, 32, 800, 8, 8, 0, 0, 0, 0, 0, 0, 0, 0, 0, 0, 0, 0, 0, 0, 0, 0, 0, 0, 0, 0, 0, 0, 0, 0, 0]",800,512,13107200.0,65536000.0,12080299933,12080306514,12244475861,12244721715,800,221213,221213,831923,1,6581,245854,32,128,128,3
203,2,"[32, 128, 8, 8, 32, 8, 8, 3, 3, 1, 1, 1, 1, 1, 1, 1, 8, 0, 0, 0, 0, 0, 0, 0, 0, 0, 0, 0, 0, 0]",1024,256,0.0,0.0,12080817845,12080896088,12244942928,12246399841,6400,10304,5984,831921,3,19158,1452593,32,128,128,3
152,2,"[8, 32, 128, 8, 8, 0, 0, 0, 0, 0, 0, 0, 0, 0, 0, 0, 0, 0, 0, 0, 0, 0, 0, 0, 0, 0, 0, 0, 0, 0]",512,128,262144.0,6291456.0,12080969802,12081938621,12246405825,12246426657,0,704,704,831920,1,968819,20832,32,128,128,3
205,2,"[8, 32, 128, 8, 8, 0, 0, 0, 0, 0, 0, 0, 0, 0, 0, 0, 0, 0, 0, 0, 0, 0, 0, 0, 0, 0, 0, 0, 0, 0]",128,512,2097152.0,10485760.0,12081993548,12082000895,12246427361,12246474144,800,7808,7808,831919,1,7347,46783,32,128,128,3
203,2,"[32, 768, 8, 8, 128, 8, 8, 1, 1, 0, 0, 1, 1, 1, 1, 1, 8, 0, 0, 0, 0, 0, 0, 0, 0, 0, 0, 0, 0, 0]",6144,256,402653184.0,15466496.0,12082655026,12082852479,12246481952,12249928828,10496,12800,7616,831918,3,135890,3441692,32,128,128,3
152,2,"[8, 32, 768, 8, 8, 0, 0, 0, 0, 0, 0, 0, 0, 0, 0, 0, 0, 0, 0, 0, 0, 0, 0, 0, 0, 0, 0, 0, 0, 0]",3072,128,1572864.0,37748736.0,12082922330,12082928416,12249936444,12250120218,0,704,704,831917,1,6086,183774,32,128,128,3
205,2,"[8, 32, 768, 8, 8, 0, 0, 0, 0, 0, 0, 0, 0, 0, 0, 0, 0, 0, 0, 0, 0, 0, 0, 0, 0, 0, 0, 0, 0, 0]",768,512,12582912.0,62914560.0,12082982143,12082988980,12250120922,12250354776,800,210973,210973,831916,1,6837,233854,32,128,128,3
203,2,"[32, 128, 8, 8, 32, 8, 8, 3, 3, 1, 1, 1, 1, 1, 1, 1, 8, 0, 0, 0, 0, 0, 0, 0, 0, 0, 0, 0, 0, 0]",1024,256,0.0,0.0,12083477409,12084546821,12250565749,12252023878,6400,10176,5888,831914,3,1010578,1453841,32,128,128,3
152,2,"[8, 32, 128, 8, 8, 0, 0, 0, 0, 0, 0, 0, 0, 0, 0, 0, 0, 0, 0, 0, 0, 0, 0, 0, 0, 0, 0, 0, 0, 0]",512,128,262144.0,6291456.0,12084622450,12085157741,12252029766,12252051558,0,672,672,831913,1,535291,21792,32,128,128,3
205,2,"[8, 32, 128, 8, 8, 0, 0, 0, 0, 0, 0, 0, 0, 0, 0, 0, 0, 0, 0, 0, 0, 0, 0, 0, 0, 0, 0, 0, 0, 0]",128,512,2097152.0,10485760.0,12085215094,12085222227,12252052230,12252100229,800,7552,7552,831912,1,7133,47999,32,128,128,3
203,2,"[32, 736, 8, 8, 128, 8, 8, 1, 1, 0, 0, 1, 1, 1, 1, 1, 8, 0, 0, 0, 0, 0, 0, 0, 0, 0, 0, 0, 0, 0]",5888,256,385875968.0,14909440.0,12085428257,12085508158,12252107781,12268257211,20736,13696,7904,831911,3,20662,16143638,32,128,128,3
152,2,"[8, 32, 736, 8, 8, 0, 0, 0, 0, 0, 0, 0, 0, 0, 0, 0, 0, 0, 0, 0, 0, 0, 0, 0, 0, 0, 0, 0, 0, 0]",2944,128,1507328.0,36175872.0,12085578098,12085584213,12268265115,12268439034,0,607,607,831910,1,6115,173919,32,128,128,3
205,2,"[8, 32, 736, 8, 8, 0, 0, 0, 0, 0, 0, 0, 0, 0, 0, 0, 0, 0, 0, 0, 0, 0, 0, 0, 0, 0, 0, 0, 0, 0]",736,512,12058624.0,60293120.0,12085639850,12085646783,12268439641,12268669495,800,206686,206686,831909,1,6933,229854,32,128,128,3
203,2,"[32, 128, 8, 8, 32, 8, 8, 3, 3, 1, 1, 1, 1, 1, 1, 1, 8, 0, 0, 0, 0, 0, 0, 0, 0, 0, 0, 0, 0, 0]",1024,256,0.0,0.0,12086111294,12087696844,12268876181,12270390821,6400,10752,6240,831907,3,1521764,1510128,32,128,128,3
152,2,"[8, 32, 128, 8, 8, 0, 0, 0, 0, 0, 0, 0, 0, 0, 0, 0, 0, 0, 0, 0, 0, 0, 0, 0, 0, 0, 0, 0, 0, 0]",512,128,262144.0,6291456.0,12087770545,12087777306,12270397061,12270418725,0,544,544,831906,1,6761,21664,32,128,128,3
205,2,"[8, 32, 128, 8, 8, 0, 0, 0, 0, 0, 0, 0, 0, 0, 0, 0, 0, 0, 0, 0, 0, 0, 0, 0, 0, 0, 0, 0, 0, 0]",128,512,2097152.0,10485760.0,12087831652,12087897747,12270419269,12270469892,800,8000,8000,831905,1,66095,50623,32,128,128,3
203,2,"[32, 704, 8, 8, 128, 8, 8, 1, 1, 0, 0, 1, 1, 1, 1, 1, 8, 0, 0, 0, 0, 0, 0, 0, 0, 0, 0, 0, 0, 0]",5632,256,369098752.0,14352384.0,12088027724,12088106451,12270477892,12273711170,10496,13440,7584,831904,3,19402,3227422,32,128,128,3
152,2,"[8, 32, 704, 8, 8, 0, 0, 0, 0, 0, 0, 0, 0, 0, 0, 0, 0, 0, 0, 0, 0, 0, 0, 0, 0, 0, 0, 0, 0, 0]",2816,128,1441792.0,34603008.0,12088175900,12088182020,12273718754,12273886016,0,736,736,831903,1,6120,167262,32,128,128,3
205,2,"[8, 32, 704, 8, 8, 0, 0, 0, 0, 0, 0, 0, 0, 0, 0, 0, 0, 0, 0, 0, 0, 0, 0, 0, 0, 0, 0, 0, 0, 0]",704,512,11534336.0,57671680.0,12088239484,12088246627,12273886752,12274107550,800,193214,193214,831902,1,7143,220798,32,128,128,3
203,2,"[32, 128, 8, 8, 32, 8, 8, 3, 3, 1, 1, 1, 1, 1, 1, 1, 8, 0, 0, 0, 0, 0, 0, 0, 0, 0, 0, 0, 0, 0]",1024,256,0.0,0.0,12089545371,12090094389,12274300764,12275818380,6400,10241,5888,831900,3,485830,1513263,32,128,128,3
152,2,"[8, 32, 128, 8, 8, 0, 0, 0, 0, 0, 0, 0, 0, 0, 0, 0, 0, 0, 0, 0, 0, 0, 0, 0, 0, 0, 0, 0, 0, 0]",512,128,262144.0,6291456.0,12090246283,12090253316,12275824268,12275845548,0,736,736,831899,1,7033,21280,32,128,128,3
205,2,"[8, 32, 128, 8, 8, 0, 0, 0, 0, 0, 0, 0, 0, 0, 0, 0, 0, 0, 0, 0, 0, 0, 0, 0, 0, 0, 0, 0, 0, 0]",128,512,2097152.0,10485760.0,12090308317,12090315314,12275846284,12275895147,800,7648,7648,831898,1,6997,48863,32,128,128,3
203,2,"[32, 672, 8, 8, 128, 8, 8, 1, 1, 0, 0, 1, 1, 1, 1, 1, 8, 0, 0, 0, 0, 0, 0, 0, 0, 0, 0, 0, 0, 0]",5376,256,352321536.0,13795328.0,12090434366,12090513452,12275902795,12290443026,20736,13280,7328,831897,3,19248,14534279,32,128,128,3
152,2,"[8, 32, 672, 8, 8, 0, 0, 0, 0, 0, 0, 0, 0, 0, 0, 0, 0, 0, 0, 0, 0, 0, 0, 0, 0, 0, 0, 0, 0, 0]",2688,128,1376256.0,33030144.0,12090583581,12090589756,12290450354,12290609457,0,639,639,831896,1,6175,159103,32,128,128,3
205,2,"[8, 32, 672, 8, 8, 0, 0, 0, 0, 0, 0, 0, 0, 0, 0, 0, 0, 0, 0, 0, 0, 0, 0, 0, 0, 0, 0, 0, 0, 0]",672,512,11010048.0,55050240.0,12090647965,12090654516,12290610096,12290825358,800,184991,184991,831895,1,6551,215262,32,128,128,3
203,2,"[32, 128, 8, 8, 32, 8, 8, 3, 3, 1, 1, 1, 1, 1, 1, 1, 8, 0, 0, 0, 0, 0, 0, 0, 0, 0, 0, 0, 0, 0]",1024,256,0.0,0.0,12092423903,12092540841,12291010349,12292542044,6400,10880,6400,831893,3,20242,1527215,32,128,128,3
152,2,"[8, 32, 128, 8, 8, 0, 0, 0, 0, 0, 0, 0, 0, 0, 0, 0, 0, 0, 0, 0, 0, 0, 0, 0, 0, 0, 0, 0, 0, 0]",512,128,262144.0,6291456.0,12092617503,12092624762,12292548444,12292569820,0,704,704,831892,1,7259,21376,32,128,128,3
205,2,"[8, 32, 128, 8, 8, 0, 0, 0, 0, 0, 0, 0, 0, 0, 0, 0, 0, 0, 0, 0, 0, 0, 0, 0, 0, 0, 0, 0, 0, 0]",128,512,2097152.0,10485760.0,12092679180,12092685653,12292570524,12292620091,800,7968,7968,831891,1,6473,49567,32,128,128,3
203,2,"[32, 640, 8, 8, 128, 8, 8, 1, 1, 0, 0, 1, 1, 1, 1, 1, 8, 0, 0, 0, 0, 0, 0, 0, 0, 0, 0, 0, 0, 0]",5120,256,335544320.0,13238272.0,12092804351,12092885194,12292628059,12295620220,10496,12832,7424,831890,3,20666,2986753,32,128,128,3
152,2,"[8, 32, 640, 8, 8, 0, 0, 0, 0, 0, 0, 0, 0, 0, 0, 0, 0, 0, 0, 0, 0, 0, 0, 0, 0, 0, 0, 0, 0, 0]",2560,128,1310720.0,31457280.0,12092955512,12092961580,12295627644,12295777531,0,575,575,831889,1,6068,149887,32,128,128,3
205,2,"[8, 32, 640, 8, 8, 0, 0, 0, 0, 0, 0, 0, 0, 0, 0, 0, 0, 0, 0, 0, 0, 0, 0, 0, 0, 0, 0, 0, 0, 0]",640,512,10485760.0,52428800.0,12093016314,12093022842,12295778106,12295983224,800,176510,176510,831888,1,6528,205118,32,128,128,3
203,2,"[32, 128, 8, 8, 32, 8, 8, 3, 3, 1, 1, 1, 1, 1, 1, 1, 8, 0, 0, 0, 0, 0, 0, 0, 0, 0, 0, 0, 0, 0]",1024,256,0.0,0.0,12094772896,12094887946,12296159734,12297691302,6400,10624,6016,831886,3,54630,1526960,32,128,128,3
152,2,"[8, 32, 128, 8, 8, 0, 0, 0, 0, 0, 0, 0, 0, 0, 0, 0, 0, 0, 0, 0, 0, 0, 0, 0, 0, 0, 0, 0, 0, 0]",512,128,262144.0,6291456.0,12094959416,12094965582,12297697318,12297718886,0,704,704,831885,1,6166,21568,32,128,128,3
205,2,"[8, 32, 128, 8, 8, 0, 0, 0, 0, 0, 0, 0, 0, 0, 0, 0, 0, 0, 0, 0, 0, 0, 0, 0, 0, 0, 0, 0, 0, 0]",128,512,2097152.0,10485760.0,12095023287,12095030357,12297719590,12297769477,800,7968,7968,831884,1,7070,49887,32,128,128,3
203,2,"[32, 608, 8, 8, 128, 8, 8, 1, 1, 0, 0, 1, 1, 1, 1, 1, 8, 0, 0, 0, 0, 0, 0, 0, 0, 0, 0, 0, 0, 0]",4864,256,318767104.0,12681216.0,12095146942,12095225829,12297777445,12311067002,20736,13152,7712,831883,3,21220,13284117,32,128,128,3
152,2,"[8, 32, 608, 8, 8, 0, 0, 0, 0, 0, 0, 0, 0, 0, 0, 0, 0, 0, 0, 0, 0, 0, 0, 0, 0, 0, 0, 0, 0, 0]",2432,128,1245184.0,29884416.0,12095293887,12095300159,12311074714,12311217336,0,608,608,831882,1,6272,142622,32,128,128,3
205,2,"[8, 32, 608, 8, 8, 0, 0, 0, 0, 0, 0, 0, 0, 0, 0, 0, 0, 0, 0, 0, 0, 0, 0, 0, 0, 0, 0, 0, 0, 0]",608,512,9961472.0,49807360.0,12095357880,12095365213,12311217944,12311415030,800,166110,166110,831881,1,7333,197086,32,128,128,3
203,2,"[32, 128, 8, 8, 32, 8, 8, 3, 3, 1, 1, 1, 1, 1, 1, 1, 8, 0, 0, 0, 0, 0, 0, 0, 0, 0, 0, 0, 0, 0]",1024,256,0.0,0.0,12097160336,12097246068,12311581140,12313112613,6400,10719,6303,831879,3,20264,1527057,32,128,128,3
152,2,"[8, 32, 128, 8, 8, 0, 0, 0, 0, 0, 0, 0, 0, 0, 0, 0, 0, 0, 0, 0, 0, 0, 0, 0, 0, 0, 0, 0, 0, 0]",512,128,262144.0,6291456.0,12097322254,12097329211,12313118916,12313140484,0,640,640,831878,1,6957,21568,32,128,128,3
205,2,"[8, 32, 128, 8, 8, 0, 0, 0, 0, 0, 0, 0, 0, 0, 0, 0, 0, 0, 0, 0, 0, 0, 0, 0, 0, 0, 0, 0, 0, 0]",128,512,2097152.0,10485760.0,12097387536,12097394483,12313141124,12313190756,800,7840,7840,831877,1,6947,49632,32,128,128,3
203,2,"[32, 576, 8, 8, 128, 8, 8, 1, 1, 0, 0, 1, 1, 1, 1, 1, 8, 0, 0, 0, 0, 0, 0, 0, 0, 0, 0, 0, 0, 0]",4608,256,301989888.0,12124160.0,12097521945,12097602571,12313198596,12316005958,10496,12448,7456,831876,3,19408,2802370,32,128,128,3
152,2,"[8, 32, 576, 8, 8, 0, 0, 0, 0, 0, 0, 0, 0, 0, 0, 0, 0, 0, 0, 0, 0, 0, 0, 0, 0, 0, 0, 0, 0, 0]",2304,128,1179648.0,28311552.0,12097674629,12097681328,12316013414,12316148933,0,735,735,831875,1,6699,135519,32,128,128,3
205,2,"[8, 32, 576, 8, 8, 0, 0, 0, 0, 0, 0, 0, 0, 0, 0, 0, 0, 0, 0, 0, 0, 0, 0, 0, 0, 0, 0, 0, 0, 0]",576,512,9437184.0,47185920.0,12097742420,12097749408,12316149668,12316335363,800,156958,156958,831874,1,6988,185695,32,128,128,3
203,2,"[32, 128, 8, 8, 32, 8, 8, 3, 3, 1, 1, 1, 1, 1, 1, 1, 8, 0, 0, 0, 0, 0, 0, 0, 0, 0, 0, 0, 0, 0]",1024,256,0.0,0.0,12099393377,12099473354,12316492321,12318023761,6400,10367,6016,831872,3,19610,1527089,32,128,128,3
152,2,"[8, 32, 128, 8, 8, 0, 0, 0, 0, 0, 0, 0, 0, 0, 0, 0, 0, 0, 0, 0, 0, 0, 0, 0, 0, 0, 0, 0, 0, 0]",512,128,262144.0,6291456.0,12099550019,12099556716,12318029777,12318051217,0,639,639,831871,1,6697,21440,32,128,128,3
205,2,"[8, 32, 128, 8, 8, 0, 0, 0, 0, 0, 0, 0, 0, 0, 0, 0, 0, 0, 0, 0, 0, 0, 0, 0, 0, 0, 0, 0, 0, 0]",128,512,2097152.0,10485760.0,12099615507,12099622427,12318051856,12318101232,800,8032,8032,831870,1,6920,49376,32,128,128,3
203,2,"[32, 544, 8, 8, 128, 8, 8, 1, 1, 0, 0, 1, 1, 1, 1, 1, 8, 0, 0, 0, 0, 0, 0, 0, 0, 0, 0, 0, 0, 0]",4352,256,285212672.0,11567104.0,12099745615,12099823230,12318109264,12330214385,20736,13088,7263,831869,3,18693,12099296,32,128,128,3
152,2,"[8, 32, 544, 8, 8, 0, 0, 0, 0, 0, 0, 0, 0, 0, 0, 0, 0, 0, 0, 0, 0, 0, 0, 0, 0, 0, 0, 0, 0, 0]",2176,128,1114112.0,26738688.0,12099895559,12099902084,12330221648,12330347695,0,672,672,831868,1,6525,126047,32,128,128,3
205,2,"[8, 32, 544, 8, 8, 0, 0, 0, 0, 0, 0, 0, 0, 0, 0, 0, 0, 0, 0, 0, 0, 0, 0, 0, 0, 0, 0, 0, 0, 0]",544,512,8912896.0,44564480.0,12099962965,12099969935,12330348367,12330531278,800,147646,147646,831867,1,6970,182911,32,128,128,3
203,2,"[32, 128, 8, 8, 32, 8, 8, 3, 3, 1, 1, 1, 1, 1, 1, 1, 8, 0, 0, 0, 0, 0, 0, 0, 0, 0, 0, 0, 0, 0]",1024,256,0.0,0.0,12101594652,12101672859,12330678924,12332207676,6400,11041,6464,831865,3,18582,1524175,32,128,128,3
152,2,"[8, 32, 128, 8, 8, 0, 0, 0, 0, 0, 0, 0, 0, 0, 0, 0, 0, 0, 0, 0, 0, 0, 0, 0, 0, 0, 0, 0, 0, 0]",512,128,262144.0,6291456.0,12101746471,12101752972,12332214140,12332235195,0,577,577,831864,1,6501,21055,32,128,128,3
205,2,"[8, 32, 128, 8, 8, 0, 0, 0, 0, 0, 0, 0, 0, 0, 0, 0, 0, 0, 0, 0, 0, 0, 0, 0, 0, 0, 0, 0, 0, 0]",128,512,2097152.0,10485760.0,12101807544,12101814439,12332235772,12332284795,800,8000,8000,831863,1,6895,49023,32,128,128,3
203,2,"[32, 512, 8, 8, 128, 8, 8, 1, 1, 0, 0, 1, 1, 1, 1, 1, 8, 0, 0, 0, 0, 0, 0, 0, 0, 0, 0, 0, 0, 0]",4096,256,268435456.0,11010048.0,12102001278,12102080794,12332292795,12334750209,10496,12545,7264,831862,3,18578,2452133,32,128,128,3
152,2,"[8, 32, 512, 8, 8, 0, 0, 0, 0, 0, 0, 0, 0, 0, 0, 0, 0, 0, 0, 0, 0, 0, 0, 0, 0, 0, 0, 0, 0, 0]",2048,128,1048576.0,25165824.0,12102148570,12102644441,12334757473,12334875840,0,608,608,831861,1,495871,118367,32,128,128,3
205,2,"[8, 32, 512, 8, 8, 0, 0, 0, 0, 0, 0, 0, 0, 0, 0, 0, 0, 0, 0, 0, 0, 0, 0, 0, 0, 0, 0, 0, 0, 0]",512,512,8388608.0,41943040.0,12102701524,12102708752,12334876448,12335041694,800,139775,139775,831860,1,7228,165246,32,128,128,3
203,2,"[32, 128, 8, 8, 32, 8, 8, 3, 3, 1, 1, 1, 1, 1, 1, 1, 8, 0, 0, 0, 0, 0, 0, 0, 0, 0, 0, 0, 0, 0]",1024,256,0.0,0.0,12103454452,12103600504,12335181469,12336711501,6400,10720,6015,831858,3,85869,1525327,32,128,128,3
152,2,"[8, 32, 128, 8, 8, 0, 0, 0, 0, 0, 0, 0, 0, 0, 0, 0, 0, 0, 0, 0, 0, 0, 0, 0, 0, 0, 0, 0, 0, 0]",512,128,262144.0,6291456.0,12103763748,12103770536,12336717516,12336739596,0,704,704,831857,1,6788,22080,32,128,128,3
205,2,"[8, 32, 128, 8, 8, 0, 0, 0, 0, 0, 0, 0, 0, 0, 0, 0, 0, 0, 0, 0, 0, 0, 0, 0, 0, 0, 0, 0, 0, 0]",128,512,2097152.0,10485760.0,12103827195,12103834327,12336740300,12336789772,800,8000,8000,831856,1,7132,49472,32,128,128,3
203,2,"[32, 480, 8, 8, 128, 8, 8, 1, 1, 0, 0, 1, 1, 1, 1, 1, 8, 0, 0, 0, 0, 0, 0, 0, 0, 0, 0, 0, 0, 0]",3840,256,251658240.0,10452992.0,12103957890,12104478039,12336797772,12347575674,20736,12352,6816,831855,3,21610,10772366,32,128,128,3
152,2,"[8, 32, 480, 8, 8, 0, 0, 0, 0, 0, 0, 0, 0, 0, 0, 0, 0, 0, 0, 0, 0, 0, 0, 0, 0, 0, 0, 0, 0, 0]",1920,128,983040.0,23592960.0,12104942928,12104949673,12347582490,12347692953,0,640,640,831854,1,6745,110463,32,128,128,3
205,2,"[8, 32, 480, 8, 8, 0, 0, 0, 0, 0, 0, 0, 0, 0, 0, 0, 0, 0, 0, 0, 0, 0, 0, 0, 0, 0, 0, 0, 0, 0]",480,512,7864320.0,39321600.0,12105003587,12105010600,12347693593,12347854519,800,126687,126687,831853,1,7013,160926,32,128,128,3
203,2,"[32, 128, 8, 8, 32, 8, 8, 3, 3, 1, 1, 1, 1, 1, 1, 1, 8, 0, 0, 0, 0, 0, 0, 0, 0, 0, 0, 0, 0, 0]",1024,256,0.0,0.0,12105425888,12105600258,12347981206,12349511974,6400,10751,6176,831851,3,111825,1526193,32,128,128,3
152,2,"[8, 32, 128, 8, 8, 0, 0, 0, 0, 0, 0, 0, 0, 0, 0, 0, 0, 0, 0, 0, 0, 0, 0, 0, 0, 0, 0, 0, 0, 0]",512,128,262144.0,6291456.0,12105674614,12105680823,12349518150,12349539398,0,704,704,831850,1,6209,21248,32,128,128,3
205,2,"[8, 32, 128, 8, 8, 0, 0, 0, 0, 0, 0, 0, 0, 0, 0, 0, 0, 0, 0, 0, 0, 0, 0, 0, 0, 0, 0, 0, 0, 0]",128,512,2097152.0,10485760.0,12105736486,12105742985,12349540102,12349589733,800,8224,8224,831849,1,6499,49631,32,128,128,3
203,2,"[32, 448, 8, 8, 128, 8, 8, 1, 1, 0, 0, 1, 1, 1, 1, 1, 8, 0, 0, 0, 0, 0, 0, 0, 0, 0, 0, 0, 0, 0]",3584,256,234881024.0,9895936.0,12106321384,12106748817,12349597957,12351785870,10496,12192,6688,831848,3,367494,2182409,32,128,128,3
152,2,"[8, 32, 448, 8, 8, 0, 0, 0, 0, 0, 0, 0, 0, 0, 0, 0, 0, 0, 0, 0, 0, 0, 0, 0, 0, 0, 0, 0, 0, 0]",1792,128,917504.0,22020096.0,12106852880,12106859702,12351792558,12351896141,0,608,608,831847,1,6822,103583,32,128,128,3
205,2,"[8, 32, 448, 8, 8, 0, 0, 0, 0, 0, 0, 0, 0, 0, 0, 0, 0, 0, 0, 0, 0, 0, 0, 0, 0, 0, 0, 0, 0, 0]",448,512,7340032.0,36700160.0,12106914336,12106920916,12351896749,12352046667,800,119711,119711,831846,1,6580,149918,32,128,128,3
203,2,"[32, 128, 8, 8, 32, 8, 8, 3, 3, 1, 1, 1, 1, 1, 1, 1, 8, 0, 0, 0, 0, 0, 0, 0, 0, 0, 0, 0, 0, 0]",1024,256,0.0,0.0,12107380065,12107458629,12352166378,12353696602,6400,10944,6400,831844,3,19128,1525680,32,128,128,3
152,2,"[8, 32, 128, 8, 8, 0, 0, 0, 0, 0, 0, 0, 0, 0, 0, 0, 0, 0, 0, 0, 0, 0, 0, 0, 0, 0, 0, 0, 0, 0]",512,128,262144.0,6291456.0,12107529977,12108015210,12353703002,12353724602,0,608,608,831843,1,485233,21600,32,128,128,3
205,2,"[8, 32, 128, 8, 8, 0, 0, 0, 0, 0, 0, 0, 0, 0, 0, 0, 0, 0, 0, 0, 0, 0, 0, 0, 0, 0, 0, 0, 0, 0]",128,512,2097152.0,10485760.0,12108071963,12108079520,12353725210,12353774265,800,7904,7904,831842,1,7557,49055,32,128,128,3
203,2,"[32, 416, 8, 8, 128, 8, 8, 1, 1, 0, 0, 1, 1, 1, 1, 1, 8, 0, 0, 0, 0, 0, 0, 0, 0, 0, 0, 0, 0, 0]",3328,256,218103808.0,9338880.0,12108504837,12108622019,12353782169,12363108887,20736,12160,6560,831841,3,53330,9321118,32,128,128,3
152,2,"[8, 32, 416, 8, 8, 0, 0, 0, 0, 0, 0, 0, 0, 0, 0, 0, 0, 0, 0, 0, 0, 0, 0, 0, 0, 0, 0, 0, 0, 0]",1664,128,851968.0,20447232.0,12108693499,12108699854,12363115447,12363209878,0,768,768,831840,1,6355,94431,32,128,128,3
205,2,"[8, 32, 416, 8, 8, 0, 0, 0, 0, 0, 0, 0, 0, 0, 0, 0, 0, 0, 0, 0, 0, 0, 0, 0, 0, 0, 0, 0, 0, 0]",416,512,6815744.0,34078720.0,12108755916,12108762498,12363210646,12363352885,800,109119,109119,831839,1,6582,142239,32,128,128,3
203,2,"[32, 128, 8, 8, 32, 8, 8, 3, 3, 1, 1, 1, 1, 1, 1, 1, 8, 0, 0, 0, 0, 0, 0, 0, 0, 0, 0, 0, 0, 0]",1024,256,0.0,0.0,12109145464,12109406736,12363462004,12364992740,6400,10592,6079,831837,3,19223,1526223,32,128,128,3
152,2,"[8, 32, 128, 8, 8, 0, 0, 0, 0, 0, 0, 0, 0, 0, 0, 0, 0, 0, 0, 0, 0, 0, 0, 0, 0, 0, 0, 0, 0, 0]",512,128,262144.0,6291456.0,12109811265,12109817903,12364998819,12365020291,0,608,608,831836,1,6638,21472,32,128,128,3
205,2,"[8, 32, 128, 8, 8, 0, 0, 0, 0, 0, 0, 0, 0, 0, 0, 0, 0, 0, 0, 0, 0, 0, 0, 0, 0, 0, 0, 0, 0, 0]",128,512,2097152.0,10485760.0,12109874941,12109881557,12365020899,12365071043,800,8031,8031,831835,1,6616,50144,32,128,128,3
203,2,"[32, 384, 8, 8, 128, 8, 8, 1, 1, 0, 0, 1, 1, 1, 1, 1, 8, 0, 0, 0, 0, 0, 0, 0, 0, 0, 0, 0, 0, 0]",3072,256,201326592.0,8781824.0,12110002459,12110212722,12365079074,12366920303,10496,11680,6496,831834,3,101927,1836045,32,128,128,3
152,2,"[8, 32, 384, 8, 8, 0, 0, 0, 0, 0, 0, 0, 0, 0, 0, 0, 0, 0, 0, 0, 0, 0, 0, 0, 0, 0, 0, 0, 0, 0]",1536,128,786432.0,18874368.0,12123814055,12123821192,12366926799,12367014926,0,576,576,831833,1,7137,88127,32,128,128,3
205,2,"[8, 32, 384, 8, 8, 0, 0, 0, 0, 0, 0, 0, 0, 0, 0, 0, 0, 0, 0, 0, 0, 0, 0, 0, 0, 0, 0, 0, 0, 0]",384,512,6291456.0,31457280.0,12123876314,12123882866,12367015502,12367144429,800,98015,98015,831832,1,6552,128927,32,128,128,3
203,2,"[32, 128, 8, 8, 32, 8, 8, 3, 3, 1, 1, 1, 1, 1, 1, 1, 8, 0, 0, 0, 0, 0, 0, 0, 0, 0, 0, 0, 0, 0]",1024,256,0.0,0.0,12140874235,12142220011,12367242444,12368758684,6400,10561,6048,831830,3,1284846,1511727,32,128,128,3
152,2,"[8, 32, 128, 8, 8, 0, 0, 0, 0, 0, 0, 0, 0, 0, 0, 0, 0, 0, 0, 0, 0, 0, 0, 0, 0, 0, 0, 0, 0, 0]",512,128,262144.0,6291456.0,12142294050,12142300307,12368764732,12368785980,0,640,640,831829,1,6257,21248,32,128,128,3
205,2,"[8, 32, 128, 8, 8, 0, 0, 0, 0, 0, 0, 0, 0, 0, 0, 0, 0, 0, 0, 0, 0, 0, 0, 0, 0, 0, 0, 0, 0, 0]",128,512,2097152.0,10485760.0,12142356214,12142363455,12368786620,12368835483,800,7776,7776,831828,1,7241,48863,32,128,128,3
203,2,"[32, 352, 8, 8, 128, 8, 8, 1, 1, 0, 0, 1, 1, 1, 1, 1, 8, 0, 0, 0, 0, 0, 0, 0, 0, 0, 0, 0, 0, 0]",2816,256,184549376.0,8224768.0,12142485017,12147795728,12368843259,12370578505,10496,11137,6176,831827,3,5247946,1730285,32,128,128,3
152,2,"[8, 32, 352, 8, 8, 0, 0, 0, 0, 0, 0, 0, 0, 0, 0, 0, 0, 0, 0, 0, 0, 0, 0, 0, 0, 0, 0, 0, 0, 0]",1408,128,720896.0,17301504.0,12147882633,12148105551,12370584681,12370664264,0,736,736,831826,1,222918,79583,32,128,128,3
205,2,"[8, 32, 352, 8, 8, 0, 0, 0, 0, 0, 0, 0, 0, 0, 0, 0, 0, 0, 0, 0, 0, 0, 0, 0, 0, 0, 0, 0, 0, 0]",352,512,5767168.0,28835840.0,12148162591,12148481436,12370665000,12370784039,800,90495,90495,831825,1,318845,119039,32,128,128,3
203,2,"[32, 128, 8, 8, 32, 8, 8, 3, 3, 1, 1, 1, 1, 1, 1, 1, 8, 0, 0, 0, 0, 0, 0, 0, 0, 0, 0, 0, 0, 0]",1024,256,0.0,0.0,12148719311,12148799981,12370874534,12372391510,6400,10272,5888,831823,3,19341,1512592,32,128,128,3
152,2,"[8, 32, 128, 8, 8, 0, 0, 0, 0, 0, 0, 0, 0, 0, 0, 0, 0, 0, 0, 0, 0, 0, 0, 0, 0, 0, 0, 0, 0, 0]",512,128,262144.0,6291456.0,12148874345,12148880589,12372397398,12372418325,0,576,576,831822,1,6244,20927,32,128,128,3
205,2,"[8, 32, 128, 8, 8, 0, 0, 0, 0, 0, 0, 0, 0, 0, 0, 0, 0, 0, 0, 0, 0, 0, 0, 0, 0, 0, 0, 0, 0, 0]",128,512,2097152.0,10485760.0,12148934568,12148942887,12372418901,12372468565,800,8064,8064,831821,1,8319,49664,32,128,128,3
203,2,"[32, 320, 8, 8, 128, 8, 8, 1, 1, 0, 0, 1, 1, 1, 1, 1, 8, 0, 0, 0, 0, 0, 0, 0, 0, 0, 0, 0, 0, 0]",2560,256,167772160.0,7667712.0,12149059115,12149137209,12372476629,12373964645,10496,11072,6112,831820,3,18656,1483056,32,128,128,3
152,2,"[8, 32, 320, 8, 8, 0, 0, 0, 0, 0, 0, 0, 0, 0, 0, 0, 0, 0, 0, 0, 0, 0, 0, 0, 0, 0, 0, 0, 0, 0]",1280,128,655360.0,15728640.0,12149208516,12149214766,12373970757,12374042116,0,640,640,831819,1,6250,71359,32,128,128,3
205,2,"[8, 32, 320, 8, 8, 0, 0, 0, 0, 0, 0, 0, 0, 0, 0, 0, 0, 0, 0, 0, 0, 0, 0, 0, 0, 0, 0, 0, 0, 0]",320,512,5242880.0,26214400.0,12149269073,12149275601,12374042756,12374151715,800,79647,79647,831818,1,6528,108959,32,128,128,3
203,2,"[32, 128, 8, 8, 32, 8, 8, 3, 3, 1, 1, 1, 1, 1, 1, 1, 8, 0, 0, 0, 0, 0, 0, 0, 0, 0, 0, 0, 0, 0]",1024,256,0.0,0.0,12149488892,12149566820,12374231362,12375746995,6400,10623,6016,831816,3,18248,1511026,32,128,128,3
152,2,"[8, 32, 128, 8, 8, 0, 0, 0, 0, 0, 0, 0, 0, 0, 0, 0, 0, 0, 0, 0, 0, 0, 0, 0, 0, 0, 0, 0, 0, 0]",512,128,262144.0,6291456.0,12149641080,12149647278,12375753011,12375773906,0,672,672,831815,1,6198,20895,32,128,128,3
205,2,"[8, 32, 128, 8, 8, 0, 0, 0, 0, 0, 0, 0, 0, 0, 0, 0, 0, 0, 0, 0, 0, 0, 0, 0, 0, 0, 0, 0, 0, 0]",128,512,2097152.0,10485760.0,12149703733,12149710738,12375774578,12375823282,800,8000,8000,831814,1,7005,48704,32,128,128,3
203,2,"[32, 288, 8, 8, 128, 8, 8, 1, 1, 0, 0, 1, 1, 1, 1, 1, 8, 0, 0, 0, 0, 0, 0, 0, 0, 0, 0, 0, 0, 0]",2304,256,0.0,0.0,12149846486,12150355537,12375831282,12377283074,10496,11232,5984,831813,3,446643,1446544,32,128,128,3
152,2,"[8, 32, 288, 8, 8, 0, 0, 0, 0, 0, 0, 0, 0, 0, 0, 0, 0, 0, 0, 0, 0, 0, 0, 0, 0, 0, 0, 0, 0, 0]",1152,128,589824.0,14155776.0,12150427250,12150433512,12377289058,12377352098,0,576,576,831812,1,6262,63040,32,128,128,3
205,2,"[8, 32, 288, 8, 8, 0, 0, 0, 0, 0, 0, 0, 0, 0, 0, 0, 0, 0, 0, 0, 0, 0, 0, 0, 0, 0, 0, 0, 0, 0]",288,512,4718592.0,23592960.0,12150487129,12150493617,12377352674,12377455553,800,69663,69663,831811,1,6488,102879,32,128,128,3
203,2,"[32, 128, 8, 8, 32, 8, 8, 3, 3, 1, 1, 1, 1, 1, 1, 1, 8, 0, 0, 0, 0, 0, 0, 0, 0, 0, 0, 0, 0, 0]",1024,256,0.0,0.0,12155847675,12156444144,12377525216,12379040592,6400,10496,5952,831809,3,230324,1510832,32,128,128,3
152,2,"[8, 32, 128, 8, 8, 0, 0, 0, 0, 0, 0, 0, 0, 0, 0, 0, 0, 0, 0, 0, 0, 0, 0, 0, 0, 0, 0, 0, 0, 0]",512,128,262144.0,6291456.0,12156521470,12156528403,12379046544,12379067536,0,640,640,831808,1,6933,20992,32,128,128,3
205,2,"[8, 32, 128, 8, 8, 0, 0, 0, 0, 0, 0, 0, 0, 0, 0, 0, 0, 0, 0, 0, 0, 0, 0, 0, 0, 0, 0, 0, 0, 0]",128,512,2097152.0,10485760.0,12156585141,12156592110,12379068176,12379117935,800,7776,7776,831807,1,6969,49759,32,128,128,3
203,2,"[32, 256, 8, 8, 128, 8, 8, 1, 1, 0, 0, 1, 1, 1, 1, 1, 8, 0, 0, 0, 0, 0, 0, 0, 0, 0, 0, 0, 0, 0]",2048,256,0.0,0.0,12156727239,12156809360,12379125711,12380507424,12544,11008,5856,831806,3,22207,1376561,32,128,128,3
152,2,"[8, 32, 256, 8, 8, 0, 0, 0, 0, 0, 0, 0, 0, 0, 0, 0, 0, 0, 0, 0, 0, 0, 0, 0, 0, 0, 0, 0, 0, 0]",1024,128,524288.0,12582912.0,12156879174,12156885387,12380513280,12380567968,0,736,736,831805,1,6213,54688,32,128,128,3
205,2,"[8, 32, 256, 8, 8, 0, 0, 0, 0, 0, 0, 0, 0, 0, 0, 0, 0, 0, 0, 0, 0, 0, 0, 0, 0, 0, 0, 0, 0, 0]",256,512,4194304.0,20971520.0,12156939579,12156945922,12380568704,12380658463,800,69471,69471,831804,1,6343,89759,32,128,128,3
189,2,"[8, 32, 256, 16, 16, 0, 0, 0, 0, 0, 0, 0, 0, 0, 0, 0, 0, 0, 0, 0, 0, 0, 0, 0, 0, 0, 0, 0, 0, 0]",2048,1024,0.0,0.0,12157064628,12157072577,12380727934,12380995899,0,704,704,831802,1,7949,267965,32,128,128,3
203,2,"[32, 512, 16, 16, 256, 16, 16, 1, 1, 0, 0, 1, 1, 1, 1, 1, 8, 0, 0, 0, 0, 0, 0, 0, 0, 0, 0, 0, 0, 0]",16384,256,2147483648.0,51380224.0,12157138623,12157222371,12380996603,12410486150,20736,14976,9120,831801,3,20942,29483691,32,128,128,3
152,2,"[8, 32, 512, 16, 16, 0, 0, 0, 0, 0, 0, 0, 0, 0, 0, 0, 0, 0, 0, 0, 0, 0, 0, 0, 0, 0, 0, 0, 0, 0]",8192,128,4194304.0,100663296.0,12157295380,12157301667,12410495270,12410983904,0,736,736,831800,1,6287,488634,32,128,128,3
205,2,"[8, 32, 512, 16, 16, 0, 0, 0, 0, 0, 0, 0, 0, 0, 0, 0, 0, 0, 0, 0, 0, 0, 0, 0, 0, 0, 0, 0, 0, 0]",512,512,33554432.0,167772160.0,12157356333,12157363012,12410984640,12411677305,800,8544,8544,831799,1,6679,692665,32,128,128,3
203,2,"[32, 128, 16, 16, 32, 16, 16, 3, 3, 1, 1, 1, 1, 1, 1, 1, 8, 0, 0, 0, 0, 0, 0, 0, 0, 0, 0, 0, 0, 0]",4096,256,0.0,0.0,12157539562,12157688985,12411685849,12417571227,6400,12543,6144,831797,4,28839,5878979,32,128,128,3
152,2,"[8, 32, 128, 16, 16, 0, 0, 0, 0, 0, 0, 0, 0, 0, 0, 0, 0, 0, 0, 0, 0, 0, 0, 0, 0, 0, 0, 0, 0, 0]",2048,128,1048576.0,25165824.0,12157761479,12157767695,12417577371,12417693338,0,608,608,831796,1,6216,115967,32,128,128,3
205,2,"[8, 32, 128, 16, 16, 0, 0, 0, 0, 0, 0, 0, 0, 0, 0, 0, 0, 0, 0, 0, 0, 0, 0, 0, 0, 0, 0, 0, 0, 0]",128,512,8388608.0,41943040.0,12157825115,12157831892,12417693946,12417895256,800,8288,8288,831795,1,6777,201310,32,128,128,3
203,2,"[32, 480, 16, 16, 128, 16, 16, 1, 1, 0, 0, 1, 1, 1, 1, 1, 8, 0, 0, 0, 0, 0, 0, 0, 0, 0, 0, 0, 0, 0]",15360,256,1006632960.0,40337408.0,12157951018,12158315716,12417903544,12432595837,20736,12866,7201,831794,3,302932,14686628,32,128,128,3
152,2,"[8, 32, 480, 16, 16, 0, 0, 0, 0, 0, 0, 0, 0, 0, 0, 0, 0, 0, 0, 0, 0, 0, 0, 0, 0, 0, 0, 0, 0, 0]",7680,128,3932160.0,94371840.0,12158386856,12158393093,12432603038,12433056121,0,672,672,831793,1,6237,453083,32,128,128,3
205,2,"[8, 32, 480, 16, 16, 0, 0, 0, 0, 0, 0, 0, 0, 0, 0, 0, 0, 0, 0, 0, 0, 0, 0, 0, 0, 0, 0, 0, 0, 0]",480,512,31457280.0,157286400.0,12158447947,12158454556,12433056793,12433704946,800,439547,439547,831792,1,6609,648153,32,128,128,3
203,2,"[32, 128, 16, 16, 32, 16, 16, 3, 3, 1, 1, 1, 1, 1, 1, 1, 8, 0, 0, 0, 0, 0, 0, 0, 0, 0, 0, 0, 0, 0]",4096,256,0.0,0.0,12164493974,12164577228,12434144493,12440028047,6400,11361,6080,831790,3,19810,5878273,32,128,128,3
152,2,"[8, 32, 128, 16, 16, 0, 0, 0, 0, 0, 0, 0, 0, 0, 0, 0, 0, 0, 0, 0, 0, 0, 0, 0, 0, 0, 0, 0, 0, 0]",2048,128,1048576.0,25165824.0,12164650692,12164656802,12440034127,12440152590,0,704,704,831789,1,6110,118463,32,128,128,3
205,2,"[8, 32, 128, 16, 16, 0, 0, 0, 0, 0, 0, 0, 0, 0, 0, 0, 0, 0, 0, 0, 0, 0, 0, 0, 0, 0, 0, 0, 0, 0]",128,512,8388608.0,41943040.0,12164712601,12164718963,12440153294,12440351532,800,8416,8416,831788,1,6362,198238,32,128,128,3
203,2,"[32, 448, 16, 16, 128, 16, 16, 1, 1, 0, 0, 1, 1, 1, 1, 1, 8, 0, 0, 0, 0, 0, 0, 0, 0, 0, 0, 0, 0, 0]",14336,256,939524096.0,38207488.0,12164839410,12164916606,12440359948,12453498306,20736,12576,6848,831787,3,18649,13132630,32,128,128,3
152,2,"[8, 32, 448, 16, 16, 0, 0, 0, 0, 0, 0, 0, 0, 0, 0, 0, 0, 0, 0, 0, 0, 0, 0, 0, 0, 0, 0, 0, 0, 0]",7168,128,3670016.0,88080384.0,12164985598,12164991571,12453505154,12453928157,0,704,704,831786,1,5973,423003,32,128,128,3
205,2,"[8, 32, 448, 16, 16, 0, 0, 0, 0, 0, 0, 0, 0, 0, 0, 0, 0, 0, 0, 0, 0, 0, 0, 0, 0, 0, 0, 0, 0, 0]",448,512,29360128.0,146800640.0,12165046994,12165053745,12453928861,12454545111,800,409756,409756,831785,1,6751,616250,32,128,128,3
203,2,"[32, 128, 16, 16, 32, 16, 16, 3, 3, 1, 1, 1, 1, 1, 1, 1, 8, 0, 0, 0, 0, 0, 0, 0, 0, 0, 0, 0, 0, 0]",4096,256,0.0,0.0,12166161689,12166240796,12454954867,12460712534,6400,11358,6080,831783,3,19262,5752389,32,128,128,3
152,2,"[8, 32, 128, 16, 16, 0, 0, 0, 0, 0, 0, 0, 0, 0, 0, 0, 0, 0, 0, 0, 0, 0, 0, 0, 0, 0, 0, 0, 0, 0]",2048,128,1048576.0,25165824.0,12166311893,12168749093,12460718614,12460834773,0,736,736,831782,1,2437200,116159,32,128,128,3
205,2,"[8, 32, 128, 16, 16, 0, 0, 0, 0, 0, 0, 0, 0, 0, 0, 0, 0, 0, 0, 0, 0, 0, 0, 0, 0, 0, 0, 0, 0, 0]",128,512,8388608.0,41943040.0,12168809616,12168816883,12460835509,12461033459,800,8160,8160,831781,1,7267,197950,32,128,128,3
203,2,"[32, 416, 16, 16, 128, 16, 16, 1, 1, 0, 0, 1, 1, 1, 1, 1, 8, 0, 0, 0, 0, 0, 0, 0, 0, 0, 0, 0, 0, 0]",13312,256,872415232.0,36077568.0,12171303155,12171912363,12461041619,12473819245,20736,11968,6592,831780,3,548536,12772250,32,128,128,3
152,2,"[8, 32, 416, 16, 16, 0, 0, 0, 0, 0, 0, 0, 0, 0, 0, 0, 0, 0, 0, 0, 0, 0, 0, 0, 0, 0, 0, 0, 0, 0]",6656,128,3407872.0,81788928.0,12171992251,12171998862,12473825837,12474220105,0,735,735,831779,1,6611,394268,32,128,128,3
205,2,"[8, 32, 416, 16, 16, 0, 0, 0, 0, 0, 0, 0, 0, 0, 0, 0, 0, 0, 0, 0, 0, 0, 0, 0, 0, 0, 0, 0, 0, 0]",416,512,27262976.0,136314880.0,12172052912,12172059664,12474220840,12474795842,800,379740,379740,831778,1,6752,575002,32,128,128,3
203,2,"[32, 128, 16, 16, 32, 16, 16, 3, 3, 1, 1, 1, 1, 1, 1, 1, 8, 0, 0, 0, 0, 0, 0, 0, 0, 0, 0, 0, 0, 0]",4096,256,0.0,0.0,12172411660,12172490579,12475175582,12480880130,6400,11552,6112,831776,3,18681,5699108,32,128,128,3
152,2,"[8, 32, 128, 16, 16, 0, 0, 0, 0, 0, 0, 0, 0, 0, 0, 0, 0, 0, 0, 0, 0, 0, 0, 0, 0, 0, 0, 0, 0, 0]",2048,128,1048576.0,25165824.0,12172560505,12172568893,12480886242,12481004865,0,736,736,831775,1,8388,118623,32,128,128,3
205,2,"[8, 32, 128, 16, 16, 0, 0, 0, 0, 0, 0, 0, 0, 0, 0, 0, 0, 0, 0, 0, 0, 0, 0, 0, 0, 0, 0, 0, 0, 0]",128,512,8388608.0,41943040.0,12172623913,12172630885,12481005601,12481204639,800,8128,8128,831774,1,6972,199038,32,128,128,3
203,2,"[32, 384, 16, 16, 128, 16, 16, 1, 1, 0, 0, 1, 1, 1, 1, 1, 8, 0, 0, 0, 0, 0, 0, 0, 0, 0, 0, 0, 0, 0]",12288,256,805306368.0,33947648.0,12172749833,12172829268,12481212767,12492086733,20736,12064,6496,831773,3,18597,10868398,32,128,128,3
152,2,"[8, 32, 384, 16, 16, 0, 0, 0, 0, 0, 0, 0, 0, 0, 0, 0, 0, 0, 0, 0, 0, 0, 0, 0, 0, 0, 0, 0, 0, 0]",6144,128,3145728.0,75497472.0,12172898583,12172904693,12492093229,12492455017,0,768,768,831772,1,6110,361788,32,128,128,3
205,2,"[8, 32, 384, 16, 16, 0, 0, 0, 0, 0, 0, 0, 0, 0, 0, 0, 0, 0, 0, 0, 0, 0, 0, 0, 0, 0, 0, 0, 0, 0]",384,512,25165824.0,125829120.0,12172958274,12172965323,12492455785,12492982404,800,353691,353691,831771,1,7049,526619,32,128,128,3
203,2,"[32, 128, 16, 16, 32, 16, 16, 3, 3, 1, 1, 1, 1, 1, 1, 1, 8, 0, 0, 0, 0, 0, 0, 0, 0, 0, 0, 0, 0, 0]",4096,256,0.0,0.0,12178776502,12179316650,12493336095,12498967268,6400,11200,5888,831769,3,200218,5625861,32,128,128,3
152,2,"[8, 32, 128, 16, 16, 0, 0, 0, 0, 0, 0, 0, 0, 0, 0, 0, 0, 0, 0, 0, 0, 0, 0, 0, 0, 0, 0, 0, 0, 0]",2048,128,1048576.0,25165824.0,12179391740,12179398461,12498973156,12499090147,0,704,704,831768,1,6721,116991,32,128,128,3
205,2,"[8, 32, 128, 16, 16, 0, 0, 0, 0, 0, 0, 0, 0, 0, 0, 0, 0, 0, 0, 0, 0, 0, 0, 0, 0, 0, 0, 0, 0, 0]",128,512,8388608.0,41943040.0,12179453105,12179459826,12499090851,12499286849,800,8096,8096,831767,1,6721,195998,32,128,128,3
203,2,"[32, 352, 16, 16, 128, 16, 16, 1, 1, 0, 0, 1, 1, 1, 1, 1, 8, 0, 0, 0, 0, 0, 0, 0, 0, 0, 0, 0, 0, 0]",11264,256,738197504.0,31817728.0,12179578104,12179658036,12499294945,12509821138,20736,12000,6496,831766,3,20485,10520689,32,128,128,3
152,2,"[8, 32, 352, 16, 16, 0, 0, 0, 0, 0, 0, 0, 0, 0, 0, 0, 0, 0, 0, 0, 0, 0, 0, 0, 0, 0, 0, 0, 0, 0]",5632,128,2883584.0,69206016.0,12179728073,12179734546,12509827634,12510157007,0,672,672,831765,1,6473,329373,32,128,128,3
205,2,"[8, 32, 352, 16, 16, 0, 0, 0, 0, 0, 0, 0, 0, 0, 0, 0, 0, 0, 0, 0, 0, 0, 0, 0, 0, 0, 0, 0, 0, 0]",352,512,23068672.0,115343360.0,12179787876,12179794440,12510157679,12510639146,800,320061,320061,831764,1,6564,481467,32,128,128,3
203,2,"[32, 128, 16, 16, 32, 16, 16, 3, 3, 1, 1, 1, 1, 1, 1, 1, 8, 0, 0, 0, 0, 0, 0, 0, 0, 0, 0, 0, 0, 0]",4096,256,0.0,0.0,12180116081,12180194910,12510959207,12516591755,6400,11072,6048,831762,3,18621,5627524,32,128,128,3
152,2,"[8, 32, 128, 16, 16, 0, 0, 0, 0, 0, 0, 0, 0, 0, 0, 0, 0, 0, 0, 0, 0, 0, 0, 0, 0, 0, 0, 0, 0, 0]",2048,128,1048576.0,25165824.0,12180269111,12180275637,12516597803,12516713866,0,608,608,831761,1,6526,116063,32,128,128,3
205,2,"[8, 32, 128, 16, 16, 0, 0, 0, 0, 0, 0, 0, 0, 0, 0, 0, 0, 0, 0, 0, 0, 0, 0, 0, 0, 0, 0, 0, 0, 0]",128,512,8388608.0,41943040.0,12180331057,12180337812,12516714474,12516908264,800,8128,8128,831760,1,6755,193790,32,128,128,3
203,2,"[32, 320, 16, 16, 128, 16, 16, 1, 1, 0, 0, 1, 1, 1, 1, 1, 8, 0, 0, 0, 0, 0, 0, 0, 0, 0, 0, 0, 0, 0]",10240,256,671088640.0,29687808.0,12180455483,12181150379,12516916392,12526135111,20736,11328,6144,831759,3,634801,9213535,32,128,128,3
152,2,"[8, 32, 320, 16, 16, 0, 0, 0, 0, 0, 0, 0, 0, 0, 0, 0, 0, 0, 0, 0, 0, 0, 0, 0, 0, 0, 0, 0, 0, 0]",5120,128,2621440.0,62914560.0,12181220174,12181226331,12526141255,12526441860,0,640,640,831758,1,6157,300605,32,128,128,3
205,2,"[8, 32, 320, 16, 16, 0, 0, 0, 0, 0, 0, 0, 0, 0, 0, 0, 0, 0, 0, 0, 0, 0, 0, 0, 0, 0, 0, 0, 0, 0]",320,512,20971520.0,104857600.0,12181282617,12181289400,12526442500,12526879296,800,292476,292476,831757,1,6783,436796,32,128,128,3
203,2,"[32, 128, 16, 16, 32, 16, 16, 3, 3, 1, 1, 1, 1, 1, 1, 1, 8, 0, 0, 0, 0, 0, 0, 0, 0, 0, 0, 0, 0, 0]",4096,256,0.0,0.0,12186695256,12186775388,12527171772,12532888992,6400,11328,5984,831755,3,19331,5711876,32,128,128,3
152,2,"[8, 32, 128, 16, 16, 0, 0, 0, 0, 0, 0, 0, 0, 0, 0, 0, 0, 0, 0, 0, 0, 0, 0, 0, 0, 0, 0, 0, 0, 0]",2048,128,1048576.0,25165824.0,12186846104,12186852663,12532894976,12533010623,0,704,704,831754,1,6559,115647,32,128,128,3
205,2,"[8, 32, 128, 16, 16, 0, 0, 0, 0, 0, 0, 0, 0, 0, 0, 0, 0, 0, 0, 0, 0, 0, 0, 0, 0, 0, 0, 0, 0, 0]",128,512,8388608.0,41943040.0,12186910871,12186917923,12533011327,12533208701,800,8512,8512,831753,1,7052,197374,32,128,128,3
203,2,"[32, 288, 16, 16, 128, 16, 16, 1, 1, 0, 0, 1, 1, 1, 1, 1, 8, 0, 0, 0, 0, 0, 0, 0, 0, 0, 0, 0, 0, 0]",9216,256,603979776.0,27557888.0,12187038369,12187119001,12533217213,12542389629,20736,11648,6080,831752,3,18824,9166848,32,128,128,3
152,2,"[8, 32, 288, 16, 16, 0, 0, 0, 0, 0, 0, 0, 0, 0, 0, 0, 0, 0, 0, 0, 0, 0, 0, 0, 0, 0, 0, 0, 0, 0]",4608,128,2359296.0,56623104.0,12187187227,12187193424,12542395709,12542666041,0,704,704,831751,1,6197,270332,32,128,128,3
205,2,"[8, 32, 288, 16, 16, 0, 0, 0, 0, 0, 0, 0, 0, 0, 0, 0, 0, 0, 0, 0, 0, 0, 0, 0, 0, 0, 0, 0, 0, 0]",288,512,18874368.0,94371840.0,12187246991,12187253281,12542666745,12543072853,800,263549,263549,831750,1,6290,406108,32,128,128,3
203,2,"[32, 128, 16, 16, 32, 16, 16, 3, 3, 1, 1, 1, 1, 1, 1, 1, 8, 0, 0, 0, 0, 0, 0, 0, 0, 0, 0, 0, 0, 0]",4096,256,0.0,0.0,12187524792,12187603132,12543336402,12549087926,6400,11552,6176,831748,3,18576,5746148,32,128,128,3
152,2,"[8, 32, 128, 16, 16, 0, 0, 0, 0, 0, 0, 0, 0, 0, 0, 0, 0, 0, 0, 0, 0, 0, 0, 0, 0, 0, 0, 0, 0, 0]",2048,128,1048576.0,25165824.0,12187680782,12187687446,12549094102,12549210677,0,672,672,831747,1,6664,116575,32,128,128,3
205,2,"[8, 32, 128, 16, 16, 0, 0, 0, 0, 0, 0, 0, 0, 0, 0, 0, 0, 0, 0, 0, 0, 0, 0, 0, 0, 0, 0, 0, 0, 0]",128,512,8388608.0,41943040.0,12187743449,12188353308,12549211349,12549405107,800,8288,8288,831746,1,609859,193758,32,128,128,3
203,2,"[32, 256, 16, 16, 128, 16, 16, 1, 1, 0, 0, 1, 1, 1, 1, 1, 8, 0, 0, 0, 0, 0, 0, 0, 0, 0, 0, 0, 0, 0]",8192,256,536870912.0,25427968.0,12188473948,12188551819,12549413395,12557073794,20736,11424,5888,831745,3,18897,7654863,32,128,128,3
152,2,"[8, 32, 256, 16, 16, 0, 0, 0, 0, 0, 0, 0, 0, 0, 0, 0, 0, 0, 0, 0, 0, 0, 0, 0, 0, 0, 0, 0, 0, 0]",4096,128,2097152.0,50331648.0,12190893461,12190900317,12557079682,12557318432,0,640,640,831744,1,6856,238750,32,128,128,3
205,2,"[8, 32, 256, 16, 16, 0, 0, 0, 0, 0, 0, 0, 0, 0, 0, 0, 0, 0, 0, 0, 0, 0, 0, 0, 0, 0, 0, 0, 0, 0]",256,512,16777216.0,83886080.0,12190955044,12193160660,12557319072,12557678300,800,231422,231422,831743,1,2205616,359228,32,128,128,3
203,2,"[32, 128, 16, 16, 32, 16, 16, 3, 3, 1, 1, 1, 1, 1, 1, 1, 8, 0, 0, 0, 0, 0, 0, 0, 0, 0, 0, 0, 0, 0]",4096,256,0.0,0.0,12193893225,12193973656,12557909722,12563602110,6400,11166,6079,831741,3,19276,5687301,32,128,128,3
152,2,"[8, 32, 128, 16, 16, 0, 0, 0, 0, 0, 0, 0, 0, 0, 0, 0, 0, 0, 0, 0, 0, 0, 0, 0, 0, 0, 0, 0, 0, 0]",2048,128,1048576.0,25165824.0,12194047898,12194054191,12563608189,12563724957,0,704,704,831740,1,6293,116768,32,128,128,3
205,2,"[8, 32, 128, 16, 16, 0, 0, 0, 0, 0, 0, 0, 0, 0, 0, 0, 0, 0, 0, 0, 0, 0, 0, 0, 0, 0, 0, 0, 0, 0]",128,512,8388608.0,41943040.0,12194108819,12194115566,12563725661,12563924986,800,8032,8032,831739,1,6747,199325,32,128,128,3
203,2,"[32, 224, 16, 16, 128, 16, 16, 1, 1, 0, 0, 1, 1, 1, 1, 1, 8, 0, 0, 0, 0, 0, 0, 0, 0, 0, 0, 0, 0, 0]",7168,256,469762048.0,23298048.0,12194233842,12194311186,12563933018,12571230893,20736,11074,5569,831738,3,18689,7292370,32,128,128,3
152,2,"[8, 32, 224, 16, 16, 0, 0, 0, 0, 0, 0, 0, 0, 0, 0, 0, 0, 0, 0, 0, 0, 0, 0, 0, 0, 0, 0, 0, 0, 0]",3584,128,1835008.0,44040192.0,12194390593,12194396827,12571236462,12571443884,0,576,576,831737,1,6234,207422,32,128,128,3
205,2,"[8, 32, 224, 16, 16, 0, 0, 0, 0, 0, 0, 0, 0, 0, 0, 0, 0, 0, 0, 0, 0, 0, 0, 0, 0, 0, 0, 0, 0, 0]",224,512,14680064.0,73400320.0,12194451910,12194461567,12571444460,12571757896,800,200798,200798,831736,1,9657,313436,32,128,128,3
203,2,"[32, 128, 16, 16, 32, 16, 16, 3, 3, 1, 1, 1, 1, 1, 1, 1, 8, 0, 0, 0, 0, 0, 0, 0, 0, 0, 0, 0, 0, 0]",4096,256,0.0,0.0,12194697610,12194800043,12571958694,12577588395,6400,11007,5952,831734,3,41160,5624646,32,128,128,3
152,2,"[8, 32, 128, 16, 16, 0, 0, 0, 0, 0, 0, 0, 0, 0, 0, 0, 0, 0, 0, 0, 0, 0, 0, 0, 0, 0, 0, 0, 0, 0]",2048,128,1048576.0,25165824.0,12194873402,12195497142,12577594347,12577711882,0,736,736,831733,1,623740,117535,32,128,128,3
205,2,"[8, 32, 128, 16, 16, 0, 0, 0, 0, 0, 0, 0, 0, 0, 0, 0, 0, 0, 0, 0, 0, 0, 0, 0, 0, 0, 0, 0, 0, 0]",128,512,8388608.0,41943040.0,12195552666,12195561562,12577712618,12577910151,800,8192,8192,831732,1,8896,197533,32,128,128,3
203,2,"[32, 192, 16, 16, 128, 16, 16, 1, 1, 0, 0, 1, 1, 1, 1, 1, 8, 0, 0, 0, 0, 0, 0, 0, 0, 0, 0, 0, 0, 0]",6144,256,402653184.0,21168128.0,12195678729,12197846853,12577918343,12583685515,20736,10880,5344,831731,3,2108846,5761636,32,128,128,3
152,2,"[8, 32, 192, 16, 16, 0, 0, 0, 0, 0, 0, 0, 0, 0, 0, 0, 0, 0, 0, 0, 0, 0, 0, 0, 0, 0, 0, 0, 0, 0]",3072,128,1572864.0,37748736.0,12197923729,12200060694,12583690859,12583867433,0,768,768,831730,1,2136965,176574,32,128,128,3
205,2,"[8, 32, 192, 16, 16, 0, 0, 0, 0, 0, 0, 0, 0, 0, 0, 0, 0, 0, 0, 0, 0, 0, 0, 0, 0, 0, 0, 0, 0, 0]",192,512,12582912.0,62914560.0,12200117841,12200125419,12583868201,12584141350,800,171902,171902,831729,1,7578,273149,32,128,128,3
203,2,"[32, 128, 16, 16, 32, 16, 16, 3, 3, 1, 1, 1, 1, 1, 1, 1, 8, 0, 0, 0, 0, 0, 0, 0, 0, 0, 0, 0, 0, 0]",4096,256,0.0,0.0,12200783059,12200863404,12584313252,12589947433,6400,11231,6016,831727,3,19476,5628966,32,128,128,3
152,2,"[8, 32, 128, 16, 16, 0, 0, 0, 0, 0, 0, 0, 0, 0, 0, 0, 0, 0, 0, 0, 0, 0, 0, 0, 0, 0, 0, 0, 0, 0]",2048,128,1048576.0,25165824.0,12200933910,12200939977,12589953449,12590069768,0,672,672,831726,1,6067,116319,32,128,128,3
205,2,"[8, 32, 128, 16, 16, 0, 0, 0, 0, 0, 0, 0, 0, 0, 0, 0, 0, 0, 0, 0, 0, 0, 0, 0, 0, 0, 0, 0, 0, 0]",128,512,8388608.0,41943040.0,12200996684,12201003307,12590070440,12590264998,800,8128,8128,831725,1,6623,194558,32,128,128,3
203,2,"[32, 160, 16, 16, 128, 16, 16, 1, 1, 0, 0, 1, 1, 1, 1, 1, 8, 0, 0, 0, 0, 0, 0, 0, 0, 0, 0, 0, 0, 0]",5120,256,335544320.0,19038208.0,12201121007,12201200636,12590273126,12596215847,20736,10240,5056,831724,3,18916,5937537,32,128,128,3
152,2,"[8, 32, 160, 16, 16, 0, 0, 0, 0, 0, 0, 0, 0, 0, 0, 0, 0, 0, 0, 0, 0, 0, 0, 0, 0, 0, 0, 0, 0, 0]",2560,128,1310720.0,31457280.0,12201267159,12201273323,12596220903,12596366342,0,607,607,831723,1,6164,145439,32,128,128,3
205,2,"[8, 32, 160, 16, 16, 0, 0, 0, 0, 0, 0, 0, 0, 0, 0, 0, 0, 0, 0, 0, 0, 0, 0, 0, 0, 0, 0, 0, 0, 0]",160,512,10485760.0,52428800.0,12201327244,12201333642,12596366949,12596590083,800,141471,141471,831722,1,6398,223134,32,128,128,3
203,2,"[32, 128, 16, 16, 32, 16, 16, 3, 3, 1, 1, 1, 1, 1, 1, 1, 8, 0, 0, 0, 0, 0, 0, 0, 0, 0, 0, 0, 0, 0]",4096,256,0.0,0.0,12201526558,12201604371,12596731554,12602317447,6400,10847,5920,831720,3,18522,5580966,32,128,128,3
152,2,"[8, 32, 128, 16, 16, 0, 0, 0, 0, 0, 0, 0, 0, 0, 0, 0, 0, 0, 0, 0, 0, 0, 0, 0, 0, 0, 0, 0, 0, 0]",2048,128,1048576.0,25165824.0,12201677047,12201684167,12602323367,12602440390,0,608,608,831719,1,7120,117023,32,128,128,3
205,2,"[8, 32, 128, 16, 16, 0, 0, 0, 0, 0, 0, 0, 0, 0, 0, 0, 0, 0, 0, 0, 0, 0, 0, 0, 0, 0, 0, 0, 0, 0]",128,512,8388608.0,41943040.0,12201739841,12201746487,12602440998,12602637668,800,7936,7936,831718,1,6646,196670,32,128,128,3
203,2,"[32, 128, 16, 16, 128, 16, 16, 1, 1, 0, 0, 1, 1, 1, 1, 1, 8, 0, 0, 0, 0, 0, 0, 0, 0, 0, 0, 0, 0, 0]",4096,256,268435456.0,16908288.0,12202449949,12202529637,12602645604,12605337511,10496,9600,4896,831717,3,18740,2687203,32,128,128,3
152,2,"[8, 32, 128, 16, 16, 0, 0, 0, 0, 0, 0, 0, 0, 0, 0, 0, 0, 0, 0, 0, 0, 0, 0, 0, 0, 0, 0, 0, 0, 0]",2048,128,1048576.0,25165824.0,12202595748,12204712451,12605342407,12605457286,0,640,640,831716,1,2116703,114879,32,128,128,3
205,2,"[8, 32, 128, 16, 16, 0, 0, 0, 0, 0, 0, 0, 0, 0, 0, 0, 0, 0, 0, 0, 0, 0, 0, 0, 0, 0, 0, 0, 0, 0]",128,512,8388608.0,41943040.0,12204768580,12204775702,12605457926,12605651492,800,138079,138079,831715,1,7122,193566,32,128,128,3
189,2,"[8, 32, 128, 32, 32, 0, 0, 0, 0, 0, 0, 0, 0, 0, 0, 0, 0, 0, 0, 0, 0, 0, 0, 0, 0, 0, 0, 0, 0, 0]",4096,1024,0.0,0.0,12207111194,12207386248,12605789571,12606331389,0,704,704,831713,1,275054,541818,32,128,128,3
203,2,"[32, 256, 32, 32, 128, 32, 32, 1, 1, 0, 0, 1, 1, 1, 1, 1, 8, 0, 0, 0, 0, 0, 0, 0, 0, 0, 0, 0, 0, 0]",32768,256,2147483648.0,100925440.0,12207455645,12207535619,12606332093,12636849020,20736,11456,6048,831712,3,19682,30511519,32,128,128,3
152,2,"[8, 32, 256, 32, 32, 0, 0, 0, 0, 0, 0, 0, 0, 0, 0, 0, 0, 0, 0, 0, 0, 0, 0, 0, 0, 0, 0, 0, 0, 0]",16384,128,8388608.0,201326592.0,12207608414,12207614600,12636855068,12637825202,0,736,736,831711,1,6186,970134,32,128,128,3
205,2,"[8, 32, 256, 32, 32, 0, 0, 0, 0, 0, 0, 0, 0, 0, 0, 0, 0, 0, 0, 0, 0, 0, 0, 0, 0, 0, 0, 0, 0, 0]",256,512,67108864.0,335544320.0,12207670987,12207678412,12637825938,12639284995,800,8704,8704,831710,1,7425,1459057,32,128,128,3
203,2,"[32, 128, 32, 32, 32, 32, 32, 3, 3, 1, 1, 1, 1, 1, 1, 1, 8, 0, 0, 0, 0, 0, 0, 0, 0, 0, 0, 0, 0, 0]",16384,256,0.0,0.0,12207821516,12207977130,12639293699,12662158643,6400,12447,6144,831708,4,26929,22858641,32,128,128,3
152,2,"[8, 32, 128, 32, 32, 0, 0, 0, 0, 0, 0, 0, 0, 0, 0, 0, 0, 0, 0, 0, 0, 0, 0, 0, 0, 0, 0, 0, 0, 0]",8192,128,4194304.0,100663296.0,12208052803,12208059290,12662164787,12662646382,0,640,640,831707,1,6487,481595,32,128,128,3
205,2,"[8, 32, 128, 32, 32, 0, 0, 0, 0, 0, 0, 0, 0, 0, 0, 0, 0, 0, 0, 0, 0, 0, 0, 0, 0, 0, 0, 0, 0, 0]",128,512,33554432.0,167772160.0,12208116174,12208123764,12662647022,12663386438,800,8416,8416,831706,1,7590,739416,32,128,128,3
203,2,"[32, 224, 32, 32, 128, 32, 32, 1, 1, 0, 0, 1, 1, 1, 1, 1, 8, 0, 0, 0, 0, 0, 0, 0, 0, 0, 0, 0, 0, 0]",28672,256,1879048192.0,92504064.0,12208242844,12208319590,12663394854,12692240375,20736,10849,5824,831705,3,18452,28840496,32,128,128,3
152,2,"[8, 32, 224, 32, 32, 0, 0, 0, 0, 0, 0, 0, 0, 0, 0, 0, 0, 0, 0, 0, 0, 0, 0, 0, 0, 0, 0, 0, 0, 0]",14336,128,7340032.0,176160768.0,12208390680,12208396712,12692246199,12693093070,0,768,768,831704,1,6032,846871,32,128,128,3
205,2,"[8, 32, 224, 32, 32, 0, 0, 0, 0, 0, 0, 0, 0, 0, 0, 0, 0, 0, 0, 0, 0, 0, 0, 0, 0, 0, 0, 0, 0, 0]",224,512,58720256.0,293601280.0,12208452697,12208459644,12693093838,12694332449,800,739832,739832,831703,1,6947,1238611,32,128,128,3
203,2,"[32, 128, 32, 32, 32, 32, 32, 3, 3, 1, 1, 1, 1, 1, 1, 1, 8, 0, 0, 0, 0, 0, 0, 0, 0, 0, 0, 0, 0, 0]",16384,256,0.0,0.0,12209289922,12211310938,12695072281,12717374127,6400,11649,6048,831701,3,19082,22296245,32,128,128,3
152,2,"[8, 32, 128, 32, 32, 0, 0, 0, 0, 0, 0, 0, 0, 0, 0, 0, 0, 0, 0, 0, 0, 0, 0, 0, 0, 0, 0, 0, 0, 0]",8192,128,4194304.0,100663296.0,12213378719,12213385585,12717380175,12717862506,0,768,768,831700,1,6866,482331,32,128,128,3
205,2,"[8, 32, 128, 32, 32, 0, 0, 0, 0, 0, 0, 0, 0, 0, 0, 0, 0, 0, 0, 0, 0, 0, 0, 0, 0, 0, 0, 0, 0, 0]",128,512,33554432.0,167772160.0,12213441337,12213590147,12717863274,12718605442,800,8128,8128,831699,1,148810,742168,32,128,128,3
203,2,"[32, 192, 32, 32, 128, 32, 32, 1, 1, 0, 0, 1, 1, 1, 1, 1, 8, 0, 0, 0, 0, 0, 0, 0, 0, 0, 0, 0, 0, 0]",24576,256,1610612736.0,84082688.0,12213975339,12214053668,12718613570,12741105206,20736,10943,5631,831698,3,19109,22486324,32,128,128,3
152,2,"[8, 32, 192, 32, 32, 0, 0, 0, 0, 0, 0, 0, 0, 0, 0, 0, 0, 0, 0, 0, 0, 0, 0, 0, 0, 0, 0, 0, 0, 0]",12288,128,6291456.0,150994944.0,12214123404,12214129789,12741110837,12741837934,0,640,640,831697,1,6385,727097,32,128,128,3
205,2,"[8, 32, 192, 32, 32, 0, 0, 0, 0, 0, 0, 0, 0, 0, 0, 0, 0, 0, 0, 0, 0, 0, 0, 0, 0, 0, 0, 0, 0, 0]",192,512,50331648.0,251658240.0,12214186192,12214193661,12741838574,12742903043,800,636249,636249,831696,1,7469,1064469,32,128,128,3
203,2,"[32, 128, 32, 32, 32, 32, 32, 3, 3, 1, 1, 1, 1, 1, 1, 1, 8, 0, 0, 0, 0, 0, 0, 0, 0, 0, 0, 0, 0, 0]",16384,256,0.0,0.0,12214451236,12214530828,12743539292,12765190521,6400,11039,5951,831694,3,19102,21646141,32,128,128,3
152,2,"[8, 32, 128, 32, 32, 0, 0, 0, 0, 0, 0, 0, 0, 0, 0, 0, 0, 0, 0, 0, 0, 0, 0, 0, 0, 0, 0, 0, 0, 0]",8192,128,4194304.0,100663296.0,12214603780,12214609960,12765196472,12765678932,0,672,672,831693,1,6180,482460,32,128,128,3
205,2,"[8, 32, 128, 32, 32, 0, 0, 0, 0, 0, 0, 0, 0, 0, 0, 0, 0, 0, 0, 0, 0, 0, 0, 0, 0, 0, 0, 0, 0, 0]",128,512,33554432.0,167772160.0,12214664327,12214671296,12765679604,12766414732,800,7968,7968,831692,1,6969,735128,32,128,128,3
203,2,"[32, 160, 32, 32, 128, 32, 32, 1, 1, 0, 0, 1, 1, 1, 1, 1, 8, 0, 0, 0, 0, 0, 0, 0, 0, 0, 0, 0, 0, 0]",20480,256,1342177280.0,75661312.0,12214788678,12214926228,12766422700,12787202610,20736,10495,5023,831691,3,19003,20774438,32,128,128,3
152,2,"[8, 32, 160, 32, 32, 0, 0, 0, 0, 0, 0, 0, 0, 0, 0, 0, 0, 0, 0, 0, 0, 0, 0, 0, 0, 0, 0, 0, 0, 0]",10240,128,5242880.0,125829120.0,12215639667,12215646149,12787207633,12787812395,0,608,608,831690,1,6482,604762,32,128,128,3
205,2,"[8, 32, 160, 32, 32, 0, 0, 0, 0, 0, 0, 0, 0, 0, 0, 0, 0, 0, 0, 0, 0, 0, 0, 0, 0, 0, 0, 0, 0, 0]",160,512,41943040.0,209715200.0,12215702121,12215708797,12787813003,12788695522,800,529050,529050,831689,1,6676,882519,32,128,128,3
203,2,"[32, 128, 32, 32, 32, 32, 32, 3, 3, 1, 1, 1, 1, 1, 1, 1, 8, 0, 0, 0, 0, 0, 0, 0, 0, 0, 0, 0, 0, 0]",16384,256,0.0,0.0,12217942790,12220397927,12789224572,12810747610,6400,10976,6048,831687,3,2230461,21518110,32,128,128,3
152,2,"[8, 32, 128, 32, 32, 0, 0, 0, 0, 0, 0, 0, 0, 0, 0, 0, 0, 0, 0, 0, 0, 0, 0, 0, 0, 0, 0, 0, 0, 0]",8192,128,4194304.0,100663296.0,12220471349,12220478181,12810753658,12811236693,0,576,576,831686,1,6832,483035,32,128,128,3
205,2,"[8, 32, 128, 32, 32, 0, 0, 0, 0, 0, 0, 0, 0, 0, 0, 0, 0, 0, 0, 0, 0, 0, 0, 0, 0, 0, 0, 0, 0, 0]",128,512,33554432.0,167772160.0,12220533519,12220540612,12811237269,12811980621,800,8128,8128,831685,1,7093,743352,32,128,128,3
203,2,"[32, 128, 32, 32, 128, 32, 32, 1, 1, 0, 0, 1, 1, 1, 1, 1, 8, 0, 0, 0, 0, 0, 0, 0, 0, 0, 0, 0, 0, 0]",16384,256,1073741824.0,67239936.0,12220661213,12220739104,12811988749,12827785063,20736,9760,4864,831684,3,19125,15791418,32,128,128,3
152,2,"[8, 32, 128, 32, 32, 0, 0, 0, 0, 0, 0, 0, 0, 0, 0, 0, 0, 0, 0, 0, 0, 0, 0, 0, 0, 0, 0, 0, 0, 0]",8192,128,4194304.0,100663296.0,12220806832,12220813145,12827789927,12828271234,0,608,608,831683,1,6313,481307,32,128,128,3
205,2,"[8, 32, 128, 32, 32, 0, 0, 0, 0, 0, 0, 0, 0, 0, 0, 0, 0, 0, 0, 0, 0, 0, 0, 0, 0, 0, 0, 0, 0, 0]",128,512,33554432.0,167772160.0,12220869499,12220877209,12828271842,12829009210,800,424668,424668,831682,1,7710,737368,32,128,128,3
203,2,"[32, 128, 32, 32, 32, 32, 32, 3, 3, 1, 1, 1, 1, 1, 1, 1, 8, 0, 0, 0, 0, 0, 0, 0, 0, 0, 0, 0, 0, 0]",16384,256,0.0,0.0,12221098692,12221177906,12829433878,12850558648,6400,10784,5888,831680,3,19029,21119874,32,128,128,3
152,2,"[8, 32, 128, 32, 32, 0, 0, 0, 0, 0, 0, 0, 0, 0, 0, 0, 0, 0, 0, 0, 0, 0, 0, 0, 0, 0, 0, 0, 0, 0]",8192,128,4194304.0,100663296.0,12221249849,12221256024,12850564536,12851049203,0,640,640,831679,1,6175,484667,32,128,128,3
205,2,"[8, 32, 128, 32, 32, 0, 0, 0, 0, 0, 0, 0, 0, 0, 0, 0, 0, 0, 0, 0, 0, 0, 0, 0, 0, 0, 0, 0, 0, 0]",128,512,33554432.0,167772160.0,12221312531,12221319183,12851049843,12851784683,800,7936,7936,831678,1,6652,734840,32,128,128,3
203,2,"[32, 96, 32, 32, 128, 32, 32, 1, 1, 0, 0, 1, 1, 1, 1, 1, 8, 0, 0, 0, 0, 0, 0, 0, 0, 0, 0, 0, 0, 0]",12288,256,805306368.0,58818560.0,12221482118,12222179191,12851792619,12866153812,20736,9695,4672,831677,3,637465,14356170,32,128,128,3
152,2,"[8, 32, 96, 32, 32, 0, 0, 0, 0, 0, 0, 0, 0, 0, 0, 0, 0, 0, 0, 0, 0, 0, 0, 0, 0, 0, 0, 0, 0, 0]",6144,128,3145728.0,75497472.0,12222252076,12222258404,12866158484,12866517840,0,641,641,831676,1,6328,359356,32,128,128,3
205,2,"[8, 32, 96, 32, 32, 0, 0, 0, 0, 0, 0, 0, 0, 0, 0, 0, 0, 0, 0, 0, 0, 0, 0, 0, 0, 0, 0, 0, 0, 0]",96,512,25165824.0,125829120.0,12222313576,12222320329,12866518481,12867076459,800,317916,317916,831675,1,6753,557978,32,128,128,3
203,2,"[32, 128, 32, 32, 32, 32, 32, 3, 3, 1, 1, 1, 1, 1, 1, 1, 8, 0, 0, 0, 0, 0, 0, 0, 0, 0, 0, 0, 0, 0]",16384,256,0.0,0.0,12226313401,12226742119,12867394375,12888512521,6400,11104,5856,831673,3,148577,21112898,32,128,128,3
152,2,"[8, 32, 128, 32, 32, 0, 0, 0, 0, 0, 0, 0, 0, 0, 0, 0, 0, 0, 0, 0, 0, 0, 0, 0, 0, 0, 0, 0, 0, 0]",8192,128,4194304.0,100663296.0,12226813513,12226820282,12888518377,12889001988,0,608,608,831672,1,6769,483611,32,128,128,3
205,2,"[8, 32, 128, 32, 32, 0, 0, 0, 0, 0, 0, 0, 0, 0, 0, 0, 0, 0, 0, 0, 0, 0, 0, 0, 0, 0, 0, 0, 0, 0]",128,512,33554432.0,167772160.0,12226877982,12226884933,12889002596,12889737436,800,8321,8321,831671,1,6951,734840,32,128,128,3
203,2,"[32, 64, 32, 32, 128, 32, 32, 1, 1, 0, 0, 1, 1, 1, 1, 1, 8, 0, 0, 0, 0, 0, 0, 0, 0, 0, 0, 0, 0, 0]",8192,256,536870912.0,50397184.0,12227002694,12227082065,12889745757,12897682217,20736,9440,4512,831670,3,18406,7931532,32,128,128,3
152,2,"[8, 32, 64, 32, 32, 0, 0, 0, 0, 0, 0, 0, 0, 0, 0, 0, 0, 0, 0, 0, 0, 0, 0, 0, 0, 0, 0, 0, 0, 0]",4096,128,2097152.0,50331648.0,12227152630,12227158792,12897686729,12897922791,0,671,671,831669,1,6162,236062,32,128,128,3
205,2,"[8, 32, 64, 32, 32, 0, 0, 0, 0, 0, 0, 0, 0, 0, 0, 0, 0, 0, 0, 0, 0, 0, 0, 0, 0, 0, 0, 0, 0, 0]",64,512,16777216.0,83886080.0,12227214931,12227221709,12897923462,12898276259,800,267229,267229,831668,1,6778,352797,32,128,128,3
183,2,"[8, 32, 64, 64, 64, 0, 0, 0, 0, 0, 0, 0, 0, 0, 0, 0, 0, 0, 0, 0, 0, 0, 0, 0, 0, 0, 0, 0, 0, 0]",32768,256,0.0,0.0,12227353041,12227372437,12898543488,12899789139,0,1280,672,831666,2,13749,1245043,32,128,128,3
152,2,"[8, 32, 64, 64, 64, 0, 0, 0, 0, 0, 0, 0, 0, 0, 0, 0, 0, 0, 0, 0, 0, 0, 0, 0, 0, 0, 0, 0, 0, 0]",16384,128,8388608.0,201326592.0,12227397840,12227404274,12899789811,12900766537,0,672,672,831665,1,6434,976726,32,128,128,3
205,2,"[8, 32, 64, 64, 64, 0, 0, 0, 0, 0, 0, 0, 0, 0, 0, 0, 0, 0, 0, 0, 0, 0, 0, 0, 0, 0, 0, 0, 0, 0]",64,512,67108864.0,335544320.0,12227455182,12227462323,12900767209,12902179130,800,10848,10848,831664,1,7141,1411921,32,128,128,3
203,2,"[32, 3, 128, 128, 64, 64, 64, 7, 7, 3, 3, 2, 2, 1, 1, 1, 8, 0, 0, 0, 0, 0, 0, 0, 0, 0, 0, 0, 0, 0]",192,64,0.0,0.0,12227595246,12227601389,12902189978,12918513039,6400,4896,4896,831663,1,6143,16323061,32,128,128,3
16,3,"[8, 64, 3, 7, 7, 0, 0, 0, 0, 0, 0, 0, 0, 0, 0, 4, 0, 0, 0, 0, 0, 0, 0, 0, 0, 0, 0, 0, 0, 0]",19,128,9408.0,150532.0,12229679842,12229700716,12918517935,12918520910,0,608,608,-1,1,20874,2975,32,128,128,3
12,3,"[8, 64, 3, 7, 7, 0, 0, 0, 0, 0, 0, 0, 0, 0, 0, 8, 64, 3, 7, 7, 0, 0, 0, 0, 0, 0, 0, 0, 0, 0]",19,128,9408.0,225792.0,12229798667,12229808862,12918521518,12918523950,0,576,576,-1,1,10195,2432,32,128,128,3
12,3,"[8, 64, 3, 7, 7, 0, 0, 0, 0, 0, 0, 0, 0, 0, 0, 8, 64, 3, 7, 7, 0, 0, 0, 0, 0, 0, 0, 0, 0, 0]",19,128,9408.0,225792.0,12229893849,12229902281,12918524526,12918527150,0,768,768,-1,1,8432,2624,32,128,128,3
16,3,"[8, 64, 0, 0, 0, 0, 0, 0, 0, 0, 0, 0, 0, 0, 0, 4, 0, 0, 0, 0, 0, 0, 0, 0, 0, 0, 0, 0, 0, 0]",1,128,64.0,1028.0,12229981329,12229989852,12918527918,12918530094,0,640,640,-1,1,8523,2176,32,128,128,3
12,3,"[8, 64, 0, 0, 0, 0, 0, 0, 0, 0, 0, 0, 0, 0, 0, 8, 64, 0, 0, 0, 0, 0, 0, 0, 0, 0, 0, 0, 0, 0]",1,128,64.0,1536.0,12230067133,12230074845,12918530734,12918533134,0,608,608,-1,1,7712,2400,32,128,128,3
12,3,"[8, 64, 0, 0, 0, 0, 0, 0, 0, 0, 0, 0, 0, 0, 0, 8, 64, 0, 0, 0, 0, 0, 0, 0, 0, 0, 0, 0, 0, 0]",1,128,64.0,1536.0,12230155208,12230164703,12918533742,12918536110,0,640,640,-1,1,9495,2368,32,128,128,3
16,3,"[8, 64, 0, 0, 0, 0, 0, 0, 0, 0, 0, 0, 0, 0, 0, 4, 0, 0, 0, 0, 0, 0, 0, 0, 0, 0, 0, 0, 0, 0]",1,128,64.0,1028.0,12230239953,12230247541,12918536750,12918538990,0,704,704,-1,1,7588,2240,32,128,128,3
12,3,"[8, 64, 0, 0, 0, 0, 0, 0, 0, 0, 0, 0, 0, 0, 0, 8, 64, 0, 0, 0, 0, 0, 0, 0, 0, 0, 0, 0, 0, 0]",1,128,64.0,1536.0,12230324034,12230331520,12918539694,12918542094,0,672,672,-1,1,7486,2400,32,128,128,3
12,3,"[8, 64, 0, 0, 0, 0, 0, 0, 0, 0, 0, 0, 0, 0, 0, 8, 64, 0, 0, 0, 0, 0, 0, 0, 0, 0, 0, 0, 0, 0]",1,128,64.0,1536.0,12230406150,12230602032,12918542766,12918545198,0,576,576,-1,1,195882,2432,32,128,128,3
16,3,"[8, 64, 0, 0, 0, 0, 0, 0, 0, 0, 0, 0, 0, 0, 0, 4, 0, 0, 0, 0, 0, 0, 0, 0, 0, 0, 0, 0, 0, 0]",1,128,64.0,1028.0,12230681234,12230689275,12918545774,12918547982,0,608,608,-1,1,8041,2208,32,128,128,3
12,3,"[8, 64, 0, 0, 0, 0, 0, 0, 0, 0, 0, 0, 0, 0, 0, 8, 64, 0, 0, 0, 0, 0, 0, 0, 0, 0, 0, 0, 0, 0]",1,128,64.0,1536.0,12230766825,12232477664,12918548590,12918550990,0,608,608,-1,1,1710839,2400,32,128,128,3
12,3,"[8, 64, 0, 0, 0, 0, 0, 0, 0, 0, 0, 0, 0, 0, 0, 8, 64, 0, 0, 0, 0, 0, 0, 0, 0, 0, 0, 0, 0, 0]",1,128,64.0,1536.0,12232559095,12232566941,12918551598,12918553998,0,608,608,-1,1,7846,2400,32,128,128,3
16,3,"[8, 64, 0, 0, 0, 0, 0, 0, 0, 0, 0, 0, 0, 0, 0, 4, 0, 0, 0, 0, 0, 0, 0, 0, 0, 0, 0, 0, 0, 0]",1,128,64.0,1028.0,12232641239,12232692064,12918554606,12918556814,0,608,608,-1,1,50825,2208,32,128,128,3
12,3,"[8, 64, 0, 0, 0, 0, 0, 0, 0, 0, 0, 0, 0, 0, 0, 8, 64, 0, 0, 0, 0, 0, 0, 0, 0, 0, 0, 0, 0, 0]",1,128,64.0,1536.0,12232768676,12232952779,12918557422,12918559854,0,576,576,-1,1,184103,2432,32,128,128,3
12,3,"[8, 64, 0, 0, 0, 0, 0, 0, 0, 0, 0, 0, 0, 0, 0, 8, 64, 0, 0, 0, 0, 0, 0, 0, 0, 0, 0, 0, 0, 0]",1,128,64.0,1536.0,12233029384,12233036963,12918560430,12918562830,0,608,608,-1,1,7579,2400,32,128,128,3
16,3,"[8, 128, 64, 1, 1, 0, 0, 0, 0, 0, 0, 0, 0, 0, 0, 4, 0, 0, 0, 0, 0, 0, 0, 0, 0, 0, 0, 0, 0, 0]",16,128,8192.0,131076.0,12233113547,12233121224,12918563438,12918565998,0,640,640,-1,1,7677,2560,32,128,128,3
12,3,"[8, 128, 64, 1, 1, 0, 0, 0, 0, 0, 0, 0, 0, 0, 0, 8, 128, 64, 1, 1, 0, 0, 0, 0, 0, 0, 0, 0, 0, 0]",16,128,8192.0,196608.0,12233197000,12233206400,12918566638,12918569230,0,544,544,-1,1,9400,2592,32,128,128,3
12,3,"[8, 128, 64, 1, 1, 0, 0, 0, 0, 0, 0, 0, 0, 0, 0, 8, 128, 64, 1, 1, 0, 0, 0, 0, 0, 0, 0, 0, 0, 0]",16,128,8192.0,196608.0,12233283640,12233290567,12918569774,12918572398,0,576,576,-1,1,6927,2624,32,128,128,3
16,3,"[8, 128, 0, 0, 0, 0, 0, 0, 0, 0, 0, 0, 0, 0, 0, 4, 0, 0, 0, 0, 0, 0, 0, 0, 0, 0, 0, 0, 0, 0]",1,128,128.0,2052.0,12233364341,12233371948,12918572974,12918575214,0,576,576,-1,1,7607,2240,32,128,128,3
12,3,"[8, 128, 0, 0, 0, 0, 0, 0, 0, 0, 0, 0, 0, 0, 0, 8, 128, 0, 0, 0, 0, 0, 0, 0, 0, 0, 0, 0, 0, 0]",1,128,128.0,3072.0,12233445660,12233453260,12918575790,12918578382,0,608,608,-1,1,7600,2592,32,128,128,3
12,3,"[8, 128, 0, 0, 0, 0, 0, 0, 0, 0, 0, 0, 0, 0, 0, 8, 128, 0, 0, 0, 0, 0, 0, 0, 0, 0, 0, 0, 0, 0]",1,128,128.0,3072.0,12233527230,12233534038,12918578990,12918581422,0,768,768,-1,1,6808,2432,32,128,128,3
16,3,"[8, 128, 0, 0, 0, 0, 0, 0, 0, 0, 0, 0, 0, 0, 0, 4, 0, 0, 0, 0, 0, 0, 0, 0, 0, 0, 0, 0, 0, 0]",1,128,128.0,2052.0,12233607553,12233614783,12918582190,12918584398,0,671,671,-1,1,7230,2208,32,128,128,3
12,3,"[8, 128, 0, 0, 0, 0, 0, 0, 0, 0, 0, 0, 0, 0, 0, 8, 128, 0, 0, 0, 0, 0, 0, 0, 0, 0, 0, 0, 0, 0]",1,128,128.0,3072.0,12233690987,12233698333,12918585069,12918587502,0,704,704,-1,1,7346,2433,32,128,128,3
12,3,"[8, 128, 0, 0, 0, 0, 0, 0, 0, 0, 0, 0, 0, 0, 0, 8, 128, 0, 0, 0, 0, 0, 0, 0, 0, 0, 0, 0, 0, 0]",1,128,128.0,3072.0,12233774091,12233780875,12918588206,12918590669,0,737,737,-1,1,6784,2463,32,128,128,3
16,3,"[8, 32, 128, 3, 3, 0, 0, 0, 0, 0, 0, 0, 0, 0, 0, 4, 0, 0, 0, 0, 0, 0, 0, 0, 0, 0, 0, 0, 0, 0]",72,128,36864.0,589828.0,12233856699,12233864158,12918591406,12918595342,0,671,671,-1,1,7459,3936,32,128,128,3
12,3,"[8, 32, 128, 3, 3, 0, 0, 0, 0, 0, 0, 0, 0, 0, 0, 8, 32, 128, 3, 3, 0, 0, 0, 0, 0, 0, 0, 0, 0, 0]",72,128,36864.0,884736.0,12233939240,12233946367,12918596013,12918599917,0,736,736,-1,1,7127,3904,32,128,128,3
12,3,"[8, 32, 128, 3, 3, 0, 0, 0, 0, 0, 0, 0, 0, 0, 0, 8, 32, 128, 3, 3, 0, 0, 0, 0, 0, 0, 0, 0, 0, 0]",72,128,36864.0,884736.0,12234024262,12234031357,12918600653,12918604622,0,736,736,-1,1,7095,3969,32,128,128,3
16,3,"[8, 96, 0, 0, 0, 0, 0, 0, 0, 0, 0, 0, 0, 0, 0, 4, 0, 0, 0, 0, 0, 0, 0, 0, 0, 0, 0, 0, 0, 0]",1,128,96.0,1540.0,12234109808,12234117373,12918605358,12918607566,0,607,607,-1,1,7565,2208,32,128,128,3
12,3,"[8, 96, 0, 0, 0, 0, 0, 0, 0, 0, 0, 0, 0, 0, 0, 8, 96, 0, 0, 0, 0, 0, 0, 0, 0, 0, 0, 0, 0, 0]",1,128,96.0,2304.0,12234192931,12234200032,12918608173,12918610605,0,576,576,-1,1,7101,2432,32,128,128,3
12,3,"[8, 96, 0, 0, 0, 0, 0, 0, 0, 0, 0, 0, 0, 0, 0, 8, 96, 0, 0, 0, 0, 0, 0, 0, 0, 0, 0, 0, 0, 0]",1,128,96.0,2304.0,12234274509,12234281484,12918611181,12918613614,0,575,575,-1,1,6975,2433,32,128,128,3
16,3,"[8, 96, 0, 0, 0, 0, 0, 0, 0, 0, 0, 0, 0, 0, 0, 4, 0, 0, 0, 0, 0, 0, 0, 0, 0, 0, 0, 0, 0, 0]",1,128,96.0,1540.0,12234354182,12234361381,12918614189,12918616461,0,736,736,-1,1,7199,2272,32,128,128,3
12,3,"[8, 96, 0, 0, 0, 0, 0, 0, 0, 0, 0, 0, 0, 0, 0, 8, 96, 0, 0, 0, 0, 0, 0, 0, 0, 0, 0, 0, 0, 0]",1,128,96.0,2304.0,12234434432,12234441293,12918617197,12918619597,0,672,672,-1,1,6861,2400,32,128,128,3
12,3,"[8, 96, 0, 0, 0, 0, 0, 0, 0, 0, 0, 0, 0, 0, 0, 8, 96, 0, 0, 0, 0, 0, 0, 0, 0, 0, 0, 0, 0, 0]",1,128,96.0,2304.0,12234514714,12234521554,12918620269,12918622701,0,576,576,-1,1,6840,2432,32,128,128,3
16,3,"[8, 128, 96, 1, 1, 0, 0, 0, 0, 0, 0, 0, 0, 0, 0, 4, 0, 0, 0, 0, 0, 0, 0, 0, 0, 0, 0, 0, 0, 0]",24,128,12288.0,196612.0,12234596704,12234603903,12918623277,12918625965,0,576,576,-1,1,7199,2688,32,128,128,3
12,3,"[8, 128, 96, 1, 1, 0, 0, 0, 0, 0, 0, 0, 0, 0, 0, 8, 128, 96, 1, 1, 0, 0, 0, 0, 0, 0, 0, 0, 0, 0]",24,128,12288.0,294912.0,12234678620,12234685765,12918626541,12918629261,0,544,544,-1,1,7145,2720,32,128,128,3
12,3,"[8, 128, 96, 1, 1, 0, 0, 0, 0, 0, 0, 0, 0, 0, 0, 8, 128, 96, 1, 1, 0, 0, 0, 0, 0, 0, 0, 0, 0, 0]",24,128,12288.0,294912.0,12234760053,12234767152,12918629805,12918632813,0,640,640,-1,1,7099,3008,32,128,128,3
16,3,"[8, 128, 0, 0, 0, 0, 0, 0, 0, 0, 0, 0, 0, 0, 0, 4, 0, 0, 0, 0, 0, 0, 0, 0, 0, 0, 0, 0, 0, 0]",1,128,128.0,2052.0,12234839910,12234847018,12918633453,12918635725,0,672,672,-1,1,7108,2272,32,128,128,3
12,3,"[8, 128, 0, 0, 0, 0, 0, 0, 0, 0, 0, 0, 0, 0, 0, 8, 128, 0, 0, 0, 0, 0, 0, 0, 0, 0, 0, 0, 0, 0]",1,128,128.0,3072.0,12234923694,12234931350,12918636397,12918638797,0,608,608,-1,1,7656,2400,32,128,128,3
12,3,"[8, 128, 0, 0, 0, 0, 0, 0, 0, 0, 0, 0, 0, 0, 0, 8, 128, 0, 0, 0, 0, 0, 0, 0, 0, 0, 0, 0, 0, 0]",1,128,128.0,3072.0,12235007216,12235014329,12918639405,12918641837,0,704,704,-1,1,7113,2432,32,128,128,3
16,3,"[8, 128, 0, 0, 0, 0, 0, 0, 0, 0, 0, 0, 0, 0, 0, 4, 0, 0, 0, 0, 0, 0, 0, 0, 0, 0, 0, 0, 0, 0]",1,128,128.0,2052.0,12235280999,12235293209,12918642541,12918644781,0,640,640,-1,1,12210,2240,32,128,128,3
12,3,"[8, 128, 0, 0, 0, 0, 0, 0, 0, 0, 0, 0, 0, 0, 0, 8, 128, 0, 0, 0, 0, 0, 0, 0, 0, 0, 0, 0, 0, 0]",1,128,128.0,3072.0,12235376289,12235384988,12918645421,12918647885,0,544,544,-1,1,8699,2464,32,128,128,3
12,3,"[8, 128, 0, 0, 0, 0, 0, 0, 0, 0, 0, 0, 0, 0, 0, 8, 128, 0, 0, 0, 0, 0, 0, 0, 0, 0, 0, 0, 0, 0]",1,128,128.0,3072.0,12235459999,12235467215,12918648429,12918650893,0,736,736,-1,1,7216,2464,32,128,128,3
16,3,"[8, 32, 128, 3, 3, 0, 0, 0, 0, 0, 0, 0, 0, 0, 0, 4, 0, 0, 0, 0, 0, 0, 0, 0, 0, 0, 0, 0, 0, 0]",72,128,36864.0,589828.0,12235540839,12235548427,12918651629,12918655469,0,768,768,-1,1,7588,3840,32,128,128,3
12,3,"[8, 32, 128, 3, 3, 0, 0, 0, 0, 0, 0, 0, 0, 0, 0, 8, 32, 128, 3, 3, 0, 0, 0, 0, 0, 0, 0, 0, 0, 0]",72,128,36864.0,884736.0,12235620517,12235627898,12918656237,12918660173,0,608,608,-1,1,7381,3936,32,128,128,3
12,3,"[8, 32, 128, 3, 3, 0, 0, 0, 0, 0, 0, 0, 0, 0, 0, 8, 32, 128, 3, 3, 0, 0, 0, 0, 0, 0, 0, 0, 0, 0]",72,128,36864.0,884736.0,12235700500,12235707486,12918660781,12918664717,0,608,608,-1,1,6986,3936,32,128,128,3
16,3,"[8, 128, 0, 0, 0, 0, 0, 0, 0, 0, 0, 0, 0, 0, 0, 4, 0, 0, 0, 0, 0, 0, 0, 0, 0, 0, 0, 0, 0, 0]",1,128,128.0,2052.0,12235778359,12235785633,12918665325,12918667565,0,576,576,-1,1,7274,2240,32,128,128,3
12,3,"[8, 128, 0, 0, 0, 0, 0, 0, 0, 0, 0, 0, 0, 0, 0, 8, 128, 0, 0, 0, 0, 0, 0, 0, 0, 0, 0, 0, 0, 0]",1,128,128.0,3072.0,12235857243,12236641746,12918668141,12918670605,0,736,736,-1,1,784503,2464,32,128,128,3
12,3,"[8, 128, 0, 0, 0, 0, 0, 0, 0, 0, 0, 0, 0, 0, 0, 8, 128, 0, 0, 0, 0, 0, 0, 0, 0, 0, 0, 0, 0, 0]",1,128,128.0,3072.0,12236719490,12236727489,12918671341,12918673773,0,768,768,-1,1,7999,2432,32,128,128,3
16,3,"[8, 128, 0, 0, 0, 0, 0, 0, 0, 0, 0, 0, 0, 0, 0, 4, 0, 0, 0, 0, 0, 0, 0, 0, 0, 0, 0, 0, 0, 0]",1,128,128.0,2052.0,12236802874,12238433975,12918674541,12918676877,0,608,608,-1,1,1631101,2336,32,128,128,3
12,3,"[8, 128, 0, 0, 0, 0, 0, 0, 0, 0, 0, 0, 0, 0, 0, 8, 128, 0, 0, 0, 0, 0, 0, 0, 0, 0, 0, 0, 0, 0]",1,128,128.0,3072.0,12238513302,12238521177,12918677485,12918679917,0,576,576,-1,1,7875,2432,32,128,128,3
12,3,"[8, 128, 0, 0, 0, 0, 0, 0, 0, 0, 0, 0, 0, 0, 0, 8, 128, 0, 0, 0, 0, 0, 0, 0, 0, 0, 0, 0, 0, 0]",1,128,128.0,3072.0,12238594324,12238641399,12918680493,12918682957,0,736,736,-1,1,47075,2464,32,128,128,3
16,3,"[8, 128, 128, 1, 1, 0, 0, 0, 0, 0, 0, 0, 0, 0, 0, 4, 0, 0, 0, 0, 0, 0, 0, 0, 0, 0, 0, 0, 0, 0]",32,128,16384.0,262148.0,12238717791,12238896175,12918683693,12918686573,0,640,640,-1,1,178384,2880,32,128,128,3
12,3,"[8, 128, 128, 1, 1, 0, 0, 0, 0, 0, 0, 0, 0, 0, 0, 8, 128, 128, 1, 1, 0, 0, 0, 0, 0, 0, 0, 0, 0, 0]",32,128,16384.0,393216.0,12238972148,12238979923,12918687213,12918690189,0,672,672,-1,1,7775,2976,32,128,128,3
12,3,"[8, 128, 128, 1, 1, 0, 0, 0, 0, 0, 0, 0, 0, 0, 0, 8, 128, 128, 1, 1, 0, 0, 0, 0, 0, 0, 0, 0, 0, 0]",32,128,16384.0,393216.0,12239054696,12239061800,12918690861,12918693741,0,640,640,-1,1,7104,2880,32,128,128,3
16,3,"[8, 128, 0, 0, 0, 0, 0, 0, 0, 0, 0, 0, 0, 0, 0, 4, 0, 0, 0, 0, 0, 0, 0, 0, 0, 0, 0, 0, 0, 0]",1,128,128.0,2052.0,12239134329,12239141811,12918694381,12918696621,0,576,576,-1,1,7482,2240,32,128,128,3
12,3,"[8, 128, 0, 0, 0, 0, 0, 0, 0, 0, 0, 0, 0, 0, 0, 8, 128, 0, 0, 0, 0, 0, 0, 0, 0, 0, 0, 0, 0, 0]",1,128,128.0,3072.0,12239215929,12239223361,12918697197,12918699660,0,736,736,-1,1,7432,2463,32,128,128,3
12,3,"[8, 128, 0, 0, 0, 0, 0, 0, 0, 0, 0, 0, 0, 0, 0, 8, 128, 0, 0, 0, 0, 0, 0, 0, 0, 0, 0, 0, 0, 0]",1,128,128.0,3072.0,12239296055,12239303323,12918700396,12918703180,0,609,609,-1,1,7268,2784,32,128,128,3
16,3,"[8, 128, 0, 0, 0, 0, 0, 0, 0, 0, 0, 0, 0, 0, 0, 4, 0, 0, 0, 0, 0, 0, 0, 0, 0, 0, 0, 0, 0, 0]",1,128,128.0,2052.0,12239376110,12239383986,12918703789,12918706061,0,544,544,-1,1,7876,2272,32,128,128,3
12,3,"[8, 128, 0, 0, 0, 0, 0, 0, 0, 0, 0, 0, 0, 0, 0, 8, 128, 0, 0, 0, 0, 0, 0, 0, 0, 0, 0, 0, 0, 0]",1,128,128.0,3072.0,12239458190,12239465397,12918706605,12918709164,0,640,640,-1,1,7207,2559,32,128,128,3
12,3,"[8, 128, 0, 0, 0, 0, 0, 0, 0, 0, 0, 0, 0, 0, 0, 8, 128, 0, 0, 0, 0, 0, 0, 0, 0, 0, 0, 0, 0, 0]",1,128,128.0,3072.0,12239540063,12239546968,12918709804,12918712268,0,672,672,-1,1,6905,2464,32,128,128,3
16,3,"[8, 32, 128, 3, 3, 0, 0, 0, 0, 0, 0, 0, 0, 0, 0, 4, 0, 0, 0, 0, 0, 0, 0, 0, 0, 0, 0, 0, 0, 0]",72,128,36864.0,589828.0,12239623544,12239631422,12918712940,12918716845,0,639,639,-1,1,7878,3905,32,128,128,3
12,3,"[8, 32, 128, 3, 3, 0, 0, 0, 0, 0, 0, 0, 0, 0, 0, 8, 32, 128, 3, 3, 0, 0, 0, 0, 0, 0, 0, 0, 0, 0]",72,128,36864.0,884736.0,12239706279,12239713313,12918717484,12918721548,0,672,672,-1,1,7034,4064,32,128,128,3
12,3,"[8, 32, 128, 3, 3, 0, 0, 0, 0, 0, 0, 0, 0, 0, 0, 8, 32, 128, 3, 3, 0, 0, 0, 0, 0, 0, 0, 0, 0, 0]",72,128,36864.0,884736.0,12239787700,12239794733,12918722220,12918726156,0,672,672,-1,1,7033,3936,32,128,128,3
16,3,"[8, 160, 0, 0, 0, 0, 0, 0, 0, 0, 0, 0, 0, 0, 0, 4, 0, 0, 0, 0, 0, 0, 0, 0, 0, 0, 0, 0, 0, 0]",1,128,160.0,2564.0,12239867745,12239874916,12918726828,12918729100,0,672,672,-1,1,7171,2272,32,128,128,3
12,3,"[8, 160, 0, 0, 0, 0, 0, 0, 0, 0, 0, 0, 0, 0, 0, 8, 160, 0, 0, 0, 0, 0, 0, 0, 0, 0, 0, 0, 0, 0]",1,128,160.0,3840.0,12239954332,12239961843,12918729772,12918732300,0,544,544,-1,1,7511,2528,32,128,128,3
12,3,"[8, 160, 0, 0, 0, 0, 0, 0, 0, 0, 0, 0, 0, 0, 0, 8, 160, 0, 0, 0, 0, 0, 0, 0, 0, 0, 0, 0, 0, 0]",1,128,160.0,3840.0,12240036744,12240043801,12918732844,12918735340,0,704,704,-1,1,7057,2496,32,128,128,3
16,3,"[8, 160, 0, 0, 0, 0, 0, 0, 0, 0, 0, 0, 0, 0, 0, 4, 0, 0, 0, 0, 0, 0, 0, 0, 0, 0, 0, 0, 0, 0]",1,128,160.0,2564.0,12240117422,12240124839,12918736044,12918738316,0,608,608,-1,1,7417,2272,32,128,128,3
12,3,"[8, 160, 0, 0, 0, 0, 0, 0, 0, 0, 0, 0, 0, 0, 0, 8, 160, 0, 0, 0, 0, 0, 0, 0, 0, 0, 0, 0, 0, 0]",1,128,160.0,3840.0,12240197406,12240204420,12918738924,12918741516,0,608,608,-1,1,7014,2592,32,128,128,3
12,3,"[8, 160, 0, 0, 0, 0, 0, 0, 0, 0, 0, 0, 0, 0, 0, 8, 160, 0, 0, 0, 0, 0, 0, 0, 0, 0, 0, 0, 0, 0]",1,128,160.0,3840.0,12240278386,12240285301,12918742124,12918744588,0,672,672,-1,1,6915,2464,32,128,128,3
16,3,"[8, 128, 160, 1, 1, 0, 0, 0, 0, 0, 0, 0, 0, 0, 0, 4, 0, 0, 0, 0, 0, 0, 0, 0, 0, 0, 0, 0, 0, 0]",40,128,20480.0,327684.0,12240360848,12240368236,12918745260,12918748268,0,576,576,-1,1,7388,3008,32,128,128,3
12,3,"[8, 128, 160, 1, 1, 0, 0, 0, 0, 0, 0, 0, 0, 0, 0, 8, 128, 160, 1, 1, 0, 0, 0, 0, 0, 0, 0, 0, 0, 0]",40,128,20480.0,491520.0,12240442250,12240450607,12918748844,12918752140,0,608,608,-1,1,8357,3296,32,128,128,3
12,3,"[8, 128, 160, 1, 1, 0, 0, 0, 0, 0, 0, 0, 0, 0, 0, 8, 128, 160, 1, 1, 0, 0, 0, 0, 0, 0, 0, 0, 0, 0]",40,128,20480.0,491520.0,12240524482,12240531700,12918752748,12918755756,0,640,640,-1,1,7218,3008,32,128,128,3
16,3,"[8, 128, 0, 0, 0, 0, 0, 0, 0, 0, 0, 0, 0, 0, 0, 4, 0, 0, 0, 0, 0, 0, 0, 0, 0, 0, 0, 0, 0, 0]",1,128,128.0,2052.0,12240604328,12240611717,12918756396,12918758604,0,608,608,-1,1,7389,2208,32,128,128,3
12,3,"[8, 128, 0, 0, 0, 0, 0, 0, 0, 0, 0, 0, 0, 0, 0, 8, 128, 0, 0, 0, 0, 0, 0, 0, 0, 0, 0, 0, 0, 0]",1,128,128.0,3072.0,12240684952,12240692025,12918759212,12918761612,0,608,608,-1,1,7073,2400,32,128,128,3
12,3,"[8, 128, 0, 0, 0, 0, 0, 0, 0, 0, 0, 0, 0, 0, 0, 8, 128, 0, 0, 0, 0, 0, 0, 0, 0, 0, 0, 0, 0, 0]",1,128,128.0,3072.0,12240764738,12240772492,12918762220,12918764652,0,704,704,-1,1,7754,2432,32,128,128,3
16,3,"[8, 128, 0, 0, 0, 0, 0, 0, 0, 0, 0, 0, 0, 0, 0, 4, 0, 0, 0, 0, 0, 0, 0, 0, 0, 0, 0, 0, 0, 0]",1,128,128.0,2052.0,12240843506,12240851028,12918765356,12918767596,0,640,640,-1,1,7522,2240,32,128,128,3
12,3,"[8, 128, 0, 0, 0, 0, 0, 0, 0, 0, 0, 0, 0, 0, 0, 8, 128, 0, 0, 0, 0, 0, 0, 0, 0, 0, 0, 0, 0, 0]",1,128,128.0,3072.0,12240923354,12240930435,12918768236,12918770700,0,736,736,-1,1,7081,2464,32,128,128,3
12,3,"[8, 128, 0, 0, 0, 0, 0, 0, 0, 0, 0, 0, 0, 0, 0, 8, 128, 0, 0, 0, 0, 0, 0, 0, 0, 0, 0, 0, 0, 0]",1,128,128.0,3072.0,12241003175,12241010002,12918771436,12918773836,0,608,608,-1,1,6827,2400,32,128,128,3
16,3,"[8, 32, 128, 3, 3, 0, 0, 0, 0, 0, 0, 0, 0, 0, 0, 4, 0, 0, 0, 0, 0, 0, 0, 0, 0, 0, 0, 0, 0, 0]",72,128,36864.0,589828.0,12241084511,12241092129,12918774444,12918778444,0,672,672,-1,1,7618,4000,32,128,128,3
12,3,"[8, 32, 128, 3, 3, 0, 0, 0, 0, 0, 0, 0, 0, 0, 0, 8, 32, 128, 3, 3, 0, 0, 0, 0, 0, 0, 0, 0, 0, 0]",72,128,36864.0,884736.0,12241165680,12241172757,12918779116,12918783148,0,640,640,-1,1,7077,4032,32,128,128,3
12,3,"[8, 32, 128, 3, 3, 0, 0, 0, 0, 0, 0, 0, 0, 0, 0, 8, 32, 128, 3, 3, 0, 0, 0, 0, 0, 0, 0, 0, 0, 0]",72,128,36864.0,884736.0,12241381565,12241391056,12918783788,12918787788,0,639,639,-1,1,9491,4000,32,128,128,3
16,3,"[8, 192, 0, 0, 0, 0, 0, 0, 0, 0, 0, 0, 0, 0, 0, 4, 0, 0, 0, 0, 0, 0, 0, 0, 0, 0, 0, 0, 0, 0]",1,128,192.0,3076.0,12241474268,12241485212,12918788427,12918790699,0,704,704,-1,1,10944,2272,32,128,128,3
12,3,"[8, 192, 0, 0, 0, 0, 0, 0, 0, 0, 0, 0, 0, 0, 0, 8, 192, 0, 0, 0, 0, 0, 0, 0, 0, 0, 0, 0, 0, 0]",1,128,192.0,4608.0,12241560753,12241568257,12918791403,12918793931,0,544,544,-1,1,7504,2528,32,128,128,3
12,3,"[8, 192, 0, 0, 0, 0, 0, 0, 0, 0, 0, 0, 0, 0, 0, 8, 192, 0, 0, 0, 0, 0, 0, 0, 0, 0, 0, 0, 0, 0]",1,128,192.0,4608.0,12241640519,12242568745,12918794475,12918797003,0,672,672,-1,1,928226,2528,32,128,128,3
16,3,"[8, 192, 0, 0, 0, 0, 0, 0, 0, 0, 0, 0, 0, 0, 0, 4, 0, 0, 0, 0, 0, 0, 0, 0, 0, 0, 0, 0, 0, 0]",1,128,192.0,3076.0,12242642233,12242650290,12918797675,12918799947,0,672,672,-1,1,8057,2272,32,128,128,3
12,3,"[8, 192, 0, 0, 0, 0, 0, 0, 0, 0, 0, 0, 0, 0, 0, 8, 192, 0, 0, 0, 0, 0, 0, 0, 0, 0, 0, 0, 0, 0]",1,128,192.0,4608.0,12242723105,12244282703,12918800619,12918803275,0,673,673,-1,1,1559598,2656,32,128,128,3
12,3,"[8, 192, 0, 0, 0, 0, 0, 0, 0, 0, 0, 0, 0, 0, 0, 8, 192, 0, 0, 0, 0, 0, 0, 0, 0, 0, 0, 0, 0, 0]",1,128,192.0,4608.0,12244359942,12244367608,12918803948,12918806443,0,640,640,-1,1,7666,2495,32,128,128,3
16,3,"[8, 128, 192, 1, 1, 0, 0, 0, 0, 0, 0, 0, 0, 0, 0, 4, 0, 0, 0, 0, 0, 0, 0, 0, 0, 0, 0, 0, 0, 0]",48,128,24576.0,393220.0,12244440901,12244480926,12918807083,12918810635,0,609,609,-1,1,40025,3552,32,128,128,3
12,3,"[8, 128, 192, 1, 1, 0, 0, 0, 0, 0, 0, 0, 0, 0, 0, 8, 128, 192, 1, 1, 0, 0, 0, 0, 0, 0, 0, 0, 0, 0]",48,128,24576.0,589824.0,12244555695,12244726899,12918811244,12918814699,0,640,640,-1,1,171204,3455,32,128,128,3
12,3,"[8, 128, 192, 1, 1, 0, 0, 0, 0, 0, 0, 0, 0, 0, 0, 8, 128, 192, 1, 1, 0, 0, 0, 0, 0, 0, 0, 0, 0, 0]",48,128,24576.0,589824.0,12244801636,12244809441,12918815339,12918818763,0,672,672,-1,1,7805,3424,32,128,128,3
16,3,"[8, 128, 0, 0, 0, 0, 0, 0, 0, 0, 0, 0, 0, 0, 0, 4, 0, 0, 0, 0, 0, 0, 0, 0, 0, 0, 0, 0, 0, 0]",1,128,128.0,2052.0,12244881723,12244889371,12918819435,12918821675,0,640,640,-1,1,7648,2240,32,128,128,3
12,3,"[8, 128, 0, 0, 0, 0, 0, 0, 0, 0, 0, 0, 0, 0, 0, 8, 128, 0, 0, 0, 0, 0, 0, 0, 0, 0, 0, 0, 0, 0]",1,128,128.0,3072.0,12244965632,12244973202,12918822315,12918824715,0,608,608,-1,1,7570,2400,32,128,128,3
12,3,"[8, 128, 0, 0, 0, 0, 0, 0, 0, 0, 0, 0, 0, 0, 0, 8, 128, 0, 0, 0, 0, 0, 0, 0, 0, 0, 0, 0, 0, 0]",1,128,128.0,3072.0,12245045144,12245053583,12918825323,12918827755,0,576,576,-1,1,8439,2432,32,128,128,3
16,3,"[8, 128, 0, 0, 0, 0, 0, 0, 0, 0, 0, 0, 0, 0, 0, 4, 0, 0, 0, 0, 0, 0, 0, 0, 0, 0, 0, 0, 0, 0]",1,128,128.0,2052.0,12245125335,12245132889,12918828331,12918830571,0,576,576,-1,1,7554,2240,32,128,128,3
12,3,"[8, 128, 0, 0, 0, 0, 0, 0, 0, 0, 0, 0, 0, 0, 0, 8, 128, 0, 0, 0, 0, 0, 0, 0, 0, 0, 0, 0, 0, 0]",1,128,128.0,3072.0,12245205573,12245213005,12918831147,12918833611,0,672,672,-1,1,7432,2464,32,128,128,3
12,3,"[8, 128, 0, 0, 0, 0, 0, 0, 0, 0, 0, 0, 0, 0, 0, 8, 128, 0, 0, 0, 0, 0, 0, 0, 0, 0, 0, 0, 0, 0]",1,128,128.0,3072.0,12245285332,12245292128,12918834283,12918836747,0,736,736,-1,1,6796,2464,32,128,128,3
16,3,"[8, 32, 128, 3, 3, 0, 0, 0, 0, 0, 0, 0, 0, 0, 0, 4, 0, 0, 0, 0, 0, 0, 0, 0, 0, 0, 0, 0, 0, 0]",72,128,36864.0,589828.0,12245363584,12245370888,12918837483,12918841483,0,608,608,-1,1,7304,4000,32,128,128,3
12,3,"[8, 32, 128, 3, 3, 0, 0, 0, 0, 0, 0, 0, 0, 0, 0, 8, 32, 128, 3, 3, 0, 0, 0, 0, 0, 0, 0, 0, 0, 0]",72,128,36864.0,884736.0,12245443997,12245450814,12918842091,12918846091,0,672,672,-1,1,6817,4000,32,128,128,3
12,3,"[8, 32, 128, 3, 3, 0, 0, 0, 0, 0, 0, 0, 0, 0, 0, 8, 32, 128, 3, 3, 0, 0, 0, 0, 0, 0, 0, 0, 0, 0]",72,128,36864.0,884736.0,12245523513,12245530660,12918846763,12918850795,0,576,576,-1,1,7147,4032,32,128,128,3
16,3,"[8, 224, 0, 0, 0, 0, 0, 0, 0, 0, 0, 0, 0, 0, 0, 4, 0, 0, 0, 0, 0, 0, 0, 0, 0, 0, 0, 0, 0, 0]",1,128,224.0,3588.0,12245602266,12245609748,12918851371,12918853675,0,704,704,-1,1,7482,2304,32,128,128,3
12,3,"[8, 224, 0, 0, 0, 0, 0, 0, 0, 0, 0, 0, 0, 0, 0, 8, 224, 0, 0, 0, 0, 0, 0, 0, 0, 0, 0, 0, 0, 0]",1,128,224.0,5376.0,12245681474,12245688675,12918854379,12918856907,0,608,608,-1,1,7201,2528,32,128,128,3
12,3,"[8, 224, 0, 0, 0, 0, 0, 0, 0, 0, 0, 0, 0, 0, 0, 8, 224, 0, 0, 0, 0, 0, 0, 0, 0, 0, 0, 0, 0, 0]",1,128,224.0,5376.0,12245760709,12245767833,12918857515,12918859979,0,672,672,-1,1,7124,2464,32,128,128,3
16,3,"[8, 224, 0, 0, 0, 0, 0, 0, 0, 0, 0, 0, 0, 0, 0, 4, 0, 0, 0, 0, 0, 0, 0, 0, 0, 0, 0, 0, 0, 0]",1,128,224.0,3588.0,12245838915,12245846402,12918860651,12918862987,0,672,672,-1,1,7487,2336,32,128,128,3
12,3,"[8, 224, 0, 0, 0, 0, 0, 0, 0, 0, 0, 0, 0, 0, 0, 8, 224, 0, 0, 0, 0, 0, 0, 0, 0, 0, 0, 0, 0, 0]",1,128,224.0,5376.0,12245919725,12245928879,12918863659,12918866123,0,672,672,-1,1,9154,2464,32,128,128,3
12,3,"[8, 224, 0, 0, 0, 0, 0, 0, 0, 0, 0, 0, 0, 0, 0, 8, 224, 0, 0, 0, 0, 0, 0, 0, 0, 0, 0, 0, 0, 0]",1,128,224.0,5376.0,12246004041,12246011448,12918866795,12918869419,0,704,704,-1,1,7407,2624,32,128,128,3
16,3,"[8, 128, 224, 1, 1, 0, 0, 0, 0, 0, 0, 0, 0, 0, 0, 4, 0, 0, 0, 0, 0, 0, 0, 0, 0, 0, 0, 0, 0, 0]",56,128,28672.0,458756.0,12246087076,12246094750,12918870123,12918873771,0,640,640,-1,1,7674,3648,32,128,128,3
12,3,"[8, 128, 224, 1, 1, 0, 0, 0, 0, 0, 0, 0, 0, 0, 0, 8, 128, 224, 1, 1, 0, 0, 0, 0, 0, 0, 0, 0, 0, 0]",56,128,28672.0,688128.0,12246168829,12246175891,12918874411,12918877930,0,641,641,-1,1,7062,3519,32,128,128,3
12,3,"[8, 128, 224, 1, 1, 0, 0, 0, 0, 0, 0, 0, 0, 0, 0, 8, 128, 224, 1, 1, 0, 0, 0, 0, 0, 0, 0, 0, 0, 0]",56,128,28672.0,688128.0,12246249061,12246255862,12918878571,12918882091,0,639,639,-1,1,6801,3520,32,128,128,3
16,3,"[8, 128, 0, 0, 0, 0, 0, 0, 0, 0, 0, 0, 0, 0, 0, 4, 0, 0, 0, 0, 0, 0, 0, 0, 0, 0, 0, 0, 0, 0]",1,128,128.0,2052.0,12246328017,12246335284,12918882730,12918884970,0,577,577,-1,1,7267,2240,32,128,128,3
12,3,"[8, 128, 0, 0, 0, 0, 0, 0, 0, 0, 0, 0, 0, 0, 0, 8, 128, 0, 0, 0, 0, 0, 0, 0, 0, 0, 0, 0, 0, 0]",1,128,128.0,3072.0,12246406532,12246413380,12918885547,12918888042,0,704,704,-1,1,6848,2495,32,128,128,3
12,3,"[8, 128, 0, 0, 0, 0, 0, 0, 0, 0, 0, 0, 0, 0, 0, 8, 128, 0, 0, 0, 0, 0, 0, 0, 0, 0, 0, 0, 0, 0]",1,128,128.0,3072.0,12246485615,12246493203,12918888746,12918891179,0,639,639,-1,1,7588,2433,32,128,128,3
16,3,"[8, 128, 0, 0, 0, 0, 0, 0, 0, 0, 0, 0, 0, 0, 0, 4, 0, 0, 0, 0, 0, 0, 0, 0, 0, 0, 0, 0, 0, 0]",1,128,128.0,2052.0,12246564975,12246572699,12918891818,12918894058,0,576,576,-1,1,7724,2240,32,128,128,3
12,3,"[8, 128, 0, 0, 0, 0, 0, 0, 0, 0, 0, 0, 0, 0, 0, 8, 128, 0, 0, 0, 0, 0, 0, 0, 0, 0, 0, 0, 0, 0]",1,128,128.0,3072.0,12246646935,12246654204,12918894634,12918897099,0,735,735,-1,1,7269,2465,32,128,128,3
12,3,"[8, 128, 0, 0, 0, 0, 0, 0, 0, 0, 0, 0, 0, 0, 0, 8, 128, 0, 0, 0, 0, 0, 0, 0, 0, 0, 0, 0, 0, 0]",1,128,128.0,3072.0,12246727077,12246733840,12918897834,12918900266,0,704,704,-1,1,6763,2432,32,128,128,3
16,3,"[8, 32, 128, 3, 3, 0, 0, 0, 0, 0, 0, 0, 0, 0, 0, 4, 0, 0, 0, 0, 0, 0, 0, 0, 0, 0, 0, 0, 0, 0]",72,128,36864.0,589828.0,12246807100,12246816015,12918900970,12918905130,0,704,704,-1,1,8915,4160,32,128,128,3
12,3,"[8, 32, 128, 3, 3, 0, 0, 0, 0, 0, 0, 0, 0, 0, 0, 8, 32, 128, 3, 3, 0, 0, 0, 0, 0, 0, 0, 0, 0, 0]",72,128,36864.0,884736.0,12246889267,12246896213,12918905834,12918909738,0,704,704,-1,1,6946,3904,32,128,128,3
12,3,"[8, 32, 128, 3, 3, 0, 0, 0, 0, 0, 0, 0, 0, 0, 0, 8, 32, 128, 3, 3, 0, 0, 0, 0, 0, 0, 0, 0, 0, 0]",72,128,36864.0,884736.0,12246968196,12246975026,12918910442,12918914570,0,608,608,-1,1,6830,4128,32,128,128,3
16,3,"[8, 256, 0, 0, 0, 0, 0, 0, 0, 0, 0, 0, 0, 0, 0, 4, 0, 0, 0, 0, 0, 0, 0, 0, 0, 0, 0, 0, 0, 0]",1,128,256.0,4100.0,12247045390,12247052543,12918915178,12918917514,0,672,672,-1,1,7153,2336,32,128,128,3
12,3,"[8, 256, 0, 0, 0, 0, 0, 0, 0, 0, 0, 0, 0, 0, 0, 8, 256, 0, 0, 0, 0, 0, 0, 0, 0, 0, 0, 0, 0, 0]",1,128,256.0,6144.0,12247123743,12247131198,12918918186,12918920714,0,672,672,-1,1,7455,2528,32,128,128,3
12,3,"[8, 256, 0, 0, 0, 0, 0, 0, 0, 0, 0, 0, 0, 0, 0, 8, 256, 0, 0, 0, 0, 0, 0, 0, 0, 0, 0, 0, 0, 0]",1,128,256.0,6144.0,12247203758,12248233027,12918921386,12918923882,0,640,640,-1,1,1029269,2496,32,128,128,3
16,3,"[8, 256, 0, 0, 0, 0, 0, 0, 0, 0, 0, 0, 0, 0, 0, 4, 0, 0, 0, 0, 0, 0, 0, 0, 0, 0, 0, 0, 0, 0]",1,128,256.0,4100.0,12248310821,12248319045,12918924522,12918926858,0,608,608,-1,1,8224,2336,32,128,128,3
12,3,"[8, 256, 0, 0, 0, 0, 0, 0, 0, 0, 0, 0, 0, 0, 0, 8, 256, 0, 0, 0, 0, 0, 0, 0, 0, 0, 0, 0, 0, 0]",1,128,256.0,6144.0,12248520259,12249935387,12918927466,12918930026,0,640,640,-1,1,1415128,2560,32,128,128,3
12,3,"[8, 256, 0, 0, 0, 0, 0, 0, 0, 0, 0, 0, 0, 0, 0, 8, 256, 0, 0, 0, 0, 0, 0, 0, 0, 0, 0, 0, 0, 0]",1,128,256.0,6144.0,12250020886,12250029691,12918930666,12918933194,0,608,608,-1,1,8805,2528,32,128,128,3
16,3,"[8, 128, 256, 1, 1, 0, 0, 0, 0, 0, 0, 0, 0, 0, 0, 4, 0, 0, 0, 0, 0, 0, 0, 0, 0, 0, 0, 0, 0, 0]",64,128,32768.0,524292.0,12250106631,12250126133,12918933802,12918937738,0,736,736,-1,1,19502,3936,32,128,128,3
12,3,"[8, 128, 256, 1, 1, 0, 0, 0, 0, 0, 0, 0, 0, 0, 0, 8, 128, 256, 1, 1, 0, 0, 0, 0, 0, 0, 0, 0, 0, 0]",64,128,32768.0,786432.0,12250199597,12250360367,12918938474,12918942346,0,672,672,-1,1,160770,3872,32,128,128,3
12,3,"[8, 128, 256, 1, 1, 0, 0, 0, 0, 0, 0, 0, 0, 0, 0, 8, 128, 256, 1, 1, 0, 0, 0, 0, 0, 0, 0, 0, 0, 0]",64,128,32768.0,786432.0,12250434358,12250443928,12918943018,12918946890,0,672,672,-1,1,9570,3872,32,128,128,3
16,3,"[8, 128, 0, 0, 0, 0, 0, 0, 0, 0, 0, 0, 0, 0, 0, 4, 0, 0, 0, 0, 0, 0, 0, 0, 0, 0, 0, 0, 0, 0]",1,128,128.0,2052.0,12250516538,12250524083,12918947562,12918949802,0,576,576,-1,1,7545,2240,32,128,128,3
12,3,"[8, 128, 0, 0, 0, 0, 0, 0, 0, 0, 0, 0, 0, 0, 0, 8, 128, 0, 0, 0, 0, 0, 0, 0, 0, 0, 0, 0, 0, 0]",1,128,128.0,3072.0,12250596662,12250603941,12918950378,12918952842,0,736,736,-1,1,7279,2464,32,128,128,3
12,3,"[8, 128, 0, 0, 0, 0, 0, 0, 0, 0, 0, 0, 0, 0, 0, 8, 128, 0, 0, 0, 0, 0, 0, 0, 0, 0, 0, 0, 0, 0]",1,128,128.0,3072.0,12250676175,12250682886,12918953578,12918955978,0,672,672,-1,1,6711,2400,32,128,128,3
16,3,"[8, 128, 0, 0, 0, 0, 0, 0, 0, 0, 0, 0, 0, 0, 0, 4, 0, 0, 0, 0, 0, 0, 0, 0, 0, 0, 0, 0, 0, 0]",1,128,128.0,2052.0,12250754059,12250761153,12918956650,12918958858,0,608,608,-1,1,7094,2208,32,128,128,3
12,3,"[8, 128, 0, 0, 0, 0, 0, 0, 0, 0, 0, 0, 0, 0, 0, 8, 128, 0, 0, 0, 0, 0, 0, 0, 0, 0, 0, 0, 0, 0]",1,128,128.0,3072.0,12250833341,12250840507,12918959466,12918961930,0,672,672,-1,1,7166,2464,32,128,128,3
12,3,"[8, 128, 0, 0, 0, 0, 0, 0, 0, 0, 0, 0, 0, 0, 0, 8, 128, 0, 0, 0, 0, 0, 0, 0, 0, 0, 0, 0, 0, 0]",1,128,128.0,3072.0,12250913416,12250920467,12918962602,12918965066,0,543,543,-1,1,7051,2464,32,128,128,3
16,3,"[8, 128, 128, 1, 1, 0, 0, 0, 0, 0, 0, 0, 0, 0, 0, 4, 0, 0, 0, 0, 0, 0, 0, 0, 0, 0, 0, 0, 0, 0]",32,128,16384.0,262148.0,12250992589,12250999963,12918965609,12918968490,0,704,704,-1,1,7374,2881,32,128,128,3
12,3,"[8, 128, 128, 1, 1, 0, 0, 0, 0, 0, 0, 0, 0, 0, 0, 8, 128, 128, 1, 1, 0, 0, 0, 0, 0, 0, 0, 0, 0, 0]",32,128,16384.0,393216.0,12251074383,12251081497,12918969194,12918972201,0,704,704,-1,1,7114,3007,32,128,128,3
12,3,"[8, 128, 128, 1, 1, 0, 0, 0, 0, 0, 0, 0, 0, 0, 0, 8, 128, 128, 1, 1, 0, 0, 0, 0, 0, 0, 0, 0, 0, 0]",32,128,16384.0,393216.0,12251154618,12251161489,12918972905,12918975786,0,767,767,-1,1,6871,2881,32,128,128,3
16,3,"[8, 128, 0, 0, 0, 0, 0, 0, 0, 0, 0, 0, 0, 0, 0, 4, 0, 0, 0, 0, 0, 0, 0, 0, 0, 0, 0, 0, 0, 0]",1,128,128.0,2052.0,12251232416,12251239749,12918976553,12918978762,0,672,672,-1,1,7333,2209,32,128,128,3
12,3,"[8, 128, 0, 0, 0, 0, 0, 0, 0, 0, 0, 0, 0, 0, 0, 8, 128, 0, 0, 0, 0, 0, 0, 0, 0, 0, 0, 0, 0, 0]",1,128,128.0,3072.0,12251312972,12251320088,12918979434,12918981865,0,704,704,-1,1,7116,2431,32,128,128,3
12,3,"[8, 128, 0, 0, 0, 0, 0, 0, 0, 0, 0, 0, 0, 0, 0, 8, 128, 0, 0, 0, 0, 0, 0, 0, 0, 0, 0, 0, 0, 0]",1,128,128.0,3072.0,12251392093,12251399438,12918982569,12918985034,0,735,735,-1,1,7345,2465,32,128,128,3
16,3,"[8, 128, 0, 0, 0, 0, 0, 0, 0, 0, 0, 0, 0, 0, 0, 4, 0, 0, 0, 0, 0, 0, 0, 0, 0, 0, 0, 0, 0, 0]",1,128,128.0,2052.0,12251470853,12251478095,12918985769,12918988009,0,576,576,-1,1,7242,2240,32,128,128,3
12,3,"[8, 128, 0, 0, 0, 0, 0, 0, 0, 0, 0, 0, 0, 0, 0, 8, 128, 0, 0, 0, 0, 0, 0, 0, 0, 0, 0, 0, 0, 0]",1,128,128.0,3072.0,12251549489,12251556582,12918988585,12918991017,0,704,704,-1,1,7093,2432,32,128,128,3
12,3,"[8, 128, 0, 0, 0, 0, 0, 0, 0, 0, 0, 0, 0, 0, 0, 8, 128, 0, 0, 0, 0, 0, 0, 0, 0, 0, 0, 0, 0, 0]",1,128,128.0,3072.0,12251628710,12251635597,12918991721,12918994185,0,736,736,-1,1,6887,2464,32,128,128,3
16,3,"[8, 32, 128, 3, 3, 0, 0, 0, 0, 0, 0, 0, 0, 0, 0, 4, 0, 0, 0, 0, 0, 0, 0, 0, 0, 0, 0, 0, 0, 0]",72,128,36864.0,589828.0,12251707603,12251714893,12918994921,12918998761,0,608,608,-1,1,7290,3840,32,128,128,3
12,3,"[8, 32, 128, 3, 3, 0, 0, 0, 0, 0, 0, 0, 0, 0, 0, 8, 32, 128, 3, 3, 0, 0, 0, 0, 0, 0, 0, 0, 0, 0]",72,128,36864.0,884736.0,12251789298,12251796649,12918999369,12919003529,0,672,672,-1,1,7351,4160,32,128,128,3
12,3,"[8, 32, 128, 3, 3, 0, 0, 0, 0, 0, 0, 0, 0, 0, 0, 8, 32, 128, 3, 3, 0, 0, 0, 0, 0, 0, 0, 0, 0, 0]",72,128,36864.0,884736.0,12251869640,12251876495,12919004201,12919008137,0,608,608,-1,1,6855,3936,32,128,128,3
16,3,"[8, 160, 0, 0, 0, 0, 0, 0, 0, 0, 0, 0, 0, 0, 0, 4, 0, 0, 0, 0, 0, 0, 0, 0, 0, 0, 0, 0, 0, 0]",1,128,160.0,2564.0,12251954972,12251962596,12919008745,12919010985,0,640,640,-1,1,7624,2240,32,128,128,3
12,3,"[8, 160, 0, 0, 0, 0, 0, 0, 0, 0, 0, 0, 0, 0, 0, 8, 160, 0, 0, 0, 0, 0, 0, 0, 0, 0, 0, 0, 0, 0]",1,128,160.0,3840.0,12252038110,12252046024,12919011625,12919014089,0,736,736,-1,1,7914,2464,32,128,128,3
12,3,"[8, 160, 0, 0, 0, 0, 0, 0, 0, 0, 0, 0, 0, 0, 0, 8, 160, 0, 0, 0, 0, 0, 0, 0, 0, 0, 0, 0, 0, 0]",1,128,160.0,3840.0,12252118257,12252125276,12919014825,12919017289,0,672,672,-1,1,7019,2464,32,128,128,3
16,3,"[8, 160, 0, 0, 0, 0, 0, 0, 0, 0, 0, 0, 0, 0, 0, 4, 0, 0, 0, 0, 0, 0, 0, 0, 0, 0, 0, 0, 0, 0]",1,128,160.0,2564.0,12252199236,12252206689,12919017961,12919020265,0,704,704,-1,1,7453,2304,32,128,128,3
12,3,"[8, 160, 0, 0, 0, 0, 0, 0, 0, 0, 0, 0, 0, 0, 0, 8, 160, 0, 0, 0, 0, 0, 0, 0, 0, 0, 0, 0, 0, 0]",1,128,160.0,3840.0,12252279994,12252286870,12919020969,12919023753,0,608,608,-1,1,6876,2784,32,128,128,3
12,3,"[8, 160, 0, 0, 0, 0, 0, 0, 0, 0, 0, 0, 0, 0, 0, 8, 160, 0, 0, 0, 0, 0, 0, 0, 0, 0, 0, 0, 0, 0]",1,128,160.0,3840.0,12252359118,12252366524,12919024361,12919026857,0,704,704,-1,1,7406,2496,32,128,128,3
16,3,"[8, 128, 160, 1, 1, 0, 0, 0, 0, 0, 0, 0, 0, 0, 0, 4, 0, 0, 0, 0, 0, 0, 0, 0, 0, 0, 0, 0, 0, 0]",40,128,20480.0,327684.0,12252438522,12252445971,12919027561,12919030505,0,576,576,-1,1,7449,2944,32,128,128,3
12,3,"[8, 128, 160, 1, 1, 0, 0, 0, 0, 0, 0, 0, 0, 0, 0, 8, 128, 160, 1, 1, 0, 0, 0, 0, 0, 0, 0, 0, 0, 0]",40,128,20480.0,491520.0,12252519904,12252526871,12919031081,12919034377,0,608,608,-1,1,6967,3296,32,128,128,3
12,3,"[8, 128, 160, 1, 1, 0, 0, 0, 0, 0, 0, 0, 0, 0, 0, 8, 128, 160, 1, 1, 0, 0, 0, 0, 0, 0, 0, 0, 0, 0]",40,128,20480.0,491520.0,12252599391,12252606263,12919034985,12919038121,0,576,576,-1,1,6872,3136,32,128,128,3
16,3,"[8, 128, 0, 0, 0, 0, 0, 0, 0, 0, 0, 0, 0, 0, 0, 4, 0, 0, 0, 0, 0, 0, 0, 0, 0, 0, 0, 0, 0, 0]",1,128,128.0,2052.0,12252677797,12252685090,12919038697,12919040937,0,576,576,-1,1,7293,2240,32,128,128,3
12,3,"[8, 128, 0, 0, 0, 0, 0, 0, 0, 0, 0, 0, 0, 0, 0, 8, 128, 0, 0, 0, 0, 0, 0, 0, 0, 0, 0, 0, 0, 0]",1,128,128.0,3072.0,12252757586,12266579420,12919041513,12919044041,0,672,672,-1,1,13821834,2528,32,128,128,3
12,3,"[8, 128, 0, 0, 0, 0, 0, 0, 0, 0, 0, 0, 0, 0, 0, 8, 128, 0, 0, 0, 0, 0, 0, 0, 0, 0, 0, 0, 0, 0]",1,128,128.0,3072.0,12266661318,12266669606,12919044713,12919047209,0,704,704,-1,1,8288,2496,32,128,128,3
16,3,"[8, 128, 0, 0, 0, 0, 0, 0, 0, 0, 0, 0, 0, 0, 0, 4, 0, 0, 0, 0, 0, 0, 0, 0, 0, 0, 0, 0, 0, 0]",1,128,128.0,2052.0,12266742785,12268263093,12919047913,12919050153,0,576,576,-1,1,1520308,2240,32,128,128,3
12,3,"[8, 128, 0, 0, 0, 0, 0, 0, 0, 0, 0, 0, 0, 0, 0, 8, 128, 0, 0, 0, 0, 0, 0, 0, 0, 0, 0, 0, 0, 0]",1,128,128.0,3072.0,12268339924,12268347661,12919050729,12919053161,0,576,576,-1,1,7737,2432,32,128,128,3
12,3,"[8, 128, 0, 0, 0, 0, 0, 0, 0, 0, 0, 0, 0, 0, 0, 8, 128, 0, 0, 0, 0, 0, 0, 0, 0, 0, 0, 0, 0, 0]",1,128,128.0,3072.0,12268423258,12268444320,12919053737,12919056169,0,704,704,-1,1,21062,2432,32,128,128,3
16,3,"[8, 32, 128, 3, 3, 0, 0, 0, 0, 0, 0, 0, 0, 0, 0, 4, 0, 0, 0, 0, 0, 0, 0, 0, 0, 0, 0, 0, 0, 0]",72,128,36864.0,589828.0,12268520711,12268675198,12919056873,12919060873,0,608,608,-1,1,154487,4000,32,128,128,3
12,3,"[8, 32, 128, 3, 3, 0, 0, 0, 0, 0, 0, 0, 0, 0, 0, 8, 32, 128, 3, 3, 0, 0, 0, 0, 0, 0, 0, 0, 0, 0]",72,128,36864.0,884736.0,12268751192,12268758991,12919061481,12919065480,0,609,609,-1,1,7799,3999,32,128,128,3
12,3,"[8, 32, 128, 3, 3, 0, 0, 0, 0, 0, 0, 0, 0, 0, 0, 8, 32, 128, 3, 3, 0, 0, 0, 0, 0, 0, 0, 0, 0, 0]",72,128,36864.0,884736.0,12268835313,12268842455,12919066089,12919070057,0,640,640,-1,1,7142,3968,32,128,128,3
16,3,"[8, 192, 0, 0, 0, 0, 0, 0, 0, 0, 0, 0, 0, 0, 0, 4, 0, 0, 0, 0, 0, 0, 0, 0, 0, 0, 0, 0, 0, 0]",1,128,192.0,3076.0,12268917226,12268924625,12919070697,12919073001,0,704,704,-1,1,7399,2304,32,128,128,3
12,3,"[8, 192, 0, 0, 0, 0, 0, 0, 0, 0, 0, 0, 0, 0, 0, 8, 192, 0, 0, 0, 0, 0, 0, 0, 0, 0, 0, 0, 0, 0]",1,128,192.0,4608.0,12269131540,12269141328,12919073705,12919076201,0,639,639,-1,1,9788,2496,32,128,128,3
12,3,"[8, 192, 0, 0, 0, 0, 0, 0, 0, 0, 0, 0, 0, 0, 0, 8, 192, 0, 0, 0, 0, 0, 0, 0, 0, 0, 0, 0, 0, 0]",1,128,192.0,4608.0,12269219152,12269226867,12919076840,12919079368,0,672,672,-1,1,7715,2528,32,128,128,3
16,3,"[8, 192, 0, 0, 0, 0, 0, 0, 0, 0, 0, 0, 0, 0, 0, 4, 0, 0, 0, 0, 0, 0, 0, 0, 0, 0, 0, 0, 0, 0]",1,128,192.0,3076.0,12269300141,12269308074,12919080040,12919082345,0,704,704,-1,1,7933,2305,32,128,128,3
12,3,"[8, 192, 0, 0, 0, 0, 0, 0, 0, 0, 0, 0, 0, 0, 0, 8, 192, 0, 0, 0, 0, 0, 0, 0, 0, 0, 0, 0, 0, 0]",1,128,192.0,4608.0,12269380226,12269387616,12919083049,12919085577,0,608,608,-1,1,7390,2528,32,128,128,3
12,3,"[8, 192, 0, 0, 0, 0, 0, 0, 0, 0, 0, 0, 0, 0, 0, 8, 192, 0, 0, 0, 0, 0, 0, 0, 0, 0, 0, 0, 0, 0]",1,128,192.0,4608.0,12269458964,12269466221,12919086185,12919088681,0,704,704,-1,1,7257,2496,32,128,128,3
16,3,"[8, 128, 192, 1, 1, 0, 0, 0, 0, 0, 0, 0, 0, 0, 0, 4, 0, 0, 0, 0, 0, 0, 0, 0, 0, 0, 0, 0, 0, 0]",48,128,24576.0,393220.0,12269539133,12269546442,12919089385,12919092680,0,672,672,-1,1,7309,3295,32,128,128,3
12,3,"[8, 128, 192, 1, 1, 0, 0, 0, 0, 0, 0, 0, 0, 0, 0, 8, 128, 192, 1, 1, 0, 0, 0, 0, 0, 0, 0, 0, 0, 0]",48,128,24576.0,589824.0,12269624329,12269631677,12919093352,12919096808,0,640,640,-1,1,7348,3456,32,128,128,3
12,3,"[8, 128, 192, 1, 1, 0, 0, 0, 0, 0, 0, 0, 0, 0, 0, 8, 128, 192, 1, 1, 0, 0, 0, 0, 0, 0, 0, 0, 0, 0]",48,128,24576.0,589824.0,12269706063,12269713027,12919097448,12919100872,0,608,608,-1,1,6964,3424,32,128,128,3
16,3,"[8, 128, 0, 0, 0, 0, 0, 0, 0, 0, 0, 0, 0, 0, 0, 4, 0, 0, 0, 0, 0, 0, 0, 0, 0, 0, 0, 0, 0, 0]",1,128,128.0,2052.0,12269784862,12269792019,12919101480,12919103720,0,576,576,-1,1,7157,2240,32,128,128,3
12,3,"[8, 128, 0, 0, 0, 0, 0, 0, 0, 0, 0, 0, 0, 0, 0, 8, 128, 0, 0, 0, 0, 0, 0, 0, 0, 0, 0, 0, 0, 0]",1,128,128.0,3072.0,12269863010,12269870093,12919104296,12919106760,0,736,736,-1,1,7083,2464,32,128,128,3
12,3,"[8, 128, 0, 0, 0, 0, 0, 0, 0, 0, 0, 0, 0, 0, 0, 8, 128, 0, 0, 0, 0, 0, 0, 0, 0, 0, 0, 0, 0, 0]",1,128,128.0,3072.0,12269940970,12269947581,12919107496,12919109960,0,608,608,-1,1,6611,2464,32,128,128,3
16,3,"[8, 128, 0, 0, 0, 0, 0, 0, 0, 0, 0, 0, 0, 0, 0, 4, 0, 0, 0, 0, 0, 0, 0, 0, 0, 0, 0, 0, 0, 0]",1,128,128.0,2052.0,12270018288,12270025459,12919110568,12919112808,0,576,576,-1,1,7171,2240,32,128,128,3
12,3,"[8, 128, 0, 0, 0, 0, 0, 0, 0, 0, 0, 0, 0, 0, 0, 8, 128, 0, 0, 0, 0, 0, 0, 0, 0, 0, 0, 0, 0, 0]",1,128,128.0,3072.0,12270096845,12270103716,12919113384,12919115816,0,576,576,-1,1,6871,2432,32,128,128,3
12,3,"[8, 128, 0, 0, 0, 0, 0, 0, 0, 0, 0, 0, 0, 0, 0, 8, 128, 0, 0, 0, 0, 0, 0, 0, 0, 0, 0, 0, 0, 0]",1,128,128.0,3072.0,12270177290,12270184244,12919116392,12919118824,0,576,576,-1,1,6954,2432,32,128,128,3
16,3,"[8, 32, 128, 3, 3, 0, 0, 0, 0, 0, 0, 0, 0, 0, 0, 4, 0, 0, 0, 0, 0, 0, 0, 0, 0, 0, 0, 0, 0, 0]",72,128,36864.0,589828.0,12270257090,12270264172,12919119400,12919123528,0,608,608,-1,1,7082,4128,32,128,128,3
12,3,"[8, 32, 128, 3, 3, 0, 0, 0, 0, 0, 0, 0, 0, 0, 0, 8, 32, 128, 3, 3, 0, 0, 0, 0, 0, 0, 0, 0, 0, 0]",72,128,36864.0,884736.0,12270337714,12270344813,12919124136,12919128104,0,576,576,-1,1,7099,3968,32,128,128,3
12,3,"[8, 32, 128, 3, 3, 0, 0, 0, 0, 0, 0, 0, 0, 0, 0, 8, 32, 128, 3, 3, 0, 0, 0, 0, 0, 0, 0, 0, 0, 0]",72,128,36864.0,884736.0,12270419244,12270428071,12919128680,12919132680,0,736,736,-1,1,8827,4000,32,128,128,3
16,3,"[8, 224, 0, 0, 0, 0, 0, 0, 0, 0, 0, 0, 0, 0, 0, 4, 0, 0, 0, 0, 0, 0, 0, 0, 0, 0, 0, 0, 0, 0]",1,128,224.0,3588.0,12270502104,12270509523,12919133416,12919135688,0,608,608,-1,1,7419,2272,32,128,128,3
12,3,"[8, 224, 0, 0, 0, 0, 0, 0, 0, 0, 0, 0, 0, 0, 0, 8, 224, 0, 0, 0, 0, 0, 0, 0, 0, 0, 0, 0, 0, 0]",1,128,224.0,5376.0,12270582109,12270588858,12919136296,12919138952,0,736,736,-1,1,6749,2656,32,128,128,3
12,3,"[8, 224, 0, 0, 0, 0, 0, 0, 0, 0, 0, 0, 0, 0, 0, 8, 224, 0, 0, 0, 0, 0, 0, 0, 0, 0, 0, 0, 0, 0]",1,128,224.0,5376.0,12270660182,12270666908,12919139688,12919142152,0,672,672,-1,1,6726,2464,32,128,128,3
16,3,"[8, 224, 0, 0, 0, 0, 0, 0, 0, 0, 0, 0, 0, 0, 0, 4, 0, 0, 0, 0, 0, 0, 0, 0, 0, 0, 0, 0, 0, 0]",1,128,224.0,3588.0,12270737386,12270744458,12919142824,12919145128,0,704,704,-1,1,7072,2304,32,128,128,3
12,3,"[8, 224, 0, 0, 0, 0, 0, 0, 0, 0, 0, 0, 0, 0, 0, 8, 224, 0, 0, 0, 0, 0, 0, 0, 0, 0, 0, 0, 0, 0]",1,128,224.0,5376.0,12270816335,12270823354,12919145832,12919148328,0,640,640,-1,1,7019,2496,32,128,128,3
12,3,"[8, 224, 0, 0, 0, 0, 0, 0, 0, 0, 0, 0, 0, 0, 0, 8, 224, 0, 0, 0, 0, 0, 0, 0, 0, 0, 0, 0, 0, 0]",1,128,224.0,5376.0,12270895598,12270902307,12919148968,12919151464,0,704,704,-1,1,6709,2496,32,128,128,3
16,3,"[8, 128, 224, 1, 1, 0, 0, 0, 0, 0, 0, 0, 0, 0, 0, 4, 0, 0, 0, 0, 0, 0, 0, 0, 0, 0, 0, 0, 0, 0]",56,128,28672.0,458756.0,12270975033,12270982157,12919152168,12919155816,0,704,704,-1,1,7124,3648,32,128,128,3
12,3,"[8, 128, 224, 1, 1, 0, 0, 0, 0, 0, 0, 0, 0, 0, 0, 8, 128, 224, 1, 1, 0, 0, 0, 0, 0, 0, 0, 0, 0, 0]",56,128,28672.0,688128.0,12271054738,12271061947,12919156520,12919160136,0,608,608,-1,1,7209,3616,32,128,128,3
12,3,"[8, 128, 224, 1, 1, 0, 0, 0, 0, 0, 0, 0, 0, 0, 0, 8, 128, 224, 1, 1, 0, 0, 0, 0, 0, 0, 0, 0, 0, 0]",56,128,28672.0,688128.0,12271137198,12272119666,12919160744,12919164487,0,609,609,-1,1,982468,3743,32,128,128,3
16,3,"[8, 128, 0, 0, 0, 0, 0, 0, 0, 0, 0, 0, 0, 0, 0, 4, 0, 0, 0, 0, 0, 0, 0, 0, 0, 0, 0, 0, 0, 0]",1,128,128.0,2052.0,12272197144,12272205162,12919165096,12919167336,0,576,576,-1,1,8018,2240,32,128,128,3
12,3,"[8, 128, 0, 0, 0, 0, 0, 0, 0, 0, 0, 0, 0, 0, 0, 8, 128, 0, 0, 0, 0, 0, 0, 0, 0, 0, 0, 0, 0, 0]",1,128,128.0,3072.0,12272278711,12273718474,12919167912,12919170375,0,736,736,-1,1,1439763,2463,32,128,128,3
12,3,"[8, 128, 0, 0, 0, 0, 0, 0, 0, 0, 0, 0, 0, 0, 0, 8, 128, 0, 0, 0, 0, 0, 0, 0, 0, 0, 0, 0, 0, 0]",1,128,128.0,3072.0,12273809333,12273817629,12919171111,12919173576,0,735,735,-1,1,8296,2465,32,128,128,3
16,3,"[8, 128, 0, 0, 0, 0, 0, 0, 0, 0, 0, 0, 0, 0, 0, 4, 0, 0, 0, 0, 0, 0, 0, 0, 0, 0, 0, 0, 0, 0]",1,128,128.0,2052.0,12273892007,12273899826,12919174311,12919176551,0,641,641,-1,1,7819,2240,32,128,128,3
12,3,"[8, 128, 0, 0, 0, 0, 0, 0, 0, 0, 0, 0, 0, 0, 0, 8, 128, 0, 0, 0, 0, 0, 0, 0, 0, 0, 0, 0, 0, 0]",1,128,128.0,3072.0,12273974195,12274113035,12919177192,12919179623,0,704,704,-1,1,138840,2431,32,128,128,3
12,3,"[8, 128, 0, 0, 0, 0, 0, 0, 0, 0, 0, 0, 0, 0, 0, 8, 128, 0, 0, 0, 0, 0, 0, 0, 0, 0, 0, 0, 0, 0]",1,128,128.0,3072.0,12274187183,12274194608,12919180327,12919182759,0,640,640,-1,1,7425,2432,32,128,128,3
16,3,"[8, 32, 128, 3, 3, 0, 0, 0, 0, 0, 0, 0, 0, 0, 0, 4, 0, 0, 0, 0, 0, 0, 0, 0, 0, 0, 0, 0, 0, 0]",72,128,36864.0,589828.0,12274268633,12274276096,12919183399,12919187432,0,704,704,-1,1,7463,4033,32,128,128,3
12,3,"[8, 32, 128, 3, 3, 0, 0, 0, 0, 0, 0, 0, 0, 0, 0, 8, 32, 128, 3, 3, 0, 0, 0, 0, 0, 0, 0, 0, 0, 0]",72,128,36864.0,884736.0,12274348847,12274355749,12919188136,12919192200,0,671,671,-1,1,6902,4064,32,128,128,3
12,3,"[8, 32, 128, 3, 3, 0, 0, 0, 0, 0, 0, 0, 0, 0, 0, 8, 32, 128, 3, 3, 0, 0, 0, 0, 0, 0, 0, 0, 0, 0]",72,128,36864.0,884736.0,12274430166,12274437013,12919192871,12919196807,0,672,672,-1,1,6847,3936,32,128,128,3
16,3,"[8, 256, 0, 0, 0, 0, 0, 0, 0, 0, 0, 0, 0, 0, 0, 4, 0, 0, 0, 0, 0, 0, 0, 0, 0, 0, 0, 0, 0, 0]",1,128,256.0,4100.0,12274510126,12274517453,12919197479,12919199783,0,704,704,-1,1,7327,2304,32,128,128,3
12,3,"[8, 256, 0, 0, 0, 0, 0, 0, 0, 0, 0, 0, 0, 0, 0, 8, 256, 0, 0, 0, 0, 0, 0, 0, 0, 0, 0, 0, 0, 0]",1,128,256.0,6144.0,12274590507,12274598143,12919200487,12919203047,0,640,640,-1,1,7636,2560,32,128,128,3
12,3,"[8, 256, 0, 0, 0, 0, 0, 0, 0, 0, 0, 0, 0, 0, 0, 8, 256, 0, 0, 0, 0, 0, 0, 0, 0, 0, 0, 0, 0, 0]",1,128,256.0,6144.0,12274671168,12274678006,12919203687,12919206183,0,704,704,-1,1,6838,2496,32,128,128,3
16,3,"[8, 256, 0, 0, 0, 0, 0, 0, 0, 0, 0, 0, 0, 0, 0, 4, 0, 0, 0, 0, 0, 0, 0, 0, 0, 0, 0, 0, 0, 0]",1,128,256.0,4100.0,12274749853,12274759115,12919206887,12919209191,0,704,704,-1,1,9262,2304,32,128,128,3
12,3,"[8, 256, 0, 0, 0, 0, 0, 0, 0, 0, 0, 0, 0, 0, 0, 8, 256, 0, 0, 0, 0, 0, 0, 0, 0, 0, 0, 0, 0, 0]",1,128,256.0,6144.0,12274834245,12274841513,12919209895,12919212487,0,544,544,-1,1,7268,2592,32,128,128,3
12,3,"[8, 256, 0, 0, 0, 0, 0, 0, 0, 0, 0, 0, 0, 0, 0, 8, 256, 0, 0, 0, 0, 0, 0, 0, 0, 0, 0, 0, 0, 0]",1,128,256.0,6144.0,12274916306,12274923200,12919213031,12919215559,0,672,672,-1,1,6894,2528,32,128,128,3
16,3,"[8, 128, 256, 1, 1, 0, 0, 0, 0, 0, 0, 0, 0, 0, 0, 4, 0, 0, 0, 0, 0, 0, 0, 0, 0, 0, 0, 0, 0, 0]",64,128,32768.0,524292.0,12275125425,12275135131,12919216231,12919220263,0,736,736,-1,1,9706,4032,32,128,128,3
12,3,"[8, 128, 256, 1, 1, 0, 0, 0, 0, 0, 0, 0, 0, 0, 0, 8, 128, 256, 1, 1, 0, 0, 0, 0, 0, 0, 0, 0, 0, 0]",64,128,32768.0,786432.0,12275219541,12275227832,12919220999,12919224903,0,608,608,-1,1,8291,3904,32,128,128,3
12,3,"[8, 128, 256, 1, 1, 0, 0, 0, 0, 0, 0, 0, 0, 0, 0, 8, 128, 256, 1, 1, 0, 0, 0, 0, 0, 0, 0, 0, 0, 0]",64,128,32768.0,786432.0,12275302951,12275310260,12919225511,12919229479,0,704,704,-1,1,7309,3968,32,128,128,3
16,3,"[8, 128, 0, 0, 0, 0, 0, 0, 0, 0, 0, 0, 0, 0, 0, 4, 0, 0, 0, 0, 0, 0, 0, 0, 0, 0, 0, 0, 0, 0]",1,128,128.0,2052.0,12275383019,12275390211,12919230183,12919232423,0,640,640,-1,1,7192,2240,32,128,128,3
12,3,"[8, 128, 0, 0, 0, 0, 0, 0, 0, 0, 0, 0, 0, 0, 0, 8, 128, 0, 0, 0, 0, 0, 0, 0, 0, 0, 0, 0, 0, 0]",1,128,128.0,3072.0,12275463160,12275470164,12919233063,12919235559,0,576,576,-1,1,7004,2496,32,128,128,3
12,3,"[8, 128, 0, 0, 0, 0, 0, 0, 0, 0, 0, 0, 0, 0, 0, 8, 128, 0, 0, 0, 0, 0, 0, 0, 0, 0, 0, 0, 0, 0]",1,128,128.0,3072.0,12275542153,12275548961,12919236135,12919238567,0,576,576,-1,1,6808,2432,32,128,128,3
16,3,"[8, 128, 0, 0, 0, 0, 0, 0, 0, 0, 0, 0, 0, 0, 0, 4, 0, 0, 0, 0, 0, 0, 0, 0, 0, 0, 0, 0, 0, 0]",1,128,128.0,2052.0,12275621056,12275628511,12919239143,12919241383,0,576,576,-1,1,7455,2240,32,128,128,3
12,3,"[8, 128, 0, 0, 0, 0, 0, 0, 0, 0, 0, 0, 0, 0, 0, 8, 128, 0, 0, 0, 0, 0, 0, 0, 0, 0, 0, 0, 0, 0]",1,128,128.0,3072.0,12275699737,12275706896,12919241959,12919244423,0,736,736,-1,1,7159,2464,32,128,128,3
12,3,"[8, 128, 0, 0, 0, 0, 0, 0, 0, 0, 0, 0, 0, 0, 0, 8, 128, 0, 0, 0, 0, 0, 0, 0, 0, 0, 0, 0, 0, 0]",1,128,128.0,3072.0,12275779237,12275788526,12919245159,12919247591,0,640,640,-1,1,9289,2432,32,128,128,3
16,3,"[8, 32, 128, 3, 3, 0, 0, 0, 0, 0, 0, 0, 0, 0, 0, 4, 0, 0, 0, 0, 0, 0, 0, 0, 0, 0, 0, 0, 0, 0]",72,128,36864.0,589828.0,12275861186,12275868696,12919248231,12919252231,0,672,672,-1,1,7510,4000,32,128,128,3
12,3,"[8, 32, 128, 3, 3, 0, 0, 0, 0, 0, 0, 0, 0, 0, 0, 8, 32, 128, 3, 3, 0, 0, 0, 0, 0, 0, 0, 0, 0, 0]",72,128,36864.0,884736.0,12275950380,12275958608,12919252903,12919256903,0,704,704,-1,1,8228,4000,32,128,128,3
12,3,"[8, 32, 128, 3, 3, 0, 0, 0, 0, 0, 0, 0, 0, 0, 0, 8, 32, 128, 3, 3, 0, 0, 0, 0, 0, 0, 0, 0, 0, 0]",72,128,36864.0,884736.0,12276033445,12276040789,12919257607,12919261607,0,704,704,-1,1,7344,4000,32,128,128,3
16,3,"[8, 288, 0, 0, 0, 0, 0, 0, 0, 0, 0, 0, 0, 0, 0, 4, 0, 0, 0, 0, 0, 0, 0, 0, 0, 0, 0, 0, 0, 0]",1,128,288.0,4612.0,12276113273,12276120537,12919262311,12919264646,0,544,544,-1,1,7264,2335,32,128,128,3
12,3,"[8, 288, 0, 0, 0, 0, 0, 0, 0, 0, 0, 0, 0, 0, 0, 8, 288, 0, 0, 0, 0, 0, 0, 0, 0, 0, 0, 0, 0, 0]",1,128,288.0,6912.0,12276192373,12276199397,12919265190,12919267783,0,608,608,-1,1,7024,2593,32,128,128,3
12,3,"[8, 288, 0, 0, 0, 0, 0, 0, 0, 0, 0, 0, 0, 0, 0, 8, 288, 0, 0, 0, 0, 0, 0, 0, 0, 0, 0, 0, 0, 0]",1,128,288.0,6912.0,12276272073,12276279022,12919268391,12919270950,0,641,641,-1,1,6949,2559,32,128,128,3
16,3,"[8, 288, 0, 0, 0, 0, 0, 0, 0, 0, 0, 0, 0, 0, 0, 4, 0, 0, 0, 0, 0, 0, 0, 0, 0, 0, 0, 0, 0, 0]",1,128,288.0,4612.0,12276354987,12276362614,12919271591,12919273991,0,607,607,-1,1,7627,2400,32,128,128,3
12,3,"[8, 288, 0, 0, 0, 0, 0, 0, 0, 0, 0, 0, 0, 0, 0, 8, 288, 0, 0, 0, 0, 0, 0, 0, 0, 0, 0, 0, 0, 0]",1,128,288.0,6912.0,12276436478,12276443420,12919274598,12919277191,0,736,736,-1,1,6942,2593,32,128,128,3
12,3,"[8, 288, 0, 0, 0, 0, 0, 0, 0, 0, 0, 0, 0, 0, 0, 8, 288, 0, 0, 0, 0, 0, 0, 0, 0, 0, 0, 0, 0, 0]",1,128,288.0,6912.0,12276516286,12288921984,12919277927,12919280454,0,673,673,-1,1,12405698,2527,32,128,128,3
16,3,"[8, 128, 288, 1, 1, 0, 0, 0, 0, 0, 0, 0, 0, 0, 0, 4, 0, 0, 0, 0, 0, 0, 0, 0, 0, 0, 0, 0, 0, 0]",72,128,36864.0,589828.0,12289000403,12289008731,12919281127,12919285158,0,704,704,-1,1,8328,4031,32,128,128,3
12,3,"[8, 128, 288, 1, 1, 0, 0, 0, 0, 0, 0, 0, 0, 0, 0, 8, 128, 288, 1, 1, 0, 0, 0, 0, 0, 0, 0, 0, 0, 0]",72,128,36864.0,884736.0,12289082540,12290450545,12919285862,12919289798,0,544,544,-1,1,1368005,3936,32,128,128,3
12,3,"[8, 128, 288, 1, 1, 0, 0, 0, 0, 0, 0, 0, 0, 0, 0, 8, 128, 288, 1, 1, 0, 0, 0, 0, 0, 0, 0, 0, 0, 0]",72,128,36864.0,884736.0,12290526728,12290534395,12919290342,12919294342,0,608,608,-1,1,7667,4000,32,128,128,3
16,3,"[8, 128, 0, 0, 0, 0, 0, 0, 0, 0, 0, 0, 0, 0, 0, 4, 0, 0, 0, 0, 0, 0, 0, 0, 0, 0, 0, 0, 0, 0]",1,128,128.0,2052.0,12290607253,12290615061,12919294950,12919297446,0,704,704,-1,1,7808,2496,32,128,128,3
12,3,"[8, 128, 0, 0, 0, 0, 0, 0, 0, 0, 0, 0, 0, 0, 0, 8, 128, 0, 0, 0, 0, 0, 0, 0, 0, 0, 0, 0, 0, 0]",1,128,128.0,3072.0,12290688515,12290831166,12919298150,12919300614,0,736,736,-1,1,142651,2464,32,128,128,3
12,3,"[8, 128, 0, 0, 0, 0, 0, 0, 0, 0, 0, 0, 0, 0, 0, 8, 128, 0, 0, 0, 0, 0, 0, 0, 0, 0, 0, 0, 0, 0]",1,128,128.0,3072.0,12290905874,12290913474,12919301350,12919303782,0,832,832,-1,1,7600,2432,32,128,128,3
16,3,"[8, 128, 0, 0, 0, 0, 0, 0, 0, 0, 0, 0, 0, 0, 0, 4, 0, 0, 0, 0, 0, 0, 0, 0, 0, 0, 0, 0, 0, 0]",1,128,128.0,2052.0,12290985774,12290993140,12919304614,12919306854,0,640,640,-1,1,7366,2240,32,128,128,3
12,3,"[8, 128, 0, 0, 0, 0, 0, 0, 0, 0, 0, 0, 0, 0, 0, 8, 128, 0, 0, 0, 0, 0, 0, 0, 0, 0, 0, 0, 0, 0]",1,128,128.0,3072.0,12291065822,12291073296,12919307494,12919309926,0,576,576,-1,1,7474,2432,32,128,128,3
12,3,"[8, 128, 0, 0, 0, 0, 0, 0, 0, 0, 0, 0, 0, 0, 0, 8, 128, 0, 0, 0, 0, 0, 0, 0, 0, 0, 0, 0, 0, 0]",1,128,128.0,3072.0,12291145971,12291152926,12919310502,12919313062,0,640,640,-1,1,6955,2560,32,128,128,3
16,3,"[8, 32, 128, 3, 3, 0, 0, 0, 0, 0, 0, 0, 0, 0, 0, 4, 0, 0, 0, 0, 0, 0, 0, 0, 0, 0, 0, 0, 0, 0]",72,128,36864.0,589828.0,12291225987,12291233502,12919313702,12919317734,0,576,576,-1,1,7515,4032,32,128,128,3
12,3,"[8, 32, 128, 3, 3, 0, 0, 0, 0, 0, 0, 0, 0, 0, 0, 8, 32, 128, 3, 3, 0, 0, 0, 0, 0, 0, 0, 0, 0, 0]",72,128,36864.0,884736.0,12291305170,12291312683,12919318310,12919322374,0,640,640,-1,1,7513,4064,32,128,128,3
12,3,"[8, 32, 128, 3, 3, 0, 0, 0, 0, 0, 0, 0, 0, 0, 0, 8, 32, 128, 3, 3, 0, 0, 0, 0, 0, 0, 0, 0, 0, 0]",72,128,36864.0,884736.0,12291386577,12291393458,12919323014,12919326982,0,736,736,-1,1,6881,3968,32,128,128,3
16,3,"[8, 320, 0, 0, 0, 0, 0, 0, 0, 0, 0, 0, 0, 0, 0, 4, 0, 0, 0, 0, 0, 0, 0, 0, 0, 0, 0, 0, 0, 0]",1,128,320.0,5124.0,12291467602,12291475239,12919327718,12919330054,0,672,672,-1,1,7637,2336,32,128,128,3
12,3,"[8, 320, 0, 0, 0, 0, 0, 0, 0, 0, 0, 0, 0, 0, 0, 8, 320, 0, 0, 0, 0, 0, 0, 0, 0, 0, 0, 0, 0, 0]",1,128,320.0,7680.0,12291548342,12291555438,12919330726,12919333350,0,704,704,-1,1,7096,2624,32,128,128,3
12,3,"[8, 320, 0, 0, 0, 0, 0, 0, 0, 0, 0, 0, 0, 0, 0, 8, 320, 0, 0, 0, 0, 0, 0, 0, 0, 0, 0, 0, 0, 0]",1,128,320.0,7680.0,12291626496,12291633444,12919334054,12919336614,0,640,640,-1,1,6948,2560,32,128,128,3
16,3,"[8, 320, 0, 0, 0, 0, 0, 0, 0, 0, 0, 0, 0, 0, 0, 4, 0, 0, 0, 0, 0, 0, 0, 0, 0, 0, 0, 0, 0, 0]",1,128,320.0,5124.0,12291704606,12291711877,12919337254,12919339622,0,640,640,-1,1,7271,2368,32,128,128,3
12,3,"[8, 320, 0, 0, 0, 0, 0, 0, 0, 0, 0, 0, 0, 0, 0, 8, 320, 0, 0, 0, 0, 0, 0, 0, 0, 0, 0, 0, 0, 0]",1,128,320.0,7680.0,12291785228,12291792102,12919340262,12919342950,0,640,640,-1,1,6874,2688,32,128,128,3
12,3,"[8, 320, 0, 0, 0, 0, 0, 0, 0, 0, 0, 0, 0, 0, 0, 8, 320, 0, 0, 0, 0, 0, 0, 0, 0, 0, 0, 0, 0, 0]",1,128,320.0,7680.0,12291863639,12291870420,12919343590,12919346182,0,608,608,-1,1,6781,2592,32,128,128,3
16,3,"[8, 128, 320, 1, 1, 0, 0, 0, 0, 0, 0, 0, 0, 0, 0, 4, 0, 0, 0, 0, 0, 0, 0, 0, 0, 0, 0, 0, 0, 0]",80,128,40960.0,655364.0,12291951294,12291959541,12919346790,12919350917,0,737,737,-1,1,8247,4127,32,128,128,3
12,3,"[8, 128, 320, 1, 1, 0, 0, 0, 0, 0, 0, 0, 0, 0, 0, 8, 128, 320, 1, 1, 0, 0, 0, 0, 0, 0, 0, 0, 0, 0]",80,128,40960.0,983040.0,12292035659,12292043027,12919351654,12919355750,0,704,704,-1,1,7368,4096,32,128,128,3
12,3,"[8, 128, 320, 1, 1, 0, 0, 0, 0, 0, 0, 0, 0, 0, 0, 8, 128, 320, 1, 1, 0, 0, 0, 0, 0, 0, 0, 0, 0, 0]",80,128,40960.0,983040.0,12292116118,12292123113,12919356454,12919360581,0,545,545,-1,1,6995,4127,32,128,128,3
16,3,"[8, 128, 0, 0, 0, 0, 0, 0, 0, 0, 0, 0, 0, 0, 0, 4, 0, 0, 0, 0, 0, 0, 0, 0, 0, 0, 0, 0, 0, 0]",1,128,128.0,2052.0,12292194461,12292201553,12919361126,12919363366,0,575,575,-1,1,7092,2240,32,128,128,3
12,3,"[8, 128, 0, 0, 0, 0, 0, 0, 0, 0, 0, 0, 0, 0, 0, 8, 128, 0, 0, 0, 0, 0, 0, 0, 0, 0, 0, 0, 0, 0]",1,128,128.0,3072.0,12292273494,12292280960,12919363941,12919366566,0,704,704,-1,1,7466,2625,32,128,128,3
12,3,"[8, 128, 0, 0, 0, 0, 0, 0, 0, 0, 0, 0, 0, 0, 0, 8, 128, 0, 0, 0, 0, 0, 0, 0, 0, 0, 0, 0, 0, 0]",1,128,128.0,3072.0,12292481906,12292491214,12919367270,12919369669,0,545,545,-1,1,9308,2399,32,128,128,3
16,3,"[8, 128, 0, 0, 0, 0, 0, 0, 0, 0, 0, 0, 0, 0, 0, 4, 0, 0, 0, 0, 0, 0, 0, 0, 0, 0, 0, 0, 0, 0]",1,128,128.0,2052.0,12292574909,12292583751,12919370214,12919372485,0,608,608,-1,1,8842,2271,32,128,128,3
12,3,"[8, 128, 0, 0, 0, 0, 0, 0, 0, 0, 0, 0, 0, 0, 0, 8, 128, 0, 0, 0, 0, 0, 0, 0, 0, 0, 0, 0, 0, 0]",1,128,128.0,3072.0,12292657718,12292665523,12919373093,12919375621,0,609,609,-1,1,7805,2528,32,128,128,3
12,3,"[8, 128, 0, 0, 0, 0, 0, 0, 0, 0, 0, 0, 0, 0, 0, 8, 128, 0, 0, 0, 0, 0, 0, 0, 0, 0, 0, 0, 0, 0]",1,128,128.0,3072.0,12292737992,12292745140,12919376230,12919378661,0,704,704,-1,1,7148,2431,32,128,128,3
16,3,"[8, 32, 128, 3, 3, 0, 0, 0, 0, 0, 0, 0, 0, 0, 0, 4, 0, 0, 0, 0, 0, 0, 0, 0, 0, 0, 0, 0, 0, 0]",72,128,36864.0,589828.0,12292818498,12292826079,12919379365,12919383429,0,736,736,-1,1,7581,4064,32,128,128,3
12,3,"[8, 32, 128, 3, 3, 0, 0, 0, 0, 0, 0, 0, 0, 0, 0, 8, 32, 128, 3, 3, 0, 0, 0, 0, 0, 0, 0, 0, 0, 0]",72,128,36864.0,884736.0,12292899189,12292906350,12919384165,12919388165,0,608,608,-1,1,7161,4000,32,128,128,3
12,3,"[8, 32, 128, 3, 3, 0, 0, 0, 0, 0, 0, 0, 0, 0, 0, 8, 32, 128, 3, 3, 0, 0, 0, 0, 0, 0, 0, 0, 0, 0]",72,128,36864.0,884736.0,12292980236,12292987057,12919388773,12919392741,0,832,832,-1,1,6821,3968,32,128,128,3
16,3,"[8, 352, 0, 0, 0, 0, 0, 0, 0, 0, 0, 0, 0, 0, 0, 4, 0, 0, 0, 0, 0, 0, 0, 0, 0, 0, 0, 0, 0, 0]",1,128,352.0,5636.0,12293059409,12293066510,12919393573,12919395909,0,672,672,-1,1,7101,2336,32,128,128,3
12,3,"[8, 352, 0, 0, 0, 0, 0, 0, 0, 0, 0, 0, 0, 0, 0, 8, 352, 0, 0, 0, 0, 0, 0, 0, 0, 0, 0, 0, 0, 0]",1,128,352.0,8448.0,12293138038,12294182743,12919396581,12919399205,0,768,768,-1,1,1044705,2624,32,128,128,3
12,3,"[8, 352, 0, 0, 0, 0, 0, 0, 0, 0, 0, 0, 0, 0, 0, 8, 352, 0, 0, 0, 0, 0, 0, 0, 0, 0, 0, 0, 0, 0]",1,128,352.0,8448.0,12294257447,12294264985,12919399973,12919402533,0,640,640,-1,1,7538,2560,32,128,128,3
16,3,"[8, 352, 0, 0, 0, 0, 0, 0, 0, 0, 0, 0, 0, 0, 0, 4, 0, 0, 0, 0, 0, 0, 0, 0, 0, 0, 0, 0, 0, 0]",1,128,352.0,5636.0,12294336396,12295625820,12919403173,12919405573,0,608,608,-1,1,1289424,2400,32,128,128,3
12,3,"[8, 352, 0, 0, 0, 0, 0, 0, 0, 0, 0, 0, 0, 0, 0, 8, 352, 0, 0, 0, 0, 0, 0, 0, 0, 0, 0, 0, 0, 0]",1,128,352.0,8448.0,12295702766,12295710389,12919406181,12919408869,0,640,640,-1,1,7623,2688,32,128,128,3
12,3,"[8, 352, 0, 0, 0, 0, 0, 0, 0, 0, 0, 0, 0, 0, 0, 8, 352, 0, 0, 0, 0, 0, 0, 0, 0, 0, 0, 0, 0, 0]",1,128,352.0,8448.0,12295782345,12295789423,12919409509,12919412101,0,736,736,-1,1,7078,2592,32,128,128,3
16,3,"[8, 128, 352, 1, 1, 0, 0, 0, 0, 0, 0, 0, 0, 0, 0, 4, 0, 0, 0, 0, 0, 0, 0, 0, 0, 0, 0, 0, 0, 0]",88,128,45056.0,720900.0,12295861921,12295989320,12919412837,12919417413,0,544,544,-1,1,127399,4576,32,128,128,3
12,3,"[8, 128, 352, 1, 1, 0, 0, 0, 0, 0, 0, 0, 0, 0, 0, 8, 128, 352, 1, 1, 0, 0, 0, 0, 0, 0, 0, 0, 0, 0]",88,128,45056.0,1081344.0,12296066481,12296074542,12919417957,12919422533,0,672,672,-1,1,8061,4576,32,128,128,3
12,3,"[8, 128, 352, 1, 1, 0, 0, 0, 0, 0, 0, 0, 0, 0, 0, 8, 128, 352, 1, 1, 0, 0, 0, 0, 0, 0, 0, 0, 0, 0]",88,128,45056.0,1081344.0,12296148109,12296155137,12919423205,12919427717,0,640,640,-1,1,7028,4512,32,128,128,3
16,3,"[8, 128, 0, 0, 0, 0, 0, 0, 0, 0, 0, 0, 0, 0, 0, 4, 0, 0, 0, 0, 0, 0, 0, 0, 0, 0, 0, 0, 0, 0]",1,128,128.0,2052.0,12296229258,12296237063,12919428357,12919430565,0,576,576,-1,1,7805,2208,32,128,128,3
12,3,"[8, 128, 0, 0, 0, 0, 0, 0, 0, 0, 0, 0, 0, 0, 0, 8, 128, 0, 0, 0, 0, 0, 0, 0, 0, 0, 0, 0, 0, 0]",1,128,128.0,3072.0,12296309744,12296316876,12919431141,12919433733,0,608,608,-1,1,7132,2592,32,128,128,3
12,3,"[8, 128, 0, 0, 0, 0, 0, 0, 0, 0, 0, 0, 0, 0, 0, 8, 128, 0, 0, 0, 0, 0, 0, 0, 0, 0, 0, 0, 0, 0]",1,128,128.0,3072.0,12296389129,12296395923,12919434341,12919436773,0,576,576,-1,1,6794,2432,32,128,128,3
16,3,"[8, 128, 0, 0, 0, 0, 0, 0, 0, 0, 0, 0, 0, 0, 0, 4, 0, 0, 0, 0, 0, 0, 0, 0, 0, 0, 0, 0, 0, 0]",1,128,128.0,2052.0,12296467264,12296474704,12919437349,12919439557,0,672,672,-1,1,7440,2208,32,128,128,3
12,3,"[8, 128, 0, 0, 0, 0, 0, 0, 0, 0, 0, 0, 0, 0, 0, 8, 128, 0, 0, 0, 0, 0, 0, 0, 0, 0, 0, 0, 0, 0]",1,128,128.0,3072.0,12296546504,12296553690,12919440229,12919442853,0,704,704,-1,1,7186,2624,32,128,128,3
12,3,"[8, 128, 0, 0, 0, 0, 0, 0, 0, 0, 0, 0, 0, 0, 0, 8, 128, 0, 0, 0, 0, 0, 0, 0, 0, 0, 0, 0, 0, 0]",1,128,128.0,3072.0,12296625592,12296632453,12919443557,12919446053,0,576,576,-1,1,6861,2496,32,128,128,3
16,3,"[8, 32, 128, 3, 3, 0, 0, 0, 0, 0, 0, 0, 0, 0, 0, 4, 0, 0, 0, 0, 0, 0, 0, 0, 0, 0, 0, 0, 0, 0]",72,128,36864.0,589828.0,12296706556,12296714436,12919446629,12919450693,0,672,672,-1,1,7880,4064,32,128,128,3
12,3,"[8, 32, 128, 3, 3, 0, 0, 0, 0, 0, 0, 0, 0, 0, 0, 8, 32, 128, 3, 3, 0, 0, 0, 0, 0, 0, 0, 0, 0, 0]",72,128,36864.0,884736.0,12296787545,12296794615,12919451365,12919455396,0,641,641,-1,1,7070,4031,32,128,128,3
12,3,"[8, 32, 128, 3, 3, 0, 0, 0, 0, 0, 0, 0, 0, 0, 0, 8, 32, 128, 3, 3, 0, 0, 0, 0, 0, 0, 0, 0, 0, 0]",72,128,36864.0,884736.0,12296868481,12296875425,12919456037,12919460036,0,736,736,-1,1,6944,3999,32,128,128,3
16,3,"[8, 384, 0, 0, 0, 0, 0, 0, 0, 0, 0, 0, 0, 0, 0, 4, 0, 0, 0, 0, 0, 0, 0, 0, 0, 0, 0, 0, 0, 0]",1,128,384.0,6148.0,12296947437,12296954755,12919460772,12919463173,0,543,543,-1,1,7318,2401,32,128,128,3
12,3,"[8, 384, 0, 0, 0, 0, 0, 0, 0, 0, 0, 0, 0, 0, 0, 8, 384, 0, 0, 0, 0, 0, 0, 0, 0, 0, 0, 0, 0, 0]",1,128,384.0,9216.0,12297026831,12297033861,12919463716,12919466372,0,737,737,-1,1,7030,2656,32,128,128,3
12,3,"[8, 384, 0, 0, 0, 0, 0, 0, 0, 0, 0, 0, 0, 0, 0, 8, 384, 0, 0, 0, 0, 0, 0, 0, 0, 0, 0, 0, 0, 0]",1,128,384.0,9216.0,12297105437,12297112274,12919467109,12919469700,0,672,672,-1,1,6837,2591,32,128,128,3
16,3,"[8, 384, 0, 0, 0, 0, 0, 0, 0, 0, 0, 0, 0, 0, 0, 4, 0, 0, 0, 0, 0, 0, 0, 0, 0, 0, 0, 0, 0, 0]",1,128,384.0,6148.0,12297184603,12297191962,12919470372,12919472741,0,575,575,-1,1,7359,2369,32,128,128,3
12,3,"[8, 384, 0, 0, 0, 0, 0, 0, 0, 0, 0, 0, 0, 0, 0, 8, 384, 0, 0, 0, 0, 0, 0, 0, 0, 0, 0, 0, 0, 0]",1,128,384.0,9216.0,12297284162,12297291602,12919473316,12919476004,0,832,832,-1,1,7440,2688,32,128,128,3
12,3,"[8, 384, 0, 0, 0, 0, 0, 0, 0, 0, 0, 0, 0, 0, 0, 8, 384, 0, 0, 0, 0, 0, 0, 0, 0, 0, 0, 0, 0, 0]",1,128,384.0,9216.0,12297368150,12297375586,12919476836,12919479492,0,673,673,-1,1,7436,2656,32,128,128,3
16,3,"[8, 128, 384, 1, 1, 0, 0, 0, 0, 0, 0, 0, 0, 0, 0, 4, 0, 0, 0, 0, 0, 0, 0, 0, 0, 0, 0, 0, 0, 0]",96,128,49152.0,786436.0,12297453276,12297461173,12919480165,12919485092,0,704,704,-1,1,7897,4927,32,128,128,3
12,3,"[8, 128, 384, 1, 1, 0, 0, 0, 0, 0, 0, 0, 0, 0, 0, 8, 128, 384, 1, 1, 0, 0, 0, 0, 0, 0, 0, 0, 0, 0]",96,128,49152.0,1179648.0,12297551207,12297699600,12919485796,12919490276,0,704,704,-1,1,148393,4480,32,128,128,3
12,3,"[8, 128, 384, 1, 1, 0, 0, 0, 0, 0, 0, 0, 0, 0, 0, 8, 128, 384, 1, 1, 0, 0, 0, 0, 0, 0, 0, 0, 0, 0]",96,128,49152.0,1179648.0,12297783184,12297791309,12919490980,12919495716,0,576,576,-1,1,8125,4736,32,128,128,3
16,3,"[8, 128, 0, 0, 0, 0, 0, 0, 0, 0, 0, 0, 0, 0, 0, 4, 0, 0, 0, 0, 0, 0, 0, 0, 0, 0, 0, 0, 0, 0]",1,128,128.0,2052.0,12297870188,12297878089,12919496292,12919498500,0,608,608,-1,1,7901,2208,32,128,128,3
12,3,"[8, 128, 0, 0, 0, 0, 0, 0, 0, 0, 0, 0, 0, 0, 0, 8, 128, 0, 0, 0, 0, 0, 0, 0, 0, 0, 0, 0, 0, 0]",1,128,128.0,3072.0,12297955798,12297963199,12919499108,12919501636,0,736,736,-1,1,7401,2528,32,128,128,3
12,3,"[8, 128, 0, 0, 0, 0, 0, 0, 0, 0, 0, 0, 0, 0, 0, 8, 128, 0, 0, 0, 0, 0, 0, 0, 0, 0, 0, 0, 0, 0]",1,128,128.0,3072.0,12298040106,12298047459,12919502372,12919504772,0,608,608,-1,1,7353,2400,32,128,128,3
16,3,"[8, 128, 0, 0, 0, 0, 0, 0, 0, 0, 0, 0, 0, 0, 0, 4, 0, 0, 0, 0, 0, 0, 0, 0, 0, 0, 0, 0, 0, 0]",1,128,128.0,2052.0,12298123254,12298131024,12919505380,12919507588,0,608,608,-1,1,7770,2208,32,128,128,3
12,3,"[8, 128, 0, 0, 0, 0, 0, 0, 0, 0, 0, 0, 0, 0, 0, 8, 128, 0, 0, 0, 0, 0, 0, 0, 0, 0, 0, 0, 0, 0]",1,128,128.0,3072.0,12298209307,12298216874,12919508196,12919510628,0,704,704,-1,1,7567,2432,32,128,128,3
12,3,"[8, 128, 0, 0, 0, 0, 0, 0, 0, 0, 0, 0, 0, 0, 0, 8, 128, 0, 0, 0, 0, 0, 0, 0, 0, 0, 0, 0, 0, 0]",1,128,128.0,3072.0,12298293342,12309642525,12919511332,12919513796,0,608,608,-1,1,11349183,2464,32,128,128,3
16,3,"[8, 32, 128, 3, 3, 0, 0, 0, 0, 0, 0, 0, 0, 0, 0, 4, 0, 0, 0, 0, 0, 0, 0, 0, 0, 0, 0, 0, 0, 0]",72,128,36864.0,589828.0,12309722360,12309730950,12919514404,12919518436,0,704,704,-1,1,8590,4032,32,128,128,3
12,3,"[8, 32, 128, 3, 3, 0, 0, 0, 0, 0, 0, 0, 0, 0, 0, 8, 32, 128, 3, 3, 0, 0, 0, 0, 0, 0, 0, 0, 0, 0]",72,128,36864.0,884736.0,12309931177,12311073777,12919519140,12919523076,0,544,544,-1,1,1142600,3936,32,128,128,3
12,3,"[8, 32, 128, 3, 3, 0, 0, 0, 0, 0, 0, 0, 0, 0, 0, 8, 32, 128, 3, 3, 0, 0, 0, 0, 0, 0, 0, 0, 0, 0]",72,128,36864.0,884736.0,12311158512,12311167337,12919523620,12919527812,0,672,672,-1,1,8825,4192,32,128,128,3
16,3,"[8, 416, 0, 0, 0, 0, 0, 0, 0, 0, 0, 0, 0, 0, 0, 4, 0, 0, 0, 0, 0, 0, 0, 0, 0, 0, 0, 0, 0, 0]",1,128,416.0,6660.0,12311243785,12311254088,12919528484,12919530948,0,608,608,-1,1,10303,2464,32,128,128,3
12,3,"[8, 416, 0, 0, 0, 0, 0, 0, 0, 0, 0, 0, 0, 0, 0, 8, 416, 0, 0, 0, 0, 0, 0, 0, 0, 0, 0, 0, 0, 0]",1,128,416.0,9984.0,12311327293,12311420581,12919531556,12919534244,0,704,704,-1,1,93288,2688,32,128,128,3
12,3,"[8, 416, 0, 0, 0, 0, 0, 0, 0, 0, 0, 0, 0, 0, 0, 8, 416, 0, 0, 0, 0, 0, 0, 0, 0, 0, 0, 0, 0, 0]",1,128,416.0,9984.0,12311493959,12311501678,12919534948,12919537572,0,704,704,-1,1,7719,2624,32,128,128,3
16,3,"[8, 416, 0, 0, 0, 0, 0, 0, 0, 0, 0, 0, 0, 0, 0, 4, 0, 0, 0, 0, 0, 0, 0, 0, 0, 0, 0, 0, 0, 0]",1,128,416.0,6660.0,12311573585,12311581594,12919538276,12919540708,0,576,576,-1,1,8009,2432,32,128,128,3
12,3,"[8, 416, 0, 0, 0, 0, 0, 0, 0, 0, 0, 0, 0, 0, 0, 8, 416, 0, 0, 0, 0, 0, 0, 0, 0, 0, 0, 0, 0, 0]",1,128,416.0,9984.0,12311653821,12311661034,12919541284,12919543972,0,639,639,-1,1,7213,2688,32,128,128,3
12,3,"[8, 416, 0, 0, 0, 0, 0, 0, 0, 0, 0, 0, 0, 0, 0, 8, 416, 0, 0, 0, 0, 0, 0, 0, 0, 0, 0, 0, 0, 0]",1,128,416.0,9984.0,12311733967,12311741177,12919544611,12919547236,0,704,704,-1,1,7210,2625,32,128,128,3
16,3,"[8, 128, 416, 1, 1, 0, 0, 0, 0, 0, 0, 0, 0, 0, 0, 4, 0, 0, 0, 0, 0, 0, 0, 0, 0, 0, 0, 0, 0, 0]",104,128,53248.0,851972.0,12311813729,12311821097,12919547940,12919552643,0,609,609,-1,1,7368,4703,32,128,128,3
12,3,"[8, 128, 416, 1, 1, 0, 0, 0, 0, 0, 0, 0, 0, 0, 0, 8, 128, 416, 1, 1, 0, 0, 0, 0, 0, 0, 0, 0, 0, 0]",104,128,53248.0,1277952.0,12311896840,12311904343,12919553252,12919558051,0,641,641,-1,1,7503,4799,32,128,128,3
12,3,"[8, 128, 416, 1, 1, 0, 0, 0, 0, 0, 0, 0, 0, 0, 0, 8, 128, 416, 1, 1, 0, 0, 0, 0, 0, 0, 0, 0, 0, 0]",104,128,53248.0,1277952.0,12311986533,12311994002,12919558692,12919563492,0,576,576,-1,1,7469,4800,32,128,128,3
16,3,"[8, 128, 0, 0, 0, 0, 0, 0, 0, 0, 0, 0, 0, 0, 0, 4, 0, 0, 0, 0, 0, 0, 0, 0, 0, 0, 0, 0, 0, 0]",1,128,128.0,2052.0,12312067937,12312075397,12919564068,12919566339,0,608,608,-1,1,7460,2271,32,128,128,3
12,3,"[8, 128, 0, 0, 0, 0, 0, 0, 0, 0, 0, 0, 0, 0, 0, 8, 128, 0, 0, 0, 0, 0, 0, 0, 0, 0, 0, 0, 0, 0]",1,128,128.0,3072.0,12312148132,12312155310,12919566947,12919569380,0,704,704,-1,1,7178,2433,32,128,128,3
12,3,"[8, 128, 0, 0, 0, 0, 0, 0, 0, 0, 0, 0, 0, 0, 0, 8, 128, 0, 0, 0, 0, 0, 0, 0, 0, 0, 0, 0, 0, 0]",1,128,128.0,3072.0,12312227285,12312236147,12919570084,12919572547,0,736,736,-1,1,8862,2463,32,128,128,3
16,3,"[8, 128, 0, 0, 0, 0, 0, 0, 0, 0, 0, 0, 0, 0, 0, 4, 0, 0, 0, 0, 0, 0, 0, 0, 0, 0, 0, 0, 0, 0]",1,128,128.0,2052.0,12312309557,12312317012,12919573283,12919575555,0,736,736,-1,1,7455,2272,32,128,128,3
12,3,"[8, 128, 0, 0, 0, 0, 0, 0, 0, 0, 0, 0, 0, 0, 0, 8, 128, 0, 0, 0, 0, 0, 0, 0, 0, 0, 0, 0, 0, 0]",1,128,128.0,3072.0,12312388949,12312396059,12919576291,12919578915,0,704,704,-1,1,7110,2624,32,128,128,3
12,3,"[8, 128, 0, 0, 0, 0, 0, 0, 0, 0, 0, 0, 0, 0, 0, 8, 128, 0, 0, 0, 0, 0, 0, 0, 0, 0, 0, 0, 0, 0]",1,128,128.0,3072.0,12312467900,12312475146,12919579619,12919582051,0,576,576,-1,1,7246,2432,32,128,128,3
16,3,"[8, 32, 128, 3, 3, 0, 0, 0, 0, 0, 0, 0, 0, 0, 0, 4, 0, 0, 0, 0, 0, 0, 0, 0, 0, 0, 0, 0, 0, 0]",72,128,36864.0,589828.0,12312546908,12312554367,12919582627,12919586723,0,576,576,-1,1,7459,4096,32,128,128,3
12,3,"[8, 32, 128, 3, 3, 0, 0, 0, 0, 0, 0, 0, 0, 0, 0, 8, 32, 128, 3, 3, 0, 0, 0, 0, 0, 0, 0, 0, 0, 0]",72,128,36864.0,884736.0,12312629916,12312637348,12919587299,12919591267,0,704,704,-1,1,7432,3968,32,128,128,3
12,3,"[8, 32, 128, 3, 3, 0, 0, 0, 0, 0, 0, 0, 0, 0, 0, 8, 32, 128, 3, 3, 0, 0, 0, 0, 0, 0, 0, 0, 0, 0]",72,128,36864.0,884736.0,12312711584,12312718830,12919591971,12919596035,0,544,544,-1,1,7246,4064,32,128,128,3
16,3,"[8, 448, 0, 0, 0, 0, 0, 0, 0, 0, 0, 0, 0, 0, 0, 4, 0, 0, 0, 0, 0, 0, 0, 0, 0, 0, 0, 0, 0, 0]",1,128,448.0,7172.0,12312791198,12312798513,12919596579,12919599075,0,704,704,-1,1,7315,2496,32,128,128,3
12,3,"[8, 448, 0, 0, 0, 0, 0, 0, 0, 0, 0, 0, 0, 0, 0, 8, 448, 0, 0, 0, 0, 0, 0, 0, 0, 0, 0, 0, 0, 0]",1,128,448.0,10752.0,12312870757,12313117956,12919599779,12919602595,0,704,704,-1,1,247199,2816,32,128,128,3
12,3,"[8, 448, 0, 0, 0, 0, 0, 0, 0, 0, 0, 0, 0, 0, 0, 8, 448, 0, 0, 0, 0, 0, 0, 0, 0, 0, 0, 0, 0, 0]",1,128,448.0,10752.0,12313193739,12313201144,12919603299,12919605923,0,640,640,-1,1,7405,2624,32,128,128,3
16,3,"[8, 448, 0, 0, 0, 0, 0, 0, 0, 0, 0, 0, 0, 0, 0, 4, 0, 0, 0, 0, 0, 0, 0, 0, 0, 0, 0, 0, 0, 0]",1,128,448.0,7172.0,12313274121,12313281847,12919606563,12919608995,0,576,576,-1,1,7726,2432,32,128,128,3
12,3,"[8, 448, 0, 0, 0, 0, 0, 0, 0, 0, 0, 0, 0, 0, 0, 8, 448, 0, 0, 0, 0, 0, 0, 0, 0, 0, 0, 0, 0, 0]",1,128,448.0,10752.0,12313354253,12313363191,12919609571,12919612195,0,704,704,-1,1,8938,2624,32,128,128,3
12,3,"[8, 448, 0, 0, 0, 0, 0, 0, 0, 0, 0, 0, 0, 0, 0, 8, 448, 0, 0, 0, 0, 0, 0, 0, 0, 0, 0, 0, 0, 0]",1,128,448.0,10752.0,12313435755,12313443010,12919612899,12919615555,0,608,608,-1,1,7255,2656,32,128,128,3
16,3,"[8, 128, 448, 1, 1, 0, 0, 0, 0, 0, 0, 0, 0, 0, 0, 4, 0, 0, 0, 0, 0, 0, 0, 0, 0, 0, 0, 0, 0, 0]",112,128,57344.0,917508.0,12313516182,12313523959,12919616163,12919621283,0,640,640,-1,1,7777,5120,32,128,128,3
12,3,"[8, 128, 448, 1, 1, 0, 0, 0, 0, 0, 0, 0, 0, 0, 0, 8, 128, 448, 1, 1, 0, 0, 0, 0, 0, 0, 0, 0, 0, 0]",112,128,57344.0,1376256.0,12313596912,12313603944,12919621923,12919626915,0,576,576,-1,1,7032,4992,32,128,128,3
12,3,"[8, 128, 448, 1, 1, 0, 0, 0, 0, 0, 0, 0, 0, 0, 0, 8, 128, 448, 1, 1, 0, 0, 0, 0, 0, 0, 0, 0, 0, 0]",112,128,57344.0,1376256.0,12313677253,12314665408,12919627491,12919632419,0,640,640,-1,1,988155,4928,32,128,128,3
16,3,"[8, 128, 0, 0, 0, 0, 0, 0, 0, 0, 0, 0, 0, 0, 0, 4, 0, 0, 0, 0, 0, 0, 0, 0, 0, 0, 0, 0, 0, 0]",1,128,128.0,2052.0,12314740879,12314749116,12919633059,12919635299,0,576,576,-1,1,8237,2240,32,128,128,3
12,3,"[8, 128, 0, 0, 0, 0, 0, 0, 0, 0, 0, 0, 0, 0, 0, 8, 128, 0, 0, 0, 0, 0, 0, 0, 0, 0, 0, 0, 0, 0]",1,128,128.0,3072.0,12314821887,12316011923,12919635875,12919638339,0,736,736,-1,1,1190036,2464,32,128,128,3
12,3,"[8, 128, 0, 0, 0, 0, 0, 0, 0, 0, 0, 0, 0, 0, 0, 8, 128, 0, 0, 0, 0, 0, 0, 0, 0, 0, 0, 0, 0, 0]",1,128,128.0,3072.0,12316089830,12316097947,12919639075,12919641538,0,609,609,-1,1,8117,2463,32,128,128,3
16,3,"[8, 128, 0, 0, 0, 0, 0, 0, 0, 0, 0, 0, 0, 0, 0, 4, 0, 0, 0, 0, 0, 0, 0, 0, 0, 0, 0, 0, 0, 0]",1,128,128.0,2052.0,12316171720,12316179966,12919642147,12919644354,0,609,609,-1,1,8246,2207,32,128,128,3
12,3,"[8, 128, 0, 0, 0, 0, 0, 0, 0, 0, 0, 0, 0, 0, 0, 8, 128, 0, 0, 0, 0, 0, 0, 0, 0, 0, 0, 0, 0, 0]",1,128,128.0,3072.0,12316252861,12316340876,12919644963,12919647395,0,704,704,-1,1,88015,2432,32,128,128,3
12,3,"[8, 128, 0, 0, 0, 0, 0, 0, 0, 0, 0, 0, 0, 0, 0, 8, 128, 0, 0, 0, 0, 0, 0, 0, 0, 0, 0, 0, 0, 0]",1,128,128.0,3072.0,12316414882,12316422699,12919648099,12919650563,0,608,608,-1,1,7817,2464,32,128,128,3
16,3,"[8, 32, 128, 3, 3, 0, 0, 0, 0, 0, 0, 0, 0, 0, 0, 4, 0, 0, 0, 0, 0, 0, 0, 0, 0, 0, 0, 0, 0, 0]",72,128,36864.0,589828.0,12316496279,12316505632,12919651171,12919655235,0,672,672,-1,1,9353,4064,32,128,128,3
12,3,"[8, 32, 128, 3, 3, 0, 0, 0, 0, 0, 0, 0, 0, 0, 0, 8, 32, 128, 3, 3, 0, 0, 0, 0, 0, 0, 0, 0, 0, 0]",72,128,36864.0,884736.0,12316580146,12316587339,12919655907,12919659938,0,640,640,-1,1,7193,4031,32,128,128,3
12,3,"[8, 32, 128, 3, 3, 0, 0, 0, 0, 0, 0, 0, 0, 0, 0, 8, 32, 128, 3, 3, 0, 0, 0, 0, 0, 0, 0, 0, 0, 0]",72,128,36864.0,884736.0,12316662153,12316669532,12919660578,12919664514,0,608,608,-1,1,7379,3936,32,128,128,3
16,3,"[8, 480, 0, 0, 0, 0, 0, 0, 0, 0, 0, 0, 0, 0, 0, 4, 0, 0, 0, 0, 0, 0, 0, 0, 0, 0, 0, 0, 0, 0]",1,128,480.0,7684.0,12316741900,12316749031,12919665122,12919667522,0,672,672,-1,1,7131,2400,32,128,128,3
12,3,"[8, 480, 0, 0, 0, 0, 0, 0, 0, 0, 0, 0, 0, 0, 0, 8, 480, 0, 0, 0, 0, 0, 0, 0, 0, 0, 0, 0, 0, 0]",1,128,480.0,11520.0,12316824393,12316831982,12919668194,12919670882,0,640,640,-1,1,7589,2688,32,128,128,3
12,3,"[8, 480, 0, 0, 0, 0, 0, 0, 0, 0, 0, 0, 0, 0, 0, 8, 480, 0, 0, 0, 0, 0, 0, 0, 0, 0, 0, 0, 0, 0]",1,128,480.0,11520.0,12316906487,12316913595,12919671522,12919674210,0,640,640,-1,1,7108,2688,32,128,128,3
16,3,"[8, 480, 0, 0, 0, 0, 0, 0, 0, 0, 0, 0, 0, 0, 0, 4, 0, 0, 0, 0, 0, 0, 0, 0, 0, 0, 0, 0, 0, 0]",1,128,480.0,7684.0,12317174064,12317186299,12919674850,12919677346,0,704,704,-1,1,12235,2496,32,128,128,3
12,3,"[8, 480, 0, 0, 0, 0, 0, 0, 0, 0, 0, 0, 0, 0, 0, 8, 480, 0, 0, 0, 0, 0, 0, 0, 0, 0, 0, 0, 0, 0]",1,128,480.0,11520.0,12317276519,12317285577,12919678050,12919680770,0,672,672,-1,1,9058,2720,32,128,128,3
12,3,"[8, 480, 0, 0, 0, 0, 0, 0, 0, 0, 0, 0, 0, 0, 0, 8, 480, 0, 0, 0, 0, 0, 0, 0, 0, 0, 0, 0, 0, 0]",1,128,480.0,11520.0,12317361381,12317369248,12919681442,12919684194,0,576,576,-1,1,7867,2752,32,128,128,3
16,3,"[8, 128, 480, 1, 1, 0, 0, 0, 0, 0, 0, 0, 0, 0, 0, 4, 0, 0, 0, 0, 0, 0, 0, 0, 0, 0, 0, 0, 0, 0]",120,128,61440.0,983044.0,12317444247,12317452132,12919684770,12919690082,0,640,640,-1,1,7885,5312,32,128,128,3
12,3,"[8, 128, 480, 1, 1, 0, 0, 0, 0, 0, 0, 0, 0, 0, 0, 8, 128, 480, 1, 1, 0, 0, 0, 0, 0, 0, 0, 0, 0, 0]",120,128,61440.0,1474560.0,12317525746,12317533027,12919690722,12919695714,0,576,576,-1,1,7281,4992,32,128,128,3
12,3,"[8, 128, 480, 1, 1, 0, 0, 0, 0, 0, 0, 0, 0, 0, 0, 8, 128, 480, 1, 1, 0, 0, 0, 0, 0, 0, 0, 0, 0, 0]",120,128,61440.0,1474560.0,12317608716,12317616426,12919696290,12919701314,0,608,608,-1,1,7710,5024,32,128,128,3
16,3,"[8, 128, 0, 0, 0, 0, 0, 0, 0, 0, 0, 0, 0, 0, 0, 4, 0, 0, 0, 0, 0, 0, 0, 0, 0, 0, 0, 0, 0, 0]",1,128,128.0,2052.0,12317691019,12317698407,12919701922,12919704098,0,640,640,-1,1,7388,2176,32,128,128,3
12,3,"[8, 128, 0, 0, 0, 0, 0, 0, 0, 0, 0, 0, 0, 0, 0, 8, 128, 0, 0, 0, 0, 0, 0, 0, 0, 0, 0, 0, 0, 0]",1,128,128.0,3072.0,12317771922,12317779566,12919704738,12919707234,0,704,704,-1,1,7644,2496,32,128,128,3
12,3,"[8, 128, 0, 0, 0, 0, 0, 0, 0, 0, 0, 0, 0, 0, 0, 8, 128, 0, 0, 0, 0, 0, 0, 0, 0, 0, 0, 0, 0, 0]",1,128,128.0,3072.0,12317852626,12317859643,12919707938,12919710466,0,608,608,-1,1,7017,2528,32,128,128,3
16,3,"[8, 128, 0, 0, 0, 0, 0, 0, 0, 0, 0, 0, 0, 0, 0, 4, 0, 0, 0, 0, 0, 0, 0, 0, 0, 0, 0, 0, 0, 0]",1,128,128.0,2052.0,12317931669,12318029788,12919711074,12919713314,0,704,704,-1,1,98119,2240,32,128,128,3
12,3,"[8, 128, 0, 0, 0, 0, 0, 0, 0, 0, 0, 0, 0, 0, 0, 8, 128, 0, 0, 0, 0, 0, 0, 0, 0, 0, 0, 0, 0, 0]",1,128,128.0,3072.0,12318104145,12318111724,12919714018,12919716450,0,768,768,-1,1,7579,2432,32,128,128,3
12,3,"[8, 128, 0, 0, 0, 0, 0, 0, 0, 0, 0, 0, 0, 0, 0, 8, 128, 0, 0, 0, 0, 0, 0, 0, 0, 0, 0, 0, 0, 0]",1,128,128.0,3072.0,12318185210,12318192328,12919717218,12919719746,0,608,608,-1,1,7118,2528,32,128,128,3
16,3,"[8, 32, 128, 3, 3, 0, 0, 0, 0, 0, 0, 0, 0, 0, 0, 4, 0, 0, 0, 0, 0, 0, 0, 0, 0, 0, 0, 0, 0, 0]",72,128,36864.0,589828.0,12318264925,12318272578,12919720354,12919724354,0,640,640,-1,1,7653,4000,32,128,128,3
12,3,"[8, 32, 128, 3, 3, 0, 0, 0, 0, 0, 0, 0, 0, 0, 0, 8, 32, 128, 3, 3, 0, 0, 0, 0, 0, 0, 0, 0, 0, 0]",72,128,36864.0,884736.0,12318346263,12318353363,12919724994,12919729058,0,640,640,-1,1,7100,4064,32,128,128,3
12,3,"[8, 32, 128, 3, 3, 0, 0, 0, 0, 0, 0, 0, 0, 0, 0, 8, 32, 128, 3, 3, 0, 0, 0, 0, 0, 0, 0, 0, 0, 0]",72,128,36864.0,884736.0,12318426902,12318433946,12919729698,12919733634,0,672,672,-1,1,7044,3936,32,128,128,3
16,3,"[8, 512, 0, 0, 0, 0, 0, 0, 0, 0, 0, 0, 0, 0, 0, 4, 0, 0, 0, 0, 0, 0, 0, 0, 0, 0, 0, 0, 0, 0]",1,128,512.0,8196.0,12318505031,12318512311,12919734306,12919736738,0,704,704,-1,1,7280,2432,32,128,128,3
12,3,"[8, 512, 0, 0, 0, 0, 0, 0, 0, 0, 0, 0, 0, 0, 0, 8, 512, 0, 0, 0, 0, 0, 0, 0, 0, 0, 0, 0, 0, 0]",1,128,512.0,12288.0,12318587046,12328960502,12919737442,12919739938,0,576,576,-1,1,10373456,2496,32,128,128,3
12,3,"[8, 512, 0, 0, 0, 0, 0, 0, 0, 0, 0, 0, 0, 0, 0, 8, 512, 0, 0, 0, 0, 0, 0, 0, 0, 0, 0, 0, 0, 0]",1,128,512.0,12288.0,12329066636,12329075384,12919740514,12919743105,0,672,672,-1,1,8748,2591,32,128,128,3
16,3,"[8, 512, 0, 0, 0, 0, 0, 0, 0, 0, 0, 0, 0, 0, 0, 4, 0, 0, 0, 0, 0, 0, 0, 0, 0, 0, 0, 0, 0, 0]",1,128,512.0,8196.0,12329154554,12330220458,12919743777,12919746242,0,736,736,-1,1,1065904,2465,32,128,128,3
12,3,"[8, 512, 0, 0, 0, 0, 0, 0, 0, 0, 0, 0, 0, 0, 0, 8, 512, 0, 0, 0, 0, 0, 0, 0, 0, 0, 0, 0, 0, 0]",1,128,512.0,12288.0,12330294821,12330302653,12919746978,12919749441,0,609,609,-1,1,7832,2463,32,128,128,3
12,3,"[8, 512, 0, 0, 0, 0, 0, 0, 0, 0, 0, 0, 0, 0, 0, 8, 512, 0, 0, 0, 0, 0, 0, 0, 0, 0, 0, 0, 0, 0]",1,128,512.0,12288.0,12330378259,12330386027,12919750050,12919752513,0,672,672,-1,1,7768,2463,32,128,128,3
16,3,"[8, 256, 512, 1, 1, 0, 0, 0, 0, 0, 0, 0, 0, 0, 0, 4, 0, 0, 0, 0, 0, 0, 0, 0, 0, 0, 0, 0, 0, 0]",256,128,131072.0,2097156.0,12330460239,12330537149,12919753185,12919762433,0,608,608,-1,1,76910,9248,32,128,128,3
12,3,"[8, 256, 512, 1, 1, 0, 0, 0, 0, 0, 0, 0, 0, 0, 0, 8, 256, 512, 1, 1, 0, 0, 0, 0, 0, 0, 0, 0, 0, 0]",256,128,131072.0,3145728.0,12330613074,12330621280,12919763041,12919769921,0,608,608,-1,1,8206,6880,32,128,128,3
12,3,"[8, 256, 512, 1, 1, 0, 0, 0, 0, 0, 0, 0, 0, 0, 0, 8, 256, 512, 1, 1, 0, 0, 0, 0, 0, 0, 0, 0, 0, 0]",256,128,131072.0,3145728.0,12330694779,12330702358,12919770529,12919779329,0,608,608,-1,1,7579,8800,32,128,128,3
16,3,"[8, 256, 0, 0, 0, 0, 0, 0, 0, 0, 0, 0, 0, 0, 0, 4, 0, 0, 0, 0, 0, 0, 0, 0, 0, 0, 0, 0, 0, 0]",1,128,256.0,4100.0,12330773884,12330781519,12919779937,12919782241,0,704,704,-1,1,7635,2304,32,128,128,3
12,3,"[8, 256, 0, 0, 0, 0, 0, 0, 0, 0, 0, 0, 0, 0, 0, 8, 256, 0, 0, 0, 0, 0, 0, 0, 0, 0, 0, 0, 0, 0]",1,128,256.0,6144.0,12330854243,12330861549,12919782945,12919785473,0,736,736,-1,1,7306,2528,32,128,128,3
12,3,"[8, 256, 0, 0, 0, 0, 0, 0, 0, 0, 0, 0, 0, 0, 0, 8, 256, 0, 0, 0, 0, 0, 0, 0, 0, 0, 0, 0, 0, 0]",1,128,256.0,6144.0,12330934268,12330941420,12919786209,12919788737,0,544,544,-1,1,7152,2528,32,128,128,3
16,3,"[8, 256, 0, 0, 0, 0, 0, 0, 0, 0, 0, 0, 0, 0, 0, 4, 0, 0, 0, 0, 0, 0, 0, 0, 0, 0, 0, 0, 0, 0]",1,128,256.0,4100.0,12331016547,12331024522,12919789281,12919791585,0,704,704,-1,1,7975,2304,32,128,128,3
12,3,"[8, 256, 0, 0, 0, 0, 0, 0, 0, 0, 0, 0, 0, 0, 0, 8, 256, 0, 0, 0, 0, 0, 0, 0, 0, 0, 0, 0, 0, 0]",1,128,256.0,6144.0,12331096992,12331104265,12919792289,12919794817,0,608,608,-1,1,7273,2528,32,128,128,3
12,3,"[8, 256, 0, 0, 0, 0, 0, 0, 0, 0, 0, 0, 0, 0, 0, 8, 256, 0, 0, 0, 0, 0, 0, 0, 0, 0, 0, 0, 0, 0]",1,128,256.0,6144.0,12331176238,12331183214,12919795425,12919797953,0,672,672,-1,1,6976,2528,32,128,128,3
16,3,"[8, 128, 256, 1, 1, 0, 0, 0, 0, 0, 0, 0, 0, 0, 0, 4, 0, 0, 0, 0, 0, 0, 0, 0, 0, 0, 0, 0, 0, 0]",64,128,32768.0,524292.0,12331256351,12331263673,12919798625,12919802465,0,640,640,-1,1,7322,3840,32,128,128,3
12,3,"[8, 128, 256, 1, 1, 0, 0, 0, 0, 0, 0, 0, 0, 0, 0, 8, 128, 256, 1, 1, 0, 0, 0, 0, 0, 0, 0, 0, 0, 0]",64,128,32768.0,786432.0,12331337105,12331344263,12919803105,12919807041,0,544,544,-1,1,7158,3936,32,128,128,3
12,3,"[8, 128, 256, 1, 1, 0, 0, 0, 0, 0, 0, 0, 0, 0, 0, 8, 128, 256, 1, 1, 0, 0, 0, 0, 0, 0, 0, 0, 0, 0]",64,128,32768.0,786432.0,12331416448,12331423646,12919807585,12919811425,0,704,704,-1,1,7198,3840,32,128,128,3
16,3,"[8, 128, 0, 0, 0, 0, 0, 0, 0, 0, 0, 0, 0, 0, 0, 4, 0, 0, 0, 0, 0, 0, 0, 0, 0, 0, 0, 0, 0, 0]",1,128,128.0,2052.0,12331495922,12331503429,12919812129,12919814337,0,672,672,-1,1,7507,2208,32,128,128,3
12,3,"[8, 128, 0, 0, 0, 0, 0, 0, 0, 0, 0, 0, 0, 0, 0, 8, 128, 0, 0, 0, 0, 0, 0, 0, 0, 0, 0, 0, 0, 0]",1,128,128.0,3072.0,12331574897,12331581940,12919815009,12919817505,0,704,704,-1,1,7043,2496,32,128,128,3
12,3,"[8, 128, 0, 0, 0, 0, 0, 0, 0, 0, 0, 0, 0, 0, 0, 8, 128, 0, 0, 0, 0, 0, 0, 0, 0, 0, 0, 0, 0, 0]",1,128,128.0,3072.0,12331654808,12331662022,12919818209,12919820609,0,736,736,-1,1,7214,2400,32,128,128,3
16,3,"[8, 128, 0, 0, 0, 0, 0, 0, 0, 0, 0, 0, 0, 0, 0, 4, 0, 0, 0, 0, 0, 0, 0, 0, 0, 0, 0, 0, 0, 0]",1,128,128.0,2052.0,12331733655,12331741023,12919821345,12919823617,0,544,544,-1,1,7368,2272,32,128,128,3
12,3,"[8, 128, 0, 0, 0, 0, 0, 0, 0, 0, 0, 0, 0, 0, 0, 8, 128, 0, 0, 0, 0, 0, 0, 0, 0, 0, 0, 0, 0, 0]",1,128,128.0,3072.0,12331812831,12332213721,12919824161,12919826593,0,576,576,-1,1,400890,2432,32,128,128,3
12,3,"[8, 128, 0, 0, 0, 0, 0, 0, 0, 0, 0, 0, 0, 0, 0, 8, 128, 0, 0, 0, 0, 0, 0, 0, 0, 0, 0, 0, 0, 0]",1,128,128.0,3072.0,12332292249,12332300344,12919827169,12919829632,0,737,737,-1,1,8095,2463,32,128,128,3
16,3,"[8, 32, 128, 3, 3, 0, 0, 0, 0, 0, 0, 0, 0, 0, 0, 4, 0, 0, 0, 0, 0, 0, 0, 0, 0, 0, 0, 0, 0, 0]",72,128,36864.0,589828.0,12332375055,12332382771,12919830369,12919834369,0,672,672,-1,1,7716,4000,32,128,128,3
12,3,"[8, 32, 128, 3, 3, 0, 0, 0, 0, 0, 0, 0, 0, 0, 0, 8, 32, 128, 3, 3, 0, 0, 0, 0, 0, 0, 0, 0, 0, 0]",72,128,36864.0,884736.0,12332456850,12332464500,12919835041,12919839105,0,607,607,-1,1,7650,4064,32,128,128,3
12,3,"[8, 32, 128, 3, 3, 0, 0, 0, 0, 0, 0, 0, 0, 0, 0, 8, 32, 128, 3, 3, 0, 0, 0, 0, 0, 0, 0, 0, 0, 0]",72,128,36864.0,884736.0,12332668291,12332678040,12919839712,12919843680,0,672,672,-1,1,9749,3968,32,128,128,3
16,3,"[8, 288, 0, 0, 0, 0, 0, 0, 0, 0, 0, 0, 0, 0, 0, 4, 0, 0, 0, 0, 0, 0, 0, 0, 0, 0, 0, 0, 0, 0]",1,128,288.0,4612.0,12332762429,12332770956,12919844352,12919846689,0,639,639,-1,1,8527,2337,32,128,128,3
12,3,"[8, 288, 0, 0, 0, 0, 0, 0, 0, 0, 0, 0, 0, 0, 0, 8, 288, 0, 0, 0, 0, 0, 0, 0, 0, 0, 0, 0, 0, 0]",1,128,288.0,6912.0,12332844649,12332852685,12919847328,12919849952,0,576,576,-1,1,8036,2624,32,128,128,3
12,3,"[8, 288, 0, 0, 0, 0, 0, 0, 0, 0, 0, 0, 0, 0, 0, 8, 288, 0, 0, 0, 0, 0, 0, 0, 0, 0, 0, 0, 0, 0]",1,128,288.0,6912.0,12332925962,12333578671,12919850528,12919853152,0,640,640,-1,1,652709,2624,32,128,128,3
16,3,"[8, 288, 0, 0, 0, 0, 0, 0, 0, 0, 0, 0, 0, 0, 0, 4, 0, 0, 0, 0, 0, 0, 0, 0, 0, 0, 0, 0, 0, 0]",1,128,288.0,4612.0,12333652961,12333661206,12919853792,12919856160,0,704,704,-1,1,8245,2368,32,128,128,3
12,3,"[8, 288, 0, 0, 0, 0, 0, 0, 0, 0, 0, 0, 0, 0, 0, 8, 288, 0, 0, 0, 0, 0, 0, 0, 0, 0, 0, 0, 0, 0]",1,128,288.0,6912.0,12333732810,12334755867,12919856864,12919859392,0,736,736,-1,1,1023057,2528,32,128,128,3
12,3,"[8, 288, 0, 0, 0, 0, 0, 0, 0, 0, 0, 0, 0, 0, 0, 8, 288, 0, 0, 0, 0, 0, 0, 0, 0, 0, 0, 0, 0, 0]",1,128,288.0,6912.0,12334830006,12334837832,12919860128,12919862656,0,608,608,-1,1,7826,2528,32,128,128,3
16,3,"[8, 128, 288, 1, 1, 0, 0, 0, 0, 0, 0, 0, 0, 0, 0, 4, 0, 0, 0, 0, 0, 0, 0, 0, 0, 0, 0, 0, 0, 0]",72,128,36864.0,589828.0,12334910991,12334920992,12919863264,12919867328,0,672,672,-1,1,10001,4064,32,128,128,3
12,3,"[8, 128, 288, 1, 1, 0, 0, 0, 0, 0, 0, 0, 0, 0, 0, 8, 128, 288, 1, 1, 0, 0, 0, 0, 0, 0, 0, 0, 0, 0]",72,128,36864.0,884736.0,12334994836,12335047667,12919868000,12919871968,0,576,576,-1,1,52831,3968,32,128,128,3
12,3,"[8, 128, 288, 1, 1, 0, 0, 0, 0, 0, 0, 0, 0, 0, 0, 8, 128, 288, 1, 1, 0, 0, 0, 0, 0, 0, 0, 0, 0, 0]",72,128,36864.0,884736.0,12335123317,12335131338,12919872544,12919876544,0,608,608,-1,1,8021,4000,32,128,128,3
16,3,"[8, 128, 0, 0, 0, 0, 0, 0, 0, 0, 0, 0, 0, 0, 0, 4, 0, 0, 0, 0, 0, 0, 0, 0, 0, 0, 0, 0, 0, 0]",1,128,128.0,2052.0,12335204120,12335211889,12919877152,12919879392,0,640,640,-1,1,7769,2240,32,128,128,3
12,3,"[8, 128, 0, 0, 0, 0, 0, 0, 0, 0, 0, 0, 0, 0, 0, 8, 128, 0, 0, 0, 0, 0, 0, 0, 0, 0, 0, 0, 0, 0]",1,128,128.0,3072.0,12335285795,12335293117,12919880032,12919882464,0,576,576,-1,1,7322,2432,32,128,128,3
12,3,"[8, 128, 0, 0, 0, 0, 0, 0, 0, 0, 0, 0, 0, 0, 0, 8, 128, 0, 0, 0, 0, 0, 0, 0, 0, 0, 0, 0, 0, 0]",1,128,128.0,3072.0,12335366709,12335374190,12919883040,12919885504,0,736,736,-1,1,7481,2464,32,128,128,3
16,3,"[8, 128, 0, 0, 0, 0, 0, 0, 0, 0, 0, 0, 0, 0, 0, 4, 0, 0, 0, 0, 0, 0, 0, 0, 0, 0, 0, 0, 0, 0]",1,128,128.0,2052.0,12335448091,12335455853,12919886240,12919888480,0,576,576,-1,1,7762,2240,32,128,128,3
12,3,"[8, 128, 0, 0, 0, 0, 0, 0, 0, 0, 0, 0, 0, 0, 0, 8, 128, 0, 0, 0, 0, 0, 0, 0, 0, 0, 0, 0, 0, 0]",1,128,128.0,3072.0,12335529024,12335536441,12919889056,12919891680,0,704,704,-1,1,7417,2624,32,128,128,3
12,3,"[8, 128, 0, 0, 0, 0, 0, 0, 0, 0, 0, 0, 0, 0, 0, 8, 128, 0, 0, 0, 0, 0, 0, 0, 0, 0, 0, 0, 0, 0]",1,128,128.0,3072.0,12335609010,12335616077,12919892384,12919894816,0,704,704,-1,1,7067,2432,32,128,128,3
16,3,"[8, 32, 128, 3, 3, 0, 0, 0, 0, 0, 0, 0, 0, 0, 0, 4, 0, 0, 0, 0, 0, 0, 0, 0, 0, 0, 0, 0, 0, 0]",72,128,36864.0,589828.0,12335688415,12335696172,12919895520,12919899776,0,544,544,-1,1,7757,4256,32,128,128,3
12,3,"[8, 32, 128, 3, 3, 0, 0, 0, 0, 0, 0, 0, 0, 0, 0, 8, 32, 128, 3, 3, 0, 0, 0, 0, 0, 0, 0, 0, 0, 0]",72,128,36864.0,884736.0,12335767902,12335774969,12919900320,12919904288,0,832,832,-1,1,7067,3968,32,128,128,3
12,3,"[8, 32, 128, 3, 3, 0, 0, 0, 0, 0, 0, 0, 0, 0, 0, 8, 32, 128, 3, 3, 0, 0, 0, 0, 0, 0, 0, 0, 0, 0]",72,128,36864.0,884736.0,12335848647,12335857630,12919905120,12919909216,0,576,576,-1,1,8983,4096,32,128,128,3
16,3,"[8, 320, 0, 0, 0, 0, 0, 0, 0, 0, 0, 0, 0, 0, 0, 4, 0, 0, 0, 0, 0, 0, 0, 0, 0, 0, 0, 0, 0, 0]",1,128,320.0,5124.0,12335935081,12335943236,12919909792,12919912192,0,608,608,-1,1,8155,2400,32,128,128,3
12,3,"[8, 320, 0, 0, 0, 0, 0, 0, 0, 0, 0, 0, 0, 0, 0, 8, 320, 0, 0, 0, 0, 0, 0, 0, 0, 0, 0, 0, 0, 0]",1,128,320.0,7680.0,12336016484,12336023733,12919912800,12919915456,0,608,608,-1,1,7249,2656,32,128,128,3
12,3,"[8, 320, 0, 0, 0, 0, 0, 0, 0, 0, 0, 0, 0, 0, 0, 8, 320, 0, 0, 0, 0, 0, 0, 0, 0, 0, 0, 0, 0, 0]",1,128,320.0,7680.0,12336098086,12336105584,12919916064,12919918624,0,640,640,-1,1,7498,2560,32,128,128,3
16,3,"[8, 320, 0, 0, 0, 0, 0, 0, 0, 0, 0, 0, 0, 0, 0, 4, 0, 0, 0, 0, 0, 0, 0, 0, 0, 0, 0, 0, 0, 0]",1,128,320.0,5124.0,12336177857,12336185314,12919919264,12919921600,0,607,607,-1,1,7457,2336,32,128,128,3
12,3,"[8, 320, 0, 0, 0, 0, 0, 0, 0, 0, 0, 0, 0, 0, 0, 8, 320, 0, 0, 0, 0, 0, 0, 0, 0, 0, 0, 0, 0, 0]",1,128,320.0,7680.0,12336256997,12336716958,12919922207,12919924864,0,672,672,-1,1,459961,2657,32,128,128,3
12,3,"[8, 320, 0, 0, 0, 0, 0, 0, 0, 0, 0, 0, 0, 0, 0, 8, 320, 0, 0, 0, 0, 0, 0, 0, 0, 0, 0, 0, 0, 0]",1,128,320.0,7680.0,12336792899,12336800608,12919925536,12919928192,0,735,735,-1,1,7709,2656,32,128,128,3
16,3,"[8, 128, 320, 1, 1, 0, 0, 0, 0, 0, 0, 0, 0, 0, 0, 4, 0, 0, 0, 0, 0, 0, 0, 0, 0, 0, 0, 0, 0, 0]",80,128,40960.0,655364.0,12336874622,12336882164,12919928927,12919933023,0,641,641,-1,1,7542,4096,32,128,128,3
12,3,"[8, 128, 320, 1, 1, 0, 0, 0, 0, 0, 0, 0, 0, 0, 0, 8, 128, 320, 1, 1, 0, 0, 0, 0, 0, 0, 0, 0, 0, 0]",80,128,40960.0,983040.0,12336956285,12336963413,12919933664,12919937759,0,641,641,-1,1,7128,4095,32,128,128,3
12,3,"[8, 128, 320, 1, 1, 0, 0, 0, 0, 0, 0, 0, 0, 0, 0, 8, 128, 320, 1, 1, 0, 0, 0, 0, 0, 0, 0, 0, 0, 0]",80,128,40960.0,983040.0,12337036916,12337044010,12919938400,12919942527,0,736,736,-1,1,7094,4127,32,128,128,3
16,3,"[8, 128, 0, 0, 0, 0, 0, 0, 0, 0, 0, 0, 0, 0, 0, 4, 0, 0, 0, 0, 0, 0, 0, 0, 0, 0, 0, 0, 0, 0]",1,128,128.0,2052.0,12337116174,12337124164,12919943263,12919945503,0,641,641,-1,1,7990,2240,32,128,128,3
12,3,"[8, 128, 0, 0, 0, 0, 0, 0, 0, 0, 0, 0, 0, 0, 0, 8, 128, 0, 0, 0, 0, 0, 0, 0, 0, 0, 0, 0, 0, 0]",1,128,128.0,3072.0,12337196609,12337205528,12919946144,12919948607,0,737,737,-1,1,8919,2463,32,128,128,3
12,3,"[8, 128, 0, 0, 0, 0, 0, 0, 0, 0, 0, 0, 0, 0, 0, 8, 128, 0, 0, 0, 0, 0, 0, 0, 0, 0, 0, 0, 0, 0]",1,128,128.0,3072.0,12337279960,12346481273,12919949344,12919951775,0,704,704,-1,1,9201313,2431,32,128,128,3
16,3,"[8, 128, 0, 0, 0, 0, 0, 0, 0, 0, 0, 0, 0, 0, 0, 4, 0, 0, 0, 0, 0, 0, 0, 0, 0, 0, 0, 0, 0, 0]",1,128,128.0,2052.0,12346557574,12346565952,12919952479,12919954751,0,672,672,-1,1,8378,2272,32,128,128,3
12,3,"[8, 128, 0, 0, 0, 0, 0, 0, 0, 0, 0, 0, 0, 0, 0, 8, 128, 0, 0, 0, 0, 0, 0, 0, 0, 0, 0, 0, 0, 0]",1,128,128.0,3072.0,12346639517,12347581498,12919955423,12919957855,0,704,704,-1,1,941981,2432,32,128,128,3
12,3,"[8, 128, 0, 0, 0, 0, 0, 0, 0, 0, 0, 0, 0, 0, 0, 8, 128, 0, 0, 0, 0, 0, 0, 0, 0, 0, 0, 0, 0, 0]",1,128,128.0,3072.0,12347656268,12347663910,12919958559,12919961023,0,608,608,-1,1,7642,2464,32,128,128,3
16,3,"[8, 32, 128, 3, 3, 0, 0, 0, 0, 0, 0, 0, 0, 0, 0, 4, 0, 0, 0, 0, 0, 0, 0, 0, 0, 0, 0, 0, 0, 0]",72,128,36864.0,589828.0,12347737591,12347745256,12919961631,12919965535,0,640,640,-1,1,7665,3904,32,128,128,3
12,3,"[8, 32, 128, 3, 3, 0, 0, 0, 0, 0, 0, 0, 0, 0, 0, 8, 32, 128, 3, 3, 0, 0, 0, 0, 0, 0, 0, 0, 0, 0]",72,128,36864.0,884736.0,12347818645,12347859865,12919966175,12919970239,0,672,672,-1,1,41220,4064,32,128,128,3
12,3,"[8, 32, 128, 3, 3, 0, 0, 0, 0, 0, 0, 0, 0, 0, 0, 8, 32, 128, 3, 3, 0, 0, 0, 0, 0, 0, 0, 0, 0, 0]",72,128,36864.0,884736.0,12347938657,12347946953,12919970911,12919974879,0,704,704,-1,1,8296,3968,32,128,128,3
16,3,"[8, 352, 0, 0, 0, 0, 0, 0, 0, 0, 0, 0, 0, 0, 0, 4, 0, 0, 0, 0, 0, 0, 0, 0, 0, 0, 0, 0, 0, 0]",1,128,352.0,5636.0,12348020482,12348028362,12919975583,12919977951,0,704,704,-1,1,7880,2368,32,128,128,3
12,3,"[8, 352, 0, 0, 0, 0, 0, 0, 0, 0, 0, 0, 0, 0, 0, 8, 352, 0, 0, 0, 0, 0, 0, 0, 0, 0, 0, 0, 0, 0]",1,128,352.0,8448.0,12348101077,12348107968,12919978655,12919981375,0,608,608,-1,1,6891,2720,32,128,128,3
12,3,"[8, 352, 0, 0, 0, 0, 0, 0, 0, 0, 0, 0, 0, 0, 0, 8, 352, 0, 0, 0, 0, 0, 0, 0, 0, 0, 0, 0, 0, 0]",1,128,352.0,8448.0,12348180739,12348187849,12919981983,12919984607,0,576,576,-1,1,7110,2624,32,128,128,3
16,3,"[8, 352, 0, 0, 0, 0, 0, 0, 0, 0, 0, 0, 0, 0, 0, 4, 0, 0, 0, 0, 0, 0, 0, 0, 0, 0, 0, 0, 0, 0]",1,128,352.0,5636.0,12348259678,12348269182,12919985183,12919987551,0,640,640,-1,1,9504,2368,32,128,128,3
12,3,"[8, 352, 0, 0, 0, 0, 0, 0, 0, 0, 0, 0, 0, 0, 0, 8, 352, 0, 0, 0, 0, 0, 0, 0, 0, 0, 0, 0, 0, 0]",1,128,352.0,8448.0,12348469881,12348480383,12919988191,12919990847,0,672,672,-1,1,10502,2656,32,128,128,3
12,3,"[8, 352, 0, 0, 0, 0, 0, 0, 0, 0, 0, 0, 0, 0, 0, 8, 352, 0, 0, 0, 0, 0, 0, 0, 0, 0, 0, 0, 0, 0]",1,128,352.0,8448.0,12348564499,12348572313,12919991519,12919994111,0,608,608,-1,1,7814,2592,32,128,128,3
16,3,"[8, 128, 352, 1, 1, 0, 0, 0, 0, 0, 0, 0, 0, 0, 0, 4, 0, 0, 0, 0, 0, 0, 0, 0, 0, 0, 0, 0, 0, 0]",88,128,45056.0,720900.0,12348652070,12348660435,12919994719,12919999231,0,704,704,-1,1,8365,4512,32,128,128,3
12,3,"[8, 128, 352, 1, 1, 0, 0, 0, 0, 0, 0, 0, 0, 0, 0, 8, 128, 352, 1, 1, 0, 0, 0, 0, 0, 0, 0, 0, 0, 0]",88,128,45056.0,1081344.0,12348734604,12348741822,12919999935,12920004255,0,736,736,-1,1,7218,4320,32,128,128,3
12,3,"[8, 128, 352, 1, 1, 0, 0, 0, 0, 0, 0, 0, 0, 0, 0, 8, 128, 352, 1, 1, 0, 0, 0, 0, 0, 0, 0, 0, 0, 0]",88,128,45056.0,1081344.0,12348815956,12348823087,12920004991,12920009439,0,576,576,-1,1,7131,4448,32,128,128,3
16,3,"[8, 128, 0, 0, 0, 0, 0, 0, 0, 0, 0, 0, 0, 0, 0, 4, 0, 0, 0, 0, 0, 0, 0, 0, 0, 0, 0, 0, 0, 0]",1,128,128.0,2052.0,12348895733,12348903001,12920010015,12920012287,0,543,543,-1,1,7268,2272,32,128,128,3
12,3,"[8, 128, 0, 0, 0, 0, 0, 0, 0, 0, 0, 0, 0, 0, 0, 8, 128, 0, 0, 0, 0, 0, 0, 0, 0, 0, 0, 0, 0, 0]",1,128,128.0,3072.0,12348975832,12348983273,12920012830,12920015391,0,640,640,-1,1,7441,2561,32,128,128,3
12,3,"[8, 128, 0, 0, 0, 0, 0, 0, 0, 0, 0, 0, 0, 0, 0, 8, 128, 0, 0, 0, 0, 0, 0, 0, 0, 0, 0, 0, 0, 0]",1,128,128.0,3072.0,12349057123,12349064002,12920016031,12920018495,0,608,608,-1,1,6879,2464,32,128,128,3
16,3,"[8, 128, 0, 0, 0, 0, 0, 0, 0, 0, 0, 0, 0, 0, 0, 4, 0, 0, 0, 0, 0, 0, 0, 0, 0, 0, 0, 0, 0, 0]",1,128,128.0,2052.0,12349137389,12349517881,12920019103,12920021311,0,608,608,-1,1,380492,2208,32,128,128,3
12,3,"[8, 128, 0, 0, 0, 0, 0, 0, 0, 0, 0, 0, 0, 0, 0, 8, 128, 0, 0, 0, 0, 0, 0, 0, 0, 0, 0, 0, 0, 0]",1,128,128.0,3072.0,12349591840,12349599272,12920021919,12920024575,0,672,672,-1,1,7432,2656,32,128,128,3
12,3,"[8, 128, 0, 0, 0, 0, 0, 0, 0, 0, 0, 0, 0, 0, 0, 8, 128, 0, 0, 0, 0, 0, 0, 0, 0, 0, 0, 0, 0, 0]",1,128,128.0,3072.0,12349672607,12349681595,12920025247,12920027678,0,769,769,-1,1,8988,2431,32,128,128,3
16,3,"[8, 32, 128, 3, 3, 0, 0, 0, 0, 0, 0, 0, 0, 0, 0, 4, 0, 0, 0, 0, 0, 0, 0, 0, 0, 0, 0, 0, 0, 0]",72,128,36864.0,589828.0,12349756375,12349763859,12920028447,12920032446,0,673,673,-1,1,7484,3999,32,128,128,3
12,3,"[8, 32, 128, 3, 3, 0, 0, 0, 0, 0, 0, 0, 0, 0, 0, 8, 32, 128, 3, 3, 0, 0, 0, 0, 0, 0, 0, 0, 0, 0]",72,128,36864.0,884736.0,12349838605,12349845537,12920033119,12920037311,0,672,672,-1,1,6932,4192,32,128,128,3
12,3,"[8, 32, 128, 3, 3, 0, 0, 0, 0, 0, 0, 0, 0, 0, 0, 8, 32, 128, 3, 3, 0, 0, 0, 0, 0, 0, 0, 0, 0, 0]",72,128,36864.0,884736.0,12349918485,12349925692,12920037983,12920041982,0,608,608,-1,1,7207,3999,32,128,128,3
16,3,"[8, 384, 0, 0, 0, 0, 0, 0, 0, 0, 0, 0, 0, 0, 0, 4, 0, 0, 0, 0, 0, 0, 0, 0, 0, 0, 0, 0, 0, 0]",1,128,384.0,6148.0,12349996513,12350004182,12920042590,12920044958,0,640,640,-1,1,7669,2368,32,128,128,3
12,3,"[8, 384, 0, 0, 0, 0, 0, 0, 0, 0, 0, 0, 0, 0, 0, 8, 384, 0, 0, 0, 0, 0, 0, 0, 0, 0, 0, 0, 0, 0]",1,128,384.0,9216.0,12350077428,12350713701,12920045598,12920048318,0,672,672,-1,1,636273,2720,32,128,128,3
12,3,"[8, 384, 0, 0, 0, 0, 0, 0, 0, 0, 0, 0, 0, 0, 0, 8, 384, 0, 0, 0, 0, 0, 0, 0, 0, 0, 0, 0, 0, 0]",1,128,384.0,9216.0,12350789378,12350796780,12920048990,12920051646,0,672,672,-1,1,7402,2656,32,128,128,3
16,3,"[8, 384, 0, 0, 0, 0, 0, 0, 0, 0, 0, 0, 0, 0, 0, 4, 0, 0, 0, 0, 0, 0, 0, 0, 0, 0, 0, 0, 0, 0]",1,128,384.0,6148.0,12350869435,12351791372,12920052318,12920054654,0,672,672,-1,1,921937,2336,32,128,128,3
12,3,"[8, 384, 0, 0, 0, 0, 0, 0, 0, 0, 0, 0, 0, 0, 0, 8, 384, 0, 0, 0, 0, 0, 0, 0, 0, 0, 0, 0, 0, 0]",1,128,384.0,9216.0,12351867114,12351874699,12920055326,12920057918,0,736,736,-1,1,7585,2592,32,128,128,3
12,3,"[8, 384, 0, 0, 0, 0, 0, 0, 0, 0, 0, 0, 0, 0, 0, 8, 384, 0, 0, 0, 0, 0, 0, 0, 0, 0, 0, 0, 0, 0]",1,128,384.0,9216.0,12351953668,12351961657,12920058654,12920061246,0,608,608,-1,1,7989,2592,32,128,128,3
16,3,"[8, 128, 384, 1, 1, 0, 0, 0, 0, 0, 0, 0, 0, 0, 0, 4, 0, 0, 0, 0, 0, 0, 0, 0, 0, 0, 0, 0, 0, 0]",96,128,49152.0,786436.0,12352037139,12352052680,12920061854,12920066494,0,640,640,-1,1,15541,4640,32,128,128,3
12,3,"[8, 128, 384, 1, 1, 0, 0, 0, 0, 0, 0, 0, 0, 0, 0, 8, 128, 384, 1, 1, 0, 0, 0, 0, 0, 0, 0, 0, 0, 0]",96,128,49152.0,1179648.0,12352127822,12352137374,12920067134,12920071742,0,608,608,-1,1,9552,4608,32,128,128,3
12,3,"[8, 128, 384, 1, 1, 0, 0, 0, 0, 0, 0, 0, 0, 0, 0, 8, 128, 384, 1, 1, 0, 0, 0, 0, 0, 0, 0, 0, 0, 0]",96,128,49152.0,1179648.0,12352212365,12352219492,12920072350,12920077022,0,704,704,-1,1,7127,4672,32,128,128,3
16,3,"[8, 128, 0, 0, 0, 0, 0, 0, 0, 0, 0, 0, 0, 0, 0, 4, 0, 0, 0, 0, 0, 0, 0, 0, 0, 0, 0, 0, 0, 0]",1,128,128.0,2052.0,12352294893,12352302802,12920077726,12920079966,0,576,576,-1,1,7909,2240,32,128,128,3
12,3,"[8, 128, 0, 0, 0, 0, 0, 0, 0, 0, 0, 0, 0, 0, 0, 8, 128, 0, 0, 0, 0, 0, 0, 0, 0, 0, 0, 0, 0, 0]",1,128,128.0,3072.0,12352375218,12352382504,12920080542,12920083006,0,736,736,-1,1,7286,2464,32,128,128,3
12,3,"[8, 128, 0, 0, 0, 0, 0, 0, 0, 0, 0, 0, 0, 0, 0, 8, 128, 0, 0, 0, 0, 0, 0, 0, 0, 0, 0, 0, 0, 0]",1,128,128.0,3072.0,12352455823,12352462716,12920083742,12920086174,0,704,704,-1,1,6893,2432,32,128,128,3
16,3,"[8, 128, 0, 0, 0, 0, 0, 0, 0, 0, 0, 0, 0, 0, 0, 4, 0, 0, 0, 0, 0, 0, 0, 0, 0, 0, 0, 0, 0, 0]",1,128,128.0,2052.0,12352535511,12352543009,12920086878,12920089150,0,608,608,-1,1,7498,2272,32,128,128,3
12,3,"[8, 128, 0, 0, 0, 0, 0, 0, 0, 0, 0, 0, 0, 0, 0, 8, 128, 0, 0, 0, 0, 0, 0, 0, 0, 0, 0, 0, 0, 0]",1,128,128.0,3072.0,12352613865,12352620818,12920089758,12920092222,0,736,736,-1,1,6953,2464,32,128,128,3
12,3,"[8, 128, 0, 0, 0, 0, 0, 0, 0, 0, 0, 0, 0, 0, 0, 8, 128, 0, 0, 0, 0, 0, 0, 0, 0, 0, 0, 0, 0, 0]",1,128,128.0,3072.0,12352693786,12352700700,12920092958,12920095390,0,640,640,-1,1,6914,2432,32,128,128,3
16,3,"[8, 32, 128, 3, 3, 0, 0, 0, 0, 0, 0, 0, 0, 0, 0, 4, 0, 0, 0, 0, 0, 0, 0, 0, 0, 0, 0, 0, 0, 0]",72,128,36864.0,589828.0,12352774569,12352781756,12920096030,12920100030,0,672,672,-1,1,7187,4000,32,128,128,3
12,3,"[8, 32, 128, 3, 3, 0, 0, 0, 0, 0, 0, 0, 0, 0, 0, 8, 32, 128, 3, 3, 0, 0, 0, 0, 0, 0, 0, 0, 0, 0]",72,128,36864.0,884736.0,12352854791,12352861866,12920100702,12920104734,0,640,640,-1,1,7075,4032,32,128,128,3
12,3,"[8, 32, 128, 3, 3, 0, 0, 0, 0, 0, 0, 0, 0, 0, 0, 8, 32, 128, 3, 3, 0, 0, 0, 0, 0, 0, 0, 0, 0, 0]",72,128,36864.0,884736.0,12352934572,12352971503,12920105374,12920109374,0,608,608,-1,1,36931,4000,32,128,128,3
16,3,"[8, 416, 0, 0, 0, 0, 0, 0, 0, 0, 0, 0, 0, 0, 0, 4, 0, 0, 0, 0, 0, 0, 0, 0, 0, 0, 0, 0, 0, 0]",1,128,416.0,6660.0,12353046408,12353054337,12920109982,12920112413,0,704,704,-1,1,7929,2431,32,128,128,3
12,3,"[8, 416, 0, 0, 0, 0, 0, 0, 0, 0, 0, 0, 0, 0, 0, 8, 416, 0, 0, 0, 0, 0, 0, 0, 0, 0, 0, 0, 0, 0]",1,128,416.0,9984.0,12353126467,12353702342,12920113117,12920115838,0,672,672,-1,1,575875,2721,32,128,128,3
12,3,"[8, 416, 0, 0, 0, 0, 0, 0, 0, 0, 0, 0, 0, 0, 0, 8, 416, 0, 0, 0, 0, 0, 0, 0, 0, 0, 0, 0, 0, 0]",1,128,416.0,9984.0,12353776517,12353784014,12920116510,12920119165,0,672,672,-1,1,7497,2655,32,128,128,3
16,3,"[8, 416, 0, 0, 0, 0, 0, 0, 0, 0, 0, 0, 0, 0, 0, 4, 0, 0, 0, 0, 0, 0, 0, 0, 0, 0, 0, 0, 0, 0]",1,128,416.0,6660.0,12353857146,12353864457,12920119837,12920122270,0,704,704,-1,1,7311,2433,32,128,128,3
12,3,"[8, 416, 0, 0, 0, 0, 0, 0, 0, 0, 0, 0, 0, 0, 0, 8, 416, 0, 0, 0, 0, 0, 0, 0, 0, 0, 0, 0, 0, 0]",1,128,416.0,9984.0,12353937076,12353944453,12920122974,12920125597,0,704,704,-1,1,7377,2623,32,128,128,3
12,3,"[8, 416, 0, 0, 0, 0, 0, 0, 0, 0, 0, 0, 0, 0, 0, 8, 416, 0, 0, 0, 0, 0, 0, 0, 0, 0, 0, 0, 0, 0]",1,128,416.0,9984.0,12354016646,12354023759,12920126301,12920128926,0,703,703,-1,1,7113,2625,32,128,128,3
16,3,"[8, 128, 416, 1, 1, 0, 0, 0, 0, 0, 0, 0, 0, 0, 0, 4, 0, 0, 0, 0, 0, 0, 0, 0, 0, 0, 0, 0, 0, 0]",104,128,53248.0,851972.0,12354096641,12354104039,12920129629,12920134685,0,704,704,-1,1,7398,5056,32,128,128,3
12,3,"[8, 128, 416, 1, 1, 0, 0, 0, 0, 0, 0, 0, 0, 0, 0, 8, 128, 416, 1, 1, 0, 0, 0, 0, 0, 0, 0, 0, 0, 0]",104,128,53248.0,1277952.0,12354176772,12354183830,12920135389,12920140029,0,608,608,-1,1,7058,4640,32,128,128,3
12,3,"[8, 128, 416, 1, 1, 0, 0, 0, 0, 0, 0, 0, 0, 0, 0, 8, 128, 416, 1, 1, 0, 0, 0, 0, 0, 0, 0, 0, 0, 0]",104,128,53248.0,1277952.0,12354256924,12362121572,12920140637,12920145469,0,544,544,-1,1,7864648,4832,32,128,128,3
16,3,"[8, 128, 0, 0, 0, 0, 0, 0, 0, 0, 0, 0, 0, 0, 0, 4, 0, 0, 0, 0, 0, 0, 0, 0, 0, 0, 0, 0, 0, 0]",1,128,128.0,2052.0,12362198709,12362206918,12920146013,12920148253,0,640,640,-1,1,8209,2240,32,128,128,3
12,3,"[8, 128, 0, 0, 0, 0, 0, 0, 0, 0, 0, 0, 0, 0, 0, 8, 128, 0, 0, 0, 0, 0, 0, 0, 0, 0, 0, 0, 0, 0]",1,128,128.0,3072.0,12362412680,12363115285,12920148893,12920151325,0,704,704,-1,1,702605,2432,32,128,128,3
12,3,"[8, 128, 0, 0, 0, 0, 0, 0, 0, 0, 0, 0, 0, 0, 0, 8, 128, 0, 0, 0, 0, 0, 0, 0, 0, 0, 0, 0, 0, 0]",1,128,128.0,3072.0,12363199595,12363208756,12920152029,12920154717,0,576,576,-1,1,9161,2688,32,128,128,3
16,3,"[8, 128, 0, 0, 0, 0, 0, 0, 0, 0, 0, 0, 0, 0, 0, 4, 0, 0, 0, 0, 0, 0, 0, 0, 0, 0, 0, 0, 0, 0]",1,128,128.0,2052.0,12363287011,12363295635,12920155293,12920157533,0,576,576,-1,1,8624,2240,32,128,128,3
12,3,"[8, 128, 0, 0, 0, 0, 0, 0, 0, 0, 0, 0, 0, 0, 0, 8, 128, 0, 0, 0, 0, 0, 0, 0, 0, 0, 0, 0, 0, 0]",1,128,128.0,3072.0,12363370084,12363377590,12920158109,12920160573,0,736,736,-1,1,7506,2464,32,128,128,3
12,3,"[8, 128, 0, 0, 0, 0, 0, 0, 0, 0, 0, 0, 0, 0, 0, 8, 128, 0, 0, 0, 0, 0, 0, 0, 0, 0, 0, 0, 0, 0]",1,128,128.0,3072.0,12363448993,12363456319,12920161309,12920163773,0,672,672,-1,1,7326,2464,32,128,128,3
16,3,"[8, 32, 128, 3, 3, 0, 0, 0, 0, 0, 0, 0, 0, 0, 0, 4, 0, 0, 0, 0, 0, 0, 0, 0, 0, 0, 0, 0, 0, 0]",72,128,36864.0,589828.0,12363529249,12363536887,12920164445,12920168477,0,704,704,-1,1,7638,4032,32,128,128,3
12,3,"[8, 32, 128, 3, 3, 0, 0, 0, 0, 0, 0, 0, 0, 0, 0, 8, 32, 128, 3, 3, 0, 0, 0, 0, 0, 0, 0, 0, 0, 0]",72,128,36864.0,884736.0,12363608985,12363616821,12920169181,12920173181,0,608,608,-1,1,7836,4000,32,128,128,3
12,3,"[8, 32, 128, 3, 3, 0, 0, 0, 0, 0, 0, 0, 0, 0, 0, 8, 32, 128, 3, 3, 0, 0, 0, 0, 0, 0, 0, 0, 0, 0]",72,128,36864.0,884736.0,12363689557,12363696699,12920173789,12920177789,0,672,672,-1,1,7142,4000,32,128,128,3
16,3,"[8, 448, 0, 0, 0, 0, 0, 0, 0, 0, 0, 0, 0, 0, 0, 4, 0, 0, 0, 0, 0, 0, 0, 0, 0, 0, 0, 0, 0, 0]",1,128,448.0,7172.0,12363767307,12363774886,12920178461,12920180989,0,672,672,-1,1,7579,2528,32,128,128,3
12,3,"[8, 448, 0, 0, 0, 0, 0, 0, 0, 0, 0, 0, 0, 0, 0, 8, 448, 0, 0, 0, 0, 0, 0, 0, 0, 0, 0, 0, 0, 0]",1,128,448.0,10752.0,12363845583,12363853029,12920181661,12920184381,0,608,608,-1,1,7446,2720,32,128,128,3
12,3,"[8, 448, 0, 0, 0, 0, 0, 0, 0, 0, 0, 0, 0, 0, 0, 8, 448, 0, 0, 0, 0, 0, 0, 0, 0, 0, 0, 0, 0, 0]",1,128,448.0,10752.0,12363929626,12363936976,12920184989,12920187613,0,704,704,-1,1,7350,2624,32,128,128,3
16,3,"[8, 448, 0, 0, 0, 0, 0, 0, 0, 0, 0, 0, 0, 0, 0, 4, 0, 0, 0, 0, 0, 0, 0, 0, 0, 0, 0, 0, 0, 0]",1,128,448.0,7172.0,12364009457,12364016787,12920188317,12920190781,0,608,608,-1,1,7330,2464,32,128,128,3
12,3,"[8, 448, 0, 0, 0, 0, 0, 0, 0, 0, 0, 0, 0, 0, 0, 8, 448, 0, 0, 0, 0, 0, 0, 0, 0, 0, 0, 0, 0, 0]",1,128,448.0,10752.0,12364091987,12364099273,12920191389,12920194205,0,704,704,-1,1,7286,2816,32,128,128,3
12,3,"[8, 448, 0, 0, 0, 0, 0, 0, 0, 0, 0, 0, 0, 0, 0, 8, 448, 0, 0, 0, 0, 0, 0, 0, 0, 0, 0, 0, 0, 0]",1,128,448.0,10752.0,12364171780,12364267321,12920194909,12920197533,0,704,704,-1,1,95541,2624,32,128,128,3
16,3,"[8, 128, 448, 1, 1, 0, 0, 0, 0, 0, 0, 0, 0, 0, 0, 4, 0, 0, 0, 0, 0, 0, 0, 0, 0, 0, 0, 0, 0, 0]",112,128,57344.0,917508.0,12364342319,12364350132,12920198237,12920203037,0,640,640,-1,1,7813,4800,32,128,128,3
12,3,"[8, 128, 448, 1, 1, 0, 0, 0, 0, 0, 0, 0, 0, 0, 0, 8, 128, 448, 1, 1, 0, 0, 0, 0, 0, 0, 0, 0, 0, 0]",112,128,57344.0,1376256.0,12364424004,12364998270,12920203677,12920208573,0,672,672,-1,1,574266,4896,32,128,128,3
12,3,"[8, 128, 448, 1, 1, 0, 0, 0, 0, 0, 0, 0, 0, 0, 0, 8, 128, 448, 1, 1, 0, 0, 0, 0, 0, 0, 0, 0, 0, 0]",112,128,57344.0,1376256.0,12365072467,12365080061,12920209245,12920214141,0,576,576,-1,1,7594,4896,32,128,128,3
16,3,"[8, 128, 0, 0, 0, 0, 0, 0, 0, 0, 0, 0, 0, 0, 0, 4, 0, 0, 0, 0, 0, 0, 0, 0, 0, 0, 0, 0, 0, 0]",1,128,128.0,2052.0,12365151832,12365159324,12920214717,12920216957,0,671,671,-1,1,7492,2240,32,128,128,3
12,3,"[8, 128, 0, 0, 0, 0, 0, 0, 0, 0, 0, 0, 0, 0, 0, 8, 128, 0, 0, 0, 0, 0, 0, 0, 0, 0, 0, 0, 0, 0]",1,128,128.0,3072.0,12365230593,12365237693,12920217628,12920220093,0,672,672,-1,1,7100,2465,32,128,128,3
12,3,"[8, 128, 0, 0, 0, 0, 0, 0, 0, 0, 0, 0, 0, 0, 0, 8, 128, 0, 0, 0, 0, 0, 0, 0, 0, 0, 0, 0, 0, 0]",1,128,128.0,3072.0,12365308951,12365315864,12920220765,12920223228,0,544,544,-1,1,6913,2463,32,128,128,3
16,3,"[8, 128, 0, 0, 0, 0, 0, 0, 0, 0, 0, 0, 0, 0, 0, 4, 0, 0, 0, 0, 0, 0, 0, 0, 0, 0, 0, 0, 0, 0]",1,128,128.0,2052.0,12365386377,12365393805,12920223772,12920226012,0,576,576,-1,1,7428,2240,32,128,128,3
12,3,"[8, 128, 0, 0, 0, 0, 0, 0, 0, 0, 0, 0, 0, 0, 0, 8, 128, 0, 0, 0, 0, 0, 0, 0, 0, 0, 0, 0, 0, 0]",1,128,128.0,3072.0,12365464535,12365471314,12920226588,12920229053,0,735,735,-1,1,6779,2465,32,128,128,3
12,3,"[8, 128, 0, 0, 0, 0, 0, 0, 0, 0, 0, 0, 0, 0, 0, 8, 128, 0, 0, 0, 0, 0, 0, 0, 0, 0, 0, 0, 0, 0]",1,128,128.0,3072.0,12365542600,12366014271,12920229788,12920232220,0,640,640,-1,1,471671,2432,32,128,128,3
16,3,"[8, 32, 128, 3, 3, 0, 0, 0, 0, 0, 0, 0, 0, 0, 0, 4, 0, 0, 0, 0, 0, 0, 0, 0, 0, 0, 0, 0, 0, 0]",72,128,36864.0,589828.0,12366091454,12366099832,12920232860,12920236828,0,832,832,-1,1,8378,3968,32,128,128,3
12,3,"[8, 32, 128, 3, 3, 0, 0, 0, 0, 0, 0, 0, 0, 0, 0, 8, 32, 128, 3, 3, 0, 0, 0, 0, 0, 0, 0, 0, 0, 0]",72,128,36864.0,884736.0,12366175262,12366926059,12920237660,12920241724,0,641,641,-1,1,750797,4064,32,128,128,3
12,3,"[8, 32, 128, 3, 3, 0, 0, 0, 0, 0, 0, 0, 0, 0, 0, 8, 32, 128, 3, 3, 0, 0, 0, 0, 0, 0, 0, 0, 0, 0]",72,128,36864.0,884736.0,12367001888,12367009293,12920242365,12920246396,0,544,544,-1,1,7405,4031,32,128,128,3
16,3,"[8, 480, 0, 0, 0, 0, 0, 0, 0, 0, 0, 0, 0, 0, 0, 4, 0, 0, 0, 0, 0, 0, 0, 0, 0, 0, 0, 0, 0, 0]",1,128,480.0,7684.0,12367081233,12367089389,12920246940,12920249404,0,736,736,-1,1,8156,2464,32,128,128,3
12,3,"[8, 480, 0, 0, 0, 0, 0, 0, 0, 0, 0, 0, 0, 0, 0, 8, 480, 0, 0, 0, 0, 0, 0, 0, 0, 0, 0, 0, 0, 0]",1,128,480.0,11520.0,12367161539,12367168934,12920250140,12920252892,0,576,576,-1,1,7395,2752,32,128,128,3
12,3,"[8, 480, 0, 0, 0, 0, 0, 0, 0, 0, 0, 0, 0, 0, 0, 8, 480, 0, 0, 0, 0, 0, 0, 0, 0, 0, 0, 0, 0, 0]",1,128,480.0,11520.0,12367240356,12367247330,12920253468,12920256156,0,704,704,-1,1,6974,2688,32,128,128,3
16,3,"[8, 480, 0, 0, 0, 0, 0, 0, 0, 0, 0, 0, 0, 0, 0, 4, 0, 0, 0, 0, 0, 0, 0, 0, 0, 0, 0, 0, 0, 0]",1,128,480.0,7684.0,12367317726,12367325192,12920256860,12920259260,0,736,736,-1,1,7466,2400,32,128,128,3
12,3,"[8, 480, 0, 0, 0, 0, 0, 0, 0, 0, 0, 0, 0, 0, 0, 8, 480, 0, 0, 0, 0, 0, 0, 0, 0, 0, 0, 0, 0, 0]",1,128,480.0,11520.0,12367396516,12367403667,12920259996,12920262652,0,672,672,-1,1,7151,2656,32,128,128,3
12,3,"[8, 480, 0, 0, 0, 0, 0, 0, 0, 0, 0, 0, 0, 0, 0, 8, 480, 0, 0, 0, 0, 0, 0, 0, 0, 0, 0, 0, 0, 0]",1,128,480.0,11520.0,12367475478,12367482393,12920263324,12920265980,0,672,672,-1,1,6915,2656,32,128,128,3
16,3,"[8, 128, 480, 1, 1, 0, 0, 0, 0, 0, 0, 0, 0, 0, 0, 4, 0, 0, 0, 0, 0, 0, 0, 0, 0, 0, 0, 0, 0, 0]",120,128,61440.0,983044.0,12367553507,12367560747,12920266652,12920271932,0,672,672,-1,1,7240,5280,32,128,128,3
12,3,"[8, 128, 480, 1, 1, 0, 0, 0, 0, 0, 0, 0, 0, 0, 0, 8, 128, 480, 1, 1, 0, 0, 0, 0, 0, 0, 0, 0, 0, 0]",120,128,61440.0,1474560.0,12367631889,12367640430,12920272604,12920277692,0,608,608,-1,1,8541,5088,32,128,128,3
12,3,"[8, 128, 480, 1, 1, 0, 0, 0, 0, 0, 0, 0, 0, 0, 0, 8, 128, 480, 1, 1, 0, 0, 0, 0, 0, 0, 0, 0, 0, 0]",120,128,61440.0,1474560.0,12367713956,12367720935,12920278300,12920283388,0,672,672,-1,1,6979,5088,32,128,128,3
16,3,"[8, 128, 0, 0, 0, 0, 0, 0, 0, 0, 0, 0, 0, 0, 0, 4, 0, 0, 0, 0, 0, 0, 0, 0, 0, 0, 0, 0, 0, 0]",1,128,128.0,2052.0,12367792263,12367799523,12920284060,12920286268,0,608,608,-1,1,7260,2208,32,128,128,3
12,3,"[8, 128, 0, 0, 0, 0, 0, 0, 0, 0, 0, 0, 0, 0, 0, 8, 128, 0, 0, 0, 0, 0, 0, 0, 0, 0, 0, 0, 0, 0]",1,128,128.0,3072.0,12367870910,12368039702,12920286876,12920289436,0,640,640,-1,1,168792,2560,32,128,128,3
12,3,"[8, 128, 0, 0, 0, 0, 0, 0, 0, 0, 0, 0, 0, 0, 0, 8, 128, 0, 0, 0, 0, 0, 0, 0, 0, 0, 0, 0, 0, 0]",1,128,128.0,3072.0,12368115902,12368123518,12920290076,12920292508,0,704,704,-1,1,7616,2432,32,128,128,3
16,3,"[8, 128, 0, 0, 0, 0, 0, 0, 0, 0, 0, 0, 0, 0, 0, 4, 0, 0, 0, 0, 0, 0, 0, 0, 0, 0, 0, 0, 0, 0]",1,128,128.0,2052.0,12368195638,12368764050,12920293212,12920295452,0,640,640,-1,1,568412,2240,32,128,128,3
12,3,"[8, 128, 0, 0, 0, 0, 0, 0, 0, 0, 0, 0, 0, 0, 0, 8, 128, 0, 0, 0, 0, 0, 0, 0, 0, 0, 0, 0, 0, 0]",1,128,128.0,3072.0,12368837916,12368845396,12920296092,12920298556,0,736,736,-1,1,7480,2464,32,128,128,3
12,3,"[8, 128, 0, 0, 0, 0, 0, 0, 0, 0, 0, 0, 0, 0, 0, 8, 128, 0, 0, 0, 0, 0, 0, 0, 0, 0, 0, 0, 0, 0]",1,128,128.0,3072.0,12368916961,12368924429,12920299292,12920301724,0,704,704,-1,1,7468,2432,32,128,128,3
16,3,"[8, 32, 128, 3, 3, 0, 0, 0, 0, 0, 0, 0, 0, 0, 0, 4, 0, 0, 0, 0, 0, 0, 0, 0, 0, 0, 0, 0, 0, 0]",72,128,36864.0,589828.0,12369124698,12369134982,12920302428,12920306492,0,735,735,-1,1,10284,4064,32,128,128,3
12,3,"[8, 32, 128, 3, 3, 0, 0, 0, 0, 0, 0, 0, 0, 0, 0, 8, 32, 128, 3, 3, 0, 0, 0, 0, 0, 0, 0, 0, 0, 0]",72,128,36864.0,884736.0,12369217727,12369225761,12920307227,12920311323,0,577,577,-1,1,8034,4096,32,128,128,3
12,3,"[8, 32, 128, 3, 3, 0, 0, 0, 0, 0, 0, 0, 0, 0, 0, 8, 32, 128, 3, 3, 0, 0, 0, 0, 0, 0, 0, 0, 0, 0]",72,128,36864.0,884736.0,12369301370,12369309377,12920311900,12920315931,0,641,641,-1,1,8007,4031,32,128,128,3
16,3,"[8, 512, 0, 0, 0, 0, 0, 0, 0, 0, 0, 0, 0, 0, 0, 4, 0, 0, 0, 0, 0, 0, 0, 0, 0, 0, 0, 0, 0, 0]",1,128,512.0,8196.0,12369381234,12369391939,12920316572,12920319068,0,704,704,-1,1,10705,2496,32,128,128,3
12,3,"[8, 512, 0, 0, 0, 0, 0, 0, 0, 0, 0, 0, 0, 0, 0, 8, 512, 0, 0, 0, 0, 0, 0, 0, 0, 0, 0, 0, 0, 0]",1,128,512.0,12288.0,12369466583,12369767962,12920319772,12920322267,0,576,576,-1,1,301379,2495,32,128,128,3
12,3,"[8, 512, 0, 0, 0, 0, 0, 0, 0, 0, 0, 0, 0, 0, 0, 8, 512, 0, 0, 0, 0, 0, 0, 0, 0, 0, 0, 0, 0, 0]",1,128,512.0,12288.0,12369840921,12369848373,12920322843,12920325307,0,673,673,-1,1,7452,2464,32,128,128,3
16,3,"[8, 512, 0, 0, 0, 0, 0, 0, 0, 0, 0, 0, 0, 0, 0, 4, 0, 0, 0, 0, 0, 0, 0, 0, 0, 0, 0, 0, 0, 0]",1,128,512.0,8196.0,12369919948,12370584127,12920325980,12920328443,0,737,737,-1,1,664179,2463,32,128,128,3
12,3,"[8, 512, 0, 0, 0, 0, 0, 0, 0, 0, 0, 0, 0, 0, 0, 8, 512, 0, 0, 0, 0, 0, 0, 0, 0, 0, 0, 0, 0, 0]",1,128,512.0,12288.0,12370658388,12370665985,12920329180,12920331611,0,640,640,-1,1,7597,2431,32,128,128,3
12,3,"[8, 512, 0, 0, 0, 0, 0, 0, 0, 0, 0, 0, 0, 0, 0, 8, 512, 0, 0, 0, 0, 0, 0, 0, 0, 0, 0, 0, 0, 0]",1,128,512.0,12288.0,12370738244,12370745503,12920332251,12920334715,0,672,672,-1,1,7259,2464,32,128,128,3
16,3,"[8, 128, 512, 1, 1, 0, 0, 0, 0, 0, 0, 0, 0, 0, 0, 4, 0, 0, 0, 0, 0, 0, 0, 0, 0, 0, 0, 0, 0, 0]",128,128,65536.0,1048580.0,12370818582,12370826640,12920335387,12920340667,0,672,672,-1,1,8058,5280,32,128,128,3
12,3,"[8, 128, 512, 1, 1, 0, 0, 0, 0, 0, 0, 0, 0, 0, 0, 8, 128, 512, 1, 1, 0, 0, 0, 0, 0, 0, 0, 0, 0, 0]",128,128,65536.0,1572864.0,12370899132,12370906062,12920341339,12920346747,0,672,672,-1,1,6930,5408,32,128,128,3
12,3,"[8, 128, 512, 1, 1, 0, 0, 0, 0, 0, 0, 0, 0, 0, 0, 8, 128, 512, 1, 1, 0, 0, 0, 0, 0, 0, 0, 0, 0, 0]",128,128,65536.0,1572864.0,12370980570,12370988002,12920347419,12920352987,0,576,576,-1,1,7432,5568,32,128,128,3
16,3,"[8, 128, 0, 0, 0, 0, 0, 0, 0, 0, 0, 0, 0, 0, 0, 4, 0, 0, 0, 0, 0, 0, 0, 0, 0, 0, 0, 0, 0, 0]",1,128,128.0,2052.0,12371059541,12371066916,12920353563,12920355771,0,736,736,-1,1,7375,2208,32,128,128,3
12,3,"[8, 128, 0, 0, 0, 0, 0, 0, 0, 0, 0, 0, 0, 0, 0, 8, 128, 0, 0, 0, 0, 0, 0, 0, 0, 0, 0, 0, 0, 0]",1,128,128.0,3072.0,12371138182,12371145352,12920356507,12920358939,0,576,576,-1,1,7170,2432,32,128,128,3
12,3,"[8, 128, 0, 0, 0, 0, 0, 0, 0, 0, 0, 0, 0, 0, 0, 8, 128, 0, 0, 0, 0, 0, 0, 0, 0, 0, 0, 0, 0, 0]",1,128,128.0,3072.0,12371216963,12371225706,12920359515,12920361947,0,704,704,-1,1,8743,2432,32,128,128,3
16,3,"[8, 128, 0, 0, 0, 0, 0, 0, 0, 0, 0, 0, 0, 0, 0, 4, 0, 0, 0, 0, 0, 0, 0, 0, 0, 0, 0, 0, 0, 0]",1,128,128.0,2052.0,12371297573,12371304822,12920362651,12920364923,0,544,544,-1,1,7249,2272,32,128,128,3
12,3,"[8, 128, 0, 0, 0, 0, 0, 0, 0, 0, 0, 0, 0, 0, 0, 8, 128, 0, 0, 0, 0, 0, 0, 0, 0, 0, 0, 0, 0, 0]",1,128,128.0,3072.0,12371375703,12371382767,12920365467,12920367931,0,736,736,-1,1,7064,2464,32,128,128,3
12,3,"[8, 128, 0, 0, 0, 0, 0, 0, 0, 0, 0, 0, 0, 0, 0, 8, 128, 0, 0, 0, 0, 0, 0, 0, 0, 0, 0, 0, 0, 0]",1,128,128.0,3072.0,12371453586,12371671136,12920368667,12920371099,0,768,768,-1,1,217550,2432,32,128,128,3
16,3,"[8, 32, 128, 3, 3, 0, 0, 0, 0, 0, 0, 0, 0, 0, 0, 4, 0, 0, 0, 0, 0, 0, 0, 0, 0, 0, 0, 0, 0, 0]",72,128,36864.0,589828.0,12371744749,12371752380,12920371867,12920375931,0,736,736,-1,1,7631,4064,32,128,128,3
12,3,"[8, 32, 128, 3, 3, 0, 0, 0, 0, 0, 0, 0, 0, 0, 0, 8, 32, 128, 3, 3, 0, 0, 0, 0, 0, 0, 0, 0, 0, 0]",72,128,36864.0,884736.0,12371823548,12372397046,12920376667,12920380667,0,608,608,-1,1,573498,4000,32,128,128,3
12,3,"[8, 32, 128, 3, 3, 0, 0, 0, 0, 0, 0, 0, 0, 0, 0, 8, 32, 128, 3, 3, 0, 0, 0, 0, 0, 0, 0, 0, 0, 0]",72,128,36864.0,884736.0,12372473993,12372481899,12920381275,12920385211,0,672,672,-1,1,7906,3936,32,128,128,3
16,3,"[8, 544, 0, 0, 0, 0, 0, 0, 0, 0, 0, 0, 0, 0, 0, 4, 0, 0, 0, 0, 0, 0, 0, 0, 0, 0, 0, 0, 0, 0]",2,128,544.0,8708.0,12372554699,12372562349,12920385883,12920388315,0,832,832,-1,1,7650,2432,32,128,128,3
12,3,"[8, 544, 0, 0, 0, 0, 0, 0, 0, 0, 0, 0, 0, 0, 0, 8, 544, 0, 0, 0, 0, 0, 0, 0, 0, 0, 0, 0, 0, 0]",2,128,544.0,13056.0,12372634314,12372641415,12920389147,12920391611,0,736,736,-1,1,7101,2464,32,128,128,3
12,3,"[8, 544, 0, 0, 0, 0, 0, 0, 0, 0, 0, 0, 0, 0, 0, 8, 544, 0, 0, 0, 0, 0, 0, 0, 0, 0, 0, 0, 0, 0]",2,128,544.0,13056.0,12372713255,12372720256,12920392347,12920394811,0,672,672,-1,1,7001,2464,32,128,128,3
16,3,"[8, 544, 0, 0, 0, 0, 0, 0, 0, 0, 0, 0, 0, 0, 0, 4, 0, 0, 0, 0, 0, 0, 0, 0, 0, 0, 0, 0, 0, 0]",2,128,544.0,8708.0,12372792552,12372799814,12920395483,12920397915,0,639,639,-1,1,7262,2432,32,128,128,3
12,3,"[8, 544, 0, 0, 0, 0, 0, 0, 0, 0, 0, 0, 0, 0, 0, 8, 544, 0, 0, 0, 0, 0, 0, 0, 0, 0, 0, 0, 0, 0]",2,128,544.0,13056.0,12372872493,12372880991,12920398554,12920401115,0,576,576,-1,1,8498,2561,32,128,128,3
12,3,"[8, 544, 0, 0, 0, 0, 0, 0, 0, 0, 0, 0, 0, 0, 0, 8, 544, 0, 0, 0, 0, 0, 0, 0, 0, 0, 0, 0, 0, 0]",2,128,544.0,13056.0,12372954402,12373231329,12920401691,12920404154,0,737,737,-1,1,276927,2463,32,128,128,3
16,3,"[8, 128, 544, 1, 1, 0, 0, 0, 0, 0, 0, 0, 0, 0, 0, 4, 0, 0, 0, 0, 0, 0, 0, 0, 0, 0, 0, 0, 0, 0]",136,128,69632.0,1114116.0,12373306336,12373313921,12920404891,12920410586,0,576,576,-1,1,7585,5695,32,128,128,3
12,3,"[8, 128, 544, 1, 1, 0, 0, 0, 0, 0, 0, 0, 0, 0, 0, 8, 128, 544, 1, 1, 0, 0, 0, 0, 0, 0, 0, 0, 0, 0]",136,128,69632.0,1671168.0,12373387029,12373970186,12920411162,12920416474,0,704,704,-1,1,583157,5312,32,128,128,3
12,3,"[8, 128, 544, 1, 1, 0, 0, 0, 0, 0, 0, 0, 0, 0, 0, 8, 128, 544, 1, 1, 0, 0, 0, 0, 0, 0, 0, 0, 0, 0]",136,128,69632.0,1671168.0,12374044680,12374052066,12920417178,12920422747,0,704,704,-1,1,7386,5569,32,128,128,3
16,3,"[8, 128, 0, 0, 0, 0, 0, 0, 0, 0, 0, 0, 0, 0, 0, 4, 0, 0, 0, 0, 0, 0, 0, 0, 0, 0, 0, 0, 0, 0]",1,128,128.0,2052.0,12374123136,12374130393,12920423451,12920425691,0,704,704,-1,1,7257,2240,32,128,128,3
12,3,"[8, 128, 0, 0, 0, 0, 0, 0, 0, 0, 0, 0, 0, 0, 0, 8, 128, 0, 0, 0, 0, 0, 0, 0, 0, 0, 0, 0, 0, 0]",1,128,128.0,3072.0,12374200934,12374208204,12920426395,12920428794,0,736,736,-1,1,7270,2399,32,128,128,3
12,3,"[8, 128, 0, 0, 0, 0, 0, 0, 0, 0, 0, 0, 0, 0, 0, 8, 128, 0, 0, 0, 0, 0, 0, 0, 0, 0, 0, 0, 0, 0]",1,128,128.0,3072.0,12374280652,12374287687,12920429530,12920431994,0,672,672,-1,1,7035,2464,32,128,128,3
16,3,"[8, 128, 0, 0, 0, 0, 0, 0, 0, 0, 0, 0, 0, 0, 0, 4, 0, 0, 0, 0, 0, 0, 0, 0, 0, 0, 0, 0, 0, 0]",1,128,128.0,2052.0,12374358967,12374366119,12920432666,12920434874,0,544,544,-1,1,7152,2208,32,128,128,3
12,3,"[8, 128, 0, 0, 0, 0, 0, 0, 0, 0, 0, 0, 0, 0, 0, 8, 128, 0, 0, 0, 0, 0, 0, 0, 0, 0, 0, 0, 0, 0]",1,128,128.0,3072.0,12374438233,12374445491,12920435418,12920437914,0,704,704,-1,1,7258,2496,32,128,128,3
12,3,"[8, 128, 0, 0, 0, 0, 0, 0, 0, 0, 0, 0, 0, 0, 0, 8, 128, 0, 0, 0, 0, 0, 0, 0, 0, 0, 0, 0, 0, 0]",1,128,128.0,3072.0,12374516778,12374523940,12920438618,12920441050,0,832,832,-1,1,7162,2432,32,128,128,3
16,3,"[8, 32, 128, 3, 3, 0, 0, 0, 0, 0, 0, 0, 0, 0, 0, 4, 0, 0, 0, 0, 0, 0, 0, 0, 0, 0, 0, 0, 0, 0]",72,128,36864.0,589828.0,12374602553,12374612492,12920441882,12920446010,0,608,608,-1,1,9939,4128,32,128,128,3
12,3,"[8, 32, 128, 3, 3, 0, 0, 0, 0, 0, 0, 0, 0, 0, 0, 8, 32, 128, 3, 3, 0, 0, 0, 0, 0, 0, 0, 0, 0, 0]",72,128,36864.0,884736.0,12374686929,12374694225,12920446618,12920450778,0,704,704,-1,1,7296,4160,32,128,128,3
12,3,"[8, 32, 128, 3, 3, 0, 0, 0, 0, 0, 0, 0, 0, 0, 0, 8, 32, 128, 3, 3, 0, 0, 0, 0, 0, 0, 0, 0, 0, 0]",72,128,36864.0,884736.0,12374768352,12375028658,12920451482,12920455450,0,640,640,-1,1,260306,3968,32,128,128,3
16,3,"[8, 576, 0, 0, 0, 0, 0, 0, 0, 0, 0, 0, 0, 0, 0, 4, 0, 0, 0, 0, 0, 0, 0, 0, 0, 0, 0, 0, 0, 0]",2,128,576.0,9220.0,12375102469,12375110524,12920456090,12920458490,0,608,608,-1,1,8055,2400,32,128,128,3
12,3,"[8, 576, 0, 0, 0, 0, 0, 0, 0, 0, 0, 0, 0, 0, 0, 8, 576, 0, 0, 0, 0, 0, 0, 0, 0, 0, 0, 0, 0, 0]",2,128,576.0,13824.0,12375182996,12375752291,12920459098,12920461562,0,736,736,-1,1,569295,2464,32,128,128,3
12,3,"[8, 576, 0, 0, 0, 0, 0, 0, 0, 0, 0, 0, 0, 0, 0, 8, 576, 0, 0, 0, 0, 0, 0, 0, 0, 0, 0, 0, 0, 0]",2,128,576.0,13824.0,12375960225,12375970930,12920462298,12920464794,0,576,576,-1,1,10705,2496,32,128,128,3
16,3,"[8, 576, 0, 0, 0, 0, 0, 0, 0, 0, 0, 0, 0, 0, 0, 4, 0, 0, 0, 0, 0, 0, 0, 0, 0, 0, 0, 0, 0, 0]",2,128,576.0,9220.0,12376056008,12376064991,12920465370,12920467802,0,576,576,-1,1,8983,2432,32,128,128,3
12,3,"[8, 576, 0, 0, 0, 0, 0, 0, 0, 0, 0, 0, 0, 0, 0, 8, 576, 0, 0, 0, 0, 0, 0, 0, 0, 0, 0, 0, 0, 0]",2,128,576.0,13824.0,12376140421,12376148088,12920468378,12920470842,0,672,672,-1,1,7667,2464,32,128,128,3
12,3,"[8, 576, 0, 0, 0, 0, 0, 0, 0, 0, 0, 0, 0, 0, 0, 8, 576, 0, 0, 0, 0, 0, 0, 0, 0, 0, 0, 0, 0, 0]",2,128,576.0,13824.0,12376221828,12376229233,12920471514,12920474010,0,704,704,-1,1,7405,2496,32,128,128,3
16,3,"[8, 128, 576, 1, 1, 0, 0, 0, 0, 0, 0, 0, 0, 0, 0, 4, 0, 0, 0, 0, 0, 0, 0, 0, 0, 0, 0, 0, 0, 0]",144,128,73728.0,1179652.0,12376301709,12376309088,12920474714,12920480666,0,576,576,-1,1,7379,5952,32,128,128,3
12,3,"[8, 128, 576, 1, 1, 0, 0, 0, 0, 0, 0, 0, 0, 0, 0, 8, 128, 576, 1, 1, 0, 0, 0, 0, 0, 0, 0, 0, 0, 0]",144,128,73728.0,1769472.0,12376381172,12376388468,12920481242,12920486906,0,672,672,-1,1,7296,5664,32,128,128,3
12,3,"[8, 128, 576, 1, 1, 0, 0, 0, 0, 0, 0, 0, 0, 0, 0, 8, 128, 576, 1, 1, 0, 0, 0, 0, 0, 0, 0, 0, 0, 0]",144,128,73728.0,1769472.0,12376464417,12376565469,12920487578,12920493082,0,640,640,-1,1,101052,5504,32,128,128,3
16,3,"[8, 128, 0, 0, 0, 0, 0, 0, 0, 0, 0, 0, 0, 0, 0, 4, 0, 0, 0, 0, 0, 0, 0, 0, 0, 0, 0, 0, 0, 0]",1,128,128.0,2052.0,12376638881,12376647004,12920493722,12920495962,0,639,639,-1,1,8123,2240,32,128,128,3
12,3,"[8, 128, 0, 0, 0, 0, 0, 0, 0, 0, 0, 0, 0, 0, 0, 8, 128, 0, 0, 0, 0, 0, 0, 0, 0, 0, 0, 0, 0, 0]",1,128,128.0,3072.0,12376720058,12377288503,12920496601,12920499034,0,704,704,-1,1,568445,2433,32,128,128,3
12,3,"[8, 128, 0, 0, 0, 0, 0, 0, 0, 0, 0, 0, 0, 0, 0, 8, 128, 0, 0, 0, 0, 0, 0, 0, 0, 0, 0, 0, 0, 0]",1,128,128.0,3072.0,12377362281,12377370485,12920499738,12920502233,0,577,577,-1,1,8204,2495,32,128,128,3
16,3,"[8, 128, 0, 0, 0, 0, 0, 0, 0, 0, 0, 0, 0, 0, 0, 4, 0, 0, 0, 0, 0, 0, 0, 0, 0, 0, 0, 0, 0, 0]",1,128,128.0,2052.0,12377442473,12377449858,12920502810,12920505050,0,576,576,-1,1,7385,2240,32,128,128,3
12,3,"[8, 128, 0, 0, 0, 0, 0, 0, 0, 0, 0, 0, 0, 0, 0, 8, 128, 0, 0, 0, 0, 0, 0, 0, 0, 0, 0, 0, 0, 0]",1,128,128.0,3072.0,12377521737,12377529551,12920505626,12920508089,0,736,736,-1,1,7814,2463,32,128,128,3
12,3,"[8, 128, 0, 0, 0, 0, 0, 0, 0, 0, 0, 0, 0, 0, 0, 8, 128, 0, 0, 0, 0, 0, 0, 0, 0, 0, 0, 0, 0, 0]",1,128,128.0,3072.0,12377602096,12377609074,12920508825,12920511225,0,737,737,-1,1,6978,2400,32,128,128,3
16,3,"[8, 32, 128, 3, 3, 0, 0, 0, 0, 0, 0, 0, 0, 0, 0, 4, 0, 0, 0, 0, 0, 0, 0, 0, 0, 0, 0, 0, 0, 0]",72,128,36864.0,589828.0,12377682542,12377690002,12920511962,12920516057,0,704,704,-1,1,7460,4095,32,128,128,3
12,3,"[8, 32, 128, 3, 3, 0, 0, 0, 0, 0, 0, 0, 0, 0, 0, 8, 32, 128, 3, 3, 0, 0, 0, 0, 0, 0, 0, 0, 0, 0]",72,128,36864.0,884736.0,12377764304,12377771344,12920516761,12920520953,0,673,673,-1,1,7040,4192,32,128,128,3
12,3,"[8, 32, 128, 3, 3, 0, 0, 0, 0, 0, 0, 0, 0, 0, 0, 8, 32, 128, 3, 3, 0, 0, 0, 0, 0, 0, 0, 0, 0, 0]",72,128,36864.0,884736.0,12377846060,12377852992,12920521626,12920525562,0,671,671,-1,1,6932,3936,32,128,128,3
16,3,"[8, 608, 0, 0, 0, 0, 0, 0, 0, 0, 0, 0, 0, 0, 0, 4, 0, 0, 0, 0, 0, 0, 0, 0, 0, 0, 0, 0, 0, 0]",2,128,608.0,9732.0,12377925523,12377933296,12920526233,12920528633,0,608,608,-1,1,7773,2400,32,128,128,3
12,3,"[8, 608, 0, 0, 0, 0, 0, 0, 0, 0, 0, 0, 0, 0, 0, 8, 608, 0, 0, 0, 0, 0, 0, 0, 0, 0, 0, 0, 0, 0]",2,128,608.0,14592.0,12378008004,12378322817,12920529241,12920531705,0,672,672,-1,1,314813,2464,32,128,128,3
12,3,"[8, 608, 0, 0, 0, 0, 0, 0, 0, 0, 0, 0, 0, 0, 0, 8, 608, 0, 0, 0, 0, 0, 0, 0, 0, 0, 0, 0, 0, 0]",2,128,608.0,14592.0,12378397201,12378404923,12920532377,12920534873,0,704,704,-1,1,7722,2496,32,128,128,3
16,3,"[8, 608, 0, 0, 0, 0, 0, 0, 0, 0, 0, 0, 0, 0, 0, 4, 0, 0, 0, 0, 0, 0, 0, 0, 0, 0, 0, 0, 0, 0]",2,128,608.0,9732.0,12378476662,12379046337,12920535577,12920538009,0,704,704,-1,1,569675,2432,32,128,128,3
12,3,"[8, 608, 0, 0, 0, 0, 0, 0, 0, 0, 0, 0, 0, 0, 0, 8, 608, 0, 0, 0, 0, 0, 0, 0, 0, 0, 0, 0, 0, 0]",2,128,608.0,14592.0,12379119674,12379127924,12920538713,12920541177,0,672,672,-1,1,8250,2464,32,128,128,3
12,3,"[8, 608, 0, 0, 0, 0, 0, 0, 0, 0, 0, 0, 0, 0, 0, 8, 608, 0, 0, 0, 0, 0, 0, 0, 0, 0, 0, 0, 0, 0]",2,128,608.0,14592.0,12379201144,12379208144,12920541849,12920544313,0,672,672,-1,1,7000,2464,32,128,128,3
16,3,"[8, 128, 608, 1, 1, 0, 0, 0, 0, 0, 0, 0, 0, 0, 0, 4, 0, 0, 0, 0, 0, 0, 0, 0, 0, 0, 0, 0, 0, 0]",152,128,77824.0,1245188.0,12379281588,12379288978,12920544985,12920551289,0,736,736,-1,1,7390,6304,32,128,128,3
12,3,"[8, 128, 608, 1, 1, 0, 0, 0, 0, 0, 0, 0, 0, 0, 0, 8, 128, 608, 1, 1, 0, 0, 0, 0, 0, 0, 0, 0, 0, 0]",152,128,77824.0,1867776.0,12379361250,12379368431,12920552025,12920557753,0,608,608,-1,1,7181,5728,32,128,128,3
12,3,"[8, 128, 608, 1, 1, 0, 0, 0, 0, 0, 0, 0, 0, 0, 0, 8, 128, 608, 1, 1, 0, 0, 0, 0, 0, 0, 0, 0, 0, 0]",152,128,77824.0,1867776.0,12379441317,12379448602,12920558361,12920564121,0,704,704,-1,1,7285,5760,32,128,128,3
16,3,"[8, 128, 0, 0, 0, 0, 0, 0, 0, 0, 0, 0, 0, 0, 0, 4, 0, 0, 0, 0, 0, 0, 0, 0, 0, 0, 0, 0, 0, 0]",1,128,128.0,2052.0,12379520324,12379527649,12920564825,12920567065,0,576,576,-1,1,7325,2240,32,128,128,3
12,3,"[8, 128, 0, 0, 0, 0, 0, 0, 0, 0, 0, 0, 0, 0, 0, 8, 128, 0, 0, 0, 0, 0, 0, 0, 0, 0, 0, 0, 0, 0]",1,128,128.0,3072.0,12379599208,12379872464,12920567641,12920570201,0,640,640,-1,1,273256,2560,32,128,128,3
12,3,"[8, 128, 0, 0, 0, 0, 0, 0, 0, 0, 0, 0, 0, 0, 0, 8, 128, 0, 0, 0, 0, 0, 0, 0, 0, 0, 0, 0, 0, 0]",1,128,128.0,3072.0,12379954240,12379962303,12920570841,12920573273,0,576,576,-1,1,8063,2432,32,128,128,3
16,3,"[8, 128, 0, 0, 0, 0, 0, 0, 0, 0, 0, 0, 0, 0, 0, 4, 0, 0, 0, 0, 0, 0, 0, 0, 0, 0, 0, 0, 0, 0]",1,128,128.0,2052.0,12380037916,12380513216,12920573849,12920576089,0,576,576,-1,1,475300,2240,32,128,128,3
12,3,"[8, 128, 0, 0, 0, 0, 0, 0, 0, 0, 0, 0, 0, 0, 0, 8, 128, 0, 0, 0, 0, 0, 0, 0, 0, 0, 0, 0, 0, 0]",1,128,128.0,3072.0,12380587310,12380594983,12920576665,12920579129,0,736,736,-1,1,7673,2464,32,128,128,3
12,3,"[8, 128, 0, 0, 0, 0, 0, 0, 0, 0, 0, 0, 0, 0, 0, 8, 128, 0, 0, 0, 0, 0, 0, 0, 0, 0, 0, 0, 0, 0]",1,128,128.0,3072.0,12380667402,12380674356,12920579865,12920582329,0,608,608,-1,1,6954,2464,32,128,128,3
16,3,"[8, 32, 128, 3, 3, 0, 0, 0, 0, 0, 0, 0, 0, 0, 0, 4, 0, 0, 0, 0, 0, 0, 0, 0, 0, 0, 0, 0, 0, 0]",72,128,36864.0,589828.0,12380747871,12380755410,12920582937,12920587033,0,576,576,-1,1,7539,4096,32,128,128,3
12,3,"[8, 32, 128, 3, 3, 0, 0, 0, 0, 0, 0, 0, 0, 0, 0, 8, 32, 128, 3, 3, 0, 0, 0, 0, 0, 0, 0, 0, 0, 0]",72,128,36864.0,884736.0,12380828449,12380835654,12920587609,12920591801,0,607,607,-1,1,7205,4192,32,128,128,3
12,3,"[8, 32, 128, 3, 3, 0, 0, 0, 0, 0, 0, 0, 0, 0, 0, 8, 32, 128, 3, 3, 0, 0, 0, 0, 0, 0, 0, 0, 0, 0]",72,128,36864.0,884736.0,12380908041,12380915028,12920592408,12920596409,0,704,704,-1,1,6987,4001,32,128,128,3
16,3,"[8, 640, 0, 0, 0, 0, 0, 0, 0, 0, 0, 0, 0, 0, 0, 4, 0, 0, 0, 0, 0, 0, 0, 0, 0, 0, 0, 0, 0, 0]",2,128,640.0,10244.0,12380985876,12380993192,12920597113,12920599544,0,736,736,-1,1,7316,2431,32,128,128,3
12,3,"[8, 640, 0, 0, 0, 0, 0, 0, 0, 0, 0, 0, 0, 0, 0, 8, 640, 0, 0, 0, 0, 0, 0, 0, 0, 0, 0, 0, 0, 0]",2,128,640.0,15360.0,12381063912,12381071427,12920600280,12920602776,0,769,769,-1,1,7515,2496,32,128,128,3
12,3,"[8, 640, 0, 0, 0, 0, 0, 0, 0, 0, 0, 0, 0, 0, 0, 8, 640, 0, 0, 0, 0, 0, 0, 0, 0, 0, 0, 0, 0, 0]",2,128,640.0,15360.0,12381143159,12381150465,12920603545,12920605976,0,641,641,-1,1,7306,2431,32,128,128,3
16,3,"[8, 640, 0, 0, 0, 0, 0, 0, 0, 0, 0, 0, 0, 0, 0, 4, 0, 0, 0, 0, 0, 0, 0, 0, 0, 0, 0, 0, 0, 0]",2,128,640.0,10244.0,12381221039,12401178952,12920606617,12920609048,0,704,704,-1,1,19957913,2431,32,128,128,3
12,3,"[8, 640, 0, 0, 0, 0, 0, 0, 0, 0, 0, 0, 0, 0, 0, 8, 640, 0, 0, 0, 0, 0, 0, 0, 0, 0, 0, 0, 0, 0]",2,128,640.0,15360.0,12401256940,12401265061,12920609752,12920612216,0,609,609,-1,1,8121,2464,32,128,128,3
12,3,"[8, 640, 0, 0, 0, 0, 0, 0, 0, 0, 0, 0, 0, 0, 0, 8, 640, 0, 0, 0, 0, 0, 0, 0, 0, 0, 0, 0, 0, 0]",2,128,640.0,15360.0,12401341233,12410491964,12920612825,12920615288,0,737,737,-1,1,9150731,2463,32,128,128,3
16,3,"[8, 128, 640, 1, 1, 0, 0, 0, 0, 0, 0, 0, 0, 0, 0, 4, 0, 0, 0, 0, 0, 0, 0, 0, 0, 0, 0, 0, 0, 0]",160,128,81920.0,1310724.0,12410570528,12410579156,12920616025,12920622392,0,672,672,-1,1,8628,6367,32,128,128,3
12,3,"[8, 128, 640, 1, 1, 0, 0, 0, 0, 0, 0, 0, 0, 0, 0, 8, 128, 640, 1, 1, 0, 0, 0, 0, 0, 0, 0, 0, 0, 0]",160,128,81920.0,1966080.0,12410778162,12410990451,12920623064,12920628952,0,576,576,-1,1,212289,5888,32,128,128,3
12,3,"[8, 128, 640, 1, 1, 0, 0, 0, 0, 0, 0, 0, 0, 0, 0, 8, 128, 640, 1, 1, 0, 0, 0, 0, 0, 0, 0, 0, 0, 0]",160,128,81920.0,1966080.0,12411076377,12411683050,12920629528,12920635128,0,640,640,-1,1,606673,5600,32,128,128,3
16,3,"[8, 128, 0, 0, 0, 0, 0, 0, 0, 0, 0, 0, 0, 0, 0, 4, 0, 0, 0, 0, 0, 0, 0, 0, 0, 0, 0, 0, 0, 0]",1,128,128.0,2052.0,12411759791,12411768185,12920635768,12920638008,0,672,672,-1,1,8394,2240,32,128,128,3
12,3,"[8, 128, 0, 0, 0, 0, 0, 0, 0, 0, 0, 0, 0, 0, 0, 8, 128, 0, 0, 0, 0, 0, 0, 0, 0, 0, 0, 0, 0, 0]",1,128,128.0,3072.0,12411842200,12411849508,12920638680,12920641144,0,672,672,-1,1,7308,2464,32,128,128,3
12,3,"[8, 128, 0, 0, 0, 0, 0, 0, 0, 0, 0, 0, 0, 0, 0, 8, 128, 0, 0, 0, 0, 0, 0, 0, 0, 0, 0, 0, 0, 0]",1,128,128.0,3072.0,12411928211,12411935744,12920641816,12920644280,0,736,736,-1,1,7533,2464,32,128,128,3
16,3,"[8, 128, 0, 0, 0, 0, 0, 0, 0, 0, 0, 0, 0, 0, 0, 4, 0, 0, 0, 0, 0, 0, 0, 0, 0, 0, 0, 0, 0, 0]",1,128,128.0,2052.0,12412010657,12412018426,12920645016,12920647288,0,608,608,-1,1,7769,2272,32,128,128,3
12,3,"[8, 128, 0, 0, 0, 0, 0, 0, 0, 0, 0, 0, 0, 0, 0, 8, 128, 0, 0, 0, 0, 0, 0, 0, 0, 0, 0, 0, 0, 0]",1,128,128.0,3072.0,12412090006,12414632758,12920647896,12920650360,0,736,736,-1,1,2542752,2464,32,128,128,3
12,3,"[8, 128, 0, 0, 0, 0, 0, 0, 0, 0, 0, 0, 0, 0, 0, 8, 128, 0, 0, 0, 0, 0, 0, 0, 0, 0, 0, 0, 0, 0]",1,128,128.0,3072.0,12414709653,12414717409,12920651096,12920653560,0,672,672,-1,1,7756,2464,32,128,128,3
16,3,"[8, 32, 128, 3, 3, 0, 0, 0, 0, 0, 0, 0, 0, 0, 0, 4, 0, 0, 0, 0, 0, 0, 0, 0, 0, 0, 0, 0, 0, 0]",72,128,36864.0,589828.0,12414791959,12417578818,12920654232,12920658424,0,672,672,-1,1,2786859,4192,32,128,128,3
12,3,"[8, 32, 128, 3, 3, 0, 0, 0, 0, 0, 0, 0, 0, 0, 0, 8, 32, 128, 3, 3, 0, 0, 0, 0, 0, 0, 0, 0, 0, 0]",72,128,36864.0,884736.0,12417658227,12417666270,12920659096,12920663128,0,704,704,-1,1,8043,4032,32,128,128,3
12,3,"[8, 32, 128, 3, 3, 0, 0, 0, 0, 0, 0, 0, 0, 0, 0, 8, 32, 128, 3, 3, 0, 0, 0, 0, 0, 0, 0, 0, 0, 0]",72,128,36864.0,884736.0,12417741810,12417749241,12920663832,12920667960,0,608,608,-1,1,7431,4128,32,128,128,3
16,3,"[8, 672, 0, 0, 0, 0, 0, 0, 0, 0, 0, 0, 0, 0, 0, 4, 0, 0, 0, 0, 0, 0, 0, 0, 0, 0, 0, 0, 0, 0]",2,128,672.0,10756.0,12417822372,12417900901,12920668568,12920671000,0,704,704,-1,1,78529,2432,32,128,128,3
12,3,"[8, 672, 0, 0, 0, 0, 0, 0, 0, 0, 0, 0, 0, 0, 0, 8, 672, 0, 0, 0, 0, 0, 0, 0, 0, 0, 0, 0, 0, 0]",2,128,672.0,16128.0,12417975171,12417983018,12920671704,12920674232,0,672,672,-1,1,7847,2528,32,128,128,3
12,3,"[8, 672, 0, 0, 0, 0, 0, 0, 0, 0, 0, 0, 0, 0, 0, 8, 672, 0, 0, 0, 0, 0, 0, 0, 0, 0, 0, 0, 0, 0]",2,128,672.0,16128.0,12418056843,12418064125,12920674904,12920677400,0,704,704,-1,1,7282,2496,32,128,128,3
16,3,"[8, 672, 0, 0, 0, 0, 0, 0, 0, 0, 0, 0, 0, 0, 0, 4, 0, 0, 0, 0, 0, 0, 0, 0, 0, 0, 0, 0, 0, 0]",2,128,672.0,10756.0,12418135378,12418142961,12920678104,12920680504,0,608,608,-1,1,7583,2400,32,128,128,3
12,3,"[8, 672, 0, 0, 0, 0, 0, 0, 0, 0, 0, 0, 0, 0, 0, 8, 672, 0, 0, 0, 0, 0, 0, 0, 0, 0, 0, 0, 0, 0]",2,128,672.0,16128.0,12418215094,12428166836,12920681112,12920683704,0,544,544,-1,1,9951742,2592,32,128,128,3
12,3,"[8, 672, 0, 0, 0, 0, 0, 0, 0, 0, 0, 0, 0, 0, 0, 8, 672, 0, 0, 0, 0, 0, 0, 0, 0, 0, 0, 0, 0, 0]",2,128,672.0,16128.0,12428249644,12428257990,12920684248,12920686840,0,608,608,-1,1,8346,2592,32,128,128,3
16,3,"[8, 128, 672, 1, 1, 0, 0, 0, 0, 0, 0, 0, 0, 0, 0, 4, 0, 0, 0, 0, 0, 0, 0, 0, 0, 0, 0, 0, 0, 0]",168,128,86016.0,1376260.0,12428331996,12432601797,12920687448,12920694103,0,641,641,-1,1,4269801,6655,32,128,128,3
12,3,"[8, 128, 672, 1, 1, 0, 0, 0, 0, 0, 0, 0, 0, 0, 0, 8, 128, 672, 1, 1, 0, 0, 0, 0, 0, 0, 0, 0, 0, 0]",168,128,86016.0,2064384.0,12432678964,12432687246,12920694744,12920700663,0,608,608,-1,1,8282,5919,32,128,128,3
12,3,"[8, 128, 672, 1, 1, 0, 0, 0, 0, 0, 0, 0, 0, 0, 0, 8, 128, 672, 1, 1, 0, 0, 0, 0, 0, 0, 0, 0, 0, 0]",168,128,86016.0,2064384.0,12432761336,12433063397,12920701271,12920707192,0,736,736,-1,1,302061,5921,32,128,128,3
16,3,"[8, 128, 0, 0, 0, 0, 0, 0, 0, 0, 0, 0, 0, 0, 0, 4, 0, 0, 0, 0, 0, 0, 0, 0, 0, 0, 0, 0, 0, 0]",1,128,128.0,2052.0,12433138302,12433710680,12920707928,12920710136,0,607,607,-1,1,572378,2208,32,128,128,3
12,3,"[8, 128, 0, 0, 0, 0, 0, 0, 0, 0, 0, 0, 0, 0, 0, 8, 128, 0, 0, 0, 0, 0, 0, 0, 0, 0, 0, 0, 0, 0]",1,128,128.0,3072.0,12433783263,12433790907,12920710743,12920713207,0,737,737,-1,1,7644,2464,32,128,128,3
12,3,"[8, 128, 0, 0, 0, 0, 0, 0, 0, 0, 0, 0, 0, 0, 0, 8, 128, 0, 0, 0, 0, 0, 0, 0, 0, 0, 0, 0, 0, 0]",1,128,128.0,3072.0,12433863388,12433870479,12920713944,12920716343,0,736,736,-1,1,7091,2399,32,128,128,3
16,3,"[8, 128, 0, 0, 0, 0, 0, 0, 0, 0, 0, 0, 0, 0, 0, 4, 0, 0, 0, 0, 0, 0, 0, 0, 0, 0, 0, 0, 0, 0]",1,128,128.0,2052.0,12433942171,12433949799,12920717079,12920719319,0,576,576,-1,1,7628,2240,32,128,128,3
12,3,"[8, 128, 0, 0, 0, 0, 0, 0, 0, 0, 0, 0, 0, 0, 0, 8, 128, 0, 0, 0, 0, 0, 0, 0, 0, 0, 0, 0, 0, 0]",1,128,128.0,3072.0,12434021906,12434029002,12920719895,12920722327,0,832,832,-1,1,7096,2432,32,128,128,3
12,3,"[8, 128, 0, 0, 0, 0, 0, 0, 0, 0, 0, 0, 0, 0, 0, 8, 128, 0, 0, 0, 0, 0, 0, 0, 0, 0, 0, 0, 0, 0]",1,128,128.0,3072.0,12434101358,12434108330,12920723159,12920725559,0,608,608,-1,1,6972,2400,32,128,128,3
16,3,"[8, 32, 128, 3, 3, 0, 0, 0, 0, 0, 0, 0, 0, 0, 0, 4, 0, 0, 0, 0, 0, 0, 0, 0, 0, 0, 0, 0, 0, 0]",72,128,36864.0,589828.0,12434180346,12434187721,12920726167,12920730231,0,704,704,-1,1,7375,4064,32,128,128,3
12,3,"[8, 32, 128, 3, 3, 0, 0, 0, 0, 0, 0, 0, 0, 0, 0, 8, 32, 128, 3, 3, 0, 0, 0, 0, 0, 0, 0, 0, 0, 0]",72,128,36864.0,884736.0,12434259802,12434266831,12920730935,12920734967,0,672,672,-1,1,7029,4032,32,128,128,3
12,3,"[8, 32, 128, 3, 3, 0, 0, 0, 0, 0, 0, 0, 0, 0, 0, 8, 32, 128, 3, 3, 0, 0, 0, 0, 0, 0, 0, 0, 0, 0]",72,128,36864.0,884736.0,12434340001,12434347576,12920735639,12920739607,0,736,736,-1,1,7575,3968,32,128,128,3
16,3,"[8, 704, 0, 0, 0, 0, 0, 0, 0, 0, 0, 0, 0, 0, 0, 4, 0, 0, 0, 0, 0, 0, 0, 0, 0, 0, 0, 0, 0, 0]",2,128,704.0,11268.0,12434420746,12434428150,12920740343,12920742775,0,736,736,-1,1,7404,2432,32,128,128,3
12,3,"[8, 704, 0, 0, 0, 0, 0, 0, 0, 0, 0, 0, 0, 0, 0, 8, 704, 0, 0, 0, 0, 0, 0, 0, 0, 0, 0, 0, 0, 0]",2,128,704.0,16896.0,12434499690,12434508222,12920743511,12920745975,0,736,736,-1,1,8532,2464,32,128,128,3
12,3,"[8, 704, 0, 0, 0, 0, 0, 0, 0, 0, 0, 0, 0, 0, 0, 8, 704, 0, 0, 0, 0, 0, 0, 0, 0, 0, 0, 0, 0, 0]",2,128,704.0,16896.0,12434581541,12434588771,12920746711,12920749207,0,640,640,-1,1,7230,2496,32,128,128,3
16,3,"[8, 704, 0, 0, 0, 0, 0, 0, 0, 0, 0, 0, 0, 0, 0, 4, 0, 0, 0, 0, 0, 0, 0, 0, 0, 0, 0, 0, 0, 0]",2,128,704.0,11268.0,12434660690,12434667967,12920749847,12920752311,0,736,736,-1,1,7277,2464,32,128,128,3
12,3,"[8, 704, 0, 0, 0, 0, 0, 0, 0, 0, 0, 0, 0, 0, 0, 8, 704, 0, 0, 0, 0, 0, 0, 0, 0, 0, 0, 0, 0, 0]",2,128,704.0,16896.0,12434739818,12434747048,12920753047,12920755511,0,672,672,-1,1,7230,2464,32,128,128,3
12,3,"[8, 704, 0, 0, 0, 0, 0, 0, 0, 0, 0, 0, 0, 0, 0, 8, 704, 0, 0, 0, 0, 0, 0, 0, 0, 0, 0, 0, 0, 0]",2,128,704.0,16896.0,12434819693,12434826429,12920756183,12920758647,0,736,736,-1,1,6736,2464,32,128,128,3
16,3,"[8, 128, 704, 1, 1, 0, 0, 0, 0, 0, 0, 0, 0, 0, 0, 4, 0, 0, 0, 0, 0, 0, 0, 0, 0, 0, 0, 0, 0, 0]",176,128,90112.0,1441796.0,12434897805,12434904936,12920759383,12920765815,0,736,736,-1,1,7131,6432,32,128,128,3
12,3,"[8, 128, 704, 1, 1, 0, 0, 0, 0, 0, 0, 0, 0, 0, 0, 8, 128, 704, 1, 1, 0, 0, 0, 0, 0, 0, 0, 0, 0, 0]",176,128,90112.0,2162688.0,12434977821,12437086263,12920766551,12920772375,0,704,704,-1,1,2108442,5824,32,128,128,3
12,3,"[8, 128, 704, 1, 1, 0, 0, 0, 0, 0, 0, 0, 0, 0, 0, 8, 128, 704, 1, 1, 0, 0, 0, 0, 0, 0, 0, 0, 0, 0]",176,128,90112.0,2162688.0,12437163727,12437171502,12920773079,12920779255,0,608,608,-1,1,7775,6176,32,128,128,3
16,3,"[8, 128, 0, 0, 0, 0, 0, 0, 0, 0, 0, 0, 0, 0, 0, 4, 0, 0, 0, 0, 0, 0, 0, 0, 0, 0, 0, 0, 0, 0]",1,128,128.0,2052.0,12437244344,12440034149,12920779863,12920782135,0,735,735,-1,1,2789805,2272,32,128,128,3
12,3,"[8, 128, 0, 0, 0, 0, 0, 0, 0, 0, 0, 0, 0, 0, 0, 8, 128, 0, 0, 0, 0, 0, 0, 0, 0, 0, 0, 0, 0, 0]",1,128,128.0,3072.0,12440110099,12440117603,12920782870,12920785335,0,608,608,-1,1,7504,2465,32,128,128,3
12,3,"[8, 128, 0, 0, 0, 0, 0, 0, 0, 0, 0, 0, 0, 0, 0, 8, 128, 0, 0, 0, 0, 0, 0, 0, 0, 0, 0, 0, 0, 0]",1,128,128.0,3072.0,12440191133,12440198455,12920785943,12920788407,0,736,736,-1,1,7322,2464,32,128,128,3
16,3,"[8, 128, 0, 0, 0, 0, 0, 0, 0, 0, 0, 0, 0, 0, 0, 4, 0, 0, 0, 0, 0, 0, 0, 0, 0, 0, 0, 0, 0, 0]",1,128,128.0,2052.0,12440270643,12440359291,12920789143,12920791351,0,608,608,-1,1,88648,2208,32,128,128,3
12,3,"[8, 128, 0, 0, 0, 0, 0, 0, 0, 0, 0, 0, 0, 0, 0, 8, 128, 0, 0, 0, 0, 0, 0, 0, 0, 0, 0, 0, 0, 0]",1,128,128.0,3072.0,12440568075,12440578468,12920791959,12920794358,0,736,736,-1,1,10393,2399,32,128,128,3
12,3,"[8, 128, 0, 0, 0, 0, 0, 0, 0, 0, 0, 0, 0, 0, 0, 8, 128, 0, 0, 0, 0, 0, 0, 0, 0, 0, 0, 0, 0, 0]",1,128,128.0,3072.0,12440655907,12440663714,12920795094,12920797494,0,609,609,-1,1,7807,2400,32,128,128,3
16,3,"[8, 32, 128, 3, 3, 0, 0, 0, 0, 0, 0, 0, 0, 0, 0, 4, 0, 0, 0, 0, 0, 0, 0, 0, 0, 0, 0, 0, 0, 0]",72,128,36864.0,589828.0,12440738359,12440746279,12920798103,12920802167,0,607,607,-1,1,7920,4064,32,128,128,3
12,3,"[8, 32, 128, 3, 3, 0, 0, 0, 0, 0, 0, 0, 0, 0, 0, 8, 32, 128, 3, 3, 0, 0, 0, 0, 0, 0, 0, 0, 0, 0]",72,128,36864.0,884736.0,12440820600,12449190157,12920802774,12920806935,0,575,575,-1,1,8369557,4161,32,128,128,3
12,3,"[8, 32, 128, 3, 3, 0, 0, 0, 0, 0, 0, 0, 0, 0, 0, 8, 32, 128, 3, 3, 0, 0, 0, 0, 0, 0, 0, 0, 0, 0]",72,128,36864.0,884736.0,12449268091,12449275989,12920807510,12920811446,0,608,608,-1,1,7898,3936,32,128,128,3
16,3,"[8, 736, 0, 0, 0, 0, 0, 0, 0, 0, 0, 0, 0, 0, 0, 4, 0, 0, 0, 0, 0, 0, 0, 0, 0, 0, 0, 0, 0, 0]",2,128,736.0,11780.0,12449349182,12453504156,12920812054,12920814518,0,672,672,-1,1,4154974,2464,32,128,128,3
12,3,"[8, 736, 0, 0, 0, 0, 0, 0, 0, 0, 0, 0, 0, 0, 0, 8, 736, 0, 0, 0, 0, 0, 0, 0, 0, 0, 0, 0, 0, 0]",2,128,736.0,17664.0,12453581508,12453589381,12920815190,12920817814,0,576,576,-1,1,7873,2624,32,128,128,3
12,3,"[8, 736, 0, 0, 0, 0, 0, 0, 0, 0, 0, 0, 0, 0, 0, 8, 736, 0, 0, 0, 0, 0, 0, 0, 0, 0, 0, 0, 0, 0]",2,128,736.0,17664.0,12453663179,12453933828,12920818390,12920820854,0,736,736,-1,1,270649,2464,32,128,128,3
16,3,"[8, 736, 0, 0, 0, 0, 0, 0, 0, 0, 0, 0, 0, 0, 0, 4, 0, 0, 0, 0, 0, 0, 0, 0, 0, 0, 0, 0, 0, 0]",2,128,736.0,11780.0,12454010419,12454550930,12920821590,12920824022,0,640,640,-1,1,540511,2432,32,128,128,3
12,3,"[8, 736, 0, 0, 0, 0, 0, 0, 0, 0, 0, 0, 0, 0, 0, 8, 736, 0, 0, 0, 0, 0, 0, 0, 0, 0, 0, 0, 0, 0]",2,128,736.0,17664.0,12454624680,12454632042,12920824662,12920827126,0,672,672,-1,1,7362,2464,32,128,128,3
12,3,"[8, 736, 0, 0, 0, 0, 0, 0, 0, 0, 0, 0, 0, 0, 0, 8, 736, 0, 0, 0, 0, 0, 0, 0, 0, 0, 0, 0, 0, 0]",2,128,736.0,17664.0,12454705269,12454714228,12920827798,12920830326,0,672,672,-1,1,8959,2528,32,128,128,3
16,3,"[8, 128, 736, 1, 1, 0, 0, 0, 0, 0, 0, 0, 0, 0, 0, 4, 0, 0, 0, 0, 0, 0, 0, 0, 0, 0, 0, 0, 0, 0]",184,128,94208.0,1507332.0,12454788459,12454796346,12920830998,12920838326,0,736,736,-1,1,7887,7328,32,128,128,3
12,3,"[8, 128, 736, 1, 1, 0, 0, 0, 0, 0, 0, 0, 0, 0, 0, 8, 128, 736, 1, 1, 0, 0, 0, 0, 0, 0, 0, 0, 0, 0]",184,128,94208.0,2260992.0,12454869928,12454877284,12920839062,12920844982,0,608,608,-1,1,7356,5920,32,128,128,3
12,3,"[8, 128, 736, 1, 1, 0, 0, 0, 0, 0, 0, 0, 0, 0, 0, 8, 128, 736, 1, 1, 0, 0, 0, 0, 0, 0, 0, 0, 0, 0]",184,128,94208.0,2260992.0,12454950390,12454957852,12920845590,12920851670,0,736,736,-1,1,7462,6080,32,128,128,3
16,3,"[8, 128, 0, 0, 0, 0, 0, 0, 0, 0, 0, 0, 0, 0, 0, 4, 0, 0, 0, 0, 0, 0, 0, 0, 0, 0, 0, 0, 0, 0]",1,128,128.0,2052.0,12455029970,12455037236,12920852406,12920854582,0,672,672,-1,1,7266,2176,32,128,128,3
12,3,"[8, 128, 0, 0, 0, 0, 0, 0, 0, 0, 0, 0, 0, 0, 0, 8, 128, 0, 0, 0, 0, 0, 0, 0, 0, 0, 0, 0, 0, 0]",1,128,128.0,3072.0,12455109070,12455116080,12920855254,12920857718,0,544,544,-1,1,7010,2464,32,128,128,3
12,3,"[8, 128, 0, 0, 0, 0, 0, 0, 0, 0, 0, 0, 0, 0, 0, 8, 128, 0, 0, 0, 0, 0, 0, 0, 0, 0, 0, 0, 0, 0]",1,128,128.0,3072.0,12455189154,12455196412,12920858262,12920860726,0,736,736,-1,1,7258,2464,32,128,128,3
16,3,"[8, 128, 0, 0, 0, 0, 0, 0, 0, 0, 0, 0, 0, 0, 0, 4, 0, 0, 0, 0, 0, 0, 0, 0, 0, 0, 0, 0, 0, 0]",1,128,128.0,2052.0,12455268112,12455275199,12920861462,12920863670,0,672,672,-1,1,7087,2208,32,128,128,3
12,3,"[8, 128, 0, 0, 0, 0, 0, 0, 0, 0, 0, 0, 0, 0, 0, 8, 128, 0, 0, 0, 0, 0, 0, 0, 0, 0, 0, 0, 0, 0]",1,128,128.0,3072.0,12455348042,12455355299,12920864342,12920866774,0,576,576,-1,1,7257,2432,32,128,128,3
12,3,"[8, 128, 0, 0, 0, 0, 0, 0, 0, 0, 0, 0, 0, 0, 0, 8, 128, 0, 0, 0, 0, 0, 0, 0, 0, 0, 0, 0, 0, 0]",1,128,128.0,3072.0,12455428694,12455435603,12920867350,12920869814,0,672,672,-1,1,6909,2464,32,128,128,3
16,3,"[8, 32, 128, 3, 3, 0, 0, 0, 0, 0, 0, 0, 0, 0, 0, 4, 0, 0, 0, 0, 0, 0, 0, 0, 0, 0, 0, 0, 0, 0]",72,128,36864.0,589828.0,12455508103,12455515229,12920870486,12920874901,0,673,673,-1,1,7126,4415,32,128,128,3
12,3,"[8, 32, 128, 3, 3, 0, 0, 0, 0, 0, 0, 0, 0, 0, 0, 8, 32, 128, 3, 3, 0, 0, 0, 0, 0, 0, 0, 0, 0, 0]",72,128,36864.0,884736.0,12455589590,12455598822,12920875574,12920879574,0,704,704,-1,1,9232,4000,32,128,128,3
12,3,"[8, 32, 128, 3, 3, 0, 0, 0, 0, 0, 0, 0, 0, 0, 0, 8, 32, 128, 3, 3, 0, 0, 0, 0, 0, 0, 0, 0, 0, 0]",72,128,36864.0,884736.0,12455673673,12455680812,12920880278,12920884214,0,672,672,-1,1,7139,3936,32,128,128,3
16,3,"[8, 768, 0, 0, 0, 0, 0, 0, 0, 0, 0, 0, 0, 0, 0, 4, 0, 0, 0, 0, 0, 0, 0, 0, 0, 0, 0, 0, 0, 0]",2,128,768.0,12292.0,12455752530,12457836507,12920884886,12920887318,0,704,704,-1,1,2083977,2432,32,128,128,3
12,3,"[8, 768, 0, 0, 0, 0, 0, 0, 0, 0, 0, 0, 0, 0, 0, 8, 768, 0, 0, 0, 0, 0, 0, 0, 0, 0, 0, 0, 0, 0]",2,128,768.0,18432.0,12457913198,12457920981,12920888022,12920890678,0,607,607,-1,1,7783,2656,32,128,128,3
12,3,"[8, 768, 0, 0, 0, 0, 0, 0, 0, 0, 0, 0, 0, 0, 0, 8, 768, 0, 0, 0, 0, 0, 0, 0, 0, 0, 0, 0, 0, 0]",2,128,768.0,18432.0,12457994929,12460718364,12920891285,12920893782,0,704,704,-1,1,2723435,2497,32,128,128,3
16,3,"[8, 768, 0, 0, 0, 0, 0, 0, 0, 0, 0, 0, 0, 0, 0, 4, 0, 0, 0, 0, 0, 0, 0, 0, 0, 0, 0, 0, 0, 0]",2,128,768.0,12292.0,12460794637,12460802921,12920894486,12920896885,0,608,608,-1,1,8284,2399,32,128,128,3
12,3,"[8, 768, 0, 0, 0, 0, 0, 0, 0, 0, 0, 0, 0, 0, 0, 8, 768, 0, 0, 0, 0, 0, 0, 0, 0, 0, 0, 0, 0, 0]",2,128,768.0,18432.0,12460876737,12460884226,12920897493,12920899957,0,673,673,-1,1,7489,2464,32,128,128,3
12,3,"[8, 768, 0, 0, 0, 0, 0, 0, 0, 0, 0, 0, 0, 0, 0, 8, 768, 0, 0, 0, 0, 0, 0, 0, 0, 0, 0, 0, 0, 0]",2,128,768.0,18432.0,12460956752,12461038818,12920900630,12920903125,0,704,704,-1,1,82066,2495,32,128,128,3
16,3,"[8, 128, 768, 1, 1, 0, 0, 0, 0, 0, 0, 0, 0, 0, 0, 4, 0, 0, 0, 0, 0, 0, 0, 0, 0, 0, 0, 0, 0, 0]",192,128,98304.0,1572868.0,12461115434,12461123327,12920903829,12920910837,0,672,672,-1,1,7893,7008,32,128,128,3
12,3,"[8, 128, 768, 1, 1, 0, 0, 0, 0, 0, 0, 0, 0, 0, 0, 8, 128, 768, 1, 1, 0, 0, 0, 0, 0, 0, 0, 0, 0, 0]",192,128,98304.0,2359296.0,12461197378,12461205197,12920911509,12920917653,0,576,576,-1,1,7819,6144,32,128,128,3
12,3,"[8, 128, 768, 1, 1, 0, 0, 0, 0, 0, 0, 0, 0, 0, 0, 8, 128, 768, 1, 1, 0, 0, 0, 0, 0, 0, 0, 0, 0, 0]",192,128,98304.0,2359296.0,12461277437,12461285090,12920918229,12920924853,0,672,672,-1,1,7653,6624,32,128,128,3
16,3,"[8, 128, 0, 0, 0, 0, 0, 0, 0, 0, 0, 0, 0, 0, 0, 4, 0, 0, 0, 0, 0, 0, 0, 0, 0, 0, 0, 0, 0, 0]",1,128,128.0,2052.0,12461359849,12469902005,12920925525,12920927765,0,640,640,-1,1,8542156,2240,32,128,128,3
12,3,"[8, 128, 0, 0, 0, 0, 0, 0, 0, 0, 0, 0, 0, 0, 0, 8, 128, 0, 0, 0, 0, 0, 0, 0, 0, 0, 0, 0, 0, 0]",1,128,128.0,3072.0,12469979608,12469987766,12920928405,12920930869,0,608,608,-1,1,8158,2464,32,128,128,3
12,3,"[8, 128, 0, 0, 0, 0, 0, 0, 0, 0, 0, 0, 0, 0, 0, 8, 128, 0, 0, 0, 0, 0, 0, 0, 0, 0, 0, 0, 0, 0]",1,128,128.0,3072.0,12470061289,12473825013,12920931477,12920933941,0,736,736,-1,1,3763724,2464,32,128,128,3
16,3,"[8, 128, 0, 0, 0, 0, 0, 0, 0, 0, 0, 0, 0, 0, 0, 4, 0, 0, 0, 0, 0, 0, 0, 0, 0, 0, 0, 0, 0, 0]",1,128,128.0,2052.0,12473914763,12473923463,12920934677,12920936917,0,576,576,-1,1,8700,2240,32,128,128,3
12,3,"[8, 128, 0, 0, 0, 0, 0, 0, 0, 0, 0, 0, 0, 0, 0, 8, 128, 0, 0, 0, 0, 0, 0, 0, 0, 0, 0, 0, 0, 0]",1,128,128.0,3072.0,12473997493,12474225930,12920937493,12920939893,0,672,672,-1,1,228437,2400,32,128,128,3
12,3,"[8, 128, 0, 0, 0, 0, 0, 0, 0, 0, 0, 0, 0, 0, 0, 8, 128, 0, 0, 0, 0, 0, 0, 0, 0, 0, 0, 0, 0, 0]",1,128,128.0,3072.0,12474300634,12474801582,12920940565,12920943029,0,544,544,-1,1,500948,2464,32,128,128,3
16,3,"[8, 32, 128, 3, 3, 0, 0, 0, 0, 0, 0, 0, 0, 0, 0, 4, 0, 0, 0, 0, 0, 0, 0, 0, 0, 0, 0, 0, 0, 0]",72,128,36864.0,589828.0,12474876063,12474884086,12920943573,12920947669,0,640,640,-1,1,8023,4096,32,128,128,3
12,3,"[8, 32, 128, 3, 3, 0, 0, 0, 0, 0, 0, 0, 0, 0, 0, 8, 32, 128, 3, 3, 0, 0, 0, 0, 0, 0, 0, 0, 0, 0]",72,128,36864.0,884736.0,12474959258,12474966874,12920948309,12920952277,0,704,704,-1,1,7616,3968,32,128,128,3
12,3,"[8, 32, 128, 3, 3, 0, 0, 0, 0, 0, 0, 0, 0, 0, 0, 8, 32, 128, 3, 3, 0, 0, 0, 0, 0, 0, 0, 0, 0, 0]",72,128,36864.0,884736.0,12475041048,12475048247,12920952981,12920956949,0,640,640,-1,1,7199,3968,32,128,128,3
16,3,"[8, 800, 0, 0, 0, 0, 0, 0, 0, 0, 0, 0, 0, 0, 0, 4, 0, 0, 0, 0, 0, 0, 0, 0, 0, 0, 0, 0, 0, 0]",2,128,800.0,12804.0,12475249457,12475259133,12920957589,12920960021,0,704,704,-1,1,9676,2432,32,128,128,3
12,3,"[8, 800, 0, 0, 0, 0, 0, 0, 0, 0, 0, 0, 0, 0, 0, 8, 800, 0, 0, 0, 0, 0, 0, 0, 0, 0, 0, 0, 0, 0]",2,128,800.0,19200.0,12475342271,12475350513,12920960725,12920963317,0,672,672,-1,1,8242,2592,32,128,128,3
12,3,"[8, 800, 0, 0, 0, 0, 0, 0, 0, 0, 0, 0, 0, 0, 0, 8, 800, 0, 0, 0, 0, 0, 0, 0, 0, 0, 0, 0, 0, 0]",2,128,800.0,19200.0,12475427042,12475434649,12920963989,12920966517,0,671,671,-1,1,7607,2528,32,128,128,3
16,3,"[8, 800, 0, 0, 0, 0, 0, 0, 0, 0, 0, 0, 0, 0, 0, 4, 0, 0, 0, 0, 0, 0, 0, 0, 0, 0, 0, 0, 0, 0]",2,128,800.0,12804.0,12475507311,12475514919,12920967188,12920969557,0,640,640,-1,1,7608,2369,32,128,128,3
12,3,"[8, 800, 0, 0, 0, 0, 0, 0, 0, 0, 0, 0, 0, 0, 0, 8, 800, 0, 0, 0, 0, 0, 0, 0, 0, 0, 0, 0, 0, 0]",2,128,800.0,19200.0,12475587158,12475594610,12920970197,12920972725,0,672,672,-1,1,7452,2528,32,128,128,3
12,3,"[8, 800, 0, 0, 0, 0, 0, 0, 0, 0, 0, 0, 0, 0, 0, 8, 800, 0, 0, 0, 0, 0, 0, 0, 0, 0, 0, 0, 0, 0]",2,128,800.0,19200.0,12475666543,12475673534,12920973397,12920975892,0,641,641,-1,1,6991,2495,32,128,128,3
16,3,"[8, 128, 800, 1, 1, 0, 0, 0, 0, 0, 0, 0, 0, 0, 0, 4, 0, 0, 0, 0, 0, 0, 0, 0, 0, 0, 0, 0, 0, 0]",200,128,102400.0,1638404.0,12475745481,12475752841,12920976533,12920984148,0,641,641,-1,1,7360,7615,32,128,128,3
12,3,"[8, 128, 800, 1, 1, 0, 0, 0, 0, 0, 0, 0, 0, 0, 0, 8, 128, 800, 1, 1, 0, 0, 0, 0, 0, 0, 0, 0, 0, 0]",200,128,102400.0,2457600.0,12475825669,12475832808,12920984789,12920990708,0,608,608,-1,1,7139,5919,32,128,128,3
12,3,"[8, 128, 800, 1, 1, 0, 0, 0, 0, 0, 0, 0, 0, 0, 0, 8, 128, 800, 1, 1, 0, 0, 0, 0, 0, 0, 0, 0, 0, 0]",200,128,102400.0,2457600.0,12475905288,12475912367,12920991316,12920998324,0,608,608,-1,1,7079,7008,32,128,128,3
16,3,"[8, 128, 0, 0, 0, 0, 0, 0, 0, 0, 0, 0, 0, 0, 0, 4, 0, 0, 0, 0, 0, 0, 0, 0, 0, 0, 0, 0, 0, 0]",1,128,128.0,2052.0,12475992679,12476000397,12920998932,12921001205,0,607,607,-1,1,7718,2273,32,128,128,3
12,3,"[8, 128, 0, 0, 0, 0, 0, 0, 0, 0, 0, 0, 0, 0, 0, 8, 128, 0, 0, 0, 0, 0, 0, 0, 0, 0, 0, 0, 0, 0]",1,128,128.0,3072.0,12476076702,12478026605,12921001812,12921004244,0,576,576,-1,1,1949903,2432,32,128,128,3
12,3,"[8, 128, 0, 0, 0, 0, 0, 0, 0, 0, 0, 0, 0, 0, 0, 8, 128, 0, 0, 0, 0, 0, 0, 0, 0, 0, 0, 0, 0, 0]",1,128,128.0,3072.0,12478100410,12478107987,12921004820,12921007252,0,768,768,-1,1,7577,2432,32,128,128,3
16,3,"[8, 128, 0, 0, 0, 0, 0, 0, 0, 0, 0, 0, 0, 0, 0, 4, 0, 0, 0, 0, 0, 0, 0, 0, 0, 0, 0, 0, 0, 0]",1,128,128.0,2052.0,12478180279,12480886155,12921008020,12921010228,0,672,672,-1,1,2705876,2208,32,128,128,3
12,3,"[8, 128, 0, 0, 0, 0, 0, 0, 0, 0, 0, 0, 0, 0, 0, 8, 128, 0, 0, 0, 0, 0, 0, 0, 0, 0, 0, 0, 0, 0]",1,128,128.0,3072.0,12480965021,12480973143,12921010900,12921013364,0,672,672,-1,1,8122,2464,32,128,128,3
12,3,"[8, 128, 0, 0, 0, 0, 0, 0, 0, 0, 0, 0, 0, 0, 0, 8, 128, 0, 0, 0, 0, 0, 0, 0, 0, 0, 0, 0, 0, 0]",1,128,128.0,3072.0,12481045137,12481052347,12921014036,12921016500,0,736,736,-1,1,7210,2464,32,128,128,3
16,3,"[8, 32, 128, 3, 3, 0, 0, 0, 0, 0, 0, 0, 0, 0, 0, 4, 0, 0, 0, 0, 0, 0, 0, 0, 0, 0, 0, 0, 0, 0]",72,128,36864.0,589828.0,12481125057,12481210514,12921017236,12921021268,0,640,640,-1,1,85457,4032,32,128,128,3
12,3,"[8, 32, 128, 3, 3, 0, 0, 0, 0, 0, 0, 0, 0, 0, 0, 8, 32, 128, 3, 3, 0, 0, 0, 0, 0, 0, 0, 0, 0, 0]",72,128,36864.0,884736.0,12481285884,12481293361,12921021908,12921025876,0,576,576,-1,1,7477,3968,32,128,128,3
12,3,"[8, 32, 128, 3, 3, 0, 0, 0, 0, 0, 0, 0, 0, 0, 0, 8, 32, 128, 3, 3, 0, 0, 0, 0, 0, 0, 0, 0, 0, 0]",72,128,36864.0,884736.0,12481367952,12481375165,12921026452,12921030644,0,736,736,-1,1,7213,4192,32,128,128,3
16,3,"[8, 832, 0, 0, 0, 0, 0, 0, 0, 0, 0, 0, 0, 0, 0, 4, 0, 0, 0, 0, 0, 0, 0, 0, 0, 0, 0, 0, 0, 0]",2,128,832.0,13316.0,12481448135,12481455816,12921031380,12921033844,0,608,608,-1,1,7681,2464,32,128,128,3
12,3,"[8, 832, 0, 0, 0, 0, 0, 0, 0, 0, 0, 0, 0, 0, 0, 8, 832, 0, 0, 0, 0, 0, 0, 0, 0, 0, 0, 0, 0, 0]",2,128,832.0,19968.0,12481528413,12488548801,12921034452,12921037076,0,576,576,-1,1,7020388,2624,32,128,128,3
12,3,"[8, 832, 0, 0, 0, 0, 0, 0, 0, 0, 0, 0, 0, 0, 0, 8, 832, 0, 0, 0, 0, 0, 0, 0, 0, 0, 0, 0, 0, 0]",2,128,832.0,19968.0,12488625721,12488633665,12921037652,12921040244,0,608,608,-1,1,7944,2592,32,128,128,3
16,3,"[8, 832, 0, 0, 0, 0, 0, 0, 0, 0, 0, 0, 0, 0, 0, 4, 0, 0, 0, 0, 0, 0, 0, 0, 0, 0, 0, 0, 0, 0]",2,128,832.0,13316.0,12488706905,12492092868,12921040852,12921043316,0,672,672,-1,1,3385963,2464,32,128,128,3
12,3,"[8, 832, 0, 0, 0, 0, 0, 0, 0, 0, 0, 0, 0, 0, 0, 8, 832, 0, 0, 0, 0, 0, 0, 0, 0, 0, 0, 0, 0, 0]",2,128,832.0,19968.0,12492170332,12492178234,12921043988,12921046548,0,640,640,-1,1,7902,2560,32,128,128,3
12,3,"[8, 832, 0, 0, 0, 0, 0, 0, 0, 0, 0, 0, 0, 0, 0, 8, 832, 0, 0, 0, 0, 0, 0, 0, 0, 0, 0, 0, 0, 0]",2,128,832.0,19968.0,12492251949,12492460646,12921047188,12921049716,0,608,608,-1,1,208697,2528,32,128,128,3
16,3,"[8, 128, 832, 1, 1, 0, 0, 0, 0, 0, 0, 0, 0, 0, 0, 4, 0, 0, 0, 0, 0, 0, 0, 0, 0, 0, 0, 0, 0, 0]",208,128,106496.0,1703940.0,12492538992,12492988136,12921050324,12921057876,0,576,576,-1,1,449144,7552,32,128,128,3
12,3,"[8, 128, 832, 1, 1, 0, 0, 0, 0, 0, 0, 0, 0, 0, 0, 8, 128, 832, 1, 1, 0, 0, 0, 0, 0, 0, 0, 0, 0, 0]",208,128,106496.0,2555904.0,12493063272,12493070655,12921058452,12921064660,0,575,575,-1,1,7383,6208,32,128,128,3
12,3,"[8, 128, 832, 1, 1, 0, 0, 0, 0, 0, 0, 0, 0, 0, 0, 8, 128, 832, 1, 1, 0, 0, 0, 0, 0, 0, 0, 0, 0, 0]",208,128,106496.0,2555904.0,12493143819,12493151011,12921065235,12921072340,0,640,640,-1,1,7192,7105,32,128,128,3
16,3,"[8, 128, 0, 0, 0, 0, 0, 0, 0, 0, 0, 0, 0, 0, 0, 4, 0, 0, 0, 0, 0, 0, 0, 0, 0, 0, 0, 0, 0, 0]",1,128,128.0,2052.0,12493224337,12493232269,12921072980,12921075252,0,672,672,-1,1,7932,2272,32,128,128,3
12,3,"[8, 128, 0, 0, 0, 0, 0, 0, 0, 0, 0, 0, 0, 0, 0, 8, 128, 0, 0, 0, 0, 0, 0, 0, 0, 0, 0, 0, 0, 0]",1,128,128.0,3072.0,12493304090,12493311698,12921075924,12921078356,0,576,576,-1,1,7608,2432,32,128,128,3
12,3,"[8, 128, 0, 0, 0, 0, 0, 0, 0, 0, 0, 0, 0, 0, 0, 8, 128, 0, 0, 0, 0, 0, 0, 0, 0, 0, 0, 0, 0, 0]",1,128,128.0,3072.0,12493383804,12493390880,12921078932,12921081363,0,832,832,-1,1,7076,2431,32,128,128,3
16,3,"[8, 128, 0, 0, 0, 0, 0, 0, 0, 0, 0, 0, 0, 0, 0, 4, 0, 0, 0, 0, 0, 0, 0, 0, 0, 0, 0, 0, 0, 0]",1,128,128.0,2052.0,12493461864,12493468931,12921082195,12921084435,0,576,576,-1,1,7067,2240,32,128,128,3
12,3,"[8, 128, 0, 0, 0, 0, 0, 0, 0, 0, 0, 0, 0, 0, 0, 8, 128, 0, 0, 0, 0, 0, 0, 0, 0, 0, 0, 0, 0, 0]",1,128,128.0,3072.0,12493543463,12493550690,12921085011,12921087444,0,704,704,-1,1,7227,2433,32,128,128,3
12,3,"[8, 128, 0, 0, 0, 0, 0, 0, 0, 0, 0, 0, 0, 0, 0, 8, 128, 0, 0, 0, 0, 0, 0, 0, 0, 0, 0, 0, 0, 0]",1,128,128.0,3072.0,12493621516,12493628379,12921088148,12921090611,0,736,736,-1,1,6863,2463,32,128,128,3
16,3,"[8, 32, 128, 3, 3, 0, 0, 0, 0, 0, 0, 0, 0, 0, 0, 4, 0, 0, 0, 0, 0, 0, 0, 0, 0, 0, 0, 0, 0, 0]",72,128,36864.0,589828.0,12493701166,12493708573,12921091347,12921095347,0,608,608,-1,1,7407,4000,32,128,128,3
12,3,"[8, 32, 128, 3, 3, 0, 0, 0, 0, 0, 0, 0, 0, 0, 0, 8, 32, 128, 3, 3, 0, 0, 0, 0, 0, 0, 0, 0, 0, 0]",72,128,36864.0,884736.0,12493781227,12493790115,12921095955,12921100019,0,608,608,-1,1,8888,4064,32,128,128,3
12,3,"[8, 32, 128, 3, 3, 0, 0, 0, 0, 0, 0, 0, 0, 0, 0, 8, 32, 128, 3, 3, 0, 0, 0, 0, 0, 0, 0, 0, 0, 0]",72,128,36864.0,884736.0,12493865094,12493872346,12921100627,12921104659,0,576,576,-1,1,7252,4032,32,128,128,3
16,3,"[8, 864, 0, 0, 0, 0, 0, 0, 0, 0, 0, 0, 0, 0, 0, 4, 0, 0, 0, 0, 0, 0, 0, 0, 0, 0, 0, 0, 0, 0]",2,128,864.0,13828.0,12493944944,12493952349,12921105235,12921107667,0,768,768,-1,1,7405,2432,32,128,128,3
12,3,"[8, 864, 0, 0, 0, 0, 0, 0, 0, 0, 0, 0, 0, 0, 0, 8, 864, 0, 0, 0, 0, 0, 0, 0, 0, 0, 0, 0, 0, 0]",2,128,864.0,20736.0,12494024430,12496150215,12921108435,12921111027,0,608,608,-1,1,2125785,2592,32,128,128,3
12,3,"[8, 864, 0, 0, 0, 0, 0, 0, 0, 0, 0, 0, 0, 0, 0, 8, 864, 0, 0, 0, 0, 0, 0, 0, 0, 0, 0, 0, 0, 0]",2,128,864.0,20736.0,12496228105,12496236153,12921111635,12921114227,0,608,608,-1,1,8048,2592,32,128,128,3
16,3,"[8, 864, 0, 0, 0, 0, 0, 0, 0, 0, 0, 0, 0, 0, 0, 4, 0, 0, 0, 0, 0, 0, 0, 0, 0, 0, 0, 0, 0, 0]",2,128,864.0,13828.0,12496309333,12498975009,12921114835,12921117299,0,608,608,-1,1,2665676,2464,32,128,128,3
12,3,"[8, 864, 0, 0, 0, 0, 0, 0, 0, 0, 0, 0, 0, 0, 0, 8, 864, 0, 0, 0, 0, 0, 0, 0, 0, 0, 0, 0, 0, 0]",2,128,864.0,20736.0,12499058415,12499066543,12921117907,12921120467,0,576,576,-1,1,8128,2560,32,128,128,3
12,3,"[8, 864, 0, 0, 0, 0, 0, 0, 0, 0, 0, 0, 0, 0, 0, 8, 864, 0, 0, 0, 0, 0, 0, 0, 0, 0, 0, 0, 0, 0]",2,128,864.0,20736.0,12499267249,12499277077,12921121043,12921123635,0,608,608,-1,1,9828,2592,32,128,128,3
16,3,"[8, 128, 864, 1, 1, 0, 0, 0, 0, 0, 0, 0, 0, 0, 0, 4, 0, 0, 0, 0, 0, 0, 0, 0, 0, 0, 0, 0, 0, 0]",216,128,110592.0,1769476.0,12499361837,12499370887,12921124243,12921132275,0,672,672,-1,1,9050,8032,32,128,128,3
12,3,"[8, 128, 864, 1, 1, 0, 0, 0, 0, 0, 0, 0, 0, 0, 0, 8, 128, 864, 1, 1, 0, 0, 0, 0, 0, 0, 0, 0, 0, 0]",216,128,110592.0,2654208.0,12499446407,12499454108,12921132947,12921139187,0,736,736,-1,1,7701,6240,32,128,128,3
12,3,"[8, 128, 864, 1, 1, 0, 0, 0, 0, 0, 0, 0, 0, 0, 0, 8, 128, 864, 1, 1, 0, 0, 0, 0, 0, 0, 0, 0, 0, 0]",216,128,110592.0,2654208.0,12499529588,12499536709,12921139923,12921147219,0,704,704,-1,1,7121,7296,32,128,128,3
16,3,"[8, 128, 0, 0, 0, 0, 0, 0, 0, 0, 0, 0, 0, 0, 0, 4, 0, 0, 0, 0, 0, 0, 0, 0, 0, 0, 0, 0, 0, 0]",1,128,128.0,2052.0,12499609111,12499619673,12921147923,12921150163,0,640,640,-1,1,10562,2240,32,128,128,3
12,3,"[8, 128, 0, 0, 0, 0, 0, 0, 0, 0, 0, 0, 0, 0, 0, 8, 128, 0, 0, 0, 0, 0, 0, 0, 0, 0, 0, 0, 0, 0]",1,128,128.0,3072.0,12499692976,12506625971,12921150803,12921153267,0,736,736,-1,1,6932995,2464,32,128,128,3
12,3,"[8, 128, 0, 0, 0, 0, 0, 0, 0, 0, 0, 0, 0, 0, 0, 8, 128, 0, 0, 0, 0, 0, 0, 0, 0, 0, 0, 0, 0, 0]",1,128,128.0,3072.0,12506704930,12506712946,12921154003,12921156435,0,640,640,-1,1,8016,2432,32,128,128,3
16,3,"[8, 128, 0, 0, 0, 0, 0, 0, 0, 0, 0, 0, 0, 0, 0, 4, 0, 0, 0, 0, 0, 0, 0, 0, 0, 0, 0, 0, 0, 0]",1,128,128.0,2052.0,12506786883,12509827398,12921157075,12921159315,0,576,576,-1,1,3040515,2240,32,128,128,3
12,3,"[8, 128, 0, 0, 0, 0, 0, 0, 0, 0, 0, 0, 0, 0, 0, 8, 128, 0, 0, 0, 0, 0, 0, 0, 0, 0, 0, 0, 0, 0]",1,128,128.0,3072.0,12509904526,12509912650,12921159891,12921162323,0,576,576,-1,1,8124,2432,32,128,128,3
12,3,"[8, 128, 0, 0, 0, 0, 0, 0, 0, 0, 0, 0, 0, 0, 0, 8, 128, 0, 0, 0, 0, 0, 0, 0, 0, 0, 0, 0, 0, 0]",1,128,128.0,3072.0,12509986077,12510162828,12921162899,12921165363,0,735,735,-1,1,176751,2464,32,128,128,3
16,3,"[8, 32, 128, 3, 3, 0, 0, 0, 0, 0, 0, 0, 0, 0, 0, 4, 0, 0, 0, 0, 0, 0, 0, 0, 0, 0, 0, 0, 0, 0]",72,128,36864.0,589828.0,12510238031,12510645176,12921166098,12921170290,0,673,673,-1,1,407145,4192,32,128,128,3
12,3,"[8, 32, 128, 3, 3, 0, 0, 0, 0, 0, 0, 0, 0, 0, 0, 8, 32, 128, 3, 3, 0, 0, 0, 0, 0, 0, 0, 0, 0, 0]",72,128,36864.0,884736.0,12510722174,12510730725,12921170963,12921175058,0,576,576,-1,1,8551,4095,32,128,128,3
12,3,"[8, 32, 128, 3, 3, 0, 0, 0, 0, 0, 0, 0, 0, 0, 0, 8, 32, 128, 3, 3, 0, 0, 0, 0, 0, 0, 0, 0, 0, 0]",72,128,36864.0,884736.0,12510805448,12510812953,12921175634,12921179570,0,609,609,-1,1,7505,3936,32,128,128,3
16,3,"[8, 896, 0, 0, 0, 0, 0, 0, 0, 0, 0, 0, 0, 0, 0, 4, 0, 0, 0, 0, 0, 0, 0, 0, 0, 0, 0, 0, 0, 0]",2,128,896.0,14340.0,12510885729,12510893697,12921180179,12921182579,0,607,607,-1,1,7968,2400,32,128,128,3
12,3,"[8, 896, 0, 0, 0, 0, 0, 0, 0, 0, 0, 0, 0, 0, 0, 8, 896, 0, 0, 0, 0, 0, 0, 0, 0, 0, 0, 0, 0, 0]",2,128,896.0,21504.0,12510965482,12510972627,12921183186,12921185746,0,704,704,-1,1,7145,2560,32,128,128,3
12,3,"[8, 896, 0, 0, 0, 0, 0, 0, 0, 0, 0, 0, 0, 0, 0, 8, 896, 0, 0, 0, 0, 0, 0, 0, 0, 0, 0, 0, 0, 0]",2,128,896.0,21504.0,12511045184,12511054009,12921186450,12921189202,0,704,704,-1,1,8825,2752,32,128,128,3
16,3,"[8, 896, 0, 0, 0, 0, 0, 0, 0, 0, 0, 0, 0, 0, 0, 4, 0, 0, 0, 0, 0, 0, 0, 0, 0, 0, 0, 0, 0, 0]",2,128,896.0,14340.0,12511127098,12511134383,12921189906,12921192338,0,768,768,-1,1,7285,2432,32,128,128,3
12,3,"[8, 896, 0, 0, 0, 0, 0, 0, 0, 0, 0, 0, 0, 0, 0, 8, 896, 0, 0, 0, 0, 0, 0, 0, 0, 0, 0, 0, 0, 0]",2,128,896.0,21504.0,12511206046,12511213141,12921193106,12921195698,0,736,736,-1,1,7095,2592,32,128,128,3
12,3,"[8, 896, 0, 0, 0, 0, 0, 0, 0, 0, 0, 0, 0, 0, 0, 8, 896, 0, 0, 0, 0, 0, 0, 0, 0, 0, 0, 0, 0, 0]",2,128,896.0,21504.0,12511285576,12511292916,12921196434,12921199154,0,608,608,-1,1,7340,2720,32,128,128,3
16,3,"[8, 128, 896, 1, 1, 0, 0, 0, 0, 0, 0, 0, 0, 0, 0, 4, 0, 0, 0, 0, 0, 0, 0, 0, 0, 0, 0, 0, 0, 0]",224,128,114688.0,1835012.0,12511365739,12511373175,12921199762,12921207858,0,544,544,-1,1,7436,8096,32,128,128,3
12,3,"[8, 128, 896, 1, 1, 0, 0, 0, 0, 0, 0, 0, 0, 0, 0, 8, 128, 896, 1, 1, 0, 0, 0, 0, 0, 0, 0, 0, 0, 0]",224,128,114688.0,2752512.0,12511446915,12511453956,12921208402,12921214738,0,576,576,-1,1,7041,6336,32,128,128,3
12,3,"[8, 128, 896, 1, 1, 0, 0, 0, 0, 0, 0, 0, 0, 0, 0, 8, 128, 896, 1, 1, 0, 0, 0, 0, 0, 0, 0, 0, 0, 0]",224,128,114688.0,2752512.0,12511528517,12511535727,12921215314,12921222866,0,704,704,-1,1,7210,7552,32,128,128,3
16,3,"[8, 128, 0, 0, 0, 0, 0, 0, 0, 0, 0, 0, 0, 0, 0, 4, 0, 0, 0, 0, 0, 0, 0, 0, 0, 0, 0, 0, 0, 0]",1,128,128.0,2052.0,12511608276,12513770749,12921223570,12921225810,0,640,640,-1,1,2162473,2240,32,128,128,3
12,3,"[8, 128, 0, 0, 0, 0, 0, 0, 0, 0, 0, 0, 0, 0, 0, 8, 128, 0, 0, 0, 0, 0, 0, 0, 0, 0, 0, 0, 0, 0]",1,128,128.0,3072.0,12513848054,12513856093,12921226450,12921228946,0,704,704,-1,1,8039,2496,32,128,128,3
12,3,"[8, 128, 0, 0, 0, 0, 0, 0, 0, 0, 0, 0, 0, 0, 0, 8, 128, 0, 0, 0, 0, 0, 0, 0, 0, 0, 0, 0, 0, 0]",1,128,128.0,3072.0,12513929204,12516597802,12921229650,12921232114,0,608,608,-1,1,2668598,2464,32,128,128,3
16,3,"[8, 128, 0, 0, 0, 0, 0, 0, 0, 0, 0, 0, 0, 0, 0, 4, 0, 0, 0, 0, 0, 0, 0, 0, 0, 0, 0, 0, 0, 0]",1,128,128.0,2052.0,12516673036,12516681688,12921232722,12921234962,0,576,576,-1,1,8652,2240,32,128,128,3
12,3,"[8, 128, 0, 0, 0, 0, 0, 0, 0, 0, 0, 0, 0, 0, 0, 8, 128, 0, 0, 0, 0, 0, 0, 0, 0, 0, 0, 0, 0, 0]",1,128,128.0,3072.0,12516753888,12516763489,12921235538,12921237970,0,768,768,-1,1,9601,2432,32,128,128,3
12,3,"[8, 128, 0, 0, 0, 0, 0, 0, 0, 0, 0, 0, 0, 0, 0, 8, 128, 0, 0, 0, 0, 0, 0, 0, 0, 0, 0, 0, 0, 0]",1,128,128.0,3072.0,12516836425,12516914118,12921238738,12921241138,0,736,736,-1,1,77693,2400,32,128,128,3
16,3,"[8, 32, 128, 3, 3, 0, 0, 0, 0, 0, 0, 0, 0, 0, 0, 4, 0, 0, 0, 0, 0, 0, 0, 0, 0, 0, 0, 0, 0, 0]",72,128,36864.0,589828.0,12516989044,12516996908,12921241874,12921245874,0,640,640,-1,1,7864,4000,32,128,128,3
12,3,"[8, 32, 128, 3, 3, 0, 0, 0, 0, 0, 0, 0, 0, 0, 0, 8, 32, 128, 3, 3, 0, 0, 0, 0, 0, 0, 0, 0, 0, 0]",72,128,36864.0,884736.0,12517071854,12517079162,12921246514,12921250482,0,672,672,-1,1,7308,3968,32,128,128,3
12,3,"[8, 32, 128, 3, 3, 0, 0, 0, 0, 0, 0, 0, 0, 0, 0, 8, 32, 128, 3, 3, 0, 0, 0, 0, 0, 0, 0, 0, 0, 0]",72,128,36864.0,884736.0,12517153015,12517160328,12921251154,12921255153,0,609,609,-1,1,7313,3999,32,128,128,3
16,3,"[8, 928, 0, 0, 0, 0, 0, 0, 0, 0, 0, 0, 0, 0, 0, 4, 0, 0, 0, 0, 0, 0, 0, 0, 0, 0, 0, 0, 0, 0]",2,128,928.0,14852.0,12517232834,12523284742,12921255762,12921258258,0,704,704,-1,1,6051908,2496,32,128,128,3
12,3,"[8, 928, 0, 0, 0, 0, 0, 0, 0, 0, 0, 0, 0, 0, 0, 8, 928, 0, 0, 0, 0, 0, 0, 0, 0, 0, 0, 0, 0, 0]",2,128,928.0,22272.0,12523373543,12523381919,12921258962,12921261554,0,607,607,-1,1,8376,2592,32,128,128,3
12,3,"[8, 928, 0, 0, 0, 0, 0, 0, 0, 0, 0, 0, 0, 0, 0, 8, 928, 0, 0, 0, 0, 0, 0, 0, 0, 0, 0, 0, 0, 0]",2,128,928.0,22272.0,12523457907,12526141163,12921262161,12921264754,0,544,544,-1,1,2683256,2593,32,128,128,3
16,3,"[8, 928, 0, 0, 0, 0, 0, 0, 0, 0, 0, 0, 0, 0, 0, 4, 0, 0, 0, 0, 0, 0, 0, 0, 0, 0, 0, 0, 0, 0]",2,128,928.0,14852.0,12526218056,12526226421,12921265298,12921267826,0,671,671,-1,1,8365,2528,32,128,128,3
12,3,"[8, 928, 0, 0, 0, 0, 0, 0, 0, 0, 0, 0, 0, 0, 0, 8, 928, 0, 0, 0, 0, 0, 0, 0, 0, 0, 0, 0, 0, 0]",2,128,928.0,22272.0,12526299898,12526447641,12921268497,12921271090,0,607,607,-1,1,147743,2593,32,128,128,3
12,3,"[8, 928, 0, 0, 0, 0, 0, 0, 0, 0, 0, 0, 0, 0, 0, 8, 928, 0, 0, 0, 0, 0, 0, 0, 0, 0, 0, 0, 0, 0]",2,128,928.0,22272.0,12526523754,12526885281,12921271697,12921274322,0,704,704,-1,1,361527,2625,32,128,128,3
16,3,"[8, 128, 928, 1, 1, 0, 0, 0, 0, 0, 0, 0, 0, 0, 0, 4, 0, 0, 0, 0, 0, 0, 0, 0, 0, 0, 0, 0, 0, 0]",232,128,118784.0,1900548.0,12526960912,12526970447,12921275026,12921283569,0,672,672,-1,1,9535,8543,32,128,128,3
12,3,"[8, 128, 928, 1, 1, 0, 0, 0, 0, 0, 0, 0, 0, 0, 0, 8, 128, 928, 1, 1, 0, 0, 0, 0, 0, 0, 0, 0, 0, 0]",232,128,118784.0,2850816.0,12527046521,12527053888,12921284241,12921290673,0,608,608,-1,1,7367,6432,32,128,128,3
12,3,"[8, 128, 928, 1, 1, 0, 0, 0, 0, 0, 0, 0, 0, 0, 0, 8, 128, 928, 1, 1, 0, 0, 0, 0, 0, 0, 0, 0, 0, 0]",232,128,118784.0,2850816.0,12527129060,12527136381,12921291281,12921299441,0,608,608,-1,1,7321,8160,32,128,128,3
16,3,"[8, 128, 0, 0, 0, 0, 0, 0, 0, 0, 0, 0, 0, 0, 0, 4, 0, 0, 0, 0, 0, 0, 0, 0, 0, 0, 0, 0, 0, 0]",1,128,128.0,2052.0,12527209691,12527217166,12921300049,12921302257,0,608,608,-1,1,7475,2208,32,128,128,3
12,3,"[8, 128, 0, 0, 0, 0, 0, 0, 0, 0, 0, 0, 0, 0, 0, 8, 128, 0, 0, 0, 0, 0, 0, 0, 0, 0, 0, 0, 0, 0]",1,128,128.0,3072.0,12527417456,12527426689,12921302865,12921305329,0,736,736,-1,1,9233,2464,32,128,128,3
12,3,"[8, 128, 0, 0, 0, 0, 0, 0, 0, 0, 0, 0, 0, 0, 0, 8, 128, 0, 0, 0, 0, 0, 0, 0, 0, 0, 0, 0, 0, 0]",1,128,128.0,3072.0,12527510211,12527518167,12921306065,12921308497,0,576,576,-1,1,7956,2432,32,128,128,3
16,3,"[8, 128, 0, 0, 0, 0, 0, 0, 0, 0, 0, 0, 0, 0, 0, 4, 0, 0, 0, 0, 0, 0, 0, 0, 0, 0, 0, 0, 0, 0]",1,128,128.0,2052.0,12527593976,12527601769,12921309073,12921311345,0,608,608,-1,1,7793,2272,32,128,128,3
12,3,"[8, 128, 0, 0, 0, 0, 0, 0, 0, 0, 0, 0, 0, 0, 0, 8, 128, 0, 0, 0, 0, 0, 0, 0, 0, 0, 0, 0, 0, 0]",1,128,128.0,3072.0,12527674786,12527682174,12921311953,12921314353,0,736,736,-1,1,7388,2400,32,128,128,3
12,3,"[8, 128, 0, 0, 0, 0, 0, 0, 0, 0, 0, 0, 0, 0, 0, 8, 128, 0, 0, 0, 0, 0, 0, 0, 0, 0, 0, 0, 0, 0]",1,128,128.0,3072.0,12527754674,12527761908,12921315089,12921317521,0,640,640,-1,1,7234,2432,32,128,128,3
16,3,"[8, 32, 128, 3, 3, 0, 0, 0, 0, 0, 0, 0, 0, 0, 0, 4, 0, 0, 0, 0, 0, 0, 0, 0, 0, 0, 0, 0, 0, 0]",72,128,36864.0,589828.0,12527835245,12527842543,12921318161,12921322545,0,608,608,-1,1,7298,4384,32,128,128,3
12,3,"[8, 32, 128, 3, 3, 0, 0, 0, 0, 0, 0, 0, 0, 0, 0, 8, 32, 128, 3, 3, 0, 0, 0, 0, 0, 0, 0, 0, 0, 0]",72,128,36864.0,884736.0,12527914710,12530012859,12921323153,12921327217,0,704,704,-1,1,2098149,4064,32,128,128,3
12,3,"[8, 32, 128, 3, 3, 0, 0, 0, 0, 0, 0, 0, 0, 0, 0, 8, 32, 128, 3, 3, 0, 0, 0, 0, 0, 0, 0, 0, 0, 0]",72,128,36864.0,884736.0,12530093470,12530101560,12921327921,12921331889,0,800,800,-1,1,8090,3968,32,128,128,3
16,3,"[8, 960, 0, 0, 0, 0, 0, 0, 0, 0, 0, 0, 0, 0, 0, 4, 0, 0, 0, 0, 0, 0, 0, 0, 0, 0, 0, 0, 0, 0]",2,128,960.0,15364.0,12530175790,12532894950,12921332689,12921335089,0,608,608,-1,1,2719160,2400,32,128,128,3
12,3,"[8, 960, 0, 0, 0, 0, 0, 0, 0, 0, 0, 0, 0, 0, 0, 8, 960, 0, 0, 0, 0, 0, 0, 0, 0, 0, 0, 0, 0, 0]",2,128,960.0,23040.0,12532972677,12532980318,12921335697,12921338385,0,640,640,-1,1,7641,2688,32,128,128,3
12,3,"[8, 960, 0, 0, 0, 0, 0, 0, 0, 0, 0, 0, 0, 0, 0, 8, 960, 0, 0, 0, 0, 0, 0, 0, 0, 0, 0, 0, 0, 0]",2,128,960.0,23040.0,12533054376,12533061552,12921339025,12921341681,0,736,736,-1,1,7176,2656,32,128,128,3
16,3,"[8, 960, 0, 0, 0, 0, 0, 0, 0, 0, 0, 0, 0, 0, 0, 4, 0, 0, 0, 0, 0, 0, 0, 0, 0, 0, 0, 0, 0, 0]",2,128,960.0,15364.0,12533134159,12533214378,12921342417,12921344817,0,544,544,-1,1,80219,2400,32,128,128,3
12,3,"[8, 960, 0, 0, 0, 0, 0, 0, 0, 0, 0, 0, 0, 0, 0, 8, 960, 0, 0, 0, 0, 0, 0, 0, 0, 0, 0, 0, 0, 0]",2,128,960.0,23040.0,12533287180,12533294711,12921345361,12921348049,0,704,704,-1,1,7531,2688,32,128,128,3
12,3,"[8, 960, 0, 0, 0, 0, 0, 0, 0, 0, 0, 0, 0, 0, 0, 8, 960, 0, 0, 0, 0, 0, 0, 0, 0, 0, 0, 0, 0, 0]",2,128,960.0,23040.0,12533369716,12533376947,12921348753,12921351441,0,639,639,-1,1,7231,2688,32,128,128,3
16,3,"[8, 128, 960, 1, 1, 0, 0, 0, 0, 0, 0, 0, 0, 0, 0, 4, 0, 0, 0, 0, 0, 0, 0, 0, 0, 0, 0, 0, 0, 0]",240,128,122880.0,1966084.0,12533450488,12533458079,12921352080,12921360881,0,607,607,-1,1,7591,8801,32,128,128,3
12,3,"[8, 128, 960, 1, 1, 0, 0, 0, 0, 0, 0, 0, 0, 0, 0, 8, 128, 960, 1, 1, 0, 0, 0, 0, 0, 0, 0, 0, 0, 0]",240,128,122880.0,2949120.0,12533530839,12539514011,12921361488,12921368048,0,736,736,-1,1,5983172,6560,32,128,128,3
12,3,"[8, 128, 960, 1, 1, 0, 0, 0, 0, 0, 0, 0, 0, 0, 0, 8, 128, 960, 1, 1, 0, 0, 0, 0, 0, 0, 0, 0, 0, 0]",240,128,122880.0,2949120.0,12539601919,12539609974,12921368784,12921377296,0,704,704,-1,1,8055,8512,32,128,128,3
16,3,"[8, 128, 0, 0, 0, 0, 0, 0, 0, 0, 0, 0, 0, 0, 0, 4, 0, 0, 0, 0, 0, 0, 0, 0, 0, 0, 0, 0, 0, 0]",1,128,128.0,2052.0,12539685313,12542395832,12921378000,12921380304,0,768,768,-1,1,2710519,2304,32,128,128,3
12,3,"[8, 128, 0, 0, 0, 0, 0, 0, 0, 0, 0, 0, 0, 0, 0, 8, 128, 0, 0, 0, 0, 0, 0, 0, 0, 0, 0, 0, 0, 0]",1,128,128.0,3072.0,12542473312,12542481401,12921381072,12921383569,0,703,703,-1,1,8089,2497,32,128,128,3
12,3,"[8, 128, 0, 0, 0, 0, 0, 0, 0, 0, 0, 0, 0, 0, 0, 8, 128, 0, 0, 0, 0, 0, 0, 0, 0, 0, 0, 0, 0, 0]",1,128,128.0,3072.0,12542554460,12542671413,12921384272,12921386704,0,640,640,-1,1,116953,2432,32,128,128,3
16,3,"[8, 128, 0, 0, 0, 0, 0, 0, 0, 0, 0, 0, 0, 0, 0, 4, 0, 0, 0, 0, 0, 0, 0, 0, 0, 0, 0, 0, 0, 0]",1,128,128.0,2052.0,12542745056,12543078637,12921387344,12921389616,0,736,736,-1,1,333581,2272,32,128,128,3
12,3,"[8, 128, 0, 0, 0, 0, 0, 0, 0, 0, 0, 0, 0, 0, 0, 8, 128, 0, 0, 0, 0, 0, 0, 0, 0, 0, 0, 0, 0, 0]",1,128,128.0,3072.0,12543152853,12543160768,12921390352,12921392944,0,672,672,-1,1,7915,2592,32,128,128,3
12,3,"[8, 128, 0, 0, 0, 0, 0, 0, 0, 0, 0, 0, 0, 0, 0, 8, 128, 0, 0, 0, 0, 0, 0, 0, 0, 0, 0, 0, 0, 0]",1,128,128.0,3072.0,12543233379,12543240501,12921393616,12921396016,0,544,544,-1,1,7122,2400,32,128,128,3
16,3,"[8, 32, 128, 3, 3, 0, 0, 0, 0, 0, 0, 0, 0, 0, 0, 4, 0, 0, 0, 0, 0, 0, 0, 0, 0, 0, 0, 0, 0, 0]",72,128,36864.0,589828.0,12543314744,12543322641,12921396560,12921400752,0,736,736,-1,1,7897,4192,32,128,128,3
12,3,"[8, 32, 128, 3, 3, 0, 0, 0, 0, 0, 0, 0, 0, 0, 0, 8, 32, 128, 3, 3, 0, 0, 0, 0, 0, 0, 0, 0, 0, 0]",72,128,36864.0,884736.0,12543396971,12543404499,12921401488,12921405456,0,576,576,-1,1,7528,3968,32,128,128,3
12,3,"[8, 32, 128, 3, 3, 0, 0, 0, 0, 0, 0, 0, 0, 0, 0, 8, 32, 128, 3, 3, 0, 0, 0, 0, 0, 0, 0, 0, 0, 0]",72,128,36864.0,884736.0,12543477709,12543484535,12921406032,12921410032,0,608,608,-1,1,6826,4000,32,128,128,3
16,3,"[8, 992, 0, 0, 0, 0, 0, 0, 0, 0, 0, 0, 0, 0, 0, 4, 0, 0, 0, 0, 0, 0, 0, 0, 0, 0, 0, 0, 0, 0]",2,128,992.0,15876.0,12543555694,12543562813,12921410640,12921413072,0,704,704,-1,1,7119,2432,32,128,128,3
12,3,"[8, 992, 0, 0, 0, 0, 0, 0, 0, 0, 0, 0, 0, 0, 0, 8, 992, 0, 0, 0, 0, 0, 0, 0, 0, 0, 0, 0, 0, 0]",2,128,992.0,23808.0,12543634455,12543641483,12921413776,12921416496,0,672,672,-1,1,7028,2720,32,128,128,3
12,3,"[8, 992, 0, 0, 0, 0, 0, 0, 0, 0, 0, 0, 0, 0, 0, 8, 992, 0, 0, 0, 0, 0, 0, 0, 0, 0, 0, 0, 0, 0]",2,128,992.0,23808.0,12543713074,12543720153,12921417168,12921419888,0,608,608,-1,1,7079,2720,32,128,128,3
16,3,"[8, 992, 0, 0, 0, 0, 0, 0, 0, 0, 0, 0, 0, 0, 0, 4, 0, 0, 0, 0, 0, 0, 0, 0, 0, 0, 0, 0, 0, 0]",2,128,992.0,15876.0,12543794362,12543802063,12921420496,12921422960,0,608,608,-1,1,7701,2464,32,128,128,3
12,3,"[8, 992, 0, 0, 0, 0, 0, 0, 0, 0, 0, 0, 0, 0, 0, 8, 992, 0, 0, 0, 0, 0, 0, 0, 0, 0, 0, 0, 0, 0]",2,128,992.0,23808.0,12543875252,12546213823,12921423568,12921426256,0,640,640,-1,1,2338571,2688,32,128,128,3
12,3,"[8, 992, 0, 0, 0, 0, 0, 0, 0, 0, 0, 0, 0, 0, 0, 8, 992, 0, 0, 0, 0, 0, 0, 0, 0, 0, 0, 0, 0, 0]",2,128,992.0,23808.0,12546290049,12546298080,12921426896,12921429552,0,672,672,-1,1,8031,2656,32,128,128,3
16,3,"[8, 128, 992, 1, 1, 0, 0, 0, 0, 0, 0, 0, 0, 0, 0, 4, 0, 0, 0, 0, 0, 0, 0, 0, 0, 0, 0, 0, 0, 0]",248,128,126976.0,2031620.0,12546373245,12549094156,12921430224,12921439216,0,736,736,-1,1,2720911,8992,32,128,128,3
12,3,"[8, 128, 992, 1, 1, 0, 0, 0, 0, 0, 0, 0, 0, 0, 0, 8, 128, 992, 1, 1, 0, 0, 0, 0, 0, 0, 0, 0, 0, 0]",248,128,126976.0,3047424.0,12549170907,12549178950,12921439952,12921446800,0,704,704,-1,1,8043,6848,32,128,128,3
12,3,"[8, 128, 992, 1, 1, 0, 0, 0, 0, 0, 0, 0, 0, 0, 0, 8, 128, 992, 1, 1, 0, 0, 0, 0, 0, 0, 0, 0, 0, 0]",248,128,126976.0,3047424.0,12549254082,12549261551,12921447504,12921455984,0,703,703,-1,1,7469,8480,32,128,128,3
16,3,"[8, 128, 0, 0, 0, 0, 0, 0, 0, 0, 0, 0, 0, 0, 0, 4, 0, 0, 0, 0, 0, 0, 0, 0, 0, 0, 0, 0, 0, 0]",1,128,128.0,2052.0,12549335057,12549410855,12921456687,12921458927,0,608,608,-1,1,75798,2240,32,128,128,3
12,3,"[8, 128, 0, 0, 0, 0, 0, 0, 0, 0, 0, 0, 0, 0, 0, 8, 128, 0, 0, 0, 0, 0, 0, 0, 0, 0, 0, 0, 0, 0]",1,128,128.0,3072.0,12549484286,12549491705,12921459535,12921461968,0,704,704,-1,1,7419,2433,32,128,128,3
12,3,"[8, 128, 0, 0, 0, 0, 0, 0, 0, 0, 0, 0, 0, 0, 0, 8, 128, 0, 0, 0, 0, 0, 0, 0, 0, 0, 0, 0, 0, 0]",1,128,128.0,3072.0,12549563465,12549570211,12921462672,12921465103,0,576,576,-1,1,6746,2431,32,128,128,3
16,3,"[8, 128, 0, 0, 0, 0, 0, 0, 0, 0, 0, 0, 0, 0, 0, 4, 0, 0, 0, 0, 0, 0, 0, 0, 0, 0, 0, 0, 0, 0]",1,128,128.0,2052.0,12549640775,12549647905,12921465679,12921467951,0,544,544,-1,1,7130,2272,32,128,128,3
12,3,"[8, 128, 0, 0, 0, 0, 0, 0, 0, 0, 0, 0, 0, 0, 0, 8, 128, 0, 0, 0, 0, 0, 0, 0, 0, 0, 0, 0, 0, 0]",1,128,128.0,3072.0,12549721004,12554564161,12921468495,12921471119,0,768,768,-1,1,4843157,2624,32,128,128,3
12,3,"[8, 128, 0, 0, 0, 0, 0, 0, 0, 0, 0, 0, 0, 0, 0, 8, 128, 0, 0, 0, 0, 0, 0, 0, 0, 0, 0, 0, 0, 0]",1,128,128.0,3072.0,12554645072,12554653328,12921471887,12921474287,0,608,608,-1,1,8256,2400,32,128,128,3
16,3,"[8, 32, 128, 3, 3, 0, 0, 0, 0, 0, 0, 0, 0, 0, 0, 4, 0, 0, 0, 0, 0, 0, 0, 0, 0, 0, 0, 0, 0, 0]",72,128,36864.0,589828.0,12554855866,12557080723,12921474895,12921478991,0,640,640,-1,1,2224857,4096,32,128,128,3
12,3,"[8, 32, 128, 3, 3, 0, 0, 0, 0, 0, 0, 0, 0, 0, 0, 8, 32, 128, 3, 3, 0, 0, 0, 0, 0, 0, 0, 0, 0, 0]",72,128,36864.0,884736.0,12557168679,12557177497,12921479631,12921483567,0,544,544,-1,1,8818,3936,32,128,128,3
12,3,"[8, 32, 128, 3, 3, 0, 0, 0, 0, 0, 0, 0, 0, 0, 0, 8, 32, 128, 3, 3, 0, 0, 0, 0, 0, 0, 0, 0, 0, 0]",72,128,36864.0,884736.0,12557254319,12557324154,12921484111,12921488143,0,704,704,-1,1,69835,4032,32,128,128,3
16,3,"[8, 1024, 0, 0, 0, 0, 0, 0, 0, 0, 0, 0, 0, 0, 0, 4, 0, 0, 0, 0, 0, 0, 0, 0, 0, 0, 0, 0, 0, 0]",2,128,1024.0,16388.0,12557399203,12557683977,12921488847,12921491311,0,672,672,-1,1,284774,2464,32,128,128,3
12,3,"[8, 1024, 0, 0, 0, 0, 0, 0, 0, 0, 0, 0, 0, 0, 0, 8, 1024, 0, 0, 0, 0, 0, 0, 0, 0, 0, 0, 0, 0, 0]",2,128,1024.0,24576.0,12557759185,12557767102,12921491983,12921494575,0,736,736,-1,1,7917,2592,32,128,128,3
12,3,"[8, 1024, 0, 0, 0, 0, 0, 0, 0, 0, 0, 0, 0, 0, 0, 8, 1024, 0, 0, 0, 0, 0, 0, 0, 0, 0, 0, 0, 0, 0]",2,128,1024.0,24576.0,12557842163,12557849584,12921495311,12921497775,0,672,672,-1,1,7421,2464,32,128,128,3
16,3,"[8, 1024, 0, 0, 0, 0, 0, 0, 0, 0, 0, 0, 0, 0, 0, 4, 0, 0, 0, 0, 0, 0, 0, 0, 0, 0, 0, 0, 0, 0]",2,128,1024.0,16388.0,12557922464,12557930187,12921498447,12921500847,0,608,608,-1,1,7723,2400,32,128,128,3
12,3,"[8, 1024, 0, 0, 0, 0, 0, 0, 0, 0, 0, 0, 0, 0, 0, 8, 1024, 0, 0, 0, 0, 0, 0, 0, 0, 0, 0, 0, 0, 0]",2,128,1024.0,24576.0,12558002486,12558010012,12921501455,12921503919,0,736,736,-1,1,7526,2464,32,128,128,3
12,3,"[8, 1024, 0, 0, 0, 0, 0, 0, 0, 0, 0, 0, 0, 0, 0, 8, 1024, 0, 0, 0, 0, 0, 0, 0, 0, 0, 0, 0, 0, 0]",2,128,1024.0,24576.0,12558082802,12558090012,12921504655,12921507119,0,704,704,-1,1,7210,2464,32,128,128,3
16,3,"[8, 128, 1024, 1, 1, 0, 0, 0, 0, 0, 0, 0, 0, 0, 0, 4, 0, 0, 0, 0, 0, 0, 0, 0, 0, 0, 0, 0, 0, 0]",256,128,131072.0,2097156.0,12558163602,12558172934,12921507823,12921517007,0,640,640,-1,1,9332,9184,32,128,128,3
12,3,"[8, 128, 1024, 1, 1, 0, 0, 0, 0, 0, 0, 0, 0, 0, 0, 8, 128, 1024, 1, 1, 0, 0, 0, 0, 0, 0, 0, 0, 0, 0]",256,128,131072.0,3145728.0,12558247615,12558254883,12921517647,12921524655,0,672,672,-1,1,7268,7008,32,128,128,3
12,3,"[8, 128, 1024, 1, 1, 0, 0, 0, 0, 0, 0, 0, 0, 0, 0, 8, 128, 1024, 1, 1, 0, 0, 0, 0, 0, 0, 0, 0, 0, 0]",256,128,131072.0,3145728.0,12558327521,12558334908,12921525327,12921534063,0,672,672,-1,1,7387,8736,32,128,128,3
16,3,"[8, 128, 0, 0, 0, 0, 0, 0, 0, 0, 0, 0, 0, 0, 0, 4, 0, 0, 0, 0, 0, 0, 0, 0, 0, 0, 0, 0, 0, 0]",1,128,128.0,2052.0,12558408162,12560757554,12921534735,12921536975,0,640,640,-1,1,2349392,2240,32,128,128,3
12,3,"[8, 128, 0, 0, 0, 0, 0, 0, 0, 0, 0, 0, 0, 0, 0, 8, 128, 0, 0, 0, 0, 0, 0, 0, 0, 0, 0, 0, 0, 0]",1,128,128.0,3072.0,12560834520,12560842394,12921537615,12921540079,0,672,672,-1,1,7874,2464,32,128,128,3
12,3,"[8, 128, 0, 0, 0, 0, 0, 0, 0, 0, 0, 0, 0, 0, 0, 8, 128, 0, 0, 0, 0, 0, 0, 0, 0, 0, 0, 0, 0, 0]",1,128,128.0,3072.0,12560916866,12563607520,12921540751,12921543215,0,735,735,-1,1,2690654,2464,32,128,128,3
16,3,"[8, 128, 0, 0, 0, 0, 0, 0, 0, 0, 0, 0, 0, 0, 0, 4, 0, 0, 0, 0, 0, 0, 0, 0, 0, 0, 0, 0, 0, 0]",1,128,128.0,2052.0,12563685572,12563693683,12921543950,12921546222,0,609,609,-1,1,8111,2272,32,128,128,3
12,3,"[8, 128, 0, 0, 0, 0, 0, 0, 0, 0, 0, 0, 0, 0, 0, 8, 128, 0, 0, 0, 0, 0, 0, 0, 0, 0, 0, 0, 0, 0]",1,128,128.0,3072.0,12563768694,12563776000,12921546831,12921549294,0,737,737,-1,1,7306,2463,32,128,128,3
12,3,"[8, 128, 0, 0, 0, 0, 0, 0, 0, 0, 0, 0, 0, 0, 0, 8, 128, 0, 0, 0, 0, 0, 0, 0, 0, 0, 0, 0, 0, 0]",1,128,128.0,3072.0,12563849666,12563930917,12921550031,12921552431,0,608,608,-1,1,81251,2400,32,128,128,3
16,3,"[8, 32, 128, 3, 3, 0, 0, 0, 0, 0, 0, 0, 0, 0, 0, 4, 0, 0, 0, 0, 0, 0, 0, 0, 0, 0, 0, 0, 0, 0]",72,128,36864.0,589828.0,12564008487,12564016282,12921553039,12921557134,0,576,576,-1,1,7795,4095,32,128,128,3
12,3,"[8, 32, 128, 3, 3, 0, 0, 0, 0, 0, 0, 0, 0, 0, 0, 8, 32, 128, 3, 3, 0, 0, 0, 0, 0, 0, 0, 0, 0, 0]",72,128,36864.0,884736.0,12564090673,12564097861,12921557710,12921561711,0,672,672,-1,1,7188,4001,32,128,128,3
12,3,"[8, 32, 128, 3, 3, 0, 0, 0, 0, 0, 0, 0, 0, 0, 0, 8, 32, 128, 3, 3, 0, 0, 0, 0, 0, 0, 0, 0, 0, 0]",72,128,36864.0,884736.0,12564171566,12564180389,12921562383,12921566350,0,576,576,-1,1,8823,3967,32,128,128,3
16,3,"[8, 1056, 0, 0, 0, 0, 0, 0, 0, 0, 0, 0, 0, 0, 0, 4, 0, 0, 0, 0, 0, 0, 0, 0, 0, 0, 0, 0, 0, 0]",3,128,1056.0,16900.0,12564254901,12569082081,12921566926,12921569358,0,769,769,-1,1,4827180,2432,32,128,128,3
12,3,"[8, 1056, 0, 0, 0, 0, 0, 0, 0, 0, 0, 0, 0, 0, 0, 8, 1056, 0, 0, 0, 0, 0, 0, 0, 0, 0, 0, 0, 0, 0]",3,128,1056.0,25344.0,12569172029,12569180339,12921570127,12921572783,0,543,543,-1,1,8310,2656,32,128,128,3
12,3,"[8, 1056, 0, 0, 0, 0, 0, 0, 0, 0, 0, 0, 0, 0, 0, 8, 1056, 0, 0, 0, 0, 0, 0, 0, 0, 0, 0, 0, 0, 0]",3,128,1056.0,25344.0,12569255530,12571236274,12921573326,12921575822,0,704,704,-1,1,1980744,2496,32,128,128,3
16,3,"[8, 1056, 0, 0, 0, 0, 0, 0, 0, 0, 0, 0, 0, 0, 0, 4, 0, 0, 0, 0, 0, 0, 0, 0, 0, 0, 0, 0, 0, 0]",3,128,1056.0,16900.0,12571311045,12571319136,12921576526,12921578958,0,640,640,-1,1,8091,2432,32,128,128,3
12,3,"[8, 1056, 0, 0, 0, 0, 0, 0, 0, 0, 0, 0, 0, 0, 0, 8, 1056, 0, 0, 0, 0, 0, 0, 0, 0, 0, 0, 0, 0, 0]",3,128,1056.0,25344.0,12571391227,12571449173,12921579598,12921581998,0,736,736,-1,1,57946,2400,32,128,128,3
12,3,"[8, 1056, 0, 0, 0, 0, 0, 0, 0, 0, 0, 0, 0, 0, 0, 8, 1056, 0, 0, 0, 0, 0, 0, 0, 0, 0, 0, 0, 0, 0]",3,128,1056.0,25344.0,12571522897,12571763369,12921582734,12921585198,0,608,608,-1,1,240472,2464,32,128,128,3
16,3,"[8, 128, 1056, 1, 1, 0, 0, 0, 0, 0, 0, 0, 0, 0, 0, 4, 0, 0, 0, 0, 0, 0, 0, 0, 0, 0, 0, 0, 0, 0]",264,128,135168.0,2162692.0,12571839339,12571847347,12921585806,12921595374,0,672,672,-1,1,8008,9568,32,128,128,3
12,3,"[8, 128, 1056, 1, 1, 0, 0, 0, 0, 0, 0, 0, 0, 0, 0, 8, 128, 1056, 1, 1, 0, 0, 0, 0, 0, 0, 0, 0, 0, 0]",264,128,135168.0,3244032.0,12571927016,12571934741,12921596046,12921602958,0,704,704,-1,1,7725,6912,32,128,128,3
12,3,"[8, 128, 1056, 1, 1, 0, 0, 0, 0, 0, 0, 0, 0, 0, 0, 8, 128, 1056, 1, 1, 0, 0, 0, 0, 0, 0, 0, 0, 0, 0]",264,128,135168.0,3244032.0,12572011337,12572018801,12921603662,12921612846,0,544,544,-1,1,7464,9184,32,128,128,3
16,3,"[8, 128, 0, 0, 0, 0, 0, 0, 0, 0, 0, 0, 0, 0, 0, 4, 0, 0, 0, 0, 0, 0, 0, 0, 0, 0, 0, 0, 0, 0]",1,128,128.0,2052.0,12572091733,12572099334,12921613390,12921615662,0,608,608,-1,1,7601,2272,32,128,128,3
12,3,"[8, 128, 0, 0, 0, 0, 0, 0, 0, 0, 0, 0, 0, 0, 0, 8, 128, 0, 0, 0, 0, 0, 0, 0, 0, 0, 0, 0, 0, 0]",1,128,128.0,3072.0,12572172575,12572181838,12921616270,12921618670,0,608,608,-1,1,9263,2400,32,128,128,3
12,3,"[8, 128, 0, 0, 0, 0, 0, 0, 0, 0, 0, 0, 0, 0, 0, 8, 128, 0, 0, 0, 0, 0, 0, 0, 0, 0, 0, 0, 0, 0]",1,128,128.0,3072.0,12572255134,12572261972,12921619278,12921621678,0,608,608,-1,1,6838,2400,32,128,128,3
16,3,"[8, 128, 0, 0, 0, 0, 0, 0, 0, 0, 0, 0, 0, 0, 0, 4, 0, 0, 0, 0, 0, 0, 0, 0, 0, 0, 0, 0, 0, 0]",1,128,128.0,2052.0,12572332965,12572340113,12921622286,12921624494,0,608,608,-1,1,7148,2208,32,128,128,3
12,3,"[8, 128, 0, 0, 0, 0, 0, 0, 0, 0, 0, 0, 0, 0, 0, 8, 128, 0, 0, 0, 0, 0, 0, 0, 0, 0, 0, 0, 0, 0]",1,128,128.0,3072.0,12572411885,12574767896,12921625102,12921627662,0,576,576,-1,1,2356011,2560,32,128,128,3
12,3,"[8, 128, 0, 0, 0, 0, 0, 0, 0, 0, 0, 0, 0, 0, 0, 8, 128, 0, 0, 0, 0, 0, 0, 0, 0, 0, 0, 0, 0, 0]",1,128,128.0,3072.0,12574842723,12574850581,12921628238,12921630702,0,736,736,-1,1,7858,2464,32,128,128,3
16,3,"[8, 32, 128, 3, 3, 0, 0, 0, 0, 0, 0, 0, 0, 0, 0, 4, 0, 0, 0, 0, 0, 0, 0, 0, 0, 0, 0, 0, 0, 0]",72,128,36864.0,589828.0,12574928256,12577594628,12921631438,12921635534,0,575,575,-1,1,2666372,4096,32,128,128,3
12,3,"[8, 32, 128, 3, 3, 0, 0, 0, 0, 0, 0, 0, 0, 0, 0, 8, 32, 128, 3, 3, 0, 0, 0, 0, 0, 0, 0, 0, 0, 0]",72,128,36864.0,884736.0,12577673833,12577681682,12921636109,12921640270,0,704,704,-1,1,7849,4161,32,128,128,3
12,3,"[8, 32, 128, 3, 3, 0, 0, 0, 0, 0, 0, 0, 0, 0, 0, 8, 32, 128, 3, 3, 0, 0, 0, 0, 0, 0, 0, 0, 0, 0]",72,128,36864.0,884736.0,12577757584,12577765441,12921640974,12921644941,0,641,641,-1,1,7857,3967,32,128,128,3
16,3,"[8, 1088, 0, 0, 0, 0, 0, 0, 0, 0, 0, 0, 0, 0, 0, 4, 0, 0, 0, 0, 0, 0, 0, 0, 0, 0, 0, 0, 0, 0]",3,128,1088.0,17412.0,12577839000,12577915933,12921645582,12921648013,0,576,576,-1,1,76933,2431,32,128,128,3
12,3,"[8, 1088, 0, 0, 0, 0, 0, 0, 0, 0, 0, 0, 0, 0, 0, 8, 1088, 0, 0, 0, 0, 0, 0, 0, 0, 0, 0, 0, 0, 0]",3,128,1088.0,26112.0,12577991432,12577999094,12921648589,12921651086,0,703,703,-1,1,7662,2497,32,128,128,3
12,3,"[8, 1088, 0, 0, 0, 0, 0, 0, 0, 0, 0, 0, 0, 0, 0, 8, 1088, 0, 0, 0, 0, 0, 0, 0, 0, 0, 0, 0, 0, 0]",3,128,1088.0,26112.0,12578226630,12578236225,12921651789,12921654254,0,671,671,-1,1,9595,2465,32,128,128,3
16,3,"[8, 1088, 0, 0, 0, 0, 0, 0, 0, 0, 0, 0, 0, 0, 0, 4, 0, 0, 0, 0, 0, 0, 0, 0, 0, 0, 0, 0, 0, 0]",3,128,1088.0,17412.0,12578321818,12578332775,12921654925,12921657421,0,704,704,-1,1,10957,2496,32,128,128,3
12,3,"[8, 1088, 0, 0, 0, 0, 0, 0, 0, 0, 0, 0, 0, 0, 0, 8, 1088, 0, 0, 0, 0, 0, 0, 0, 0, 0, 0, 0, 0, 0]",3,128,1088.0,26112.0,12578409049,12581905142,12921658125,12921660590,0,671,671,-1,1,3496093,2465,32,128,128,3
12,3,"[8, 1088, 0, 0, 0, 0, 0, 0, 0, 0, 0, 0, 0, 0, 0, 8, 1088, 0, 0, 0, 0, 0, 0, 0, 0, 0, 0, 0, 0, 0]",3,128,1088.0,26112.0,12581983363,12581991784,12921661261,12921663725,0,736,736,-1,1,8421,2464,32,128,128,3
16,3,"[8, 128, 1088, 1, 1, 0, 0, 0, 0, 0, 0, 0, 0, 0, 0, 4, 0, 0, 0, 0, 0, 0, 0, 0, 0, 0, 0, 0, 0, 0]",272,128,139264.0,2228228.0,12582067305,12583691451,12921664461,12921674541,0,672,672,-1,1,1624146,10080,32,128,128,3
12,3,"[8, 128, 1088, 1, 1, 0, 0, 0, 0, 0, 0, 0, 0, 0, 0, 8, 128, 1088, 1, 1, 0, 0, 0, 0, 0, 0, 0, 0, 0, 0]",272,128,139264.0,3342336.0,12583766434,12583773968,12921675213,12921682509,0,704,704,-1,1,7534,7296,32,128,128,3
12,3,"[8, 128, 1088, 1, 1, 0, 0, 0, 0, 0, 0, 0, 0, 0, 0, 8, 128, 1088, 1, 1, 0, 0, 0, 0, 0, 0, 0, 0, 0, 0]",272,128,139264.0,3342336.0,12583847291,12583873239,12921683213,12921692397,0,736,736,-1,1,25948,9184,32,128,128,3
16,3,"[8, 128, 0, 0, 0, 0, 0, 0, 0, 0, 0, 0, 0, 0, 0, 4, 0, 0, 0, 0, 0, 0, 0, 0, 0, 0, 0, 0, 0, 0]",1,128,128.0,2052.0,12583953598,12584147458,12921693133,12921695341,0,608,608,-1,1,193860,2208,32,128,128,3
12,3,"[8, 128, 0, 0, 0, 0, 0, 0, 0, 0, 0, 0, 0, 0, 0, 8, 128, 0, 0, 0, 0, 0, 0, 0, 0, 0, 0, 0, 0, 0]",1,128,128.0,3072.0,12584224607,12584232348,12921695949,12921698413,0,736,736,-1,1,7741,2464,32,128,128,3
12,3,"[8, 128, 0, 0, 0, 0, 0, 0, 0, 0, 0, 0, 0, 0, 0, 8, 128, 0, 0, 0, 0, 0, 0, 0, 0, 0, 0, 0, 0, 0]",1,128,128.0,3072.0,12584306131,12584313626,12921699149,12921701549,0,544,544,-1,1,7495,2400,32,128,128,3
16,3,"[8, 128, 0, 0, 0, 0, 0, 0, 0, 0, 0, 0, 0, 0, 0, 4, 0, 0, 0, 0, 0, 0, 0, 0, 0, 0, 0, 0, 0, 0]",1,128,128.0,2052.0,12584386796,12584394540,12921702093,12921704365,0,544,544,-1,1,7744,2272,32,128,128,3
12,3,"[8, 128, 0, 0, 0, 0, 0, 0, 0, 0, 0, 0, 0, 0, 0, 8, 128, 0, 0, 0, 0, 0, 0, 0, 0, 0, 0, 0, 0, 0]",1,128,128.0,3072.0,12584467042,12584474050,12921704909,12921707373,0,736,736,-1,1,7008,2464,32,128,128,3
12,3,"[8, 128, 0, 0, 0, 0, 0, 0, 0, 0, 0, 0, 0, 0, 0, 8, 128, 0, 0, 0, 0, 0, 0, 0, 0, 0, 0, 0, 0, 0]",1,128,128.0,3072.0,12584546667,12584555462,12921708109,12921710541,0,640,640,-1,1,8795,2432,32,128,128,3
16,3,"[8, 32, 128, 3, 3, 0, 0, 0, 0, 0, 0, 0, 0, 0, 0, 4, 0, 0, 0, 0, 0, 0, 0, 0, 0, 0, 0, 0, 0, 0]",72,128,36864.0,589828.0,12584630484,12584638068,12921711181,12921715245,0,608,608,-1,1,7584,4064,32,128,128,3
12,3,"[8, 32, 128, 3, 3, 0, 0, 0, 0, 0, 0, 0, 0, 0, 0, 8, 32, 128, 3, 3, 0, 0, 0, 0, 0, 0, 0, 0, 0, 0]",72,128,36864.0,884736.0,12584711433,12587135312,12921715853,12921719981,0,608,608,-1,1,2423879,4128,32,128,128,3
12,3,"[8, 32, 128, 3, 3, 0, 0, 0, 0, 0, 0, 0, 0, 0, 0, 8, 32, 128, 3, 3, 0, 0, 0, 0, 0, 0, 0, 0, 0, 0]",72,128,36864.0,884736.0,12587211997,12587219687,12921720589,12921724461,0,672,672,-1,1,7690,3872,32,128,128,3
16,3,"[8, 1120, 0, 0, 0, 0, 0, 0, 0, 0, 0, 0, 0, 0, 0, 4, 0, 0, 0, 0, 0, 0, 0, 0, 0, 0, 0, 0, 0, 0]",3,128,1120.0,17924.0,12587296352,12589953695,12921725133,12921727533,0,608,608,-1,1,2657343,2400,32,128,128,3
12,3,"[8, 1120, 0, 0, 0, 0, 0, 0, 0, 0, 0, 0, 0, 0, 0, 8, 1120, 0, 0, 0, 0, 0, 0, 0, 0, 0, 0, 0, 0, 0]",3,128,1120.0,26880.0,12590033246,12590040870,12921728141,12921730637,0,640,640,-1,1,7624,2496,32,128,128,3
12,3,"[8, 1120, 0, 0, 0, 0, 0, 0, 0, 0, 0, 0, 0, 0, 0, 8, 1120, 0, 0, 0, 0, 0, 0, 0, 0, 0, 0, 0, 0, 0]",3,128,1120.0,26880.0,12590114081,12590121616,12921731277,12921733805,0,672,672,-1,1,7535,2528,32,128,128,3
16,3,"[8, 1120, 0, 0, 0, 0, 0, 0, 0, 0, 0, 0, 0, 0, 0, 4, 0, 0, 0, 0, 0, 0, 0, 0, 0, 0, 0, 0, 0, 0]",3,128,1120.0,17924.0,12590194728,12590270526,12921734477,12921736972,0,704,704,-1,1,75798,2495,32,128,128,3
12,3,"[8, 1120, 0, 0, 0, 0, 0, 0, 0, 0, 0, 0, 0, 0, 0, 8, 1120, 0, 0, 0, 0, 0, 0, 0, 0, 0, 0, 0, 0, 0]",3,128,1120.0,26880.0,12590346050,12590353778,12921737676,12921740141,0,607,607,-1,1,7728,2465,32,128,128,3
12,3,"[8, 1120, 0, 0, 0, 0, 0, 0, 0, 0, 0, 0, 0, 0, 0, 8, 1120, 0, 0, 0, 0, 0, 0, 0, 0, 0, 0, 0, 0, 0]",3,128,1120.0,26880.0,12590428313,12590435675,12921740748,12921743213,0,735,735,-1,1,7362,2465,32,128,128,3
16,3,"[8, 128, 1120, 1, 1, 0, 0, 0, 0, 0, 0, 0, 0, 0, 0, 4, 0, 0, 0, 0, 0, 0, 0, 0, 0, 0, 0, 0, 0, 0]",280,128,143360.0,2293764.0,12590511286,12590518808,12921743948,12921754732,0,673,673,-1,1,7522,10784,32,128,128,3
12,3,"[8, 128, 1120, 1, 1, 0, 0, 0, 0, 0, 0, 0, 0, 0, 0, 8, 128, 1120, 1, 1, 0, 0, 0, 0, 0, 0, 0, 0, 0, 0]",280,128,143360.0,3440640.0,12590596254,12594779271,12921755405,12921762764,0,704,704,-1,1,4183017,7359,32,128,128,3
12,3,"[8, 128, 1120, 1, 1, 0, 0, 0, 0, 0, 0, 0, 0, 0, 0, 8, 128, 1120, 1, 1, 0, 0, 0, 0, 0, 0, 0, 0, 0, 0]",280,128,143360.0,3440640.0,12594858420,12594866308,12921763468,12921773132,0,640,640,-1,1,7888,9664,32,128,128,3
16,3,"[8, 128, 0, 0, 0, 0, 0, 0, 0, 0, 0, 0, 0, 0, 0, 4, 0, 0, 0, 0, 0, 0, 0, 0, 0, 0, 0, 0, 0, 0]",1,128,128.0,2052.0,12594941807,12596221664,12921773772,12921776044,0,736,736,-1,1,1279857,2272,32,128,128,3
12,3,"[8, 128, 0, 0, 0, 0, 0, 0, 0, 0, 0, 0, 0, 0, 0, 8, 128, 0, 0, 0, 0, 0, 0, 0, 0, 0, 0, 0, 0, 0]",1,128,128.0,3072.0,12596299569,12596307359,12921776780,12921779180,0,736,736,-1,1,7790,2400,32,128,128,3
12,3,"[8, 128, 0, 0, 0, 0, 0, 0, 0, 0, 0, 0, 0, 0, 0, 8, 128, 0, 0, 0, 0, 0, 0, 0, 0, 0, 0, 0, 0, 0]",1,128,128.0,3072.0,12596381009,12596388397,12921779916,12921782380,0,608,608,-1,1,7388,2464,32,128,128,3
16,3,"[8, 128, 0, 0, 0, 0, 0, 0, 0, 0, 0, 0, 0, 0, 0, 4, 0, 0, 0, 0, 0, 0, 0, 0, 0, 0, 0, 0, 0, 0]",1,128,128.0,2052.0,12596463151,12596595875,12921782988,12921785228,0,576,576,-1,1,132724,2240,32,128,128,3
12,3,"[8, 128, 0, 0, 0, 0, 0, 0, 0, 0, 0, 0, 0, 0, 0, 8, 128, 0, 0, 0, 0, 0, 0, 0, 0, 0, 0, 0, 0, 0]",1,128,128.0,3072.0,12596670395,12596677982,12921785804,12921788396,0,608,608,-1,1,7587,2592,32,128,128,3
12,3,"[8, 128, 0, 0, 0, 0, 0, 0, 0, 0, 0, 0, 0, 0, 0, 8, 128, 0, 0, 0, 0, 0, 0, 0, 0, 0, 0, 0, 0, 0]",1,128,128.0,3072.0,12596751399,12596758607,12921789004,12921791724,0,608,608,-1,1,7208,2720,32,128,128,3
16,3,"[8, 32, 128, 3, 3, 0, 0, 0, 0, 0, 0, 0, 0, 0, 0, 4, 0, 0, 0, 0, 0, 0, 0, 0, 0, 0, 0, 0, 0, 0]",72,128,36864.0,589828.0,12596833106,12596840388,12921792332,12921796428,0,640,640,-1,1,7282,4096,32,128,128,3
12,3,"[8, 32, 128, 3, 3, 0, 0, 0, 0, 0, 0, 0, 0, 0, 0, 8, 32, 128, 3, 3, 0, 0, 0, 0, 0, 0, 0, 0, 0, 0]",72,128,36864.0,884736.0,12596914454,12596921407,12921797068,12921801324,0,608,608,-1,1,6953,4256,32,128,128,3
12,3,"[8, 32, 128, 3, 3, 0, 0, 0, 0, 0, 0, 0, 0, 0, 0, 8, 32, 128, 3, 3, 0, 0, 0, 0, 0, 0, 0, 0, 0, 0]",72,128,36864.0,884736.0,12596994686,12597001758,12921801932,12921805868,0,736,736,-1,1,7072,3936,32,128,128,3
16,3,"[8, 1152, 0, 0, 0, 0, 0, 0, 0, 0, 0, 0, 0, 0, 0, 4, 0, 0, 0, 0, 0, 0, 0, 0, 0, 0, 0, 0, 0, 0]",3,128,1152.0,18436.0,12597076725,12599525561,12921806604,12921809036,0,704,704,-1,1,2448836,2432,32,128,128,3
12,3,"[8, 1152, 0, 0, 0, 0, 0, 0, 0, 0, 0, 0, 0, 0, 0, 8, 1152, 0, 0, 0, 0, 0, 0, 0, 0, 0, 0, 0, 0, 0]",3,128,1152.0,27648.0,12599602189,12599610004,12921809740,12921812236,0,640,640,-1,1,7815,2496,32,128,128,3
12,3,"[8, 1152, 0, 0, 0, 0, 0, 0, 0, 0, 0, 0, 0, 0, 0, 8, 1152, 0, 0, 0, 0, 0, 0, 0, 0, 0, 0, 0, 0, 0]",3,128,1152.0,27648.0,12599683960,12602323241,12921812876,12921815340,0,672,672,-1,1,2639281,2464,32,128,128,3
16,3,"[8, 1152, 0, 0, 0, 0, 0, 0, 0, 0, 0, 0, 0, 0, 0, 4, 0, 0, 0, 0, 0, 0, 0, 0, 0, 0, 0, 0, 0, 0]",3,128,1152.0,18436.0,12602400687,12602408899,12921816012,12921818476,0,736,736,-1,1,8212,2464,32,128,128,3
12,3,"[8, 1152, 0, 0, 0, 0, 0, 0, 0, 0, 0, 0, 0, 0, 0, 8, 1152, 0, 0, 0, 0, 0, 0, 0, 0, 0, 0, 0, 0, 0]",3,128,1152.0,27648.0,12602485485,12602493399,12921819212,12921821644,0,704,704,-1,1,7914,2432,32,128,128,3
12,3,"[8, 1152, 0, 0, 0, 0, 0, 0, 0, 0, 0, 0, 0, 0, 0, 8, 1152, 0, 0, 0, 0, 0, 0, 0, 0, 0, 0, 0, 0, 0]",3,128,1152.0,27648.0,12602567492,12602643127,12921822348,12921824844,0,704,704,-1,1,75635,2496,32,128,128,3
16,3,"[8, 128, 1152, 1, 1, 0, 0, 0, 0, 0, 0, 0, 0, 0, 0, 4, 0, 0, 0, 0, 0, 0, 0, 0, 0, 0, 0, 0, 0, 0]",288,128,147456.0,2359300.0,12602718676,12602726534,12921825548,12921836011,0,672,672,-1,1,7858,10463,32,128,128,3
12,3,"[8, 128, 1152, 1, 1, 0, 0, 0, 0, 0, 0, 0, 0, 0, 0, 8, 128, 1152, 1, 1, 0, 0, 0, 0, 0, 0, 0, 0, 0, 0]",288,128,147456.0,3538944.0,12602928006,12602937220,12921836683,12921844204,0,544,544,-1,1,9214,7521,32,128,128,3
12,3,"[8, 128, 1152, 1, 1, 0, 0, 0, 0, 0, 0, 0, 0, 0, 0, 8, 128, 1152, 1, 1, 0, 0, 0, 0, 0, 0, 0, 0, 0, 0]",288,128,147456.0,3538944.0,12603021596,12603029756,12921844748,12921854347,0,641,641,-1,1,8160,9599,32,128,128,3
16,3,"[8, 128, 0, 0, 0, 0, 0, 0, 0, 0, 0, 0, 0, 0, 0, 4, 0, 0, 0, 0, 0, 0, 0, 0, 0, 0, 0, 0, 0, 0]",1,128,128.0,2052.0,12603107180,12603929458,12921854988,12921857259,0,608,608,-1,1,822278,2271,32,128,128,3
12,3,"[8, 128, 0, 0, 0, 0, 0, 0, 0, 0, 0, 0, 0, 0, 0, 8, 128, 0, 0, 0, 0, 0, 0, 0, 0, 0, 0, 0, 0, 0]",1,128,128.0,3072.0,12604007681,12604015654,12921857867,12921860299,0,576,576,-1,1,7973,2432,32,128,128,3
12,3,"[8, 128, 0, 0, 0, 0, 0, 0, 0, 0, 0, 0, 0, 0, 0, 8, 128, 0, 0, 0, 0, 0, 0, 0, 0, 0, 0, 0, 0, 0]",1,128,128.0,3072.0,12604092841,12605343073,12921860875,12921863339,0,736,736,-1,1,1250232,2464,32,128,128,3
16,3,"[8, 128, 0, 0, 0, 0, 0, 0, 0, 0, 0, 0, 0, 0, 0, 4, 0, 0, 0, 0, 0, 0, 0, 0, 0, 0, 0, 0, 0, 0]",1,128,128.0,2052.0,12605418923,12605427014,12921864075,12921866283,0,608,608,-1,1,8091,2208,32,128,128,3
12,3,"[8, 128, 0, 0, 0, 0, 0, 0, 0, 0, 0, 0, 0, 0, 0, 8, 128, 0, 0, 0, 0, 0, 0, 0, 0, 0, 0, 0, 0, 0]",1,128,128.0,3072.0,12605500572,12605508409,12921866891,12921869323,0,704,704,-1,1,7837,2432,32,128,128,3
12,3,"[8, 128, 0, 0, 0, 0, 0, 0, 0, 0, 0, 0, 0, 0, 0, 8, 128, 0, 0, 0, 0, 0, 0, 0, 0, 0, 0, 0, 0, 0]",1,128,128.0,3072.0,12605581996,12605656714,12921870027,12921872491,0,608,608,-1,1,74718,2464,32,128,128,3
16,3,"[8, 32, 128, 3, 3, 0, 0, 0, 0, 0, 0, 0, 0, 0, 0, 4, 0, 0, 0, 0, 0, 0, 0, 0, 0, 0, 0, 0, 0, 0]",72,128,36864.0,589828.0,12605731853,12605740212,12921873099,12921877163,0,736,736,-1,1,8359,4064,32,128,128,3
12,3,"[8, 32, 128, 3, 3, 0, 0, 0, 0, 0, 0, 0, 0, 0, 0, 8, 32, 128, 3, 3, 0, 0, 0, 0, 0, 0, 0, 0, 0, 0]",72,128,36864.0,884736.0,12605814743,12605822200,12921877899,12921882027,0,736,736,-1,1,7457,4128,32,128,128,3
12,3,"[8, 32, 128, 3, 3, 0, 0, 0, 0, 0, 0, 0, 0, 0, 0, 8, 32, 128, 3, 3, 0, 0, 0, 0, 0, 0, 0, 0, 0, 0]",72,128,36864.0,884736.0,12605895305,12605902495,12921882763,12921886699,0,576,576,-1,1,7190,3936,32,128,128,3
16,3,"[8, 1184, 0, 0, 0, 0, 0, 0, 0, 0, 0, 0, 0, 0, 0, 4, 0, 0, 0, 0, 0, 0, 0, 0, 0, 0, 0, 0, 0, 0]",3,128,1184.0,18948.0,12605974673,12606337241,12921887275,12921889707,0,736,736,-1,1,362568,2432,32,128,128,3
12,3,"[8, 1184, 0, 0, 0, 0, 0, 0, 0, 0, 0, 0, 0, 0, 0, 8, 1184, 0, 0, 0, 0, 0, 0, 0, 0, 0, 0, 0, 0, 0]",3,128,1184.0,28416.0,12606413489,12606624575,12921890443,12921892875,0,640,640,-1,1,211086,2432,32,128,128,3
12,3,"[8, 1184, 0, 0, 0, 0, 0, 0, 0, 0, 0, 0, 0, 0, 0, 8, 1184, 0, 0, 0, 0, 0, 0, 0, 0, 0, 0, 0, 0, 0]",3,128,1184.0,28416.0,12606699650,12626761771,12921893515,12921896011,0,576,576,-1,1,20062121,2496,32,128,128,3
16,3,"[8, 1184, 0, 0, 0, 0, 0, 0, 0, 0, 0, 0, 0, 0, 0, 4, 0, 0, 0, 0, 0, 0, 0, 0, 0, 0, 0, 0, 0, 0]",3,128,1184.0,18948.0,12626851912,12626860486,12921896587,12921899019,0,576,576,-1,1,8574,2432,32,128,128,3
12,3,"[8, 1184, 0, 0, 0, 0, 0, 0, 0, 0, 0, 0, 0, 0, 0, 8, 1184, 0, 0, 0, 0, 0, 0, 0, 0, 0, 0, 0, 0, 0]",3,128,1184.0,28416.0,12626939884,12636855267,12921899595,12921902155,0,640,640,-1,1,9915383,2560,32,128,128,3
12,3,"[8, 1184, 0, 0, 0, 0, 0, 0, 0, 0, 0, 0, 0, 0, 0, 8, 1184, 0, 0, 0, 0, 0, 0, 0, 0, 0, 0, 0, 0, 0]",3,128,1184.0,28416.0,12636934237,12636942135,12921902795,12921905259,0,672,672,-1,1,7898,2464,32,128,128,3
16,3,"[8, 128, 1184, 1, 1, 0, 0, 0, 0, 0, 0, 0, 0, 0, 0, 4, 0, 0, 0, 0, 0, 0, 0, 0, 0, 0, 0, 0, 0, 0]",296,128,151552.0,2424836.0,12637016576,12637831005,12921905931,12921916203,0,608,608,-1,1,814429,10272,32,128,128,3
12,3,"[8, 128, 1184, 1, 1, 0, 0, 0, 0, 0, 0, 0, 0, 0, 0, 8, 128, 1184, 1, 1, 0, 0, 0, 0, 0, 0, 0, 0, 0, 0]",296,128,151552.0,3637248.0,12637910301,12639290847,12921916811,12921924619,0,575,575,-1,1,1380546,7808,32,128,128,3
12,3,"[8, 128, 1184, 1, 1, 0, 0, 0, 0, 0, 0, 0, 0, 0, 0, 8, 128, 1184, 1, 1, 0, 0, 0, 0, 0, 0, 0, 0, 0, 0]",296,128,151552.0,3637248.0,12639369608,12639377494,12921925194,12921935243,0,576,576,-1,1,7886,10049,32,128,128,3
16,3,"[8, 128, 0, 0, 0, 0, 0, 0, 0, 0, 0, 0, 0, 0, 0, 4, 0, 0, 0, 0, 0, 0, 0, 0, 0, 0, 0, 0, 0, 0]",1,128,128.0,2052.0,12639451784,12639459227,12921935819,12921938059,0,575,575,-1,1,7443,2240,32,128,128,3
12,3,"[8, 128, 0, 0, 0, 0, 0, 0, 0, 0, 0, 0, 0, 0, 0, 8, 128, 0, 0, 0, 0, 0, 0, 0, 0, 0, 0, 0, 0, 0]",1,128,128.0,3072.0,12639534151,12639541559,12921938634,12921941162,0,673,673,-1,1,7408,2528,32,128,128,3
12,3,"[8, 128, 0, 0, 0, 0, 0, 0, 0, 0, 0, 0, 0, 0, 0, 8, 128, 0, 0, 0, 0, 0, 0, 0, 0, 0, 0, 0, 0, 0]",1,128,128.0,3072.0,12639616325,12639623532,12921941835,12921944298,0,609,609,-1,1,7207,2463,32,128,128,3
16,3,"[8, 128, 0, 0, 0, 0, 0, 0, 0, 0, 0, 0, 0, 0, 0, 4, 0, 0, 0, 0, 0, 0, 0, 0, 0, 0, 0, 0, 0, 0]",1,128,128.0,2052.0,12639696437,12650541291,12921944907,12921947147,0,576,576,-1,1,10844854,2240,32,128,128,3
12,3,"[8, 128, 0, 0, 0, 0, 0, 0, 0, 0, 0, 0, 0, 0, 0, 8, 128, 0, 0, 0, 0, 0, 0, 0, 0, 0, 0, 0, 0, 0]",1,128,128.0,3072.0,12650619480,12650627284,12921947723,12921950186,0,736,736,-1,1,7804,2463,32,128,128,3
12,3,"[8, 128, 0, 0, 0, 0, 0, 0, 0, 0, 0, 0, 0, 0, 0, 8, 128, 0, 0, 0, 0, 0, 0, 0, 0, 0, 0, 0, 0, 0]",1,128,128.0,3072.0,12650700281,12662166450,12921950922,12921953354,0,704,704,-1,1,11466169,2432,32,128,128,3
16,3,"[8, 32, 128, 3, 3, 0, 0, 0, 0, 0, 0, 0, 0, 0, 0, 4, 0, 0, 0, 0, 0, 0, 0, 0, 0, 0, 0, 0, 0, 0]",72,128,36864.0,589828.0,12662246362,12662254951,12921954058,12921958314,0,672,672,-1,1,8589,4256,32,128,128,3
12,3,"[8, 32, 128, 3, 3, 0, 0, 0, 0, 0, 0, 0, 0, 0, 0, 8, 32, 128, 3, 3, 0, 0, 0, 0, 0, 0, 0, 0, 0, 0]",72,128,36864.0,884736.0,12662330137,12662651721,12921958986,12921963082,0,640,640,-1,1,321584,4096,32,128,128,3
12,3,"[8, 32, 128, 3, 3, 0, 0, 0, 0, 0, 0, 0, 0, 0, 0, 8, 32, 128, 3, 3, 0, 0, 0, 0, 0, 0, 0, 0, 0, 0]",72,128,36864.0,884736.0,12662728788,12663392620,12921963722,12921967658,0,608,608,-1,1,663832,3936,32,128,128,3
16,3,"[8, 1216, 0, 0, 0, 0, 0, 0, 0, 0, 0, 0, 0, 0, 0, 4, 0, 0, 0, 0, 0, 0, 0, 0, 0, 0, 0, 0, 0, 0]",3,128,1216.0,19460.0,12663467199,12663475243,12921968266,12921970666,0,544,544,-1,1,8044,2400,32,128,128,3
12,3,"[8, 1216, 0, 0, 0, 0, 0, 0, 0, 0, 0, 0, 0, 0, 0, 8, 1216, 0, 0, 0, 0, 0, 0, 0, 0, 0, 0, 0, 0, 0]",3,128,1216.0,29184.0,12663549476,12663556858,12921971210,12921973738,0,736,736,-1,1,7382,2528,32,128,128,3
12,3,"[8, 1216, 0, 0, 0, 0, 0, 0, 0, 0, 0, 0, 0, 0, 0, 8, 1216, 0, 0, 0, 0, 0, 0, 0, 0, 0, 0, 0, 0, 0]",3,128,1216.0,29184.0,12663630738,12663647023,12921974474,12921976906,0,704,704,-1,1,16285,2432,32,128,128,3
16,3,"[8, 1216, 0, 0, 0, 0, 0, 0, 0, 0, 0, 0, 0, 0, 0, 4, 0, 0, 0, 0, 0, 0, 0, 0, 0, 0, 0, 0, 0, 0]",3,128,1216.0,19460.0,12663721019,12683705014,12921977610,12921980010,0,672,672,-1,1,19983995,2400,32,128,128,3
12,3,"[8, 1216, 0, 0, 0, 0, 0, 0, 0, 0, 0, 0, 0, 0, 0, 8, 1216, 0, 0, 0, 0, 0, 0, 0, 0, 0, 0, 0, 0, 0]",3,128,1216.0,29184.0,12683796526,12683804558,12921980682,12921983146,0,672,672,-1,1,8032,2464,32,128,128,3
12,3,"[8, 1216, 0, 0, 0, 0, 0, 0, 0, 0, 0, 0, 0, 0, 0, 8, 1216, 0, 0, 0, 0, 0, 0, 0, 0, 0, 0, 0, 0, 0]",3,128,1216.0,29184.0,12683879725,12692246190,12921983818,12921986314,0,704,704,-1,1,8366465,2496,32,128,128,3
16,3,"[8, 128, 1216, 1, 1, 0, 0, 0, 0, 0, 0, 0, 0, 0, 0, 4, 0, 0, 0, 0, 0, 0, 0, 0, 0, 0, 0, 0, 0, 0]",304,128,155648.0,2490372.0,12692325154,12692333494,12921987018,12921997962,0,704,704,-1,1,8340,10944,32,128,128,3
12,3,"[8, 128, 1216, 1, 1, 0, 0, 0, 0, 0, 0, 0, 0, 0, 0, 8, 128, 1216, 1, 1, 0, 0, 0, 0, 0, 0, 0, 0, 0, 0]",304,128,155648.0,3735552.0,12692407969,12693100713,12921998666,12922006474,0,640,640,-1,1,692744,7808,32,128,128,3
12,3,"[8, 128, 1216, 1, 1, 0, 0, 0, 0, 0, 0, 0, 0, 0, 0, 8, 128, 1216, 1, 1, 0, 0, 0, 0, 0, 0, 0, 0, 0, 0]",304,128,155648.0,3735552.0,12693177512,12694338020,12922007114,12922017386,0,671,671,-1,1,1160508,10272,32,128,128,3
16,3,"[8, 128, 0, 0, 0, 0, 0, 0, 0, 0, 0, 0, 0, 0, 0, 4, 0, 0, 0, 0, 0, 0, 0, 0, 0, 0, 0, 0, 0, 0]",1,128,128.0,2052.0,12694413748,12694421500,12922018057,12922020266,0,607,607,-1,1,7752,2209,32,128,128,3
12,3,"[8, 128, 0, 0, 0, 0, 0, 0, 0, 0, 0, 0, 0, 0, 0, 8, 128, 0, 0, 0, 0, 0, 0, 0, 0, 0, 0, 0, 0, 0]",1,128,128.0,3072.0,12694498260,12694505583,12922020873,12922023306,0,704,704,-1,1,7323,2433,32,128,128,3
12,3,"[8, 128, 0, 0, 0, 0, 0, 0, 0, 0, 0, 0, 0, 0, 0, 8, 128, 0, 0, 0, 0, 0, 0, 0, 0, 0, 0, 0, 0, 0]",1,128,128.0,3072.0,12694580009,12694587366,12922024010,12922026570,0,704,704,-1,1,7357,2560,32,128,128,3
16,3,"[8, 128, 0, 0, 0, 0, 0, 0, 0, 0, 0, 0, 0, 0, 0, 4, 0, 0, 0, 0, 0, 0, 0, 0, 0, 0, 0, 0, 0, 0]",1,128,128.0,2052.0,12694659894,12694667329,12922027274,12922029514,0,575,575,-1,1,7435,2240,32,128,128,3
12,3,"[8, 128, 0, 0, 0, 0, 0, 0, 0, 0, 0, 0, 0, 0, 0, 8, 128, 0, 0, 0, 0, 0, 0, 0, 0, 0, 0, 0, 0, 0]",1,128,128.0,3072.0,12694872391,12694882160,12922030089,12922032554,0,671,671,-1,1,9769,2465,32,128,128,3
12,3,"[8, 128, 0, 0, 0, 0, 0, 0, 0, 0, 0, 0, 0, 0, 0, 8, 128, 0, 0, 0, 0, 0, 0, 0, 0, 0, 0, 0, 0, 0]",1,128,128.0,3072.0,12694960150,12694967848,12922033225,12922035753,0,672,672,-1,1,7698,2528,32,128,128,3
16,3,"[8, 32, 128, 3, 3, 0, 0, 0, 0, 0, 0, 0, 0, 0, 0, 4, 0, 0, 0, 0, 0, 0, 0, 0, 0, 0, 0, 0, 0, 0]",72,128,36864.0,589828.0,12695043648,12695051733,12922036425,12922040521,0,576,576,-1,1,8085,4096,32,128,128,3
12,3,"[8, 32, 128, 3, 3, 0, 0, 0, 0, 0, 0, 0, 0, 0, 0, 8, 32, 128, 3, 3, 0, 0, 0, 0, 0, 0, 0, 0, 0, 0]",72,128,36864.0,884736.0,12695125694,12695132972,12922041097,12922045257,0,576,576,-1,1,7278,4160,32,128,128,3
12,3,"[8, 32, 128, 3, 3, 0, 0, 0, 0, 0, 0, 0, 0, 0, 0, 8, 32, 128, 3, 3, 0, 0, 0, 0, 0, 0, 0, 0, 0, 0]",72,128,36864.0,884736.0,12695206303,12695221663,12922045833,12922049833,0,672,672,-1,1,15360,4000,32,128,128,3
16,3,"[8, 1248, 0, 0, 0, 0, 0, 0, 0, 0, 0, 0, 0, 0, 0, 4, 0, 0, 0, 0, 0, 0, 0, 0, 0, 0, 0, 0, 0, 0]",3,128,1248.0,19972.0,12695294663,12705919598,12922050505,12922052969,0,736,736,-1,1,10624935,2464,32,128,128,3
12,3,"[8, 1248, 0, 0, 0, 0, 0, 0, 0, 0, 0, 0, 0, 0, 0, 8, 1248, 0, 0, 0, 0, 0, 0, 0, 0, 0, 0, 0, 0, 0]",3,128,1248.0,29952.0,12705999986,12706008029,12922053705,12922056297,0,608,608,-1,1,8043,2592,32,128,128,3
12,3,"[8, 1248, 0, 0, 0, 0, 0, 0, 0, 0, 0, 0, 0, 0, 0, 8, 1248, 0, 0, 0, 0, 0, 0, 0, 0, 0, 0, 0, 0, 0]",3,128,1248.0,29952.0,12706084262,12717379988,12922056905,12922059369,0,672,672,-1,1,11295726,2464,32,128,128,3
16,3,"[8, 1248, 0, 0, 0, 0, 0, 0, 0, 0, 0, 0, 0, 0, 0, 4, 0, 0, 0, 0, 0, 0, 0, 0, 0, 0, 0, 0, 0, 0]",3,128,1248.0,19972.0,12717457368,12717465446,12922060041,12922062473,0,640,640,-1,1,8078,2432,32,128,128,3
12,3,"[8, 1248, 0, 0, 0, 0, 0, 0, 0, 0, 0, 0, 0, 0, 0, 8, 1248, 0, 0, 0, 0, 0, 0, 0, 0, 0, 0, 0, 0, 0]",3,128,1248.0,29952.0,12717539780,12717868091,12922063113,12922065577,0,672,672,-1,1,328311,2464,32,128,128,3
12,3,"[8, 1248, 0, 0, 0, 0, 0, 0, 0, 0, 0, 0, 0, 0, 0, 8, 1248, 0, 0, 0, 0, 0, 0, 0, 0, 0, 0, 0, 0, 0]",3,128,1248.0,29952.0,12717942499,12718610631,12922066249,12922068745,0,704,704,-1,1,668132,2496,32,128,128,3
16,3,"[8, 128, 1248, 1, 1, 0, 0, 0, 0, 0, 0, 0, 0, 0, 0, 4, 0, 0, 0, 0, 0, 0, 0, 0, 0, 0, 0, 0, 0, 0]",312,128,159744.0,2555908.0,12718688357,12718696370,12922069449,12922080585,0,640,640,-1,1,8013,11136,32,128,128,3
12,3,"[8, 128, 1248, 1, 1, 0, 0, 0, 0, 0, 0, 0, 0, 0, 0, 8, 128, 1248, 1, 1, 0, 0, 0, 0, 0, 0, 0, 0, 0, 0]",312,128,159744.0,3833856.0,12718771188,12718778889,12922081225,12922089161,0,576,576,-1,1,7701,7936,32,128,128,3
12,3,"[8, 128, 1248, 1, 1, 0, 0, 0, 0, 0, 0, 0, 0, 0, 0, 8, 128, 1248, 1, 1, 0, 0, 0, 0, 0, 0, 0, 0, 0, 0]",312,128,159744.0,3833856.0,12718853246,12718860640,12922089737,12922100009,0,672,672,-1,1,7394,10272,32,128,128,3
16,3,"[8, 128, 0, 0, 0, 0, 0, 0, 0, 0, 0, 0, 0, 0, 0, 4, 0, 0, 0, 0, 0, 0, 0, 0, 0, 0, 0, 0, 0, 0]",1,128,128.0,2052.0,12718933912,12733998914,12922100681,12922102953,0,544,544,-1,1,15065002,2272,32,128,128,3
12,3,"[8, 128, 0, 0, 0, 0, 0, 0, 0, 0, 0, 0, 0, 0, 0, 8, 128, 0, 0, 0, 0, 0, 0, 0, 0, 0, 0, 0, 0, 0]",1,128,128.0,3072.0,12734089613,12734097850,12922103497,12922105961,0,736,736,-1,1,8237,2464,32,128,128,3
12,3,"[8, 128, 0, 0, 0, 0, 0, 0, 0, 0, 0, 0, 0, 0, 0, 8, 128, 0, 0, 0, 0, 0, 0, 0, 0, 0, 0, 0, 0, 0]",1,128,128.0,3072.0,12734174297,12741113281,12922106697,12922109193,0,576,576,-1,1,6938984,2496,32,128,128,3
16,3,"[8, 128, 0, 0, 0, 0, 0, 0, 0, 0, 0, 0, 0, 0, 0, 4, 0, 0, 0, 0, 0, 0, 0, 0, 0, 0, 0, 0, 0, 0]",1,128,128.0,2052.0,12741192105,12741200736,12922109769,12922112297,0,608,608,-1,1,8631,2528,32,128,128,3
12,3,"[8, 128, 0, 0, 0, 0, 0, 0, 0, 0, 0, 0, 0, 0, 0, 8, 128, 0, 0, 0, 0, 0, 0, 0, 0, 0, 0, 0, 0, 0]",1,128,128.0,3072.0,12741275313,12741843347,12922112905,12922115369,0,735,735,-1,1,568034,2464,32,128,128,3
12,3,"[8, 128, 0, 0, 0, 0, 0, 0, 0, 0, 0, 0, 0, 0, 0, 8, 128, 0, 0, 0, 0, 0, 0, 0, 0, 0, 0, 0, 0, 0]",1,128,128.0,3072.0,12741921382,12742908411,12922116104,12922118601,0,575,575,-1,1,987029,2497,32,128,128,3
16,3,"[8, 32, 128, 3, 3, 0, 0, 0, 0, 0, 0, 0, 0, 0, 0, 4, 0, 0, 0, 0, 0, 0, 0, 0, 0, 0, 0, 0, 0, 0]",72,128,36864.0,589828.0,12742986393,12742994833,12922119176,12922123305,0,736,736,-1,1,8440,4129,32,128,128,3
12,3,"[8, 32, 128, 3, 3, 0, 0, 0, 0, 0, 0, 0, 0, 0, 0, 8, 32, 128, 3, 3, 0, 0, 0, 0, 0, 0, 0, 0, 0, 0]",72,128,36864.0,884736.0,12743069913,12743077455,12922124041,12922128105,0,607,607,-1,1,7542,4064,32,128,128,3
12,3,"[8, 32, 128, 3, 3, 0, 0, 0, 0, 0, 0, 0, 0, 0, 0, 8, 32, 128, 3, 3, 0, 0, 0, 0, 0, 0, 0, 0, 0, 0]",72,128,36864.0,884736.0,12743152994,12743160633,12922128712,12922132648,0,609,609,-1,1,7639,3936,32,128,128,3
16,3,"[8, 1280, 0, 0, 0, 0, 0, 0, 0, 0, 0, 0, 0, 0, 0, 4, 0, 0, 0, 0, 0, 0, 0, 0, 0, 0, 0, 0, 0, 0]",3,128,1280.0,20484.0,12743234525,12743242160,12922133257,12922135720,0,672,672,-1,1,7635,2463,32,128,128,3
12,3,"[8, 1280, 0, 0, 0, 0, 0, 0, 0, 0, 0, 0, 0, 0, 0, 8, 1280, 0, 0, 0, 0, 0, 0, 0, 0, 0, 0, 0, 0, 0]",3,128,1280.0,30720.0,12743315412,12743332946,12922136392,12922138889,0,576,576,-1,1,17534,2497,32,128,128,3
12,3,"[8, 1280, 0, 0, 0, 0, 0, 0, 0, 0, 0, 0, 0, 0, 0, 8, 1280, 0, 0, 0, 0, 0, 0, 0, 0, 0, 0, 0, 0, 0]",3,128,1280.0,30720.0,12743407164,12743437578,12922139465,12922141960,0,704,704,-1,1,30414,2495,32,128,128,3
16,3,"[8, 1280, 0, 0, 0, 0, 0, 0, 0, 0, 0, 0, 0, 0, 0, 4, 0, 0, 0, 0, 0, 0, 0, 0, 0, 0, 0, 0, 0, 0]",3,128,1280.0,20484.0,12743511513,12743544140,12922142664,12922145096,0,704,704,-1,1,32627,2432,32,128,128,3
12,3,"[8, 1280, 0, 0, 0, 0, 0, 0, 0, 0, 0, 0, 0, 0, 0, 8, 1280, 0, 0, 0, 0, 0, 0, 0, 0, 0, 0, 0, 0, 0]",3,128,1280.0,30720.0,12743617750,12743689763,12922145800,12922148296,0,576,576,-1,1,72013,2496,32,128,128,3
12,3,"[8, 1280, 0, 0, 0, 0, 0, 0, 0, 0, 0, 0, 0, 0, 0, 8, 1280, 0, 0, 0, 0, 0, 0, 0, 0, 0, 0, 0, 0, 0]",3,128,1280.0,30720.0,12743766152,12754027178,12922148872,12922151400,0,672,672,-1,1,10261026,2528,32,128,128,3
16,3,"[8, 640, 1280, 1, 1, 0, 0, 0, 0, 0, 0, 0, 0, 0, 0, 4, 0, 0, 0, 0, 0, 0, 0, 0, 0, 0, 0, 0, 0, 0]",1600,128,819200.0,13107204.0,12754107043,12754115389,12922152072,12922207400,0,608,608,-1,1,8346,55328,32,128,128,3
12,3,"[8, 640, 1280, 1, 1, 0, 0, 0, 0, 0, 0, 0, 0, 0, 0, 8, 640, 1280, 1, 1, 0, 0, 0, 0, 0, 0, 0, 0, 0, 0]",1600,128,819200.0,19660800.0,12754191340,12765196465,12922208008,12922293543,0,736,736,-1,1,11005125,85535,32,128,128,3
12,3,"[8, 640, 1280, 1, 1, 0, 0, 0, 0, 0, 0, 0, 0, 0, 0, 8, 640, 1280, 1, 1, 0, 0, 0, 0, 0, 0, 0, 0, 0, 0]",1600,128,819200.0,19660800.0,12765275729,12765283692,12922294279,12922379174,0,608,608,-1,1,7963,84895,32,128,128,3
16,3,"[8, 640, 0, 0, 0, 0, 0, 0, 0, 0, 0, 0, 0, 0, 0, 4, 0, 0, 0, 0, 0, 0, 0, 0, 0, 0, 0, 0, 0, 0]",2,128,640.0,10244.0,12765358541,12765685027,12922379782,12922382694,0,608,608,-1,1,326486,2912,32,128,128,3
12,3,"[8, 640, 0, 0, 0, 0, 0, 0, 0, 0, 0, 0, 0, 0, 0, 8, 640, 0, 0, 0, 0, 0, 0, 0, 0, 0, 0, 0, 0, 0]",2,128,640.0,15360.0,12765759796,12766420264,12922383302,12922386086,0,544,544,-1,1,660468,2784,32,128,128,3
12,3,"[8, 640, 0, 0, 0, 0, 0, 0, 0, 0, 0, 0, 0, 0, 0, 8, 640, 0, 0, 0, 0, 0, 0, 0, 0, 0, 0, 0, 0, 0]",2,128,640.0,15360.0,12766496877,12766504547,12922386630,12922389126,0,704,704,-1,1,7670,2496,32,128,128,3
16,3,"[8, 640, 0, 0, 0, 0, 0, 0, 0, 0, 0, 0, 0, 0, 0, 4, 0, 0, 0, 0, 0, 0, 0, 0, 0, 0, 0, 0, 0, 0]",2,128,640.0,10244.0,12766577964,12766585381,12922389830,12922392262,0,704,704,-1,1,7417,2432,32,128,128,3
12,3,"[8, 640, 0, 0, 0, 0, 0, 0, 0, 0, 0, 0, 0, 0, 0, 8, 640, 0, 0, 0, 0, 0, 0, 0, 0, 0, 0, 0, 0, 0]",2,128,640.0,15360.0,12766658931,12766666062,12922392966,12922395430,0,672,672,-1,1,7131,2464,32,128,128,3
12,3,"[8, 640, 0, 0, 0, 0, 0, 0, 0, 0, 0, 0, 0, 0, 0, 8, 640, 0, 0, 0, 0, 0, 0, 0, 0, 0, 0, 0, 0, 0]",2,128,640.0,15360.0,12766740769,12781666246,12922396102,12922398597,0,704,704,-1,1,14925477,2495,32,128,128,3
16,3,"[8, 128, 640, 1, 1, 0, 0, 0, 0, 0, 0, 0, 0, 0, 0, 4, 0, 0, 0, 0, 0, 0, 0, 0, 0, 0, 0, 0, 0, 0]",160,128,81920.0,1310724.0,12781758380,12781768985,12922399301,12922405830,0,767,767,-1,1,10605,6529,32,128,128,3
12,3,"[8, 128, 640, 1, 1, 0, 0, 0, 0, 0, 0, 0, 0, 0, 0, 8, 128, 640, 1, 1, 0, 0, 0, 0, 0, 0, 0, 0, 0, 0]",160,128,81920.0,1966080.0,12781845575,12787208411,12922406597,12922412582,0,672,672,-1,1,5362836,5985,32,128,128,3
12,3,"[8, 128, 640, 1, 1, 0, 0, 0, 0, 0, 0, 0, 0, 0, 0, 8, 128, 640, 1, 1, 0, 0, 0, 0, 0, 0, 0, 0, 0, 0]",160,128,81920.0,1966080.0,12787289055,12787297253,12922413254,12922419397,0,577,577,-1,1,8198,6143,32,128,128,3
16,3,"[8, 128, 0, 0, 0, 0, 0, 0, 0, 0, 0, 0, 0, 0, 0, 4, 0, 0, 0, 0, 0, 0, 0, 0, 0, 0, 0, 0, 0, 0]",1,128,128.0,2052.0,12787501144,12787818483,12922419974,12922422246,0,735,735,-1,1,317339,2272,32,128,128,3
12,3,"[8, 128, 0, 0, 0, 0, 0, 0, 0, 0, 0, 0, 0, 0, 0, 8, 128, 0, 0, 0, 0, 0, 0, 0, 0, 0, 0, 0, 0, 0]",1,128,128.0,3072.0,12787904746,12788702001,12922422981,12922425413,0,768,768,-1,1,797255,2432,32,128,128,3
12,3,"[8, 128, 0, 0, 0, 0, 0, 0, 0, 0, 0, 0, 0, 0, 0, 8, 128, 0, 0, 0, 0, 0, 0, 0, 0, 0, 0, 0, 0, 0]",1,128,128.0,3072.0,12788781374,12788790141,12922426181,12922428581,0,544,544,-1,1,8767,2400,32,128,128,3
16,3,"[8, 128, 0, 0, 0, 0, 0, 0, 0, 0, 0, 0, 0, 0, 0, 4, 0, 0, 0, 0, 0, 0, 0, 0, 0, 0, 0, 0, 0, 0]",1,128,128.0,2052.0,12788865775,12788873522,12922429125,12922431365,0,704,704,-1,1,7747,2240,32,128,128,3
12,3,"[8, 128, 0, 0, 0, 0, 0, 0, 0, 0, 0, 0, 0, 0, 0, 8, 128, 0, 0, 0, 0, 0, 0, 0, 0, 0, 0, 0, 0, 0]",1,128,128.0,3072.0,12788946695,12788954264,12922432069,12922434533,0,672,672,-1,1,7569,2464,32,128,128,3
12,3,"[8, 128, 0, 0, 0, 0, 0, 0, 0, 0, 0, 0, 0, 0, 0, 8, 128, 0, 0, 0, 0, 0, 0, 0, 0, 0, 0, 0, 0, 0]",1,128,128.0,3072.0,12789029160,12789036489,12922435205,12922437669,0,544,544,-1,1,7329,2464,32,128,128,3
16,3,"[8, 32, 128, 3, 3, 0, 0, 0, 0, 0, 0, 0, 0, 0, 0, 4, 0, 0, 0, 0, 0, 0, 0, 0, 0, 0, 0, 0, 0, 0]",72,128,36864.0,589828.0,12789111055,12789123708,12922438213,12922442245,0,704,704,-1,1,12653,4032,32,128,128,3
12,3,"[8, 32, 128, 3, 3, 0, 0, 0, 0, 0, 0, 0, 0, 0, 0, 8, 32, 128, 3, 3, 0, 0, 0, 0, 0, 0, 0, 0, 0, 0]",72,128,36864.0,884736.0,12789200918,12789229891,12922442949,12922446981,0,704,704,-1,1,28973,4032,32,128,128,3
12,3,"[8, 32, 128, 3, 3, 0, 0, 0, 0, 0, 0, 0, 0, 0, 0, 8, 32, 128, 3, 3, 0, 0, 0, 0, 0, 0, 0, 0, 0, 0]",72,128,36864.0,884736.0,12789308360,12789373337,12922447685,12922451877,0,672,672,-1,1,64977,4192,32,128,128,3
16,3,"[8, 672, 0, 0, 0, 0, 0, 0, 0, 0, 0, 0, 0, 0, 0, 4, 0, 0, 0, 0, 0, 0, 0, 0, 0, 0, 0, 0, 0, 0]",2,128,672.0,10756.0,12789449131,12799574487,12922452549,12922455045,0,704,704,-1,1,10125356,2496,32,128,128,3
12,3,"[8, 672, 0, 0, 0, 0, 0, 0, 0, 0, 0, 0, 0, 0, 0, 8, 672, 0, 0, 0, 0, 0, 0, 0, 0, 0, 0, 0, 0, 0]",2,128,672.0,16128.0,12799652294,12799660488,12922455749,12922458213,0,608,608,-1,1,8194,2464,32,128,128,3
12,3,"[8, 672, 0, 0, 0, 0, 0, 0, 0, 0, 0, 0, 0, 0, 0, 8, 672, 0, 0, 0, 0, 0, 0, 0, 0, 0, 0, 0, 0, 0]",2,128,672.0,16128.0,12799734730,12810753251,12922458821,12922461381,0,640,640,-1,1,11018521,2560,32,128,128,3
16,3,"[8, 672, 0, 0, 0, 0, 0, 0, 0, 0, 0, 0, 0, 0, 0, 4, 0, 0, 0, 0, 0, 0, 0, 0, 0, 0, 0, 0, 0, 0]",2,128,672.0,10756.0,12810831002,12810839130,12922462021,12922464485,0,672,672,-1,1,8128,2464,32,128,128,3
12,3,"[8, 672, 0, 0, 0, 0, 0, 0, 0, 0, 0, 0, 0, 0, 0, 8, 672, 0, 0, 0, 0, 0, 0, 0, 0, 0, 0, 0, 0, 0]",2,128,672.0,16128.0,12810913289,12811242189,12922465157,12922467749,0,608,608,-1,1,328900,2592,32,128,128,3
12,3,"[8, 672, 0, 0, 0, 0, 0, 0, 0, 0, 0, 0, 0, 0, 0, 8, 672, 0, 0, 0, 0, 0, 0, 0, 0, 0, 0, 0, 0, 0]",2,128,672.0,16128.0,12811317152,12811986124,12922468357,12922470821,0,672,672,-1,1,668972,2464,32,128,128,3
16,3,"[8, 128, 672, 1, 1, 0, 0, 0, 0, 0, 0, 0, 0, 0, 0, 4, 0, 0, 0, 0, 0, 0, 0, 0, 0, 0, 0, 0, 0, 0]",168,128,86016.0,1376260.0,12812064643,12812073499,12922471493,12922478341,0,704,704,-1,1,8856,6848,32,128,128,3
12,3,"[8, 128, 672, 1, 1, 0, 0, 0, 0, 0, 0, 0, 0, 0, 0, 8, 128, 672, 1, 1, 0, 0, 0, 0, 0, 0, 0, 0, 0, 0]",168,128,86016.0,2064384.0,12812147764,12812155236,12922479045,12922484901,0,736,736,-1,1,7472,5856,32,128,128,3
12,3,"[8, 128, 672, 1, 1, 0, 0, 0, 0, 0, 0, 0, 0, 0, 0, 8, 128, 672, 1, 1, 0, 0, 0, 0, 0, 0, 0, 0, 0, 0]",168,128,86016.0,2064384.0,12812229512,12812236819,12922485637,12922491941,0,608,608,-1,1,7307,6304,32,128,128,3
16,3,"[8, 128, 0, 0, 0, 0, 0, 0, 0, 0, 0, 0, 0, 0, 0, 4, 0, 0, 0, 0, 0, 0, 0, 0, 0, 0, 0, 0, 0, 0]",1,128,128.0,2052.0,12812309544,12822275961,12922492549,12922494789,0,575,575,-1,1,9966417,2240,32,128,128,3
12,3,"[8, 128, 0, 0, 0, 0, 0, 0, 0, 0, 0, 0, 0, 0, 0, 8, 128, 0, 0, 0, 0, 0, 0, 0, 0, 0, 0, 0, 0, 0]",1,128,128.0,3072.0,12822356835,12822365104,12922495364,12922497989,0,640,640,-1,1,8269,2625,32,128,128,3
12,3,"[8, 128, 0, 0, 0, 0, 0, 0, 0, 0, 0, 0, 0, 0, 0, 8, 128, 0, 0, 0, 0, 0, 0, 0, 0, 0, 0, 0, 0, 0]",1,128,128.0,3072.0,12822442584,12827791063,12922498629,12922501061,0,576,576,-1,1,5348479,2432,32,128,128,3
16,3,"[8, 128, 0, 0, 0, 0, 0, 0, 0, 0, 0, 0, 0, 0, 0, 4, 0, 0, 0, 0, 0, 0, 0, 0, 0, 0, 0, 0, 0, 0]",1,128,128.0,2052.0,12827875102,12827883940,12922501637,12922503845,0,608,608,-1,1,8838,2208,32,128,128,3
12,3,"[8, 128, 0, 0, 0, 0, 0, 0, 0, 0, 0, 0, 0, 0, 0, 8, 128, 0, 0, 0, 0, 0, 0, 0, 0, 0, 0, 0, 0, 0]",1,128,128.0,3072.0,12827963760,12828276817,12922504453,12922506884,0,576,576,-1,1,313057,2431,32,128,128,3
12,3,"[8, 128, 0, 0, 0, 0, 0, 0, 0, 0, 0, 0, 0, 0, 0, 8, 128, 0, 0, 0, 0, 0, 0, 0, 0, 0, 0, 0, 0, 0]",1,128,128.0,3072.0,12828352375,12829015178,12922507460,12922509860,0,609,609,-1,1,662803,2400,32,128,128,3
16,3,"[8, 32, 128, 3, 3, 0, 0, 0, 0, 0, 0, 0, 0, 0, 0, 4, 0, 0, 0, 0, 0, 0, 0, 0, 0, 0, 0, 0, 0, 0]",72,128,36864.0,589828.0,12829091350,12829099305,12922510469,12922514533,0,607,607,-1,1,7955,4064,32,128,128,3
12,3,"[8, 32, 128, 3, 3, 0, 0, 0, 0, 0, 0, 0, 0, 0, 0, 8, 32, 128, 3, 3, 0, 0, 0, 0, 0, 0, 0, 0, 0, 0]",72,128,36864.0,884736.0,12829173615,12829181005,12922515140,12922519236,0,640,640,-1,1,7390,4096,32,128,128,3
12,3,"[8, 32, 128, 3, 3, 0, 0, 0, 0, 0, 0, 0, 0, 0, 0, 8, 32, 128, 3, 3, 0, 0, 0, 0, 0, 0, 0, 0, 0, 0]",72,128,36864.0,884736.0,12829257192,12829264890,12922519876,12922523812,0,736,736,-1,1,7698,3936,32,128,128,3
16,3,"[8, 704, 0, 0, 0, 0, 0, 0, 0, 0, 0, 0, 0, 0, 0, 4, 0, 0, 0, 0, 0, 0, 0, 0, 0, 0, 0, 0, 0, 0]",2,128,704.0,11268.0,12829337544,12829345391,12922524548,12922526980,0,576,576,-1,1,7847,2432,32,128,128,3
12,3,"[8, 704, 0, 0, 0, 0, 0, 0, 0, 0, 0, 0, 0, 0, 0, 8, 704, 0, 0, 0, 0, 0, 0, 0, 0, 0, 0, 0, 0, 0]",2,128,704.0,16896.0,12829418840,12829438622,12922527556,12922530212,0,736,736,-1,1,19782,2656,32,128,128,3
12,3,"[8, 704, 0, 0, 0, 0, 0, 0, 0, 0, 0, 0, 0, 0, 0, 8, 704, 0, 0, 0, 0, 0, 0, 0, 0, 0, 0, 0, 0, 0]",2,128,704.0,16896.0,12829513280,12829582148,12922530948,12922533380,0,704,704,-1,1,68868,2432,32,128,128,3
16,3,"[8, 704, 0, 0, 0, 0, 0, 0, 0, 0, 0, 0, 0, 0, 0, 4, 0, 0, 0, 0, 0, 0, 0, 0, 0, 0, 0, 0, 0, 0]",2,128,704.0,11268.0,12829658320,12839626833,12922534084,12922536484,0,608,608,-1,1,9968513,2400,32,128,128,3
12,3,"[8, 704, 0, 0, 0, 0, 0, 0, 0, 0, 0, 0, 0, 0, 0, 8, 704, 0, 0, 0, 0, 0, 0, 0, 0, 0, 0, 0, 0, 0]",2,128,704.0,16896.0,12839704383,12839712583,12922537092,12922539556,0,672,672,-1,1,8200,2464,32,128,128,3
12,3,"[8, 704, 0, 0, 0, 0, 0, 0, 0, 0, 0, 0, 0, 0, 0, 8, 704, 0, 0, 0, 0, 0, 0, 0, 0, 0, 0, 0, 0, 0]",2,128,704.0,16896.0,12839786894,12850564367,12922540228,12922542692,0,736,736,-1,1,10777473,2464,32,128,128,3
16,3,"[8, 128, 704, 1, 1, 0, 0, 0, 0, 0, 0, 0, 0, 0, 0, 4, 0, 0, 0, 0, 0, 0, 0, 0, 0, 0, 0, 0, 0, 0]",176,128,90112.0,1441796.0,12850642986,12850651384,12922543428,12922550148,0,576,576,-1,1,8398,6720,32,128,128,3
12,3,"[8, 128, 704, 1, 1, 0, 0, 0, 0, 0, 0, 0, 0, 0, 0, 8, 128, 704, 1, 1, 0, 0, 0, 0, 0, 0, 0, 0, 0, 0]",176,128,90112.0,2162688.0,12850724923,12851054749,12922550724,12922556612,0,576,576,-1,1,329826,5888,32,128,128,3
12,3,"[8, 128, 704, 1, 1, 0, 0, 0, 0, 0, 0, 0, 0, 0, 0, 8, 128, 704, 1, 1, 0, 0, 0, 0, 0, 0, 0, 0, 0, 0]",176,128,90112.0,2162688.0,12851129589,12851790155,12922557188,12922563300,0,672,672,-1,1,660566,6112,32,128,128,3
16,3,"[8, 128, 0, 0, 0, 0, 0, 0, 0, 0, 0, 0, 0, 0, 0, 4, 0, 0, 0, 0, 0, 0, 0, 0, 0, 0, 0, 0, 0, 0]",1,128,128.0,2052.0,12851864830,12851872699,12922563972,12922566244,0,544,544,-1,1,7869,2272,32,128,128,3
12,3,"[8, 128, 0, 0, 0, 0, 0, 0, 0, 0, 0, 0, 0, 0, 0, 8, 128, 0, 0, 0, 0, 0, 0, 0, 0, 0, 0, 0, 0, 0]",1,128,128.0,3072.0,12851950587,12851958440,12922566788,12922569252,0,736,736,-1,1,7853,2464,32,128,128,3
12,3,"[8, 128, 0, 0, 0, 0, 0, 0, 0, 0, 0, 0, 0, 0, 0, 8, 128, 0, 0, 0, 0, 0, 0, 0, 0, 0, 0, 0, 0, 0]",1,128,128.0,3072.0,12852031849,12852039492,12922569988,12922572612,0,640,640,-1,1,7643,2624,32,128,128,3
16,3,"[8, 128, 0, 0, 0, 0, 0, 0, 0, 0, 0, 0, 0, 0, 0, 4, 0, 0, 0, 0, 0, 0, 0, 0, 0, 0, 0, 0, 0, 0]",1,128,128.0,2052.0,12852112785,12862052420,12922573252,12922575460,0,672,672,-1,1,9939635,2208,32,128,128,3
12,3,"[8, 128, 0, 0, 0, 0, 0, 0, 0, 0, 0, 0, 0, 0, 0, 8, 128, 0, 0, 0, 0, 0, 0, 0, 0, 0, 0, 0, 0, 0]",1,128,128.0,3072.0,12862128417,12862136266,12922576132,12922578564,0,576,576,-1,1,7849,2432,32,128,128,3
12,3,"[8, 128, 0, 0, 0, 0, 0, 0, 0, 0, 0, 0, 0, 0, 0, 8, 128, 0, 0, 0, 0, 0, 0, 0, 0, 0, 0, 0, 0, 0]",1,128,128.0,3072.0,12862339939,12866160813,12922579140,12922581572,0,768,768,-1,1,3820874,2432,32,128,128,3
16,3,"[8, 32, 128, 3, 3, 0, 0, 0, 0, 0, 0, 0, 0, 0, 0, 4, 0, 0, 0, 0, 0, 0, 0, 0, 0, 0, 0, 0, 0, 0]",72,128,36864.0,589828.0,12866251965,12866261531,12922582340,12922586308,0,704,704,-1,1,9566,3968,32,128,128,3
12,3,"[8, 32, 128, 3, 3, 0, 0, 0, 0, 0, 0, 0, 0, 0, 0, 8, 32, 128, 3, 3, 0, 0, 0, 0, 0, 0, 0, 0, 0, 0]",72,128,36864.0,884736.0,12866339134,12866523872,12922587012,12922590948,0,736,736,-1,1,184738,3936,32,128,128,3
12,3,"[8, 32, 128, 3, 3, 0, 0, 0, 0, 0, 0, 0, 0, 0, 0, 8, 32, 128, 3, 3, 0, 0, 0, 0, 0, 0, 0, 0, 0, 0]",72,128,36864.0,884736.0,12866600024,12867082272,12922591684,12922595620,0,640,640,-1,1,482248,3936,32,128,128,3
16,3,"[8, 736, 0, 0, 0, 0, 0, 0, 0, 0, 0, 0, 0, 0, 0, 4, 0, 0, 0, 0, 0, 0, 0, 0, 0, 0, 0, 0, 0, 0]",2,128,736.0,11780.0,12867157885,12867165903,12922596260,12922598692,0,735,735,-1,1,8018,2432,32,128,128,3
12,3,"[8, 736, 0, 0, 0, 0, 0, 0, 0, 0, 0, 0, 0, 0, 0, 8, 736, 0, 0, 0, 0, 0, 0, 0, 0, 0, 0, 0, 0, 0]",2,128,736.0,17664.0,12867239196,12867246541,12922599427,12922601955,0,608,608,-1,1,7345,2528,32,128,128,3
12,3,"[8, 736, 0, 0, 0, 0, 0, 0, 0, 0, 0, 0, 0, 0, 0, 8, 736, 0, 0, 0, 0, 0, 0, 0, 0, 0, 0, 0, 0, 0]",2,128,736.0,17664.0,12867319473,12867326823,12922602563,12922605156,0,672,672,-1,1,7350,2593,32,128,128,3
16,3,"[8, 736, 0, 0, 0, 0, 0, 0, 0, 0, 0, 0, 0, 0, 0, 4, 0, 0, 0, 0, 0, 0, 0, 0, 0, 0, 0, 0, 0, 0]",2,128,736.0,11780.0,12867398975,12867406627,12922605828,12922608259,0,704,704,-1,1,7652,2431,32,128,128,3
12,3,"[8, 736, 0, 0, 0, 0, 0, 0, 0, 0, 0, 0, 0, 0, 0, 8, 736, 0, 0, 0, 0, 0, 0, 0, 0, 0, 0, 0, 0, 0]",2,128,736.0,17664.0,12867479780,12867543654,12922608963,12922611460,0,575,575,-1,1,63874,2497,32,128,128,3
12,3,"[8, 736, 0, 0, 0, 0, 0, 0, 0, 0, 0, 0, 0, 0, 0, 8, 736, 0, 0, 0, 0, 0, 0, 0, 0, 0, 0, 0, 0, 0]",2,128,736.0,17664.0,12867617360,12877545599,12922612035,12922614532,0,704,704,-1,1,9928239,2497,32,128,128,3
16,3,"[8, 128, 736, 1, 1, 0, 0, 0, 0, 0, 0, 0, 0, 0, 0, 4, 0, 0, 0, 0, 0, 0, 0, 0, 0, 0, 0, 0, 0, 0]",184,128,94208.0,1507332.0,12877637122,12877647584,12922615236,12922622755,0,672,672,-1,1,10462,7519,32,128,128,3
12,3,"[8, 128, 736, 1, 1, 0, 0, 0, 0, 0, 0, 0, 0, 0, 0, 8, 128, 736, 1, 1, 0, 0, 0, 0, 0, 0, 0, 0, 0, 0]",184,128,94208.0,2260992.0,12877723056,12888519098,12922623427,12922629539,0,672,672,-1,1,10796042,6112,32,128,128,3
12,3,"[8, 128, 736, 1, 1, 0, 0, 0, 0, 0, 0, 0, 0, 0, 0, 8, 128, 736, 1, 1, 0, 0, 0, 0, 0, 0, 0, 0, 0, 0]",184,128,94208.0,2260992.0,12888598139,12888606184,12922630211,12922636547,0,640,640,-1,1,8045,6336,32,128,128,3
16,3,"[8, 128, 0, 0, 0, 0, 0, 0, 0, 0, 0, 0, 0, 0, 0, 4, 0, 0, 0, 0, 0, 0, 0, 0, 0, 0, 0, 0, 0, 0]",1,128,128.0,2052.0,12888680261,12889007588,12922637187,12922639459,0,608,608,-1,1,327327,2272,32,128,128,3
12,3,"[8, 128, 0, 0, 0, 0, 0, 0, 0, 0, 0, 0, 0, 0, 0, 8, 128, 0, 0, 0, 0, 0, 0, 0, 0, 0, 0, 0, 0, 0]",1,128,128.0,3072.0,12889082071,12889742861,12922640067,12922642627,0,640,640,-1,1,660790,2560,32,128,128,3
12,3,"[8, 128, 0, 0, 0, 0, 0, 0, 0, 0, 0, 0, 0, 0, 0, 8, 128, 0, 0, 0, 0, 0, 0, 0, 0, 0, 0, 0, 0, 0]",1,128,128.0,3072.0,12889819451,12889827177,12922643267,12922645827,0,640,640,-1,1,7726,2560,32,128,128,3
16,3,"[8, 128, 0, 0, 0, 0, 0, 0, 0, 0, 0, 0, 0, 0, 0, 4, 0, 0, 0, 0, 0, 0, 0, 0, 0, 0, 0, 0, 0, 0]",1,128,128.0,2052.0,12889901090,12889908643,12922646467,12922648675,0,608,608,-1,1,7553,2208,32,128,128,3
12,3,"[8, 128, 0, 0, 0, 0, 0, 0, 0, 0, 0, 0, 0, 0, 0, 8, 128, 0, 0, 0, 0, 0, 0, 0, 0, 0, 0, 0, 0, 0]",1,128,128.0,3072.0,12889981426,12889988752,12922649283,12922651779,0,640,640,-1,1,7326,2496,32,128,128,3
12,3,"[8, 128, 0, 0, 0, 0, 0, 0, 0, 0, 0, 0, 0, 0, 0, 8, 128, 0, 0, 0, 0, 0, 0, 0, 0, 0, 0, 0, 0, 0]",1,128,128.0,3072.0,12890061423,12894922894,12922652419,12922654883,0,736,736,-1,1,4861471,2464,32,128,128,3
16,3,"[8, 32, 128, 3, 3, 0, 0, 0, 0, 0, 0, 0, 0, 0, 0, 4, 0, 0, 0, 0, 0, 0, 0, 0, 0, 0, 0, 0, 0, 0]",72,128,36864.0,589828.0,12895000206,12895008482,12922655619,12922659619,0,672,672,-1,1,8276,4000,32,128,128,3
12,3,"[8, 32, 128, 3, 3, 0, 0, 0, 0, 0, 0, 0, 0, 0, 0, 8, 32, 128, 3, 3, 0, 0, 0, 0, 0, 0, 0, 0, 0, 0]",72,128,36864.0,884736.0,12895083993,12897688439,12922660291,12922664355,0,672,672,-1,1,2604446,4064,32,128,128,3
12,3,"[8, 32, 128, 3, 3, 0, 0, 0, 0, 0, 0, 0, 0, 0, 0, 8, 32, 128, 3, 3, 0, 0, 0, 0, 0, 0, 0, 0, 0, 0]",72,128,36864.0,884736.0,12897766236,12897776479,12922665027,12922669059,0,576,576,-1,1,10243,4032,32,128,128,3
16,3,"[8, 768, 0, 0, 0, 0, 0, 0, 0, 0, 0, 0, 0, 0, 0, 4, 0, 0, 0, 0, 0, 0, 0, 0, 0, 0, 0, 0, 0, 0]",2,128,768.0,12292.0,12897854065,12897928721,12922669635,12922672067,0,640,640,-1,1,74656,2432,32,128,128,3
12,3,"[8, 768, 0, 0, 0, 0, 0, 0, 0, 0, 0, 0, 0, 0, 0, 8, 768, 0, 0, 0, 0, 0, 0, 0, 0, 0, 0, 0, 0, 0]",2,128,768.0,18432.0,12898006190,12898281949,12922672707,12922675299,0,608,608,-1,1,275759,2592,32,128,128,3
12,3,"[8, 768, 0, 0, 0, 0, 0, 0, 0, 0, 0, 0, 0, 0, 0, 8, 768, 0, 0, 0, 0, 0, 0, 0, 0, 0, 0, 0, 0, 0]",2,128,768.0,18432.0,12898381805,12898390734,12922675907,12922678371,0,672,672,-1,1,8929,2464,32,128,128,3
16,3,"[8, 768, 0, 0, 0, 0, 0, 0, 0, 0, 0, 0, 0, 0, 0, 4, 0, 0, 0, 0, 0, 0, 0, 0, 0, 0, 0, 0, 0, 0]",2,128,768.0,12292.0,12898469622,12898477725,12922679043,12922681506,0,545,545,-1,1,8103,2463,32,128,128,3
12,3,"[8, 768, 0, 0, 0, 0, 0, 0, 0, 0, 0, 0, 0, 0, 0, 8, 768, 0, 0, 0, 0, 0, 0, 0, 0, 0, 0, 0, 0, 0]",2,128,768.0,18432.0,12898555351,12898563244,12922682051,12922684611,0,640,640,-1,1,7893,2560,32,128,128,3
12,3,"[8, 768, 0, 0, 0, 0, 0, 0, 0, 0, 0, 0, 0, 0, 0, 8, 768, 0, 0, 0, 0, 0, 0, 0, 0, 0, 0, 0, 0, 0]",2,128,768.0,18432.0,12898641067,12899114253,12922685251,12922687715,0,671,671,-1,1,473186,2464,32,128,128,3
16,3,"[8, 128, 768, 1, 1, 0, 0, 0, 0, 0, 0, 0, 0, 0, 0, 4, 0, 0, 0, 0, 0, 0, 0, 0, 0, 0, 0, 0, 0, 0]",192,128,98304.0,1572868.0,12899194097,12899795032,12922688386,12922695747,0,576,576,-1,1,600935,7361,32,128,128,3
12,3,"[8, 128, 768, 1, 1, 0, 0, 0, 0, 0, 0, 0, 0, 0, 0, 8, 128, 768, 1, 1, 0, 0, 0, 0, 0, 0, 0, 0, 0, 0]",192,128,98304.0,2359296.0,12899870666,12900772240,12922696323,12922702339,0,704,704,-1,1,901574,6016,32,128,128,3
12,3,"[8, 128, 768, 1, 1, 0, 0, 0, 0, 0, 0, 0, 0, 0, 0, 8, 128, 768, 1, 1, 0, 0, 0, 0, 0, 0, 0, 0, 0, 0]",192,128,98304.0,2359296.0,12900850606,12902184772,12922703043,12922709730,0,609,609,-1,1,1334166,6687,32,128,128,3
16,3,"[8, 128, 0, 0, 0, 0, 0, 0, 0, 0, 0, 0, 0, 0, 0, 4, 0, 0, 0, 0, 0, 0, 0, 0, 0, 0, 0, 0, 0, 0]",1,128,128.0,2052.0,12902258181,12902266090,12922710339,12922712579,0,575,575,-1,1,7909,2240,32,128,128,3
12,3,"[8, 128, 0, 0, 0, 0, 0, 0, 0, 0, 0, 0, 0, 0, 0, 8, 128, 0, 0, 0, 0, 0, 0, 0, 0, 0, 0, 0, 0, 0]",1,128,128.0,3072.0,12902340279,12902349839,12922713154,12922715650,0,704,704,-1,1,9560,2496,32,128,128,3
12,3,"[8, 128, 0, 0, 0, 0, 0, 0, 0, 0, 0, 0, 0, 0, 0, 8, 128, 0, 0, 0, 0, 0, 0, 0, 0, 0, 0, 0, 0, 0]",1,128,128.0,3072.0,12902424956,12902432030,12922716354,12922718818,0,736,736,-1,1,7074,2464,32,128,128,3
16,3,"[8, 128, 0, 0, 0, 0, 0, 0, 0, 0, 0, 0, 0, 0, 0, 4, 0, 0, 0, 0, 0, 0, 0, 0, 0, 0, 0, 0, 0, 0]",1,128,128.0,2052.0,12902505630,12918519315,12922719554,12922721794,0,704,704,-1,1,16013685,2240,32,128,128,3
12,3,"[8, 128, 0, 0, 0, 0, 0, 0, 0, 0, 0, 0, 0, 0, 0, 8, 128, 0, 0, 0, 0, 0, 0, 0, 0, 0, 0, 0, 0, 0]",1,128,128.0,3072.0,12918597815,12918606127,12922722498,12922724994,0,576,576,-1,1,8312,2496,32,128,128,3
12,3,"[8, 128, 0, 0, 0, 0, 0, 0, 0, 0, 0, 0, 0, 0, 0, 8, 128, 0, 0, 0, 0, 0, 0, 0, 0, 0, 0, 0, 0, 0]",1,128,128.0,3072.0,12918680768,12918688479,12922725570,12922728034,0,736,736,-1,1,7711,2464,32,128,128,3
16,3,"[8, 32, 128, 3, 3, 0, 0, 0, 0, 0, 0, 0, 0, 0, 0, 4, 0, 0, 0, 0, 0, 0, 0, 0, 0, 0, 0, 0, 0, 0]",72,128,36864.0,589828.0,12918763144,12918770826,12922728770,12922732770,0,672,672,-1,1,7682,4000,32,128,128,3
12,3,"[8, 32, 128, 3, 3, 0, 0, 0, 0, 0, 0, 0, 0, 0, 0, 8, 32, 128, 3, 3, 0, 0, 0, 0, 0, 0, 0, 0, 0, 0]",72,128,36864.0,884736.0,12918844160,12918851176,12922733442,12922737826,0,544,544,-1,1,7016,4384,32,128,128,3
12,3,"[8, 32, 128, 3, 3, 0, 0, 0, 0, 0, 0, 0, 0, 0, 0, 8, 32, 128, 3, 3, 0, 0, 0, 0, 0, 0, 0, 0, 0, 0]",72,128,36864.0,884736.0,12918924551,12918931649,12922738370,12922742306,0,608,608,-1,1,7098,3936,32,128,128,3
16,3,"[8, 800, 0, 0, 0, 0, 0, 0, 0, 0, 0, 0, 0, 0, 0, 4, 0, 0, 0, 0, 0, 0, 0, 0, 0, 0, 0, 0, 0, 0]",2,128,800.0,12804.0,12919004532,12919011955,12922742914,12922745602,0,640,640,-1,1,7423,2688,32,128,128,3
12,3,"[8, 800, 0, 0, 0, 0, 0, 0, 0, 0, 0, 0, 0, 0, 0, 8, 800, 0, 0, 0, 0, 0, 0, 0, 0, 0, 0, 0, 0, 0]",2,128,800.0,19200.0,12919211055,12919220308,12922746242,12922748930,0,704,704,-1,1,9253,2688,32,128,128,3
12,3,"[8, 800, 0, 0, 0, 0, 0, 0, 0, 0, 0, 0, 0, 0, 0, 8, 800, 0, 0, 0, 0, 0, 0, 0, 0, 0, 0, 0, 0, 0]",2,128,800.0,19200.0,12919302224,12919310103,12922749634,12922752130,0,704,704,-1,1,7879,2496,32,128,128,3
16,3,"[8, 800, 0, 0, 0, 0, 0, 0, 0, 0, 0, 0, 0, 0, 0, 4, 0, 0, 0, 0, 0, 0, 0, 0, 0, 0, 0, 0, 0, 0]",2,128,800.0,12804.0,12919386729,12919395742,12922752834,12922755298,0,736,736,-1,1,9013,2464,32,128,128,3
12,3,"[8, 800, 0, 0, 0, 0, 0, 0, 0, 0, 0, 0, 0, 0, 0, 8, 800, 0, 0, 0, 0, 0, 0, 0, 0, 0, 0, 0, 0, 0]",2,128,800.0,19200.0,12919469776,12919477533,12922756034,12922758690,0,608,608,-1,1,7757,2656,32,128,128,3
12,3,"[8, 800, 0, 0, 0, 0, 0, 0, 0, 0, 0, 0, 0, 0, 0, 8, 800, 0, 0, 0, 0, 0, 0, 0, 0, 0, 0, 0, 0, 0]",2,128,800.0,19200.0,12919549615,12919557055,12922759298,12922761762,0,672,672,-1,1,7440,2464,32,128,128,3
16,3,"[8, 128, 800, 1, 1, 0, 0, 0, 0, 0, 0, 0, 0, 0, 0, 4, 0, 0, 0, 0, 0, 0, 0, 0, 0, 0, 0, 0, 0, 0]",200,128,102400.0,1638404.0,12919631306,12919638764,12922762434,12922770210,0,672,672,-1,1,7458,7776,32,128,128,3
12,3,"[8, 128, 800, 1, 1, 0, 0, 0, 0, 0, 0, 0, 0, 0, 0, 8, 128, 800, 1, 1, 0, 0, 0, 0, 0, 0, 0, 0, 0, 0]",200,128,102400.0,2457600.0,12919712047,12919719334,12922770882,12922776897,0,641,641,-1,1,7287,6015,32,128,128,3
12,3,"[8, 128, 800, 1, 1, 0, 0, 0, 0, 0, 0, 0, 0, 0, 0, 8, 128, 800, 1, 1, 0, 0, 0, 0, 0, 0, 0, 0, 0, 0]",200,128,102400.0,2457600.0,12919793885,12919800900,12922777538,12922784706,0,704,704,-1,1,7015,7168,32,128,128,3
16,3,"[8, 128, 0, 0, 0, 0, 0, 0, 0, 0, 0, 0, 0, 0, 0, 4, 0, 0, 0, 0, 0, 0, 0, 0, 0, 0, 0, 0, 0, 0]",1,128,128.0,2052.0,12919874744,12919882080,12922785410,12922787650,0,575,575,-1,1,7336,2240,32,128,128,3
12,3,"[8, 128, 0, 0, 0, 0, 0, 0, 0, 0, 0, 0, 0, 0, 0, 8, 128, 0, 0, 0, 0, 0, 0, 0, 0, 0, 0, 0, 0, 0]",1,128,128.0,3072.0,12919961366,12919969106,12922788225,12922790657,0,577,577,-1,1,7740,2432,32,128,128,3
12,3,"[8, 128, 0, 0, 0, 0, 0, 0, 0, 0, 0, 0, 0, 0, 0, 8, 128, 0, 0, 0, 0, 0, 0, 0, 0, 0, 0, 0, 0, 0]",1,128,128.0,3072.0,12920044522,12920051893,12922791234,12922793794,0,639,639,-1,1,7371,2560,32,128,128,3
16,3,"[8, 128, 0, 0, 0, 0, 0, 0, 0, 0, 0, 0, 0, 0, 0, 4, 0, 0, 0, 0, 0, 0, 0, 0, 0, 0, 0, 0, 0, 0]",1,128,128.0,2052.0,12920124017,12920131402,12922794433,12922796641,0,608,608,-1,1,7385,2208,32,128,128,3
12,3,"[8, 128, 0, 0, 0, 0, 0, 0, 0, 0, 0, 0, 0, 0, 0, 8, 128, 0, 0, 0, 0, 0, 0, 0, 0, 0, 0, 0, 0, 0]",1,128,128.0,3072.0,12920205209,12920212530,12922797249,12922799682,0,704,704,-1,1,7321,2433,32,128,128,3
12,3,"[8, 128, 0, 0, 0, 0, 0, 0, 0, 0, 0, 0, 0, 0, 0, 8, 128, 0, 0, 0, 0, 0, 0, 0, 0, 0, 0, 0, 0, 0]",1,128,128.0,3072.0,12920286337,12920295274,12922800386,12922802817,0,641,641,-1,1,8937,2431,32,128,128,3
16,3,"[8, 32, 128, 3, 3, 0, 0, 0, 0, 0, 0, 0, 0, 0, 0, 4, 0, 0, 0, 0, 0, 0, 0, 0, 0, 0, 0, 0, 0, 0]",72,128,36864.0,589828.0,12920369711,12920377372,12922803458,12922807553,0,608,608,-1,1,7661,4095,32,128,128,3
12,3,"[8, 32, 128, 3, 3, 0, 0, 0, 0, 0, 0, 0, 0, 0, 0, 8, 32, 128, 3, 3, 0, 0, 0, 0, 0, 0, 0, 0, 0, 0]",72,128,36864.0,884736.0,12920452315,12920459646,12922808161,12922812162,0,704,704,-1,1,7331,4001,32,128,128,3
12,3,"[8, 32, 128, 3, 3, 0, 0, 0, 0, 0, 0, 0, 0, 0, 0, 8, 32, 128, 3, 3, 0, 0, 0, 0, 0, 0, 0, 0, 0, 0]",72,128,36864.0,884736.0,12920532622,12920539874,12922812866,12922816833,0,704,704,-1,1,7252,3967,32,128,128,3
16,3,"[8, 832, 0, 0, 0, 0, 0, 0, 0, 0, 0, 0, 0, 0, 0, 4, 0, 0, 0, 0, 0, 0, 0, 0, 0, 0, 0, 0, 0, 0]",2,128,832.0,13316.0,12920611970,12920619428,12922817537,12922820001,0,608,608,-1,1,7458,2464,32,128,128,3
12,3,"[8, 832, 0, 0, 0, 0, 0, 0, 0, 0, 0, 0, 0, 0, 0, 8, 832, 0, 0, 0, 0, 0, 0, 0, 0, 0, 0, 0, 0, 0]",2,128,832.0,19968.0,12920692695,12920699764,12922820609,12922823265,0,544,544,-1,1,7069,2656,32,128,128,3
12,3,"[8, 832, 0, 0, 0, 0, 0, 0, 0, 0, 0, 0, 0, 0, 0, 8, 832, 0, 0, 0, 0, 0, 0, 0, 0, 0, 0, 0, 0, 0]",2,128,832.0,19968.0,12920773599,12920780924,12922823809,12922826369,0,640,640,-1,1,7325,2560,32,128,128,3
16,3,"[8, 832, 0, 0, 0, 0, 0, 0, 0, 0, 0, 0, 0, 0, 0, 4, 0, 0, 0, 0, 0, 0, 0, 0, 0, 0, 0, 0, 0, 0]",2,128,832.0,13316.0,12920853109,12920860682,12922827009,12922829441,0,704,704,-1,1,7573,2432,32,128,128,3
12,3,"[8, 832, 0, 0, 0, 0, 0, 0, 0, 0, 0, 0, 0, 0, 0, 8, 832, 0, 0, 0, 0, 0, 0, 0, 0, 0, 0, 0, 0, 0]",2,128,832.0,19968.0,12920933727,12920942200,12922830145,12922832769,0,640,640,-1,1,8473,2624,32,128,128,3
12,3,"[8, 832, 0, 0, 0, 0, 0, 0, 0, 0, 0, 0, 0, 0, 0, 8, 832, 0, 0, 0, 0, 0, 0, 0, 0, 0, 0, 0, 0, 0]",2,128,832.0,19968.0,12921016012,12921023197,12922833409,12922835969,0,576,576,-1,1,7185,2560,32,128,128,3
16,3,"[8, 128, 832, 1, 1, 0, 0, 0, 0, 0, 0, 0, 0, 0, 0, 4, 0, 0, 0, 0, 0, 0, 0, 0, 0, 0, 0, 0, 0, 0]",208,128,106496.0,1703940.0,12921096666,12921104064,12922836545,12922844129,0,736,736,-1,1,7398,7584,32,128,128,3
12,3,"[8, 128, 832, 1, 1, 0, 0, 0, 0, 0, 0, 0, 0, 0, 0, 8, 128, 832, 1, 1, 0, 0, 0, 0, 0, 0, 0, 0, 0, 0]",208,128,106496.0,2555904.0,12921182168,12921189575,12922844865,12922851009,0,640,640,-1,1,7407,6144,32,128,128,3
12,3,"[8, 128, 832, 1, 1, 0, 0, 0, 0, 0, 0, 0, 0, 0, 0, 8, 128, 832, 1, 1, 0, 0, 0, 0, 0, 0, 0, 0, 0, 0]",208,128,106496.0,2555904.0,12921263851,12921271554,12922851649,12922859201,0,576,576,-1,1,7703,7552,32,128,128,3
16,3,"[8, 128, 0, 0, 0, 0, 0, 0, 0, 0, 0, 0, 0, 0, 0, 4, 0, 0, 0, 0, 0, 0, 0, 0, 0, 0, 0, 0, 0, 0]",1,128,128.0,2052.0,12921343401,12921350587,12922859777,12922862017,0,576,576,-1,1,7186,2240,32,128,128,3
12,3,"[8, 128, 0, 0, 0, 0, 0, 0, 0, 0, 0, 0, 0, 0, 0, 8, 128, 0, 0, 0, 0, 0, 0, 0, 0, 0, 0, 0, 0, 0]",1,128,128.0,3072.0,12921421745,12921428667,12922862593,12922865185,0,608,608,-1,1,6922,2592,32,128,128,3
12,3,"[8, 128, 0, 0, 0, 0, 0, 0, 0, 0, 0, 0, 0, 0, 0, 8, 128, 0, 0, 0, 0, 0, 0, 0, 0, 0, 0, 0, 0, 0]",1,128,128.0,3072.0,12921501858,12921508968,12922865793,12922868257,0,672,672,-1,1,7110,2464,32,128,128,3
16,3,"[8, 128, 0, 0, 0, 0, 0, 0, 0, 0, 0, 0, 0, 0, 0, 4, 0, 0, 0, 0, 0, 0, 0, 0, 0, 0, 0, 0, 0, 0]",1,128,128.0,2052.0,12921580711,12921587928,12922868929,12922871201,0,608,608,-1,1,7217,2272,32,128,128,3
12,3,"[8, 128, 0, 0, 0, 0, 0, 0, 0, 0, 0, 0, 0, 0, 0, 8, 128, 0, 0, 0, 0, 0, 0, 0, 0, 0, 0, 0, 0, 0]",1,128,128.0,3072.0,12921661049,12921668449,12922871809,12922874368,0,641,641,-1,1,7400,2559,32,128,128,3
12,3,"[8, 128, 0, 0, 0, 0, 0, 0, 0, 0, 0, 0, 0, 0, 0, 8, 128, 0, 0, 0, 0, 0, 0, 0, 0, 0, 0, 0, 0, 0]",1,128,128.0,3072.0,12921742236,12921749229,12922875009,12922877472,0,672,672,-1,1,6993,2463,32,128,128,3
16,3,"[8, 32, 128, 3, 3, 0, 0, 0, 0, 0, 0, 0, 0, 0, 0, 4, 0, 0, 0, 0, 0, 0, 0, 0, 0, 0, 0, 0, 0, 0]",72,128,36864.0,589828.0,12921823798,12921831181,12922878144,12922882145,0,736,736,-1,1,7383,4001,32,128,128,3
12,3,"[8, 32, 128, 3, 3, 0, 0, 0, 0, 0, 0, 0, 0, 0, 0, 8, 32, 128, 3, 3, 0, 0, 0, 0, 0, 0, 0, 0, 0, 0]",72,128,36864.0,884736.0,12921905640,12921912816,12922882881,12922886945,0,607,607,-1,1,7176,4064,32,128,128,3
12,3,"[8, 32, 128, 3, 3, 0, 0, 0, 0, 0, 0, 0, 0, 0, 0, 8, 32, 128, 3, 3, 0, 0, 0, 0, 0, 0, 0, 0, 0, 0]",72,128,36864.0,884736.0,12921986060,12921993134,12922887552,12922891648,0,737,737,-1,1,7074,4096,32,128,128,3
16,3,"[8, 864, 0, 0, 0, 0, 0, 0, 0, 0, 0, 0, 0, 0, 0, 4, 0, 0, 0, 0, 0, 0, 0, 0, 0, 0, 0, 0, 0, 0]",2,128,864.0,13828.0,12922066214,12922073926,12922892385,12922894785,0,639,639,-1,1,7712,2400,32,128,128,3
12,3,"[8, 864, 0, 0, 0, 0, 0, 0, 0, 0, 0, 0, 0, 0, 0, 8, 864, 0, 0, 0, 0, 0, 0, 0, 0, 0, 0, 0, 0, 0]",2,128,864.0,20736.0,12922146411,12922153524,12922895424,12922898176,0,576,576,-1,1,7113,2752,32,128,128,3
12,3,"[8, 864, 0, 0, 0, 0, 0, 0, 0, 0, 0, 0, 0, 0, 0, 8, 864, 0, 0, 0, 0, 0, 0, 0, 0, 0, 0, 0, 0, 0]",2,128,864.0,20736.0,12922226710,12922233632,12922898752,12922901344,0,608,608,-1,1,6922,2592,32,128,128,3
16,3,"[8, 864, 0, 0, 0, 0, 0, 0, 0, 0, 0, 0, 0, 0, 0, 4, 0, 0, 0, 0, 0, 0, 0, 0, 0, 0, 0, 0, 0, 0]",2,128,864.0,13828.0,12922304706,12922312201,12922901952,12922904352,0,608,608,-1,1,7495,2400,32,128,128,3
12,3,"[8, 864, 0, 0, 0, 0, 0, 0, 0, 0, 0, 0, 0, 0, 0, 8, 864, 0, 0, 0, 0, 0, 0, 0, 0, 0, 0, 0, 0, 0]",2,128,864.0,20736.0,12922386249,12922393411,12922904960,12922907520,0,576,576,-1,1,7162,2560,32,128,128,3
12,3,"[8, 864, 0, 0, 0, 0, 0, 0, 0, 0, 0, 0, 0, 0, 0, 8, 864, 0, 0, 0, 0, 0, 0, 0, 0, 0, 0, 0, 0, 0]",2,128,864.0,20736.0,12922467331,12922474317,12922908096,12922910688,0,608,608,-1,1,6986,2592,32,128,128,3
16,3,"[8, 128, 864, 1, 1, 0, 0, 0, 0, 0, 0, 0, 0, 0, 0, 4, 0, 0, 0, 0, 0, 0, 0, 0, 0, 0, 0, 0, 0, 0]",216,128,110592.0,1769476.0,12922547102,12922554766,12922911296,12922919008,0,608,608,-1,1,7664,7712,32,128,128,3
12,3,"[8, 128, 864, 1, 1, 0, 0, 0, 0, 0, 0, 0, 0, 0, 0, 8, 128, 864, 1, 1, 0, 0, 0, 0, 0, 0, 0, 0, 0, 0]",216,128,110592.0,2654208.0,12922760132,12922769803,12922919616,12922925888,0,704,704,-1,1,9671,6272,32,128,128,3
12,3,"[8, 128, 864, 1, 1, 0, 0, 0, 0, 0, 0, 0, 0, 0, 0, 8, 128, 864, 1, 1, 0, 0, 0, 0, 0, 0, 0, 0, 0, 0]",216,128,110592.0,2654208.0,12922847178,12922854996,12922926592,12922934048,0,2592,2592,-1,1,7818,7456,32,128,128,3
16,3,"[8, 128, 0, 0, 0, 0, 0, 0, 0, 0, 0, 0, 0, 0, 0, 4, 0, 0, 0, 0, 0, 0, 0, 0, 0, 0, 0, 0, 0, 0]",1,128,128.0,2052.0,12922928868,12922936523,12922936640,12922938912,0,80031,80031,-1,1,7655,2272,32,128,128,3
12,3,"[8, 128, 0, 0, 0, 0, 0, 0, 0, 0, 0, 0, 0, 0, 0, 8, 128, 0, 0, 0, 0, 0, 0, 0, 0, 0, 0, 0, 0, 0]",1,128,128.0,3072.0,12923011002,12923018674,12923018943,12923021471,0,78751,78751,-1,1,7672,2528,32,128,128,3
12,3,"[8, 128, 0, 0, 0, 0, 0, 0, 0, 0, 0, 0, 0, 0, 0, 8, 128, 0, 0, 0, 0, 0, 0, 0, 0, 0, 0, 0, 0, 0]",1,128,128.0,3072.0,12923092466,12923099783,12923100222,12923102654,0,83711,83711,-1,1,7317,2432,32,128,128,3
16,3,"[8, 128, 0, 0, 0, 0, 0, 0, 0, 0, 0, 0, 0, 0, 0, 4, 0, 0, 0, 0, 0, 0, 0, 0, 0, 0, 0, 0, 0, 0]",1,128,128.0,2052.0,12923178041,12923186151,12923186365,12923188605,0,78911,78911,-1,1,8110,2240,32,128,128,3
12,3,"[8, 128, 0, 0, 0, 0, 0, 0, 0, 0, 0, 0, 0, 0, 0, 8, 128, 0, 0, 0, 0, 0, 0, 0, 0, 0, 0, 0, 0, 0]",1,128,128.0,3072.0,12923259671,12923267024,12923267516,12923269916,0,77536,77536,-1,1,7353,2400,32,128,128,3
12,3,"[8, 128, 0, 0, 0, 0, 0, 0, 0, 0, 0, 0, 0, 0, 0, 8, 128, 0, 0, 0, 0, 0, 0, 0, 0, 0, 0, 0, 0, 0]",1,128,128.0,3072.0,12923340086,12923347062,12923347452,12923349883,0,77952,77952,-1,1,6976,2431,32,128,128,3
16,3,"[8, 32, 128, 3, 3, 0, 0, 0, 0, 0, 0, 0, 0, 0, 0, 4, 0, 0, 0, 0, 0, 0, 0, 0, 0, 0, 0, 0, 0, 0]",72,128,36864.0,589828.0,12923420099,12923427563,12923427835,12923431931,0,122943,122943,-1,1,7464,4096,32,128,128,3
12,3,"[8, 32, 128, 3, 3, 0, 0, 0, 0, 0, 0, 0, 0, 0, 0, 8, 32, 128, 3, 3, 0, 0, 0, 0, 0, 0, 0, 0, 0, 0]",72,128,36864.0,884736.0,12923544595,12923554817,12923554874,12923558969,0,97343,97343,-1,1,10222,4095,32,128,128,3
12,3,"[8, 32, 128, 3, 3, 0, 0, 0, 0, 0, 0, 0, 0, 0, 0, 8, 32, 128, 3, 3, 0, 0, 0, 0, 0, 0, 0, 0, 0, 0]",72,128,36864.0,884736.0,12923647501,12923656021,12923656312,12923660440,0,85983,85983,-1,1,8520,4128,32,128,128,3
16,3,"[8, 896, 0, 0, 0, 0, 0, 0, 0, 0, 0, 0, 0, 0, 0, 4, 0, 0, 0, 0, 0, 0, 0, 0, 0, 0, 0, 0, 0, 0]",2,128,896.0,14340.0,12923738226,12923746247,12923746423,12923748919,0,83392,83392,-1,1,8021,2496,32,128,128,3
12,3,"[8, 896, 0, 0, 0, 0, 0, 0, 0, 0, 0, 0, 0, 0, 0, 8, 896, 0, 0, 0, 0, 0, 0, 0, 0, 0, 0, 0, 0, 0]",2,128,896.0,21504.0,12923824509,12923832052,12923832311,12923834902,0,82720,82720,-1,1,7543,2591,32,128,128,3
12,3,"[8, 896, 0, 0, 0, 0, 0, 0, 0, 0, 0, 0, 0, 0, 0, 8, 896, 0, 0, 0, 0, 0, 0, 0, 0, 0, 0, 0, 0, 0]",2,128,896.0,21504.0,12923909997,12923917242,12923917622,12923920214,0,90975,90975,-1,1,7245,2592,32,128,128,3
16,3,"[8, 896, 0, 0, 0, 0, 0, 0, 0, 0, 0, 0, 0, 0, 0, 4, 0, 0, 0, 0, 0, 0, 0, 0, 0, 0, 0, 0, 0, 0]",2,128,896.0,14340.0,12924002615,12924011063,12924011189,12924013653,0,83423,83423,-1,1,8448,2464,32,128,128,3
12,3,"[8, 896, 0, 0, 0, 0, 0, 0, 0, 0, 0, 0, 0, 0, 0, 8, 896, 0, 0, 0, 0, 0, 0, 0, 0, 0, 0, 0, 0, 0]",2,128,896.0,21504.0,12924089093,12924096849,12924097076,12924099668,0,83551,83551,-1,1,7756,2592,32,128,128,3
12,3,"[8, 896, 0, 0, 0, 0, 0, 0, 0, 0, 0, 0, 0, 0, 0, 8, 896, 0, 0, 0, 0, 0, 0, 0, 0, 0, 0, 0, 0, 0]",2,128,896.0,21504.0,12924175433,12924182879,12924183219,12924185811,0,83871,83871,-1,1,7446,2592,32,128,128,3
16,3,"[8, 128, 896, 1, 1, 0, 0, 0, 0, 0, 0, 0, 0, 0, 0, 4, 0, 0, 0, 0, 0, 0, 0, 0, 0, 0, 0, 0, 0, 0]",224,128,114688.0,1835012.0,12924261655,12924269402,12924269682,12924277650,0,78559,78559,-1,1,7747,7968,32,128,128,3
12,3,"[8, 128, 896, 1, 1, 0, 0, 0, 0, 0, 0, 0, 0, 0, 0, 8, 128, 896, 1, 1, 0, 0, 0, 0, 0, 0, 0, 0, 0, 0]",224,128,114688.0,2752512.0,12924348418,12924355845,12924356209,12924362577,0,81119,81119,-1,1,7427,6368,32,128,128,3
12,3,"[8, 128, 896, 1, 1, 0, 0, 0, 0, 0, 0, 0, 0, 0, 0, 8, 128, 896, 1, 1, 0, 0, 0, 0, 0, 0, 0, 0, 0, 0]",224,128,114688.0,2752512.0,12924435432,12924443276,12924443696,12924451504,0,81151,81151,-1,1,7844,7808,32,128,128,3
16,3,"[8, 128, 0, 0, 0, 0, 0, 0, 0, 0, 0, 0, 0, 0, 0, 4, 0, 0, 0, 0, 0, 0, 0, 0, 0, 0, 0, 0, 0, 0]",1,128,128.0,2052.0,12924524321,12924532467,12924532655,12924534927,0,84447,84447,-1,1,8146,2272,32,128,128,3
12,3,"[8, 128, 0, 0, 0, 0, 0, 0, 0, 0, 0, 0, 0, 0, 0, 8, 128, 0, 0, 0, 0, 0, 0, 0, 0, 0, 0, 0, 0, 0]",1,128,128.0,3072.0,12924611546,12924619229,12924619374,12924622190,0,82560,82560,-1,1,7683,2816,32,128,128,3
12,3,"[8, 128, 0, 0, 0, 0, 0, 0, 0, 0, 0, 0, 0, 0, 0, 8, 128, 0, 0, 0, 0, 0, 0, 0, 0, 0, 0, 0, 0, 0]",1,128,128.0,3072.0,12924696872,12924704387,12924704750,12924707181,0,92863,92863,-1,1,7515,2431,32,128,128,3
16,3,"[8, 128, 0, 0, 0, 0, 0, 0, 0, 0, 0, 0, 0, 0, 0, 4, 0, 0, 0, 0, 0, 0, 0, 0, 0, 0, 0, 0, 0, 0]",1,128,128.0,2052.0,12924781620,12924799725,12924800044,12924802316,0,80095,80095,-1,1,18105,2272,32,128,128,3
12,3,"[8, 128, 0, 0, 0, 0, 0, 0, 0, 0, 0, 0, 0, 0, 0, 8, 128, 0, 0, 0, 0, 0, 0, 0, 0, 0, 0, 0, 0, 0]",1,128,128.0,3072.0,12924874914,12924881977,12924882411,12924884907,0,77376,77376,-1,1,7063,2496,32,128,128,3
12,3,"[8, 128, 0, 0, 0, 0, 0, 0, 0, 0, 0, 0, 0, 0, 0, 8, 128, 0, 0, 0, 0, 0, 0, 0, 0, 0, 0, 0, 0, 0]",1,128,128.0,3072.0,12924954887,12924961915,12924962283,12924964779,0,78335,78335,-1,1,7028,2496,32,128,128,3
16,3,"[8, 32, 128, 3, 3, 0, 0, 0, 0, 0, 0, 0, 0, 0, 0, 4, 0, 0, 0, 0, 0, 0, 0, 0, 0, 0, 0, 0, 0, 0]",72,128,36864.0,589828.0,12925035078,12925042740,12925043114,12925047178,0,78815,78815,-1,1,7662,4064,32,128,128,3
12,3,"[8, 32, 128, 3, 3, 0, 0, 0, 0, 0, 0, 0, 0, 0, 0, 8, 32, 128, 3, 3, 0, 0, 0, 0, 0, 0, 0, 0, 0, 0]",72,128,36864.0,884736.0,12925118304,12925125567,12925125993,12925130025,0,77375,77375,-1,1,7263,4032,32,128,128,3
12,3,"[8, 32, 128, 3, 3, 0, 0, 0, 0, 0, 0, 0, 0, 0, 0, 8, 32, 128, 3, 3, 0, 0, 0, 0, 0, 0, 0, 0, 0, 0]",72,128,36864.0,884736.0,12925199775,12925207055,12925207400,12925211336,0,75551,75551,-1,1,7280,3936,32,128,128,3
16,3,"[8, 928, 0, 0, 0, 0, 0, 0, 0, 0, 0, 0, 0, 0, 0, 4, 0, 0, 0, 0, 0, 0, 0, 0, 0, 0, 0, 0, 0, 0]",2,128,928.0,14852.0,12925279319,12925286542,12925286887,12925289319,0,78719,78719,-1,1,7223,2432,32,128,128,3
12,3,"[8, 928, 0, 0, 0, 0, 0, 0, 0, 0, 0, 0, 0, 0, 0, 8, 928, 0, 0, 0, 0, 0, 0, 0, 0, 0, 0, 0, 0, 0]",2,128,928.0,22272.0,12925360072,12925369133,12925368038,12925370727,0,79807,79807,-1,1,9061,2689,32,128,128,3
12,3,"[8, 928, 0, 0, 0, 0, 0, 0, 0, 0, 0, 0, 0, 0, 0, 8, 928, 0, 0, 0, 0, 0, 0, 0, 0, 0, 0, 0, 0, 0]",2,128,928.0,22272.0,12925442945,12925450522,12925450534,12925453125,0,96992,96992,-1,1,7577,2591,32,128,128,3
16,3,"[8, 928, 0, 0, 0, 0, 0, 0, 0, 0, 0, 0, 0, 0, 0, 4, 0, 0, 0, 0, 0, 0, 0, 0, 0, 0, 0, 0, 0, 0]",2,128,928.0,14852.0,12925541790,12925549924,12925550117,12925552677,0,82879,82879,-1,1,8134,2560,32,128,128,3
12,3,"[8, 928, 0, 0, 0, 0, 0, 0, 0, 0, 0, 0, 0, 0, 0, 8, 928, 0, 0, 0, 0, 0, 0, 0, 0, 0, 0, 0, 0, 0]",2,128,928.0,22272.0,12925627634,12925635300,12925635556,12925638276,0,80671,80671,-1,1,7666,2720,32,128,128,3
12,3,"[8, 928, 0, 0, 0, 0, 0, 0, 0, 0, 0, 0, 0, 0, 0, 8, 928, 0, 0, 0, 0, 0, 0, 0, 0, 0, 0, 0, 0, 0]",2,128,928.0,22272.0,12925711431,12925718556,12925718947,12925721571,0,81983,81983,-1,1,7125,2624,32,128,128,3
16,3,"[8, 128, 928, 1, 1, 0, 0, 0, 0, 0, 0, 0, 0, 0, 0, 4, 0, 0, 0, 0, 0, 0, 0, 0, 0, 0, 0, 0, 0, 0]",232,128,118784.0,1900548.0,12925795704,12925803338,12925803554,12925811906,0,78175,78175,-1,1,7634,8352,32,128,128,3
12,3,"[8, 128, 928, 1, 1, 0, 0, 0, 0, 0, 0, 0, 0, 0, 0, 8, 128, 928, 1, 1, 0, 0, 0, 0, 0, 0, 0, 0, 0, 0]",232,128,118784.0,2850816.0,12925882175,12925889596,12925890081,12925896321,0,79839,79839,-1,1,7421,6240,32,128,128,3
12,3,"[8, 128, 928, 1, 1, 0, 0, 0, 0, 0, 0, 0, 0, 0, 0, 8, 128, 928, 1, 1, 0, 0, 0, 0, 0, 0, 0, 0, 0, 0]",232,128,118784.0,2850816.0,12925968421,12925975856,12925976160,12925983904,0,77631,77631,-1,1,7435,7744,32,128,128,3
16,3,"[8, 128, 0, 0, 0, 0, 0, 0, 0, 0, 0, 0, 0, 0, 0, 4, 0, 0, 0, 0, 0, 0, 0, 0, 0, 0, 0, 0, 0, 0]",1,128,128.0,2052.0,12926053596,12926061362,12926061535,12926063807,0,81375,81375,-1,1,7766,2272,32,128,128,3
12,3,"[8, 128, 0, 0, 0, 0, 0, 0, 0, 0, 0, 0, 0, 0, 0, 8, 128, 0, 0, 0, 0, 0, 0, 0, 0, 0, 0, 0, 0, 0]",1,128,128.0,3072.0,12926137489,12926145110,12926145182,12926147742,0,82816,82816,-1,1,7621,2560,32,128,128,3
12,3,"[8, 128, 0, 0, 0, 0, 0, 0, 0, 0, 0, 0, 0, 0, 0, 8, 128, 0, 0, 0, 0, 0, 0, 0, 0, 0, 0, 0, 0, 0]",1,128,128.0,3072.0,12926222788,12926230194,12926230558,12926232989,0,219454,219454,-1,1,7406,2431,32,128,128,3
16,3,"[8, 128, 0, 0, 0, 0, 0, 0, 0, 0, 0, 0, 0, 0, 0, 4, 0, 0, 0, 0, 0, 0, 0, 0, 0, 0, 0, 0, 0, 0]",1,128,128.0,2052.0,12926442635,12926454798,12926452443,12926454683,0,96127,96127,-1,1,12163,2240,32,128,128,3
12,3,"[8, 128, 0, 0, 0, 0, 0, 0, 0, 0, 0, 0, 0, 0, 0, 8, 128, 0, 0, 0, 0, 0, 0, 0, 0, 0, 0, 0, 0, 0]",1,128,128.0,3072.0,12926542392,12926550838,12926550810,12926553498,0,85311,85311,-1,1,8446,2688,32,128,128,3
12,3,"[8, 128, 0, 0, 0, 0, 0, 0, 0, 0, 0, 0, 0, 0, 0, 8, 128, 0, 0, 0, 0, 0, 0, 0, 0, 0, 0, 0, 0, 0]",1,128,128.0,3072.0,12926631015,12926638649,12926638809,12926641241,0,84735,84735,-1,1,7634,2432,32,128,128,3
16,3,"[8, 32, 128, 3, 3, 0, 0, 0, 0, 0, 0, 0, 0, 0, 0, 4, 0, 0, 0, 0, 0, 0, 0, 0, 0, 0, 0, 0, 0, 0]",72,128,36864.0,589828.0,12926717916,12926725825,12926725976,12926730104,0,82079,82079,-1,1,7909,4128,32,128,128,3
12,3,"[8, 32, 128, 3, 3, 0, 0, 0, 0, 0, 0, 0, 0, 0, 0, 8, 32, 128, 3, 3, 0, 0, 0, 0, 0, 0, 0, 0, 0, 0]",72,128,36864.0,884736.0,12926804331,12926812037,12926812183,12926816311,0,85471,85471,-1,1,7706,4128,32,128,128,3
12,3,"[8, 32, 128, 3, 3, 0, 0, 0, 0, 0, 0, 0, 0, 0, 0, 8, 32, 128, 3, 3, 0, 0, 0, 0, 0, 0, 0, 0, 0, 0]",72,128,36864.0,884736.0,12926893954,12926901554,12926901782,12926905814,0,81791,81791,-1,1,7600,4032,32,128,128,3
16,3,"[8, 960, 0, 0, 0, 0, 0, 0, 0, 0, 0, 0, 0, 0, 0, 4, 0, 0, 0, 0, 0, 0, 0, 0, 0, 0, 0, 0, 0, 0]",2,128,960.0,15364.0,12926979646,12926987438,12926987605,12926990037,0,83264,83264,-1,1,7792,2432,32,128,128,3
12,3,"[8, 960, 0, 0, 0, 0, 0, 0, 0, 0, 0, 0, 0, 0, 0, 8, 960, 0, 0, 0, 0, 0, 0, 0, 0, 0, 0, 0, 0, 0]",2,128,960.0,23040.0,12927065558,12927073026,12927073301,12927075892,0,84064,84064,-1,1,7468,2591,32,128,128,3
12,3,"[8, 960, 0, 0, 0, 0, 0, 0, 0, 0, 0, 0, 0, 0, 0, 8, 960, 0, 0, 0, 0, 0, 0, 0, 0, 0, 0, 0, 0, 0]",2,128,960.0,23040.0,12927152173,12927159646,12927159956,12927162547,0,83872,83872,-1,1,7473,2591,32,128,128,3
16,3,"[8, 960, 0, 0, 0, 0, 0, 0, 0, 0, 0, 0, 0, 0, 0, 4, 0, 0, 0, 0, 0, 0, 0, 0, 0, 0, 0, 0, 0, 0]",2,128,960.0,15364.0,12927238511,12927246152,12927246419,12927248883,0,82719,82719,-1,1,7641,2464,32,128,128,3
12,3,"[8, 960, 0, 0, 0, 0, 0, 0, 0, 0, 0, 0, 0, 0, 0, 8, 960, 0, 0, 0, 0, 0, 0, 0, 0, 0, 0, 0, 0, 0]",2,128,960.0,23040.0,12927323563,12927331303,12927331602,12927334258,0,83935,83935,-1,1,7740,2656,32,128,128,3
12,3,"[8, 960, 0, 0, 0, 0, 0, 0, 0, 0, 0, 0, 0, 0, 0, 8, 960, 0, 0, 0, 0, 0, 0, 0, 0, 0, 0, 0, 0, 0]",2,128,960.0,23040.0,12927410184,12927419973,12927418193,12927420849,0,85983,85983,-1,1,9789,2656,32,128,128,3
16,3,"[8, 128, 960, 1, 1, 0, 0, 0, 0, 0, 0, 0, 0, 0, 0, 4, 0, 0, 0, 0, 0, 0, 0, 0, 0, 0, 0, 0, 0, 0]",240,128,122880.0,1966084.0,12927498818,12927506903,12927506832,12927515536,0,77951,77951,-1,1,8085,8704,32,128,128,3
12,3,"[8, 128, 960, 1, 1, 0, 0, 0, 0, 0, 0, 0, 0, 0, 0, 8, 128, 960, 1, 1, 0, 0, 0, 0, 0, 0, 0, 0, 0, 0]",240,128,122880.0,2949120.0,12927585549,12927593205,12927593487,12927600079,0,79679,79679,-1,1,7656,6592,32,128,128,3
12,3,"[8, 128, 960, 1, 1, 0, 0, 0, 0, 0, 0, 0, 0, 0, 0, 8, 128, 960, 1, 1, 0, 0, 0, 0, 0, 0, 0, 0, 0, 0]",240,128,122880.0,2949120.0,12927671986,12927679325,12927679758,12927687822,0,76095,76095,-1,1,7339,8064,32,128,128,3
16,3,"[8, 128, 0, 0, 0, 0, 0, 0, 0, 0, 0, 0, 0, 0, 0, 4, 0, 0, 0, 0, 0, 0, 0, 0, 0, 0, 0, 0, 0, 0]",1,128,128.0,2052.0,12927755585,12927763697,12927763917,12927766221,0,82047,82047,-1,1,8112,2304,32,128,128,3
12,3,"[8, 128, 0, 0, 0, 0, 0, 0, 0, 0, 0, 0, 0, 0, 0, 8, 128, 0, 0, 0, 0, 0, 0, 0, 0, 0, 0, 0, 0, 0]",1,128,128.0,3072.0,12927840567,12927847984,12927848268,12927850732,0,90847,90847,-1,1,7417,2464,32,128,128,3
12,3,"[8, 128, 0, 0, 0, 0, 0, 0, 0, 0, 0, 0, 0, 0, 0, 8, 128, 0, 0, 0, 0, 0, 0, 0, 0, 0, 0, 0, 0, 0]",1,128,128.0,3072.0,12927933235,12927941311,12927941579,12927944011,0,85888,85888,-1,1,8076,2432,32,128,128,3
16,3,"[8, 128, 0, 0, 0, 0, 0, 0, 0, 0, 0, 0, 0, 0, 0, 4, 0, 0, 0, 0, 0, 0, 0, 0, 0, 0, 0, 0, 0, 0]",1,128,128.0,2052.0,12928021675,12928029929,12928029899,12928032202,0,84416,84416,-1,1,8254,2303,32,128,128,3
12,3,"[8, 128, 0, 0, 0, 0, 0, 0, 0, 0, 0, 0, 0, 0, 0, 8, 128, 0, 0, 0, 0, 0, 0, 0, 0, 0, 0, 0, 0, 0]",1,128,128.0,3072.0,12928108844,12928116280,12928116618,12928119082,0,83551,83551,-1,1,7436,2464,32,128,128,3
12,3,"[8, 128, 0, 0, 0, 0, 0, 0, 0, 0, 0, 0, 0, 0, 0, 8, 128, 0, 0, 0, 0, 0, 0, 0, 0, 0, 0, 0, 0, 0]",1,128,128.0,3072.0,12928194992,12928202339,12928202633,12928205193,0,84735,84735,-1,1,7347,2560,32,128,128,3
16,3,"[8, 32, 128, 3, 3, 0, 0, 0, 0, 0, 0, 0, 0, 0, 0, 4, 0, 0, 0, 0, 0, 0, 0, 0, 0, 0, 0, 0, 0, 0]",72,128,36864.0,589828.0,12928281832,12928289806,12928289928,12928294056,0,83039,83039,-1,1,7974,4128,32,128,128,3
12,3,"[8, 32, 128, 3, 3, 0, 0, 0, 0, 0, 0, 0, 0, 0, 0, 8, 32, 128, 3, 3, 0, 0, 0, 0, 0, 0, 0, 0, 0, 0]",72,128,36864.0,884736.0,12928369428,12928378697,12928377095,12928381223,0,85919,85919,-1,1,9269,4128,32,128,128,3
12,3,"[8, 32, 128, 3, 3, 0, 0, 0, 0, 0, 0, 0, 0, 0, 0, 8, 32, 128, 3, 3, 0, 0, 0, 0, 0, 0, 0, 0, 0, 0]",72,128,36864.0,884736.0,12928459354,12928466843,12928467142,12928471334,0,80735,80735,-1,1,7489,4192,32,128,128,3
16,3,"[8, 992, 0, 0, 0, 0, 0, 0, 0, 0, 0, 0, 0, 0, 0, 4, 0, 0, 0, 0, 0, 0, 0, 0, 0, 0, 0, 0, 0, 0]",2,128,992.0,15876.0,12928544149,12928551956,12928552069,12928554533,0,81759,81759,-1,1,7807,2464,32,128,128,3
12,3,"[8, 992, 0, 0, 0, 0, 0, 0, 0, 0, 0, 0, 0, 0, 0, 8, 992, 0, 0, 0, 0, 0, 0, 0, 0, 0, 0, 0, 0, 0]",2,128,992.0,23808.0,12928628690,12928635987,12928636292,12928639044,0,83327,83327,-1,1,7297,2752,32,128,128,3
12,3,"[8, 992, 0, 0, 0, 0, 0, 0, 0, 0, 0, 0, 0, 0, 0, 8, 992, 0, 0, 0, 0, 0, 0, 0, 0, 0, 0, 0, 0, 0]",2,128,992.0,23808.0,12928714542,12928722177,12928722371,12928725027,0,82079,82079,-1,1,7635,2656,32,128,128,3
16,3,"[8, 992, 0, 0, 0, 0, 0, 0, 0, 0, 0, 0, 0, 0, 0, 4, 0, 0, 0, 0, 0, 0, 0, 0, 0, 0, 0, 0, 0, 0]",2,128,992.0,15876.0,12928799192,12928806998,12928807106,12928809570,0,82719,82719,-1,1,7806,2464,32,128,128,3
12,3,"[8, 992, 0, 0, 0, 0, 0, 0, 0, 0, 0, 0, 0, 0, 0, 8, 992, 0, 0, 0, 0, 0, 0, 0, 0, 0, 0, 0, 0, 0]",2,128,992.0,23808.0,12928883987,12928891873,12928892289,12928895105,0,81408,81408,-1,1,7886,2816,32,128,128,3
12,3,"[8, 992, 0, 0, 0, 0, 0, 0, 0, 0, 0, 0, 0, 0, 0, 8, 992, 0, 0, 0, 0, 0, 0, 0, 0, 0, 0, 0, 0, 0]",2,128,992.0,23808.0,12928968773,12928976095,12928976513,12928979169,0,83359,83359,-1,1,7322,2656,32,128,128,3
16,3,"[8, 128, 992, 1, 1, 0, 0, 0, 0, 0, 0, 0, 0, 0, 0, 4, 0, 0, 0, 0, 0, 0, 0, 0, 0, 0, 0, 0, 0, 0]",248,128,126976.0,2031620.0,12929054709,12929062319,12929062528,12929071488,0,77887,77887,-1,1,7610,8960,32,128,128,3
12,3,"[8, 128, 992, 1, 1, 0, 0, 0, 0, 0, 0, 0, 0, 0, 0, 8, 128, 992, 1, 1, 0, 0, 0, 0, 0, 0, 0, 0, 0, 0]",248,128,126976.0,3047424.0,12929141364,12929148787,12929149375,12929155999,0,80543,80543,-1,1,7423,6624,32,128,128,3
12,3,"[8, 128, 992, 1, 1, 0, 0, 0, 0, 0, 0, 0, 0, 0, 0, 8, 128, 992, 1, 1, 0, 0, 0, 0, 0, 0, 0, 0, 0, 0]",248,128,126976.0,3047424.0,12929228160,12929235618,12929236542,12929244862,0,75391,75391,-1,1,7458,8320,32,128,128,3
16,3,"[8, 128, 0, 0, 0, 0, 0, 0, 0, 0, 0, 0, 0, 0, 0, 4, 0, 0, 0, 0, 0, 0, 0, 0, 0, 0, 0, 0, 0, 0]",1,128,128.0,2052.0,12929312561,12929321962,12929320253,12929322525,0,84831,84831,-1,1,9401,2272,32,128,128,3
12,3,"[8, 128, 0, 0, 0, 0, 0, 0, 0, 0, 0, 0, 0, 0, 0, 8, 128, 0, 0, 0, 0, 0, 0, 0, 0, 0, 0, 0, 0, 0]",1,128,128.0,3072.0,12929399774,12929407256,12929407356,12929409916,0,83327,83327,-1,1,7482,2560,32,128,128,3
12,3,"[8, 128, 0, 0, 0, 0, 0, 0, 0, 0, 0, 0, 0, 0, 0, 8, 128, 0, 0, 0, 0, 0, 0, 0, 0, 0, 0, 0, 0, 0]",1,128,128.0,3072.0,12929485666,12929492894,12929493243,12929495675,0,80703,80703,-1,1,7228,2432,32,128,128,3
16,3,"[8, 128, 0, 0, 0, 0, 0, 0, 0, 0, 0, 0, 0, 0, 0, 4, 0, 0, 0, 0, 0, 0, 0, 0, 0, 0, 0, 0, 0, 0]",1,128,128.0,2052.0,12929568596,12929576365,12929576378,12929578586,0,82783,82783,-1,1,7769,2208,32,128,128,3
12,3,"[8, 128, 0, 0, 0, 0, 0, 0, 0, 0, 0, 0, 0, 0, 0, 8, 128, 0, 0, 0, 0, 0, 0, 0, 0, 0, 0, 0, 0, 0]",1,128,128.0,3072.0,12929653211,12929661061,12929661369,12929663801,0,82240,82240,-1,1,7850,2432,32,128,128,3
12,3,"[8, 128, 0, 0, 0, 0, 0, 0, 0, 0, 0, 0, 0, 0, 0, 8, 128, 0, 0, 0, 0, 0, 0, 0, 0, 0, 0, 0, 0, 0]",1,128,128.0,3072.0,12929738285,12929745858,12929746041,12929748504,0,84384,84384,-1,1,7573,2463,32,128,128,3
16,3,"[8, 32, 128, 3, 3, 0, 0, 0, 0, 0, 0, 0, 0, 0, 0, 4, 0, 0, 0, 0, 0, 0, 0, 0, 0, 0, 0, 0, 0, 0]",72,128,36864.0,589828.0,12929824988,12929832832,12929832888,12929837048,0,82111,82111,-1,1,7844,4160,32,128,128,3
12,3,"[8, 32, 128, 3, 3, 0, 0, 0, 0, 0, 0, 0, 0, 0, 0, 8, 32, 128, 3, 3, 0, 0, 0, 0, 0, 0, 0, 0, 0, 0]",72,128,36864.0,884736.0,12929911364,12929918843,12929919159,12929923511,0,215485,215485,-1,1,7479,4352,32,128,128,3
12,3,"[8, 32, 128, 3, 3, 0, 0, 0, 0, 0, 0, 0, 0, 0, 0, 8, 32, 128, 3, 3, 0, 0, 0, 0, 0, 0, 0, 0, 0, 0]",72,128,36864.0,884736.0,12930129502,12930139011,12930138996,12930143028,0,95103,95103,-1,1,9509,4032,32,128,128,3
16,3,"[8, 1024, 0, 0, 0, 0, 0, 0, 0, 0, 0, 0, 0, 0, 0, 4, 0, 0, 0, 0, 0, 0, 0, 0, 0, 0, 0, 0, 0, 0]",2,128,1024.0,16388.0,12930229272,12930237786,12930238131,12930240531,0,85599,85599,-1,1,8514,2400,32,128,128,3
12,3,"[8, 1024, 0, 0, 0, 0, 0, 0, 0, 0, 0, 0, 0, 0, 0, 8, 1024, 0, 0, 0, 0, 0, 0, 0, 0, 0, 0, 0, 0, 0]",2,128,1024.0,24576.0,12930317871,12930325844,12930326130,12930328594,0,86111,86111,-1,1,7973,2464,32,128,128,3
12,3,"[8, 1024, 0, 0, 0, 0, 0, 0, 0, 0, 0, 0, 0, 0, 0, 8, 1024, 0, 0, 0, 0, 0, 0, 0, 0, 0, 0, 0, 0, 0]",2,128,1024.0,24576.0,12930406309,12930414635,12930414705,12930417233,0,83487,83487,-1,1,8326,2528,32,128,128,3
16,3,"[8, 1024, 0, 0, 0, 0, 0, 0, 0, 0, 0, 0, 0, 0, 0, 4, 0, 0, 0, 0, 0, 0, 0, 0, 0, 0, 0, 0, 0, 0]",2,128,1024.0,16388.0,12930492390,12930500585,12930500720,12930503185,0,81183,81183,-1,1,8195,2465,32,128,128,3
12,3,"[8, 1024, 0, 0, 0, 0, 0, 0, 0, 0, 0, 0, 0, 0, 0, 8, 1024, 0, 0, 0, 0, 0, 0, 0, 0, 0, 0, 0, 0, 0]",2,128,1024.0,24576.0,12930576762,12930584147,12930584368,12930586896,0,86047,86047,-1,1,7385,2528,32,128,128,3
12,3,"[8, 1024, 0, 0, 0, 0, 0, 0, 0, 0, 0, 0, 0, 0, 0, 8, 1024, 0, 0, 0, 0, 0, 0, 0, 0, 0, 0, 0, 0, 0]",2,128,1024.0,24576.0,12930665012,12930672667,12930672943,12930675439,0,84991,84991,-1,1,7655,2496,32,128,128,3
16,3,"[8, 128, 1024, 1, 1, 0, 0, 0, 0, 0, 0, 0, 0, 0, 0, 4, 0, 0, 0, 0, 0, 0, 0, 0, 0, 0, 0, 0, 0, 0]",256,128,131072.0,2097156.0,12930752309,12930760276,12930760430,12930769870,0,78239,78239,-1,1,7967,9440,32,128,128,3
12,3,"[8, 128, 1024, 1, 1, 0, 0, 0, 0, 0, 0, 0, 0, 0, 0, 8, 128, 1024, 1, 1, 0, 0, 0, 0, 0, 0, 0, 0, 0, 0]",256,128,131072.0,3145728.0,12930840120,12930847830,12930848109,12930855053,0,79327,79327,-1,1,7710,6944,32,128,128,3
12,3,"[8, 128, 1024, 1, 1, 0, 0, 0, 0, 0, 0, 0, 0, 0, 0, 8, 128, 1024, 1, 1, 0, 0, 0, 0, 0, 0, 0, 0, 0, 0]",256,128,131072.0,3145728.0,12930926550,12930934034,12930934380,12930943276,0,76031,76031,-1,1,7484,8896,32,128,128,3
16,3,"[8, 128, 0, 0, 0, 0, 0, 0, 0, 0, 0, 0, 0, 0, 0, 4, 0, 0, 0, 0, 0, 0, 0, 0, 0, 0, 0, 0, 0, 0]",1,128,128.0,2052.0,12931011273,12931019102,12931019307,12931021547,0,90623,90623,-1,1,7829,2240,32,128,128,3
12,3,"[8, 128, 0, 0, 0, 0, 0, 0, 0, 0, 0, 0, 0, 0, 0, 8, 128, 0, 0, 0, 0, 0, 0, 0, 0, 0, 0, 0, 0, 0]",1,128,128.0,3072.0,12931099143,12931111954,12931112170,12931114602,0,89855,89855,-1,1,12811,2432,32,128,128,3
12,3,"[8, 128, 0, 0, 0, 0, 0, 0, 0, 0, 0, 0, 0, 0, 0, 8, 128, 0, 0, 0, 0, 0, 0, 0, 0, 0, 0, 0, 0, 0]",1,128,128.0,3072.0,12931196493,12931203924,12931204457,12931206921,0,82207,82207,-1,1,7431,2464,32,128,128,3
16,3,"[8, 128, 0, 0, 0, 0, 0, 0, 0, 0, 0, 0, 0, 0, 0, 4, 0, 0, 0, 0, 0, 0, 0, 0, 0, 0, 0, 0, 0, 0]",1,128,128.0,2052.0,12931281061,12931288916,12931289128,12931291400,0,84895,84895,-1,1,7855,2272,32,128,128,3
12,3,"[8, 128, 0, 0, 0, 0, 0, 0, 0, 0, 0, 0, 0, 0, 0, 8, 128, 0, 0, 0, 0, 0, 0, 0, 0, 0, 0, 0, 0, 0]",1,128,128.0,3072.0,12931368441,12931376001,12931376295,12931378759,0,84512,84512,-1,1,7560,2464,32,128,128,3
12,3,"[8, 128, 0, 0, 0, 0, 0, 0, 0, 0, 0, 0, 0, 0, 0, 8, 128, 0, 0, 0, 0, 0, 0, 0, 0, 0, 0, 0, 0, 0]",1,128,128.0,3072.0,12931455520,12931462953,12931463271,12931465734,0,83424,83424,-1,1,7433,2463,32,128,128,3
16,3,"[8, 32, 128, 3, 3, 0, 0, 0, 0, 0, 0, 0, 0, 0, 0, 4, 0, 0, 0, 0, 0, 0, 0, 0, 0, 0, 0, 0, 0, 0]",72,128,36864.0,589828.0,12931541015,12931548687,12931549158,12931553318,0,81855,81855,-1,1,7672,4160,32,128,128,3
12,3,"[8, 32, 128, 3, 3, 0, 0, 0, 0, 0, 0, 0, 0, 0, 0, 8, 32, 128, 3, 3, 0, 0, 0, 0, 0, 0, 0, 0, 0, 0]",72,128,36864.0,884736.0,12931626741,12931634639,12931635173,12931639173,0,83103,83103,-1,1,7898,4000,32,128,128,3
12,3,"[8, 32, 128, 3, 3, 0, 0, 0, 0, 0, 0, 0, 0, 0, 0, 8, 32, 128, 3, 3, 0, 0, 0, 0, 0, 0, 0, 0, 0, 0]",72,128,36864.0,884736.0,12931714280,12931721904,12931722276,12931726244,0,81535,81535,-1,1,7624,3968,32,128,128,3
16,3,"[8, 1056, 0, 0, 0, 0, 0, 0, 0, 0, 0, 0, 0, 0, 0, 4, 0, 0, 0, 0, 0, 0, 0, 0, 0, 0, 0, 0, 0, 0]",3,128,1056.0,16900.0,12931799122,12931807509,12931807779,12931810211,0,81471,81471,-1,1,8387,2432,32,128,128,3
12,3,"[8, 1056, 0, 0, 0, 0, 0, 0, 0, 0, 0, 0, 0, 0, 0, 8, 1056, 0, 0, 0, 0, 0, 0, 0, 0, 0, 0, 0, 0, 0]",3,128,1056.0,25344.0,12931883941,12931891350,12931891682,12931894210,0,92319,92319,-1,1,7409,2528,32,128,128,3
12,3,"[8, 1056, 0, 0, 0, 0, 0, 0, 0, 0, 0, 0, 0, 0, 0, 8, 1056, 0, 0, 0, 0, 0, 0, 0, 0, 0, 0, 0, 0, 0]",3,128,1056.0,25344.0,12931977829,12931986151,12931986529,12931989025,0,83583,83583,-1,1,8322,2496,32,128,128,3
16,3,"[8, 1056, 0, 0, 0, 0, 0, 0, 0, 0, 0, 0, 0, 0, 0, 4, 0, 0, 0, 0, 0, 0, 0, 0, 0, 0, 0, 0, 0, 0]",3,128,1056.0,16900.0,12932064472,12932072411,12932072608,12932075040,0,82303,82303,-1,1,7939,2432,32,128,128,3
12,3,"[8, 1056, 0, 0, 0, 0, 0, 0, 0, 0, 0, 0, 0, 0, 0, 8, 1056, 0, 0, 0, 0, 0, 0, 0, 0, 0, 0, 0, 0, 0]",3,128,1056.0,25344.0,12932149565,12932157049,12932157343,12932159807,0,84511,84511,-1,1,7484,2464,32,128,128,3
12,3,"[8, 1056, 0, 0, 0, 0, 0, 0, 0, 0, 0, 0, 0, 0, 0, 8, 1056, 0, 0, 0, 0, 0, 0, 0, 0, 0, 0, 0, 0, 0]",3,128,1056.0,25344.0,12932236166,12932244069,12932244318,12932246846,0,88607,88607,-1,1,7903,2528,32,128,128,3
16,3,"[8, 128, 1056, 1, 1, 0, 0, 0, 0, 0, 0, 0, 0, 0, 0, 4, 0, 0, 0, 0, 0, 0, 0, 0, 0, 0, 0, 0, 0, 0]",264,128,135168.0,2162692.0,12932327257,12932335310,12932335453,12932344861,0,87807,87807,-1,1,8053,9408,32,128,128,3
12,3,"[8, 128, 1056, 1, 1, 0, 0, 0, 0, 0, 0, 0, 0, 0, 0, 8, 128, 1056, 1, 1, 0, 0, 0, 0, 0, 0, 0, 0, 0, 0]",264,128,135168.0,3244032.0,12932423730,12932432237,12932432668,12932439676,0,80735,80735,-1,1,8507,7008,32,128,128,3
12,3,"[8, 128, 1056, 1, 1, 0, 0, 0, 0, 0, 0, 0, 0, 0, 0, 8, 128, 1056, 1, 1, 0, 0, 0, 0, 0, 0, 0, 0, 0, 0]",264,128,135168.0,3244032.0,12932512519,12932520054,12932520411,12932529787,0,80799,80799,-1,1,7535,9376,32,128,128,3
16,3,"[8, 128, 0, 0, 0, 0, 0, 0, 0, 0, 0, 0, 0, 0, 0, 4, 0, 0, 0, 0, 0, 0, 0, 0, 0, 0, 0, 0, 0, 0]",1,128,128.0,2052.0,12932602356,12932610396,12932610586,12932612826,0,83840,83840,-1,1,8040,2240,32,128,128,3
12,3,"[8, 128, 0, 0, 0, 0, 0, 0, 0, 0, 0, 0, 0, 0, 0, 8, 128, 0, 0, 0, 0, 0, 0, 0, 0, 0, 0, 0, 0, 0]",1,128,128.0,3072.0,12932688766,12932696397,12932696666,12932699290,0,83262,83262,-1,1,7631,2624,32,128,128,3
12,3,"[8, 128, 0, 0, 0, 0, 0, 0, 0, 0, 0, 0, 0, 0, 0, 8, 128, 0, 0, 0, 0, 0, 0, 0, 0, 0, 0, 0, 0, 0]",1,128,128.0,3072.0,12932774490,12932782218,12932782552,12932785273,0,82015,82015,-1,1,7728,2721,32,128,128,3
16,3,"[8, 128, 0, 0, 0, 0, 0, 0, 0, 0, 0, 0, 0, 0, 0, 4, 0, 0, 0, 0, 0, 0, 0, 0, 0, 0, 0, 0, 0, 0]",1,128,128.0,2052.0,12932859381,12932867063,12932867288,12932869560,0,83231,83231,-1,1,7682,2272,32,128,128,3
12,3,"[8, 128, 0, 0, 0, 0, 0, 0, 0, 0, 0, 0, 0, 0, 0, 8, 128, 0, 0, 0, 0, 0, 0, 0, 0, 0, 0, 0, 0, 0]",1,128,128.0,3072.0,12932944546,12932952315,12932952791,12932955223,0,82943,82943,-1,1,7769,2432,32,128,128,3
12,3,"[8, 128, 0, 0, 0, 0, 0, 0, 0, 0, 0, 0, 0, 0, 0, 8, 128, 0, 0, 0, 0, 0, 0, 0, 0, 0, 0, 0, 0, 0]",1,128,128.0,3072.0,12933030320,12933037838,12933038166,12933040822,0,84063,84063,-1,1,7518,2656,32,128,128,3
16,3,"[8, 32, 128, 3, 3, 0, 0, 0, 0, 0, 0, 0, 0, 0, 0, 4, 0, 0, 0, 0, 0, 0, 0, 0, 0, 0, 0, 0, 0, 0]",72,128,36864.0,589828.0,12933117095,12933124837,12933124885,12933128949,0,82079,82079,-1,1,7742,4064,32,128,128,3
12,3,"[8, 32, 128, 3, 3, 0, 0, 0, 0, 0, 0, 0, 0, 0, 0, 8, 32, 128, 3, 3, 0, 0, 0, 0, 0, 0, 0, 0, 0, 0]",72,128,36864.0,884736.0,12933203093,12933210793,12933211028,12933215316,0,85311,85311,-1,1,7700,4288,32,128,128,3
12,3,"[8, 32, 128, 3, 3, 0, 0, 0, 0, 0, 0, 0, 0, 0, 0, 8, 32, 128, 3, 3, 0, 0, 0, 0, 0, 0, 0, 0, 0, 0]",72,128,36864.0,884736.0,12933292844,12933300300,12933300627,12933304659,0,82175,82175,-1,1,7456,4032,32,128,128,3
16,3,"[8, 1088, 0, 0, 0, 0, 0, 0, 0, 0, 0, 0, 0, 0, 0, 4, 0, 0, 0, 0, 0, 0, 0, 0, 0, 0, 0, 0, 0, 0]",3,128,1088.0,17412.0,12933378508,12933386854,12933386834,12933389394,0,83775,83775,-1,1,8346,2560,32,128,128,3
12,3,"[8, 1088, 0, 0, 0, 0, 0, 0, 0, 0, 0, 0, 0, 0, 0, 8, 1088, 0, 0, 0, 0, 0, 0, 0, 0, 0, 0, 0, 0, 0]",3,128,1088.0,26112.0,12933464894,12933472824,12933473169,12933475633,0,85535,85535,-1,1,7930,2464,32,128,128,3
12,3,"[8, 1088, 0, 0, 0, 0, 0, 0, 0, 0, 0, 0, 0, 0, 0, 8, 1088, 0, 0, 0, 0, 0, 0, 0, 0, 0, 0, 0, 0, 0]",3,128,1088.0,26112.0,12933552823,12933561092,12933561168,12933563696,0,86176,86176,-1,1,8269,2528,32,128,128,3
16,3,"[8, 1088, 0, 0, 0, 0, 0, 0, 0, 0, 0, 0, 0, 0, 0, 4, 0, 0, 0, 0, 0, 0, 0, 0, 0, 0, 0, 0, 0, 0]",3,128,1088.0,17412.0,12933641483,12933649755,12933649872,12933652272,0,226589,226589,-1,1,8272,2400,32,128,128,3
12,3,"[8, 1088, 0, 0, 0, 0, 0, 0, 0, 0, 0, 0, 0, 0, 0, 8, 1088, 0, 0, 0, 0, 0, 0, 0, 0, 0, 0, 0, 0, 0]",3,128,1088.0,26112.0,12933867830,12933878780,12933878861,12933881357,0,97151,97151,-1,1,10950,2496,32,128,128,3
12,3,"[8, 1088, 0, 0, 0, 0, 0, 0, 0, 0, 0, 0, 0, 0, 0, 8, 1088, 0, 0, 0, 0, 0, 0, 0, 0, 0, 0, 0, 0, 0]",3,128,1088.0,26112.0,12933969801,12933978272,12933978508,12933981004,0,89087,89087,-1,1,8471,2496,32,128,128,3
16,3,"[8, 128, 1088, 1, 1, 0, 0, 0, 0, 0, 0, 0, 0, 0, 0, 4, 0, 0, 0, 0, 0, 0, 0, 0, 0, 0, 0, 0, 0, 0]",272,128,139264.0,2228228.0,12934061297,12934070145,12934070091,12934080299,0,79199,79199,-1,1,8848,10208,32,128,128,3
12,3,"[8, 128, 1088, 1, 1, 0, 0, 0, 0, 0, 0, 0, 0, 0, 0, 8, 128, 1088, 1, 1, 0, 0, 0, 0, 0, 0, 0, 0, 0, 0]",272,128,139264.0,3342336.0,12934151323,12934159273,12934159498,12934166826,0,81055,81055,-1,1,7950,7328,32,128,128,3
12,3,"[8, 128, 1088, 1, 1, 0, 0, 0, 0, 0, 0, 0, 0, 0, 0, 8, 128, 1088, 1, 1, 0, 0, 0, 0, 0, 0, 0, 0, 0, 0]",272,128,139264.0,3342336.0,12934239932,12934247492,12934247881,12934257449,0,78751,78751,-1,1,7560,9568,32,128,128,3
16,3,"[8, 128, 0, 0, 0, 0, 0, 0, 0, 0, 0, 0, 0, 0, 0, 4, 0, 0, 0, 0, 0, 0, 0, 0, 0, 0, 0, 0, 0, 0]",1,128,128.0,2052.0,12934328188,12934338325,12934336200,12934338408,0,88607,88607,-1,1,10137,2208,32,128,128,3
12,3,"[8, 128, 0, 0, 0, 0, 0, 0, 0, 0, 0, 0, 0, 0, 0, 8, 128, 0, 0, 0, 0, 0, 0, 0, 0, 0, 0, 0, 0, 0]",1,128,128.0,3072.0,12934418728,12934426774,12934427015,12934429480,0,84830,84830,-1,1,8046,2465,32,128,128,3
12,3,"[8, 128, 0, 0, 0, 0, 0, 0, 0, 0, 0, 0, 0, 0, 0, 8, 128, 0, 0, 0, 0, 0, 0, 0, 0, 0, 0, 0, 0, 0]",1,128,128.0,3072.0,12934506393,12934514141,12934514310,12934516711,0,86431,86431,-1,1,7748,2401,32,128,128,3
16,3,"[8, 128, 0, 0, 0, 0, 0, 0, 0, 0, 0, 0, 0, 0, 0, 4, 0, 0, 0, 0, 0, 0, 0, 0, 0, 0, 0, 0, 0, 0]",1,128,128.0,2052.0,12934594906,12934602980,12934603142,12934605382,0,84671,84671,-1,1,8074,2240,32,128,128,3
12,3,"[8, 128, 0, 0, 0, 0, 0, 0, 0, 0, 0, 0, 0, 0, 0, 8, 128, 0, 0, 0, 0, 0, 0, 0, 0, 0, 0, 0, 0, 0]",1,128,128.0,3072.0,12934681828,12934689783,12934690053,12934692517,0,82719,82719,-1,1,7955,2464,32,128,128,3
12,3,"[8, 128, 0, 0, 0, 0, 0, 0, 0, 0, 0, 0, 0, 0, 0, 8, 128, 0, 0, 0, 0, 0, 0, 0, 0, 0, 0, 0, 0, 0]",1,128,128.0,3072.0,12934767305,12934774841,12934775236,12934777668,0,84479,84479,-1,1,7536,2432,32,128,128,3
16,3,"[8, 32, 128, 3, 3, 0, 0, 0, 0, 0, 0, 0, 0, 0, 0, 4, 0, 0, 0, 0, 0, 0, 0, 0, 0, 0, 0, 0, 0, 0]",72,128,36864.0,589828.0,12934853957,12934861982,12934862147,12934866275,0,82655,82655,-1,1,8025,4128,32,128,128,3
12,3,"[8, 32, 128, 3, 3, 0, 0, 0, 0, 0, 0, 0, 0, 0, 0, 8, 32, 128, 3, 3, 0, 0, 0, 0, 0, 0, 0, 0, 0, 0]",72,128,36864.0,884736.0,12934940963,12934948655,12934948930,12934953058,0,83615,83615,-1,1,7692,4128,32,128,128,3
12,3,"[8, 32, 128, 3, 3, 0, 0, 0, 0, 0, 0, 0, 0, 0, 0, 8, 32, 128, 3, 3, 0, 0, 0, 0, 0, 0, 0, 0, 0, 0]",72,128,36864.0,884736.0,12935028807,12935036406,12935036673,12935040673,0,82527,82527,-1,1,7599,4000,32,128,128,3
16,3,"[8, 1120, 0, 0, 0, 0, 0, 0, 0, 0, 0, 0, 0, 0, 0, 4, 0, 0, 0, 0, 0, 0, 0, 0, 0, 0, 0, 0, 0, 0]",3,128,1120.0,17924.0,12935114715,12935123017,12935123200,12935125632,0,82431,82431,-1,1,8302,2432,32,128,128,3
12,3,"[8, 1120, 0, 0, 0, 0, 0, 0, 0, 0, 0, 0, 0, 0, 0, 8, 1120, 0, 0, 0, 0, 0, 0, 0, 0, 0, 0, 0, 0, 0]",3,128,1120.0,26880.0,12935200162,12935207733,12935208063,12935210527,0,83615,83615,-1,1,7571,2464,32,128,128,3
12,3,"[8, 1120, 0, 0, 0, 0, 0, 0, 0, 0, 0, 0, 0, 0, 0, 8, 1120, 0, 0, 0, 0, 0, 0, 0, 0, 0, 0, 0, 0, 0]",3,128,1120.0,26880.0,12935285904,12935295612,12935294142,12935296638,0,86271,86271,-1,1,9708,2496,32,128,128,3
16,3,"[8, 1120, 0, 0, 0, 0, 0, 0, 0, 0, 0, 0, 0, 0, 0, 4, 0, 0, 0, 0, 0, 0, 0, 0, 0, 0, 0, 0, 0, 0]",3,128,1120.0,17924.0,12935374466,12935383093,12935382909,12935385341,0,84352,84352,-1,1,8627,2432,32,128,128,3
12,3,"[8, 1120, 0, 0, 0, 0, 0, 0, 0, 0, 0, 0, 0, 0, 0, 8, 1120, 0, 0, 0, 0, 0, 0, 0, 0, 0, 0, 0, 0, 0]",3,128,1120.0,26880.0,12935461211,12935469271,12935469693,12935472092,0,82848,82848,-1,1,8060,2399,32,128,128,3
12,3,"[8, 1120, 0, 0, 0, 0, 0, 0, 0, 0, 0, 0, 0, 0, 0, 8, 1120, 0, 0, 0, 0, 0, 0, 0, 0, 0, 0, 0, 0, 0]",3,128,1120.0,26880.0,12935547012,12935554558,12935554940,12935557403,0,84640,84640,-1,1,7546,2463,32,128,128,3
16,3,"[8, 128, 1120, 1, 1, 0, 0, 0, 0, 0, 0, 0, 0, 0, 0, 4, 0, 0, 0, 0, 0, 0, 0, 0, 0, 0, 0, 0, 0, 0]",280,128,143360.0,2293764.0,12935634072,12935641958,12935642043,12935651611,0,79071,79071,-1,1,7886,9568,32,128,128,3
12,3,"[8, 128, 1120, 1, 1, 0, 0, 0, 0, 0, 0, 0, 0, 0, 0, 8, 128, 1120, 1, 1, 0, 0, 0, 0, 0, 0, 0, 0, 0, 0]",280,128,143360.0,3440640.0,12935722309,12935730545,12935730682,12935737817,0,80800,80800,-1,1,8236,7135,32,128,128,3
12,3,"[8, 128, 1120, 1, 1, 0, 0, 0, 0, 0, 0, 0, 0, 0, 0, 8, 128, 1120, 1, 1, 0, 0, 0, 0, 0, 0, 0, 0, 0, 0]",280,128,143360.0,3440640.0,12935810595,12935818310,12935818617,12935827864,0,76512,76512,-1,1,7715,9247,32,128,128,3
16,3,"[8, 128, 0, 0, 0, 0, 0, 0, 0, 0, 0, 0, 0, 0, 0, 4, 0, 0, 0, 0, 0, 0, 0, 0, 0, 0, 0, 0, 0, 0]",1,128,128.0,2052.0,12935896490,12935904233,12935904376,12935906648,0,92447,92447,-1,1,7743,2272,32,128,128,3
12,3,"[8, 128, 0, 0, 0, 0, 0, 0, 0, 0, 0, 0, 0, 0, 0, 8, 128, 0, 0, 0, 0, 0, 0, 0, 0, 0, 0, 0, 0, 0]",1,128,128.0,3072.0,12935990912,12935998875,12935999095,12936001559,0,84639,84639,-1,1,7963,2464,32,128,128,3
12,3,"[8, 128, 0, 0, 0, 0, 0, 0, 0, 0, 0, 0, 0, 0, 0, 8, 128, 0, 0, 0, 0, 0, 0, 0, 0, 0, 0, 0, 0, 0]",1,128,128.0,3072.0,12936078118,12936085840,12936086198,12936088630,0,81407,81407,-1,1,7722,2432,32,128,128,3
16,3,"[8, 128, 0, 0, 0, 0, 0, 0, 0, 0, 0, 0, 0, 0, 0, 4, 0, 0, 0, 0, 0, 0, 0, 0, 0, 0, 0, 0, 0, 0]",1,128,128.0,2052.0,12936162245,12936169836,12936170037,12936172309,0,82719,82719,-1,1,7591,2272,32,128,128,3
12,3,"[8, 128, 0, 0, 0, 0, 0, 0, 0, 0, 0, 0, 0, 0, 0, 8, 128, 0, 0, 0, 0, 0, 0, 0, 0, 0, 0, 0, 0, 0]",1,128,128.0,3072.0,12936247067,12936256568,12936255028,12936257428,0,86559,86559,-1,1,9501,2400,32,128,128,3
12,3,"[8, 128, 0, 0, 0, 0, 0, 0, 0, 0, 0, 0, 0, 0, 0, 8, 128, 0, 0, 0, 0, 0, 0, 0, 0, 0, 0, 0, 0, 0]",1,128,128.0,3072.0,12936336068,12936343593,12936343987,12936346419,0,85567,85567,-1,1,7525,2432,32,128,128,3
16,3,"[8, 32, 128, 3, 3, 0, 0, 0, 0, 0, 0, 0, 0, 0, 0, 4, 0, 0, 0, 0, 0, 0, 0, 0, 0, 0, 0, 0, 0, 0]",72,128,36864.0,589828.0,12936423938,12936431784,12936431986,12936436082,0,83263,83263,-1,1,7846,4096,32,128,128,3
12,3,"[8, 32, 128, 3, 3, 0, 0, 0, 0, 0, 0, 0, 0, 0, 0, 8, 32, 128, 3, 3, 0, 0, 0, 0, 0, 0, 0, 0, 0, 0]",72,128,36864.0,884736.0,12936511345,12936519114,12936519345,12936523345,0,83423,83423,-1,1,7769,4000,32,128,128,3
12,3,"[8, 32, 128, 3, 3, 0, 0, 0, 0, 0, 0, 0, 0, 0, 0, 8, 32, 128, 3, 3, 0, 0, 0, 0, 0, 0, 0, 0, 0, 0]",72,128,36864.0,884736.0,12936598722,12936606470,12936606768,12936610737,0,83390,83390,-1,1,7748,3969,32,128,128,3
16,3,"[8, 1152, 0, 0, 0, 0, 0, 0, 0, 0, 0, 0, 0, 0, 0, 4, 0, 0, 0, 0, 0, 0, 0, 0, 0, 0, 0, 0, 0, 0]",3,128,1152.0,18436.0,12936686201,12936693979,12936694127,12936696527,0,83743,83743,-1,1,7778,2400,32,128,128,3
12,3,"[8, 1152, 0, 0, 0, 0, 0, 0, 0, 0, 0, 0, 0, 0, 0, 8, 1152, 0, 0, 0, 0, 0, 0, 0, 0, 0, 0, 0, 0, 0]",3,128,1152.0,27648.0,12936772372,12936780208,12936780270,12936782735,0,83423,83423,-1,1,7836,2465,32,128,128,3
12,3,"[8, 1152, 0, 0, 0, 0, 0, 0, 0, 0, 0, 0, 0, 0, 0, 8, 1152, 0, 0, 0, 0, 0, 0, 0, 0, 0, 0, 0, 0, 0]",3,128,1152.0,27648.0,12936858577,12936865905,12936866158,12936868654,0,82559,82559,-1,1,7328,2496,32,128,128,3
16,3,"[8, 1152, 0, 0, 0, 0, 0, 0, 0, 0, 0, 0, 0, 0, 0, 4, 0, 0, 0, 0, 0, 0, 0, 0, 0, 0, 0, 0, 0, 0]",3,128,1152.0,18436.0,12936943108,12936951069,12936951213,12936953613,0,81887,81887,-1,1,7961,2400,32,128,128,3
12,3,"[8, 1152, 0, 0, 0, 0, 0, 0, 0, 0, 0, 0, 0, 0, 0, 8, 1152, 0, 0, 0, 0, 0, 0, 0, 0, 0, 0, 0, 0, 0]",3,128,1152.0,27648.0,12937027786,12937035269,12937035500,12937037964,0,82015,82015,-1,1,7483,2464,32,128,128,3
12,3,"[8, 1152, 0, 0, 0, 0, 0, 0, 0, 0, 0, 0, 0, 0, 0, 8, 1152, 0, 0, 0, 0, 0, 0, 0, 0, 0, 0, 0, 0, 0]",3,128,1152.0,27648.0,12937112268,12937119630,12937119979,12937122443,0,82527,82527,-1,1,7362,2464,32,128,128,3
16,3,"[8, 128, 1152, 1, 1, 0, 0, 0, 0, 0, 0, 0, 0, 0, 0, 4, 0, 0, 0, 0, 0, 0, 0, 0, 0, 0, 0, 0, 0, 0]",288,128,147456.0,2359300.0,12937197366,12937206817,12937204970,12937215402,0,78591,78591,-1,1,9451,10432,32,128,128,3
12,3,"[8, 128, 1152, 1, 1, 0, 0, 0, 0, 0, 0, 0, 0, 0, 0, 8, 128, 1152, 1, 1, 0, 0, 0, 0, 0, 0, 0, 0, 0, 0]",288,128,147456.0,3538944.0,12937286371,12937293684,12937293993,12937301737,0,79551,79551,-1,1,7313,7744,32,128,128,3
12,3,"[8, 128, 1152, 1, 1, 0, 0, 0, 0, 0, 0, 0, 0, 0, 0, 8, 128, 1152, 1, 1, 0, 0, 0, 0, 0, 0, 0, 0, 0, 0]",288,128,147456.0,3538944.0,12937373281,12937381050,12937381288,12937391176,0,75616,75616,-1,1,7769,9888,32,128,128,3
16,3,"[8, 128, 0, 0, 0, 0, 0, 0, 0, 0, 0, 0, 0, 0, 0, 4, 0, 0, 0, 0, 0, 0, 0, 0, 0, 0, 0, 0, 0, 0]",1,128,128.0,2052.0,12937459020,12937466577,12937466792,12937469063,0,237406,237406,-1,1,7557,2271,32,128,128,3
12,3,"[8, 128, 0, 0, 0, 0, 0, 0, 0, 0, 0, 0, 0, 0, 0, 8, 128, 0, 0, 0, 0, 0, 0, 0, 0, 0, 0, 0, 0, 0]",1,128,128.0,3072.0,12937695156,12937706520,12937706469,12937708901,0,92991,92991,-1,1,11364,2432,32,128,128,3
12,3,"[8, 128, 0, 0, 0, 0, 0, 0, 0, 0, 0, 0, 0, 0, 0, 8, 128, 0, 0, 0, 0, 0, 0, 0, 0, 0, 0, 0, 0, 0]",1,128,128.0,3072.0,12937793429,12937801587,12937801892,12937804324,0,97599,97599,-1,1,8158,2432,32,128,128,3
16,3,"[8, 128, 0, 0, 0, 0, 0, 0, 0, 0, 0, 0, 0, 0, 0, 4, 0, 0, 0, 0, 0, 0, 0, 0, 0, 0, 0, 0, 0, 0]",1,128,128.0,2052.0,12937893276,12937901760,12937901923,12937904195,0,77599,77599,-1,1,8484,2272,32,128,128,3
12,3,"[8, 128, 0, 0, 0, 0, 0, 0, 0, 0, 0, 0, 0, 0, 0, 8, 128, 0, 0, 0, 0, 0, 0, 0, 0, 0, 0, 0, 0, 0]",1,128,128.0,3072.0,12937974062,12937981399,12937981794,12937984354,0,77631,77631,-1,1,7337,2560,32,128,128,3
12,3,"[8, 128, 0, 0, 0, 0, 0, 0, 0, 0, 0, 0, 0, 0, 0, 8, 128, 0, 0, 0, 0, 0, 0, 0, 0, 0, 0, 0, 0, 0]",1,128,128.0,3072.0,12938054472,12938061525,12938061985,12938064417,0,77184,77184,-1,1,7053,2432,32,128,128,3
16,3,"[8, 32, 128, 3, 3, 0, 0, 0, 0, 0, 0, 0, 0, 0, 0, 4, 0, 0, 0, 0, 0, 0, 0, 0, 0, 0, 0, 0, 0, 0]",72,128,36864.0,589828.0,12938133883,12938141307,12938141601,12938145824,0,76992,76992,-1,1,7424,4223,32,128,128,3
12,3,"[8, 32, 128, 3, 3, 0, 0, 0, 0, 0, 0, 0, 0, 0, 0, 8, 32, 128, 3, 3, 0, 0, 0, 0, 0, 0, 0, 0, 0, 0]",72,128,36864.0,884736.0,12938215013,12938222426,12938222816,12938226752,0,76638,76638,-1,1,7413,3936,32,128,128,3
12,3,"[8, 32, 128, 3, 3, 0, 0, 0, 0, 0, 0, 0, 0, 0, 0, 8, 32, 128, 3, 3, 0, 0, 0, 0, 0, 0, 0, 0, 0, 0]",72,128,36864.0,884736.0,12938295709,12938305430,12938303390,12938307359,0,80319,80319,-1,1,9721,3969,32,128,128,3
16,3,"[8, 1184, 0, 0, 0, 0, 0, 0, 0, 0, 0, 0, 0, 0, 0, 4, 0, 0, 0, 0, 0, 0, 0, 0, 0, 0, 0, 0, 0, 0]",3,128,1184.0,18948.0,12938379705,12938387407,12938387678,12938390142,0,79327,79327,-1,1,7702,2464,32,128,128,3
12,3,"[8, 1184, 0, 0, 0, 0, 0, 0, 0, 0, 0, 0, 0, 0, 0, 8, 1184, 0, 0, 0, 0, 0, 0, 0, 0, 0, 0, 0, 0, 0]",3,128,1184.0,28416.0,12938461716,12938469073,12938469469,12938471901,0,77695,77695,-1,1,7357,2432,32,128,128,3
12,3,"[8, 1184, 0, 0, 0, 0, 0, 0, 0, 0, 0, 0, 0, 0, 0, 8, 1184, 0, 0, 0, 0, 0, 0, 0, 0, 0, 0, 0, 0, 0]",3,128,1184.0,28416.0,12938542213,12938549178,12938549596,12938552092,0,77823,77823,-1,1,6965,2496,32,128,128,3
16,3,"[8, 1184, 0, 0, 0, 0, 0, 0, 0, 0, 0, 0, 0, 0, 0, 4, 0, 0, 0, 0, 0, 0, 0, 0, 0, 0, 0, 0, 0, 0]",3,128,1184.0,18948.0,12938621952,12938629538,12938629915,12938632315,0,77855,77855,-1,1,7586,2400,32,128,128,3
12,3,"[8, 1184, 0, 0, 0, 0, 0, 0, 0, 0, 0, 0, 0, 0, 0, 8, 1184, 0, 0, 0, 0, 0, 0, 0, 0, 0, 0, 0, 0, 0]",3,128,1184.0,28416.0,12938702506,12938709864,12938710170,12938712602,0,78079,78079,-1,1,7358,2432,32,128,128,3
12,3,"[8, 1184, 0, 0, 0, 0, 0, 0, 0, 0, 0, 0, 0, 0, 0, 8, 1184, 0, 0, 0, 0, 0, 0, 0, 0, 0, 0, 0, 0, 0]",3,128,1184.0,28416.0,12938783152,12938790126,12938790681,12938793209,0,79776,79776,-1,1,6974,2528,32,128,128,3
16,3,"[8, 128, 1184, 1, 1, 0, 0, 0, 0, 0, 0, 0, 0, 0, 0, 4, 0, 0, 0, 0, 0, 0, 0, 0, 0, 0, 0, 0, 0, 0]",296,128,151552.0,2424836.0,12938865392,12938872768,12938872985,12938883416,0,78848,78848,-1,1,7376,10431,32,128,128,3
12,3,"[8, 128, 1184, 1, 1, 0, 0, 0, 0, 0, 0, 0, 0, 0, 0, 8, 128, 1184, 1, 1, 0, 0, 0, 0, 0, 0, 0, 0, 0, 0]",296,128,151552.0,3637248.0,12938949983,12938962517,12938962264,12938970136,0,81599,81599,-1,1,12534,7872,32,128,128,3
12,3,"[8, 128, 1184, 1, 1, 0, 0, 0, 0, 0, 0, 0, 0, 0, 0, 8, 128, 1184, 1, 1, 0, 0, 0, 0, 0, 0, 0, 0, 0, 0]",296,128,151552.0,3637248.0,12939044243,12939051368,12939051735,12939061783,0,71935,71935,-1,1,7125,10048,32,128,128,3
16,3,"[8, 128, 0, 0, 0, 0, 0, 0, 0, 0, 0, 0, 0, 0, 0, 4, 0, 0, 0, 0, 0, 0, 0, 0, 0, 0, 0, 0, 0, 0]",1,128,128.0,2052.0,12939126109,12939133566,12939133718,12939135926,0,82847,82847,-1,1,7457,2208,32,128,128,3
12,3,"[8, 128, 0, 0, 0, 0, 0, 0, 0, 0, 0, 0, 0, 0, 0, 8, 128, 0, 0, 0, 0, 0, 0, 0, 0, 0, 0, 0, 0, 0]",1,128,128.0,3072.0,12939211029,12939218502,12939218773,12939221269,0,80127,80127,-1,1,7473,2496,32,128,128,3
12,3,"[8, 128, 0, 0, 0, 0, 0, 0, 0, 0, 0, 0, 0, 0, 0, 8, 128, 0, 0, 0, 0, 0, 0, 0, 0, 0, 0, 0, 0, 0]",1,128,128.0,3072.0,12939293757,12939301011,12939301396,12939303860,0,77471,77471,-1,1,7254,2464,32,128,128,3
16,3,"[8, 128, 0, 0, 0, 0, 0, 0, 0, 0, 0, 0, 0, 0, 0, 4, 0, 0, 0, 0, 0, 0, 0, 0, 0, 0, 0, 0, 0, 0]",1,128,128.0,2052.0,12939373767,12939381028,12939381331,12939383539,0,78496,78496,-1,1,7261,2208,32,128,128,3
12,3,"[8, 128, 0, 0, 0, 0, 0, 0, 0, 0, 0, 0, 0, 0, 0, 8, 128, 0, 0, 0, 0, 0, 0, 0, 0, 0, 0, 0, 0, 0]",1,128,128.0,3072.0,12939454619,12939461776,12939462035,12939464563,0,78047,78047,-1,1,7157,2528,32,128,128,3
12,3,"[8, 128, 0, 0, 0, 0, 0, 0, 0, 0, 0, 0, 0, 0, 0, 8, 128, 0, 0, 0, 0, 0, 0, 0, 0, 0, 0, 0, 0, 0]",1,128,128.0,3072.0,12939535175,12939542188,12939542610,12939545041,0,78336,78336,-1,1,7013,2431,32,128,128,3
16,3,"[8, 32, 128, 3, 3, 0, 0, 0, 0, 0, 0, 0, 0, 0, 0, 4, 0, 0, 0, 0, 0, 0, 0, 0, 0, 0, 0, 0, 0, 0]",72,128,36864.0,589828.0,12939615621,12939623070,12939623377,12939627345,0,77119,77119,-1,1,7449,3968,32,128,128,3
12,3,"[8, 32, 128, 3, 3, 0, 0, 0, 0, 0, 0, 0, 0, 0, 0, 8, 32, 128, 3, 3, 0, 0, 0, 0, 0, 0, 0, 0, 0, 0]",72,128,36864.0,884736.0,12939696975,12939704081,12939704464,12939708464,0,77919,77919,-1,1,7106,4000,32,128,128,3
12,3,"[8, 32, 128, 3, 3, 0, 0, 0, 0, 0, 0, 0, 0, 0, 0, 8, 32, 128, 3, 3, 0, 0, 0, 0, 0, 0, 0, 0, 0, 0]",72,128,36864.0,884736.0,12939778966,12939786106,12939786383,12939790543,0,75967,75967,-1,1,7140,4160,32,128,128,3
16,3,"[8, 1216, 0, 0, 0, 0, 0, 0, 0, 0, 0, 0, 0, 0, 0, 4, 0, 0, 0, 0, 0, 0, 0, 0, 0, 0, 0, 0, 0, 0]",3,128,1216.0,19460.0,12939858952,12939866313,12939866510,12939868942,0,105599,105599,-1,1,7361,2432,32,128,128,3
12,3,"[8, 1216, 0, 0, 0, 0, 0, 0, 0, 0, 0, 0, 0, 0, 0, 8, 1216, 0, 0, 0, 0, 0, 0, 0, 0, 0, 0, 0, 0, 0]",3,128,1216.0,29184.0,12939966245,12939974336,12939974541,12939977037,0,84575,84575,-1,1,8091,2496,32,128,128,3
12,3,"[8, 1216, 0, 0, 0, 0, 0, 0, 0, 0, 0, 0, 0, 0, 0, 8, 1216, 0, 0, 0, 0, 0, 0, 0, 0, 0, 0, 0, 0, 0]",3,128,1216.0,29184.0,12940053558,12940061300,12940061612,12940064076,0,84159,84159,-1,1,7742,2464,32,128,128,3
16,3,"[8, 1216, 0, 0, 0, 0, 0, 0, 0, 0, 0, 0, 0, 0, 0, 4, 0, 0, 0, 0, 0, 0, 0, 0, 0, 0, 0, 0, 0, 0]",3,128,1216.0,19460.0,12940140089,12940148071,12940148235,12940150827,0,87135,87135,-1,1,7982,2592,32,128,128,3
12,3,"[8, 1216, 0, 0, 0, 0, 0, 0, 0, 0, 0, 0, 0, 0, 0, 8, 1216, 0, 0, 0, 0, 0, 0, 0, 0, 0, 0, 0, 0, 0]",3,128,1216.0,29184.0,12940229753,12940237779,12940237962,12940240458,0,83775,83775,-1,1,8026,2496,32,128,128,3
12,3,"[8, 1216, 0, 0, 0, 0, 0, 0, 0, 0, 0, 0, 0, 0, 0, 8, 1216, 0, 0, 0, 0, 0, 0, 0, 0, 0, 0, 0, 0, 0]",3,128,1216.0,29184.0,12940316484,12940323914,12940324233,12940326697,0,85151,85151,-1,1,7430,2464,32,128,128,3
16,3,"[8, 128, 1216, 1, 1, 0, 0, 0, 0, 0, 0, 0, 0, 0, 0, 4, 0, 0, 0, 0, 0, 0, 0, 0, 0, 0, 0, 0, 0, 0]",304,128,155648.0,2490372.0,12940403806,12940411834,12940411848,12940422280,0,78079,78079,-1,1,8028,10432,32,128,128,3
12,3,"[8, 128, 1216, 1, 1, 0, 0, 0, 0, 0, 0, 0, 0, 0, 0, 8, 128, 1216, 1, 1, 0, 0, 0, 0, 0, 0, 0, 0, 0, 0]",304,128,155648.0,3735552.0,12940492359,12940500078,12940500359,12940507975,0,81023,81023,-1,1,7719,7616,32,128,128,3
12,3,"[8, 128, 1216, 1, 1, 0, 0, 0, 0, 0, 0, 0, 0, 0, 0, 8, 128, 1216, 1, 1, 0, 0, 0, 0, 0, 0, 0, 0, 0, 0]",304,128,155648.0,3735552.0,12940581025,12940588838,12940588998,12940599879,0,74815,74815,-1,1,7813,10881,32,128,128,3
16,3,"[8, 128, 0, 0, 0, 0, 0, 0, 0, 0, 0, 0, 0, 0, 0, 4, 0, 0, 0, 0, 0, 0, 0, 0, 0, 0, 0, 0, 0, 0]",1,128,128.0,2052.0,12940666489,12940674527,12940674694,12940676902,0,83807,83807,-1,1,8038,2208,32,128,128,3
12,3,"[8, 128, 0, 0, 0, 0, 0, 0, 0, 0, 0, 0, 0, 0, 0, 8, 128, 0, 0, 0, 0, 0, 0, 0, 0, 0, 0, 0, 0, 0]",1,128,128.0,3072.0,12940752838,12940760389,12940760709,12940763237,0,82399,82399,-1,1,7551,2528,32,128,128,3
12,3,"[8, 128, 0, 0, 0, 0, 0, 0, 0, 0, 0, 0, 0, 0, 0, 8, 128, 0, 0, 0, 0, 0, 0, 0, 0, 0, 0, 0, 0, 0]",1,128,128.0,3072.0,12940837931,12940845291,12940845636,12940848100,0,82463,82463,-1,1,7360,2464,32,128,128,3
16,3,"[8, 128, 0, 0, 0, 0, 0, 0, 0, 0, 0, 0, 0, 0, 0, 4, 0, 0, 0, 0, 0, 0, 0, 0, 0, 0, 0, 0, 0, 0]",1,128,128.0,2052.0,12940922885,12940930406,12940930563,12940932771,0,82079,82079,-1,1,7521,2208,32,128,128,3
12,3,"[8, 128, 0, 0, 0, 0, 0, 0, 0, 0, 0, 0, 0, 0, 0, 8, 128, 0, 0, 0, 0, 0, 0, 0, 0, 0, 0, 0, 0, 0]",1,128,128.0,3072.0,12941006860,12941014621,12941014850,12941017314,0,86367,86367,-1,1,7761,2464,32,128,128,3
12,3,"[8, 128, 0, 0, 0, 0, 0, 0, 0, 0, 0, 0, 0, 0, 0, 8, 128, 0, 0, 0, 0, 0, 0, 0, 0, 0, 0, 0, 0, 0]",1,128,128.0,3072.0,12941095945,12941103369,12941103681,12941106113,0,221950,221950,-1,1,7424,2432,32,128,128,3
16,3,"[8, 32, 128, 3, 3, 0, 0, 0, 0, 0, 0, 0, 0, 0, 0, 4, 0, 0, 0, 0, 0, 0, 0, 0, 0, 0, 0, 0, 0, 0]",72,128,36864.0,589828.0,12941318199,12941328161,12941328063,12941331967,0,88767,88767,-1,1,9962,3904,32,128,128,3
12,3,"[8, 32, 128, 3, 3, 0, 0, 0, 0, 0, 0, 0, 0, 0, 0, 8, 32, 128, 3, 3, 0, 0, 0, 0, 0, 0, 0, 0, 0, 0]",72,128,36864.0,884736.0,12941412147,12941420585,12941420734,12941424862,0,80031,80031,-1,1,8438,4128,32,128,128,3
12,3,"[8, 32, 128, 3, 3, 0, 0, 0, 0, 0, 0, 0, 0, 0, 0, 8, 32, 128, 3, 3, 0, 0, 0, 0, 0, 0, 0, 0, 0, 0]",72,128,36864.0,884736.0,12941497014,12941504509,12941504893,12941508829,0,78367,78367,-1,1,7495,3936,32,128,128,3
16,3,"[8, 1248, 0, 0, 0, 0, 0, 0, 0, 0, 0, 0, 0, 0, 0, 4, 0, 0, 0, 0, 0, 0, 0, 0, 0, 0, 0, 0, 0, 0]",3,128,1248.0,19972.0,12941579336,12941586904,12941587196,12941589628,0,79935,79935,-1,1,7568,2432,32,128,128,3
12,3,"[8, 1248, 0, 0, 0, 0, 0, 0, 0, 0, 0, 0, 0, 0, 0, 8, 1248, 0, 0, 0, 0, 0, 0, 0, 0, 0, 0, 0, 0, 0]",3,128,1248.0,29952.0,12941662050,12941669231,12941669563,12941672123,0,78336,78336,-1,1,7181,2560,32,128,128,3
12,3,"[8, 1248, 0, 0, 0, 0, 0, 0, 0, 0, 0, 0, 0, 0, 0, 8, 1248, 0, 0, 0, 0, 0, 0, 0, 0, 0, 0, 0, 0, 0]",3,128,1248.0,29952.0,12941743211,12941750156,12941750459,12941752922,0,77536,77536,-1,1,6945,2463,32,128,128,3
16,3,"[8, 1248, 0, 0, 0, 0, 0, 0, 0, 0, 0, 0, 0, 0, 0, 4, 0, 0, 0, 0, 0, 0, 0, 0, 0, 0, 0, 0, 0, 0]",3,128,1248.0,19972.0,12941822934,12941830202,12941830458,12941832889,0,77824,77824,-1,1,7268,2431,32,128,128,3
12,3,"[8, 1248, 0, 0, 0, 0, 0, 0, 0, 0, 0, 0, 0, 0, 0, 8, 1248, 0, 0, 0, 0, 0, 0, 0, 0, 0, 0, 0, 0, 0]",3,128,1248.0,29952.0,12941903536,12941910460,12941910713,12941913241,0,80287,80287,-1,1,6924,2528,32,128,128,3
12,3,"[8, 1248, 0, 0, 0, 0, 0, 0, 0, 0, 0, 0, 0, 0, 0, 8, 1248, 0, 0, 0, 0, 0, 0, 0, 0, 0, 0, 0, 0, 0]",3,128,1248.0,29952.0,12941986061,12941993194,12941993528,12941996152,0,79935,79935,-1,1,7133,2624,32,128,128,3
16,3,"[8, 128, 1248, 1, 1, 0, 0, 0, 0, 0, 0, 0, 0, 0, 0, 4, 0, 0, 0, 0, 0, 0, 0, 0, 0, 0, 0, 0, 0, 0]",312,128,159744.0,2555908.0,12942068194,12942075730,12942076087,12942087191,0,74015,74015,-1,1,7536,11104,32,128,128,3
12,3,"[8, 128, 1248, 1, 1, 0, 0, 0, 0, 0, 0, 0, 0, 0, 0, 8, 128, 1248, 1, 1, 0, 0, 0, 0, 0, 0, 0, 0, 0, 0]",312,128,159744.0,3833856.0,12942153442,12942160905,12942161206,12942168918,0,74655,74655,-1,1,7463,7712,32,128,128,3
12,3,"[8, 128, 1248, 1, 1, 0, 0, 0, 0, 0, 0, 0, 0, 0, 0, 8, 128, 1248, 1, 1, 0, 0, 0, 0, 0, 0, 0, 0, 0, 0]",312,128,159744.0,3833856.0,12942235863,12942243240,12942243573,12942254261,0,69823,69823,-1,1,7377,10688,32,128,128,3
16,3,"[8, 128, 0, 0, 0, 0, 0, 0, 0, 0, 0, 0, 0, 0, 0, 4, 0, 0, 0, 0, 0, 0, 0, 0, 0, 0, 0, 0, 0, 0]",1,128,128.0,2052.0,12942316315,12942323844,12942324084,12942326356,0,78880,78880,-1,1,7529,2272,32,128,128,3
12,3,"[8, 128, 0, 0, 0, 0, 0, 0, 0, 0, 0, 0, 0, 0, 0, 8, 128, 0, 0, 0, 0, 0, 0, 0, 0, 0, 0, 0, 0, 0]",1,128,128.0,3072.0,12942397787,12942404888,12942405236,12942407827,0,79200,79200,-1,1,7101,2591,32,128,128,3
12,3,"[8, 128, 0, 0, 0, 0, 0, 0, 0, 0, 0, 0, 0, 0, 0, 8, 128, 0, 0, 0, 0, 0, 0, 0, 0, 0, 0, 0, 0, 0]",1,128,128.0,3072.0,12942479231,12942486627,12942487027,12942489523,0,91711,91711,-1,1,7396,2496,32,128,128,3
16,3,"[8, 128, 0, 0, 0, 0, 0, 0, 0, 0, 0, 0, 0, 0, 0, 4, 0, 0, 0, 0, 0, 0, 0, 0, 0, 0, 0, 0, 0, 0]",1,128,128.0,2052.0,12942572506,12942581121,12942581234,12942583506,0,79583,79583,-1,1,8615,2272,32,128,128,3
12,3,"[8, 128, 0, 0, 0, 0, 0, 0, 0, 0, 0, 0, 0, 0, 0, 8, 128, 0, 0, 0, 0, 0, 0, 0, 0, 0, 0, 0, 0, 0]",1,128,128.0,3072.0,12942655241,12942662742,12942663089,12942665681,0,78815,78815,-1,1,7501,2592,32,128,128,3
12,3,"[8, 128, 0, 0, 0, 0, 0, 0, 0, 0, 0, 0, 0, 0, 0, 8, 128, 0, 0, 0, 0, 0, 0, 0, 0, 0, 0, 0, 0, 0]",1,128,128.0,3072.0,12942736888,12942744127,12942744496,12942746992,0,79679,79679,-1,1,7239,2496,32,128,128,3
16,3,"[8, 32, 128, 3, 3, 0, 0, 0, 0, 0, 0, 0, 0, 0, 0, 4, 0, 0, 0, 0, 0, 0, 0, 0, 0, 0, 0, 0, 0, 0]",72,128,36864.0,589828.0,12942818931,12942826440,12942826671,12942830799,0,78943,78943,-1,1,7509,4128,32,128,128,3
12,3,"[8, 32, 128, 3, 3, 0, 0, 0, 0, 0, 0, 0, 0, 0, 0, 8, 32, 128, 3, 3, 0, 0, 0, 0, 0, 0, 0, 0, 0, 0]",72,128,36864.0,884736.0,12942902129,12942909472,12942909742,12942914030,0,77183,77183,-1,1,7343,4288,32,128,128,3
12,3,"[8, 32, 128, 3, 3, 0, 0, 0, 0, 0, 0, 0, 0, 0, 0, 8, 32, 128, 3, 3, 0, 0, 0, 0, 0, 0, 0, 0, 0, 0]",72,128,36864.0,884736.0,12942983647,12942992876,12942991213,12942995149,0,79584,79584,-1,1,9229,3936,32,128,128,3
16,3,"[8, 1280, 0, 0, 0, 0, 0, 0, 0, 0, 0, 0, 0, 0, 0, 4, 0, 0, 0, 0, 0, 0, 0, 0, 0, 0, 0, 0, 0, 0]",3,128,1280.0,20484.0,12943066790,12943074440,12943074733,12943077229,0,78782,78782,-1,1,7650,2496,32,128,128,3
12,3,"[8, 1280, 0, 0, 0, 0, 0, 0, 0, 0, 0, 0, 0, 0, 0, 8, 1280, 0, 0, 0, 0, 0, 0, 0, 0, 0, 0, 0, 0, 0]",3,128,1280.0,30720.0,12943148539,12943155651,12943156011,12943158604,0,77087,77087,-1,1,7112,2593,32,128,128,3
12,3,"[8, 1280, 0, 0, 0, 0, 0, 0, 0, 0, 0, 0, 0, 0, 0, 8, 1280, 0, 0, 0, 0, 0, 0, 0, 0, 0, 0, 0, 0, 0]",3,128,1280.0,30720.0,12943228068,12943235239,12943235691,12943238155,0,77599,77599,-1,1,7171,2464,32,128,128,3
16,3,"[8, 1280, 0, 0, 0, 0, 0, 0, 0, 0, 0, 0, 0, 0, 0, 4, 0, 0, 0, 0, 0, 0, 0, 0, 0, 0, 0, 0, 0, 0]",3,128,1280.0,20484.0,12943307949,12943315614,12943315754,12943318218,0,76191,76191,-1,1,7665,2464,32,128,128,3
12,3,"[8, 1280, 0, 0, 0, 0, 0, 0, 0, 0, 0, 0, 0, 0, 0, 8, 1280, 0, 0, 0, 0, 0, 0, 0, 0, 0, 0, 0, 0, 0]",3,128,1280.0,30720.0,12943386900,12943394054,12943394409,12943396905,0,76287,76287,-1,1,7154,2496,32,128,128,3
12,3,"[8, 1280, 0, 0, 0, 0, 0, 0, 0, 0, 0, 0, 0, 0, 0, 8, 1280, 0, 0, 0, 0, 0, 0, 0, 0, 0, 0, 0, 0, 0]",3,128,1280.0,30720.0,12943465775,12943472824,12943473192,12943475688,0,78783,78783,-1,1,7049,2496,32,128,128,3
16,3,"[8, 128, 1280, 1, 1, 0, 0, 0, 0, 0, 0, 0, 0, 0, 0, 4, 0, 0, 0, 0, 0, 0, 0, 0, 0, 0, 0, 0, 0, 0]",320,128,163840.0,2621444.0,12943546847,12943554194,12943554471,12943565224,0,70271,70271,-1,1,7347,10753,32,128,128,3
12,3,"[8, 128, 1280, 1, 1, 0, 0, 0, 0, 0, 0, 0, 0, 0, 0, 8, 128, 1280, 1, 1, 0, 0, 0, 0, 0, 0, 0, 0, 0, 0]",320,128,163840.0,3932160.0,12943628047,12943635134,12943635495,12943643718,0,73888,73888,-1,1,7087,8223,32,128,128,3
12,3,"[8, 128, 1280, 1, 1, 0, 0, 0, 0, 0, 0, 0, 0, 0, 0, 8, 128, 1280, 1, 1, 0, 0, 0, 0, 0, 0, 0, 0, 0, 0]",320,128,163840.0,3932160.0,12943709913,12943717229,12943717606,12943728198,0,70751,70751,-1,1,7316,10592,32,128,128,3
16,3,"[8, 128, 0, 0, 0, 0, 0, 0, 0, 0, 0, 0, 0, 0, 0, 4, 0, 0, 0, 0, 0, 0, 0, 0, 0, 0, 0, 0, 0, 0]",1,128,128.0,2052.0,12943791179,12943798644,12943798949,12943801157,0,78623,78623,-1,1,7465,2208,32,128,128,3
12,3,"[8, 128, 0, 0, 0, 0, 0, 0, 0, 0, 0, 0, 0, 0, 0, 8, 128, 0, 0, 0, 0, 0, 0, 0, 0, 0, 0, 0, 0, 0]",1,128,128.0,3072.0,12943872297,12943881378,12943879780,12943882244,0,93023,93023,-1,1,9081,2464,32,128,128,3
12,3,"[8, 128, 0, 0, 0, 0, 0, 0, 0, 0, 0, 0, 0, 0, 0, 8, 128, 0, 0, 0, 0, 0, 0, 0, 0, 0, 0, 0, 0, 0]",1,128,128.0,3072.0,12943966926,12943974947,12943975267,12943977667,0,80351,80351,-1,1,8021,2400,32,128,128,3
16,3,"[8, 128, 0, 0, 0, 0, 0, 0, 0, 0, 0, 0, 0, 0, 0, 4, 0, 0, 0, 0, 0, 0, 0, 0, 0, 0, 0, 0, 0, 0]",1,128,128.0,2052.0,12944050116,12944057835,12944058018,12944060354,0,78751,78751,-1,1,7719,2336,32,128,128,3
12,3,"[8, 128, 0, 0, 0, 0, 0, 0, 0, 0, 0, 0, 0, 0, 0, 8, 128, 0, 0, 0, 0, 0, 0, 0, 0, 0, 0, 0, 0, 0]",1,128,128.0,3072.0,12944131634,12944138834,12944139105,12944141569,0,78047,78047,-1,1,7200,2464,32,128,128,3
12,3,"[8, 128, 0, 0, 0, 0, 0, 0, 0, 0, 0, 0, 0, 0, 0, 8, 128, 0, 0, 0, 0, 0, 0, 0, 0, 0, 0, 0, 0, 0]",1,128,128.0,3072.0,12944211774,12944221582,12944219616,12944222081,0,93407,93407,-1,1,9808,2465,32,128,128,3
16,3,"[8, 32, 128, 3, 3, 0, 0, 0, 0, 0, 0, 0, 0, 0, 0, 4, 0, 0, 0, 0, 0, 0, 0, 0, 0, 0, 0, 0, 0, 0]",72,128,36864.0,589828.0,12944306586,12944315274,12944315488,12944319584,0,79870,79870,-1,1,8688,4096,32,128,128,3
12,3,"[8, 32, 128, 3, 3, 0, 0, 0, 0, 0, 0, 0, 0, 0, 0, 8, 32, 128, 3, 3, 0, 0, 0, 0, 0, 0, 0, 0, 0, 0]",72,128,36864.0,884736.0,12944391638,12944399070,12944399454,12944403518,0,76832,76832,-1,1,7432,4064,32,128,128,3
12,3,"[8, 32, 128, 3, 3, 0, 0, 0, 0, 0, 0, 0, 0, 0, 0, 8, 32, 128, 3, 3, 0, 0, 0, 0, 0, 0, 0, 0, 0, 0]",72,128,36864.0,884736.0,12944472821,12944479928,12944480350,12944484382,0,77247,77247,-1,1,7107,4032,32,128,128,3
16,3,"[8, 1312, 0, 0, 0, 0, 0, 0, 0, 0, 0, 0, 0, 0, 0, 4, 0, 0, 0, 0, 0, 0, 0, 0, 0, 0, 0, 0, 0, 0]",3,128,1312.0,20996.0,12944553954,12944561383,12944561629,12944564093,0,78495,78495,-1,1,7429,2464,32,128,128,3
12,3,"[8, 1312, 0, 0, 0, 0, 0, 0, 0, 0, 0, 0, 0, 0, 0, 8, 1312, 0, 0, 0, 0, 0, 0, 0, 0, 0, 0, 0, 0, 0]",3,128,1312.0,31488.0,12944634519,12944642213,12944642588,12944645084,0,235390,235390,-1,1,7694,2496,32,128,128,3
12,3,"[8, 1312, 0, 0, 0, 0, 0, 0, 0, 0, 0, 0, 0, 0, 0, 8, 1312, 0, 0, 0, 0, 0, 0, 0, 0, 0, 0, 0, 0, 0]",3,128,1312.0,31488.0,12944870671,12944880377,12944880474,12944882969,0,89728,89728,-1,1,9706,2495,32,128,128,3
16,3,"[8, 1312, 0, 0, 0, 0, 0, 0, 0, 0, 0, 0, 0, 0, 0, 4, 0, 0, 0, 0, 0, 0, 0, 0, 0, 0, 0, 0, 0, 0]",3,128,1312.0,20996.0,12944964138,12944975063,12944972697,12944975161,0,83807,83807,-1,1,10925,2464,32,128,128,3
12,3,"[8, 1312, 0, 0, 0, 0, 0, 0, 0, 0, 0, 0, 0, 0, 0, 8, 1312, 0, 0, 0, 0, 0, 0, 0, 0, 0, 0, 0, 0, 0]",3,128,1312.0,31488.0,12945051017,12945058683,12945058968,12945061592,0,78847,78847,-1,1,7666,2624,32,128,128,3
12,3,"[8, 1312, 0, 0, 0, 0, 0, 0, 0, 0, 0, 0, 0, 0, 0, 8, 1312, 0, 0, 0, 0, 0, 0, 0, 0, 0, 0, 0, 0, 0]",3,128,1312.0,31488.0,12945132551,12945140055,12945140439,12945142935,0,81215,81215,-1,1,7504,2496,32,128,128,3
16,3,"[8, 128, 1312, 1, 1, 0, 0, 0, 0, 0, 0, 0, 0, 0, 0, 4, 0, 0, 0, 0, 0, 0, 0, 0, 0, 0, 0, 0, 0, 0]",328,128,167936.0,2686980.0,12945216144,12945223953,12945224150,12945234934,0,71327,71327,-1,1,7809,10784,32,128,128,3
12,3,"[8, 128, 1312, 1, 1, 0, 0, 0, 0, 0, 0, 0, 0, 0, 0, 8, 128, 1312, 1, 1, 0, 0, 0, 0, 0, 0, 0, 0, 0, 0]",328,128,167936.0,4030464.0,12945298488,12945305873,12945306261,12945314101,0,74271,74271,-1,1,7385,7840,32,128,128,3
12,3,"[8, 128, 1312, 1, 1, 0, 0, 0, 0, 0, 0, 0, 0, 0, 0, 8, 128, 1312, 1, 1, 0, 0, 0, 0, 0, 0, 0, 0, 0, 0]",328,128,167936.0,4030464.0,12945380700,12945388008,12945388372,12945399316,0,70463,70463,-1,1,7308,10944,32,128,128,3
16,3,"[8, 128, 0, 0, 0, 0, 0, 0, 0, 0, 0, 0, 0, 0, 0, 4, 0, 0, 0, 0, 0, 0, 0, 0, 0, 0, 0, 0, 0, 0]",1,128,128.0,2052.0,12945461905,12945469635,12945469779,12945472019,0,78015,78015,-1,1,7730,2240,32,128,128,3
12,3,"[8, 128, 0, 0, 0, 0, 0, 0, 0, 0, 0, 0, 0, 0, 0, 8, 128, 0, 0, 0, 0, 0, 0, 0, 0, 0, 0, 0, 0, 0]",1,128,128.0,3072.0,12945542411,12945549611,12945550034,12945552499,0,77471,77471,-1,1,7200,2465,32,128,128,3
12,3,"[8, 128, 0, 0, 0, 0, 0, 0, 0, 0, 0, 0, 0, 0, 0, 8, 128, 0, 0, 0, 0, 0, 0, 0, 0, 0, 0, 0, 0, 0]",1,128,128.0,3072.0,12945622438,12945629695,12945629970,12945632434,0,78367,78367,-1,1,7257,2464,32,128,128,3
16,3,"[8, 128, 0, 0, 0, 0, 0, 0, 0, 0, 0, 0, 0, 0, 0, 4, 0, 0, 0, 0, 0, 0, 0, 0, 0, 0, 0, 0, 0, 0]",1,128,128.0,2052.0,12945703113,12945710523,12945710801,12945713073,0,77791,77791,-1,1,7410,2272,32,128,128,3
12,3,"[8, 128, 0, 0, 0, 0, 0, 0, 0, 0, 0, 0, 0, 0, 0, 8, 128, 0, 0, 0, 0, 0, 0, 0, 0, 0, 0, 0, 0, 0]",1,128,128.0,3072.0,12945783345,12945790633,12945790864,12945793328,0,81247,81247,-1,1,7288,2464,32,128,128,3
12,3,"[8, 128, 0, 0, 0, 0, 0, 0, 0, 0, 0, 0, 0, 0, 0, 8, 128, 0, 0, 0, 0, 0, 0, 0, 0, 0, 0, 0, 0, 0]",1,128,128.0,3072.0,12945866642,12945875122,12945874575,12945877039,0,79647,79647,-1,1,8480,2464,32,128,128,3
16,3,"[8, 32, 128, 3, 3, 0, 0, 0, 0, 0, 0, 0, 0, 0, 0, 4, 0, 0, 0, 0, 0, 0, 0, 0, 0, 0, 0, 0, 0, 0]",72,128,36864.0,589828.0,12945948889,12945956400,12945956686,12945960782,0,76352,76352,-1,1,7511,4096,32,128,128,3
12,3,"[8, 32, 128, 3, 3, 0, 0, 0, 0, 0, 0, 0, 0, 0, 0, 8, 32, 128, 3, 3, 0, 0, 0, 0, 0, 0, 0, 0, 0, 0]",72,128,36864.0,884736.0,12946029589,12946036809,12946037134,12946041229,0,76992,76992,-1,1,7220,4095,32,128,128,3
12,3,"[8, 32, 128, 3, 3, 0, 0, 0, 0, 0, 0, 0, 0, 0, 0, 8, 32, 128, 3, 3, 0, 0, 0, 0, 0, 0, 0, 0, 0, 0]",72,128,36864.0,884736.0,12946110720,12946117826,12946118221,12946122157,0,76959,76959,-1,1,7106,3936,32,128,128,3
16,3,"[8, 1344, 0, 0, 0, 0, 0, 0, 0, 0, 0, 0, 0, 0, 0, 4, 0, 0, 0, 0, 0, 0, 0, 0, 0, 0, 0, 0, 0, 0]",3,128,1344.0,21508.0,12946191367,12946198813,12946199116,12946201516,0,77535,77535,-1,1,7446,2400,32,128,128,3
12,3,"[8, 1344, 0, 0, 0, 0, 0, 0, 0, 0, 0, 0, 0, 0, 0, 8, 1344, 0, 0, 0, 0, 0, 0, 0, 0, 0, 0, 0, 0, 0]",3,128,1344.0,32256.0,12946271407,12946278603,12946279051,12946281579,0,78303,78303,-1,1,7196,2528,32,128,128,3
12,3,"[8, 1344, 0, 0, 0, 0, 0, 0, 0, 0, 0, 0, 0, 0, 0, 8, 1344, 0, 0, 0, 0, 0, 0, 0, 0, 0, 0, 0, 0, 0]",3,128,1344.0,32256.0,12946352582,12946359504,12946359882,12946362442,0,76991,76991,-1,1,6922,2560,32,128,128,3
16,3,"[8, 1344, 0, 0, 0, 0, 0, 0, 0, 0, 0, 0, 0, 0, 0, 4, 0, 0, 0, 0, 0, 0, 0, 0, 0, 0, 0, 0, 0, 0]",3,128,1344.0,21508.0,12946431434,12946439217,12946439433,12946441865,0,78591,78591,-1,1,7783,2432,32,128,128,3
12,3,"[8, 1344, 0, 0, 0, 0, 0, 0, 0, 0, 0, 0, 0, 0, 0, 8, 1344, 0, 0, 0, 0, 0, 0, 0, 0, 0, 0, 0, 0, 0]",3,128,1344.0,32256.0,12946512793,12946520098,12946520456,12946523336,0,78080,78080,-1,1,7305,2880,32,128,128,3
12,3,"[8, 1344, 0, 0, 0, 0, 0, 0, 0, 0, 0, 0, 0, 0, 0, 8, 1344, 0, 0, 0, 0, 0, 0, 0, 0, 0, 0, 0, 0, 0]",3,128,1344.0,32256.0,12946593788,12946600872,12946601416,12946603975,0,77504,77504,-1,1,7084,2559,32,128,128,3
16,3,"[8, 128, 1344, 1, 1, 0, 0, 0, 0, 0, 0, 0, 0, 0, 0, 4, 0, 0, 0, 0, 0, 0, 0, 0, 0, 0, 0, 0, 0, 0]",336,128,172032.0,2752516.0,12946673848,12946681254,12946681479,12946692902,0,69152,69152,-1,1,7406,11423,32,128,128,3
12,3,"[8, 128, 1344, 1, 1, 0, 0, 0, 0, 0, 0, 0, 0, 0, 0, 8, 128, 1344, 1, 1, 0, 0, 0, 0, 0, 0, 0, 0, 0, 0]",336,128,172032.0,4128768.0,12946754739,12946763495,12946762054,12946770054,0,75455,75455,-1,1,8756,8000,32,128,128,3
12,3,"[8, 128, 1344, 1, 1, 0, 0, 0, 0, 0, 0, 0, 0, 0, 0, 8, 128, 1344, 1, 1, 0, 0, 0, 0, 0, 0, 0, 0, 0, 0]",336,128,172032.0,4128768.0,12946837737,12946845109,12946845509,12946856773,0,68031,68031,-1,1,7372,11264,32,128,128,3
16,3,"[8, 128, 0, 0, 0, 0, 0, 0, 0, 0, 0, 0, 0, 0, 0, 4, 0, 0, 0, 0, 0, 0, 0, 0, 0, 0, 0, 0, 0, 0]",1,128,128.0,2052.0,12946916976,12946924484,12946924804,12946927044,0,77759,77759,-1,1,7508,2240,32,128,128,3
12,3,"[8, 128, 0, 0, 0, 0, 0, 0, 0, 0, 0, 0, 0, 0, 0, 8, 128, 0, 0, 0, 0, 0, 0, 0, 0, 0, 0, 0, 0, 0]",1,128,128.0,3072.0,12946997092,12947004287,12947004803,12947007363,0,77120,77120,-1,1,7195,2560,32,128,128,3
12,3,"[8, 128, 0, 0, 0, 0, 0, 0, 0, 0, 0, 0, 0, 0, 0, 8, 128, 0, 0, 0, 0, 0, 0, 0, 0, 0, 0, 0, 0, 0]",1,128,128.0,3072.0,12947077164,12947084046,12947084483,12947086946,0,77792,77792,-1,1,6882,2463,32,128,128,3
16,3,"[8, 128, 0, 0, 0, 0, 0, 0, 0, 0, 0, 0, 0, 0, 0, 4, 0, 0, 0, 0, 0, 0, 0, 0, 0, 0, 0, 0, 0, 0]",1,128,128.0,2052.0,12947156898,12947164543,12947164738,12947166978,0,79551,79551,-1,1,7645,2240,32,128,128,3
12,3,"[8, 128, 0, 0, 0, 0, 0, 0, 0, 0, 0, 0, 0, 0, 0, 8, 128, 0, 0, 0, 0, 0, 0, 0, 0, 0, 0, 0, 0, 0]",1,128,128.0,3072.0,12947239058,12947246248,12947246529,12947248993,0,76895,76895,-1,1,7190,2464,32,128,128,3
12,3,"[8, 128, 0, 0, 0, 0, 0, 0, 0, 0, 0, 0, 0, 0, 0, 8, 128, 0, 0, 0, 0, 0, 0, 0, 0, 0, 0, 0, 0, 0]",1,128,128.0,3072.0,12947318545,12947325574,12947325888,12947328352,0,77535,77535,-1,1,7029,2464,32,128,128,3
16,3,"[8, 32, 128, 3, 3, 0, 0, 0, 0, 0, 0, 0, 0, 0, 0, 4, 0, 0, 0, 0, 0, 0, 0, 0, 0, 0, 0, 0, 0, 0]",72,128,36864.0,589828.0,12947398335,12947405583,12947405887,12947409951,0,76767,76767,-1,1,7248,4064,32,128,128,3
12,3,"[8, 32, 128, 3, 3, 0, 0, 0, 0, 0, 0, 0, 0, 0, 0, 8, 32, 128, 3, 3, 0, 0, 0, 0, 0, 0, 0, 0, 0, 0]",72,128,36864.0,884736.0,12947479267,12947486384,12947486718,12947490590,0,80415,80415,-1,1,7117,3872,32,128,128,3
12,3,"[8, 32, 128, 3, 3, 0, 0, 0, 0, 0, 0, 0, 0, 0, 0, 8, 32, 128, 3, 3, 0, 0, 0, 0, 0, 0, 0, 0, 0, 0]",72,128,36864.0,884736.0,12947563467,12947570660,12947571005,12947575037,0,76607,76607,-1,1,7193,4032,32,128,128,3
16,3,"[8, 1376, 0, 0, 0, 0, 0, 0, 0, 0, 0, 0, 0, 0, 0, 4, 0, 0, 0, 0, 0, 0, 0, 0, 0, 0, 0, 0, 0, 0]",3,128,1376.0,22020.0,12947643919,12947652793,12947651644,12947654140,0,80383,80383,-1,1,8874,2496,32,128,128,3
12,3,"[8, 1376, 0, 0, 0, 0, 0, 0, 0, 0, 0, 0, 0, 0, 0, 8, 1376, 0, 0, 0, 0, 0, 0, 0, 0, 0, 0, 0, 0, 0]",3,128,1376.0,33024.0,12947726973,12947734139,12947734523,12947737083,0,77184,77184,-1,1,7166,2560,32,128,128,3
12,3,"[8, 1376, 0, 0, 0, 0, 0, 0, 0, 0, 0, 0, 0, 0, 0, 8, 1376, 0, 0, 0, 0, 0, 0, 0, 0, 0, 0, 0, 0, 0]",3,128,1376.0,33024.0,12947806910,12947813836,12947814267,12947816763,0,77503,77503,-1,1,6926,2496,32,128,128,3
16,3,"[8, 1376, 0, 0, 0, 0, 0, 0, 0, 0, 0, 0, 0, 0, 0, 4, 0, 0, 0, 0, 0, 0, 0, 0, 0, 0, 0, 0, 0, 0]",3,128,1376.0,22020.0,12947886649,12947894036,12947894266,12947896730,0,105567,105567,-1,1,7387,2464,32,128,128,3
12,3,"[8, 1376, 0, 0, 0, 0, 0, 0, 0, 0, 0, 0, 0, 0, 0, 8, 1376, 0, 0, 0, 0, 0, 0, 0, 0, 0, 0, 0, 0, 0]",3,128,1376.0,33024.0,12947993971,12948002225,12948002297,12948004921,0,83583,83583,-1,1,8254,2624,32,128,128,3
12,3,"[8, 1376, 0, 0, 0, 0, 0, 0, 0, 0, 0, 0, 0, 0, 0, 8, 1376, 0, 0, 0, 0, 0, 0, 0, 0, 0, 0, 0, 0, 0]",3,128,1376.0,33024.0,12948080688,12948088220,12948088504,12948091096,0,83871,83871,-1,1,7532,2592,32,128,128,3
16,3,"[8, 128, 1376, 1, 1, 0, 0, 0, 0, 0, 0, 0, 0, 0, 0, 4, 0, 0, 0, 0, 0, 0, 0, 0, 0, 0, 0, 0, 0, 0]",344,128,176128.0,2818052.0,12948166798,12948174647,12948174967,12948186551,0,210494,210494,-1,1,7849,11584,32,128,128,3
12,3,"[8, 128, 1376, 1, 1, 0, 0, 0, 0, 0, 0, 0, 0, 0, 0, 8, 128, 1376, 1, 1, 0, 0, 0, 0, 0, 0, 0, 0, 0, 0]",344,128,176128.0,4227072.0,12948386864,12948397039,12948397045,12948405268,0,89120,89120,-1,1,10175,8223,32,128,128,3
12,3,"[8, 128, 1376, 1, 1, 0, 0, 0, 0, 0, 0, 0, 0, 0, 0, 8, 128, 1376, 1, 1, 0, 0, 0, 0, 0, 0, 0, 0, 0, 0]",344,128,176128.0,4227072.0,12948485844,12948494144,12948494388,12948505396,0,76799,76799,-1,1,8300,11008,32,128,128,3
16,3,"[8, 128, 0, 0, 0, 0, 0, 0, 0, 0, 0, 0, 0, 0, 0, 4, 0, 0, 0, 0, 0, 0, 0, 0, 0, 0, 0, 0, 0, 0]",1,128,128.0,2052.0,12948573703,12948581833,12948582195,12948584402,0,83808,83808,-1,1,8130,2207,32,128,128,3
12,3,"[8, 128, 0, 0, 0, 0, 0, 0, 0, 0, 0, 0, 0, 0, 0, 8, 128, 0, 0, 0, 0, 0, 0, 0, 0, 0, 0, 0, 0, 0]",1,128,128.0,3072.0,12948660084,12948667832,12948668210,12948670610,0,85087,85087,-1,1,7748,2400,32,128,128,3
12,3,"[8, 128, 0, 0, 0, 0, 0, 0, 0, 0, 0, 0, 0, 0, 0, 8, 128, 0, 0, 0, 0, 0, 0, 0, 0, 0, 0, 0, 0, 0]",1,128,128.0,3072.0,12948747533,12948755421,12948755697,12948758257,0,83135,83135,-1,1,7888,2560,32,128,128,3
16,3,"[8, 128, 0, 0, 0, 0, 0, 0, 0, 0, 0, 0, 0, 0, 0, 4, 0, 0, 0, 0, 0, 0, 0, 0, 0, 0, 0, 0, 0, 0]",1,128,128.0,2052.0,12948833435,12948841173,12948841392,12948843600,0,82399,82399,-1,1,7738,2208,32,128,128,3
12,3,"[8, 128, 0, 0, 0, 0, 0, 0, 0, 0, 0, 0, 0, 0, 0, 8, 128, 0, 0, 0, 0, 0, 0, 0, 0, 0, 0, 0, 0, 0]",1,128,128.0,3072.0,12948918121,12948925690,12948925999,12948928399,0,81567,81567,-1,1,7569,2400,32,128,128,3
12,3,"[8, 128, 0, 0, 0, 0, 0, 0, 0, 0, 0, 0, 0, 0, 0, 8, 128, 0, 0, 0, 0, 0, 0, 0, 0, 0, 0, 0, 0, 0]",1,128,128.0,3072.0,12949002186,12949009964,12949009966,12949012430,0,84191,84191,-1,1,7778,2464,32,128,128,3
16,3,"[8, 32, 128, 3, 3, 0, 0, 0, 0, 0, 0, 0, 0, 0, 0, 4, 0, 0, 0, 0, 0, 0, 0, 0, 0, 0, 0, 0, 0, 0]",72,128,36864.0,589828.0,12949088204,12949096550,12949096621,12949100845,0,91455,91455,-1,1,8346,4224,32,128,128,3
12,3,"[8, 32, 128, 3, 3, 0, 0, 0, 0, 0, 0, 0, 0, 0, 0, 8, 32, 128, 3, 3, 0, 0, 0, 0, 0, 0, 0, 0, 0, 0]",72,128,36864.0,884736.0,12949184740,12949192032,12949192300,12949196268,0,78143,78143,-1,1,7292,3968,32,128,128,3
12,3,"[8, 32, 128, 3, 3, 0, 0, 0, 0, 0, 0, 0, 0, 0, 0, 8, 32, 128, 3, 3, 0, 0, 0, 0, 0, 0, 0, 0, 0, 0]",72,128,36864.0,884736.0,12949267039,12949273945,12949274411,12949278347,0,75936,75936,-1,1,6906,3936,32,128,128,3
16,3,"[8, 1408, 0, 0, 0, 0, 0, 0, 0, 0, 0, 0, 0, 0, 0, 4, 0, 0, 0, 0, 0, 0, 0, 0, 0, 0, 0, 0, 0, 0]",3,128,1408.0,22532.0,12949346489,12949353887,12949354283,12949356714,0,78399,78399,-1,1,7398,2431,32,128,128,3
12,3,"[8, 1408, 0, 0, 0, 0, 0, 0, 0, 0, 0, 0, 0, 0, 0, 8, 1408, 0, 0, 0, 0, 0, 0, 0, 0, 0, 0, 0, 0, 0]",3,128,1408.0,33792.0,12949427320,12949434574,12949435113,12949437834,0,77471,77471,-1,1,7254,2721,32,128,128,3
12,3,"[8, 1408, 0, 0, 0, 0, 0, 0, 0, 0, 0, 0, 0, 0, 0, 8, 1408, 0, 0, 0, 0, 0, 0, 0, 0, 0, 0, 0, 0, 0]",3,128,1408.0,33792.0,12949507448,12949514296,12949515305,12949518025,0,80671,80671,-1,1,6848,2720,32,128,128,3
16,3,"[8, 1408, 0, 0, 0, 0, 0, 0, 0, 0, 0, 0, 0, 0, 0, 4, 0, 0, 0, 0, 0, 0, 0, 0, 0, 0, 0, 0, 0, 0]",3,128,1408.0,22532.0,12949590231,12949598033,12949598696,12949601160,0,80031,80031,-1,1,7802,2464,32,128,128,3
12,3,"[8, 1408, 0, 0, 0, 0, 0, 0, 0, 0, 0, 0, 0, 0, 0, 8, 1408, 0, 0, 0, 0, 0, 0, 0, 0, 0, 0, 0, 0, 0]",3,128,1408.0,33792.0,12949673039,12949680287,12949681191,12949683815,0,76479,76479,-1,1,7248,2624,32,128,128,3
12,3,"[8, 1408, 0, 0, 0, 0, 0, 0, 0, 0, 0, 0, 0, 0, 0, 8, 1408, 0, 0, 0, 0, 0, 0, 0, 0, 0, 0, 0, 0, 0]",3,128,1408.0,33792.0,12949752726,12949759759,12949760294,12949762822,0,77663,77663,-1,1,7033,2528,32,128,128,3
16,3,"[8, 128, 1408, 1, 1, 0, 0, 0, 0, 0, 0, 0, 0, 0, 0, 4, 0, 0, 0, 0, 0, 0, 0, 0, 0, 0, 0, 0, 0, 0]",352,128,180224.0,2883588.0,12949832958,12949840462,12949840485,12949852229,0,70303,70303,-1,1,7504,11744,32,128,128,3
12,3,"[8, 128, 1408, 1, 1, 0, 0, 0, 0, 0, 0, 0, 0, 0, 0, 8, 128, 1408, 1, 1, 0, 0, 0, 0, 0, 0, 0, 0, 0, 0]",352,128,180224.0,4325376.0,12949914926,12949922254,12949922532,12949930853,0,74239,74239,-1,1,7328,8321,32,128,128,3
12,3,"[8, 128, 1408, 1, 1, 0, 0, 0, 0, 0, 0, 0, 0, 0, 0, 8, 128, 1408, 1, 1, 0, 0, 0, 0, 0, 0, 0, 0, 0, 0]",352,128,180224.0,4325376.0,12949996455,12950004080,12950005092,12950016387,0,69760,69760,-1,1,7625,11295,32,128,128,3
16,3,"[8, 128, 0, 0, 0, 0, 0, 0, 0, 0, 0, 0, 0, 0, 0, 4, 0, 0, 0, 0, 0, 0, 0, 0, 0, 0, 0, 0, 0, 0]",1,128,128.0,2052.0,12950077440,12950085335,12950086147,12950088387,0,77215,77215,-1,1,7895,2240,32,128,128,3
12,3,"[8, 128, 0, 0, 0, 0, 0, 0, 0, 0, 0, 0, 0, 0, 0, 8, 128, 0, 0, 0, 0, 0, 0, 0, 0, 0, 0, 0, 0, 0]",1,128,128.0,3072.0,12950158072,12950165258,12950165602,12950168066,0,77471,77471,-1,1,7186,2464,32,128,128,3
12,3,"[8, 128, 0, 0, 0, 0, 0, 0, 0, 0, 0, 0, 0, 0, 0, 8, 128, 0, 0, 0, 0, 0, 0, 0, 0, 0, 0, 0, 0, 0]",1,128,128.0,3072.0,12950237706,12950244631,12950245537,12950248001,0,77599,77599,-1,1,6925,2464,32,128,128,3
16,3,"[8, 128, 0, 0, 0, 0, 0, 0, 0, 0, 0, 0, 0, 0, 0, 4, 0, 0, 0, 0, 0, 0, 0, 0, 0, 0, 0, 0, 0, 0]",1,128,128.0,2052.0,12950317791,12950325169,12950325600,12950327840,0,77183,77183,-1,1,7378,2240,32,128,128,3
12,3,"[8, 128, 0, 0, 0, 0, 0, 0, 0, 0, 0, 0, 0, 0, 0, 8, 128, 0, 0, 0, 0, 0, 0, 0, 0, 0, 0, 0, 0, 0]",1,128,128.0,3072.0,12950397561,12950404561,12950405023,12950407488,0,76831,76831,-1,1,7000,2465,32,128,128,3
12,3,"[8, 128, 0, 0, 0, 0, 0, 0, 0, 0, 0, 0, 0, 0, 0, 8, 128, 0, 0, 0, 0, 0, 0, 0, 0, 0, 0, 0, 0, 0]",1,128,128.0,3072.0,12950476654,12950483994,12950484319,12950486783,0,80799,80799,-1,1,7340,2464,32,128,128,3
16,3,"[8, 32, 128, 3, 3, 0, 0, 0, 0, 0, 0, 0, 0, 0, 0, 4, 0, 0, 0, 0, 0, 0, 0, 0, 0, 0, 0, 0, 0, 0]",72,128,36864.0,589828.0,12950559935,12950567402,12950567582,12950571646,0,76511,76511,-1,1,7467,4064,32,128,128,3
12,3,"[8, 32, 128, 3, 3, 0, 0, 0, 0, 0, 0, 0, 0, 0, 0, 8, 32, 128, 3, 3, 0, 0, 0, 0, 0, 0, 0, 0, 0, 0]",72,128,36864.0,884736.0,12950640294,12950647846,12950648157,12950652253,0,76543,76543,-1,1,7552,4096,32,128,128,3
12,3,"[8, 32, 128, 3, 3, 0, 0, 0, 0, 0, 0, 0, 0, 0, 0, 8, 32, 128, 3, 3, 0, 0, 0, 0, 0, 0, 0, 0, 0, 0]",72,128,36864.0,884736.0,12950721324,12950728432,12950728796,12950732796,0,75359,75359,-1,1,7108,4000,32,128,128,3
16,3,"[8, 1440, 0, 0, 0, 0, 0, 0, 0, 0, 0, 0, 0, 0, 0, 4, 0, 0, 0, 0, 0, 0, 0, 0, 0, 0, 0, 0, 0, 0]",3,128,1440.0,23044.0,12950800556,12950807913,12950808155,12950810651,0,78143,78143,-1,1,7357,2496,32,128,128,3
12,3,"[8, 1440, 0, 0, 0, 0, 0, 0, 0, 0, 0, 0, 0, 0, 0, 8, 1440, 0, 0, 0, 0, 0, 0, 0, 0, 0, 0, 0, 0, 0]",3,128,1440.0,34560.0,12950881000,12950888301,12950888794,12950891386,0,77535,77535,-1,1,7301,2592,32,128,128,3
12,3,"[8, 1440, 0, 0, 0, 0, 0, 0, 0, 0, 0, 0, 0, 0, 0, 8, 1440, 0, 0, 0, 0, 0, 0, 0, 0, 0, 0, 0, 0, 0]",3,128,1440.0,34560.0,12950961575,12950968575,12950968921,12950971482,0,77439,77439,-1,1,7000,2561,32,128,128,3
16,3,"[8, 1440, 0, 0, 0, 0, 0, 0, 0, 0, 0, 0, 0, 0, 0, 4, 0, 0, 0, 0, 0, 0, 0, 0, 0, 0, 0, 0, 0, 0]",3,128,1440.0,23044.0,12951041163,12951048590,12951048921,12951051353,0,77695,77695,-1,1,7427,2432,32,128,128,3
12,3,"[8, 1440, 0, 0, 0, 0, 0, 0, 0, 0, 0, 0, 0, 0, 0, 8, 1440, 0, 0, 0, 0, 0, 0, 0, 0, 0, 0, 0, 0, 0]",3,128,1440.0,34560.0,12951121338,12951128461,12951129048,12951131768,0,78111,78111,-1,1,7123,2720,32,128,128,3
12,3,"[8, 1440, 0, 0, 0, 0, 0, 0, 0, 0, 0, 0, 0, 0, 0, 8, 1440, 0, 0, 0, 0, 0, 0, 0, 0, 0, 0, 0, 0, 0]",3,128,1440.0,34560.0,12951202411,12951209456,12951209879,12951212471,0,80159,80159,-1,1,7045,2592,32,128,128,3
16,3,"[8, 128, 1440, 1, 1, 0, 0, 0, 0, 0, 0, 0, 0, 0, 0, 4, 0, 0, 0, 0, 0, 0, 0, 0, 0, 0, 0, 0, 0, 0]",360,128,184320.0,2949124.0,12951284567,12951292338,12951292630,12951304694,0,70239,70239,-1,1,7771,12064,32,128,128,3
12,3,"[8, 128, 1440, 1, 1, 0, 0, 0, 0, 0, 0, 0, 0, 0, 0, 8, 128, 1440, 1, 1, 0, 0, 0, 0, 0, 0, 0, 0, 0, 0]",360,128,184320.0,4423680.0,12951367066,12951374517,12951374933,12951383221,0,75743,75743,-1,1,7451,8288,32,128,128,3
12,3,"[8, 128, 1440, 1, 1, 0, 0, 0, 0, 0, 0, 0, 0, 0, 0, 8, 128, 1440, 1, 1, 0, 0, 0, 0, 0, 0, 0, 0, 0, 0]",360,128,184320.0,4423680.0,12951451301,12951458586,12951458964,12951470452,0,67552,67552,-1,1,7285,11488,32,128,128,3
16,3,"[8, 128, 0, 0, 0, 0, 0, 0, 0, 0, 0, 0, 0, 0, 0, 4, 0, 0, 0, 0, 0, 0, 0, 0, 0, 0, 0, 0, 0, 0]",1,128,128.0,2052.0,12951530168,12951537697,12951538004,12951540276,0,77343,77343,-1,1,7529,2272,32,128,128,3
12,3,"[8, 128, 0, 0, 0, 0, 0, 0, 0, 0, 0, 0, 0, 0, 0, 8, 128, 0, 0, 0, 0, 0, 0, 0, 0, 0, 0, 0, 0, 0]",1,128,128.0,3072.0,12951610141,12951617292,12951617619,12951620051,0,77695,77695,-1,1,7151,2432,32,128,128,3
12,3,"[8, 128, 0, 0, 0, 0, 0, 0, 0, 0, 0, 0, 0, 0, 0, 8, 128, 0, 0, 0, 0, 0, 0, 0, 0, 0, 0, 0, 0, 0]",1,128,128.0,3072.0,12951690198,12951697397,12951697746,12951700274,0,77023,77023,-1,1,7199,2528,32,128,128,3
16,3,"[8, 128, 0, 0, 0, 0, 0, 0, 0, 0, 0, 0, 0, 0, 0, 4, 0, 0, 0, 0, 0, 0, 0, 0, 0, 0, 0, 0, 0, 0]",1,128,128.0,2052.0,12951769803,12951776996,12951777297,12951779505,0,221662,221662,-1,1,7193,2208,32,128,128,3
12,3,"[8, 128, 0, 0, 0, 0, 0, 0, 0, 0, 0, 0, 0, 0, 0, 8, 128, 0, 0, 0, 0, 0, 0, 0, 0, 0, 0, 0, 0, 0]",1,128,128.0,3072.0,12951990661,12952001340,12952001167,12952003695,0,86047,86047,-1,1,10679,2528,32,128,128,3
12,3,"[8, 128, 0, 0, 0, 0, 0, 0, 0, 0, 0, 0, 0, 0, 0, 8, 128, 0, 0, 0, 0, 0, 0, 0, 0, 0, 0, 0, 0, 0]",1,128,128.0,3072.0,12952081424,12952089418,12952089742,12952092270,0,82143,82143,-1,1,7994,2528,32,128,128,3
16,3,"[8, 32, 128, 3, 3, 0, 0, 0, 0, 0, 0, 0, 0, 0, 0, 4, 0, 0, 0, 0, 0, 0, 0, 0, 0, 0, 0, 0, 0, 0]",72,128,36864.0,589828.0,12952166463,12952174196,12952174413,12952178445,0,76863,76863,-1,1,7733,4032,32,128,128,3
12,3,"[8, 32, 128, 3, 3, 0, 0, 0, 0, 0, 0, 0, 0, 0, 0, 8, 32, 128, 3, 3, 0, 0, 0, 0, 0, 0, 0, 0, 0, 0]",72,128,36864.0,884736.0,12952247740,12952255208,12952255308,12952259404,0,77055,77055,-1,1,7468,4096,32,128,128,3
12,3,"[8, 32, 128, 3, 3, 0, 0, 0, 0, 0, 0, 0, 0, 0, 0, 8, 32, 128, 3, 3, 0, 0, 0, 0, 0, 0, 0, 0, 0, 0]",72,128,36864.0,884736.0,12952328480,12952336090,12952336459,12952340683,0,76672,76672,-1,1,7610,4224,32,128,128,3
16,3,"[8, 1472, 0, 0, 0, 0, 0, 0, 0, 0, 0, 0, 0, 0, 0, 4, 0, 0, 0, 0, 0, 0, 0, 0, 0, 0, 0, 0, 0, 0]",3,128,1472.0,23556.0,12952409353,12952419011,12952417355,12952419786,0,79295,79295,-1,1,9658,2431,32,128,128,3
12,3,"[8, 1472, 0, 0, 0, 0, 0, 0, 0, 0, 0, 0, 0, 0, 0, 8, 1472, 0, 0, 0, 0, 0, 0, 0, 0, 0, 0, 0, 0, 0]",3,128,1472.0,35328.0,12952490952,12952498683,12952499081,12952501674,0,77023,77023,-1,1,7731,2593,32,128,128,3
12,3,"[8, 1472, 0, 0, 0, 0, 0, 0, 0, 0, 0, 0, 0, 0, 0, 8, 1472, 0, 0, 0, 0, 0, 0, 0, 0, 0, 0, 0, 0, 0]",3,128,1472.0,35328.0,12952570819,12952578252,12952578697,12952581256,0,77440,77440,-1,1,7433,2559,32,128,128,3
16,3,"[8, 1472, 0, 0, 0, 0, 0, 0, 0, 0, 0, 0, 0, 0, 0, 4, 0, 0, 0, 0, 0, 0, 0, 0, 0, 0, 0, 0, 0, 0]",3,128,1472.0,23556.0,12952650753,12952658417,12952658696,12952661288,0,76895,76895,-1,1,7664,2592,32,128,128,3
12,3,"[8, 1472, 0, 0, 0, 0, 0, 0, 0, 0, 0, 0, 0, 0, 0, 8, 1472, 0, 0, 0, 0, 0, 0, 0, 0, 0, 0, 0, 0, 0]",3,128,1472.0,35328.0,12952730647,12952737755,12952738183,12952740903,0,77855,77855,-1,1,7108,2720,32,128,128,3
12,3,"[8, 1472, 0, 0, 0, 0, 0, 0, 0, 0, 0, 0, 0, 0, 0, 8, 1472, 0, 0, 0, 0, 0, 0, 0, 0, 0, 0, 0, 0, 0]",3,128,1472.0,35328.0,12952811214,12952818725,12952818758,12952821382,0,79744,79744,-1,1,7511,2624,32,128,128,3
16,3,"[8, 128, 1472, 1, 1, 0, 0, 0, 0, 0, 0, 0, 0, 0, 0, 4, 0, 0, 0, 0, 0, 0, 0, 0, 0, 0, 0, 0, 0, 0]",368,128,188416.0,3014660.0,12952893429,12952900899,12952901126,12952912421,0,70559,70559,-1,1,7470,11295,32,128,128,3
12,3,"[8, 128, 1472, 1, 1, 0, 0, 0, 0, 0, 0, 0, 0, 0, 0, 8, 128, 1472, 1, 1, 0, 0, 0, 0, 0, 0, 0, 0, 0, 0]",368,128,188416.0,4521984.0,12952975500,12952982643,12952982980,12952992037,0,71582,71582,-1,1,7143,9057,32,128,128,3
12,3,"[8, 128, 1472, 1, 1, 0, 0, 0, 0, 0, 0, 0, 0, 0, 0, 8, 128, 1472, 1, 1, 0, 0, 0, 0, 0, 0, 0, 0, 0, 0]",368,128,188416.0,4521984.0,12953055709,12953063241,12953063619,12953075172,0,69663,69663,-1,1,7532,11553,32,128,128,3
16,3,"[8, 128, 0, 0, 0, 0, 0, 0, 0, 0, 0, 0, 0, 0, 0, 4, 0, 0, 0, 0, 0, 0, 0, 0, 0, 0, 0, 0, 0, 0]",1,128,128.0,2052.0,12953136999,12953144688,12953144835,12953147363,0,78111,78111,-1,1,7689,2528,32,128,128,3
12,3,"[8, 128, 0, 0, 0, 0, 0, 0, 0, 0, 0, 0, 0, 0, 0, 8, 128, 0, 0, 0, 0, 0, 0, 0, 0, 0, 0, 0, 0, 0]",1,128,128.0,3072.0,12953217887,12953225250,12953225474,12953227938,0,78559,78559,-1,1,7363,2464,32,128,128,3
12,3,"[8, 128, 0, 0, 0, 0, 0, 0, 0, 0, 0, 0, 0, 0, 0, 8, 128, 0, 0, 0, 0, 0, 0, 0, 0, 0, 0, 0, 0, 0]",1,128,128.0,3072.0,12953298725,12953307511,12953306497,12953308961,0,79839,79839,-1,1,8786,2464,32,128,128,3
16,3,"[8, 128, 0, 0, 0, 0, 0, 0, 0, 0, 0, 0, 0, 0, 0, 4, 0, 0, 0, 0, 0, 0, 0, 0, 0, 0, 0, 0, 0, 0]",1,128,128.0,2052.0,12953381211,12953388578,12953388800,12953391040,0,78143,78143,-1,1,7367,2240,32,128,128,3
12,3,"[8, 128, 0, 0, 0, 0, 0, 0, 0, 0, 0, 0, 0, 0, 0, 8, 128, 0, 0, 0, 0, 0, 0, 0, 0, 0, 0, 0, 0, 0]",1,128,128.0,3072.0,12953461649,12953468767,12953469183,12953471647,0,77216,77216,-1,1,7118,2464,32,128,128,3
12,3,"[8, 128, 0, 0, 0, 0, 0, 0, 0, 0, 0, 0, 0, 0, 0, 8, 128, 0, 0, 0, 0, 0, 0, 0, 0, 0, 0, 0, 0, 0]",1,128,128.0,3072.0,12953541381,12953548514,12953548863,12953551358,0,78144,78144,-1,1,7133,2495,32,128,128,3
16,3,"[8, 32, 128, 3, 3, 0, 0, 0, 0, 0, 0, 0, 0, 0, 0, 4, 0, 0, 0, 0, 0, 0, 0, 0, 0, 0, 0, 0, 0, 0]",72,128,36864.0,589828.0,12953621819,12953629250,12953629502,12953633694,0,77023,77023,-1,1,7431,4192,32,128,128,3
12,3,"[8, 32, 128, 3, 3, 0, 0, 0, 0, 0, 0, 0, 0, 0, 0, 8, 32, 128, 3, 3, 0, 0, 0, 0, 0, 0, 0, 0, 0, 0]",72,128,36864.0,884736.0,12953702949,12953710363,12953710717,12953714845,0,77215,77215,-1,1,7414,4128,32,128,128,3
12,3,"[8, 32, 128, 3, 3, 0, 0, 0, 0, 0, 0, 0, 0, 0, 0, 8, 32, 128, 3, 3, 0, 0, 0, 0, 0, 0, 0, 0, 0, 0]",72,128,36864.0,884736.0,12953784589,12953791700,12953792060,12953795996,0,76703,76703,-1,1,7111,3936,32,128,128,3
16,3,"[8, 1504, 0, 0, 0, 0, 0, 0, 0, 0, 0, 0, 0, 0, 0, 4, 0, 0, 0, 0, 0, 0, 0, 0, 0, 0, 0, 0, 0, 0]",3,128,1504.0,24068.0,12953865025,12953872401,12953872699,12953875099,0,77215,77215,-1,1,7376,2400,32,128,128,3
12,3,"[8, 1504, 0, 0, 0, 0, 0, 0, 0, 0, 0, 0, 0, 0, 0, 8, 1504, 0, 0, 0, 0, 0, 0, 0, 0, 0, 0, 0, 0, 0]",3,128,1504.0,36096.0,12953944784,12953951986,12953952314,12953954938,0,76671,76671,-1,1,7202,2624,32,128,128,3
12,3,"[8, 1504, 0, 0, 0, 0, 0, 0, 0, 0, 0, 0, 0, 0, 0, 8, 1504, 0, 0, 0, 0, 0, 0, 0, 0, 0, 0, 0, 0, 0]",3,128,1504.0,36096.0,12954024288,12954031200,12954031609,12954034202,0,79007,79007,-1,1,6912,2593,32,128,128,3
16,3,"[8, 1504, 0, 0, 0, 0, 0, 0, 0, 0, 0, 0, 0, 0, 0, 4, 0, 0, 0, 0, 0, 0, 0, 0, 0, 0, 0, 0, 0, 0]",3,128,1504.0,24068.0,12954105648,12954112970,12954113209,12954115640,0,76736,76736,-1,1,7322,2431,32,128,128,3
12,3,"[8, 1504, 0, 0, 0, 0, 0, 0, 0, 0, 0, 0, 0, 0, 0, 8, 1504, 0, 0, 0, 0, 0, 0, 0, 0, 0, 0, 0, 0, 0]",3,128,1504.0,36096.0,12954184912,12954194116,12954192376,12954195032,0,78943,78943,-1,1,9204,2656,32,128,128,3
12,3,"[8, 1504, 0, 0, 0, 0, 0, 0, 0, 0, 0, 0, 0, 0, 0, 8, 1504, 0, 0, 0, 0, 0, 0, 0, 0, 0, 0, 0, 0, 0]",3,128,1504.0,36096.0,12954266267,12954273619,12954273975,12954276599,0,78719,78719,-1,1,7352,2624,32,128,128,3
16,3,"[8, 128, 1504, 1, 1, 0, 0, 0, 0, 0, 0, 0, 0, 0, 0, 4, 0, 0, 0, 0, 0, 0, 0, 0, 0, 0, 0, 0, 0, 0]",376,128,192512.0,3080196.0,12954347727,12954354932,12954355318,12954366998,0,69279,69279,-1,1,7205,11680,32,128,128,3
12,3,"[8, 128, 1504, 1, 1, 0, 0, 0, 0, 0, 0, 0, 0, 0, 0, 8, 128, 1504, 1, 1, 0, 0, 0, 0, 0, 0, 0, 0, 0, 0]",376,128,192512.0,4620288.0,12954428639,12954435931,12954436277,12954445269,0,70751,70751,-1,1,7292,8992,32,128,128,3
12,3,"[8, 128, 1504, 1, 1, 0, 0, 0, 0, 0, 0, 0, 0, 0, 0, 8, 128, 1504, 1, 1, 0, 0, 0, 0, 0, 0, 0, 0, 0, 0]",376,128,192512.0,4620288.0,12954508284,12954515754,12954516020,12954527956,0,67807,67807,-1,1,7470,11936,32,128,128,3
16,3,"[8, 128, 0, 0, 0, 0, 0, 0, 0, 0, 0, 0, 0, 0, 0, 4, 0, 0, 0, 0, 0, 0, 0, 0, 0, 0, 0, 0, 0, 0]",1,128,128.0,2052.0,12954588174,12954595423,12954595763,12954598196,0,77375,77375,-1,1,7249,2433,32,128,128,3
12,3,"[8, 128, 0, 0, 0, 0, 0, 0, 0, 0, 0, 0, 0, 0, 0, 8, 128, 0, 0, 0, 0, 0, 0, 0, 0, 0, 0, 0, 0, 0]",1,128,128.0,3072.0,12954667966,12954675313,12954675571,12954678003,0,78015,78015,-1,1,7347,2432,32,128,128,3
12,3,"[8, 128, 0, 0, 0, 0, 0, 0, 0, 0, 0, 0, 0, 0, 0, 8, 128, 0, 0, 0, 0, 0, 0, 0, 0, 0, 0, 0, 0, 0]",1,128,128.0,3072.0,12954748438,12954755313,12954756018,12954758450,0,77439,77439,-1,1,6875,2432,32,128,128,3
16,3,"[8, 128, 0, 0, 0, 0, 0, 0, 0, 0, 0, 0, 0, 0, 0, 4, 0, 0, 0, 0, 0, 0, 0, 0, 0, 0, 0, 0, 0, 0]",1,128,128.0,2052.0,12954827936,12954835607,12954835889,12954838097,0,80927,80927,-1,1,7671,2208,32,128,128,3
12,3,"[8, 128, 0, 0, 0, 0, 0, 0, 0, 0, 0, 0, 0, 0, 0, 8, 128, 0, 0, 0, 0, 0, 0, 0, 0, 0, 0, 0, 0, 0]",1,128,128.0,3072.0,12954911339,12954918649,12954919024,12954921520,0,76735,76735,-1,1,7310,2496,32,128,128,3
12,3,"[8, 128, 0, 0, 0, 0, 0, 0, 0, 0, 0, 0, 0, 0, 0, 8, 128, 0, 0, 0, 0, 0, 0, 0, 0, 0, 0, 0, 0, 0]",1,128,128.0,3072.0,12954990993,12954997780,12954998255,12955000719,0,78304,78304,-1,1,6787,2464,32,128,128,3
16,3,"[8, 32, 128, 3, 3, 0, 0, 0, 0, 0, 0, 0, 0, 0, 0, 4, 0, 0, 0, 0, 0, 0, 0, 0, 0, 0, 0, 0, 0, 0]",72,128,36864.0,589828.0,12955071073,12955080272,12955079023,12955083182,0,78848,78848,-1,1,9199,4159,32,128,128,3
12,3,"[8, 32, 128, 3, 3, 0, 0, 0, 0, 0, 0, 0, 0, 0, 0, 8, 32, 128, 3, 3, 0, 0, 0, 0, 0, 0, 0, 0, 0, 0]",72,128,36864.0,884736.0,12955154297,12955161566,12955162030,12955166030,0,76639,76639,-1,1,7269,4000,32,128,128,3
12,3,"[8, 32, 128, 3, 3, 0, 0, 0, 0, 0, 0, 0, 0, 0, 0, 8, 32, 128, 3, 3, 0, 0, 0, 0, 0, 0, 0, 0, 0, 0]",72,128,36864.0,884736.0,12955235166,12955242261,12955242669,12955246669,0,206941,206941,-1,1,7095,4000,32,128,128,3
16,3,"[8, 1536, 0, 0, 0, 0, 0, 0, 0, 0, 0, 0, 0, 0, 0, 4, 0, 0, 0, 0, 0, 0, 0, 0, 0, 0, 0, 0, 0, 0]",3,128,1536.0,24580.0,12955444140,12955453512,12955453610,12955456075,0,88414,88414,-1,1,9372,2465,32,128,128,3
12,3,"[8, 1536, 0, 0, 0, 0, 0, 0, 0, 0, 0, 0, 0, 0, 0, 8, 1536, 0, 0, 0, 0, 0, 0, 0, 0, 0, 0, 0, 0, 0]",3,128,1536.0,36864.0,12955535980,12955544343,12955544489,12955546954,0,82079,82079,-1,1,8363,2465,32,128,128,3
12,3,"[8, 1536, 0, 0, 0, 0, 0, 0, 0, 0, 0, 0, 0, 0, 0, 8, 1536, 0, 0, 0, 0, 0, 0, 0, 0, 0, 0, 0, 0, 0]",3,128,1536.0,36864.0,12955621388,12955628577,12955629033,12955631464,0,78208,78208,-1,1,7189,2431,32,128,128,3
16,3,"[8, 1536, 0, 0, 0, 0, 0, 0, 0, 0, 0, 0, 0, 0, 0, 4, 0, 0, 0, 0, 0, 0, 0, 0, 0, 0, 0, 0, 0, 0]",3,128,1536.0,24580.0,12955701758,12955709350,12955709672,12955712136,0,77855,77855,-1,1,7592,2464,32,128,128,3
12,3,"[8, 1536, 0, 0, 0, 0, 0, 0, 0, 0, 0, 0, 0, 0, 0, 8, 1536, 0, 0, 0, 0, 0, 0, 0, 0, 0, 0, 0, 0, 0]",3,128,1536.0,36864.0,12955782289,12955789591,12955789991,12955792455,0,77855,77855,-1,1,7302,2464,32,128,128,3
12,3,"[8, 1536, 0, 0, 0, 0, 0, 0, 0, 0, 0, 0, 0, 0, 0, 8, 1536, 0, 0, 0, 0, 0, 0, 0, 0, 0, 0, 0, 0, 0]",3,128,1536.0,36864.0,12955862518,12955869926,12955870310,12955872774,0,86047,86047,-1,1,7408,2464,32,128,128,3
16,3,"[8, 128, 1536, 1, 1, 0, 0, 0, 0, 0, 0, 0, 0, 0, 0, 4, 0, 0, 0, 0, 0, 0, 0, 0, 0, 0, 0, 0, 0, 0]",384,128,196608.0,3145732.0,12955950667,12955958654,12955958821,12955971589,0,70431,70431,-1,1,7987,12768,32,128,128,3
12,3,"[8, 128, 1536, 1, 1, 0, 0, 0, 0, 0, 0, 0, 0, 0, 0, 8, 128, 1536, 1, 1, 0, 0, 0, 0, 0, 0, 0, 0, 0, 0]",384,128,196608.0,4718592.0,12956034314,12956041655,12956042020,12956051108,0,72255,72255,-1,1,7341,9088,32,128,128,3
12,3,"[8, 128, 1536, 1, 1, 0, 0, 0, 0, 0, 0, 0, 0, 0, 0, 8, 128, 1536, 1, 1, 0, 0, 0, 0, 0, 0, 0, 0, 0, 0]",384,128,196608.0,4718592.0,12956115783,12956124795,12956123363,12956135555,0,71456,71456,-1,1,9012,12192,32,128,128,3
16,3,"[8, 128, 0, 0, 0, 0, 0, 0, 0, 0, 0, 0, 0, 0, 0, 4, 0, 0, 0, 0, 0, 0, 0, 0, 0, 0, 0, 0, 0, 0]",1,128,128.0,2052.0,12956199104,12956206722,12956207011,12956209251,0,79359,79359,-1,1,7618,2240,32,128,128,3
12,3,"[8, 128, 0, 0, 0, 0, 0, 0, 0, 0, 0, 0, 0, 0, 0, 8, 128, 0, 0, 0, 0, 0, 0, 0, 0, 0, 0, 0, 0, 0]",1,128,128.0,3072.0,12956281039,12956288217,12956288610,12956291042,0,78527,78527,-1,1,7178,2432,32,128,128,3
12,3,"[8, 128, 0, 0, 0, 0, 0, 0, 0, 0, 0, 0, 0, 0, 0, 8, 128, 0, 0, 0, 0, 0, 0, 0, 0, 0, 0, 0, 0, 0]",1,128,128.0,3072.0,12956362004,12956369183,12956369569,12956372001,0,77055,77055,-1,1,7179,2432,32,128,128,3
16,3,"[8, 128, 0, 0, 0, 0, 0, 0, 0, 0, 0, 0, 0, 0, 0, 4, 0, 0, 0, 0, 0, 0, 0, 0, 0, 0, 0, 0, 0, 0]",1,128,128.0,2052.0,12956441463,12956448774,12956449056,12956451264,0,77855,77855,-1,1,7311,2208,32,128,128,3
12,3,"[8, 128, 0, 0, 0, 0, 0, 0, 0, 0, 0, 0, 0, 0, 0, 8, 128, 0, 0, 0, 0, 0, 0, 0, 0, 0, 0, 0, 0, 0]",1,128,128.0,3072.0,12956521488,12956528738,12956529119,12956531711,0,77344,77344,-1,1,7250,2592,32,128,128,3
12,3,"[8, 128, 0, 0, 0, 0, 0, 0, 0, 0, 0, 0, 0, 0, 0, 8, 128, 0, 0, 0, 0, 0, 0, 0, 0, 0, 0, 0, 0, 0]",1,128,128.0,3072.0,12956601692,12956608724,12956609055,12956611518,0,80223,80223,-1,1,7032,2463,32,128,128,3
16,3,"[8, 32, 128, 3, 3, 0, 0, 0, 0, 0, 0, 0, 0, 0, 0, 4, 0, 0, 0, 0, 0, 0, 0, 0, 0, 0, 0, 0, 0, 0]",72,128,36864.0,589828.0,12956683440,12956691435,12956691741,12956696253,0,78752,78752,-1,1,7995,4512,32,128,128,3
12,3,"[8, 32, 128, 3, 3, 0, 0, 0, 0, 0, 0, 0, 0, 0, 0, 8, 32, 128, 3, 3, 0, 0, 0, 0, 0, 0, 0, 0, 0, 0]",72,128,36864.0,884736.0,12956767213,12956774714,12956775005,12956779037,0,76479,76479,-1,1,7501,4032,32,128,128,3
12,3,"[8, 32, 128, 3, 3, 0, 0, 0, 0, 0, 0, 0, 0, 0, 0, 8, 32, 128, 3, 3, 0, 0, 0, 0, 0, 0, 0, 0, 0, 0]",72,128,36864.0,884736.0,12956847956,12956855153,12956855516,12956859516,0,77343,77343,-1,1,7197,4000,32,128,128,3
16,3,"[8, 1568, 0, 0, 0, 0, 0, 0, 0, 0, 0, 0, 0, 0, 0, 4, 0, 0, 0, 0, 0, 0, 0, 0, 0, 0, 0, 0, 0, 0]",4,128,1568.0,25092.0,12956928863,12956936584,12956936859,12956939259,0,78623,78623,-1,1,7721,2400,32,128,128,3
12,3,"[8, 1568, 0, 0, 0, 0, 0, 0, 0, 0, 0, 0, 0, 0, 0, 8, 1568, 0, 0, 0, 0, 0, 0, 0, 0, 0, 0, 0, 0, 0]",4,128,1568.0,37632.0,12957010199,12957017502,12957017882,12957020346,0,77663,77663,-1,1,7303,2464,32,128,128,3
12,3,"[8, 1568, 0, 0, 0, 0, 0, 0, 0, 0, 0, 0, 0, 0, 0, 8, 1568, 0, 0, 0, 0, 0, 0, 0, 0, 0, 0, 0, 0, 0]",4,128,1568.0,37632.0,12957090440,12957097632,12957098009,12957100505,0,77119,77119,-1,1,7192,2496,32,128,128,3
16,3,"[8, 1568, 0, 0, 0, 0, 0, 0, 0, 0, 0, 0, 0, 0, 0, 4, 0, 0, 0, 0, 0, 0, 0, 0, 0, 0, 0, 0, 0, 0]",4,128,1568.0,25092.0,12957169922,12957177297,12957177624,12957180057,0,76926,76926,-1,1,7375,2433,32,128,128,3
12,3,"[8, 1568, 0, 0, 0, 0, 0, 0, 0, 0, 0, 0, 0, 0, 0, 8, 1568, 0, 0, 0, 0, 0, 0, 0, 0, 0, 0, 0, 0, 0]",4,128,1568.0,37632.0,12957249407,12957256655,12957256983,12957259448,0,76255,76255,-1,1,7248,2465,32,128,128,3
12,3,"[8, 1568, 0, 0, 0, 0, 0, 0, 0, 0, 0, 0, 0, 0, 0, 8, 1568, 0, 0, 0, 0, 0, 0, 0, 0, 0, 0, 0, 0, 0]",4,128,1568.0,37632.0,12957328337,12957334992,12957335703,12957338167,0,77855,77855,-1,1,6655,2464,32,128,128,3
16,3,"[8, 128, 1568, 1, 1, 0, 0, 0, 0, 0, 0, 0, 0, 0, 0, 4, 0, 0, 0, 0, 0, 0, 0, 0, 0, 0, 0, 0, 0, 0]",392,128,200704.0,3211268.0,12957408400,12957415803,12957416022,12957428502,0,68095,68095,-1,1,7403,12480,32,128,128,3
12,3,"[8, 128, 1568, 1, 1, 0, 0, 0, 0, 0, 0, 0, 0, 0, 0, 8, 128, 1568, 1, 1, 0, 0, 0, 0, 0, 0, 0, 0, 0, 0]",392,128,200704.0,4816896.0,12957488862,12957496293,12957496597,12957505813,0,71743,71743,-1,1,7431,9216,32,128,128,3
12,3,"[8, 128, 1568, 1, 1, 0, 0, 0, 0, 0, 0, 0, 0, 0, 0, 8, 128, 1568, 1, 1, 0, 0, 0, 0, 0, 0, 0, 0, 0, 0]",392,128,200704.0,4816896.0,12957569852,12957577254,12957577556,12957589556,0,68447,68447,-1,1,7402,12000,32,128,128,3
16,3,"[8, 128, 0, 0, 0, 0, 0, 0, 0, 0, 0, 0, 0, 0, 0, 4, 0, 0, 0, 0, 0, 0, 0, 0, 0, 0, 0, 0, 0, 0]",1,128,128.0,2052.0,12957650193,12957657722,12957658003,12957660627,0,77120,77120,-1,1,7529,2624,32,128,128,3
12,3,"[8, 128, 0, 0, 0, 0, 0, 0, 0, 0, 0, 0, 0, 0, 0, 8, 128, 0, 0, 0, 0, 0, 0, 0, 0, 0, 0, 0, 0, 0]",1,128,128.0,3072.0,12957730505,12957737376,12957737747,12957740275,0,77023,77023,-1,1,6871,2528,32,128,128,3
12,3,"[8, 128, 0, 0, 0, 0, 0, 0, 0, 0, 0, 0, 0, 0, 0, 8, 128, 0, 0, 0, 0, 0, 0, 0, 0, 0, 0, 0, 0, 0]",1,128,128.0,3072.0,12957809898,12957816891,12957817298,12957819826,0,77663,77663,-1,1,6993,2528,32,128,128,3
16,3,"[8, 128, 0, 0, 0, 0, 0, 0, 0, 0, 0, 0, 0, 0, 0, 4, 0, 0, 0, 0, 0, 0, 0, 0, 0, 0, 0, 0, 0, 0]",1,128,128.0,2052.0,12957889837,12957897172,12957897489,12957900049,0,76863,76863,-1,1,7335,2560,32,128,128,3
12,3,"[8, 128, 0, 0, 0, 0, 0, 0, 0, 0, 0, 0, 0, 0, 0, 8, 128, 0, 0, 0, 0, 0, 0, 0, 0, 0, 0, 0, 0, 0]",1,128,128.0,3072.0,12957969361,12957976425,12957976912,12957979344,0,78463,78463,-1,1,7064,2432,32,128,128,3
12,3,"[8, 128, 0, 0, 0, 0, 0, 0, 0, 0, 0, 0, 0, 0, 0, 8, 128, 0, 0, 0, 0, 0, 0, 0, 0, 0, 0, 0, 0, 0]",1,128,128.0,3072.0,12958050224,12958057330,12958057807,12958060207,0,78175,78175,-1,1,7106,2400,32,128,128,3
16,3,"[8, 32, 128, 3, 3, 0, 0, 0, 0, 0, 0, 0, 0, 0, 0, 4, 0, 0, 0, 0, 0, 0, 0, 0, 0, 0, 0, 0, 0, 0]",72,128,36864.0,589828.0,12958130784,12958138077,12958138382,12958142926,0,76159,76159,-1,1,7293,4544,32,128,128,3
12,3,"[8, 32, 128, 3, 3, 0, 0, 0, 0, 0, 0, 0, 0, 0, 0, 8, 32, 128, 3, 3, 0, 0, 0, 0, 0, 0, 0, 0, 0, 0]",72,128,36864.0,884736.0,12958211703,12958218664,12958219085,12958223277,0,76832,76832,-1,1,6961,4192,32,128,128,3
12,3,"[8, 32, 128, 3, 3, 0, 0, 0, 0, 0, 0, 0, 0, 0, 0, 8, 32, 128, 3, 3, 0, 0, 0, 0, 0, 0, 0, 0, 0, 0]",72,128,36864.0,884736.0,12958292712,12958299673,12958300109,12958304109,0,75551,75551,-1,1,6961,4000,32,128,128,3
16,3,"[8, 1600, 0, 0, 0, 0, 0, 0, 0, 0, 0, 0, 0, 0, 0, 4, 0, 0, 0, 0, 0, 0, 0, 0, 0, 0, 0, 0, 0, 0]",4,128,1600.0,25604.0,12958372188,12958379333,12958379660,12958382092,0,80191,80191,-1,1,7145,2432,32,128,128,3
12,3,"[8, 1600, 0, 0, 0, 0, 0, 0, 0, 0, 0, 0, 0, 0, 0, 8, 1600, 0, 0, 0, 0, 0, 0, 0, 0, 0, 0, 0, 0, 0]",4,128,1600.0,38400.0,12958454615,12958462116,12958462283,12958464747,0,78879,78879,-1,1,7501,2464,32,128,128,3
12,3,"[8, 1600, 0, 0, 0, 0, 0, 0, 0, 0, 0, 0, 0, 0, 0, 8, 1600, 0, 0, 0, 0, 0, 0, 0, 0, 0, 0, 0, 0, 0]",4,128,1600.0,38400.0,12958536023,12958543269,12958543626,12958546122,0,77183,77183,-1,1,7246,2496,32,128,128,3
16,3,"[8, 1600, 0, 0, 0, 0, 0, 0, 0, 0, 0, 0, 0, 0, 0, 4, 0, 0, 0, 0, 0, 0, 0, 0, 0, 0, 0, 0, 0, 0]",4,128,1600.0,25604.0,12958615704,12958622984,12958623305,12958625897,0,77728,77728,-1,1,7280,2592,32,128,128,3
12,3,"[8, 1600, 0, 0, 0, 0, 0, 0, 0, 0, 0, 0, 0, 0, 0, 8, 1600, 0, 0, 0, 0, 0, 0, 0, 0, 0, 0, 0, 0, 0]",4,128,1600.0,38400.0,12958695780,12958703260,12958703625,12958706088,0,207070,207070,-1,1,7480,2463,32,128,128,3
12,3,"[8, 1600, 0, 0, 0, 0, 0, 0, 0, 0, 0, 0, 0, 0, 0, 8, 1600, 0, 0, 0, 0, 0, 0, 0, 0, 0, 0, 0, 0, 0]",4,128,1600.0,38400.0,12958903486,12958913011,12958913158,12958915622,0,89951,89951,-1,1,9525,2464,32,128,128,3
16,3,"[8, 128, 1600, 1, 1, 0, 0, 0, 0, 0, 0, 0, 0, 0, 0, 4, 0, 0, 0, 0, 0, 0, 0, 0, 0, 0, 0, 0, 0, 0]",400,128,204800.0,3276804.0,12958996848,12959005501,12959005573,12959018757,0,69503,69503,-1,1,8653,13184,32,128,128,3
12,3,"[8, 128, 1600, 1, 1, 0, 0, 0, 0, 0, 0, 0, 0, 0, 0, 8, 128, 1600, 1, 1, 0, 0, 0, 0, 0, 0, 0, 0, 0, 0]",400,128,204800.0,4915200.0,12959080485,12959087925,12959088260,12959097284,0,71296,71296,-1,1,7440,9024,32,128,128,3
12,3,"[8, 128, 1600, 1, 1, 0, 0, 0, 0, 0, 0, 0, 0, 0, 0, 8, 128, 1600, 1, 1, 0, 0, 0, 0, 0, 0, 0, 0, 0, 0]",400,128,204800.0,4915200.0,12959160903,12959168222,12959168580,12959180771,0,68064,68064,-1,1,7319,12191,32,128,128,3
16,3,"[8, 128, 0, 0, 0, 0, 0, 0, 0, 0, 0, 0, 0, 0, 0, 4, 0, 0, 0, 0, 0, 0, 0, 0, 0, 0, 0, 0, 0, 0]",1,128,128.0,2052.0,12959241157,12959248571,12959248835,12959251459,0,77759,77759,-1,1,7414,2624,32,128,128,3
12,3,"[8, 128, 0, 0, 0, 0, 0, 0, 0, 0, 0, 0, 0, 0, 0, 8, 128, 0, 0, 0, 0, 0, 0, 0, 0, 0, 0, 0, 0, 0]",1,128,128.0,3072.0,12959321593,12959328958,12959329218,12959331746,0,77023,77023,-1,1,7365,2528,32,128,128,3
12,3,"[8, 128, 0, 0, 0, 0, 0, 0, 0, 0, 0, 0, 0, 0, 0, 8, 128, 0, 0, 0, 0, 0, 0, 0, 0, 0, 0, 0, 0, 0]",1,128,128.0,3072.0,12959401288,12959408376,12959408769,12959411201,0,75327,75327,-1,1,7088,2432,32,128,128,3
16,3,"[8, 128, 0, 0, 0, 0, 0, 0, 0, 0, 0, 0, 0, 0, 0, 4, 0, 0, 0, 0, 0, 0, 0, 0, 0, 0, 0, 0, 0, 0]",1,128,128.0,2052.0,12959479248,12959486489,12959486528,12959488768,0,77375,77375,-1,1,7241,2240,32,128,128,3
12,3,"[8, 128, 0, 0, 0, 0, 0, 0, 0, 0, 0, 0, 0, 0, 0, 8, 128, 0, 0, 0, 0, 0, 0, 0, 0, 0, 0, 0, 0, 0]",1,128,128.0,3072.0,12959558521,12959565744,12959566143,12959568767,0,77759,77759,-1,1,7223,2624,32,128,128,3
12,3,"[8, 128, 0, 0, 0, 0, 0, 0, 0, 0, 0, 0, 0, 0, 0, 8, 128, 0, 0, 0, 0, 0, 0, 0, 0, 0, 0, 0, 0, 0]",1,128,128.0,3072.0,12959638941,12959646156,12959646526,12959648958,0,78144,78144,-1,1,7215,2432,32,128,128,3
16,3,"[8, 32, 128, 3, 3, 0, 0, 0, 0, 0, 0, 0, 0, 0, 0, 4, 0, 0, 0, 0, 0, 0, 0, 0, 0, 0, 0, 0, 0, 0]",72,128,36864.0,589828.0,12959719588,12959726725,12959727102,12959731390,0,80959,80959,-1,1,7137,4288,32,128,128,3
12,3,"[8, 32, 128, 3, 3, 0, 0, 0, 0, 0, 0, 0, 0, 0, 0, 8, 32, 128, 3, 3, 0, 0, 0, 0, 0, 0, 0, 0, 0, 0]",72,128,36864.0,884736.0,12959804853,12959811856,12959812349,12959816477,0,78111,78111,-1,1,7003,4128,32,128,128,3
12,3,"[8, 32, 128, 3, 3, 0, 0, 0, 0, 0, 0, 0, 0, 0, 0, 8, 32, 128, 3, 3, 0, 0, 0, 0, 0, 0, 0, 0, 0, 0]",72,128,36864.0,884736.0,12959886985,12959894158,12959894588,12959898524,0,85151,85151,-1,1,7173,3936,32,128,128,3
16,3,"[8, 1632, 0, 0, 0, 0, 0, 0, 0, 0, 0, 0, 0, 0, 0, 4, 0, 0, 0, 0, 0, 0, 0, 0, 0, 0, 0, 0, 0, 0]",4,128,1632.0,26116.0,12959975613,12959983465,12959983675,12959986139,0,78431,78431,-1,1,7852,2464,32,128,128,3
12,3,"[8, 1632, 0, 0, 0, 0, 0, 0, 0, 0, 0, 0, 0, 0, 0, 8, 1632, 0, 0, 0, 0, 0, 0, 0, 0, 0, 0, 0, 0, 0]",4,128,1632.0,39168.0,12960056979,12960064221,12960064570,12960067002,0,78079,78079,-1,1,7242,2432,32,128,128,3
12,3,"[8, 1632, 0, 0, 0, 0, 0, 0, 0, 0, 0, 0, 0, 0, 0, 8, 1632, 0, 0, 0, 0, 0, 0, 0, 0, 0, 0, 0, 0, 0]",4,128,1632.0,39168.0,12960136984,12960144751,12960145081,12960147609,0,76575,76575,-1,1,7767,2528,32,128,128,3
16,3,"[8, 1632, 0, 0, 0, 0, 0, 0, 0, 0, 0, 0, 0, 0, 0, 4, 0, 0, 0, 0, 0, 0, 0, 0, 0, 0, 0, 0, 0, 0]",4,128,1632.0,26116.0,12960216679,12960223948,12960224184,12960226584,0,77087,77087,-1,1,7269,2400,32,128,128,3
12,3,"[8, 1632, 0, 0, 0, 0, 0, 0, 0, 0, 0, 0, 0, 0, 0, 8, 1632, 0, 0, 0, 0, 0, 0, 0, 0, 0, 0, 0, 0, 0]",4,128,1632.0,39168.0,12960296002,12960303305,12960303671,12960306136,0,81055,81055,-1,1,7303,2465,32,128,128,3
12,3,"[8, 1632, 0, 0, 0, 0, 0, 0, 0, 0, 0, 0, 0, 0, 0, 8, 1632, 0, 0, 0, 0, 0, 0, 0, 0, 0, 0, 0, 0, 0]",4,128,1632.0,39168.0,12960379736,12960386914,12960387191,12960389655,0,79711,79711,-1,1,7178,2464,32,128,128,3
16,3,"[8, 128, 1632, 1, 1, 0, 0, 0, 0, 0, 0, 0, 0, 0, 0, 4, 0, 0, 0, 0, 0, 0, 0, 0, 0, 0, 0, 0, 0, 0]",408,128,208896.0,3342340.0,12960461598,12960469099,12960469366,12960482677,0,68416,68416,-1,1,7501,13311,32,128,128,3
12,3,"[8, 128, 1632, 1, 1, 0, 0, 0, 0, 0, 0, 0, 0, 0, 0, 8, 128, 1632, 1, 1, 0, 0, 0, 0, 0, 0, 0, 0, 0, 0]",408,128,208896.0,5013504.0,12960543651,12960550761,12960551093,12960561077,0,72895,72895,-1,1,7110,9984,32,128,128,3
12,3,"[8, 128, 1632, 1, 1, 0, 0, 0, 0, 0, 0, 0, 0, 0, 0, 8, 128, 1632, 1, 1, 0, 0, 0, 0, 0, 0, 0, 0, 0, 0]",408,128,208896.0,5013504.0,12960626334,12960635182,12960633972,12960646964,0,68479,68479,-1,1,8848,12992,32,128,128,3
16,3,"[8, 128, 0, 0, 0, 0, 0, 0, 0, 0, 0, 0, 0, 0, 0, 4, 0, 0, 0, 0, 0, 0, 0, 0, 0, 0, 0, 0, 0, 0]",1,128,128.0,2052.0,12960707528,12960715143,12960715443,12960718067,0,78016,78016,-1,1,7615,2624,32,128,128,3
12,3,"[8, 128, 0, 0, 0, 0, 0, 0, 0, 0, 0, 0, 0, 0, 0, 8, 128, 0, 0, 0, 0, 0, 0, 0, 0, 0, 0, 0, 0, 0]",1,128,128.0,3072.0,12960788135,12960795741,12960796083,12960798546,0,76640,76640,-1,1,7606,2463,32,128,128,3
12,3,"[8, 128, 0, 0, 0, 0, 0, 0, 0, 0, 0, 0, 0, 0, 0, 8, 128, 0, 0, 0, 0, 0, 0, 0, 0, 0, 0, 0, 0, 0]",1,128,128.0,3072.0,12960867844,12960874751,12960875186,12960877618,0,76351,76351,-1,1,6907,2432,32,128,128,3
16,3,"[8, 128, 0, 0, 0, 0, 0, 0, 0, 0, 0, 0, 0, 0, 0, 4, 0, 0, 0, 0, 0, 0, 0, 0, 0, 0, 0, 0, 0, 0]",1,128,128.0,2052.0,12960946524,12960953646,12960953969,12960956241,0,78239,78239,-1,1,7122,2272,32,128,128,3
12,3,"[8, 128, 0, 0, 0, 0, 0, 0, 0, 0, 0, 0, 0, 0, 0, 8, 128, 0, 0, 0, 0, 0, 0, 0, 0, 0, 0, 0, 0, 0]",1,128,128.0,3072.0,12961027024,12961034045,12961034480,12961037040,0,77695,77695,-1,1,7021,2560,32,128,128,3
12,3,"[8, 128, 0, 0, 0, 0, 0, 0, 0, 0, 0, 0, 0, 0, 0, 8, 128, 0, 0, 0, 0, 0, 0, 0, 0, 0, 0, 0, 0, 0]",1,128,128.0,3072.0,12961107320,12961114376,12961114735,12961117199,0,79327,79327,-1,1,7056,2464,32,128,128,3
16,3,"[8, 32, 128, 3, 3, 0, 0, 0, 0, 0, 0, 0, 0, 0, 0, 4, 0, 0, 0, 0, 0, 0, 0, 0, 0, 0, 0, 0, 0, 0]",72,128,36864.0,589828.0,12961188553,12961196221,12961196526,12961200718,0,76639,76639,-1,1,7668,4192,32,128,128,3
12,3,"[8, 32, 128, 3, 3, 0, 0, 0, 0, 0, 0, 0, 0, 0, 0, 8, 32, 128, 3, 3, 0, 0, 0, 0, 0, 0, 0, 0, 0, 0]",72,128,36864.0,884736.0,12961269756,12961277027,12961277357,12961281453,0,77759,77759,-1,1,7271,4096,32,128,128,3
12,3,"[8, 32, 128, 3, 3, 0, 0, 0, 0, 0, 0, 0, 0, 0, 0, 8, 32, 128, 3, 3, 0, 0, 0, 0, 0, 0, 0, 0, 0, 0]",72,128,36864.0,884736.0,12961351652,12961358802,12961359212,12961363341,0,74143,74143,-1,1,7150,4129,32,128,128,3
16,3,"[8, 1664, 0, 0, 0, 0, 0, 0, 0, 0, 0, 0, 0, 0, 0, 4, 0, 0, 0, 0, 0, 0, 0, 0, 0, 0, 0, 0, 0, 0]",4,128,1664.0,26628.0,12961430044,12961437201,12961437484,12961439884,0,76703,76703,-1,1,7157,2400,32,128,128,3
12,3,"[8, 1664, 0, 0, 0, 0, 0, 0, 0, 0, 0, 0, 0, 0, 0, 8, 1664, 0, 0, 0, 0, 0, 0, 0, 0, 0, 0, 0, 0, 0]",4,128,1664.0,39936.0,12961509229,12961517953,12961516587,12961519147,0,79423,79423,-1,1,8724,2560,32,128,128,3
12,3,"[8, 1664, 0, 0, 0, 0, 0, 0, 0, 0, 0, 0, 0, 0, 0, 8, 1664, 0, 0, 0, 0, 0, 0, 0, 0, 0, 0, 0, 0, 0]",4,128,1664.0,39936.0,12961591110,12961598129,12961598570,12961601162,0,76639,76639,-1,1,7019,2592,32,128,128,3
16,3,"[8, 1664, 0, 0, 0, 0, 0, 0, 0, 0, 0, 0, 0, 0, 0, 4, 0, 0, 0, 0, 0, 0, 0, 0, 0, 0, 0, 0, 0, 0]",4,128,1664.0,26628.0,12961670303,12961677530,12961677801,12961680233,0,77247,77247,-1,1,7227,2432,32,128,128,3
12,3,"[8, 1664, 0, 0, 0, 0, 0, 0, 0, 0, 0, 0, 0, 0, 0, 8, 1664, 0, 0, 0, 0, 0, 0, 0, 0, 0, 0, 0, 0, 0]",4,128,1664.0,39936.0,12961750003,12961757099,12961757480,12961759976,0,77568,77568,-1,1,7096,2496,32,128,128,3
12,3,"[8, 1664, 0, 0, 0, 0, 0, 0, 0, 0, 0, 0, 0, 0, 0, 8, 1664, 0, 0, 0, 0, 0, 0, 0, 0, 0, 0, 0, 0, 0]",4,128,1664.0,39936.0,12961829848,12961837142,12961837544,12961840007,0,77983,77983,-1,1,7294,2463,32,128,128,3
16,3,"[8, 549, 1664, 0, 0, 0, 0, 0, 0, 0, 0, 0, 0, 0, 0, 4, 0, 0, 0, 0, 0, 0, 0, 0, 0, 0, 0, 0, 0, 0]",1785,128,913536.0,14616580.0,12961910392,12961917872,12961917990,12961980934,0,19104,19104,-1,1,7480,62944,32,128,128,3
12,3,"[8, 549, 1664, 0, 0, 0, 0, 0, 0, 0, 0, 0, 0, 0, 0, 8, 549, 1664, 0, 0, 0, 0, 0, 0, 0, 0, 0, 0, 0, 0]",1785,128,913536.0,21924864.0,12961992825,12961999696,12962000038,12962095013,0,640,640,-1,1,6871,94975,32,128,128,3
12,3,"[8, 549, 1664, 0, 0, 0, 0, 0, 0, 0, 0, 0, 0, 0, 0, 8, 549, 1664, 0, 0, 0, 0, 0, 0, 0, 0, 0, 0, 0, 0]",1785,128,913536.0,21924864.0,12962075375,12962083092,12962095653,12962191108,0,736,736,-1,1,7717,95455,32,128,128,3
16,3,"[8, 549, 0, 0, 0, 0, 0, 0, 0, 0, 0, 0, 0, 0, 0, 4, 0, 0, 0, 0, 0, 0, 0, 0, 0, 0, 0, 0, 0, 0]",2,128,549.0,8788.0,12962157455,12962165198,12962191844,12962194500,0,177438,177438,-1,1,7743,2656,32,128,128,3
12,3,"[8, 549, 0, 0, 0, 0, 0, 0, 0, 0, 0, 0, 0, 0, 0, 8, 549, 0, 0, 0, 0, 0, 0, 0, 0, 0, 0, 0, 0, 0]",2,128,549.0,13176.0,12962362392,12962371963,12962371938,12962374722,0,87967,87967,-1,1,9571,2784,32,128,128,3
12,3,"[8, 549, 0, 0, 0, 0, 0, 0, 0, 0, 0, 0, 0, 0, 0, 8, 549, 0, 0, 0, 0, 0, 0, 0, 0, 0, 0, 0, 0, 0]",2,128,549.0,13176.0,12962454474,12962462381,12962462689,12962465153,0,0,0,-1,1,7907,2464,32,128,128,3
