op,dir,params,grid,block,flops,bytes,rStartTime,rEndTime,kStartTime,kEndTime,staticSharedMemory,space,space1,seq,kernels,rduration,kduration,batch,h,w,input_type
203,1,"[4, 3, 160, 160, 32, 80, 80, 3, 3, 1, 1, 2, 2, 1, 1, 1, 4, 0, 0, 0, 0, 0, 0, 0, 0, 0, 0, 0, 0, 0]",200,256,44236800.0,4509056.0,4627549392,4627579859,4627566856,4627604136,5376,250557,239741,710211,2,26681,26464,4,160,160,1
205,1,"[4, 0, 0, 0, 0, 0, 0, 0, 0, 0, 0, 0, 0, 0, 0, 4, 0, 0, 0, 0, 0, 0, 0, 0, 0, 0, 0, 0, 0, 0]",32,512,6553600.0,13107200.0,4627832216,4628218739,4627843877,4628248768,144,560184,188669,710212,2,26990,33376,4,160,160,1
159,1,"[4, 4, 32, 80, 80, 0, 0, 0, 0, 0, 0, 0, 0, 0, 0, 0, 0, 0, 0, 0, 0, 0, 0, 0, 0, 0, 0, 0, 0, 0]",1600,128,0.0,0.0,4628425895,4628437689,4628437437,4628460381,0,300156,300156,710213,1,11794,22944,4,160,160,1
203,1,"[4, 32, 80, 80, 32, 80, 80, 3, 3, 1, 1, 1, 1, 1, 1, 1, 4, 0, 0, 0, 0, 0, 0, 0, 0, 0, 0, 0, 0, 0]",200,256,471859200.0,6590464.0,4628744927,4628770987,4628760537,4628841528,49152,166206,159390,710215,2,24321,74175,4,160,160,1
205,1,"[4, 0, 0, 0, 0, 0, 0, 0, 0, 0, 0, 0, 0, 0, 0, 4, 0, 0, 0, 0, 0, 0, 0, 0, 0, 0, 0, 0, 0, 0]",32,512,6553600.0,13107200.0,4628990177,4629370917,4629000918,4629407633,144,541018,174014,710216,2,24272,39711,4,160,160,1
159,1,"[4, 4, 32, 80, 80, 0, 0, 0, 0, 0, 0, 0, 0, 0, 0, 0, 0, 0, 0, 0, 0, 0, 0, 0, 0, 0, 0, 0, 0, 0]",1600,128,0.0,0.0,4629565894,4629578488,4629581647,4629604590,0,138526,138526,710217,1,12594,22943,4,160,160,1
35,1,"[4, 4, 32, 80, 80, 0, 0, 0, 0, 0, 0, 0, 0, 0, 0, 4, 4, 32, 80, 80, 0, 0, 0, 0, 0, 0, 0, 0, 0, 0]",1600,128,819200.0,9830400.0,4629732556,4629743481,4629743116,4629781900,0,239293,239293,710219,1,10925,38784,4,160,160,1
203,1,"[4, 32, 80, 80, 32, 80, 80, 3, 3, 1, 1, 1, 1, 1, 1, 1, 4, 0, 0, 0, 0, 0, 0, 0, 0, 0, 0, 0, 0, 0]",200,256,471859200.0,6590464.0,4630007581,4630028748,4630021193,4630100552,49152,154462,149822,710220,2,20047,74719,4,160,160,1
205,1,"[4, 0, 0, 0, 0, 0, 0, 0, 0, 0, 0, 0, 0, 0, 0, 4, 0, 0, 0, 0, 0, 0, 0, 0, 0, 0, 0, 0, 0, 0]",32,512,6553600.0,13107200.0,4630239858,4630608305,4630250374,4630643137,144,534521,179454,710221,2,23241,37696,4,160,160,1
159,1,"[4, 4, 32, 80, 80, 0, 0, 0, 0, 0, 0, 0, 0, 0, 0, 0, 0, 0, 0, 0, 0, 0, 0, 0, 0, 0, 0, 0, 0, 0]",1600,128,0.0,0.0,4630805299,4630814209,4630822591,4630845790,0,173150,173150,710222,1,8910,23199,4,160,160,1
234,1,"[4, 4, 1, 1, 1, 0, 0, 0, 0, 0, 0, 0, 0, 0, 0, 0, 0, 0, 0, 0, 0, 0, 0, 0, 0, 0, 0, 0, 0, 0]",3200,256,819200.0,6553616.0,4631007598,4631297774,4631018940,4631322296,0,368156,94847,710224,3,35835,30047,4,160,160,1
35,1,"[4, 4, 32, 80, 80, 0, 0, 0, 0, 0, 0, 0, 0, 0, 0, 4, 4, 32, 80, 80, 0, 0, 0, 0, 0, 0, 0, 0, 0, 0]",1600,128,819200.0,9830400.0,4631407596,4631417053,4631417143,4631459799,0,392539,392539,710225,1,9457,42656,4,160,160,1
203,1,"[4, 32, 80, 80, 32, 80, 80, 3, 3, 1, 1, 1, 1, 1, 1, 1, 4, 0, 0, 0, 0, 0, 0, 0, 0, 0, 0, 0, 0, 0]",200,256,471859200.0,6590464.0,4631837209,4631860093,4631852338,4631931953,49152,164126,159294,710226,2,21702,74783,4,160,160,1
205,1,"[4, 0, 0, 0, 0, 0, 0, 0, 0, 0, 0, 0, 0, 0, 0, 4, 0, 0, 0, 0, 0, 0, 0, 0, 0, 0, 0, 0, 0, 0]",32,512,6553600.0,13107200.0,4632079715,4632455601,4632091247,4632493834,144,536121,174558,710227,2,24467,41024,4,160,160,1
159,1,"[4, 4, 32, 80, 80, 0, 0, 0, 0, 0, 0, 0, 0, 0, 0, 0, 0, 0, 0, 0, 0, 0, 0, 0, 0, 0, 0, 0, 0, 0]",1600,128,0.0,0.0,4632651945,4632661063,4632668392,4632691751,0,156286,156286,710228,1,9118,23359,4,160,160,1
234,1,"[4, 4, 1, 1, 1, 0, 0, 0, 0, 0, 0, 0, 0, 0, 0, 0, 0, 0, 0, 0, 0, 0, 0, 0, 0, 0, 0, 0, 0, 0]",3200,256,819200.0,6553616.0,4632836964,4633110196,4632848037,4633135170,0,348123,90974,710230,3,32980,29984,4,160,160,1
35,1,"[4, 4, 32, 80, 80, 0, 0, 0, 0, 0, 0, 0, 0, 0, 0, 4, 4, 32, 80, 80, 0, 0, 0, 0, 0, 0, 0, 0, 0, 0]",1600,128,819200.0,9830400.0,4633216776,4633226091,4633226144,4633268224,0,230877,230877,710231,1,9315,42080,4,160,160,1
203,1,"[4, 32, 80, 80, 32, 80, 80, 3, 3, 1, 1, 1, 1, 1, 1, 1, 4, 0, 0, 0, 0, 0, 0, 0, 0, 0, 0, 0, 0, 0]",200,256,471859200.0,6590464.0,4633485333,4633506807,4633499101,4633578940,49152,163550,158558,710232,2,20260,74847,4,160,160,1
205,1,"[4, 0, 0, 0, 0, 0, 0, 0, 0, 0, 0, 0, 0, 0, 0, 4, 0, 0, 0, 0, 0, 0, 0, 0, 0, 0, 0, 0, 0, 0]",32,512,6553600.0,13107200.0,4633726712,4634108713,4633737498,4634144725,144,549720,181309,710233,2,23736,38816,4,160,160,1
159,1,"[4, 4, 32, 80, 80, 0, 0, 0, 0, 0, 0, 0, 0, 0, 0, 0, 0, 0, 0, 0, 0, 0, 0, 0, 0, 0, 0, 0, 0, 0]",1600,128,0.0,0.0,4634308680,4634317770,4634326034,4634349394,0,151166,151166,710234,1,9090,23360,4,160,160,1
234,1,"[4, 4, 1, 1, 1, 0, 0, 0, 0, 0, 0, 0, 0, 0, 0, 0, 0, 0, 0, 0, 0, 0, 0, 0, 0, 0, 0, 0, 0, 0]",3200,256,819200.0,6553616.0,4634490022,4634757165,4634500560,4634782541,0,342042,90238,710236,3,31431,30177,4,160,160,1
35,1,"[4, 4, 32, 80, 80, 0, 0, 0, 0, 0, 0, 0, 0, 0, 0, 4, 4, 32, 80, 80, 0, 0, 0, 0, 0, 0, 0, 0, 0, 0]",1600,128,819200.0,9830400.0,4634863310,4634872754,4634872779,4634915051,0,253213,253213,710237,1,9444,42272,4,160,160,1
203,1,"[4, 32, 80, 80, 128, 40, 40, 3, 3, 1, 1, 2, 2, 1, 1, 1, 4, 0, 0, 0, 0, 0, 0, 0, 0, 0, 0, 0, 0, 0]",100,256,471859200.0,6701056.0,4635153721,4635180429,4635168264,4635268230,16384,151295,141759,710238,2,23213,90430,4,160,160,1
205,1,"[4, 0, 0, 0, 0, 0, 0, 0, 0, 0, 0, 0, 0, 0, 0, 4, 0, 0, 0, 0, 0, 0, 0, 0, 0, 0, 0, 0, 0, 0]",128,512,6553600.0,13107200.0,4635398694,4635775592,4635409989,4635802528,144,544952,182685,710239,2,24431,30272,4,160,160,1
159,1,"[4, 4, 128, 40, 40, 0, 0, 0, 0, 0, 0, 0, 0, 0, 0, 0, 0, 0, 0, 0, 0, 0, 0, 0, 0, 0, 0, 0, 0, 0]",1600,128,0.0,0.0,4635972205,4635981274,4635985213,4636008349,0,262557,262557,710240,1,9069,23136,4,160,160,1
203,1,"[4, 128, 40, 40, 64, 40, 40, 1, 1, 0, 0, 1, 1, 1, 1, 1, 4, 0, 0, 0, 0, 0, 0, 0, 0, 0, 0, 0, 0, 0]",100,256,104857600.0,4947968.0,4636257471,4636281932,4636270906,4636310649,5376,205886,197630,710242,2,21898,31487,4,160,160,1
205,1,"[4, 0, 0, 0, 0, 0, 0, 0, 0, 0, 0, 0, 0, 0, 0, 4, 0, 0, 0, 0, 0, 0, 0, 0, 0, 0, 0, 0, 0, 0]",64,512,3276800.0,6553600.0,4636497682,4636869016,4636508279,4636877362,144,645624,287613,710243,2,23576,11072,4,160,160,1
203,1,"[4, 64, 40, 40, 256, 40, 40, 3, 3, 1, 1, 1, 1, 1, 1, 1, 4, 0, 0, 0, 0, 0, 0, 0, 0, 0, 0, 0, 0, 0]",480,256,1887436800.0,8781824.0,4637150957,4637173181,4637164975,4637423275,49152,64928,63680,710244,2,21043,257052,4,160,160,1
205,1,"[4, 0, 0, 0, 0, 0, 0, 0, 0, 0, 0, 0, 0, 0, 0, 4, 0, 0, 0, 0, 0, 0, 0, 0, 0, 0, 0, 0, 0, 0]",256,512,13107200.0,26214400.0,4637476119,4637862537,4637486955,4637929125,144,547450,174718,710245,2,23974,69438,4,160,160,1
159,1,"[4, 4, 256, 40, 40, 0, 0, 0, 0, 0, 0, 0, 0, 0, 0, 0, 0, 0, 0, 0, 0, 0, 0, 0, 0, 0, 0, 0, 0, 0]",3200,128,0.0,0.0,4638060167,4638069365,4638103843,4638159010,0,189053,189053,710246,1,9198,55167,4,160,160,1
203,1,"[4, 256, 40, 40, 64, 40, 40, 1, 1, 0, 0, 1, 1, 1, 1, 1, 4, 0, 0, 0, 0, 0, 0, 0, 0, 0, 0, 0, 0, 0]",100,256,209715200.0,8257536.0,4638333941,4638358185,4638348063,4638416063,5376,176702,168958,710248,2,21939,60256,4,160,160,1
205,1,"[4, 0, 0, 0, 0, 0, 0, 0, 0, 0, 0, 0, 0, 0, 0, 4, 0, 0, 0, 0, 0, 0, 0, 0, 0, 0, 0, 0, 0, 0]",64,512,3276800.0,6553600.0,4638574511,4639098027,4638585021,4639106294,144,699736,189534,710249,2,24738,11071,4,160,160,1
234,1,"[4, 4, 1, 1, 1, 0, 0, 0, 0, 0, 0, 0, 0, 0, 0, 0, 0, 0, 0, 0, 0, 0, 0, 0, 0, 0, 0, 0, 0, 0]",1600,256,409600.0,3276816.0,4639283390,4639560724,4639295828,4639567568,0,372028,111614,710250,3,34469,11326,4,160,160,1
35,1,"[4, 4, 64, 40, 40, 0, 0, 0, 0, 0, 0, 0, 0, 0, 0, 4, 4, 64, 40, 40, 0, 0, 0, 0, 0, 0, 0, 0, 0, 0]",800,128,409600.0,4915200.0,4639668936,4639679179,4639679182,4639689262,0,262813,262813,710251,1,10243,10080,4,160,160,1
203,1,"[4, 64, 40, 40, 256, 40, 40, 3, 3, 1, 1, 1, 1, 1, 1, 1, 4, 0, 0, 0, 0, 0, 0, 0, 0, 0, 0, 0, 0, 0]",480,256,1887436800.0,8781824.0,4639937989,4639960118,4639952075,4640202856,49152,61087,58783,710252,2,20929,248477,4,160,160,1
205,1,"[4, 0, 0, 0, 0, 0, 0, 0, 0, 0, 0, 0, 0, 0, 0, 4, 0, 0, 0, 0, 0, 0, 0, 0, 0, 0, 0, 0, 0, 0]",256,512,13107200.0,26214400.0,4640250632,4640628394,4640261639,4640693762,144,538970,175102,710253,2,23862,68255,4,160,160,1
159,1,"[4, 4, 256, 40, 40, 0, 0, 0, 0, 0, 0, 0, 0, 0, 0, 0, 0, 0, 0, 0, 0, 0, 0, 0, 0, 0, 0, 0, 0, 0]",3200,128,0.0,0.0,4640825477,4640834854,4640868864,4640924383,0,190877,190877,710254,1,9377,55519,4,160,160,1
203,1,"[4, 256, 40, 40, 64, 40, 40, 1, 1, 0, 0, 1, 1, 1, 1, 1, 4, 0, 0, 0, 0, 0, 0, 0, 0, 0, 0, 0, 0, 0]",100,256,209715200.0,8257536.0,4641101364,4641124598,4641115260,4641183260,5376,171293,164189,710256,2,21086,60896,4,160,160,1
205,1,"[4, 0, 0, 0, 0, 0, 0, 0, 0, 0, 0, 0, 0, 0, 0, 4, 0, 0, 0, 0, 0, 0, 0, 0, 0, 0, 0, 0, 0, 0]",64,512,3276800.0,6553600.0,4641337062,4641717267,4641347449,4641725589,144,556601,189533,710257,2,23638,11072,4,160,160,1
234,1,"[4, 4, 1, 1, 1, 0, 0, 0, 0, 0, 0, 0, 0, 0, 0, 0, 0, 0, 0, 0, 0, 0, 0, 0, 0, 0, 0, 0, 0, 0]",1600,256,409600.0,3276816.0,4641903014,4642173110,4641915122,4642179791,0,363292,109854,710258,3,33456,11231,4,160,160,1
35,1,"[4, 4, 64, 40, 40, 0, 0, 0, 0, 0, 0, 0, 0, 0, 0, 4, 4, 64, 40, 40, 0, 0, 0, 0, 0, 0, 0, 0, 0, 0]",800,128,409600.0,4915200.0,4642280097,4642289675,4642289645,4642299981,0,261853,261853,710259,1,9578,10336,4,160,160,1
203,1,"[4, 64, 40, 40, 256, 40, 40, 3, 3, 1, 1, 1, 1, 1, 1, 1, 4, 0, 0, 0, 0, 0, 0, 0, 0, 0, 0, 0, 0, 0]",480,256,1887436800.0,8781824.0,4642548132,4642572840,4642561834,4642819911,49152,65663,60831,710260,2,20598,253245,4,160,160,1
205,1,"[4, 0, 0, 0, 0, 0, 0, 0, 0, 0, 0, 0, 0, 0, 0, 4, 0, 0, 0, 0, 0, 0, 0, 0, 0, 0, 0, 0, 0, 0]",256,512,13107200.0,26214400.0,4642870201,4643245919,4642880742,4643312928,144,538745,176254,710261,2,23273,69695,4,160,160,1
159,1,"[4, 4, 256, 40, 40, 0, 0, 0, 0, 0, 0, 0, 0, 0, 0, 0, 0, 0, 0, 0, 0, 0, 0, 0, 0, 0, 0, 0, 0, 0]",3200,128,0.0,0.0,4643444988,4643454113,4643489182,4643545214,0,184925,184925,710262,1,9125,56032,4,160,160,1
203,1,"[4, 256, 40, 40, 64, 40, 40, 1, 1, 0, 0, 1, 1, 1, 1, 1, 4, 0, 0, 0, 0, 0, 0, 0, 0, 0, 0, 0, 0, 0]",100,256,209715200.0,8257536.0,4643716378,4643739702,4643730139,4643797338,5376,172318,165054,710264,2,21173,59935,4,160,160,1
205,1,"[4, 0, 0, 0, 0, 0, 0, 0, 0, 0, 0, 0, 0, 0, 0, 4, 0, 0, 0, 0, 0, 0, 0, 0, 0, 0, 0, 0, 0, 0]",64,512,3276800.0,6553600.0,4643951862,4644324722,4643962392,4644333011,144,545753,186238,710265,2,23314,11104,4,160,160,1
234,1,"[4, 4, 1, 1, 1, 0, 0, 0, 0, 0, 0, 0, 0, 0, 0, 0, 0, 0, 0, 0, 0, 0, 0, 0, 0, 0, 0, 0, 0, 0]",1600,256,409600.0,3276816.0,4644507773,4644780785,4644519249,4644787502,0,369274,112222,710266,3,36488,11201,4,160,160,1
35,1,"[4, 4, 64, 40, 40, 0, 0, 0, 0, 0, 0, 0, 0, 0, 0, 4, 4, 64, 40, 40, 0, 0, 0, 0, 0, 0, 0, 0, 0, 0]",800,128,409600.0,4915200.0,4644889554,4644899803,4644899724,4644910188,0,263005,263005,710267,1,10249,10464,4,160,160,1
203,1,"[4, 64, 40, 40, 256, 40, 40, 3, 3, 1, 1, 1, 1, 1, 1, 1, 4, 0, 0, 0, 0, 0, 0, 0, 0, 0, 0, 0, 0, 0]",480,256,1887436800.0,8781824.0,4645159549,4645181305,4645173193,4645429637,49152,66464,63872,710268,2,20576,253852,4,160,160,1
205,1,"[4, 0, 0, 0, 0, 0, 0, 0, 0, 0, 0, 0, 0, 0, 0, 4, 0, 0, 0, 0, 0, 0, 0, 0, 0, 0, 0, 0, 0, 0]",256,512,13107200.0,26214400.0,4645483049,4645867842,4645493509,4645933471,144,545785,174238,710269,2,23755,68415,4,160,160,1
159,1,"[4, 4, 256, 40, 40, 0, 0, 0, 0, 0, 0, 0, 0, 0, 0, 0, 0, 0, 0, 0, 0, 0, 0, 0, 0, 0, 0, 0, 0, 0]",3200,128,0.0,0.0,4646065233,4646074671,4646107709,4646162940,0,335868,335868,710270,1,9438,55231,4,160,160,1
203,1,"[4, 256, 40, 40, 64, 40, 40, 1, 1, 0, 0, 1, 1, 1, 1, 1, 4, 0, 0, 0, 0, 0, 0, 0, 0, 0, 0, 0, 0, 0]",100,256,209715200.0,8257536.0,4646484088,4646508473,4646498808,4646566583,5376,177822,170334,710272,2,22215,60287,4,160,160,1
205,1,"[4, 0, 0, 0, 0, 0, 0, 0, 0, 0, 0, 0, 0, 0, 0, 4, 0, 0, 0, 0, 0, 0, 0, 0, 0, 0, 0, 0, 0, 0]",64,512,3276800.0,6553600.0,4646725988,4647091002,4646736917,4647100432,144,533625,182046,710273,2,24116,11936,4,160,160,1
234,1,"[4, 4, 1, 1, 1, 0, 0, 0, 0, 0, 0, 0, 0, 0, 0, 0, 0, 0, 0, 0, 0, 0, 0, 0, 0, 0, 0, 0, 0, 0]",1600,256,409600.0,3276816.0,4647270667,4647538181,4647282478,4647545227,0,361370,110046,710274,3,32779,11425,4,160,160,1
35,1,"[4, 4, 64, 40, 40, 0, 0, 0, 0, 0, 0, 0, 0, 0, 0, 4, 4, 64, 40, 40, 0, 0, 0, 0, 0, 0, 0, 0, 0, 0]",800,128,409600.0,4915200.0,4647644648,4647655067,4647655273,4647665865,0,258973,258973,710275,1,10419,10592,4,160,160,1
203,1,"[4, 64, 40, 40, 256, 40, 40, 3, 3, 1, 1, 1, 1, 1, 1, 1, 4, 0, 0, 0, 0, 0, 0, 0, 0, 0, 0, 0, 0, 0]",480,256,1887436800.0,8781824.0,4647910937,4647936001,4647924838,4648181283,49152,64383,61631,710276,2,23815,253693,4,160,160,1
205,1,"[4, 0, 0, 0, 0, 0, 0, 0, 0, 0, 0, 0, 0, 0, 0, 4, 0, 0, 0, 0, 0, 0, 0, 0, 0, 0, 0, 0, 0, 0]",256,512,13107200.0,26214400.0,4648231887,4648601638,4648242914,4648668445,144,527640,171677,710277,2,23644,69568,4,160,160,1
159,1,"[4, 4, 256, 40, 40, 0, 0, 0, 0, 0, 0, 0, 0, 0, 0, 0, 0, 0, 0, 0, 0, 0, 0, 0, 0, 0, 0, 0, 0, 0]",3200,128,0.0,0.0,4648796371,4648805757,4648840122,4648895514,0,185245,185245,710278,1,9386,55392,4,160,160,1
203,1,"[4, 256, 40, 40, 64, 40, 40, 1, 1, 0, 0, 1, 1, 1, 1, 1, 4, 0, 0, 0, 0, 0, 0, 0, 0, 0, 0, 0, 0, 0]",100,256,209715200.0,8257536.0,4649067120,4649092467,4649080759,4649150902,5376,173214,163678,710280,2,23193,60607,4,160,160,1
205,1,"[4, 0, 0, 0, 0, 0, 0, 0, 0, 0, 0, 0, 0, 0, 0, 4, 0, 0, 0, 0, 0, 0, 0, 0, 0, 0, 0, 0, 0, 0]",64,512,3276800.0,6553600.0,4649304053,4649679257,4649314580,4649687599,144,548538,186718,710281,2,23818,11199,4,160,160,1
234,1,"[4, 4, 1, 1, 1, 0, 0, 0, 0, 0, 0, 0, 0, 0, 0, 0, 0, 0, 0, 0, 0, 0, 0, 0, 0, 0, 0, 0, 0, 0]",1600,256,409600.0,3276816.0,4649862200,4650133839,4649874317,4650140554,0,366651,111679,710282,3,33614,11265,4,160,160,1
35,1,"[4, 4, 64, 40, 40, 0, 0, 0, 0, 0, 0, 0, 0, 0, 0, 4, 4, 64, 40, 40, 0, 0, 0, 0, 0, 0, 0, 0, 0, 0]",800,128,409600.0,4915200.0,4650241967,4650252248,4650252233,4650262600,0,266237,266237,710283,1,10281,10367,4,160,160,1
203,1,"[4, 64, 40, 40, 256, 40, 40, 3, 3, 1, 1, 1, 1, 1, 1, 1, 4, 0, 0, 0, 0, 0, 0, 0, 0, 0, 0, 0, 0, 0]",480,256,1887436800.0,8781824.0,4650514968,4650536880,4650528837,4650783778,49152,63455,60895,710284,2,20691,252381,4,160,160,1
205,1,"[4, 0, 0, 0, 0, 0, 0, 0, 0, 0, 0, 0, 0, 0, 0, 4, 0, 0, 0, 0, 0, 0, 0, 0, 0, 0, 0, 0, 0, 0]",256,512,13107200.0,26214400.0,4650833900,4651202844,4650844673,4651265915,144,528089,175614,710285,2,26082,68767,4,160,160,1
159,1,"[4, 4, 256, 40, 40, 0, 0, 0, 0, 0, 0, 0, 0, 0, 0, 0, 0, 0, 0, 0, 0, 0, 0, 0, 0, 0, 0, 0, 0, 0]",3200,128,0.0,0.0,4651397699,4651406948,4651441529,4651497336,0,179902,179902,710286,1,9249,55807,4,160,160,1
203,1,"[4, 256, 40, 40, 64, 40, 40, 1, 1, 0, 0, 1, 1, 1, 1, 1, 4, 0, 0, 0, 0, 0, 0, 0, 0, 0, 0, 0, 0, 0]",100,256,209715200.0,8257536.0,4651663432,4651686468,4651677238,4651744437,5376,172062,164926,710288,2,20851,60063,4,160,160,1
205,1,"[4, 0, 0, 0, 0, 0, 0, 0, 0, 0, 0, 0, 0, 0, 0, 4, 0, 0, 0, 0, 0, 0, 0, 0, 0, 0, 0, 0, 0, 0]",64,512,3276800.0,6553600.0,4651898671,4652267538,4651909363,4652277295,144,538873,183613,710289,2,23622,12672,4,160,160,1
234,1,"[4, 4, 1, 1, 1, 0, 0, 0, 0, 0, 0, 0, 0, 0, 0, 0, 0, 0, 0, 0, 0, 0, 0, 0, 0, 0, 0, 0, 0, 0]",1600,256,409600.0,3276816.0,4652449440,4652717014,4652460908,4652724041,0,363996,112479,710290,3,33220,11616,4,160,160,1
35,1,"[4, 4, 64, 40, 40, 0, 0, 0, 0, 0, 0, 0, 0, 0, 0, 4, 4, 64, 40, 40, 0, 0, 0, 0, 0, 0, 0, 0, 0, 0]",800,128,409600.0,4915200.0,4652825891,4652836467,4652836520,4652846856,0,283740,283740,710291,1,10576,10336,4,160,160,1
203,1,"[4, 64, 40, 40, 256, 20, 20, 3, 3, 1, 1, 2, 2, 1, 1, 1, 4, 0, 0, 0, 0, 0, 0, 0, 0, 0, 0, 0, 0, 0]",512,256,471859200.0,3866624.0,4653114857,4653173727,4653130596,4653268226,41472,147327,132703,710292,5,46862,123006,4,160,160,1
205,1,"[4, 0, 0, 0, 0, 0, 0, 0, 0, 0, 0, 0, 0, 0, 0, 4, 0, 0, 0, 0, 0, 0, 0, 0, 0, 0, 0, 0, 0, 0]",256,512,3276800.0,6553600.0,4653390472,4653925468,4653400929,4653940410,144,712311,190685,710293,2,25621,17855,4,160,160,1
159,1,"[4, 4, 256, 20, 20, 0, 0, 0, 0, 0, 0, 0, 0, 0, 0, 0, 0, 0, 0, 0, 0, 0, 0, 0, 0, 0, 0, 0, 0, 0]",800,128,0.0,0.0,4654122814,4654131512,4654131095,4654138647,0,253437,253437,710294,1,8698,7552,4,160,160,1
203,1,"[4, 256, 20, 20, 96, 20, 20, 1, 1, 0, 0, 1, 1, 1, 1, 1, 4, 0, 0, 0, 0, 0, 0, 0, 0, 0, 0, 0, 0, 0]",150,64,0.0,0.0,4654378772,4654393290,4654392084,4654425587,2304,179998,179998,710296,1,14518,33503,4,160,160,1
205,1,"[4, 0, 0, 0, 0, 0, 0, 0, 0, 0, 0, 0, 0, 0, 0, 4, 0, 0, 0, 0, 0, 0, 0, 0, 0, 0, 0, 0, 0, 0]",96,512,1228800.0,2457600.0,4654593657,4654958016,4654605585,4654965868,144,634489,284509,710297,2,24549,10303,4,160,160,1
203,1,"[4, 96, 20, 20, 384, 20, 20, 3, 3, 1, 1, 1, 1, 1, 1, 1, 4, 0, 0, 0, 0, 0, 0, 0, 0, 0, 0, 0, 0, 0]",288,256,1061683200.0,4399104.0,4655236528,4655260582,4655250377,4655487206,49152,63775,63071,710298,2,22862,236125,4,160,160,1
205,1,"[4, 0, 0, 0, 0, 0, 0, 0, 0, 0, 0, 0, 0, 0, 0, 4, 0, 0, 0, 0, 0, 0, 0, 0, 0, 0, 0, 0, 0, 0]",384,512,4915200.0,9830400.0,4655539348,4655905461,4655550277,4655932896,144,526906,174238,710299,2,23566,29951,4,160,160,1
159,1,"[4, 4, 384, 20, 20, 0, 0, 0, 0, 0, 0, 0, 0, 0, 0, 0, 0, 0, 0, 0, 0, 0, 0, 0, 0, 0, 0, 0, 0, 0]",1200,128,0.0,0.0,4656098692,4656107491,4656107134,4656119934,0,240381,240381,710300,1,8799,12800,4,160,160,1
203,1,"[4, 384, 20, 20, 96, 20, 20, 1, 1, 0, 0, 1, 1, 1, 1, 1, 4, 0, 0, 0, 0, 0, 0, 0, 0, 0, 0, 0, 0, 0]",150,64,0.0,0.0,4656346991,4656360812,4656360315,4656408186,2304,164350,164350,710302,1,13821,47871,4,160,160,1
205,1,"[4, 0, 0, 0, 0, 0, 0, 0, 0, 0, 0, 0, 0, 0, 0, 4, 0, 0, 0, 0, 0, 0, 0, 0, 0, 0, 0, 0, 0, 0]",96,512,1228800.0,2457600.0,4656561227,4656925724,4656572536,4656933684,144,535353,184573,710303,2,23520,10368,4,160,160,1
234,1,"[4, 4, 1, 1, 1, 0, 0, 0, 0, 0, 0, 0, 0, 0, 0, 0, 0, 0, 0, 0, 0, 0, 0, 0, 0, 0, 0, 0, 0, 0]",600,256,153600.0,1228816.0,4657106022,4657377780,4657118257,4657381870,0,373596,118527,710304,3,33935,8544,4,160,160,1
35,1,"[4, 4, 96, 20, 20, 0, 0, 0, 0, 0, 0, 0, 0, 0, 0, 4, 4, 96, 20, 20, 0, 0, 0, 0, 0, 0, 0, 0, 0, 0]",300,128,153600.0,1843200.0,4657489637,4657500415,4657500397,4657505676,0,272861,272861,710305,1,10778,5279,4,160,160,1
203,1,"[4, 96, 20, 20, 384, 20, 20, 3, 3, 1, 1, 1, 1, 1, 1, 1, 4, 0, 0, 0, 0, 0, 0, 0, 0, 0, 0, 0, 0, 0]",288,256,1061683200.0,4399104.0,4657764728,4657786598,4657778537,4658011782,49152,65215,64479,710306,2,20674,232509,4,160,160,1
205,1,"[4, 0, 0, 0, 0, 0, 0, 0, 0, 0, 0, 0, 0, 0, 0, 4, 0, 0, 0, 0, 0, 0, 0, 0, 0, 0, 0, 0, 0, 0]",384,512,4915200.0,9830400.0,4658065820,4658437180,4658076261,4658462016,144,533369,178398,710307,2,26367,30784,4,160,160,1
159,1,"[4, 4, 384, 20, 20, 0, 0, 0, 0, 0, 0, 0, 0, 0, 0, 0, 0, 0, 0, 0, 0, 0, 0, 0, 0, 0, 0, 0, 0, 0]",1200,128,0.0,0.0,4658631515,4658640769,4658640414,4658653310,0,239197,239197,710308,1,9254,12896,4,160,160,1
203,1,"[4, 384, 20, 20, 96, 20, 20, 1, 1, 0, 0, 1, 1, 1, 1, 1, 4, 0, 0, 0, 0, 0, 0, 0, 0, 0, 0, 0, 0, 0]",150,64,0.0,0.0,4658880015,4658893207,4658892507,4658940506,2304,165822,165822,710310,1,13192,47999,4,160,160,1
205,1,"[4, 0, 0, 0, 0, 0, 0, 0, 0, 0, 0, 0, 0, 0, 0, 4, 0, 0, 0, 0, 0, 0, 0, 0, 0, 0, 0, 0, 0, 0]",96,512,1228800.0,2457600.0,4659094718,4659463380,4659106328,4659471284,144,545752,191197,710311,2,24252,10401,4,160,160,1
234,1,"[4, 4, 1, 1, 1, 0, 0, 0, 0, 0, 0, 0, 0, 0, 0, 0, 0, 0, 0, 0, 0, 0, 0, 0, 0, 0, 0, 0, 0, 0]",600,256,153600.0,1228816.0,4659650324,4659920762,4659662481,4659924814,0,365691,111934,710312,3,33583,8576,4,160,160,1
35,1,"[4, 4, 96, 20, 20, 0, 0, 0, 0, 0, 0, 0, 0, 0, 0, 4, 4, 96, 20, 20, 0, 0, 0, 0, 0, 0, 0, 0, 0, 0]",300,128,153600.0,1843200.0,4660026338,4660036714,4660036748,4660042092,0,266141,266141,710313,1,10376,5344,4,160,160,1
203,1,"[4, 96, 20, 20, 384, 20, 20, 3, 3, 1, 1, 1, 1, 1, 1, 1, 4, 0, 0, 0, 0, 0, 0, 0, 0, 0, 0, 0, 0, 0]",288,256,1061683200.0,4399104.0,4660294115,4660316077,4660308233,4660542278,49152,65183,64511,710314,2,20785,233373,4,160,160,1
205,1,"[4, 0, 0, 0, 0, 0, 0, 0, 0, 0, 0, 0, 0, 0, 0, 4, 0, 0, 0, 0, 0, 0, 0, 0, 0, 0, 0, 0, 0, 0]",384,512,4915200.0,9830400.0,4660596192,4661121314,4660606789,4661147806,144,692439,180702,710315,2,25383,29280,4,160,160,1
159,1,"[4, 4, 384, 20, 20, 0, 0, 0, 0, 0, 0, 0, 0, 0, 0, 0, 0, 0, 0, 0, 0, 0, 0, 0, 0, 0, 0, 0, 0, 0]",1200,128,0.0,0.0,4661319358,4661328911,4661328508,4661341148,0,236189,236189,710316,1,9553,12640,4,160,160,1
203,1,"[4, 384, 20, 20, 96, 20, 20, 1, 1, 0, 0, 1, 1, 1, 1, 1, 4, 0, 0, 0, 0, 0, 0, 0, 0, 0, 0, 0, 0, 0]",150,64,0.0,0.0,4661564769,4661578021,4661577337,4661624984,2304,176606,176606,710318,1,13252,47647,4,160,160,1
205,1,"[4, 0, 0, 0, 0, 0, 0, 0, 0, 0, 0, 0, 0, 0, 0, 4, 0, 0, 0, 0, 0, 0, 0, 0, 0, 0, 0, 0, 0, 0]",96,512,1228800.0,2457600.0,4661789765,4662162594,4661801590,4662170705,144,543097,184542,710319,2,25189,10560,4,160,160,1
234,1,"[4, 4, 1, 1, 1, 0, 0, 0, 0, 0, 0, 0, 0, 0, 0, 0, 0, 0, 0, 0, 0, 0, 0, 0, 0, 0, 0, 0, 0, 0]",600,256,153600.0,1228816.0,4662342762,4662616029,4662355247,4662620108,0,369531,113310,710320,3,34403,8640,4,160,160,1
35,1,"[4, 4, 96, 20, 20, 0, 0, 0, 0, 0, 0, 0, 0, 0, 0, 4, 4, 96, 20, 20, 0, 0, 0, 0, 0, 0, 0, 0, 0, 0]",300,128,153600.0,1843200.0,4662723093,4662736308,4662733418,4662738922,0,269308,269308,710321,1,13215,5504,4,160,160,1
203,1,"[4, 96, 20, 20, 384, 20, 20, 3, 3, 1, 1, 1, 1, 1, 1, 1, 4, 0, 0, 0, 0, 0, 0, 0, 0, 0, 0, 0, 0, 0]",288,256,1061683200.0,4399104.0,4662994524,4663016202,4663008230,4663239331,49152,59776,59072,710322,2,20477,230397,4,160,160,1
205,1,"[4, 0, 0, 0, 0, 0, 0, 0, 0, 0, 0, 0, 0, 0, 0, 4, 0, 0, 0, 0, 0, 0, 0, 0, 0, 0, 0, 0, 0, 0]",384,512,4915200.0,9830400.0,4663287767,4663657475,4663298403,4663684158,144,535129,178910,710323,2,23447,29536,4,160,160,1
159,1,"[4, 4, 384, 20, 20, 0, 0, 0, 0, 0, 0, 0, 0, 0, 0, 0, 0, 0, 0, 0, 0, 0, 0, 0, 0, 0, 0, 0, 0, 0]",1200,128,0.0,0.0,4663854638,4663863537,4663863068,4663876028,0,238620,238620,710324,1,8899,12960,4,160,160,1
203,1,"[4, 384, 20, 20, 96, 20, 20, 1, 1, 0, 0, 1, 1, 1, 1, 1, 4, 0, 0, 0, 0, 0, 0, 0, 0, 0, 0, 0, 0, 0]",150,64,0.0,0.0,4664101732,4664115255,4664114648,4664161368,2304,164670,164670,710326,1,13523,46720,4,160,160,1
205,1,"[4, 0, 0, 0, 0, 0, 0, 0, 0, 0, 0, 0, 0, 0, 0, 4, 0, 0, 0, 0, 0, 0, 0, 0, 0, 0, 0, 0, 0, 0]",96,512,1228800.0,2457600.0,4664314400,4664685951,4664326038,4664693681,144,546201,189022,710327,2,24797,10464,4,160,160,1
234,1,"[4, 4, 1, 1, 1, 0, 0, 0, 0, 0, 0, 0, 0, 0, 0, 0, 0, 0, 0, 0, 0, 0, 0, 0, 0, 0, 0, 0, 0, 0]",600,256,153600.0,1228816.0,4664869966,4665140675,4664882703,4665144651,0,368891,115519,710328,3,33604,8576,4,160,160,1
35,1,"[4, 4, 96, 20, 20, 0, 0, 0, 0, 0, 0, 0, 0, 0, 0, 4, 4, 96, 20, 20, 0, 0, 0, 0, 0, 0, 0, 0, 0, 0]",300,128,153600.0,1843200.0,4665249962,4665260241,4665260170,4665265642,0,267869,267869,710329,1,10279,5472,4,160,160,1
203,1,"[4, 96, 20, 20, 384, 20, 20, 3, 3, 1, 1, 1, 1, 1, 1, 1, 4, 0, 0, 0, 0, 0, 0, 0, 0, 0, 0, 0, 0, 0]",288,256,1061683200.0,4399104.0,4665519537,4665540796,4665533511,4665768484,49152,62911,62303,710330,2,20054,234365,4,160,160,1
205,1,"[4, 0, 0, 0, 0, 0, 0, 0, 0, 0, 0, 0, 0, 0, 0, 4, 0, 0, 0, 0, 0, 0, 0, 0, 0, 0, 0, 0, 0, 0]",384,512,4915200.0,9830400.0,4665819904,4666191374,4665830787,4666218750,144,534584,176701,710331,2,23829,30080,4,160,160,1
159,1,"[4, 4, 384, 20, 20, 0, 0, 0, 0, 0, 0, 0, 0, 0, 0, 0, 0, 0, 0, 0, 0, 0, 0, 0, 0, 0, 0, 0, 0, 0]",1200,128,0.0,0.0,4666386249,4666395358,4666395451,4666408635,0,239933,239933,710332,1,9109,13184,4,160,160,1
203,1,"[4, 384, 20, 20, 96, 20, 20, 1, 1, 0, 0, 1, 1, 1, 1, 1, 4, 0, 0, 0, 0, 0, 0, 0, 0, 0, 0, 0, 0, 0]",150,64,0.0,0.0,4666635681,4666649098,4666648568,4666695896,2304,168925,168925,710334,1,13417,47328,4,160,160,1
205,1,"[4, 0, 0, 0, 0, 0, 0, 0, 0, 0, 0, 0, 0, 0, 0, 4, 0, 0, 0, 0, 0, 0, 0, 0, 0, 0, 0, 0, 0, 0]",96,512,1228800.0,2457600.0,4666853466,4667223806,4666864821,4667231761,144,541978,185406,710335,2,24729,10368,4,160,160,1
234,1,"[4, 4, 1, 1, 1, 0, 0, 0, 0, 0, 0, 0, 0, 0, 0, 0, 0, 0, 0, 0, 0, 0, 0, 0, 0, 0, 0, 0, 0, 0]",600,256,153600.0,1228816.0,4667405117,4667672272,4667417167,4667676171,0,363003,112543,710336,3,33188,8544,4,160,160,1
35,1,"[4, 4, 96, 20, 20, 0, 0, 0, 0, 0, 0, 0, 0, 0, 0, 4, 4, 96, 20, 20, 0, 0, 0, 0, 0, 0, 0, 0, 0, 0]",300,128,153600.0,1843200.0,4667778196,4667788718,4667788714,4667794090,0,420602,420602,710337,1,10522,5376,4,160,160,1
203,1,"[4, 96, 20, 20, 384, 20, 20, 3, 3, 1, 1, 1, 1, 1, 1, 1, 4, 0, 0, 0, 0, 0, 0, 0, 0, 0, 0, 0, 0, 0]",288,256,1061683200.0,4399104.0,4668199612,4668223100,4668214692,4668446945,49152,64928,64384,710338,2,22184,231709,4,160,160,1
205,1,"[4, 0, 0, 0, 0, 0, 0, 0, 0, 0, 0, 0, 0, 0, 0, 4, 0, 0, 0, 0, 0, 0, 0, 0, 0, 0, 0, 0, 0, 0]",384,512,4915200.0,9830400.0,4668500616,4668867534,4668511329,4668895164,144,527897,174526,710339,2,23462,30464,4,160,160,1
159,1,"[4, 4, 384, 20, 20, 0, 0, 0, 0, 0, 0, 0, 0, 0, 0, 0, 0, 0, 0, 0, 0, 0, 0, 0, 0, 0, 0, 0, 0, 0]",1200,128,0.0,0.0,4669060910,4669069938,4669069690,4669082522,0,243580,243580,710340,1,9028,12832,4,160,160,1
203,1,"[4, 384, 20, 20, 96, 20, 20, 1, 1, 0, 0, 1, 1, 1, 1, 1, 4, 0, 0, 0, 0, 0, 0, 0, 0, 0, 0, 0, 0, 0]",150,64,0.0,0.0,4669312677,4669326624,4669326102,4669373622,2304,165854,165854,710342,1,13947,47520,4,160,160,1
205,1,"[4, 0, 0, 0, 0, 0, 0, 0, 0, 0, 0, 0, 0, 0, 0, 4, 0, 0, 0, 0, 0, 0, 0, 0, 0, 0, 0, 0, 0, 0]",96,512,1228800.0,2457600.0,4669528183,4669902070,4669539476,4669910159,144,545272,185085,710343,2,24393,10496,4,160,160,1
234,1,"[4, 4, 1, 1, 1, 0, 0, 0, 0, 0, 0, 0, 0, 0, 0, 0, 0, 0, 0, 0, 0, 0, 0, 0, 0, 0, 0, 0, 0, 0]",600,256,153600.0,1228816.0,4670083052,4670356206,4670095244,4670360169,0,367612,111199,710344,3,34382,8512,4,160,160,1
35,1,"[4, 4, 96, 20, 20, 0, 0, 0, 0, 0, 0, 0, 0, 0, 0, 4, 4, 96, 20, 20, 0, 0, 0, 0, 0, 0, 0, 0, 0, 0]",300,128,153600.0,1843200.0,4670461900,4670471281,4670471368,4670476680,0,274748,274748,710345,1,9381,5312,4,160,160,1
203,1,"[4, 96, 20, 20, 384, 20, 20, 1, 1, 0, 0, 1, 1, 1, 1, 1, 4, 0, 0, 0, 0, 0, 0, 0, 0, 0, 0, 0, 0, 0]",156,256,117964800.0,3219456.0,4670737356,4670760305,4670751428,4670792516,5376,198045,190973,710346,2,20752,34016,4,160,160,1
205,1,"[4, 0, 0, 0, 0, 0, 0, 0, 0, 0, 0, 0, 0, 0, 0, 4, 0, 0, 0, 0, 0, 0, 0, 0, 0, 0, 0, 0, 0, 0]",384,512,4915200.0,9830400.0,4670972479,4671342991,4670983489,4671364189,144,540953,183869,710347,2,24337,23616,4,160,160,1
159,1,"[4, 4, 384, 20, 20, 0, 0, 0, 0, 0, 0, 0, 0, 0, 0, 0, 0, 0, 0, 0, 0, 0, 0, 0, 0, 0, 0, 0, 0, 0]",1200,128,0.0,0.0,4671539432,4671548434,4671548058,4671561434,0,196701,196701,710348,1,9002,13376,4,160,160,1
203,1,"[4, 384, 20, 20, 384, 10, 10, 3, 3, 1, 1, 2, 2, 1, 1, 384, 4, 0, 0, 0, 0, 0, 0, 0, 0, 0, 0, 0, 0, 0]",150,1024,0.0,0.0,4671746098,4671758989,4671758135,4671772759,0,173918,173918,710350,1,12891,14624,4,160,160,1
205,1,"[4, 0, 0, 0, 0, 0, 0, 0, 0, 0, 0, 0, 0, 0, 0, 4, 0, 0, 0, 0, 0, 0, 0, 0, 0, 0, 0, 0, 0, 0]",384,512,1228800.0,2457600.0,4671936390,4672301996,4671946677,4672317392,144,538458,185438,710351,2,23329,17695,4,160,160,1
159,1,"[4, 4, 384, 10, 10, 0, 0, 0, 0, 0, 0, 0, 0, 0, 0, 0, 0, 0, 0, 0, 0, 0, 0, 0, 0, 0, 0, 0, 0, 0]",300,128,0.0,0.0,4672494768,4672503166,4672502830,4672507118,0,190333,190333,710352,1,8398,4288,4,160,160,1
199,1,"[4, 4, 384, 10, 10, 0, 0, 0, 0, 0, 0, 0, 0, 0, 0, 0, 0, 0, 0, 0, 0, 0, 0, 0, 0, 0, 0, 0, 0, 0]",96,512,0.0,0.0,4672685922,4672697914,4672697451,4672704747,16,268989,268989,710354,1,11992,7296,4,160,160,1
203,1,"[4, 384, 1, 1, 24, 1, 1, 1, 1, 0, 0, 1, 1, 1, 1, 1, 4, 0, 0, 0, 0, 0, 0, 0, 0, 0, 0, 0, 0, 0]",288,128,73728.0,43392.0,4672959715,4673115067,4672973736,4673117382,12288,318940,228446,710355,5,46103,53152,4,160,160,1
159,1,"[4, 4, 24, 1, 1, 0, 0, 0, 0, 0, 0, 0, 0, 0, 0, 0, 0, 0, 0, 0, 0, 0, 0, 0, 0, 0, 0, 0, 0, 0]",1,128,0.0,0.0,4673338105,4673346053,4673345828,4673348131,0,254781,254781,710356,1,7948,2303,4,160,160,1
203,1,"[4, 24, 1, 1, 384, 1, 1, 1, 1, 0, 0, 1, 1, 1, 1, 1, 4, 0, 0, 0, 0, 0, 0, 0, 0, 0, 0, 0, 0, 0]",12,128,0.0,0.0,4673590460,4673643644,4673602912,4673646624,2304,224797,189117,710358,2,22009,8032,4,160,160,1
156,1,"[4, 4, 384, 1, 1, 0, 0, 0, 0, 0, 0, 0, 0, 0, 0, 0, 0, 0, 0, 0, 0, 0, 0, 0, 0, 0, 0, 0, 0, 0]",3,128,30720.0,12288.0,4673824079,4673836262,4673835741,4673838397,0,143390,143390,710359,1,12183,2656,4,160,160,1
23,1,"[4, 4, 384, 1, 1, 0, 0, 0, 0, 0, 0, 0, 0, 0, 0, 4, 4, 384, 10, 10, 0, 0, 0, 0, 0, 0, 0, 0, 0, 0]",600,128,153600.0,1234944.0,4673971727,4673981868,4673981787,4673985979,0,248349,248349,710360,1,10141,4192,4,160,160,1
203,1,"[4, 384, 10, 10, 192, 10, 10, 1, 1, 0, 0, 1, 1, 1, 1, 1, 4, 0, 0, 0, 0, 0, 0, 0, 0, 0, 0, 0, 0, 0]",384,64,0.0,0.0,4674221115,4674244689,4674234328,4674273432,4608,197469,189373,710361,2,21578,31008,4,160,160,1
205,1,"[4, 0, 0, 0, 0, 0, 0, 0, 0, 0, 0, 0, 0, 0, 0, 4, 0, 0, 0, 0, 0, 0, 0, 0, 0, 0, 0, 0, 0, 0]",192,512,614400.0,1228800.0,4674452333,4674823582,4674462805,4674833328,144,644569,286237,710362,2,23219,12191,4,160,160,1
203,1,"[4, 192, 10, 10, 768, 10, 10, 1, 1, 0, 0, 1, 1, 1, 1, 1, 4, 0, 0, 0, 0, 0, 0, 0, 0, 0, 0, 0, 0, 0]",24,256,117964800.0,2125824.0,4675105932,4675129801,4675119565,4675171948,32768,189054,181118,710363,2,21525,44447,4,160,160,1
205,1,"[4, 0, 0, 0, 0, 0, 0, 0, 0, 0, 0, 0, 0, 0, 0, 4, 0, 0, 0, 0, 0, 0, 0, 0, 0, 0, 0, 0, 0, 0]",768,512,2457600.0,4915200.0,4675342470,4675865496,4675353066,4675894595,144,688567,178750,710364,2,25363,31712,4,160,160,1
159,1,"[4, 4, 768, 10, 10, 0, 0, 0, 0, 0, 0, 0, 0, 0, 0, 0, 0, 0, 0, 0, 0, 0, 0, 0, 0, 0, 0, 0, 0, 0]",600,128,0.0,0.0,4676064873,4676073755,4676073345,4676078881,0,198589,198589,710365,1,8882,5536,4,160,160,1
203,1,"[4, 768, 10, 10, 768, 10, 10, 3, 3, 1, 1, 1, 1, 1, 1, 768, 4, 0, 0, 0, 0, 0, 0, 0, 0, 0, 0, 0, 0, 0]",300,1024,0.0,0.0,4676265630,4676278141,4676277470,4676297086,0,167870,167870,710367,1,12511,19616,4,160,160,1
205,1,"[4, 0, 0, 0, 0, 0, 0, 0, 0, 0, 0, 0, 0, 0, 0, 4, 0, 0, 0, 0, 0, 0, 0, 0, 0, 0, 0, 0, 0, 0]",768,512,2457600.0,4915200.0,4676454627,4676819502,4676464956,4676845175,144,522202,173310,710368,2,25631,31327,4,160,160,1
159,1,"[4, 4, 768, 10, 10, 0, 0, 0, 0, 0, 0, 0, 0, 0, 0, 0, 0, 0, 0, 0, 0, 0, 0, 0, 0, 0, 0, 0, 0, 0]",600,128,0.0,0.0,4677010492,4677018825,4677018485,4677024277,0,171294,171294,710369,1,8333,5792,4,160,160,1
199,1,"[4, 4, 768, 10, 10, 0, 0, 0, 0, 0, 0, 0, 0, 0, 0, 0, 0, 0, 0, 0, 0, 0, 0, 0, 0, 0, 0, 0, 0, 0]",192,512,0.0,0.0,4677184412,4677196416,4677195571,4677204850,16,252349,252349,710371,1,12004,9279,4,160,160,1
203,1,"[4, 768, 1, 1, 48, 1, 1, 1, 1, 0, 0, 1, 1, 1, 1, 1, 4, 0, 0, 0, 0, 0, 0, 0, 0, 0, 0, 0, 0, 0]",1152,128,294912.0,160512.0,4677444492,4677568010,4677457199,4677588845,12288,198591,218750,710372,5,44186,151805,4,160,160,1
159,1,"[4, 4, 48, 1, 1, 0, 0, 0, 0, 0, 0, 0, 0, 0, 0, 0, 0, 0, 0, 0, 0, 0, 0, 0, 0, 0, 0, 0, 0, 0]",1,128,0.0,0.0,4677799864,4677807919,4677807595,4677810187,0,252892,252892,710373,1,8055,2592,4,160,160,1
203,1,"[4, 48, 1, 1, 768, 1, 1, 1, 1, 0, 0, 1, 1, 1, 1, 1, 4, 0, 0, 0, 0, 0, 0, 0, 0, 0, 0, 0, 0, 0]",24,128,0.0,0.0,4678050872,4678104584,4678063079,4678106631,2304,212094,178526,710375,2,22162,9984,4,160,160,1
156,1,"[4, 4, 768, 1, 1, 0, 0, 0, 0, 0, 0, 0, 0, 0, 0, 0, 0, 0, 0, 0, 0, 0, 0, 0, 0, 0, 0, 0, 0, 0]",6,128,61440.0,24576.0,4678274227,4678285584,4678285157,4678287845,0,143806,143806,710376,1,11357,2688,4,160,160,1
23,1,"[4, 4, 768, 1, 1, 0, 0, 0, 0, 0, 0, 0, 0, 0, 0, 4, 4, 768, 10, 10, 0, 0, 0, 0, 0, 0, 0, 0, 0, 0]",1200,128,307200.0,2469888.0,4678421623,4678431775,4678431651,4678440482,0,267389,267389,710377,1,10152,8831,4,160,160,1
203,1,"[4, 768, 10, 10, 192, 10, 10, 1, 1, 0, 0, 1, 1, 1, 1, 1, 4, 0, 0, 0, 0, 0, 0, 0, 0, 0, 0, 0, 0, 0]",384,256,117964800.0,2125824.0,4678693315,4678736456,4678707871,4678774591,41472,202493,189597,710378,4,35296,53824,4,160,160,1
205,1,"[4, 0, 0, 0, 0, 0, 0, 0, 0, 0, 0, 0, 0, 0, 0, 4, 0, 0, 0, 0, 0, 0, 0, 0, 0, 0, 0, 0, 0, 0]",192,512,614400.0,1228800.0,4678953612,4679328023,4678964188,4679337687,144,547321,185790,710379,2,23438,11968,4,160,160,1
234,1,"[4, 4, 1, 1, 1, 0, 0, 0, 0, 0, 0, 0, 0, 0, 0, 0, 0, 0, 0, 0, 0, 0, 0, 0, 0, 0, 0, 0, 0, 0]",300,256,76800.0,614416.0,4679511524,4679781409,4679523477,4679784466,0,368411,115006,710380,3,33402,7584,4,160,160,1
35,1,"[4, 4, 192, 10, 10, 0, 0, 0, 0, 0, 0, 0, 0, 0, 0, 4, 4, 192, 10, 10, 0, 0, 0, 0, 0, 0, 0, 0, 0, 0]",150,128,76800.0,921600.0,4679889996,4679899511,4679899472,4679903536,0,274588,274588,710381,1,9515,4064,4,160,160,1
203,1,"[4, 192, 10, 10, 768, 10, 10, 1, 1, 0, 0, 1, 1, 1, 1, 1, 4, 0, 0, 0, 0, 0, 0, 0, 0, 0, 0, 0, 0, 0]",24,256,117964800.0,2125824.0,4680164229,4680190591,4680178124,4680233036,32768,192990,182462,710382,2,24048,44384,4,160,160,1
205,1,"[4, 0, 0, 0, 0, 0, 0, 0, 0, 0, 0, 0, 0, 0, 0, 4, 0, 0, 0, 0, 0, 0, 0, 0, 0, 0, 0, 0, 0, 0]",768,512,2457600.0,4915200.0,4680404919,4680780353,4680415498,4680809733,144,535768,173373,710383,2,23367,31840,4,160,160,1
159,1,"[4, 4, 768, 10, 10, 0, 0, 0, 0, 0, 0, 0, 0, 0, 0, 0, 0, 0, 0, 0, 0, 0, 0, 0, 0, 0, 0, 0, 0, 0]",600,128,0.0,0.0,4680974733,4680983479,4680983106,4680988002,0,201694,201694,710384,1,8746,4896,4,160,160,1
203,1,"[4, 768, 10, 10, 768, 10, 10, 3, 3, 1, 1, 1, 1, 1, 1, 768, 4, 0, 0, 0, 0, 0, 0, 0, 0, 0, 0, 0, 0, 0]",300,1024,0.0,0.0,4681178139,4681193157,4681189696,4681209024,0,175101,175101,710386,1,15018,19328,4,160,160,1
205,1,"[4, 0, 0, 0, 0, 0, 0, 0, 0, 0, 0, 0, 0, 0, 0, 4, 0, 0, 0, 0, 0, 0, 0, 0, 0, 0, 0, 0, 0, 0]",768,512,2457600.0,4915200.0,4681374019,4681743061,4681384125,4681772440,144,530777,174366,710387,2,23004,31904,4,160,160,1
159,1,"[4, 4, 768, 10, 10, 0, 0, 0, 0, 0, 0, 0, 0, 0, 0, 0, 0, 0, 0, 0, 0, 0, 0, 0, 0, 0, 0, 0, 0, 0]",600,128,0.0,0.0,4681938536,4681947217,4681946806,4681952150,0,171102,171102,710388,1,8681,5344,4,160,160,1
199,1,"[4, 4, 768, 10, 10, 0, 0, 0, 0, 0, 0, 0, 0, 0, 0, 0, 0, 0, 0, 0, 0, 0, 0, 0, 0, 0, 0, 0, 0, 0]",192,512,0.0,0.0,4682112272,4682123432,4682123252,4682132500,16,251869,251869,710390,1,11160,9248,4,160,160,1
203,1,"[4, 768, 1, 1, 48, 1, 1, 1, 1, 0, 0, 1, 1, 1, 1, 1, 4, 0, 0, 0, 0, 0, 0, 0, 0, 0, 0, 0, 0, 0]",1152,128,294912.0,160512.0,4682371251,4682492396,4682384369,4682514447,12288,185149,206813,710391,5,40553,151742,4,160,160,1
159,1,"[4, 4, 48, 1, 1, 0, 0, 0, 0, 0, 0, 0, 0, 0, 0, 0, 0, 0, 0, 0, 0, 0, 0, 0, 0, 0, 0, 0, 0, 0]",1,128,0.0,0.0,4682713199,4682721599,4682721260,4682723885,0,253916,253916,710392,1,8400,2625,4,160,160,1
203,1,"[4, 48, 1, 1, 768, 1, 1, 1, 1, 0, 0, 1, 1, 1, 1, 1, 4, 0, 0, 0, 0, 0, 0, 0, 0, 0, 0, 0, 0, 0]",24,128,0.0,0.0,4682964812,4683016031,4682977801,4683019305,2304,205501,173885,710394,2,21908,9888,4,160,160,1
156,1,"[4, 4, 768, 1, 1, 0, 0, 0, 0, 0, 0, 0, 0, 0, 0, 0, 0, 0, 0, 0, 0, 0, 0, 0, 0, 0, 0, 0, 0, 0]",6,128,61440.0,24576.0,4683183501,4683193497,4683193190,4683195911,0,331675,331675,710395,1,9996,2721,4,160,160,1
23,1,"[4, 4, 768, 1, 1, 0, 0, 0, 0, 0, 0, 0, 0, 0, 0, 4, 4, 768, 10, 10, 0, 0, 0, 0, 0, 0, 0, 0, 0, 0]",1200,128,307200.0,2469888.0,4683514888,4683527981,4683527586,4683536418,0,281340,281340,710396,1,13093,8832,4,160,160,1
203,1,"[4, 768, 10, 10, 192, 10, 10, 1, 1, 0, 0, 1, 1, 1, 1, 1, 4, 0, 0, 0, 0, 0, 0, 0, 0, 0, 0, 0, 0, 0]",384,256,117964800.0,2125824.0,4683803511,4683845412,4683817758,4683884381,41472,201023,187902,710397,4,34393,53502,4,160,160,1
205,1,"[4, 0, 0, 0, 0, 0, 0, 0, 0, 0, 0, 0, 0, 0, 0, 4, 0, 0, 0, 0, 0, 0, 0, 0, 0, 0, 0, 0, 0, 0]",192,512,614400.0,1228800.0,4684061663,4684428680,4684072283,4684438519,144,536441,182429,710398,2,23246,12224,4,160,160,1
234,1,"[4, 4, 1, 1, 1, 0, 0, 0, 0, 0, 0, 0, 0, 0, 0, 0, 0, 0, 0, 0, 0, 0, 0, 0, 0, 0, 0, 0, 0, 0]",300,256,76800.0,614416.0,4684609556,4684883737,4684620948,4684886673,0,374812,116606,710399,3,36151,7519,4,160,160,1
35,1,"[4, 4, 192, 10, 10, 0, 0, 0, 0, 0, 0, 0, 0, 0, 0, 4, 4, 192, 10, 10, 0, 0, 0, 0, 0, 0, 0, 0, 0, 0]",150,128,76800.0,921600.0,4684993892,4685003454,4685003279,4685007503,0,277949,277949,710400,1,9562,4224,4,160,160,1
203,1,"[4, 192, 10, 10, 768, 10, 10, 1, 1, 0, 0, 1, 1, 1, 1, 1, 4, 0, 0, 0, 0, 0, 0, 0, 0, 0, 0, 0, 0, 0]",24,256,117964800.0,2125824.0,4685271156,4685294848,4685285452,4685337515,32768,192414,184734,710401,2,21438,44383,4,160,160,1
205,1,"[4, 0, 0, 0, 0, 0, 0, 0, 0, 0, 0, 0, 0, 0, 0, 4, 0, 0, 0, 0, 0, 0, 0, 0, 0, 0, 0, 0, 0, 0]",768,512,2457600.0,4915200.0,4685510628,4685891498,4685522249,4685919940,144,541752,175101,710402,2,24276,31040,4,160,160,1
159,1,"[4, 4, 768, 10, 10, 0, 0, 0, 0, 0, 0, 0, 0, 0, 0, 0, 0, 0, 0, 0, 0, 0, 0, 0, 0, 0, 0, 0, 0, 0]",600,128,0.0,0.0,4686086831,4686095575,4686095041,4686100385,0,198686,198686,710403,1,8744,5344,4,160,160,1
203,1,"[4, 768, 10, 10, 768, 10, 10, 3, 3, 1, 1, 1, 1, 1, 1, 768, 4, 0, 0, 0, 0, 0, 0, 0, 0, 0, 0, 0, 0, 0]",300,1024,0.0,0.0,4686287277,4686299604,4686299071,4686318367,0,170846,170846,710405,1,12327,19296,4,160,160,1
205,1,"[4, 0, 0, 0, 0, 0, 0, 0, 0, 0, 0, 0, 0, 0, 0, 4, 0, 0, 0, 0, 0, 0, 0, 0, 0, 0, 0, 0, 0, 0]",768,512,2457600.0,4915200.0,4686478866,4686846187,4686489213,4686875352,144,528728,174173,710406,2,23655,31584,4,160,160,1
159,1,"[4, 4, 768, 10, 10, 0, 0, 0, 0, 0, 0, 0, 0, 0, 0, 0, 0, 0, 0, 0, 0, 0, 0, 0, 0, 0, 0, 0, 0, 0]",600,128,0.0,0.0,4687040136,4687049911,4687049525,4687054805,0,172510,172510,710407,1,9775,5280,4,160,160,1
199,1,"[4, 4, 768, 10, 10, 0, 0, 0, 0, 0, 0, 0, 0, 0, 0, 0, 0, 0, 0, 0, 0, 0, 0, 0, 0, 0, 0, 0, 0, 0]",192,512,0.0,0.0,4687216367,4687227502,4687227315,4687236659,16,251709,251709,710409,1,11135,9344,4,160,160,1
203,1,"[4, 768, 1, 1, 48, 1, 1, 1, 1, 0, 0, 1, 1, 1, 1, 1, 4, 0, 0, 0, 0, 0, 0, 0, 0, 0, 0, 0, 0, 0]",1152,128,294912.0,160512.0,4687475948,4687594650,4687488368,4687619598,12288,184735,204829,710410,5,39273,151324,4,160,160,1
159,1,"[4, 4, 48, 1, 1, 0, 0, 0, 0, 0, 0, 0, 0, 0, 0, 0, 0, 0, 0, 0, 0, 0, 0, 0, 0, 0, 0, 0, 0, 0]",1,128,0.0,0.0,4687816052,4687824873,4687824427,4687827020,0,253596,253596,710411,1,8821,2593,4,160,160,1
203,1,"[4, 48, 1, 1, 768, 1, 1, 1, 1, 0, 0, 1, 1, 1, 1, 1, 4, 0, 0, 0, 0, 0, 0, 0, 0, 0, 0, 0, 0, 0]",24,128,0.0,0.0,4688068172,4688118581,4688080616,4688121832,2304,203902,172606,710413,2,21283,9920,4,160,160,1
156,1,"[4, 4, 768, 1, 1, 0, 0, 0, 0, 0, 0, 0, 0, 0, 0, 0, 0, 0, 0, 0, 0, 0, 0, 0, 0, 0, 0, 0, 0, 0]",6,128,61440.0,24576.0,4688284359,4688294615,4688294438,4688297157,0,142175,142175,710414,1,10256,2719,4,160,160,1
23,1,"[4, 4, 768, 1, 1, 0, 0, 0, 0, 0, 0, 0, 0, 0, 0, 4, 4, 768, 10, 10, 0, 0, 0, 0, 0, 0, 0, 0, 0, 0]",1200,128,307200.0,2469888.0,4688429655,4688439380,4688439332,4688448068,0,261276,261276,710415,1,9725,8736,4,160,160,1
203,1,"[4, 768, 10, 10, 192, 10, 10, 1, 1, 0, 0, 1, 1, 1, 1, 1, 4, 0, 0, 0, 0, 0, 0, 0, 0, 0, 0, 0, 0, 0]",384,256,117964800.0,2125824.0,4688695525,4688735727,4688709344,4688775264,41472,199261,186877,710416,4,32702,53536,4,160,160,1
205,1,"[4, 0, 0, 0, 0, 0, 0, 0, 0, 0, 0, 0, 0, 0, 0, 4, 0, 0, 0, 0, 0, 0, 0, 0, 0, 0, 0, 0, 0, 0]",192,512,614400.0,1228800.0,4688951445,4689326778,4688962141,4689336377,144,546201,184157,710417,2,23449,12192,4,160,160,1
234,1,"[4, 4, 1, 1, 1, 0, 0, 0, 0, 0, 0, 0, 0, 0, 0, 0, 0, 0, 0, 0, 0, 0, 0, 0, 0, 0, 0, 0, 0, 0]",300,256,76800.0,614416.0,4689508471,4689800692,4689520534,4689803667,0,393659,118014,710418,3,41260,7488,4,160,160,1
35,1,"[4, 4, 192, 10, 10, 0, 0, 0, 0, 0, 0, 0, 0, 0, 0, 4, 4, 192, 10, 10, 0, 0, 0, 0, 0, 0, 0, 0, 0, 0]",150,128,76800.0,921600.0,4689911865,4689921691,4689921681,4689925873,0,278300,278300,710419,1,9826,4192,4,160,160,1
203,1,"[4, 192, 10, 10, 768, 10, 10, 1, 1, 0, 0, 1, 1, 1, 1, 1, 4, 0, 0, 0, 0, 0, 0, 0, 0, 0, 0, 0, 0, 0]",24,256,117964800.0,2125824.0,4690190313,4690213323,4690204173,4690255853,32768,190557,183261,710420,2,20913,44384,4,160,160,1
205,1,"[4, 0, 0, 0, 0, 0, 0, 0, 0, 0, 0, 0, 0, 0, 0, 4, 0, 0, 0, 0, 0, 0, 0, 0, 0, 0, 0, 0, 0, 0]",768,512,2457600.0,4915200.0,4690428072,4690957614,4690439114,4690986532,144,695319,179293,710421,2,25611,31392,4,160,160,1
159,1,"[4, 4, 768, 10, 10, 0, 0, 0, 0, 0, 0, 0, 0, 0, 0, 0, 0, 0, 0, 0, 0, 0, 0, 0, 0, 0, 0, 0, 0, 0]",600,128,0.0,0.0,4691157765,4691166197,4691165825,4691170785,0,204125,204125,710422,1,8432,4960,4,160,160,1
203,1,"[4, 768, 10, 10, 768, 10, 10, 3, 3, 1, 1, 1, 1, 1, 1, 768, 4, 0, 0, 0, 0, 0, 0, 0, 0, 0, 0, 0, 0, 0]",300,1024,0.0,0.0,4691363305,4691375436,4691374910,4691394206,0,169310,169310,710424,1,12131,19296,4,160,160,1
205,1,"[4, 0, 0, 0, 0, 0, 0, 0, 0, 0, 0, 0, 0, 0, 0, 4, 0, 0, 0, 0, 0, 0, 0, 0, 0, 0, 0, 0, 0, 0]",768,512,2457600.0,4915200.0,4691553042,4691925404,4691563516,4691953815,144,539449,179998,710425,2,23385,30848,4,160,160,1
159,1,"[4, 4, 768, 10, 10, 0, 0, 0, 0, 0, 0, 0, 0, 0, 0, 0, 0, 0, 0, 0, 0, 0, 0, 0, 0, 0, 0, 0, 0, 0]",600,128,0.0,0.0,4692125543,4692134098,4692133813,4692139477,0,175261,175261,710426,1,8555,5664,4,160,160,1
199,1,"[4, 4, 768, 10, 10, 0, 0, 0, 0, 0, 0, 0, 0, 0, 0, 0, 0, 0, 0, 0, 0, 0, 0, 0, 0, 0, 0, 0, 0, 0]",192,512,0.0,0.0,4692303924,4692314904,4692314738,4692323986,16,252317,252317,710428,1,10980,9248,4,160,160,1
203,1,"[4, 768, 1, 1, 48, 1, 1, 1, 1, 0, 0, 1, 1, 1, 1, 1, 4, 0, 0, 0, 0, 0, 0, 0, 0, 0, 0, 0, 0, 0]",1152,128,294912.0,160512.0,4692563930,4692683178,4692576303,4692706350,12288,184573,205757,710429,5,39029,151231,4,160,160,1
159,1,"[4, 4, 48, 1, 1, 0, 0, 0, 0, 0, 0, 0, 0, 0, 0, 0, 0, 0, 0, 0, 0, 0, 0, 0, 0, 0, 0, 0, 0, 0]",1,128,0.0,0.0,4692904300,4692912238,4692912107,4692914699,0,247901,247901,710430,1,7938,2592,4,160,160,1
203,1,"[4, 48, 1, 1, 768, 1, 1, 1, 1, 0, 0, 1, 1, 1, 1, 1, 4, 0, 0, 0, 0, 0, 0, 0, 0, 0, 0, 0, 0, 0]",24,128,0.0,0.0,4693150277,4693199265,4693162600,4693202567,2304,203901,173822,710432,2,20709,9888,4,160,160,1
156,1,"[4, 4, 768, 1, 1, 0, 0, 0, 0, 0, 0, 0, 0, 0, 0, 0, 0, 0, 0, 0, 0, 0, 0, 0, 0, 0, 0, 0, 0, 0]",6,128,61440.0,24576.0,4693365748,4693376607,4693376389,4693379045,0,143294,143294,710433,1,10859,2656,4,160,160,1
23,1,"[4, 4, 768, 1, 1, 0, 0, 0, 0, 0, 0, 0, 0, 0, 0, 4, 4, 768, 10, 10, 0, 0, 0, 0, 0, 0, 0, 0, 0, 0]",1200,128,307200.0,2469888.0,4693512559,4693522400,4693522339,4693531203,0,273117,273117,710434,1,9841,8864,4,160,160,1
203,1,"[4, 768, 10, 10, 192, 10, 10, 1, 1, 0, 0, 1, 1, 1, 1, 1, 4, 0, 0, 0, 0, 0, 0, 0, 0, 0, 0, 0, 0, 0]",384,256,117964800.0,2125824.0,4693790212,4693831039,4693804320,4693870431,41472,199261,186814,710435,4,33329,53664,4,160,160,1
205,1,"[4, 0, 0, 0, 0, 0, 0, 0, 0, 0, 0, 0, 0, 0, 0, 4, 0, 0, 0, 0, 0, 0, 0, 0, 0, 0, 0, 0, 0, 0]",192,512,614400.0,1228800.0,4694046294,4694419586,4694057245,4694429496,144,547096,187229,710436,2,23916,12384,4,160,160,1
234,1,"[4, 4, 1, 1, 1, 0, 0, 0, 0, 0, 0, 0, 0, 0, 0, 0, 0, 0, 0, 0, 0, 0, 0, 0, 0, 0, 0, 0, 0, 0]",300,256,76800.0,614416.0,4694604241,4694874539,4694616725,4694877586,0,366844,113535,710437,3,33822,7552,4,160,160,1
35,1,"[4, 4, 192, 10, 10, 0, 0, 0, 0, 0, 0, 0, 0, 0, 0, 4, 4, 192, 10, 10, 0, 0, 0, 0, 0, 0, 0, 0, 0, 0]",150,128,76800.0,921600.0,4694981565,4694991071,4694991121,4694995249,0,272284,272284,710438,1,9506,4128,4,160,160,1
203,1,"[4, 192, 10, 10, 768, 10, 10, 1, 1, 0, 0, 1, 1, 1, 1, 1, 4, 0, 0, 0, 0, 0, 0, 0, 0, 0, 0, 0, 0, 0]",24,256,117964800.0,2125824.0,4695253912,4695276669,4695267533,4695319148,32768,188766,181598,710439,2,20643,44447,4,160,160,1
205,1,"[4, 0, 0, 0, 0, 0, 0, 0, 0, 0, 0, 0, 0, 0, 0, 4, 0, 0, 0, 0, 0, 0, 0, 0, 0, 0, 0, 0, 0, 0]",768,512,2457600.0,4915200.0,4695489789,4695861476,4695500746,4695890117,144,533722,175358,710440,2,23505,31007,4,160,160,1
159,1,"[4, 4, 768, 10, 10, 0, 0, 0, 0, 0, 0, 0, 0, 0, 0, 0, 0, 0, 0, 0, 0, 0, 0, 0, 0, 0, 0, 0, 0, 0]",600,128,0.0,0.0,4696056913,4696065783,4696065475,4696070435,0,198558,198558,710441,1,8870,4960,4,160,160,1
203,1,"[4, 768, 10, 10, 768, 10, 10, 3, 3, 1, 1, 1, 1, 1, 1, 768, 4, 0, 0, 0, 0, 0, 0, 0, 0, 0, 0, 0, 0, 0]",300,1024,0.0,0.0,4696257730,4696269346,4696268993,4696288256,0,172030,172030,710443,1,11616,19263,4,160,160,1
205,1,"[4, 0, 0, 0, 0, 0, 0, 0, 0, 0, 0, 0, 0, 0, 0, 4, 0, 0, 0, 0, 0, 0, 0, 0, 0, 0, 0, 0, 0, 0]",768,512,2457600.0,4915200.0,4696449482,4696815934,4696460286,4696844473,144,530042,176958,710444,2,23332,31103,4,160,160,1
159,1,"[4, 4, 768, 10, 10, 0, 0, 0, 0, 0, 0, 0, 0, 0, 0, 0, 0, 0, 0, 0, 0, 0, 0, 0, 0, 0, 0, 0, 0, 0]",600,128,0.0,0.0,4697013091,4697021804,4697021431,4697026519,0,169758,169758,710445,1,8713,5088,4,160,160,1
199,1,"[4, 4, 768, 10, 10, 0, 0, 0, 0, 0, 0, 0, 0, 0, 0, 0, 0, 0, 0, 0, 0, 0, 0, 0, 0, 0, 0, 0, 0, 0]",192,512,0.0,0.0,4697185910,4697196412,4697196277,4697205525,16,253980,253980,710447,1,10502,9248,4,160,160,1
203,1,"[4, 768, 1, 1, 48, 1, 1, 1, 1, 0, 0, 1, 1, 1, 1, 1, 4, 0, 0, 0, 0, 0, 0, 0, 0, 0, 0, 0, 0, 0]",1152,128,294912.0,160512.0,4697447031,4697564261,4697459505,4697590992,12288,189309,210333,710448,5,40508,152511,4,160,160,1
159,1,"[4, 4, 48, 1, 1, 0, 0, 0, 0, 0, 0, 0, 0, 0, 0, 0, 0, 0, 0, 0, 0, 0, 0, 0, 0, 0, 0, 0, 0, 0]",1,128,0.0,0.0,4697793081,4697801637,4697801325,4697803949,0,256381,256381,710449,1,8556,2624,4,160,160,1
203,1,"[4, 48, 1, 1, 768, 1, 1, 1, 1, 0, 0, 1, 1, 1, 1, 1, 4, 0, 0, 0, 0, 0, 0, 0, 0, 0, 0, 0, 0, 0]",24,128,0.0,0.0,4698047537,4698098064,4698060330,4698101289,2304,202781,171710,710451,2,22201,9888,4,160,160,1
156,1,"[4, 4, 768, 1, 1, 0, 0, 0, 0, 0, 0, 0, 0, 0, 0, 0, 0, 0, 0, 0, 0, 0, 0, 0, 0, 0, 0, 0, 0, 0]",6,128,61440.0,24576.0,4698263243,4698273363,4698272999,4698275687,0,294844,294844,710452,1,10120,2688,4,160,160,1
23,1,"[4, 4, 768, 1, 1, 0, 0, 0, 0, 0, 0, 0, 0, 0, 0, 4, 4, 768, 10, 10, 0, 0, 0, 0, 0, 0, 0, 0, 0, 0]",1200,128,307200.0,2469888.0,4698558170,4698570911,4698570531,4698579331,0,277469,277469,710453,1,12741,8800,4,160,160,1
203,1,"[4, 768, 10, 10, 192, 10, 10, 1, 1, 0, 0, 1, 1, 1, 1, 1, 4, 0, 0, 0, 0, 0, 0, 0, 0, 0, 0, 0, 0, 0]",384,256,117964800.0,2125824.0,4698842530,4698883727,4698856800,4698923039,41472,207484,194685,710454,4,33463,53440,4,160,160,1
205,1,"[4, 0, 0, 0, 0, 0, 0, 0, 0, 0, 0, 0, 0, 0, 0, 4, 0, 0, 0, 0, 0, 0, 0, 0, 0, 0, 0, 0, 0, 0]",192,512,614400.0,1228800.0,4699106717,4699475984,4699117724,4699485560,144,539385,183709,710455,2,24308,12160,4,160,160,1
234,1,"[4, 4, 1, 1, 1, 0, 0, 0, 0, 0, 0, 0, 0, 0, 0, 0, 0, 0, 0, 0, 0, 0, 0, 0, 0, 0, 0, 0, 0, 0]",300,256,76800.0,614416.0,4699657301,4699932018,4699669269,4699935026,0,372985,114782,710456,3,34021,7554,4,160,160,1
35,1,"[4, 4, 192, 10, 10, 0, 0, 0, 0, 0, 0, 0, 0, 0, 0, 4, 4, 192, 10, 10, 0, 0, 0, 0, 0, 0, 0, 0, 0, 0]",150,128,76800.0,921600.0,4700039995,4700052731,4700049808,4700053712,0,279741,279741,710457,1,12736,3904,4,160,160,1
203,1,"[4, 192, 10, 10, 768, 10, 10, 1, 1, 0, 0, 1, 1, 1, 1, 1, 4, 0, 0, 0, 0, 0, 0, 0, 0, 0, 0, 0, 0, 0]",24,256,117964800.0,2125824.0,4700319709,4700342644,4700333453,4700385484,32768,188414,180990,710458,2,20837,44607,4,160,160,1
205,1,"[4, 0, 0, 0, 0, 0, 0, 0, 0, 0, 0, 0, 0, 0, 0, 4, 0, 0, 0, 0, 0, 0, 0, 0, 0, 0, 0, 0, 0, 0]",768,512,2457600.0,4915200.0,4700555819,4700924477,4700566474,4700953221,144,536025,180414,710459,2,23308,31136,4,160,160,1
159,1,"[4, 4, 768, 10, 10, 0, 0, 0, 0, 0, 0, 0, 0, 0, 0, 0, 0, 0, 0, 0, 0, 0, 0, 0, 0, 0, 0, 0, 0, 0]",600,128,0.0,0.0,4701124909,4701133953,4701133635,4701138435,0,201533,201533,710460,1,9044,4800,4,160,160,1
203,1,"[4, 768, 10, 10, 768, 10, 10, 3, 3, 1, 1, 1, 1, 1, 1, 768, 4, 0, 0, 0, 0, 0, 0, 0, 0, 0, 0, 0, 0, 0]",300,1024,0.0,0.0,4701328600,4701340503,4701339968,4701359360,0,171582,171582,710462,1,11903,19392,4,160,160,1
205,1,"[4, 0, 0, 0, 0, 0, 0, 0, 0, 0, 0, 0, 0, 0, 0, 4, 0, 0, 0, 0, 0, 0, 0, 0, 0, 0, 0, 0, 0, 0]",768,512,2457600.0,4915200.0,4701520876,4701895642,4701530942,4701924121,144,540568,178269,710463,2,23114,30880,4,160,160,1
159,1,"[4, 4, 768, 10, 10, 0, 0, 0, 0, 0, 0, 0, 0, 0, 0, 0, 0, 0, 0, 0, 0, 0, 0, 0, 0, 0, 0, 0, 0, 0]",600,128,0.0,0.0,4702092589,4702102568,4702102390,4702107703,0,173117,173117,710464,1,9979,5313,4,160,160,1
199,1,"[4, 4, 768, 10, 10, 0, 0, 0, 0, 0, 0, 0, 0, 0, 0, 0, 0, 0, 0, 0, 0, 0, 0, 0, 0, 0, 0, 0, 0, 0]",192,512,0.0,0.0,4702269794,4702280915,4702280820,4702290164,16,253053,253053,710466,1,11121,9344,4,160,160,1
203,1,"[4, 768, 1, 1, 48, 1, 1, 1, 1, 0, 0, 1, 1, 1, 1, 1, 4, 0, 0, 0, 0, 0, 0, 0, 0, 0, 0, 0, 0, 0]",1152,128,294912.0,160512.0,4702530275,4702652441,4702543217,4702674287,12288,191902,210109,710467,5,44605,149277,4,160,160,1
159,1,"[4, 4, 48, 1, 1, 0, 0, 0, 0, 0, 0, 0, 0, 0, 0, 0, 0, 0, 0, 0, 0, 0, 0, 0, 0, 0, 0, 0, 0, 0]",1,128,0.0,0.0,4702876636,4702884806,4702884396,4702887020,0,252637,252637,710468,1,8170,2624,4,160,160,1
203,1,"[4, 48, 1, 1, 768, 1, 1, 1, 1, 0, 0, 1, 1, 1, 1, 1, 4, 0, 0, 0, 0, 0, 0, 0, 0, 0, 0, 0, 0, 0]",24,128,0.0,0.0,4703126859,4703176915,4703139657,4703179881,2304,207389,177085,710470,2,21621,9920,4,160,160,1
156,1,"[4, 4, 768, 1, 1, 0, 0, 0, 0, 0, 0, 0, 0, 0, 0, 0, 0, 0, 0, 0, 0, 0, 0, 0, 0, 0, 0, 0, 0, 0]",6,128,61440.0,24576.0,4703346554,4703357209,4703356966,4703359654,0,145055,145055,710471,1,10655,2688,4,160,160,1
23,1,"[4, 4, 768, 1, 1, 0, 0, 0, 0, 0, 0, 0, 0, 0, 0, 4, 4, 768, 10, 10, 0, 0, 0, 0, 0, 0, 0, 0, 0, 0]",1200,128,307200.0,2469888.0,4703494744,4703504747,4703504709,4703513509,0,262012,262012,710472,1,10003,8800,4,160,160,1
203,1,"[4, 768, 10, 10, 192, 10, 10, 1, 1, 0, 0, 1, 1, 1, 1, 1, 4, 0, 0, 0, 0, 0, 0, 0, 0, 0, 0, 0, 0, 0]",384,256,117964800.0,2125824.0,4703761630,4703802361,4703775521,4703841409,41472,202685,190621,710473,4,33364,53824,4,160,160,1
205,1,"[4, 0, 0, 0, 0, 0, 0, 0, 0, 0, 0, 0, 0, 0, 0, 4, 0, 0, 0, 0, 0, 0, 0, 0, 0, 0, 0, 0, 0, 0]",192,512,614400.0,1228800.0,4704021203,4704394693,4704032030,4704404377,144,546393,186046,710474,2,23793,12000,4,160,160,1
234,1,"[4, 4, 1, 1, 1, 0, 0, 0, 0, 0, 0, 0, 0, 0, 0, 0, 0, 0, 0, 0, 0, 0, 0, 0, 0, 0, 0, 0, 0, 0]",300,256,76800.0,614416.0,4704578569,4704847108,4704590423,4704850323,0,365211,112831,710475,3,33642,7520,4,160,160,1
35,1,"[4, 4, 192, 10, 10, 0, 0, 0, 0, 0, 0, 0, 0, 0, 0, 4, 4, 192, 10, 10, 0, 0, 0, 0, 0, 0, 0, 0, 0, 0]",150,128,76800.0,921600.0,4704953419,4704963196,4704963154,4704966994,0,270877,270877,710476,1,9777,3840,4,160,160,1
203,1,"[4, 192, 10, 10, 768, 10, 10, 1, 1, 0, 0, 1, 1, 1, 1, 1, 4, 0, 0, 0, 0, 0, 0, 0, 0, 0, 0, 0, 0, 0]",24,256,117964800.0,2125824.0,4705224533,4705246866,4705237871,4705290094,32768,192030,184222,710477,2,20206,44415,4,160,160,1
205,1,"[4, 0, 0, 0, 0, 0, 0, 0, 0, 0, 0, 0, 0, 0, 0, 4, 0, 0, 0, 0, 0, 0, 0, 0, 0, 0, 0, 0, 0, 0]",768,512,2457600.0,4915200.0,4705463231,4705996654,4705474316,4706025253,144,700887,181086,710478,2,25838,31136,4,160,160,1
159,1,"[4, 4, 768, 10, 10, 0, 0, 0, 0, 0, 0, 0, 0, 0, 0, 0, 0, 0, 0, 0, 0, 0, 0, 0, 0, 0, 0, 0, 0, 0]",600,128,0.0,0.0,4706197878,4706206797,4706206339,4706211235,0,196893,196893,710479,1,8919,4896,4,160,160,1
203,1,"[4, 768, 10, 10, 768, 10, 10, 3, 3, 1, 1, 1, 1, 1, 1, 768, 4, 0, 0, 0, 0, 0, 0, 0, 0, 0, 0, 0, 0, 0]",300,1024,0.0,0.0,4706396490,4706408938,4706408128,4706427520,0,171902,171902,710481,1,12448,19392,4,160,160,1
205,1,"[4, 0, 0, 0, 0, 0, 0, 0, 0, 0, 0, 0, 0, 0, 0, 4, 0, 0, 0, 0, 0, 0, 0, 0, 0, 0, 0, 0, 0, 0]",768,512,2457600.0,4915200.0,4706588733,4706955657,4706599422,4706984665,144,526584,172765,710482,2,23985,31424,4,160,160,1
159,1,"[4, 4, 768, 10, 10, 0, 0, 0, 0, 0, 0, 0, 0, 0, 0, 0, 0, 0, 0, 0, 0, 0, 0, 0, 0, 0, 0, 0, 0, 0]",600,128,0.0,0.0,4707149080,4707157784,4707157430,4707162710,0,168350,168350,710483,1,8704,5280,4,160,160,1
199,1,"[4, 4, 768, 10, 10, 0, 0, 0, 0, 0, 0, 0, 0, 0, 0, 0, 0, 0, 0, 0, 0, 0, 0, 0, 0, 0, 0, 0, 0, 0]",192,512,0.0,0.0,4707320562,4707331225,4707331060,4707340404,16,251901,251901,710485,1,10663,9344,4,160,160,1
203,1,"[4, 768, 1, 1, 48, 1, 1, 1, 1, 0, 0, 1, 1, 1, 1, 1, 4, 0, 0, 0, 0, 0, 0, 0, 0, 0, 0, 0, 0, 0]",1152,128,294912.0,160512.0,4707579585,4707694646,4707592305,4707723151,12288,186590,208413,710486,5,40228,152669,4,160,160,1
159,1,"[4, 4, 48, 1, 1, 0, 0, 0, 0, 0, 0, 0, 0, 0, 0, 0, 0, 0, 0, 0, 0, 0, 0, 0, 0, 0, 0, 0, 0, 0]",1,128,0.0,0.0,4707923562,4707931910,4707931564,4707934188,0,253437,253437,710487,1,8348,2624,4,160,160,1
203,1,"[4, 48, 1, 1, 768, 1, 1, 1, 1, 0, 0, 1, 1, 1, 1, 1, 4, 0, 0, 0, 0, 0, 0, 0, 0, 0, 0, 0, 0, 0]",24,128,0.0,0.0,4708175276,4708224388,4708187625,4708227465,2304,202110,172126,710489,2,20744,9856,4,160,160,1
156,1,"[4, 4, 768, 1, 1, 0, 0, 0, 0, 0, 0, 0, 0, 0, 0, 0, 0, 0, 0, 0, 0, 0, 0, 0, 0, 0, 0, 0, 0, 0]",6,128,61440.0,24576.0,4708389071,4708399906,4708399591,4708402342,0,143231,143231,710490,1,10835,2751,4,160,160,1
23,1,"[4, 4, 768, 1, 1, 0, 0, 0, 0, 0, 0, 0, 0, 0, 0, 4, 4, 768, 10, 10, 0, 0, 0, 0, 0, 0, 0, 0, 0, 0]",1200,128,307200.0,2469888.0,4708535531,4708545862,4708545573,4708554437,0,261596,261596,710491,1,10331,8864,4,160,160,1
203,1,"[4, 768, 10, 10, 192, 10, 10, 1, 1, 0, 0, 1, 1, 1, 1, 1, 4, 0, 0, 0, 0, 0, 0, 0, 0, 0, 0, 0, 0, 0]",384,256,117964800.0,2125824.0,4708802039,4708845494,4708816033,4708881441,41472,207486,195613,710492,4,35948,53535,4,160,160,1
205,1,"[4, 0, 0, 0, 0, 0, 0, 0, 0, 0, 0, 0, 0, 0, 0, 4, 0, 0, 0, 0, 0, 0, 0, 0, 0, 0, 0, 0, 0, 0]",192,512,614400.0,1228800.0,4709065654,4709436004,4709077054,4709445753,144,538681,182366,710493,2,23412,12384,4,160,160,1
234,1,"[4, 4, 1, 1, 1, 0, 0, 0, 0, 0, 0, 0, 0, 0, 0, 0, 0, 0, 0, 0, 0, 0, 0, 0, 0, 0, 0, 0, 0, 0]",300,256,76800.0,614416.0,4709616206,4709898977,4709628119,4709902068,0,382010,115614,710494,3,34486,7553,4,160,160,1
35,1,"[4, 4, 192, 10, 10, 0, 0, 0, 0, 0, 0, 0, 0, 0, 0, 4, 4, 192, 10, 10, 0, 0, 0, 0, 0, 0, 0, 0, 0, 0]",150,128,76800.0,921600.0,4710007845,4710017910,4710017682,4710021842,0,273469,273469,710495,1,10065,4160,4,160,160,1
203,1,"[4, 192, 10, 10, 768, 10, 10, 1, 1, 0, 0, 1, 1, 1, 1, 1, 4, 0, 0, 0, 0, 0, 0, 0, 0, 0, 0, 0, 0, 0]",24,256,117964800.0,2125824.0,4710281494,4710304272,4710295311,4710347086,32768,193503,186302,710496,2,20705,44574,4,160,160,1
205,1,"[4, 0, 0, 0, 0, 0, 0, 0, 0, 0, 0, 0, 0, 0, 0, 4, 0, 0, 0, 0, 0, 0, 0, 0, 0, 0, 0, 0, 0, 0]",768,512,2457600.0,4915200.0,4710522501,4710894130,4710533388,4710923111,144,532505,174365,710497,2,23705,31583,4,160,160,1
159,1,"[4, 4, 768, 10, 10, 0, 0, 0, 0, 0, 0, 0, 0, 0, 0, 0, 0, 0, 0, 0, 0, 0, 0, 0, 0, 0, 0, 0, 0, 0]",600,128,0.0,0.0,4711089397,4711097942,4711097476,4711102308,0,199070,199070,710498,1,8545,4832,4,160,160,1
203,1,"[4, 768, 10, 10, 768, 10, 10, 3, 3, 1, 1, 1, 1, 1, 1, 768, 4, 0, 0, 0, 0, 0, 0, 0, 0, 0, 0, 0, 0, 0]",300,1024,0.0,0.0,4711290123,4711301893,4711301378,4711320706,0,169853,169853,710500,1,11770,19328,4,160,160,1
205,1,"[4, 0, 0, 0, 0, 0, 0, 0, 0, 0, 0, 0, 0, 0, 0, 4, 0, 0, 0, 0, 0, 0, 0, 0, 0, 0, 0, 0, 0, 0]",768,512,2457600.0,4915200.0,4711480103,4711848181,4711490559,4711873883,144,530712,178269,710501,2,26083,30881,4,160,160,1
159,1,"[4, 4, 768, 10, 10, 0, 0, 0, 0, 0, 0, 0, 0, 0, 0, 0, 0, 0, 0, 0, 0, 0, 0, 0, 0, 0, 0, 0, 0, 0]",600,128,0.0,0.0,4712043900,4712052570,4712052152,4712057016,0,171390,171390,710502,1,8670,4864,4,160,160,1
199,1,"[4, 4, 768, 10, 10, 0, 0, 0, 0, 0, 0, 0, 0, 0, 0, 0, 0, 0, 0, 0, 0, 0, 0, 0, 0, 0, 0, 0, 0, 0]",192,512,0.0,0.0,4712217675,4712228627,4712228406,4712237686,16,252348,252348,710504,1,10952,9280,4,160,160,1
203,1,"[4, 768, 1, 1, 48, 1, 1, 1, 1, 0, 0, 1, 1, 1, 1, 1, 4, 0, 0, 0, 0, 0, 0, 0, 0, 0, 0, 0, 0, 0]",1152,128,294912.0,160512.0,4712477443,4712595503,4712490034,4712621457,12288,184350,204957,710505,5,42620,152030,4,160,160,1
159,1,"[4, 4, 48, 1, 1, 0, 0, 0, 0, 0, 0, 0, 0, 0, 0, 0, 0, 0, 0, 0, 0, 0, 0, 0, 0, 0, 0, 0, 0, 0]",1,128,0.0,0.0,4712818070,4712826711,4712826414,4712829006,0,250397,250397,710506,1,8641,2592,4,160,160,1
203,1,"[4, 48, 1, 1, 768, 1, 1, 1, 1, 0, 0, 1, 1, 1, 1, 1, 4, 0, 0, 0, 0, 0, 0, 0, 0, 0, 0, 0, 0, 0]",24,128,0.0,0.0,4713066827,4713119238,4713079403,4713119499,2304,208637,178397,710508,2,24304,9856,4,160,160,1
156,1,"[4, 4, 768, 1, 1, 0, 0, 0, 0, 0, 0, 0, 0, 0, 0, 0, 0, 0, 0, 0, 0, 0, 0, 0, 0, 0, 0, 0, 0, 0]",6,128,61440.0,24576.0,4713287243,4713298112,4713297896,4713300616,0,296156,296156,710509,1,10869,2720,4,160,160,1
23,1,"[4, 4, 768, 1, 1, 0, 0, 0, 0, 0, 0, 0, 0, 0, 0, 4, 4, 768, 10, 10, 0, 0, 0, 0, 0, 0, 0, 0, 0, 0]",1200,128,307200.0,2469888.0,4713584162,4713597002,4713596772,4713605509,0,288348,288348,710510,1,12840,8737,4,160,160,1
203,1,"[4, 768, 10, 10, 192, 10, 10, 1, 1, 0, 0, 1, 1, 1, 1, 1, 4, 0, 0, 0, 0, 0, 0, 0, 0, 0, 0, 0, 0, 0]",384,256,117964800.0,2125824.0,4713879771,4713921068,4713893857,4713960256,41472,199838,187102,710511,4,33706,53663,4,160,160,1
205,1,"[4, 0, 0, 0, 0, 0, 0, 0, 0, 0, 0, 0, 0, 0, 0, 4, 0, 0, 0, 0, 0, 0, 0, 0, 0, 0, 0, 0, 0, 0]",192,512,614400.0,1228800.0,4714136549,4714509781,4714147358,4714519673,144,543800,183837,710512,2,23882,12352,4,160,160,1
234,1,"[4, 4, 1, 1, 1, 0, 0, 0, 0, 0, 0, 0, 0, 0, 0, 0, 0, 0, 0, 0, 0, 0, 0, 0, 0, 0, 0, 0, 0, 0]",300,256,76800.0,614416.0,4714691781,4714967050,4714703510,4714970003,0,375484,116671,710513,3,33525,7680,4,160,160,1
35,1,"[4, 4, 192, 10, 10, 0, 0, 0, 0, 0, 0, 0, 0, 0, 0, 4, 4, 192, 10, 10, 0, 0, 0, 0, 0, 0, 0, 0, 0, 0]",150,128,76800.0,921600.0,4715076438,4715086680,4715086674,4715090514,0,271164,271164,710514,1,10242,3840,4,160,160,1
203,1,"[4, 192, 10, 10, 768, 10, 10, 1, 1, 0, 0, 1, 1, 1, 1, 1, 4, 0, 0, 0, 0, 0, 0, 0, 0, 0, 0, 0, 0, 0]",24,256,117964800.0,2125824.0,4715347617,4715373993,4715361678,4715416749,32768,191742,181214,710515,2,21461,44543,4,160,160,1
205,1,"[4, 0, 0, 0, 0, 0, 0, 0, 0, 0, 0, 0, 0, 0, 0, 4, 0, 0, 0, 0, 0, 0, 0, 0, 0, 0, 0, 0, 0, 0]",768,512,2457600.0,4915200.0,4715587008,4715957225,4715597963,4715986502,144,528474,171838,710516,2,23876,31903,4,160,160,1
159,1,"[4, 4, 768, 10, 10, 0, 0, 0, 0, 0, 0, 0, 0, 0, 0, 0, 0, 0, 0, 0, 0, 0, 0, 0, 0, 0, 0, 0, 0, 0]",600,128,0.0,0.0,4716149910,4716158729,4716158340,4716163172,0,201630,201630,710517,1,8819,4832,4,160,160,1
203,1,"[4, 768, 10, 10, 768, 10, 10, 3, 3, 1, 1, 1, 1, 1, 1, 768, 4, 0, 0, 0, 0, 0, 0, 0, 0, 0, 0, 0, 0, 0]",300,1024,0.0,0.0,4716353022,4716368307,4716364802,4716384161,0,176990,176990,710519,1,15285,19359,4,160,160,1
205,1,"[4, 0, 0, 0, 0, 0, 0, 0, 0, 0, 0, 0, 0, 0, 0, 4, 0, 0, 0, 0, 0, 0, 0, 0, 0, 0, 0, 0, 0, 0]",768,512,2457600.0,4915200.0,4716550915,4716921963,4716561151,4716950938,144,533561,175134,710520,2,23596,31360,4,160,160,1
159,1,"[4, 4, 768, 10, 10, 0, 0, 0, 0, 0, 0, 0, 0, 0, 0, 0, 0, 0, 0, 0, 0, 0, 0, 0, 0, 0, 0, 0, 0, 0]",600,128,0.0,0.0,4717117939,4717126452,4717126072,4717131192,0,171709,171709,710521,1,8513,5120,4,160,160,1
199,1,"[4, 4, 768, 10, 10, 0, 0, 0, 0, 0, 0, 0, 0, 0, 0, 0, 0, 0, 0, 0, 0, 0, 0, 0, 0, 0, 0, 0, 0, 0]",192,512,0.0,0.0,4717292317,4717303113,4717302901,4717312214,16,262940,262940,710523,1,10796,9313,4,160,160,1
203,1,"[4, 768, 1, 1, 48, 1, 1, 1, 1, 0, 0, 1, 1, 1, 1, 1, 4, 0, 0, 0, 0, 0, 0, 0, 0, 0, 0, 0, 0, 0]",1152,128,294912.0,160512.0,4717562558,4717689004,4717575154,4717705904,12288,195804,215102,710524,5,43138,150048,4,160,160,1
159,1,"[4, 4, 48, 1, 1, 0, 0, 0, 0, 0, 0, 0, 0, 0, 0, 0, 0, 0, 0, 0, 0, 0, 0, 0, 0, 0, 0, 0, 0, 0]",1,128,0.0,0.0,4717913147,4717921307,4717921006,4717923598,0,251357,251357,710525,1,8160,2592,4,160,160,1
203,1,"[4, 48, 1, 1, 768, 1, 1, 1, 1, 0, 0, 1, 1, 1, 1, 1, 4, 0, 0, 0, 0, 0, 0, 0, 0, 0, 0, 0, 0, 0]",24,128,0.0,0.0,4718162499,4718211934,4718174955,4718215210,2304,203646,173438,710527,2,20737,10047,4,160,160,1
156,1,"[4, 4, 768, 1, 1, 0, 0, 0, 0, 0, 0, 0, 0, 0, 0, 0, 0, 0, 0, 0, 0, 0, 0, 0, 0, 0, 0, 0, 0, 0]",6,128,61440.0,24576.0,4718378472,4718388797,4718388648,4718391336,0,144062,144062,710528,1,10325,2688,4,160,160,1
23,1,"[4, 4, 768, 1, 1, 0, 0, 0, 0, 0, 0, 0, 0, 0, 0, 4, 4, 768, 10, 10, 0, 0, 0, 0, 0, 0, 0, 0, 0, 0]",1200,128,307200.0,2469888.0,4718525483,4718535338,4718535398,4718544198,0,260892,260892,710529,1,9855,8800,4,160,160,1
203,1,"[4, 768, 10, 10, 192, 10, 10, 1, 1, 0, 0, 1, 1, 1, 1, 1, 4, 0, 0, 0, 0, 0, 0, 0, 0, 0, 0, 0, 0, 0]",384,256,117964800.0,2125824.0,4718791584,4718835445,4718805090,4718874818,41472,204190,187933,710530,4,36193,53471,4,160,160,1
205,1,"[4, 0, 0, 0, 0, 0, 0, 0, 0, 0, 0, 0, 0, 0, 0, 4, 0, 0, 0, 0, 0, 0, 0, 0, 0, 0, 0, 0, 0, 0]",192,512,614400.0,1228800.0,4719052196,4719425450,4719062751,4719435067,144,545977,185629,710531,2,23615,11968,4,160,160,1
234,1,"[4, 4, 1, 1, 1, 0, 0, 0, 0, 0, 0, 0, 0, 0, 0, 0, 0, 0, 0, 0, 0, 0, 0, 0, 0, 0, 0, 0, 0, 0]",300,256,76800.0,614416.0,4719608865,4719882959,4719620696,4719885973,0,373210,115454,710532,3,36678,7521,4,160,160,1
35,1,"[4, 4, 192, 10, 10, 0, 0, 0, 0, 0, 0, 0, 0, 0, 0, 4, 4, 192, 10, 10, 0, 0, 0, 0, 0, 0, 0, 0, 0, 0]",150,128,76800.0,921600.0,4719990702,4720001416,4720001427,4720005491,0,275485,275485,710533,1,10714,4064,4,160,160,1
203,1,"[4, 192, 10, 10, 1152, 10, 10, 1, 1, 0, 0, 1, 1, 1, 1, 1, 4, 0, 0, 0, 0, 0, 0, 0, 0, 0, 0, 0, 0, 0]",36,256,176947200.0,3035136.0,4720267001,4720290081,4720280976,4720333199,32768,188574,181246,710534,2,20944,44895,4,160,160,1
205,1,"[4, 0, 0, 0, 0, 0, 0, 0, 0, 0, 0, 0, 0, 0, 0, 4, 0, 0, 0, 0, 0, 0, 0, 0, 0, 0, 0, 0, 0, 0]",1152,512,3686400.0,7372800.0,4720503445,4721027460,4720514445,4721069414,144,679703,169246,710535,2,25476,44512,4,160,160,1
159,1,"[4, 4, 1152, 10, 10, 0, 0, 0, 0, 0, 0, 0, 0, 0, 0, 0, 0, 0, 0, 0, 0, 0, 0, 0, 0, 0, 0, 0, 0, 0]",900,128,0.0,0.0,4721229993,4721238994,4721238660,4721245060,0,198589,198589,710536,1,9001,6400,4,160,160,1
203,1,"[4, 1152, 10, 10, 1152, 10, 10, 3, 3, 1, 1, 1, 1, 1, 1, 1152, 4, 0, 0, 0, 0, 0, 0, 0, 0, 0, 0, 0, 0, 0]",450,1024,0.0,0.0,4721431544,4721444205,4721443649,4721471169,0,161918,161918,710538,1,12661,27520,4,160,160,1
205,1,"[4, 0, 0, 0, 0, 0, 0, 0, 0, 0, 0, 0, 0, 0, 0, 4, 0, 0, 0, 0, 0, 0, 0, 0, 0, 0, 0, 0, 0, 0]",1152,512,3686400.0,7372800.0,4721622394,4721997823,4721633087,4722041561,144,519098,156894,710539,2,24330,46270,4,160,160,1
159,1,"[4, 4, 1152, 10, 10, 0, 0, 0, 0, 0, 0, 0, 0, 0, 0, 0, 0, 0, 0, 0, 0, 0, 0, 0, 0, 0, 0, 0, 0, 0]",900,128,0.0,0.0,4722190047,4722198681,4722198455,4722205047,0,168638,168638,710540,1,8634,6592,4,160,160,1
199,1,"[4, 4, 1152, 10, 10, 0, 0, 0, 0, 0, 0, 0, 0, 0, 0, 0, 0, 0, 0, 0, 0, 0, 0, 0, 0, 0, 0, 0, 0, 0]",288,512,0.0,0.0,4722362698,4722373777,4722373685,4722385397,16,238781,238781,710542,1,11079,11712,4,160,160,1
203,1,"[4, 1152, 1, 1, 48, 1, 1, 1, 1, 0, 0, 1, 1, 1, 1, 1, 4, 0, 0, 0, 0, 0, 0, 0, 0, 0, 0, 0, 0, 0]",1152,128,0.0,0.0,4722611456,4722673961,4722624178,4722697585,4608,210398,202174,710543,3,29491,65183,4,160,160,1
159,1,"[4, 4, 48, 1, 1, 0, 0, 0, 0, 0, 0, 0, 0, 0, 0, 0, 0, 0, 0, 0, 0, 0, 0, 0, 0, 0, 0, 0, 0, 0]",1,128,0.0,0.0,4722891755,4722900119,4722899759,4722902350,0,247773,247773,710544,1,8364,2591,4,160,160,1
203,1,"[4, 48, 1, 1, 1152, 1, 1, 1, 1, 0, 0, 1, 1, 1, 1, 1, 4, 0, 0, 0, 0, 0, 0, 0, 0, 0, 0, 0, 0, 0]",36,128,0.0,0.0,4723138142,4723186892,4723150123,4723190123,2304,202014,171838,710546,2,20429,9824,4,160,160,1
156,1,"[4, 4, 1152, 1, 1, 0, 0, 0, 0, 0, 0, 0, 0, 0, 0, 0, 0, 0, 0, 0, 0, 0, 0, 0, 0, 0, 0, 0, 0, 0]",9,128,92160.0,36864.0,4723351985,4723362231,4723361961,4723364649,0,141822,141822,710547,1,10246,2688,4,160,160,1
23,1,"[4, 4, 1152, 1, 1, 0, 0, 0, 0, 0, 0, 0, 0, 0, 0, 4, 4, 1152, 10, 10, 0, 0, 0, 0, 0, 0, 0, 0, 0, 0]",1800,128,460800.0,3704832.0,4723496297,4723506590,4723506471,4723514759,0,269468,269468,710548,1,10293,8288,4,160,160,1
203,1,"[4, 1152, 10, 10, 224, 10, 10, 1, 1, 0, 0, 1, 1, 1, 1, 1, 4, 0, 0, 0, 0, 0, 0, 0, 0, 0, 0, 0, 0, 0]",16,256,206438400.0,3233792.0,4723770039,4723827539,4723784227,4723944929,32768,151999,113727,710549,3,30369,122430,4,160,160,1
205,1,"[4, 0, 0, 0, 0, 0, 0, 0, 0, 0, 0, 0, 0, 0, 0, 4, 0, 0, 0, 0, 0, 0, 0, 0, 0, 0, 0, 0, 0, 0]",224,512,716800.0,1433600.0,4724047462,4724414110,4724058656,4724424507,144,636472,283101,710550,2,23665,12480,4,160,160,1
203,1,"[4, 224, 10, 10, 1344, 10, 10, 1, 1, 0, 0, 1, 1, 1, 1, 1, 4, 0, 0, 0, 0, 0, 0, 0, 0, 0, 0, 0, 0, 0]",44,256,240844800.0,3713024.0,4724693210,4724716427,4724707608,4724802295,32768,149214,142462,710551,2,21164,87935,4,160,160,1
205,1,"[4, 0, 0, 0, 0, 0, 0, 0, 0, 0, 0, 0, 0, 0, 0, 4, 0, 0, 0, 0, 0, 0, 0, 0, 0, 0, 0, 0, 0, 0]",1344,512,4300800.0,8601600.0,4724933399,4725301101,4724944757,4725351152,144,506232,152925,710552,2,23655,53088,4,160,160,1
159,1,"[4, 4, 1344, 10, 10, 0, 0, 0, 0, 0, 0, 0, 0, 0, 0, 0, 0, 0, 0, 0, 0, 0, 0, 0, 0, 0, 0, 0, 0, 0]",1050,128,0.0,0.0,4725494961,4725503734,4725504077,4725512302,0,201181,201181,710553,1,8773,8225,4,160,160,1
203,1,"[4, 1344, 10, 10, 1344, 10, 10, 3, 3, 1, 1, 1, 1, 1, 1, 1344, 4, 0, 0, 0, 0, 0, 0, 0, 0, 0, 0, 0, 0, 0]",525,1024,0.0,0.0,4725701045,4725714078,4725713483,4725745515,0,162814,162814,710555,1,13033,32032,4,160,160,1
205,1,"[4, 0, 0, 0, 0, 0, 0, 0, 0, 0, 0, 0, 0, 0, 0, 4, 0, 0, 0, 0, 0, 0, 0, 0, 0, 0, 0, 0, 0, 0]",1344,512,4300800.0,8601600.0,4725898010,4726262345,4725908329,4726314339,144,501018,149790,710556,2,23292,54782,4,160,160,1
159,1,"[4, 4, 1344, 10, 10, 0, 0, 0, 0, 0, 0, 0, 0, 0, 0, 0, 0, 0, 0, 0, 0, 0, 0, 0, 0, 0, 0, 0, 0, 0]",1050,128,0.0,0.0,4726455717,4726464339,4726464129,4726472673,0,166526,166526,710557,1,8622,8544,4,160,160,1
199,1,"[4, 4, 1344, 10, 10, 0, 0, 0, 0, 0, 0, 0, 0, 0, 0, 0, 0, 0, 0, 0, 0, 0, 0, 0, 0, 0, 0, 0, 0, 0]",336,512,0.0,0.0,4726628371,4726639371,4726639199,4726652223,16,239357,239357,710559,1,11000,13024,4,160,160,1
203,1,"[4, 1344, 1, 1, 56, 1, 1, 1, 1, 0, 0, 1, 1, 1, 1, 1, 4, 0, 0, 0, 0, 0, 0, 0, 0, 0, 0, 0, 0, 0]",1344,128,0.0,0.0,4726879001,4726939593,4726891580,4726972251,4608,195934,189214,710560,3,28045,73951,4,160,160,1
159,1,"[4, 4, 56, 1, 1, 0, 0, 0, 0, 0, 0, 0, 0, 0, 0, 0, 0, 0, 0, 0, 0, 0, 0, 0, 0, 0, 0, 0, 0, 0]",1,128,0.0,0.0,4727153422,4727161660,4727161465,4727164088,0,248445,248445,710561,1,8238,2623,4,160,160,1
203,1,"[4, 56, 1, 1, 1344, 1, 1, 1, 1, 0, 0, 1, 1, 1, 1, 1, 4, 0, 0, 0, 0, 0, 0, 0, 0, 0, 0, 0, 0, 0]",42,128,0.0,0.0,4727400129,4727449671,4727412533,4727452885,2304,200509,171293,710563,2,20908,11136,4,160,160,1
156,1,"[4, 4, 1344, 1, 1, 0, 0, 0, 0, 0, 0, 0, 0, 0, 0, 0, 0, 0, 0, 0, 0, 0, 0, 0, 0, 0, 0, 0, 0, 0]",11,128,107520.0,43008.0,4727613854,4727624281,4727624178,4727626931,0,143486,143486,710564,1,10427,2753,4,160,160,1
23,1,"[4, 4, 1344, 1, 1, 0, 0, 0, 0, 0, 0, 0, 0, 0, 0, 4, 4, 1344, 10, 10, 0, 0, 0, 0, 0, 0, 0, 0, 0, 0]",2100,128,537600.0,4322304.0,4727760437,4727770449,4727770417,4727781009,0,261468,261468,710565,1,10012,10592,4,160,160,1
203,1,"[4, 1344, 10, 10, 224, 10, 10, 1, 1, 0, 0, 1, 1, 1, 1, 1, 4, 0, 0, 0, 0, 0, 0, 0, 0, 0, 0, 0, 0, 0]",16,256,240844800.0,3713024.0,4728028785,4728074762,4728042477,4728211531,32768,119807,91615,710566,3,27672,140862,4,160,160,1
205,1,"[4, 0, 0, 0, 0, 0, 0, 0, 0, 0, 0, 0, 0, 0, 0, 4, 0, 0, 0, 0, 0, 0, 0, 0, 0, 0, 0, 0, 0, 0]",224,512,716800.0,1433600.0,4728291853,4728820365,4728303146,4728827139,144,701688,190046,710567,2,27840,12351,4,160,160,1
234,1,"[4, 4, 1, 1, 1, 0, 0, 0, 0, 0, 0, 0, 0, 0, 0, 0, 0, 0, 0, 0, 0, 0, 0, 0, 0, 0, 0, 0, 0, 0]",350,256,89600.0,716816.0,4729004947,4729277406,4729017185,4729280990,0,370747,115070,710568,3,34145,8128,4,160,160,1
35,1,"[4, 4, 224, 10, 10, 0, 0, 0, 0, 0, 0, 0, 0, 0, 0, 4, 4, 224, 10, 10, 0, 0, 0, 0, 0, 0, 0, 0, 0, 0]",175,128,89600.0,1075200.0,4729385708,4729396069,4729396060,4729400476,0,279357,279357,710569,1,10361,4416,4,160,160,1
203,1,"[4, 224, 10, 10, 1344, 10, 10, 1, 1, 0, 0, 1, 1, 1, 1, 1, 4, 0, 0, 0, 0, 0, 0, 0, 0, 0, 0, 0, 0, 0]",44,256,240844800.0,3713024.0,4729665533,4729688802,4729679833,4729775415,32768,146366,139230,710570,2,21091,88446,4,160,160,1
205,1,"[4, 0, 0, 0, 0, 0, 0, 0, 0, 0, 0, 0, 0, 0, 0, 4, 0, 0, 0, 0, 0, 0, 0, 0, 0, 0, 0, 0, 0, 0]",1344,512,4300800.0,8601600.0,4729903750,4730278052,4729914645,4730328176,144,512826,151774,710571,2,27053,52479,4,160,160,1
159,1,"[4, 4, 1344, 10, 10, 0, 0, 0, 0, 0, 0, 0, 0, 0, 0, 0, 0, 0, 0, 0, 0, 0, 0, 0, 0, 0, 0, 0, 0, 0]",1050,128,0.0,0.0,4730471694,4730480293,4730479950,4730488622,0,197982,197982,710572,1,8599,8672,4,160,160,1
203,1,"[4, 1344, 10, 10, 1344, 10, 10, 3, 3, 1, 1, 1, 1, 1, 1, 1344, 4, 0, 0, 0, 0, 0, 0, 0, 0, 0, 0, 0, 0, 0]",525,1024,0.0,0.0,4730674969,4730687127,4730686604,4730718635,0,160863,160863,710574,1,12158,32031,4,160,160,1
205,1,"[4, 0, 0, 0, 0, 0, 0, 0, 0, 0, 0, 0, 0, 0, 0, 4, 0, 0, 0, 0, 0, 0, 0, 0, 0, 0, 0, 0, 0, 0]",1344,512,4300800.0,8601600.0,4730869036,4731239011,4730879498,4731290916,144,507610,150558,710575,2,25391,54366,4,160,160,1
159,1,"[4, 4, 1344, 10, 10, 0, 0, 0, 0, 0, 0, 0, 0, 0, 0, 0, 0, 0, 0, 0, 0, 0, 0, 0, 0, 0, 0, 0, 0, 0]",1050,128,0.0,0.0,4731433098,4731441785,4731441474,4731450306,0,166974,166974,710576,1,8687,8832,4,160,160,1
199,1,"[4, 4, 1344, 10, 10, 0, 0, 0, 0, 0, 0, 0, 0, 0, 0, 0, 0, 0, 0, 0, 0, 0, 0, 0, 0, 0, 0, 0, 0, 0]",336,512,0.0,0.0,4731605815,4731616967,4731617280,4731630592,16,235581,235581,710578,1,11152,13312,4,160,160,1
203,1,"[4, 1344, 1, 1, 56, 1, 1, 1, 1, 0, 0, 1, 1, 1, 1, 1, 4, 0, 0, 0, 0, 0, 0, 0, 0, 0, 0, 0, 0, 0]",1344,128,0.0,0.0,4731853845,4731917143,4731866173,4731949692,4608,199356,189629,710579,3,30842,73792,4,160,160,1
159,1,"[4, 4, 56, 1, 1, 0, 0, 0, 0, 0, 0, 0, 0, 0, 0, 0, 0, 0, 0, 0, 0, 0, 0, 0, 0, 0, 0, 0, 0, 0]",1,128,0.0,0.0,4732131463,4732139685,4732139321,4732141977,0,247645,247645,710580,1,8222,2656,4,160,160,1
203,1,"[4, 56, 1, 1, 1344, 1, 1, 1, 1, 0, 0, 1, 1, 1, 1, 1, 4, 0, 0, 0, 0, 0, 0, 0, 0, 0, 0, 0, 0, 0]",42,128,0.0,0.0,4732377656,4732426799,4732389622,4732429974,2304,203005,173789,710582,2,20572,11136,4,160,160,1
156,1,"[4, 4, 1344, 1, 1, 0, 0, 0, 0, 0, 0, 0, 0, 0, 0, 0, 0, 0, 0, 0, 0, 0, 0, 0, 0, 0, 0, 0, 0, 0]",11,128,107520.0,43008.0,4732593239,4732604000,4732603763,4732606484,0,145373,145373,710583,1,10761,2721,4,160,160,1
23,1,"[4, 4, 1344, 1, 1, 0, 0, 0, 0, 0, 0, 0, 0, 0, 0, 4, 4, 1344, 10, 10, 0, 0, 0, 0, 0, 0, 0, 0, 0, 0]",2100,128,537600.0,4322304.0,4732741697,4732751959,4732751857,4732762065,0,262301,262301,710584,1,10262,10208,4,160,160,1
203,1,"[4, 1344, 10, 10, 224, 10, 10, 1, 1, 0, 0, 1, 1, 1, 1, 1, 4, 0, 0, 0, 0, 0, 0, 0, 0, 0, 0, 0, 0, 0]",16,256,240844800.0,3713024.0,4733010975,4733055403,4733024366,4733192364,32768,115935,88831,710585,3,26210,140894,4,160,160,1
205,1,"[4, 0, 0, 0, 0, 0, 0, 0, 0, 0, 0, 0, 0, 0, 0, 4, 0, 0, 0, 0, 0, 0, 0, 0, 0, 0, 0, 0, 0, 0]",224,512,716800.0,1433600.0,4733270724,4733643090,4733281195,4733653222,144,557848,198333,710586,2,23080,12512,4,160,160,1
234,1,"[4, 4, 1, 1, 1, 0, 0, 0, 0, 0, 0, 0, 0, 0, 0, 0, 0, 0, 0, 0, 0, 0, 0, 0, 0, 0, 0, 0, 0, 0]",350,256,89600.0,716816.0,4733839172,4734118209,4733851555,4734121728,0,377979,115871,710587,3,37942,8065,4,160,160,1
35,1,"[4, 4, 224, 10, 10, 0, 0, 0, 0, 0, 0, 0, 0, 0, 0, 4, 4, 224, 10, 10, 0, 0, 0, 0, 0, 0, 0, 0, 0, 0]",175,128,89600.0,1075200.0,4734227048,4734237522,4734237599,4734241854,0,271645,271645,710588,1,10474,4255,4,160,160,1
203,1,"[4, 224, 10, 10, 1344, 10, 10, 1, 1, 0, 0, 1, 1, 1, 1, 1, 4, 0, 0, 0, 0, 0, 0, 0, 0, 0, 0, 0, 0, 0]",44,256,240844800.0,3713024.0,4734499752,4734522620,4734513499,4734608410,32768,146302,138910,710589,2,20688,87519,4,160,160,1
205,1,"[4, 0, 0, 0, 0, 0, 0, 0, 0, 0, 0, 0, 0, 0, 0, 4, 0, 0, 0, 0, 0, 0, 0, 0, 0, 0, 0, 0, 0, 0]",1344,512,4300800.0,8601600.0,4734736357,4735110479,4734747320,4735160147,144,520889,160190,710590,2,23771,52128,4,160,160,1
159,1,"[4, 4, 1344, 10, 10, 0, 0, 0, 0, 0, 0, 0, 0, 0, 0, 0, 0, 0, 0, 0, 0, 0, 0, 0, 0, 0, 0, 0, 0, 0]",1050,128,0.0,0.0,4735311863,4735320665,4735320337,4735327985,0,208861,208861,710591,1,8802,7648,4,160,160,1
203,1,"[4, 1344, 10, 10, 1344, 10, 10, 3, 3, 1, 1, 1, 1, 1, 1, 1344, 4, 0, 0, 0, 0, 0, 0, 0, 0, 0, 0, 0, 0, 0]",525,1024,0.0,0.0,4735524905,4735537528,4735536846,4735568814,0,160606,160606,710593,1,12623,31968,4,160,160,1
205,1,"[4, 0, 0, 0, 0, 0, 0, 0, 0, 0, 0, 0, 0, 0, 0, 4, 0, 0, 0, 0, 0, 0, 0, 0, 0, 0, 0, 0, 0, 0]",1344,512,4300800.0,8601600.0,4735718724,4736247592,4735729420,4736299685,144,672343,157086,710594,2,25615,55008,4,160,160,1
159,1,"[4, 4, 1344, 10, 10, 0, 0, 0, 0, 0, 0, 0, 0, 0, 0, 0, 0, 0, 0, 0, 0, 0, 0, 0, 0, 0, 0, 0, 0, 0]",1050,128,0.0,0.0,4736448245,4736457024,4736456771,4736464899,0,166717,166717,710595,1,8779,8128,4,160,160,1
199,1,"[4, 4, 1344, 10, 10, 0, 0, 0, 0, 0, 0, 0, 0, 0, 0, 0, 0, 0, 0, 0, 0, 0, 0, 0, 0, 0, 0, 0, 0, 0]",336,512,0.0,0.0,4736620839,4736631766,4736631616,4736644768,16,234845,234845,710597,1,10927,13152,4,160,160,1
203,1,"[4, 1344, 1, 1, 56, 1, 1, 1, 1, 0, 0, 1, 1, 1, 1, 1, 4, 0, 0, 0, 0, 0, 0, 0, 0, 0, 0, 0, 0, 0]",1344,128,0.0,0.0,4736866865,4736929614,4736879613,4736960412,4608,193502,187486,710598,3,30723,74783,4,160,160,1
159,1,"[4, 4, 56, 1, 1, 0, 0, 0, 0, 0, 0, 0, 0, 0, 0, 0, 0, 0, 0, 0, 0, 0, 0, 0, 0, 0, 0, 0, 0, 0]",1,128,0.0,0.0,4737139952,4737148111,4737147898,4737150554,0,249116,249116,710599,1,8159,2656,4,160,160,1
203,1,"[4, 56, 1, 1, 1344, 1, 1, 1, 1, 0, 0, 1, 1, 1, 1, 1, 4, 0, 0, 0, 0, 0, 0, 0, 0, 0, 0, 0, 0, 0]",42,128,0.0,0.0,4737387363,4737436741,4737399670,4737439990,2304,199645,170590,710601,2,21100,11265,4,160,160,1
156,1,"[4, 4, 1344, 1, 1, 0, 0, 0, 0, 0, 0, 0, 0, 0, 0, 0, 0, 0, 0, 0, 0, 0, 0, 0, 0, 0, 0, 0, 0, 0]",11,128,107520.0,43008.0,4737600171,4737610809,4737610580,4737613268,0,152542,152542,710602,1,10638,2688,4,160,160,1
23,1,"[4, 4, 1344, 1, 1, 0, 0, 0, 0, 0, 0, 0, 0, 0, 0, 4, 4, 1344, 10, 10, 0, 0, 0, 0, 0, 0, 0, 0, 0, 0]",2100,128,537600.0,4322304.0,4737755204,4737765919,4737765810,4737776594,0,256476,256476,710603,1,10715,10784,4,160,160,1
203,1,"[4, 1344, 10, 10, 224, 10, 10, 1, 1, 0, 0, 1, 1, 1, 1, 1, 4, 0, 0, 0, 0, 0, 0, 0, 0, 0, 0, 0, 0, 0]",16,256,240844800.0,3713024.0,4738019750,4738067420,4738033070,4738204237,32768,120222,90142,710604,3,29285,141087,4,160,160,1
205,1,"[4, 0, 0, 0, 0, 0, 0, 0, 0, 0, 0, 0, 0, 0, 0, 4, 0, 0, 0, 0, 0, 0, 0, 0, 0, 0, 0, 0, 0, 0]",224,512,716800.0,1433600.0,4738283360,4738650015,4738294379,4738660198,144,536026,182718,710605,2,23609,12511,4,160,160,1
234,1,"[4, 4, 1, 1, 1, 0, 0, 0, 0, 0, 0, 0, 0, 0, 0, 0, 0, 0, 0, 0, 0, 0, 0, 0, 0, 0, 0, 0, 0, 0]",350,256,89600.0,716816.0,4738830829,4739106285,4738842916,4739109953,0,373467,114495,710606,3,33748,8065,4,160,160,1
35,1,"[4, 4, 224, 10, 10, 0, 0, 0, 0, 0, 0, 0, 0, 0, 0, 4, 4, 224, 10, 10, 0, 0, 0, 0, 0, 0, 0, 0, 0, 0]",175,128,89600.0,1075200.0,4739213917,4739224460,4739224448,4739228639,0,270781,270781,710607,1,10543,4191,4,160,160,1
203,1,"[4, 224, 10, 10, 1344, 10, 10, 1, 1, 0, 0, 1, 1, 1, 1, 1, 4, 0, 0, 0, 0, 0, 0, 0, 0, 0, 0, 0, 0, 0]",44,256,240844800.0,3713024.0,4739485592,4739508495,4739499420,4739594107,32768,144510,137310,710608,2,20791,87487,4,160,160,1
205,1,"[4, 0, 0, 0, 0, 0, 0, 0, 0, 0, 0, 0, 0, 0, 0, 4, 0, 0, 0, 0, 0, 0, 0, 0, 0, 0, 0, 0, 0, 0]",1344,512,4300800.0,8601600.0,4739720383,4740092987,4739731417,4740142644,144,510874,151838,710609,2,23954,52191,4,160,160,1
159,1,"[4, 4, 1344, 10, 10, 0, 0, 0, 0, 0, 0, 0, 0, 0, 0, 0, 0, 0, 0, 0, 0, 0, 0, 0, 0, 0, 0, 0, 0, 0]",1050,128,0.0,0.0,4740286198,4740294754,4740294482,4740302642,0,195357,195357,710610,1,8556,8160,4,160,160,1
203,1,"[4, 1344, 10, 10, 1344, 10, 10, 3, 3, 1, 1, 1, 1, 1, 1, 1344, 4, 0, 0, 0, 0, 0, 0, 0, 0, 0, 0, 0, 0, 0]",525,1024,0.0,0.0,4740486556,4740498387,4740497999,4740529775,0,156702,156702,710612,1,11831,31776,4,160,160,1
205,1,"[4, 0, 0, 0, 0, 0, 0, 0, 0, 0, 0, 0, 0, 0, 0, 4, 0, 0, 0, 0, 0, 0, 0, 0, 0, 0, 0, 0, 0, 0]",1344,512,4300800.0,8601600.0,4740676094,4741040284,4740686477,4741091624,144,499130,148094,710613,2,22982,54111,4,160,160,1
159,1,"[4, 4, 1344, 10, 10, 0, 0, 0, 0, 0, 0, 0, 0, 0, 0, 0, 0, 0, 0, 0, 0, 0, 0, 0, 0, 0, 0, 0, 0, 0]",1050,128,0.0,0.0,4741231501,4741239956,4741239718,4741248806,0,164670,164670,710614,1,8455,9088,4,160,160,1
199,1,"[4, 4, 1344, 10, 10, 0, 0, 0, 0, 0, 0, 0, 0, 0, 0, 0, 0, 0, 0, 0, 0, 0, 0, 0, 0, 0, 0, 0, 0, 0]",336,512,0.0,0.0,4741402462,4741413418,4741413476,4741426692,16,241980,241980,710616,1,10956,13216,4,160,160,1
203,1,"[4, 1344, 1, 1, 56, 1, 1, 1, 1, 0, 0, 1, 1, 1, 1, 1, 4, 0, 0, 0, 0, 0, 0, 0, 0, 0, 0, 0, 0, 0]",1344,128,0.0,0.0,4741649369,4741718758,4741668672,4741748063,4608,203261,197278,710617,3,34034,73408,4,160,160,1
159,1,"[4, 4, 56, 1, 1, 0, 0, 0, 0, 0, 0, 0, 0, 0, 0, 0, 0, 0, 0, 0, 0, 0, 0, 0, 0, 0, 0, 0, 0, 0]",1,128,0.0,0.0,4741937404,4741945670,4741945341,4741948029,0,248957,248957,710618,1,8266,2688,4,160,160,1
203,1,"[4, 56, 1, 1, 1344, 1, 1, 1, 1, 0, 0, 1, 1, 1, 1, 1, 4, 0, 0, 0, 0, 0, 0, 0, 0, 0, 0, 0, 0, 0]",42,128,0.0,0.0,4742184760,4742233743,4742196986,4742236953,2304,200381,171390,710620,2,20448,10976,4,160,160,1
156,1,"[4, 4, 1344, 1, 1, 0, 0, 0, 0, 0, 0, 0, 0, 0, 0, 0, 0, 0, 0, 0, 0, 0, 0, 0, 0, 0, 0, 0, 0, 0]",11,128,107520.0,43008.0,4742398149,4742408566,4742408343,4742411031,0,140894,140894,710621,1,10417,2688,4,160,160,1
23,1,"[4, 4, 1344, 1, 1, 0, 0, 0, 0, 0, 0, 0, 0, 0, 0, 4, 4, 1344, 10, 10, 0, 0, 0, 0, 0, 0, 0, 0, 0, 0]",2100,128,537600.0,4322304.0,4742542293,4742552023,4742551925,4742562229,0,256701,256701,710622,1,9730,10304,4,160,160,1
203,1,"[4, 1344, 10, 10, 224, 10, 10, 1, 1, 0, 0, 1, 1, 1, 1, 1, 4, 0, 0, 0, 0, 0, 0, 0, 0, 0, 0, 0, 0, 0]",16,256,240844800.0,3713024.0,4742805592,4742852610,4742818930,4742989296,32768,118557,88799,710623,3,26118,140608,4,160,160,1
205,1,"[4, 0, 0, 0, 0, 0, 0, 0, 0, 0, 0, 0, 0, 0, 0, 4, 0, 0, 0, 0, 0, 0, 0, 0, 0, 0, 0, 0, 0, 0]",224,512,716800.0,1433600.0,4743067310,4743586151,4743078095,4743596200,144,693271,187645,710624,2,25069,12479,4,160,160,1
234,1,"[4, 4, 1, 1, 1, 0, 0, 0, 0, 0, 0, 0, 0, 0, 0, 0, 0, 0, 0, 0, 0, 0, 0, 0, 0, 0, 0, 0, 0, 0]",350,256,89600.0,716816.0,4743771494,4744046482,4743783845,4744050050,0,373467,115423,710625,3,35026,8161,4,160,160,1
35,1,"[4, 4, 224, 10, 10, 0, 0, 0, 0, 0, 0, 0, 0, 0, 0, 4, 4, 224, 10, 10, 0, 0, 0, 0, 0, 0, 0, 0, 0, 0]",175,128,89600.0,1075200.0,4744154410,4744165400,4744165473,4744169665,0,274588,274588,710626,1,10990,4192,4,160,160,1
203,1,"[4, 224, 10, 10, 1344, 10, 10, 1, 1, 0, 0, 1, 1, 1, 1, 1, 4, 0, 0, 0, 0, 0, 0, 0, 0, 0, 0, 0, 0, 0]",44,256,240844800.0,3713024.0,4744430047,4744453077,4744444253,4744539228,32768,143390,136254,710627,2,20904,87839,4,160,160,1
205,1,"[4, 0, 0, 0, 0, 0, 0, 0, 0, 0, 0, 0, 0, 0, 0, 4, 0, 0, 0, 0, 0, 0, 0, 0, 0, 0, 0, 0, 0, 0]",1344,512,4300800.0,8601600.0,4744664591,4745037389,4744675482,4745084981,144,513882,156702,710628,2,26730,52319,4,160,160,1
159,1,"[4, 4, 1344, 10, 10, 0, 0, 0, 0, 0, 0, 0, 0, 0, 0, 0, 0, 0, 0, 0, 0, 0, 0, 0, 0, 0, 0, 0, 0, 0]",1050,128,0.0,0.0,4745233070,4745241604,4745241683,4745250547,0,192989,192989,710629,1,8534,8864,4,160,160,1
203,1,"[4, 1344, 10, 10, 1344, 10, 10, 3, 3, 1, 1, 1, 1, 1, 1, 1344, 4, 0, 0, 0, 0, 0, 0, 0, 0, 0, 0, 0, 0, 0]",525,1024,0.0,0.0,4745431321,4745443508,4745443536,4745475568,0,159582,159582,710631,1,12187,32032,4,160,160,1
205,1,"[4, 0, 0, 0, 0, 0, 0, 0, 0, 0, 0, 0, 0, 0, 0, 4, 0, 0, 0, 0, 0, 0, 0, 0, 0, 0, 0, 0, 0, 0]",1344,512,4300800.0,8601600.0,4745624334,4746001923,4745635150,4746051209,144,516186,154910,710632,2,26217,54783,4,160,160,1
159,1,"[4, 4, 1344, 10, 10, 0, 0, 0, 0, 0, 0, 0, 0, 0, 0, 0, 0, 0, 0, 0, 0, 0, 0, 0, 0, 0, 0, 0, 0, 0]",1050,128,0.0,0.0,4746197363,4746206448,4746206119,4746213767,0,168254,168254,710633,1,9085,7648,4,160,160,1
199,1,"[4, 4, 1344, 10, 10, 0, 0, 0, 0, 0, 0, 0, 0, 0, 0, 0, 0, 0, 0, 0, 0, 0, 0, 0, 0, 0, 0, 0, 0, 0]",336,512,0.0,0.0,4746371464,4746382259,4746382021,4746395172,16,233757,233757,710635,1,10795,13151,4,160,160,1
203,1,"[4, 1344, 1, 1, 56, 1, 1, 1, 1, 0, 0, 1, 1, 1, 1, 1, 4, 0, 0, 0, 0, 0, 0, 0, 0, 0, 0, 0, 0, 0]",1344,128,0.0,0.0,4746616555,4746675633,4746628929,4746708448,4608,194751,188510,710636,3,27394,73278,4,160,160,1
159,1,"[4, 4, 56, 1, 1, 0, 0, 0, 0, 0, 0, 0, 0, 0, 0, 0, 0, 0, 0, 0, 0, 0, 0, 0, 0, 0, 0, 0, 0, 0]",1,128,0.0,0.0,4746888784,4746897391,4746896958,4746899614,0,251357,251357,710637,1,8607,2656,4,160,160,1
203,1,"[4, 56, 1, 1, 1344, 1, 1, 1, 1, 0, 0, 1, 1, 1, 1, 1, 4, 0, 0, 0, 0, 0, 0, 0, 0, 0, 0, 0, 0, 0]",42,128,0.0,0.0,4747138067,4747187459,4747150971,4747190650,2304,200734,171518,710639,2,21151,10463,4,160,160,1
156,1,"[4, 4, 1344, 1, 1, 0, 0, 0, 0, 0, 0, 0, 0, 0, 0, 0, 0, 0, 0, 0, 0, 0, 0, 0, 0, 0, 0, 0, 0, 0]",11,128,107520.0,43008.0,4747351951,4747362347,4747362168,4747364888,0,141022,141022,710640,1,10396,2720,4,160,160,1
23,1,"[4, 4, 1344, 1, 1, 0, 0, 0, 0, 0, 0, 0, 0, 0, 0, 4, 4, 1344, 10, 10, 0, 0, 0, 0, 0, 0, 0, 0, 0, 0]",2100,128,537600.0,4322304.0,4747496267,4747506043,4747505910,4747516918,0,255101,255101,710641,1,9776,11008,4,160,160,1
203,1,"[4, 1344, 10, 10, 224, 10, 10, 1, 1, 0, 0, 1, 1, 1, 1, 1, 4, 0, 0, 0, 0, 0, 0, 0, 0, 0, 0, 0, 0, 0]",16,256,240844800.0,3713024.0,4747758783,4747802332,4747772019,4747938833,32768,119359,93023,710642,3,25690,140478,4,160,160,1
205,1,"[4, 0, 0, 0, 0, 0, 0, 0, 0, 0, 0, 0, 0, 0, 0, 4, 0, 0, 0, 0, 0, 0, 0, 0, 0, 0, 0, 0, 0, 0]",224,512,716800.0,1433600.0,4748020508,4748390075,4748031856,4748400171,144,543865,188030,710643,2,24111,12480,4,160,160,1
234,1,"[4, 4, 1, 1, 1, 0, 0, 0, 0, 0, 0, 0, 0, 0, 0, 0, 0, 0, 0, 0, 0, 0, 0, 0, 0, 0, 0, 0, 0, 0]",350,256,89600.0,716816.0,4748576084,4748844901,4748588201,4748848677,0,366012,113663,710644,3,33985,8127,4,160,160,1
35,1,"[4, 4, 224, 10, 10, 0, 0, 0, 0, 0, 0, 0, 0, 0, 0, 4, 4, 224, 10, 10, 0, 0, 0, 0, 0, 0, 0, 0, 0, 0]",175,128,89600.0,1075200.0,4748952627,4748965031,4748962340,4748966628,0,275740,275740,710645,1,12404,4288,4,160,160,1
203,1,"[4, 224, 10, 10, 1344, 10, 10, 1, 1, 0, 0, 1, 1, 1, 1, 1, 4, 0, 0, 0, 0, 0, 0, 0, 0, 0, 0, 0, 0, 0]",44,256,240844800.0,3713024.0,4749228365,4749251608,4749242368,4749337375,32768,144510,137150,710646,2,21105,87647,4,160,160,1
205,1,"[4, 0, 0, 0, 0, 0, 0, 0, 0, 0, 0, 0, 0, 0, 0, 4, 0, 0, 0, 0, 0, 0, 0, 0, 0, 0, 0, 0, 0, 0]",1344,512,4300800.0,8601600.0,4749463475,4749840552,4749474525,4749890296,144,517242,153630,710647,2,23960,52159,4,160,160,1
159,1,"[4, 4, 1344, 10, 10, 0, 0, 0, 0, 0, 0, 0, 0, 0, 0, 0, 0, 0, 0, 0, 0, 0, 0, 0, 0, 0, 0, 0, 0, 0]",1050,128,0.0,0.0,4750035266,4750044338,4750043926,4750052598,0,194525,194525,710648,1,9072,8672,4,160,160,1
203,1,"[4, 1344, 10, 10, 1344, 10, 10, 3, 3, 1, 1, 1, 1, 1, 1, 1344, 4, 0, 0, 0, 0, 0, 0, 0, 0, 0, 0, 0, 0, 0]",525,1024,0.0,0.0,4750235616,4750247769,4750247123,4750278995,0,155838,155838,710650,1,12153,31872,4,160,160,1
205,1,"[4, 0, 0, 0, 0, 0, 0, 0, 0, 0, 0, 0, 0, 0, 0, 4, 0, 0, 0, 0, 0, 0, 0, 0, 0, 0, 0, 0, 0, 0]",1344,512,4300800.0,8601600.0,4750424429,4750946628,4750434833,4750998666,144,663416,154302,710651,2,25434,54719,4,160,160,1
159,1,"[4, 4, 1344, 10, 10, 0, 0, 0, 0, 0, 0, 0, 0, 0, 0, 0, 0, 0, 0, 0, 0, 0, 0, 0, 0, 0, 0, 0, 0, 0]",1050,128,0.0,0.0,4751144342,4751153367,4751152968,4751161224,0,168062,168062,710652,1,9025,8256,4,160,160,1
199,1,"[4, 4, 1344, 10, 10, 0, 0, 0, 0, 0, 0, 0, 0, 0, 0, 0, 0, 0, 0, 0, 0, 0, 0, 0, 0, 0, 0, 0, 0, 0]",336,512,0.0,0.0,4751318647,4751329319,4751329286,4751342406,16,234173,234173,710654,1,10672,13120,4,160,160,1
203,1,"[4, 1344, 1, 1, 56, 1, 1, 1, 1, 0, 0, 1, 1, 1, 1, 1, 4, 0, 0, 0, 0, 0, 0, 0, 0, 0, 0, 0, 0, 0]",1344,128,0.0,0.0,4751564285,4751623546,4751576579,4751657538,4608,191036,185149,710655,3,27572,75072,4,160,160,1
159,1,"[4, 4, 56, 1, 1, 0, 0, 0, 0, 0, 0, 0, 0, 0, 0, 0, 0, 0, 0, 0, 0, 0, 0, 0, 0, 0, 0, 0, 0, 0]",1,128,0.0,0.0,4751834560,4751842898,4751842687,4751845407,0,250205,250205,710656,1,8338,2720,4,160,160,1
203,1,"[4, 56, 1, 1, 1344, 1, 1, 1, 1, 0, 0, 1, 1, 1, 1, 1, 4, 0, 0, 0, 0, 0, 0, 0, 0, 0, 0, 0, 0, 0]",42,128,0.0,0.0,4752082549,4752132499,4752095612,4752135836,2304,200221,171102,710658,2,21831,11105,4,160,160,1
156,1,"[4, 4, 1344, 1, 1, 0, 0, 0, 0, 0, 0, 0, 0, 0, 0, 0, 0, 0, 0, 0, 0, 0, 0, 0, 0, 0, 0, 0, 0, 0]",11,128,107520.0,43008.0,4752296723,4752307313,4752306938,4752309689,0,143166,143166,710659,1,10590,2751,4,160,160,1
23,1,"[4, 4, 1344, 1, 1, 0, 0, 0, 0, 0, 0, 0, 0, 0, 0, 4, 4, 1344, 10, 10, 0, 0, 0, 0, 0, 0, 0, 0, 0, 0]",2100,128,537600.0,4322304.0,4752443055,4752453007,4752452855,4752463576,0,257340,257340,710660,1,9952,10721,4,160,160,1
203,1,"[4, 1344, 10, 10, 224, 10, 10, 1, 1, 0, 0, 1, 1, 1, 1, 1, 4, 0, 0, 0, 0, 0, 0, 0, 0, 0, 0, 0, 0, 0]",16,256,240844800.0,3713024.0,4752707594,4752751122,4752720916,4752886674,32768,115583,89503,710661,3,26074,139678,4,160,160,1
205,1,"[4, 0, 0, 0, 0, 0, 0, 0, 0, 0, 0, 0, 0, 0, 0, 4, 0, 0, 0, 0, 0, 0, 0, 0, 0, 0, 0, 0, 0, 0]",224,512,716800.0,1433600.0,4752965810,4753337172,4752976177,4753347404,144,540825,182206,710662,2,23118,12608,4,160,160,1
234,1,"[4, 4, 1, 1, 1, 0, 0, 0, 0, 0, 0, 0, 0, 0, 0, 0, 0, 0, 0, 0, 0, 0, 0, 0, 0, 0, 0, 0, 0, 0]",350,256,89600.0,716816.0,4753517463,4753803121,4753529610,4753806694,0,382779,113791,710663,3,34968,8096,4,160,160,1
35,1,"[4, 4, 224, 10, 10, 0, 0, 0, 0, 0, 0, 0, 0, 0, 0, 4, 4, 224, 10, 10, 0, 0, 0, 0, 0, 0, 0, 0, 0, 0]",175,128,89600.0,1075200.0,4753910817,4753920472,4753920485,4753924741,0,276316,276316,710664,1,9655,4256,4,160,160,1
203,1,"[4, 224, 10, 10, 1344, 10, 10, 1, 1, 0, 0, 1, 1, 1, 1, 1, 4, 0, 0, 0, 0, 0, 0, 0, 0, 0, 0, 0, 0, 0]",44,256,240844800.0,3713024.0,4754187106,4754210216,4754201057,4754295712,32768,145790,138430,710665,2,21016,87295,4,160,160,1
205,1,"[4, 0, 0, 0, 0, 0, 0, 0, 0, 0, 0, 0, 0, 0, 0, 4, 0, 0, 0, 0, 0, 0, 0, 0, 0, 0, 0, 0, 0, 0]",1344,512,4300800.0,8601600.0,4754423237,4754789302,4754434142,4754838777,144,502810,149982,710666,2,23339,51807,4,160,160,1
159,1,"[4, 4, 1344, 10, 10, 0, 0, 0, 0, 0, 0, 0, 0, 0, 0, 0, 0, 0, 0, 0, 0, 0, 0, 0, 0, 0, 0, 0, 0, 0]",1050,128,0.0,0.0,4754980731,4754989081,4754988759,4754996823,0,198974,198974,710667,1,8350,8064,4,160,160,1
203,1,"[4, 1344, 10, 10, 1344, 10, 10, 3, 3, 1, 1, 1, 1, 1, 1, 1344, 4, 0, 0, 0, 0, 0, 0, 0, 0, 0, 0, 0, 0, 0]",525,1024,0.0,0.0,4755184001,4755196378,4755195797,4755227636,0,159646,159646,710669,1,12377,31839,4,160,160,1
205,1,"[4, 0, 0, 0, 0, 0, 0, 0, 0, 0, 0, 0, 0, 0, 0, 4, 0, 0, 0, 0, 0, 0, 0, 0, 0, 0, 0, 0, 0, 0]",1344,512,4300800.0,8601600.0,4755376947,4755737219,4755387282,4755789549,144,492826,145502,710670,2,22713,54943,4,160,160,1
159,1,"[4, 4, 1344, 10, 10, 0, 0, 0, 0, 0, 0, 0, 0, 0, 0, 0, 0, 0, 0, 0, 0, 0, 0, 0, 0, 0, 0, 0, 0, 0]",1050,128,0.0,0.0,4755926534,4755935387,4755935051,4755942891,0,170078,170078,710671,1,8853,7840,4,160,160,1
199,1,"[4, 4, 1344, 10, 10, 0, 0, 0, 0, 0, 0, 0, 0, 0, 0, 0, 0, 0, 0, 0, 0, 0, 0, 0, 0, 0, 0, 0, 0, 0]",336,512,0.0,0.0,4756102317,4756113186,4756112969,4756126057,16,233533,233533,710673,1,10869,13088,4,160,160,1
203,1,"[4, 1344, 1, 1, 56, 1, 1, 1, 1, 0, 0, 1, 1, 1, 1, 1, 4, 0, 0, 0, 0, 0, 0, 0, 0, 0, 0, 0, 0, 0]",1344,128,0.0,0.0,4756347554,4756405710,4756359590,4756438917,4608,191773,186077,710674,3,26533,73631,4,160,160,1
159,1,"[4, 4, 56, 1, 1, 0, 0, 0, 0, 0, 0, 0, 0, 0, 0, 0, 0, 0, 0, 0, 0, 0, 0, 0, 0, 0, 0, 0, 0, 0]",1,128,0.0,0.0,4756617281,4756625376,4756624994,4756627555,0,248476,248476,710675,1,8095,2561,4,160,160,1
203,1,"[4, 56, 1, 1, 1344, 1, 1, 1, 1, 0, 0, 1, 1, 1, 1, 1, 4, 0, 0, 0, 0, 0, 0, 0, 0, 0, 0, 0, 0, 0]",42,128,0.0,0.0,4756863339,4756916329,4756876031,4756916383,2304,204190,174782,710677,2,24714,10944,4,160,160,1
156,1,"[4, 4, 1344, 1, 1, 0, 0, 0, 0, 0, 0, 0, 0, 0, 0, 0, 0, 0, 0, 0, 0, 0, 0, 0, 0, 0, 0, 0, 0, 0]",11,128,107520.0,43008.0,4757080569,4757091452,4757091165,4757093821,0,139870,139870,710678,1,10883,2656,4,160,160,1
23,1,"[4, 4, 1344, 1, 1, 0, 0, 0, 0, 0, 0, 0, 0, 0, 0, 4, 4, 1344, 10, 10, 0, 0, 0, 0, 0, 0, 0, 0, 0, 0]",2100,128,537600.0,4322304.0,4757223737,4757233766,4757233691,4757243931,0,258973,258973,710679,1,10029,10240,4,160,160,1
203,1,"[4, 1344, 10, 10, 224, 10, 10, 1, 1, 0, 0, 1, 1, 1, 1, 1, 4, 0, 0, 0, 0, 0, 0, 0, 0, 0, 0, 0, 0, 0]",16,256,240844800.0,3713024.0,4757488896,4757533659,4757502904,4757669141,32768,124159,97759,710680,3,27242,139837,4,160,160,1
205,1,"[4, 0, 0, 0, 0, 0, 0, 0, 0, 0, 0, 0, 0, 0, 0, 4, 0, 0, 0, 0, 0, 0, 0, 0, 0, 0, 0, 0, 0, 0]",224,512,716800.0,1433600.0,4757755626,4758283057,4757766900,4758293006,144,702327,189021,710681,2,26096,12800,4,160,160,1
234,1,"[4, 4, 1, 1, 1, 0, 0, 0, 0, 0, 0, 0, 0, 0, 0, 0, 0, 0, 0, 0, 0, 0, 0, 0, 0, 0, 0, 0, 0, 0]",350,256,89600.0,716816.0,4758469229,4758739985,4758482027,4758743688,0,368059,114494,710682,3,33926,8096,4,160,160,1
35,1,"[4, 4, 224, 10, 10, 0, 0, 0, 0, 0, 0, 0, 0, 0, 0, 4, 4, 224, 10, 10, 0, 0, 0, 0, 0, 0, 0, 0, 0, 0]",175,128,89600.0,1075200.0,4758847668,4758858192,4758858182,4758862278,0,270237,270237,710683,1,10524,4096,4,160,160,1
203,1,"[4, 224, 10, 10, 1344, 10, 10, 1, 1, 0, 0, 1, 1, 1, 1, 1, 4, 0, 0, 0, 0, 0, 0, 0, 0, 0, 0, 0, 0, 0]",44,256,240844800.0,3713024.0,4759118873,4759144823,4759132515,4759230338,32768,148861,138206,710684,2,23720,87168,4,160,160,1
205,1,"[4, 0, 0, 0, 0, 0, 0, 0, 0, 0, 0, 0, 0, 0, 0, 4, 0, 0, 0, 0, 0, 0, 0, 0, 0, 0, 0, 0, 0, 0]",1344,512,4300800.0,8601600.0,4759357751,4759727376,4759368544,4759776283,144,514745,158334,710685,2,24125,51328,4,160,160,1
159,1,"[4, 4, 1344, 10, 10, 0, 0, 0, 0, 0, 0, 0, 0, 0, 0, 0, 0, 0, 0, 0, 0, 0, 0, 0, 0, 0, 0, 0, 0, 0]",1050,128,0.0,0.0,4759926271,4759935083,4759934617,4759942489,0,194877,194877,710686,1,8812,7872,4,160,160,1
203,1,"[4, 1344, 10, 10, 1344, 10, 10, 3, 3, 1, 1, 1, 1, 1, 1, 1344, 4, 0, 0, 0, 0, 0, 0, 0, 0, 0, 0, 0, 0, 0]",525,1024,0.0,0.0,4760125700,4760140766,4760137366,4760169013,0,162398,162398,710688,1,15066,31647,4,160,160,1
205,1,"[4, 0, 0, 0, 0, 0, 0, 0, 0, 0, 0, 0, 0, 0, 0, 4, 0, 0, 0, 0, 0, 0, 0, 0, 0, 0, 0, 0, 0, 0]",1344,512,4300800.0,8601600.0,4760321314,4760686765,4760331411,4760738415,144,502873,150109,710689,2,22936,54240,4,160,160,1
159,1,"[4, 4, 1344, 10, 10, 0, 0, 0, 0, 0, 0, 0, 0, 0, 0, 0, 0, 0, 0, 0, 0, 0, 0, 0, 0, 0, 0, 0, 0, 0]",1050,128,0.0,0.0,4760880222,4760888980,4760888524,4760895980,0,167134,167134,710690,1,8758,7456,4,160,160,1
199,1,"[4, 4, 1344, 10, 10, 0, 0, 0, 0, 0, 0, 0, 0, 0, 0, 0, 0, 0, 0, 0, 0, 0, 0, 0, 0, 0, 0, 0, 0, 0]",336,512,0.0,0.0,4761052065,4761063252,4761063114,4761076106,16,235005,235005,710692,1,11187,12992,4,160,160,1
203,1,"[4, 1344, 1, 1, 56, 1, 1, 1, 1, 0, 0, 1, 1, 1, 1, 1, 4, 0, 0, 0, 0, 0, 0, 0, 0, 0, 0, 0, 0, 0]",1344,128,0.0,0.0,4761298614,4761358556,4761311111,4761390950,4608,192862,186590,710693,3,27742,73567,4,160,160,1
159,1,"[4, 4, 56, 1, 1, 0, 0, 0, 0, 0, 0, 0, 0, 0, 0, 0, 0, 0, 0, 0, 0, 0, 0, 0, 0, 0, 0, 0, 0, 0]",1,128,0.0,0.0,4761569578,4761577779,4761577540,4761580228,0,256700,256700,710694,1,8201,2688,4,160,160,1
203,1,"[4, 56, 1, 1, 1344, 1, 1, 1, 1, 0, 0, 1, 1, 1, 1, 1, 4, 0, 0, 0, 0, 0, 0, 0, 0, 0, 0, 0, 0, 0]",42,128,0.0,0.0,4761823946,4761876858,4761836928,4761880192,2304,203838,171582,710696,2,21614,11008,4,160,160,1
156,1,"[4, 4, 1344, 1, 1, 0, 0, 0, 0, 0, 0, 0, 0, 0, 0, 0, 0, 0, 0, 0, 0, 0, 0, 0, 0, 0, 0, 0, 0, 0]",11,128,107520.0,43008.0,4762041692,4762054338,4762051774,4762054430,0,146078,146078,710697,1,12646,2656,4,160,160,1
23,1,"[4, 4, 1344, 1, 1, 0, 0, 0, 0, 0, 0, 0, 0, 0, 0, 4, 4, 1344, 10, 10, 0, 0, 0, 0, 0, 0, 0, 0, 0, 0]",2100,128,537600.0,4322304.0,4762190479,4762200589,4762200508,4762210460,0,257948,257948,710698,1,10110,9952,4,160,160,1
203,1,"[4, 1344, 10, 10, 224, 10, 10, 1, 1, 0, 0, 1, 1, 1, 1, 1, 4, 0, 0, 0, 0, 0, 0, 0, 0, 0, 0, 0, 0, 0]",16,256,240844800.0,3713024.0,4762454943,4762498736,4762468408,4762634038,32768,116671,90399,710699,3,25953,139358,4,160,160,1
205,1,"[4, 0, 0, 0, 0, 0, 0, 0, 0, 0, 0, 0, 0, 0, 0, 4, 0, 0, 0, 0, 0, 0, 0, 0, 0, 0, 0, 0, 0, 0]",224,512,716800.0,1433600.0,4762713462,4763082222,4762724437,4763092273,144,540313,184861,710700,2,23466,12384,4,160,160,1
234,1,"[4, 4, 1, 1, 1, 0, 0, 0, 0, 0, 0, 0, 0, 0, 0, 0, 0, 0, 0, 0, 0, 0, 0, 0, 0, 0, 0, 0, 0, 0]",350,256,89600.0,716816.0,4763265028,4763537391,4763277134,4763541003,0,368860,113118,710701,3,33784,8127,4,160,160,1
35,1,"[4, 4, 224, 10, 10, 0, 0, 0, 0, 0, 0, 0, 0, 0, 0, 4, 4, 224, 10, 10, 0, 0, 0, 0, 0, 0, 0, 0, 0, 0]",175,128,89600.0,1075200.0,4763644415,4763654029,4763654121,4763658281,0,269437,269437,710702,1,9614,4160,4,160,160,1
203,1,"[4, 224, 10, 10, 1344, 10, 10, 1, 1, 0, 0, 1, 1, 1, 1, 1, 4, 0, 0, 0, 0, 0, 0, 0, 0, 0, 0, 0, 0, 0]",44,256,240844800.0,3713024.0,4763913942,4763936637,4763927718,4764022597,32768,148958,141822,710703,2,20639,87743,4,160,160,1
205,1,"[4, 0, 0, 0, 0, 0, 0, 0, 0, 0, 0, 0, 0, 0, 0, 4, 0, 0, 0, 0, 0, 0, 0, 0, 0, 0, 0, 0, 0, 0]",1344,512,4300800.0,8601600.0,4764153152,4764526298,4764164419,4764576190,144,512473,152926,710704,2,23982,52224,4,160,160,1
159,1,"[4, 4, 1344, 10, 10, 0, 0, 0, 0, 0, 0, 0, 0, 0, 0, 0, 0, 0, 0, 0, 0, 0, 0, 0, 0, 0, 0, 0, 0, 0]",1050,128,0.0,0.0,4764720825,4764729435,4764729116,4764738139,0,192574,192574,710705,1,8610,9023,4,160,160,1
203,1,"[4, 1344, 10, 10, 1344, 10, 10, 3, 3, 1, 1, 1, 1, 1, 1, 1344, 4, 0, 0, 0, 0, 0, 0, 0, 0, 0, 0, 0, 0, 0]",525,1024,0.0,0.0,4764919117,4764930951,4764930713,4764962041,0,160382,160382,710707,1,11834,31328,4,160,160,1
205,1,"[4, 0, 0, 0, 0, 0, 0, 0, 0, 0, 0, 0, 0, 0, 0, 4, 0, 0, 0, 0, 0, 0, 0, 0, 0, 0, 0, 0, 0, 0]",1344,512,4300800.0,8601600.0,4765112272,4765633268,4765122423,4765685808,144,669815,161246,710708,2,25351,54816,4,160,160,1
159,1,"[4, 4, 1344, 10, 10, 0, 0, 0, 0, 0, 0, 0, 0, 0, 0, 0, 0, 0, 0, 0, 0, 0, 0, 0, 0, 0, 0, 0, 0, 0]",1050,128,0.0,0.0,4765838638,4765847313,4765847054,4765855373,0,169214,169214,710709,1,8675,8319,4,160,160,1
199,1,"[4, 4, 1344, 10, 10, 0, 0, 0, 0, 0, 0, 0, 0, 0, 0, 0, 0, 0, 0, 0, 0, 0, 0, 0, 0, 0, 0, 0, 0, 0]",336,512,0.0,0.0,4766013474,4766024725,4766024587,4766037611,16,237917,237917,710711,1,11251,13024,4,160,160,1
203,1,"[4, 1344, 1, 1, 56, 1, 1, 1, 1, 0, 0, 1, 1, 1, 1, 1, 4, 0, 0, 0, 0, 0, 0, 0, 0, 0, 0, 0, 0, 0]",1344,128,0.0,0.0,4766262392,4766322553,4766275528,4766356135,4608,196478,190366,710712,3,28279,74495,4,160,160,1
159,1,"[4, 4, 56, 1, 1, 0, 0, 0, 0, 0, 0, 0, 0, 0, 0, 0, 0, 0, 0, 0, 0, 0, 0, 0, 0, 0, 0, 0, 0, 0]",1,128,0.0,0.0,4766538561,4766546674,4766546501,4766549093,0,249693,249693,710713,1,8113,2592,4,160,160,1
203,1,"[4, 56, 1, 1, 1344, 1, 1, 1, 1, 0, 0, 1, 1, 1, 1, 1, 4, 0, 0, 0, 0, 0, 0, 0, 0, 0, 0, 0, 0, 0]",42,128,0.0,0.0,4766785886,4766835798,4766798786,4766839009,2304,200125,170462,710715,2,21419,10560,4,160,160,1
156,1,"[4, 4, 1344, 1, 1, 0, 0, 0, 0, 0, 0, 0, 0, 0, 0, 0, 0, 0, 0, 0, 0, 0, 0, 0, 0, 0, 0, 0, 0, 0]",11,128,107520.0,43008.0,4766999457,4767009608,4767009471,4767012127,0,139550,139550,710716,1,10151,2656,4,160,160,1
23,1,"[4, 4, 1344, 1, 1, 0, 0, 0, 0, 0, 0, 0, 0, 0, 0, 4, 4, 1344, 10, 10, 0, 0, 0, 0, 0, 0, 0, 0, 0, 0]",2100,128,537600.0,4322304.0,4767141688,4767154574,4767151677,4767162045,0,261373,261373,710717,1,12886,10368,4,160,160,1
203,1,"[4, 1344, 10, 10, 224, 10, 10, 1, 1, 0, 0, 1, 1, 1, 1, 1, 4, 0, 0, 0, 0, 0, 0, 0, 0, 0, 0, 0, 0, 0]",16,256,240844800.0,3713024.0,4767409224,4767453185,4767423418,4767588855,32768,112896,87104,710718,3,26726,139645,4,160,160,1
205,1,"[4, 0, 0, 0, 0, 0, 0, 0, 0, 0, 0, 0, 0, 0, 0, 4, 0, 0, 0, 0, 0, 0, 0, 0, 0, 0, 0, 0, 0, 0]",224,512,716800.0,1433600.0,4767664984,4768032245,4767675959,4768042162,144,540090,186206,710719,2,23702,12319,4,160,160,1
234,1,"[4, 4, 1, 1, 1, 0, 0, 0, 0, 0, 0, 0, 0, 0, 0, 0, 0, 0, 0, 0, 0, 0, 0, 0, 0, 0, 0, 0, 0, 0]",350,256,89600.0,716816.0,4768216545,4768484407,4768228368,4768487980,0,364763,113151,710720,3,33576,8000,4,160,160,1
35,1,"[4, 4, 224, 10, 10, 0, 0, 0, 0, 0, 0, 0, 0, 0, 0, 4, 4, 224, 10, 10, 0, 0, 0, 0, 0, 0, 0, 0, 0, 0]",175,128,89600.0,1075200.0,4768591484,4768601306,4768601131,4768605131,0,277532,277532,710721,1,9822,4000,4,160,160,1
203,1,"[4, 224, 10, 10, 1344, 10, 10, 1, 1, 0, 0, 1, 1, 1, 1, 1, 4, 0, 0, 0, 0, 0, 0, 0, 0, 0, 0, 0, 0, 0]",44,256,240844800.0,3713024.0,4768868527,4768892069,4768882663,4768977606,32768,145758,138142,710722,2,21391,87327,4,160,160,1
205,1,"[4, 0, 0, 0, 0, 0, 0, 0, 0, 0, 0, 0, 0, 0, 0, 4, 0, 0, 0, 0, 0, 0, 0, 0, 0, 0, 0, 0, 0, 0]",1344,512,4300800.0,8601600.0,4769104692,4769475619,4769115748,4769524991,144,517882,160414,710723,2,24004,51775,4,160,160,1
159,1,"[4, 4, 1344, 10, 10, 0, 0, 0, 0, 0, 0, 0, 0, 0, 0, 0, 0, 0, 0, 0, 0, 0, 0, 0, 0, 0, 0, 0, 0, 0]",1050,128,0.0,0.0,4769677061,4769685860,4769685405,4769692925,0,197341,197341,710724,1,8799,7520,4,160,160,1
203,1,"[4, 1344, 10, 10, 1344, 10, 10, 3, 3, 1, 1, 1, 1, 1, 1, 1344, 4, 0, 0, 0, 0, 0, 0, 0, 0, 0, 0, 0, 0, 0]",525,1024,0.0,0.0,4769878520,4769890884,4769890266,4769922202,0,155326,155326,710726,1,12364,31936,4,160,160,1
205,1,"[4, 0, 0, 0, 0, 0, 0, 0, 0, 0, 0, 0, 0, 0, 0, 4, 0, 0, 0, 0, 0, 0, 0, 0, 0, 0, 0, 0, 0, 0]",1344,512,4300800.0,8601600.0,4770067390,4770431462,4770077528,4770483507,144,500089,148958,710727,2,22948,54848,4,160,160,1
159,1,"[4, 4, 1344, 10, 10, 0, 0, 0, 0, 0, 0, 0, 0, 0, 0, 0, 0, 0, 0, 0, 0, 0, 0, 0, 0, 0, 0, 0, 0, 0]",1050,128,0.0,0.0,4770623985,4770632719,4770632465,4770639857,0,170174,170174,710728,1,8734,7392,4,160,160,1
199,1,"[4, 4, 1344, 10, 10, 0, 0, 0, 0, 0, 0, 0, 0, 0, 0, 0, 0, 0, 0, 0, 0, 0, 0, 0, 0, 0, 0, 0, 0, 0]",336,512,0.0,0.0,4770799399,4770810042,4770810031,4770823151,16,235676,235676,710730,1,10643,13120,4,160,160,1
203,1,"[4, 1344, 1, 1, 56, 1, 1, 1, 1, 0, 0, 1, 1, 1, 1, 1, 4, 0, 0, 0, 0, 0, 0, 0, 0, 0, 0, 0, 0, 0]",1344,128,0.0,0.0,4771046690,4771108585,4771058827,4771138314,4608,196607,190718,710731,3,30261,73598,4,160,160,1
159,1,"[4, 4, 56, 1, 1, 0, 0, 0, 0, 0, 0, 0, 0, 0, 0, 0, 0, 0, 0, 0, 0, 0, 0, 0, 0, 0, 0, 0, 0, 0]",1,128,0.0,0.0,4771320670,4771329358,4771329032,4771331656,0,244861,244861,710732,1,8688,2624,4,160,160,1
203,1,"[4, 56, 1, 1, 1344, 1, 1, 1, 1, 0, 0, 1, 1, 1, 1, 1, 4, 0, 0, 0, 0, 0, 0, 0, 0, 0, 0, 0, 0, 0]",42,128,0.0,0.0,4771564443,4771613216,4771576517,4771616484,2304,199869,170846,710734,2,20468,10944,4,160,160,1
156,1,"[4, 4, 1344, 1, 1, 0, 0, 0, 0, 0, 0, 0, 0, 0, 0, 0, 0, 0, 0, 0, 0, 0, 0, 0, 0, 0, 0, 0, 0, 0]",11,128,107520.0,43008.0,4771777090,4771787498,4771787330,4771790050,0,139519,139519,710735,1,10408,2720,4,160,160,1
23,1,"[4, 4, 1344, 1, 1, 0, 0, 0, 0, 0, 0, 0, 0, 0, 0, 4, 4, 1344, 10, 10, 0, 0, 0, 0, 0, 0, 0, 0, 0, 0]",2100,128,537600.0,4322304.0,4771919598,4771929362,4771929569,4771939648,0,259901,259901,710736,1,9764,10079,4,160,160,1
203,1,"[4, 1344, 10, 10, 224, 10, 10, 1, 1, 0, 0, 1, 1, 1, 1, 1, 4, 0, 0, 0, 0, 0, 0, 0, 0, 0, 0, 0, 0, 0]",16,256,240844800.0,3713024.0,4772185624,4772230748,4772199549,4772366427,32768,116702,89503,710737,3,27335,139679,4,160,160,1
205,1,"[4, 0, 0, 0, 0, 0, 0, 0, 0, 0, 0, 0, 0, 0, 0, 4, 0, 0, 0, 0, 0, 0, 0, 0, 0, 0, 0, 0, 0, 0]",224,512,716800.0,1433600.0,4772444698,4773003758,4772455930,4773013651,144,735286,189949,710738,2,26123,12384,4,160,160,1
234,1,"[4, 4, 1, 1, 1, 0, 0, 0, 0, 0, 0, 0, 0, 0, 0, 0, 0, 0, 0, 0, 0, 0, 0, 0, 0, 0, 0, 0, 0, 0]",350,256,89600.0,716816.0,4773191275,4773463141,4773203600,4773466861,0,368059,113023,710739,3,34108,8225,4,160,160,1
35,1,"[4, 4, 224, 10, 10, 0, 0, 0, 0, 0, 0, 0, 0, 0, 0, 4, 4, 224, 10, 10, 0, 0, 0, 0, 0, 0, 0, 0, 0, 0]",175,128,89600.0,1075200.0,4773570509,4773579926,4773579884,4773584107,0,280509,280509,710740,1,9417,4223,4,160,160,1
203,1,"[4, 224, 10, 10, 1344, 10, 10, 1, 1, 0, 0, 1, 1, 1, 1, 1, 4, 0, 0, 0, 0, 0, 0, 0, 0, 0, 0, 0, 0, 0]",44,256,240844800.0,3713024.0,4773850190,4773873707,4773864616,4773959111,32768,145598,138206,710741,2,21400,87103,4,160,160,1
205,1,"[4, 0, 0, 0, 0, 0, 0, 0, 0, 0, 0, 0, 0, 0, 0, 4, 0, 0, 0, 0, 0, 0, 0, 0, 0, 0, 0, 0, 0, 0]",1344,512,4300800.0,8601600.0,4774086424,4774457251,4774097317,4774506848,144,512537,155006,710742,2,24037,52000,4,160,160,1
159,1,"[4, 4, 1344, 10, 10, 0, 0, 0, 0, 0, 0, 0, 0, 0, 0, 0, 0, 0, 0, 0, 0, 0, 0, 0, 0, 0, 0, 0, 0, 0]",1050,128,0.0,0.0,4774653835,4774662231,4774661854,4774669662,0,193501,193501,710743,1,8396,7808,4,160,160,1
203,1,"[4, 1344, 10, 10, 1344, 10, 10, 3, 3, 1, 1, 1, 1, 1, 1, 1344, 4, 0, 0, 0, 0, 0, 0, 0, 0, 0, 0, 0, 0, 0]",525,1024,0.0,0.0,4774851924,4774863814,4774863163,4774895067,0,157630,157630,710745,1,11890,31904,4,160,160,1
205,1,"[4, 0, 0, 0, 0, 0, 0, 0, 0, 0, 0, 0, 0, 0, 0, 4, 0, 0, 0, 0, 0, 0, 0, 0, 0, 0, 0, 0, 0, 0]",1344,512,4300800.0,8601600.0,4775042447,4775410022,4775052697,4775462003,144,504474,149919,710746,2,22959,54751,4,160,160,1
159,1,"[4, 4, 1344, 10, 10, 0, 0, 0, 0, 0, 0, 0, 0, 0, 0, 0, 0, 0, 0, 0, 0, 0, 0, 0, 0, 0, 0, 0, 0, 0]",1050,128,0.0,0.0,4775603813,4775612254,4775611922,4775619186,0,169885,169885,710747,1,8441,7264,4,160,160,1
199,1,"[4, 4, 1344, 10, 10, 0, 0, 0, 0, 0, 0, 0, 0, 0, 0, 0, 0, 0, 0, 0, 0, 0, 0, 0, 0, 0, 0, 0, 0, 0]",336,512,0.0,0.0,4775778090,4775789233,4775789071,4775802223,16,234525,234525,710749,1,11143,13152,4,160,160,1
203,1,"[4, 1344, 1, 1, 56, 1, 1, 1, 1, 0, 0, 1, 1, 1, 1, 1, 4, 0, 0, 0, 0, 0, 0, 0, 0, 0, 0, 0, 0, 0]",1344,128,0.0,0.0,4776024297,4776083612,4776036748,4776117035,4608,196446,190526,710750,3,27366,74367,4,160,160,1
159,1,"[4, 4, 56, 1, 1, 0, 0, 0, 0, 0, 0, 0, 0, 0, 0, 0, 0, 0, 0, 0, 0, 0, 0, 0, 0, 0, 0, 0, 0, 0]",1,128,0.0,0.0,4776299667,4776307883,4776307561,4776310313,0,244957,244957,710751,1,8216,2752,4,160,160,1
203,1,"[4, 56, 1, 1, 1344, 1, 1, 1, 1, 0, 0, 1, 1, 1, 1, 1, 4, 0, 0, 0, 0, 0, 0, 0, 0, 0, 0, 0, 0, 0]",42,128,0.0,0.0,4776542538,4776591705,4776555270,4776594821,2304,200061,171038,710753,2,21178,10528,4,160,160,1
156,1,"[4, 4, 1344, 1, 1, 0, 0, 0, 0, 0, 0, 0, 0, 0, 0, 0, 0, 0, 0, 0, 0, 0, 0, 0, 0, 0, 0, 0, 0, 0]",11,128,107520.0,43008.0,4776755260,4776766129,4776765859,4776768611,0,140446,140446,710754,1,10869,2752,4,160,160,1
23,1,"[4, 4, 1344, 1, 1, 0, 0, 0, 0, 0, 0, 0, 0, 0, 0, 4, 4, 1344, 10, 10, 0, 0, 0, 0, 0, 0, 0, 0, 0, 0]",2100,128,537600.0,4322304.0,4776899028,4776908866,4776909057,4776919585,0,257501,257501,710755,1,9838,10528,4,160,160,1
203,1,"[4, 1344, 10, 10, 224, 10, 10, 1, 1, 0, 0, 1, 1, 1, 1, 1, 4, 0, 0, 0, 0, 0, 0, 0, 0, 0, 0, 0, 0, 0]",16,256,240844800.0,3713024.0,4777163569,4777210243,4777177086,4777345916,32768,119102,89918,710756,3,28869,139646,4,160,160,1
205,1,"[4, 0, 0, 0, 0, 0, 0, 0, 0, 0, 0, 0, 0, 0, 0, 4, 0, 0, 0, 0, 0, 0, 0, 0, 0, 0, 0, 0, 0, 0]",224,512,716800.0,1433600.0,4777424915,4777803377,4777435834,4777813398,144,551034,185950,710757,2,24203,12480,4,160,160,1
234,1,"[4, 4, 1, 1, 1, 0, 0, 0, 0, 0, 0, 0, 0, 0, 0, 0, 0, 0, 0, 0, 0, 0, 0, 0, 0, 0, 0, 0, 0, 0]",350,256,89600.0,716816.0,4777987117,4778261963,4777999348,4778265552,0,371516,113439,710758,3,36732,8127,4,160,160,1
35,1,"[4, 4, 224, 10, 10, 0, 0, 0, 0, 0, 0, 0, 0, 0, 0, 4, 4, 224, 10, 10, 0, 0, 0, 0, 0, 0, 0, 0, 0, 0]",175,128,89600.0,1075200.0,4778368686,4778378736,4778378991,4778383246,0,270813,270813,710759,1,10050,4255,4,160,160,1
203,1,"[4, 224, 10, 10, 1344, 10, 10, 1, 1, 0, 0, 1, 1, 1, 1, 1, 4, 0, 0, 0, 0, 0, 0, 0, 0, 0, 0, 0, 0, 0]",44,256,240844800.0,3713024.0,4778640092,4778663308,4778654059,4778748650,32768,142846,135486,710760,2,21050,87231,4,160,160,1
205,1,"[4, 0, 0, 0, 0, 0, 0, 0, 0, 0, 0, 0, 0, 0, 0, 4, 0, 0, 0, 0, 0, 0, 0, 0, 0, 0, 0, 0, 0, 0]",1344,512,4300800.0,8601600.0,4778873451,4779246908,4778884136,4779296355,144,514874,154462,710761,2,23609,51807,4,160,160,1
159,1,"[4, 4, 1344, 10, 10, 0, 0, 0, 0, 0, 0, 0, 0, 0, 0, 0, 0, 0, 0, 0, 0, 0, 0, 0, 0, 0, 0, 0, 0, 0]",1050,128,0.0,0.0,4779442436,4779451046,4779450817,4779457889,0,195325,195325,710762,1,8610,7072,4,160,160,1
203,1,"[4, 1344, 10, 10, 1344, 10, 10, 3, 3, 1, 1, 1, 1, 1, 1, 1344, 4, 0, 0, 0, 0, 0, 0, 0, 0, 0, 0, 0, 0, 0]",525,1024,0.0,0.0,4779641436,4779653882,4779653214,4779684926,0,160062,160062,710764,1,12446,31712,4,160,160,1
205,1,"[4, 0, 0, 0, 0, 0, 0, 0, 0, 0, 0, 0, 0, 0, 0, 4, 0, 0, 0, 0, 0, 0, 0, 0, 0, 0, 0, 0, 0, 0]",1344,512,4300800.0,8601600.0,4779834552,4780360876,4779844988,4780412181,144,666583,153214,710765,2,24941,53824,4,160,160,1
159,1,"[4, 4, 1344, 10, 10, 0, 0, 0, 0, 0, 0, 0, 0, 0, 0, 0, 0, 0, 0, 0, 0, 0, 0, 0, 0, 0, 0, 0, 0, 0]",1050,128,0.0,0.0,4780556997,4780565769,4780565395,4780573363,0,168414,168414,710766,1,8772,7968,4,160,160,1
199,1,"[4, 4, 1344, 10, 10, 0, 0, 0, 0, 0, 0, 0, 0, 0, 0, 0, 0, 0, 0, 0, 0, 0, 0, 0, 0, 0, 0, 0, 0, 0]",336,512,0.0,0.0,4780730857,4780741978,4780741777,4780755056,16,240349,240349,710768,1,11121,13279,4,160,160,1
203,1,"[4, 1344, 1, 1, 56, 1, 1, 1, 1, 0, 0, 1, 1, 1, 1, 1, 4, 0, 0, 0, 0, 0, 0, 0, 0, 0, 0, 0, 0, 0]",1344,128,0.0,0.0,4780982480,4781042356,4780995405,4781074829,4608,194461,188189,710769,3,27980,73152,4,160,160,1
159,1,"[4, 4, 56, 1, 1, 0, 0, 0, 0, 0, 0, 0, 0, 0, 0, 0, 0, 0, 0, 0, 0, 0, 0, 0, 0, 0, 0, 0, 0, 0]",1,128,0.0,0.0,4781254976,4781266176,4781263018,4781265578,0,251997,251997,710770,1,11200,2560,4,160,160,1
203,1,"[4, 56, 1, 1, 1344, 1, 1, 1, 1, 0, 0, 1, 1, 1, 1, 1, 4, 0, 0, 0, 0, 0, 0, 0, 0, 0, 0, 0, 0, 0]",42,128,0.0,0.0,4781504821,4781554542,4781517575,4781557766,2304,208829,179550,710772,2,21204,10912,4,160,160,1
156,1,"[4, 4, 1344, 1, 1, 0, 0, 0, 0, 0, 0, 0, 0, 0, 0, 0, 0, 0, 0, 0, 0, 0, 0, 0, 0, 0, 0, 0, 0, 0]",11,128,107520.0,43008.0,4781726437,4781737828,4781737316,4781739972,0,141374,141374,710773,1,11391,2656,4,160,160,1
23,1,"[4, 4, 1344, 1, 1, 0, 0, 0, 0, 0, 0, 0, 0, 0, 0, 4, 4, 1344, 10, 10, 0, 0, 0, 0, 0, 0, 0, 0, 0, 0]",2100,128,537600.0,4322304.0,4781871722,4781881438,4781881346,4781891426,0,262013,262013,710774,1,9716,10080,4,160,160,1
203,1,"[4, 1344, 10, 10, 224, 10, 10, 1, 1, 0, 0, 1, 1, 1, 1, 1, 4, 0, 0, 0, 0, 0, 0, 0, 0, 0, 0, 0, 0, 0]",16,256,240844800.0,3713024.0,4782139275,4782187336,4782153439,4782319453,32768,126173,99614,710775,3,30129,139455,4,160,160,1
205,1,"[4, 0, 0, 0, 0, 0, 0, 0, 0, 0, 0, 0, 0, 0, 0, 4, 0, 0, 0, 0, 0, 0, 0, 0, 0, 0, 0, 0, 0, 0]",224,512,716800.0,1433600.0,4782407879,4782776683,4782419067,4782786679,144,539577,184445,710776,2,24252,12480,4,160,160,1
234,1,"[4, 4, 1, 1, 1, 0, 0, 0, 0, 0, 0, 0, 0, 0, 0, 0, 0, 0, 0, 0, 0, 0, 0, 0, 0, 0, 0, 0, 0, 0]",350,256,89600.0,716816.0,4782959018,4783238849,4782971124,4783238929,0,382170,122494,710777,3,37517,8129,4,160,160,1
35,1,"[4, 4, 224, 10, 10, 0, 0, 0, 0, 0, 0, 0, 0, 0, 0, 4, 4, 224, 10, 10, 0, 0, 0, 0, 0, 0, 0, 0, 0, 0]",175,128,89600.0,1075200.0,4783350830,4783361592,4783361423,4783365391,0,274365,274365,710778,1,10762,3968,4,160,160,1
203,1,"[4, 224, 10, 10, 1344, 10, 10, 1, 1, 0, 0, 1, 1, 1, 1, 1, 4, 0, 0, 0, 0, 0, 0, 0, 0, 0, 0, 0, 0, 0]",44,256,240844800.0,3713024.0,4783625951,4783648558,4783639756,4783734602,32768,146239,139231,710779,2,20467,87838,4,160,160,1
205,1,"[4, 0, 0, 0, 0, 0, 0, 0, 0, 0, 0, 0, 0, 0, 0, 4, 0, 0, 0, 0, 0, 0, 0, 0, 0, 0, 0, 0, 0, 0]",1344,512,4300800.0,8601600.0,4783862378,4784233247,4783873833,4784283364,144,513529,156510,710780,2,24116,52512,4,160,160,1
159,1,"[4, 4, 1344, 10, 10, 0, 0, 0, 0, 0, 0, 0, 0, 0, 0, 0, 0, 0, 0, 0, 0, 0, 0, 0, 0, 0, 0, 0, 0, 0]",1050,128,0.0,0.0,4784431590,4784440208,4784439874,4784447938,0,197149,197149,710781,1,8618,8064,4,160,160,1
203,1,"[4, 1344, 10, 10, 1344, 10, 10, 3, 3, 1, 1, 1, 1, 1, 1, 1344, 4, 0, 0, 0, 0, 0, 0, 0, 0, 0, 0, 0, 0, 0]",525,1024,0.0,0.0,4784633727,4784645919,4784645087,4784676959,0,158014,158014,710783,1,12192,31872,4,160,160,1
205,1,"[4, 0, 0, 0, 0, 0, 0, 0, 0, 0, 0, 0, 0, 0, 0, 4, 0, 0, 0, 0, 0, 0, 0, 0, 0, 0, 0, 0, 0, 0]",1344,512,4300800.0,8601600.0,4784824959,4785187639,4784834973,4785239640,144,498042,148286,710784,2,22903,54911,4,160,160,1
159,1,"[4, 4, 1344, 10, 10, 0, 0, 0, 0, 0, 0, 0, 0, 0, 0, 0, 0, 0, 0, 0, 0, 0, 0, 0, 0, 0, 0, 0, 0, 0]",1050,128,0.0,0.0,4785379765,4785388431,4785387926,4785395510,0,167517,167517,710785,1,8666,7584,4,160,160,1
199,1,"[4, 4, 1344, 10, 10, 0, 0, 0, 0, 0, 0, 0, 0, 0, 0, 0, 0, 0, 0, 0, 0, 0, 0, 0, 0, 0, 0, 0, 0, 0]",336,512,0.0,0.0,4785552047,4785563013,4785563027,4785576051,16,239933,239933,710787,1,10966,13024,4,160,160,1
203,1,"[4, 1344, 1, 1, 56, 1, 1, 1, 1, 0, 0, 1, 1, 1, 1, 1, 4, 0, 0, 0, 0, 0, 0, 0, 0, 0, 0, 0, 0, 0]",1344,128,0.0,0.0,4785803693,4785863229,4785815984,4785895279,4608,192350,186014,710788,3,27456,72959,4,160,160,1
159,1,"[4, 4, 56, 1, 1, 0, 0, 0, 0, 0, 0, 0, 0, 0, 0, 0, 0, 0, 0, 0, 0, 0, 0, 0, 0, 0, 0, 0, 0, 0]",1,128,0.0,0.0,4786073259,4786081503,4786081293,4786084077,0,251549,251549,710789,1,8244,2784,4,160,160,1
203,1,"[4, 56, 1, 1, 1344, 1, 1, 1, 1, 0, 0, 1, 1, 1, 1, 1, 4, 0, 0, 0, 0, 0, 0, 0, 0, 0, 0, 0, 0, 0]",42,128,0.0,0.0,4786323081,4786372997,4786335626,4786376169,2304,205118,175006,710791,2,21112,10431,4,160,160,1
156,1,"[4, 4, 1344, 1, 1, 0, 0, 0, 0, 0, 0, 0, 0, 0, 0, 0, 0, 0, 0, 0, 0, 0, 0, 0, 0, 0, 0, 0, 0, 0]",11,128,107520.0,43008.0,4786540479,4786551421,4786551175,4786553927,0,144126,144126,710792,1,10942,2752,4,160,160,1
23,1,"[4, 4, 1344, 1, 1, 0, 0, 0, 0, 0, 0, 0, 0, 0, 0, 4, 4, 1344, 10, 10, 0, 0, 0, 0, 0, 0, 0, 0, 0, 0]",2100,128,537600.0,4322304.0,4786688023,4786698094,4786698053,4786708421,0,255100,255100,710793,1,10071,10368,4,160,160,1
203,1,"[4, 1344, 10, 10, 224, 10, 10, 1, 1, 0, 0, 1, 1, 1, 1, 1, 4, 0, 0, 0, 0, 0, 0, 0, 0, 0, 0, 0, 0, 0]",16,256,240844800.0,3713024.0,4786950170,4786992928,4786963521,4787128384,32768,120092,94590,710794,3,25322,139361,4,160,160,1
205,1,"[4, 0, 0, 0, 0, 0, 0, 0, 0, 0, 0, 0, 0, 0, 0, 4, 0, 0, 0, 0, 0, 0, 0, 0, 0, 0, 0, 0, 0, 0]",224,512,716800.0,1433600.0,4787212080,4787737255,4787222974,4787747096,144,697719,185885,710795,2,24699,12288,4,160,160,1
234,1,"[4, 4, 1, 1, 1, 0, 0, 0, 0, 0, 0, 0, 0, 0, 0, 0, 0, 0, 0, 0, 0, 0, 0, 0, 0, 0, 0, 0, 0, 0]",350,256,89600.0,716816.0,4787920430,4788190719,4787932981,4788194258,0,367260,114015,710796,3,34341,8032,4,160,160,1
35,1,"[4, 4, 224, 10, 10, 0, 0, 0, 0, 0, 0, 0, 0, 0, 0, 4, 4, 224, 10, 10, 0, 0, 0, 0, 0, 0, 0, 0, 0, 0]",175,128,89600.0,1075200.0,4788297956,4788308353,4788308273,4788312529,0,274716,274716,710797,1,10397,4256,4,160,160,1
203,1,"[4, 224, 10, 10, 1344, 10, 10, 1, 1, 0, 0, 1, 1, 1, 1, 1, 4, 0, 0, 0, 0, 0, 0, 0, 0, 0, 0, 0, 0, 0]",44,256,240844800.0,3713024.0,4788573335,4788596682,4788587245,4788682188,32768,145374,137694,710798,2,21306,87263,4,160,160,1
205,1,"[4, 0, 0, 0, 0, 0, 0, 0, 0, 0, 0, 0, 0, 0, 0, 4, 0, 0, 0, 0, 0, 0, 0, 0, 0, 0, 0, 0, 0, 0]",1344,512,4300800.0,8601600.0,4788808961,4789183118,4788819882,4789232485,144,518938,158206,710799,2,23626,51871,4,160,160,1
159,1,"[4, 4, 1344, 10, 10, 0, 0, 0, 0, 0, 0, 0, 0, 0, 0, 0, 0, 0, 0, 0, 0, 0, 0, 0, 0, 0, 0, 0, 0, 0]",1050,128,0.0,0.0,4789382322,4789391064,4789390691,4789398595,0,197277,197277,710800,1,8742,7904,4,160,160,1
203,1,"[4, 1344, 10, 10, 1344, 10, 10, 3, 3, 1, 1, 1, 1, 1, 1, 1344, 4, 0, 0, 0, 0, 0, 0, 0, 0, 0, 0, 0, 0, 0]",525,1024,0.0,0.0,4789584103,4789596352,4789595872,4789627744,0,167998,167998,710802,1,12249,31872,4,160,160,1
205,1,"[4, 0, 0, 0, 0, 0, 0, 0, 0, 0, 0, 0, 0, 0, 0, 4, 0, 0, 0, 0, 0, 0, 0, 0, 0, 0, 0, 0, 0, 0]",1344,512,4300800.0,8601600.0,4789785298,4790149372,4789795742,4790201272,144,500186,149151,710803,2,22891,54495,4,160,160,1
159,1,"[4, 4, 1344, 10, 10, 0, 0, 0, 0, 0, 0, 0, 0, 0, 0, 0, 0, 0, 0, 0, 0, 0, 0, 0, 0, 0, 0, 0, 0, 0]",1050,128,0.0,0.0,4790342158,4790353689,4790350423,4790357815,0,175037,175037,710804,1,11531,7392,4,160,160,1
199,1,"[4, 4, 1344, 10, 10, 0, 0, 0, 0, 0, 0, 0, 0, 0, 0, 0, 0, 0, 0, 0, 0, 0, 0, 0, 0, 0, 0, 0, 0, 0]",336,512,0.0,0.0,4790521990,4790533205,4790532852,4790545972,16,234717,234717,710806,1,11215,13120,4,160,160,1
203,1,"[4, 1344, 1, 1, 56, 1, 1, 1, 1, 0, 0, 1, 1, 1, 1, 1, 4, 0, 0, 0, 0, 0, 0, 0, 0, 0, 0, 0, 0, 0]",1344,128,0.0,0.0,4790768194,4790826998,4790780689,4790860080,4608,195230,189342,710807,3,27017,73503,4,160,160,1
159,1,"[4, 4, 56, 1, 1, 0, 0, 0, 0, 0, 0, 0, 0, 0, 0, 0, 0, 0, 0, 0, 0, 0, 0, 0, 0, 0, 0, 0, 0, 0]",1,128,0.0,0.0,4791041153,4791049816,4791049422,4791052046,0,247869,247869,710808,1,8663,2624,4,160,160,1
203,1,"[4, 56, 1, 1, 1344, 1, 1, 1, 1, 0, 0, 1, 1, 1, 1, 1, 4, 0, 0, 0, 0, 0, 0, 0, 0, 0, 0, 0, 0, 0]",42,128,0.0,0.0,4791287660,4791339857,4791299915,4791343146,2304,203166,170846,710810,2,23810,10911,4,160,160,1
156,1,"[4, 4, 1344, 1, 1, 0, 0, 0, 0, 0, 0, 0, 0, 0, 0, 0, 0, 0, 0, 0, 0, 0, 0, 0, 0, 0, 0, 0, 0, 0]",11,128,107520.0,43008.0,4791503679,4791514269,4791513992,4791516712,0,140958,140958,710811,1,10590,2720,4,160,160,1
23,1,"[4, 4, 1344, 1, 1, 0, 0, 0, 0, 0, 0, 0, 0, 0, 0, 4, 4, 1344, 10, 10, 0, 0, 0, 0, 0, 0, 0, 0, 0, 0]",2100,128,537600.0,4322304.0,4791647381,4791657799,4791657670,4791668390,0,255901,255901,710812,1,10418,10720,4,160,160,1
203,1,"[4, 1344, 10, 10, 224, 10, 10, 1, 1, 0, 0, 1, 1, 1, 1, 1, 4, 0, 0, 0, 0, 0, 0, 0, 0, 0, 0, 0, 0, 0]",16,256,240844800.0,3713024.0,4791910771,4791954835,4791924291,4792090177,32768,117502,91135,710813,3,26234,139519,4,160,160,1
205,1,"[4, 0, 0, 0, 0, 0, 0, 0, 0, 0, 0, 0, 0, 0, 0, 4, 0, 0, 0, 0, 0, 0, 0, 0, 0, 0, 0, 0, 0, 0]",224,512,716800.0,1433600.0,4792170357,4792544969,4792181312,4792554907,144,546810,185502,710814,2,23958,12287,4,160,160,1
234,1,"[4, 4, 1, 1, 1, 0, 0, 0, 0, 0, 0, 0, 0, 0, 0, 0, 0, 0, 0, 0, 0, 0, 0, 0, 0, 0, 0, 0, 0, 0]",350,256,89600.0,716816.0,4792728451,4793000155,4792740409,4793003989,0,369564,114463,710815,3,33936,8479,4,160,160,1
35,1,"[4, 4, 224, 10, 10, 0, 0, 0, 0, 0, 0, 0, 0, 0, 0, 4, 4, 224, 10, 10, 0, 0, 0, 0, 0, 0, 0, 0, 0, 0]",175,128,89600.0,1075200.0,4793108479,4793118357,4793118452,4793122420,0,274684,274684,710816,1,9878,3968,4,160,160,1
203,1,"[4, 224, 10, 10, 1344, 10, 10, 1, 1, 0, 0, 1, 1, 1, 1, 1, 4, 0, 0, 0, 0, 0, 0, 0, 0, 0, 0, 0, 0, 0]",44,256,240844800.0,3713024.0,4793382647,4793406115,4793397104,4793491535,32768,150846,143582,710817,2,21274,87167,4,160,160,1
205,1,"[4, 0, 0, 0, 0, 0, 0, 0, 0, 0, 0, 0, 0, 0, 0, 4, 0, 0, 0, 0, 0, 0, 0, 0, 0, 0, 0, 0, 0, 0]",1344,512,4300800.0,8601600.0,4793624013,4794003764,4793635117,4794053256,144,520122,154014,710818,2,24105,52031,4,160,160,1
159,1,"[4, 4, 1344, 10, 10, 0, 0, 0, 0, 0, 0, 0, 0, 0, 0, 0, 0, 0, 0, 0, 0, 0, 0, 0, 0, 0, 0, 0, 0, 0]",1050,128,0.0,0.0,4794198971,4794207641,4794207270,4794215877,0,197022,197022,710819,1,8670,8607,4,160,160,1
203,1,"[4, 1344, 10, 10, 1344, 10, 10, 3, 3, 1, 1, 1, 1, 1, 1, 1344, 4, 0, 0, 0, 0, 0, 0, 0, 0, 0, 0, 0, 0, 0]",525,1024,0.0,0.0,4794400812,4794413657,4794412899,4794444643,0,159934,159934,710821,1,12845,31744,4,160,160,1
205,1,"[4, 0, 0, 0, 0, 0, 0, 0, 0, 0, 0, 0, 0, 0, 0, 4, 0, 0, 0, 0, 0, 0, 0, 0, 0, 0, 0, 0, 0, 0]",1344,512,4300800.0,8601600.0,4794594136,4795115495,4794604577,4795167354,144,659607,151646,710822,2,24612,54816,4,160,160,1
159,1,"[4, 4, 1344, 10, 10, 0, 0, 0, 0, 0, 0, 0, 0, 0, 0, 0, 0, 0, 0, 0, 0, 0, 0, 0, 0, 0, 0, 0, 0, 0]",1050,128,0.0,0.0,4795310630,4795319393,4795319000,4795326711,0,168798,168798,710823,1,8763,7711,4,160,160,1
199,1,"[4, 4, 1344, 10, 10, 0, 0, 0, 0, 0, 0, 0, 0, 0, 0, 0, 0, 0, 0, 0, 0, 0, 0, 0, 0, 0, 0, 0, 0, 0]",336,512,0.0,0.0,4795484984,4795495747,4795495509,4795508373,16,239869,239869,710825,1,10763,12864,4,160,160,1
203,1,"[4, 1344, 1, 1, 56, 1, 1, 1, 1, 0, 0, 1, 1, 1, 1, 1, 4, 0, 0, 0, 0, 0, 0, 0, 0, 0, 0, 0, 0, 0]",1344,128,0.0,0.0,4795735748,4795794984,4795748242,4795826641,4608,196126,190206,710826,3,27270,72479,4,160,160,1
159,1,"[4, 4, 56, 1, 1, 0, 0, 0, 0, 0, 0, 0, 0, 0, 0, 0, 0, 0, 0, 0, 0, 0, 0, 0, 0, 0, 0, 0, 0, 0]",1,128,0.0,0.0,4796009064,4796017060,4796016847,4796019439,0,245469,245469,710827,1,7996,2592,4,160,160,1
203,1,"[4, 56, 1, 1, 1344, 1, 1, 1, 1, 0, 0, 1, 1, 1, 1, 1, 4, 0, 0, 0, 0, 0, 0, 0, 0, 0, 0, 0, 0, 0]",42,128,0.0,0.0,4796252654,4796301762,4796264908,4796305003,2304,202718,173726,710829,2,20901,11103,4,160,160,1
156,1,"[4, 4, 1344, 1, 1, 0, 0, 0, 0, 0, 0, 0, 0, 0, 0, 0, 0, 0, 0, 0, 0, 0, 0, 0, 0, 0, 0, 0, 0, 0]",11,128,107520.0,43008.0,4796468483,4796479034,4796478729,4796481449,0,142366,142366,710830,1,10551,2720,4,160,160,1
23,1,"[4, 4, 1344, 1, 1, 0, 0, 0, 0, 0, 0, 0, 0, 0, 0, 4, 4, 1344, 10, 10, 0, 0, 0, 0, 0, 0, 0, 0, 0, 0]",2100,128,537600.0,4322304.0,4796613683,4796623761,4796623815,4796634695,0,256189,256189,710831,1,10078,10880,4,160,160,1
203,1,"[4, 1344, 10, 10, 224, 10, 10, 1, 1, 0, 0, 1, 1, 1, 1, 1, 4, 0, 0, 0, 0, 0, 0, 0, 0, 0, 0, 0, 0, 0]",16,256,240844800.0,3713024.0,4796877192,4796921894,4796890884,4797056769,32768,118974,92031,710832,3,26378,138942,4,160,160,1
205,1,"[4, 0, 0, 0, 0, 0, 0, 0, 0, 0, 0, 0, 0, 0, 0, 4, 0, 0, 0, 0, 0, 0, 0, 0, 0, 0, 0, 0, 0, 0]",224,512,716800.0,1433600.0,4797137398,4797514371,4797148800,4797524252,144,554649,191581,710833,2,24136,12384,4,160,160,1
234,1,"[4, 4, 1, 1, 1, 0, 0, 0, 0, 0, 0, 0, 0, 0, 0, 0, 0, 0, 0, 0, 0, 0, 0, 0, 0, 0, 0, 0, 0, 0]",350,256,89600.0,716816.0,4797703888,4797977808,4797715833,4797981238,0,370620,113278,710834,3,34485,8063,4,160,160,1
35,1,"[4, 4, 224, 10, 10, 0, 0, 0, 0, 0, 0, 0, 0, 0, 0, 4, 4, 224, 10, 10, 0, 0, 0, 0, 0, 0, 0, 0, 0, 0]",175,128,89600.0,1075200.0,4798084521,4798094485,4798094516,4798098612,0,270397,270397,710835,1,9964,4096,4,160,160,1
203,1,"[4, 224, 10, 10, 1344, 10, 10, 1, 1, 0, 0, 1, 1, 1, 1, 1, 4, 0, 0, 0, 0, 0, 0, 0, 0, 0, 0, 0, 0, 0]",44,256,240844800.0,3713024.0,4798355427,4798380871,4798369009,4798463568,32768,148702,141342,710836,2,23341,87199,4,160,160,1
205,1,"[4, 0, 0, 0, 0, 0, 0, 0, 0, 0, 0, 0, 0, 0, 0, 4, 0, 0, 0, 0, 0, 0, 0, 0, 0, 0, 0, 0, 0, 0]",1344,512,4300800.0,8601600.0,4798593641,4798962277,4798604910,4799011529,144,507450,152478,710837,2,23812,51647,4,160,160,1
159,1,"[4, 4, 1344, 10, 10, 0, 0, 0, 0, 0, 0, 0, 0, 0, 0, 0, 0, 0, 0, 0, 0, 0, 0, 0, 0, 0, 0, 0, 0, 0]",1050,128,0.0,0.0,4799155378,4799164280,4799164007,4799171719,0,195613,195613,710838,1,8902,7712,4,160,160,1
203,1,"[4, 1344, 10, 10, 1344, 10, 10, 3, 3, 1, 1, 1, 1, 1, 1, 1344, 4, 0, 0, 0, 0, 0, 0, 0, 0, 0, 0, 0, 0, 0]",525,1024,0.0,0.0,4799355748,4799367984,4799367332,4799399172,0,161758,161758,710840,1,12236,31840,4,160,160,1
205,1,"[4, 0, 0, 0, 0, 0, 0, 0, 0, 0, 0, 0, 0, 0, 0, 4, 0, 0, 0, 0, 0, 0, 0, 0, 0, 0, 0, 0, 0, 0]",1344,512,4300800.0,8601600.0,4799550653,4799912948,4799560930,4799964285,144,501273,151646,710841,2,23030,53728,4,160,160,1
159,1,"[4, 4, 1344, 10, 10, 0, 0, 0, 0, 0, 0, 0, 0, 0, 0, 0, 0, 0, 0, 0, 0, 0, 0, 0, 0, 0, 0, 0, 0, 0]",1050,128,0.0,0.0,4800107184,4800115891,4800115931,4800123771,0,166718,166718,710842,1,8707,7840,4,160,160,1
199,1,"[4, 4, 1344, 10, 10, 0, 0, 0, 0, 0, 0, 0, 0, 0, 0, 0, 0, 0, 0, 0, 0, 0, 0, 0, 0, 0, 0, 0, 0, 0]",336,512,0.0,0.0,4800279979,4800290637,4800290489,4800303705,16,236668,236668,710844,1,10658,13216,4,160,160,1
203,1,"[4, 1344, 1, 1, 56, 1, 1, 1, 1, 0, 0, 1, 1, 1, 1, 1, 4, 0, 0, 0, 0, 0, 0, 0, 0, 0, 0, 0, 0, 0]",1344,128,0.0,0.0,4800528022,4800586877,4800540373,4800619956,4608,193372,187614,710845,3,27026,73825,4,160,160,1
159,1,"[4, 4, 56, 1, 1, 0, 0, 0, 0, 0, 0, 0, 0, 0, 0, 0, 0, 0, 0, 0, 0, 0, 0, 0, 0, 0, 0, 0, 0, 0]",1,128,0.0,0.0,4800799402,4800807826,4800807570,4800810130,0,244541,244541,710846,1,8424,2560,4,160,160,1
203,1,"[4, 56, 1, 1, 1344, 1, 1, 1, 1, 0, 0, 1, 1, 1, 1, 1, 4, 0, 0, 0, 0, 0, 0, 0, 0, 0, 0, 0, 0, 0]",42,128,0.0,0.0,4801042870,4801091785,4801054671,4801094990,2304,201693,171774,710848,2,20236,10400,4,160,160,1
156,1,"[4, 4, 1344, 1, 1, 0, 0, 0, 0, 0, 0, 0, 0, 0, 0, 0, 0, 0, 0, 0, 0, 0, 0, 0, 0, 0, 0, 0, 0, 0]",11,128,107520.0,43008.0,4801256722,4801266982,4801266764,4801269484,0,143134,143134,710849,1,10260,2720,4,160,160,1
23,1,"[4, 4, 1344, 1, 1, 0, 0, 0, 0, 0, 0, 0, 0, 0, 0, 4, 4, 1344, 10, 10, 0, 0, 0, 0, 0, 0, 0, 0, 0, 0]",2100,128,537600.0,4322304.0,4801402192,4801412784,4801412618,4801423146,0,263069,263069,710850,1,10592,10528,4,160,160,1
203,1,"[4, 1344, 10, 10, 224, 10, 10, 1, 1, 0, 0, 1, 1, 1, 1, 1, 4, 0, 0, 0, 0, 0, 0, 0, 0, 0, 0, 0, 0, 0]",16,256,240844800.0,3713024.0,4801672049,4801717019,4801686215,4801852549,32768,119070,92159,710851,3,26772,139423,4,160,160,1
205,1,"[4, 0, 0, 0, 0, 0, 0, 0, 0, 0, 0, 0, 0, 0, 0, 4, 0, 0, 0, 0, 0, 0, 0, 0, 0, 0, 0, 0, 0, 0]",224,512,716800.0,1433600.0,4801933529,4802464773,4801944708,4802474589,144,706200,188574,710852,2,26211,12255,4,160,160,1
234,1,"[4, 4, 1, 1, 1, 0, 0, 0, 0, 0, 0, 0, 0, 0, 0, 0, 0, 0, 0, 0, 0, 0, 0, 0, 0, 0, 0, 0, 0, 0]",350,256,89600.0,716816.0,4802650767,4802920759,4802663163,4802924279,0,365756,112767,710853,3,34358,8127,4,160,160,1
35,1,"[4, 4, 224, 10, 10, 0, 0, 0, 0, 0, 0, 0, 0, 0, 0, 4, 4, 224, 10, 10, 0, 0, 0, 0, 0, 0, 0, 0, 0, 0]",175,128,89600.0,1075200.0,4803027473,4803037197,4803037046,4803041334,0,271708,271708,710854,1,9724,4288,4,160,160,1
203,1,"[4, 224, 10, 10, 1344, 10, 10, 1, 1, 0, 0, 1, 1, 1, 1, 1, 4, 0, 0, 0, 0, 0, 0, 0, 0, 0, 0, 0, 0, 0]",44,256,240844800.0,3713024.0,4803299034,4803322041,4803313042,4803407409,32768,147070,139774,710855,2,20845,87071,4,160,160,1
205,1,"[4, 0, 0, 0, 0, 0, 0, 0, 0, 0, 0, 0, 0, 0, 0, 4, 0, 0, 0, 0, 0, 0, 0, 0, 0, 0, 0, 0, 0, 0]",1344,512,4300800.0,8601600.0,4803535942,4803905304,4803547183,4803954762,144,507258,151454,710856,2,23579,51775,4,160,160,1
159,1,"[4, 4, 1344, 10, 10, 0, 0, 0, 0, 0, 0, 0, 0, 0, 0, 0, 0, 0, 0, 0, 0, 0, 0, 0, 0, 0, 0, 0, 0, 0]",1050,128,0.0,0.0,4804097816,4804106557,4804106216,4804113832,0,196798,196798,710857,1,8741,7616,4,160,160,1
203,1,"[4, 1344, 10, 10, 1344, 10, 10, 3, 3, 1, 1, 1, 1, 1, 1, 1344, 4, 0, 0, 0, 0, 0, 0, 0, 0, 0, 0, 0, 0, 0]",525,1024,0.0,0.0,4804298834,4804311267,4804310630,4804342501,0,160350,160350,710859,1,12433,31871,4,160,160,1
205,1,"[4, 0, 0, 0, 0, 0, 0, 0, 0, 0, 0, 0, 0, 0, 0, 4, 0, 0, 0, 0, 0, 0, 0, 0, 0, 0, 0, 0, 0, 0]",1344,512,4300800.0,8601600.0,4804492490,4804857306,4804502851,4804908990,144,501946,150366,710860,2,23374,54559,4,160,160,1
159,1,"[4, 4, 1344, 10, 10, 0, 0, 0, 0, 0, 0, 0, 0, 0, 0, 0, 0, 0, 0, 0, 0, 0, 0, 0, 0, 0, 0, 0, 0, 0]",1050,128,0.0,0.0,4805050929,4805059387,4805059356,4805067388,0,165342,165342,710861,1,8458,8032,4,160,160,1
199,1,"[4, 4, 1344, 10, 10, 0, 0, 0, 0, 0, 0, 0, 0, 0, 0, 0, 0, 0, 0, 0, 0, 0, 0, 0, 0, 0, 0, 0, 0, 0]",336,512,0.0,0.0,4805221573,4805232511,4805232730,4805246042,16,232637,232637,710863,1,10938,13312,4,160,160,1
203,1,"[4, 1344, 1, 1, 56, 1, 1, 1, 1, 0, 0, 1, 1, 1, 1, 1, 4, 0, 0, 0, 0, 0, 0, 0, 0, 0, 0, 0, 0, 0]",1344,128,0.0,0.0,4805465803,4805528158,4805478679,4805560150,4608,207196,198269,710864,3,30036,72544,4,160,160,1
159,1,"[4, 4, 56, 1, 1, 0, 0, 0, 0, 0, 0, 0, 0, 0, 0, 0, 0, 0, 0, 0, 0, 0, 0, 0, 0, 0, 0, 0, 0, 0]",1,128,0.0,0.0,4805750341,4805758722,4805758419,4805761107,0,246973,246973,710865,1,8381,2688,4,160,160,1
203,1,"[4, 56, 1, 1, 1344, 1, 1, 1, 1, 0, 0, 1, 1, 1, 1, 1, 4, 0, 0, 0, 0, 0, 0, 0, 0, 0, 0, 0, 0, 0]",42,128,0.0,0.0,4805995505,4806045652,4806008080,4806048848,2304,200637,170813,710867,2,21187,10944,4,160,160,1
156,1,"[4, 4, 1344, 1, 1, 0, 0, 0, 0, 0, 0, 0, 0, 0, 0, 0, 0, 0, 0, 0, 0, 0, 0, 0, 0, 0, 0, 0, 0, 0]",11,128,107520.0,43008.0,4806209754,4806219937,4806219661,4806222445,0,142846,142846,710868,1,10183,2784,4,160,160,1
23,1,"[4, 4, 1344, 1, 1, 0, 0, 0, 0, 0, 0, 0, 0, 0, 0, 4, 4, 1344, 10, 10, 0, 0, 0, 0, 0, 0, 0, 0, 0, 0]",2100,128,537600.0,4322304.0,4806355495,4806365150,4806365291,4806375499,0,259197,259197,710869,1,9655,10208,4,160,160,1
203,1,"[4, 1344, 10, 10, 224, 10, 10, 1, 1, 0, 0, 1, 1, 1, 1, 1, 4, 0, 0, 0, 0, 0, 0, 0, 0, 0, 0, 0, 0, 0]",16,256,240844800.0,3713024.0,4806620680,4806665076,4806634696,4806800614,32768,119327,92959,710870,3,25869,139550,4,160,160,1
205,1,"[4, 0, 0, 0, 0, 0, 0, 0, 0, 0, 0, 0, 0, 0, 0, 4, 0, 0, 0, 0, 0, 0, 0, 0, 0, 0, 0, 0, 0, 0]",224,512,716800.0,1433600.0,4806882506,4807254868,4806893573,4807264864,144,548344,189469,710871,2,23391,12416,4,160,160,1
234,1,"[4, 4, 1, 1, 1, 0, 0, 0, 0, 0, 0, 0, 0, 0, 0, 0, 0, 0, 0, 0, 0, 0, 0, 0, 0, 0, 0, 0, 0, 0]",350,256,89600.0,716816.0,4807442037,4807712636,4807454333,4807716250,0,367932,114143,710872,3,34023,8128,4,160,160,1
35,1,"[4, 4, 224, 10, 10, 0, 0, 0, 0, 0, 0, 0, 0, 0, 0, 4, 4, 224, 10, 10, 0, 0, 0, 0, 0, 0, 0, 0, 0, 0]",175,128,89600.0,1075200.0,4807820634,4807830436,4807830393,4807834489,0,271356,271356,710873,1,9802,4096,4,160,160,1
203,1,"[4, 224, 10, 10, 1344, 10, 10, 1, 1, 0, 0, 1, 1, 1, 1, 1, 4, 0, 0, 0, 0, 0, 0, 0, 0, 0, 0, 0, 0, 0]",44,256,240844800.0,3713024.0,4808092245,4808115215,4808105845,4808200596,32768,147647,140095,710874,2,20854,87199,4,160,160,1
205,1,"[4, 0, 0, 0, 0, 0, 0, 0, 0, 0, 0, 0, 0, 0, 0, 4, 0, 0, 0, 0, 0, 0, 0, 0, 0, 0, 0, 0, 0, 0]",1344,512,4300800.0,8601600.0,4808329733,4808699844,4808340691,4808748877,144,509978,153118,710875,2,23300,51326,4,160,160,1
159,1,"[4, 4, 1344, 10, 10, 0, 0, 0, 0, 0, 0, 0, 0, 0, 0, 0, 0, 0, 0, 0, 0, 0, 0, 0, 0, 0, 0, 0, 0, 0]",1050,128,0.0,0.0,4808893446,4808902262,4808901995,4808909451,0,198046,198046,710876,1,8816,7456,4,160,160,1
203,1,"[4, 1344, 10, 10, 1344, 10, 10, 3, 3, 1, 1, 1, 1, 1, 1, 1344, 4, 0, 0, 0, 0, 0, 0, 0, 0, 0, 0, 0, 0, 0]",525,1024,0.0,0.0,4809095286,4809108181,4809107497,4809139944,0,159422,159422,710878,1,12895,32447,4,160,160,1
205,1,"[4, 0, 0, 0, 0, 0, 0, 0, 0, 0, 0, 0, 0, 0, 0, 4, 0, 0, 0, 0, 0, 0, 0, 0, 0, 0, 0, 0, 0, 0]",1344,512,4300800.0,8601600.0,4809289034,4809824189,4809299366,4809876063,144,675800,153598,710879,2,24814,54495,4,160,160,1
159,1,"[4, 4, 1344, 10, 10, 0, 0, 0, 0, 0, 0, 0, 0, 0, 0, 0, 0, 0, 0, 0, 0, 0, 0, 0, 0, 0, 0, 0, 0, 0]",1050,128,0.0,0.0,4810021459,4810030048,4810029661,4810037245,0,168350,168350,710880,1,8589,7584,4,160,160,1
199,1,"[4, 4, 1344, 10, 10, 0, 0, 0, 0, 0, 0, 0, 0, 0, 0, 0, 0, 0, 0, 0, 0, 0, 0, 0, 0, 0, 0, 0, 0, 0]",336,512,0.0,0.0,4810194807,4810205790,4810205595,4810218906,16,234493,234493,710882,1,10983,13311,4,160,160,1
203,1,"[4, 1344, 1, 1, 56, 1, 1, 1, 1, 0, 0, 1, 1, 1, 1, 1, 4, 0, 0, 0, 0, 0, 0, 0, 0, 0, 0, 0, 0, 0]",1344,128,0.0,0.0,4810441190,4810503834,4810453399,4810533783,4608,197950,191997,710883,3,27031,74431,4,160,160,1
159,1,"[4, 4, 56, 1, 1, 0, 0, 0, 0, 0, 0, 0, 0, 0, 0, 0, 0, 0, 0, 0, 0, 0, 0, 0, 0, 0, 0, 0, 0, 0]",1,128,0.0,0.0,4810717616,4810726044,4810725780,4810728372,0,247965,247965,710884,1,8428,2592,4,160,160,1
203,1,"[4, 56, 1, 1, 1344, 1, 1, 1, 1, 0, 0, 1, 1, 1, 1, 1, 4, 0, 0, 0, 0, 0, 0, 0, 0, 0, 0, 0, 0, 0]",42,128,0.0,0.0,4810963917,4811012916,4810976337,4811016144,2304,200509,171902,710886,2,20971,11200,4,160,160,1
156,1,"[4, 4, 1344, 1, 1, 0, 0, 0, 0, 0, 0, 0, 0, 0, 0, 0, 0, 0, 0, 0, 0, 0, 0, 0, 0, 0, 0, 0, 0, 0]",11,128,107520.0,43008.0,4811177644,4811188612,4811188046,4811191022,0,145087,145087,710887,1,10968,2976,4,160,160,1
23,1,"[4, 4, 1344, 1, 1, 0, 0, 0, 0, 0, 0, 0, 0, 0, 0, 4, 4, 1344, 10, 10, 0, 0, 0, 0, 0, 0, 0, 0, 0, 0]",2100,128,537600.0,4322304.0,4811326084,4811336155,4811336109,4811346444,0,259453,259453,710888,1,10071,10335,4,160,160,1
203,1,"[4, 1344, 10, 10, 224, 10, 10, 1, 1, 0, 0, 1, 1, 1, 1, 1, 4, 0, 0, 0, 0, 0, 0, 0, 0, 0, 0, 0, 0, 0]",16,256,240844800.0,3713024.0,4811592144,4811635824,4811605897,4811771431,32768,116223,90143,710889,3,26049,139454,4,160,160,1
205,1,"[4, 0, 0, 0, 0, 0, 0, 0, 0, 0, 0, 0, 0, 0, 0, 4, 0, 0, 0, 0, 0, 0, 0, 0, 0, 0, 0, 0, 0, 0]",224,512,716800.0,1433600.0,4811850937,4812223591,4811861574,4812233729,144,541369,181662,710890,2,23103,12448,4,160,160,1
234,1,"[4, 4, 1, 1, 1, 0, 0, 0, 0, 0, 0, 0, 0, 0, 0, 0, 0, 0, 0, 0, 0, 0, 0, 0, 0, 0, 0, 0, 0, 0]",350,256,89600.0,716816.0,4812403570,4812676524,4812415391,4812680155,0,370523,113823,710891,3,36031,8064,4,160,160,1
35,1,"[4, 4, 224, 10, 10, 0, 0, 0, 0, 0, 0, 0, 0, 0, 0, 4, 4, 224, 10, 10, 0, 0, 0, 0, 0, 0, 0, 0, 0, 0]",175,128,89600.0,1075200.0,4812784559,4812793896,4812793978,4812798010,0,272028,272028,710892,1,9337,4032,4,160,160,1
203,1,"[4, 224, 10, 10, 1344, 10, 10, 1, 1, 0, 0, 1, 1, 1, 1, 1, 4, 0, 0, 0, 0, 0, 0, 0, 0, 0, 0, 0, 0, 0]",44,256,240844800.0,3713024.0,4813056650,4813078681,4813070038,4813164309,32768,142943,136031,710893,2,19990,87359,4,160,160,1
205,1,"[4, 0, 0, 0, 0, 0, 0, 0, 0, 0, 0, 0, 0, 0, 0, 4, 0, 0, 0, 0, 0, 0, 0, 0, 0, 0, 0, 0, 0, 0]",1344,512,4300800.0,8601600.0,4813289393,4813666801,4813300340,4813716814,144,524026,160030,710894,2,30439,52478,4,160,160,1
159,1,"[4, 4, 1344, 10, 10, 0, 0, 0, 0, 0, 0, 0, 0, 0, 0, 0, 0, 0, 0, 0, 0, 0, 0, 0, 0, 0, 0, 0, 0, 0]",1050,128,0.0,0.0,4813868589,4813877145,4813876844,4813885100,0,195197,195197,710895,1,8556,8256,4,160,160,1
203,1,"[4, 1344, 10, 10, 1344, 5, 5, 3, 3, 1, 1, 2, 2, 1, 1, 1344, 4, 0, 0, 0, 0, 0, 0, 0, 0, 0, 0, 0, 0, 0]",132,1024,0.0,0.0,4814068860,4814080894,4814080297,4814094473,0,174814,174814,710897,1,12034,14176,4,160,160,1
205,1,"[4, 0, 0, 0, 0, 0, 0, 0, 0, 0, 0, 0, 0, 0, 0, 4, 0, 0, 0, 0, 0, 0, 0, 0, 0, 0, 0, 0, 0, 0]",1344,512,1075200.0,2150400.0,4814259080,4814626632,4814269287,4814672930,144,509370,154366,710898,2,22847,48639,4,160,160,1
159,1,"[4, 4, 1344, 5, 5, 0, 0, 0, 0, 0, 0, 0, 0, 0, 0, 0, 0, 0, 0, 0, 0, 0, 0, 0, 0, 0, 0, 0, 0, 0]",263,128,0.0,0.0,4814818724,4814827530,4814827296,4814831264,0,169022,169022,710899,1,8806,3968,4,160,160,1
199,1,"[4, 4, 1344, 5, 5, 0, 0, 0, 0, 0, 0, 0, 0, 0, 0, 0, 0, 0, 0, 0, 0, 0, 0, 0, 0, 0, 0, 0, 0, 0]",168,512,0.0,0.0,4814989772,4815000510,4815000286,4815008670,16,235389,235389,710901,1,10738,8384,4,160,160,1
203,1,"[4, 1344, 1, 1, 56, 1, 1, 1, 1, 0, 0, 1, 1, 1, 1, 1, 4, 0, 0, 0, 0, 0, 0, 0, 0, 0, 0, 0, 0, 0]",1344,128,0.0,0.0,4815231546,4815290755,4815244059,4815323226,4608,195134,189054,710902,3,27038,73087,4,160,160,1
159,1,"[4, 4, 56, 1, 1, 0, 0, 0, 0, 0, 0, 0, 0, 0, 0, 0, 0, 0, 0, 0, 0, 0, 0, 0, 0, 0, 0, 0, 0, 0]",1,128,0.0,0.0,4815504567,4815512463,4815512280,4815514935,0,250845,250845,710903,1,7896,2655,4,160,160,1
203,1,"[4, 56, 1, 1, 1344, 1, 1, 1, 1, 0, 0, 1, 1, 1, 1, 1, 4, 0, 0, 0, 0, 0, 0, 0, 0, 0, 0, 0, 0, 0]",42,128,0.0,0.0,4815753574,4815802309,4815765780,4815805716,2304,200093,171069,710905,2,20621,10912,4,160,160,1
156,1,"[4, 4, 1344, 1, 1, 0, 0, 0, 0, 0, 0, 0, 0, 0, 0, 0, 0, 0, 0, 0, 0, 0, 0, 0, 0, 0, 0, 0, 0, 0]",11,128,107520.0,43008.0,4815966428,4815977103,4815976785,4815979473,0,142655,142655,710906,1,10675,2688,4,160,160,1
23,1,"[4, 4, 1344, 1, 1, 0, 0, 0, 0, 0, 0, 0, 0, 0, 0, 4, 4, 1344, 5, 5, 0, 0, 0, 0, 0, 0, 0, 0, 0, 0]",525,128,134400.0,1096704.0,4816112375,4816122295,4816122128,4816126159,0,269725,269725,710907,1,9920,4031,4,160,160,1
203,1,"[4, 1344, 5, 5, 384, 5, 5, 1, 1, 0, 0, 1, 1, 1, 1, 1, 4, 0, 0, 0, 0, 0, 0, 0, 0, 0, 0, 0, 0, 0]",168,256,103219200.0,2755584.0,4816381997,4816426998,4816395884,4816489515,41472,182430,165022,710908,4,37023,76223,4,160,160,1
205,1,"[4, 0, 0, 0, 0, 0, 0, 0, 0, 0, 0, 0, 0, 0, 0, 4, 0, 0, 0, 0, 0, 0, 0, 0, 0, 0, 0, 0, 0, 0]",384,512,307200.0,614400.0,4816643940,4817171985,4816654537,4817186658,144,812053,297148,710909,2,25000,17216,4,160,160,1
203,1,"[4, 384, 5, 5, 2304, 5, 5, 1, 1, 0, 0, 1, 1, 1, 1, 1, 4, 0, 0, 0, 0, 0, 0, 0, 0, 0, 0, 0, 0, 0]",288,256,176947200.0,4614144.0,4817468704,4817516222,4817483806,4817556989,25088,213822,194174,710910,4,39666,53535,4,160,160,1
205,1,"[4, 0, 0, 0, 0, 0, 0, 0, 0, 0, 0, 0, 0, 0, 0, 4, 0, 0, 0, 0, 0, 0, 0, 0, 0, 0, 0, 0, 0, 0]",2304,512,1843200.0,3686400.0,4817740350,4818119631,4817751163,4818196405,144,502906,137151,710911,2,23632,79487,4,160,160,1
159,1,"[4, 4, 2304, 5, 5, 0, 0, 0, 0, 0, 0, 0, 0, 0, 0, 0, 0, 0, 0, 0, 0, 0, 0, 0, 0, 0, 0, 0, 0, 0]",450,128,0.0,0.0,4818325061,4818333923,4818333556,4818337876,0,200669,200669,710912,1,8862,4320,4,160,160,1
203,1,"[4, 2304, 5, 5, 2304, 5, 5, 3, 3, 1, 1, 1, 1, 1, 1, 2304, 4, 0, 0, 0, 0, 0, 0, 0, 0, 0, 0, 0, 0, 0]",225,1024,0.0,0.0,4818527023,4818539172,4818538545,4818553521,0,175294,175294,710914,1,12149,14976,4,160,160,1
205,1,"[4, 0, 0, 0, 0, 0, 0, 0, 0, 0, 0, 0, 0, 0, 0, 4, 0, 0, 0, 0, 0, 0, 0, 0, 0, 0, 0, 0, 0, 0]",2304,512,1843200.0,3686400.0,4818718870,4819080380,4818728815,4819156905,144,472475,123199,710915,2,22890,78814,4,160,160,1
159,1,"[4, 4, 2304, 5, 5, 0, 0, 0, 0, 0, 0, 0, 0, 0, 0, 0, 0, 0, 0, 0, 0, 0, 0, 0, 0, 0, 0, 0, 0, 0]",450,128,0.0,0.0,4819271752,4819280411,4819280104,4819284456,0,174333,174333,710916,1,8659,4352,4,160,160,1
199,1,"[4, 4, 2304, 5, 5, 0, 0, 0, 0, 0, 0, 0, 0, 0, 0, 0, 0, 0, 0, 0, 0, 0, 0, 0, 0, 0, 0, 0, 0, 0]",288,512,0.0,0.0,4819448220,4819458934,4819458789,4819469093,16,257917,257917,710918,1,10714,10304,4,160,160,1
203,1,"[4, 2304, 1, 1, 96, 1, 1, 1, 1, 0, 0, 1, 1, 1, 1, 1, 4, 0, 0, 0, 0, 0, 0, 0, 0, 0, 0, 0, 0, 0]",3,256,1769472.0,923136.0,4819713190,4819777803,4819727010,4819850048,41472,162302,153566,710919,3,29885,114302,4,160,160,1
159,1,"[4, 4, 96, 1, 1, 0, 0, 0, 0, 0, 0, 0, 0, 0, 0, 0, 0, 0, 0, 0, 0, 0, 0, 0, 0, 0, 0, 0, 0, 0]",1,128,0.0,0.0,4819995641,4820003890,4820003614,4820006430,0,252093,252093,710920,1,8249,2816,4,160,160,1
203,1,"[4, 96, 1, 1, 2304, 1, 1, 1, 1, 0, 0, 1, 1, 1, 1, 1, 4, 0, 0, 0, 0, 0, 0, 0, 0, 0, 0, 0, 0, 0]",72,128,0.0,0.0,4820245934,4820295220,4820258523,4820298523,2304,201021,176349,710922,2,20826,15328,4,160,160,1
156,1,"[4, 4, 2304, 1, 1, 0, 0, 0, 0, 0, 0, 0, 0, 0, 0, 0, 0, 0, 0, 0, 0, 0, 0, 0, 0, 0, 0, 0, 0, 0]",18,128,184320.0,73728.0,4820464465,4820475130,4820474872,4820477561,0,144509,144509,710923,1,10665,2689,4,160,160,1
23,1,"[4, 4, 2304, 1, 1, 0, 0, 0, 0, 0, 0, 0, 0, 0, 0, 4, 4, 2304, 5, 5, 0, 0, 0, 0, 0, 0, 0, 0, 0, 0]",900,128,230400.0,1880064.0,4820612014,4820622191,4820622070,4820627063,0,264156,264156,710924,1,10177,4993,4,160,160,1
203,1,"[4, 2304, 5, 5, 384, 5, 5, 1, 1, 0, 0, 1, 1, 1, 1, 1, 4, 0, 0, 0, 0, 0, 0, 0, 0, 0, 0, 0, 0, 0]",288,256,176947200.0,4614144.0,4820877529,4820918705,4820891219,4821024658,41472,134719,121278,710925,4,33916,119998,4,160,160,1
205,1,"[4, 0, 0, 0, 0, 0, 0, 0, 0, 0, 0, 0, 0, 0, 0, 4, 0, 0, 0, 0, 0, 0, 0, 0, 0, 0, 0, 0, 0, 0]",384,512,307200.0,614400.0,4821135153,4821508058,4821145936,4821523275,144,548409,188606,710926,2,23453,17536,4,160,160,1
234,1,"[4, 4, 1, 1, 1, 0, 0, 0, 0, 0, 0, 0, 0, 0, 0, 0, 0, 0, 0, 0, 0, 0, 0, 0, 0, 0, 0, 0, 0, 0]",150,256,38400.0,307216.0,4821699745,4821974504,4821711881,4821977317,0,373339,115231,710927,3,33855,7328,4,160,160,1
35,1,"[4, 4, 384, 5, 5, 0, 0, 0, 0, 0, 0, 0, 0, 0, 0, 4, 4, 384, 5, 5, 0, 0, 0, 0, 0, 0, 0, 0, 0, 0]",75,128,38400.0,460800.0,4822082655,4822092663,4822092548,4822095428,0,276092,276092,710928,1,10008,2880,4,160,160,1
203,1,"[4, 384, 5, 5, 2304, 5, 5, 1, 1, 0, 0, 1, 1, 1, 1, 1, 4, 0, 0, 0, 0, 0, 0, 0, 0, 0, 0, 0, 0, 0]",288,256,176947200.0,4614144.0,4822357693,4822402622,4822371520,4822444543,25088,204829,185470,710929,4,37467,53664,4,160,160,1
205,1,"[4, 0, 0, 0, 0, 0, 0, 0, 0, 0, 0, 0, 0, 0, 0, 4, 0, 0, 0, 0, 0, 0, 0, 0, 0, 0, 0, 0, 0, 0]",2304,512,1843200.0,3686400.0,4822618981,4822994394,4822630013,4823071415,144,487738,125695,710930,2,23279,79359,4,160,160,1
159,1,"[4, 4, 2304, 5, 5, 0, 0, 0, 0, 0, 0, 0, 0, 0, 0, 0, 0, 0, 0, 0, 0, 0, 0, 0, 0, 0, 0, 0, 0, 0]",450,128,0.0,0.0,4823188699,4823197290,4823197110,4823201238,0,203421,203421,710931,1,8591,4128,4,160,160,1
203,1,"[4, 2304, 5, 5, 2304, 5, 5, 3, 3, 1, 1, 1, 1, 1, 1, 2304, 4, 0, 0, 0, 0, 0, 0, 0, 0, 0, 0, 0, 0, 0]",225,1024,0.0,0.0,4823393169,4823405386,4823404659,4823419955,0,176542,176542,710933,1,12217,15296,4,160,160,1
205,1,"[4, 0, 0, 0, 0, 0, 0, 0, 0, 0, 0, 0, 0, 0, 0, 4, 0, 0, 0, 0, 0, 0, 0, 0, 0, 0, 0, 0, 0, 0]",2304,512,1843200.0,3686400.0,4823586155,4823950361,4823596497,4824026955,144,474266,122655,710934,2,22587,78847,4,160,160,1
159,1,"[4, 4, 2304, 5, 5, 0, 0, 0, 0, 0, 0, 0, 0, 0, 0, 0, 0, 0, 0, 0, 0, 0, 0, 0, 0, 0, 0, 0, 0, 0]",450,128,0.0,0.0,4824140735,4824150035,4824149610,4824153770,0,329275,329275,710935,1,9300,4160,4,160,160,1
199,1,"[4, 4, 2304, 5, 5, 0, 0, 0, 0, 0, 0, 0, 0, 0, 0, 0, 0, 0, 0, 0, 0, 0, 0, 0, 0, 0, 0, 0, 0, 0]",288,512,0.0,0.0,4824469268,4824483450,4824483045,4824493190,16,276124,276124,710937,1,14182,10145,4,160,160,1
203,1,"[4, 2304, 1, 1, 96, 1, 1, 1, 1, 0, 0, 1, 1, 1, 1, 1, 4, 0, 0, 0, 0, 0, 0, 0, 0, 0, 0, 0, 0, 0]",3,256,1769472.0,923136.0,4824755307,4824823185,4824769314,4824891968,41472,164798,156254,710938,3,29678,114110,4,160,160,1
159,1,"[4, 4, 96, 1, 1, 0, 0, 0, 0, 0, 0, 0, 0, 0, 0, 0, 0, 0, 0, 0, 0, 0, 0, 0, 0, 0, 0, 0, 0, 0]",1,128,0.0,0.0,4825040283,4825048821,4825048222,4825051102,0,250237,250237,710939,1,8538,2880,4,160,160,1
203,1,"[4, 96, 1, 1, 2304, 1, 1, 1, 1, 0, 0, 1, 1, 1, 1, 1, 4, 0, 0, 0, 0, 0, 0, 0, 0, 0, 0, 0, 0, 0]",72,128,0.0,0.0,4825288922,4825338182,4825301339,4825341243,2304,200477,175837,710941,2,21309,15264,4,160,160,1
156,1,"[4, 4, 2304, 1, 1, 0, 0, 0, 0, 0, 0, 0, 0, 0, 0, 0, 0, 0, 0, 0, 0, 0, 0, 0, 0, 0, 0, 0, 0, 0]",18,128,184320.0,73728.0,4825506955,4825517460,4825517080,4825519768,0,149374,149374,710942,1,10505,2688,4,160,160,1
23,1,"[4, 4, 2304, 1, 1, 0, 0, 0, 0, 0, 0, 0, 0, 0, 0, 4, 4, 2304, 5, 5, 0, 0, 0, 0, 0, 0, 0, 0, 0, 0]",900,128,230400.0,1880064.0,4825658806,4825669290,4825669142,4825674391,0,267548,267548,710943,1,10484,5249,4,160,160,1
203,1,"[4, 2304, 5, 5, 384, 5, 5, 1, 1, 0, 0, 1, 1, 1, 1, 1, 4, 0, 0, 0, 0, 0, 0, 0, 0, 0, 0, 0, 0, 0]",288,256,176947200.0,4614144.0,4825927376,4825968723,4825941939,4826074482,41472,131806,118910,710944,4,33886,119647,4,160,160,1
205,1,"[4, 0, 0, 0, 0, 0, 0, 0, 0, 0, 0, 0, 0, 0, 0, 4, 0, 0, 0, 0, 0, 0, 0, 0, 0, 0, 0, 0, 0, 0]",384,512,307200.0,614400.0,4826182868,4826566438,4826193392,4826581451,144,553113,182846,710945,2,23931,17792,4,160,160,1
234,1,"[4, 4, 1, 1, 1, 0, 0, 0, 0, 0, 0, 0, 0, 0, 0, 0, 0, 0, 0, 0, 0, 0, 0, 0, 0, 0, 0, 0, 0, 0]",150,256,38400.0,307216.0,4826752087,4827026550,4826764297,4827029221,0,372859,115167,710946,3,34592,7232,4,160,160,1
35,1,"[4, 4, 384, 5, 5, 0, 0, 0, 0, 0, 0, 0, 0, 0, 0, 4, 4, 384, 5, 5, 0, 0, 0, 0, 0, 0, 0, 0, 0, 0]",75,128,38400.0,460800.0,4827134501,4827144518,4827144388,4827147268,0,281180,281180,710947,1,10017,2880,4,160,160,1
203,1,"[4, 384, 5, 5, 2304, 5, 5, 1, 1, 0, 0, 1, 1, 1, 1, 1, 4, 0, 0, 0, 0, 0, 0, 0, 0, 0, 0, 0, 0, 0]",288,256,176947200.0,4614144.0,4827414387,4827458284,4827428448,4827499679,25088,202973,184926,710948,4,36544,53184,4,160,160,1
205,1,"[4, 0, 0, 0, 0, 0, 0, 0, 0, 0, 0, 0, 0, 0, 0, 4, 0, 0, 0, 0, 0, 0, 0, 0, 0, 0, 0, 0, 0, 0]",2304,512,1843200.0,3686400.0,4827674135,4828044154,4827684605,4828120567,144,483290,126399,710949,2,23052,79071,4,160,160,1
159,1,"[4, 4, 2304, 5, 5, 0, 0, 0, 0, 0, 0, 0, 0, 0, 0, 0, 0, 0, 0, 0, 0, 0, 0, 0, 0, 0, 0, 0, 0, 0]",450,128,0.0,0.0,4828238041,4828247419,4828246966,4828250902,0,203101,203101,710950,1,9378,3936,4,160,160,1
203,1,"[4, 2304, 5, 5, 2304, 5, 5, 3, 3, 1, 1, 1, 1, 1, 1, 2304, 4, 0, 0, 0, 0, 0, 0, 0, 0, 0, 0, 0, 0, 0]",225,1024,0.0,0.0,4828442019,4828454368,4828454003,4828469011,0,174110,174110,710952,1,12349,15008,4,160,160,1
205,1,"[4, 0, 0, 0, 0, 0, 0, 0, 0, 0, 0, 0, 0, 0, 0, 4, 0, 0, 0, 0, 0, 0, 0, 0, 0, 0, 0, 0, 0, 0]",2304,512,1843200.0,3686400.0,4828632900,4828995668,4828643121,4829071915,144,475162,125055,710953,2,22786,78687,4,160,160,1
159,1,"[4, 4, 2304, 5, 5, 0, 0, 0, 0, 0, 0, 0, 0, 0, 0, 0, 0, 0, 0, 0, 0, 0, 0, 0, 0, 0, 0, 0, 0, 0]",450,128,0.0,0.0,4829188618,4829197239,4829196970,4829200906,0,179165,179165,710954,1,8621,3936,4,160,160,1
199,1,"[4, 4, 2304, 5, 5, 0, 0, 0, 0, 0, 0, 0, 0, 0, 0, 0, 0, 0, 0, 0, 0, 0, 0, 0, 0, 0, 0, 0, 0, 0]",288,512,0.0,0.0,4829369014,4829380212,4829380071,4829390439,16,260797,260797,710956,1,11198,10368,4,160,160,1
203,1,"[4, 2304, 1, 1, 96, 1, 1, 1, 1, 0, 0, 1, 1, 1, 1, 1, 4, 0, 0, 0, 0, 0, 0, 0, 0, 0, 0, 0, 0, 0]",3,256,1769472.0,923136.0,4829637715,4829709969,4829651236,4829781378,41472,175389,159454,710957,3,36150,114207,4,160,160,1
159,1,"[4, 4, 96, 1, 1, 0, 0, 0, 0, 0, 0, 0, 0, 0, 0, 0, 0, 0, 0, 0, 0, 0, 0, 0, 0, 0, 0, 0, 0, 0]",1,128,0.0,0.0,4829932474,4829941164,4829940832,4829943744,0,250717,250717,710958,1,8690,2912,4,160,160,1
203,1,"[4, 96, 1, 1, 2304, 1, 1, 1, 1, 0, 0, 1, 1, 1, 1, 1, 4, 0, 0, 0, 0, 0, 0, 0, 0, 0, 0, 0, 0, 0]",72,128,0.0,0.0,4830182080,4830231868,4830194461,4830235196,2304,203870,178494,710960,2,20766,15359,4,160,160,1
156,1,"[4, 4, 2304, 1, 1, 0, 0, 0, 0, 0, 0, 0, 0, 0, 0, 0, 0, 0, 0, 0, 0, 0, 0, 0, 0, 0, 0, 0, 0, 0]",18,128,184320.0,73728.0,4830403147,4830413969,4830413690,4830416474,0,143806,143806,710961,1,10822,2784,4,160,160,1
23,1,"[4, 4, 2304, 1, 1, 0, 0, 0, 0, 0, 0, 0, 0, 0, 0, 4, 4, 2304, 5, 5, 0, 0, 0, 0, 0, 0, 0, 0, 0, 0]",900,128,230400.0,1880064.0,4830550414,4830560401,4830560280,4830565304,0,265245,265245,710962,1,9987,5024,4,160,160,1
203,1,"[4, 2304, 5, 5, 384, 5, 5, 1, 1, 0, 0, 1, 1, 1, 1, 1, 4, 0, 0, 0, 0, 0, 0, 0, 0, 0, 0, 0, 0, 0]",288,256,176947200.0,4614144.0,4830816860,4830857870,4830830549,4830964019,41472,136574,122463,710963,4,33718,119359,4,160,160,1
205,1,"[4, 0, 0, 0, 0, 0, 0, 0, 0, 0, 0, 0, 0, 0, 0, 4, 0, 0, 0, 0, 0, 0, 0, 0, 0, 0, 0, 0, 0, 0]",384,512,307200.0,614400.0,4831075896,4831454112,4831086482,4831469197,144,548760,183485,710964,2,23412,17440,4,160,160,1
234,1,"[4, 4, 1, 1, 1, 0, 0, 0, 0, 0, 0, 0, 0, 0, 0, 0, 0, 0, 0, 0, 0, 0, 0, 0, 0, 0, 0, 0, 0, 0]",150,256,38400.0,307216.0,4831640424,4831916346,4831652682,4831919239,0,526714,267773,710965,3,34829,7616,4,160,160,1
35,1,"[4, 4, 384, 5, 5, 0, 0, 0, 0, 0, 0, 0, 0, 0, 0, 4, 4, 384, 5, 5, 0, 0, 0, 0, 0, 0, 0, 0, 0, 0]",75,128,38400.0,460800.0,4832174576,4832187229,4832187012,4832189988,0,289628,289628,710966,1,12653,2976,4,160,160,1
203,1,"[4, 384, 5, 5, 2304, 5, 5, 1, 1, 0, 0, 1, 1, 1, 1, 1, 4, 0, 0, 0, 0, 0, 0, 0, 0, 0, 0, 0, 0, 0]",288,256,176947200.0,4614144.0,4832465389,4832510220,4832479616,4832551167,25088,207358,189054,710967,4,37405,53247,4,160,160,1
205,1,"[4, 0, 0, 0, 0, 0, 0, 0, 0, 0, 0, 0, 0, 0, 0, 4, 0, 0, 0, 0, 0, 0, 0, 0, 0, 0, 0, 0, 0, 0]",2304,512,1843200.0,3686400.0,4832729452,4833099061,4832740221,4833175287,144,484698,128447,710968,2,23088,78815,4,160,160,1
159,1,"[4, 4, 2304, 5, 5, 0, 0, 0, 0, 0, 0, 0, 0, 0, 0, 0, 0, 0, 0, 0, 0, 0, 0, 0, 0, 0, 0, 0, 0, 0]",450,128,0.0,0.0,4833295243,4833304182,4833303734,4833307830,0,204285,204285,710969,1,8939,4096,4,160,160,1
203,1,"[4, 2304, 5, 5, 2304, 5, 5, 3, 3, 1, 1, 1, 1, 1, 1, 2304, 4, 0, 0, 0, 0, 0, 0, 0, 0, 0, 0, 0, 0, 0]",225,1024,0.0,0.0,4833500308,4833512789,4833512115,4833527187,0,184285,184285,710971,1,12481,15072,4,160,160,1
205,1,"[4, 0, 0, 0, 0, 0, 0, 0, 0, 0, 0, 0, 0, 0, 0, 4, 0, 0, 0, 0, 0, 0, 0, 0, 0, 0, 0, 0, 0, 0]",2304,512,1843200.0,3686400.0,4833700808,4834070995,4833711472,4834147659,144,484858,127774,710972,2,23494,79103,4,160,160,1
159,1,"[4, 4, 2304, 5, 5, 0, 0, 0, 0, 0, 0, 0, 0, 0, 0, 0, 0, 0, 0, 0, 0, 0, 0, 0, 0, 0, 0, 0, 0, 0]",450,128,0.0,0.0,4834266545,4834275735,4834275433,4834279273,0,174846,174846,710973,1,9190,3840,4,160,160,1
199,1,"[4, 4, 2304, 5, 5, 0, 0, 0, 0, 0, 0, 0, 0, 0, 0, 0, 0, 0, 0, 0, 0, 0, 0, 0, 0, 0, 0, 0, 0, 0]",288,512,0.0,0.0,4834443741,4834454291,4834454119,4834464551,16,261757,261757,710975,1,10550,10432,4,160,160,1
203,1,"[4, 2304, 1, 1, 96, 1, 1, 1, 1, 0, 0, 1, 1, 1, 1, 1, 4, 0, 0, 0, 0, 0, 0, 0, 0, 0, 0, 0, 0, 0]",3,256,1769472.0,923136.0,4834712600,4834777522,4834726308,4834849410,41472,163965,154974,710976,3,29458,114111,4,160,160,1
159,1,"[4, 4, 96, 1, 1, 0, 0, 0, 0, 0, 0, 0, 0, 0, 0, 0, 0, 0, 0, 0, 0, 0, 0, 0, 0, 0, 0, 0, 0, 0]",1,128,0.0,0.0,4834995972,4835004707,4835004384,4835007264,0,248317,248317,710977,1,8735,2880,4,160,160,1
203,1,"[4, 96, 1, 1, 2304, 1, 1, 1, 1, 0, 0, 1, 1, 1, 1, 1, 4, 0, 0, 0, 0, 0, 0, 0, 0, 0, 0, 0, 0, 0]",72,128,0.0,0.0,4835243295,4835296205,4835255581,4835296476,2304,202493,177150,710979,2,24002,15552,4,160,160,1
156,1,"[4, 4, 2304, 1, 1, 0, 0, 0, 0, 0, 0, 0, 0, 0, 0, 0, 0, 0, 0, 0, 0, 0, 0, 0, 0, 0, 0, 0, 0, 0]",18,128,184320.0,73728.0,4835463127,4835473875,4835473626,4835476378,0,143774,143774,710980,1,10748,2752,4,160,160,1
23,1,"[4, 4, 2304, 1, 1, 0, 0, 0, 0, 0, 0, 0, 0, 0, 0, 4, 4, 2304, 5, 5, 0, 0, 0, 0, 0, 0, 0, 0, 0, 0]",900,128,230400.0,1880064.0,4835609970,4835620197,4835620152,4835625432,0,266141,266141,710981,1,10227,5280,4,160,160,1
203,1,"[4, 2304, 5, 5, 384, 5, 5, 1, 1, 0, 0, 1, 1, 1, 1, 1, 4, 0, 0, 0, 0, 0, 0, 0, 0, 0, 0, 0, 0, 0]",288,256,176947200.0,4614144.0,4835877175,4835918825,4835891573,4836024595,41472,135486,122174,710982,4,34127,119710,4,160,160,1
205,1,"[4, 0, 0, 0, 0, 0, 0, 0, 0, 0, 0, 0, 0, 0, 0, 4, 0, 0, 0, 0, 0, 0, 0, 0, 0, 0, 0, 0, 0, 0]",384,512,307200.0,614400.0,4836136073,4836513538,4836146769,4836528493,144,546105,182173,710983,2,24266,17792,4,160,160,1
234,1,"[4, 4, 1, 1, 1, 0, 0, 0, 0, 0, 0, 0, 0, 0, 0, 0, 0, 0, 0, 0, 0, 0, 0, 0, 0, 0, 0, 0, 0, 0]",150,256,38400.0,307216.0,4836698622,4836974149,4836710666,4836976807,0,374460,115679,710984,3,34314,7360,4,160,160,1
35,1,"[4, 4, 384, 5, 5, 0, 0, 0, 0, 0, 0, 0, 0, 0, 0, 4, 4, 384, 5, 5, 0, 0, 0, 0, 0, 0, 0, 0, 0, 0]",75,128,38400.0,460800.0,4837082678,4837092534,4837092486,4837095654,0,276380,276380,710985,1,9856,3168,4,160,160,1
203,1,"[4, 384, 5, 5, 2304, 5, 5, 1, 1, 0, 0, 1, 1, 1, 1, 1, 4, 0, 0, 0, 0, 0, 0, 0, 0, 0, 0, 0, 0, 0]",288,256,176947200.0,4614144.0,4837357747,4837402614,4837372034,4837444417,25088,207006,188222,710986,4,34414,53599,4,160,160,1
205,1,"[4, 0, 0, 0, 0, 0, 0, 0, 0, 0, 0, 0, 0, 0, 0, 4, 0, 0, 0, 0, 0, 0, 0, 0, 0, 0, 0, 0, 0, 0]",2304,512,1843200.0,3686400.0,4837621886,4838007782,4837632639,4838084121,144,499034,126559,710987,2,24075,79007,4,160,160,1
159,1,"[4, 4, 2304, 5, 5, 0, 0, 0, 0, 0, 0, 0, 0, 0, 0, 0, 0, 0, 0, 0, 0, 0, 0, 0, 0, 0, 0, 0, 0, 0]",450,128,0.0,0.0,4838202203,4838211321,4838210680,4838214328,0,206461,206461,710988,1,9118,3648,4,160,160,1
203,1,"[4, 2304, 5, 5, 2304, 5, 5, 3, 3, 1, 1, 1, 1, 1, 1, 2304, 4, 0, 0, 0, 0, 0, 0, 0, 0, 0, 0, 0, 0, 0]",225,1024,0.0,0.0,4838409420,4838421610,4838420789,4838435765,0,180797,180797,710990,1,12190,14976,4,160,160,1
205,1,"[4, 0, 0, 0, 0, 0, 0, 0, 0, 0, 0, 0, 0, 0, 0, 4, 0, 0, 0, 0, 0, 0, 0, 0, 0, 0, 0, 0, 0, 0]",2304,512,1843200.0,3686400.0,4838606130,4838977323,4838616562,4839054253,144,484538,126078,710991,2,23226,79231,4,160,160,1
159,1,"[4, 4, 2304, 5, 5, 0, 0, 0, 0, 0, 0, 0, 0, 0, 0, 0, 0, 0, 0, 0, 0, 0, 0, 0, 0, 0, 0, 0, 0, 0]",450,128,0.0,0.0,4839171745,4839180798,4839180331,4839184523,0,324060,324060,710992,1,9053,4192,4,160,160,1
199,1,"[4, 4, 2304, 5, 5, 0, 0, 0, 0, 0, 0, 0, 0, 0, 0, 0, 0, 0, 0, 0, 0, 0, 0, 0, 0, 0, 0, 0, 0, 0]",288,512,0.0,0.0,4839494556,4839508823,4839508583,4839518855,16,274653,274653,710994,1,14267,10272,4,160,160,1
203,1,"[4, 2304, 1, 1, 96, 1, 1, 1, 1, 0, 0, 1, 1, 1, 1, 1, 4, 0, 0, 0, 0, 0, 0, 0, 0, 0, 0, 0, 0, 0]",3,256,1769472.0,923136.0,4839779813,4839843595,4839793508,4839916354,41472,164222,155582,710995,3,28747,114206,4,160,160,1
159,1,"[4, 4, 96, 1, 1, 0, 0, 0, 0, 0, 0, 0, 0, 0, 0, 0, 0, 0, 0, 0, 0, 0, 0, 0, 0, 0, 0, 0, 0, 0]",1,128,0.0,0.0,4840063973,4840072277,4840071936,4840074816,0,249501,249501,710996,1,8304,2880,4,160,160,1
203,1,"[4, 96, 1, 1, 2304, 1, 1, 1, 1, 0, 0, 1, 1, 1, 1, 1, 4, 0, 0, 0, 0, 0, 0, 0, 0, 0, 0, 0, 0, 0]",72,128,0.0,0.0,4840311762,4840365660,4840324317,4840365276,2304,204318,178302,710998,2,25248,14943,4,160,160,1
156,1,"[4, 4, 2304, 1, 1, 0, 0, 0, 0, 0, 0, 0, 0, 0, 0, 0, 0, 0, 0, 0, 0, 0, 0, 0, 0, 0, 0, 0, 0, 0]",18,128,184320.0,73728.0,4840532866,4840543825,4840543578,4840546298,0,141150,141150,710999,1,10959,2720,4,160,160,1
23,1,"[4, 4, 2304, 1, 1, 0, 0, 0, 0, 0, 0, 0, 0, 0, 0, 4, 4, 2304, 5, 5, 0, 0, 0, 0, 0, 0, 0, 0, 0, 0]",900,128,230400.0,1880064.0,4840677579,4840687542,4840687448,4840692408,0,268445,268445,711000,1,9963,4960,4,160,160,1
203,1,"[4, 2304, 5, 5, 384, 5, 5, 1, 1, 0, 0, 1, 1, 1, 1, 1, 4, 0, 0, 0, 0, 0, 0, 0, 0, 0, 0, 0, 0, 0]",288,256,176947200.0,4614144.0,4840947041,4840987996,4840960853,4841093843,41472,135487,122174,711001,4,33713,119677,4,160,160,1
205,1,"[4, 0, 0, 0, 0, 0, 0, 0, 0, 0, 0, 0, 0, 0, 0, 4, 0, 0, 0, 0, 0, 0, 0, 0, 0, 0, 0, 0, 0, 0]",384,512,307200.0,614400.0,4841204974,4841576591,4841216017,4841591372,144,544442,186750,711002,2,23923,17663,4,160,160,1
234,1,"[4, 4, 1, 1, 1, 0, 0, 0, 0, 0, 0, 0, 0, 0, 0, 0, 0, 0, 0, 0, 0, 0, 0, 0, 0, 0, 0, 0, 0, 0]",150,256,38400.0,307216.0,4841766385,4842040552,4841778122,4842043431,0,373563,115678,711003,3,33462,7424,4,160,160,1
35,1,"[4, 4, 384, 5, 5, 0, 0, 0, 0, 0, 0, 0, 0, 0, 0, 4, 4, 384, 5, 5, 0, 0, 0, 0, 0, 0, 0, 0, 0, 0]",75,128,38400.0,460800.0,4842149532,4842159256,4842159109,4842162181,0,276317,276317,711004,1,9724,3072,4,160,160,1
203,1,"[4, 384, 5, 5, 2304, 5, 5, 1, 1, 0, 0, 1, 1, 1, 1, 1, 4, 0, 0, 0, 0, 0, 0, 0, 0, 0, 0, 0, 0, 0]",288,256,176947200.0,4614144.0,4842424650,4842469297,4842438498,4842511073,25088,204700,185757,711005,4,37157,53632,4,160,160,1
205,1,"[4, 0, 0, 0, 0, 0, 0, 0, 0, 0, 0, 0, 0, 0, 0, 4, 0, 0, 0, 0, 0, 0, 0, 0, 0, 0, 0, 0, 0, 0]",2304,512,1843200.0,3686400.0,4842686046,4843057712,4842696830,4843134745,144,488953,130910,711006,2,23264,79872,4,160,160,1
159,1,"[4, 4, 2304, 5, 5, 0, 0, 0, 0, 0, 0, 0, 0, 0, 0, 0, 0, 0, 0, 0, 0, 0, 0, 0, 0, 0, 0, 0, 0, 0]",450,128,0.0,0.0,4843256943,4843266119,4843265655,4843269463,0,205277,205277,711007,1,9176,3808,4,160,160,1
203,1,"[4, 2304, 5, 5, 2304, 5, 5, 3, 3, 1, 1, 1, 1, 1, 1, 2304, 4, 0, 0, 0, 0, 0, 0, 0, 0, 0, 0, 0, 0, 0]",225,1024,0.0,0.0,4843463034,4843475550,4843474740,4843489748,0,177758,177758,711009,1,12516,15008,4,160,160,1
205,1,"[4, 0, 0, 0, 0, 0, 0, 0, 0, 0, 0, 0, 0, 0, 0, 4, 0, 0, 0, 0, 0, 0, 0, 0, 0, 0, 0, 0, 0, 0]",2304,512,1843200.0,3686400.0,4843657169,4844021382,4843667506,4844097869,144,479289,127774,711010,2,23067,78848,4,160,160,1
159,1,"[4, 4, 2304, 5, 5, 0, 0, 0, 0, 0, 0, 0, 0, 0, 0, 0, 0, 0, 0, 0, 0, 0, 0, 0, 0, 0, 0, 0, 0, 0]",450,128,0.0,0.0,4844217226,4844225912,4844225643,4844229867,0,172798,172798,711011,1,8686,4224,4,160,160,1
199,1,"[4, 4, 2304, 5, 5, 0, 0, 0, 0, 0, 0, 0, 0, 0, 0, 0, 0, 0, 0, 0, 0, 0, 0, 0, 0, 0, 0, 0, 0, 0]",288,512,0.0,0.0,4844391870,4844402848,4844402665,4844412873,16,259036,259036,711013,1,10978,10208,4,160,160,1
203,1,"[4, 2304, 1, 1, 96, 1, 1, 1, 1, 0, 0, 1, 1, 1, 1, 1, 4, 0, 0, 0, 0, 0, 0, 0, 0, 0, 0, 0, 0, 0]",3,256,1769472.0,923136.0,4844658275,4844722839,4844671909,4844795108,41472,162174,153054,711014,3,29437,114079,4,160,160,1
159,1,"[4, 4, 96, 1, 1, 0, 0, 0, 0, 0, 0, 0, 0, 0, 0, 0, 0, 0, 0, 0, 0, 0, 0, 0, 0, 0, 0, 0, 0, 0]",1,128,0.0,0.0,4844939757,4844948334,4844948162,4844951042,0,249757,249757,711015,1,8577,2880,4,160,160,1
203,1,"[4, 96, 1, 1, 2304, 1, 1, 1, 1, 0, 0, 1, 1, 1, 1, 1, 4, 0, 0, 0, 0, 0, 0, 0, 0, 0, 0, 0, 0, 0]",72,128,0.0,0.0,4845187901,4845241987,4845200799,4845243486,2304,204221,176798,711017,2,22833,15264,4,160,160,1
156,1,"[4, 4, 2304, 1, 1, 0, 0, 0, 0, 0, 0, 0, 0, 0, 0, 0, 0, 0, 0, 0, 0, 0, 0, 0, 0, 0, 0, 0, 0, 0]",18,128,184320.0,73728.0,4845409333,4845420150,4845420284,4845423004,0,144062,144062,711018,1,10817,2720,4,160,160,1
23,1,"[4, 4, 2304, 1, 1, 0, 0, 0, 0, 0, 0, 0, 0, 0, 0, 4, 4, 2304, 5, 5, 0, 0, 0, 0, 0, 0, 0, 0, 0, 0]",900,128,230400.0,1880064.0,4845556314,4845566455,4845567066,4845572058,0,273149,273149,711019,1,10141,4992,4,160,160,1
203,1,"[4, 2304, 5, 5, 384, 5, 5, 1, 1, 0, 0, 1, 1, 1, 1, 1, 4, 0, 0, 0, 0, 0, 0, 0, 0, 0, 0, 0, 0, 0]",288,256,176947200.0,4614144.0,4845831582,4845872241,4845845207,4845978005,41472,133982,120894,711020,4,33248,119710,4,160,160,1
205,1,"[4, 0, 0, 0, 0, 0, 0, 0, 0, 0, 0, 0, 0, 0, 0, 4, 0, 0, 0, 0, 0, 0, 0, 0, 0, 0, 0, 0, 0, 0]",384,512,307200.0,614400.0,4846088279,4846458458,4846098899,4846473358,144,534746,177854,711021,2,23293,17567,4,160,160,1
234,1,"[4, 4, 1, 1, 1, 0, 0, 0, 0, 0, 0, 0, 0, 0, 0, 0, 0, 0, 0, 0, 0, 0, 0, 0, 0, 0, 0, 0, 0, 0]",150,256,38400.0,307216.0,4846639506,4846909516,4846651212,4846912329,0,523321,269629,711022,3,33241,7425,4,160,160,1
35,1,"[4, 4, 384, 5, 5, 0, 0, 0, 0, 0, 0, 0, 0, 0, 0, 4, 4, 384, 5, 5, 0, 0, 0, 0, 0, 0, 0, 0, 0, 0]",75,128,38400.0,460800.0,4847169534,4847182138,4847181958,4847184901,0,288573,288573,711023,1,12604,2943,4,160,160,1
203,1,"[4, 384, 5, 5, 2304, 5, 5, 1, 1, 0, 0, 1, 1, 1, 1, 1, 4, 0, 0, 0, 0, 0, 0, 0, 0, 0, 0, 0, 0, 0]",288,256,176947200.0,4614144.0,4847459215,4847504719,4847473474,4847545473,25088,206878,187838,711024,4,37980,52959,4,160,160,1
205,1,"[4, 0, 0, 0, 0, 0, 0, 0, 0, 0, 0, 0, 0, 0, 0, 4, 0, 0, 0, 0, 0, 0, 0, 0, 0, 0, 0, 0, 0, 0]",2304,512,1843200.0,3686400.0,4847722722,4848097055,4847733311,4848174393,144,488154,127134,711025,2,23562,80062,4,160,160,1
159,1,"[4, 4, 2304, 5, 5, 0, 0, 0, 0, 0, 0, 0, 0, 0, 0, 0, 0, 0, 0, 0, 0, 0, 0, 0, 0, 0, 0, 0, 0, 0]",450,128,0.0,0.0,4848293015,4848301879,4848301527,4848305111,0,204510,204510,711026,1,8864,3584,4,160,160,1
203,1,"[4, 2304, 5, 5, 2304, 5, 5, 3, 3, 1, 1, 1, 1, 1, 1, 2304, 4, 0, 0, 0, 0, 0, 0, 0, 0, 0, 0, 0, 0, 0]",225,1024,0.0,0.0,4848498208,4848510187,4848509621,4848524564,0,174174,174174,711028,1,11979,14943,4,160,160,1
205,1,"[4, 0, 0, 0, 0, 0, 0, 0, 0, 0, 0, 0, 0, 0, 0, 4, 0, 0, 0, 0, 0, 0, 0, 0, 0, 0, 0, 0, 0, 0]",2304,512,1843200.0,3686400.0,4848688342,4849052511,4848698738,4849128909,144,478970,127614,711029,2,23172,78815,4,160,160,1
159,1,"[4, 4, 2304, 5, 5, 0, 0, 0, 0, 0, 0, 0, 0, 0, 0, 0, 0, 0, 0, 0, 0, 0, 0, 0, 0, 0, 0, 0, 0, 0]",450,128,0.0,0.0,4849248091,4849256828,4849256523,4849260779,0,175038,175038,711030,1,8737,4256,4,160,160,1
199,1,"[4, 4, 2304, 5, 5, 0, 0, 0, 0, 0, 0, 0, 0, 0, 0, 0, 0, 0, 0, 0, 0, 0, 0, 0, 0, 0, 0, 0, 0, 0]",288,512,0.0,0.0,4849424555,4849436002,4849435817,4849446057,16,269180,269180,711032,1,11447,10240,4,160,160,1
203,1,"[4, 2304, 1, 1, 96, 1, 1, 1, 1, 0, 0, 1, 1, 1, 1, 1, 4, 0, 0, 0, 0, 0, 0, 0, 0, 0, 0, 0, 0, 0]",3,256,1769472.0,923136.0,4849701233,4849766183,4849715237,4849838020,41472,170014,161310,711033,3,29590,114079,4,160,160,1
159,1,"[4, 4, 96, 1, 1, 0, 0, 0, 0, 0, 0, 0, 0, 0, 0, 0, 0, 0, 0, 0, 0, 0, 0, 0, 0, 0, 0, 0, 0, 0]",1,128,0.0,0.0,4849991133,4849999727,4849999330,4850002178,0,250909,250909,711034,1,8594,2848,4,160,160,1
203,1,"[4, 96, 1, 1, 2304, 1, 1, 1, 1, 0, 0, 1, 1, 1, 1, 1, 4, 0, 0, 0, 0, 0, 0, 0, 0, 0, 0, 0, 0, 0]",72,128,0.0,0.0,4850240726,4850292898,4850253087,4850293278,2304,199325,174526,711036,2,23712,15392,4,160,160,1
156,1,"[4, 4, 2304, 1, 1, 0, 0, 0, 0, 0, 0, 0, 0, 0, 0, 0, 0, 0, 0, 0, 0, 0, 0, 0, 0, 0, 0, 0, 0, 0]",18,128,184320.0,73728.0,4850457425,4850468011,4850467804,4850470492,0,140542,140542,711037,1,10586,2688,4,160,160,1
23,1,"[4, 4, 2304, 1, 1, 0, 0, 0, 0, 0, 0, 0, 0, 0, 0, 4, 4, 2304, 5, 5, 0, 0, 0, 0, 0, 0, 0, 0, 0, 0]",900,128,230400.0,1880064.0,4850601109,4850611081,4850611034,4850615962,0,262653,262653,711038,1,9972,4928,4,160,160,1
203,1,"[4, 2304, 5, 5, 384, 5, 5, 1, 1, 0, 0, 1, 1, 1, 1, 1, 4, 0, 0, 0, 0, 0, 0, 0, 0, 0, 0, 0, 0, 0]",288,256,176947200.0,4614144.0,4850864510,4850905724,4850878615,4851012085,41472,131869,118174,711039,4,34028,119775,4,160,160,1
205,1,"[4, 0, 0, 0, 0, 0, 0, 0, 0, 0, 0, 0, 0, 0, 0, 4, 0, 0, 0, 0, 0, 0, 0, 0, 0, 0, 0, 0, 0, 0]",384,512,307200.0,614400.0,4851119390,4851492975,4851130259,4851507791,144,538392,178237,711040,2,24338,17377,4,160,160,1
234,1,"[4, 4, 1, 1, 1, 0, 0, 0, 0, 0, 0, 0, 0, 0, 0, 0, 0, 0, 0, 0, 0, 0, 0, 0, 0, 0, 0, 0, 0, 0]",150,256,38400.0,307216.0,4851674147,4851944643,4851686028,4851947465,0,367868,113791,711041,3,33512,7360,4,160,160,1
35,1,"[4, 4, 384, 5, 5, 0, 0, 0, 0, 0, 0, 0, 0, 0, 0, 4, 4, 384, 5, 5, 0, 0, 0, 0, 0, 0, 0, 0, 0, 0]",75,128,38400.0,460800.0,4852052005,4852061359,4852061256,4852064200,0,276412,276412,711042,1,9354,2944,4,160,160,1
203,1,"[4, 384, 5, 5, 2304, 5, 5, 1, 1, 0, 0, 1, 1, 1, 1, 1, 4, 0, 0, 0, 0, 0, 0, 0, 0, 0, 0, 0, 0, 0]",288,256,176947200.0,4614144.0,4852326613,4852369866,4852340612,4852411235,25088,203582,186206,711043,4,35829,53247,4,160,160,1
205,1,"[4, 0, 0, 0, 0, 0, 0, 0, 0, 0, 0, 0, 0, 0, 0, 4, 0, 0, 0, 0, 0, 0, 0, 0, 0, 0, 0, 0, 0, 0]",2304,512,1843200.0,3686400.0,4852586748,4852954830,4852597441,4853031419,144,479834,124991,711044,2,23762,79135,4,160,160,1
159,1,"[4, 4, 2304, 5, 5, 0, 0, 0, 0, 0, 0, 0, 0, 0, 0, 0, 0, 0, 0, 0, 0, 0, 0, 0, 0, 0, 0, 0, 0, 0]",450,128,0.0,0.0,4853147766,4853159551,4853156410,4853160538,0,205917,205917,711045,1,11785,4128,4,160,160,1
203,1,"[4, 2304, 5, 5, 2304, 5, 5, 3, 3, 1, 1, 1, 1, 1, 1, 2304, 4, 0, 0, 0, 0, 0, 0, 0, 0, 0, 0, 0, 0, 0]",225,1024,0.0,0.0,4853354656,4853367006,4853366455,4853381463,0,173662,173662,711047,1,12350,15008,4,160,160,1
205,1,"[4, 0, 0, 0, 0, 0, 0, 0, 0, 0, 0, 0, 0, 0, 0, 4, 0, 0, 0, 0, 0, 0, 0, 0, 0, 0, 0, 0, 0, 0]",2304,512,1843200.0,3686400.0,4853544735,4853914987,4853555125,4853990671,144,480954,123550,711048,2,23337,78142,4,160,160,1
159,1,"[4, 4, 2304, 5, 5, 0, 0, 0, 0, 0, 0, 0, 0, 0, 0, 0, 0, 0, 0, 0, 0, 0, 0, 0, 0, 0, 0, 0, 0, 0]",450,128,0.0,0.0,4854105866,4854114666,4854114221,4854118350,0,326811,326811,711049,1,8800,4129,4,160,160,1
199,1,"[4, 4, 2304, 5, 5, 0, 0, 0, 0, 0, 0, 0, 0, 0, 0, 0, 0, 0, 0, 0, 0, 0, 0, 0, 0, 0, 0, 0, 0, 0]",288,512,0.0,0.0,4854431243,4854445560,4854445161,4854455369,16,275549,275549,711051,1,14317,10208,4,160,160,1
203,1,"[4, 2304, 1, 1, 96, 1, 1, 1, 1, 0, 0, 1, 1, 1, 1, 1, 4, 0, 0, 0, 0, 0, 0, 0, 0, 0, 0, 0, 0, 0]",3,256,1769472.0,923136.0,4854717314,4854781595,4854730918,4854853668,41472,161758,153150,711052,3,29282,114142,4,160,160,1
159,1,"[4, 4, 96, 1, 1, 0, 0, 0, 0, 0, 0, 0, 0, 0, 0, 0, 0, 0, 0, 0, 0, 0, 0, 0, 0, 0, 0, 0, 0, 0]",1,128,0.0,0.0,4854998688,4855007110,4855006818,4855009602,0,245917,245917,711053,1,8422,2784,4,160,160,1
203,1,"[4, 96, 1, 1, 2304, 1, 1, 1, 1, 0, 0, 1, 1, 1, 1, 1, 4, 0, 0, 0, 0, 0, 0, 0, 0, 0, 0, 0, 0, 0]",72,128,0.0,0.0,4855243357,4855295169,4855255519,4855298431,2304,202589,175006,711055,2,20578,15329,4,160,160,1
156,1,"[4, 4, 2304, 1, 1, 0, 0, 0, 0, 0, 0, 0, 0, 0, 0, 0, 0, 0, 0, 0, 0, 0, 0, 0, 0, 0, 0, 0, 0, 0]",18,128,184320.0,73728.0,4855462667,4855473744,4855473437,4855476124,0,143070,143070,711056,1,11077,2687,4,160,160,1
23,1,"[4, 4, 2304, 1, 1, 0, 0, 0, 0, 0, 0, 0, 0, 0, 0, 4, 4, 2304, 5, 5, 0, 0, 0, 0, 0, 0, 0, 0, 0, 0]",900,128,230400.0,1880064.0,4855608745,4855618957,4855619194,4855624282,0,260541,260541,711057,1,10212,5088,4,160,160,1
203,1,"[4, 2304, 5, 5, 384, 5, 5, 1, 1, 0, 0, 1, 1, 1, 1, 1, 4, 0, 0, 0, 0, 0, 0, 0, 0, 0, 0, 0, 0, 0]",288,256,176947200.0,4614144.0,4855871139,4855911657,4855884823,4856017461,41472,131871,119039,711058,4,33216,119806,4,160,160,1
205,1,"[4, 0, 0, 0, 0, 0, 0, 0, 0, 0, 0, 0, 0, 0, 0, 4, 0, 0, 0, 0, 0, 0, 0, 0, 0, 0, 0, 0, 0, 0]",384,512,307200.0,614400.0,4856125816,4856494697,4856136500,4856510063,144,535482,179806,711059,2,23224,17887,4,160,160,1
234,1,"[4, 4, 1, 1, 1, 0, 0, 0, 0, 0, 0, 0, 0, 0, 0, 0, 0, 0, 0, 0, 0, 0, 0, 0, 0, 0, 0, 0, 0, 0]",150,256,38400.0,307216.0,4856678281,4856952954,4856689869,4856955785,0,374043,115455,711060,3,33051,7328,4,160,160,1
35,1,"[4, 4, 384, 5, 5, 0, 0, 0, 0, 0, 0, 0, 0, 0, 0, 4, 4, 384, 5, 5, 0, 0, 0, 0, 0, 0, 0, 0, 0, 0]",75,128,38400.0,460800.0,4857061768,4857071126,4857071240,4857074312,0,276413,276413,711061,1,9358,3072,4,160,160,1
203,1,"[4, 384, 5, 5, 2304, 5, 5, 1, 1, 0, 0, 1, 1, 1, 1, 1, 4, 0, 0, 0, 0, 0, 0, 0, 0, 0, 0, 0, 0, 0]",288,256,176947200.0,4614144.0,4857336717,4857381321,4857350725,4857422339,25088,202942,184414,711062,4,37228,53086,4,160,160,1
205,1,"[4, 0, 0, 0, 0, 0, 0, 0, 0, 0, 0, 0, 0, 0, 0, 4, 0, 0, 0, 0, 0, 0, 0, 0, 0, 0, 0, 0, 0, 0]",2304,512,1843200.0,3686400.0,4857596110,4857972891,4857606753,4858049500,144,487001,123486,711063,2,23229,79232,4,160,160,1
159,1,"[4, 4, 2304, 5, 5, 0, 0, 0, 0, 0, 0, 0, 0, 0, 0, 0, 0, 0, 0, 0, 0, 0, 0, 0, 0, 0, 0, 0, 0, 0]",450,128,0.0,0.0,4858164800,4858176270,4858172986,4858176666,0,201310,201310,711064,1,11470,3680,4,160,160,1
203,1,"[4, 2304, 5, 5, 2304, 5, 5, 3, 3, 1, 1, 1, 1, 1, 1, 2304, 4, 0, 0, 0, 0, 0, 0, 0, 0, 0, 0, 0, 0, 0]",225,1024,0.0,0.0,4858366754,4858378828,4858377976,4858392919,0,172958,172958,711066,1,12074,14943,4,160,160,1
205,1,"[4, 0, 0, 0, 0, 0, 0, 0, 0, 0, 0, 0, 0, 0, 0, 4, 0, 0, 0, 0, 0, 0, 0, 0, 0, 0, 0, 0, 0, 0]",2304,512,1843200.0,3686400.0,4858556144,4858914762,4858565877,4858990768,144,471994,125502,711067,2,22758,78399,4,160,160,1
159,1,"[4, 4, 2304, 5, 5, 0, 0, 0, 0, 0, 0, 0, 0, 0, 0, 0, 0, 0, 0, 0, 0, 0, 0, 0, 0, 0, 0, 0, 0, 0]",450,128,0.0,0.0,4859107538,4859119159,4859116270,4859120526,0,172382,172382,711068,1,11621,4256,4,160,160,1
199,1,"[4, 4, 2304, 5, 5, 0, 0, 0, 0, 0, 0, 0, 0, 0, 0, 0, 0, 0, 0, 0, 0, 0, 0, 0, 0, 0, 0, 0, 0, 0]",288,512,0.0,0.0,4859282418,4859293231,4859292908,4859303052,16,255900,255900,711070,1,10813,10144,4,160,160,1
203,1,"[4, 2304, 1, 1, 96, 1, 1, 1, 1, 0, 0, 1, 1, 1, 1, 1, 4, 0, 0, 0, 0, 0, 0, 0, 0, 0, 0, 0, 0, 0]",3,256,1769472.0,923136.0,4859545368,4859608155,4859558952,4859681479,41472,158974,150622,711071,3,28723,114175,4,160,160,1
159,1,"[4, 4, 96, 1, 1, 0, 0, 0, 0, 0, 0, 0, 0, 0, 0, 0, 0, 0, 0, 0, 0, 0, 0, 0, 0, 0, 0, 0, 0, 0]",1,128,0.0,0.0,4859823995,4859832341,4859832101,4859834885,0,246301,246301,711072,1,8346,2784,4,160,160,1
203,1,"[4, 96, 1, 1, 2304, 1, 1, 1, 1, 0, 0, 1, 1, 1, 1, 1, 4, 0, 0, 0, 0, 0, 0, 0, 0, 0, 0, 0, 0, 0]",72,128,0.0,0.0,4860069087,4860121472,4860081186,4860124738,2304,200413,171869,711074,2,20717,15008,4,160,160,1
156,1,"[4, 4, 2304, 1, 1, 0, 0, 0, 0, 0, 0, 0, 0, 0, 0, 0, 0, 0, 0, 0, 0, 0, 0, 0, 0, 0, 0, 0, 0, 0]",18,128,184320.0,73728.0,4860286547,4860296916,4860296607,4860299295,0,139902,139902,711075,1,10369,2688,4,160,160,1
23,1,"[4, 4, 2304, 1, 1, 0, 0, 0, 0, 0, 0, 0, 0, 0, 0, 4, 4, 2304, 5, 5, 0, 0, 0, 0, 0, 0, 0, 0, 0, 0]",900,128,230400.0,1880064.0,4860429404,4860439275,4860439197,4860444221,0,263037,263037,711076,1,9871,5024,4,160,160,1
203,1,"[4, 2304, 5, 5, 384, 5, 5, 1, 1, 0, 0, 1, 1, 1, 1, 1, 4, 0, 0, 0, 0, 0, 0, 0, 0, 0, 0, 0, 0, 0]",288,256,176947200.0,4614144.0,4860693504,4860734477,4860707258,4860840504,41472,134047,120607,711077,4,33810,119806,4,160,160,1
205,1,"[4, 0, 0, 0, 0, 0, 0, 0, 0, 0, 0, 0, 0, 0, 0, 4, 0, 0, 0, 0, 0, 0, 0, 0, 0, 0, 0, 0, 0, 0]",384,512,307200.0,614400.0,4860950123,4861323291,4860961111,4861338098,144,538873,179166,711078,2,23902,17280,4,160,160,1
234,1,"[4, 4, 1, 1, 1, 0, 0, 0, 0, 0, 0, 0, 0, 0, 0, 0, 0, 0, 0, 0, 0, 0, 0, 0, 0, 0, 0, 0, 0, 0]",150,256,38400.0,307216.0,4861505463,4861788070,4861517264,4861790892,0,573625,307292,711079,3,33382,7295,4,160,160,1
35,1,"[4, 4, 384, 5, 5, 0, 0, 0, 0, 0, 0, 0, 0, 0, 0, 4, 4, 384, 5, 5, 0, 0, 0, 0, 0, 0, 0, 0, 0, 0]",75,128,38400.0,460800.0,4862085398,4862098505,4862098184,4862101160,0,295836,295836,711080,1,13107,2976,4,160,160,1
203,1,"[4, 384, 5, 5, 2304, 5, 5, 1, 1, 0, 0, 1, 1, 1, 1, 1, 4, 0, 0, 0, 0, 0, 0, 0, 0, 0, 0, 0, 0, 0]",288,256,176947200.0,4614144.0,4862382440,4862424050,4862396996,4862465156,25088,199741,184701,711081,4,34318,53120,4,160,160,1
205,1,"[4, 0, 0, 0, 0, 0, 0, 0, 0, 0, 0, 0, 0, 0, 0, 4, 0, 0, 0, 0, 0, 0, 0, 0, 0, 0, 0, 0, 0, 0]",2304,512,1843200.0,3686400.0,4862639342,4863005394,4862649857,4863082876,144,476538,123646,711082,2,22959,80127,4,160,160,1
159,1,"[4, 4, 2304, 5, 5, 0, 0, 0, 0, 0, 0, 0, 0, 0, 0, 0, 0, 0, 0, 0, 0, 0, 0, 0, 0, 0, 0, 0, 0, 0]",450,128,0.0,0.0,4863197855,4863209875,4863206522,4863210170,0,203902,203902,711083,1,12020,3648,4,160,160,1
203,1,"[4, 2304, 5, 5, 2304, 5, 5, 3, 3, 1, 1, 1, 1, 1, 1, 2304, 4, 0, 0, 0, 0, 0, 0, 0, 0, 0, 0, 0, 0, 0]",225,1024,0.0,0.0,4863402618,4863414618,4863414072,4863429080,0,171933,171933,711085,1,12000,15008,4,160,160,1
205,1,"[4, 0, 0, 0, 0, 0, 0, 0, 0, 0, 0, 0, 0, 0, 0, 4, 0, 0, 0, 0, 0, 0, 0, 0, 0, 0, 0, 0, 0, 0]",2304,512,1843200.0,3686400.0,4863591038,4863955708,4863601013,4864031600,144,477722,125374,711086,2,22734,78239,4,160,160,1
159,1,"[4, 4, 2304, 5, 5, 0, 0, 0, 0, 0, 0, 0, 0, 0, 0, 0, 0, 0, 0, 0, 0, 0, 0, 0, 0, 0, 0, 0, 0, 0]",450,128,0.0,0.0,4864148727,4864160103,4864156974,4864161102,0,172638,172638,711087,1,11376,4128,4,160,160,1
199,1,"[4, 4, 2304, 5, 5, 0, 0, 0, 0, 0, 0, 0, 0, 0, 0, 0, 0, 0, 0, 0, 0, 0, 0, 0, 0, 0, 0, 0, 0, 0]",288,512,0.0,0.0,4864323217,4864333872,4864333740,4864343820,16,257373,257373,711089,1,10655,10080,4,160,160,1
203,1,"[4, 2304, 1, 1, 96, 1, 1, 1, 1, 0, 0, 1, 1, 1, 1, 1, 4, 0, 0, 0, 0, 0, 0, 0, 0, 0, 0, 0, 0, 0]",3,256,1769472.0,923136.0,4864587396,4864651373,4864601193,4864723815,41472,161342,153086,711090,3,29181,114366,4,160,160,1
159,1,"[4, 4, 96, 1, 1, 0, 0, 0, 0, 0, 0, 0, 0, 0, 0, 0, 0, 0, 0, 0, 0, 0, 0, 0, 0, 0, 0, 0, 0, 0]",1,128,0.0,0.0,4864868337,4864877246,4864876901,4864879909,0,245949,245949,711091,1,8909,3008,4,160,160,1
203,1,"[4, 96, 1, 1, 2304, 1, 1, 1, 1, 0, 0, 1, 1, 1, 1, 1, 4, 0, 0, 0, 0, 0, 0, 0, 0, 0, 0, 0, 0, 0]",72,128,0.0,0.0,4865112882,4865165301,4865125858,4865168481,2304,199965,172606,711093,2,21668,15264,4,160,160,1
156,1,"[4, 4, 2304, 1, 1, 0, 0, 0, 0, 0, 0, 0, 0, 0, 0, 0, 0, 0, 0, 0, 0, 0, 0, 0, 0, 0, 0, 0, 0, 0]",18,128,184320.0,73728.0,4865330151,4865341081,4865341087,4865343871,0,141086,141086,711094,1,10930,2784,4,160,160,1
23,1,"[4, 4, 2304, 1, 1, 0, 0, 0, 0, 0, 0, 0, 0, 0, 0, 4, 4, 2304, 5, 5, 0, 0, 0, 0, 0, 0, 0, 0, 0, 0]",900,128,230400.0,1880064.0,4865475045,4865485218,4865484957,4865490397,0,270717,270717,711095,1,10173,5440,4,160,160,1
203,1,"[4, 2304, 5, 5, 384, 5, 5, 1, 1, 0, 0, 1, 1, 1, 1, 1, 4, 0, 0, 0, 0, 0, 0, 0, 0, 0, 0, 0, 0, 0]",288,256,176947200.0,4614144.0,4865747535,4865788294,4865761114,4865894328,41472,137535,124095,711096,4,33445,119774,4,160,160,1
205,1,"[4, 0, 0, 0, 0, 0, 0, 0, 0, 0, 0, 0, 0, 0, 0, 4, 0, 0, 0, 0, 0, 0, 0, 0, 0, 0, 0, 0, 0, 0]",384,512,307200.0,614400.0,4866007689,4866378261,4866018423,4866393330,144,536248,179165,711097,2,23671,17824,4,160,160,1
234,1,"[4, 4, 1, 1, 1, 0, 0, 0, 0, 0, 0, 0, 0, 0, 0, 0, 0, 0, 0, 0, 0, 0, 0, 0, 0, 0, 0, 0, 0, 0]",150,256,38400.0,307216.0,4866560846,4866830359,4866572495,4866833100,0,367451,114111,711098,3,33336,7265,4,160,160,1
35,1,"[4, 4, 384, 5, 5, 0, 0, 0, 0, 0, 0, 0, 0, 0, 0, 4, 4, 384, 5, 5, 0, 0, 0, 0, 0, 0, 0, 0, 0, 0]",75,128,38400.0,460800.0,4866937184,4866947290,4866947211,4866950314,0,275389,275389,711099,1,10106,3103,4,160,160,1
203,1,"[4, 384, 5, 5, 2304, 5, 5, 1, 1, 0, 0, 1, 1, 1, 1, 1, 4, 0, 0, 0, 0, 0, 0, 0, 0, 0, 0, 0, 0, 0]",288,256,176947200.0,4614144.0,4867211363,4867253489,4867225703,4867294598,25088,201535,185918,711100,4,34786,53278,4,160,160,1
205,1,"[4, 0, 0, 0, 0, 0, 0, 0, 0, 0, 0, 0, 0, 0, 0, 4, 0, 0, 0, 0, 0, 0, 0, 0, 0, 0, 0, 0, 0, 0]",2304,512,1843200.0,3686400.0,4867469979,4867838470,4867480516,4867914783,144,481562,126366,711101,2,23296,79071,4,160,160,1
159,1,"[4, 4, 2304, 5, 5, 0, 0, 0, 0, 0, 0, 0, 0, 0, 0, 0, 0, 0, 0, 0, 0, 0, 0, 0, 0, 0, 0, 0, 0, 0]",450,128,0.0,0.0,4868032359,4868044537,4868041149,4868044797,0,203645,203645,711102,1,12178,3648,4,160,160,1
203,1,"[4, 2304, 5, 5, 2304, 5, 5, 3, 3, 1, 1, 1, 1, 1, 1, 2304, 4, 0, 0, 0, 0, 0, 0, 0, 0, 0, 0, 0, 0, 0]",225,1024,0.0,0.0,4868236675,4868249253,4868248442,4868263450,0,172542,172542,711104,1,12578,15008,4,160,160,1
205,1,"[4, 0, 0, 0, 0, 0, 0, 0, 0, 0, 0, 0, 0, 0, 0, 4, 0, 0, 0, 0, 0, 0, 0, 0, 0, 0, 0, 0, 0, 0]",2304,512,1843200.0,3686400.0,4868425888,4868786961,4868435992,4868863347,144,474489,125822,711105,2,22584,78688,4,160,160,1
159,1,"[4, 4, 2304, 5, 5, 0, 0, 0, 0, 0, 0, 0, 0, 0, 0, 0, 0, 0, 0, 0, 0, 0, 0, 0, 0, 0, 0, 0, 0, 0]",450,128,0.0,0.0,4868980658,4868992492,4868989169,4868993265,0,324219,324219,711106,1,11834,4096,4,160,160,1
199,1,"[4, 4, 2304, 5, 5, 0, 0, 0, 0, 0, 0, 0, 0, 0, 0, 0, 0, 0, 0, 0, 0, 0, 0, 0, 0, 0, 0, 0, 0, 0]",288,512,0.0,0.0,4869304239,4869318016,4869317484,4869327724,16,268989,268989,711108,1,13777,10240,4,160,160,1
203,1,"[4, 2304, 1, 1, 96, 1, 1, 1, 1, 0, 0, 1, 1, 1, 1, 1, 4, 0, 0, 0, 0, 0, 0, 0, 0, 0, 0, 0, 0, 0]",3,256,1769472.0,923136.0,4869582831,4869647337,4869596713,4869719559,41472,169630,160990,711109,3,29757,114206,4,160,160,1
159,1,"[4, 4, 96, 1, 1, 0, 0, 0, 0, 0, 0, 0, 0, 0, 0, 0, 0, 0, 0, 0, 0, 0, 0, 0, 0, 0, 0, 0, 0, 0]",1,128,0.0,0.0,4869872440,4869880854,4869880549,4869883429,0,246653,246653,711110,1,8414,2880,4,160,160,1
203,1,"[4, 96, 1, 1, 2304, 1, 1, 1, 1, 0, 0, 1, 1, 1, 1, 1, 4, 0, 0, 0, 0, 0, 0, 0, 0, 0, 0, 0, 0, 0]",72,128,0.0,0.0,4870117812,4870169908,4870130082,4870173410,2304,202750,174590,711112,2,23758,15168,4,160,160,1
156,1,"[4, 4, 2304, 1, 1, 0, 0, 0, 0, 0, 0, 0, 0, 0, 0, 0, 0, 0, 0, 0, 0, 0, 0, 0, 0, 0, 0, 0, 0, 0]",18,128,184320.0,73728.0,4870337573,4870348237,4870348000,4870350719,0,141215,141215,711113,1,10664,2719,4,160,160,1
23,1,"[4, 4, 2304, 1, 1, 0, 0, 0, 0, 0, 0, 0, 0, 0, 0, 4, 4, 2304, 5, 5, 0, 0, 0, 0, 0, 0, 0, 0, 0, 0]",900,128,230400.0,1880064.0,4870481918,4870492030,4870491934,4870496894,0,262492,262492,711114,1,10112,4960,4,160,160,1
203,1,"[4, 2304, 5, 5, 384, 5, 5, 1, 1, 0, 0, 1, 1, 1, 1, 1, 4, 0, 0, 0, 0, 0, 0, 0, 0, 0, 0, 0, 0, 0]",288,256,176947200.0,4614144.0,4870745642,4870786689,4870759386,4870892921,41472,132734,119390,711115,4,33651,120191,4,160,160,1
205,1,"[4, 0, 0, 0, 0, 0, 0, 0, 0, 0, 0, 0, 0, 0, 0, 4, 0, 0, 0, 0, 0, 0, 0, 0, 0, 0, 0, 0, 0, 0]",384,512,307200.0,614400.0,4871001745,4871368388,4871012311,4871383538,144,528282,174558,711116,2,23794,17503,4,160,160,1
234,1,"[4, 4, 1, 1, 1, 0, 0, 0, 0, 0, 0, 0, 0, 0, 0, 0, 0, 0, 0, 0, 0, 0, 0, 0, 0, 0, 0, 0, 0, 0]",150,256,38400.0,307216.0,4871546562,4871813519,4871558096,4871816429,0,367069,116063,711117,3,33320,7327,4,160,160,1
35,1,"[4, 4, 384, 5, 5, 0, 0, 0, 0, 0, 0, 0, 0, 0, 0, 4, 4, 384, 5, 5, 0, 0, 0, 0, 0, 0, 0, 0, 0, 0]",75,128,38400.0,460800.0,4871922232,4871932439,4871932492,4871935468,0,284700,284700,711118,1,10207,2976,4,160,160,1
203,1,"[4, 384, 5, 5, 2304, 5, 5, 1, 1, 0, 0, 1, 1, 1, 1, 1, 4, 0, 0, 0, 0, 0, 0, 0, 0, 0, 0, 0, 0, 0]",288,256,176947200.0,4614144.0,4872205822,4872248267,4872220168,4872289127,25088,207260,192029,711119,4,34879,53728,4,160,160,1
205,1,"[4, 0, 0, 0, 0, 0, 0, 0, 0, 0, 0, 0, 0, 0, 0, 4, 0, 0, 0, 0, 0, 0, 0, 0, 0, 0, 0, 0, 0, 0]",2304,512,1843200.0,3686400.0,4872470005,4872841843,4872481156,4872918463,144,486970,128894,711120,2,24199,79231,4,160,160,1
159,1,"[4, 4, 2304, 5, 5, 0, 0, 0, 0, 0, 0, 0, 0, 0, 0, 0, 0, 0, 0, 0, 0, 0, 0, 0, 0, 0, 0, 0, 0, 0]",450,128,0.0,0.0,4873038552,4873047689,4873047357,4873051229,0,201406,201406,711121,1,9137,3872,4,160,160,1
203,1,"[4, 2304, 5, 5, 2304, 5, 5, 3, 3, 1, 1, 1, 1, 1, 1, 2304, 4, 0, 0, 0, 0, 0, 0, 0, 0, 0, 0, 0, 0, 0]",225,1024,0.0,0.0,4873240185,4873253406,4873252635,4873267547,0,180125,180125,711123,1,13221,14912,4,160,160,1
205,1,"[4, 0, 0, 0, 0, 0, 0, 0, 0, 0, 0, 0, 0, 0, 0, 4, 0, 0, 0, 0, 0, 0, 0, 0, 0, 0, 0, 0, 0, 0]",2304,512,1843200.0,3686400.0,4873437357,4873809815,4873447672,4873885715,144,485081,125502,711124,2,24226,78464,4,160,160,1
159,1,"[4, 4, 2304, 5, 5, 0, 0, 0, 0, 0, 0, 0, 0, 0, 0, 0, 0, 0, 0, 0, 0, 0, 0, 0, 0, 0, 0, 0, 0, 0]",450,128,0.0,0.0,4874002615,4874015195,4874011217,4874015057,0,177438,177438,711125,1,12580,3840,4,160,160,1
199,1,"[4, 4, 2304, 5, 5, 0, 0, 0, 0, 0, 0, 0, 0, 0, 0, 0, 0, 0, 0, 0, 0, 0, 0, 0, 0, 0, 0, 0, 0, 0]",288,512,0.0,0.0,4874181167,4874192722,4874192495,4874202702,16,261725,261725,711127,1,11555,10207,4,160,160,1
203,1,"[4, 2304, 1, 1, 96, 1, 1, 1, 1, 0, 0, 1, 1, 1, 1, 1, 4, 0, 0, 0, 0, 0, 0, 0, 0, 0, 0, 0, 0, 0]",3,256,1769472.0,923136.0,4874450899,4874515319,4874464427,4874586954,41472,160094,151646,711128,3,28657,114079,4,160,160,1
159,1,"[4, 4, 96, 1, 1, 0, 0, 0, 0, 0, 0, 0, 0, 0, 0, 0, 0, 0, 0, 0, 0, 0, 0, 0, 0, 0, 0, 0, 0, 0]",1,128,0.0,0.0,4874730840,4874738943,4874738600,4874741448,0,253693,253693,711129,1,8103,2848,4,160,160,1
203,1,"[4, 96, 1, 1, 2304, 1, 1, 1, 1, 0, 0, 1, 1, 1, 1, 1, 4, 0, 0, 0, 0, 0, 0, 0, 0, 0, 0, 0, 0, 0]",72,128,0.0,0.0,4874982129,4875034863,4874995141,4875038148,2304,200222,172446,711131,2,24441,15231,4,160,160,1
156,1,"[4, 4, 2304, 1, 1, 0, 0, 0, 0, 0, 0, 0, 0, 0, 0, 0, 0, 0, 0, 0, 0, 0, 0, 0, 0, 0, 0, 0, 0, 0]",18,128,184320.0,73728.0,4875200512,4875210854,4875210594,4875213346,0,141182,141182,711132,1,10342,2752,4,160,160,1
23,1,"[4, 4, 2304, 1, 1, 0, 0, 0, 0, 0, 0, 0, 0, 0, 0, 4, 4, 2304, 5, 5, 0, 0, 0, 0, 0, 0, 0, 0, 0, 0]",900,128,230400.0,1880064.0,4875344610,4875354722,4875354528,4875359904,0,263357,263357,711133,1,10112,5376,4,160,160,1
203,1,"[4, 2304, 5, 5, 384, 5, 5, 1, 1, 0, 0, 1, 1, 1, 1, 1, 4, 0, 0, 0, 0, 0, 0, 0, 0, 0, 0, 0, 0, 0]",288,256,176947200.0,4614144.0,4875609487,4875650601,4875623261,4875756411,41472,133856,120607,711134,4,33949,119901,4,160,160,1
205,1,"[4, 0, 0, 0, 0, 0, 0, 0, 0, 0, 0, 0, 0, 0, 0, 4, 0, 0, 0, 0, 0, 0, 0, 0, 0, 0, 0, 0, 0, 0]",384,512,307200.0,614400.0,4875866100,4876235983,4875877018,4876250933,144,536664,180381,711135,2,23402,17632,4,160,160,1
234,1,"[4, 4, 1, 1, 1, 0, 0, 0, 0, 0, 0, 0, 0, 0, 0, 0, 0, 0, 0, 0, 0, 0, 0, 0, 0, 0, 0, 0, 0, 0]",150,256,38400.0,307216.0,4876419495,4876692254,4876431314,4876695055,0,524538,268125,711136,3,33274,7328,4,160,160,1
35,1,"[4, 4, 384, 5, 5, 0, 0, 0, 0, 0, 0, 0, 0, 0, 0, 4, 4, 384, 5, 5, 0, 0, 0, 0, 0, 0, 0, 0, 0, 0]",75,128,38400.0,460800.0,4876950607,4876963142,4876963180,4876966284,0,290620,290620,711137,1,12535,3104,4,160,160,1
203,1,"[4, 384, 5, 5, 2304, 5, 5, 1, 1, 0, 0, 1, 1, 1, 1, 1, 4, 0, 0, 0, 0, 0, 0, 0, 0, 0, 0, 0, 0, 0]",288,256,176947200.0,4614144.0,4877242593,4877284805,4877256904,4877325863,25088,205630,189950,711138,4,34754,53279,4,160,160,1
205,1,"[4, 0, 0, 0, 0, 0, 0, 0, 0, 0, 0, 0, 0, 0, 0, 4, 0, 0, 0, 0, 0, 0, 0, 0, 0, 0, 0, 0, 0, 0]",2304,512,1843200.0,3686400.0,4877504756,4877884328,4877515813,4877960863,144,496249,130526,711139,2,24535,79327,4,160,160,1
159,1,"[4, 4, 2304, 5, 5, 0, 0, 0, 0, 0, 0, 0, 0, 0, 0, 0, 0, 0, 0, 0, 0, 0, 0, 0, 0, 0, 0, 0, 0, 0]",450,128,0.0,0.0,4878082556,4878091832,4878091389,4878095005,0,202974,202974,711140,1,9276,3616,4,160,160,1
203,1,"[4, 2304, 5, 5, 2304, 5, 5, 3, 3, 1, 1, 1, 1, 1, 1, 2304, 4, 0, 0, 0, 0, 0, 0, 0, 0, 0, 0, 0, 0, 0]",225,1024,0.0,0.0,4878286553,4878298746,4878297979,4878312923,0,175709,175709,711142,1,12193,14944,4,160,160,1
205,1,"[4, 0, 0, 0, 0, 0, 0, 0, 0, 0, 0, 0, 0, 0, 0, 4, 0, 0, 0, 0, 0, 0, 0, 0, 0, 0, 0, 0, 0, 0]",2304,512,1843200.0,3686400.0,4878478747,4878838355,4878488632,4878914387,144,471226,123870,711143,2,22104,78399,4,160,160,1
159,1,"[4, 4, 2304, 5, 5, 0, 0, 0, 0, 0, 0, 0, 0, 0, 0, 0, 0, 0, 0, 0, 0, 0, 0, 0, 0, 0, 0, 0, 0, 0]",450,128,0.0,0.0,4879029891,4879038677,4879038257,4879041873,0,168798,168798,711144,1,8786,3616,4,160,160,1
199,1,"[4, 4, 2304, 5, 5, 0, 0, 0, 0, 0, 0, 0, 0, 0, 0, 0, 0, 0, 0, 0, 0, 0, 0, 0, 0, 0, 0, 0, 0, 0]",288,512,0.0,0.0,4879199822,4879210838,4879210671,4879220943,16,261789,261789,711146,1,11016,10272,4,160,160,1
203,1,"[4, 2304, 1, 1, 96, 1, 1, 1, 1, 0, 0, 1, 1, 1, 1, 1, 4, 0, 0, 0, 0, 0, 0, 0, 0, 0, 0, 0, 0, 0]",3,256,1769472.0,923136.0,4879468837,4879531955,4879482732,4879605834,41472,160573,151710,711147,3,29139,114239,4,160,160,1
159,1,"[4, 4, 96, 1, 1, 0, 0, 0, 0, 0, 0, 0, 0, 0, 0, 0, 0, 0, 0, 0, 0, 0, 0, 0, 0, 0, 0, 0, 0, 0]",1,128,0.0,0.0,4879749158,4879757820,4879757544,4879760456,0,246365,246365,711148,1,8662,2912,4,160,160,1
203,1,"[4, 96, 1, 1, 2304, 1, 1, 1, 1, 0, 0, 1, 1, 1, 1, 1, 4, 0, 0, 0, 0, 0, 0, 0, 0, 0, 0, 0, 0, 0]",72,128,0.0,0.0,4879994312,4880047200,4880006821,4880050405,2304,199292,170685,711150,2,24476,14977,4,160,160,1
156,1,"[4, 4, 2304, 1, 1, 0, 0, 0, 0, 0, 0, 0, 0, 0, 0, 0, 0, 0, 0, 0, 0, 0, 0, 0, 0, 0, 0, 0, 0, 0]",18,128,184320.0,73728.0,4880210797,4880221371,4880221090,4880223842,0,142014,142014,711151,1,10574,2752,4,160,160,1
23,1,"[4, 4, 2304, 1, 1, 0, 0, 0, 0, 0, 0, 0, 0, 0, 0, 4, 4, 2304, 5, 5, 0, 0, 0, 0, 0, 0, 0, 0, 0, 0]",900,128,230400.0,1880064.0,4880356149,4880365860,4880365856,4880371104,0,262333,262333,711152,1,9711,5248,4,160,160,1
203,1,"[4, 2304, 5, 5, 384, 5, 5, 1, 1, 0, 0, 1, 1, 1, 1, 1, 4, 0, 0, 0, 0, 0, 0, 0, 0, 0, 0, 0, 0, 0]",288,256,176947200.0,4614144.0,4880619659,4880660738,4880633437,4880766588,41472,132510,118878,711153,4,33726,119519,4,160,160,1
205,1,"[4, 0, 0, 0, 0, 0, 0, 0, 0, 0, 0, 0, 0, 0, 0, 4, 0, 0, 0, 0, 0, 0, 0, 0, 0, 0, 0, 0, 0, 0]",384,512,307200.0,614400.0,4880875066,4881246342,4880885466,4881261301,144,538585,180158,711154,2,23445,17408,4,160,160,1
234,1,"[4, 4, 1, 1, 1, 0, 0, 0, 0, 0, 0, 0, 0, 0, 0, 0, 0, 0, 0, 0, 0, 0, 0, 0, 0, 0, 0, 0, 0, 0]",150,256,38400.0,307216.0,4881429347,4881713342,4881441459,4881716143,0,388220,120863,711155,3,34486,7327,4,160,160,1
35,1,"[4, 4, 384, 5, 5, 0, 0, 0, 0, 0, 0, 0, 0, 0, 0, 4, 4, 384, 5, 5, 0, 0, 0, 0, 0, 0, 0, 0, 0, 0]",75,128,38400.0,460800.0,4881827428,4881837106,4881837006,4881840014,0,278908,278908,711156,1,9678,3008,4,160,160,1
203,1,"[4, 384, 5, 5, 2304, 5, 5, 1, 1, 0, 0, 1, 1, 1, 1, 1, 4, 0, 0, 0, 0, 0, 0, 0, 0, 0, 0, 0, 0, 0]",288,256,176947200.0,4614144.0,4882105231,4882146507,4882118922,4882188233,25088,200350,184862,711157,4,33834,53823,4,160,160,1
205,1,"[4, 0, 0, 0, 0, 0, 0, 0, 0, 0, 0, 0, 0, 0, 0, 4, 0, 0, 0, 0, 0, 0, 0, 0, 0, 0, 0, 0, 0, 0]",2304,512,1843200.0,3686400.0,4882362372,4882725725,4882373095,4882802530,144,479065,129054,711158,2,22898,79424,4,160,160,1
159,1,"[4, 4, 2304, 5, 5, 0, 0, 0, 0, 0, 0, 0, 0, 0, 0, 0, 0, 0, 0, 0, 0, 0, 0, 0, 0, 0, 0, 0, 0, 0]",450,128,0.0,0.0,4882922659,4882931902,4882931584,4882935232,0,200381,200381,711159,1,9243,3648,4,160,160,1
203,1,"[4, 2304, 5, 5, 2304, 5, 5, 3, 3, 1, 1, 1, 1, 1, 1, 2304, 4, 0, 0, 0, 0, 0, 0, 0, 0, 0, 0, 0, 0, 0]",225,1024,0.0,0.0,4883124236,4883136198,4883135613,4883150557,0,173950,173950,711161,1,11962,14944,4,160,160,1
205,1,"[4, 0, 0, 0, 0, 0, 0, 0, 0, 0, 0, 0, 0, 0, 0, 4, 0, 0, 0, 0, 0, 0, 0, 0, 0, 0, 0, 0, 0, 0]",2304,512,1843200.0,3686400.0,4883314092,4883673006,4883324507,4883748982,144,475769,129598,711162,2,22632,78304,4,160,160,1
159,1,"[4, 4, 2304, 5, 5, 0, 0, 0, 0, 0, 0, 0, 0, 0, 0, 0, 0, 0, 0, 0, 0, 0, 0, 0, 0, 0, 0, 0, 0, 0]",450,128,0.0,0.0,4883870041,4883878937,4883878580,4883882356,0,320700,320700,711163,1,8896,3776,4,160,160,1
199,1,"[4, 4, 2304, 5, 5, 0, 0, 0, 0, 0, 0, 0, 0, 0, 0, 0, 0, 0, 0, 0, 0, 0, 0, 0, 0, 0, 0, 0, 0, 0]",288,512,0.0,0.0,4884189783,4884203378,4884203056,4884213359,16,270269,270269,711165,1,13595,10303,4,160,160,1
203,1,"[4, 2304, 1, 1, 96, 1, 1, 1, 1, 0, 0, 1, 1, 1, 1, 1, 4, 0, 0, 0, 0, 0, 0, 0, 0, 0, 0, 0, 0, 0]",3,256,1769472.0,923136.0,4884469343,4884534239,4884483628,4884606282,41472,159455,150847,711166,3,29985,114046,4,160,160,1
159,1,"[4, 4, 96, 1, 1, 0, 0, 0, 0, 0, 0, 0, 0, 0, 0, 0, 0, 0, 0, 0, 0, 0, 0, 0, 0, 0, 0, 0, 0, 0]",1,128,0.0,0.0,4884749004,4884757356,4884757129,4884760233,0,245245,245245,711167,1,8352,3104,4,160,160,1
203,1,"[4, 96, 1, 1, 2304, 1, 1, 1, 1, 0, 0, 1, 1, 1, 1, 1, 4, 0, 0, 0, 0, 0, 0, 0, 0, 0, 0, 0, 0, 0]",72,128,0.0,0.0,4884993189,4885045491,4885005478,4885048869,2304,196830,169310,711169,2,24252,15871,4,160,160,1
156,1,"[4, 4, 2304, 1, 1, 0, 0, 0, 0, 0, 0, 0, 0, 0, 0, 0, 0, 0, 0, 0, 0, 0, 0, 0, 0, 0, 0, 0, 0, 0]",18,128,184320.0,73728.0,4885207932,4885218377,4885218179,4885220931,0,141342,141342,711170,1,10445,2752,4,160,160,1
23,1,"[4, 4, 2304, 1, 1, 0, 0, 0, 0, 0, 0, 0, 0, 0, 0, 4, 4, 2304, 5, 5, 0, 0, 0, 0, 0, 0, 0, 0, 0, 0]",900,128,230400.0,1880064.0,4885351947,4885361769,4885362273,4885367297,0,260413,260413,711171,1,9822,5024,4,160,160,1
203,1,"[4, 2304, 5, 5, 384, 5, 5, 1, 1, 0, 0, 1, 1, 1, 1, 1, 4, 0, 0, 0, 0, 0, 0, 0, 0, 0, 0, 0, 0, 0]",288,256,176947200.0,4614144.0,4885614120,4885662092,4885627710,4885760508,41472,142335,129182,711172,4,40579,119645,4,160,160,1
205,1,"[4, 0, 0, 0, 0, 0, 0, 0, 0, 0, 0, 0, 0, 0, 0, 4, 0, 0, 0, 0, 0, 0, 0, 0, 0, 0, 0, 0, 0, 0]",384,512,307200.0,614400.0,4885879216,4886247805,4885889690,4886263029,144,539771,184191,711173,2,23123,17759,4,160,160,1
234,1,"[4, 4, 1, 1, 1, 0, 0, 0, 0, 0, 0, 0, 0, 0, 0, 0, 0, 0, 0, 0, 0, 0, 0, 0, 0, 0, 0, 0, 0, 0]",150,256,38400.0,307216.0,4886435299,4886707271,4886447220,4886709936,0,372349,116927,711174,3,33478,7294,4,160,160,1
35,1,"[4, 4, 384, 5, 5, 0, 0, 0, 0, 0, 0, 0, 0, 0, 0, 4, 4, 384, 5, 5, 0, 0, 0, 0, 0, 0, 0, 0, 0, 0]",75,128,38400.0,460800.0,4886817093,4886826981,4886826863,4886830063,0,276092,276092,711175,1,9888,3200,4,160,160,1
203,1,"[4, 384, 5, 5, 2304, 5, 5, 1, 1, 0, 0, 1, 1, 1, 1, 1, 4, 0, 0, 0, 0, 0, 0, 0, 0, 0, 0, 0, 0, 0]",288,256,176947200.0,4614144.0,4887092171,4887133074,4887106155,4887174474,25088,199614,184510,711176,4,33478,53215,4,160,160,1
205,1,"[4, 0, 0, 0, 0, 0, 0, 0, 0, 0, 0, 0, 0, 0, 0, 4, 0, 0, 0, 0, 0, 0, 0, 0, 0, 0, 0, 0, 0, 0]",2304,512,1843200.0,3686400.0,4887348164,4887716902,4887358984,4887794018,144,482458,127359,711177,2,23545,79935,4,160,160,1
159,1,"[4, 4, 2304, 5, 5, 0, 0, 0, 0, 0, 0, 0, 0, 0, 0, 0, 0, 0, 0, 0, 0, 0, 0, 0, 0, 0, 0, 0, 0, 0]",450,128,0.0,0.0,4887912809,4887921884,4887921377,4887925025,0,200413,200413,711178,1,9075,3648,4,160,160,1
203,1,"[4, 2304, 5, 5, 2304, 5, 5, 3, 3, 1, 1, 1, 1, 1, 1, 2304, 4, 0, 0, 0, 0, 0, 0, 0, 0, 0, 0, 0, 0, 0]",225,1024,0.0,0.0,4888114044,4888125899,4888125438,4888140510,0,174622,174622,711180,1,11855,15072,4,160,160,1
205,1,"[4, 0, 0, 0, 0, 0, 0, 0, 0, 0, 0, 0, 0, 0, 0, 4, 0, 0, 0, 0, 0, 0, 0, 0, 0, 0, 0, 0, 0, 0]",2304,512,1843200.0,3686400.0,4888304760,4888670784,4888315132,4888747158,144,481338,127967,711181,2,22965,78655,4,160,160,1
159,1,"[4, 4, 2304, 5, 5, 0, 0, 0, 0, 0, 0, 0, 0, 0, 0, 0, 0, 0, 0, 0, 0, 0, 0, 0, 0, 0, 0, 0, 0, 0]",450,128,0.0,0.0,4888866527,4888875669,4888875125,4888878869,0,170845,170845,711182,1,9142,3744,4,160,160,1
199,1,"[4, 4, 2304, 5, 5, 0, 0, 0, 0, 0, 0, 0, 0, 0, 0, 0, 0, 0, 0, 0, 0, 0, 0, 0, 0, 0, 0, 0, 0, 0]",288,512,0.0,0.0,4889039177,4889050030,4889049714,4889059922,16,255837,255837,711184,1,10853,10208,4,160,160,1
203,1,"[4, 2304, 1, 1, 96, 1, 1, 1, 1, 0, 0, 1, 1, 1, 1, 1, 4, 0, 0, 0, 0, 0, 0, 0, 0, 0, 0, 0, 0, 0]",3,256,1769472.0,923136.0,4889302221,4889365780,4889315759,4889438286,41472,163133,154845,711185,3,28856,114239,4,160,160,1
159,1,"[4, 4, 96, 1, 1, 0, 0, 0, 0, 0, 0, 0, 0, 0, 0, 0, 0, 0, 0, 0, 0, 0, 0, 0, 0, 0, 0, 0, 0, 0]",1,128,0.0,0.0,4889584700,4889593467,4889593131,4889596107,0,262173,262173,711186,1,8767,2976,4,160,160,1
203,1,"[4, 96, 1, 1, 2304, 1, 1, 1, 1, 0, 0, 1, 1, 1, 1, 1, 4, 0, 0, 0, 0, 0, 0, 0, 0, 0, 0, 0, 0, 0]",72,128,0.0,0.0,4889845118,4889895257,4889858280,4889898727,2304,197246,171710,711188,2,21924,14911,4,160,160,1
156,1,"[4, 4, 2304, 1, 1, 0, 0, 0, 0, 0, 0, 0, 0, 0, 0, 0, 0, 0, 0, 0, 0, 0, 0, 0, 0, 0, 0, 0, 0, 0]",18,128,184320.0,73728.0,4890060124,4890070690,4890070437,4890073157,0,141534,141534,711189,1,10566,2720,4,160,160,1
23,1,"[4, 4, 2304, 1, 1, 0, 0, 0, 0, 0, 0, 0, 0, 0, 0, 4, 4, 2304, 5, 5, 0, 0, 0, 0, 0, 0, 0, 0, 0, 0]",900,128,230400.0,1880064.0,4890204816,4890214788,4890214691,4890220483,0,263517,263517,711190,1,9972,5792,4,160,160,1
203,1,"[4, 2304, 5, 5, 384, 5, 5, 1, 1, 0, 0, 1, 1, 1, 1, 1, 4, 0, 0, 0, 0, 0, 0, 0, 0, 0, 0, 0, 0, 0]",288,256,176947200.0,4614144.0,4890470303,4890511574,4890484000,4890617535,41472,133981,119966,711191,4,34180,119520,4,160,160,1
205,1,"[4, 0, 0, 0, 0, 0, 0, 0, 0, 0, 0, 0, 0, 0, 0, 4, 0, 0, 0, 0, 0, 0, 0, 0, 0, 0, 0, 0, 0, 0]",384,512,307200.0,614400.0,4890726753,4891100008,4890737501,4891114968,144,538137,178302,711192,2,23222,17632,4,160,160,1
234,1,"[4, 4, 1, 1, 1, 0, 0, 0, 0, 0, 0, 0, 0, 0, 0, 0, 0, 0, 0, 0, 0, 0, 0, 0, 0, 0, 0, 0, 0, 0]",150,256,38400.0,307216.0,4891281519,4891551552,4891293270,4891554547,0,520793,266844,711193,3,33748,7328,4,160,160,1
35,1,"[4, 4, 384, 5, 5, 0, 0, 0, 0, 0, 0, 0, 0, 0, 0, 4, 4, 384, 5, 5, 0, 0, 0, 0, 0, 0, 0, 0, 0, 0]",75,128,38400.0,460800.0,4891809139,4891821738,4891821391,4891824335,0,291196,291196,711194,1,12599,2944,4,160,160,1
203,1,"[4, 384, 5, 5, 2304, 5, 5, 1, 1, 0, 0, 1, 1, 1, 1, 1, 4, 0, 0, 0, 0, 0, 0, 0, 0, 0, 0, 0, 0, 0]",288,256,176947200.0,4614144.0,4892100950,4892142383,4892115531,4892184138,25088,199646,184414,711195,4,33991,53375,4,160,160,1
205,1,"[4, 0, 0, 0, 0, 0, 0, 0, 0, 0, 0, 0, 0, 0, 0, 4, 0, 0, 0, 0, 0, 0, 0, 0, 0, 0, 0, 0, 0, 0]",2304,512,1843200.0,3686400.0,4892357788,4892723861,4892368552,4892800035,144,481082,128574,711196,2,23557,78975,4,160,160,1
159,1,"[4, 4, 2304, 5, 5, 0, 0, 0, 0, 0, 0, 0, 0, 0, 0, 0, 0, 0, 0, 0, 0, 0, 0, 0, 0, 0, 0, 0, 0, 0]",450,128,0.0,0.0,4892919994,4892929049,4892928609,4892932257,0,203005,203005,711197,1,9055,3648,4,160,160,1
203,1,"[4, 2304, 5, 5, 2304, 5, 5, 3, 3, 1, 1, 1, 1, 1, 1, 2304, 4, 0, 0, 0, 0, 0, 0, 0, 0, 0, 0, 0, 0, 0]",225,1024,0.0,0.0,4893123527,4893135837,4893135262,4893150270,0,174974,174974,711199,1,12310,15008,4,160,160,1
205,1,"[4, 0, 0, 0, 0, 0, 0, 0, 0, 0, 0, 0, 0, 0, 0, 4, 0, 0, 0, 0, 0, 0, 0, 0, 0, 0, 0, 0, 0, 0]",2304,512,1843200.0,3686400.0,4893314963,4893683675,4893325244,4893759927,144,486810,130750,711200,2,23394,78623,4,160,160,1
159,1,"[4, 4, 2304, 5, 5, 0, 0, 0, 0, 0, 0, 0, 0, 0, 0, 0, 0, 0, 0, 0, 0, 0, 0, 0, 0, 0, 0, 0, 0, 0]",450,128,0.0,0.0,4893882196,4893891012,4893890677,4893894261,0,172094,172094,711201,1,8816,3584,4,160,160,1
199,1,"[4, 4, 2304, 5, 5, 0, 0, 0, 0, 0, 0, 0, 0, 0, 0, 0, 0, 0, 0, 0, 0, 0, 0, 0, 0, 0, 0, 0, 0, 0]",288,512,0.0,0.0,4894055982,4894066518,4894066355,4894076466,16,257149,257149,711203,1,10536,10111,4,160,160,1
203,1,"[4, 2304, 1, 1, 96, 1, 1, 1, 1, 0, 0, 1, 1, 1, 1, 1, 4, 0, 0, 0, 0, 0, 0, 0, 0, 0, 0, 0, 0, 0]",3,256,1769472.0,923136.0,4894320265,4894384431,4894333615,4894456430,41472,161214,152638,711204,3,29261,114239,4,160,160,1
159,1,"[4, 4, 96, 1, 1, 0, 0, 0, 0, 0, 0, 0, 0, 0, 0, 0, 0, 0, 0, 0, 0, 0, 0, 0, 0, 0, 0, 0, 0, 0]",1,128,0.0,0.0,4894600917,4894609398,4894609068,4894612204,0,247484,247484,711205,1,8481,3136,4,160,160,1
203,1,"[4, 96, 1, 1, 2304, 1, 1, 1, 1, 0, 0, 1, 1, 1, 1, 1, 4, 0, 0, 0, 0, 0, 0, 0, 0, 0, 0, 0, 0, 0]",72,128,0.0,0.0,4894847178,4894896467,4894859688,4894899816,2304,195742,171070,711207,2,21160,15456,4,160,160,1
156,1,"[4, 4, 2304, 1, 1, 0, 0, 0, 0, 0, 0, 0, 0, 0, 0, 0, 0, 0, 0, 0, 0, 0, 0, 0, 0, 0, 0, 0, 0, 0]",18,128,184320.0,73728.0,4895060802,4895071054,4895070886,4895073606,0,142334,142334,711208,1,10252,2720,4,160,160,1
23,1,"[4, 4, 2304, 1, 1, 0, 0, 0, 0, 0, 0, 0, 0, 0, 0, 4, 4, 2304, 5, 5, 0, 0, 0, 0, 0, 0, 0, 0, 0, 0]",900,128,230400.0,1880064.0,4895205838,4895216114,4895215940,4895220964,0,265469,265469,711209,1,10276,5024,4,160,160,1
203,1,"[4, 2304, 5, 5, 384, 5, 5, 1, 1, 0, 0, 1, 1, 1, 1, 1, 4, 0, 0, 0, 0, 0, 0, 0, 0, 0, 0, 0, 0, 0]",288,256,176947200.0,4614144.0,4895471815,4895513663,4895486433,4895619519,41472,132797,119710,711210,4,34664,119999,4,160,160,1
205,1,"[4, 0, 0, 0, 0, 0, 0, 0, 0, 0, 0, 0, 0, 0, 0, 4, 0, 0, 0, 0, 0, 0, 0, 0, 0, 0, 0, 0, 0, 0]",384,512,307200.0,614400.0,4895728495,4896101503,4895739229,4896116472,144,536986,177055,711211,2,26355,17312,4,160,160,1
234,1,"[4, 4, 1, 1, 1, 0, 0, 0, 0, 0, 0, 0, 0, 0, 0, 0, 0, 0, 0, 0, 0, 0, 0, 0, 0, 0, 0, 0, 0, 0]",150,256,38400.0,307216.0,4896281655,4896552901,4896293527,4896555699,0,371099,116222,711212,3,33189,7295,4,160,160,1
35,1,"[4, 4, 384, 5, 5, 0, 0, 0, 0, 0, 0, 0, 0, 0, 0, 4, 4, 384, 5, 5, 0, 0, 0, 0, 0, 0, 0, 0, 0, 0]",75,128,38400.0,460800.0,4896661968,4896671872,4896671921,4896674834,0,274844,274844,711213,1,9904,2913,4,160,160,1
203,1,"[4, 384, 5, 5, 2304, 5, 5, 1, 1, 0, 0, 1, 1, 1, 1, 1, 4, 0, 0, 0, 0, 0, 0, 0, 0, 0, 0, 0, 0, 0]",288,256,176947200.0,4614144.0,4896935626,4896976745,4896949678,4897018445,25088,200862,185726,711214,4,33806,53631,4,160,160,1
205,1,"[4, 0, 0, 0, 0, 0, 0, 0, 0, 0, 0, 0, 0, 0, 0, 4, 0, 0, 0, 0, 0, 0, 0, 0, 0, 0, 0, 0, 0, 0]",2304,512,1843200.0,3686400.0,4897193575,4897561093,4897204171,4897637413,144,493241,139134,711215,2,23657,79135,4,160,160,1
159,1,"[4, 4, 2304, 5, 5, 0, 0, 0, 0, 0, 0, 0, 0, 0, 0, 0, 0, 0, 0, 0, 0, 0, 0, 0, 0, 0, 0, 0, 0, 0]",450,128,0.0,0.0,4897768071,4897776923,4897776547,4897780164,0,200669,200669,711216,1,8852,3617,4,160,160,1
203,1,"[4, 2304, 5, 5, 2304, 5, 5, 3, 3, 1, 1, 1, 1, 1, 1, 2304, 4, 0, 0, 0, 0, 0, 0, 0, 0, 0, 0, 0, 0, 0]",225,1024,0.0,0.0,4897969565,4897981290,4897980833,4897995777,0,174910,174910,711218,1,11725,14944,4,160,160,1
205,1,"[4, 0, 0, 0, 0, 0, 0, 0, 0, 0, 0, 0, 0, 0, 0, 4, 0, 0, 0, 0, 0, 0, 0, 0, 0, 0, 0, 0, 0, 0]",2304,512,1843200.0,3686400.0,4898160523,4898520364,4898170687,4898596825,144,475866,128255,711219,2,22583,78527,4,160,160,1
159,1,"[4, 4, 2304, 5, 5, 0, 0, 0, 0, 0, 0, 0, 0, 0, 0, 0, 0, 0, 0, 0, 0, 0, 0, 0, 0, 0, 0, 0, 0, 0]",450,128,0.0,0.0,4898716778,4898725248,4898725080,4898728856,0,322267,322267,711220,1,8470,3776,4,160,160,1
199,1,"[4, 4, 2304, 5, 5, 0, 0, 0, 0, 0, 0, 0, 0, 0, 0, 0, 0, 0, 0, 0, 0, 0, 0, 0, 0, 0, 0, 0, 0, 0]",288,512,0.0,0.0,4899037457,4899051303,4899051123,4899061331,16,271709,271709,711222,1,13846,10208,4,160,160,1
203,1,"[4, 2304, 1, 1, 96, 1, 1, 1, 1, 0, 0, 1, 1, 1, 1, 1, 4, 0, 0, 0, 0, 0, 0, 0, 0, 0, 0, 0, 0, 0]",3,256,1769472.0,923136.0,4899319236,4899382987,4899333040,4899455502,41472,159966,151774,711223,3,28927,114270,4,160,160,1
159,1,"[4, 4, 96, 1, 1, 0, 0, 0, 0, 0, 0, 0, 0, 0, 0, 0, 0, 0, 0, 0, 0, 0, 0, 0, 0, 0, 0, 0, 0, 0]",1,128,0.0,0.0,4899598945,4899607630,4899607276,4899610124,0,249981,249981,711224,1,8685,2848,4,160,160,1
203,1,"[4, 96, 1, 1, 2304, 1, 1, 1, 1, 0, 0, 1, 1, 1, 1, 1, 4, 0, 0, 0, 0, 0, 0, 0, 0, 0, 0, 0, 0, 0]",72,128,0.0,0.0,4899847415,4899897141,4899860105,4899900393,2304,197341,172413,711226,2,21485,15360,4,160,160,1
156,1,"[4, 4, 2304, 1, 1, 0, 0, 0, 0, 0, 0, 0, 0, 0, 0, 0, 0, 0, 0, 0, 0, 0, 0, 0, 0, 0, 0, 0, 0, 0]",18,128,184320.0,73728.0,4900062400,4900072953,4900072806,4900075462,0,142111,142111,711227,1,10553,2656,4,160,160,1
23,1,"[4, 4, 2304, 1, 1, 0, 0, 0, 0, 0, 0, 0, 0, 0, 0, 4, 4, 2304, 5, 5, 0, 0, 0, 0, 0, 0, 0, 0, 0, 0]",900,128,230400.0,1880064.0,4900207715,4900217953,4900217573,4900222532,0,263453,263453,711228,1,10238,4959,4,160,160,1
203,1,"[4, 2304, 5, 5, 384, 5, 5, 1, 1, 0, 0, 1, 1, 1, 1, 1, 4, 0, 0, 0, 0, 0, 0, 0, 0, 0, 0, 0, 0, 0]",288,256,176947200.0,4614144.0,4900471716,4900513087,4900485985,4900619456,41472,130942,117598,711229,4,33964,120127,4,160,160,1
205,1,"[4, 0, 0, 0, 0, 0, 0, 0, 0, 0, 0, 0, 0, 0, 0, 4, 0, 0, 0, 0, 0, 0, 0, 0, 0, 0, 0, 0, 0, 0]",384,512,307200.0,614400.0,4900726439,4901097009,4900737054,4901111993,144,536761,179390,711230,2,26415,17568,4,160,160,1
234,1,"[4, 4, 1, 1, 1, 0, 0, 0, 0, 0, 0, 0, 0, 0, 0, 0, 0, 0, 0, 0, 0, 0, 0, 0, 0, 0, 0, 0, 0, 0]",150,256,38400.0,307216.0,4901279547,4901551714,4901291383,4901554355,0,380444,124767,711231,3,33642,7295,4,160,160,1
35,1,"[4, 4, 384, 5, 5, 0, 0, 0, 0, 0, 0, 0, 0, 0, 0, 4, 4, 384, 5, 5, 0, 0, 0, 0, 0, 0, 0, 0, 0, 0]",75,128,38400.0,460800.0,4901668312,4901678976,4901679122,4901682034,0,280732,280732,711232,1,10664,2912,4,160,160,1
203,1,"[4, 384, 5, 5, 2304, 5, 5, 1, 1, 0, 0, 1, 1, 1, 1, 1, 4, 0, 0, 0, 0, 0, 0, 0, 0, 0, 0, 0, 0, 0]",288,256,176947200.0,4614144.0,4901948494,4901990105,4901962766,4902032462,25088,198652,182973,711233,4,34216,54017,4,160,160,1
205,1,"[4, 0, 0, 0, 0, 0, 0, 0, 0, 0, 0, 0, 0, 0, 0, 4, 0, 0, 0, 0, 0, 0, 0, 0, 0, 0, 0, 0, 0, 0]",2304,512,1843200.0,3686400.0,4902204909,4902577561,4902215435,4902653990,144,488633,129502,711234,2,23447,79424,4,160,160,1
159,1,"[4, 4, 2304, 5, 5, 0, 0, 0, 0, 0, 0, 0, 0, 0, 0, 0, 0, 0, 0, 0, 0, 0, 0, 0, 0, 0, 0, 0, 0, 0]",450,128,0.0,0.0,4902775001,4902783963,4902783492,4902787140,0,198461,198461,711235,1,8962,3648,4,160,160,1
203,1,"[4, 2304, 5, 5, 2304, 5, 5, 3, 3, 1, 1, 1, 1, 1, 1, 2304, 4, 0, 0, 0, 0, 0, 0, 0, 0, 0, 0, 0, 0, 0]",225,1024,0.0,0.0,4902974334,4902986384,4902985601,4903000673,0,173214,173214,711237,1,12050,15072,4,160,160,1
205,1,"[4, 0, 0, 0, 0, 0, 0, 0, 0, 0, 0, 0, 0, 0, 0, 4, 0, 0, 0, 0, 0, 0, 0, 0, 0, 0, 0, 0, 0, 0]",2304,512,1843200.0,3686400.0,4903163144,4903523702,4903173887,4903599961,144,473371,125983,711238,2,23146,78686,4,160,160,1
159,1,"[4, 4, 2304, 5, 5, 0, 0, 0, 0, 0, 0, 0, 0, 0, 0, 0, 0, 0, 0, 0, 0, 0, 0, 0, 0, 0, 0, 0, 0, 0]",450,128,0.0,0.0,4903717377,4903726403,4903725944,4903730136,0,169758,169758,711239,1,9026,4192,4,160,160,1
199,1,"[4, 4, 2304, 5, 5, 0, 0, 0, 0, 0, 0, 0, 0, 0, 0, 0, 0, 0, 0, 0, 0, 0, 0, 0, 0, 0, 0, 0, 0, 0]",288,512,0.0,0.0,4903889551,4903899780,4903899894,4903909910,16,256284,256284,711241,1,10229,10016,4,160,160,1
203,1,"[4, 2304, 1, 1, 96, 1, 1, 1, 1, 0, 0, 1, 1, 1, 1, 1, 4, 0, 0, 0, 0, 0, 0, 0, 0, 0, 0, 0, 0, 0]",3,256,1769472.0,923136.0,4904152415,4904218874,4904166194,4904288849,41472,164221,155678,711242,3,28910,114112,4,160,160,1
159,1,"[4, 4, 96, 1, 1, 0, 0, 0, 0, 0, 0, 0, 0, 0, 0, 0, 0, 0, 0, 0, 0, 0, 0, 0, 0, 0, 0, 0, 0, 0]",1,128,0.0,0.0,4904436577,4904444938,4904444527,4904447407,0,251325,251325,711243,1,8361,2880,4,160,160,1
203,1,"[4, 96, 1, 1, 2304, 1, 1, 1, 1, 0, 0, 1, 1, 1, 1, 1, 4, 0, 0, 0, 0, 0, 0, 0, 0, 0, 0, 0, 0, 0]",72,128,0.0,0.0,4904686395,4904735817,4904698732,4904739051,2304,198717,173694,711245,2,20907,15296,4,160,160,1
156,1,"[4, 4, 2304, 1, 1, 0, 0, 0, 0, 0, 0, 0, 0, 0, 0, 0, 0, 0, 0, 0, 0, 0, 0, 0, 0, 0, 0, 0, 0, 0]",18,128,184320.0,73728.0,4904902087,4904912940,4904912745,4904915433,0,142622,142622,711246,1,10853,2688,4,160,160,1
23,1,"[4, 4, 2304, 1, 1, 0, 0, 0, 0, 0, 0, 0, 0, 0, 0, 4, 4, 2304, 5, 5, 0, 0, 0, 0, 0, 0, 0, 0, 0, 0]",900,128,230400.0,1880064.0,4905048447,4905058270,4905058055,4905063079,0,262269,262269,711247,1,9823,5024,4,160,160,1
203,1,"[4, 2304, 5, 5, 384, 5, 5, 1, 1, 0, 0, 1, 1, 1, 1, 1, 4, 0, 0, 0, 0, 0, 0, 0, 0, 0, 0, 0, 0, 0]",288,256,176947200.0,4614144.0,4905311169,4905352563,4905325348,4905458402,41472,132190,118846,711248,4,34085,119710,4,160,160,1
205,1,"[4, 0, 0, 0, 0, 0, 0, 0, 0, 0, 0, 0, 0, 0, 0, 4, 0, 0, 0, 0, 0, 0, 0, 0, 0, 0, 0, 0, 0, 0]",384,512,307200.0,614400.0,4905566980,4905947568,4905577248,4905962491,144,546298,178910,711249,2,26010,17855,4,160,160,1
234,1,"[4, 4, 1, 1, 1, 0, 0, 0, 0, 0, 0, 0, 0, 0, 0, 0, 0, 0, 0, 0, 0, 0, 0, 0, 0, 0, 0, 0, 0, 0]",150,256,38400.0,307216.0,4906129768,4906398829,4906141401,4906401654,0,519098,266141,711250,3,33345,7296,4,160,160,1
35,1,"[4, 4, 384, 5, 5, 0, 0, 0, 0, 0, 0, 0, 0, 0, 0, 4, 4, 384, 5, 5, 0, 0, 0, 0, 0, 0, 0, 0, 0, 0]",75,128,38400.0,460800.0,4906655627,4906667964,4906667795,4906671091,0,293724,293724,711251,1,12337,3296,4,160,160,1
203,1,"[4, 384, 5, 5, 2304, 5, 5, 1, 1, 0, 0, 1, 1, 1, 1, 1, 4, 0, 0, 0, 0, 0, 0, 0, 0, 0, 0, 0, 0, 0]",288,256,176947200.0,4614144.0,4906950472,4906991746,4906964815,4907033358,25088,198942,183678,711252,4,33960,53279,4,160,160,1
205,1,"[4, 0, 0, 0, 0, 0, 0, 0, 0, 0, 0, 0, 0, 0, 0, 4, 0, 0, 0, 0, 0, 0, 0, 0, 0, 0, 0, 0, 0, 0]",2304,512,1843200.0,3686400.0,4907206488,4907573903,4907217036,4907651046,144,483930,129759,711253,2,22840,79839,4,160,160,1
159,1,"[4, 4, 2304, 5, 5, 0, 0, 0, 0, 0, 0, 0, 0, 0, 0, 0, 0, 0, 0, 0, 0, 0, 0, 0, 0, 0, 0, 0, 0, 0]",450,128,0.0,0.0,4907772010,4907781210,4907780805,4907784420,0,199326,199326,711254,1,9200,3615,4,160,160,1
203,1,"[4, 2304, 5, 5, 2304, 5, 5, 3, 3, 1, 1, 1, 1, 1, 1, 2304, 4, 0, 0, 0, 0, 0, 0, 0, 0, 0, 0, 0, 0, 0]",225,1024,0.0,0.0,4907972569,4907984308,4907983746,4907998722,0,172702,172702,711256,1,11739,14976,4,160,160,1
205,1,"[4, 0, 0, 0, 0, 0, 0, 0, 0, 0, 0, 0, 0, 0, 0, 4, 0, 0, 0, 0, 0, 0, 0, 0, 0, 0, 0, 0, 0, 0]",2304,512,1843200.0,3686400.0,4908160999,4908521753,4908171424,4908597914,144,476474,128671,711257,2,22907,78687,4,160,160,1
159,1,"[4, 4, 2304, 5, 5, 0, 0, 0, 0, 0, 0, 0, 0, 0, 0, 0, 0, 0, 0, 0, 0, 0, 0, 0, 0, 0, 0, 0, 0, 0]",450,128,0.0,0.0,4908718078,4908726868,4908726585,4908730168,0,173758,173758,711258,1,8790,3583,4,160,160,1
199,1,"[4, 4, 2304, 5, 5, 0, 0, 0, 0, 0, 0, 0, 0, 0, 0, 0, 0, 0, 0, 0, 0, 0, 0, 0, 0, 0, 0, 0, 0, 0]",288,512,0.0,0.0,4908893517,4908904375,4908903926,4908914134,16,257949,257949,711260,1,10858,10208,4,160,160,1
203,1,"[4, 2304, 1, 1, 96, 1, 1, 1, 1, 0, 0, 1, 1, 1, 1, 1, 4, 0, 0, 0, 0, 0, 0, 0, 0, 0, 0, 0, 0, 0]",3,256,1769472.0,923136.0,4909158669,4909221968,4909172083,4909294641,41472,159552,151103,711261,3,28764,114109,4,160,160,1
159,1,"[4, 4, 96, 1, 1, 0, 0, 0, 0, 0, 0, 0, 0, 0, 0, 0, 0, 0, 0, 0, 0, 0, 0, 0, 0, 0, 0, 0, 0, 0]",1,128,0.0,0.0,4909437478,4909446099,4909445744,4909448687,0,253757,253757,711262,1,8621,2943,4,160,160,1
203,1,"[4, 96, 1, 1, 2304, 1, 1, 1, 1, 0, 0, 1, 1, 1, 1, 1, 4, 0, 0, 0, 0, 0, 0, 0, 0, 0, 0, 0, 0, 0]",72,128,0.0,0.0,4909689620,4909739621,4909702444,4909742892,2304,199165,174205,711264,2,21285,15488,4,160,160,1
156,1,"[4, 4, 2304, 1, 1, 0, 0, 0, 0, 0, 0, 0, 0, 0, 0, 0, 0, 0, 0, 0, 0, 0, 0, 0, 0, 0, 0, 0, 0, 0]",18,128,184320.0,73728.0,4909906273,4909916876,4909917097,4909919817,0,141855,141855,711265,1,10603,2720,4,160,160,1
23,1,"[4, 4, 2304, 1, 1, 0, 0, 0, 0, 0, 0, 0, 0, 0, 0, 4, 4, 2304, 5, 5, 0, 0, 0, 0, 0, 0, 0, 0, 0, 0]",900,128,230400.0,1880064.0,4910051431,4910061966,4910061672,4910066632,0,260636,260636,711266,1,10535,4960,4,160,160,1
203,1,"[4, 2304, 5, 5, 384, 5, 5, 1, 1, 0, 0, 1, 1, 1, 1, 1, 4, 0, 0, 0, 0, 0, 0, 0, 0, 0, 0, 0, 0, 0]",288,256,176947200.0,4614144.0,4910313352,4910354364,4910327268,4910460643,41472,134846,121086,711267,4,33649,119615,4,160,160,1
205,1,"[4, 0, 0, 0, 0, 0, 0, 0, 0, 0, 0, 0, 0, 0, 0, 4, 0, 0, 0, 0, 0, 0, 0, 0, 0, 0, 0, 0, 0, 0]",384,512,307200.0,614400.0,4910571164,4910940855,4910581729,4910955932,144,539066,182334,711268,2,23472,17471,4,160,160,1
234,1,"[4, 4, 1, 1, 1, 0, 0, 0, 0, 0, 0, 0, 0, 0, 0, 0, 0, 0, 0, 0, 0, 0, 0, 0, 0, 0, 0, 0, 0, 0]",150,256,38400.0,307216.0,4911126107,4911396408,4911138266,4911399159,0,369147,115582,711269,3,33337,7328,4,160,160,1
35,1,"[4, 4, 384, 5, 5, 0, 0, 0, 0, 0, 0, 0, 0, 0, 0, 4, 4, 384, 5, 5, 0, 0, 0, 0, 0, 0, 0, 0, 0, 0]",75,128,38400.0,460800.0,4911504927,4911514766,4911514741,4911517493,0,276701,276701,711270,1,9839,2752,4,160,160,1
203,1,"[4, 384, 5, 5, 2304, 5, 5, 1, 1, 0, 0, 1, 1, 1, 1, 1, 4, 0, 0, 0, 0, 0, 0, 0, 0, 0, 0, 0, 0, 0]",288,256,176947200.0,4614144.0,4911779622,4911821237,4911794194,4911863057,25088,200478,185278,711271,4,34327,53663,4,160,160,1
205,1,"[4, 0, 0, 0, 0, 0, 0, 0, 0, 0, 0, 0, 0, 0, 0, 4, 0, 0, 0, 0, 0, 0, 0, 0, 0, 0, 0, 0, 0, 0]",2304,512,1843200.0,3686400.0,4912037893,4912409906,4912048335,4912486505,144,487513,128606,711272,2,23077,79263,4,160,160,1
159,1,"[4, 4, 2304, 5, 5, 0, 0, 0, 0, 0, 0, 0, 0, 0, 0, 0, 0, 0, 0, 0, 0, 0, 0, 0, 0, 0, 0, 0, 0, 0]",450,128,0.0,0.0,4912606785,4912615513,4912615111,4912618759,0,199550,199550,711273,1,8728,3648,4,160,160,1
203,1,"[4, 2304, 5, 5, 2304, 5, 5, 3, 3, 1, 1, 1, 1, 1, 1, 2304, 4, 0, 0, 0, 0, 0, 0, 0, 0, 0, 0, 0, 0, 0]",225,1024,0.0,0.0,4912806913,4912818848,4912818309,4912833381,0,174109,174109,711275,1,11935,15072,4,160,160,1
205,1,"[4, 0, 0, 0, 0, 0, 0, 0, 0, 0, 0, 0, 0, 0, 0, 4, 0, 0, 0, 0, 0, 0, 0, 0, 0, 0, 0, 0, 0, 0]",2304,512,1843200.0,3686400.0,4912997125,4913362557,4913007490,4913438269,144,482874,130302,711276,2,23130,78207,4,160,160,1
159,1,"[4, 4, 2304, 5, 5, 0, 0, 0, 0, 0, 0, 0, 0, 0, 0, 0, 0, 0, 0, 0, 0, 0, 0, 0, 0, 0, 0, 0, 0, 0]",450,128,0.0,0.0,4913559939,4913569028,4913568571,4913572187,0,328700,328700,711277,1,9089,3616,4,160,160,1
199,1,"[4, 4, 2304, 5, 5, 0, 0, 0, 0, 0, 0, 0, 0, 0, 0, 0, 0, 0, 0, 0, 0, 0, 0, 0, 0, 0, 0, 0, 0, 0]",288,512,0.0,0.0,4913886893,4913901164,4913900887,4913911031,16,272028,272028,711279,1,14271,10144,4,160,160,1
203,1,"[4, 2304, 1, 1, 96, 1, 1, 1, 1, 0, 0, 1, 1, 1, 1, 1, 4, 0, 0, 0, 0, 0, 0, 0, 0, 0, 0, 0, 0, 0]",3,256,1769472.0,923136.0,4914169002,4914233492,4914183059,4914305842,41472,159870,151134,711280,3,29588,114047,4,160,160,1
159,1,"[4, 4, 96, 1, 1, 0, 0, 0, 0, 0, 0, 0, 0, 0, 0, 0, 0, 0, 0, 0, 0, 0, 0, 0, 0, 0, 0, 0, 0, 0]",1,128,0.0,0.0,4914448905,4914457252,4914456976,4914459792,0,249373,249373,711281,1,8347,2816,4,160,160,1
203,1,"[4, 96, 1, 1, 2304, 1, 1, 1, 1, 0, 0, 1, 1, 1, 1, 1, 4, 0, 0, 0, 0, 0, 0, 0, 0, 0, 0, 0, 0, 0]",72,128,0.0,0.0,4914696396,4914746852,4914709165,4914750220,2304,196574,170974,711283,2,21721,15455,4,160,160,1
156,1,"[4, 4, 2304, 1, 1, 0, 0, 0, 0, 0, 0, 0, 0, 0, 0, 0, 0, 0, 0, 0, 0, 0, 0, 0, 0, 0, 0, 0, 0, 0]",18,128,184320.0,73728.0,4914910691,4914921316,4914921194,4914923882,0,141246,141246,711284,1,10625,2688,4,160,160,1
23,1,"[4, 4, 2304, 1, 1, 0, 0, 0, 0, 0, 0, 0, 0, 0, 0, 4, 4, 2304, 5, 5, 0, 0, 0, 0, 0, 0, 0, 0, 0, 0]",900,128,230400.0,1880064.0,4915055276,4915065294,4915065128,4915070120,0,260285,260285,711285,1,10018,4992,4,160,160,1
203,1,"[4, 2304, 5, 5, 384, 5, 5, 1, 1, 0, 0, 1, 1, 1, 1, 1, 4, 0, 0, 0, 0, 0, 0, 0, 0, 0, 0, 0, 0, 0]",288,256,176947200.0,4614144.0,4915316644,4915358018,4915330405,4915463715,41472,135167,121599,711286,4,34075,119742,4,160,160,1
205,1,"[4, 0, 0, 0, 0, 0, 0, 0, 0, 0, 0, 0, 0, 0, 0, 4, 0, 0, 0, 0, 0, 0, 0, 0, 0, 0, 0, 0, 0, 0]",384,512,307200.0,614400.0,4915574760,4915945276,4915585314,4915960317,144,538169,180894,711287,2,23220,17728,4,160,160,1
234,1,"[4, 4, 1, 1, 1, 0, 0, 0, 0, 0, 0, 0, 0, 0, 0, 0, 0, 0, 0, 0, 0, 0, 0, 0, 0, 0, 0, 0, 0, 0]",150,256,38400.0,307216.0,4916128728,4916402253,4916141211,4916405079,0,370875,114239,711288,3,34249,7232,4,160,160,1
35,1,"[4, 4, 384, 5, 5, 0, 0, 0, 0, 0, 0, 0, 0, 0, 0, 4, 4, 384, 5, 5, 0, 0, 0, 0, 0, 0, 0, 0, 0, 0]",75,128,38400.0,460800.0,4916509995,4916519362,4916519318,4916522262,0,279036,279036,711289,1,9367,2944,4,160,160,1
203,1,"[4, 384, 5, 5, 2304, 5, 5, 1, 1, 0, 0, 1, 1, 1, 1, 1, 4, 0, 0, 0, 0, 0, 0, 0, 0, 0, 0, 0, 0, 0]",288,256,176947200.0,4614144.0,4916786702,4916827972,4916801298,4916869169,25088,200542,185502,711290,4,33999,52831,4,160,160,1
205,1,"[4, 0, 0, 0, 0, 0, 0, 0, 0, 0, 0, 0, 0, 0, 0, 4, 0, 0, 0, 0, 0, 0, 0, 0, 0, 0, 0, 0, 0, 0]",2304,512,1843200.0,3686400.0,4917043864,4917413098,4917054671,4917489769,144,484602,128895,711291,2,23904,79391,4,160,160,1
159,1,"[4, 4, 2304, 5, 5, 0, 0, 0, 0, 0, 0, 0, 0, 0, 0, 0, 0, 0, 0, 0, 0, 0, 0, 0, 0, 0, 0, 0, 0, 0]",450,128,0.0,0.0,4917610120,4917619124,4917618664,4917622344,0,218813,218813,711292,1,9004,3680,4,160,160,1
203,1,"[4, 2304, 5, 5, 2304, 5, 5, 3, 3, 1, 1, 1, 1, 1, 1, 2304, 4, 0, 0, 0, 0, 0, 0, 0, 0, 0, 0, 0, 0, 0]",225,1024,0.0,0.0,4917828485,4917841869,4917841157,4917856101,0,180317,180317,711294,1,13384,14944,4,160,160,1
205,1,"[4, 0, 0, 0, 0, 0, 0, 0, 0, 0, 0, 0, 0, 0, 0, 4, 0, 0, 0, 0, 0, 0, 0, 0, 0, 0, 0, 0, 0, 0]",2304,512,1843200.0,3686400.0,4918025621,4918386993,4918036418,4918462429,144,479322,131294,711295,2,23882,77983,4,160,160,1
159,1,"[4, 4, 2304, 5, 5, 0, 0, 0, 0, 0, 0, 0, 0, 0, 0, 0, 0, 0, 0, 0, 0, 0, 0, 0, 0, 0, 0, 0, 0, 0]",450,128,0.0,0.0,4918585343,4918594128,4918593723,4918597339,0,175582,175582,711296,1,8785,3616,4,160,160,1
199,1,"[4, 4, 2304, 5, 5, 0, 0, 0, 0, 0, 0, 0, 0, 0, 0, 0, 0, 0, 0, 0, 0, 0, 0, 0, 0, 0, 0, 0, 0, 0]",288,512,0.0,0.0,4918762125,4918773213,4918772921,4918783129,16,261853,261853,711298,1,11088,10208,4,160,160,1
203,1,"[4, 2304, 1, 1, 96, 1, 1, 1, 1, 0, 0, 1, 1, 1, 1, 1, 4, 0, 0, 0, 0, 0, 0, 0, 0, 0, 0, 0, 0, 0]",3,256,1769472.0,923136.0,4919031630,4919094746,4919044982,4919167188,41472,160383,152414,711299,3,28476,114237,4,160,160,1
159,1,"[4, 4, 96, 1, 1, 0, 0, 0, 0, 0, 0, 0, 0, 0, 0, 0, 0, 0, 0, 0, 0, 0, 0, 0, 0, 0, 0, 0, 0, 0]",1,128,0.0,0.0,4919311298,4919319928,4919319602,4919322418,0,249917,249917,711300,1,8630,2816,4,160,160,1
203,1,"[4, 96, 1, 1, 2304, 1, 1, 1, 1, 0, 0, 1, 1, 1, 1, 1, 4, 0, 0, 0, 0, 0, 0, 0, 0, 0, 0, 0, 0, 0]",72,128,0.0,0.0,4919560313,4919610162,4919572335,4919613358,2304,196030,170430,711302,2,20834,15423,4,160,160,1
156,1,"[4, 4, 2304, 1, 1, 0, 0, 0, 0, 0, 0, 0, 0, 0, 0, 0, 0, 0, 0, 0, 0, 0, 0, 0, 0, 0, 0, 0, 0, 0]",18,128,184320.0,73728.0,4919773744,4919783977,4919783788,4919786508,0,140318,140318,711303,1,10233,2720,4,160,160,1
23,1,"[4, 4, 2304, 1, 1, 0, 0, 0, 0, 0, 0, 0, 0, 0, 0, 4, 4, 2304, 5, 5, 0, 0, 0, 0, 0, 0, 0, 0, 0, 0]",900,128,230400.0,1880064.0,4919917018,4919926884,4919926826,4919931818,0,264637,264637,711304,1,9866,4992,4,160,160,1
203,1,"[4, 2304, 5, 5, 384, 5, 5, 1, 1, 0, 0, 1, 1, 1, 1, 1, 4, 0, 0, 0, 0, 0, 0, 0, 0, 0, 0, 0, 0, 0]",288,256,176947200.0,4614144.0,4920182311,4920223680,4920196455,4920329445,41472,136798,123295,711305,4,33840,119487,4,160,160,1
205,1,"[4, 0, 0, 0, 0, 0, 0, 0, 0, 0, 0, 0, 0, 0, 0, 4, 0, 0, 0, 0, 0, 0, 0, 0, 0, 0, 0, 0, 0, 0]",384,512,307200.0,614400.0,4920442104,4920811832,4920452740,4920827071,144,537657,180894,711306,2,23195,17568,4,160,160,1
234,1,"[4, 4, 1, 1, 1, 0, 0, 0, 0, 0, 0, 0, 0, 0, 0, 0, 0, 0, 0, 0, 0, 0, 0, 0, 0, 0, 0, 0, 0, 0]",150,256,38400.0,307216.0,4920996077,4921267256,4921007965,4921270042,0,525241,270524,711307,3,33041,7360,4,160,160,1
35,1,"[4, 4, 384, 5, 5, 0, 0, 0, 0, 0, 0, 0, 0, 0, 0, 4, 4, 384, 5, 5, 0, 0, 0, 0, 0, 0, 0, 0, 0, 0]",75,128,38400.0,460800.0,4921527473,4921540892,4921540566,4921543478,0,300636,300636,711308,1,13419,2912,4,160,160,1
203,1,"[4, 384, 5, 5, 2304, 5, 5, 1, 1, 0, 0, 1, 1, 1, 1, 1, 4, 0, 0, 0, 0, 0, 0, 0, 0, 0, 0, 0, 0, 0]",288,256,176947200.0,4614144.0,4921829694,4921871705,4921844114,4921912945,25088,201502,185886,711309,4,34581,53215,4,160,160,1
205,1,"[4, 0, 0, 0, 0, 0, 0, 0, 0, 0, 0, 0, 0, 0, 0, 4, 0, 0, 0, 0, 0, 0, 0, 0, 0, 0, 0, 0, 0, 0]",2304,512,1843200.0,3686400.0,4922087841,4922455421,4922098831,4922532073,144,487706,134047,711310,2,23636,79583,4,160,160,1
159,1,"[4, 4, 2304, 5, 5, 0, 0, 0, 0, 0, 0, 0, 0, 0, 0, 0, 0, 0, 0, 0, 0, 0, 0, 0, 0, 0, 0, 0, 0, 0]",450,128,0.0,0.0,4922657626,4922666630,4922666120,4922669768,0,198269,198269,711311,1,9004,3648,4,160,160,1
203,1,"[4, 2304, 5, 5, 2304, 5, 5, 3, 3, 1, 1, 1, 1, 1, 1, 2304, 4, 0, 0, 0, 0, 0, 0, 0, 0, 0, 0, 0, 0, 0]",225,1024,0.0,0.0,4922856722,4922868647,4922868037,4922883013,0,174110,174110,711313,1,11925,14976,4,160,160,1
205,1,"[4, 0, 0, 0, 0, 0, 0, 0, 0, 0, 0, 0, 0, 0, 0, 4, 0, 0, 0, 0, 0, 0, 0, 0, 0, 0, 0, 0, 0, 0]",2304,512,1843200.0,3686400.0,4923047223,4923414442,4923057123,4923491069,144,483674,128639,711314,2,22375,78911,4,160,160,1
159,1,"[4, 4, 2304, 5, 5, 0, 0, 0, 0, 0, 0, 0, 0, 0, 0, 0, 0, 0, 0, 0, 0, 0, 0, 0, 0, 0, 0, 0, 0, 0]",450,128,0.0,0.0,4923611186,4923619995,4923619708,4923623548,0,169598,169598,711315,1,8809,3840,4,160,160,1
199,1,"[4, 4, 2304, 5, 5, 0, 0, 0, 0, 0, 0, 0, 0, 0, 0, 0, 0, 0, 0, 0, 0, 0, 0, 0, 0, 0, 0, 0, 0, 0]",288,512,0.0,0.0,4923782107,4923793281,4923793146,4923803289,16,257469,257469,711317,1,11174,10143,4,160,160,1
203,1,"[4, 2304, 1, 1, 96, 1, 1, 1, 1, 0, 0, 1, 1, 1, 1, 1, 4, 0, 0, 0, 0, 0, 0, 0, 0, 0, 0, 0, 0, 0]",3,256,1769472.0,923136.0,4924047457,4924110777,4924060758,4924183764,41472,159261,150750,711318,3,28683,114495,4,160,160,1
159,1,"[4, 4, 96, 1, 1, 0, 0, 0, 0, 0, 0, 0, 0, 0, 0, 0, 0, 0, 0, 0, 0, 0, 0, 0, 0, 0, 0, 0, 0, 0]",1,128,0.0,0.0,4924326415,4924334961,4924334514,4924337363,0,250205,250205,711319,1,8546,2849,4,160,160,1
203,1,"[4, 96, 1, 1, 2304, 1, 1, 1, 1, 0, 0, 1, 1, 1, 1, 1, 4, 0, 0, 0, 0, 0, 0, 0, 0, 0, 0, 0, 0, 0]",72,128,0.0,0.0,4924574643,4924626967,4924587568,4924630127,2304,199710,172286,711321,2,21807,15135,4,160,160,1
156,1,"[4, 4, 2304, 1, 1, 0, 0, 0, 0, 0, 0, 0, 0, 0, 0, 0, 0, 0, 0, 0, 0, 0, 0, 0, 0, 0, 0, 0, 0, 0]",18,128,184320.0,73728.0,4924791980,4924802599,4924802413,4924805132,0,142303,142303,711322,1,10619,2719,4,160,160,1
23,1,"[4, 4, 2304, 1, 1, 0, 0, 0, 0, 0, 0, 0, 0, 0, 0, 4, 4, 2304, 5, 5, 0, 0, 0, 0, 0, 0, 0, 0, 0, 0]",900,128,230400.0,1880064.0,4924937745,4924947561,4924947435,4924952459,0,261020,261020,711323,1,9816,5024,4,160,160,1
203,1,"[4, 2304, 5, 5, 384, 5, 5, 1, 1, 0, 0, 1, 1, 1, 1, 1, 4, 0, 0, 0, 0, 0, 0, 0, 0, 0, 0, 0, 0, 0]",288,256,176947200.0,4614144.0,4925199741,4925240995,4925213479,4925347078,41472,136574,122782,711324,4,33966,119807,4,160,160,1
205,1,"[4, 0, 0, 0, 0, 0, 0, 0, 0, 0, 0, 0, 0, 0, 0, 4, 0, 0, 0, 0, 0, 0, 0, 0, 0, 0, 0, 0, 0, 0]",384,512,307200.0,614400.0,4925458732,4925834588,4925469860,4925849855,144,541594,178814,711325,2,23860,17215,4,160,160,1
234,1,"[4, 4, 1, 1, 1, 0, 0, 0, 0, 0, 0, 0, 0, 0, 0, 0, 0, 0, 0, 0, 0, 0, 0, 0, 0, 0, 0, 0, 0, 0]",150,256,38400.0,307216.0,4926016065,4926286427,4926028669,4926289274,0,367739,114334,711326,3,33127,7200,4,160,160,1
35,1,"[4, 4, 384, 5, 5, 0, 0, 0, 0, 0, 0, 0, 0, 0, 0, 4, 4, 384, 5, 5, 0, 0, 0, 0, 0, 0, 0, 0, 0, 0]",75,128,38400.0,460800.0,4926393896,4926406214,4926403608,4926406520,0,277469,277469,711327,1,12318,2912,4,160,160,1
203,1,"[4, 384, 5, 5, 2304, 5, 5, 1, 1, 0, 0, 1, 1, 1, 1, 1, 4, 0, 0, 0, 0, 0, 0, 0, 0, 0, 0, 0, 0, 0]",288,256,176947200.0,4614144.0,4926669938,4926711349,4926683989,4926752980,25088,201438,185918,711328,4,33934,53471,4,160,160,1
205,1,"[4, 0, 0, 0, 0, 0, 0, 0, 0, 0, 0, 0, 0, 0, 0, 4, 0, 0, 0, 0, 0, 0, 0, 0, 0, 0, 0, 0, 0, 0]",2304,512,1843200.0,3686400.0,4926928465,4927305009,4926938898,4927380172,144,492858,130878,711329,2,25150,79294,4,160,160,1
159,1,"[4, 4, 2304, 5, 5, 0, 0, 0, 0, 0, 0, 0, 0, 0, 0, 0, 0, 0, 0, 0, 0, 0, 0, 0, 0, 0, 0, 0, 0, 0]",450,128,0.0,0.0,4927502363,4927511424,4927511050,4927514698,0,198526,198526,711330,1,9061,3648,4,160,160,1
203,1,"[4, 2304, 5, 5, 2304, 5, 5, 3, 3, 1, 1, 1, 1, 1, 1, 2304, 4, 0, 0, 0, 0, 0, 0, 0, 0, 0, 0, 0, 0, 0]",225,1024,0.0,0.0,4927701956,4927713836,4927713224,4927728232,0,173277,173277,711332,1,11880,15008,4,160,160,1
205,1,"[4, 0, 0, 0, 0, 0, 0, 0, 0, 0, 0, 0, 0, 0, 0, 4, 0, 0, 0, 0, 0, 0, 0, 0, 0, 0, 0, 0, 0, 0]",2304,512,1843200.0,3686400.0,4927891623,4928254432,4927901509,4928330720,144,479834,129310,711333,2,22362,78687,4,160,160,1
159,1,"[4, 4, 2304, 5, 5, 0, 0, 0, 0, 0, 0, 0, 0, 0, 0, 0, 0, 0, 0, 0, 0, 0, 0, 0, 0, 0, 0, 0, 0, 0]",450,128,0.0,0.0,4928451417,4928460433,4928460030,4928463614,0,322876,322876,711334,1,9016,3584,4,160,160,1
199,1,"[4, 4, 2304, 5, 5, 0, 0, 0, 0, 0, 0, 0, 0, 0, 0, 0, 0, 0, 0, 0, 0, 0, 0, 0, 0, 0, 0, 0, 0, 0]",288,512,0.0,0.0,4928772906,4928786714,4928786490,4928796986,16,274236,274236,711336,1,13808,10496,4,160,160,1
203,1,"[4, 2304, 1, 1, 96, 1, 1, 1, 1, 0, 0, 1, 1, 1, 1, 1, 4, 0, 0, 0, 0, 0, 0, 0, 0, 0, 0, 0, 0, 0]",3,256,1769472.0,923136.0,4929057630,4929121383,4929071222,4929193877,41472,165406,156926,711337,3,28677,114175,4,160,160,1
159,1,"[4, 4, 96, 1, 1, 0, 0, 0, 0, 0, 0, 0, 0, 0, 0, 0, 0, 0, 0, 0, 0, 0, 0, 0, 0, 0, 0, 0, 0, 0]",1,128,0.0,0.0,4929342844,4929350958,4929350803,4929353619,0,250525,250525,711338,1,8114,2816,4,160,160,1
203,1,"[4, 96, 1, 1, 2304, 1, 1, 1, 1, 0, 0, 1, 1, 1, 1, 1, 4, 0, 0, 0, 0, 0, 0, 0, 0, 0, 0, 0, 0, 0]",72,128,0.0,0.0,4929591758,4929641138,4929604144,4929644399,2304,204990,179902,711340,2,21119,15167,4,160,160,1
156,1,"[4, 4, 2304, 1, 1, 0, 0, 0, 0, 0, 0, 0, 0, 0, 0, 0, 0, 0, 0, 0, 0, 0, 0, 0, 0, 0, 0, 0, 0, 0]",18,128,184320.0,73728.0,4929813444,4929824492,4929824301,4929827149,0,143006,143006,711341,1,11048,2848,4,160,160,1
23,1,"[4, 4, 2304, 1, 1, 0, 0, 0, 0, 0, 0, 0, 0, 0, 0, 4, 4, 2304, 5, 5, 0, 0, 0, 0, 0, 0, 0, 0, 0, 0]",900,128,230400.0,1880064.0,4929960362,4929970219,4929970155,4929975147,0,262141,262141,711342,1,9857,4992,4,160,160,1
203,1,"[4, 2304, 5, 5, 384, 5, 5, 1, 1, 0, 0, 1, 1, 1, 1, 1, 4, 0, 0, 0, 0, 0, 0, 0, 0, 0, 0, 0, 0, 0]",288,256,176947200.0,4614144.0,4930223956,4930264428,4930237288,4930370086,41472,139678,126399,711343,4,33158,119519,4,160,160,1
205,1,"[4, 0, 0, 0, 0, 0, 0, 0, 0, 0, 0, 0, 0, 0, 0, 4, 0, 0, 0, 0, 0, 0, 0, 0, 0, 0, 0, 0, 0, 0]",384,512,307200.0,614400.0,4930485985,4930853782,4930496485,4930868672,144,533305,178781,711344,2,23597,17663,4,160,160,1
234,1,"[4, 4, 1, 1, 1, 0, 0, 0, 0, 0, 0, 0, 0, 0, 0, 0, 0, 0, 0, 0, 0, 0, 0, 0, 0, 0, 0, 0, 0, 0]",150,256,38400.0,307216.0,4931035457,4931304664,4931047453,4931307610,0,367291,114431,711345,3,33371,7297,4,160,160,1
35,1,"[4, 4, 384, 5, 5, 0, 0, 0, 0, 0, 0, 0, 0, 0, 0, 4, 4, 384, 5, 5, 0, 0, 0, 0, 0, 0, 0, 0, 0, 0]",75,128,38400.0,460800.0,4931412515,4931424982,4931422041,4931424953,0,279004,279004,711346,1,12467,2912,4,160,160,1
203,1,"[4, 384, 5, 5, 2304, 5, 5, 1, 1, 0, 0, 1, 1, 1, 1, 1, 4, 0, 0, 0, 0, 0, 0, 0, 0, 0, 0, 0, 0, 0]",288,256,176947200.0,4614144.0,4931689600,4931731118,4931703957,4931772884,25088,199614,183934,711347,4,34184,53247,4,160,160,1
205,1,"[4, 0, 0, 0, 0, 0, 0, 0, 0, 0, 0, 0, 0, 0, 0, 4, 0, 0, 0, 0, 0, 0, 0, 0, 0, 0, 0, 0, 0, 0]",2304,512,1843200.0,3686400.0,4931946554,4932320549,4931956818,4932394188,144,490106,132159,711348,2,26042,79423,4,160,160,1
159,1,"[4, 4, 2304, 5, 5, 0, 0, 0, 0, 0, 0, 0, 0, 0, 0, 0, 0, 0, 0, 0, 0, 0, 0, 0, 0, 0, 0, 0, 0, 0]",450,128,0.0,0.0,4932517485,4932526757,4932526347,4932530090,0,197534,197534,711349,1,9272,3743,4,160,160,1
203,1,"[4, 2304, 5, 5, 2304, 5, 5, 3, 3, 1, 1, 1, 1, 1, 1, 2304, 4, 0, 0, 0, 0, 0, 0, 0, 0, 0, 0, 0, 0, 0]",225,1024,0.0,0.0,4932716222,4932728156,4932727624,4932742632,0,174686,174686,711351,1,11934,15008,4,160,160,1
205,1,"[4, 0, 0, 0, 0, 0, 0, 0, 0, 0, 0, 0, 0, 0, 0, 4, 0, 0, 0, 0, 0, 0, 0, 0, 0, 0, 0, 0, 0, 0]",2304,512,1843200.0,3686400.0,4932906914,4933267845,4932917318,4933343936,144,479033,130942,711352,2,23430,78527,4,160,160,1
159,1,"[4, 4, 2304, 5, 5, 0, 0, 0, 0, 0, 0, 0, 0, 0, 0, 0, 0, 0, 0, 0, 0, 0, 0, 0, 0, 0, 0, 0, 0, 0]",450,128,0.0,0.0,4933466101,4933475378,4933474878,4933478526,0,169694,169694,711353,1,9277,3648,4,160,160,1
199,1,"[4, 4, 2304, 5, 5, 0, 0, 0, 0, 0, 0, 0, 0, 0, 0, 0, 0, 0, 0, 0, 0, 0, 0, 0, 0, 0, 0, 0, 0, 0]",288,512,0.0,0.0,4933637761,4933648264,4933648220,4933658364,16,270397,270397,711355,1,10503,10144,4,160,160,1
203,1,"[4, 2304, 1, 1, 96, 1, 1, 1, 1, 0, 0, 1, 1, 1, 1, 1, 4, 0, 0, 0, 0, 0, 0, 0, 0, 0, 0, 0, 0, 0]",3,256,1769472.0,923136.0,4933914867,4933978334,4933928761,4934051415,41472,164126,155806,711356,3,28809,114334,4,160,160,1
159,1,"[4, 4, 96, 1, 1, 0, 0, 0, 0, 0, 0, 0, 0, 0, 0, 0, 0, 0, 0, 0, 0, 0, 0, 0, 0, 0, 0, 0, 0, 0]",1,128,0.0,0.0,4934198985,4934207410,4934207221,4934210133,0,252061,252061,711357,1,8425,2912,4,160,160,1
203,1,"[4, 96, 1, 1, 2304, 1, 1, 1, 1, 0, 0, 1, 1, 1, 1, 1, 4, 0, 0, 0, 0, 0, 0, 0, 0, 0, 0, 0, 0, 0]",72,128,0.0,0.0,4934449412,4934500265,4934462194,4934503410,2304,197565,171677,711359,2,21963,15328,4,160,160,1
156,1,"[4, 4, 2304, 1, 1, 0, 0, 0, 0, 0, 0, 0, 0, 0, 0, 0, 0, 0, 0, 0, 0, 0, 0, 0, 0, 0, 0, 0, 0, 0]",18,128,184320.0,73728.0,4934665056,4934675335,4934675087,4934677839,0,140318,140318,711360,1,10279,2752,4,160,160,1
23,1,"[4, 4, 2304, 1, 1, 0, 0, 0, 0, 0, 0, 0, 0, 0, 0, 4, 4, 2304, 5, 5, 0, 0, 0, 0, 0, 0, 0, 0, 0, 0]",900,128,230400.0,1880064.0,4934808348,4934818275,4934818157,4934823629,0,262973,262973,711361,1,9927,5472,4,160,160,1
203,1,"[4, 2304, 5, 5, 384, 5, 5, 1, 1, 0, 0, 1, 1, 1, 1, 1, 4, 0, 0, 0, 0, 0, 0, 0, 0, 0, 0, 0, 0, 0]",288,256,176947200.0,4614144.0,4935072562,4935113578,4935086602,4935219272,41472,138014,125279,711362,4,33755,119935,4,160,160,1
205,1,"[4, 0, 0, 0, 0, 0, 0, 0, 0, 0, 0, 0, 0, 0, 0, 4, 0, 0, 0, 0, 0, 0, 0, 0, 0, 0, 0, 0, 0, 0]",384,512,307200.0,614400.0,4935333663,4935706683,4935344551,4935721570,144,538489,178686,711363,2,23584,17216,4,160,160,1
234,1,"[4, 4, 1, 1, 1, 0, 0, 0, 0, 0, 0, 0, 0, 0, 0, 0, 0, 0, 0, 0, 0, 0, 0, 0, 0, 0, 0, 0, 0, 0]",150,256,38400.0,307216.0,4935887880,4936165027,4935900256,4936167804,0,529241,268893,711364,3,34601,7200,4,160,160,1
35,1,"[4, 4, 384, 5, 5, 0, 0, 0, 0, 0, 0, 0, 0, 0, 0, 4, 4, 384, 5, 5, 0, 0, 0, 0, 0, 0, 0, 0, 0, 0]",75,128,38400.0,460800.0,4936424026,4936439684,4936436697,4936439609,0,293916,293916,711365,1,15658,2912,4,160,160,1
203,1,"[4, 384, 5, 5, 2304, 5, 5, 1, 1, 0, 0, 1, 1, 1, 1, 1, 4, 0, 0, 0, 0, 0, 0, 0, 0, 0, 0, 0, 0, 0]",288,256,176947200.0,4614144.0,4936719077,4936760567,4936733525,4936801844,25088,200127,184670,711366,4,34190,52862,4,160,160,1
205,1,"[4, 0, 0, 0, 0, 0, 0, 0, 0, 0, 0, 0, 0, 0, 0, 4, 0, 0, 0, 0, 0, 0, 0, 0, 0, 0, 0, 0, 0, 0]",2304,512,1843200.0,3686400.0,4936976177,4937350026,4936986514,4937424012,144,489242,131583,711367,2,26069,79839,4,160,160,1
159,1,"[4, 4, 2304, 5, 5, 0, 0, 0, 0, 0, 0, 0, 0, 0, 0, 0, 0, 0, 0, 0, 0, 0, 0, 0, 0, 0, 0, 0, 0, 0]",450,128,0.0,0.0,4937547347,4937555944,4937555595,4937559851,0,205213,205213,711368,1,8597,4256,4,160,160,1
203,1,"[4, 2304, 5, 5, 2304, 5, 5, 3, 3, 1, 1, 1, 1, 1, 1, 2304, 4, 0, 0, 0, 0, 0, 0, 0, 0, 0, 0, 0, 0, 0]",225,1024,0.0,0.0,4937753323,4937765633,4937765064,4937780008,0,176926,176926,711370,1,12310,14944,4,160,160,1
205,1,"[4, 0, 0, 0, 0, 0, 0, 0, 0, 0, 0, 0, 0, 0, 0, 4, 0, 0, 0, 0, 0, 0, 0, 0, 0, 0, 0, 0, 0, 0]",2304,512,1843200.0,3686400.0,4937946679,4938311277,4937956934,4938385216,144,480026,130814,711371,2,25636,79070,4,160,160,1
159,1,"[4, 4, 2304, 5, 5, 0, 0, 0, 0, 0, 0, 0, 0, 0, 0, 0, 0, 0, 0, 0, 0, 0, 0, 0, 0, 0, 0, 0, 0, 0]",450,128,0.0,0.0,4938507701,4938516245,4938516030,4938520863,0,168797,168797,711372,1,8544,4833,4,160,160,1
199,1,"[4, 4, 2304, 5, 5, 0, 0, 0, 0, 0, 0, 0, 0, 0, 0, 0, 0, 0, 0, 0, 0, 0, 0, 0, 0, 0, 0, 0, 0, 0]",288,512,0.0,0.0,4938678872,4938689675,4938689660,4938700092,16,255869,255869,711374,1,10803,10432,4,160,160,1
203,1,"[4, 2304, 1, 1, 96, 1, 1, 1, 1, 0, 0, 1, 1, 1, 1, 1, 4, 0, 0, 0, 0, 0, 0, 0, 0, 0, 0, 0, 0, 0]",3,256,1769472.0,923136.0,4938942424,4939005300,4938955961,4939078231,41472,160446,152414,711375,3,28466,114238,4,160,160,1
159,1,"[4, 4, 96, 1, 1, 0, 0, 0, 0, 0, 0, 0, 0, 0, 0, 0, 0, 0, 0, 0, 0, 0, 0, 0, 0, 0, 0, 0, 0, 0]",1,128,0.0,0.0,4939222502,4939230983,4939230645,4939233558,0,249564,249564,711376,1,8481,2913,4,160,160,1
203,1,"[4, 96, 1, 1, 2304, 1, 1, 1, 1, 0, 0, 1, 1, 1, 1, 1, 4, 0, 0, 0, 0, 0, 0, 0, 0, 0, 0, 0, 0, 0]",72,128,0.0,0.0,4939470735,4939520332,4939483122,4939523602,2304,198333,173213,711378,2,20883,15360,4,160,160,1
156,1,"[4, 4, 2304, 1, 1, 0, 0, 0, 0, 0, 0, 0, 0, 0, 0, 0, 0, 0, 0, 0, 0, 0, 0, 0, 0, 0, 0, 0, 0, 0]",18,128,184320.0,73728.0,4939686719,4939697025,4939696815,4939699504,0,141118,141118,711379,1,10306,2689,4,160,160,1
23,1,"[4, 4, 2304, 1, 1, 0, 0, 0, 0, 0, 0, 0, 0, 0, 0, 4, 4, 2304, 5, 5, 0, 0, 0, 0, 0, 0, 0, 0, 0, 0]",900,128,230400.0,1880064.0,4939830836,4939840703,4939840622,4939845550,0,262044,262044,711380,1,9867,4928,4,160,160,1
203,1,"[4, 2304, 5, 5, 640, 5, 5, 1, 1, 0, 0, 1, 1, 1, 1, 1, 4, 0, 0, 0, 0, 0, 0, 0, 0, 0, 0, 0, 0, 0]",288,256,294912000.0,7075840.0,4940093748,4940135379,4940107594,4940242505,41472,135774,121982,711381,4,34358,121119,4,160,160,1
205,1,"[4, 0, 0, 0, 0, 0, 0, 0, 0, 0, 0, 0, 0, 0, 0, 4, 0, 0, 0, 0, 0, 0, 0, 0, 0, 0, 0, 0, 0, 0]",640,512,512000.0,1024000.0,4940353874,4940728956,4940364487,4940752290,144,631769,270077,711382,2,23053,26111,4,160,160,1
203,1,"[4, 640, 5, 5, 3840, 5, 5, 1, 1, 0, 0, 1, 1, 1, 1, 1, 4, 0, 0, 0, 0, 0, 0, 0, 0, 0, 0, 0, 0, 0]",480,256,491520000.0,11622400.0,4941008835,4941050360,4941022367,4941182333,25088,111454,95902,711383,4,34245,144414,4,160,160,1
205,1,"[4, 0, 0, 0, 0, 0, 0, 0, 0, 0, 0, 0, 0, 0, 0, 4, 0, 0, 0, 0, 0, 0, 0, 0, 0, 0, 0, 0, 0, 0]",3840,512,3072000.0,6144000.0,4941267294,4941637350,4941278235,4941762678,144,445849,89630,711384,2,24107,128224,4,160,160,1
159,1,"[4, 4, 3840, 5, 5, 0, 0, 0, 0, 0, 0, 0, 0, 0, 0, 0, 0, 0, 0, 0, 0, 0, 0, 0, 0, 0, 0, 0, 0, 0]",750,128,0.0,0.0,4941844151,4941852672,4941852308,4941857780,0,195934,195934,711385,1,8521,5472,4,160,160,1
203,1,"[4, 3840, 5, 5, 3840, 5, 5, 3, 3, 1, 1, 1, 1, 1, 1, 3840, 4, 0, 0, 0, 0, 0, 0, 0, 0, 0, 0, 0, 0, 0]",375,1024,0.0,0.0,4942042284,4942054218,4942053714,4942077202,0,171069,171069,711387,1,11934,23488,4,160,160,1
205,1,"[4, 0, 0, 0, 0, 0, 0, 0, 0, 0, 0, 0, 0, 0, 0, 4, 0, 0, 0, 0, 0, 0, 0, 0, 0, 0, 0, 0, 0, 0]",3840,512,3072000.0,6144000.0,4942237601,4942602845,4942248271,4942729385,144,428859,76767,711388,2,23397,129022,4,160,160,1
159,1,"[4, 4, 3840, 5, 5, 0, 0, 0, 0, 0, 0, 0, 0, 0, 0, 0, 0, 0, 0, 0, 0, 0, 0, 0, 0, 0, 0, 0, 0, 0]",750,128,0.0,0.0,4942798025,4942806445,4942806152,4942811560,0,167710,167710,711389,1,8420,5408,4,160,160,1
199,1,"[4, 4, 3840, 5, 5, 0, 0, 0, 0, 0, 0, 0, 0, 0, 0, 0, 0, 0, 0, 0, 0, 0, 0, 0, 0, 0, 0, 0, 0, 0]",480,512,0.0,0.0,4942968842,4942979327,4942979270,4942992646,16,238685,238685,711391,1,10485,13376,4,160,160,1
203,1,"[4, 3840, 1, 1, 160, 1, 1, 1, 1, 0, 0, 1, 1, 1, 1, 1, 4, 0, 0, 0, 0, 0, 0, 0, 0, 0, 0, 0, 0, 0]",3840,128,0.0,0.0,4943218888,4943280818,4943231331,4943438784,4608,69022,63423,711392,3,28872,201854,4,160,160,1
159,1,"[4, 4, 160, 1, 1, 0, 0, 0, 0, 0, 0, 0, 0, 0, 0, 0, 0, 0, 0, 0, 0, 0, 0, 0, 0, 0, 0, 0, 0, 0]",2,128,0.0,0.0,4943494237,4943502417,4943502207,4943505119,0,396443,396443,711393,1,8180,2912,4,160,160,1
203,1,"[4, 160, 1, 1, 3840, 1, 1, 1, 1, 0, 0, 1, 1, 1, 1, 1, 4, 0, 0, 0, 0, 0, 0, 0, 0, 0, 0, 0, 0, 0]",160,128,0.0,0.0,4943887559,4943948832,4943901562,4943952538,4608,197436,177373,711395,3,28646,30913,4,160,160,1
156,1,"[4, 4, 3840, 1, 1, 0, 0, 0, 0, 0, 0, 0, 0, 0, 0, 0, 0, 0, 0, 0, 0, 0, 0, 0, 0, 0, 0, 0, 0, 0]",30,128,307200.0,122880.0,4944119728,4944130160,4944129911,4944132663,0,143295,143295,711396,1,10432,2752,4,160,160,1
23,1,"[4, 4, 3840, 1, 1, 0, 0, 0, 0, 0, 0, 0, 0, 0, 0, 4, 4, 3840, 5, 5, 0, 0, 0, 0, 0, 0, 0, 0, 0, 0]",1500,128,384000.0,3133440.0,4944265738,4944276190,4944275958,4944286069,0,259997,259997,711397,1,10452,10111,4,160,160,1
203,1,"[4, 3840, 5, 5, 640, 5, 5, 1, 1, 0, 0, 1, 1, 1, 1, 1, 4, 0, 0, 0, 0, 0, 0, 0, 0, 0, 0, 0, 0, 0]",480,256,491520000.0,11622400.0,4944532166,4944573008,4944546066,4944749487,41472,73185,62208,711398,4,33567,192444,4,160,160,1
205,1,"[4, 0, 0, 0, 0, 0, 0, 0, 0, 0, 0, 0, 0, 0, 0, 4, 0, 0, 0, 0, 0, 0, 0, 0, 0, 0, 0, 0, 0, 0]",640,512,512000.0,1024000.0,4944801139,4945178576,4944811695,4945201994,144,536216,171933,711399,2,23301,26016,4,160,160,1
234,1,"[4, 4, 1, 1, 1, 0, 0, 0, 0, 0, 0, 0, 0, 0, 0, 0, 0, 0, 0, 0, 0, 0, 0, 0, 0, 0, 0, 0, 0, 0]",250,256,64000.0,512016.0,4945361972,4945634819,4945373927,4945637732,0,381948,125567,711400,3,33422,7424,4,160,160,1
35,1,"[4, 4, 640, 5, 5, 0, 0, 0, 0, 0, 0, 0, 0, 0, 0, 4, 4, 640, 5, 5, 0, 0, 0, 0, 0, 0, 0, 0, 0, 0]",125,128,64000.0,768000.0,4945753236,4945763478,4945763299,4945766499,0,277308,277308,711401,1,10242,3200,4,160,160,1
203,1,"[4, 640, 5, 5, 3840, 5, 5, 1, 1, 0, 0, 1, 1, 1, 1, 1, 4, 0, 0, 0, 0, 0, 0, 0, 0, 0, 0, 0, 0, 0]",480,256,491520000.0,11622400.0,4946029915,4946076193,4946043807,4946203261,25088,119103,102495,711402,4,38496,142846,4,160,160,1
205,1,"[4, 0, 0, 0, 0, 0, 0, 0, 0, 0, 0, 0, 0, 0, 0, 4, 0, 0, 0, 0, 0, 0, 0, 0, 0, 0, 0, 0, 0, 0]",3840,512,3072000.0,6144000.0,4946294438,4946666773,4946305756,4946792310,144,433626,75359,711403,2,23947,128287,4,160,160,1
159,1,"[4, 4, 3840, 5, 5, 0, 0, 0, 0, 0, 0, 0, 0, 0, 0, 0, 0, 0, 0, 0, 0, 0, 0, 0, 0, 0, 0, 0, 0, 0]",750,128,0.0,0.0,4946859337,4946868008,4946867669,4946873204,0,194334,194334,711404,1,8671,5535,4,160,160,1
203,1,"[4, 3840, 5, 5, 3840, 5, 5, 3, 3, 1, 1, 1, 1, 1, 1, 3840, 4, 0, 0, 0, 0, 0, 0, 0, 0, 0, 0, 0, 0, 0]",375,1024,0.0,0.0,4947056213,4947068118,4947067538,4947091154,0,171646,171646,711406,1,11905,23616,4,160,160,1
205,1,"[4, 0, 0, 0, 0, 0, 0, 0, 0, 0, 0, 0, 0, 0, 0, 4, 0, 0, 0, 0, 0, 0, 0, 0, 0, 0, 0, 0, 0, 0]",3840,512,3072000.0,6144000.0,4947252320,4947620962,4947262800,4947746857,144,431515,75776,711407,2,23282,128318,4,160,160,1
159,1,"[4, 4, 3840, 5, 5, 0, 0, 0, 0, 0, 0, 0, 0, 0, 0, 0, 0, 0, 0, 0, 0, 0, 0, 0, 0, 0, 0, 0, 0, 0]",750,128,0.0,0.0,4947814022,4947823016,4947822633,4947828584,0,168158,168158,711408,1,8994,5951,4,160,160,1
199,1,"[4, 4, 3840, 5, 5, 0, 0, 0, 0, 0, 0, 0, 0, 0, 0, 0, 0, 0, 0, 0, 0, 0, 0, 0, 0, 0, 0, 0, 0, 0]",480,512,0.0,0.0,4947986457,4947996812,4947996742,4948009926,16,238109,238109,711410,1,10355,13184,4,160,160,1
203,1,"[4, 3840, 1, 1, 160, 1, 1, 1, 1, 0, 0, 1, 1, 1, 1, 1, 4, 0, 0, 0, 0, 0, 0, 0, 0, 0, 0, 0, 0, 0]",3840,128,0.0,0.0,4948235632,4948296006,4948248035,4948455904,4608,67808,62752,711411,3,27927,202813,4,160,160,1
159,1,"[4, 4, 160, 1, 1, 0, 0, 0, 0, 0, 0, 0, 0, 0, 0, 0, 0, 0, 0, 0, 0, 0, 0, 0, 0, 0, 0, 0, 0, 0]",2,128,0.0,0.0,4948510619,4948519013,4948518656,4948521472,0,245629,245629,711412,1,8394,2816,4,160,160,1
203,1,"[4, 160, 1, 1, 3840, 1, 1, 1, 1, 0, 0, 1, 1, 1, 1, 1, 4, 0, 0, 0, 0, 0, 0, 0, 0, 0, 0, 0, 0, 0]",160,128,0.0,0.0,4948755253,4948813137,4948767101,4948816764,4608,189438,170654,711414,3,26304,30879,4,160,160,1
156,1,"[4, 4, 3840, 1, 1, 0, 0, 0, 0, 0, 0, 0, 0, 0, 0, 0, 0, 0, 0, 0, 0, 0, 0, 0, 0, 0, 0, 0, 0, 0]",30,128,307200.0,122880.0,4948977794,4948990410,4948987418,4948990106,0,144670,144670,711415,1,12616,2688,4,160,160,1
23,1,"[4, 4, 3840, 1, 1, 0, 0, 0, 0, 0, 0, 0, 0, 0, 0, 4, 4, 3840, 5, 5, 0, 0, 0, 0, 0, 0, 0, 0, 0, 0]",1500,128,384000.0,3133440.0,4949124861,4949134919,4949134776,4949144728,0,257117,257117,711416,1,10058,9952,4,160,160,1
203,1,"[4, 3840, 5, 5, 640, 5, 5, 1, 1, 0, 0, 1, 1, 1, 1, 1, 4, 0, 0, 0, 0, 0, 0, 0, 0, 0, 0, 0, 0, 0]",480,256,491520000.0,11622400.0,4949388070,4949428688,4949401845,4949605906,41472,82432,70623,711417,4,33143,192252,4,160,160,1
205,1,"[4, 0, 0, 0, 0, 0, 0, 0, 0, 0, 0, 0, 0, 0, 0, 4, 0, 0, 0, 0, 0, 0, 0, 0, 0, 0, 0, 0, 0, 0]",640,512,512000.0,1024000.0,4949665271,4950043605,4949676529,4950066828,144,534969,170718,711418,2,24236,26048,4,160,160,1
234,1,"[4, 4, 1, 1, 1, 0, 0, 0, 0, 0, 0, 0, 0, 0, 0, 0, 0, 0, 0, 0, 0, 0, 0, 0, 0, 0, 0, 0, 0, 0]",250,256,64000.0,512016.0,4950225852,4950496067,4950237546,4950499078,0,368988,114847,711419,3,32688,7391,4,160,160,1
35,1,"[4, 4, 640, 5, 5, 0, 0, 0, 0, 0, 0, 0, 0, 0, 0, 4, 4, 640, 5, 5, 0, 0, 0, 0, 0, 0, 0, 0, 0, 0]",125,128,64000.0,768000.0,4950603917,4950613895,4950613925,4950617093,0,274973,274973,711420,1,9978,3168,4,160,160,1
203,1,"[4, 640, 5, 5, 3840, 5, 5, 1, 1, 0, 0, 1, 1, 1, 1, 1, 4, 0, 0, 0, 0, 0, 0, 0, 0, 0, 0, 0, 0, 0]",480,256,491520000.0,11622400.0,4950878104,4950922986,4950892066,4951049312,25088,118590,103230,711421,4,37334,141886,4,160,160,1
205,1,"[4, 0, 0, 0, 0, 0, 0, 0, 0, 0, 0, 0, 0, 0, 0, 4, 0, 0, 0, 0, 0, 0, 0, 0, 0, 0, 0, 0, 0, 0]",3840,512,3072000.0,6144000.0,4951141823,4951724100,4951152542,4951848949,144,650073,81440,711422,2,24840,127774,4,160,160,1
159,1,"[4, 4, 3840, 5, 5, 0, 0, 0, 0, 0, 0, 0, 0, 0, 0, 0, 0, 0, 0, 0, 0, 0, 0, 0, 0, 0, 0, 0, 0, 0]",750,128,0.0,0.0,4951922078,4951930846,4951930389,4951935956,0,203646,203646,711423,1,8768,5567,4,160,160,1
203,1,"[4, 3840, 5, 5, 3840, 5, 5, 3, 3, 1, 1, 1, 1, 1, 1, 3840, 4, 0, 0, 0, 0, 0, 0, 0, 0, 0, 0, 0, 0, 0]",375,1024,0.0,0.0,4952128189,4952140134,4952139602,4952163121,0,168158,168158,711425,1,11945,23519,4,160,160,1
205,1,"[4, 0, 0, 0, 0, 0, 0, 0, 0, 0, 0, 0, 0, 0, 0, 4, 0, 0, 0, 0, 0, 0, 0, 0, 0, 0, 0, 0, 0, 0]",3840,512,3072000.0,6144000.0,4952320913,4952686169,4952331279,4952812713,144,427131,74527,711426,2,22840,128830,4,160,160,1
159,1,"[4, 4, 3840, 5, 5, 0, 0, 0, 0, 0, 0, 0, 0, 0, 0, 0, 0, 0, 0, 0, 0, 0, 0, 0, 0, 0, 0, 0, 0, 0]",750,128,0.0,0.0,4952878868,4952887414,4952887240,4952892776,0,167838,167838,711427,1,8546,5536,4,160,160,1
199,1,"[4, 4, 3840, 5, 5, 0, 0, 0, 0, 0, 0, 0, 0, 0, 0, 0, 0, 0, 0, 0, 0, 0, 0, 0, 0, 0, 0, 0, 0, 0]",480,512,0.0,0.0,4953050110,4953063672,4953060614,4953073926,16,239549,239549,711429,1,13562,13312,4,160,160,1
203,1,"[4, 3840, 1, 1, 160, 1, 1, 1, 1, 0, 0, 1, 1, 1, 1, 1, 4, 0, 0, 0, 0, 0, 0, 0, 0, 0, 0, 0, 0, 0]",3840,128,0.0,0.0,4953301133,4953361153,4953313475,4953521344,4608,65887,61247,711430,3,27710,203229,4,160,160,1
159,1,"[4, 4, 160, 1, 1, 0, 0, 0, 0, 0, 0, 0, 0, 0, 0, 0, 0, 0, 0, 0, 0, 0, 0, 0, 0, 0, 0, 0, 0, 0]",2,128,0.0,0.0,4953574406,4953582912,4953582591,4953585440,0,257564,257564,711431,1,8506,2849,4,160,160,1
203,1,"[4, 160, 1, 1, 3840, 1, 1, 1, 1, 0, 0, 1, 1, 1, 1, 1, 4, 0, 0, 0, 0, 0, 0, 0, 0, 0, 0, 0, 0, 0]",160,128,0.0,0.0,4953830432,4953888522,4953843004,4953892091,4608,193534,175166,711433,3,26754,30719,4,160,160,1
156,1,"[4, 4, 3840, 1, 1, 0, 0, 0, 0, 0, 0, 0, 0, 0, 0, 0, 0, 0, 0, 0, 0, 0, 0, 0, 0, 0, 0, 0, 0, 0]",30,128,307200.0,122880.0,4954056628,4954067544,4954067257,4954069977,0,145247,145247,711434,1,10916,2720,4,160,160,1
23,1,"[4, 4, 3840, 1, 1, 0, 0, 0, 0, 0, 0, 0, 0, 0, 0, 4, 4, 3840, 5, 5, 0, 0, 0, 0, 0, 0, 0, 0, 0, 0]",1500,128,384000.0,3133440.0,4954205358,4954215240,4954215224,4954225239,0,257885,257885,711435,1,9882,10015,4,160,160,1
203,1,"[4, 3840, 5, 5, 640, 5, 5, 1, 1, 0, 0, 1, 1, 1, 1, 1, 4, 0, 0, 0, 0, 0, 0, 0, 0, 0, 0, 0, 0, 0]",480,256,491520000.0,11622400.0,4954469570,4954509712,4954483124,4954686865,41472,70913,59552,711436,4,32631,192380,4,160,160,1
205,1,"[4, 0, 0, 0, 0, 0, 0, 0, 0, 0, 0, 0, 0, 0, 0, 4, 0, 0, 0, 0, 0, 0, 0, 0, 0, 0, 0, 0, 0, 0]",640,512,512000.0,1024000.0,4954735976,4955111229,4954746417,4955134284,144,534073,171870,711437,2,23101,25664,4,160,160,1
234,1,"[4, 4, 1, 1, 1, 0, 0, 0, 0, 0, 0, 0, 0, 0, 0, 0, 0, 0, 0, 0, 0, 0, 0, 0, 0, 0, 0, 0, 0, 0]",250,256,64000.0,512016.0,4955294399,4955567406,4955306154,4955570406,0,372155,115391,711438,3,33414,7488,4,160,160,1
35,1,"[4, 4, 640, 5, 5, 0, 0, 0, 0, 0, 0, 0, 0, 0, 0, 4, 4, 640, 5, 5, 0, 0, 0, 0, 0, 0, 0, 0, 0, 0]",125,128,64000.0,768000.0,4955675935,4955685854,4955685797,4955688965,0,273436,273436,711439,1,9919,3168,4,160,160,1
203,1,"[4, 640, 5, 5, 3840, 5, 5, 1, 1, 0, 0, 1, 1, 1, 1, 1, 4, 0, 0, 0, 0, 0, 0, 0, 0, 0, 0, 0, 0, 0]",480,256,491520000.0,11622400.0,4955948315,4955993373,4955962401,4956125951,25088,113055,94399,711440,4,37358,144894,4,160,160,1
205,1,"[4, 0, 0, 0, 0, 0, 0, 0, 0, 0, 0, 0, 0, 0, 0, 4, 0, 0, 0, 0, 0, 0, 0, 0, 0, 0, 0, 0, 0, 0]",3840,512,3072000.0,6144000.0,4956209857,4956581034,4956220350,4956706552,144,435514,77599,711441,2,23082,128287,4,160,160,1
159,1,"[4, 4, 3840, 5, 5, 0, 0, 0, 0, 0, 0, 0, 0, 0, 0, 0, 0, 0, 0, 0, 0, 0, 0, 0, 0, 0, 0, 0, 0, 0]",750,128,0.0,0.0,4956775901,4956784487,4956784151,4956789527,0,198589,198589,711442,1,8586,5376,4,160,160,1
203,1,"[4, 3840, 5, 5, 3840, 5, 5, 3, 3, 1, 1, 1, 1, 1, 1, 3840, 4, 0, 0, 0, 0, 0, 0, 0, 0, 0, 0, 0, 0, 0]",375,1024,0.0,0.0,4956976566,4956988668,4956988116,4957011860,0,167550,167550,711444,1,12102,23744,4,160,160,1
205,1,"[4, 0, 0, 0, 0, 0, 0, 0, 0, 0, 0, 0, 0, 0, 0, 4, 0, 0, 0, 0, 0, 0, 0, 0, 0, 0, 0, 0, 0, 0]",3840,512,3072000.0,6144000.0,4957168633,4957534470,4957179410,4957658124,144,439066,86271,711445,2,23156,125919,4,160,160,1
159,1,"[4, 4, 3840, 5, 5, 0, 0, 0, 0, 0, 0, 0, 0, 0, 0, 0, 0, 0, 0, 0, 0, 0, 0, 0, 0, 0, 0, 0, 0, 0]",750,128,0.0,0.0,4957736011,4957744737,4957744395,4957749963,0,172094,172094,711446,1,8726,5568,4,160,160,1
199,1,"[4, 4, 3840, 5, 5, 0, 0, 0, 0, 0, 0, 0, 0, 0, 0, 0, 0, 0, 0, 0, 0, 0, 0, 0, 0, 0, 0, 0, 0, 0]",480,512,0.0,0.0,4957911523,4957922213,4957922057,4957935368,16,234365,234365,711448,1,10690,13311,4,160,160,1
203,1,"[4, 3840, 1, 1, 160, 1, 1, 1, 1, 0, 0, 1, 1, 1, 1, 1, 4, 0, 0, 0, 0, 0, 0, 0, 0, 0, 0, 0, 0, 0]",3840,128,0.0,0.0,4958157337,4958216640,4958169733,4958375299,4608,64767,60287,711449,3,27249,201086,4,160,160,1
159,1,"[4, 4, 160, 1, 1, 0, 0, 0, 0, 0, 0, 0, 0, 0, 0, 0, 0, 0, 0, 0, 0, 0, 0, 0, 0, 0, 0, 0, 0, 0]",2,128,0.0,0.0,4958427862,4958435752,4958435586,4958438402,0,251133,251133,711450,1,7890,2816,4,160,160,1
203,1,"[4, 160, 1, 1, 3840, 1, 1, 1, 1, 0, 0, 1, 1, 1, 1, 1, 4, 0, 0, 0, 0, 0, 0, 0, 0, 0, 0, 0, 0, 0]",160,128,0.0,0.0,4958677143,4958738065,4958689535,4958739006,4608,347676,329276,711452,3,29676,31071,4,160,160,1
156,1,"[4, 4, 3840, 1, 1, 0, 0, 0, 0, 0, 0, 0, 0, 0, 0, 0, 0, 0, 0, 0, 0, 0, 0, 0, 0, 0, 0, 0, 0, 0]",30,128,307200.0,122880.0,4959055544,4959068856,4959068282,4959070970,0,154110,154110,711453,1,13312,2688,4,160,160,1
23,1,"[4, 4, 3840, 1, 1, 0, 0, 0, 0, 0, 0, 0, 0, 0, 0, 4, 4, 3840, 5, 5, 0, 0, 0, 0, 0, 0, 0, 0, 0, 0]",1500,128,384000.0,3133440.0,4959213956,4959225331,4959225080,4959235128,0,259772,259772,711454,1,11375,10048,4,160,160,1
203,1,"[4, 3840, 5, 5, 640, 5, 5, 1, 1, 0, 0, 1, 1, 1, 1, 1, 4, 0, 0, 0, 0, 0, 0, 0, 0, 0, 0, 0, 0, 0]",480,256,491520000.0,11622400.0,4959481165,4959521899,4959494900,4959698770,41472,78879,67103,711455,4,33425,192094,4,160,160,1
205,1,"[4, 0, 0, 0, 0, 0, 0, 0, 0, 0, 0, 0, 0, 0, 0, 4, 0, 0, 0, 0, 0, 0, 0, 0, 0, 0, 0, 0, 0, 0]",640,512,512000.0,1024000.0,4959755240,4960129946,4959765873,4960153132,144,533657,172446,711456,2,23835,26048,4,160,160,1
234,1,"[4, 4, 1, 1, 1, 0, 0, 0, 0, 0, 0, 0, 0, 0, 0, 0, 0, 0, 0, 0, 0, 0, 0, 0, 0, 0, 0, 0, 0, 0]",250,256,64000.0,512016.0,4960313812,4960587409,4960325578,4960590311,0,371834,114494,711457,3,33593,7393,4,160,160,1
35,1,"[4, 4, 640, 5, 5, 0, 0, 0, 0, 0, 0, 0, 0, 0, 0, 4, 4, 640, 5, 5, 0, 0, 0, 0, 0, 0, 0, 0, 0, 0]",125,128,64000.0,768000.0,4960695238,4960704932,4960704805,4960708069,0,272316,272316,711458,1,9694,3264,4,160,160,1
203,1,"[4, 640, 5, 5, 3840, 5, 5, 1, 1, 0, 0, 1, 1, 1, 1, 1, 4, 0, 0, 0, 0, 0, 0, 0, 0, 0, 0, 0, 0, 0]",480,256,491520000.0,11622400.0,4960966410,4961011169,4960980385,4961140927,25088,120479,101855,711459,4,37295,141918,4,160,160,1
205,1,"[4, 0, 0, 0, 0, 0, 0, 0, 0, 0, 0, 0, 0, 0, 0, 4, 0, 0, 0, 0, 0, 0, 0, 0, 0, 0, 0, 0, 0, 0]",3840,512,3072000.0,6144000.0,4961232305,4961600763,4961242782,4961725784,144,442715,87487,711460,2,22851,127774,4,160,160,1
159,1,"[4, 4, 3840, 5, 5, 0, 0, 0, 0, 0, 0, 0, 0, 0, 0, 0, 0, 0, 0, 0, 0, 0, 0, 0, 0, 0, 0, 0, 0, 0]",750,128,0.0,0.0,4961804868,4961816008,4961813271,4961818135,0,199997,199997,711461,1,11140,4864,4,160,160,1
203,1,"[4, 3840, 5, 5, 3840, 5, 5, 3, 3, 1, 1, 1, 1, 1, 1, 3840, 4, 0, 0, 0, 0, 0, 0, 0, 0, 0, 0, 0, 0, 0]",375,1024,0.0,0.0,4962006690,4962018565,4962018132,4962041780,0,167358,167358,711463,1,11875,23648,4,160,160,1
205,1,"[4, 0, 0, 0, 0, 0, 0, 0, 0, 0, 0, 0, 0, 0, 0, 4, 0, 0, 0, 0, 0, 0, 0, 0, 0, 0, 0, 0, 0, 0]",3840,512,3072000.0,6144000.0,4962199010,4962560703,4962209138,4962686796,144,421435,72127,711464,2,22506,128350,4,160,160,1
159,1,"[4, 4, 3840, 5, 5, 0, 0, 0, 0, 0, 0, 0, 0, 0, 0, 0, 0, 0, 0, 0, 0, 0, 0, 0, 0, 0, 0, 0, 0, 0]",750,128,0.0,0.0,4962750534,4962759191,4962758923,4962763723,0,171774,171774,711465,1,8657,4800,4,160,160,1
199,1,"[4, 4, 3840, 5, 5, 0, 0, 0, 0, 0, 0, 0, 0, 0, 0, 0, 0, 0, 0, 0, 0, 0, 0, 0, 0, 0, 0, 0, 0, 0]",480,512,0.0,0.0,4962924509,4962935697,4962935497,4962948745,16,234685,234685,711467,1,11188,13248,4,160,160,1
203,1,"[4, 3840, 1, 1, 160, 1, 1, 1, 1, 0, 0, 1, 1, 1, 1, 1, 4, 0, 0, 0, 0, 0, 0, 0, 0, 0, 0, 0, 0, 0]",3840,128,0.0,0.0,4963170759,4963238198,4963183430,4963392163,4608,73919,68639,711468,3,28402,203453,4,160,160,1
159,1,"[4, 4, 160, 1, 1, 0, 0, 0, 0, 0, 0, 0, 0, 0, 0, 0, 0, 0, 0, 0, 0, 0, 0, 0, 0, 0, 0, 0, 0, 0]",2,128,0.0,0.0,4963453004,4963461072,4963460802,4963463746,0,248509,248509,711469,1,8068,2944,4,160,160,1
203,1,"[4, 160, 1, 1, 3840, 1, 1, 1, 1, 0, 0, 1, 1, 1, 1, 1, 4, 0, 0, 0, 0, 0, 0, 0, 0, 0, 0, 0, 0, 0]",160,128,0.0,0.0,4963699760,4963760129,4963712255,4963763710,4608,193629,173054,711471,3,29284,30880,4,160,160,1
156,1,"[4, 4, 3840, 1, 1, 0, 0, 0, 0, 0, 0, 0, 0, 0, 0, 0, 0, 0, 0, 0, 0, 0, 0, 0, 0, 0, 0, 0, 0, 0]",30,128,307200.0,122880.0,4963926823,4963936877,4963936764,4963939484,0,139230,139230,711472,1,10054,2720,4,160,160,1
23,1,"[4, 4, 3840, 1, 1, 0, 0, 0, 0, 0, 0, 0, 0, 0, 0, 4, 4, 3840, 5, 5, 0, 0, 0, 0, 0, 0, 0, 0, 0, 0]",1500,128,384000.0,3133440.0,4964069195,4964078690,4964078714,4964088730,0,257437,257437,711473,1,9495,10016,4,160,160,1
203,1,"[4, 3840, 5, 5, 640, 5, 5, 1, 1, 0, 0, 1, 1, 1, 1, 1, 4, 0, 0, 0, 0, 0, 0, 0, 0, 0, 0, 0, 0, 0]",480,256,491520000.0,11622400.0,4964332156,4964372756,4964346167,4964549396,41472,77502,66399,711474,4,33286,192126,4,160,160,1
205,1,"[4, 0, 0, 0, 0, 0, 0, 0, 0, 0, 0, 0, 0, 0, 0, 4, 0, 0, 0, 0, 0, 0, 0, 0, 0, 0, 0, 0, 0, 0]",640,512,512000.0,1024000.0,4964604588,4964978161,4964615795,4965001391,144,531513,171965,711475,2,24434,26048,4,160,160,1
234,1,"[4, 4, 1, 1, 1, 0, 0, 0, 0, 0, 0, 0, 0, 0, 0, 0, 0, 0, 0, 0, 0, 0, 0, 0, 0, 0, 0, 0, 0, 0]",250,256,64000.0,512016.0,4965161589,4965436277,4965173356,4965439369,0,382139,123614,711476,3,34228,7488,4,160,160,1
35,1,"[4, 4, 640, 5, 5, 0, 0, 0, 0, 0, 0, 0, 0, 0, 0, 4, 4, 640, 5, 5, 0, 0, 0, 0, 0, 0, 0, 0, 0, 0]",125,128,64000.0,768000.0,4965553175,4965563097,4965562983,4965566120,0,290268,290268,711477,1,9922,3137,4,160,160,1
203,1,"[4, 640, 5, 5, 3840, 5, 5, 1, 1, 0, 0, 1, 1, 1, 1, 1, 4, 0, 0, 0, 0, 0, 0, 0, 0, 0, 0, 0, 0, 0]",480,256,491520000.0,11622400.0,4965842132,4965884232,4965856388,4966015649,25088,112064,96128,711478,4,34457,143325,4,160,160,1
205,1,"[4, 0, 0, 0, 0, 0, 0, 0, 0, 0, 0, 0, 0, 0, 0, 4, 0, 0, 0, 0, 0, 0, 0, 0, 0, 0, 0, 0, 0, 0]",3840,512,3072000.0,6144000.0,4966101152,4966628979,4966111777,4966754200,144,597944,83391,711479,2,25424,127870,4,160,160,1
159,1,"[4, 4, 3840, 5, 5, 0, 0, 0, 0, 0, 0, 0, 0, 0, 0, 0, 0, 0, 0, 0, 0, 0, 0, 0, 0, 0, 0, 0, 0, 0]",750,128,0.0,0.0,4966828842,4966837971,4966837591,4966842455,0,199486,199486,711480,1,9129,4864,4,160,160,1
203,1,"[4, 3840, 5, 5, 3840, 5, 5, 3, 3, 1, 1, 1, 1, 1, 1, 3840, 4, 0, 0, 0, 0, 0, 0, 0, 0, 0, 0, 0, 0, 0]",375,1024,0.0,0.0,4967030402,4967042387,4967041941,4967065652,0,166078,166078,711482,1,11985,23711,4,160,160,1
205,1,"[4, 0, 0, 0, 0, 0, 0, 0, 0, 0, 0, 0, 0, 0, 0, 4, 0, 0, 0, 0, 0, 0, 0, 0, 0, 0, 0, 0, 0, 0]",3840,512,3072000.0,6144000.0,4967221202,4967581636,4967231730,4967706796,144,425403,77919,711483,2,23251,127582,4,160,160,1
159,1,"[4, 4, 3840, 5, 5, 0, 0, 0, 0, 0, 0, 0, 0, 0, 0, 0, 0, 0, 0, 0, 0, 0, 0, 0, 0, 0, 0, 0, 0, 0]",750,128,0.0,0.0,4967776449,4967785114,4967784715,4967789579,0,171710,171710,711484,1,8665,4864,4,160,160,1
199,1,"[4, 4, 3840, 5, 5, 0, 0, 0, 0, 0, 0, 0, 0, 0, 0, 0, 0, 0, 0, 0, 0, 0, 0, 0, 0, 0, 0, 0, 0, 0]",480,512,0.0,0.0,4967950464,4967961448,4967961289,4967974729,16,233405,233405,711486,1,10984,13440,4,160,160,1
203,1,"[4, 3840, 1, 1, 160, 1, 1, 1, 1, 0, 0, 1, 1, 1, 1, 1, 4, 0, 0, 0, 0, 0, 0, 0, 0, 0, 0, 0, 0, 0]",3840,128,0.0,0.0,4968196020,4968254548,4968208134,4968414755,4608,63903,59167,711487,3,27064,201885,4,160,160,1
159,1,"[4, 4, 160, 1, 1, 0, 0, 0, 0, 0, 0, 0, 0, 0, 0, 0, 0, 0, 0, 0, 0, 0, 0, 0, 0, 0, 0, 0, 0, 0]",2,128,0.0,0.0,4968465859,4968474212,4968473922,4968476835,0,247644,247644,711488,1,8353,2913,4,160,160,1
203,1,"[4, 160, 1, 1, 3840, 1, 1, 1, 1, 0, 0, 1, 1, 1, 1, 1, 4, 0, 0, 0, 0, 0, 0, 0, 0, 0, 0, 0, 0, 0]",160,128,0.0,0.0,4968712617,4968771489,4968724479,4968775071,4608,189853,170045,711490,3,28614,30784,4,160,160,1
156,1,"[4, 4, 3840, 1, 1, 0, 0, 0, 0, 0, 0, 0, 0, 0, 0, 0, 0, 0, 0, 0, 0, 0, 0, 0, 0, 0, 0, 0, 0, 0]",30,128,307200.0,122880.0,4968935077,4968945451,4968945116,4968947900,0,140863,140863,711491,1,10374,2784,4,160,160,1
23,1,"[4, 4, 3840, 1, 1, 0, 0, 0, 0, 0, 0, 0, 0, 0, 0, 4, 4, 3840, 5, 5, 0, 0, 0, 0, 0, 0, 0, 0, 0, 0]",1500,128,384000.0,3133440.0,4969079119,4969088942,4969088763,4969098747,0,257020,257020,711492,1,9823,9984,4,160,160,1
203,1,"[4, 3840, 5, 5, 640, 5, 5, 1, 1, 0, 0, 1, 1, 1, 1, 1, 4, 0, 0, 0, 0, 0, 0, 0, 0, 0, 0, 0, 0, 0]",480,256,491520000.0,11622400.0,4969342283,4969382839,4969355767,4969559796,41472,76768,65600,711493,4,33056,192861,4,160,160,1
205,1,"[4, 0, 0, 0, 0, 0, 0, 0, 0, 0, 0, 0, 0, 0, 0, 4, 0, 0, 0, 0, 0, 0, 0, 0, 0, 0, 0, 0, 0, 0]",640,512,512000.0,1024000.0,4969614597,4969999757,4969625396,4970022863,144,543993,172638,711494,2,27161,26112,4,160,160,1
234,1,"[4, 4, 1, 1, 1, 0, 0, 0, 0, 0, 0, 0, 0, 0, 0, 0, 0, 0, 0, 0, 0, 0, 0, 0, 0, 0, 0, 0, 0, 0]",250,256,64000.0,512016.0,4970183502,4970454667,4970195501,4970457609,0,369596,114911,711495,3,33495,7423,4,160,160,1
35,1,"[4, 4, 640, 5, 5, 0, 0, 0, 0, 0, 0, 0, 0, 0, 0, 4, 4, 640, 5, 5, 0, 0, 0, 0, 0, 0, 0, 0, 0, 0]",125,128,64000.0,768000.0,4970562678,4970572737,4970572520,4970575688,0,255005,255005,711496,1,10059,3168,4,160,160,1
203,1,"[4, 640, 5, 5, 1280, 5, 5, 1, 1, 0, 0, 1, 1, 1, 1, 1, 4, 0, 0, 0, 0, 0, 0, 0, 0, 0, 0, 0, 0, 0]",160,256,163840000.0,4044800.0,4970816708,4970857716,4970830693,4970891716,41472,192031,177182,711497,4,33627,46174,4,160,160,1
205,1,"[4, 0, 0, 0, 0, 0, 0, 0, 0, 0, 0, 0, 0, 0, 0, 4, 0, 0, 0, 0, 0, 0, 0, 0, 0, 0, 0, 0, 0, 0]",1280,512,1024000.0,2048000.0,4971058221,4971393771,4971068898,4971437693,144,467258,145118,711498,2,23072,46655,4,160,160,1
159,1,"[4, 4, 1280, 5, 5, 0, 0, 0, 0, 0, 0, 0, 0, 0, 0, 0, 0, 0, 0, 0, 0, 0, 0, 0, 0, 0, 0, 0, 0, 0]",250,128,0.0,0.0,4971574492,4971583152,4971582811,4971586043,0,136574,136574,711499,1,8660,3232,4,160,160,1
199,1,"[4, 4, 1280, 5, 5, 0, 0, 0, 0, 0, 0, 0, 0, 0, 0, 0, 0, 0, 0, 0, 0, 0, 0, 0, 0, 0, 0, 0, 0, 0]",160,512,0.0,0.0,4971712207,4971722653,4971722617,4971729977,16,241373,241373,711501,1,10446,7360,4,160,160,1
212,1,"[4, 4, 1280, 0, 0, 0, 0, 0, 0, 0, 0, 0, 0, 0, 0, 0, 0, 0, 0, 0, 0, 0, 0, 0, 0, 0, 0, 0, 0, 0]",20,256,25600.0,40960.0,4971959524,4972023549,4971971350,4972025781,0,287612,239709,711503,3,26737,6528,4,160,160,1
201,1,"[4, 4, 1280, 0, 0, 0, 0, 0, 0, 0, 4, 519, 1280, 0, 0, 0, 0, 0, 0, 0, 4, 519, 0, 0, 0, 0, 0, 0, 0, 0]",65,128,5314560.0,686876.0,4972251715,4972266965,4972265490,4972282994,6144,172798,172798,711506,1,15250,17504,4,160,160,1
181,1,"[4, 4, 519, 0, 0, 0, 0, 0, 0, 0, 0, 0, 0, 0, 0, 4, 4, 519, 0, 0, 0, 0, 0, 0, 0, 0, 0, 0, 0, 0]",5,512,0.0,0.0,4972442818,4972593539,4972455792,4972595854,16,2580830,2455457,711508,5,49293,14689,4,160,160,1
181,2,"[4, 4, 519, 0, 0, 0, 0, 0, 0, 0, 0, 0, 0, 0, 0, 4, 4, 519, 0, 0, 0, 0, 0, 0, 0, 0, 0, 0, 0, 0]",9,128,0.0,0.0,4975033775,4975205410,4975051311,4975209069,0,628345,480762,711508,4,49982,10175,4,160,160,1
212,2,"[4, 4, 1280, 0, 0, 0, 0, 0, 0, 0, 0, 0, 0, 0, 0, 0, 0, 0, 0, 0, 0, 0, 0, 0, 0, 0, 0, 0, 0, 0]",10,128,25600.0,40960.0,4975682250,4975689804,4975689831,4975692231,0,76671,76671,711503,1,7554,2400,4,160,160,1
199,2,"[4, 4, 1280, 5, 5, 0, 0, 0, 0, 0, 0, 0, 0, 0, 0, 0, 0, 0, 0, 0, 0, 0, 0, 0, 0, 0, 0, 0, 0, 0]",500,128,0.0,0.0,4975760058,4975772071,4975768902,4975772678,0,46751,46751,711501,1,12013,3776,4,160,160,1
159,2,"[4, 4, 1280, 5, 5, 0, 0, 0, 0, 0, 0, 0, 0, 0, 0, 0, 0, 0, 0, 0, 0, 0, 0, 0, 0, 0, 0, 0, 0, 0]",250,128,0.0,0.0,4975811366,4975819880,4975819429,4975824837,0,85247,85247,711499,1,8514,5408,4,160,160,1
205,2,"[4, 4, 1280, 5, 5, 0, 0, 0, 0, 0, 0, 0, 0, 0, 0, 0, 0, 0, 0, 0, 0, 0, 0, 0, 0, 0, 0, 0, 0, 0]",1280,512,1024000.0,2560000.0,4975899659,4975910179,4975910084,4975956771,272,371260,371260,711498,1,10520,46687,4,160,160,1
203,2,"[4, 640, 5, 5, 1280, 5, 5, 1, 1, 0, 0, 1, 1, 1, 1, 1, 4, 0, 0, 0, 0, 0, 0, 0, 0, 0, 0, 0, 0, 0]",1000,256,163840000.0,4044800.0,4976315277,4976516704,4976328031,4976617595,32768,74623,40288,711497,6,52811,255229,4,160,160,1
234,2,"[4, 4, 640, 5, 5, 0, 0, 0, 0, 0, 0, 0, 0, 0, 0, 4, 4, 1, 1, 1, 0, 0, 0, 0, 0, 0, 0, 0, 0, 0]",250,128,64000.0,768000.0,4976625911,4976633424,4976657883,4976662459,0,46975,46975,711495,1,7513,4576,4,160,160,1
205,2,"[4, 4, 640, 5, 5, 0, 0, 0, 0, 0, 0, 0, 0, 0, 0, 0, 0, 0, 0, 0, 0, 0, 0, 0, 0, 0, 0, 0, 0, 0]",640,512,512000.0,1280000.0,4976700727,4976709581,4976709434,4976734426,272,148126,148126,711494,1,8854,24992,4,160,160,1
203,2,"[4, 3840, 5, 5, 640, 5, 5, 1, 1, 0, 0, 1, 1, 1, 1, 1, 4, 0, 0, 0, 0, 0, 0, 0, 0, 0, 0, 0, 0, 0]",3000,256,491520000.0,11622400.0,4976872909,4977020459,4976882552,4977586383,32768,182205,124670,711493,6,45434,646296,4,160,160,1
23,2,"[4, 4, 3840, 1, 1, 0, 0, 0, 0, 0, 0, 0, 0, 0, 0, 4, 4, 3840, 5, 5, 0, 0, 0, 0, 0, 0, 0, 0, 0, 0]",1500,128,384000.0,4608000.0,4977105447,4977128168,4977711053,4977747757,0,15296,14688,711492,2,12930,36096,4,160,160,1
156,2,"[4, 4, 3840, 1, 1, 0, 0, 0, 0, 0, 0, 0, 0, 0, 0, 0, 0, 0, 0, 0, 0, 0, 0, 0, 0, 0, 0, 0, 0, 0]",30,128,307200.0,122880.0,4977187472,4977194911,4977762445,4977764940,0,609,609,711491,1,7439,2495,4,160,160,1
203,2,"[4, 160, 1, 1, 3840, 1, 1, 1, 1, 0, 0, 1, 1, 1, 1, 1, 4, 0, 0, 0, 0, 0, 0, 0, 0, 0, 0, 0, 0, 0]",240,256,4915200.0,2521600.0,4977278774,4977443607,4977765549,4978076617,9472,34016,27903,711490,6,46538,304955,4,160,160,1
159,2,"[4, 4, 160, 1, 1, 0, 0, 0, 0, 0, 0, 0, 0, 0, 0, 0, 0, 0, 0, 0, 0, 0, 0, 0, 0, 0, 0, 0, 0, 0]",2,128,0.0,0.0,4977538787,4977545757,4978104520,4978107752,0,608,608,711488,1,6970,3232,4,160,160,1
203,2,"[4, 3840, 1, 1, 160, 1, 1, 1, 1, 0, 0, 1, 1, 1, 1, 1, 4, 0, 0, 0, 0, 0, 0, 0, 0, 0, 0, 0, 0, 0]",150,256,4915200.0,2521600.0,4977622750,4977787983,4978108360,4978159464,9472,35007,29343,711487,6,43955,45440,4,160,160,1
199,2,"[4, 4, 3840, 5, 5, 0, 0, 0, 0, 0, 0, 0, 0, 0, 0, 0, 0, 0, 0, 0, 0, 0, 0, 0, 0, 0, 0, 0, 0, 0]",1500,128,0.0,0.0,4977905968,4977913845,4978188807,4978196551,0,14400,14400,711486,1,7877,7744,4,160,160,1
159,2,"[4, 4, 3840, 5, 5, 0, 0, 0, 0, 0, 0, 0, 0, 0, 0, 0, 0, 0, 0, 0, 0, 0, 0, 0, 0, 0, 0, 0, 0, 0]",750,128,0.0,0.0,4977965145,4977972177,4978210951,4978225511,0,608,608,711484,1,7032,14560,4,160,160,1
205,2,"[4, 4, 3840, 5, 5, 0, 0, 0, 0, 0, 0, 0, 0, 0, 0, 0, 0, 0, 0, 0, 0, 0, 0, 0, 0, 0, 0, 0, 0, 0]",3840,512,3072000.0,7680000.0,4978033546,4978040938,4978226119,4978360901,272,6976,6976,711483,1,7392,134782,4,160,160,1
203,2,"[4, 3840, 5, 5, 3840, 5, 5, 3, 3, 1, 1, 1, 1, 1, 1, 3840, 4, 0, 0, 0, 0, 0, 0, 0, 0, 0, 0, 0, 0, 0]",34560,1024,0.0,0.0,4978145599,4978168374,4978367877,4978587138,0,5376,4800,711482,2,14585,218685,4,160,160,1
159,2,"[4, 4, 3840, 5, 5, 0, 0, 0, 0, 0, 0, 0, 0, 0, 0, 0, 0, 0, 0, 0, 0, 0, 0, 0, 0, 0, 0, 0, 0, 0]",750,128,0.0,0.0,4978219339,4978225685,4978591938,4978604610,0,608,608,711480,1,6346,12672,4,160,160,1
205,2,"[4, 4, 3840, 5, 5, 0, 0, 0, 0, 0, 0, 0, 0, 0, 0, 0, 0, 0, 0, 0, 0, 0, 0, 0, 0, 0, 0, 0, 0, 0]",3840,512,3072000.0,7680000.0,4978282063,4978290723,4978605218,4978739808,272,7008,7008,711479,1,8660,134590,4,160,160,1
203,2,"[4, 640, 5, 5, 3840, 5, 5, 1, 1, 0, 0, 1, 1, 1, 1, 1, 4, 0, 0, 0, 0, 0, 0, 0, 0, 0, 0, 0, 0, 0]",3000,256,491520000.0,11622400.0,4978441324,4978574525,4978746816,4979684692,32768,174366,130975,711478,6,40541,894485,4,160,160,1
234,2,"[4, 4, 640, 5, 5, 0, 0, 0, 0, 0, 0, 0, 0, 0, 0, 4, 4, 1, 1, 1, 0, 0, 0, 0, 0, 0, 0, 0, 0, 0]",250,128,64000.0,768000.0,4978690943,4978697733,4979815667,4979821523,0,704,704,711476,1,6790,5856,4,160,160,1
205,2,"[4, 4, 640, 5, 5, 0, 0, 0, 0, 0, 0, 0, 0, 0, 0, 0, 0, 0, 0, 0, 0, 0, 0, 0, 0, 0, 0, 0, 0, 0]",640,512,512000.0,1280000.0,4978759532,4978767068,4979822227,4979846930,272,6240,6240,711475,1,7536,24703,4,160,160,1
203,2,"[4, 3840, 5, 5, 640, 5, 5, 1, 1, 0, 0, 1, 1, 1, 1, 1, 4, 0, 0, 0, 0, 0, 0, 0, 0, 0, 0, 0, 0, 0]",3000,256,491520000.0,11622400.0,4978919383,4979044411,4979853170,4980547849,32768,172543,125215,711474,6,36971,647351,4,160,160,1
23,2,"[4, 4, 3840, 1, 1, 0, 0, 0, 0, 0, 0, 0, 0, 0, 0, 4, 4, 3840, 5, 5, 0, 0, 0, 0, 0, 0, 0, 0, 0, 0]",1500,128,384000.0,4608000.0,4979126466,4979151284,4980673064,4980709703,0,15392,14688,711473,2,15015,35935,4,160,160,1
156,2,"[4, 4, 3840, 1, 1, 0, 0, 0, 0, 0, 0, 0, 0, 0, 0, 0, 0, 0, 0, 0, 0, 0, 0, 0, 0, 0, 0, 0, 0, 0]",30,128,307200.0,122880.0,4979206669,4979214288,4980724391,4980727143,0,640,640,711472,1,7619,2752,4,160,160,1
203,2,"[4, 160, 1, 1, 3840, 1, 1, 1, 1, 0, 0, 1, 1, 1, 1, 1, 4, 0, 0, 0, 0, 0, 0, 0, 0, 0, 0, 0, 0, 0]",240,256,4915200.0,2521600.0,4979288875,4979445695,4980727783,4981038819,9472,34496,28544,711471,6,45216,305084,4,160,160,1
159,2,"[4, 4, 160, 1, 1, 0, 0, 0, 0, 0, 0, 0, 0, 0, 0, 0, 0, 0, 0, 0, 0, 0, 0, 0, 0, 0, 0, 0, 0, 0]",2,128,0.0,0.0,4979543064,4979550368,4981067363,4981070595,0,672,672,711469,1,7304,3232,4,160,160,1
203,2,"[4, 3840, 1, 1, 160, 1, 1, 1, 1, 0, 0, 1, 1, 1, 1, 1, 4, 0, 0, 0, 0, 0, 0, 0, 0, 0, 0, 0, 0, 0]",150,256,4915200.0,2521600.0,4979625601,4979773941,4981071267,4981123010,9472,35104,29344,711468,6,40943,45983,4,160,160,1
199,2,"[4, 4, 3840, 5, 5, 0, 0, 0, 0, 0, 0, 0, 0, 0, 0, 0, 0, 0, 0, 0, 0, 0, 0, 0, 0, 0, 0, 0, 0, 0]",1500,128,0.0,0.0,4979885808,4979893567,4981152354,4981161058,0,14527,14527,711467,1,7759,8704,4,160,160,1
159,2,"[4, 4, 3840, 5, 5, 0, 0, 0, 0, 0, 0, 0, 0, 0, 0, 0, 0, 0, 0, 0, 0, 0, 0, 0, 0, 0, 0, 0, 0, 0]",750,128,0.0,0.0,4979944797,4979951536,4981175585,4981189313,0,640,640,711465,1,6739,13728,4,160,160,1
205,2,"[4, 4, 3840, 5, 5, 0, 0, 0, 0, 0, 0, 0, 0, 0, 0, 0, 0, 0, 0, 0, 0, 0, 0, 0, 0, 0, 0, 0, 0, 0]",3840,512,3072000.0,7680000.0,4980013241,4980021057,4981189953,4981325247,272,7296,7296,711464,1,7816,135294,4,160,160,1
203,2,"[4, 3840, 5, 5, 3840, 5, 5, 3, 3, 1, 1, 1, 1, 1, 1, 3840, 4, 0, 0, 0, 0, 0, 0, 0, 0, 0, 0, 0, 0, 0]",34560,1024,0.0,0.0,4980118860,4980141519,4981332543,4981551996,0,5089,4545,711463,2,13301,218909,4,160,160,1
159,2,"[4, 4, 3840, 5, 5, 0, 0, 0, 0, 0, 0, 0, 0, 0, 0, 0, 0, 0, 0, 0, 0, 0, 0, 0, 0, 0, 0, 0, 0, 0]",750,128,0.0,0.0,4980191850,4980198018,4981556541,4981570044,0,672,672,711461,1,6168,13503,4,160,160,1
205,2,"[4, 4, 3840, 5, 5, 0, 0, 0, 0, 0, 0, 0, 0, 0, 0, 0, 0, 0, 0, 0, 0, 0, 0, 0, 0, 0, 0, 0, 0, 0]",3840,512,3072000.0,7680000.0,4980253310,4980260383,4981570716,4981705691,272,7135,7135,711460,1,7073,134975,4,160,160,1
203,2,"[4, 640, 5, 5, 3840, 5, 5, 1, 1, 0, 0, 1, 1, 1, 1, 1, 4, 0, 0, 0, 0, 0, 0, 0, 0, 0, 0, 0, 0, 0]",3000,256,491520000.0,11622400.0,4980409475,4980537387,4981712826,4982652526,32768,173469,130879,711459,6,37669,897110,4,160,160,1
234,2,"[4, 4, 640, 5, 5, 0, 0, 0, 0, 0, 0, 0, 0, 0, 0, 4, 4, 1, 1, 1, 0, 0, 0, 0, 0, 0, 0, 0, 0, 0]",250,128,64000.0,768000.0,4980656870,4980663777,4982783405,4982789357,0,576,576,711457,1,6907,5952,4,160,160,1
205,2,"[4, 4, 640, 5, 5, 0, 0, 0, 0, 0, 0, 0, 0, 0, 0, 0, 0, 0, 0, 0, 0, 0, 0, 0, 0, 0, 0, 0, 0, 0]",640,512,512000.0,1280000.0,4980726096,4980733648,4982789933,4982814829,272,6239,6239,711456,1,7552,24896,4,160,160,1
203,2,"[4, 3840, 5, 5, 640, 5, 5, 1, 1, 0, 0, 1, 1, 1, 1, 1, 4, 0, 0, 0, 0, 0, 0, 0, 0, 0, 0, 0, 0, 0]",3000,256,491520000.0,11622400.0,4980880397,4981008881,4982821068,4983504612,32768,173502,125790,711455,6,38928,635832,4,160,160,1
23,2,"[4, 4, 3840, 1, 1, 0, 0, 0, 0, 0, 0, 0, 0, 0, 0, 4, 4, 3840, 5, 5, 0, 0, 0, 0, 0, 0, 0, 0, 0, 0]",1500,128,384000.0,4608000.0,4981092811,4981114741,4983630402,4983667010,0,14975,14399,711454,2,12404,36032,4,160,160,1
156,2,"[4, 4, 3840, 1, 1, 0, 0, 0, 0, 0, 0, 0, 0, 0, 0, 0, 0, 0, 0, 0, 0, 0, 0, 0, 0, 0, 0, 0, 0, 0]",30,128,307200.0,122880.0,4981170808,4981177832,4983681409,4983683969,0,640,640,711453,1,7024,2560,4,160,160,1
203,2,"[4, 160, 1, 1, 3840, 1, 1, 1, 1, 0, 0, 1, 1, 1, 1, 1, 4, 0, 0, 0, 0, 0, 0, 0, 0, 0, 0, 0, 0, 0]",240,256,4915200.0,2521600.0,4981252320,4981401222,4983684609,4983995869,9472,34975,28896,711452,6,39586,305181,4,160,160,1
159,2,"[4, 4, 160, 1, 1, 0, 0, 0, 0, 0, 0, 0, 0, 0, 0, 0, 0, 0, 0, 0, 0, 0, 0, 0, 0, 0, 0, 0, 0, 0]",2,128,0.0,0.0,4981499360,4981506048,4984024765,4984027933,0,768,768,711450,1,6688,3168,4,160,160,1
203,2,"[4, 3840, 1, 1, 160, 1, 1, 1, 1, 0, 0, 1, 1, 1, 1, 1, 4, 0, 0, 0, 0, 0, 0, 0, 0, 0, 0, 0, 0, 0]",150,256,4915200.0,2521600.0,4981578602,4981733096,4984028701,4984080189,9472,35007,29375,711449,6,42403,45856,4,160,160,1
199,2,"[4, 4, 3840, 5, 5, 0, 0, 0, 0, 0, 0, 0, 0, 0, 0, 0, 0, 0, 0, 0, 0, 0, 0, 0, 0, 0, 0, 0, 0, 0]",1500,128,0.0,0.0,4981842736,4981849756,4984109564,4984117820,0,15040,15040,711448,1,7020,8256,4,160,160,1
159,2,"[4, 4, 3840, 5, 5, 0, 0, 0, 0, 0, 0, 0, 0, 0, 0, 0, 0, 0, 0, 0, 0, 0, 0, 0, 0, 0, 0, 0, 0, 0]",750,128,0.0,0.0,4981897309,4981904094,4984132860,4984147036,0,543,543,711446,1,6785,14176,4,160,160,1
205,2,"[4, 4, 3840, 5, 5, 0, 0, 0, 0, 0, 0, 0, 0, 0, 0, 0, 0, 0, 0, 0, 0, 0, 0, 0, 0, 0, 0, 0, 0, 0]",3840,512,3072000.0,7680000.0,4981966822,4981974265,4984147579,4984282618,272,7232,7232,711445,1,7443,135039,4,160,160,1
203,2,"[4, 3840, 5, 5, 3840, 5, 5, 3, 3, 1, 1, 1, 1, 1, 1, 3840, 4, 0, 0, 0, 0, 0, 0, 0, 0, 0, 0, 0, 0, 0]",34560,1024,0.0,0.0,4982073088,4982092876,4984289850,4984509175,0,5600,4992,711444,2,12846,218717,4,160,160,1
159,2,"[4, 4, 3840, 5, 5, 0, 0, 0, 0, 0, 0, 0, 0, 0, 0, 0, 0, 0, 0, 0, 0, 0, 0, 0, 0, 0, 0, 0, 0, 0]",750,128,0.0,0.0,4982143360,4982151341,4984514167,4984527799,0,640,640,711442,1,7981,13632,4,160,160,1
205,2,"[4, 4, 3840, 5, 5, 0, 0, 0, 0, 0, 0, 0, 0, 0, 0, 0, 0, 0, 0, 0, 0, 0, 0, 0, 0, 0, 0, 0, 0, 0]",3840,512,3072000.0,7680000.0,4982207102,4982213570,4984528439,4984663957,272,7456,7456,711441,1,6468,135518,4,160,160,1
203,2,"[4, 640, 5, 5, 3840, 5, 5, 1, 1, 0, 0, 1, 1, 1, 1, 1, 4, 0, 0, 0, 0, 0, 0, 0, 0, 0, 0, 0, 0, 0]",3000,256,491520000.0,11622400.0,4982361528,4982490662,4984671413,4985612745,32768,175357,131870,711440,6,38709,897845,4,160,160,1
234,2,"[4, 4, 640, 5, 5, 0, 0, 0, 0, 0, 0, 0, 0, 0, 0, 4, 4, 1, 1, 1, 0, 0, 0, 0, 0, 0, 0, 0, 0, 0]",250,128,64000.0,768000.0,4982607923,4982614679,4985744615,4985750279,0,736,736,711438,1,6756,5664,4,160,160,1
205,2,"[4, 4, 640, 5, 5, 0, 0, 0, 0, 0, 0, 0, 0, 0, 0, 0, 0, 0, 0, 0, 0, 0, 0, 0, 0, 0, 0, 0, 0, 0]",640,512,512000.0,1280000.0,4982677946,4982685516,4985751015,4985775815,272,6304,6304,711437,1,7570,24800,4,160,160,1
203,2,"[4, 3840, 5, 5, 640, 5, 5, 1, 1, 0, 0, 1, 1, 1, 1, 1, 4, 0, 0, 0, 0, 0, 0, 0, 0, 0, 0, 0, 0, 0]",3000,256,491520000.0,11622400.0,4982833590,4982960417,4985782119,4986479582,32768,174685,125310,711436,6,39083,648088,4,160,160,1
23,2,"[4, 4, 3840, 1, 1, 0, 0, 0, 0, 0, 0, 0, 0, 0, 0, 4, 4, 3840, 5, 5, 0, 0, 0, 0, 0, 0, 0, 0, 0, 0]",1500,128,384000.0,4608000.0,4983041175,4983062716,4986604892,4986641468,0,15104,14496,711435,2,12067,35968,4,160,160,1
156,2,"[4, 4, 3840, 1, 1, 0, 0, 0, 0, 0, 0, 0, 0, 0, 0, 0, 0, 0, 0, 0, 0, 0, 0, 0, 0, 0, 0, 0, 0, 0]",30,128,307200.0,122880.0,4983115259,4983122181,4986655964,4986658684,0,608,608,711434,1,6922,2720,4,160,160,1
203,2,"[4, 160, 1, 1, 3840, 1, 1, 1, 1, 0, 0, 1, 1, 1, 1, 1, 4, 0, 0, 0, 0, 0, 0, 0, 0, 0, 0, 0, 0, 0]",240,256,4915200.0,2521600.0,4983198004,4983344602,4986659292,4986969528,9472,33343,27359,711433,6,38805,304252,4,160,160,1
159,2,"[4, 4, 160, 1, 1, 0, 0, 0, 0, 0, 0, 0, 0, 0, 0, 0, 0, 0, 0, 0, 0, 0, 0, 0, 0, 0, 0, 0, 0, 0]",2,128,0.0,0.0,4983439442,4983447897,4986996887,4986999959,0,640,640,711431,1,8455,3072,4,160,160,1
203,2,"[4, 3840, 1, 1, 160, 1, 1, 1, 1, 0, 0, 1, 1, 1, 1, 1, 4, 0, 0, 0, 0, 0, 0, 0, 0, 0, 0, 0, 0, 0]",150,256,4915200.0,2521600.0,4983519700,4983659400,4987000599,4987051383,9472,34656,29536,711430,6,38020,45664,4,160,160,1
199,2,"[4, 4, 3840, 5, 5, 0, 0, 0, 0, 0, 0, 0, 0, 0, 0, 0, 0, 0, 0, 0, 0, 0, 0, 0, 0, 0, 0, 0, 0, 0]",1500,128,0.0,0.0,4983772615,4983780135,4987080919,4987088886,0,14592,14592,711429,1,7520,7967,4,160,160,1
159,2,"[4, 4, 3840, 5, 5, 0, 0, 0, 0, 0, 0, 0, 0, 0, 0, 0, 0, 0, 0, 0, 0, 0, 0, 0, 0, 0, 0, 0, 0, 0]",750,128,0.0,0.0,4983826620,4983833022,4987103478,4987117686,0,608,608,711427,1,6402,14208,4,160,160,1
205,2,"[4, 4, 3840, 5, 5, 0, 0, 0, 0, 0, 0, 0, 0, 0, 0, 0, 0, 0, 0, 0, 0, 0, 0, 0, 0, 0, 0, 0, 0, 0]",3840,512,3072000.0,7680000.0,4983893261,4983900653,4987118294,4987253524,272,7136,7136,711426,1,7392,135230,4,160,160,1
203,2,"[4, 3840, 5, 5, 3840, 5, 5, 3, 3, 1, 1, 1, 1, 1, 1, 3840, 4, 0, 0, 0, 0, 0, 0, 0, 0, 0, 0, 0, 0, 0]",34560,1024,0.0,0.0,4984001426,4984021204,4987260660,4987479409,0,5441,4832,711425,2,13032,218140,4,160,160,1
159,2,"[4, 4, 3840, 5, 5, 0, 0, 0, 0, 0, 0, 0, 0, 0, 0, 0, 0, 0, 0, 0, 0, 0, 0, 0, 0, 0, 0, 0, 0, 0]",750,128,0.0,0.0,4984071232,4984078001,4987484241,4987497585,0,704,704,711423,1,6769,13344,4,160,160,1
205,2,"[4, 4, 3840, 5, 5, 0, 0, 0, 0, 0, 0, 0, 0, 0, 0, 0, 0, 0, 0, 0, 0, 0, 0, 0, 0, 0, 0, 0, 0, 0]",3840,512,3072000.0,7680000.0,4984134065,4984140987,4987498289,4987633615,272,7040,7040,711422,1,6922,135326,4,160,160,1
203,2,"[4, 640, 5, 5, 3840, 5, 5, 1, 1, 0, 0, 1, 1, 1, 1, 1, 4, 0, 0, 0, 0, 0, 0, 0, 0, 0, 0, 0, 0, 0]",3000,256,491520000.0,11622400.0,4984288353,4984416719,4987640655,4988582915,32768,176445,131966,711421,6,37089,897781,4,160,160,1
234,2,"[4, 4, 640, 5, 5, 0, 0, 0, 0, 0, 0, 0, 0, 0, 0, 4, 4, 1, 1, 1, 0, 0, 0, 0, 0, 0, 0, 0, 0, 0]",250,128,64000.0,768000.0,4984531978,4984539080,4988714881,4988720193,0,736,736,711419,1,7102,5312,4,160,160,1
205,2,"[4, 4, 640, 5, 5, 0, 0, 0, 0, 0, 0, 0, 0, 0, 0, 0, 0, 0, 0, 0, 0, 0, 0, 0, 0, 0, 0, 0, 0, 0]",640,512,512000.0,1280000.0,4984600119,4984607822,4988720929,4988745793,272,6368,6368,711418,1,7703,24864,4,160,160,1
203,2,"[4, 3840, 5, 5, 640, 5, 5, 1, 1, 0, 0, 1, 1, 1, 1, 1, 4, 0, 0, 0, 0, 0, 0, 0, 0, 0, 0, 0, 0, 0]",3000,256,491520000.0,11622400.0,4984756267,4984878690,4988752161,4989441400,32768,173087,125055,711417,6,36724,641207,4,160,160,1
23,2,"[4, 4, 3840, 1, 1, 0, 0, 0, 0, 0, 0, 0, 0, 0, 0, 4, 4, 3840, 5, 5, 0, 0, 0, 0, 0, 0, 0, 0, 0, 0]",1500,128,384000.0,4608000.0,4984962942,4984985298,4989566455,4989603158,0,15072,14368,711416,2,12396,35999,4,160,160,1
156,2,"[4, 4, 3840, 1, 1, 0, 0, 0, 0, 0, 0, 0, 0, 0, 0, 0, 0, 0, 0, 0, 0, 0, 0, 0, 0, 0, 0, 0, 0, 0]",30,128,307200.0,122880.0,4985038071,4985044674,4989617526,4989620054,0,672,672,711415,1,6603,2528,4,160,160,1
203,2,"[4, 160, 1, 1, 3840, 1, 1, 1, 1, 0, 0, 1, 1, 1, 1, 1, 4, 0, 0, 0, 0, 0, 0, 0, 0, 0, 0, 0, 0, 0]",240,256,4915200.0,2521600.0,4985118890,4985268379,4989620726,4989932562,9472,35199,29120,711414,6,40741,305757,4,160,160,1
159,2,"[4, 4, 160, 1, 1, 0, 0, 0, 0, 0, 0, 0, 0, 0, 0, 0, 0, 0, 0, 0, 0, 0, 0, 0, 0, 0, 0, 0, 0, 0]",2,128,0.0,0.0,4985361854,4985368407,4989961682,4989965266,0,672,672,711412,1,6553,3584,4,160,160,1
203,2,"[4, 3840, 1, 1, 160, 1, 1, 1, 1, 0, 0, 1, 1, 1, 1, 1, 4, 0, 0, 0, 0, 0, 0, 0, 0, 0, 0, 0, 0, 0]",150,256,4915200.0,2521600.0,4985441652,4985583582,4989965938,4990017041,9472,34848,29408,711411,6,37418,45663,4,160,160,1
199,2,"[4, 4, 3840, 5, 5, 0, 0, 0, 0, 0, 0, 0, 0, 0, 0, 0, 0, 0, 0, 0, 0, 0, 0, 0, 0, 0, 0, 0, 0, 0]",1500,128,0.0,0.0,4985700700,4985708109,4990046449,4990054481,0,14751,14751,711410,1,7409,8032,4,160,160,1
159,2,"[4, 4, 3840, 5, 5, 0, 0, 0, 0, 0, 0, 0, 0, 0, 0, 0, 0, 0, 0, 0, 0, 0, 0, 0, 0, 0, 0, 0, 0, 0]",750,128,0.0,0.0,4985758120,4985764583,4990069232,4990083664,0,608,608,711408,1,6463,14432,4,160,160,1
205,2,"[4, 4, 3840, 5, 5, 0, 0, 0, 0, 0, 0, 0, 0, 0, 0, 0, 0, 0, 0, 0, 0, 0, 0, 0, 0, 0, 0, 0, 0, 0]",3840,512,3072000.0,7680000.0,4985826405,4985833629,4990084272,4990220335,272,7168,7168,711407,1,7224,136063,4,160,160,1
203,2,"[4, 3840, 5, 5, 3840, 5, 5, 3, 3, 1, 1, 1, 1, 1, 1, 3840, 4, 0, 0, 0, 0, 0, 0, 0, 0, 0, 0, 0, 0, 0]",34560,1024,0.0,0.0,4985931515,4985953656,4990227503,4990446763,0,5408,4800,711406,2,15331,218652,4,160,160,1
159,2,"[4, 4, 3840, 5, 5, 0, 0, 0, 0, 0, 0, 0, 0, 0, 0, 0, 0, 0, 0, 0, 0, 0, 0, 0, 0, 0, 0, 0, 0, 0]",750,128,0.0,0.0,4986003718,4986009968,4990451563,4990464364,0,607,607,711404,1,6250,12801,4,160,160,1
205,2,"[4, 4, 3840, 5, 5, 0, 0, 0, 0, 0, 0, 0, 0, 0, 0, 0, 0, 0, 0, 0, 0, 0, 0, 0, 0, 0, 0, 0, 0, 0]",3840,512,3072000.0,7680000.0,4986064099,4986070929,4990464971,4990600329,272,7201,7201,711403,1,6830,135358,4,160,160,1
203,2,"[4, 640, 5, 5, 3840, 5, 5, 1, 1, 0, 0, 1, 1, 1, 1, 1, 4, 0, 0, 0, 0, 0, 0, 0, 0, 0, 0, 0, 0, 0]",3000,256,491520000.0,11622400.0,4986218954,4986346175,4990607530,4991547390,32768,174846,130974,711402,6,36923,895988,4,160,160,1
234,2,"[4, 4, 640, 5, 5, 0, 0, 0, 0, 0, 0, 0, 0, 0, 0, 4, 4, 1, 1, 1, 0, 0, 0, 0, 0, 0, 0, 0, 0, 0]",250,128,64000.0,768000.0,4986463879,4986470867,4991678364,4991683900,0,736,736,711400,1,6988,5536,4,160,160,1
205,2,"[4, 4, 640, 5, 5, 0, 0, 0, 0, 0, 0, 0, 0, 0, 0, 0, 0, 0, 0, 0, 0, 0, 0, 0, 0, 0, 0, 0, 0, 0]",640,512,512000.0,1280000.0,4986532921,4986540053,4991684636,4991709500,272,6271,6271,711399,1,7132,24864,4,160,160,1
203,2,"[4, 3840, 5, 5, 640, 5, 5, 1, 1, 0, 0, 1, 1, 1, 1, 1, 4, 0, 0, 0, 0, 0, 0, 0, 0, 0, 0, 0, 0, 0]",3000,256,491520000.0,11622400.0,4986689307,4986817156,4991715771,4992407027,32768,173758,125438,711398,6,39318,642936,4,160,160,1
23,2,"[4, 4, 3840, 1, 1, 0, 0, 0, 0, 0, 0, 0, 0, 0, 0, 4, 4, 3840, 5, 5, 0, 0, 0, 0, 0, 0, 0, 0, 0, 0]",1500,128,384000.0,4608000.0,4986899342,4986921103,4992532465,4992569009,0,14975,14367,711397,2,12152,35936,4,160,160,1
156,2,"[4, 4, 3840, 1, 1, 0, 0, 0, 0, 0, 0, 0, 0, 0, 0, 0, 0, 0, 0, 0, 0, 0, 0, 0, 0, 0, 0, 0, 0, 0]",30,128,307200.0,122880.0,4986976767,4986983972,4992583376,4992585904,0,736,736,711396,1,7205,2528,4,160,160,1
203,2,"[4, 160, 1, 1, 3840, 1, 1, 1, 1, 0, 0, 1, 1, 1, 1, 1, 4, 0, 0, 0, 0, 0, 0, 0, 0, 0, 0, 0, 0, 0]",240,256,4915200.0,2521600.0,4987057358,4987204525,4992586640,4992898669,9472,33664,27807,711395,6,38507,306172,4,160,160,1
159,2,"[4, 4, 160, 1, 1, 0, 0, 0, 0, 0, 0, 0, 0, 0, 0, 0, 0, 0, 0, 0, 0, 0, 0, 0, 0, 0, 0, 0, 0, 0]",2,128,0.0,0.0,4987300825,4987307729,4992926476,4992929580,0,672,672,711393,1,6904,3104,4,160,160,1
203,2,"[4, 3840, 1, 1, 160, 1, 1, 1, 1, 0, 0, 1, 1, 1, 1, 1, 4, 0, 0, 0, 0, 0, 0, 0, 0, 0, 0, 0, 0, 0]",150,256,4915200.0,2521600.0,4987380196,4987522989,4992930252,4992981771,9472,35007,29504,711392,6,40610,46016,4,160,160,1
199,2,"[4, 4, 3840, 5, 5, 0, 0, 0, 0, 0, 0, 0, 0, 0, 0, 0, 0, 0, 0, 0, 0, 0, 0, 0, 0, 0, 0, 0, 0, 0]",1500,128,0.0,0.0,4987632521,4987639521,4993011275,4993019307,0,14624,14624,711391,1,7000,8032,4,160,160,1
159,2,"[4, 4, 3840, 5, 5, 0, 0, 0, 0, 0, 0, 0, 0, 0, 0, 0, 0, 0, 0, 0, 0, 0, 0, 0, 0, 0, 0, 0, 0, 0]",750,128,0.0,0.0,4987686453,4987692836,4993033931,4993048043,0,544,544,711389,1,6383,14112,4,160,160,1
205,2,"[4, 4, 3840, 5, 5, 0, 0, 0, 0, 0, 0, 0, 0, 0, 0, 0, 0, 0, 0, 0, 0, 0, 0, 0, 0, 0, 0, 0, 0, 0]",3840,512,3072000.0,7680000.0,4987755526,4987762814,4993048587,4993185033,272,7040,7040,711388,1,7288,136446,4,160,160,1
203,2,"[4, 3840, 5, 5, 3840, 5, 5, 3, 3, 1, 1, 1, 1, 1, 1, 3840, 4, 0, 0, 0, 0, 0, 0, 0, 0, 0, 0, 0, 0, 0]",34560,1024,0.0,0.0,4987862248,4987881689,4993192073,4993411462,0,5535,4992,711387,2,12565,218846,4,160,160,1
159,2,"[4, 4, 3840, 5, 5, 0, 0, 0, 0, 0, 0, 0, 0, 0, 0, 0, 0, 0, 0, 0, 0, 0, 0, 0, 0, 0, 0, 0, 0, 0]",750,128,0.0,0.0,4987933701,4987940128,4993416454,4993430598,0,736,736,711385,1,6427,14144,4,160,160,1
205,2,"[4, 4, 3840, 5, 5, 0, 0, 0, 0, 0, 0, 0, 0, 0, 0, 0, 0, 0, 0, 0, 0, 0, 0, 0, 0, 0, 0, 0, 0, 0]",3840,512,3072000.0,7680000.0,4987995228,4988001940,4993431334,4993566980,272,7232,7232,711384,1,6712,135646,4,160,160,1
203,2,"[4, 640, 5, 5, 3840, 5, 5, 1, 1, 0, 0, 1, 1, 1, 1, 1, 4, 0, 0, 0, 0, 0, 0, 0, 0, 0, 0, 0, 0, 0]",3000,256,491520000.0,11622400.0,4988147650,4988276591,4993574212,4994516952,32768,175836,131039,711383,6,39366,897943,4,160,160,1
205,2,"[4, 4, 640, 5, 5, 0, 0, 0, 0, 0, 0, 0, 0, 0, 0, 0, 0, 0, 0, 0, 0, 0, 0, 0, 0, 0, 0, 0, 0, 0]",640,512,512000.0,1280000.0,4988415196,4988423941,4994647991,4994673718,272,6592,6592,711382,1,8745,25727,4,160,160,1
203,2,"[4, 2304, 5, 5, 640, 5, 5, 1, 1, 0, 0, 1, 1, 1, 1, 1, 4, 0, 0, 0, 0, 0, 0, 0, 0, 0, 0, 0, 0, 0]",1800,256,294912000.0,7075840.0,4988571438,4988696553,4994680310,4995088209,32768,106206,76575,711381,6,39285,378268,4,160,160,1
23,2,"[4, 4, 2304, 1, 1, 0, 0, 0, 0, 0, 0, 0, 0, 0, 0, 4, 4, 2304, 5, 5, 0, 0, 0, 0, 0, 0, 0, 0, 0, 0]",900,128,230400.0,2764800.0,4988779074,4988800948,4995164784,4995183887,0,12225,11616,711380,2,12322,18494,4,160,160,1
156,2,"[4, 4, 2304, 1, 1, 0, 0, 0, 0, 0, 0, 0, 0, 0, 0, 0, 0, 0, 0, 0, 0, 0, 0, 0, 0, 0, 0, 0, 0, 0]",18,128,184320.0,73728.0,4988854712,4988861613,4995195503,4995197935,0,704,704,711379,1,6901,2432,4,160,160,1
203,2,"[4, 96, 1, 1, 2304, 1, 1, 1, 1, 0, 0, 1, 1, 1, 1, 1, 4, 0, 0, 0, 0, 0, 0, 0, 0, 0, 0, 0, 0, 0]",72,256,1769472.0,923136.0,4988936816,4989090252,4995198639,4995381645,9472,17408,11936,711378,6,40127,177534,4,160,160,1
159,2,"[4, 4, 96, 1, 1, 0, 0, 0, 0, 0, 0, 0, 0, 0, 0, 0, 0, 0, 0, 0, 0, 0, 0, 0, 0, 0, 0, 0, 0, 0]",1,128,0.0,0.0,4989186001,4989192675,4995393581,4995396813,0,608,608,711376,1,6674,3232,4,160,160,1
203,2,"[4, 2304, 1, 1, 96, 1, 1, 1, 1, 0, 0, 1, 1, 1, 1, 1, 4, 0, 0, 0, 0, 0, 0, 0, 0, 0, 0, 0, 0, 0]",216,256,0.0,0.0,4989267628,4989394142,4995397421,4995431757,2304,15582,11359,711375,4,29149,30113,4,160,160,1
199,2,"[4, 4, 2304, 5, 5, 0, 0, 0, 0, 0, 0, 0, 0, 0, 0, 0, 0, 0, 0, 0, 0, 0, 0, 0, 0, 0, 0, 0, 0, 0]",900,128,0.0,0.0,4989503193,4989510378,4995443116,4995447596,0,9024,9024,711374,1,7185,4480,4,160,160,1
159,2,"[4, 4, 2304, 5, 5, 0, 0, 0, 0, 0, 0, 0, 0, 0, 0, 0, 0, 0, 0, 0, 0, 0, 0, 0, 0, 0, 0, 0, 0, 0]",450,128,0.0,0.0,4989560190,4989566517,4995456620,4995465292,0,672,672,711372,1,6327,8672,4,160,160,1
205,2,"[4, 4, 2304, 5, 5, 0, 0, 0, 0, 0, 0, 0, 0, 0, 0, 0, 0, 0, 0, 0, 0, 0, 0, 0, 0, 0, 0, 0, 0, 0]",2304,512,1843200.0,4608000.0,4989627776,4989635240,4995465964,4995548299,272,6592,6592,711371,1,7464,82335,4,160,160,1
203,2,"[4, 2304, 5, 5, 2304, 5, 5, 3, 3, 1, 1, 1, 1, 1, 1, 2304, 4, 0, 0, 0, 0, 0, 0, 0, 0, 0, 0, 0, 0, 0]",20736,1024,0.0,0.0,4989744812,4989764520,4995554891,4995687529,0,4448,3904,711370,2,12913,132094,4,160,160,1
159,2,"[4, 4, 2304, 5, 5, 0, 0, 0, 0, 0, 0, 0, 0, 0, 0, 0, 0, 0, 0, 0, 0, 0, 0, 0, 0, 0, 0, 0, 0, 0]",450,128,0.0,0.0,4989817454,4989823860,4995691433,4995699529,0,736,736,711368,1,6406,8096,4,160,160,1
205,2,"[4, 4, 2304, 5, 5, 0, 0, 0, 0, 0, 0, 0, 0, 0, 0, 0, 0, 0, 0, 0, 0, 0, 0, 0, 0, 0, 0, 0, 0, 0]",2304,512,1843200.0,4608000.0,4989880422,4989887245,4995700265,4995782696,272,6336,6336,711367,1,6823,82431,4,160,160,1
203,2,"[4, 384, 5, 5, 2304, 5, 5, 1, 1, 0, 0, 1, 1, 1, 1, 1, 4, 0, 0, 0, 0, 0, 0, 0, 0, 0, 0, 0, 0, 0]",1080,256,176947200.0,4614144.0,4990035961,4990163548,4995789032,4996203715,32768,61822,45791,711366,6,37355,398652,4,160,160,1
234,2,"[4, 4, 384, 5, 5, 0, 0, 0, 0, 0, 0, 0, 0, 0, 0, 4, 4, 1, 1, 1, 0, 0, 0, 0, 0, 0, 0, 0, 0, 0]",150,128,38400.0,460800.0,4990260304,4990267540,4996249506,4996254274,0,672,672,711364,1,7236,4768,4,160,160,1
205,2,"[4, 4, 384, 5, 5, 0, 0, 0, 0, 0, 0, 0, 0, 0, 0, 0, 0, 0, 0, 0, 0, 0, 0, 0, 0, 0, 0, 0, 0, 0]",384,512,307200.0,768000.0,4990328493,4990335843,4996254946,4996271298,272,6464,6464,711363,1,7350,16352,4,160,160,1
203,2,"[4, 2304, 5, 5, 384, 5, 5, 1, 1, 0, 0, 1, 1, 1, 1, 1, 4, 0, 0, 0, 0, 0, 0, 0, 0, 0, 0, 0, 0, 0]",864,256,176947200.0,4614144.0,4990485395,4990584241,4996277762,4996436096,32768,52543,47583,711362,4,27867,153374,4,160,160,1
23,2,"[4, 4, 2304, 1, 1, 0, 0, 0, 0, 0, 0, 0, 0, 0, 0, 4, 4, 2304, 5, 5, 0, 0, 0, 0, 0, 0, 0, 0, 0, 0]",900,128,230400.0,2764800.0,4990664608,4990686912,4996483679,4996503071,0,12031,11391,711361,2,12122,18752,4,160,160,1
156,2,"[4, 4, 2304, 1, 1, 0, 0, 0, 0, 0, 0, 0, 0, 0, 0, 0, 0, 0, 0, 0, 0, 0, 0, 0, 0, 0, 0, 0, 0, 0]",18,128,184320.0,73728.0,4990740530,4990747181,4996514462,4996517246,0,609,609,711360,1,6651,2784,4,160,160,1
203,2,"[4, 96, 1, 1, 2304, 1, 1, 1, 1, 0, 0, 1, 1, 1, 1, 1, 4, 0, 0, 0, 0, 0, 0, 0, 0, 0, 0, 0, 0, 0]",72,256,1769472.0,923136.0,4990822977,4990978724,4996517855,4996704028,9472,17600,11648,711359,6,40559,180221,4,160,160,1
159,2,"[4, 4, 96, 1, 1, 0, 0, 0, 0, 0, 0, 0, 0, 0, 0, 0, 0, 0, 0, 0, 0, 0, 0, 0, 0, 0, 0, 0, 0, 0]",1,128,0.0,0.0,4991078582,4991085617,4996715676,4996718716,0,672,672,711357,1,7035,3040,4,160,160,1
203,2,"[4, 2304, 1, 1, 96, 1, 1, 1, 1, 0, 0, 1, 1, 1, 1, 1, 4, 0, 0, 0, 0, 0, 0, 0, 0, 0, 0, 0, 0, 0]",216,256,0.0,0.0,4991159504,4991276903,4996719388,4996753724,2304,15167,10911,711356,4,27574,30080,4,160,160,1
199,2,"[4, 4, 2304, 5, 5, 0, 0, 0, 0, 0, 0, 0, 0, 0, 0, 0, 0, 0, 0, 0, 0, 0, 0, 0, 0, 0, 0, 0, 0, 0]",900,128,0.0,0.0,4991387089,4991394442,4996764635,4996769147,0,8512,8512,711355,1,7353,4512,4,160,160,1
159,2,"[4, 4, 2304, 5, 5, 0, 0, 0, 0, 0, 0, 0, 0, 0, 0, 0, 0, 0, 0, 0, 0, 0, 0, 0, 0, 0, 0, 0, 0, 0]",450,128,0.0,0.0,4991443883,4991450477,4996777659,4996786267,0,608,608,711353,1,6594,8608,4,160,160,1
205,2,"[4, 4, 2304, 5, 5, 0, 0, 0, 0, 0, 0, 0, 0, 0, 0, 0, 0, 0, 0, 0, 0, 0, 0, 0, 0, 0, 0, 0, 0, 0]",2304,512,1843200.0,4608000.0,4991511133,4991518607,4996786875,4996869466,272,6592,6592,711352,1,7474,82591,4,160,160,1
203,2,"[4, 2304, 5, 5, 2304, 5, 5, 3, 3, 1, 1, 1, 1, 1, 1, 2304, 4, 0, 0, 0, 0, 0, 0, 0, 0, 0, 0, 0, 0, 0]",20736,1024,0.0,0.0,4991619647,4991639055,4996876058,4997008600,0,4545,3968,711351,2,12731,131965,4,160,160,1
159,2,"[4, 4, 2304, 5, 5, 0, 0, 0, 0, 0, 0, 0, 0, 0, 0, 0, 0, 0, 0, 0, 0, 0, 0, 0, 0, 0, 0, 0, 0, 0]",450,128,0.0,0.0,4991688969,4991695501,4997012568,4997020184,0,576,576,711349,1,6532,7616,4,160,160,1
205,2,"[4, 4, 2304, 5, 5, 0, 0, 0, 0, 0, 0, 0, 0, 0, 0, 0, 0, 0, 0, 0, 0, 0, 0, 0, 0, 0, 0, 0, 0, 0]",2304,512,1843200.0,4608000.0,4991753109,4991759889,4997020760,4997102327,272,6304,6304,711348,1,6780,81567,4,160,160,1
203,2,"[4, 384, 5, 5, 2304, 5, 5, 1, 1, 0, 0, 1, 1, 1, 1, 1, 4, 0, 0, 0, 0, 0, 0, 0, 0, 0, 0, 0, 0, 0]",1080,256,176947200.0,4614144.0,4991905417,4992034456,4997108631,4997523026,32768,67678,51775,711347,6,39481,398492,4,160,160,1
234,2,"[4, 4, 384, 5, 5, 0, 0, 0, 0, 0, 0, 0, 0, 0, 0, 4, 4, 1, 1, 1, 0, 0, 0, 0, 0, 0, 0, 0, 0, 0]",150,128,38400.0,460800.0,4992149940,4992156770,4997574801,4997579441,0,672,672,711345,1,6830,4640,4,160,160,1
205,2,"[4, 4, 384, 5, 5, 0, 0, 0, 0, 0, 0, 0, 0, 0, 0, 0, 0, 0, 0, 0, 0, 0, 0, 0, 0, 0, 0, 0, 0, 0]",384,512,307200.0,768000.0,4992218012,4992225324,4997580113,4997596657,272,6560,6560,711344,1,7312,16544,4,160,160,1
203,2,"[4, 2304, 5, 5, 384, 5, 5, 1, 1, 0, 0, 1, 1, 1, 1, 1, 4, 0, 0, 0, 0, 0, 0, 0, 0, 0, 0, 0, 0, 0]",864,256,176947200.0,4614144.0,4992375267,4992468867,4997603217,4997763087,32768,51967,46847,711343,4,24765,154750,4,160,160,1
23,2,"[4, 4, 2304, 1, 1, 0, 0, 0, 0, 0, 0, 0, 0, 0, 0, 4, 4, 2304, 5, 5, 0, 0, 0, 0, 0, 0, 0, 0, 0, 0]",900,128,230400.0,2764800.0,4992548671,4992573119,4997809934,4997829774,0,12288,11712,711342,2,14641,19264,4,160,160,1
156,2,"[4, 4, 2304, 1, 1, 0, 0, 0, 0, 0, 0, 0, 0, 0, 0, 0, 0, 0, 0, 0, 0, 0, 0, 0, 0, 0, 0, 0, 0, 0]",18,128,184320.0,73728.0,4992627245,4992633827,4997841486,4997843854,0,704,704,711341,1,6582,2368,4,160,160,1
203,2,"[4, 96, 1, 1, 2304, 1, 1, 1, 1, 0, 0, 1, 1, 1, 1, 1, 4, 0, 0, 0, 0, 0, 0, 0, 0, 0, 0, 0, 0, 0]",72,256,1769472.0,923136.0,4992707327,4992859640,4997844558,4998027435,9472,17312,11616,711340,6,41698,177181,4,160,160,1
159,2,"[4, 4, 96, 1, 1, 0, 0, 0, 0, 0, 0, 0, 0, 0, 0, 0, 0, 0, 0, 0, 0, 0, 0, 0, 0, 0, 0, 0, 0, 0]",1,128,0.0,0.0,4992955843,4992962816,4998039051,4998042315,0,704,704,711338,1,6973,3264,4,160,160,1
203,2,"[4, 2304, 1, 1, 96, 1, 1, 1, 1, 0, 0, 1, 1, 1, 1, 1, 4, 0, 0, 0, 0, 0, 0, 0, 0, 0, 0, 0, 0, 0]",216,256,0.0,0.0,4993036390,4993155635,4998043019,4998077035,2304,15168,11040,711337,4,28527,29888,4,160,160,1
199,2,"[4, 4, 2304, 5, 5, 0, 0, 0, 0, 0, 0, 0, 0, 0, 0, 0, 0, 0, 0, 0, 0, 0, 0, 0, 0, 0, 0, 0, 0, 0]",900,128,0.0,0.0,4993265794,4993273382,4998088075,4998092747,0,8767,8767,711336,1,7588,4672,4,160,160,1
159,2,"[4, 4, 2304, 5, 5, 0, 0, 0, 0, 0, 0, 0, 0, 0, 0, 0, 0, 0, 0, 0, 0, 0, 0, 0, 0, 0, 0, 0, 0, 0]",450,128,0.0,0.0,4993321580,4993329559,4998101514,4998110058,0,672,672,711334,1,7979,8544,4,160,160,1
205,2,"[4, 4, 2304, 5, 5, 0, 0, 0, 0, 0, 0, 0, 0, 0, 0, 0, 0, 0, 0, 0, 0, 0, 0, 0, 0, 0, 0, 0, 0, 0]",2304,512,1843200.0,4608000.0,4993391182,4993398751,4998110730,4998193385,272,6496,6496,711333,1,7569,82655,4,160,160,1
203,2,"[4, 2304, 5, 5, 2304, 5, 5, 3, 3, 1, 1, 1, 1, 1, 1, 2304, 4, 0, 0, 0, 0, 0, 0, 0, 0, 0, 0, 0, 0, 0]",20736,1024,0.0,0.0,4993498981,4993518657,4998199881,4998332648,0,4352,3680,711332,2,12812,132095,4,160,160,1
159,2,"[4, 4, 2304, 5, 5, 0, 0, 0, 0, 0, 0, 0, 0, 0, 0, 0, 0, 0, 0, 0, 0, 0, 0, 0, 0, 0, 0, 0, 0, 0]",450,128,0.0,0.0,4993573321,4993579733,4998336328,4998344712,0,576,576,711330,1,6412,8384,4,160,160,1
205,2,"[4, 4, 2304, 5, 5, 0, 0, 0, 0, 0, 0, 0, 0, 0, 0, 0, 0, 0, 0, 0, 0, 0, 0, 0, 0, 0, 0, 0, 0, 0]",2304,512,1843200.0,4608000.0,4993635058,4993641545,4998345288,4998427334,272,6592,6592,711329,1,6487,82046,4,160,160,1
203,2,"[4, 384, 5, 5, 2304, 5, 5, 1, 1, 0, 0, 1, 1, 1, 1, 1, 4, 0, 0, 0, 0, 0, 0, 0, 0, 0, 0, 0, 0, 0]",1080,256,176947200.0,4614144.0,4993798337,4993922878,4998433926,4998852129,32768,68063,51743,711328,6,36410,401883,4,160,160,1
234,2,"[4, 4, 384, 5, 5, 0, 0, 0, 0, 0, 0, 0, 0, 0, 0, 4, 4, 1, 1, 1, 0, 0, 0, 0, 0, 0, 0, 0, 0, 0]",150,128,38400.0,460800.0,4994037354,4994045517,4998903872,4998908576,0,640,640,711326,1,8163,4704,4,160,160,1
205,2,"[4, 4, 384, 5, 5, 0, 0, 0, 0, 0, 0, 0, 0, 0, 0, 0, 0, 0, 0, 0, 0, 0, 0, 0, 0, 0, 0, 0, 0, 0]",384,512,307200.0,768000.0,4994106690,4994114074,4998909216,4998925856,272,6624,6624,711325,1,7384,16640,4,160,160,1
203,2,"[4, 2304, 5, 5, 384, 5, 5, 1, 1, 0, 0, 1, 1, 1, 1, 1, 4, 0, 0, 0, 0, 0, 0, 0, 0, 0, 0, 0, 0, 0]",864,256,176947200.0,4614144.0,4994260711,4994357052,4998932480,4999090238,32768,52095,46911,711324,4,24610,152574,4,160,160,1
23,2,"[4, 4, 2304, 1, 1, 0, 0, 0, 0, 0, 0, 0, 0, 0, 0, 4, 4, 2304, 5, 5, 0, 0, 0, 0, 0, 0, 0, 0, 0, 0]",900,128,230400.0,2764800.0,4994436735,4994458349,4999137149,4999156221,0,11968,11392,711323,2,11882,18496,4,160,160,1
156,2,"[4, 4, 2304, 1, 1, 0, 0, 0, 0, 0, 0, 0, 0, 0, 0, 0, 0, 0, 0, 0, 0, 0, 0, 0, 0, 0, 0, 0, 0, 0]",18,128,184320.0,73728.0,4994511187,4994517886,4999167613,4999170077,0,736,736,711322,1,6699,2464,4,160,160,1
203,2,"[4, 96, 1, 1, 2304, 1, 1, 1, 1, 0, 0, 1, 1, 1, 1, 1, 4, 0, 0, 0, 0, 0, 0, 0, 0, 0, 0, 0, 0, 0]",72,256,1769472.0,923136.0,4994592945,4994741971,4999170813,4999355931,9472,16992,11551,711321,6,39388,179677,4,160,160,1
159,2,"[4, 4, 96, 1, 1, 0, 0, 0, 0, 0, 0, 0, 0, 0, 0, 0, 0, 0, 0, 0, 0, 0, 0, 0, 0, 0, 0, 0, 0, 0]",1,128,0.0,0.0,4994839928,4994846556,4999367482,4999370555,0,703,703,711319,1,6628,3073,4,160,160,1
203,2,"[4, 2304, 1, 1, 96, 1, 1, 1, 1, 0, 0, 1, 1, 1, 1, 1, 4, 0, 0, 0, 0, 0, 0, 0, 0, 0, 0, 0, 0, 0]",216,256,0.0,0.0,4994919291,4995034907,4999371258,4999405690,2304,15167,11040,711318,4,27422,30305,4,160,160,1
199,2,"[4, 4, 2304, 5, 5, 0, 0, 0, 0, 0, 0, 0, 0, 0, 0, 0, 0, 0, 0, 0, 0, 0, 0, 0, 0, 0, 0, 0, 0, 0]",900,128,0.0,0.0,4995143616,4995150862,4999416730,4999421274,0,9376,9376,711317,1,7246,4544,4,160,160,1
159,2,"[4, 4, 2304, 5, 5, 0, 0, 0, 0, 0, 0, 0, 0, 0, 0, 0, 0, 0, 0, 0, 0, 0, 0, 0, 0, 0, 0, 0, 0, 0]",450,128,0.0,0.0,4995201139,4995207597,4999430650,4999439258,0,544,544,711315,1,6458,8608,4,160,160,1
205,2,"[4, 4, 2304, 5, 5, 0, 0, 0, 0, 0, 0, 0, 0, 0, 0, 0, 0, 0, 0, 0, 0, 0, 0, 0, 0, 0, 0, 0, 0, 0]",2304,512,1843200.0,4608000.0,4995267026,4995274368,4999439802,4999522265,272,6239,6239,711314,1,7342,82463,4,160,160,1
203,2,"[4, 2304, 5, 5, 2304, 5, 5, 3, 3, 1, 1, 1, 1, 1, 1, 2304, 4, 0, 0, 0, 0, 0, 0, 0, 0, 0, 0, 0, 0, 0]",20736,1024,0.0,0.0,4995375130,4995394755,4999528504,4999661143,0,4448,3712,711313,2,12786,131903,4,160,160,1
159,2,"[4, 4, 2304, 5, 5, 0, 0, 0, 0, 0, 0, 0, 0, 0, 0, 0, 0, 0, 0, 0, 0, 0, 0, 0, 0, 0, 0, 0, 0, 0]",450,128,0.0,0.0,4995445367,4995452251,4999664855,4999673047,0,607,607,711311,1,6884,8192,4,160,160,1
205,2,"[4, 4, 2304, 5, 5, 0, 0, 0, 0, 0, 0, 0, 0, 0, 0, 0, 0, 0, 0, 0, 0, 0, 0, 0, 0, 0, 0, 0, 0, 0]",2304,512,1843200.0,4608000.0,4995509463,4995516210,4999673654,4999755413,272,6497,6497,711310,1,6747,81759,4,160,160,1
203,2,"[4, 384, 5, 5, 2304, 5, 5, 1, 1, 0, 0, 1, 1, 1, 1, 1, 4, 0, 0, 0, 0, 0, 0, 0, 0, 0, 0, 0, 0, 0]",1080,256,176947200.0,4614144.0,4995662458,4995790574,4999761910,5000181840,32768,69150,52447,711309,6,37492,403227,4,160,160,1
234,2,"[4, 4, 384, 5, 5, 0, 0, 0, 0, 0, 0, 0, 0, 0, 0, 4, 4, 1, 1, 1, 0, 0, 0, 0, 0, 0, 0, 0, 0, 0]",150,128,38400.0,460800.0,4995905743,4995912763,5000234287,5000238927,0,672,672,711307,1,7020,4640,4,160,160,1
205,2,"[4, 4, 384, 5, 5, 0, 0, 0, 0, 0, 0, 0, 0, 0, 0, 0, 0, 0, 0, 0, 0, 0, 0, 0, 0, 0, 0, 0, 0, 0]",384,512,307200.0,768000.0,4995974193,4995981585,5000239599,5000256079,272,6592,6592,711306,1,7392,16480,4,160,160,1
203,2,"[4, 2304, 5, 5, 384, 5, 5, 1, 1, 0, 0, 1, 1, 1, 1, 1, 4, 0, 0, 0, 0, 0, 0, 0, 0, 0, 0, 0, 0, 0]",864,256,176947200.0,4614144.0,4996131716,4996225225,5000262671,5000421741,32768,51807,46655,711305,4,24352,153918,4,160,160,1
23,2,"[4, 4, 2304, 1, 1, 0, 0, 0, 0, 0, 0, 0, 0, 0, 0, 4, 4, 2304, 5, 5, 0, 0, 0, 0, 0, 0, 0, 0, 0, 0]",900,128,230400.0,2764800.0,4996303633,4996327389,5000468396,5000487724,0,12096,11520,711304,2,11941,18752,4,160,160,1
156,2,"[4, 4, 2304, 1, 1, 0, 0, 0, 0, 0, 0, 0, 0, 0, 0, 0, 0, 0, 0, 0, 0, 0, 0, 0, 0, 0, 0, 0, 0, 0]",18,128,184320.0,73728.0,4996380615,4996387323,5000499244,5000501804,0,704,704,711303,1,6708,2560,4,160,160,1
203,2,"[4, 96, 1, 1, 2304, 1, 1, 1, 1, 0, 0, 1, 1, 1, 1, 1, 4, 0, 0, 0, 0, 0, 0, 0, 0, 0, 0, 0, 0, 0]",72,256,1769472.0,923136.0,4996460956,4996615002,5000502508,5000680970,9472,17504,11872,711302,6,42107,172830,4,160,160,1
159,2,"[4, 4, 96, 1, 1, 0, 0, 0, 0, 0, 0, 0, 0, 0, 0, 0, 0, 0, 0, 0, 0, 0, 0, 0, 0, 0, 0, 0, 0, 0]",1,128,0.0,0.0,4996710486,4996717149,5000692842,5000695946,0,544,544,711300,1,6663,3104,4,160,160,1
203,2,"[4, 2304, 1, 1, 96, 1, 1, 1, 1, 0, 0, 1, 1, 1, 1, 1, 4, 0, 0, 0, 0, 0, 0, 0, 0, 0, 0, 0, 0, 0]",216,256,0.0,0.0,4996790754,4996909801,5000696490,5000730889,2304,15486,11232,711299,4,27679,30145,4,160,160,1
199,2,"[4, 4, 2304, 5, 5, 0, 0, 0, 0, 0, 0, 0, 0, 0, 0, 0, 0, 0, 0, 0, 0, 0, 0, 0, 0, 0, 0, 0, 0, 0]",900,128,0.0,0.0,4997018127,4997025554,5000742121,5000746697,0,8352,8352,711298,1,7427,4576,4,160,160,1
159,2,"[4, 4, 2304, 5, 5, 0, 0, 0, 0, 0, 0, 0, 0, 0, 0, 0, 0, 0, 0, 0, 0, 0, 0, 0, 0, 0, 0, 0, 0, 0]",450,128,0.0,0.0,4997073479,4997080038,5000755049,5000763529,0,735,735,711296,1,6559,8480,4,160,160,1
205,2,"[4, 4, 2304, 5, 5, 0, 0, 0, 0, 0, 0, 0, 0, 0, 0, 0, 0, 0, 0, 0, 0, 0, 0, 0, 0, 0, 0, 0, 0, 0]",2304,512,1843200.0,4608000.0,4997143474,4997151253,5000764264,5000847112,272,6432,6432,711295,1,7779,82848,4,160,160,1
203,2,"[4, 2304, 5, 5, 2304, 5, 5, 3, 3, 1, 1, 1, 1, 1, 1, 2304, 4, 0, 0, 0, 0, 0, 0, 0, 0, 0, 0, 0, 0, 0]",20736,1024,0.0,0.0,4997248739,4997268558,5000853544,5000986086,0,4384,3808,711294,2,12543,131966,4,160,160,1
159,2,"[4, 4, 2304, 5, 5, 0, 0, 0, 0, 0, 0, 0, 0, 0, 0, 0, 0, 0, 0, 0, 0, 0, 0, 0, 0, 0, 0, 0, 0, 0]",450,128,0.0,0.0,4997322085,4997328423,5000989894,5000997446,0,608,608,711292,1,6338,7552,4,160,160,1
205,2,"[4, 4, 2304, 5, 5, 0, 0, 0, 0, 0, 0, 0, 0, 0, 0, 0, 0, 0, 0, 0, 0, 0, 0, 0, 0, 0, 0, 0, 0, 0]",2304,512,1843200.0,4608000.0,4997384344,4997391457,5000998054,5001079845,272,6399,6399,711291,1,7113,81791,4,160,160,1
203,2,"[4, 384, 5, 5, 2304, 5, 5, 1, 1, 0, 0, 1, 1, 1, 1, 1, 4, 0, 0, 0, 0, 0, 0, 0, 0, 0, 0, 0, 0, 0]",1080,256,176947200.0,4614144.0,4997537603,4997671572,5001086244,5001502687,32768,68190,52223,711290,6,38863,400476,4,160,160,1
234,2,"[4, 4, 384, 5, 5, 0, 0, 0, 0, 0, 0, 0, 0, 0, 0, 4, 4, 1, 1, 1, 0, 0, 0, 0, 0, 0, 0, 0, 0, 0]",150,128,38400.0,460800.0,4997787979,4997794904,5001554910,5001559455,0,704,704,711288,1,6925,4545,4,160,160,1
205,2,"[4, 4, 384, 5, 5, 0, 0, 0, 0, 0, 0, 0, 0, 0, 0, 0, 0, 0, 0, 0, 0, 0, 0, 0, 0, 0, 0, 0, 0, 0]",384,512,307200.0,768000.0,4997858484,4997866049,5001560159,5001576606,272,6561,6561,711287,1,7565,16447,4,160,160,1
203,2,"[4, 2304, 5, 5, 384, 5, 5, 1, 1, 0, 0, 1, 1, 1, 1, 1, 4, 0, 0, 0, 0, 0, 0, 0, 0, 0, 0, 0, 0, 0]",864,256,176947200.0,4614144.0,4998012754,4998109081,5001583167,5001741308,32768,52128,47040,711286,4,25108,153053,4,160,160,1
23,2,"[4, 4, 2304, 1, 1, 0, 0, 0, 0, 0, 0, 0, 0, 0, 0, 4, 4, 2304, 5, 5, 0, 0, 0, 0, 0, 0, 0, 0, 0, 0]",900,128,230400.0,2764800.0,4998190026,4998212065,5001788348,5001807739,0,12319,11744,711285,2,11834,18816,4,160,160,1
156,2,"[4, 4, 2304, 1, 1, 0, 0, 0, 0, 0, 0, 0, 0, 0, 0, 0, 0, 0, 0, 0, 0, 0, 0, 0, 0, 0, 0, 0, 0, 0]",18,128,184320.0,73728.0,4998264862,4998271410,5001819483,5001822043,0,640,640,711284,1,6548,2560,4,160,160,1
203,2,"[4, 96, 1, 1, 2304, 1, 1, 1, 1, 0, 0, 1, 1, 1, 1, 1, 4, 0, 0, 0, 0, 0, 0, 0, 0, 0, 0, 0, 0, 0]",72,256,1769472.0,923136.0,4998346324,4998495656,5001822683,5002007737,9472,17440,11744,711283,6,39098,179358,4,160,160,1
159,2,"[4, 4, 96, 1, 1, 0, 0, 0, 0, 0, 0, 0, 0, 0, 0, 0, 0, 0, 0, 0, 0, 0, 0, 0, 0, 0, 0, 0, 0, 0]",1,128,0.0,0.0,4998592085,4998598466,5002019481,5002022521,0,704,704,711281,1,6381,3040,4,160,160,1
203,2,"[4, 2304, 1, 1, 96, 1, 1, 1, 1, 0, 0, 1, 1, 1, 1, 1, 4, 0, 0, 0, 0, 0, 0, 0, 0, 0, 0, 0, 0, 0]",216,256,0.0,0.0,4998673820,4998789904,5002023225,5002057528,2304,15583,11232,711280,4,27717,29952,4,160,160,1
199,2,"[4, 4, 2304, 5, 5, 0, 0, 0, 0, 0, 0, 0, 0, 0, 0, 0, 0, 0, 0, 0, 0, 0, 0, 0, 0, 0, 0, 0, 0, 0]",900,128,0.0,0.0,4998899814,4998907265,5002068760,5002073304,0,8384,8384,711279,1,7451,4544,4,160,160,1
159,2,"[4, 4, 2304, 5, 5, 0, 0, 0, 0, 0, 0, 0, 0, 0, 0, 0, 0, 0, 0, 0, 0, 0, 0, 0, 0, 0, 0, 0, 0, 0]",450,128,0.0,0.0,4998957908,4998964431,5002081688,5002090360,0,640,640,711277,1,6523,8672,4,160,160,1
205,2,"[4, 4, 2304, 5, 5, 0, 0, 0, 0, 0, 0, 0, 0, 0, 0, 0, 0, 0, 0, 0, 0, 0, 0, 0, 0, 0, 0, 0, 0, 0]",2304,512,1843200.0,4608000.0,4999025315,4999032553,5002091000,5002173559,272,6240,6240,711276,1,7238,82559,4,160,160,1
203,2,"[4, 2304, 5, 5, 2304, 5, 5, 3, 3, 1, 1, 1, 1, 1, 1, 2304, 4, 0, 0, 0, 0, 0, 0, 0, 0, 0, 0, 0, 0, 0]",20736,1024,0.0,0.0,4999133961,4999154339,5002179799,5002312437,0,4544,3968,711275,2,13111,132062,4,160,160,1
159,2,"[4, 4, 2304, 5, 5, 0, 0, 0, 0, 0, 0, 0, 0, 0, 0, 0, 0, 0, 0, 0, 0, 0, 0, 0, 0, 0, 0, 0, 0, 0]",450,128,0.0,0.0,4999206012,4999212215,5002316405,5002324341,0,704,704,711273,1,6203,7936,4,160,160,1
205,2,"[4, 4, 2304, 5, 5, 0, 0, 0, 0, 0, 0, 0, 0, 0, 0, 0, 0, 0, 0, 0, 0, 0, 0, 0, 0, 0, 0, 0, 0, 0]",2304,512,1843200.0,4608000.0,4999268521,4999275180,5002325045,5002407540,272,6272,6272,711272,1,6659,82495,4,160,160,1
203,2,"[4, 384, 5, 5, 2304, 5, 5, 1, 1, 0, 0, 1, 1, 1, 1, 1, 4, 0, 0, 0, 0, 0, 0, 0, 0, 0, 0, 0, 0, 0]",1080,256,176947200.0,4614144.0,4999423562,4999548878,5002413812,5002828591,32768,68192,51743,711271,6,36767,398330,4,160,160,1
234,2,"[4, 4, 384, 5, 5, 0, 0, 0, 0, 0, 0, 0, 0, 0, 0, 4, 4, 1, 1, 1, 0, 0, 0, 0, 0, 0, 0, 0, 0, 0]",150,128,38400.0,460800.0,4999666250,4999673224,5002880334,5002884782,0,608,608,711269,1,6974,4448,4,160,160,1
205,2,"[4, 4, 384, 5, 5, 0, 0, 0, 0, 0, 0, 0, 0, 0, 0, 0, 0, 0, 0, 0, 0, 0, 0, 0, 0, 0, 0, 0, 0, 0]",384,512,307200.0,768000.0,4999735331,4999742649,5002885390,5002901838,272,6528,6528,711268,1,7318,16448,4,160,160,1
203,2,"[4, 2304, 5, 5, 384, 5, 5, 1, 1, 0, 0, 1, 1, 1, 1, 1, 4, 0, 0, 0, 0, 0, 0, 0, 0, 0, 0, 0, 0, 0]",864,256,176947200.0,4614144.0,4999890540,4999984214,5002908366,5003066572,32768,51997,47295,711267,4,24443,153504,4,160,160,1
23,2,"[4, 4, 2304, 1, 1, 0, 0, 0, 0, 0, 0, 0, 0, 0, 0, 4, 4, 2304, 5, 5, 0, 0, 0, 0, 0, 0, 0, 0, 0, 0]",900,128,230400.0,2764800.0,5000063757,5000085221,5003113867,5003134251,0,11871,11327,711266,2,11824,19840,4,160,160,1
156,2,"[4, 4, 2304, 1, 1, 0, 0, 0, 0, 0, 0, 0, 0, 0, 0, 0, 0, 0, 0, 0, 0, 0, 0, 0, 0, 0, 0, 0, 0, 0]",18,128,184320.0,73728.0,5000141133,5000147827,5003145578,5003148138,0,609,609,711265,1,6694,2560,4,160,160,1
203,2,"[4, 96, 1, 1, 2304, 1, 1, 1, 1, 0, 0, 1, 1, 1, 1, 1, 4, 0, 0, 0, 0, 0, 0, 0, 0, 0, 0, 0, 0, 0]",72,256,1769472.0,923136.0,5000218888,5000369728,5003148747,5003322472,9472,17695,12128,711264,6,38311,168158,4,160,160,1
159,2,"[4, 4, 96, 1, 1, 0, 0, 0, 0, 0, 0, 0, 0, 0, 0, 0, 0, 0, 0, 0, 0, 0, 0, 0, 0, 0, 0, 0, 0, 0]",1,128,0.0,0.0,5000466471,5000473392,5003334600,5003337640,0,544,544,711262,1,6921,3040,4,160,160,1
203,2,"[4, 2304, 1, 1, 96, 1, 1, 1, 1, 0, 0, 1, 1, 1, 1, 1, 4, 0, 0, 0, 0, 0, 0, 0, 0, 0, 0, 0, 0, 0]",216,256,0.0,0.0,5000545734,5000664347,5003338184,5003372456,2304,15648,11231,711261,4,29954,29855,4,160,160,1
199,2,"[4, 4, 2304, 5, 5, 0, 0, 0, 0, 0, 0, 0, 0, 0, 0, 0, 0, 0, 0, 0, 0, 0, 0, 0, 0, 0, 0, 0, 0, 0]",900,128,0.0,0.0,5000773354,5000781394,5003383687,5003388167,0,8640,8640,711260,1,8040,4480,4,160,160,1
159,2,"[4, 4, 2304, 5, 5, 0, 0, 0, 0, 0, 0, 0, 0, 0, 0, 0, 0, 0, 0, 0, 0, 0, 0, 0, 0, 0, 0, 0, 0, 0]",450,128,0.0,0.0,5000829572,5000835944,5003396807,5003405255,0,608,608,711258,1,6372,8448,4,160,160,1
205,2,"[4, 4, 2304, 5, 5, 0, 0, 0, 0, 0, 0, 0, 0, 0, 0, 0, 0, 0, 0, 0, 0, 0, 0, 0, 0, 0, 0, 0, 0, 0]",2304,512,1843200.0,4608000.0,5000899394,5000906709,5003405863,5003488422,272,6368,6368,711257,1,7315,82559,4,160,160,1
203,2,"[4, 2304, 5, 5, 2304, 5, 5, 3, 3, 1, 1, 1, 1, 1, 1, 2304, 4, 0, 0, 0, 0, 0, 0, 0, 0, 0, 0, 0, 0, 0]",20736,1024,0.0,0.0,5001005129,5001024497,5003494790,5003627588,0,4545,3841,711256,2,12638,132094,4,160,160,1
159,2,"[4, 4, 2304, 5, 5, 0, 0, 0, 0, 0, 0, 0, 0, 0, 0, 0, 0, 0, 0, 0, 0, 0, 0, 0, 0, 0, 0, 0, 0, 0]",450,128,0.0,0.0,5001077900,5001084544,5003631429,5003639268,0,608,608,711254,1,6644,7839,4,160,160,1
205,2,"[4, 4, 2304, 5, 5, 0, 0, 0, 0, 0, 0, 0, 0, 0, 0, 0, 0, 0, 0, 0, 0, 0, 0, 0, 0, 0, 0, 0, 0, 0]",2304,512,1843200.0,4608000.0,5001140345,5001147103,5003639876,5003721539,272,6208,6208,711253,1,6758,81663,4,160,160,1
203,2,"[4, 384, 5, 5, 2304, 5, 5, 1, 1, 0, 0, 1, 1, 1, 1, 1, 4, 0, 0, 0, 0, 0, 0, 0, 0, 0, 0, 0, 0, 0]",1080,256,176947200.0,4614144.0,5001292360,5001421610,5003727747,5004148254,32768,66494,50655,711252,6,39381,404668,4,160,160,1
234,2,"[4, 4, 384, 5, 5, 0, 0, 0, 0, 0, 0, 0, 0, 0, 0, 4, 4, 1, 1, 1, 0, 0, 0, 0, 0, 0, 0, 0, 0, 0]",150,128,38400.0,460800.0,5001537574,5001544432,5004198909,5004203709,0,704,704,711250,1,6858,4800,4,160,160,1
205,2,"[4, 4, 384, 5, 5, 0, 0, 0, 0, 0, 0, 0, 0, 0, 0, 0, 0, 0, 0, 0, 0, 0, 0, 0, 0, 0, 0, 0, 0, 0]",384,512,307200.0,768000.0,5001608468,5001615911,5004204413,5004220893,272,6432,6432,711249,1,7443,16480,4,160,160,1
203,2,"[4, 2304, 5, 5, 384, 5, 5, 1, 1, 0, 0, 1, 1, 1, 1, 1, 4, 0, 0, 0, 0, 0, 0, 0, 0, 0, 0, 0, 0, 0]",864,256,176947200.0,4614144.0,5001771274,5001868188,5004227325,5004385499,32768,51871,46687,711248,4,27863,152990,4,160,160,1
23,2,"[4, 4, 2304, 1, 1, 0, 0, 0, 0, 0, 0, 0, 0, 0, 0, 4, 4, 2304, 5, 5, 0, 0, 0, 0, 0, 0, 0, 0, 0, 0]",900,128,230400.0,2764800.0,5001949116,5001970761,5004432186,5004451642,0,12352,11712,711247,2,12050,18816,4,160,160,1
156,2,"[4, 4, 2304, 1, 1, 0, 0, 0, 0, 0, 0, 0, 0, 0, 0, 0, 0, 0, 0, 0, 0, 0, 0, 0, 0, 0, 0, 0, 0, 0]",18,128,184320.0,73728.0,5002023711,5002030694,5004463354,5004465754,0,736,736,711246,1,6983,2400,4,160,160,1
203,2,"[4, 96, 1, 1, 2304, 1, 1, 1, 1, 0, 0, 1, 1, 1, 1, 1, 4, 0, 0, 0, 0, 0, 0, 0, 0, 0, 0, 0, 0, 0]",72,256,1769472.0,923136.0,5002102745,5002254843,5004466490,5004652247,9472,17761,11872,711245,6,41548,179868,4,160,160,1
159,2,"[4, 4, 96, 1, 1, 0, 0, 0, 0, 0, 0, 0, 0, 0, 0, 0, 0, 0, 0, 0, 0, 0, 0, 0, 0, 0, 0, 0, 0, 0]",1,128,0.0,0.0,5002349800,5002356606,5004664119,5004667191,0,640,640,711243,1,6806,3072,4,160,160,1
203,2,"[4, 2304, 1, 1, 96, 1, 1, 1, 1, 0, 0, 1, 1, 1, 1, 1, 4, 0, 0, 0, 0, 0, 0, 0, 0, 0, 0, 0, 0, 0]",216,256,0.0,0.0,5002431442,5002548334,5004667831,5004702327,2304,15776,11328,711242,4,27416,30048,4,160,160,1
199,2,"[4, 4, 2304, 5, 5, 0, 0, 0, 0, 0, 0, 0, 0, 0, 0, 0, 0, 0, 0, 0, 0, 0, 0, 0, 0, 0, 0, 0, 0, 0]",900,128,0.0,0.0,5002656781,5002665645,5004713655,5004718294,0,8608,8608,711241,1,8864,4639,4,160,160,1
159,2,"[4, 4, 2304, 5, 5, 0, 0, 0, 0, 0, 0, 0, 0, 0, 0, 0, 0, 0, 0, 0, 0, 0, 0, 0, 0, 0, 0, 0, 0, 0]",450,128,0.0,0.0,5002714812,5002721281,5004726902,5004735382,0,704,704,711239,1,6469,8480,4,160,160,1
205,2,"[4, 4, 2304, 5, 5, 0, 0, 0, 0, 0, 0, 0, 0, 0, 0, 0, 0, 0, 0, 0, 0, 0, 0, 0, 0, 0, 0, 0, 0, 0]",2304,512,1843200.0,4608000.0,5002781864,5002789178,5004736086,5004818677,272,6336,6336,711238,1,7314,82591,4,160,160,1
203,2,"[4, 2304, 5, 5, 2304, 5, 5, 3, 3, 1, 1, 1, 1, 1, 1, 2304, 4, 0, 0, 0, 0, 0, 0, 0, 0, 0, 0, 0, 0, 0]",20736,1024,0.0,0.0,5002890062,5002910676,5004825013,5004957843,0,4448,3808,711237,2,13021,132190,4,160,160,1
159,2,"[4, 4, 2304, 5, 5, 0, 0, 0, 0, 0, 0, 0, 0, 0, 0, 0, 0, 0, 0, 0, 0, 0, 0, 0, 0, 0, 0, 0, 0, 0]",450,128,0.0,0.0,5002961720,5002968288,5004961651,5004969523,0,577,577,711235,1,6568,7872,4,160,160,1
205,2,"[4, 4, 2304, 5, 5, 0, 0, 0, 0, 0, 0, 0, 0, 0, 0, 0, 0, 0, 0, 0, 0, 0, 0, 0, 0, 0, 0, 0, 0, 0]",2304,512,1843200.0,4608000.0,5003023456,5003030141,5004970100,5005052562,272,6144,6144,711234,1,6685,82462,4,160,160,1
203,2,"[4, 384, 5, 5, 2304, 5, 5, 1, 1, 0, 0, 1, 1, 1, 1, 1, 4, 0, 0, 0, 0, 0, 0, 0, 0, 0, 0, 0, 0, 0]",1080,256,176947200.0,4614144.0,5003179437,5003304993,5005058706,5005478861,32768,68319,51551,711233,6,36872,403387,4,160,160,1
234,2,"[4, 4, 384, 5, 5, 0, 0, 0, 0, 0, 0, 0, 0, 0, 0, 4, 4, 1, 1, 1, 0, 0, 0, 0, 0, 0, 0, 0, 0, 0]",150,128,38400.0,460800.0,5003422943,5003430181,5005530412,5005535148,0,640,640,711231,1,7238,4736,4,160,160,1
205,2,"[4, 4, 384, 5, 5, 0, 0, 0, 0, 0, 0, 0, 0, 0, 0, 0, 0, 0, 0, 0, 0, 0, 0, 0, 0, 0, 0, 0, 0, 0]",384,512,307200.0,768000.0,5003492105,5003500002,5005535788,5005552140,272,6560,6560,711230,1,7897,16352,4,160,160,1
203,2,"[4, 2304, 5, 5, 384, 5, 5, 1, 1, 0, 0, 1, 1, 1, 1, 1, 4, 0, 0, 0, 0, 0, 0, 0, 0, 0, 0, 0, 0, 0]",864,256,176947200.0,4614144.0,5003648575,5003743032,5005558700,5005717290,32768,51743,46527,711229,4,25286,153374,4,160,160,1
23,2,"[4, 4, 2304, 1, 1, 0, 0, 0, 0, 0, 0, 0, 0, 0, 0, 4, 4, 2304, 5, 5, 0, 0, 0, 0, 0, 0, 0, 0, 0, 0]",900,128,230400.0,2764800.0,5003822645,5003843901,5005763817,5005784169,0,12320,11776,711228,2,11785,19808,4,160,160,1
156,2,"[4, 4, 2304, 1, 1, 0, 0, 0, 0, 0, 0, 0, 0, 0, 0, 0, 0, 0, 0, 0, 0, 0, 0, 0, 0, 0, 0, 0, 0, 0]",18,128,184320.0,73728.0,5003900422,5003907314,5005795945,5005798409,0,672,672,711227,1,6892,2464,4,160,160,1
203,2,"[4, 96, 1, 1, 2304, 1, 1, 1, 1, 0, 0, 1, 1, 1, 1, 1, 4, 0, 0, 0, 0, 0, 0, 0, 0, 0, 0, 0, 0, 0]",72,256,1769472.0,923136.0,5003979680,5004128048,5005799081,5005971431,9472,17663,12095,711226,6,38555,166782,4,160,160,1
159,2,"[4, 4, 96, 1, 1, 0, 0, 0, 0, 0, 0, 0, 0, 0, 0, 0, 0, 0, 0, 0, 0, 0, 0, 0, 0, 0, 0, 0, 0, 0]",1,128,0.0,0.0,5004226607,5004233455,5005983526,5005986502,0,737,737,711224,1,6848,2976,4,160,160,1
203,2,"[4, 2304, 1, 1, 96, 1, 1, 1, 1, 0, 0, 1, 1, 1, 1, 1, 4, 0, 0, 0, 0, 0, 0, 0, 0, 0, 0, 0, 0, 0]",216,256,0.0,0.0,5004307127,5004426581,5005987239,5006021574,2304,15072,10912,711223,4,27961,30175,4,160,160,1
199,2,"[4, 4, 2304, 5, 5, 0, 0, 0, 0, 0, 0, 0, 0, 0, 0, 0, 0, 0, 0, 0, 0, 0, 0, 0, 0, 0, 0, 0, 0, 0]",900,128,0.0,0.0,5004534491,5004541799,5006032486,5006036998,0,8608,8608,711222,1,7308,4512,4,160,160,1
159,2,"[4, 4, 2304, 5, 5, 0, 0, 0, 0, 0, 0, 0, 0, 0, 0, 0, 0, 0, 0, 0, 0, 0, 0, 0, 0, 0, 0, 0, 0, 0]",450,128,0.0,0.0,5004590843,5004597128,5006045606,5006053894,0,735,735,711220,1,6285,8288,4,160,160,1
205,2,"[4, 4, 2304, 5, 5, 0, 0, 0, 0, 0, 0, 0, 0, 0, 0, 0, 0, 0, 0, 0, 0, 0, 0, 0, 0, 0, 0, 0, 0, 0]",2304,512,1843200.0,4608000.0,5004660739,5004668160,5006054629,5006137380,272,6528,6528,711219,1,7421,82751,4,160,160,1
203,2,"[4, 2304, 5, 5, 2304, 5, 5, 3, 3, 1, 1, 1, 1, 1, 1, 2304, 4, 0, 0, 0, 0, 0, 0, 0, 0, 0, 0, 0, 0, 0]",20736,1024,0.0,0.0,5004767123,5004786545,5006143908,5006276515,0,4480,3904,711218,2,12669,132031,4,160,160,1
159,2,"[4, 4, 2304, 5, 5, 0, 0, 0, 0, 0, 0, 0, 0, 0, 0, 0, 0, 0, 0, 0, 0, 0, 0, 0, 0, 0, 0, 0, 0, 0]",450,128,0.0,0.0,5004839313,5004845715,5006280419,5006288258,0,673,673,711216,1,6402,7839,4,160,160,1
205,2,"[4, 4, 2304, 5, 5, 0, 0, 0, 0, 0, 0, 0, 0, 0, 0, 0, 0, 0, 0, 0, 0, 0, 0, 0, 0, 0, 0, 0, 0, 0]",2304,512,1843200.0,4608000.0,5004902564,5004909333,5006288931,5006371553,272,6529,6529,711215,1,6769,82622,4,160,160,1
203,2,"[4, 384, 5, 5, 2304, 5, 5, 1, 1, 0, 0, 1, 1, 1, 1, 1, 4, 0, 0, 0, 0, 0, 0, 0, 0, 0, 0, 0, 0, 0]",1080,256,176947200.0,4614144.0,5005057426,5005184843,5006378082,5006798012,32768,68991,51968,711214,6,36658,402907,4,160,160,1
234,2,"[4, 4, 384, 5, 5, 0, 0, 0, 0, 0, 0, 0, 0, 0, 0, 4, 4, 1, 1, 1, 0, 0, 0, 0, 0, 0, 0, 0, 0, 0]",150,128,38400.0,460800.0,5005300347,5005307515,5006849980,5006854651,0,641,641,711212,1,7168,4671,4,160,160,1
205,2,"[4, 4, 384, 5, 5, 0, 0, 0, 0, 0, 0, 0, 0, 0, 0, 0, 0, 0, 0, 0, 0, 0, 0, 0, 0, 0, 0, 0, 0, 0]",384,512,307200.0,768000.0,5005370566,5005378120,5006855292,5006871611,272,6304,6304,711211,1,7554,16319,4,160,160,1
203,2,"[4, 2304, 5, 5, 384, 5, 5, 1, 1, 0, 0, 1, 1, 1, 1, 1, 4, 0, 0, 0, 0, 0, 0, 0, 0, 0, 0, 0, 0, 0]",864,256,176947200.0,4614144.0,5005525473,5005620283,5006877915,5007035193,32768,51551,46495,711210,4,25535,152222,4,160,160,1
23,2,"[4, 4, 2304, 1, 1, 0, 0, 0, 0, 0, 0, 0, 0, 0, 0, 4, 4, 2304, 5, 5, 0, 0, 0, 0, 0, 0, 0, 0, 0, 0]",900,128,230400.0,2764800.0,5005710866,5005732447,5007081688,5007100920,0,12095,11488,711209,2,11798,18625,4,160,160,1
156,2,"[4, 4, 2304, 1, 1, 0, 0, 0, 0, 0, 0, 0, 0, 0, 0, 0, 0, 0, 0, 0, 0, 0, 0, 0, 0, 0, 0, 0, 0, 0]",18,128,184320.0,73728.0,5005785391,5005792401,5007112408,5007115064,0,672,672,711208,1,7010,2656,4,160,160,1
203,2,"[4, 96, 1, 1, 2304, 1, 1, 1, 1, 0, 0, 1, 1, 1, 1, 1, 4, 0, 0, 0, 0, 0, 0, 0, 0, 0, 0, 0, 0, 0]",72,256,1769472.0,923136.0,5005865330,5006016353,5007115736,5007300150,9472,17664,12000,711207,6,38462,178750,4,160,160,1
159,2,"[4, 4, 96, 1, 1, 0, 0, 0, 0, 0, 0, 0, 0, 0, 0, 0, 0, 0, 0, 0, 0, 0, 0, 0, 0, 0, 0, 0, 0, 0]",1,128,0.0,0.0,5006112093,5006118651,5007312150,5007315670,0,639,639,711205,1,6558,3520,4,160,160,1
203,2,"[4, 2304, 1, 1, 96, 1, 1, 1, 1, 0, 0, 1, 1, 1, 1, 1, 4, 0, 0, 0, 0, 0, 0, 0, 0, 0, 0, 0, 0, 0]",216,256,0.0,0.0,5006193535,5006310353,5007316309,5007350645,2304,15936,11680,711204,4,27731,30080,4,160,160,1
199,2,"[4, 4, 2304, 5, 5, 0, 0, 0, 0, 0, 0, 0, 0, 0, 0, 0, 0, 0, 0, 0, 0, 0, 0, 0, 0, 0, 0, 0, 0, 0]",900,128,0.0,0.0,5006419776,5006427252,5007362325,5007366805,0,8704,8704,711203,1,7476,4480,4,160,160,1
159,2,"[4, 4, 2304, 5, 5, 0, 0, 0, 0, 0, 0, 0, 0, 0, 0, 0, 0, 0, 0, 0, 0, 0, 0, 0, 0, 0, 0, 0, 0, 0]",450,128,0.0,0.0,5006477817,5006484227,5007375509,5007384085,0,576,576,711201,1,6410,8576,4,160,160,1
205,2,"[4, 4, 2304, 5, 5, 0, 0, 0, 0, 0, 0, 0, 0, 0, 0, 0, 0, 0, 0, 0, 0, 0, 0, 0, 0, 0, 0, 0, 0, 0]",2304,512,1843200.0,4608000.0,5006544759,5006551839,5007384661,5007467059,272,6336,6336,711200,1,7080,82398,4,160,160,1
203,2,"[4, 2304, 5, 5, 2304, 5, 5, 3, 3, 1, 1, 1, 1, 1, 1, 2304, 4, 0, 0, 0, 0, 0, 0, 0, 0, 0, 0, 0, 0, 0]",20736,1024,0.0,0.0,5006652947,5006673265,5007473395,5007606066,0,4480,3808,711199,2,12986,131999,4,160,160,1
159,2,"[4, 4, 2304, 5, 5, 0, 0, 0, 0, 0, 0, 0, 0, 0, 0, 0, 0, 0, 0, 0, 0, 0, 0, 0, 0, 0, 0, 0, 0, 0]",450,128,0.0,0.0,5006724340,5006730666,5007609874,5007617778,0,544,544,711197,1,6326,7904,4,160,160,1
205,2,"[4, 4, 2304, 5, 5, 0, 0, 0, 0, 0, 0, 0, 0, 0, 0, 0, 0, 0, 0, 0, 0, 0, 0, 0, 0, 0, 0, 0, 0, 0]",2304,512,1843200.0,4608000.0,5006788463,5006795138,5007618322,5007700689,272,6656,6656,711196,1,6675,82367,4,160,160,1
203,2,"[4, 384, 5, 5, 2304, 5, 5, 1, 1, 0, 0, 1, 1, 1, 1, 1, 4, 0, 0, 0, 0, 0, 0, 0, 0, 0, 0, 0, 0, 0]",1080,256,176947200.0,4614144.0,5006943173,5007068617,5007707345,5008122251,32768,68128,51904,711195,6,36895,398682,4,160,160,1
234,2,"[4, 4, 384, 5, 5, 0, 0, 0, 0, 0, 0, 0, 0, 0, 0, 4, 4, 1, 1, 1, 0, 0, 0, 0, 0, 0, 0, 0, 0, 0]",150,128,38400.0,460800.0,5007187674,5007194581,5008174155,5008178827,0,576,576,711193,1,6907,4672,4,160,160,1
205,2,"[4, 4, 384, 5, 5, 0, 0, 0, 0, 0, 0, 0, 0, 0, 0, 0, 0, 0, 0, 0, 0, 0, 0, 0, 0, 0, 0, 0, 0, 0]",384,512,307200.0,768000.0,5007256713,5007263933,5008179403,5008195978,272,6784,6784,711192,1,7220,16575,4,160,160,1
203,2,"[4, 2304, 5, 5, 384, 5, 5, 1, 1, 0, 0, 1, 1, 1, 1, 1, 4, 0, 0, 0, 0, 0, 0, 0, 0, 0, 0, 0, 0, 0]",864,256,176947200.0,4614144.0,5007412243,5007507904,5008202762,5008361896,32768,52256,47008,711191,4,26995,153886,4,160,160,1
23,2,"[4, 4, 2304, 1, 1, 0, 0, 0, 0, 0, 0, 0, 0, 0, 0, 4, 4, 2304, 5, 5, 0, 0, 0, 0, 0, 0, 0, 0, 0, 0]",900,128,230400.0,2764800.0,5007588085,5007609961,5008408904,5008427943,0,12193,11616,711190,2,11975,18462,4,160,160,1
156,2,"[4, 4, 2304, 1, 1, 0, 0, 0, 0, 0, 0, 0, 0, 0, 0, 0, 0, 0, 0, 0, 0, 0, 0, 0, 0, 0, 0, 0, 0, 0]",18,128,184320.0,73728.0,5007665938,5007672697,5008439559,5008442087,0,672,672,711189,1,6759,2528,4,160,160,1
203,2,"[4, 96, 1, 1, 2304, 1, 1, 1, 1, 0, 0, 1, 1, 1, 1, 1, 4, 0, 0, 0, 0, 0, 0, 0, 0, 0, 0, 0, 0, 0]",72,256,1769472.0,923136.0,5007746317,5007894711,5008442759,5008625253,9472,17920,11840,711188,6,38662,176414,4,160,160,1
159,2,"[4, 4, 96, 1, 1, 0, 0, 0, 0, 0, 0, 0, 0, 0, 0, 0, 0, 0, 0, 0, 0, 0, 0, 0, 0, 0, 0, 0, 0, 0]",1,128,0.0,0.0,5007992351,5007998979,5008637093,5008640261,0,576,576,711186,1,6628,3168,4,160,160,1
203,2,"[4, 2304, 1, 1, 96, 1, 1, 1, 1, 0, 0, 1, 1, 1, 1, 1, 4, 0, 0, 0, 0, 0, 0, 0, 0, 0, 0, 0, 0, 0]",216,256,0.0,0.0,5008073045,5008189169,5008640837,5008675300,2304,15327,11008,711185,4,27455,30144,4,160,160,1
199,2,"[4, 4, 2304, 5, 5, 0, 0, 0, 0, 0, 0, 0, 0, 0, 0, 0, 0, 0, 0, 0, 0, 0, 0, 0, 0, 0, 0, 0, 0, 0]",900,128,0.0,0.0,5008298732,5008306057,5008686308,5008690916,0,8640,8640,711184,1,7325,4608,4,160,160,1
159,2,"[4, 4, 2304, 5, 5, 0, 0, 0, 0, 0, 0, 0, 0, 0, 0, 0, 0, 0, 0, 0, 0, 0, 0, 0, 0, 0, 0, 0, 0, 0]",450,128,0.0,0.0,5008353826,5008360162,5008699556,5008708100,0,640,640,711182,1,6336,8544,4,160,160,1
205,2,"[4, 4, 2304, 5, 5, 0, 0, 0, 0, 0, 0, 0, 0, 0, 0, 0, 0, 0, 0, 0, 0, 0, 0, 0, 0, 0, 0, 0, 0, 0]",2304,512,1843200.0,4608000.0,5008421929,5008430953,5008708740,5008791459,272,6400,6400,711181,1,9024,82719,4,160,160,1
203,2,"[4, 2304, 5, 5, 2304, 5, 5, 3, 3, 1, 1, 1, 1, 1, 1, 2304, 4, 0, 0, 0, 0, 0, 0, 0, 0, 0, 0, 0, 0, 0]",20736,1024,0.0,0.0,5008529588,5008548779,5008797859,5008930625,0,4448,3776,711180,2,12369,132094,4,160,160,1
159,2,"[4, 4, 2304, 5, 5, 0, 0, 0, 0, 0, 0, 0, 0, 0, 0, 0, 0, 0, 0, 0, 0, 0, 0, 0, 0, 0, 0, 0, 0, 0]",450,128,0.0,0.0,5008600171,5008606498,5008934401,5008942049,0,608,608,711178,1,6327,7648,4,160,160,1
205,2,"[4, 4, 2304, 5, 5, 0, 0, 0, 0, 0, 0, 0, 0, 0, 0, 0, 0, 0, 0, 0, 0, 0, 0, 0, 0, 0, 0, 0, 0, 0]",2304,512,1843200.0,4608000.0,5008664036,5008670922,5008942657,5009025120,272,6432,6432,711177,1,6886,82463,4,160,160,1
203,2,"[4, 384, 5, 5, 2304, 5, 5, 1, 1, 0, 0, 1, 1, 1, 1, 1, 4, 0, 0, 0, 0, 0, 0, 0, 0, 0, 0, 0, 0, 0]",1080,256,176947200.0,4614144.0,5008818740,5008946165,5009031552,5009450938,32768,67265,51776,711176,6,36370,403897,4,160,160,1
234,2,"[4, 4, 384, 5, 5, 0, 0, 0, 0, 0, 0, 0, 0, 0, 0, 4, 4, 1, 1, 1, 0, 0, 0, 0, 0, 0, 0, 0, 0, 0]",150,128,38400.0,460800.0,5009062356,5009069340,5009502714,5009507418,0,704,704,711174,1,6984,4704,4,160,160,1
205,2,"[4, 4, 384, 5, 5, 0, 0, 0, 0, 0, 0, 0, 0, 0, 0, 0, 0, 0, 0, 0, 0, 0, 0, 0, 0, 0, 0, 0, 0, 0]",384,512,307200.0,768000.0,5009131364,5009138419,5009508122,5009524410,272,6463,6463,711173,1,7055,16288,4,160,160,1
203,2,"[4, 2304, 5, 5, 384, 5, 5, 1, 1, 0, 0, 1, 1, 1, 1, 1, 4, 0, 0, 0, 0, 0, 0, 0, 0, 0, 0, 0, 0, 0]",864,256,176947200.0,4614144.0,5009286915,5009381305,5009530873,5009688663,32768,51649,46560,711172,4,25445,152701,4,160,160,1
23,2,"[4, 4, 2304, 1, 1, 0, 0, 0, 0, 0, 0, 0, 0, 0, 0, 4, 4, 2304, 5, 5, 0, 0, 0, 0, 0, 0, 0, 0, 0, 0]",900,128,230400.0,2764800.0,5009462573,5009485065,5009735223,5009755351,0,12192,11616,711171,2,11830,19552,4,160,160,1
156,2,"[4, 4, 2304, 1, 1, 0, 0, 0, 0, 0, 0, 0, 0, 0, 0, 0, 0, 0, 0, 0, 0, 0, 0, 0, 0, 0, 0, 0, 0, 0]",18,128,184320.0,73728.0,5009537942,5009544844,5009766967,5009769750,0,609,609,711170,1,6902,2783,4,160,160,1
203,2,"[4, 96, 1, 1, 2304, 1, 1, 1, 1, 0, 0, 1, 1, 1, 1, 1, 4, 0, 0, 0, 0, 0, 0, 0, 0, 0, 0, 0, 0, 0]",72,256,1769472.0,923136.0,5009616926,5009776846,5009770359,5009945876,9472,17727,11776,711169,6,39149,169566,4,160,160,1
159,2,"[4, 4, 96, 1, 1, 0, 0, 0, 0, 0, 0, 0, 0, 0, 0, 0, 0, 0, 0, 0, 0, 0, 0, 0, 0, 0, 0, 0, 0, 0]",1,128,0.0,0.0,5009874045,5009880686,5009957652,5009960660,0,2080,2080,711167,1,6641,3008,4,160,160,1
203,2,"[4, 2304, 1, 1, 96, 1, 1, 1, 1, 0, 0, 1, 1, 1, 1, 1, 4, 0, 0, 0, 0, 0, 0, 0, 0, 0, 0, 0, 0, 0]",216,256,0.0,0.0,5009953683,5010073339,5009962740,5010077938,2304,195486,110207,711166,4,31011,29919,4,160,160,1
199,2,"[4, 4, 2304, 5, 5, 0, 0, 0, 0, 0, 0, 0, 0, 0, 0, 0, 0, 0, 0, 0, 0, 0, 0, 0, 0, 0, 0, 0, 0, 0]",900,128,0.0,0.0,5010180784,5010188030,5010188145,5010192657,0,52639,52639,711165,1,7246,4512,4,160,160,1
159,2,"[4, 4, 2304, 5, 5, 0, 0, 0, 0, 0, 0, 0, 0, 0, 0, 0, 0, 0, 0, 0, 0, 0, 0, 0, 0, 0, 0, 0, 0, 0]",450,128,0.0,0.0,5010238252,5010245169,5010245296,5010254160,0,60448,60448,711163,1,6917,8864,4,160,160,1
205,2,"[4, 4, 2304, 5, 5, 0, 0, 0, 0, 0, 0, 0, 0, 0, 0, 0, 0, 0, 0, 0, 0, 0, 0, 0, 0, 0, 0, 0, 0, 0]",2304,512,1843200.0,4608000.0,5010306893,5010314160,5010314608,5010397327,272,23071,23071,711162,1,7267,82719,4,160,160,1
203,2,"[4, 2304, 5, 5, 2304, 5, 5, 3, 3, 1, 1, 1, 1, 1, 1, 2304, 4, 0, 0, 0, 0, 0, 0, 0, 0, 0, 0, 0, 0, 0]",20736,1024,0.0,0.0,5010413066,5010434476,5010420398,5010553421,0,4383,3808,711161,2,12815,132448,4,160,160,1
159,2,"[4, 4, 2304, 5, 5, 0, 0, 0, 0, 0, 0, 0, 0, 0, 0, 0, 0, 0, 0, 0, 0, 0, 0, 0, 0, 0, 0, 0, 0, 0]",450,128,0.0,0.0,5010486356,5010493043,5010557229,5010564812,0,544,544,711159,1,6687,7583,4,160,160,1
205,2,"[4, 4, 2304, 5, 5, 0, 0, 0, 0, 0, 0, 0, 0, 0, 0, 0, 0, 0, 0, 0, 0, 0, 0, 0, 0, 0, 0, 0, 0, 0]",2304,512,1843200.0,4608000.0,5010549403,5010556306,5010565356,5010648011,272,64223,64223,711158,1,6903,82655,4,160,160,1
203,2,"[4, 384, 5, 5, 2304, 5, 5, 1, 1, 0, 0, 1, 1, 1, 1, 1, 4, 0, 0, 0, 0, 0, 0, 0, 0, 0, 0, 0, 0, 0]",1080,256,176947200.0,4614144.0,5010702853,5010831001,5010712234,5011135685,32768,76383,51679,711157,6,39217,398747,4,160,160,1
234,2,"[4, 4, 384, 5, 5, 0, 0, 0, 0, 0, 0, 0, 0, 0, 0, 4, 4, 1, 1, 1, 0, 0, 0, 0, 0, 0, 0, 0, 0, 0]",150,128,38400.0,460800.0,5010946725,5010953545,5011187364,5011192132,0,672,672,711155,1,6820,4768,4,160,160,1
205,2,"[4, 4, 384, 5, 5, 0, 0, 0, 0, 0, 0, 0, 0, 0, 0, 0, 0, 0, 0, 0, 0, 0, 0, 0, 0, 0, 0, 0, 0, 0]",384,512,307200.0,768000.0,5011015111,5011022340,5011192804,5011209124,272,6464,6464,711154,1,7229,16320,4,160,160,1
203,2,"[4, 2304, 5, 5, 384, 5, 5, 1, 1, 0, 0, 1, 1, 1, 1, 1, 4, 0, 0, 0, 0, 0, 0, 0, 0, 0, 0, 0, 0, 0]",864,256,176947200.0,4614144.0,5011169422,5011265103,5011215588,5011374018,32768,51008,46176,711153,4,26597,153598,4,160,160,1
23,2,"[4, 4, 2304, 1, 1, 0, 0, 0, 0, 0, 0, 0, 0, 0, 0, 4, 4, 2304, 5, 5, 0, 0, 0, 0, 0, 0, 0, 0, 0, 0]",900,128,230400.0,2764800.0,5011343245,5011364971,5011420194,5011439841,0,12128,11520,711152,2,12034,19039,4,160,160,1
156,2,"[4, 4, 2304, 1, 1, 0, 0, 0, 0, 0, 0, 0, 0, 0, 0, 0, 0, 0, 0, 0, 0, 0, 0, 0, 0, 0, 0, 0, 0, 0]",18,128,184320.0,73728.0,5011418403,5011424959,5011451361,5011453761,0,54111,54111,711151,1,6556,2400,4,160,160,1
203,2,"[4, 96, 1, 1, 2304, 1, 1, 1, 1, 0, 0, 1, 1, 1, 1, 1, 4, 0, 0, 0, 0, 0, 0, 0, 0, 0, 0, 0, 0, 0]",72,256,1769472.0,923136.0,5011499556,5011648351,5011507872,5011687742,9472,77086,65823,711150,6,40061,168607,4,160,160,1
159,2,"[4, 4, 96, 1, 1, 0, 0, 0, 0, 0, 0, 0, 0, 0, 0, 0, 0, 0, 0, 0, 0, 0, 0, 0, 0, 0, 0, 0, 0, 0]",1,128,0.0,0.0,5011746544,5011753673,5011753565,5011756893,0,78911,78911,711148,1,7129,3328,4,160,160,1
203,2,"[4, 2304, 1, 1, 96, 1, 1, 1, 1, 0, 0, 1, 1, 1, 1, 1, 4, 0, 0, 0, 0, 0, 0, 0, 0, 0, 0, 0, 0, 0]",216,256,0.0,0.0,5011827821,5011943067,5011835804,5011948347,2304,194909,112702,711147,4,27360,30336,4,160,160,1
199,2,"[4, 4, 2304, 5, 5, 0, 0, 0, 0, 0, 0, 0, 0, 0, 0, 0, 0, 0, 0, 0, 0, 0, 0, 0, 0, 0, 0, 0, 0, 0]",900,128,0.0,0.0,5012053653,5012060897,5012061049,5012065562,0,50047,50047,711146,1,7244,4513,4,160,160,1
159,2,"[4, 4, 2304, 5, 5, 0, 0, 0, 0, 0, 0, 0, 0, 0, 0, 0, 0, 0, 0, 0, 0, 0, 0, 0, 0, 0, 0, 0, 0, 0]",450,128,0.0,0.0,5012108412,5012115139,5012115609,5012124376,0,60480,60480,711144,1,6727,8767,4,160,160,1
205,2,"[4, 4, 2304, 5, 5, 0, 0, 0, 0, 0, 0, 0, 0, 0, 0, 0, 0, 0, 0, 0, 0, 0, 0, 0, 0, 0, 0, 0, 0, 0]",2304,512,1843200.0,4608000.0,5012176974,5012184116,5012184856,5012267607,272,25856,25856,711143,1,7142,82751,4,160,160,1
203,2,"[4, 2304, 5, 5, 2304, 5, 5, 3, 3, 1, 1, 1, 1, 1, 1, 2304, 4, 0, 0, 0, 0, 0, 0, 0, 0, 0, 0, 0, 0, 0]",20736,1024,0.0,0.0,5012286001,5012305432,5012293463,5012426165,0,4832,4160,711142,2,12711,132030,4,160,160,1
159,2,"[4, 4, 2304, 5, 5, 0, 0, 0, 0, 0, 0, 0, 0, 0, 0, 0, 0, 0, 0, 0, 0, 0, 0, 0, 0, 0, 0, 0, 0, 0]",450,128,0.0,0.0,5012356781,5012363066,5012430325,5012437909,0,607,607,711140,1,6285,7584,4,160,160,1
205,2,"[4, 4, 2304, 5, 5, 0, 0, 0, 0, 0, 0, 0, 0, 0, 0, 0, 0, 0, 0, 0, 0, 0, 0, 0, 0, 0, 0, 0, 0, 0]",2304,512,1843200.0,4608000.0,5012419850,5012427056,5012438516,5012520563,272,62240,62240,711139,1,7206,82047,4,160,160,1
203,2,"[4, 384, 5, 5, 2304, 5, 5, 1, 1, 0, 0, 1, 1, 1, 1, 1, 4, 0, 0, 0, 0, 0, 0, 0, 0, 0, 0, 0, 0, 0]",1080,256,176947200.0,4614144.0,5012573430,5012701559,5012582803,5013009902,32768,76704,52831,711138,6,40345,403226,4,160,160,1
234,2,"[4, 4, 384, 5, 5, 0, 0, 0, 0, 0, 0, 0, 0, 0, 0, 4, 4, 1, 1, 1, 0, 0, 0, 0, 0, 0, 0, 0, 0, 0]",150,128,38400.0,460800.0,5012816584,5012823612,5013062733,5013067405,0,672,672,711136,1,7028,4672,4,160,160,1
205,2,"[4, 4, 384, 5, 5, 0, 0, 0, 0, 0, 0, 0, 0, 0, 0, 0, 0, 0, 0, 0, 0, 0, 0, 0, 0, 0, 0, 0, 0, 0]",384,512,307200.0,768000.0,5012886257,5012893683,5013068077,5013084588,272,6432,6432,711135,1,7426,16511,4,160,160,1
203,2,"[4, 2304, 5, 5, 384, 5, 5, 1, 1, 0, 0, 1, 1, 1, 1, 1, 4, 0, 0, 0, 0, 0, 0, 0, 0, 0, 0, 0, 0, 0]",864,256,176947200.0,4614144.0,5013042520,5013135813,5013091020,5013249578,32768,51328,46560,711134,4,24775,153790,4,160,160,1
23,2,"[4, 4, 2304, 1, 1, 0, 0, 0, 0, 0, 0, 0, 0, 0, 0, 4, 4, 2304, 5, 5, 0, 0, 0, 0, 0, 0, 0, 0, 0, 0]",900,128,230400.0,2764800.0,5013215921,5013240706,5013296138,5013315689,0,12192,11520,711133,2,14299,18879,4,160,160,1
156,2,"[4, 4, 2304, 1, 1, 0, 0, 0, 0, 0, 0, 0, 0, 0, 0, 0, 0, 0, 0, 0, 0, 0, 0, 0, 0, 0, 0, 0, 0, 0]",18,128,184320.0,73728.0,5013293339,5013300024,5013327209,5013329673,0,50752,50752,711132,1,6685,2464,4,160,160,1
203,2,"[4, 96, 1, 1, 2304, 1, 1, 1, 1, 0, 0, 1, 1, 1, 1, 1, 4, 0, 0, 0, 0, 0, 0, 0, 0, 0, 0, 0, 0, 0]",72,256,1769472.0,923136.0,5013372244,5013524724,5013380425,5013569958,9472,68607,56960,711131,6,41787,177886,4,160,160,1
159,2,"[4, 4, 96, 1, 1, 0, 0, 0, 0, 0, 0, 0, 0, 0, 0, 0, 0, 0, 0, 0, 0, 0, 0, 0, 0, 0, 0, 0, 0, 0]",1,128,0.0,0.0,5013619924,5013626657,5013626918,5013630150,0,86782,86782,711129,1,6733,3232,4,160,160,1
203,2,"[4, 2304, 1, 1, 96, 1, 1, 1, 1, 0, 0, 1, 1, 1, 1, 1, 4, 0, 0, 0, 0, 0, 0, 0, 0, 0, 0, 0, 0, 0]",216,256,0.0,0.0,5013708576,5013827570,5013716932,5013832163,2304,195070,112575,711128,4,28430,32736,4,160,160,1
199,2,"[4, 4, 2304, 5, 5, 0, 0, 0, 0, 0, 0, 0, 0, 0, 0, 0, 0, 0, 0, 0, 0, 0, 0, 0, 0, 0, 0, 0, 0, 0]",900,128,0.0,0.0,5013936692,5013944417,5013944738,5013949569,0,51328,51328,711127,1,7725,4831,4,160,160,1
159,2,"[4, 4, 2304, 5, 5, 0, 0, 0, 0, 0, 0, 0, 0, 0, 0, 0, 0, 0, 0, 0, 0, 0, 0, 0, 0, 0, 0, 0, 0, 0]",450,128,0.0,0.0,5013993981,5014002072,5014000897,5014009537,0,61279,61279,711125,1,8091,8640,4,160,160,1
205,2,"[4, 4, 2304, 5, 5, 0, 0, 0, 0, 0, 0, 0, 0, 0, 0, 0, 0, 0, 0, 0, 0, 0, 0, 0, 0, 0, 0, 0, 0, 0]",2304,512,1843200.0,4608000.0,5014062781,5014070380,5014070816,5014159295,272,18111,18111,711124,1,7599,88479,4,160,160,1
203,2,"[4, 2304, 5, 5, 2304, 5, 5, 3, 3, 1, 1, 1, 1, 1, 1, 2304, 4, 0, 0, 0, 0, 0, 0, 0, 0, 0, 0, 0, 0, 0]",20736,1024,0.0,0.0,5014170019,5014189850,5014177406,5014319901,0,4672,4000,711123,2,13061,141823,4,160,160,1
159,2,"[4, 4, 2304, 5, 5, 0, 0, 0, 0, 0, 0, 0, 0, 0, 0, 0, 0, 0, 0, 0, 0, 0, 0, 0, 0, 0, 0, 0, 0, 0]",450,128,0.0,0.0,5014242334,5014248732,5014323901,5014331901,0,639,639,711121,1,6398,8000,4,160,160,1
205,2,"[4, 4, 2304, 5, 5, 0, 0, 0, 0, 0, 0, 0, 0, 0, 0, 0, 0, 0, 0, 0, 0, 0, 0, 0, 0, 0, 0, 0, 0, 0]",2304,512,1843200.0,4608000.0,5014304397,5014311601,5014332540,5014420155,272,50240,50240,711120,1,7204,87615,4,160,160,1
203,2,"[4, 384, 5, 5, 2304, 5, 5, 1, 1, 0, 0, 1, 1, 1, 1, 1, 4, 0, 0, 0, 0, 0, 0, 0, 0, 0, 0, 0, 0, 0]",1080,256,176947200.0,4614144.0,5014460956,5014585868,5014470395,5014919349,32768,76639,53247,711119,6,37490,425562,4,160,160,1
234,2,"[4, 4, 384, 5, 5, 0, 0, 0, 0, 0, 0, 0, 0, 0, 0, 4, 4, 1, 1, 1, 0, 0, 0, 0, 0, 0, 0, 0, 0, 0]",150,128,38400.0,460800.0,5014701291,5014708240,5014972596,5014977492,0,609,609,711117,1,6949,4896,4,160,160,1
205,2,"[4, 4, 384, 5, 5, 0, 0, 0, 0, 0, 0, 0, 0, 0, 0, 0, 0, 0, 0, 0, 0, 0, 0, 0, 0, 0, 0, 0, 0, 0]",384,512,307200.0,768000.0,5014772021,5014779670,5014978101,5014995540,272,6912,6912,711116,1,7649,17439,4,160,160,1
203,2,"[4, 2304, 5, 5, 384, 5, 5, 1, 1, 0, 0, 1, 1, 1, 1, 1, 4, 0, 0, 0, 0, 0, 0, 0, 0, 0, 0, 0, 0, 0]",864,256,176947200.0,4614144.0,5014928417,5015023908,5015002452,5015169618,32768,51967,46655,711115,4,24688,161854,4,160,160,1
23,2,"[4, 4, 2304, 1, 1, 0, 0, 0, 0, 0, 0, 0, 0, 0, 0, 4, 4, 2304, 5, 5, 0, 0, 0, 0, 0, 0, 0, 0, 0, 0]",900,128,230400.0,2764800.0,5015103461,5015125419,5015216273,5015236881,0,12960,12320,711114,2,11703,19968,4,160,160,1
156,2,"[4, 4, 2304, 1, 1, 0, 0, 0, 0, 0, 0, 0, 0, 0, 0, 0, 0, 0, 0, 0, 0, 0, 0, 0, 0, 0, 0, 0, 0, 0]",18,128,184320.0,73728.0,5015178602,5015185181,5015249201,5015252017,0,15936,15936,711113,1,6579,2816,4,160,160,1
203,2,"[4, 96, 1, 1, 2304, 1, 1, 1, 1, 0, 0, 1, 1, 1, 1, 1, 4, 0, 0, 0, 0, 0, 0, 0, 0, 0, 0, 0, 0, 0]",72,256,1769472.0,923136.0,5015259266,5015409045,5015267953,5015464494,9472,61374,50239,711112,6,39992,185406,4,160,160,1
159,2,"[4, 4, 96, 1, 1, 0, 0, 0, 0, 0, 0, 0, 0, 0, 0, 0, 0, 0, 0, 0, 0, 0, 0, 0, 0, 0, 0, 0, 0, 0]",1,128,0.0,0.0,5015507277,5015514389,5015514733,5015517965,0,78304,78304,711110,1,7112,3232,4,160,160,1
203,2,"[4, 2304, 1, 1, 96, 1, 1, 1, 1, 0, 0, 1, 1, 1, 1, 1, 4, 0, 0, 0, 0, 0, 0, 0, 0, 0, 0, 0, 0, 0]",216,256,0.0,0.0,5015587962,5015704884,5015596269,5015709867,2304,194557,113214,711109,4,28237,32255,4,160,160,1
199,2,"[4, 4, 2304, 5, 5, 0, 0, 0, 0, 0, 0, 0, 0, 0, 0, 0, 0, 0, 0, 0, 0, 0, 0, 0, 0, 0, 0, 0, 0, 0]",900,128,0.0,0.0,5015815529,5015822835,5015823081,5015827849,0,49408,49408,711108,1,7306,4768,4,160,160,1
159,2,"[4, 4, 2304, 5, 5, 0, 0, 0, 0, 0, 0, 0, 0, 0, 0, 0, 0, 0, 0, 0, 0, 0, 0, 0, 0, 0, 0, 0, 0, 0]",450,128,0.0,0.0,5015870378,5015876901,5015877257,5015885865,0,59743,59743,711106,1,6523,8608,4,160,160,1
205,2,"[4, 4, 2304, 5, 5, 0, 0, 0, 0, 0, 0, 0, 0, 0, 0, 0, 0, 0, 0, 0, 0, 0, 0, 0, 0, 0, 0, 0, 0, 0]",2304,512,1843200.0,4608000.0,5015938038,5015945302,5015945608,5016034055,272,21088,21088,711105,1,7264,88447,4,160,160,1
203,2,"[4, 2304, 5, 5, 2304, 5, 5, 3, 3, 1, 1, 1, 1, 1, 1, 2304, 4, 0, 0, 0, 0, 0, 0, 0, 0, 0, 0, 0, 0, 0]",20736,1024,0.0,0.0,5016047496,5016067314,5016055143,5016198117,0,4640,3904,711104,2,12921,142238,4,160,160,1
159,2,"[4, 4, 2304, 5, 5, 0, 0, 0, 0, 0, 0, 0, 0, 0, 0, 0, 0, 0, 0, 0, 0, 0, 0, 0, 0, 0, 0, 0, 0, 0]",450,128,0.0,0.0,5016118128,5016124572,5016202021,5016209893,0,768,768,711102,1,6444,7872,4,160,160,1
205,2,"[4, 4, 2304, 5, 5, 0, 0, 0, 0, 0, 0, 0, 0, 0, 0, 0, 0, 0, 0, 0, 0, 0, 0, 0, 0, 0, 0, 0, 0, 0]",2304,512,1843200.0,4608000.0,5016179940,5016188875,5016210661,5016298564,272,47839,47839,711101,1,8935,87903,4,160,160,1
203,2,"[4, 384, 5, 5, 2304, 5, 5, 1, 1, 0, 0, 1, 1, 1, 1, 1, 4, 0, 0, 0, 0, 0, 0, 0, 0, 0, 0, 0, 0, 0]",1080,256,176947200.0,4614144.0,5016336964,5016464219,5016346403,5016792349,32768,76321,51904,711100,6,39157,421529,4,160,160,1
234,2,"[4, 4, 384, 5, 5, 0, 0, 0, 0, 0, 0, 0, 0, 0, 0, 4, 4, 1, 1, 1, 0, 0, 0, 0, 0, 0, 0, 0, 0, 0]",150,128,38400.0,460800.0,5016580275,5016587286,5016844253,5016849117,0,608,608,711098,1,7011,4864,4,160,160,1
205,2,"[4, 4, 384, 5, 5, 0, 0, 0, 0, 0, 0, 0, 0, 0, 0, 0, 0, 0, 0, 0, 0, 0, 0, 0, 0, 0, 0, 0, 0, 0]",384,512,307200.0,768000.0,5016649629,5016656905,5016849725,5016867388,272,6689,6689,711097,1,7276,17663,4,160,160,1
203,2,"[4, 2304, 5, 5, 384, 5, 5, 1, 1, 0, 0, 1, 1, 1, 1, 1, 4, 0, 0, 0, 0, 0, 0, 0, 0, 0, 0, 0, 0, 0]",864,256,176947200.0,4614144.0,5016809074,5016903270,5016874077,5017043034,32768,52031,46655,711096,4,24570,163581,4,160,160,1
23,2,"[4, 4, 2304, 1, 1, 0, 0, 0, 0, 0, 0, 0, 0, 0, 0, 4, 4, 2304, 5, 5, 0, 0, 0, 0, 0, 0, 0, 0, 0, 0]",900,128,230400.0,2764800.0,5016985129,5017009420,5017089689,5017109209,0,12767,12160,711095,2,14245,18913,4,160,160,1
156,2,"[4, 4, 2304, 1, 1, 0, 0, 0, 0, 0, 0, 0, 0, 0, 0, 0, 0, 0, 0, 0, 0, 0, 0, 0, 0, 0, 0, 0, 0, 0]",18,128,184320.0,73728.0,5017063413,5017070015,5017121369,5017123993,0,27008,27008,711094,1,6602,2624,4,160,160,1
203,2,"[4, 96, 1, 1, 2304, 1, 1, 1, 1, 0, 0, 1, 1, 1, 1, 1, 4, 0, 0, 0, 0, 0, 0, 0, 0, 0, 0, 0, 0, 0]",72,256,1769472.0,923136.0,5017142779,5017296824,5017151001,5017351670,9472,62624,50400,711093,6,42507,188445,4,160,160,1
159,2,"[4, 4, 96, 1, 1, 0, 0, 0, 0, 0, 0, 0, 0, 0, 0, 0, 0, 0, 0, 0, 0, 0, 0, 0, 0, 0, 0, 0, 0, 0]",1,128,0.0,0.0,5017395089,5017401726,5017402070,5017405526,0,78463,78463,711091,1,6637,3456,4,160,160,1
203,2,"[4, 2304, 1, 1, 96, 1, 1, 1, 1, 0, 0, 1, 1, 1, 1, 1, 4, 0, 0, 0, 0, 0, 0, 0, 0, 0, 0, 0, 0, 0]",216,256,0.0,0.0,5017475589,5017595036,5017483989,5017600147,2304,206013,121726,711090,4,28082,31871,4,160,160,1
199,2,"[4, 4, 2304, 5, 5, 0, 0, 0, 0, 0, 0, 0, 0, 0, 0, 0, 0, 0, 0, 0, 0, 0, 0, 0, 0, 0, 0, 0, 0, 0]",900,128,0.0,0.0,5017714110,5017721595,5017721873,5017726706,0,51999,51999,711089,1,7485,4833,4,160,160,1
159,2,"[4, 4, 2304, 5, 5, 0, 0, 0, 0, 0, 0, 0, 0, 0, 0, 0, 0, 0, 0, 0, 0, 0, 0, 0, 0, 0, 0, 0, 0, 0]",450,128,0.0,0.0,5017771634,5017778366,5017778705,5017787537,0,66399,66399,711087,1,6732,8832,4,160,160,1
205,2,"[4, 4, 2304, 5, 5, 0, 0, 0, 0, 0, 0, 0, 0, 0, 0, 0, 0, 0, 0, 0, 0, 0, 0, 0, 0, 0, 0, 0, 0, 0]",2304,512,1843200.0,4608000.0,5017846010,5017853516,5017853936,5017942831,272,24575,24575,711086,1,7506,88895,4,160,160,1
203,2,"[4, 2304, 5, 5, 2304, 5, 5, 3, 3, 1, 1, 1, 1, 1, 1, 2304, 4, 0, 0, 0, 0, 0, 0, 0, 0, 0, 0, 0, 0, 0]",20736,1024,0.0,0.0,5017959680,5017980270,5017967406,5018110381,0,4800,4032,711085,2,13282,142207,4,160,160,1
159,2,"[4, 4, 2304, 5, 5, 0, 0, 0, 0, 0, 0, 0, 0, 0, 0, 0, 0, 0, 0, 0, 0, 0, 0, 0, 0, 0, 0, 0, 0, 0]",450,128,0.0,0.0,5018037587,5018044272,5018114413,5018122412,0,609,609,711083,1,6685,7999,4,160,160,1
205,2,"[4, 4, 2304, 5, 5, 0, 0, 0, 0, 0, 0, 0, 0, 0, 0, 0, 0, 0, 0, 0, 0, 0, 0, 0, 0, 0, 0, 0, 0, 0]",2304,512,1843200.0,4608000.0,5018105095,5018112161,5018123021,5018211371,272,63904,63904,711082,1,7066,88350,4,160,160,1
203,2,"[4, 384, 5, 5, 2304, 5, 5, 1, 1, 0, 0, 1, 1, 1, 1, 1, 4, 0, 0, 0, 0, 0, 0, 0, 0, 0, 0, 0, 0, 0]",1080,256,176947200.0,4614144.0,5018265639,5018396303,5018275275,5018725221,32768,77566,52063,711081,6,40436,424443,4,160,160,1
234,2,"[4, 4, 384, 5, 5, 0, 0, 0, 0, 0, 0, 0, 0, 0, 0, 4, 4, 1, 1, 1, 0, 0, 0, 0, 0, 0, 0, 0, 0, 0]",150,128,38400.0,460800.0,5018517353,5018524375,5018777284,5018782148,0,672,672,711079,1,7022,4864,4,160,160,1
205,2,"[4, 4, 384, 5, 5, 0, 0, 0, 0, 0, 0, 0, 0, 0, 0, 0, 0, 0, 0, 0, 0, 0, 0, 0, 0, 0, 0, 0, 0, 0]",384,512,307200.0,768000.0,5018594458,5018601849,5018782820,5018800292,272,6752,6752,711078,1,7391,17472,4,160,160,1
203,2,"[4, 2304, 5, 5, 384, 5, 5, 1, 1, 0, 0, 1, 1, 1, 1, 1, 4, 0, 0, 0, 0, 0, 0, 0, 0, 0, 0, 0, 0, 0]",864,256,176947200.0,4614144.0,5018755002,5018852663,5018807044,5018975074,32768,51837,46623,711077,4,24580,162816,4,160,160,1
23,2,"[4, 4, 2304, 1, 1, 0, 0, 0, 0, 0, 0, 0, 0, 0, 0, 4, 4, 2304, 5, 5, 0, 0, 0, 0, 0, 0, 0, 0, 0, 0]",900,128,230400.0,2764800.0,5018936816,5018958666,5019021697,5019041441,0,12800,12128,711076,2,11939,19072,4,160,160,1
156,2,"[4, 4, 2304, 1, 1, 0, 0, 0, 0, 0, 0, 0, 0, 0, 0, 0, 0, 0, 0, 0, 0, 0, 0, 0, 0, 0, 0, 0, 0, 0]",18,128,184320.0,73728.0,5019014566,5019021400,5019053569,5019056225,0,48223,48223,711075,1,6834,2656,4,160,160,1
203,2,"[4, 96, 1, 1, 2304, 1, 1, 1, 1, 0, 0, 1, 1, 1, 1, 1, 4, 0, 0, 0, 0, 0, 0, 0, 0, 0, 0, 0, 0, 0]",72,256,1769472.0,923136.0,5019095859,5019251570,5019104448,5019298590,9472,69567,55967,711074,6,42390,180542,4,160,160,1
159,2,"[4, 4, 96, 1, 1, 0, 0, 0, 0, 0, 0, 0, 0, 0, 0, 0, 0, 0, 0, 0, 0, 0, 0, 0, 0, 0, 0, 0, 0, 0]",1,128,0.0,0.0,5019347583,5019354124,5019354557,5019357789,0,79999,79999,711072,1,6541,3232,4,160,160,1
203,2,"[4, 2304, 1, 1, 96, 1, 1, 1, 1, 0, 0, 1, 1, 1, 1, 1, 4, 0, 0, 0, 0, 0, 0, 0, 0, 0, 0, 0, 0, 0]",216,256,0.0,0.0,5019429690,5019547016,5019437788,5019552026,2304,206333,124287,711071,4,28059,32192,4,160,160,1
199,2,"[4, 4, 2304, 5, 5, 0, 0, 0, 0, 0, 0, 0, 0, 0, 0, 0, 0, 0, 0, 0, 0, 0, 0, 0, 0, 0, 0, 0, 0, 0]",900,128,0.0,0.0,5019668634,5019676319,5019676313,5019681080,0,51968,51968,711070,1,7685,4767,4,160,160,1
159,2,"[4, 4, 2304, 5, 5, 0, 0, 0, 0, 0, 0, 0, 0, 0, 0, 0, 0, 0, 0, 0, 0, 0, 0, 0, 0, 0, 0, 0, 0, 0]",450,128,0.0,0.0,5019726115,5019732678,5019733048,5019741976,0,62335,62335,711068,1,6563,8928,4,160,160,1
205,2,"[4, 4, 2304, 5, 5, 0, 0, 0, 0, 0, 0, 0, 0, 0, 0, 0, 0, 0, 0, 0, 0, 0, 0, 0, 0, 0, 0, 0, 0, 0]",2304,512,1843200.0,4608000.0,5019796310,5019803893,5019804311,5019892758,272,22208,22208,711067,1,7583,88447,4,160,160,1
203,2,"[4, 2304, 5, 5, 2304, 5, 5, 3, 3, 1, 1, 1, 1, 1, 1, 2304, 4, 0, 0, 0, 0, 0, 0, 0, 0, 0, 0, 0, 0, 0]",20736,1024,0.0,0.0,5019907366,5019927231,5019914966,5020057556,0,4704,3936,711066,2,13045,141822,4,160,160,1
159,2,"[4, 4, 2304, 5, 5, 0, 0, 0, 0, 0, 0, 0, 0, 0, 0, 0, 0, 0, 0, 0, 0, 0, 0, 0, 0, 0, 0, 0, 0, 0]",450,128,0.0,0.0,5019981486,5019987882,5020061492,5020069620,0,704,704,711064,1,6396,8128,4,160,160,1
205,2,"[4, 4, 2304, 5, 5, 0, 0, 0, 0, 0, 0, 0, 0, 0, 0, 0, 0, 0, 0, 0, 0, 0, 0, 0, 0, 0, 0, 0, 0, 0]",2304,512,1843200.0,4608000.0,5020044103,5020051190,5020070324,5020158034,272,52768,52768,711063,1,7087,87710,4,160,160,1
203,2,"[4, 384, 5, 5, 2304, 5, 5, 1, 1, 0, 0, 1, 1, 1, 1, 1, 4, 0, 0, 0, 0, 0, 0, 0, 0, 0, 0, 0, 0, 0]",1080,256,176947200.0,4614144.0,5020201565,5020327654,5020210802,5020653932,32768,76064,52192,711062,6,37364,419258,4,160,160,1
234,2,"[4, 4, 384, 5, 5, 0, 0, 0, 0, 0, 0, 0, 0, 0, 0, 4, 4, 1, 1, 1, 0, 0, 0, 0, 0, 0, 0, 0, 0, 0]",150,128,38400.0,460800.0,5020449240,5020456141,5020706124,5020710955,0,704,704,711060,1,6901,4831,4,160,160,1
205,2,"[4, 4, 384, 5, 5, 0, 0, 0, 0, 0, 0, 0, 0, 0, 0, 0, 0, 0, 0, 0, 0, 0, 0, 0, 0, 0, 0, 0, 0, 0]",384,512,307200.0,768000.0,5020524442,5020531888,5020711659,5020729227,272,7008,7008,711059,1,7446,17568,4,160,160,1
203,2,"[4, 2304, 5, 5, 384, 5, 5, 1, 1, 0, 0, 1, 1, 1, 1, 1, 4, 0, 0, 0, 0, 0, 0, 0, 0, 0, 0, 0, 0, 0]",864,256,176947200.0,4614144.0,5020686082,5020782447,5020736235,5020906313,32768,51775,46528,711058,4,25690,164831,4,160,160,1
23,2,"[4, 4, 2304, 1, 1, 0, 0, 0, 0, 0, 0, 0, 0, 0, 0, 4, 4, 2304, 5, 5, 0, 0, 0, 0, 0, 0, 0, 0, 0, 0]",900,128,230400.0,2764800.0,5020864858,5020886451,5020952841,5020972968,0,12928,12288,711057,2,11751,19487,4,160,160,1
156,2,"[4, 4, 2304, 1, 1, 0, 0, 0, 0, 0, 0, 0, 0, 0, 0, 0, 0, 0, 0, 0, 0, 0, 0, 0, 0, 0, 0, 0, 0, 0]",18,128,184320.0,73728.0,5020944537,5020951025,5020985256,5020987784,0,43743,43743,711056,1,6488,2528,4,160,160,1
203,2,"[4, 96, 1, 1, 2304, 1, 1, 1, 1, 0, 0, 1, 1, 1, 1, 1, 4, 0, 0, 0, 0, 0, 0, 0, 0, 0, 0, 0, 0, 0]",72,256,1769472.0,923136.0,5021023222,5021176623,5021031527,5021227621,9472,75230,64223,711055,6,39252,185087,4,160,160,1
159,2,"[4, 4, 96, 1, 1, 0, 0, 0, 0, 0, 0, 0, 0, 0, 0, 0, 0, 0, 0, 0, 0, 0, 0, 0, 0, 0, 0, 0, 0, 0]",1,128,0.0,0.0,5021283490,5021291604,5021291844,5021295012,0,81599,81599,711053,1,8114,3168,4,160,160,1
203,2,"[4, 2304, 1, 1, 96, 1, 1, 1, 1, 0, 0, 1, 1, 1, 1, 1, 4, 0, 0, 0, 0, 0, 0, 0, 0, 0, 0, 0, 0, 0]",216,256,0.0,0.0,5021368471,5021493605,5021376611,5021498594,2304,222684,132990,711052,4,31512,32289,4,160,160,1
199,2,"[4, 4, 2304, 5, 5, 0, 0, 0, 0, 0, 0, 0, 0, 0, 0, 0, 0, 0, 0, 0, 0, 0, 0, 0, 0, 0, 0, 0, 0, 0]",900,128,0.0,0.0,5021623669,5021631175,5021631584,5021636416,0,65119,65119,711051,1,7506,4832,4,160,160,1
159,2,"[4, 4, 2304, 5, 5, 0, 0, 0, 0, 0, 0, 0, 0, 0, 0, 0, 0, 0, 0, 0, 0, 0, 0, 0, 0, 0, 0, 0, 0, 0]",450,128,0.0,0.0,5021694697,5021701418,5021701535,5021710047,0,73023,73023,711049,1,6721,8512,4,160,160,1
205,2,"[4, 4, 2304, 5, 5, 0, 0, 0, 0, 0, 0, 0, 0, 0, 0, 0, 0, 0, 0, 0, 0, 0, 0, 0, 0, 0, 0, 0, 0, 0]",2304,512,1843200.0,4608000.0,5021775324,5021782612,5021783070,5021871805,272,36383,36383,711048,1,7288,88735,4,160,160,1
203,2,"[4, 2304, 5, 5, 2304, 5, 5, 3, 3, 1, 1, 1, 1, 1, 1, 2304, 4, 0, 0, 0, 0, 0, 0, 0, 0, 0, 0, 0, 0, 0]",20736,1024,0.0,0.0,5021900717,5021921903,5021908188,5022051066,0,4929,4225,711047,2,12734,142174,4,160,160,1
159,2,"[4, 4, 2304, 5, 5, 0, 0, 0, 0, 0, 0, 0, 0, 0, 0, 0, 0, 0, 0, 0, 0, 0, 0, 0, 0, 0, 0, 0, 0, 0]",450,128,0.0,0.0,5021983576,5021991938,5022055291,5022063258,0,5088,5088,711045,1,8362,7967,4,160,160,1
205,2,"[4, 4, 2304, 5, 5, 0, 0, 0, 0, 0, 0, 0, 0, 0, 0, 0, 0, 0, 0, 0, 0, 0, 0, 0, 0, 0, 0, 0, 0, 0]",2304,512,1843200.0,4608000.0,5022060599,5022067750,5022068346,5022156345,272,86879,86879,711044,1,7151,87999,4,160,160,1
203,2,"[4, 384, 5, 5, 2304, 5, 5, 1, 1, 0, 0, 1, 1, 1, 1, 1, 4, 0, 0, 0, 0, 0, 0, 0, 0, 0, 0, 0, 0, 0]",1080,256,176947200.0,4614144.0,5022233679,5022364062,5022243224,5022683699,32768,77600,52575,711043,6,40343,415450,4,160,160,1
234,2,"[4, 4, 384, 5, 5, 0, 0, 0, 0, 0, 0, 0, 0, 0, 0, 4, 4, 1, 1, 1, 0, 0, 0, 0, 0, 0, 0, 0, 0, 0]",150,128,38400.0,460800.0,5022491321,5022498252,5022736274,5022741266,0,704,704,711041,1,6931,4992,4,160,160,1
205,2,"[4, 4, 384, 5, 5, 0, 0, 0, 0, 0, 0, 0, 0, 0, 0, 0, 0, 0, 0, 0, 0, 0, 0, 0, 0, 0, 0, 0, 0, 0]",384,512,307200.0,768000.0,5022570230,5022577531,5022741970,5022759665,272,7041,7041,711040,1,7301,17695,4,160,160,1
203,2,"[4, 2304, 5, 5, 384, 5, 5, 1, 1, 0, 0, 1, 1, 1, 1, 1, 4, 0, 0, 0, 0, 0, 0, 0, 0, 0, 0, 0, 0, 0]",864,256,176947200.0,4614144.0,5022740057,5022836104,5022766706,5022936175,32768,51264,45984,711039,4,26416,164189,4,160,160,1
23,2,"[4, 4, 2304, 1, 1, 0, 0, 0, 0, 0, 0, 0, 0, 0, 0, 4, 4, 2304, 5, 5, 0, 0, 0, 0, 0, 0, 0, 0, 0, 0]",900,128,230400.0,2764800.0,5022920360,5022942536,5022982159,5023002286,0,12992,12288,711038,2,12172,19423,4,160,160,1
156,2,"[4, 4, 2304, 1, 1, 0, 0, 0, 0, 0, 0, 0, 0, 0, 0, 0, 0, 0, 0, 0, 0, 0, 0, 0, 0, 0, 0, 0, 0, 0]",18,128,184320.0,73728.0,5022998353,5023005249,5023014574,5023017102,0,71007,71007,711037,1,6896,2528,4,160,160,1
203,2,"[4, 96, 1, 1, 2304, 1, 1, 1, 1, 0, 0, 1, 1, 1, 1, 1, 4, 0, 0, 0, 0, 0, 0, 0, 0, 0, 0, 0, 0, 0]",72,256,1769472.0,923136.0,5023079559,5023234059,5023088109,5023279307,9472,73151,62079,711036,6,42102,180126,4,160,160,1
159,2,"[4, 4, 96, 1, 1, 0, 0, 0, 0, 0, 0, 0, 0, 0, 0, 0, 0, 0, 0, 0, 0, 0, 0, 0, 0, 0, 0, 0, 0, 0]",1,128,0.0,0.0,5023334392,5023340955,5023341386,5023344714,0,82175,82175,711034,1,6563,3328,4,160,160,1
203,2,"[4, 2304, 1, 1, 96, 1, 1, 1, 1, 0, 0, 1, 1, 1, 1, 1, 4, 0, 0, 0, 0, 0, 0, 0, 0, 0, 0, 0, 0, 0]",216,256,0.0,0.0,5023418728,5023538099,5023426889,5023543080,2304,200541,116606,711033,4,28022,32256,4,160,160,1
199,2,"[4, 4, 2304, 5, 5, 0, 0, 0, 0, 0, 0, 0, 0, 0, 0, 0, 0, 0, 0, 0, 0, 0, 0, 0, 0, 0, 0, 0, 0, 0]",900,128,0.0,0.0,5023651822,5023659355,5023659686,5023664550,0,53439,53439,711032,1,7533,4864,4,160,160,1
159,2,"[4, 4, 2304, 5, 5, 0, 0, 0, 0, 0, 0, 0, 0, 0, 0, 0, 0, 0, 0, 0, 0, 0, 0, 0, 0, 0, 0, 0, 0, 0]",450,128,0.0,0.0,5023711076,5023717562,5023717989,5023726693,0,63872,63872,711030,1,6486,8704,4,160,160,1
205,2,"[4, 4, 2304, 5, 5, 0, 0, 0, 0, 0, 0, 0, 0, 0, 0, 0, 0, 0, 0, 0, 0, 0, 0, 0, 0, 0, 0, 0, 0, 0]",2304,512,1843200.0,4608000.0,5023782821,5023790181,5023790565,5023879940,272,24191,24191,711029,1,7360,89375,4,160,160,1
203,2,"[4, 2304, 5, 5, 2304, 5, 5, 3, 3, 1, 1, 1, 1, 1, 1, 2304, 4, 0, 0, 0, 0, 0, 0, 0, 0, 0, 0, 0, 0, 0]",20736,1024,0.0,0.0,5023896545,5023916651,5023904131,5024046977,0,4704,4000,711028,2,13132,142142,4,160,160,1
159,2,"[4, 4, 2304, 5, 5, 0, 0, 0, 0, 0, 0, 0, 0, 0, 0, 0, 0, 0, 0, 0, 0, 0, 0, 0, 0, 0, 0, 0, 0, 0]",450,128,0.0,0.0,5023970670,5023976830,5024050977,5024057921,0,768,768,711026,1,6160,6944,4,160,160,1
205,2,"[4, 4, 2304, 5, 5, 0, 0, 0, 0, 0, 0, 0, 0, 0, 0, 0, 0, 0, 0, 0, 0, 0, 0, 0, 0, 0, 0, 0, 0, 0]",2304,512,1843200.0,4608000.0,5024033793,5024040753,5024058689,5024146656,272,56543,56543,711025,1,6960,87967,4,160,160,1
203,2,"[4, 384, 5, 5, 2304, 5, 5, 1, 1, 0, 0, 1, 1, 1, 1, 1, 4, 0, 0, 0, 0, 0, 0, 0, 0, 0, 0, 0, 0, 0]",1080,256,176947200.0,4614144.0,5024194175,5024321367,5024203199,5024651546,32768,75264,51999,711024,6,38179,425082,4,160,160,1
234,2,"[4, 4, 384, 5, 5, 0, 0, 0, 0, 0, 0, 0, 0, 0, 0, 4, 4, 1, 1, 1, 0, 0, 0, 0, 0, 0, 0, 0, 0, 0]",150,128,38400.0,460800.0,5024444821,5024451762,5024703545,5024708345,0,736,736,711022,1,6941,4800,4,160,160,1
205,2,"[4, 4, 384, 5, 5, 0, 0, 0, 0, 0, 0, 0, 0, 0, 0, 0, 0, 0, 0, 0, 0, 0, 0, 0, 0, 0, 0, 0, 0, 0]",384,512,307200.0,768000.0,5024516343,5024523664,5024709081,5024726553,272,7136,7136,711021,1,7321,17472,4,160,160,1
203,2,"[4, 2304, 5, 5, 384, 5, 5, 1, 1, 0, 0, 1, 1, 1, 1, 1, 4, 0, 0, 0, 0, 0, 0, 0, 0, 0, 0, 0, 0, 0]",864,256,176947200.0,4614144.0,5024677200,5024770647,5024733689,5024904183,32768,52062,46975,711020,4,24619,165407,4,160,160,1
23,2,"[4, 4, 2304, 1, 1, 0, 0, 0, 0, 0, 0, 0, 0, 0, 0, 4, 4, 2304, 5, 5, 0, 0, 0, 0, 0, 0, 0, 0, 0, 0]",900,128,230400.0,2764800.0,5024852429,5024874560,5024951158,5024971062,0,12799,12127,711019,2,11797,19232,4,160,160,1
156,2,"[4, 4, 2304, 1, 1, 0, 0, 0, 0, 0, 0, 0, 0, 0, 0, 0, 0, 0, 0, 0, 0, 0, 0, 0, 0, 0, 0, 0, 0, 0]",18,128,184320.0,73728.0,5024930976,5024937785,5024983189,5024985814,0,35551,35551,711018,1,6809,2625,4,160,160,1
203,2,"[4, 96, 1, 1, 2304, 1, 1, 1, 1, 0, 0, 1, 1, 1, 1, 1, 4, 0, 0, 0, 0, 0, 0, 0, 0, 0, 0, 0, 0, 0]",72,256,1769472.0,923136.0,5025012986,5025161626,5025021365,5025210035,9472,74590,63871,711017,6,39157,177951,4,160,160,1
159,2,"[4, 4, 96, 1, 1, 0, 0, 0, 0, 0, 0, 0, 0, 0, 0, 0, 0, 0, 0, 0, 0, 0, 0, 0, 0, 0, 0, 0, 0, 0]",1,128,0.0,0.0,5025266961,5025273548,5025273906,5025277202,0,79519,79519,711015,1,6587,3296,4,160,160,1
203,2,"[4, 2304, 1, 1, 96, 1, 1, 1, 1, 0, 0, 1, 1, 1, 1, 1, 4, 0, 0, 0, 0, 0, 0, 0, 0, 0, 0, 0, 0, 0]",216,256,0.0,0.0,5025348484,5025469836,5025356721,5025474895,2304,202141,116063,711014,4,28029,32096,4,160,160,1
199,2,"[4, 4, 2304, 5, 5, 0, 0, 0, 0, 0, 0, 0, 0, 0, 0, 0, 0, 0, 0, 0, 0, 0, 0, 0, 0, 0, 0, 0, 0, 0]",900,128,0.0,0.0,5025583299,5025590742,5025590958,5025595726,0,53343,53343,711013,1,7443,4768,4,160,160,1
159,2,"[4, 4, 2304, 5, 5, 0, 0, 0, 0, 0, 0, 0, 0, 0, 0, 0, 0, 0, 0, 0, 0, 0, 0, 0, 0, 0, 0, 0, 0, 0]",450,128,0.0,0.0,5025642233,5025648667,5025649069,5025658093,0,72863,72863,711011,1,6434,9024,4,160,160,1
205,2,"[4, 4, 2304, 5, 5, 0, 0, 0, 0, 0, 0, 0, 0, 0, 0, 0, 0, 0, 0, 0, 0, 0, 0, 0, 0, 0, 0, 0, 0, 0]",2304,512,1843200.0,4608000.0,5025722874,5025730589,5025730956,5025819787,272,24800,24800,711010,1,7715,88831,4,160,160,1
203,2,"[4, 2304, 5, 5, 2304, 5, 5, 3, 3, 1, 1, 1, 1, 1, 1, 2304, 4, 0, 0, 0, 0, 0, 0, 0, 0, 0, 0, 0, 0, 0]",20736,1024,0.0,0.0,5025837172,5025857148,5025844587,5025987145,0,4799,4223,711009,2,12752,141982,4,160,160,1
159,2,"[4, 4, 2304, 5, 5, 0, 0, 0, 0, 0, 0, 0, 0, 0, 0, 0, 0, 0, 0, 0, 0, 0, 0, 0, 0, 0, 0, 0, 0, 0]",450,128,0.0,0.0,5025909561,5025916014,5025991368,5025999305,0,639,639,711007,1,6453,7937,4,160,160,1
205,2,"[4, 4, 2304, 5, 5, 0, 0, 0, 0, 0, 0, 0, 0, 0, 0, 0, 0, 0, 0, 0, 0, 0, 0, 0, 0, 0, 0, 0, 0, 0]",2304,512,1843200.0,4608000.0,5025976867,5025984268,5025999944,5026087687,272,59199,59199,711006,1,7401,87743,4,160,160,1
203,2,"[4, 384, 5, 5, 2304, 5, 5, 1, 1, 0, 0, 1, 1, 1, 1, 1, 4, 0, 0, 0, 0, 0, 0, 0, 0, 0, 0, 0, 0, 0]",1080,256,176947200.0,4614144.0,5026137483,5026269398,5026146886,5026592129,32768,77184,51935,711005,6,39144,419994,4,160,160,1
234,2,"[4, 4, 384, 5, 5, 0, 0, 0, 0, 0, 0, 0, 0, 0, 0, 4, 4, 1, 1, 1, 0, 0, 0, 0, 0, 0, 0, 0, 0, 0]",150,128,38400.0,460800.0,5026392165,5026399159,5026644064,5026649024,0,672,672,711003,1,6994,4960,4,160,160,1
205,2,"[4, 4, 384, 5, 5, 0, 0, 0, 0, 0, 0, 0, 0, 0, 0, 0, 0, 0, 0, 0, 0, 0, 0, 0, 0, 0, 0, 0, 0, 0]",384,512,307200.0,768000.0,5026467758,5026475176,5026649696,5026667200,272,6816,6816,711002,1,7418,17504,4,160,160,1
203,2,"[4, 2304, 5, 5, 384, 5, 5, 1, 1, 0, 0, 1, 1, 1, 1, 1, 4, 0, 0, 0, 0, 0, 0, 0, 0, 0, 0, 0, 0, 0]",864,256,176947200.0,4614144.0,5026625186,5026718233,5026674016,5026841470,32768,52063,46751,711001,4,24331,162142,4,160,160,1
23,2,"[4, 4, 2304, 1, 1, 0, 0, 0, 0, 0, 0, 0, 0, 0, 0, 4, 4, 2304, 5, 5, 0, 0, 0, 0, 0, 0, 0, 0, 0, 0]",900,128,230400.0,2764800.0,5026802677,5026825150,5026888221,5026908285,0,13056,12352,711000,2,12118,19360,4,160,160,1
156,2,"[4, 4, 2304, 1, 1, 0, 0, 0, 0, 0, 0, 0, 0, 0, 0, 0, 0, 0, 0, 0, 0, 0, 0, 0, 0, 0, 0, 0, 0, 0]",18,128,184320.0,73728.0,5026881057,5026887620,5026920637,5026923069,0,46879,46879,710999,1,6563,2432,4,160,160,1
203,2,"[4, 96, 1, 1, 2304, 1, 1, 1, 1, 0, 0, 1, 1, 1, 1, 1, 4, 0, 0, 0, 0, 0, 0, 0, 0, 0, 0, 0, 0, 0]",72,256,1769472.0,923136.0,5026961365,5027114549,5026969948,5027164666,9472,69983,58911,710998,6,39993,183646,4,160,160,1
159,2,"[4, 4, 96, 1, 1, 0, 0, 0, 0, 0, 0, 0, 0, 0, 0, 0, 0, 0, 0, 0, 0, 0, 0, 0, 0, 0, 0, 0, 0, 0]",1,128,0.0,0.0,5027216104,5027223262,5027223577,5027226873,0,79903,79903,710996,1,7158,3296,4,160,160,1
203,2,"[4, 2304, 1, 1, 96, 1, 1, 1, 1, 0, 0, 1, 1, 1, 1, 1, 4, 0, 0, 0, 0, 0, 0, 0, 0, 0, 0, 0, 0, 0]",216,256,0.0,0.0,5027298507,5027421091,5027306776,5027426230,2304,206942,119519,710995,4,30663,32031,4,160,160,1
199,2,"[4, 4, 2304, 5, 5, 0, 0, 0, 0, 0, 0, 0, 0, 0, 0, 0, 0, 0, 0, 0, 0, 0, 0, 0, 0, 0, 0, 0, 0, 0]",900,128,0.0,0.0,5027537662,5027545535,5027545749,5027550549,0,53311,53311,710994,1,7873,4800,4,160,160,1
159,2,"[4, 4, 2304, 5, 5, 0, 0, 0, 0, 0, 0, 0, 0, 0, 0, 0, 0, 0, 0, 0, 0, 0, 0, 0, 0, 0, 0, 0, 0, 0]",450,128,0.0,0.0,5027596833,5027603525,5027603860,5027612916,0,64895,64895,710992,1,6692,9056,4,160,160,1
205,2,"[4, 4, 2304, 5, 5, 0, 0, 0, 0, 0, 0, 0, 0, 0, 0, 0, 0, 0, 0, 0, 0, 0, 0, 0, 0, 0, 0, 0, 0, 0]",2304,512,1843200.0,4608000.0,5027669726,5027677462,5027677811,5027766642,272,21344,21344,710991,1,7736,88831,4,160,160,1
203,2,"[4, 2304, 5, 5, 2304, 5, 5, 3, 3, 1, 1, 1, 1, 1, 1, 2304, 4, 0, 0, 0, 0, 0, 0, 0, 0, 0, 0, 0, 0, 0]",20736,1024,0.0,0.0,5027780215,5027802913,5027787986,5027930832,0,5120,4448,710990,2,15082,142174,4,160,160,1
159,2,"[4, 4, 2304, 5, 5, 0, 0, 0, 0, 0, 0, 0, 0, 0, 0, 0, 0, 0, 0, 0, 0, 0, 0, 0, 0, 0, 0, 0, 0, 0]",450,128,0.0,0.0,5027857929,5027864325,5027935280,5027941712,0,672,672,710988,1,6396,6432,4,160,160,1
205,2,"[4, 4, 2304, 5, 5, 0, 0, 0, 0, 0, 0, 0, 0, 0, 0, 0, 0, 0, 0, 0, 0, 0, 0, 0, 0, 0, 0, 0, 0, 0]",2304,512,1843200.0,4608000.0,5027921339,5027928300,5027942384,5028029711,272,61439,61439,710987,1,6961,87327,4,160,160,1
203,2,"[4, 384, 5, 5, 2304, 5, 5, 1, 1, 0, 0, 1, 1, 1, 1, 1, 4, 0, 0, 0, 0, 0, 0, 0, 0, 0, 0, 0, 0, 0]",1080,256,176947200.0,4614144.0,5028081531,5028208000,5028091150,5028540520,32768,76194,51808,710986,6,38174,424984,4,160,160,1
234,2,"[4, 4, 384, 5, 5, 0, 0, 0, 0, 0, 0, 0, 0, 0, 0, 4, 4, 1, 1, 1, 0, 0, 0, 0, 0, 0, 0, 0, 0, 0]",150,128,38400.0,460800.0,5028329809,5028336771,5028592328,5028597256,0,671,671,710984,1,6962,4928,4,160,160,1
205,2,"[4, 4, 384, 5, 5, 0, 0, 0, 0, 0, 0, 0, 0, 0, 0, 0, 0, 0, 0, 0, 0, 0, 0, 0, 0, 0, 0, 0, 0, 0]",384,512,307200.0,768000.0,5028401615,5028409053,5028597927,5028615655,272,6912,6912,710983,1,7438,17728,4,160,160,1
203,2,"[4, 2304, 5, 5, 384, 5, 5, 1, 1, 0, 0, 1, 1, 1, 1, 1, 4, 0, 0, 0, 0, 0, 0, 0, 0, 0, 0, 0, 0, 0]",864,256,176947200.0,4614144.0,5028560098,5028657875,5028622567,5028792133,32768,52480,47360,710982,4,26975,164446,4,160,160,1
23,2,"[4, 4, 2304, 1, 1, 0, 0, 0, 0, 0, 0, 0, 0, 0, 0, 4, 4, 2304, 5, 5, 0, 0, 0, 0, 0, 0, 0, 0, 0, 0]",900,128,230400.0,2764800.0,5028741483,5028762916,5028839493,5028858916,0,12960,12256,710981,2,11760,18719,4,160,160,1
156,2,"[4, 4, 2304, 1, 1, 0, 0, 0, 0, 0, 0, 0, 0, 0, 0, 0, 0, 0, 0, 0, 0, 0, 0, 0, 0, 0, 0, 0, 0, 0]",18,128,184320.0,73728.0,5028818278,5028825268,5028871172,5028873764,0,33696,33696,710980,1,6990,2592,4,160,160,1
203,2,"[4, 96, 1, 1, 2304, 1, 1, 1, 1, 0, 0, 1, 1, 1, 1, 1, 4, 0, 0, 0, 0, 0, 0, 0, 0, 0, 0, 0, 0, 0]",72,256,1769472.0,923136.0,5028898954,5029048306,5028907460,5029104993,9472,64671,53567,710979,6,39286,186429,4,160,160,1
159,2,"[4, 4, 96, 1, 1, 0, 0, 0, 0, 0, 0, 0, 0, 0, 0, 0, 0, 0, 0, 0, 0, 0, 0, 0, 0, 0, 0, 0, 0, 0]",1,128,0.0,0.0,5029151578,5029158266,5029158560,5029162080,0,79231,79231,710977,1,6688,3520,4,160,160,1
203,2,"[4, 2304, 1, 1, 96, 1, 1, 1, 1, 0, 0, 1, 1, 1, 1, 1, 4, 0, 0, 0, 0, 0, 0, 0, 0, 0, 0, 0, 0, 0]",216,256,0.0,0.0,5029233144,5029351997,5029241311,5029357022,2304,199549,116350,710976,4,27867,32512,4,160,160,1
199,2,"[4, 4, 2304, 5, 5, 0, 0, 0, 0, 0, 0, 0, 0, 0, 0, 0, 0, 0, 0, 0, 0, 0, 0, 0, 0, 0, 0, 0, 0, 0]",900,128,0.0,0.0,5029465755,5029473135,5029473372,5029478172,0,52000,52000,710975,1,7380,4800,4,160,160,1
159,2,"[4, 4, 2304, 5, 5, 0, 0, 0, 0, 0, 0, 0, 0, 0, 0, 0, 0, 0, 0, 0, 0, 0, 0, 0, 0, 0, 0, 0, 0, 0]",450,128,0.0,0.0,5029523257,5029529712,5029530172,5029538556,0,63679,63679,710973,1,6455,8384,4,160,160,1
205,2,"[4, 4, 2304, 5, 5, 0, 0, 0, 0, 0, 0, 0, 0, 0, 0, 0, 0, 0, 0, 0, 0, 0, 0, 0, 0, 0, 0, 0, 0, 0]",2304,512,1843200.0,4608000.0,5029594467,5029601828,5029602235,5029691066,272,33791,33791,710972,1,7361,88831,4,160,160,1
203,2,"[4, 2304, 5, 5, 2304, 5, 5, 3, 3, 1, 1, 1, 1, 1, 1, 2304, 4, 0, 0, 0, 0, 0, 0, 0, 0, 0, 0, 0, 0, 0]",20736,1024,0.0,0.0,5029717198,5029737991,5029724857,5029867575,0,4768,4096,710971,2,13258,142046,4,160,160,1
159,2,"[4, 4, 2304, 5, 5, 0, 0, 0, 0, 0, 0, 0, 0, 0, 0, 0, 0, 0, 0, 0, 0, 0, 0, 0, 0, 0, 0, 0, 0, 0]",450,128,0.0,0.0,5029791286,5029797769,5029871671,5029880023,0,768,768,710969,1,6483,8352,4,160,160,1
205,2,"[4, 4, 2304, 5, 5, 0, 0, 0, 0, 0, 0, 0, 0, 0, 0, 0, 0, 0, 0, 0, 0, 0, 0, 0, 0, 0, 0, 0, 0, 0]",2304,512,1843200.0,4608000.0,5029860136,5029867529,5029880791,5029969494,272,57216,57216,710968,1,7393,88703,4,160,160,1
203,2,"[4, 384, 5, 5, 2304, 5, 5, 1, 1, 0, 0, 1, 1, 1, 1, 1, 4, 0, 0, 0, 0, 0, 0, 0, 0, 0, 0, 0, 0, 0]",1080,256,176947200.0,4614144.0,5030017266,5030147174,5030026710,5030470480,32768,77151,52831,710967,6,39903,419450,4,160,160,1
234,2,"[4, 4, 384, 5, 5, 0, 0, 0, 0, 0, 0, 0, 0, 0, 0, 4, 4, 1, 1, 1, 0, 0, 0, 0, 0, 0, 0, 0, 0, 0]",150,128,38400.0,460800.0,5030266182,5030273124,5030523311,5030528303,0,768,768,710965,1,6942,4992,4,160,160,1
205,2,"[4, 4, 384, 5, 5, 0, 0, 0, 0, 0, 0, 0, 0, 0, 0, 0, 0, 0, 0, 0, 0, 0, 0, 0, 0, 0, 0, 0, 0, 0]",384,512,307200.0,768000.0,5030338434,5030345884,5030529071,5030546415,272,6720,6720,710964,1,7450,17344,4,160,160,1
203,2,"[4, 2304, 5, 5, 384, 5, 5, 1, 1, 0, 0, 1, 1, 1, 1, 1, 4, 0, 0, 0, 0, 0, 0, 0, 0, 0, 0, 0, 0, 0]",864,256,176947200.0,4614144.0,5030501195,5030595544,5030553135,5030722125,32768,52255,47007,710963,4,25042,163742,4,160,160,1
23,2,"[4, 4, 2304, 1, 1, 0, 0, 0, 0, 0, 0, 0, 0, 0, 0, 4, 4, 2304, 5, 5, 0, 0, 0, 0, 0, 0, 0, 0, 0, 0]",900,128,230400.0,2764800.0,5030679040,5030701977,5030769132,5030788844,0,13056,12352,710962,2,12304,19008,4,160,160,1
156,2,"[4, 4, 2304, 1, 1, 0, 0, 0, 0, 0, 0, 0, 0, 0, 0, 0, 0, 0, 0, 0, 0, 0, 0, 0, 0, 0, 0, 0, 0, 0]",18,128,184320.0,73728.0,5030756246,5030762958,5030801196,5030804044,0,41183,41183,710961,1,6712,2848,4,160,160,1
203,2,"[4, 96, 1, 1, 2304, 1, 1, 1, 1, 0, 0, 1, 1, 1, 1, 1, 4, 0, 0, 0, 0, 0, 0, 0, 0, 0, 0, 0, 0, 0]",72,256,1769472.0,923136.0,5030836684,5030990731,5030845227,5031038984,9472,69855,58592,710960,6,40019,182494,4,160,160,1
159,2,"[4, 4, 96, 1, 1, 0, 0, 0, 0, 0, 0, 0, 0, 0, 0, 0, 0, 0, 0, 0, 0, 0, 0, 0, 0, 0, 0, 0, 0, 0]",1,128,0.0,0.0,5031090542,5031097315,5031097576,5031101192,0,79103,79103,710958,1,6773,3616,4,160,160,1
203,2,"[4, 2304, 1, 1, 96, 1, 1, 1, 1, 0, 0, 1, 1, 1, 1, 1, 4, 0, 0, 0, 0, 0, 0, 0, 0, 0, 0, 0, 0, 0]",216,256,0.0,0.0,5031171921,5031293377,5031180295,5031298213,2304,204029,118015,710957,4,30592,31904,4,160,160,1
199,2,"[4, 4, 2304, 5, 5, 0, 0, 0, 0, 0, 0, 0, 0, 0, 0, 0, 0, 0, 0, 0, 0, 0, 0, 0, 0, 0, 0, 0, 0, 0]",900,128,0.0,0.0,5031408352,5031415904,5031416228,5031421028,0,53215,53215,710956,1,7552,4800,4,160,160,1
159,2,"[4, 4, 2304, 5, 5, 0, 0, 0, 0, 0, 0, 0, 0, 0, 0, 0, 0, 0, 0, 0, 0, 0, 0, 0, 0, 0, 0, 0, 0, 0]",450,128,0.0,0.0,5031467129,5031473812,5031474243,5031482627,0,61951,61951,710954,1,6683,8384,4,160,160,1
205,2,"[4, 4, 2304, 5, 5, 0, 0, 0, 0, 0, 0, 0, 0, 0, 0, 0, 0, 0, 0, 0, 0, 0, 0, 0, 0, 0, 0, 0, 0, 0]",2304,512,1843200.0,4608000.0,5031536788,5031544226,5031544578,5031632353,272,24320,24320,710953,1,7438,87775,4,160,160,1
203,2,"[4, 2304, 5, 5, 2304, 5, 5, 3, 3, 1, 1, 1, 1, 1, 1, 2304, 4, 0, 0, 0, 0, 0, 0, 0, 0, 0, 0, 0, 0, 0]",20736,1024,0.0,0.0,5031649368,5031670936,5031656673,5031798015,0,4832,4128,710952,2,12796,140638,4,160,160,1
159,2,"[4, 4, 2304, 5, 5, 0, 0, 0, 0, 0, 0, 0, 0, 0, 0, 0, 0, 0, 0, 0, 0, 0, 0, 0, 0, 0, 0, 0, 0, 0]",450,128,0.0,0.0,5031724484,5031730912,5031802143,5031808991,0,640,640,710950,1,6428,6848,4,160,160,1
205,2,"[4, 4, 2304, 5, 5, 0, 0, 0, 0, 0, 0, 0, 0, 0, 0, 0, 0, 0, 0, 0, 0, 0, 0, 0, 0, 0, 0, 0, 0, 0]",2304,512,1843200.0,4608000.0,5031788457,5031795611,5031809631,5031895710,272,63551,63551,710949,1,7154,86079,4,160,160,1
203,2,"[4, 384, 5, 5, 2304, 5, 5, 1, 1, 0, 0, 1, 1, 1, 1, 1, 4, 0, 0, 0, 0, 0, 0, 0, 0, 0, 0, 0, 0, 0]",1080,256,176947200.0,4614144.0,5031949650,5032077741,5031959261,5032403863,32768,75744,51647,710948,6,37993,420505,4,160,160,1
234,2,"[4, 4, 384, 5, 5, 0, 0, 0, 0, 0, 0, 0, 0, 0, 0, 4, 4, 1, 1, 1, 0, 0, 0, 0, 0, 0, 0, 0, 0, 0]",150,128,38400.0,460800.0,5032199301,5032206063,5032455510,5032460246,0,641,641,710946,1,6762,4736,4,160,160,1
205,2,"[4, 4, 384, 5, 5, 0, 0, 0, 0, 0, 0, 0, 0, 0, 0, 0, 0, 0, 0, 0, 0, 0, 0, 0, 0, 0, 0, 0, 0, 0]",384,512,307200.0,768000.0,5032272661,5032280137,5032460887,5032478135,272,6687,6687,710945,1,7476,17248,4,160,160,1
203,2,"[4, 2304, 5, 5, 384, 5, 5, 1, 1, 0, 0, 1, 1, 1, 1, 1, 4, 0, 0, 0, 0, 0, 0, 0, 0, 0, 0, 0, 0, 0]",864,256,176947200.0,4614144.0,5032431497,5032528123,5032484822,5032650484,32768,51551,46495,710944,4,26921,160606,4,160,160,1
23,2,"[4, 4, 2304, 1, 1, 0, 0, 0, 0, 0, 0, 0, 0, 0, 0, 4, 4, 2304, 5, 5, 0, 0, 0, 0, 0, 0, 0, 0, 0, 0]",900,128,230400.0,2764800.0,5032609912,5032632317,5032696979,5032717331,0,13056,12352,710943,2,12289,19648,4,160,160,1
156,2,"[4, 4, 2304, 1, 1, 0, 0, 0, 0, 0, 0, 0, 0, 0, 0, 0, 0, 0, 0, 0, 0, 0, 0, 0, 0, 0, 0, 0, 0, 0]",18,128,184320.0,73728.0,5032686442,5032692817,5032729683,5032732179,0,43712,43712,710942,1,6375,2496,4,160,160,1
203,2,"[4, 96, 1, 1, 2304, 1, 1, 1, 1, 0, 0, 1, 1, 1, 1, 1, 4, 0, 0, 0, 0, 0, 0, 0, 0, 0, 0, 0, 0, 0]",72,256,1769472.0,923136.0,5032767497,5032918224,5032775891,5032961648,9472,76064,65055,710941,6,39260,174748,4,160,160,1
159,2,"[4, 4, 96, 1, 1, 0, 0, 0, 0, 0, 0, 0, 0, 0, 0, 0, 0, 0, 0, 0, 0, 0, 0, 0, 0, 0, 0, 0, 0, 0]",1,128,0.0,0.0,5033019600,5033026358,5033026703,5033029967,0,79711,79711,710939,1,6758,3264,4,160,160,1
203,2,"[4, 2304, 1, 1, 96, 1, 1, 1, 1, 0, 0, 1, 1, 1, 1, 1, 4, 0, 0, 0, 0, 0, 0, 0, 0, 0, 0, 0, 0, 0]",216,256,0.0,0.0,5033101647,5033221286,5033109678,5033226157,2304,204125,119198,710938,4,28252,31552,4,160,160,1
199,2,"[4, 4, 2304, 5, 5, 0, 0, 0, 0, 0, 0, 0, 0, 0, 0, 0, 0, 0, 0, 0, 0, 0, 0, 0, 0, 0, 0, 0, 0, 0]",900,128,0.0,0.0,5033337740,5033345215,5033345355,5033350091,0,51776,51776,710937,1,7475,4736,4,160,160,1
159,2,"[4, 4, 2304, 5, 5, 0, 0, 0, 0, 0, 0, 0, 0, 0, 0, 0, 0, 0, 0, 0, 0, 0, 0, 0, 0, 0, 0, 0, 0, 0]",450,128,0.0,0.0,5033395042,5033401421,5033401867,5033410666,0,60736,60736,710935,1,6379,8799,4,160,160,1
205,2,"[4, 4, 2304, 5, 5, 0, 0, 0, 0, 0, 0, 0, 0, 0, 0, 0, 0, 0, 0, 0, 0, 0, 0, 0, 0, 0, 0, 0, 0, 0]",2304,512,1843200.0,4608000.0,5033463311,5033470995,5033471402,5033558152,272,24768,24768,710934,1,7684,86750,4,160,160,1
203,2,"[4, 2304, 5, 5, 2304, 5, 5, 3, 3, 1, 1, 1, 1, 1, 1, 2304, 4, 0, 0, 0, 0, 0, 0, 0, 0, 0, 0, 0, 0, 0]",20736,1024,0.0,0.0,5033575343,5033595902,5033582920,5033722727,0,4735,4127,710933,2,12987,139199,4,160,160,1
159,2,"[4, 4, 2304, 5, 5, 0, 0, 0, 0, 0, 0, 0, 0, 0, 0, 0, 0, 0, 0, 0, 0, 0, 0, 0, 0, 0, 0, 0, 0, 0]",450,128,0.0,0.0,5033648342,5033661035,5033726854,5033735014,0,609,609,710931,1,12693,8160,4,160,160,1
205,2,"[4, 4, 2304, 5, 5, 0, 0, 0, 0, 0, 0, 0, 0, 0, 0, 0, 0, 0, 0, 0, 0, 0, 0, 0, 0, 0, 0, 0, 0, 0]",2304,512,1843200.0,4608000.0,5033723192,5033730454,5033735623,5033821669,272,72543,72543,710930,1,7262,86046,4,160,160,1
203,2,"[4, 384, 5, 5, 2304, 5, 5, 1, 1, 0, 0, 1, 1, 1, 1, 1, 4, 0, 0, 0, 0, 0, 0, 0, 0, 0, 0, 0, 0, 0]",1080,256,176947200.0,4614144.0,5033884578,5034013111,5033894212,5034338271,32768,76479,52127,710929,6,40285,419707,4,160,160,1
234,2,"[4, 4, 384, 5, 5, 0, 0, 0, 0, 0, 0, 0, 0, 0, 0, 4, 4, 1, 1, 1, 0, 0, 0, 0, 0, 0, 0, 0, 0, 0]",150,128,38400.0,460800.0,5034133898,5034140900,5034390398,5034395262,0,704,704,710927,1,7002,4864,4,160,160,1
205,2,"[4, 4, 384, 5, 5, 0, 0, 0, 0, 0, 0, 0, 0, 0, 0, 0, 0, 0, 0, 0, 0, 0, 0, 0, 0, 0, 0, 0, 0, 0]",384,512,307200.0,768000.0,5034207253,5034214969,5034395966,5034413278,272,6816,6816,710926,1,7716,17312,4,160,160,1
203,2,"[4, 2304, 5, 5, 384, 5, 5, 1, 1, 0, 0, 1, 1, 1, 1, 1, 4, 0, 0, 0, 0, 0, 0, 0, 0, 0, 0, 0, 0, 0]",864,256,176947200.0,4614144.0,5034369350,5034465146,5034420094,5034585852,32768,52096,47007,710925,4,25755,160669,4,160,160,1
23,2,"[4, 4, 2304, 1, 1, 0, 0, 0, 0, 0, 0, 0, 0, 0, 0, 4, 4, 2304, 5, 5, 0, 0, 0, 0, 0, 0, 0, 0, 0, 0]",900,128,230400.0,2764800.0,5034545115,5034570134,5034632859,5034652955,0,12672,12000,710924,2,12242,19424,4,160,160,1
156,2,"[4, 4, 2304, 1, 1, 0, 0, 0, 0, 0, 0, 0, 0, 0, 0, 0, 0, 0, 0, 0, 0, 0, 0, 0, 0, 0, 0, 0, 0, 0]",18,128,184320.0,73728.0,5034625269,5034632098,5034664955,5034667483,0,45727,45727,710923,1,6829,2528,4,160,160,1
203,2,"[4, 96, 1, 1, 2304, 1, 1, 1, 1, 0, 0, 1, 1, 1, 1, 1, 4, 0, 0, 0, 0, 0, 0, 0, 0, 0, 0, 0, 0, 0]",72,256,1769472.0,923136.0,5034704972,5034858822,5034713210,5034906679,9472,72000,61184,710922,6,41586,182653,4,160,160,1
159,2,"[4, 4, 96, 1, 1, 0, 0, 0, 0, 0, 0, 0, 0, 0, 0, 0, 0, 0, 0, 0, 0, 0, 0, 0, 0, 0, 0, 0, 0, 0]",1,128,0.0,0.0,5034960881,5034967581,5034967863,5034970999,0,79167,79167,710920,1,6700,3136,4,160,160,1
203,2,"[4, 2304, 1, 1, 96, 1, 1, 1, 1, 0, 0, 1, 1, 1, 1, 1, 4, 0, 0, 0, 0, 0, 0, 0, 0, 0, 0, 0, 0, 0]",216,256,0.0,0.0,5035041877,5035161804,5035050166,5035166708,2304,202494,117759,710919,4,28181,31807,4,160,160,1
199,2,"[4, 4, 2304, 5, 5, 0, 0, 0, 0, 0, 0, 0, 0, 0, 0, 0, 0, 0, 0, 0, 0, 0, 0, 0, 0, 0, 0, 0, 0, 0]",900,128,0.0,0.0,5035276663,5035284234,5035284467,5035289362,0,49952,49952,710918,1,7571,4895,4,160,160,1
159,2,"[4, 4, 2304, 5, 5, 0, 0, 0, 0, 0, 0, 0, 0, 0, 0, 0, 0, 0, 0, 0, 0, 0, 0, 0, 0, 0, 0, 0, 0, 0]",450,128,0.0,0.0,5035332422,5035338807,5035339314,5035348370,0,65759,65759,710916,1,6385,9056,4,160,160,1
205,2,"[4, 4, 2304, 5, 5, 0, 0, 0, 0, 0, 0, 0, 0, 0, 0, 0, 0, 0, 0, 0, 0, 0, 0, 0, 0, 0, 0, 0, 0, 0]",2304,512,1843200.0,4608000.0,5035406305,5035413925,5035414129,5035501488,272,22464,22464,710915,1,7620,87359,4,160,160,1
203,2,"[4, 2304, 5, 5, 2304, 5, 5, 3, 3, 1, 1, 1, 1, 1, 1, 2304, 4, 0, 0, 0, 0, 0, 0, 0, 0, 0, 0, 0, 0, 0]",20736,1024,0.0,0.0,5035516816,5035536524,5035523952,5035663854,0,4960,4352,710914,2,12603,139294,4,160,160,1
159,2,"[4, 4, 2304, 5, 5, 0, 0, 0, 0, 0, 0, 0, 0, 0, 0, 0, 0, 0, 0, 0, 0, 0, 0, 0, 0, 0, 0, 0, 0, 0]",450,128,0.0,0.0,5035592319,5035598685,5035668206,5035675310,0,640,640,710912,1,6366,7104,4,160,160,1
205,2,"[4, 4, 2304, 5, 5, 0, 0, 0, 0, 0, 0, 0, 0, 0, 0, 0, 0, 0, 0, 0, 0, 0, 0, 0, 0, 0, 0, 0, 0, 0]",2304,512,1843200.0,4608000.0,5035656342,5035663713,5035675950,5035762125,272,65183,65183,710911,1,7371,86175,4,160,160,1
203,2,"[4, 384, 5, 5, 2304, 5, 5, 1, 1, 0, 0, 1, 1, 1, 1, 1, 4, 0, 0, 0, 0, 0, 0, 0, 0, 0, 0, 0, 0, 0]",1080,256,176947200.0,4614144.0,5035817867,5035945907,5035827308,5036273414,32768,76318,51551,710910,6,38351,421339,4,160,160,1
205,2,"[4, 4, 384, 5, 5, 0, 0, 0, 0, 0, 0, 0, 0, 0, 0, 0, 0, 0, 0, 0, 0, 0, 0, 0, 0, 0, 0, 0, 0, 0]",384,512,307200.0,768000.0,5036088566,5036095794,5036324965,5036342981,272,7008,7008,710909,1,7228,18016,4,160,160,1
203,2,"[4, 1344, 5, 5, 384, 5, 5, 1, 1, 0, 0, 1, 1, 1, 1, 1, 4, 0, 0, 0, 0, 0, 0, 0, 0, 0, 0, 0, 0, 0]",504,256,103219200.0,2755584.0,5036246795,5036341055,5036349989,5036476323,32768,23232,18368,710908,4,28123,121470,4,160,160,1
23,2,"[4, 4, 1344, 1, 1, 0, 0, 0, 0, 0, 0, 0, 0, 0, 0, 4, 4, 1344, 5, 5, 0, 0, 0, 0, 0, 0, 0, 0, 0, 0]",525,128,134400.0,1612800.0,5036424235,5036446449,5036494691,5036508451,0,10624,9952,710907,2,11808,13088,4,160,160,1
156,2,"[4, 4, 1344, 1, 1, 0, 0, 0, 0, 0, 0, 0, 0, 0, 0, 0, 0, 0, 0, 0, 0, 0, 0, 0, 0, 0, 0, 0, 0, 0]",11,128,107520.0,43008.0,5036501434,5036508078,5036518403,5036520547,0,69151,69151,710906,1,6644,2144,4,160,160,1
203,2,"[4, 56, 1, 1, 1344, 1, 1, 1, 1, 0, 0, 1, 1, 1, 1, 1, 4, 0, 0, 0, 0, 0, 0, 0, 0, 0, 0, 0, 0, 0]",84,256,602112.0,323456.0,5036581276,5036705406,5036589698,5036711872,3328,119295,97759,710905,4,30648,100638,4,160,160,1
159,2,"[4, 4, 56, 1, 1, 0, 0, 0, 0, 0, 0, 0, 0, 0, 0, 0, 0, 0, 0, 0, 0, 0, 0, 0, 0, 0, 0, 0, 0, 0]",1,128,0.0,0.0,5036802221,5036809341,5036809631,5036812447,0,80607,80607,710903,1,7120,2816,4,160,160,1
203,2,"[4, 1344, 1, 1, 56, 1, 1, 1, 1, 0, 0, 1, 1, 1, 1, 1, 4, 0, 0, 0, 0, 0, 0, 0, 0, 0, 0, 0, 0, 0]",84,256,0.0,0.0,5036884668,5037001396,5036893054,5037007261,2304,198301,108894,710902,4,28166,24800,4,160,160,1
199,2,"[4, 4, 1344, 5, 5, 0, 0, 0, 0, 0, 0, 0, 0, 0, 0, 0, 0, 0, 0, 0, 0, 0, 0, 0, 0, 0, 0, 0, 0, 0]",525,128,0.0,0.0,5037108969,5037115943,5037116155,5037119995,0,57184,57184,710901,1,6974,3840,4,160,160,1
159,2,"[4, 4, 1344, 5, 5, 0, 0, 0, 0, 0, 0, 0, 0, 0, 0, 0, 0, 0, 0, 0, 0, 0, 0, 0, 0, 0, 0, 0, 0, 0]",263,128,0.0,0.0,5037170235,5037176817,5037177179,5037183675,0,63967,63967,710899,1,6582,6496,4,160,160,1
205,2,"[4, 4, 1344, 5, 5, 0, 0, 0, 0, 0, 0, 0, 0, 0, 0, 0, 0, 0, 0, 0, 0, 0, 0, 0, 0, 0, 0, 0, 0, 0]",1344,512,1075200.0,2688000.0,5037240065,5037247234,5037247642,5037299577,272,61727,61727,710898,1,7169,51935,4,160,160,1
203,2,"[4, 1344, 10, 10, 1344, 5, 5, 3, 3, 1, 1, 2, 2, 1, 1, 1344, 4, 0, 0, 0, 0, 0, 0, 0, 0, 0, 0, 0, 0, 0]",12096,1024,0.0,0.0,5037354024,5037376459,5037361304,5037477047,0,4640,4000,710897,2,13953,115103,4,160,160,1
159,2,"[4, 4, 1344, 10, 10, 0, 0, 0, 0, 0, 0, 0, 0, 0, 0, 0, 0, 0, 0, 0, 0, 0, 0, 0, 0, 0, 0, 0, 0, 0]",1050,128,0.0,0.0,5037430072,5037436647,5037481047,5037500407,0,5280,5280,710895,1,6575,19360,4,160,160,1
205,2,"[4, 4, 1344, 10, 10, 0, 0, 0, 0, 0, 0, 0, 0, 0, 0, 0, 0, 0, 0, 0, 0, 0, 0, 0, 0, 0, 0, 0, 0, 0]",1344,512,4300800.0,10752000.0,5037498027,5037505145,5037505687,5037563638,272,83519,83519,710894,1,7118,57951,4,160,160,1
203,2,"[4, 224, 10, 10, 1344, 10, 10, 1, 1, 0, 0, 1, 1, 1, 1, 1, 4, 0, 0, 0, 0, 0, 0, 0, 0, 0, 0, 0, 0, 0]",350,256,240844800.0,3713024.0,5037638749,5037737091,5037647157,5037956401,10496,24353,10080,710893,3,29154,294971,4,160,160,1
234,2,"[4, 4, 224, 10, 10, 0, 0, 0, 0, 0, 0, 0, 0, 0, 0, 4, 4, 1, 1, 1, 0, 0, 0, 0, 0, 0, 0, 0, 0, 0]",350,128,89600.0,1075200.0,5037830339,5037837174,5037966481,5037972497,0,704,704,710891,1,6835,6016,4,160,160,1
205,2,"[4, 4, 224, 10, 10, 0, 0, 0, 0, 0, 0, 0, 0, 0, 0, 0, 0, 0, 0, 0, 0, 0, 0, 0, 0, 0, 0, 0, 0, 0]",224,512,716800.0,1792000.0,5037901168,5037908710,5037973201,5037985425,272,87678,87678,710890,1,7542,12224,4,160,160,1
203,2,"[4, 1344, 10, 10, 224, 10, 10, 1, 1, 0, 0, 1, 1, 1, 1, 1, 4, 0, 0, 0, 0, 0, 0, 0, 0, 0, 0, 0, 0, 0]",84,256,240844800.0,3713024.0,5038064033,5038161631,5038073103,5038298092,32768,23296,11040,710889,4,27469,212733,4,160,160,1
23,2,"[4, 4, 1344, 1, 1, 0, 0, 0, 0, 0, 0, 0, 0, 0, 0, 4, 4, 1344, 10, 10, 0, 0, 0, 0, 0, 0, 0, 0, 0, 0]",2100,128,537600.0,6451200.0,5038244132,5038265998,5038309132,5038360652,0,16735,16127,710888,2,11859,50912,4,160,160,1
156,2,"[4, 4, 1344, 1, 1, 0, 0, 0, 0, 0, 0, 0, 0, 0, 0, 0, 0, 0, 0, 0, 0, 0, 0, 0, 0, 0, 0, 0, 0, 0]",11,128,107520.0,43008.0,5038320065,5038326792,5038376779,5038379435,0,28640,28640,710887,1,6727,2656,4,160,160,1
203,2,"[4, 56, 1, 1, 1344, 1, 1, 1, 1, 0, 0, 1, 1, 1, 1, 1, 4, 0, 0, 0, 0, 0, 0, 0, 0, 0, 0, 0, 0, 0]",84,256,602112.0,323456.0,5038399759,5038523810,5038408075,5038530185,3328,115678,94975,710886,4,30756,101407,4,160,160,1
159,2,"[4, 4, 56, 1, 1, 0, 0, 0, 0, 0, 0, 0, 0, 0, 0, 0, 0, 0, 0, 0, 0, 0, 0, 0, 0, 0, 0, 0, 0, 0]",1,128,0.0,0.0,5038618288,5038624861,5038625160,5038628072,0,79359,79359,710884,1,6573,2912,4,160,160,1
203,2,"[4, 1344, 1, 1, 56, 1, 1, 1, 1, 0, 0, 1, 1, 1, 1, 1, 4, 0, 0, 0, 0, 0, 0, 0, 0, 0, 0, 0, 0, 0]",84,256,0.0,0.0,5038699093,5038815882,5038707431,5038821702,2304,200606,110335,710883,4,28154,24000,4,160,160,1
199,2,"[4, 4, 1344, 10, 10, 0, 0, 0, 0, 0, 0, 0, 0, 0, 0, 0, 0, 0, 0, 0, 0, 0, 0, 0, 0, 0, 0, 0, 0, 0]",2100,128,0.0,0.0,5038924628,5038931807,5038932037,5038940164,0,52799,52799,710882,1,7179,8127,4,160,160,1
159,2,"[4, 4, 1344, 10, 10, 0, 0, 0, 0, 0, 0, 0, 0, 0, 0, 0, 0, 0, 0, 0, 0, 0, 0, 0, 0, 0, 0, 0, 0, 0]",1050,128,0.0,0.0,5038985858,5038992510,5038992963,5039013571,0,49344,49344,710880,1,6652,20608,4,160,160,1
205,2,"[4, 4, 1344, 10, 10, 0, 0, 0, 0, 0, 0, 0, 0, 0, 0, 0, 0, 0, 0, 0, 0, 0, 0, 0, 0, 0, 0, 0, 0, 0]",1344,512,4300800.0,10752000.0,5039055229,5039062539,5039062915,5039121506,272,51039,51039,710879,1,7310,58591,4,160,160,1
203,2,"[4, 1344, 10, 10, 1344, 10, 10, 3, 3, 1, 1, 1, 1, 1, 1, 1344, 4, 0, 0, 0, 0, 0, 0, 0, 0, 0, 0, 0, 0, 0]",12096,1024,0.0,0.0,5039165037,5039186074,5039172545,5039347263,0,5216,4544,710878,2,13380,174046,4,160,160,1
159,2,"[4, 4, 1344, 10, 10, 0, 0, 0, 0, 0, 0, 0, 0, 0, 0, 0, 0, 0, 0, 0, 0, 0, 0, 0, 0, 0, 0, 0, 0, 0]",1050,128,0.0,0.0,5039240507,5039246886,5039351807,5039372415,0,576,576,710876,1,6379,20608,4,160,160,1
205,2,"[4, 4, 1344, 10, 10, 0, 0, 0, 0, 0, 0, 0, 0, 0, 0, 0, 0, 0, 0, 0, 0, 0, 0, 0, 0, 0, 0, 0, 0, 0]",1344,512,4300800.0,10752000.0,5039304080,5039310953,5039372991,5039430110,272,20000,20000,710875,1,6873,57119,4,160,160,1
203,2,"[4, 224, 10, 10, 1344, 10, 10, 1, 1, 0, 0, 1, 1, 1, 1, 1, 4, 0, 0, 0, 0, 0, 0, 0, 0, 0, 0, 0, 0, 0]",350,256,240844800.0,3713024.0,5039441789,5039528815,5039450110,5039737946,10496,25472,17312,710874,3,21373,279676,4,160,160,1
234,2,"[4, 4, 224, 10, 10, 0, 0, 0, 0, 0, 0, 0, 0, 0, 0, 4, 4, 1, 1, 1, 0, 0, 0, 0, 0, 0, 0, 0, 0, 0]",350,128,89600.0,1075200.0,5039639285,5039648449,5039755258,5039759226,0,640,640,710872,1,9164,3968,4,160,160,1
205,2,"[4, 4, 224, 10, 10, 0, 0, 0, 0, 0, 0, 0, 0, 0, 0, 0, 0, 0, 0, 0, 0, 0, 0, 0, 0, 0, 0, 0, 0, 0]",224,512,716800.0,1792000.0,5039714776,5039722093,5039759866,5039771994,272,110366,110366,710871,1,7317,12128,4,160,160,1
203,2,"[4, 1344, 10, 10, 224, 10, 10, 1, 1, 0, 0, 1, 1, 1, 1, 1, 4, 0, 0, 0, 0, 0, 0, 0, 0, 0, 0, 0, 0, 0]",84,256,240844800.0,3713024.0,5039873447,5039972495,5039882360,5040105877,32768,24705,11681,710870,4,29076,210493,4,160,160,1
23,2,"[4, 4, 1344, 1, 1, 0, 0, 0, 0, 0, 0, 0, 0, 0, 0, 4, 4, 1344, 10, 10, 0, 0, 0, 0, 0, 0, 0, 0, 0, 0]",2100,128,537600.0,6451200.0,5040055878,5040077986,5040117558,5040169173,0,16640,15712,710869,2,12175,50687,4,160,160,1
156,2,"[4, 4, 1344, 1, 1, 0, 0, 0, 0, 0, 0, 0, 0, 0, 0, 0, 0, 0, 0, 0, 0, 0, 0, 0, 0, 0, 0, 0, 0, 0]",11,128,107520.0,43008.0,5040133485,5040140449,5040184885,5040187541,0,37695,37695,710868,1,6964,2656,4,160,160,1
203,2,"[4, 56, 1, 1, 1344, 1, 1, 1, 1, 0, 0, 1, 1, 1, 1, 1, 4, 0, 0, 0, 0, 0, 0, 0, 0, 0, 0, 0, 0, 0]",84,256,602112.0,323456.0,5040216640,5040336466,5040225236,5040342771,3328,115359,98174,710867,4,29102,100350,4,160,160,1
159,2,"[4, 4, 56, 1, 1, 0, 0, 0, 0, 0, 0, 0, 0, 0, 0, 0, 0, 0, 0, 0, 0, 0, 0, 0, 0, 0, 0, 0, 0, 0]",1,128,0.0,0.0,5040434014,5040442828,5040440945,5040443921,0,79775,79775,710865,1,8814,2976,4,160,160,1
203,2,"[4, 1344, 1, 1, 56, 1, 1, 1, 1, 0, 0, 1, 1, 1, 1, 1, 4, 0, 0, 0, 0, 0, 0, 0, 0, 0, 0, 0, 0, 0]",84,256,0.0,0.0,5040515403,5040630064,5040523696,5040635951,2304,201277,113214,710864,4,28132,24192,4,160,160,1
199,2,"[4, 4, 1344, 10, 10, 0, 0, 0, 0, 0, 0, 0, 0, 0, 0, 0, 0, 0, 0, 0, 0, 0, 0, 0, 0, 0, 0, 0, 0, 0]",2100,128,0.0,0.0,5040741756,5040748930,5040749165,5040757037,0,50687,50687,710863,1,7174,7872,4,160,160,1
159,2,"[4, 4, 1344, 10, 10, 0, 0, 0, 0, 0, 0, 0, 0, 0, 0, 0, 0, 0, 0, 0, 0, 0, 0, 0, 0, 0, 0, 0, 0, 0]",1050,128,0.0,0.0,5040800964,5040807338,5040807724,5040828364,0,50848,50848,710861,1,6374,20640,4,160,160,1
205,2,"[4, 4, 1344, 10, 10, 0, 0, 0, 0, 0, 0, 0, 0, 0, 0, 0, 0, 0, 0, 0, 0, 0, 0, 0, 0, 0, 0, 0, 0, 0]",1344,512,4300800.0,10752000.0,5040871392,5040878874,5040879212,5040936811,272,55487,55487,710860,1,7482,57599,4,160,160,1
203,2,"[4, 1344, 10, 10, 1344, 10, 10, 3, 3, 1, 1, 1, 1, 1, 1, 1344, 4, 0, 0, 0, 0, 0, 0, 0, 0, 0, 0, 0, 0, 0]",12096,1024,0.0,0.0,5040984680,5041005158,5040992298,5041166920,0,5151,4512,710859,2,12924,173983,4,160,160,1
159,2,"[4, 4, 1344, 10, 10, 0, 0, 0, 0, 0, 0, 0, 0, 0, 0, 0, 0, 0, 0, 0, 0, 0, 0, 0, 0, 0, 0, 0, 0, 0]",1050,128,0.0,0.0,5041057263,5041063820,5041171432,5041191880,0,672,672,710857,1,6557,20448,4,160,160,1
205,2,"[4, 4, 1344, 10, 10, 0, 0, 0, 0, 0, 0, 0, 0, 0, 0, 0, 0, 0, 0, 0, 0, 0, 0, 0, 0, 0, 0, 0, 0, 0]",1344,512,4300800.0,10752000.0,5041122772,5041131307,5041192552,5041249223,272,21408,21408,710856,1,8535,56671,4,160,160,1
203,2,"[4, 224, 10, 10, 1344, 10, 10, 1, 1, 0, 0, 1, 1, 1, 1, 1, 4, 0, 0, 0, 0, 0, 0, 0, 0, 0, 0, 0, 0, 0]",350,256,240844800.0,3713024.0,5041262328,5041349297,5041270631,5041551395,10496,25375,16960,710855,3,21513,272349,4,160,160,1
234,2,"[4, 4, 224, 10, 10, 0, 0, 0, 0, 0, 0, 0, 0, 0, 0, 4, 4, 1, 1, 1, 0, 0, 0, 0, 0, 0, 0, 0, 0, 0]",350,128,89600.0,1075200.0,5041462895,5041470171,5041568355,5041572419,0,672,672,710853,1,7276,4064,4,160,160,1
205,2,"[4, 4, 224, 10, 10, 0, 0, 0, 0, 0, 0, 0, 0, 0, 0, 0, 0, 0, 0, 0, 0, 0, 0, 0, 0, 0, 0, 0, 0, 0]",224,512,716800.0,1792000.0,5041534011,5041541423,5041573091,5041585411,272,125790,125790,710852,1,7412,12320,4,160,160,1
203,2,"[4, 1344, 10, 10, 224, 10, 10, 1, 1, 0, 0, 1, 1, 1, 1, 1, 4, 0, 0, 0, 0, 0, 0, 0, 0, 0, 0, 0, 0, 0]",84,256,240844800.0,3713024.0,5041701798,5041799956,5041711201,5041933854,32768,24256,11008,710851,4,28125,209405,4,160,160,1
23,2,"[4, 4, 1344, 1, 1, 0, 0, 0, 0, 0, 0, 0, 0, 0, 0, 4, 4, 1344, 10, 10, 0, 0, 0, 0, 0, 0, 0, 0, 0, 0]",2100,128,537600.0,6451200.0,5041881573,5041904264,5041944862,5041996189,0,16032,15424,710850,2,12310,50719,4,160,160,1
156,2,"[4, 4, 1344, 1, 1, 0, 0, 0, 0, 0, 0, 0, 0, 0, 0, 0, 0, 0, 0, 0, 0, 0, 0, 0, 0, 0, 0, 0, 0, 0]",11,128,107520.0,43008.0,5041962581,5041969263,5042011613,5042014269,0,36416,36416,710849,1,6682,2656,4,160,160,1
203,2,"[4, 56, 1, 1, 1344, 1, 1, 1, 1, 0, 0, 1, 1, 1, 1, 1, 4, 0, 0, 0, 0, 0, 0, 0, 0, 0, 0, 0, 0, 0]",84,256,602112.0,323456.0,5042042311,5042162623,5042050685,5042169083,3328,117502,99487,710848,4,29118,100383,4,160,160,1
159,2,"[4, 4, 56, 1, 1, 0, 0, 0, 0, 0, 0, 0, 0, 0, 0, 0, 0, 0, 0, 0, 0, 0, 0, 0, 0, 0, 0, 0, 0, 0]",1,128,0.0,0.0,5042261502,5042268345,5042268570,5042271418,0,77919,77919,710846,1,6843,2848,4,160,160,1
203,2,"[4, 1344, 1, 1, 56, 1, 1, 1, 1, 0, 0, 1, 1, 1, 1, 1, 4, 0, 0, 0, 0, 0, 0, 0, 0, 0, 0, 0, 0, 0]",84,256,0.0,0.0,5042340985,5042455005,5042349337,5042460856,2304,200637,113502,710845,4,27632,24384,4,160,160,1
199,2,"[4, 4, 1344, 10, 10, 0, 0, 0, 0, 0, 0, 0, 0, 0, 0, 0, 0, 0, 0, 0, 0, 0, 0, 0, 0, 0, 0, 0, 0, 0]",2100,128,0.0,0.0,5042566608,5042574086,5042574358,5042581782,0,51456,51456,710844,1,7478,7424,4,160,160,1
159,2,"[4, 4, 1344, 10, 10, 0, 0, 0, 0, 0, 0, 0, 0, 0, 0, 0, 0, 0, 0, 0, 0, 0, 0, 0, 0, 0, 0, 0, 0, 0]",1050,128,0.0,0.0,5042626413,5042632750,5042633238,5042654069,0,47263,47263,710842,1,6337,20831,4,160,160,1
205,2,"[4, 4, 1344, 10, 10, 0, 0, 0, 0, 0, 0, 0, 0, 0, 0, 0, 0, 0, 0, 0, 0, 0, 0, 0, 0, 0, 0, 0, 0, 0]",1344,512,4300800.0,10752000.0,5042693645,5042700947,5042701332,5042759348,272,56991,56991,710841,1,7302,58016,4,160,160,1
203,2,"[4, 1344, 10, 10, 1344, 10, 10, 3, 3, 1, 1, 1, 1, 1, 1, 1344, 4, 0, 0, 0, 0, 0, 0, 0, 0, 0, 0, 0, 0, 0]",12096,1024,0.0,0.0,5042808806,5042829023,5042816339,5042991569,0,5280,4608,710840,2,12810,174558,4,160,160,1
159,2,"[4, 4, 1344, 10, 10, 0, 0, 0, 0, 0, 0, 0, 0, 0, 0, 0, 0, 0, 0, 0, 0, 0, 0, 0, 0, 0, 0, 0, 0, 0]",1050,128,0.0,0.0,5042881639,5042887972,5042996177,5043016625,0,736,736,710838,1,6333,20448,4,160,160,1
205,2,"[4, 4, 1344, 10, 10, 0, 0, 0, 0, 0, 0, 0, 0, 0, 0, 0, 0, 0, 0, 0, 0, 0, 0, 0, 0, 0, 0, 0, 0, 0]",1344,512,4300800.0,10752000.0,5042947540,5042954701,5043017361,5043075120,272,17248,17248,710837,1,7161,57759,4,160,160,1
203,2,"[4, 224, 10, 10, 1344, 10, 10, 1, 1, 0, 0, 1, 1, 1, 1, 1, 4, 0, 0, 0, 0, 0, 0, 0, 0, 0, 0, 0, 0, 0]",350,256,240844800.0,3713024.0,5043083870,5043172983,5043092368,5043380844,10496,25824,17696,710836,3,23743,280348,4,160,160,1
234,2,"[4, 4, 224, 10, 10, 0, 0, 0, 0, 0, 0, 0, 0, 0, 0, 4, 4, 1, 1, 1, 0, 0, 0, 0, 0, 0, 0, 0, 0, 0]",350,128,89600.0,1075200.0,5043287068,5043293964,5043398540,5043402572,0,576,576,710834,1,6896,4032,4,160,160,1
205,2,"[4, 4, 224, 10, 10, 0, 0, 0, 0, 0, 0, 0, 0, 0, 0, 0, 0, 0, 0, 0, 0, 0, 0, 0, 0, 0, 0, 0, 0, 0]",224,512,716800.0,1792000.0,5043359833,5043367371,5043403148,5043415371,272,116063,116063,710833,1,7538,12223,4,160,160,1
203,2,"[4, 1344, 10, 10, 224, 10, 10, 1, 1, 0, 0, 1, 1, 1, 1, 1, 4, 0, 0, 0, 0, 0, 0, 0, 0, 0, 0, 0, 0, 0]",84,256,240844800.0,3713024.0,5043522402,5043617754,5043531434,5043753159,32768,23840,11328,710832,4,26701,209213,4,160,160,1
23,2,"[4, 4, 1344, 1, 1, 0, 0, 0, 0, 0, 0, 0, 0, 0, 0, 4, 4, 1344, 10, 10, 0, 0, 0, 0, 0, 0, 0, 0, 0, 0]",2100,128,537600.0,6451200.0,5043698810,5043724036,5043764487,5043815847,0,16607,15903,710831,2,14602,50656,4,160,160,1
156,2,"[4, 4, 1344, 1, 1, 0, 0, 0, 0, 0, 0, 0, 0, 0, 0, 0, 0, 0, 0, 0, 0, 0, 0, 0, 0, 0, 0, 0, 0, 0]",11,128,107520.0,43008.0,5043778526,5043785180,5043831750,5043834374,0,31872,31872,710830,1,6654,2624,4,160,160,1
203,2,"[4, 56, 1, 1, 1344, 1, 1, 1, 1, 0, 0, 1, 1, 1, 1, 1, 4, 0, 0, 0, 0, 0, 0, 0, 0, 0, 0, 0, 0, 0]",84,256,602112.0,323456.0,5043857738,5043979345,5043866246,5043983396,3328,118046,100895,710829,4,30913,99999,4,160,160,1
159,2,"[4, 4, 56, 1, 1, 0, 0, 0, 0, 0, 0, 0, 0, 0, 0, 0, 0, 0, 0, 0, 0, 0, 0, 0, 0, 0, 0, 0, 0, 0]",1,128,0.0,0.0,5044077321,5044083925,5044084291,5044087171,0,77375,77375,710827,1,6604,2880,4,160,160,1
203,2,"[4, 1344, 1, 1, 56, 1, 1, 1, 1, 0, 0, 1, 1, 1, 1, 1, 4, 0, 0, 0, 0, 0, 0, 0, 0, 0, 0, 0, 0, 0]",84,256,0.0,0.0,5044156354,5044272990,5044164546,5044278721,2304,199965,110270,710826,4,27965,24480,4,160,160,1
199,2,"[4, 4, 1344, 10, 10, 0, 0, 0, 0, 0, 0, 0, 0, 0, 0, 0, 0, 0, 0, 0, 0, 0, 0, 0, 0, 0, 0, 0, 0, 0]",2100,128,0.0,0.0,5044381319,5044388752,5044388991,5044396415,0,49279,49279,710825,1,7433,7424,4,160,160,1
159,2,"[4, 4, 1344, 10, 10, 0, 0, 0, 0, 0, 0, 0, 0, 0, 0, 0, 0, 0, 0, 0, 0, 0, 0, 0, 0, 0, 0, 0, 0, 0]",1050,128,0.0,0.0,5044438878,5044445286,5044445694,5044466430,0,52223,52223,710823,1,6408,20736,4,160,160,1
205,2,"[4, 4, 1344, 10, 10, 0, 0, 0, 0, 0, 0, 0, 0, 0, 0, 0, 0, 0, 0, 0, 0, 0, 0, 0, 0, 0, 0, 0, 0, 0]",1344,512,4300800.0,10752000.0,5044510872,5044518400,5044518653,5044575677,272,54463,54463,710822,1,7528,57024,4,160,160,1
203,2,"[4, 1344, 10, 10, 1344, 10, 10, 3, 3, 1, 1, 1, 1, 1, 1, 1344, 4, 0, 0, 0, 0, 0, 0, 0, 0, 0, 0, 0, 0, 0]",12096,1024,0.0,0.0,5044622716,5044642916,5044630140,5044804794,0,5312,4608,710821,2,12731,173950,4,160,160,1
159,2,"[4, 4, 1344, 10, 10, 0, 0, 0, 0, 0, 0, 0, 0, 0, 0, 0, 0, 0, 0, 0, 0, 0, 0, 0, 0, 0, 0, 0, 0, 0]",1050,128,0.0,0.0,5044698894,5044706832,5044809402,5044830201,0,576,576,710819,1,7938,20799,4,160,160,1
205,2,"[4, 4, 1344, 10, 10, 0, 0, 0, 0, 0, 0, 0, 0, 0, 0, 0, 0, 0, 0, 0, 0, 0, 0, 0, 0, 0, 0, 0, 0, 0]",1344,512,4300800.0,10752000.0,5044767450,5044774510,5044830777,5044888217,272,24928,24928,710818,1,7060,57440,4,160,160,1
203,2,"[4, 224, 10, 10, 1344, 10, 10, 1, 1, 0, 0, 1, 1, 1, 1, 1, 4, 0, 0, 0, 0, 0, 0, 0, 0, 0, 0, 0, 0, 0]",350,256,240844800.0,3713024.0,5044905028,5044993724,5044913145,5045219957,10496,25631,17215,710817,3,21077,298396,4,160,160,1
234,2,"[4, 4, 224, 10, 10, 0, 0, 0, 0, 0, 0, 0, 0, 0, 0, 4, 4, 1, 1, 1, 0, 0, 0, 0, 0, 0, 0, 0, 0, 0]",350,128,89600.0,1075200.0,5045105043,5045111917,5045237172,5045241236,0,544,544,710815,1,6874,4064,4,160,160,1
205,2,"[4, 4, 224, 10, 10, 0, 0, 0, 0, 0, 0, 0, 0, 0, 0, 0, 0, 0, 0, 0, 0, 0, 0, 0, 0, 0, 0, 0, 0, 0]",224,512,716800.0,1792000.0,5045176369,5045183822,5045241780,5045254004,272,94591,94591,710814,1,7453,12224,4,160,160,1
203,2,"[4, 1344, 10, 10, 224, 10, 10, 1, 1, 0, 0, 1, 1, 1, 1, 1, 4, 0, 0, 0, 0, 0, 0, 0, 0, 0, 0, 0, 0, 0]",84,256,240844800.0,3713024.0,5045339583,5045433606,5045348595,5045572560,32768,23456,11104,710813,4,26795,211613,4,160,160,1
23,2,"[4, 4, 1344, 1, 1, 0, 0, 0, 0, 0, 0, 0, 0, 0, 0, 4, 4, 1344, 10, 10, 0, 0, 0, 0, 0, 0, 0, 0, 0, 0]",2100,128,537600.0,6451200.0,5045516115,5045538196,5045583664,5045635119,0,15840,15168,710812,2,12205,50783,4,160,160,1
156,2,"[4, 4, 1344, 1, 1, 0, 0, 0, 0, 0, 0, 0, 0, 0, 0, 0, 0, 0, 0, 0, 0, 0, 0, 0, 0, 0, 0, 0, 0, 0]",11,128,107520.0,43008.0,5045592639,5045599489,5045650287,5045652943,0,35231,35231,710811,1,6850,2656,4,160,160,1
203,2,"[4, 56, 1, 1, 1344, 1, 1, 1, 1, 0, 0, 1, 1, 1, 1, 1, 4, 0, 0, 0, 0, 0, 0, 0, 0, 0, 0, 0, 0, 0]",84,256,602112.0,323456.0,5045679568,5045801111,5045688174,5045807469,3328,116640,98623,710810,4,28634,101278,4,160,160,1
159,2,"[4, 4, 56, 1, 1, 0, 0, 0, 0, 0, 0, 0, 0, 0, 0, 0, 0, 0, 0, 0, 0, 0, 0, 0, 0, 0, 0, 0, 0, 0]",1,128,0.0,0.0,5045899263,5045905821,5045906092,5045908940,0,77087,77087,710808,1,6558,2848,4,160,160,1
203,2,"[4, 1344, 1, 1, 56, 1, 1, 1, 1, 0, 0, 1, 1, 1, 1, 1, 4, 0, 0, 0, 0, 0, 0, 0, 0, 0, 0, 0, 0, 0]",84,256,0.0,0.0,5045977980,5046095387,5045986027,5046101065,2304,203742,112863,710807,4,27785,24159,4,160,160,1
199,2,"[4, 4, 1344, 10, 10, 0, 0, 0, 0, 0, 0, 0, 0, 0, 0, 0, 0, 0, 0, 0, 0, 0, 0, 0, 0, 0, 0, 0, 0, 0]",2100,128,0.0,0.0,5046206303,5046213451,5046213928,5046221320,0,50559,50559,710806,1,7148,7392,4,160,160,1
159,2,"[4, 4, 1344, 10, 10, 0, 0, 0, 0, 0, 0, 0, 0, 0, 0, 0, 0, 0, 0, 0, 0, 0, 0, 0, 0, 0, 0, 0, 0, 0]",1050,128,0.0,0.0,5046264974,5046271526,5046271879,5046292743,0,50079,50079,710804,1,6552,20864,4,160,160,1
205,2,"[4, 4, 1344, 10, 10, 0, 0, 0, 0, 0, 0, 0, 0, 0, 0, 0, 0, 0, 0, 0, 0, 0, 0, 0, 0, 0, 0, 0, 0, 0]",1344,512,4300800.0,10752000.0,5046335151,5046342494,5046342822,5046400070,272,54367,54367,710803,1,7343,57248,4,160,160,1
203,2,"[4, 1344, 10, 10, 1344, 10, 10, 3, 3, 1, 1, 1, 1, 1, 1, 1344, 4, 0, 0, 0, 0, 0, 0, 0, 0, 0, 0, 0, 0, 0]",12096,1024,0.0,0.0,5046446960,5046466014,5046454437,5046628835,0,5280,4576,710802,2,12650,173694,4,160,160,1
159,2,"[4, 4, 1344, 10, 10, 0, 0, 0, 0, 0, 0, 0, 0, 0, 0, 0, 0, 0, 0, 0, 0, 0, 0, 0, 0, 0, 0, 0, 0, 0]",1050,128,0.0,0.0,5046521556,5046528356,5046633411,5046654018,0,737,737,710800,1,6800,20607,4,160,160,1
205,2,"[4, 4, 1344, 10, 10, 0, 0, 0, 0, 0, 0, 0, 0, 0, 0, 0, 0, 0, 0, 0, 0, 0, 0, 0, 0, 0, 0, 0, 0, 0]",1344,512,4300800.0,10752000.0,5046587439,5046594384,5046654755,5046712642,272,18400,18400,710799,1,6945,57887,4,160,160,1
203,2,"[4, 224, 10, 10, 1344, 10, 10, 1, 1, 0, 0, 1, 1, 1, 1, 1, 4, 0, 0, 0, 0, 0, 0, 0, 0, 0, 0, 0, 0, 0]",350,256,240844800.0,3713024.0,5046722852,5046811144,5046731042,5047034494,10496,26943,17567,710798,3,21898,294076,4,160,160,1
234,2,"[4, 4, 224, 10, 10, 0, 0, 0, 0, 0, 0, 0, 0, 0, 0, 4, 4, 1, 1, 1, 0, 0, 0, 0, 0, 0, 0, 0, 0, 0]",350,128,89600.0,1075200.0,5046922867,5046929845,5047052061,5047056189,0,609,609,710796,1,6978,4128,4,160,160,1
205,2,"[4, 4, 224, 10, 10, 0, 0, 0, 0, 0, 0, 0, 0, 0, 0, 0, 0, 0, 0, 0, 0, 0, 0, 0, 0, 0, 0, 0, 0, 0]",224,512,716800.0,1792000.0,5046996564,5047003946,5047056798,5047069085,272,96639,96639,710795,1,7382,12287,4,160,160,1
203,2,"[4, 1344, 10, 10, 224, 10, 10, 1, 1, 0, 0, 1, 1, 1, 1, 1, 4, 0, 0, 0, 0, 0, 0, 0, 0, 0, 0, 0, 0, 0]",84,256,240844800.0,3713024.0,5047156542,5047253457,5047165724,5047388217,32768,24224,11104,710794,4,29473,209373,4,160,160,1
23,2,"[4, 4, 1344, 1, 1, 0, 0, 0, 0, 0, 0, 0, 0, 0, 0, 4, 4, 1344, 10, 10, 0, 0, 0, 0, 0, 0, 0, 0, 0, 0]",2100,128,537600.0,6451200.0,5047335446,5047356787,5047399321,5047450968,0,16672,16064,710793,2,11820,51039,4,160,160,1
156,2,"[4, 4, 1344, 1, 1, 0, 0, 0, 0, 0, 0, 0, 0, 0, 0, 0, 0, 0, 0, 0, 0, 0, 0, 0, 0, 0, 0, 0, 0, 0]",11,128,107520.0,43008.0,5047411409,5047418145,5047467032,5047469752,0,28832,28832,710792,1,6736,2720,4,160,160,1
203,2,"[4, 56, 1, 1, 1344, 1, 1, 1, 1, 0, 0, 1, 1, 1, 1, 1, 4, 0, 0, 0, 0, 0, 0, 0, 0, 0, 0, 0, 0, 0]",84,256,602112.0,323456.0,5047489811,5047612648,5047498584,5047619094,3328,114910,96063,710791,4,30745,101663,4,160,160,1
159,2,"[4, 4, 56, 1, 1, 0, 0, 0, 0, 0, 0, 0, 0, 0, 0, 0, 0, 0, 0, 0, 0, 0, 0, 0, 0, 0, 0, 0, 0, 0]",1,128,0.0,0.0,5047708437,5047714838,5047715157,5047718133,0,77183,77183,710789,1,6401,2976,4,160,160,1
203,2,"[4, 1344, 1, 1, 56, 1, 1, 1, 1, 0, 0, 1, 1, 1, 1, 1, 4, 0, 0, 0, 0, 0, 0, 0, 0, 0, 0, 0, 0, 0]",84,256,0.0,0.0,5047786968,5047906724,5047795316,5047912371,2304,206782,113822,710788,4,30563,24095,4,160,160,1
199,2,"[4, 4, 1344, 10, 10, 0, 0, 0, 0, 0, 0, 0, 0, 0, 0, 0, 0, 0, 0, 0, 0, 0, 0, 0, 0, 0, 0, 0, 0, 0]",2100,128,0.0,0.0,5048018759,5048025935,5048026193,5048034481,0,54239,54239,710787,1,7176,8288,4,160,160,1
159,2,"[4, 4, 1344, 10, 10, 0, 0, 0, 0, 0, 0, 0, 0, 0, 0, 0, 0, 0, 0, 0, 0, 0, 0, 0, 0, 0, 0, 0, 0, 0]",1050,128,0.0,0.0,5048081826,5048088386,5048088720,5048109552,0,49632,49632,710785,1,6560,20832,4,160,160,1
205,2,"[4, 4, 1344, 10, 10, 0, 0, 0, 0, 0, 0, 0, 0, 0, 0, 0, 0, 0, 0, 0, 0, 0, 0, 0, 0, 0, 0, 0, 0, 0]",1344,512,4300800.0,10752000.0,5048151600,5048158858,5048159184,5048217038,272,53408,53408,710784,1,7258,57854,4,160,160,1
203,2,"[4, 1344, 10, 10, 1344, 10, 10, 3, 3, 1, 1, 1, 1, 1, 1, 1344, 4, 0, 0, 0, 0, 0, 0, 0, 0, 0, 0, 0, 0, 0]",12096,1024,0.0,0.0,5048263294,5048284787,5048270446,5048444716,0,5120,4512,710783,2,14216,173662,4,160,160,1
159,2,"[4, 4, 1344, 10, 10, 0, 0, 0, 0, 0, 0, 0, 0, 0, 0, 0, 0, 0, 0, 0, 0, 0, 0, 0, 0, 0, 0, 0, 0, 0]",1050,128,0.0,0.0,5048337787,5048344143,5048449228,5048470187,0,737,737,710781,1,6356,20959,4,160,160,1
205,2,"[4, 4, 1344, 10, 10, 0, 0, 0, 0, 0, 0, 0, 0, 0, 0, 0, 0, 0, 0, 0, 0, 0, 0, 0, 0, 0, 0, 0, 0, 0]",1344,512,4300800.0,10752000.0,5048399541,5048406718,5048470924,5048528202,272,18496,18496,710780,1,7177,57278,4,160,160,1
203,2,"[4, 224, 10, 10, 1344, 10, 10, 1, 1, 0, 0, 1, 1, 1, 1, 1, 4, 0, 0, 0, 0, 0, 0, 0, 0, 0, 0, 0, 0, 0]",350,256,240844800.0,3713024.0,5048538479,5048625783,5048546698,5048850375,10496,25279,16959,710779,3,21483,295357,4,160,160,1
234,2,"[4, 4, 224, 10, 10, 0, 0, 0, 0, 0, 0, 0, 0, 0, 0, 4, 4, 1, 1, 1, 0, 0, 0, 0, 0, 0, 0, 0, 0, 0]",350,128,89600.0,1075200.0,5048737423,5048744349,5048867334,5048871270,0,672,672,710777,1,6926,3936,4,160,160,1
205,2,"[4, 4, 224, 10, 10, 0, 0, 0, 0, 0, 0, 0, 0, 0, 0, 0, 0, 0, 0, 0, 0, 0, 0, 0, 0, 0, 0, 0, 0, 0]",224,512,716800.0,1792000.0,5048810989,5048818658,5048871942,5048884198,272,94527,94527,710776,1,7669,12256,4,160,160,1
203,2,"[4, 1344, 10, 10, 224, 10, 10, 1, 1, 0, 0, 1, 1, 1, 1, 1, 4, 0, 0, 0, 0, 0, 0, 0, 0, 0, 0, 0, 0, 0]",84,256,240844800.0,3713024.0,5048969794,5049066941,5048978725,5049200738,32768,23904,11424,710775,4,26580,209533,4,160,160,1
23,2,"[4, 4, 1344, 1, 1, 0, 0, 0, 0, 0, 0, 0, 0, 0, 0, 4, 4, 1344, 10, 10, 0, 0, 0, 0, 0, 0, 0, 0, 0, 0]",2100,128,537600.0,6451200.0,5049147922,5049170190,5049212162,5049264321,0,15648,14912,710774,2,12233,51423,4,160,160,1
156,2,"[4, 4, 1344, 1, 1, 0, 0, 0, 0, 0, 0, 0, 0, 0, 0, 0, 0, 0, 0, 0, 0, 0, 0, 0, 0, 0, 0, 0, 0, 0]",11,128,107520.0,43008.0,5049223532,5049230079,5049279233,5049281889,0,31200,31200,710773,1,6547,2656,4,160,160,1
203,2,"[4, 56, 1, 1, 1344, 1, 1, 1, 1, 0, 0, 1, 1, 1, 1, 1, 4, 0, 0, 0, 0, 0, 0, 0, 0, 0, 0, 0, 0, 0]",84,256,602112.0,323456.0,5049304414,5049423993,5049313089,5049430335,3328,111230,95135,710772,4,28020,101151,4,160,160,1
159,2,"[4, 4, 56, 1, 1, 0, 0, 0, 0, 0, 0, 0, 0, 0, 0, 0, 0, 0, 0, 0, 0, 0, 0, 0, 0, 0, 0, 0, 0, 0]",1,128,0.0,0.0,5049518651,5049525153,5049525470,5049528286,0,81183,81183,710770,1,6502,2816,4,160,160,1
203,2,"[4, 1344, 1, 1, 56, 1, 1, 1, 1, 0, 0, 1, 1, 1, 1, 1, 4, 0, 0, 0, 0, 0, 0, 0, 0, 0, 0, 0, 0, 0]",84,256,0.0,0.0,5049601171,5049726541,5049609469,5049732251,2304,214109,115391,710769,4,28913,24064,4,160,160,1
199,2,"[4, 4, 1344, 10, 10, 0, 0, 0, 0, 0, 0, 0, 0, 0, 0, 0, 0, 0, 0, 0, 0, 0, 0, 0, 0, 0, 0, 0, 0, 0]",2100,128,0.0,0.0,5049840081,5049847455,5049847642,5049855066,0,51295,51295,710768,1,7374,7424,4,160,160,1
159,2,"[4, 4, 1344, 10, 10, 0, 0, 0, 0, 0, 0, 0, 0, 0, 0, 0, 0, 0, 0, 0, 0, 0, 0, 0, 0, 0, 0, 0, 0, 0]",1050,128,0.0,0.0,5049899708,5049906064,5049906361,5049926873,0,50015,50015,710766,1,6356,20512,4,160,160,1
205,2,"[4, 4, 1344, 10, 10, 0, 0, 0, 0, 0, 0, 0, 0, 0, 0, 0, 0, 0, 0, 0, 0, 0, 0, 0, 0, 0, 0, 0, 0, 0]",1344,512,4300800.0,10752000.0,5049969189,5049976567,5049976888,5050034936,272,54271,54271,710765,1,7378,58048,4,160,160,1
203,2,"[4, 1344, 10, 10, 1344, 10, 10, 3, 3, 1, 1, 1, 1, 1, 1, 1344, 4, 0, 0, 0, 0, 0, 0, 0, 0, 0, 0, 0, 0, 0]",12096,1024,0.0,0.0,5050081686,5050101631,5050089207,5050263829,0,5152,4512,710764,2,12836,173982,4,160,160,1
159,2,"[4, 4, 1344, 10, 10, 0, 0, 0, 0, 0, 0, 0, 0, 0, 0, 0, 0, 0, 0, 0, 0, 0, 0, 0, 0, 0, 0, 0, 0, 0]",1050,128,0.0,0.0,5050153943,5050160498,5050268341,5050289076,0,704,704,710762,1,6555,20735,4,160,160,1
205,2,"[4, 4, 1344, 10, 10, 0, 0, 0, 0, 0, 0, 0, 0, 0, 0, 0, 0, 0, 0, 0, 0, 0, 0, 0, 0, 0, 0, 0, 0, 0]",1344,512,4300800.0,10752000.0,5050217807,5050224697,5050289780,5050347444,272,17023,17023,710761,1,6890,57664,4,160,160,1
203,2,"[4, 224, 10, 10, 1344, 10, 10, 1, 1, 0, 0, 1, 1, 1, 1, 1, 4, 0, 0, 0, 0, 0, 0, 0, 0, 0, 0, 0, 0, 0]",350,256,240844800.0,3713024.0,5050356293,5050443975,5050364467,5050667375,10496,26112,17792,710760,3,21015,294588,4,160,160,1
234,2,"[4, 4, 224, 10, 10, 0, 0, 0, 0, 0, 0, 0, 0, 0, 0, 4, 4, 1, 1, 1, 0, 0, 0, 0, 0, 0, 0, 0, 0, 0]",350,128,89600.0,1075200.0,5050556898,5050563789,5050685167,5050689135,0,576,576,710758,1,6891,3968,4,160,160,1
205,2,"[4, 4, 224, 10, 10, 0, 0, 0, 0, 0, 0, 0, 0, 0, 0, 0, 0, 0, 0, 0, 0, 0, 0, 0, 0, 0, 0, 0, 0, 0]",224,512,716800.0,1792000.0,5050626867,5050634062,5050689711,5050701967,272,91679,91679,710757,1,7195,12256,4,160,160,1
203,2,"[4, 1344, 10, 10, 224, 10, 10, 1, 1, 0, 0, 1, 1, 1, 1, 1, 4, 0, 0, 0, 0, 0, 0, 0, 0, 0, 0, 0, 0, 0]",84,256,240844800.0,3713024.0,5050784388,5050883675,5050793646,5051018123,32768,25856,11104,710756,4,29462,209725,4,160,160,1
23,2,"[4, 4, 1344, 1, 1, 0, 0, 0, 0, 0, 0, 0, 0, 0, 0, 4, 4, 1344, 10, 10, 0, 0, 0, 0, 0, 0, 0, 0, 0, 0]",2100,128,537600.0,6451200.0,5050965221,5050987344,5051029227,5051081098,0,15968,15264,710755,2,11891,51167,4,160,160,1
156,2,"[4, 4, 1344, 1, 1, 0, 0, 0, 0, 0, 0, 0, 0, 0, 0, 0, 0, 0, 0, 0, 0, 0, 0, 0, 0, 0, 0, 0, 0, 0]",11,128,107520.0,43008.0,5051043030,5051050305,5051096362,5051099018,0,32032,32032,710754,1,7275,2656,4,160,160,1
203,2,"[4, 56, 1, 1, 1344, 1, 1, 1, 1, 0, 0, 1, 1, 1, 1, 1, 4, 0, 0, 0, 0, 0, 0, 0, 0, 0, 0, 0, 0, 0]",84,256,602112.0,323456.0,5051122854,5051241293,5051131050,5051247720,3328,114174,97983,710753,4,28431,100479,4,160,160,1
159,2,"[4, 4, 56, 1, 1, 0, 0, 0, 0, 0, 0, 0, 0, 0, 0, 0, 0, 0, 0, 0, 0, 0, 0, 0, 0, 0, 0, 0, 0, 0]",1,128,0.0,0.0,5051338404,5051345421,5051345703,5051348583,0,77183,77183,710751,1,7017,2880,4,160,160,1
203,2,"[4, 1344, 1, 1, 56, 1, 1, 1, 1, 0, 0, 1, 1, 1, 1, 1, 4, 0, 0, 0, 0, 0, 0, 0, 0, 0, 0, 0, 0, 0]",84,256,0.0,0.0,5051417734,5051532221,5051425766,5051537892,2304,203549,113727,710750,4,27441,22304,4,160,160,1
199,2,"[4, 4, 1344, 10, 10, 0, 0, 0, 0, 0, 0, 0, 0, 0, 0, 0, 0, 0, 0, 0, 0, 0, 0, 0, 0, 0, 0, 0, 0, 0]",2100,128,0.0,0.0,5051643982,5051651288,5051651619,5051659075,0,50335,50335,710749,1,7306,7456,4,160,160,1
159,2,"[4, 4, 1344, 10, 10, 0, 0, 0, 0, 0, 0, 0, 0, 0, 0, 0, 0, 0, 0, 0, 0, 0, 0, 0, 0, 0, 0, 0, 0, 0]",1050,128,0.0,0.0,5051702468,5051708910,5051709410,5051730242,0,48416,48416,710747,1,6442,20832,4,160,160,1
205,2,"[4, 4, 1344, 10, 10, 0, 0, 0, 0, 0, 0, 0, 0, 0, 0, 0, 0, 0, 0, 0, 0, 0, 0, 0, 0, 0, 0, 0, 0, 0]",1344,512,4300800.0,10752000.0,5051771121,5051778226,5051778658,5051836449,272,53631,53631,710746,1,7105,57791,4,160,160,1
203,2,"[4, 1344, 10, 10, 1344, 10, 10, 3, 3, 1, 1, 1, 1, 1, 1, 1344, 4, 0, 0, 0, 0, 0, 0, 0, 0, 0, 0, 0, 0, 0]",12096,1024,0.0,0.0,5051882916,5051902114,5051890080,5052064318,0,5280,4640,710745,2,12384,173598,4,160,160,1
159,2,"[4, 4, 1344, 10, 10, 0, 0, 0, 0, 0, 0, 0, 0, 0, 0, 0, 0, 0, 0, 0, 0, 0, 0, 0, 0, 0, 0, 0, 0, 0]",1050,128,0.0,0.0,5051955041,5051961360,5052068958,5052089501,0,640,640,710743,1,6319,20543,4,160,160,1
205,2,"[4, 4, 1344, 10, 10, 0, 0, 0, 0, 0, 0, 0, 0, 0, 0, 0, 0, 0, 0, 0, 0, 0, 0, 0, 0, 0, 0, 0, 0, 0]",1344,512,4300800.0,10752000.0,5052018923,5052025913,5052090141,5052147581,272,14048,14048,710742,1,6990,57440,4,160,160,1
203,2,"[4, 224, 10, 10, 1344, 10, 10, 1, 1, 0, 0, 1, 1, 1, 1, 1, 4, 0, 0, 0, 0, 0, 0, 0, 0, 0, 0, 0, 0, 0]",350,256,240844800.0,3713024.0,5052153512,5052240697,5052161629,5052414841,10496,24896,16800,710741,3,21136,245116,4,160,160,1
234,2,"[4, 4, 224, 10, 10, 0, 0, 0, 0, 0, 0, 0, 0, 0, 0, 4, 4, 1, 1, 1, 0, 0, 0, 0, 0, 0, 0, 0, 0, 0]",350,128,89600.0,1075200.0,5052355551,5052362222,5052431641,5052435641,0,544,544,710739,1,6671,4000,4,160,160,1
205,2,"[4, 4, 224, 10, 10, 0, 0, 0, 0, 0, 0, 0, 0, 0, 0, 0, 0, 0, 0, 0, 0, 0, 0, 0, 0, 0, 0, 0, 0, 0]",224,512,716800.0,1792000.0,5052427682,5052435553,5052436185,5052448377,272,148190,148190,710738,1,7871,12192,4,160,160,1
203,2,"[4, 1344, 10, 10, 224, 10, 10, 1, 1, 0, 0, 1, 1, 1, 1, 1, 4, 0, 0, 0, 0, 0, 0, 0, 0, 0, 0, 0, 0, 0]",84,256,240844800.0,3713024.0,5052587129,5052682079,5052596567,5052815444,32768,23520,11008,710737,4,26957,206365,4,160,160,1
23,2,"[4, 4, 1344, 1, 1, 0, 0, 0, 0, 0, 0, 0, 0, 0, 0, 4, 4, 1344, 10, 10, 0, 0, 0, 0, 0, 0, 0, 0, 0, 0]",2100,128,537600.0,6451200.0,5052761810,5052784630,5052826452,5052878131,0,16352,15712,710736,2,12789,51039,4,160,160,1
156,2,"[4, 4, 1344, 1, 1, 0, 0, 0, 0, 0, 0, 0, 0, 0, 0, 0, 0, 0, 0, 0, 0, 0, 0, 0, 0, 0, 0, 0, 0, 0]",11,128,107520.0,43008.0,5052840932,5052847943,5052893843,5052896499,0,31840,31840,710735,1,7011,2656,4,160,160,1
203,2,"[4, 56, 1, 1, 1344, 1, 1, 1, 1, 0, 0, 1, 1, 1, 1, 1, 4, 0, 0, 0, 0, 0, 0, 0, 0, 0, 0, 0, 0, 0]",84,256,602112.0,323456.0,5052919847,5053039463,5052928339,5053045745,3328,117406,99103,710734,4,28392,99103,4,160,160,1
159,2,"[4, 4, 56, 1, 1, 0, 0, 0, 0, 0, 0, 0, 0, 0, 0, 0, 0, 0, 0, 0, 0, 0, 0, 0, 0, 0, 0, 0, 0, 0]",1,128,0.0,0.0,5053137812,5053144614,5053144848,5053147664,0,78015,78015,710732,1,6802,2816,4,160,160,1
203,2,"[4, 1344, 1, 1, 56, 1, 1, 1, 1, 0, 0, 1, 1, 1, 1, 1, 4, 0, 0, 0, 0, 0, 0, 0, 0, 0, 0, 0, 0, 0]",84,256,0.0,0.0,5053217568,5053335154,5053225679,5053340814,2304,201597,110398,710731,4,28172,23936,4,160,160,1
199,2,"[4, 4, 1344, 10, 10, 0, 0, 0, 0, 0, 0, 0, 0, 0, 0, 0, 0, 0, 0, 0, 0, 0, 0, 0, 0, 0, 0, 0, 0, 0]",2100,128,0.0,0.0,5053443687,5053450991,5053451212,5053458988,0,51103,51103,710730,1,7304,7776,4,160,160,1
159,2,"[4, 4, 1344, 10, 10, 0, 0, 0, 0, 0, 0, 0, 0, 0, 0, 0, 0, 0, 0, 0, 0, 0, 0, 0, 0, 0, 0, 0, 0, 0]",1050,128,0.0,0.0,5053503241,5053509738,5053510091,5053530571,0,52352,52352,710728,1,6497,20480,4,160,160,1
205,2,"[4, 4, 1344, 10, 10, 0, 0, 0, 0, 0, 0, 0, 0, 0, 0, 0, 0, 0, 0, 0, 0, 0, 0, 0, 0, 0, 0, 0, 0, 0]",1344,512,4300800.0,10752000.0,5053575265,5053582507,5053582923,5053639274,272,63711,63711,710727,1,7242,56351,4,160,160,1
203,2,"[4, 1344, 10, 10, 1344, 10, 10, 3, 3, 1, 1, 1, 1, 1, 1, 1344, 4, 0, 0, 0, 0, 0, 0, 0, 0, 0, 0, 0, 0, 0]",12096,1024,0.0,0.0,5053695409,5053715739,5053702985,5053873703,0,5088,4448,710726,2,13131,170078,4,160,160,1
159,2,"[4, 4, 1344, 10, 10, 0, 0, 0, 0, 0, 0, 0, 0, 0, 0, 0, 0, 0, 0, 0, 0, 0, 0, 0, 0, 0, 0, 0, 0, 0]",1050,128,0.0,0.0,5053769789,5053776553,5053878151,5053898790,0,609,609,710724,1,6764,20639,4,160,160,1
205,2,"[4, 4, 1344, 10, 10, 0, 0, 0, 0, 0, 0, 0, 0, 0, 0, 0, 0, 0, 0, 0, 0, 0, 0, 0, 0, 0, 0, 0, 0, 0]",1344,512,4300800.0,10752000.0,5053837197,5053844146,5053899399,5053956614,272,25599,25599,710723,1,6949,57215,4,160,160,1
203,2,"[4, 224, 10, 10, 1344, 10, 10, 1, 1, 0, 0, 1, 1, 1, 1, 1, 4, 0, 0, 0, 0, 0, 0, 0, 0, 0, 0, 0, 0, 0]",350,256,240844800.0,3713024.0,5053973402,5054063174,5053982213,5054282114,10496,24511,16447,710722,3,21725,291837,4,160,160,1
234,2,"[4, 4, 224, 10, 10, 0, 0, 0, 0, 0, 0, 0, 0, 0, 0, 4, 4, 1, 1, 1, 0, 0, 0, 0, 0, 0, 0, 0, 0, 0]",350,128,89600.0,1075200.0,5054174701,5054181721,5054298561,5054302497,0,672,672,710720,1,7020,3936,4,160,160,1
205,2,"[4, 4, 224, 10, 10, 0, 0, 0, 0, 0, 0, 0, 0, 0, 0, 0, 0, 0, 0, 0, 0, 0, 0, 0, 0, 0, 0, 0, 0, 0]",224,512,716800.0,1792000.0,5054245393,5054252899,5054303169,5054315137,272,98943,98943,710719,1,7506,11968,4,160,160,1
203,2,"[4, 1344, 10, 10, 224, 10, 10, 1, 1, 0, 0, 1, 1, 1, 1, 1, 4, 0, 0, 0, 0, 0, 0, 0, 0, 0, 0, 0, 0, 0]",84,256,240844800.0,3713024.0,5054405071,5054499158,5054414080,5054631133,32768,23200,11040,710718,4,26034,204893,4,160,160,1
23,2,"[4, 4, 1344, 1, 1, 0, 0, 0, 0, 0, 0, 0, 0, 0, 0, 4, 4, 1344, 10, 10, 0, 0, 0, 0, 0, 0, 0, 0, 0, 0]",2100,128,537600.0,6451200.0,5054579104,5054603785,5054642173,5054693693,0,15903,15167,710717,2,14243,50784,4,160,160,1
156,2,"[4, 4, 1344, 1, 1, 0, 0, 0, 0, 0, 0, 0, 0, 0, 0, 0, 0, 0, 0, 0, 0, 0, 0, 0, 0, 0, 0, 0, 0, 0]",11,128,107520.0,43008.0,5054657121,5054663567,5054708860,5054711580,0,32864,32864,710716,1,6446,2720,4,160,160,1
203,2,"[4, 56, 1, 1, 1344, 1, 1, 1, 1, 0, 0, 1, 1, 1, 1, 1, 4, 0, 0, 0, 0, 0, 0, 0, 0, 0, 0, 0, 0, 0]",84,256,602112.0,323456.0,5054736006,5054858202,5054744444,5054864538,3328,115327,94367,710715,4,30489,99134,4,160,160,1
159,2,"[4, 4, 56, 1, 1, 0, 0, 0, 0, 0, 0, 0, 0, 0, 0, 0, 0, 0, 0, 0, 0, 0, 0, 0, 0, 0, 0, 0, 0, 0]",1,128,0.0,0.0,5054952175,5054958607,5054958905,5054961753,0,78047,78047,710713,1,6432,2848,4,160,160,1
203,2,"[4, 1344, 1, 1, 56, 1, 1, 1, 1, 0, 0, 1, 1, 1, 1, 1, 4, 0, 0, 0, 0, 0, 0, 0, 0, 0, 0, 0, 0, 0]",84,256,0.0,0.0,5055031631,5055148917,5055039800,5055154647,2304,201757,110814,710712,4,27680,23904,4,160,160,1
199,2,"[4, 4, 1344, 10, 10, 0, 0, 0, 0, 0, 0, 0, 0, 0, 0, 0, 0, 0, 0, 0, 0, 0, 0, 0, 0, 0, 0, 0, 0, 0]",2100,128,0.0,0.0,5055257987,5055265223,5055265461,5055272981,0,51423,51423,710711,1,7236,7520,4,160,160,1
159,2,"[4, 4, 1344, 10, 10, 0, 0, 0, 0, 0, 0, 0, 0, 0, 0, 0, 0, 0, 0, 0, 0, 0, 0, 0, 0, 0, 0, 0, 0, 0]",1050,128,0.0,0.0,5055317543,5055323948,5055324404,5055345204,0,50303,50303,710709,1,6405,20800,4,160,160,1
205,2,"[4, 4, 1344, 10, 10, 0, 0, 0, 0, 0, 0, 0, 0, 0, 0, 0, 0, 0, 0, 0, 0, 0, 0, 0, 0, 0, 0, 0, 0, 0]",1344,512,4300800.0,10752000.0,5055387707,5055395234,5055395507,5055452531,272,54271,54271,710708,1,7527,57024,4,160,160,1
203,2,"[4, 1344, 10, 10, 1344, 10, 10, 3, 3, 1, 1, 1, 1, 1, 1, 1344, 4, 0, 0, 0, 0, 0, 0, 0, 0, 0, 0, 0, 0, 0]",12096,1024,0.0,0.0,5055499219,5055519247,5055506802,5055677584,0,4927,4192,710707,2,13022,170047,4,160,160,1
159,2,"[4, 4, 1344, 10, 10, 0, 0, 0, 0, 0, 0, 0, 0, 0, 0, 0, 0, 0, 0, 0, 0, 0, 0, 0, 0, 0, 0, 0, 0, 0]",1050,128,0.0,0.0,5055574264,5055580851,5055681776,5055702191,0,576,576,710705,1,6587,20415,4,160,160,1
205,2,"[4, 4, 1344, 10, 10, 0, 0, 0, 0, 0, 0, 0, 0, 0, 0, 0, 0, 0, 0, 0, 0, 0, 0, 0, 0, 0, 0, 0, 0, 0]",1344,512,4300800.0,10752000.0,5055637839,5055644550,5055702767,5055759279,272,22719,22719,710704,1,6711,56512,4,160,160,1
203,2,"[4, 224, 10, 10, 1344, 10, 10, 1, 1, 0, 0, 1, 1, 1, 1, 1, 4, 0, 0, 0, 0, 0, 0, 0, 0, 0, 0, 0, 0, 0]",350,256,240844800.0,3713024.0,5055773684,5055861269,5055781998,5056079147,10496,27039,17152,710703,3,20858,287262,4,160,160,1
234,2,"[4, 4, 224, 10, 10, 0, 0, 0, 0, 0, 0, 0, 0, 0, 0, 4, 4, 1, 1, 1, 0, 0, 0, 0, 0, 0, 0, 0, 0, 0]",350,128,89600.0,1075200.0,5055971031,5055977920,5056096299,5056100235,0,608,608,710701,1,6889,3936,4,160,160,1
205,2,"[4, 4, 224, 10, 10, 0, 0, 0, 0, 0, 0, 0, 0, 0, 0, 0, 0, 0, 0, 0, 0, 0, 0, 0, 0, 0, 0, 0, 0, 0]",224,512,716800.0,1792000.0,5056043652,5056051133,5056100843,5056112747,272,99326,99326,710700,1,7481,11904,4,160,160,1
203,2,"[4, 1344, 10, 10, 224, 10, 10, 1, 1, 0, 0, 1, 1, 1, 1, 1, 4, 0, 0, 0, 0, 0, 0, 0, 0, 0, 0, 0, 0, 0]",84,256,240844800.0,3713024.0,5056203172,5056297323,5056212073,5056430791,32768,23807,11231,710699,4,26400,206142,4,160,160,1
23,2,"[4, 4, 1344, 1, 1, 0, 0, 0, 0, 0, 0, 0, 0, 0, 0, 4, 4, 1344, 10, 10, 0, 0, 0, 0, 0, 0, 0, 0, 0, 0]",2100,128,537600.0,6451200.0,5056379826,5056402198,5056442022,5056493158,0,15775,15103,710698,2,12310,50464,4,160,160,1
156,2,"[4, 4, 1344, 1, 1, 0, 0, 0, 0, 0, 0, 0, 0, 0, 0, 0, 0, 0, 0, 0, 0, 0, 0, 0, 0, 0, 0, 0, 0, 0]",11,128,107520.0,43008.0,5056455351,5056461874,5056508261,5056510885,0,32064,32064,710697,1,6523,2624,4,160,160,1
203,2,"[4, 56, 1, 1, 1344, 1, 1, 1, 1, 0, 0, 1, 1, 1, 1, 1, 4, 0, 0, 0, 0, 0, 0, 0, 0, 0, 0, 0, 0, 0]",84,256,602112.0,323456.0,5056534635,5056656602,5056542949,5056662851,3328,118591,97311,710696,4,28457,98622,4,160,160,1
159,2,"[4, 4, 56, 1, 1, 0, 0, 0, 0, 0, 0, 0, 0, 0, 0, 0, 0, 0, 0, 0, 0, 0, 0, 0, 0, 0, 0, 0, 0, 0]",1,128,0.0,0.0,5056753316,5056759896,5056760162,5056763234,0,77183,77183,710694,1,6580,3072,4,160,160,1
203,2,"[4, 1344, 1, 1, 56, 1, 1, 1, 1, 0, 0, 1, 1, 1, 1, 1, 4, 0, 0, 0, 0, 0, 0, 0, 0, 0, 0, 0, 0, 0]",84,256,0.0,0.0,5056832460,5056950181,5056840417,5056955776,2304,204829,113502,710693,4,30323,24032,4,160,160,1
199,2,"[4, 4, 1344, 10, 10, 0, 0, 0, 0, 0, 0, 0, 0, 0, 0, 0, 0, 0, 0, 0, 0, 0, 0, 0, 0, 0, 0, 0, 0, 0]",2100,128,0.0,0.0,5057061552,5057069065,5057069278,5057076574,0,52671,52671,710692,1,7513,7296,4,160,160,1
159,2,"[4, 4, 1344, 10, 10, 0, 0, 0, 0, 0, 0, 0, 0, 0, 0, 0, 0, 0, 0, 0, 0, 0, 0, 0, 0, 0, 0, 0, 0, 0]",1050,128,0.0,0.0,5057122148,5057128741,5057129245,5057150013,0,49696,49696,710690,1,6593,20768,4,160,160,1
205,2,"[4, 4, 1344, 10, 10, 0, 0, 0, 0, 0, 0, 0, 0, 0, 0, 0, 0, 0, 0, 0, 0, 0, 0, 0, 0, 0, 0, 0, 0, 0]",1344,512,4300800.0,10752000.0,5057192076,5057199294,5057199709,5057256220,272,52159,52159,710689,1,7218,56511,4,160,160,1
203,2,"[4, 1344, 10, 10, 1344, 10, 10, 3, 3, 1, 1, 1, 1, 1, 1, 1344, 4, 0, 0, 0, 0, 0, 0, 0, 0, 0, 0, 0, 0, 0]",12096,1024,0.0,0.0,5057301100,5057321773,5057308379,5057479033,0,4800,4128,710688,2,12607,169982,4,160,160,1
159,2,"[4, 4, 1344, 10, 10, 0, 0, 0, 0, 0, 0, 0, 0, 0, 0, 0, 0, 0, 0, 0, 0, 0, 0, 0, 0, 0, 0, 0, 0, 0]",1050,128,0.0,0.0,5057374405,5057380961,5057483161,5057504409,0,704,704,710686,1,6556,21248,4,160,160,1
205,2,"[4, 4, 1344, 10, 10, 0, 0, 0, 0, 0, 0, 0, 0, 0, 0, 0, 0, 0, 0, 0, 0, 0, 0, 0, 0, 0, 0, 0, 0, 0]",1344,512,4300800.0,10752000.0,5057437660,5057444548,5057505113,5057562392,272,19200,19200,710685,1,6888,57279,4,160,160,1
203,2,"[4, 224, 10, 10, 1344, 10, 10, 1, 1, 0, 0, 1, 1, 1, 1, 1, 4, 0, 0, 0, 0, 0, 0, 0, 0, 0, 0, 0, 0, 0]",350,256,240844800.0,3713024.0,5057573264,5057666078,5057581592,5057878932,10496,24736,16576,710684,3,21665,289180,4,160,160,1
234,2,"[4, 4, 224, 10, 10, 0, 0, 0, 0, 0, 0, 0, 0, 0, 0, 4, 4, 1, 1, 1, 0, 0, 0, 0, 0, 0, 0, 0, 0, 0]",350,128,89600.0,1075200.0,5057779101,5057786172,5057895508,5057899412,0,576,576,710682,1,7071,3904,4,160,160,1
205,2,"[4, 4, 224, 10, 10, 0, 0, 0, 0, 0, 0, 0, 0, 0, 0, 0, 0, 0, 0, 0, 0, 0, 0, 0, 0, 0, 0, 0, 0, 0]",224,512,716800.0,1792000.0,5057853276,5057860912,5057899988,5057911859,272,111071,111071,710681,1,7636,11871,4,160,160,1
203,2,"[4, 1344, 10, 10, 224, 10, 10, 1, 1, 0, 0, 1, 1, 1, 1, 1, 4, 0, 0, 0, 0, 0, 0, 0, 0, 0, 0, 0, 0, 0]",84,256,240844800.0,3713024.0,5058014078,5058110889,5058022930,5058240240,32768,23807,11103,710680,4,26446,204606,4,160,160,1
23,2,"[4, 4, 1344, 1, 1, 0, 0, 0, 0, 0, 0, 0, 0, 0, 0, 4, 4, 1344, 10, 10, 0, 0, 0, 0, 0, 0, 0, 0, 0, 0]",2100,128,537600.0,6451200.0,5058191439,5058213216,5058251343,5058302831,0,16128,15392,710679,2,12032,50752,4,160,160,1
156,2,"[4, 4, 1344, 1, 1, 0, 0, 0, 0, 0, 0, 0, 0, 0, 0, 0, 0, 0, 0, 0, 0, 0, 0, 0, 0, 0, 0, 0, 0, 0]",11,128,107520.0,43008.0,5058265826,5058272388,5058318223,5058320846,0,34944,34944,710678,1,6562,2623,4,160,160,1
203,2,"[4, 56, 1, 1, 1344, 1, 1, 1, 1, 0, 0, 1, 1, 1, 1, 1, 4, 0, 0, 0, 0, 0, 0, 0, 0, 0, 0, 0, 0, 0]",84,256,602112.0,323456.0,5058347465,5058466560,5058355790,5058472844,3328,114463,96447,710677,4,28051,99038,4,160,160,1
159,2,"[4, 4, 56, 1, 1, 0, 0, 0, 0, 0, 0, 0, 0, 0, 0, 0, 0, 0, 0, 0, 0, 0, 0, 0, 0, 0, 0, 0, 0, 0]",1,128,0.0,0.0,5058562365,5058569049,5058569291,5058572107,0,79231,79231,710675,1,6684,2816,4,160,160,1
203,2,"[4, 1344, 1, 1, 56, 1, 1, 1, 1, 0, 0, 1, 1, 1, 1, 1, 4, 0, 0, 0, 0, 0, 0, 0, 0, 0, 0, 0, 0, 0]",84,256,0.0,0.0,5058643082,5058757738,5058651338,5058763497,2304,200446,112991,710674,4,27731,24704,4,160,160,1
199,2,"[4, 4, 1344, 10, 10, 0, 0, 0, 0, 0, 0, 0, 0, 0, 0, 0, 0, 0, 0, 0, 0, 0, 0, 0, 0, 0, 0, 0, 0, 0]",2100,128,0.0,0.0,5058868916,5058878413,5058876488,5058883687,0,52384,52384,710673,1,9497,7199,4,160,160,1
159,2,"[4, 4, 1344, 10, 10, 0, 0, 0, 0, 0, 0, 0, 0, 0, 0, 0, 0, 0, 0, 0, 0, 0, 0, 0, 0, 0, 0, 0, 0, 0]",1050,128,0.0,0.0,5058929309,5058935756,5058936071,5058957222,0,51040,51040,710671,1,6447,21151,4,160,160,1
205,2,"[4, 4, 1344, 10, 10, 0, 0, 0, 0, 0, 0, 0, 0, 0, 0, 0, 0, 0, 0, 0, 0, 0, 0, 0, 0, 0, 0, 0, 0, 0]",1344,512,4300800.0,10752000.0,5059000491,5059007935,5059008262,5059064805,272,53791,53791,710670,1,7444,56543,4,160,160,1
203,2,"[4, 1344, 10, 10, 1344, 10, 10, 3, 3, 1, 1, 1, 1, 1, 1, 1344, 4, 0, 0, 0, 0, 0, 0, 0, 0, 0, 0, 0, 0, 0]",12096,1024,0.0,0.0,5059111172,5059131289,5059118596,5059290178,0,5281,4608,710669,2,12843,170909,4,160,160,1
159,2,"[4, 4, 1344, 10, 10, 0, 0, 0, 0, 0, 0, 0, 0, 0, 0, 0, 0, 0, 0, 0, 0, 0, 0, 0, 0, 0, 0, 0, 0, 0]",1050,128,0.0,0.0,5059183837,5059190238,5059294786,5059315554,0,608,608,710667,1,6401,20768,4,160,160,1
205,2,"[4, 4, 1344, 10, 10, 0, 0, 0, 0, 0, 0, 0, 0, 0, 0, 0, 0, 0, 0, 0, 0, 0, 0, 0, 0, 0, 0, 0, 0, 0]",1344,512,4300800.0,10752000.0,5059247311,5059254283,5059316162,5059372449,272,20896,20896,710666,1,6972,56287,4,160,160,1
203,2,"[4, 224, 10, 10, 1344, 10, 10, 1, 1, 0, 0, 1, 1, 1, 1, 1, 4, 0, 0, 0, 0, 0, 0, 0, 0, 0, 0, 0, 0, 0]",350,256,240844800.0,3713024.0,5059384728,5059471337,5059393345,5059689693,10496,25121,16992,710665,3,21331,288219,4,160,160,1
234,2,"[4, 4, 224, 10, 10, 0, 0, 0, 0, 0, 0, 0, 0, 0, 0, 4, 4, 1, 1, 1, 0, 0, 0, 0, 0, 0, 0, 0, 0, 0]",350,128,89600.0,1075200.0,5059585205,5059592116,5059706685,5059711005,0,736,736,710663,1,6911,4320,4,160,160,1
205,2,"[4, 4, 224, 10, 10, 0, 0, 0, 0, 0, 0, 0, 0, 0, 0, 0, 0, 0, 0, 0, 0, 0, 0, 0, 0, 0, 0, 0, 0, 0]",224,512,716800.0,1792000.0,5059656361,5059664141,5059711741,5059723805,272,101022,101022,710662,1,7780,12064,4,160,160,1
203,2,"[4, 1344, 10, 10, 224, 10, 10, 1, 1, 0, 0, 1, 1, 1, 1, 1, 4, 0, 0, 0, 0, 0, 0, 0, 0, 0, 0, 0, 0, 0]",84,256,240844800.0,3713024.0,5059815881,5059913060,5059824827,5060044312,32768,25792,11488,710661,4,28472,205181,4,160,160,1
23,2,"[4, 4, 1344, 1, 1, 0, 0, 0, 0, 0, 0, 0, 0, 0, 0, 4, 4, 1344, 10, 10, 0, 0, 0, 0, 0, 0, 0, 0, 0, 0]",2100,128,537600.0,6451200.0,5059994152,5060016246,5060055800,5060107224,0,16128,15520,710660,2,12189,50816,4,160,160,1
156,2,"[4, 4, 1344, 1, 1, 0, 0, 0, 0, 0, 0, 0, 0, 0, 0, 0, 0, 0, 0, 0, 0, 0, 0, 0, 0, 0, 0, 0, 0, 0]",11,128,107520.0,43008.0,5060069679,5060078389,5060122744,5060125400,0,33951,33951,710659,1,8710,2656,4,160,160,1
203,2,"[4, 56, 1, 1, 1344, 1, 1, 1, 1, 0, 0, 1, 1, 1, 1, 1, 4, 0, 0, 0, 0, 0, 0, 0, 0, 0, 0, 0, 0, 0]",84,256,602112.0,323456.0,5060150987,5060270358,5060159351,5060276726,3328,113886,96318,710658,4,28593,99807,4,160,160,1
159,2,"[4, 4, 56, 1, 1, 0, 0, 0, 0, 0, 0, 0, 0, 0, 0, 0, 0, 0, 0, 0, 0, 0, 0, 0, 0, 0, 0, 0, 0, 0]",1,128,0.0,0.0,5060365969,5060372791,5060373044,5060375892,0,77535,77535,710656,1,6822,2848,4,160,160,1
203,2,"[4, 1344, 1, 1, 56, 1, 1, 1, 1, 0, 0, 1, 1, 1, 1, 1, 4, 0, 0, 0, 0, 0, 0, 0, 0, 0, 0, 0, 0, 0]",84,256,0.0,0.0,5060445341,5060560417,5060453427,5060566162,2304,201918,113439,710655,4,27821,24256,4,160,160,1
199,2,"[4, 4, 1344, 10, 10, 0, 0, 0, 0, 0, 0, 0, 0, 0, 0, 0, 0, 0, 0, 0, 0, 0, 0, 0, 0, 0, 0, 0, 0, 0]",2100,128,0.0,0.0,5060672131,5060679381,5060679601,5060687728,0,49664,49664,710654,1,7250,8127,4,160,160,1
159,2,"[4, 4, 1344, 10, 10, 0, 0, 0, 0, 0, 0, 0, 0, 0, 0, 0, 0, 0, 0, 0, 0, 0, 0, 0, 0, 0, 0, 0, 0, 0]",1050,128,0.0,0.0,5060730682,5060737072,5060737392,5060758128,0,49343,49343,710652,1,6390,20736,4,160,160,1
205,2,"[4, 4, 1344, 10, 10, 0, 0, 0, 0, 0, 0, 0, 0, 0, 0, 0, 0, 0, 0, 0, 0, 0, 0, 0, 0, 0, 0, 0, 0, 0]",1344,512,4300800.0,10752000.0,5060799994,5060807113,5060807471,5060863502,272,55391,55391,710651,1,7119,56031,4,160,160,1
203,2,"[4, 1344, 10, 10, 1344, 10, 10, 3, 3, 1, 1, 1, 1, 1, 1, 1344, 4, 0, 0, 0, 0, 0, 0, 0, 0, 0, 0, 0, 0, 0]",12096,1024,0.0,0.0,5060911587,5060931123,5060918893,5061089387,0,5216,4544,710650,2,12653,169822,4,160,160,1
159,2,"[4, 4, 1344, 10, 10, 0, 0, 0, 0, 0, 0, 0, 0, 0, 0, 0, 0, 0, 0, 0, 0, 0, 0, 0, 0, 0, 0, 0, 0, 0]",1050,128,0.0,0.0,5060984535,5060991227,5061093931,5061114827,0,608,608,710648,1,6692,20896,4,160,160,1
205,2,"[4, 4, 1344, 10, 10, 0, 0, 0, 0, 0, 0, 0, 0, 0, 0, 0, 0, 0, 0, 0, 0, 0, 0, 0, 0, 0, 0, 0, 0, 0]",1344,512,4300800.0,10752000.0,5061050075,5061057279,5061115435,5061172170,272,24800,24800,710647,1,7204,56735,4,160,160,1
203,2,"[4, 224, 10, 10, 1344, 10, 10, 1, 1, 0, 0, 1, 1, 1, 1, 1, 4, 0, 0, 0, 0, 0, 0, 0, 0, 0, 0, 0, 0, 0]",350,256,240844800.0,3713024.0,5061188628,5061274338,5061196970,5061493158,10496,24991,16896,710646,3,21285,288093,4,160,160,1
234,2,"[4, 4, 224, 10, 10, 0, 0, 0, 0, 0, 0, 0, 0, 0, 0, 4, 4, 1, 1, 1, 0, 0, 0, 0, 0, 0, 0, 0, 0, 0]",350,128,89600.0,1075200.0,5061388464,5061395255,5061510054,5061513990,0,544,544,710644,1,6791,3936,4,160,160,1
205,2,"[4, 4, 224, 10, 10, 0, 0, 0, 0, 0, 0, 0, 0, 0, 0, 0, 0, 0, 0, 0, 0, 0, 0, 0, 0, 0, 0, 0, 0, 0]",224,512,716800.0,1792000.0,5061460739,5061468006,5061514534,5061526502,272,102206,102206,710643,1,7267,11968,4,160,160,1
203,2,"[4, 1344, 10, 10, 224, 10, 10, 1, 1, 0, 0, 1, 1, 1, 1, 1, 4, 0, 0, 0, 0, 0, 0, 0, 0, 0, 0, 0, 0, 0]",84,256,240844800.0,3713024.0,5061619696,5061721098,5061628708,5061846305,32768,24064,11328,710642,4,26732,204861,4,160,160,1
23,2,"[4, 4, 1344, 1, 1, 0, 0, 0, 0, 0, 0, 0, 0, 0, 0, 4, 4, 1344, 10, 10, 0, 0, 0, 0, 0, 0, 0, 0, 0, 0]",2100,128,537600.0,6451200.0,5061803788,5061825736,5061857633,5061908609,0,15359,14687,710641,2,12231,50304,4,160,160,1
156,2,"[4, 4, 1344, 1, 1, 0, 0, 0, 0, 0, 0, 0, 0, 0, 0, 0, 0, 0, 0, 0, 0, 0, 0, 0, 0, 0, 0, 0, 0, 0]",11,128,107520.0,43008.0,5061882259,5061888798,5061923296,5061925889,0,43871,43871,710640,1,6539,2593,4,160,160,1
203,2,"[4, 56, 1, 1, 1344, 1, 1, 1, 1, 0, 0, 1, 1, 1, 1, 1, 4, 0, 0, 0, 0, 0, 0, 0, 0, 0, 0, 0, 0, 0]",84,256,602112.0,323456.0,5061961501,5062080564,5061969760,5062086847,3328,115807,98335,710639,4,28315,99615,4,160,160,1
159,2,"[4, 4, 56, 1, 1, 0, 0, 0, 0, 0, 0, 0, 0, 0, 0, 0, 0, 0, 0, 0, 0, 0, 0, 0, 0, 0, 0, 0, 0, 0]",1,128,0.0,0.0,5062178376,5062184785,5062185182,5062187965,0,77791,77791,710637,1,6409,2783,4,160,160,1
203,2,"[4, 1344, 1, 1, 56, 1, 1, 1, 1, 0, 0, 1, 1, 1, 1, 1, 4, 0, 0, 0, 0, 0, 0, 0, 0, 0, 0, 0, 0, 0]",84,256,0.0,0.0,5062257502,5062374459,5062265756,5062378011,2304,203295,114687,710636,4,30166,23647,4,160,160,1
199,2,"[4, 4, 1344, 10, 10, 0, 0, 0, 0, 0, 0, 0, 0, 0, 0, 0, 0, 0, 0, 0, 0, 0, 0, 0, 0, 0, 0, 0, 0, 0]",2100,128,0.0,0.0,5062485306,5062492601,5062492698,5062499961,0,51232,51232,710635,1,7295,7263,4,160,160,1
159,2,"[4, 4, 1344, 10, 10, 0, 0, 0, 0, 0, 0, 0, 0, 0, 0, 0, 0, 0, 0, 0, 0, 0, 0, 0, 0, 0, 0, 0, 0, 0]",1050,128,0.0,0.0,5062544323,5062550819,5062551193,5062572793,0,49887,49887,710633,1,6496,21600,4,160,160,1
205,2,"[4, 4, 1344, 10, 10, 0, 0, 0, 0, 0, 0, 0, 0, 0, 0, 0, 0, 0, 0, 0, 0, 0, 0, 0, 0, 0, 0, 0, 0, 0]",1344,512,4300800.0,10752000.0,5062615173,5062624130,5062622680,5062679351,272,56351,56351,710632,1,8957,56671,4,160,160,1
203,2,"[4, 1344, 10, 10, 1344, 10, 10, 3, 3, 1, 1, 1, 1, 1, 1, 1344, 4, 0, 0, 0, 0, 0, 0, 0, 0, 0, 0, 0, 0, 0]",12096,1024,0.0,0.0,5062728395,5062748403,5062735702,5062906196,0,5408,4736,710631,2,12856,169822,4,160,160,1
159,2,"[4, 4, 1344, 10, 10, 0, 0, 0, 0, 0, 0, 0, 0, 0, 0, 0, 0, 0, 0, 0, 0, 0, 0, 0, 0, 0, 0, 0, 0, 0]",1050,128,0.0,0.0,5062800791,5062807147,5062910932,5062932436,0,704,704,710629,1,6356,21504,4,160,160,1
205,2,"[4, 4, 1344, 10, 10, 0, 0, 0, 0, 0, 0, 0, 0, 0, 0, 0, 0, 0, 0, 0, 0, 0, 0, 0, 0, 0, 0, 0, 0, 0]",1344,512,4300800.0,10752000.0,5062867180,5062874371,5062933140,5062989523,272,23744,23744,710628,1,7191,56383,4,160,160,1
203,2,"[4, 224, 10, 10, 1344, 10, 10, 1, 1, 0, 0, 1, 1, 1, 1, 1, 4, 0, 0, 0, 0, 0, 0, 0, 0, 0, 0, 0, 0, 0]",350,256,240844800.0,3713024.0,5063005152,5063093552,5063013267,5063310831,10496,25472,16800,710627,3,21271,288892,4,160,160,1
234,2,"[4, 4, 224, 10, 10, 0, 0, 0, 0, 0, 0, 0, 0, 0, 0, 4, 4, 1, 1, 1, 0, 0, 0, 0, 0, 0, 0, 0, 0, 0]",350,128,89600.0,1075200.0,5063206453,5063213478,5063327631,5063331599,0,576,576,710625,1,7025,3968,4,160,160,1
205,2,"[4, 4, 224, 10, 10, 0, 0, 0, 0, 0, 0, 0, 0, 0, 0, 0, 0, 0, 0, 0, 0, 0, 0, 0, 0, 0, 0, 0, 0, 0]",224,512,716800.0,1792000.0,5063278723,5063286372,5063332175,5063344111,272,104030,104030,710624,1,7649,11936,4,160,160,1
203,2,"[4, 1344, 10, 10, 224, 10, 10, 1, 1, 0, 0, 1, 1, 1, 1, 1, 4, 0, 0, 0, 0, 0, 0, 0, 0, 0, 0, 0, 0, 0]",84,256,240844800.0,3713024.0,5063439361,5063533373,5063448141,5063668778,32768,23488,11040,710623,4,26648,208189,4,160,160,1
23,2,"[4, 4, 1344, 1, 1, 0, 0, 0, 0, 0, 0, 0, 0, 0, 0, 4, 4, 1344, 10, 10, 0, 0, 0, 0, 0, 0, 0, 0, 0, 0]",2100,128,537600.0,6451200.0,5063614618,5063639372,5063679818,5063731434,0,16255,15583,710622,2,12262,50944,4,160,160,1
156,2,"[4, 4, 1344, 1, 1, 0, 0, 0, 0, 0, 0, 0, 0, 0, 0, 0, 0, 0, 0, 0, 0, 0, 0, 0, 0, 0, 0, 0, 0, 0]",11,128,107520.0,43008.0,5063692769,5063699615,5063747017,5063749673,0,30304,30304,710621,1,6846,2656,4,160,160,1
203,2,"[4, 56, 1, 1, 1344, 1, 1, 1, 1, 0, 0, 1, 1, 1, 1, 1, 4, 0, 0, 0, 0, 0, 0, 0, 0, 0, 0, 0, 0, 0]",84,256,602112.0,323456.0,5063771710,5063892995,5063779977,5063899207,3328,116094,95935,710620,4,28634,99071,4,160,160,1
159,2,"[4, 4, 56, 1, 1, 0, 0, 0, 0, 0, 0, 0, 0, 0, 0, 0, 0, 0, 0, 0, 0, 0, 0, 0, 0, 0, 0, 0, 0, 0]",1,128,0.0,0.0,5063988375,5063994840,5063995142,5063997991,0,78302,78302,710618,1,6465,2849,4,160,160,1
203,2,"[4, 1344, 1, 1, 56, 1, 1, 1, 1, 0, 0, 1, 1, 1, 1, 1, 4, 0, 0, 0, 0, 0, 0, 0, 0, 0, 0, 0, 0, 0]",84,256,0.0,0.0,5064068172,5064186365,5064076293,5064192004,2304,203774,111999,710617,4,28180,23936,4,160,160,1
199,2,"[4, 4, 1344, 10, 10, 0, 0, 0, 0, 0, 0, 0, 0, 0, 0, 0, 0, 0, 0, 0, 0, 0, 0, 0, 0, 0, 0, 0, 0, 0]",2100,128,0.0,0.0,5064296625,5064303718,5064304003,5064312259,0,50815,50815,710616,1,7093,8256,4,160,160,1
159,2,"[4, 4, 1344, 10, 10, 0, 0, 0, 0, 0, 0, 0, 0, 0, 0, 0, 0, 0, 0, 0, 0, 0, 0, 0, 0, 0, 0, 0, 0, 0]",1050,128,0.0,0.0,5064356048,5064362708,5064363074,5064384066,0,51391,51391,710614,1,6660,20992,4,160,160,1
205,2,"[4, 4, 1344, 10, 10, 0, 0, 0, 0, 0, 0, 0, 0, 0, 0, 0, 0, 0, 0, 0, 0, 0, 0, 0, 0, 0, 0, 0, 0, 0]",1344,512,4300800.0,10752000.0,5064427838,5064435062,5064435457,5064491488,272,55071,55071,710613,1,7224,56031,4,160,160,1
203,2,"[4, 1344, 10, 10, 1344, 10, 10, 3, 3, 1, 1, 1, 1, 1, 1, 1344, 4, 0, 0, 0, 0, 0, 0, 0, 0, 0, 0, 0, 0, 0]",12096,1024,0.0,0.0,5064539221,5064558603,5064546559,5064716637,0,5120,4576,710612,2,12736,169534,4,160,160,1
159,2,"[4, 4, 1344, 10, 10, 0, 0, 0, 0, 0, 0, 0, 0, 0, 0, 0, 0, 0, 0, 0, 0, 0, 0, 0, 0, 0, 0, 0, 0, 0]",1050,128,0.0,0.0,5064613054,5064619950,5064721213,5064742749,0,864,864,710610,1,6896,21536,4,160,160,1
205,2,"[4, 4, 1344, 10, 10, 0, 0, 0, 0, 0, 0, 0, 0, 0, 0, 0, 0, 0, 0, 0, 0, 0, 0, 0, 0, 0, 0, 0, 0, 0]",1344,512,4300800.0,10752000.0,5064677619,5064684989,5064743613,5064799900,272,21088,21088,710609,1,7370,56287,4,160,160,1
203,2,"[4, 224, 10, 10, 1344, 10, 10, 1, 1, 0, 0, 1, 1, 1, 1, 1, 4, 0, 0, 0, 0, 0, 0, 0, 0, 0, 0, 0, 0, 0]",350,256,240844800.0,3713024.0,5064812695,5064901406,5064820988,5065067609,10496,24384,16352,710608,3,21297,238589,4,160,160,1
234,2,"[4, 4, 224, 10, 10, 0, 0, 0, 0, 0, 0, 0, 0, 0, 0, 4, 4, 1, 1, 1, 0, 0, 0, 0, 0, 0, 0, 0, 0, 0]",350,128,89600.0,1075200.0,5065013149,5065020275,5065083961,5065087865,0,5760,5760,710606,1,7126,3904,4,160,160,1
205,2,"[4, 4, 224, 10, 10, 0, 0, 0, 0, 0, 0, 0, 0, 0, 0, 0, 0, 0, 0, 0, 0, 0, 0, 0, 0, 0, 0, 0, 0, 0]",224,512,716800.0,1792000.0,5065085709,5065094567,5065093625,5065106136,272,151198,151198,710605,1,8858,12511,4,160,160,1
203,2,"[4, 1344, 10, 10, 224, 10, 10, 1, 1, 0, 0, 1, 1, 1, 1, 1, 4, 0, 0, 0, 0, 0, 0, 0, 0, 0, 0, 0, 0, 0]",84,256,240844800.0,3713024.0,5065248333,5065342929,5065257334,5065476308,32768,24320,11104,710604,4,27268,205758,4,160,160,1
23,2,"[4, 4, 1344, 1, 1, 0, 0, 0, 0, 0, 0, 0, 0, 0, 0, 4, 4, 1344, 10, 10, 0, 0, 0, 0, 0, 0, 0, 0, 0, 0]",2100,128,537600.0,6451200.0,5065425849,5065447437,5065487412,5065538931,0,14976,14400,710603,2,11993,50943,4,160,160,1
156,2,"[4, 4, 1344, 1, 1, 0, 0, 0, 0, 0, 0, 0, 0, 0, 0, 0, 0, 0, 0, 0, 0, 0, 0, 0, 0, 0, 0, 0, 0, 0]",11,128,107520.0,43008.0,5065500336,5065506751,5065553331,5065555987,0,30367,30367,710602,1,6415,2656,4,160,160,1
203,2,"[4, 56, 1, 1, 1344, 1, 1, 1, 1, 0, 0, 1, 1, 1, 1, 1, 4, 0, 0, 0, 0, 0, 0, 0, 0, 0, 0, 0, 0, 0]",84,256,602112.0,323456.0,5065578109,5065707036,5065586354,5065713361,3328,125150,97182,710601,4,28054,99039,4,160,160,1
159,2,"[4, 4, 56, 1, 1, 0, 0, 0, 0, 0, 0, 0, 0, 0, 0, 0, 0, 0, 0, 0, 0, 0, 0, 0, 0, 0, 0, 0, 0, 0]",1,128,0.0,0.0,5065803712,5065810269,5065810543,5065813391,0,77983,77983,710599,1,6557,2848,4,160,160,1
203,2,"[4, 1344, 1, 1, 56, 1, 1, 1, 1, 0, 0, 1, 1, 1, 1, 1, 4, 0, 0, 0, 0, 0, 0, 0, 0, 0, 0, 0, 0, 0]",84,256,0.0,0.0,5065883260,5066002027,5065891374,5066007565,2304,210461,118174,710598,4,28066,23904,4,160,160,1
199,2,"[4, 4, 1344, 10, 10, 0, 0, 0, 0, 0, 0, 0, 0, 0, 0, 0, 0, 0, 0, 0, 0, 0, 0, 0, 0, 0, 0, 0, 0, 0]",2100,128,0.0,0.0,5066117949,5066125634,5066125739,5066133259,0,57951,57951,710597,1,7685,7520,4,160,160,1
159,2,"[4, 4, 1344, 10, 10, 0, 0, 0, 0, 0, 0, 0, 0, 0, 0, 0, 0, 0, 0, 0, 0, 0, 0, 0, 0, 0, 0, 0, 0, 0]",1050,128,0.0,0.0,5066184314,5066192108,5066191210,5066212394,0,54208,54208,710595,1,7794,21184,4,160,160,1
205,2,"[4, 4, 1344, 10, 10, 0, 0, 0, 0, 0, 0, 0, 0, 0, 0, 0, 0, 0, 0, 0, 0, 0, 0, 0, 0, 0, 0, 0, 0, 0]",1344,512,4300800.0,10752000.0,5066258665,5066266188,5066266602,5066322889,272,59743,59743,710594,1,7523,56287,4,160,160,1
203,2,"[4, 1344, 10, 10, 1344, 10, 10, 3, 3, 1, 1, 1, 1, 1, 1, 1344, 4, 0, 0, 0, 0, 0, 0, 0, 0, 0, 0, 0, 0, 0]",12096,1024,0.0,0.0,5066375086,5066397222,5066382632,5066554022,0,5312,4608,710593,2,14581,170686,4,160,160,1
159,2,"[4, 4, 1344, 10, 10, 0, 0, 0, 0, 0, 0, 0, 0, 0, 0, 0, 0, 0, 0, 0, 0, 0, 0, 0, 0, 0, 0, 0, 0, 0]",1050,128,0.0,0.0,5066453785,5066460214,5066558630,5066579686,0,576,576,710591,1,6429,21056,4,160,160,1
205,2,"[4, 4, 1344, 10, 10, 0, 0, 0, 0, 0, 0, 0, 0, 0, 0, 0, 0, 0, 0, 0, 0, 0, 0, 0, 0, 0, 0, 0, 0, 0]",1344,512,4300800.0,10752000.0,5066521844,5066528826,5066580262,5066636421,272,37408,37408,710590,1,6982,56159,4,160,160,1
203,2,"[4, 224, 10, 10, 1344, 10, 10, 1, 1, 0, 0, 1, 1, 1, 1, 1, 4, 0, 0, 0, 0, 0, 0, 0, 0, 0, 0, 0, 0, 0]",350,256,240844800.0,3713024.0,5066665674,5066753364,5066673829,5066971009,10496,25312,16800,710589,3,21309,288668,4,160,160,1
234,2,"[4, 4, 224, 10, 10, 0, 0, 0, 0, 0, 0, 0, 0, 0, 0, 4, 4, 1, 1, 1, 0, 0, 0, 0, 0, 0, 0, 0, 0, 0]",350,128,89600.0,1075200.0,5066870227,5066877220,5066987809,5066991712,0,577,577,710587,1,6993,3903,4,160,160,1
205,2,"[4, 4, 224, 10, 10, 0, 0, 0, 0, 0, 0, 0, 0, 0, 0, 0, 0, 0, 0, 0, 0, 0, 0, 0, 0, 0, 0, 0, 0, 0]",224,512,716800.0,1792000.0,5066946583,5066954228,5066992289,5067004320,272,116351,116351,710586,1,7645,12031,4,160,160,1
203,2,"[4, 1344, 10, 10, 224, 10, 10, 1, 1, 0, 0, 1, 1, 1, 1, 1, 4, 0, 0, 0, 0, 0, 0, 0, 0, 0, 0, 0, 0, 0]",84,256,240844800.0,3713024.0,5067111651,5067209851,5067120671,5067339420,32768,24353,11456,710585,4,27193,205852,4,160,160,1
23,2,"[4, 4, 1344, 1, 1, 0, 0, 0, 0, 0, 0, 0, 0, 0, 0, 4, 4, 1344, 10, 10, 0, 0, 0, 0, 0, 0, 0, 0, 0, 0]",2100,128,537600.0,6451200.0,5067293651,5067316353,5067350876,5067402043,0,15617,15008,710584,2,12420,50558,4,160,160,1
156,2,"[4, 4, 1344, 1, 1, 0, 0, 0, 0, 0, 0, 0, 0, 0, 0, 0, 0, 0, 0, 0, 0, 0, 0, 0, 0, 0, 0, 0, 0, 0]",11,128,107520.0,43008.0,5067370731,5067377483,5067417051,5067419707,0,41503,41503,710583,1,6752,2656,4,160,160,1
203,2,"[4, 56, 1, 1, 1344, 1, 1, 1, 1, 0, 0, 1, 1, 1, 1, 1, 4, 0, 0, 0, 0, 0, 0, 0, 0, 0, 0, 0, 0, 0]",84,256,602112.0,323456.0,5067452527,5067576575,5067461210,5067583193,3328,122590,99134,710582,4,31274,98527,4,160,160,1
159,2,"[4, 4, 56, 1, 1, 0, 0, 0, 0, 0, 0, 0, 0, 0, 0, 0, 0, 0, 0, 0, 0, 0, 0, 0, 0, 0, 0, 0, 0, 0]",1,128,0.0,0.0,5067675581,5067682051,5067682327,5067685176,0,81759,81759,710580,1,6470,2849,4,160,160,1
203,2,"[4, 1344, 1, 1, 56, 1, 1, 1, 1, 0, 0, 1, 1, 1, 1, 1, 4, 0, 0, 0, 0, 0, 0, 0, 0, 0, 0, 0, 0, 0]",84,256,0.0,0.0,5067758500,5067875122,5067766935,5067880757,2304,207677,117535,710579,4,27842,23680,4,160,160,1
199,2,"[4, 4, 1344, 10, 10, 0, 0, 0, 0, 0, 0, 0, 0, 0, 0, 0, 0, 0, 0, 0, 0, 0, 0, 0, 0, 0, 0, 0, 0, 0]",2100,128,0.0,0.0,5067991078,5067998248,5067998292,5068005523,0,56064,56064,710578,1,7170,7231,4,160,160,1
159,2,"[4, 4, 1344, 10, 10, 0, 0, 0, 0, 0, 0, 0, 0, 0, 0, 0, 0, 0, 0, 0, 0, 0, 0, 0, 0, 0, 0, 0, 0, 0]",1050,128,0.0,0.0,5068054521,5068061025,5068061587,5068081907,0,53471,53471,710576,1,6504,20320,4,160,160,1
205,2,"[4, 4, 1344, 10, 10, 0, 0, 0, 0, 0, 0, 0, 0, 0, 0, 0, 0, 0, 0, 0, 0, 0, 0, 0, 0, 0, 0, 0, 0, 0]",1344,512,4300800.0,10752000.0,5068127868,5068135041,5068135378,5068192689,272,62751,62751,710575,1,7173,57311,4,160,160,1
203,2,"[4, 1344, 10, 10, 1344, 10, 10, 3, 3, 1, 1, 1, 1, 1, 1, 1344, 4, 0, 0, 0, 0, 0, 0, 0, 0, 0, 0, 0, 0, 0]",12096,1024,0.0,0.0,5068247776,5068268649,5068255440,5068426830,0,5216,4672,710574,2,12980,170846,4,160,160,1
159,2,"[4, 4, 1344, 10, 10, 0, 0, 0, 0, 0, 0, 0, 0, 0, 0, 0, 0, 0, 0, 0, 0, 0, 0, 0, 0, 0, 0, 0, 0, 0]",1050,128,0.0,0.0,5068325489,5068331812,5068431502,5068452750,0,704,704,710572,1,6323,21248,4,160,160,1
205,2,"[4, 4, 1344, 10, 10, 0, 0, 0, 0, 0, 0, 0, 0, 0, 0, 0, 0, 0, 0, 0, 0, 0, 0, 0, 0, 0, 0, 0, 0, 0]",1344,512,4300800.0,10752000.0,5068394312,5068401195,5068453454,5068509293,272,38240,38240,710571,1,6883,55839,4,160,160,1
203,2,"[4, 224, 10, 10, 1344, 10, 10, 1, 1, 0, 0, 1, 1, 1, 1, 1, 4, 0, 0, 0, 0, 0, 0, 0, 0, 0, 0, 0, 0, 0]",350,256,240844800.0,3713024.0,5068539275,5068627274,5068547533,5068792425,10496,25344,16672,710570,3,21555,236220,4,160,160,1
234,2,"[4, 4, 224, 10, 10, 0, 0, 0, 0, 0, 0, 0, 0, 0, 0, 4, 4, 1, 1, 1, 0, 0, 0, 0, 0, 0, 0, 0, 0, 0]",350,128,89600.0,1075200.0,5068743390,5068752482,5068809097,5068813033,0,16352,16352,710568,1,9092,3936,4,160,160,1
205,2,"[4, 4, 224, 10, 10, 0, 0, 0, 0, 0, 0, 0, 0, 0, 0, 0, 0, 0, 0, 0, 0, 0, 0, 0, 0, 0, 0, 0, 0, 0]",224,512,716800.0,1792000.0,5068821532,5068828946,5068829385,5068841513,272,153694,153694,710567,1,7414,12128,4,160,160,1
203,2,"[4, 1344, 10, 10, 224, 10, 10, 1, 1, 0, 0, 1, 1, 1, 1, 1, 4, 0, 0, 0, 0, 0, 0, 0, 0, 0, 0, 0, 0, 0]",84,256,240844800.0,3713024.0,5068986207,5069085184,5068995207,5069212356,32768,23712,11008,710566,4,28533,204445,4,160,160,1
23,2,"[4, 4, 1344, 1, 1, 0, 0, 0, 0, 0, 0, 0, 0, 0, 0, 4, 4, 1344, 10, 10, 0, 0, 0, 0, 0, 0, 0, 0, 0, 0]",2100,128,537600.0,6451200.0,5069169407,5069191363,5069223364,5069275012,0,15647,15039,710565,2,12156,51040,4,160,160,1
156,2,"[4, 4, 1344, 1, 1, 0, 0, 0, 0, 0, 0, 0, 0, 0, 0, 0, 0, 0, 0, 0, 0, 0, 0, 0, 0, 0, 0, 0, 0, 0]",11,128,107520.0,43008.0,5069245983,5069252649,5069290051,5069292675,0,43904,43904,710564,1,6666,2624,4,160,160,1
203,2,"[4, 56, 1, 1, 1344, 1, 1, 1, 1, 0, 0, 1, 1, 1, 1, 1, 4, 0, 0, 0, 0, 0, 0, 0, 0, 0, 0, 0, 0, 0]",84,256,602112.0,323456.0,5069327957,5069446470,5069336579,5069452769,3328,114879,97503,710563,4,28451,98814,4,160,160,1
159,2,"[4, 4, 56, 1, 1, 0, 0, 0, 0, 0, 0, 0, 0, 0, 0, 0, 0, 0, 0, 0, 0, 0, 0, 0, 0, 0, 0, 0, 0, 0]",1,128,0.0,0.0,5069543445,5069552127,5069550272,5069553056,0,80735,80735,710561,1,8682,2784,4,160,160,1
203,2,"[4, 1344, 1, 1, 56, 1, 1, 1, 1, 0, 0, 1, 1, 1, 1, 1, 4, 0, 0, 0, 0, 0, 0, 0, 0, 0, 0, 0, 0, 0]",84,256,0.0,0.0,5069625520,5069752258,5069633791,5069757853,2304,216958,116767,710560,4,28000,23871,4,160,160,1
199,2,"[4, 4, 1344, 10, 10, 0, 0, 0, 0, 0, 0, 0, 0, 0, 0, 0, 0, 0, 0, 0, 0, 0, 0, 0, 0, 0, 0, 0, 0, 0]",2100,128,0.0,0.0,5069867101,5069874384,5069874620,5069882268,0,49951,49951,710559,1,7283,7648,4,160,160,1
159,2,"[4, 4, 1344, 10, 10, 0, 0, 0, 0, 0, 0, 0, 0, 0, 0, 0, 0, 0, 0, 0, 0, 0, 0, 0, 0, 0, 0, 0, 0, 0]",1050,128,0.0,0.0,5069925369,5069931782,5069932219,5069952699,0,50623,50623,710557,1,6413,20480,4,160,160,1
205,2,"[4, 4, 1344, 10, 10, 0, 0, 0, 0, 0, 0, 0, 0, 0, 0, 0, 0, 0, 0, 0, 0, 0, 0, 0, 0, 0, 0, 0, 0, 0]",1344,512,4300800.0,10752000.0,5069995721,5070002832,5070003322,5070060441,272,56992,56992,710556,1,7111,57119,4,160,160,1
203,2,"[4, 1344, 10, 10, 1344, 10, 10, 3, 3, 1, 1, 1, 1, 1, 1, 1344, 4, 0, 0, 0, 0, 0, 0, 0, 0, 0, 0, 0, 0, 0]",12096,1024,0.0,0.0,5070109836,5070130357,5070117433,5070287831,0,4640,4064,710555,2,13064,169822,4,160,160,1
159,2,"[4, 4, 1344, 10, 10, 0, 0, 0, 0, 0, 0, 0, 0, 0, 0, 0, 0, 0, 0, 0, 0, 0, 0, 0, 0, 0, 0, 0, 0, 0]",1050,128,0.0,0.0,5070183233,5070189580,5070291895,5070313910,0,640,640,710553,1,6347,22015,4,160,160,1
205,2,"[4, 4, 1344, 10, 10, 0, 0, 0, 0, 0, 0, 0, 0, 0, 0, 0, 0, 0, 0, 0, 0, 0, 0, 0, 0, 0, 0, 0, 0, 0]",1344,512,4300800.0,10752000.0,5070248282,5070256936,5070314550,5070370390,272,31839,31839,710552,1,8654,55840,4,160,160,1
203,2,"[4, 224, 10, 10, 1344, 10, 10, 1, 1, 0, 0, 1, 1, 1, 1, 1, 4, 0, 0, 0, 0, 0, 0, 0, 0, 0, 0, 0, 0, 0]",350,256,240844800.0,3713024.0,5070392339,5070486106,5070402229,5070698865,10496,25952,17472,710551,3,23515,288156,4,160,160,1
205,2,"[4, 4, 224, 10, 10, 0, 0, 0, 0, 0, 0, 0, 0, 0, 0, 0, 0, 0, 0, 0, 0, 0, 0, 0, 0, 0, 0, 0, 0, 0]",224,512,716800.0,1792000.0,5070625017,5070632829,5070716337,5070728273,272,67615,67615,710550,1,7812,11936,4,160,160,1
203,2,"[4, 1152, 10, 10, 224, 10, 10, 1, 1, 0, 0, 1, 1, 1, 1, 1, 4, 0, 0, 0, 0, 0, 0, 0, 0, 0, 0, 0, 0, 0]",72,256,206438400.0,3233792.0,5070787045,5070885165,5070795888,5070988750,32768,40191,10399,710549,4,28601,163070,4,160,160,1
23,2,"[4, 4, 1152, 1, 1, 0, 0, 0, 0, 0, 0, 0, 0, 0, 0, 4, 4, 1152, 10, 10, 0, 0, 0, 0, 0, 0, 0, 0, 0, 0]",1800,128,460800.0,5529600.0,5070968590,5070990980,5070999149,5071042829,0,14912,14240,710548,2,12410,43008,4,160,160,1
156,2,"[4, 4, 1152, 1, 1, 0, 0, 0, 0, 0, 0, 0, 0, 0, 0, 0, 0, 0, 0, 0, 0, 0, 0, 0, 0, 0, 0, 0, 0, 0]",9,128,92160.0,36864.0,5071045214,5071052063,5071057069,5071059661,0,76447,76447,710547,1,6849,2592,4,160,160,1
203,2,"[4, 48, 1, 1, 1152, 1, 1, 1, 1, 0, 0, 1, 1, 1, 1, 1, 4, 0, 0, 0, 0, 0, 0, 0, 0, 0, 0, 0, 0, 0]",72,256,442368.0,240384.0,5071127931,5071248722,5071136108,5071255242,3328,137277,105311,710546,4,28487,87168,4,160,160,1
159,2,"[4, 4, 48, 1, 1, 0, 0, 0, 0, 0, 0, 0, 0, 0, 0, 0, 0, 0, 0, 0, 0, 0, 0, 0, 0, 0, 0, 0, 0, 0]",1,128,0.0,0.0,5071353479,5071360248,5071360553,5071363369,0,83839,83839,710544,1,6769,2816,4,160,160,1
203,2,"[4, 1152, 1, 1, 48, 1, 1, 1, 1, 0, 0, 1, 1, 1, 1, 1, 4, 0, 0, 0, 0, 0, 0, 0, 0, 0, 0, 0, 0, 0]",72,256,0.0,0.0,5071439073,5071557630,5071447208,5071563334,2304,225342,130015,710543,4,27431,20799,4,160,160,1
199,2,"[4, 4, 1152, 10, 10, 0, 0, 0, 0, 0, 0, 0, 0, 0, 0, 0, 0, 0, 0, 0, 0, 0, 0, 0, 0, 0, 0, 0, 0, 0]",1800,128,0.0,0.0,5071685810,5071693060,5071693349,5071699908,0,55968,55968,710542,1,7250,6559,4,160,160,1
159,2,"[4, 4, 1152, 10, 10, 0, 0, 0, 0, 0, 0, 0, 0, 0, 0, 0, 0, 0, 0, 0, 0, 0, 0, 0, 0, 0, 0, 0, 0, 0]",900,128,0.0,0.0,5071749208,5071755506,5071755876,5071773124,0,65183,65183,710540,1,6298,17248,4,160,160,1
205,2,"[4, 4, 1152, 10, 10, 0, 0, 0, 0, 0, 0, 0, 0, 0, 0, 0, 0, 0, 0, 0, 0, 0, 0, 0, 0, 0, 0, 0, 0, 0]",1152,512,3686400.0,9216000.0,5071830342,5071837876,5071838307,5071887202,272,79359,79359,710539,1,7534,48895,4,160,160,1
203,2,"[4, 1152, 10, 10, 1152, 10, 10, 3, 3, 1, 1, 1, 1, 1, 1, 1152, 4, 0, 0, 0, 0, 0, 0, 0, 0, 0, 0, 0, 0, 0]",10368,1024,0.0,0.0,5071959229,5071980344,5071966561,5072112063,0,4640,4064,710538,2,13001,144926,4,160,160,1
159,2,"[4, 4, 1152, 10, 10, 0, 0, 0, 0, 0, 0, 0, 0, 0, 0, 0, 0, 0, 0, 0, 0, 0, 0, 0, 0, 0, 0, 0, 0, 0]",900,128,0.0,0.0,5072040863,5072047398,5072116127,5072132703,0,576,576,710536,1,6535,16576,4,160,160,1
205,2,"[4, 4, 1152, 10, 10, 0, 0, 0, 0, 0, 0, 0, 0, 0, 0, 0, 0, 0, 0, 0, 0, 0, 0, 0, 0, 0, 0, 0, 0, 0]",1152,512,3686400.0,9216000.0,5072115072,5072123820,5072133279,5072181054,272,95007,95007,710535,1,8748,47775,4,160,160,1
203,2,"[4, 192, 10, 10, 1152, 10, 10, 1, 1, 0, 0, 1, 1, 1, 1, 1, 4, 0, 0, 0, 0, 0, 0, 0, 0, 0, 0, 0, 0, 0]",300,256,176947200.0,3035136.0,5072268080,5072357405,5072276061,5072495643,10496,16863,8319,710534,3,20857,211038,4,160,160,1
234,2,"[4, 4, 192, 10, 10, 0, 0, 0, 0, 0, 0, 0, 0, 0, 0, 4, 4, 1, 1, 1, 0, 0, 0, 0, 0, 0, 0, 0, 0, 0]",300,128,76800.0,921600.0,5072453228,5072460341,5072503962,5072508474,0,23904,23904,710532,1,7113,4512,4,160,160,1
205,2,"[4, 4, 192, 10, 10, 0, 0, 0, 0, 0, 0, 0, 0, 0, 0, 0, 0, 0, 0, 0, 0, 0, 0, 0, 0, 0, 0, 0, 0, 0]",192,512,614400.0,1536000.0,5072524504,5072532304,5072532378,5072543738,272,152798,152798,710531,1,7800,11360,4,160,160,1
203,2,"[4, 768, 10, 10, 192, 10, 10, 1, 1, 0, 0, 1, 1, 1, 1, 1, 4, 0, 0, 0, 0, 0, 0, 0, 0, 0, 0, 0, 0, 0]",48,256,117964800.0,2125824.0,5072687428,5072784727,5072696536,5072886070,32768,44928,6880,710530,4,28528,151486,4,160,160,1
23,2,"[4, 4, 768, 1, 1, 0, 0, 0, 0, 0, 0, 0, 0, 0, 0, 4, 4, 768, 10, 10, 0, 0, 0, 0, 0, 0, 0, 0, 0, 0]",1200,128,307200.0,3686400.0,5072866287,5072888440,5072892950,5072914741,0,35776,35168,710529,2,11832,21183,4,160,160,1
156,2,"[4, 4, 768, 1, 1, 0, 0, 0, 0, 0, 0, 0, 0, 0, 0, 0, 0, 0, 0, 0, 0, 0, 0, 0, 0, 0, 0, 0, 0, 0]",6,128,61440.0,24576.0,5072942845,5072951468,5072949909,5072952341,0,81151,81151,710528,1,8623,2432,4,160,160,1
203,2,"[4, 48, 1, 1, 768, 1, 1, 1, 1, 0, 0, 1, 1, 1, 1, 1, 4, 0, 0, 0, 0, 0, 0, 0, 0, 0, 0, 0, 0, 0]",48,256,294912.0,160512.0,5073025322,5073144227,5073033492,5073150546,3328,153630,99135,710527,4,28728,62559,4,160,160,1
159,2,"[4, 4, 48, 1, 1, 0, 0, 0, 0, 0, 0, 0, 0, 0, 0, 0, 0, 0, 0, 0, 0, 0, 0, 0, 0, 0, 0, 0, 0, 0]",1,128,0.0,0.0,5073242572,5073249404,5073249681,5073252497,0,79423,79423,710525,1,6832,2816,4,160,160,1
203,2,"[4, 768, 1, 1, 48, 1, 1, 1, 1, 0, 0, 1, 1, 1, 1, 1, 4, 0, 0, 0, 0, 0, 0, 0, 0, 0, 0, 0, 0, 0]",48,256,0.0,0.0,5073323609,5073438004,5073331920,5073443535,2304,207325,115966,710524,4,28021,20256,4,160,160,1
199,2,"[4, 4, 768, 10, 10, 0, 0, 0, 0, 0, 0, 0, 0, 0, 0, 0, 0, 0, 0, 0, 0, 0, 0, 0, 0, 0, 0, 0, 0, 0]",1200,128,0.0,0.0,5073551589,5073559212,5073559501,5073564685,0,50367,50367,710523,1,7623,5184,4,160,160,1
159,2,"[4, 4, 768, 10, 10, 0, 0, 0, 0, 0, 0, 0, 0, 0, 0, 0, 0, 0, 0, 0, 0, 0, 0, 0, 0, 0, 0, 0, 0, 0]",600,128,0.0,0.0,5073607961,5073614705,5073615052,5073626924,0,69535,69535,710521,1,6744,11872,4,160,160,1
205,2,"[4, 4, 768, 10, 10, 0, 0, 0, 0, 0, 0, 0, 0, 0, 0, 0, 0, 0, 0, 0, 0, 0, 0, 0, 0, 0, 0, 0, 0, 0]",768,512,2457600.0,6144000.0,5073688434,5073696153,5073696459,5073729163,272,80831,80831,710520,1,7719,32704,4,160,160,1
203,2,"[4, 768, 10, 10, 768, 10, 10, 3, 3, 1, 1, 1, 1, 1, 1, 768, 4, 0, 0, 0, 0, 0, 0, 0, 0, 0, 0, 0, 0, 0]",6912,1024,0.0,0.0,5073802924,5073822899,5073809994,5073906377,0,4288,3712,710519,2,12741,95807,4,160,160,1
159,2,"[4, 4, 768, 10, 10, 0, 0, 0, 0, 0, 0, 0, 0, 0, 0, 0, 0, 0, 0, 0, 0, 0, 0, 0, 0, 0, 0, 0, 0, 0]",600,128,0.0,0.0,5073878307,5073884834,5073910089,5073921384,0,31200,31200,710517,1,6527,11295,4,160,160,1
205,2,"[4, 4, 768, 10, 10, 0, 0, 0, 0, 0, 0, 0, 0, 0, 0, 0, 0, 0, 0, 0, 0, 0, 0, 0, 0, 0, 0, 0, 0, 0]",768,512,2457600.0,6144000.0,5073945342,5073952109,5073952584,5073985640,272,105246,105246,710516,1,6767,33056,4,160,160,1
203,2,"[4, 192, 10, 10, 768, 10, 10, 1, 1, 0, 0, 1, 1, 1, 1, 1, 4, 0, 0, 0, 0, 0, 0, 0, 0, 0, 0, 0, 0, 0]",300,256,117964800.0,2125824.0,5074082634,5074171205,5074090886,5074277444,10496,24160,15552,710515,3,21184,177950,4,160,160,1
234,2,"[4, 4, 192, 10, 10, 0, 0, 0, 0, 0, 0, 0, 0, 0, 0, 4, 4, 1, 1, 1, 0, 0, 0, 0, 0, 0, 0, 0, 0, 0]",300,128,76800.0,921600.0,5074285686,5074292548,5074292996,5074296292,0,67359,67359,710513,1,6862,3296,4,160,160,1
205,2,"[4, 4, 192, 10, 10, 0, 0, 0, 0, 0, 0, 0, 0, 0, 0, 0, 0, 0, 0, 0, 0, 0, 0, 0, 0, 0, 0, 0, 0, 0]",192,512,614400.0,1536000.0,5074355966,5074363259,5074363651,5074375010,272,154015,154015,710512,1,7293,11359,4,160,160,1
203,2,"[4, 768, 10, 10, 192, 10, 10, 1, 1, 0, 0, 1, 1, 1, 1, 1, 4, 0, 0, 0, 0, 0, 0, 0, 0, 0, 0, 0, 0, 0]",48,256,117964800.0,2125824.0,5074520180,5074613782,5074529025,5074715038,32768,40864,6304,710511,4,26111,151453,4,160,160,1
23,2,"[4, 4, 768, 1, 1, 0, 0, 0, 0, 0, 0, 0, 0, 0, 0, 4, 4, 768, 10, 10, 0, 0, 0, 0, 0, 0, 0, 0, 0, 0]",1200,128,307200.0,3686400.0,5074695387,5074717320,5074721342,5074743710,0,37920,37216,710510,2,12024,21664,4,160,160,1
156,2,"[4, 4, 768, 1, 1, 0, 0, 0, 0, 0, 0, 0, 0, 0, 0, 0, 0, 0, 0, 0, 0, 0, 0, 0, 0, 0, 0, 0, 0, 0]",6,128,61440.0,24576.0,5074773724,5074780529,5074780926,5074783294,0,77950,77950,710509,1,6805,2368,4,160,160,1
203,2,"[4, 48, 1, 1, 768, 1, 1, 1, 1, 0, 0, 1, 1, 1, 1, 1, 4, 0, 0, 0, 0, 0, 0, 0, 0, 0, 0, 0, 0, 0]",48,256,294912.0,160512.0,5074853044,5074971989,5074861244,5074978299,3328,153503,99263,710508,4,27935,62815,4,160,160,1
159,2,"[4, 4, 48, 1, 1, 0, 0, 0, 0, 0, 0, 0, 0, 0, 0, 0, 0, 0, 0, 0, 0, 0, 0, 0, 0, 0, 0, 0, 0, 0]",1,128,0.0,0.0,5075070665,5075077387,5075077562,5075080314,0,78271,78271,710506,1,6722,2752,4,160,160,1
203,2,"[4, 768, 1, 1, 48, 1, 1, 1, 1, 0, 0, 1, 1, 1, 1, 1, 4, 0, 0, 0, 0, 0, 0, 0, 0, 0, 0, 0, 0, 0]",48,256,0.0,0.0,5075150291,5075267092,5075158585,5075270135,2304,206205,114815,710505,4,30237,20160,4,160,160,1
199,2,"[4, 4, 768, 10, 10, 0, 0, 0, 0, 0, 0, 0, 0, 0, 0, 0, 0, 0, 0, 0, 0, 0, 0, 0, 0, 0, 0, 0, 0, 0]",1200,128,0.0,0.0,5075377630,5075384859,5075384950,5075390166,0,51743,51743,710504,1,7229,5216,4,160,160,1
159,2,"[4, 4, 768, 10, 10, 0, 0, 0, 0, 0, 0, 0, 0, 0, 0, 0, 0, 0, 0, 0, 0, 0, 0, 0, 0, 0, 0, 0, 0, 0]",600,128,0.0,0.0,5075434723,5075441557,5075441909,5075453461,0,61663,61663,710502,1,6834,11552,4,160,160,1
205,2,"[4, 4, 768, 10, 10, 0, 0, 0, 0, 0, 0, 0, 0, 0, 0, 0, 0, 0, 0, 0, 0, 0, 0, 0, 0, 0, 0, 0, 0, 0]",768,512,2457600.0,6144000.0,5075507534,5075516008,5075515124,5075547956,272,78399,78399,710501,1,8474,32832,4,160,160,1
203,2,"[4, 768, 10, 10, 768, 10, 10, 3, 3, 1, 1, 1, 1, 1, 1, 768, 4, 0, 0, 0, 0, 0, 0, 0, 0, 0, 0, 0, 0, 0]",6912,1024,0.0,0.0,5075618993,5075639271,5075626355,5075722642,0,4447,3807,710500,2,13006,95647,4,160,160,1
159,2,"[4, 4, 768, 10, 10, 0, 0, 0, 0, 0, 0, 0, 0, 0, 0, 0, 0, 0, 0, 0, 0, 0, 0, 0, 0, 0, 0, 0, 0, 0]",600,128,0.0,0.0,5075693641,5075700015,5075726449,5075737489,0,30112,30112,710498,1,6374,11040,4,160,160,1
205,2,"[4, 4, 768, 10, 10, 0, 0, 0, 0, 0, 0, 0, 0, 0, 0, 0, 0, 0, 0, 0, 0, 0, 0, 0, 0, 0, 0, 0, 0, 0]",768,512,2457600.0,6144000.0,5075760318,5075767372,5075767601,5075801040,272,103455,103455,710497,1,7054,33439,4,160,160,1
203,2,"[4, 192, 10, 10, 768, 10, 10, 1, 1, 0, 0, 1, 1, 1, 1, 1, 4, 0, 0, 0, 0, 0, 0, 0, 0, 0, 0, 0, 0, 0]",300,256,117964800.0,2125824.0,5075896169,5075984506,5075904495,5076090413,10496,33088,14656,710496,3,21532,167486,4,160,160,1
234,2,"[4, 4, 192, 10, 10, 0, 0, 0, 0, 0, 0, 0, 0, 0, 0, 4, 4, 1, 1, 1, 0, 0, 0, 0, 0, 0, 0, 0, 0, 0]",300,128,76800.0,921600.0,5076097191,5076104081,5076105069,5076108333,0,65279,65279,710494,1,6890,3264,4,160,160,1
205,2,"[4, 4, 192, 10, 10, 0, 0, 0, 0, 0, 0, 0, 0, 0, 0, 0, 0, 0, 0, 0, 0, 0, 0, 0, 0, 0, 0, 0, 0, 0]",192,512,614400.0,1536000.0,5076166014,5076173389,5076173612,5076185676,272,151134,151134,710493,1,7375,12064,4,160,160,1
203,2,"[4, 768, 10, 10, 192, 10, 10, 1, 1, 0, 0, 1, 1, 1, 1, 1, 4, 0, 0, 0, 0, 0, 0, 0, 0, 0, 0, 0, 0, 0]",48,256,117964800.0,2125824.0,5076327513,5076422263,5076336810,5076523367,32768,41951,6464,710492,4,27042,151070,4,160,160,1
23,2,"[4, 4, 768, 1, 1, 0, 0, 0, 0, 0, 0, 0, 0, 0, 0, 4, 4, 768, 10, 10, 0, 0, 0, 0, 0, 0, 0, 0, 0, 0]",1200,128,307200.0,3686400.0,5076504502,5076529524,5076529831,5076550759,0,40544,40000,710491,2,12507,20384,4,160,160,1
156,2,"[4, 4, 768, 1, 1, 0, 0, 0, 0, 0, 0, 0, 0, 0, 0, 0, 0, 0, 0, 0, 0, 0, 0, 0, 0, 0, 0, 0, 0, 0]",6,128,61440.0,24576.0,5076583743,5076590353,5076590759,5076593159,0,78046,78046,710490,1,6610,2400,4,160,160,1
203,2,"[4, 48, 1, 1, 768, 1, 1, 1, 1, 0, 0, 1, 1, 1, 1, 1, 4, 0, 0, 0, 0, 0, 0, 0, 0, 0, 0, 0, 0, 0]",48,256,294912.0,160512.0,5076662995,5076782114,5076671205,5076788484,3328,150558,97311,710489,4,27984,64032,4,160,160,1
159,2,"[4, 4, 48, 1, 1, 0, 0, 0, 0, 0, 0, 0, 0, 0, 0, 0, 0, 0, 0, 0, 0, 0, 0, 0, 0, 0, 0, 0, 0, 0]",1,128,0.0,0.0,5076878921,5076885386,5076885795,5076888611,0,76543,76543,710487,1,6465,2816,4,160,160,1
203,2,"[4, 768, 1, 1, 48, 1, 1, 1, 1, 0, 0, 1, 1, 1, 1, 1, 4, 0, 0, 0, 0, 0, 0, 0, 0, 0, 0, 0, 0, 0]",48,256,0.0,0.0,5076957193,5077074377,5076965154,5077079904,2304,208893,113727,710486,4,27414,19584,4,160,160,1
199,2,"[4, 4, 768, 10, 10, 0, 0, 0, 0, 0, 0, 0, 0, 0, 0, 0, 0, 0, 0, 0, 0, 0, 0, 0, 0, 0, 0, 0, 0, 0]",1200,128,0.0,0.0,5077186016,5077193334,5077193631,5077198783,0,50719,50719,710485,1,7318,5152,4,160,160,1
159,2,"[4, 4, 768, 10, 10, 0, 0, 0, 0, 0, 0, 0, 0, 0, 0, 0, 0, 0, 0, 0, 0, 0, 0, 0, 0, 0, 0, 0, 0, 0]",600,128,0.0,0.0,5077242734,5077249124,5077249502,5077260926,0,62175,62175,710483,1,6390,11424,4,160,160,1
205,2,"[4, 4, 768, 10, 10, 0, 0, 0, 0, 0, 0, 0, 0, 0, 0, 0, 0, 0, 0, 0, 0, 0, 0, 0, 0, 0, 0, 0, 0, 0]",768,512,2457600.0,6144000.0,5077315517,5077322685,5077323101,5077356093,272,78559,78559,710482,1,7168,32992,4,160,160,1
203,2,"[4, 768, 10, 10, 768, 10, 10, 3, 3, 1, 1, 1, 1, 1, 1, 768, 4, 0, 0, 0, 0, 0, 0, 0, 0, 0, 0, 0, 0, 0]",6912,1024,0.0,0.0,5077427389,5077447539,5077434652,5077531002,0,4545,3873,710481,2,13157,95678,4,160,160,1
159,2,"[4, 4, 768, 10, 10, 0, 0, 0, 0, 0, 0, 0, 0, 0, 0, 0, 0, 0, 0, 0, 0, 0, 0, 0, 0, 0, 0, 0, 0, 0]",600,128,0.0,0.0,5077502571,5077509000,5077534875,5077546203,0,26559,26559,710479,1,6429,11328,4,160,160,1
205,2,"[4, 4, 768, 10, 10, 0, 0, 0, 0, 0, 0, 0, 0, 0, 0, 0, 0, 0, 0, 0, 0, 0, 0, 0, 0, 0, 0, 0, 0, 0]",768,512,2457600.0,6144000.0,5077565717,5077572251,5077572762,5077606010,272,111198,111198,710478,1,6534,33248,4,160,160,1
203,2,"[4, 192, 10, 10, 768, 10, 10, 1, 1, 0, 0, 1, 1, 1, 1, 1, 4, 0, 0, 0, 0, 0, 0, 0, 0, 0, 0, 0, 0, 0]",300,256,117964800.0,2125824.0,5077708750,5077799283,5077717208,5077904086,10496,26847,16063,710477,3,23584,176094,4,160,160,1
234,2,"[4, 4, 192, 10, 10, 0, 0, 0, 0, 0, 0, 0, 0, 0, 0, 4, 4, 1, 1, 1, 0, 0, 0, 0, 0, 0, 0, 0, 0, 0]",300,128,76800.0,921600.0,5077912487,5077919752,5077920149,5077923381,0,66848,66848,710475,1,7265,3232,4,160,160,1
205,2,"[4, 4, 192, 10, 10, 0, 0, 0, 0, 0, 0, 0, 0, 0, 0, 0, 0, 0, 0, 0, 0, 0, 0, 0, 0, 0, 0, 0, 0, 0]",192,512,614400.0,1536000.0,5077982558,5077991875,5077990229,5078001620,272,153343,153343,710474,1,9317,11391,4,160,160,1
203,2,"[4, 768, 10, 10, 192, 10, 10, 1, 1, 0, 0, 1, 1, 1, 1, 1, 4, 0, 0, 0, 0, 0, 0, 0, 0, 0, 0, 0, 0, 0]",48,256,117964800.0,2125824.0,5078146125,5078240476,5078154963,5078341424,32768,41695,6176,710473,4,26686,150942,4,160,160,1
23,2,"[4, 4, 768, 1, 1, 0, 0, 0, 0, 0, 0, 0, 0, 0, 0, 4, 4, 768, 10, 10, 0, 0, 0, 0, 0, 0, 0, 0, 0, 0]",1200,128,307200.0,3686400.0,5078324960,5078347744,5078347600,5078370576,0,38848,38208,710472,2,12471,22336,4,160,160,1
156,2,"[4, 4, 768, 1, 1, 0, 0, 0, 0, 0, 0, 0, 0, 0, 0, 0, 0, 0, 0, 0, 0, 0, 0, 0, 0, 0, 0, 0, 0, 0]",6,128,61440.0,24576.0,5078401388,5078408342,5078408784,5078411184,0,77855,77855,710471,1,6954,2400,4,160,160,1
203,2,"[4, 48, 1, 1, 768, 1, 1, 1, 1, 0, 0, 1, 1, 1, 1, 1, 4, 0, 0, 0, 0, 0, 0, 0, 0, 0, 0, 0, 0, 0]",48,256,294912.0,160512.0,5078480920,5078601355,5078489039,5078607757,3328,152381,98239,710470,4,27371,64576,4,160,160,1
159,2,"[4, 4, 48, 1, 1, 0, 0, 0, 0, 0, 0, 0, 0, 0, 0, 0, 0, 0, 0, 0, 0, 0, 0, 0, 0, 0, 0, 0, 0, 0]",1,128,0.0,0.0,5078698982,5078705770,5078705996,5078708812,0,76030,76030,710468,1,6788,2816,4,160,160,1
203,2,"[4, 768, 1, 1, 48, 1, 1, 1, 1, 0, 0, 1, 1, 1, 1, 1, 4, 0, 0, 0, 0, 0, 0, 0, 0, 0, 0, 0, 0, 0]",48,256,0.0,0.0,5078776518,5078894483,5078784842,5078900105,2304,210078,114559,710467,4,27887,19744,4,160,160,1
199,2,"[4, 4, 768, 10, 10, 0, 0, 0, 0, 0, 0, 0, 0, 0, 0, 0, 0, 0, 0, 0, 0, 0, 0, 0, 0, 0, 0, 0, 0, 0]",1200,128,0.0,0.0,5079006822,5079014481,5079014664,5079019816,0,54367,54367,710466,1,7659,5152,4,160,160,1
159,2,"[4, 4, 768, 10, 10, 0, 0, 0, 0, 0, 0, 0, 0, 0, 0, 0, 0, 0, 0, 0, 0, 0, 0, 0, 0, 0, 0, 0, 0, 0]",600,128,0.0,0.0,5079067095,5079073758,5079074183,5079085863,0,61151,61151,710464,1,6663,11680,4,160,160,1
205,2,"[4, 4, 768, 10, 10, 0, 0, 0, 0, 0, 0, 0, 0, 0, 0, 0, 0, 0, 0, 0, 0, 0, 0, 0, 0, 0, 0, 0, 0, 0]",768,512,2457600.0,6144000.0,5079139012,5079146314,5079147014,5079180390,272,76191,76191,710463,1,7302,33376,4,160,160,1
203,2,"[4, 768, 10, 10, 768, 10, 10, 3, 3, 1, 1, 1, 1, 1, 1, 768, 4, 0, 0, 0, 0, 0, 0, 0, 0, 0, 0, 0, 0, 0]",6912,1024,0.0,0.0,5079249467,5079270942,5079256581,5079353091,0,4545,3841,710462,2,14528,95806,4,160,160,1
159,2,"[4, 4, 768, 10, 10, 0, 0, 0, 0, 0, 0, 0, 0, 0, 0, 0, 0, 0, 0, 0, 0, 0, 0, 0, 0, 0, 0, 0, 0, 0]",600,128,0.0,0.0,5079325059,5079331433,5079356932,5079367683,0,27392,27392,710460,1,6374,10751,4,160,160,1
205,2,"[4, 4, 768, 10, 10, 0, 0, 0, 0, 0, 0, 0, 0, 0, 0, 0, 0, 0, 0, 0, 0, 0, 0, 0, 0, 0, 0, 0, 0, 0]",768,512,2457600.0,6144000.0,5079387990,5079394481,5079395075,5079427810,272,107359,107359,710459,1,6491,32735,4,160,160,1
203,2,"[4, 192, 10, 10, 768, 10, 10, 1, 1, 0, 0, 1, 1, 1, 1, 1, 4, 0, 0, 0, 0, 0, 0, 0, 0, 0, 0, 0, 0, 0]",300,256,117964800.0,2125824.0,5079526743,5079615398,5079535169,5079722271,10496,22687,14047,710458,3,21539,178462,4,160,160,1
234,2,"[4, 4, 192, 10, 10, 0, 0, 0, 0, 0, 0, 0, 0, 0, 0, 4, 4, 1, 1, 1, 0, 0, 0, 0, 0, 0, 0, 0, 0, 0]",300,128,76800.0,921600.0,5079728365,5079735502,5079736318,5079739615,0,68831,68831,710456,1,7137,3297,4,160,160,1
205,2,"[4, 4, 192, 10, 10, 0, 0, 0, 0, 0, 0, 0, 0, 0, 0, 0, 0, 0, 0, 0, 0, 0, 0, 0, 0, 0, 0, 0, 0, 0]",192,512,614400.0,1536000.0,5079800648,5079808097,5079808446,5079819550,272,153310,153310,710455,1,7449,11104,4,160,160,1
203,2,"[4, 768, 10, 10, 192, 10, 10, 1, 1, 0, 0, 1, 1, 1, 1, 1, 4, 0, 0, 0, 0, 0, 0, 0, 0, 0, 0, 0, 0, 0]",48,256,117964800.0,2125824.0,5079963620,5080060879,5079972860,5080162009,32768,43965,6304,710454,4,27191,151488,4,160,160,1
23,2,"[4, 4, 768, 1, 1, 0, 0, 0, 0, 0, 0, 0, 0, 0, 0, 4, 4, 768, 10, 10, 0, 0, 0, 0, 0, 0, 0, 0, 0, 0]",1200,128,307200.0,3686400.0,5080142804,5080164875,5080168313,5080191769,0,33439,32735,710453,2,12016,22752,4,160,160,1
156,2,"[4, 4, 768, 1, 1, 0, 0, 0, 0, 0, 0, 0, 0, 0, 0, 0, 0, 0, 0, 0, 0, 0, 0, 0, 0, 0, 0, 0, 0, 0]",6,128,61440.0,24576.0,5080217404,5080224178,5080224504,5080226904,0,78111,78111,710452,1,6774,2400,4,160,160,1
203,2,"[4, 48, 1, 1, 768, 1, 1, 1, 1, 0, 0, 1, 1, 1, 1, 1, 4, 0, 0, 0, 0, 0, 0, 0, 0, 0, 0, 0, 0, 0]",48,256,294912.0,160512.0,5080296644,5080417340,5080305015,5080423670,3328,149887,95679,710451,4,30467,64447,4,160,160,1
159,2,"[4, 4, 48, 1, 1, 0, 0, 0, 0, 0, 0, 0, 0, 0, 0, 0, 0, 0, 0, 0, 0, 0, 0, 0, 0, 0, 0, 0, 0, 0]",1,128,0.0,0.0,5080512524,5080519158,5080519349,5080522165,0,80767,80767,710449,1,6634,2816,4,160,160,1
203,2,"[4, 768, 1, 1, 48, 1, 1, 1, 1, 0, 0, 1, 1, 1, 1, 1, 4, 0, 0, 0, 0, 0, 0, 0, 0, 0, 0, 0, 0, 0]",48,256,0.0,0.0,5080594637,5080709715,5080602932,5080715250,2304,205406,112831,710448,4,28073,19743,4,160,160,1
199,2,"[4, 4, 768, 10, 10, 0, 0, 0, 0, 0, 0, 0, 0, 0, 0, 0, 0, 0, 0, 0, 0, 0, 0, 0, 0, 0, 0, 0, 0, 0]",1200,128,0.0,0.0,5080820812,5080827839,5080828081,5080833265,0,53439,53439,710447,1,7027,5184,4,160,160,1
159,2,"[4, 4, 768, 10, 10, 0, 0, 0, 0, 0, 0, 0, 0, 0, 0, 0, 0, 0, 0, 0, 0, 0, 0, 0, 0, 0, 0, 0, 0, 0]",600,128,0.0,0.0,5080879942,5080886422,5080886704,5080898288,0,61311,61311,710445,1,6480,11584,4,160,160,1
205,2,"[4, 4, 768, 10, 10, 0, 0, 0, 0, 0, 0, 0, 0, 0, 0, 0, 0, 0, 0, 0, 0, 0, 0, 0, 0, 0, 0, 0, 0, 0]",768,512,2457600.0,6144000.0,5080951875,5080959298,5080959599,5080992558,272,78912,78912,710444,1,7423,32959,4,160,160,1
203,2,"[4, 768, 10, 10, 768, 10, 10, 3, 3, 1, 1, 1, 1, 1, 1, 768, 4, 0, 0, 0, 0, 0, 0, 0, 0, 0, 0, 0, 0, 0]",6912,1024,0.0,0.0,5081063957,5081084438,5081071470,5081168333,0,4512,3808,710443,2,13167,96159,4,160,160,1
159,2,"[4, 4, 768, 10, 10, 0, 0, 0, 0, 0, 0, 0, 0, 0, 0, 0, 0, 0, 0, 0, 0, 0, 0, 0, 0, 0, 0, 0, 0, 0]",600,128,0.0,0.0,5081136911,5081143124,5081172141,5081183052,0,25440,25440,710441,1,6213,10911,4,160,160,1
205,2,"[4, 4, 768, 10, 10, 0, 0, 0, 0, 0, 0, 0, 0, 0, 0, 0, 0, 0, 0, 0, 0, 0, 0, 0, 0, 0, 0, 0, 0, 0]",768,512,2457600.0,6144000.0,5081201190,5081208058,5081208492,5081241163,272,105567,105567,710440,1,6868,32671,4,160,160,1
203,2,"[4, 192, 10, 10, 768, 10, 10, 1, 1, 0, 0, 1, 1, 1, 1, 1, 4, 0, 0, 0, 0, 0, 0, 0, 0, 0, 0, 0, 0, 0]",300,256,117964800.0,2125824.0,5081338618,5081426626,5081346730,5081532488,10496,27424,18592,710439,3,21648,176926,4,160,160,1
234,2,"[4, 4, 192, 10, 10, 0, 0, 0, 0, 0, 0, 0, 0, 0, 0, 4, 4, 1, 1, 1, 0, 0, 0, 0, 0, 0, 0, 0, 0, 0]",300,128,76800.0,921600.0,5081543783,5081550636,5081551080,5081554440,0,68190,68190,710437,1,6853,3360,4,160,160,1
205,2,"[4, 4, 192, 10, 10, 0, 0, 0, 0, 0, 0, 0, 0, 0, 0, 0, 0, 0, 0, 0, 0, 0, 0, 0, 0, 0, 0, 0, 0, 0]",192,512,614400.0,1536000.0,5081614518,5081622281,5081622630,5081633862,272,160223,160223,710436,1,7763,11232,4,160,160,1
203,2,"[4, 768, 10, 10, 192, 10, 10, 1, 1, 0, 0, 1, 1, 1, 1, 1, 4, 0, 0, 0, 0, 0, 0, 0, 0, 0, 0, 0, 0, 0]",48,256,117964800.0,2125824.0,5081784870,5081883930,5081794085,5081985186,32768,46015,6464,710435,4,29751,151550,4,160,160,1
23,2,"[4, 4, 768, 1, 1, 0, 0, 0, 0, 0, 0, 0, 0, 0, 0, 4, 4, 768, 10, 10, 0, 0, 0, 0, 0, 0, 0, 0, 0, 0]",1200,128,307200.0,3686400.0,5081965773,5081987597,5081991650,5082014178,0,34911,34303,710434,2,12077,21920,4,160,160,1
156,2,"[4, 4, 768, 1, 1, 0, 0, 0, 0, 0, 0, 0, 0, 0, 0, 0, 0, 0, 0, 0, 0, 0, 0, 0, 0, 0, 0, 0, 0, 0]",6,128,61440.0,24576.0,5082041343,5082048115,5082048481,5082050881,0,78943,78943,710433,1,6772,2400,4,160,160,1
203,2,"[4, 48, 1, 1, 768, 1, 1, 1, 1, 0, 0, 1, 1, 1, 1, 1, 4, 0, 0, 0, 0, 0, 0, 0, 0, 0, 0, 0, 0, 0]",48,256,294912.0,160512.0,5082121670,5082239078,5082129824,5082245503,3328,149023,98271,710432,4,27698,64927,4,160,160,1
159,2,"[4, 4, 48, 1, 1, 0, 0, 0, 0, 0, 0, 0, 0, 0, 0, 0, 0, 0, 0, 0, 0, 0, 0, 0, 0, 0, 0, 0, 0, 0]",1,128,0.0,0.0,5082336684,5082345658,5082343774,5082346622,0,78815,78815,710430,1,8974,2848,4,160,160,1
203,2,"[4, 768, 1, 1, 48, 1, 1, 1, 1, 0, 0, 1, 1, 1, 1, 1, 4, 0, 0, 0, 0, 0, 0, 0, 0, 0, 0, 0, 0, 0]",48,256,0.0,0.0,5082417420,5082531557,5082425437,5082537179,2304,205214,114175,710429,4,27404,20703,4,160,160,1
199,2,"[4, 4, 768, 10, 10, 0, 0, 0, 0, 0, 0, 0, 0, 0, 0, 0, 0, 0, 0, 0, 0, 0, 0, 0, 0, 0, 0, 0, 0, 0]",1200,128,0.0,0.0,5082643807,5082651108,5082651354,5082656569,0,51616,51616,710428,1,7301,5215,4,160,160,1
159,2,"[4, 4, 768, 10, 10, 0, 0, 0, 0, 0, 0, 0, 0, 0, 0, 0, 0, 0, 0, 0, 0, 0, 0, 0, 0, 0, 0, 0, 0, 0]",600,128,0.0,0.0,5082701195,5082707797,5082708185,5082719737,0,60959,60959,710426,1,6602,11552,4,160,160,1
205,2,"[4, 4, 768, 10, 10, 0, 0, 0, 0, 0, 0, 0, 0, 0, 0, 0, 0, 0, 0, 0, 0, 0, 0, 0, 0, 0, 0, 0, 0, 0]",768,512,2457600.0,6144000.0,5082772942,5082780354,5082780696,5082813400,272,78975,78975,710425,1,7412,32704,4,160,160,1
203,2,"[4, 768, 10, 10, 768, 10, 10, 3, 3, 1, 1, 1, 1, 1, 1, 768, 4, 0, 0, 0, 0, 0, 0, 0, 0, 0, 0, 0, 0, 0]",6912,1024,0.0,0.0,5082885050,5082905175,5082892375,5082988854,0,4447,3807,710424,2,13139,95839,4,160,160,1
159,2,"[4, 4, 768, 10, 10, 0, 0, 0, 0, 0, 0, 0, 0, 0, 0, 0, 0, 0, 0, 0, 0, 0, 0, 0, 0, 0, 0, 0, 0, 0]",600,128,0.0,0.0,5082959224,5082965535,5082992661,5083003317,0,25568,25568,710422,1,6311,10656,4,160,160,1
205,2,"[4, 4, 768, 10, 10, 0, 0, 0, 0, 0, 0, 0, 0, 0, 0, 0, 0, 0, 0, 0, 0, 0, 0, 0, 0, 0, 0, 0, 0, 0]",768,512,2457600.0,6144000.0,5083021651,5083029902,5083028885,5083061941,272,106206,106206,710421,1,8251,33056,4,160,160,1
203,2,"[4, 192, 10, 10, 768, 10, 10, 1, 1, 0, 0, 1, 1, 1, 1, 1, 4, 0, 0, 0, 0, 0, 0, 0, 0, 0, 0, 0, 0, 0]",300,256,117964800.0,2125824.0,5083160175,5083248024,5083168147,5083355889,10496,25728,17056,710420,3,21713,179070,4,160,160,1
234,2,"[4, 4, 192, 10, 10, 0, 0, 0, 0, 0, 0, 0, 0, 0, 0, 4, 4, 1, 1, 1, 0, 0, 0, 0, 0, 0, 0, 0, 0, 0]",300,128,76800.0,921600.0,5083365475,5083372613,5083372945,5083376240,0,67615,67615,710418,1,7138,3295,4,160,160,1
205,2,"[4, 4, 192, 10, 10, 0, 0, 0, 0, 0, 0, 0, 0, 0, 0, 0, 0, 0, 0, 0, 0, 0, 0, 0, 0, 0, 0, 0, 0, 0]",192,512,614400.0,1536000.0,5083436138,5083443444,5083443855,5083455215,272,152927,152927,710417,1,7306,11360,4,160,160,1
203,2,"[4, 768, 10, 10, 192, 10, 10, 1, 1, 0, 0, 1, 1, 1, 1, 1, 4, 0, 0, 0, 0, 0, 0, 0, 0, 0, 0, 0, 0, 0]",48,256,117964800.0,2125824.0,5083598906,5083694649,5083608142,5083795627,32768,43042,6432,710416,4,27374,150875,4,160,160,1
23,2,"[4, 4, 768, 1, 1, 0, 0, 0, 0, 0, 0, 0, 0, 0, 0, 4, 4, 768, 10, 10, 0, 0, 0, 0, 0, 0, 0, 0, 0, 0]",1200,128,307200.0,3686400.0,5083775818,5083797798,5083802059,5083824875,0,38527,37791,710415,2,11944,22080,4,160,160,1
156,2,"[4, 4, 768, 1, 1, 0, 0, 0, 0, 0, 0, 0, 0, 0, 0, 0, 0, 0, 0, 0, 0, 0, 0, 0, 0, 0, 0, 0, 0, 0]",6,128,61440.0,24576.0,5083855446,5083862537,5083862666,5083865098,0,78975,78975,710414,1,7091,2432,4,160,160,1
203,2,"[4, 48, 1, 1, 768, 1, 1, 1, 1, 0, 0, 1, 1, 1, 1, 1, 4, 0, 0, 0, 0, 0, 0, 0, 0, 0, 0, 0, 0, 0]",48,256,294912.0,160512.0,5083935775,5084053347,5083944073,5084059688,3328,151006,99295,710413,4,27782,63904,4,160,160,1
159,2,"[4, 4, 48, 1, 1, 0, 0, 0, 0, 0, 0, 0, 0, 0, 0, 0, 0, 0, 0, 0, 0, 0, 0, 0, 0, 0, 0, 0, 0, 0]",1,128,0.0,0.0,5084152026,5084158583,5084158983,5084161799,0,76991,76991,710411,1,6557,2816,4,160,160,1
203,2,"[4, 768, 1, 1, 48, 1, 1, 1, 1, 0, 0, 1, 1, 1, 1, 1, 4, 0, 0, 0, 0, 0, 0, 0, 0, 0, 0, 0, 0, 0]",48,256,0.0,0.0,5084230929,5084346328,5084238790,5084351908,2304,208830,116191,710410,4,27468,20479,4,160,160,1
199,2,"[4, 4, 768, 10, 10, 0, 0, 0, 0, 0, 0, 0, 0, 0, 0, 0, 0, 0, 0, 0, 0, 0, 0, 0, 0, 0, 0, 0, 0, 0]",1200,128,0.0,0.0,5084460367,5084467797,5084468099,5084473219,0,51007,51007,710409,1,7430,5120,4,160,160,1
159,2,"[4, 4, 768, 10, 10, 0, 0, 0, 0, 0, 0, 0, 0, 0, 0, 0, 0, 0, 0, 0, 0, 0, 0, 0, 0, 0, 0, 0, 0, 0]",600,128,0.0,0.0,5084517501,5084523892,5084524226,5084535554,0,60863,60863,710407,1,6391,11328,4,160,160,1
205,2,"[4, 4, 768, 10, 10, 0, 0, 0, 0, 0, 0, 0, 0, 0, 0, 0, 0, 0, 0, 0, 0, 0, 0, 0, 0, 0, 0, 0, 0, 0]",768,512,2457600.0,6144000.0,5084588818,5084596090,5084596417,5084629313,272,79998,79998,710406,1,7272,32896,4,160,160,1
203,2,"[4, 768, 10, 10, 768, 10, 10, 3, 3, 1, 1, 1, 1, 1, 1, 768, 4, 0, 0, 0, 0, 0, 0, 0, 0, 0, 0, 0, 0, 0]",6912,1024,0.0,0.0,5084702263,5084722074,5084709311,5084805790,0,4160,3552,710405,2,12652,95871,4,160,160,1
159,2,"[4, 4, 768, 10, 10, 0, 0, 0, 0, 0, 0, 0, 0, 0, 0, 0, 0, 0, 0, 0, 0, 0, 0, 0, 0, 0, 0, 0, 0, 0]",600,128,0.0,0.0,5084774610,5084780814,5084809342,5084820574,0,26592,26592,710403,1,6204,11232,4,160,160,1
205,2,"[4, 4, 768, 10, 10, 0, 0, 0, 0, 0, 0, 0, 0, 0, 0, 0, 0, 0, 0, 0, 0, 0, 0, 0, 0, 0, 0, 0, 0, 0]",768,512,2457600.0,6144000.0,5084840061,5084846591,5084847166,5084879805,272,105087,105087,710402,1,6530,32639,4,160,160,1
203,2,"[4, 192, 10, 10, 768, 10, 10, 1, 1, 0, 0, 1, 1, 1, 1, 1, 4, 0, 0, 0, 0, 0, 0, 0, 0, 0, 0, 0, 0, 0]",300,256,117964800.0,2125824.0,5084976482,5085067091,5084984892,5085171802,10496,25631,17311,710401,3,23413,178590,4,160,160,1
234,2,"[4, 4, 192, 10, 10, 0, 0, 0, 0, 0, 0, 0, 0, 0, 0, 4, 4, 1, 1, 1, 0, 0, 0, 0, 0, 0, 0, 0, 0, 0]",300,128,76800.0,921600.0,5085181858,5085188689,5085189113,5085192378,0,67646,67646,710399,1,6831,3265,4,160,160,1
205,2,"[4, 4, 192, 10, 10, 0, 0, 0, 0, 0, 0, 0, 0, 0, 0, 0, 0, 0, 0, 0, 0, 0, 0, 0, 0, 0, 0, 0, 0, 0]",192,512,614400.0,1536000.0,5085252270,5085259894,5085260024,5085271609,272,154238,154238,710398,1,7624,11585,4,160,160,1
203,2,"[4, 768, 10, 10, 192, 10, 10, 1, 1, 0, 0, 1, 1, 1, 1, 1, 4, 0, 0, 0, 0, 0, 0, 0, 0, 0, 0, 0, 0, 0]",48,256,117964800.0,2125824.0,5085416531,5085512780,5085425847,5085613780,32768,43199,6688,710397,4,26811,151422,4,160,160,1
23,2,"[4, 4, 768, 1, 1, 0, 0, 0, 0, 0, 0, 0, 0, 0, 0, 4, 4, 768, 10, 10, 0, 0, 0, 0, 0, 0, 0, 0, 0, 0]",1200,128,307200.0,3686400.0,5085593369,5085618218,5085620468,5085643956,0,45503,44863,710396,2,14695,22848,4,160,160,1
156,2,"[4, 4, 768, 1, 1, 0, 0, 0, 0, 0, 0, 0, 0, 0, 0, 0, 0, 0, 0, 0, 0, 0, 0, 0, 0, 0, 0, 0, 0, 0]",6,128,61440.0,24576.0,5085681461,5085688448,5085688819,5085691219,0,78751,78751,710395,1,6987,2400,4,160,160,1
203,2,"[4, 48, 1, 1, 768, 1, 1, 1, 1, 0, 0, 1, 1, 1, 1, 1, 4, 0, 0, 0, 0, 0, 0, 0, 0, 0, 0, 0, 0, 0]",48,256,294912.0,160512.0,5085761953,5085882527,5085769970,5085889104,3328,152447,97119,710394,4,27414,63806,4,160,160,1
159,2,"[4, 4, 48, 1, 1, 0, 0, 0, 0, 0, 0, 0, 0, 0, 0, 0, 0, 0, 0, 0, 0, 0, 0, 0, 0, 0, 0, 0, 0, 0]",1,128,0.0,0.0,5085979207,5085985859,5085986223,5085988975,0,78399,78399,710392,1,6652,2752,4,160,160,1
203,2,"[4, 768, 1, 1, 48, 1, 1, 1, 1, 0, 0, 1, 1, 1, 1, 1, 4, 0, 0, 0, 0, 0, 0, 0, 0, 0, 0, 0, 0, 0]",48,256,0.0,0.0,5086059281,5086177315,5086067374,5086182925,2304,208638,113375,710391,4,30347,20288,4,160,160,1
199,2,"[4, 4, 768, 10, 10, 0, 0, 0, 0, 0, 0, 0, 0, 0, 0, 0, 0, 0, 0, 0, 0, 0, 0, 0, 0, 0, 0, 0, 0, 0]",1200,128,0.0,0.0,5086288902,5086296045,5086296300,5086301451,0,49760,49760,710390,1,7143,5151,4,160,160,1
159,2,"[4, 4, 768, 10, 10, 0, 0, 0, 0, 0, 0, 0, 0, 0, 0, 0, 0, 0, 0, 0, 0, 0, 0, 0, 0, 0, 0, 0, 0, 0]",600,128,0.0,0.0,5086344276,5086350775,5086351211,5086363146,0,63264,63264,710388,1,6499,11935,4,160,160,1
205,2,"[4, 4, 768, 10, 10, 0, 0, 0, 0, 0, 0, 0, 0, 0, 0, 0, 0, 0, 0, 0, 0, 0, 0, 0, 0, 0, 0, 0, 0, 0]",768,512,2457600.0,6144000.0,5086418715,5086426037,5086426410,5086458857,272,78911,78911,710387,1,7322,32447,4,160,160,1
203,2,"[4, 768, 10, 10, 768, 10, 10, 3, 3, 1, 1, 1, 1, 1, 1, 768, 4, 0, 0, 0, 0, 0, 0, 0, 0, 0, 0, 0, 0, 0]",6912,1024,0.0,0.0,5086530203,5086550978,5086537768,5086634343,0,4479,3840,710386,2,13256,95936,4,160,160,1
159,2,"[4, 4, 768, 10, 10, 0, 0, 0, 0, 0, 0, 0, 0, 0, 0, 0, 0, 0, 0, 0, 0, 0, 0, 0, 0, 0, 0, 0, 0, 0]",600,128,0.0,0.0,5086604309,5086612526,5086638183,5086649639,0,28863,28863,710384,1,8217,11456,4,160,160,1
205,2,"[4, 4, 768, 10, 10, 0, 0, 0, 0, 0, 0, 0, 0, 0, 0, 0, 0, 0, 0, 0, 0, 0, 0, 0, 0, 0, 0, 0, 0, 0]",768,512,2457600.0,6144000.0,5086671193,5086678066,5086678502,5086711366,272,104671,104671,710383,1,6873,32864,4,160,160,1
203,2,"[4, 192, 10, 10, 768, 10, 10, 1, 1, 0, 0, 1, 1, 1, 1, 1, 4, 0, 0, 0, 0, 0, 0, 0, 0, 0, 0, 0, 0, 0]",300,256,117964800.0,2125824.0,5086807772,5086898716,5086816037,5087004578,10496,25376,15360,710382,3,21372,178525,4,160,160,1
234,2,"[4, 4, 192, 10, 10, 0, 0, 0, 0, 0, 0, 0, 0, 0, 0, 4, 4, 1, 1, 1, 0, 0, 0, 0, 0, 0, 0, 0, 0, 0]",300,128,76800.0,921600.0,5087012295,5087019517,5087019938,5087023234,0,66719,66719,710380,1,7222,3296,4,160,160,1
205,2,"[4, 4, 192, 10, 10, 0, 0, 0, 0, 0, 0, 0, 0, 0, 0, 0, 0, 0, 0, 0, 0, 0, 0, 0, 0, 0, 0, 0, 0, 0]",192,512,614400.0,1536000.0,5087081954,5087089565,5087089953,5087101505,272,155678,155678,710379,1,7611,11552,4,160,160,1
203,2,"[4, 768, 10, 10, 192, 10, 10, 1, 1, 0, 0, 1, 1, 1, 1, 1, 4, 0, 0, 0, 0, 0, 0, 0, 0, 0, 0, 0, 0, 0]",48,256,117964800.0,2125824.0,5087247643,5087343846,5087257183,5087445085,32768,43136,6720,710378,4,27403,151486,4,160,160,1
23,2,"[4, 4, 768, 1, 1, 0, 0, 0, 0, 0, 0, 0, 0, 0, 0, 4, 4, 768, 10, 10, 0, 0, 0, 0, 0, 0, 0, 0, 0, 0]",1200,128,307200.0,3686400.0,5087428540,5087450952,5087451805,5087475133,0,37790,37151,710377,2,12250,22689,4,160,160,1
156,2,"[4, 4, 768, 1, 1, 0, 0, 0, 0, 0, 0, 0, 0, 0, 0, 0, 0, 0, 0, 0, 0, 0, 0, 0, 0, 0, 0, 0, 0, 0]",6,128,61440.0,24576.0,5087504723,5087511548,5087512284,5087514652,0,79295,79295,710376,1,6825,2368,4,160,160,1
203,2,"[4, 48, 1, 1, 768, 1, 1, 1, 1, 0, 0, 1, 1, 1, 1, 1, 4, 0, 0, 0, 0, 0, 0, 0, 0, 0, 0, 0, 0, 0]",48,256,294912.0,160512.0,5087585234,5087705479,5087593947,5087712122,3328,152350,96606,710375,4,28107,62431,4,160,160,1
159,2,"[4, 4, 48, 1, 1, 0, 0, 0, 0, 0, 0, 0, 0, 0, 0, 0, 0, 0, 0, 0, 0, 0, 0, 0, 0, 0, 0, 0, 0, 0]",1,128,0.0,0.0,5087801142,5087807749,5087808728,5087811512,0,77343,77343,710373,1,6607,2784,4,160,160,1
203,2,"[4, 768, 1, 1, 48, 1, 1, 1, 1, 0, 0, 1, 1, 1, 1, 1, 4, 0, 0, 0, 0, 0, 0, 0, 0, 0, 0, 0, 0, 0]",48,256,0.0,0.0,5087880724,5087997493,5087888855,5088002870,2304,206685,112670,710372,4,27497,20000,4,160,160,1
199,2,"[4, 4, 768, 10, 10, 0, 0, 0, 0, 0, 0, 0, 0, 0, 0, 0, 0, 0, 0, 0, 0, 0, 0, 0, 0, 0, 0, 0, 0, 0]",1200,128,0.0,0.0,5088108023,5088115304,5088115540,5088120692,0,49312,49312,710371,1,7281,5152,4,160,160,1
159,2,"[4, 4, 768, 10, 10, 0, 0, 0, 0, 0, 0, 0, 0, 0, 0, 0, 0, 0, 0, 0, 0, 0, 0, 0, 0, 0, 0, 0, 0, 0]",600,128,0.0,0.0,5088162935,5088169389,5088170004,5088181780,0,63167,63167,710369,1,6454,11776,4,160,160,1
205,2,"[4, 4, 768, 10, 10, 0, 0, 0, 0, 0, 0, 0, 0, 0, 0, 0, 0, 0, 0, 0, 0, 0, 0, 0, 0, 0, 0, 0, 0, 0]",768,512,2457600.0,6144000.0,5088236782,5088244094,5088244947,5088277842,272,77823,77823,710368,1,7312,32895,4,160,160,1
203,2,"[4, 768, 10, 10, 768, 10, 10, 3, 3, 1, 1, 1, 1, 1, 1, 768, 4, 0, 0, 0, 0, 0, 0, 0, 0, 0, 0, 0, 0, 0]",6912,1024,0.0,0.0,5088348231,5088368605,5088355665,5088451952,0,4479,3872,710367,2,13182,95680,4,160,160,1
159,2,"[4, 4, 768, 10, 10, 0, 0, 0, 0, 0, 0, 0, 0, 0, 0, 0, 0, 0, 0, 0, 0, 0, 0, 0, 0, 0, 0, 0, 0, 0]",600,128,0.0,0.0,5088423568,5088430173,5088455824,5088467056,0,30047,30047,710365,1,6605,11232,4,160,160,1
205,2,"[4, 4, 768, 10, 10, 0, 0, 0, 0, 0, 0, 0, 0, 0, 0, 0, 0, 0, 0, 0, 0, 0, 0, 0, 0, 0, 0, 0, 0, 0]",768,512,2457600.0,6144000.0,5088489918,5088496551,5088497103,5088529679,272,103103,103103,710364,1,6633,32576,4,160,160,1
203,2,"[4, 192, 10, 10, 768, 10, 10, 1, 1, 0, 0, 1, 1, 1, 1, 1, 4, 0, 0, 0, 0, 0, 0, 0, 0, 0, 0, 0, 0, 0]",300,256,117964800.0,2125824.0,5088624400,5088713421,5088632782,5088819467,10496,45504,37312,710363,3,21447,178493,4,160,160,1
205,2,"[4, 4, 192, 10, 10, 0, 0, 0, 0, 0, 0, 0, 0, 0, 0, 0, 0, 0, 0, 0, 0, 0, 0, 0, 0, 0, 0, 0, 0, 0]",192,512,614400.0,1536000.0,5088849185,5088858558,5088856779,5088868171,272,153982,153982,710362,1,9373,11392,4,160,160,1
203,2,"[4, 384, 10, 10, 192, 10, 10, 1, 1, 0, 0, 1, 1, 1, 1, 1, 4, 0, 0, 0, 0, 0, 0, 0, 0, 0, 0, 0, 0, 0]",24,256,58982400.0,1216512.0,5089013052,5089108609,5089022153,5089209478,32768,58112,4736,710361,4,26582,133949,4,160,160,1
23,2,"[4, 4, 384, 1, 1, 0, 0, 0, 0, 0, 0, 0, 0, 0, 0, 4, 4, 384, 10, 10, 0, 0, 0, 0, 0, 0, 0, 0, 0, 0]",600,128,153600.0,1843200.0,5089191738,5089214057,5089214214,5089225798,0,50784,50112,710360,2,12195,10912,4,160,160,1
156,2,"[4, 4, 384, 1, 1, 0, 0, 0, 0, 0, 0, 0, 0, 0, 0, 0, 0, 0, 0, 0, 0, 0, 0, 0, 0, 0, 0, 0, 0, 0]",3,128,30720.0,12288.0,5089268854,5089275521,5089275910,5089278021,0,79103,79103,710359,1,6667,2111,4,160,160,1
203,2,"[4, 24, 1, 1, 384, 1, 1, 1, 1, 0, 0, 1, 1, 1, 1, 1, 4, 0, 0, 0, 0, 0, 0, 0, 0, 0, 0, 0, 0, 0]",12,256,73728.0,43392.0,5089349063,5089468321,5089357124,5089474275,3328,177949,98399,710358,4,27918,37601,4,160,160,1
159,2,"[4, 4, 24, 1, 1, 0, 0, 0, 0, 0, 0, 0, 0, 0, 0, 0, 0, 0, 0, 0, 0, 0, 0, 0, 0, 0, 0, 0, 0, 0]",1,128,0.0,0.0,5089565571,5089572251,5089572674,5089575266,0,83871,83871,710356,1,6680,2592,4,160,160,1
203,2,"[4, 384, 1, 1, 24, 1, 1, 1, 1, 0, 0, 1, 1, 1, 1, 1, 4, 0, 0, 0, 0, 0, 0, 0, 0, 0, 0, 0, 0, 0]",12,256,0.0,0.0,5089644793,5089768529,5089659137,5089774303,2304,212925,114911,710355,4,34575,17152,4,160,160,1
199,2,"[4, 4, 384, 10, 10, 0, 0, 0, 0, 0, 0, 0, 0, 0, 0, 0, 0, 0, 0, 0, 0, 0, 0, 0, 0, 0, 0, 0, 0, 0]",600,128,0.0,0.0,5089881833,5089889059,5089889214,5089893022,0,53407,53407,710354,1,7226,3808,4,160,160,1
159,2,"[4, 4, 384, 10, 10, 0, 0, 0, 0, 0, 0, 0, 0, 0, 0, 0, 0, 0, 0, 0, 0, 0, 0, 0, 0, 0, 0, 0, 0, 0]",300,128,0.0,0.0,5089939466,5089948082,5089946429,5089953053,0,68063,68063,710352,1,8616,6624,4,160,160,1
205,2,"[4, 4, 384, 10, 10, 0, 0, 0, 0, 0, 0, 0, 0, 0, 0, 0, 0, 0, 0, 0, 0, 0, 0, 0, 0, 0, 0, 0, 0, 0]",384,512,1228800.0,3072000.0,5090013223,5090020795,5090021116,5090038556,272,92831,92831,710351,1,7572,17440,4,160,160,1
203,2,"[4, 384, 20, 20, 384, 10, 10, 3, 3, 1, 1, 2, 2, 1, 1, 384, 4, 0, 0, 0, 0, 0, 0, 0, 0, 0, 0, 0, 0, 0]",3456,1024,0.0,0.0,5090124075,5090147356,5090131387,5090217818,0,4767,4127,710350,2,14904,85791,4,160,160,1
159,2,"[4, 4, 384, 20, 20, 0, 0, 0, 0, 0, 0, 0, 0, 0, 0, 0, 0, 0, 0, 0, 0, 0, 0, 0, 0, 0, 0, 0, 0, 0]",1200,128,0.0,0.0,5090203990,5090210445,5090221945,5090244953,0,30688,30688,710348,1,6455,23008,4,160,160,1
205,2,"[4, 4, 384, 20, 20, 0, 0, 0, 0, 0, 0, 0, 0, 0, 0, 0, 0, 0, 0, 0, 0, 0, 0, 0, 0, 0, 0, 0, 0, 0]",384,512,4915200.0,12288000.0,5090268286,5090275077,5090275641,5090313784,272,101695,101695,710347,1,6791,38143,4,160,160,1
203,2,"[4, 96, 20, 20, 384, 20, 20, 1, 1, 0, 0, 1, 1, 1, 1, 1, 4, 0, 0, 0, 0, 0, 0, 0, 0, 0, 0, 0, 0, 0]",600,256,117964800.0,3219456.0,5090407158,5090502499,5090415479,5090608917,10496,31392,4064,710346,3,23650,166110,4,160,160,1
234,2,"[4, 4, 96, 20, 20, 0, 0, 0, 0, 0, 0, 0, 0, 0, 0, 4, 4, 1, 1, 1, 0, 0, 0, 0, 0, 0, 0, 0, 0, 0]",600,128,153600.0,1843200.0,5090594709,5090602035,5090612981,5090617941,0,57631,57631,710344,1,7326,4960,4,160,160,1
205,2,"[4, 4, 96, 20, 20, 0, 0, 0, 0, 0, 0, 0, 0, 0, 0, 0, 0, 0, 0, 0, 0, 0, 0, 0, 0, 0, 0, 0, 0, 0]",96,512,1228800.0,3072000.0,5090667615,5090675305,5090675572,5090686740,272,152670,152670,710343,1,7690,11168,4,160,160,1
203,2,"[4, 384, 20, 20, 96, 20, 20, 1, 1, 0, 0, 1, 1, 1, 1, 1, 4, 0, 0, 0, 0, 0, 0, 0, 0, 0, 0, 0, 0, 0]",78,256,117964800.0,3219456.0,5090830176,5090926104,5090839410,5091016432,32768,57885,4287,710342,4,26681,123424,4,160,160,1
159,2,"[4, 4, 384, 20, 20, 0, 0, 0, 0, 0, 0, 0, 0, 0, 0, 0, 0, 0, 0, 0, 0, 0, 0, 0, 0, 0, 0, 0, 0, 0]",1200,128,0.0,0.0,5091008234,5091015195,5091020719,5091047599,0,38656,38656,710340,1,6961,26880,4,160,160,1
205,2,"[4, 4, 384, 20, 20, 0, 0, 0, 0, 0, 0, 0, 0, 0, 0, 0, 0, 0, 0, 0, 0, 0, 0, 0, 0, 0, 0, 0, 0, 0]",384,512,4915200.0,12288000.0,5091078408,5091085846,5091086255,5091125806,272,130238,130238,710339,1,7438,39551,4,160,160,1
203,2,"[4, 96, 20, 20, 384, 20, 20, 3, 3, 1, 1, 1, 1, 1, 1, 1, 4, 0, 0, 0, 0, 0, 0, 0, 0, 0, 0, 0, 0, 0]",288,256,1061683200.0,4399104.0,5091246012,5091391293,5091256044,5091628680,49152,26335,23135,710338,6,46545,369436,4,160,160,1
234,2,"[4, 4, 96, 20, 20, 0, 0, 0, 0, 0, 0, 0, 0, 0, 0, 4, 4, 1, 1, 1, 0, 0, 0, 0, 0, 0, 0, 0, 0, 0]",600,128,153600.0,1843200.0,5091508381,5091515114,5091651815,5091656072,0,671,671,710336,1,6733,4257,4,160,160,1
205,2,"[4, 4, 96, 20, 20, 0, 0, 0, 0, 0, 0, 0, 0, 0, 0, 0, 0, 0, 0, 0, 0, 0, 0, 0, 0, 0, 0, 0, 0, 0]",96,512,1228800.0,3072000.0,5091580362,5091587752,5091656743,5091668327,272,77695,77695,710335,1,7390,11584,4,160,160,1
203,2,"[4, 384, 20, 20, 96, 20, 20, 1, 1, 0, 0, 1, 1, 1, 1, 1, 4, 0, 0, 0, 0, 0, 0, 0, 0, 0, 0, 0, 0, 0]",78,256,117964800.0,3219456.0,5091736898,5091835659,5091746022,5091924356,32768,60287,4128,710334,4,26301,122175,4,160,160,1
159,2,"[4, 4, 384, 20, 20, 0, 0, 0, 0, 0, 0, 0, 0, 0, 0, 0, 0, 0, 0, 0, 0, 0, 0, 0, 0, 0, 0, 0, 0, 0]",1200,128,0.0,0.0,5091919281,5091926764,5091928484,5091955139,0,43424,43424,710332,1,7483,26655,4,160,160,1
205,2,"[4, 4, 384, 20, 20, 0, 0, 0, 0, 0, 0, 0, 0, 0, 0, 0, 0, 0, 0, 0, 0, 0, 0, 0, 0, 0, 0, 0, 0, 0]",384,512,4915200.0,12288000.0,5091990848,5091998045,5091998563,5092037635,272,120286,120286,710331,1,7197,39072,4,160,160,1
203,2,"[4, 96, 20, 20, 384, 20, 20, 3, 3, 1, 1, 1, 1, 1, 1, 1, 4, 0, 0, 0, 0, 0, 0, 0, 0, 0, 0, 0, 0, 0]",288,256,1061683200.0,4399104.0,5092148169,5092271425,5092157921,5092530620,49152,26337,23040,710330,6,41979,369402,4,160,160,1
234,2,"[4, 4, 96, 20, 20, 0, 0, 0, 0, 0, 0, 0, 0, 0, 0, 4, 4, 1, 1, 1, 0, 0, 0, 0, 0, 0, 0, 0, 0, 0]",600,128,153600.0,1843200.0,5092390844,5092397791,5092553660,5092557852,0,576,576,710328,1,6947,4192,4,160,160,1
205,2,"[4, 4, 96, 20, 20, 0, 0, 0, 0, 0, 0, 0, 0, 0, 0, 0, 0, 0, 0, 0, 0, 0, 0, 0, 0, 0, 0, 0, 0, 0]",96,512,1228800.0,3072000.0,5092461434,5092468380,5092558428,5092570364,272,61343,61343,710327,1,6946,11936,4,160,160,1
203,2,"[4, 384, 20, 20, 96, 20, 20, 1, 1, 0, 0, 1, 1, 1, 1, 1, 4, 0, 0, 0, 0, 0, 0, 0, 0, 0, 0, 0, 0, 0]",78,256,117964800.0,3219456.0,5092622667,5092718215,5092631707,5092807193,32768,57600,4064,710326,4,26297,121950,4,160,160,1
159,2,"[4, 4, 384, 20, 20, 0, 0, 0, 0, 0, 0, 0, 0, 0, 0, 0, 0, 0, 0, 0, 0, 0, 0, 0, 0, 0, 0, 0, 0, 0]",1200,128,0.0,0.0,5092796154,5092802737,5092811257,5092837528,0,36192,36192,710324,1,6583,26271,4,160,160,1
205,2,"[4, 4, 384, 20, 20, 0, 0, 0, 0, 0, 0, 0, 0, 0, 0, 0, 0, 0, 0, 0, 0, 0, 0, 0, 0, 0, 0, 0, 0, 0]",384,512,4915200.0,12288000.0,5092866017,5092875623,5092873720,5092911415,272,124319,124319,710323,1,9606,37695,4,160,160,1
203,2,"[4, 96, 20, 20, 384, 20, 20, 3, 3, 1, 1, 1, 1, 1, 1, 1, 4, 0, 0, 0, 0, 0, 0, 0, 0, 0, 0, 0, 0, 0]",288,256,1061683200.0,4399104.0,5093026263,5093143151,5093035734,5093407505,49152,26048,22656,710322,6,40541,368379,4,160,160,1
234,2,"[4, 4, 96, 20, 20, 0, 0, 0, 0, 0, 0, 0, 0, 0, 0, 4, 4, 1, 1, 1, 0, 0, 0, 0, 0, 0, 0, 0, 0, 0]",600,128,153600.0,1843200.0,5093259537,5093266452,5093430161,5093434481,0,576,576,710320,1,6915,4320,4,160,160,1
205,2,"[4, 4, 96, 20, 20, 0, 0, 0, 0, 0, 0, 0, 0, 0, 0, 0, 0, 0, 0, 0, 0, 0, 0, 0, 0, 0, 0, 0, 0, 0]",96,512,1228800.0,3072000.0,5093330693,5093338045,5093435057,5093446833,272,54623,54623,710319,1,7352,11776,4,160,160,1
203,2,"[4, 384, 20, 20, 96, 20, 20, 1, 1, 0, 0, 1, 1, 1, 1, 1, 4, 0, 0, 0, 0, 0, 0, 0, 0, 0, 0, 0, 0, 0]",78,256,117964800.0,3219456.0,5093492578,5093586784,5093501456,5093672366,32768,66400,13856,710318,4,25105,118366,4,160,160,1
159,2,"[4, 4, 384, 20, 20, 0, 0, 0, 0, 0, 0, 0, 0, 0, 0, 0, 0, 0, 0, 0, 0, 0, 0, 0, 0, 0, 0, 0, 0, 0]",1200,128,0.0,0.0,5093678686,5093686001,5093686222,5093712845,0,47103,47103,710316,1,7315,26623,4,160,160,1
205,2,"[4, 4, 384, 20, 20, 0, 0, 0, 0, 0, 0, 0, 0, 0, 0, 0, 0, 0, 0, 0, 0, 0, 0, 0, 0, 0, 0, 0, 0, 0]",384,512,4915200.0,12288000.0,5093752331,5093759584,5093759948,5093797292,272,124959,124959,710315,1,7253,37344,4,160,160,1
203,2,"[4, 96, 20, 20, 384, 20, 20, 3, 3, 1, 1, 1, 1, 1, 1, 1, 4, 0, 0, 0, 0, 0, 0, 0, 0, 0, 0, 0, 0, 0]",288,256,1061683200.0,4399104.0,5093912825,5094030300,5093922251,5094293382,49152,26367,23136,710314,6,38282,367900,4,160,160,1
234,2,"[4, 4, 96, 20, 20, 0, 0, 0, 0, 0, 0, 0, 0, 0, 0, 4, 4, 1, 1, 1, 0, 0, 0, 0, 0, 0, 0, 0, 0, 0]",600,128,153600.0,1843200.0,5094143658,5094150580,5094316518,5094320678,0,736,736,710312,1,6922,4160,4,160,160,1
205,2,"[4, 4, 96, 20, 20, 0, 0, 0, 0, 0, 0, 0, 0, 0, 0, 0, 0, 0, 0, 0, 0, 0, 0, 0, 0, 0, 0, 0, 0, 0]",96,512,1228800.0,3072000.0,5094215289,5094222569,5094321414,5094332965,272,48928,48928,710311,1,7280,11551,4,160,160,1
203,2,"[4, 384, 20, 20, 96, 20, 20, 1, 1, 0, 0, 1, 1, 1, 1, 1, 4, 0, 0, 0, 0, 0, 0, 0, 0, 0, 0, 0, 0, 0]",78,256,117964800.0,3219456.0,5094372478,5094465959,5094381893,5094555459,32768,55551,4223,710310,4,25590,122238,4,160,160,1
159,2,"[4, 4, 384, 20, 20, 0, 0, 0, 0, 0, 0, 0, 0, 0, 0, 0, 0, 0, 0, 0, 0, 0, 0, 0, 0, 0, 0, 0, 0, 0]",1200,128,0.0,0.0,5094547093,5094553829,5094559682,5094586178,0,38208,38208,710308,1,6736,26496,4,160,160,1
205,2,"[4, 4, 384, 20, 20, 0, 0, 0, 0, 0, 0, 0, 0, 0, 0, 0, 0, 0, 0, 0, 0, 0, 0, 0, 0, 0, 0, 0, 0, 0]",384,512,4915200.0,12288000.0,5094616887,5094624001,5094624386,5094663617,272,116799,116799,710307,1,7114,39231,4,160,160,1
203,2,"[4, 96, 20, 20, 384, 20, 20, 3, 3, 1, 1, 1, 1, 1, 1, 1, 4, 0, 0, 0, 0, 0, 0, 0, 0, 0, 0, 0, 0, 0]",288,256,1061683200.0,4399104.0,5094771188,5094887102,5094780416,5095151579,49152,25759,22752,710306,6,39960,368156,4,160,160,1
234,2,"[4, 4, 96, 20, 20, 0, 0, 0, 0, 0, 0, 0, 0, 0, 0, 4, 4, 1, 1, 1, 0, 0, 0, 0, 0, 0, 0, 0, 0, 0]",600,128,153600.0,1843200.0,5095005002,5095012138,5095174331,5095178907,0,608,608,710304,1,7136,4576,4,160,160,1
205,2,"[4, 4, 96, 20, 20, 0, 0, 0, 0, 0, 0, 0, 0, 0, 0, 0, 0, 0, 0, 0, 0, 0, 0, 0, 0, 0, 0, 0, 0, 0]",96,512,1228800.0,3072000.0,5095075118,5095082277,5095179515,5095191450,272,50784,50784,710303,1,7159,11935,4,160,160,1
203,2,"[4, 384, 20, 20, 96, 20, 20, 1, 1, 0, 0, 1, 1, 1, 1, 1, 4, 0, 0, 0, 0, 0, 0, 0, 0, 0, 0, 0, 0, 0]",78,256,117964800.0,3219456.0,5095232919,5095330345,5095242234,5095417239,32768,59679,4224,710302,4,25752,119550,4,160,160,1
159,2,"[4, 4, 384, 20, 20, 0, 0, 0, 0, 0, 0, 0, 0, 0, 0, 0, 0, 0, 0, 0, 0, 0, 0, 0, 0, 0, 0, 0, 0, 0]",1200,128,0.0,0.0,5095409535,5095416083,5095421463,5095447767,0,38560,38560,710300,1,6548,26304,4,160,160,1
205,2,"[4, 4, 384, 20, 20, 0, 0, 0, 0, 0, 0, 0, 0, 0, 0, 0, 0, 0, 0, 0, 0, 0, 0, 0, 0, 0, 0, 0, 0, 0]",384,512,4915200.0,12288000.0,5095478776,5095485880,5095486327,5095525174,272,119999,119999,710299,1,7104,38847,4,160,160,1
203,2,"[4, 96, 20, 20, 384, 20, 20, 3, 3, 1, 1, 1, 1, 1, 1, 1, 4, 0, 0, 0, 0, 0, 0, 0, 0, 0, 0, 0, 0, 0]",288,256,1061683200.0,4399104.0,5095635709,5095748503,5095645173,5096016048,49152,26144,22816,710298,6,37412,367547,4,160,160,1
205,2,"[4, 4, 96, 20, 20, 0, 0, 0, 0, 0, 0, 0, 0, 0, 0, 0, 0, 0, 0, 0, 0, 0, 0, 0, 0, 0, 0, 0, 0, 0]",96,512,1228800.0,3072000.0,5095888665,5095896065,5096038864,5096050896,272,7615,7615,710297,1,7400,12032,4,160,160,1
203,2,"[4, 256, 20, 20, 96, 20, 20, 1, 1, 0, 0, 1, 1, 1, 1, 1, 4, 0, 0, 0, 0, 0, 0, 0, 0, 0, 0, 0, 0, 0]",52,256,78643200.0,2351104.0,5096049610,5096148373,5096058511,5096210990,32768,84319,25343,710296,4,26986,93503,4,160,160,1
159,2,"[4, 4, 256, 20, 20, 0, 0, 0, 0, 0, 0, 0, 0, 0, 0, 0, 0, 0, 0, 0, 0, 0, 0, 0, 0, 0, 0, 0, 0, 0]",800,128,0.0,0.0,5096229408,5096235952,5096236333,5096252973,0,54272,54272,710294,1,6544,16640,4,160,160,1
205,2,"[4, 4, 256, 20, 20, 0, 0, 0, 0, 0, 0, 0, 0, 0, 0, 0, 0, 0, 0, 0, 0, 0, 0, 0, 0, 0, 0, 0, 0, 0]",256,512,3276800.0,8192000.0,5096299577,5096306811,5096307245,5096331724,272,115678,115678,710293,1,7234,24479,4,160,160,1
203,2,"[4, 64, 40, 40, 256, 20, 20, 3, 3, 1, 1, 2, 2, 1, 1, 1, 4, 0, 0, 0, 0, 0, 0, 0, 0, 0, 0, 0, 0, 0]",1600,256,471859200.0,3866624.0,5096439184,5096526710,5096447402,5096740423,10496,12001,6176,710292,3,21761,287196,4,160,160,1
234,2,"[4, 4, 64, 40, 40, 0, 0, 0, 0, 0, 0, 0, 0, 0, 0, 4, 4, 1, 1, 1, 0, 0, 0, 0, 0, 0, 0, 0, 0, 0]",1600,128,409600.0,4915200.0,5096614960,5096621762,5096746599,5096759527,0,640,640,710290,1,6802,12928,4,160,160,1
205,2,"[4, 4, 64, 40, 40, 0, 0, 0, 0, 0, 0, 0, 0, 0, 0, 0, 0, 0, 0, 0, 0, 0, 0, 0, 0, 0, 0, 0, 0, 0]",64,512,3276800.0,8192000.0,5096687805,5096696793,5096760167,5096783494,400,70879,70879,710289,1,8988,23327,4,160,160,1
203,2,"[4, 256, 40, 40, 64, 40, 40, 1, 1, 0, 0, 1, 1, 1, 1, 1, 4, 0, 0, 0, 0, 0, 0, 0, 0, 0, 0, 0, 0, 0]",200,256,209715200.0,8257536.0,5096845463,5096940968,5096854373,5097130498,32768,34431,4192,710288,4,24987,245886,4,160,160,1
159,2,"[4, 4, 256, 40, 40, 0, 0, 0, 0, 0, 0, 0, 0, 0, 0, 0, 0, 0, 0, 0, 0, 0, 0, 0, 0, 0, 0, 0, 0, 0]",3200,128,0.0,0.0,5097023068,5097029972,5097134690,5097207585,0,704,704,710286,1,6904,72895,4,160,160,1
205,2,"[4, 4, 256, 40, 40, 0, 0, 0, 0, 0, 0, 0, 0, 0, 0, 0, 0, 0, 0, 0, 0, 0, 0, 0, 0, 0, 0, 0, 0, 0]",256,512,13107200.0,32768000.0,5097091298,5097099533,5097208289,5097328735,400,7488,7488,710285,1,8235,120446,4,160,160,1
203,2,"[4, 64, 40, 40, 256, 40, 40, 3, 3, 1, 1, 1, 1, 1, 1, 1, 4, 0, 0, 0, 0, 0, 0, 0, 0, 0, 0, 0, 0, 0]",480,256,1887436800.0,8781824.0,5097250075,5097363479,5097336223,5097828793,49152,36769,32992,710284,6,38016,488793,4,160,160,1
234,2,"[4, 4, 64, 40, 40, 0, 0, 0, 0, 0, 0, 0, 0, 0, 0, 4, 4, 1, 1, 1, 0, 0, 0, 0, 0, 0, 0, 0, 0, 0]",1600,128,409600.0,4915200.0,5097480825,5097487532,5097861785,5097872024,0,641,641,710282,1,6707,10239,4,160,160,1
205,2,"[4, 4, 64, 40, 40, 0, 0, 0, 0, 0, 0, 0, 0, 0, 0, 0, 0, 0, 0, 0, 0, 0, 0, 0, 0, 0, 0, 0, 0, 0]",64,512,3276800.0,8192000.0,5097551513,5097559675,5097872665,5097895672,400,7456,7456,710281,1,8162,23007,4,160,160,1
203,2,"[4, 256, 40, 40, 64, 40, 40, 1, 1, 0, 0, 1, 1, 1, 1, 1, 4, 0, 0, 0, 0, 0, 0, 0, 0, 0, 0, 0, 0, 0]",200,256,209715200.0,8257536.0,5097719856,5097814614,5097903128,5098153941,32768,9888,4224,710280,4,26207,245149,4,160,160,1
159,2,"[4, 4, 256, 40, 40, 0, 0, 0, 0, 0, 0, 0, 0, 0, 0, 0, 0, 0, 0, 0, 0, 0, 0, 0, 0, 0, 0, 0, 0, 0]",3200,128,0.0,0.0,5097893979,5097900666,5098158165,5098232116,0,672,672,710278,1,6687,73951,4,160,160,1
205,2,"[4, 4, 256, 40, 40, 0, 0, 0, 0, 0, 0, 0, 0, 0, 0, 0, 0, 0, 0, 0, 0, 0, 0, 0, 0, 0, 0, 0, 0, 0]",256,512,13107200.0,32768000.0,5097967350,5097976373,5098232788,5098355602,400,7488,7488,710277,1,9023,122814,4,160,160,1
203,2,"[4, 64, 40, 40, 256, 40, 40, 3, 3, 1, 1, 1, 1, 1, 1, 1, 4, 0, 0, 0, 0, 0, 0, 0, 0, 0, 0, 0, 0, 0]",480,256,1887436800.0,8781824.0,5098125073,5098239802,5098363090,5098855212,49152,36386,32864,710276,6,39212,488600,4,160,160,1
234,2,"[4, 4, 64, 40, 40, 0, 0, 0, 0, 0, 0, 0, 0, 0, 0, 4, 4, 1, 1, 1, 0, 0, 0, 0, 0, 0, 0, 0, 0, 0]",1600,128,409600.0,4915200.0,5098352714,5098359600,5098888076,5098898380,0,575,575,710274,1,6886,10304,4,160,160,1
205,2,"[4, 4, 64, 40, 40, 0, 0, 0, 0, 0, 0, 0, 0, 0, 0, 0, 0, 0, 0, 0, 0, 0, 0, 0, 0, 0, 0, 0, 0, 0]",64,512,3276800.0,8192000.0,5098422224,5098430473,5098898955,5098922091,400,7328,7328,710273,1,8249,23136,4,160,160,1
203,2,"[4, 256, 40, 40, 64, 40, 40, 1, 1, 0, 0, 1, 1, 1, 1, 1, 4, 0, 0, 0, 0, 0, 0, 0, 0, 0, 0, 0, 0, 0]",200,256,209715200.0,8257536.0,5098582425,5098677428,5098929419,5099183016,32768,9728,4192,710272,4,24560,248061,4,160,160,1
159,2,"[4, 4, 256, 40, 40, 0, 0, 0, 0, 0, 0, 0, 0, 0, 0, 0, 0, 0, 0, 0, 0, 0, 0, 0, 0, 0, 0, 0, 0, 0]",3200,128,0.0,0.0,5098754580,5098761299,5099187208,5099260423,0,640,640,710270,1,6719,73215,4,160,160,1
205,2,"[4, 4, 256, 40, 40, 0, 0, 0, 0, 0, 0, 0, 0, 0, 0, 0, 0, 0, 0, 0, 0, 0, 0, 0, 0, 0, 0, 0, 0, 0]",256,512,13107200.0,32768000.0,5098827317,5098834941,5099261063,5099382501,400,7520,7520,710269,1,7624,121438,4,160,160,1
203,2,"[4, 64, 40, 40, 256, 40, 40, 3, 3, 1, 1, 1, 1, 1, 1, 1, 4, 0, 0, 0, 0, 0, 0, 0, 0, 0, 0, 0, 0, 0]",480,256,1887436800.0,8781824.0,5098982885,5099097662,5099390021,5099880607,49152,36514,32928,710268,6,39878,487000,4,160,160,1
234,2,"[4, 4, 64, 40, 40, 0, 0, 0, 0, 0, 0, 0, 0, 0, 0, 4, 4, 1, 1, 1, 0, 0, 0, 0, 0, 0, 0, 0, 0, 0]",1600,128,409600.0,4915200.0,5099211787,5099218585,5099913535,5099923646,0,576,576,710266,1,6798,10111,4,160,160,1
205,2,"[4, 4, 64, 40, 40, 0, 0, 0, 0, 0, 0, 0, 0, 0, 0, 0, 0, 0, 0, 0, 0, 0, 0, 0, 0, 0, 0, 0, 0, 0]",64,512,3276800.0,8192000.0,5099280994,5099290460,5099924222,5099947102,400,7328,7328,710265,1,9466,22880,4,160,160,1
203,2,"[4, 256, 40, 40, 64, 40, 40, 1, 1, 0, 0, 1, 1, 1, 1, 1, 4, 0, 0, 0, 0, 0, 0, 0, 0, 0, 0, 0, 0, 0]",200,256,209715200.0,8257536.0,5099440791,5099533965,5099954430,5100205723,32768,9792,4320,710264,4,24725,245821,4,160,160,1
159,2,"[4, 4, 256, 40, 40, 0, 0, 0, 0, 0, 0, 0, 0, 0, 0, 0, 0, 0, 0, 0, 0, 0, 0, 0, 0, 0, 0, 0, 0, 0]",3200,128,0.0,0.0,5099616096,5099622942,5100210043,5100283226,0,608,608,710262,1,6846,73183,4,160,160,1
205,2,"[4, 4, 256, 40, 40, 0, 0, 0, 0, 0, 0, 0, 0, 0, 0, 0, 0, 0, 0, 0, 0, 0, 0, 0, 0, 0, 0, 0, 0, 0]",256,512,13107200.0,32768000.0,5099687556,5099694941,5100283834,5100404216,400,7424,7424,710261,1,7385,120382,4,160,160,1
203,2,"[4, 64, 40, 40, 256, 40, 40, 3, 3, 1, 1, 1, 1, 1, 1, 1, 4, 0, 0, 0, 0, 0, 0, 0, 0, 0, 0, 0, 0, 0]",480,256,1887436800.0,8781824.0,5099839278,5099952749,5100411640,5100902546,49152,36574,32992,710260,6,38806,487324,4,160,160,1
234,2,"[4, 4, 64, 40, 40, 0, 0, 0, 0, 0, 0, 0, 0, 0, 0, 4, 4, 1, 1, 1, 0, 0, 0, 0, 0, 0, 0, 0, 0, 0]",1600,128,409600.0,4915200.0,5100067251,5100073919,5100935538,5100946097,0,641,641,710258,1,6668,10559,4,160,160,1
205,2,"[4, 4, 64, 40, 40, 0, 0, 0, 0, 0, 0, 0, 0, 0, 0, 0, 0, 0, 0, 0, 0, 0, 0, 0, 0, 0, 0, 0, 0, 0]",64,512,3276800.0,8192000.0,5100136832,5100144321,5100946738,5100969233,400,7136,7136,710257,1,7489,22495,4,160,160,1
203,2,"[4, 256, 40, 40, 64, 40, 40, 1, 1, 0, 0, 1, 1, 1, 1, 1, 4, 0, 0, 0, 0, 0, 0, 0, 0, 0, 0, 0, 0, 0]",200,256,209715200.0,8257536.0,5100292286,5100387009,5100976369,5101230062,32768,9664,4192,710256,4,24482,248221,4,160,160,1
159,2,"[4, 4, 256, 40, 40, 0, 0, 0, 0, 0, 0, 0, 0, 0, 0, 0, 0, 0, 0, 0, 0, 0, 0, 0, 0, 0, 0, 0, 0, 0]",3200,128,0.0,0.0,5100465878,5100472425,5101234254,5101306541,0,672,672,710254,1,6547,72287,4,160,160,1
205,2,"[4, 4, 256, 40, 40, 0, 0, 0, 0, 0, 0, 0, 0, 0, 0, 0, 0, 0, 0, 0, 0, 0, 0, 0, 0, 0, 0, 0, 0, 0]",256,512,13107200.0,32768000.0,5100535350,5100543177,5101307213,5101427916,400,7391,7391,710253,1,7827,120703,4,160,160,1
203,2,"[4, 64, 40, 40, 256, 40, 40, 3, 3, 1, 1, 1, 1, 1, 1, 1, 4, 0, 0, 0, 0, 0, 0, 0, 0, 0, 0, 0, 0, 0]",480,256,1887436800.0,8781824.0,5100693886,5100803174,5101435307,5101926629,49152,36800,32896,710252,6,35874,487418,4,160,160,1
234,2,"[4, 4, 64, 40, 40, 0, 0, 0, 0, 0, 0, 0, 0, 0, 0, 4, 4, 1, 1, 1, 0, 0, 0, 0, 0, 0, 0, 0, 0, 0]",1600,128,409600.0,4915200.0,5100918083,5100925184,5101959525,5101969732,0,640,640,710250,1,7101,10207,4,160,160,1
205,2,"[4, 4, 64, 40, 40, 0, 0, 0, 0, 0, 0, 0, 0, 0, 0, 0, 0, 0, 0, 0, 0, 0, 0, 0, 0, 0, 0, 0, 0, 0]",64,512,3276800.0,8192000.0,5100987831,5100995489,5101970372,5101992772,400,7328,7328,710249,1,7658,22400,4,160,160,1
203,2,"[4, 256, 40, 40, 64, 40, 40, 1, 1, 0, 0, 1, 1, 1, 1, 1, 4, 0, 0, 0, 0, 0, 0, 0, 0, 0, 0, 0, 0, 0]",200,256,209715200.0,8257536.0,5101145661,5101240345,5102000100,5102252417,32768,9632,4192,710248,4,26629,246877,4,160,160,1
159,2,"[4, 4, 256, 40, 40, 0, 0, 0, 0, 0, 0, 0, 0, 0, 0, 0, 0, 0, 0, 0, 0, 0, 0, 0, 0, 0, 0, 0, 0, 0]",3200,128,0.0,0.0,5101319140,5101325889,5102256609,5102330656,0,640,640,710246,1,6749,74047,4,160,160,1
205,2,"[4, 4, 256, 40, 40, 0, 0, 0, 0, 0, 0, 0, 0, 0, 0, 0, 0, 0, 0, 0, 0, 0, 0, 0, 0, 0, 0, 0, 0, 0]",256,512,13107200.0,32768000.0,5101389239,5101396781,5102331296,5102453374,400,7392,7392,710245,1,7542,122078,4,160,160,1
203,2,"[4, 64, 40, 40, 256, 40, 40, 3, 3, 1, 1, 1, 1, 1, 1, 1, 4, 0, 0, 0, 0, 0, 0, 0, 0, 0, 0, 0, 0, 0]",480,256,1887436800.0,8781824.0,5101547392,5101665804,5102460766,5102948280,49152,36767,33376,710244,6,43603,484123,4,160,160,1
205,2,"[4, 4, 64, 40, 40, 0, 0, 0, 0, 0, 0, 0, 0, 0, 0, 0, 0, 0, 0, 0, 0, 0, 0, 0, 0, 0, 0, 0, 0, 0]",64,512,3276800.0,8192000.0,5101805733,5101813200,5102981656,5103006551,400,6976,6976,710243,1,7467,24895,4,160,160,1
203,2,"[4, 128, 40, 40, 64, 40, 40, 1, 1, 0, 0, 1, 1, 1, 1, 1, 4, 0, 0, 0, 0, 0, 0, 0, 0, 0, 0, 0, 0, 0]",100,256,104857600.0,4947968.0,5101964972,5102058838,5103013527,5103173749,32768,9216,4064,710242,4,24933,155070,4,160,160,1
159,2,"[4, 4, 128, 40, 40, 0, 0, 0, 0, 0, 0, 0, 0, 0, 0, 0, 0, 0, 0, 0, 0, 0, 0, 0, 0, 0, 0, 0, 0, 0]",1600,128,0.0,0.0,5102136947,5102143749,5103177813,5103209909,0,672,672,710240,1,6802,32096,4,160,160,1
205,2,"[4, 4, 128, 40, 40, 0, 0, 0, 0, 0, 0, 0, 0, 0, 0, 0, 0, 0, 0, 0, 0, 0, 0, 0, 0, 0, 0, 0, 0, 0]",128,512,6553600.0,16384000.0,5102205745,5102215438,5103210581,5103270004,400,7104,7104,710239,1,9693,59423,4,160,160,1
203,2,"[4, 32, 80, 80, 128, 40, 40, 3, 3, 1, 1, 2, 2, 1, 1, 1, 4, 0, 0, 0, 0, 0, 0, 0, 0, 0, 0, 0, 0, 0]",3200,256,471859200.0,6701056.0,5102346850,5102430123,5103277108,5103636079,6400,9184,4576,710238,3,19674,354363,4,160,160,1
234,2,"[4, 4, 32, 80, 80, 0, 0, 0, 0, 0, 0, 0, 0, 0, 0, 4, 4, 1, 1, 1, 0, 0, 0, 0, 0, 0, 0, 0, 0, 0]",3200,128,819200.0,9830400.0,5102522612,5102529663,5103640655,5103663503,0,576,576,710236,1,7051,22848,4,160,160,1
159,2,"[4, 4, 32, 80, 80, 0, 0, 0, 0, 0, 0, 0, 0, 0, 0, 0, 0, 0, 0, 0, 0, 0, 0, 0, 0, 0, 0, 0, 0, 0]",1600,128,0.0,0.0,5102556005,5102562728,5103664079,5103708654,0,672,672,710234,1,6723,44575,4,160,160,1
205,2,"[4, 4, 32, 80, 80, 0, 0, 0, 0, 0, 0, 0, 0, 0, 0, 0, 0, 0, 0, 0, 0, 0, 0, 0, 0, 0, 0, 0, 0, 0]",32,512,6553600.0,16384000.0,5102625366,5102634160,5103709326,5103784846,400,7039,7039,710233,1,8794,75520,4,160,160,1
203,2,"[4, 32, 80, 80, 32, 80, 80, 3, 3, 1, 1, 1, 1, 1, 1, 1, 4, 0, 0, 0, 0, 0, 0, 0, 0, 0, 0, 0, 0, 0]",200,256,471859200.0,6590464.0,5102781217,5102893159,5103791885,5104159337,49152,40127,36639,710232,6,35499,363964,4,160,160,1
234,2,"[4, 4, 32, 80, 80, 0, 0, 0, 0, 0, 0, 0, 0, 0, 0, 4, 4, 1, 1, 1, 0, 0, 0, 0, 0, 0, 0, 0, 0, 0]",3200,128,819200.0,9830400.0,5103006903,5103015379,5104195976,5104226216,0,608,608,710230,1,8476,30240,4,160,160,1
159,2,"[4, 4, 32, 80, 80, 0, 0, 0, 0, 0, 0, 0, 0, 0, 0, 0, 0, 0, 0, 0, 0, 0, 0, 0, 0, 0, 0, 0, 0, 0]",1600,128,0.0,0.0,5103041926,5103048829,5104226824,5104269159,0,609,609,710228,1,6903,42335,4,160,160,1
205,2,"[4, 4, 32, 80, 80, 0, 0, 0, 0, 0, 0, 0, 0, 0, 0, 0, 0, 0, 0, 0, 0, 0, 0, 0, 0, 0, 0, 0, 0, 0]",32,512,6553600.0,16384000.0,5103112609,5103120492,5104269768,5104345542,400,7296,7296,710227,1,7883,75774,4,160,160,1
203,2,"[4, 32, 80, 80, 32, 80, 80, 3, 3, 1, 1, 1, 1, 1, 1, 1, 4, 0, 0, 0, 0, 0, 0, 0, 0, 0, 0, 0, 0, 0]",200,256,471859200.0,6590464.0,5103263919,5103378635,5104352838,5104722945,49152,40416,36928,710226,6,38796,366619,4,160,160,1
234,2,"[4, 4, 32, 80, 80, 0, 0, 0, 0, 0, 0, 0, 0, 0, 0, 4, 4, 1, 1, 1, 0, 0, 0, 0, 0, 0, 0, 0, 0, 0]",3200,128,819200.0,9830400.0,5103491527,5103498259,5104759873,5104790113,0,640,640,710224,1,6732,30240,4,160,160,1
159,2,"[4, 4, 32, 80, 80, 0, 0, 0, 0, 0, 0, 0, 0, 0, 0, 0, 0, 0, 0, 0, 0, 0, 0, 0, 0, 0, 0, 0, 0, 0]",1600,128,0.0,0.0,5103527368,5103534188,5104790753,5104834592,0,672,672,710222,1,6820,43839,4,160,160,1
205,2,"[4, 4, 32, 80, 80, 0, 0, 0, 0, 0, 0, 0, 0, 0, 0, 0, 0, 0, 0, 0, 0, 0, 0, 0, 0, 0, 0, 0, 0, 0]",32,512,6553600.0,16384000.0,5103595226,5103603116,5104835264,5104911647,400,7072,7072,710221,1,7890,76383,4,160,160,1
203,2,"[4, 32, 80, 80, 32, 80, 80, 3, 3, 1, 1, 1, 1, 1, 1, 1, 4, 0, 0, 0, 0, 0, 0, 0, 0, 0, 0, 0, 0, 0]",200,256,471859200.0,6590464.0,5103752097,5103865316,5104918719,5105290939,49152,40959,37311,710220,6,35860,368572,4,160,160,1
159,2,"[4, 4, 32, 80, 80, 0, 0, 0, 0, 0, 0, 0, 0, 0, 0, 0, 0, 0, 0, 0, 0, 0, 0, 0, 0, 0, 0, 0, 0, 0]",1600,128,0.0,0.0,5103979554,5103986058,5105328250,5105372249,0,608,608,710217,1,6504,43999,4,160,160,1
205,2,"[4, 4, 32, 80, 80, 0, 0, 0, 0, 0, 0, 0, 0, 0, 0, 0, 0, 0, 0, 0, 0, 0, 0, 0, 0, 0, 0, 0, 0, 0]",32,512,6553600.0,16384000.0,5104048746,5104056209,5105372857,5105448824,400,7232,7232,710216,1,7463,75967,4,160,160,1
203,2,"[4, 32, 80, 80, 32, 80, 80, 3, 3, 1, 1, 1, 1, 1, 1, 1, 4, 0, 0, 0, 0, 0, 0, 0, 0, 0, 0, 0, 0, 0]",200,256,471859200.0,6590464.0,5104201937,5104313699,5105456056,5105824883,49152,40319,36864,710215,6,38767,365372,4,160,160,1
159,2,"[4, 4, 32, 80, 80, 0, 0, 0, 0, 0, 0, 0, 0, 0, 0, 0, 0, 0, 0, 0, 0, 0, 0, 0, 0, 0, 0, 0, 0, 0]",1600,128,0.0,0.0,5104413032,5104419529,5105861747,5105904659,0,672,672,710213,1,6497,42912,4,160,160,1
205,2,"[4, 4, 32, 80, 80, 0, 0, 0, 0, 0, 0, 0, 0, 0, 0, 0, 0, 0, 0, 0, 0, 0, 0, 0, 0, 0, 0, 0, 0, 0]",32,512,6553600.0,16384000.0,5104480345,5104488060,5105905331,5105980626,400,9503,9503,710212,1,7715,75295,4,160,160,1
203,2,"[4, 3, 160, 160, 32, 80, 80, 3, 3, 1, 1, 2, 2, 1, 1, 1, 4, 0, 0, 0, 0, 0, 0, 0, 0, 0, 0, 0, 0, 0]",52,64,0.0,0.0,5104631782,5104640508,5105990129,5106044241,2304,1648523,1648523,710211,1,8726,54112,4,160,160,1
16,3,"[4, 32, 3, 3, 3, 0, 0, 0, 0, 0, 0, 0, 0, 0, 0, 4, 0, 0, 0, 0, 0, 0, 0, 0, 0, 0, 0, 0, 0, 0]",2,128,864.0,6916.0,5107673100,5107694798,5107692764,5107695324,0,116286,116286,-1,1,21698,2560,4,160,160,1
12,3,"[4, 32, 3, 3, 3, 0, 0, 0, 0, 0, 0, 0, 0, 0, 0, 4, 32, 3, 3, 3, 0, 0, 0, 0, 0, 0, 0, 0, 0, 0]",2,128,864.0,10368.0,5107800213,5107811976,5107811610,5107813722,0,102015,102015,-1,1,11763,2112,4,160,160,1
12,3,"[4, 32, 3, 3, 3, 0, 0, 0, 0, 0, 0, 0, 0, 0, 0, 4, 32, 3, 3, 3, 0, 0, 0, 0, 0, 0, 0, 0, 0, 0]",2,128,864.0,10368.0,5107905432,5107915123,5107915737,5107917945,0,94687,94687,-1,1,9691,2208,4,160,160,1
16,3,"[4, 32, 0, 0, 0, 0, 0, 0, 0, 0, 0, 0, 0, 0, 0, 4, 0, 0, 0, 0, 0, 0, 0, 0, 0, 0, 0, 0, 0, 0]",1,128,32.0,260.0,5108003054,5108012651,5108012632,5108014744,0,98815,98815,-1,1,9597,2112,4,160,160,1
12,3,"[4, 32, 0, 0, 0, 0, 0, 0, 0, 0, 0, 0, 0, 0, 0, 4, 32, 0, 0, 0, 0, 0, 0, 0, 0, 0, 0, 0, 0, 0]",1,128,32.0,384.0,5108104391,5108113385,5108113559,5108115703,0,90654,90654,-1,1,8994,2144,4,160,160,1
12,3,"[4, 32, 0, 0, 0, 0, 0, 0, 0, 0, 0, 0, 0, 0, 0, 4, 32, 0, 0, 0, 0, 0, 0, 0, 0, 0, 0, 0, 0, 0]",1,128,32.0,384.0,5108197657,5108206120,5108206357,5108208501,0,90335,90335,-1,1,8463,2144,4,160,160,1
16,3,"[4, 32, 0, 0, 0, 0, 0, 0, 0, 0, 0, 0, 0, 0, 0, 4, 0, 0, 0, 0, 0, 0, 0, 0, 0, 0, 0, 0, 0, 0]",1,128,32.0,260.0,5108289671,5108298437,5108298836,5108300980,0,93023,93023,-1,1,8766,2144,4,160,160,1
12,3,"[4, 32, 0, 0, 0, 0, 0, 0, 0, 0, 0, 0, 0, 0, 0, 4, 32, 0, 0, 0, 0, 0, 0, 0, 0, 0, 0, 0, 0, 0]",1,128,32.0,384.0,5108384836,5108393652,5108394003,5108396179,0,90623,90623,-1,1,8816,2176,4,160,160,1
12,3,"[4, 32, 0, 0, 0, 0, 0, 0, 0, 0, 0, 0, 0, 0, 0, 4, 32, 0, 0, 0, 0, 0, 0, 0, 0, 0, 0, 0, 0, 0]",1,128,32.0,384.0,5108477691,5108486083,5108486802,5108488978,0,92863,92863,-1,1,8392,2176,4,160,160,1
16,3,"[4, 32, 32, 3, 3, 0, 0, 0, 0, 0, 0, 0, 0, 0, 0, 4, 0, 0, 0, 0, 0, 0, 0, 0, 0, 0, 0, 0, 0, 0]",18,128,9216.0,73732.0,5108572262,5108580843,5108581841,5108584144,0,93375,93375,-1,1,8581,2303,4,160,160,1
12,3,"[4, 32, 32, 3, 3, 0, 0, 0, 0, 0, 0, 0, 0, 0, 0, 4, 32, 32, 3, 3, 0, 0, 0, 0, 0, 0, 0, 0, 0, 0]",18,128,9216.0,110592.0,5108669246,5108677247,5108677519,5108679856,0,90718,90718,-1,1,8001,2337,4,160,160,1
12,3,"[4, 32, 32, 3, 3, 0, 0, 0, 0, 0, 0, 0, 0, 0, 0, 4, 32, 32, 3, 3, 0, 0, 0, 0, 0, 0, 0, 0, 0, 0]",18,128,9216.0,110592.0,5108762342,5108770343,5108770574,5108772846,0,88479,88479,-1,1,8001,2272,4,160,160,1
16,3,"[4, 32, 0, 0, 0, 0, 0, 0, 0, 0, 0, 0, 0, 0, 0, 4, 0, 0, 0, 0, 0, 0, 0, 0, 0, 0, 0, 0, 0, 0]",1,128,32.0,260.0,5108852697,5108861222,5108861325,5108863469,0,88287,88287,-1,1,8525,2144,4,160,160,1
12,3,"[4, 32, 0, 0, 0, 0, 0, 0, 0, 0, 0, 0, 0, 0, 0, 4, 32, 0, 0, 0, 0, 0, 0, 0, 0, 0, 0, 0, 0, 0]",1,128,32.0,384.0,5108943366,5108951278,5108951756,5108953964,0,89823,89823,-1,1,7912,2208,4,160,160,1
12,3,"[4, 32, 0, 0, 0, 0, 0, 0, 0, 0, 0, 0, 0, 0, 0, 4, 32, 0, 0, 0, 0, 0, 0, 0, 0, 0, 0, 0, 0, 0]",1,128,32.0,384.0,5109035475,5109045909,5109043787,5109045995,0,92703,92703,-1,1,10434,2208,4,160,160,1
16,3,"[4, 32, 0, 0, 0, 0, 0, 0, 0, 0, 0, 0, 0, 0, 0, 4, 0, 0, 0, 0, 0, 0, 0, 0, 0, 0, 0, 0, 0, 0]",1,128,32.0,260.0,5109130134,5109138636,5109138698,5109140842,0,89054,89054,-1,1,8502,2144,4,160,160,1
12,3,"[4, 32, 0, 0, 0, 0, 0, 0, 0, 0, 0, 0, 0, 0, 0, 4, 32, 0, 0, 0, 0, 0, 0, 0, 0, 0, 0, 0, 0, 0]",1,128,32.0,384.0,5109221531,5109229599,5109229896,5109232105,0,87134,87134,-1,1,8068,2209,4,160,160,1
12,3,"[4, 32, 0, 0, 0, 0, 0, 0, 0, 0, 0, 0, 0, 0, 0, 4, 32, 0, 0, 0, 0, 0, 0, 0, 0, 0, 0, 0, 0, 0]",1,128,32.0,384.0,5109311250,5109318943,5109319239,5109321447,0,88735,88735,-1,1,7693,2208,4,160,160,1
16,3,"[4, 32, 32, 3, 3, 0, 0, 0, 0, 0, 0, 0, 0, 0, 0, 4, 0, 0, 0, 0, 0, 0, 0, 0, 0, 0, 0, 0, 0, 0]",18,128,9216.0,73732.0,5109401818,5109409990,5109410182,5109412454,0,89887,89887,-1,1,8172,2272,4,160,160,1
12,3,"[4, 32, 32, 3, 3, 0, 0, 0, 0, 0, 0, 0, 0, 0, 0, 4, 32, 32, 3, 3, 0, 0, 0, 0, 0, 0, 0, 0, 0, 0]",18,128,9216.0,110592.0,5109494134,5109502045,5109502341,5109504677,0,87327,87327,-1,1,7911,2336,4,160,160,1
12,3,"[4, 32, 32, 3, 3, 0, 0, 0, 0, 0, 0, 0, 0, 0, 0, 4, 32, 32, 3, 3, 0, 0, 0, 0, 0, 0, 0, 0, 0, 0]",18,128,9216.0,110592.0,5109584002,5109591594,5109592004,5109594372,0,97599,97599,-1,1,7592,2368,4,160,160,1
16,3,"[4, 32, 0, 0, 0, 0, 0, 0, 0, 0, 0, 0, 0, 0, 0, 4, 0, 0, 0, 0, 0, 0, 0, 0, 0, 0, 0, 0, 0, 0]",1,128,32.0,260.0,5109682880,5109692067,5109691971,5109694114,0,91935,91935,-1,1,9187,2143,4,160,160,1
12,3,"[4, 32, 0, 0, 0, 0, 0, 0, 0, 0, 0, 0, 0, 0, 0, 4, 32, 0, 0, 0, 0, 0, 0, 0, 0, 0, 0, 0, 0, 0]",1,128,32.0,384.0,5109777697,5109785915,5109786049,5109788257,0,87711,87711,-1,1,8218,2208,4,160,160,1
12,3,"[4, 32, 0, 0, 0, 0, 0, 0, 0, 0, 0, 0, 0, 0, 0, 4, 32, 0, 0, 0, 0, 0, 0, 0, 0, 0, 0, 0, 0, 0]",1,128,32.0,384.0,5109867767,5109875690,5109875968,5109878176,0,87711,87711,-1,1,7923,2208,4,160,160,1
16,3,"[4, 32, 0, 0, 0, 0, 0, 0, 0, 0, 0, 0, 0, 0, 0, 4, 0, 0, 0, 0, 0, 0, 0, 0, 0, 0, 0, 0, 0, 0]",1,128,32.0,260.0,5109957343,5109965802,5109965887,5109967999,0,87871,87871,-1,1,8459,2112,4,160,160,1
12,3,"[4, 32, 0, 0, 0, 0, 0, 0, 0, 0, 0, 0, 0, 0, 0, 4, 32, 0, 0, 0, 0, 0, 0, 0, 0, 0, 0, 0, 0, 0]",1,128,32.0,384.0,5110047625,5110058250,5110055870,5110058078,0,89183,89183,-1,1,10625,2208,4,160,160,1
12,3,"[4, 32, 0, 0, 0, 0, 0, 0, 0, 0, 0, 0, 0, 0, 0, 4, 32, 0, 0, 0, 0, 0, 0, 0, 0, 0, 0, 0, 0, 0]",1,128,32.0,384.0,5110139110,5110146945,5110147261,5110149437,0,89918,89918,-1,1,7835,2176,4,160,160,1
16,3,"[4, 32, 32, 3, 3, 0, 0, 0, 0, 0, 0, 0, 0, 0, 0, 4, 0, 0, 0, 0, 0, 0, 0, 0, 0, 0, 0, 0, 0, 0]",18,128,9216.0,73732.0,5110230768,5110239274,5110239355,5110241788,0,88511,88511,-1,1,8506,2433,4,160,160,1
12,3,"[4, 32, 32, 3, 3, 0, 0, 0, 0, 0, 0, 0, 0, 0, 0, 4, 32, 32, 3, 3, 0, 0, 0, 0, 0, 0, 0, 0, 0, 0]",18,128,9216.0,110592.0,5110321849,5110329959,5110330299,5110332698,0,88607,88607,-1,1,8110,2399,4,160,160,1
12,3,"[4, 32, 32, 3, 3, 0, 0, 0, 0, 0, 0, 0, 0, 0, 0, 4, 32, 32, 3, 3, 0, 0, 0, 0, 0, 0, 0, 0, 0, 0]",18,128,9216.0,110592.0,5110413046,5110421023,5110421305,5110423641,0,85727,85727,-1,1,7977,2336,4,160,160,1
16,3,"[4, 32, 0, 0, 0, 0, 0, 0, 0, 0, 0, 0, 0, 0, 0, 4, 0, 0, 0, 0, 0, 0, 0, 0, 0, 0, 0, 0, 0, 0]",1,128,32.0,260.0,5110500807,5110509153,5110509368,5110511448,0,87839,87839,-1,1,8346,2080,4,160,160,1
12,3,"[4, 32, 0, 0, 0, 0, 0, 0, 0, 0, 0, 0, 0, 0, 0, 4, 32, 0, 0, 0, 0, 0, 0, 0, 0, 0, 0, 0, 0, 0]",1,128,32.0,384.0,5110590762,5110598874,5110599287,5110601463,0,85119,85119,-1,1,8112,2176,4,160,160,1
12,3,"[4, 32, 0, 0, 0, 0, 0, 0, 0, 0, 0, 0, 0, 0, 0, 4, 32, 0, 0, 0, 0, 0, 0, 0, 0, 0, 0, 0, 0, 0]",1,128,32.0,384.0,5110678525,5110686198,5110686582,5110688758,0,85567,85567,-1,1,7673,2176,4,160,160,1
16,3,"[4, 32, 0, 0, 0, 0, 0, 0, 0, 0, 0, 0, 0, 0, 0, 4, 0, 0, 0, 0, 0, 0, 0, 0, 0, 0, 0, 0, 0, 0]",1,128,32.0,260.0,5110766101,5110774184,5110774325,5110776501,0,438458,438458,-1,1,8083,2176,4,160,160,1
12,3,"[4, 32, 0, 0, 0, 0, 0, 0, 0, 0, 0, 0, 0, 0, 0, 4, 32, 0, 0, 0, 0, 0, 0, 0, 0, 0, 0, 0, 0, 0]",1,128,32.0,384.0,5111200846,5111215567,5111214959,5111217135,0,115199,115199,-1,1,14721,2176,4,160,160,1
12,3,"[4, 32, 0, 0, 0, 0, 0, 0, 0, 0, 0, 0, 0, 0, 0, 4, 32, 0, 0, 0, 0, 0, 0, 0, 0, 0, 0, 0, 0, 0]",1,128,32.0,384.0,5111322025,5111332225,5111332334,5111334478,0,95774,95774,-1,1,10200,2144,4,160,160,1
16,3,"[4, 32, 32, 3, 3, 0, 0, 0, 0, 0, 0, 0, 0, 0, 0, 4, 0, 0, 0, 0, 0, 0, 0, 0, 0, 0, 0, 0, 0, 0]",18,128,9216.0,73732.0,5111420792,5111433215,5111430252,5111432716,0,90847,90847,-1,1,12423,2464,4,160,160,1
12,3,"[4, 32, 32, 3, 3, 0, 0, 0, 0, 0, 0, 0, 0, 0, 0, 4, 32, 32, 3, 3, 0, 0, 0, 0, 0, 0, 0, 0, 0, 0]",18,128,9216.0,110592.0,5111514820,5111523254,5111523563,5111525867,0,87039,87039,-1,1,8434,2304,4,160,160,1
12,3,"[4, 32, 32, 3, 3, 0, 0, 0, 0, 0, 0, 0, 0, 0, 0, 4, 32, 32, 3, 3, 0, 0, 0, 0, 0, 0, 0, 0, 0, 0]",18,128,9216.0,110592.0,5111604478,5111612720,5111612906,5111615274,0,85247,85247,-1,1,8242,2368,4,160,160,1
16,3,"[4, 32, 0, 0, 0, 0, 0, 0, 0, 0, 0, 0, 0, 0, 0, 4, 0, 0, 0, 0, 0, 0, 0, 0, 0, 0, 0, 0, 0, 0]",1,128,32.0,260.0,5111691972,5111700375,5111700521,5111702633,0,87103,87103,-1,1,8403,2112,4,160,160,1
12,3,"[4, 32, 0, 0, 0, 0, 0, 0, 0, 0, 0, 0, 0, 0, 0, 4, 32, 0, 0, 0, 0, 0, 0, 0, 0, 0, 0, 0, 0, 0]",1,128,32.0,384.0,5111781729,5111789458,5111789736,5111791912,0,86975,86975,-1,1,7729,2176,4,160,160,1
12,3,"[4, 32, 0, 0, 0, 0, 0, 0, 0, 0, 0, 0, 0, 0, 0, 4, 32, 0, 0, 0, 0, 0, 0, 0, 0, 0, 0, 0, 0, 0]",1,128,32.0,384.0,5111870566,5111878520,5111878887,5111881063,0,86335,86335,-1,1,7954,2176,4,160,160,1
16,3,"[4, 32, 0, 0, 0, 0, 0, 0, 0, 0, 0, 0, 0, 0, 0, 4, 0, 0, 0, 0, 0, 0, 0, 0, 0, 0, 0, 0, 0, 0]",1,128,32.0,260.0,5111958940,5111967227,5111967398,5111969542,0,86430,86430,-1,1,8287,2144,4,160,160,1
12,3,"[4, 32, 0, 0, 0, 0, 0, 0, 0, 0, 0, 0, 0, 0, 0, 4, 32, 0, 0, 0, 0, 0, 0, 0, 0, 0, 0, 0, 0, 0]",1,128,32.0,384.0,5112047563,5112055715,5112055972,5112058117,0,85918,85918,-1,1,8152,2145,4,160,160,1
12,3,"[4, 32, 0, 0, 0, 0, 0, 0, 0, 0, 0, 0, 0, 0, 0, 4, 32, 0, 0, 0, 0, 0, 0, 0, 0, 0, 0, 0, 0, 0]",1,128,32.0,384.0,5112135437,5112143551,5112144035,5112146211,0,86527,86527,-1,1,8114,2176,4,160,160,1
16,3,"[4, 128, 32, 3, 3, 0, 0, 0, 0, 0, 0, 0, 0, 0, 0, 4, 0, 0, 0, 0, 0, 0, 0, 0, 0, 0, 0, 0, 0, 0]",72,128,36864.0,294916.0,5112223944,5112232490,5112232738,5112235426,0,88255,88255,-1,1,8546,2688,4,160,160,1
12,3,"[4, 128, 32, 3, 3, 0, 0, 0, 0, 0, 0, 0, 0, 0, 0, 4, 128, 32, 3, 3, 0, 0, 0, 0, 0, 0, 0, 0, 0, 0]",72,128,36864.0,442368.0,5112315174,5112323271,5112323681,5112326817,0,85951,85951,-1,1,8097,3136,4,160,160,1
12,3,"[4, 128, 32, 3, 3, 0, 0, 0, 0, 0, 0, 0, 0, 0, 0, 4, 128, 32, 3, 3, 0, 0, 0, 0, 0, 0, 0, 0, 0, 0]",72,128,36864.0,442368.0,5112404356,5112414541,5112412768,5112415584,0,88703,88703,-1,1,10185,2816,4,160,160,1
16,3,"[4, 128, 0, 0, 0, 0, 0, 0, 0, 0, 0, 0, 0, 0, 0, 4, 0, 0, 0, 0, 0, 0, 0, 0, 0, 0, 0, 0, 0, 0]",1,128,128.0,1028.0,5112495708,5112504207,5112504287,5112506431,0,85855,85855,-1,1,8499,2144,4,160,160,1
12,3,"[4, 128, 0, 0, 0, 0, 0, 0, 0, 0, 0, 0, 0, 0, 0, 4, 128, 0, 0, 0, 0, 0, 0, 0, 0, 0, 0, 0, 0, 0]",1,128,128.0,1536.0,5112584279,5112592022,5112592286,5112594526,0,87935,87935,-1,1,7743,2240,4,160,160,1
12,3,"[4, 128, 0, 0, 0, 0, 0, 0, 0, 0, 0, 0, 0, 0, 0, 4, 128, 0, 0, 0, 0, 0, 0, 0, 0, 0, 0, 0, 0, 0]",1,128,128.0,1536.0,5112674119,5112682212,5112682461,5112684924,0,85728,85728,-1,1,8093,2463,4,160,160,1
16,3,"[4, 128, 0, 0, 0, 0, 0, 0, 0, 0, 0, 0, 0, 0, 0, 4, 0, 0, 0, 0, 0, 0, 0, 0, 0, 0, 0, 0, 0, 0]",1,128,128.0,1028.0,5112761753,5112770789,5112770652,5112772795,0,86303,86303,-1,1,9036,2143,4,160,160,1
12,3,"[4, 128, 0, 0, 0, 0, 0, 0, 0, 0, 0, 0, 0, 0, 0, 4, 128, 0, 0, 0, 0, 0, 0, 0, 0, 0, 0, 0, 0, 0]",1,128,128.0,1536.0,5112850464,5112858735,5112859098,5112861274,0,86207,86207,-1,1,8271,2176,4,160,160,1
12,3,"[4, 128, 0, 0, 0, 0, 0, 0, 0, 0, 0, 0, 0, 0, 0, 4, 128, 0, 0, 0, 0, 0, 0, 0, 0, 0, 0, 0, 0, 0]",1,128,128.0,1536.0,5112938936,5112947153,5112947481,5112949689,0,87583,87583,-1,1,8217,2208,4,160,160,1
16,3,"[4, 64, 128, 1, 1, 0, 0, 0, 0, 0, 0, 0, 0, 0, 0, 4, 0, 0, 0, 0, 0, 0, 0, 0, 0, 0, 0, 0, 0, 0]",16,128,8192.0,65540.0,5113028620,5113036941,5113037272,5113039480,0,85983,85983,-1,1,8321,2208,4,160,160,1
12,3,"[4, 64, 128, 1, 1, 0, 0, 0, 0, 0, 0, 0, 0, 0, 0, 4, 64, 128, 1, 1, 0, 0, 0, 0, 0, 0, 0, 0, 0, 0]",16,128,8192.0,98304.0,5113116914,5113125173,5113125463,5113127799,0,86751,86751,-1,1,8259,2336,4,160,160,1
12,3,"[4, 64, 128, 1, 1, 0, 0, 0, 0, 0, 0, 0, 0, 0, 0, 4, 64, 128, 1, 1, 0, 0, 0, 0, 0, 0, 0, 0, 0, 0]",16,128,8192.0,98304.0,5113206427,5113214134,5113214550,5113216886,0,86367,86367,-1,1,7707,2336,4,160,160,1
16,3,"[4, 64, 0, 0, 0, 0, 0, 0, 0, 0, 0, 0, 0, 0, 0, 4, 0, 0, 0, 0, 0, 0, 0, 0, 0, 0, 0, 0, 0, 0]",1,128,64.0,516.0,5113294415,5113302511,5113303253,5113305333,0,86047,86047,-1,1,8096,2080,4,160,160,1
12,3,"[4, 64, 0, 0, 0, 0, 0, 0, 0, 0, 0, 0, 0, 0, 0, 4, 64, 0, 0, 0, 0, 0, 0, 0, 0, 0, 0, 0, 0, 0]",1,128,64.0,768.0,5113382614,5113393037,5113391380,5113393523,0,87903,87903,-1,1,10423,2143,4,160,160,1
12,3,"[4, 64, 0, 0, 0, 0, 0, 0, 0, 0, 0, 0, 0, 0, 0, 4, 64, 0, 0, 0, 0, 0, 0, 0, 0, 0, 0, 0, 0, 0]",1,128,64.0,768.0,5113472943,5113481181,5113481426,5113483603,0,86590,86590,-1,1,8238,2177,4,160,160,1
16,3,"[4, 64, 0, 0, 0, 0, 0, 0, 0, 0, 0, 0, 0, 0, 0, 4, 0, 0, 0, 0, 0, 0, 0, 0, 0, 0, 0, 0, 0, 0]",1,128,64.0,516.0,5113561328,5113570102,5113570193,5113572305,0,93247,93247,-1,1,8774,2112,4,160,160,1
12,3,"[4, 64, 0, 0, 0, 0, 0, 0, 0, 0, 0, 0, 0, 0, 0, 4, 64, 0, 0, 0, 0, 0, 0, 0, 0, 0, 0, 0, 0, 0]",1,128,64.0,768.0,5113649246,5113665395,5113665552,5113667760,0,90271,90271,-1,1,16149,2208,4,160,160,1
12,3,"[4, 64, 0, 0, 0, 0, 0, 0, 0, 0, 0, 0, 0, 0, 0, 4, 64, 0, 0, 0, 0, 0, 0, 0, 0, 0, 0, 0, 0, 0]",1,128,64.0,768.0,5113749531,5113757700,5113758031,5113760239,0,89183,89183,-1,1,8169,2208,4,160,160,1
16,3,"[4, 256, 64, 3, 3, 0, 0, 0, 0, 0, 0, 0, 0, 0, 0, 4, 0, 0, 0, 0, 0, 0, 0, 0, 0, 0, 0, 0, 0, 0]",288,128,147456.0,1179652.0,5113840657,5113849222,5113849422,5113854574,0,82591,82591,-1,1,8565,5152,4,160,160,1
12,3,"[4, 256, 64, 3, 3, 0, 0, 0, 0, 0, 0, 0, 0, 0, 0, 4, 256, 64, 3, 3, 0, 0, 0, 0, 0, 0, 0, 0, 0, 0]",288,128,147456.0,1769472.0,5113929251,5113936991,5113937165,5113942221,0,83198,83198,-1,1,7740,5056,4,160,160,1
12,3,"[4, 256, 64, 3, 3, 0, 0, 0, 0, 0, 0, 0, 0, 0, 0, 4, 256, 64, 3, 3, 0, 0, 0, 0, 0, 0, 0, 0, 0, 0]",288,128,147456.0,1769472.0,5114017340,5114024991,5114025419,5114030380,0,84318,84318,-1,1,7651,4961,4,160,160,1
16,3,"[4, 256, 0, 0, 0, 0, 0, 0, 0, 0, 0, 0, 0, 0, 0, 4, 0, 0, 0, 0, 0, 0, 0, 0, 0, 0, 0, 0, 0, 0]",1,128,256.0,2052.0,5114106509,5114114713,5114114698,5114116907,0,86494,86494,-1,1,8204,2209,4,160,160,1
12,3,"[4, 256, 0, 0, 0, 0, 0, 0, 0, 0, 0, 0, 0, 0, 0, 4, 256, 0, 0, 0, 0, 0, 0, 0, 0, 0, 0, 0, 0, 0]",1,128,256.0,3072.0,5114195162,5114203116,5114203401,5114205609,0,86303,86303,-1,1,7954,2208,4,160,160,1
12,3,"[4, 256, 0, 0, 0, 0, 0, 0, 0, 0, 0, 0, 0, 0, 0, 4, 256, 0, 0, 0, 0, 0, 0, 0, 0, 0, 0, 0, 0, 0]",1,128,256.0,3072.0,5114283469,5114291575,5114291912,5114294120,0,87967,87967,-1,1,8106,2208,4,160,160,1
16,3,"[4, 256, 0, 0, 0, 0, 0, 0, 0, 0, 0, 0, 0, 0, 0, 4, 0, 0, 0, 0, 0, 0, 0, 0, 0, 0, 0, 0, 0, 0]",1,128,256.0,2052.0,5114373357,5114381841,5114382087,5114384295,0,86367,86367,-1,1,8484,2208,4,160,160,1
12,3,"[4, 256, 0, 0, 0, 0, 0, 0, 0, 0, 0, 0, 0, 0, 0, 4, 256, 0, 0, 0, 0, 0, 0, 0, 0, 0, 0, 0, 0, 0]",1,128,256.0,3072.0,5114462712,5114470557,5114470662,5114472902,0,89023,89023,-1,1,7845,2240,4,160,160,1
12,3,"[4, 256, 0, 0, 0, 0, 0, 0, 0, 0, 0, 0, 0, 0, 0, 4, 256, 0, 0, 0, 0, 0, 0, 0, 0, 0, 0, 0, 0, 0]",1,128,256.0,3072.0,5114553659,5114561525,5114561925,5114564165,0,88895,88895,-1,1,7866,2240,4,160,160,1
16,3,"[4, 64, 256, 1, 1, 0, 0, 0, 0, 0, 0, 0, 0, 0, 0, 4, 0, 0, 0, 0, 0, 0, 0, 0, 0, 0, 0, 0, 0, 0]",32,128,16384.0,131076.0,5114644540,5114652847,5114653060,5114655428,0,87038,87038,-1,1,8307,2368,4,160,160,1
12,3,"[4, 64, 256, 1, 1, 0, 0, 0, 0, 0, 0, 0, 0, 0, 0, 4, 64, 256, 1, 1, 0, 0, 0, 0, 0, 0, 0, 0, 0, 0]",32,128,16384.0,196608.0,5114734353,5114742223,5114742466,5114745027,0,87870,87870,-1,1,7870,2561,4,160,160,1
12,3,"[4, 64, 256, 1, 1, 0, 0, 0, 0, 0, 0, 0, 0, 0, 0, 4, 64, 256, 1, 1, 0, 0, 0, 0, 0, 0, 0, 0, 0, 0]",32,128,16384.0,196608.0,5114823622,5114831697,5114832897,5114835265,0,85503,85503,-1,1,8075,2368,4,160,160,1
16,3,"[4, 64, 0, 0, 0, 0, 0, 0, 0, 0, 0, 0, 0, 0, 0, 4, 0, 0, 0, 0, 0, 0, 0, 0, 0, 0, 0, 0, 0, 0]",1,128,64.0,516.0,5114912398,5114920587,5114920768,5114922912,0,244381,244381,-1,1,8189,2144,4,160,160,1
12,3,"[4, 64, 0, 0, 0, 0, 0, 0, 0, 0, 0, 0, 0, 0, 0, 4, 64, 0, 0, 0, 0, 0, 0, 0, 0, 0, 0, 0, 0, 0]",1,128,64.0,768.0,5115156003,5115167338,5115167293,5115169469,0,93183,93183,-1,1,11335,2176,4,160,160,1
12,3,"[4, 64, 0, 0, 0, 0, 0, 0, 0, 0, 0, 0, 0, 0, 0, 4, 64, 0, 0, 0, 0, 0, 0, 0, 0, 0, 0, 0, 0, 0]",1,128,64.0,768.0,5115253324,5115262424,5115262652,5115265180,0,89439,89439,-1,1,9100,2528,4,160,160,1
16,3,"[4, 64, 0, 0, 0, 0, 0, 0, 0, 0, 0, 0, 0, 0, 0, 4, 0, 0, 0, 0, 0, 0, 0, 0, 0, 0, 0, 0, 0, 0]",1,128,64.0,516.0,5115345615,5115354446,5115354619,5115356763,0,86430,86430,-1,1,8831,2144,4,160,160,1
12,3,"[4, 64, 0, 0, 0, 0, 0, 0, 0, 0, 0, 0, 0, 0, 0, 4, 64, 0, 0, 0, 0, 0, 0, 0, 0, 0, 0, 0, 0, 0]",1,128,64.0,768.0,5115434720,5115442803,5115443193,5115445401,0,87263,87263,-1,1,8083,2208,4,160,160,1
12,3,"[4, 64, 0, 0, 0, 0, 0, 0, 0, 0, 0, 0, 0, 0, 0, 4, 64, 0, 0, 0, 0, 0, 0, 0, 0, 0, 0, 0, 0, 0]",1,128,64.0,768.0,5115524260,5115532346,5115532664,5115534904,0,87999,87999,-1,1,8086,2240,4,160,160,1
16,3,"[4, 256, 64, 3, 3, 0, 0, 0, 0, 0, 0, 0, 0, 0, 0, 4, 0, 0, 0, 0, 0, 0, 0, 0, 0, 0, 0, 0, 0, 0]",288,128,147456.0,1179652.0,5115614423,5115622619,5115622903,5115628343,0,83391,83391,-1,1,8196,5440,4,160,160,1
12,3,"[4, 256, 64, 3, 3, 0, 0, 0, 0, 0, 0, 0, 0, 0, 0, 4, 256, 64, 3, 3, 0, 0, 0, 0, 0, 0, 0, 0, 0, 0]",288,128,147456.0,1769472.0,5115703342,5115711612,5115711734,5115717302,0,83583,83583,-1,1,8270,5568,4,160,160,1
12,3,"[4, 256, 64, 3, 3, 0, 0, 0, 0, 0, 0, 0, 0, 0, 0, 4, 256, 64, 3, 3, 0, 0, 0, 0, 0, 0, 0, 0, 0, 0]",288,128,147456.0,1769472.0,5115792454,5115800373,5115800885,5115805877,0,83455,83455,-1,1,7919,4992,4,160,160,1
16,3,"[4, 256, 0, 0, 0, 0, 0, 0, 0, 0, 0, 0, 0, 0, 0, 4, 0, 0, 0, 0, 0, 0, 0, 0, 0, 0, 0, 0, 0, 0]",1,128,256.0,2052.0,5115880747,5115888965,5115889332,5115891668,0,86047,86047,-1,1,8218,2336,4,160,160,1
12,3,"[4, 256, 0, 0, 0, 0, 0, 0, 0, 0, 0, 0, 0, 0, 0, 4, 256, 0, 0, 0, 0, 0, 0, 0, 0, 0, 0, 0, 0, 0]",1,128,256.0,3072.0,5115969178,5115977382,5115977715,5115979987,0,85727,85727,-1,1,8204,2272,4,160,160,1
12,3,"[4, 256, 0, 0, 0, 0, 0, 0, 0, 0, 0, 0, 0, 0, 0, 4, 256, 0, 0, 0, 0, 0, 0, 0, 0, 0, 0, 0, 0, 0]",1,128,256.0,3072.0,5116057335,5116065301,5116065714,5116068081,0,84160,84160,-1,1,7966,2367,4,160,160,1
16,3,"[4, 256, 0, 0, 0, 0, 0, 0, 0, 0, 0, 0, 0, 0, 0, 4, 0, 0, 0, 0, 0, 0, 0, 0, 0, 0, 0, 0, 0, 0]",1,128,256.0,2052.0,5116143758,5116152033,5116152241,5116154448,0,83999,83999,-1,1,8275,2207,4,160,160,1
12,3,"[4, 256, 0, 0, 0, 0, 0, 0, 0, 0, 0, 0, 0, 0, 0, 4, 256, 0, 0, 0, 0, 0, 0, 0, 0, 0, 0, 0, 0, 0]",1,128,256.0,3072.0,5116229893,5116238084,5116238447,5116240815,0,84031,84031,-1,1,8191,2368,4,160,160,1
12,3,"[4, 256, 0, 0, 0, 0, 0, 0, 0, 0, 0, 0, 0, 0, 0, 4, 256, 0, 0, 0, 0, 0, 0, 0, 0, 0, 0, 0, 0, 0]",1,128,256.0,3072.0,5116316368,5116324449,5116324846,5116327118,0,86751,86751,-1,1,8081,2272,4,160,160,1
16,3,"[4, 64, 256, 1, 1, 0, 0, 0, 0, 0, 0, 0, 0, 0, 0, 4, 0, 0, 0, 0, 0, 0, 0, 0, 0, 0, 0, 0, 0, 0]",32,128,16384.0,131076.0,5116405264,5116413766,5116413869,5116416461,0,89375,89375,-1,1,8502,2592,4,160,160,1
12,3,"[4, 64, 256, 1, 1, 0, 0, 0, 0, 0, 0, 0, 0, 0, 0, 4, 64, 256, 1, 1, 0, 0, 0, 0, 0, 0, 0, 0, 0, 0]",32,128,16384.0,196608.0,5116497279,5116505505,5116505836,5116508524,0,86143,86143,-1,1,8226,2688,4,160,160,1
12,3,"[4, 64, 256, 1, 1, 0, 0, 0, 0, 0, 0, 0, 0, 0, 0, 4, 64, 256, 1, 1, 0, 0, 0, 0, 0, 0, 0, 0, 0, 0]",32,128,16384.0,196608.0,5116586507,5116594364,5116594667,5116597323,0,87967,87967,-1,1,7857,2656,4,160,160,1
16,3,"[4, 64, 0, 0, 0, 0, 0, 0, 0, 0, 0, 0, 0, 0, 0, 4, 0, 0, 0, 0, 0, 0, 0, 0, 0, 0, 0, 0, 0, 0]",1,128,64.0,516.0,5116676735,5116685155,5116685290,5116687498,0,85919,85919,-1,1,8420,2208,4,160,160,1
12,3,"[4, 64, 0, 0, 0, 0, 0, 0, 0, 0, 0, 0, 0, 0, 0, 4, 64, 0, 0, 0, 0, 0, 0, 0, 0, 0, 0, 0, 0, 0]",1,128,64.0,768.0,5116765095,5116773124,5116773417,5116775688,0,85088,85088,-1,1,8029,2271,4,160,160,1
12,3,"[4, 64, 0, 0, 0, 0, 0, 0, 0, 0, 0, 0, 0, 0, 0, 4, 64, 0, 0, 0, 0, 0, 0, 0, 0, 0, 0, 0, 0, 0]",1,128,64.0,768.0,5116852381,5116860325,5116860776,5116862984,0,86046,86046,-1,1,7944,2208,4,160,160,1
16,3,"[4, 64, 0, 0, 0, 0, 0, 0, 0, 0, 0, 0, 0, 0, 0, 4, 0, 0, 0, 0, 0, 0, 0, 0, 0, 0, 0, 0, 0, 0]",1,128,64.0,516.0,5116939966,5116948920,5116949030,5116951207,0,86142,86142,-1,1,8954,2177,4,160,160,1
12,3,"[4, 64, 0, 0, 0, 0, 0, 0, 0, 0, 0, 0, 0, 0, 0, 4, 64, 0, 0, 0, 0, 0, 0, 0, 0, 0, 0, 0, 0, 0]",1,128,64.0,768.0,5117029012,5117037089,5117037349,5117039621,0,86047,86047,-1,1,8077,2272,4,160,160,1
12,3,"[4, 64, 0, 0, 0, 0, 0, 0, 0, 0, 0, 0, 0, 0, 0, 4, 64, 0, 0, 0, 0, 0, 0, 0, 0, 0, 0, 0, 0, 0]",1,128,64.0,768.0,5117117575,5117125321,5117125668,5117127940,0,87839,87839,-1,1,7746,2272,4,160,160,1
16,3,"[4, 256, 64, 3, 3, 0, 0, 0, 0, 0, 0, 0, 0, 0, 0, 4, 0, 0, 0, 0, 0, 0, 0, 0, 0, 0, 0, 0, 0, 0]",288,128,147456.0,1179652.0,5117207317,5117215486,5117215779,5117221507,0,82591,82591,-1,1,8169,5728,4,160,160,1
12,3,"[4, 256, 64, 3, 3, 0, 0, 0, 0, 0, 0, 0, 0, 0, 0, 4, 256, 64, 3, 3, 0, 0, 0, 0, 0, 0, 0, 0, 0, 0]",288,128,147456.0,1769472.0,5117296020,5117303675,5117304098,5117309442,0,82783,82783,-1,1,7655,5344,4,160,160,1
12,3,"[4, 256, 64, 3, 3, 0, 0, 0, 0, 0, 0, 0, 0, 0, 0, 4, 256, 64, 3, 3, 0, 0, 0, 0, 0, 0, 0, 0, 0, 0]",288,128,147456.0,1769472.0,5117384016,5117392036,5117392225,5117397089,0,87358,87358,-1,1,8020,4864,4,160,160,1
16,3,"[4, 256, 0, 0, 0, 0, 0, 0, 0, 0, 0, 0, 0, 0, 0, 4, 0, 0, 0, 0, 0, 0, 0, 0, 0, 0, 0, 0, 0, 0]",1,128,256.0,2052.0,5117475888,5117484366,5117484447,5117486656,0,86495,86495,-1,1,8478,2209,4,160,160,1
12,3,"[4, 256, 0, 0, 0, 0, 0, 0, 0, 0, 0, 0, 0, 0, 0, 4, 256, 0, 0, 0, 0, 0, 0, 0, 0, 0, 0, 0, 0, 0]",1,128,256.0,3072.0,5117564759,5117572797,5117573151,5117575550,0,99039,99039,-1,1,8038,2399,4,160,160,1
12,3,"[4, 256, 0, 0, 0, 0, 0, 0, 0, 0, 0, 0, 0, 0, 0, 4, 256, 0, 0, 0, 0, 0, 0, 0, 0, 0, 0, 0, 0, 0]",1,128,256.0,3072.0,5117665850,5117674242,5117674589,5117676989,0,89887,89887,-1,1,8392,2400,4,160,160,1
16,3,"[4, 256, 0, 0, 0, 0, 0, 0, 0, 0, 0, 0, 0, 0, 0, 4, 0, 0, 0, 0, 0, 0, 0, 0, 0, 0, 0, 0, 0, 0]",1,128,256.0,2052.0,5117758198,5117766783,5117766876,5117769244,0,87295,87295,-1,1,8585,2368,4,160,160,1
12,3,"[4, 256, 0, 0, 0, 0, 0, 0, 0, 0, 0, 0, 0, 0, 0, 4, 256, 0, 0, 0, 0, 0, 0, 0, 0, 0, 0, 0, 0, 0]",1,128,256.0,3072.0,5117848230,5117856204,5117856539,5117858939,0,84191,84191,-1,1,7974,2400,4,160,160,1
12,3,"[4, 256, 0, 0, 0, 0, 0, 0, 0, 0, 0, 0, 0, 0, 0, 4, 256, 0, 0, 0, 0, 0, 0, 0, 0, 0, 0, 0, 0, 0]",1,128,256.0,3072.0,5117935075,5117942704,5117943130,5117945498,0,85567,85567,-1,1,7629,2368,4,160,160,1
16,3,"[4, 64, 256, 1, 1, 0, 0, 0, 0, 0, 0, 0, 0, 0, 0, 4, 0, 0, 0, 0, 0, 0, 0, 0, 0, 0, 0, 0, 0, 0]",32,128,16384.0,131076.0,5118022614,5118030752,5118031065,5118033657,0,86111,86111,-1,1,8138,2592,4,160,160,1
12,3,"[4, 64, 256, 1, 1, 0, 0, 0, 0, 0, 0, 0, 0, 0, 0, 4, 64, 256, 1, 1, 0, 0, 0, 0, 0, 0, 0, 0, 0, 0]",32,128,16384.0,196608.0,5118111545,5118119467,5118119768,5118122519,0,85951,85951,-1,1,7922,2751,4,160,160,1
12,3,"[4, 64, 256, 1, 1, 0, 0, 0, 0, 0, 0, 0, 0, 0, 0, 4, 64, 256, 1, 1, 0, 0, 0, 0, 0, 0, 0, 0, 0, 0]",32,128,16384.0,196608.0,5118200385,5118208103,5118208470,5118211094,0,84927,84927,-1,1,7718,2624,4,160,160,1
16,3,"[4, 64, 0, 0, 0, 0, 0, 0, 0, 0, 0, 0, 0, 0, 0, 4, 0, 0, 0, 0, 0, 0, 0, 0, 0, 0, 0, 0, 0, 0]",1,128,64.0,516.0,5118287424,5118295768,5118296021,5118298197,0,85759,85759,-1,1,8344,2176,4,160,160,1
12,3,"[4, 64, 0, 0, 0, 0, 0, 0, 0, 0, 0, 0, 0, 0, 0, 4, 64, 0, 0, 0, 0, 0, 0, 0, 0, 0, 0, 0, 0, 0]",1,128,64.0,768.0,5118375701,5118385683,5118383956,5118386164,0,87967,87967,-1,1,9982,2208,4,160,160,1
12,3,"[4, 64, 0, 0, 0, 0, 0, 0, 0, 0, 0, 0, 0, 0, 0, 4, 64, 0, 0, 0, 0, 0, 0, 0, 0, 0, 0, 0, 0, 0]",1,128,64.0,768.0,5118466000,5118473758,5118474131,5118476339,0,88223,88223,-1,1,7758,2208,4,160,160,1
16,3,"[4, 64, 0, 0, 0, 0, 0, 0, 0, 0, 0, 0, 0, 0, 0, 4, 0, 0, 0, 0, 0, 0, 0, 0, 0, 0, 0, 0, 0, 0]",1,128,64.0,516.0,5118556188,5118564287,5118564562,5118566706,0,85151,85151,-1,1,8099,2144,4,160,160,1
12,3,"[4, 64, 0, 0, 0, 0, 0, 0, 0, 0, 0, 0, 0, 0, 0, 4, 64, 0, 0, 0, 0, 0, 0, 0, 0, 0, 0, 0, 0, 0]",1,128,64.0,768.0,5118643415,5118651416,5118651857,5118654097,0,84031,84031,-1,1,8001,2240,4,160,160,1
12,3,"[4, 64, 0, 0, 0, 0, 0, 0, 0, 0, 0, 0, 0, 0, 0, 4, 64, 0, 0, 0, 0, 0, 0, 0, 0, 0, 0, 0, 0, 0]",1,128,64.0,768.0,5118729882,5118737782,5118738128,5118740304,0,234685,234685,-1,1,7900,2176,4,160,160,1
16,3,"[4, 256, 64, 3, 3, 0, 0, 0, 0, 0, 0, 0, 0, 0, 0, 4, 0, 0, 0, 0, 0, 0, 0, 0, 0, 0, 0, 0, 0, 0]",288,128,147456.0,1179652.0,5118963620,5118974966,5118974989,5118980748,0,95103,95103,-1,1,11346,5759,4,160,160,1
12,3,"[4, 256, 64, 3, 3, 0, 0, 0, 0, 0, 0, 0, 0, 0, 0, 4, 256, 64, 3, 3, 0, 0, 0, 0, 0, 0, 0, 0, 0, 0]",288,128,147456.0,1769472.0,5119066104,5119075693,5119075851,5119081131,0,85151,85151,-1,1,9589,5280,4,160,160,1
12,3,"[4, 256, 64, 3, 3, 0, 0, 0, 0, 0, 0, 0, 0, 0, 0, 4, 256, 64, 3, 3, 0, 0, 0, 0, 0, 0, 0, 0, 0, 0]",288,128,147456.0,1769472.0,5119157853,5119165838,5119166282,5119171402,0,82559,82559,-1,1,7985,5120,4,160,160,1
16,3,"[4, 256, 0, 0, 0, 0, 0, 0, 0, 0, 0, 0, 0, 0, 0, 4, 0, 0, 0, 0, 0, 0, 0, 0, 0, 0, 0, 0, 0, 0]",1,128,256.0,2052.0,5119245261,5119253732,5119253961,5119256169,0,83551,83551,-1,1,8471,2208,4,160,160,1
12,3,"[4, 256, 0, 0, 0, 0, 0, 0, 0, 0, 0, 0, 0, 0, 0, 4, 256, 0, 0, 0, 0, 0, 0, 0, 0, 0, 0, 0, 0, 0]",1,128,256.0,3072.0,5119331411,5119339429,5119339720,5119341992,0,84255,84255,-1,1,8018,2272,4,160,160,1
12,3,"[4, 256, 0, 0, 0, 0, 0, 0, 0, 0, 0, 0, 0, 0, 0, 4, 256, 0, 0, 0, 0, 0, 0, 0, 0, 0, 0, 0, 0, 0]",1,128,256.0,3072.0,5119417942,5119425883,5119426247,5119428647,0,83999,83999,-1,1,7941,2400,4,160,160,1
16,3,"[4, 256, 0, 0, 0, 0, 0, 0, 0, 0, 0, 0, 0, 0, 0, 4, 0, 0, 0, 0, 0, 0, 0, 0, 0, 0, 0, 0, 0, 0]",1,128,256.0,2052.0,5119504251,5119514844,5119512646,5119514886,0,87807,87807,-1,1,10593,2240,4,160,160,1
12,3,"[4, 256, 0, 0, 0, 0, 0, 0, 0, 0, 0, 0, 0, 0, 0, 4, 256, 0, 0, 0, 0, 0, 0, 0, 0, 0, 0, 0, 0, 0]",1,128,256.0,3072.0,5119594158,5119602361,5119602693,5119605125,0,84543,84543,-1,1,8203,2432,4,160,160,1
12,3,"[4, 256, 0, 0, 0, 0, 0, 0, 0, 0, 0, 0, 0, 0, 0, 4, 256, 0, 0, 0, 0, 0, 0, 0, 0, 0, 0, 0, 0, 0]",1,128,256.0,3072.0,5119681515,5119689605,5119689668,5119692068,0,86815,86815,-1,1,8090,2400,4,160,160,1
16,3,"[4, 64, 256, 1, 1, 0, 0, 0, 0, 0, 0, 0, 0, 0, 0, 4, 0, 0, 0, 0, 0, 0, 0, 0, 0, 0, 0, 0, 0, 0]",32,128,16384.0,131076.0,5119770331,5119778748,5119778883,5119781571,0,86270,86270,-1,1,8417,2688,4,160,160,1
12,3,"[4, 64, 256, 1, 1, 0, 0, 0, 0, 0, 0, 0, 0, 0, 0, 4, 64, 256, 1, 1, 0, 0, 0, 0, 0, 0, 0, 0, 0, 0]",32,128,16384.0,196608.0,5119859675,5119867374,5119867841,5119870594,0,85566,85566,-1,1,7699,2753,4,160,160,1
12,3,"[4, 64, 256, 1, 1, 0, 0, 0, 0, 0, 0, 0, 0, 0, 0, 4, 64, 256, 1, 1, 0, 0, 0, 0, 0, 0, 0, 0, 0, 0]",32,128,16384.0,196608.0,5119947734,5119955809,5119956160,5119958784,0,86335,86335,-1,1,8075,2624,4,160,160,1
16,3,"[4, 64, 0, 0, 0, 0, 0, 0, 0, 0, 0, 0, 0, 0, 0, 4, 0, 0, 0, 0, 0, 0, 0, 0, 0, 0, 0, 0, 0, 0]",1,128,64.0,516.0,5120036593,5120044951,5120045119,5120047327,0,85151,85151,-1,1,8358,2208,4,160,160,1
12,3,"[4, 64, 0, 0, 0, 0, 0, 0, 0, 0, 0, 0, 0, 0, 0, 4, 64, 0, 0, 0, 0, 0, 0, 0, 0, 0, 0, 0, 0, 0]",1,128,64.0,768.0,5120124357,5120132113,5120132478,5120134686,0,84447,84447,-1,1,7756,2208,4,160,160,1
12,3,"[4, 64, 0, 0, 0, 0, 0, 0, 0, 0, 0, 0, 0, 0, 0, 4, 64, 0, 0, 0, 0, 0, 0, 0, 0, 0, 0, 0, 0, 0]",1,128,64.0,768.0,5120210859,5120218791,5120219133,5120221373,0,84991,84991,-1,1,7932,2240,4,160,160,1
16,3,"[4, 64, 0, 0, 0, 0, 0, 0, 0, 0, 0, 0, 0, 0, 0, 4, 0, 0, 0, 0, 0, 0, 0, 0, 0, 0, 0, 0, 0, 0]",1,128,64.0,516.0,5120297466,5120306010,5120306364,5120308540,0,85631,85631,-1,1,8544,2176,4,160,160,1
12,3,"[4, 64, 0, 0, 0, 0, 0, 0, 0, 0, 0, 0, 0, 0, 0, 4, 64, 0, 0, 0, 0, 0, 0, 0, 0, 0, 0, 0, 0, 0]",1,128,64.0,768.0,5120385896,5120393786,5120394171,5120396410,0,85632,85632,-1,1,7890,2239,4,160,160,1
12,3,"[4, 64, 0, 0, 0, 0, 0, 0, 0, 0, 0, 0, 0, 0, 0, 4, 64, 0, 0, 0, 0, 0, 0, 0, 0, 0, 0, 0, 0, 0]",1,128,64.0,768.0,5120473818,5120483760,5120482042,5120484282,0,91839,91839,-1,1,9942,2240,4,160,160,1
16,3,"[4, 256, 64, 3, 3, 0, 0, 0, 0, 0, 0, 0, 0, 0, 0, 4, 0, 0, 0, 0, 0, 0, 0, 0, 0, 0, 0, 0, 0, 0]",288,128,147456.0,1179652.0,5120567248,5120575915,5120576121,5120582136,0,83327,83327,-1,1,8667,6015,4,160,160,1
12,3,"[4, 256, 64, 3, 3, 0, 0, 0, 0, 0, 0, 0, 0, 0, 0, 4, 256, 64, 3, 3, 0, 0, 0, 0, 0, 0, 0, 0, 0, 0]",288,128,147456.0,1769472.0,5120657286,5120665284,5120665463,5120670935,0,81823,81823,-1,1,7998,5472,4,160,160,1
12,3,"[4, 256, 64, 3, 3, 0, 0, 0, 0, 0, 0, 0, 0, 0, 0, 4, 256, 64, 3, 3, 0, 0, 0, 0, 0, 0, 0, 0, 0, 0]",288,128,147456.0,1769472.0,5120744560,5120752687,5120752758,5120757846,0,83487,83487,-1,1,8127,5088,4,160,160,1
16,3,"[4, 256, 0, 0, 0, 0, 0, 0, 0, 0, 0, 0, 0, 0, 0, 4, 0, 0, 0, 0, 0, 0, 0, 0, 0, 0, 0, 0, 0, 0]",1,128,256.0,2052.0,5120832917,5120841122,5120841333,5120843541,0,84959,84959,-1,1,8205,2208,4,160,160,1
12,3,"[4, 256, 0, 0, 0, 0, 0, 0, 0, 0, 0, 0, 0, 0, 0, 4, 256, 0, 0, 0, 0, 0, 0, 0, 0, 0, 0, 0, 0, 0]",1,128,256.0,3072.0,5120920239,5120928075,5120928500,5120930900,0,85023,85023,-1,1,7836,2400,4,160,160,1
12,3,"[4, 256, 0, 0, 0, 0, 0, 0, 0, 0, 0, 0, 0, 0, 0, 4, 256, 0, 0, 0, 0, 0, 0, 0, 0, 0, 0, 0, 0, 0]",1,128,256.0,3072.0,5121007720,5121015505,5121015923,5121018323,0,85663,85663,-1,1,7785,2400,4,160,160,1
16,3,"[4, 256, 0, 0, 0, 0, 0, 0, 0, 0, 0, 0, 0, 0, 0, 4, 0, 0, 0, 0, 0, 0, 0, 0, 0, 0, 0, 0, 0, 0]",1,128,256.0,2052.0,5121095408,5121103672,5121103986,5121106322,0,84319,84319,-1,1,8264,2336,4,160,160,1
12,3,"[4, 256, 0, 0, 0, 0, 0, 0, 0, 0, 0, 0, 0, 0, 0, 4, 256, 0, 0, 0, 0, 0, 0, 0, 0, 0, 0, 0, 0, 0]",1,128,256.0,3072.0,5121182420,5121190288,5121190641,5121193041,0,83614,83614,-1,1,7868,2400,4,160,160,1
12,3,"[4, 256, 0, 0, 0, 0, 0, 0, 0, 0, 0, 0, 0, 0, 0, 4, 256, 0, 0, 0, 0, 0, 0, 0, 0, 0, 0, 0, 0, 0]",1,128,256.0,3072.0,5121268187,5121276131,5121276655,5121278960,0,86206,86206,-1,1,7944,2305,4,160,160,1
16,3,"[4, 64, 256, 1, 1, 0, 0, 0, 0, 0, 0, 0, 0, 0, 0, 4, 0, 0, 0, 0, 0, 0, 0, 0, 0, 0, 0, 0, 0, 0]",32,128,16384.0,131076.0,5121356578,5121365110,5121365166,5121367854,0,85631,85631,-1,1,8532,2688,4,160,160,1
12,3,"[4, 64, 256, 1, 1, 0, 0, 0, 0, 0, 0, 0, 0, 0, 0, 4, 64, 256, 1, 1, 0, 0, 0, 0, 0, 0, 0, 0, 0, 0]",32,128,16384.0,196608.0,5121445243,5121455164,5121453485,5121456205,0,86879,86879,-1,1,9921,2720,4,160,160,1
12,3,"[4, 64, 256, 1, 1, 0, 0, 0, 0, 0, 0, 0, 0, 0, 0, 4, 64, 256, 1, 1, 0, 0, 0, 0, 0, 0, 0, 0, 0, 0]",32,128,16384.0,196608.0,5121534636,5121542612,5121543084,5121545548,0,85855,85855,-1,1,7976,2464,4,160,160,1
16,3,"[4, 64, 0, 0, 0, 0, 0, 0, 0, 0, 0, 0, 0, 0, 0, 4, 0, 0, 0, 0, 0, 0, 0, 0, 0, 0, 0, 0, 0, 0]",1,128,64.0,516.0,5121622608,5121631171,5121631403,5121633579,0,95935,95935,-1,1,8563,2176,4,160,160,1
12,3,"[4, 64, 0, 0, 0, 0, 0, 0, 0, 0, 0, 0, 0, 0, 0, 4, 64, 0, 0, 0, 0, 0, 0, 0, 0, 0, 0, 0, 0, 0]",1,128,64.0,768.0,5121720558,5121729267,5121729514,5121731754,0,86271,86271,-1,1,8709,2240,4,160,160,1
12,3,"[4, 64, 0, 0, 0, 0, 0, 0, 0, 0, 0, 0, 0, 0, 0, 4, 64, 0, 0, 0, 0, 0, 0, 0, 0, 0, 0, 0, 0, 0]",1,128,64.0,768.0,5121809636,5121817721,5121818025,5121820265,0,87231,87231,-1,1,8085,2240,4,160,160,1
16,3,"[4, 64, 0, 0, 0, 0, 0, 0, 0, 0, 0, 0, 0, 0, 0, 4, 0, 0, 0, 0, 0, 0, 0, 0, 0, 0, 0, 0, 0, 0]",1,128,64.0,516.0,5121898935,5121907304,5121907496,5121909671,0,85184,85184,-1,1,8369,2175,4,160,160,1
12,3,"[4, 64, 0, 0, 0, 0, 0, 0, 0, 0, 0, 0, 0, 0, 0, 4, 64, 0, 0, 0, 0, 0, 0, 0, 0, 0, 0, 0, 0, 0]",1,128,64.0,768.0,5121986699,5121994445,5121994855,5121997383,0,83934,83934,-1,1,7746,2528,4,160,160,1
12,3,"[4, 64, 0, 0, 0, 0, 0, 0, 0, 0, 0, 0, 0, 0, 0, 4, 64, 0, 0, 0, 0, 0, 0, 0, 0, 0, 0, 0, 0, 0]",1,128,64.0,768.0,5122073288,5122080912,5122081317,5122083557,0,87423,87423,-1,1,7624,2240,4,160,160,1
16,3,"[4, 256, 64, 3, 3, 0, 0, 0, 0, 0, 0, 0, 0, 0, 0, 4, 0, 0, 0, 0, 0, 0, 0, 0, 0, 0, 0, 0, 0, 0]",288,128,147456.0,1179652.0,5122162063,5122170799,5122170980,5122176708,0,84639,84639,-1,1,8736,5728,4,160,160,1
12,3,"[4, 256, 64, 3, 3, 0, 0, 0, 0, 0, 0, 0, 0, 0, 0, 4, 256, 64, 3, 3, 0, 0, 0, 0, 0, 0, 0, 0, 0, 0]",288,128,147456.0,1769472.0,5122252892,5122261050,5122261347,5122266787,0,83519,83519,-1,1,8158,5440,4,160,160,1
12,3,"[4, 256, 64, 3, 3, 0, 0, 0, 0, 0, 0, 0, 0, 0, 0, 4, 256, 64, 3, 3, 0, 0, 0, 0, 0, 0, 0, 0, 0, 0]",288,128,147456.0,1769472.0,5122341831,5122349990,5122350306,5122355202,0,82847,82847,-1,1,8159,4896,4,160,160,1
16,3,"[4, 256, 0, 0, 0, 0, 0, 0, 0, 0, 0, 0, 0, 0, 0, 4, 0, 0, 0, 0, 0, 0, 0, 0, 0, 0, 0, 0, 0, 0]",1,128,256.0,2052.0,5122429487,5122439748,5122438049,5122440257,0,90335,90335,-1,1,10261,2208,4,160,160,1
12,3,"[4, 256, 0, 0, 0, 0, 0, 0, 0, 0, 0, 0, 0, 0, 0, 4, 256, 0, 0, 0, 0, 0, 0, 0, 0, 0, 0, 0, 0, 0]",1,128,256.0,3072.0,5122522251,5122530205,5122530592,5122532895,0,232894,232894,-1,1,7954,2303,4,160,160,1
12,3,"[4, 256, 0, 0, 0, 0, 0, 0, 0, 0, 0, 0, 0, 0, 0, 4, 256, 0, 0, 0, 0, 0, 0, 0, 0, 0, 0, 0, 0, 0]",1,128,256.0,3072.0,5122755037,5122765794,5122765789,5122768221,0,100862,100862,-1,1,10757,2432,4,160,160,1
16,3,"[4, 256, 0, 0, 0, 0, 0, 0, 0, 0, 0, 0, 0, 0, 0, 4, 0, 0, 0, 0, 0, 0, 0, 0, 0, 0, 0, 0, 0, 0]",1,128,256.0,2052.0,5122859127,5122869216,5122869083,5122871291,0,87455,87455,-1,1,10089,2208,4,160,160,1
12,3,"[4, 256, 0, 0, 0, 0, 0, 0, 0, 0, 0, 0, 0, 0, 0, 4, 256, 0, 0, 0, 0, 0, 0, 0, 0, 0, 0, 0, 0, 0]",1,128,256.0,3072.0,5122950277,5122958503,5122958746,5122961178,0,86719,86719,-1,1,8226,2432,4,160,160,1
12,3,"[4, 256, 0, 0, 0, 0, 0, 0, 0, 0, 0, 0, 0, 0, 0, 4, 256, 0, 0, 0, 0, 0, 0, 0, 0, 0, 0, 0, 0, 0]",1,128,256.0,3072.0,5123039477,5123047482,5123047897,5123050201,0,87551,87551,-1,1,8005,2304,4,160,160,1
16,3,"[4, 64, 256, 1, 1, 0, 0, 0, 0, 0, 0, 0, 0, 0, 0, 4, 0, 0, 0, 0, 0, 0, 0, 0, 0, 0, 0, 0, 0, 0]",32,128,16384.0,131076.0,5123129039,5123137553,5123137752,5123140344,0,86367,86367,-1,1,8514,2592,4,160,160,1
12,3,"[4, 64, 256, 1, 1, 0, 0, 0, 0, 0, 0, 0, 0, 0, 0, 4, 64, 256, 1, 1, 0, 0, 0, 0, 0, 0, 0, 0, 0, 0]",32,128,16384.0,196608.0,5123218102,5123226377,5123226711,5123229431,0,86238,86238,-1,1,8275,2720,4,160,160,1
12,3,"[4, 64, 256, 1, 1, 0, 0, 0, 0, 0, 0, 0, 0, 0, 0, 4, 64, 256, 1, 1, 0, 0, 0, 0, 0, 0, 0, 0, 0, 0]",32,128,16384.0,196608.0,5123307313,5123315409,5123315669,5123318230,0,84735,84735,-1,1,8096,2561,4,160,160,1
16,3,"[4, 64, 0, 0, 0, 0, 0, 0, 0, 0, 0, 0, 0, 0, 0, 4, 0, 0, 0, 0, 0, 0, 0, 0, 0, 0, 0, 0, 0, 0]",1,128,64.0,516.0,5123394583,5123402714,5123402965,5123405140,0,85695,85695,-1,1,8131,2175,4,160,160,1
12,3,"[4, 64, 0, 0, 0, 0, 0, 0, 0, 0, 0, 0, 0, 0, 0, 4, 64, 0, 0, 0, 0, 0, 0, 0, 0, 0, 0, 0, 0, 0]",1,128,64.0,768.0,5123482463,5123490499,5123490835,5123493043,0,87519,87519,-1,1,8036,2208,4,160,160,1
12,3,"[4, 64, 0, 0, 0, 0, 0, 0, 0, 0, 0, 0, 0, 0, 0, 4, 64, 0, 0, 0, 0, 0, 0, 0, 0, 0, 0, 0, 0, 0]",1,128,64.0,768.0,5123572448,5123580191,5123580562,5123582802,0,85503,85503,-1,1,7743,2240,4,160,160,1
16,3,"[4, 64, 0, 0, 0, 0, 0, 0, 0, 0, 0, 0, 0, 0, 0, 4, 0, 0, 0, 0, 0, 0, 0, 0, 0, 0, 0, 0, 0, 0]",1,128,64.0,516.0,5123660017,5123668089,5123668305,5123670641,0,83935,83935,-1,1,8072,2336,4,160,160,1
12,3,"[4, 64, 0, 0, 0, 0, 0, 0, 0, 0, 0, 0, 0, 0, 0, 4, 64, 0, 0, 0, 0, 0, 0, 0, 0, 0, 0, 0, 0, 0]",1,128,64.0,768.0,5123746440,5123754179,5123754576,5123756784,0,83295,83295,-1,1,7739,2208,4,160,160,1
12,3,"[4, 64, 0, 0, 0, 0, 0, 0, 0, 0, 0, 0, 0, 0, 0, 4, 64, 0, 0, 0, 0, 0, 0, 0, 0, 0, 0, 0, 0, 0]",1,128,64.0,768.0,5123831988,5123839713,5123840079,5123842319,0,86655,86655,-1,1,7725,2240,4,160,160,1
16,3,"[4, 256, 64, 3, 3, 0, 0, 0, 0, 0, 0, 0, 0, 0, 0, 4, 0, 0, 0, 0, 0, 0, 0, 0, 0, 0, 0, 0, 0, 0]",288,128,147456.0,1179652.0,5123920383,5123928831,5123928974,5123934734,0,82431,82431,-1,1,8448,5760,4,160,160,1
12,3,"[4, 256, 64, 3, 3, 0, 0, 0, 0, 0, 0, 0, 0, 0, 0, 4, 256, 64, 3, 3, 0, 0, 0, 0, 0, 0, 0, 0, 0, 0]",288,128,147456.0,1769472.0,5124008584,5124016895,5124017165,5124022701,0,84190,84190,-1,1,8311,5536,4,160,160,1
12,3,"[4, 256, 64, 3, 3, 0, 0, 0, 0, 0, 0, 0, 0, 0, 0, 4, 256, 64, 3, 3, 0, 0, 0, 0, 0, 0, 0, 0, 0, 0]",288,128,147456.0,1769472.0,5124098580,5124106487,5124106891,5124111980,0,82142,82142,-1,1,7907,5089,4,160,160,1
16,3,"[4, 256, 0, 0, 0, 0, 0, 0, 0, 0, 0, 0, 0, 0, 0, 4, 0, 0, 0, 0, 0, 0, 0, 0, 0, 0, 0, 0, 0, 0]",1,128,256.0,2052.0,5124185763,5124193820,5124194122,5124196490,0,84480,84480,-1,1,8057,2368,4,160,160,1
12,3,"[4, 256, 0, 0, 0, 0, 0, 0, 0, 0, 0, 0, 0, 0, 0, 4, 256, 0, 0, 0, 0, 0, 0, 0, 0, 0, 0, 0, 0, 0]",1,128,256.0,3072.0,5124272829,5124280641,5124280970,5124283370,0,85598,85598,-1,1,7812,2400,4,160,160,1
12,3,"[4, 256, 0, 0, 0, 0, 0, 0, 0, 0, 0, 0, 0, 0, 0, 4, 256, 0, 0, 0, 0, 0, 0, 0, 0, 0, 0, 0, 0, 0]",1,128,256.0,3072.0,5124360546,5124368505,5124368968,5124371336,0,84799,84799,-1,1,7959,2368,4,160,160,1
16,3,"[4, 256, 0, 0, 0, 0, 0, 0, 0, 0, 0, 0, 0, 0, 0, 4, 0, 0, 0, 0, 0, 0, 0, 0, 0, 0, 0, 0, 0, 0]",1,128,256.0,2052.0,5124447592,5124455815,5124456135,5124458343,0,87455,87455,-1,1,8223,2208,4,160,160,1
12,3,"[4, 256, 0, 0, 0, 0, 0, 0, 0, 0, 0, 0, 0, 0, 0, 4, 256, 0, 0, 0, 0, 0, 0, 0, 0, 0, 0, 0, 0, 0]",1,128,256.0,3072.0,5124537301,5124545402,5124545798,5124548166,0,84479,84479,-1,1,8101,2368,4,160,160,1
12,3,"[4, 256, 0, 0, 0, 0, 0, 0, 0, 0, 0, 0, 0, 0, 0, 4, 256, 0, 0, 0, 0, 0, 0, 0, 0, 0, 0, 0, 0, 0]",1,128,256.0,3072.0,5124624196,5124632293,5124632645,5124635077,0,86079,86079,-1,1,8097,2432,4,160,160,1
16,3,"[4, 96, 256, 1, 1, 0, 0, 0, 0, 0, 0, 0, 0, 0, 0, 4, 0, 0, 0, 0, 0, 0, 0, 0, 0, 0, 0, 0, 0, 0]",48,128,24576.0,196612.0,5124712671,5124720853,5124721156,5124723940,0,86367,86367,-1,1,8182,2784,4,160,160,1
12,3,"[4, 96, 256, 1, 1, 0, 0, 0, 0, 0, 0, 0, 0, 0, 0, 4, 96, 256, 1, 1, 0, 0, 0, 0, 0, 0, 0, 0, 0, 0]",48,128,24576.0,294912.0,5124802095,5124809989,5124810307,5124813443,0,85567,85567,-1,1,7894,3136,4,160,160,1
12,3,"[4, 96, 256, 1, 1, 0, 0, 0, 0, 0, 0, 0, 0, 0, 0, 4, 96, 256, 1, 1, 0, 0, 0, 0, 0, 0, 0, 0, 0, 0]",48,128,24576.0,294912.0,5124890642,5124898606,5124899010,5124901666,0,84318,84318,-1,1,7964,2656,4,160,160,1
16,3,"[4, 96, 0, 0, 0, 0, 0, 0, 0, 0, 0, 0, 0, 0, 0, 4, 0, 0, 0, 0, 0, 0, 0, 0, 0, 0, 0, 0, 0, 0]",1,128,96.0,772.0,5124977286,5124985621,5124985984,5124988224,0,84543,84543,-1,1,8335,2240,4,160,160,1
12,3,"[4, 96, 0, 0, 0, 0, 0, 0, 0, 0, 0, 0, 0, 0, 0, 4, 96, 0, 0, 0, 0, 0, 0, 0, 0, 0, 0, 0, 0, 0]",1,128,96.0,1152.0,5125064543,5125072432,5125072767,5125075007,0,86271,86271,-1,1,7889,2240,4,160,160,1
12,3,"[4, 96, 0, 0, 0, 0, 0, 0, 0, 0, 0, 0, 0, 0, 0, 4, 96, 0, 0, 0, 0, 0, 0, 0, 0, 0, 0, 0, 0, 0]",1,128,96.0,1152.0,5125153067,5125161243,5125161278,5125163486,0,85151,85151,-1,1,8176,2208,4,160,160,1
16,3,"[4, 96, 0, 0, 0, 0, 0, 0, 0, 0, 0, 0, 0, 0, 0, 4, 0, 0, 0, 0, 0, 0, 0, 0, 0, 0, 0, 0, 0, 0]",1,128,96.0,772.0,5125240314,5125248430,5125248637,5125250845,0,85983,85983,-1,1,8116,2208,4,160,160,1
12,3,"[4, 96, 0, 0, 0, 0, 0, 0, 0, 0, 0, 0, 0, 0, 0, 4, 96, 0, 0, 0, 0, 0, 0, 0, 0, 0, 0, 0, 0, 0]",1,128,96.0,1152.0,5125328607,5125336522,5125336828,5125339100,0,84959,84959,-1,1,7915,2272,4,160,160,1
12,3,"[4, 96, 0, 0, 0, 0, 0, 0, 0, 0, 0, 0, 0, 0, 0, 4, 96, 0, 0, 0, 0, 0, 0, 0, 0, 0, 0, 0, 0, 0]",1,128,96.0,1152.0,5125415746,5125423713,5125424059,5125426267,0,90975,90975,-1,1,7967,2208,4,160,160,1
16,3,"[4, 384, 96, 3, 3, 0, 0, 0, 0, 0, 0, 0, 0, 0, 0, 4, 0, 0, 0, 0, 0, 0, 0, 0, 0, 0, 0, 0, 0, 0]",648,128,331776.0,2654212.0,5125508470,5125517092,5125517242,5125528634,0,77887,77887,-1,1,8622,11392,4,160,160,1
12,3,"[4, 384, 96, 3, 3, 0, 0, 0, 0, 0, 0, 0, 0, 0, 0, 4, 384, 96, 3, 3, 0, 0, 0, 0, 0, 0, 0, 0, 0, 0]",648,128,331776.0,3981312.0,5125598310,5125606436,5125606521,5125614552,0,89567,89567,-1,1,8126,8031,4,160,160,1
12,3,"[4, 384, 96, 3, 3, 0, 0, 0, 0, 0, 0, 0, 0, 0, 0, 4, 384, 96, 3, 3, 0, 0, 0, 0, 0, 0, 0, 0, 0, 0]",648,128,331776.0,3981312.0,5125695243,5125703736,5125704119,5125714519,0,79903,79903,-1,1,8493,10400,4,160,160,1
16,3,"[4, 384, 0, 0, 0, 0, 0, 0, 0, 0, 0, 0, 0, 0, 0, 4, 0, 0, 0, 0, 0, 0, 0, 0, 0, 0, 0, 0, 0, 0]",1,128,384.0,3076.0,5125785739,5125794161,5125794422,5125796790,0,84479,84479,-1,1,8422,2368,4,160,160,1
12,3,"[4, 384, 0, 0, 0, 0, 0, 0, 0, 0, 0, 0, 0, 0, 0, 4, 384, 0, 0, 0, 0, 0, 0, 0, 0, 0, 0, 0, 0, 0]",1,128,384.0,4608.0,5125872885,5125880872,5125881269,5125883669,0,84703,84703,-1,1,7987,2400,4,160,160,1
12,3,"[4, 384, 0, 0, 0, 0, 0, 0, 0, 0, 0, 0, 0, 0, 0, 4, 384, 0, 0, 0, 0, 0, 0, 0, 0, 0, 0, 0, 0, 0]",1,128,384.0,4608.0,5125959907,5125968020,5125968372,5125970740,0,84159,84159,-1,1,8113,2368,4,160,160,1
16,3,"[4, 384, 0, 0, 0, 0, 0, 0, 0, 0, 0, 0, 0, 0, 0, 4, 0, 0, 0, 0, 0, 0, 0, 0, 0, 0, 0, 0, 0, 0]",1,128,384.0,3076.0,5126046355,5126054719,5126054899,5126057267,0,83903,83903,-1,1,8364,2368,4,160,160,1
12,3,"[4, 384, 0, 0, 0, 0, 0, 0, 0, 0, 0, 0, 0, 0, 0, 4, 384, 0, 0, 0, 0, 0, 0, 0, 0, 0, 0, 0, 0, 0]",1,128,384.0,4608.0,5126132794,5126140715,5126141170,5126143602,0,84735,84735,-1,1,7921,2432,4,160,160,1
12,3,"[4, 384, 0, 0, 0, 0, 0, 0, 0, 0, 0, 0, 0, 0, 0, 4, 384, 0, 0, 0, 0, 0, 0, 0, 0, 0, 0, 0, 0, 0]",1,128,384.0,4608.0,5126219927,5126227893,5126228337,5126230736,0,86496,86496,-1,1,7966,2399,4,160,160,1
16,3,"[4, 96, 384, 1, 1, 0, 0, 0, 0, 0, 0, 0, 0, 0, 0, 4, 0, 0, 0, 0, 0, 0, 0, 0, 0, 0, 0, 0, 0, 0]",72,128,36864.0,294916.0,5126308635,5126316981,5126317232,5126320560,0,230204,230204,-1,1,8346,3328,4,160,160,1
12,3,"[4, 96, 384, 1, 1, 0, 0, 0, 0, 0, 0, 0, 0, 0, 0, 4, 96, 384, 1, 1, 0, 0, 0, 0, 0, 0, 0, 0, 0, 0]",72,128,36864.0,442368.0,5126540221,5126550748,5126550764,5126554061,0,99166,99166,-1,1,10527,3297,4,160,160,1
12,3,"[4, 96, 384, 1, 1, 0, 0, 0, 0, 0, 0, 0, 0, 0, 0, 4, 96, 384, 1, 1, 0, 0, 0, 0, 0, 0, 0, 0, 0, 0]",72,128,36864.0,442368.0,5126643939,5126653024,5126653227,5126656011,0,88415,88415,-1,1,9085,2784,4,160,160,1
16,3,"[4, 96, 0, 0, 0, 0, 0, 0, 0, 0, 0, 0, 0, 0, 0, 4, 0, 0, 0, 0, 0, 0, 0, 0, 0, 0, 0, 0, 0, 0]",1,128,96.0,772.0,5126735812,5126744443,5126744426,5126746602,0,85951,85951,-1,1,8631,2176,4,160,160,1
12,3,"[4, 96, 0, 0, 0, 0, 0, 0, 0, 0, 0, 0, 0, 0, 0, 4, 96, 0, 0, 0, 0, 0, 0, 0, 0, 0, 0, 0, 0, 0]",1,128,96.0,1152.0,5126824194,5126832281,5126832553,5126834825,0,86431,86431,-1,1,8087,2272,4,160,160,1
12,3,"[4, 96, 0, 0, 0, 0, 0, 0, 0, 0, 0, 0, 0, 0, 0, 4, 96, 0, 0, 0, 0, 0, 0, 0, 0, 0, 0, 0, 0, 0]",1,128,96.0,1152.0,5126912927,5126921142,5126921256,5126923496,0,85375,85375,-1,1,8215,2240,4,160,160,1
16,3,"[4, 96, 0, 0, 0, 0, 0, 0, 0, 0, 0, 0, 0, 0, 0, 4, 0, 0, 0, 0, 0, 0, 0, 0, 0, 0, 0, 0, 0, 0]",1,128,96.0,772.0,5127000521,5127008779,5127008871,5127011047,0,85951,85951,-1,1,8258,2176,4,160,160,1
12,3,"[4, 96, 0, 0, 0, 0, 0, 0, 0, 0, 0, 0, 0, 0, 0, 4, 96, 0, 0, 0, 0, 0, 0, 0, 0, 0, 0, 0, 0, 0]",1,128,96.0,1152.0,5127089016,5127096602,5127096998,5127099205,0,85024,85024,-1,1,7586,2207,4,160,160,1
12,3,"[4, 96, 0, 0, 0, 0, 0, 0, 0, 0, 0, 0, 0, 0, 0, 4, 96, 0, 0, 0, 0, 0, 0, 0, 0, 0, 0, 0, 0, 0]",1,128,96.0,1152.0,5127176161,5127183666,5127184229,5127186436,0,86176,86176,-1,1,7505,2207,4,160,160,1
16,3,"[4, 384, 96, 3, 3, 0, 0, 0, 0, 0, 0, 0, 0, 0, 0, 4, 0, 0, 0, 0, 0, 0, 0, 0, 0, 0, 0, 0, 0, 0]",648,128,331776.0,2654212.0,5127264489,5127272402,5127272612,5127284227,0,77215,77215,-1,1,7913,11615,4,160,160,1
12,3,"[4, 384, 96, 3, 3, 0, 0, 0, 0, 0, 0, 0, 0, 0, 0, 4, 384, 96, 3, 3, 0, 0, 0, 0, 0, 0, 0, 0, 0, 0]",648,128,331776.0,3981312.0,5127353378,5127361071,5127361442,5127369538,0,82207,82207,-1,1,7693,8096,4,160,160,1
12,3,"[4, 384, 96, 3, 3, 0, 0, 0, 0, 0, 0, 0, 0, 0, 0, 4, 384, 96, 3, 3, 0, 0, 0, 0, 0, 0, 0, 0, 0, 0]",648,128,331776.0,3981312.0,5127443567,5127451184,5127451745,5127462049,0,78079,78079,-1,1,7617,10304,4,160,160,1
16,3,"[4, 384, 0, 0, 0, 0, 0, 0, 0, 0, 0, 0, 0, 0, 0, 4, 0, 0, 0, 0, 0, 0, 0, 0, 0, 0, 0, 0, 0, 0]",1,128,384.0,3076.0,5127531858,5127542053,5127540128,5127542624,0,87551,87551,-1,1,10195,2496,4,160,160,1
12,3,"[4, 384, 0, 0, 0, 0, 0, 0, 0, 0, 0, 0, 0, 0, 0, 4, 384, 0, 0, 0, 0, 0, 0, 0, 0, 0, 0, 0, 0, 0]",1,128,384.0,4608.0,5127621972,5127629861,5127630175,5127632575,0,84959,84959,-1,1,7889,2400,4,160,160,1
12,3,"[4, 384, 0, 0, 0, 0, 0, 0, 0, 0, 0, 0, 0, 0, 0, 4, 384, 0, 0, 0, 0, 0, 0, 0, 0, 0, 0, 0, 0, 0]",1,128,384.0,4608.0,5127709325,5127717146,5127717534,5127719966,0,84671,84671,-1,1,7821,2432,4,160,160,1
16,3,"[4, 384, 0, 0, 0, 0, 0, 0, 0, 0, 0, 0, 0, 0, 0, 4, 0, 0, 0, 0, 0, 0, 0, 0, 0, 0, 0, 0, 0, 0]",1,128,384.0,3076.0,5127796302,5127804358,5127804637,5127807037,0,85535,85535,-1,1,8056,2400,4,160,160,1
12,3,"[4, 384, 0, 0, 0, 0, 0, 0, 0, 0, 0, 0, 0, 0, 0, 4, 384, 0, 0, 0, 0, 0, 0, 0, 0, 0, 0, 0, 0, 0]",1,128,384.0,4608.0,5127884482,5127892211,5127892572,5127894940,0,85695,85695,-1,1,7729,2368,4,160,160,1
12,3,"[4, 384, 0, 0, 0, 0, 0, 0, 0, 0, 0, 0, 0, 0, 0, 4, 384, 0, 0, 0, 0, 0, 0, 0, 0, 0, 0, 0, 0, 0]",1,128,384.0,4608.0,5127972729,5127980142,5127980635,5127983098,0,86176,86176,-1,1,7413,2463,4,160,160,1
16,3,"[4, 96, 384, 1, 1, 0, 0, 0, 0, 0, 0, 0, 0, 0, 0, 4, 0, 0, 0, 0, 0, 0, 0, 0, 0, 0, 0, 0, 0, 0]",72,128,36864.0,294916.0,5128061044,5128069065,5128069274,5128072249,0,84255,84255,-1,1,8021,2975,4,160,160,1
12,3,"[4, 96, 384, 1, 1, 0, 0, 0, 0, 0, 0, 0, 0, 0, 0, 4, 96, 384, 1, 1, 0, 0, 0, 0, 0, 0, 0, 0, 0, 0]",72,128,36864.0,442368.0,5128148480,5128156187,5128156504,5128159800,0,84255,84255,-1,1,7707,3296,4,160,160,1
12,3,"[4, 96, 384, 1, 1, 0, 0, 0, 0, 0, 0, 0, 0, 0, 0, 4, 96, 384, 1, 1, 0, 0, 0, 0, 0, 0, 0, 0, 0, 0]",72,128,36864.0,442368.0,5128235957,5128243626,5128244055,5128247287,0,82207,82207,-1,1,7669,3232,4,160,160,1
16,3,"[4, 96, 0, 0, 0, 0, 0, 0, 0, 0, 0, 0, 0, 0, 0, 4, 0, 0, 0, 0, 0, 0, 0, 0, 0, 0, 0, 0, 0, 0]",1,128,96.0,772.0,5128320960,5128329223,5128329494,5128331670,0,85951,85951,-1,1,8263,2176,4,160,160,1
12,3,"[4, 96, 0, 0, 0, 0, 0, 0, 0, 0, 0, 0, 0, 0, 0, 4, 96, 0, 0, 0, 0, 0, 0, 0, 0, 0, 0, 0, 0, 0]",1,128,96.0,1152.0,5128409458,5128417264,5128417621,5128419861,0,89087,89087,-1,1,7806,2240,4,160,160,1
12,3,"[4, 96, 0, 0, 0, 0, 0, 0, 0, 0, 0, 0, 0, 0, 0, 4, 96, 0, 0, 0, 0, 0, 0, 0, 0, 0, 0, 0, 0, 0]",1,128,96.0,1152.0,5128500637,5128509933,5128508948,5128511188,0,86239,86239,-1,1,9296,2240,4,160,160,1
16,3,"[4, 96, 0, 0, 0, 0, 0, 0, 0, 0, 0, 0, 0, 0, 0, 4, 0, 0, 0, 0, 0, 0, 0, 0, 0, 0, 0, 0, 0, 0]",1,128,96.0,772.0,5128588944,5128597399,5128597427,5128599603,0,86942,86942,-1,1,8455,2176,4,160,160,1
12,3,"[4, 96, 0, 0, 0, 0, 0, 0, 0, 0, 0, 0, 0, 0, 0, 4, 96, 0, 0, 0, 0, 0, 0, 0, 0, 0, 0, 0, 0, 0]",1,128,96.0,1152.0,5128677594,5128685674,5128686545,5128688753,0,86367,86367,-1,1,8080,2208,4,160,160,1
12,3,"[4, 96, 0, 0, 0, 0, 0, 0, 0, 0, 0, 0, 0, 0, 0, 4, 96, 0, 0, 0, 0, 0, 0, 0, 0, 0, 0, 0, 0, 0]",1,128,96.0,1152.0,5128766561,5128774847,5128775120,5128777329,0,86622,86622,-1,1,8286,2209,4,160,160,1
16,3,"[4, 384, 96, 3, 3, 0, 0, 0, 0, 0, 0, 0, 0, 0, 0, 4, 0, 0, 0, 0, 0, 0, 0, 0, 0, 0, 0, 0, 0, 0]",648,128,331776.0,2654212.0,5128855696,5128863871,5128863951,5128874799,0,77343,77343,-1,1,8175,10848,4,160,160,1
12,3,"[4, 384, 96, 3, 3, 0, 0, 0, 0, 0, 0, 0, 0, 0, 0, 4, 384, 96, 3, 3, 0, 0, 0, 0, 0, 0, 0, 0, 0, 0]",648,128,331776.0,3981312.0,5128943999,5128951897,5128952142,5128960334,0,79423,79423,-1,1,7898,8192,4,160,160,1
12,3,"[4, 384, 96, 3, 3, 0, 0, 0, 0, 0, 0, 0, 0, 0, 0, 4, 384, 96, 3, 3, 0, 0, 0, 0, 0, 0, 0, 0, 0, 0]",648,128,331776.0,3981312.0,5129031422,5129039348,5129039757,5129050157,0,75743,75743,-1,1,7926,10400,4,160,160,1
16,3,"[4, 384, 0, 0, 0, 0, 0, 0, 0, 0, 0, 0, 0, 0, 0, 4, 0, 0, 0, 0, 0, 0, 0, 0, 0, 0, 0, 0, 0, 0]",1,128,384.0,3076.0,5129117514,5129126253,5129125900,5129128396,0,84287,84287,-1,1,8739,2496,4,160,160,1
12,3,"[4, 384, 0, 0, 0, 0, 0, 0, 0, 0, 0, 0, 0, 0, 0, 4, 384, 0, 0, 0, 0, 0, 0, 0, 0, 0, 0, 0, 0, 0]",1,128,384.0,4608.0,5129203844,5129211636,5129212683,5129215115,0,82303,82303,-1,1,7792,2432,4,160,160,1
12,3,"[4, 384, 0, 0, 0, 0, 0, 0, 0, 0, 0, 0, 0, 0, 0, 4, 384, 0, 0, 0, 0, 0, 0, 0, 0, 0, 0, 0, 0, 0]",1,128,384.0,4608.0,5129289315,5129296945,5129297418,5129299786,0,84671,84671,-1,1,7630,2368,4,160,160,1
16,3,"[4, 384, 0, 0, 0, 0, 0, 0, 0, 0, 0, 0, 0, 0, 0, 4, 0, 0, 0, 0, 0, 0, 0, 0, 0, 0, 0, 0, 0, 0]",1,128,384.0,3076.0,5129375986,5129384163,5129384457,5129386856,0,84831,84831,-1,1,8177,2399,4,160,160,1
12,3,"[4, 384, 0, 0, 0, 0, 0, 0, 0, 0, 0, 0, 0, 0, 0, 4, 384, 0, 0, 0, 0, 0, 0, 0, 0, 0, 0, 0, 0, 0]",1,128,384.0,4608.0,5129463619,5129473368,5129471687,5129474087,0,88288,88288,-1,1,9749,2400,4,160,160,1
12,3,"[4, 384, 0, 0, 0, 0, 0, 0, 0, 0, 0, 0, 0, 0, 0, 4, 384, 0, 0, 0, 0, 0, 0, 0, 0, 0, 0, 0, 0, 0]",1,128,384.0,4608.0,5129554102,5129562036,5129562375,5129564743,0,86078,86078,-1,1,7934,2368,4,160,160,1
16,3,"[4, 96, 384, 1, 1, 0, 0, 0, 0, 0, 0, 0, 0, 0, 0, 4, 0, 0, 0, 0, 0, 0, 0, 0, 0, 0, 0, 0, 0, 0]",72,128,36864.0,294916.0,5129642412,5129656724,5129650821,5129653893,0,95295,95295,-1,1,14312,3072,4,160,160,1
12,3,"[4, 96, 384, 1, 1, 0, 0, 0, 0, 0, 0, 0, 0, 0, 0, 4, 96, 384, 1, 1, 0, 0, 0, 0, 0, 0, 0, 0, 0, 0]",72,128,36864.0,442368.0,5129740421,5129748908,5129749188,5129752356,0,86047,86047,-1,1,8487,3168,4,160,160,1
12,3,"[4, 96, 384, 1, 1, 0, 0, 0, 0, 0, 0, 0, 0, 0, 0, 4, 96, 384, 1, 1, 0, 0, 0, 0, 0, 0, 0, 0, 0, 0]",72,128,36864.0,442368.0,5129829767,5129837971,5129838403,5129841219,0,86207,86207,-1,1,8204,2816,4,160,160,1
16,3,"[4, 96, 0, 0, 0, 0, 0, 0, 0, 0, 0, 0, 0, 0, 0, 4, 0, 0, 0, 0, 0, 0, 0, 0, 0, 0, 0, 0, 0, 0]",1,128,96.0,772.0,5129919126,5129927279,5129927426,5129929634,0,86174,86174,-1,1,8153,2208,4,160,160,1
12,3,"[4, 96, 0, 0, 0, 0, 0, 0, 0, 0, 0, 0, 0, 0, 0, 4, 96, 0, 0, 0, 0, 0, 0, 0, 0, 0, 0, 0, 0, 0]",1,128,96.0,1152.0,5130007768,5130015489,5130015808,5130018081,0,84702,84702,-1,1,7721,2273,4,160,160,1
12,3,"[4, 96, 0, 0, 0, 0, 0, 0, 0, 0, 0, 0, 0, 0, 0, 4, 96, 0, 0, 0, 0, 0, 0, 0, 0, 0, 0, 0, 0, 0]",1,128,96.0,1152.0,5130094712,5130102430,5130102783,5130105023,0,84032,84032,-1,1,7718,2240,4,160,160,1
16,3,"[4, 96, 0, 0, 0, 0, 0, 0, 0, 0, 0, 0, 0, 0, 0, 4, 0, 0, 0, 0, 0, 0, 0, 0, 0, 0, 0, 0, 0, 0]",1,128,96.0,772.0,5130180779,5130188785,5130189055,5130191262,0,237533,237533,-1,1,8006,2207,4,160,160,1
12,3,"[4, 96, 0, 0, 0, 0, 0, 0, 0, 0, 0, 0, 0, 0, 0, 4, 96, 0, 0, 0, 0, 0, 0, 0, 0, 0, 0, 0, 0, 0]",1,128,96.0,1152.0,5130418190,5130428764,5130428795,5130431067,0,95263,95263,-1,1,10574,2272,4,160,160,1
12,3,"[4, 96, 0, 0, 0, 0, 0, 0, 0, 0, 0, 0, 0, 0, 0, 4, 96, 0, 0, 0, 0, 0, 0, 0, 0, 0, 0, 0, 0, 0]",1,128,96.0,1152.0,5130517321,5130526160,5130526330,5130528570,0,91135,91135,-1,1,8839,2240,4,160,160,1
16,3,"[4, 384, 96, 3, 3, 0, 0, 0, 0, 0, 0, 0, 0, 0, 0, 4, 0, 0, 0, 0, 0, 0, 0, 0, 0, 0, 0, 0, 0, 0]",648,128,331776.0,2654212.0,5130610796,5130621256,5130619705,5130631225,0,80127,80127,-1,1,10460,11520,4,160,160,1
12,3,"[4, 384, 96, 3, 3, 0, 0, 0, 0, 0, 0, 0, 0, 0, 0, 4, 384, 96, 3, 3, 0, 0, 0, 0, 0, 0, 0, 0, 0, 0]",648,128,331776.0,3981312.0,5130702912,5130711019,5130711352,5130719544,0,81343,81343,-1,1,8107,8192,4,160,160,1
12,3,"[4, 384, 96, 3, 3, 0, 0, 0, 0, 0, 0, 0, 0, 0, 0, 4, 384, 96, 3, 3, 0, 0, 0, 0, 0, 0, 0, 0, 0, 0]",648,128,331776.0,3981312.0,5130792743,5130800699,5130800887,5130811415,0,78943,78943,-1,1,7956,10528,4,160,160,1
16,3,"[4, 384, 0, 0, 0, 0, 0, 0, 0, 0, 0, 0, 0, 0, 0, 4, 0, 0, 0, 0, 0, 0, 0, 0, 0, 0, 0, 0, 0, 0]",1,128,384.0,3076.0,5130881732,5130890148,5130890358,5130892918,0,85823,85823,-1,1,8416,2560,4,160,160,1
12,3,"[4, 384, 0, 0, 0, 0, 0, 0, 0, 0, 0, 0, 0, 0, 0, 4, 384, 0, 0, 0, 0, 0, 0, 0, 0, 0, 0, 0, 0, 0]",1,128,384.0,4608.0,5130970452,5130978422,5130978741,5130981460,0,85215,85215,-1,1,7970,2719,4,160,160,1
12,3,"[4, 384, 0, 0, 0, 0, 0, 0, 0, 0, 0, 0, 0, 0, 0, 4, 384, 0, 0, 0, 0, 0, 0, 0, 0, 0, 0, 0, 0, 0]",1,128,384.0,4608.0,5131058328,5131066278,5131066675,5131069139,0,84639,84639,-1,1,7950,2464,4,160,160,1
16,3,"[4, 384, 0, 0, 0, 0, 0, 0, 0, 0, 0, 0, 0, 0, 0, 4, 0, 0, 0, 0, 0, 0, 0, 0, 0, 0, 0, 0, 0, 0]",1,128,384.0,3076.0,5131145510,5131153525,5131153778,5131156050,0,85023,85023,-1,1,8015,2272,4,160,160,1
12,3,"[4, 384, 0, 0, 0, 0, 0, 0, 0, 0, 0, 0, 0, 0, 0, 4, 384, 0, 0, 0, 0, 0, 0, 0, 0, 0, 0, 0, 0, 0]",1,128,384.0,4608.0,5131232409,5131240688,5131241073,5131243473,0,85279,85279,-1,1,8279,2400,4,160,160,1
12,3,"[4, 384, 0, 0, 0, 0, 0, 0, 0, 0, 0, 0, 0, 0, 0, 4, 384, 0, 0, 0, 0, 0, 0, 0, 0, 0, 0, 0, 0, 0]",1,128,384.0,4608.0,5131320479,5131328520,5131328752,5131331088,0,88671,88671,-1,1,8041,2336,4,160,160,1
16,3,"[4, 96, 384, 1, 1, 0, 0, 0, 0, 0, 0, 0, 0, 0, 0, 4, 0, 0, 0, 0, 0, 0, 0, 0, 0, 0, 0, 0, 0, 0]",72,128,36864.0,294916.0,5131410763,5131419419,5131419759,5131422991,0,86687,86687,-1,1,8656,3232,4,160,160,1
12,3,"[4, 96, 384, 1, 1, 0, 0, 0, 0, 0, 0, 0, 0, 0, 0, 4, 96, 384, 1, 1, 0, 0, 0, 0, 0, 0, 0, 0, 0, 0]",72,128,36864.0,442368.0,5131501253,5131509458,5131509678,5131513294,0,85535,85535,-1,1,8205,3616,4,160,160,1
12,3,"[4, 96, 384, 1, 1, 0, 0, 0, 0, 0, 0, 0, 0, 0, 0, 4, 96, 384, 1, 1, 0, 0, 0, 0, 0, 0, 0, 0, 0, 0]",72,128,36864.0,442368.0,5131590299,5131600424,5131598829,5131601549,0,87006,87006,-1,1,10125,2720,4,160,160,1
16,3,"[4, 96, 0, 0, 0, 0, 0, 0, 0, 0, 0, 0, 0, 0, 0, 4, 0, 0, 0, 0, 0, 0, 0, 0, 0, 0, 0, 0, 0, 0]",1,128,96.0,772.0,5131680152,5131688332,5131688555,5131690828,0,84446,84446,-1,1,8180,2273,4,160,160,1
12,3,"[4, 96, 0, 0, 0, 0, 0, 0, 0, 0, 0, 0, 0, 0, 0, 4, 96, 0, 0, 0, 0, 0, 0, 0, 0, 0, 0, 0, 0, 0]",1,128,96.0,1152.0,5131767178,5131774947,5131775274,5131777546,0,84703,84703,-1,1,7769,2272,4,160,160,1
12,3,"[4, 96, 0, 0, 0, 0, 0, 0, 0, 0, 0, 0, 0, 0, 0, 4, 96, 0, 0, 0, 0, 0, 0, 0, 0, 0, 0, 0, 0, 0]",1,128,96.0,1152.0,5131854077,5131861856,5131862249,5131864489,0,86527,86527,-1,1,7779,2240,4,160,160,1
16,3,"[4, 96, 0, 0, 0, 0, 0, 0, 0, 0, 0, 0, 0, 0, 0, 4, 0, 0, 0, 0, 0, 0, 0, 0, 0, 0, 0, 0, 0, 0]",1,128,96.0,772.0,5131942369,5131950808,5131951016,5131953224,0,84255,84255,-1,1,8439,2208,4,160,160,1
12,3,"[4, 96, 0, 0, 0, 0, 0, 0, 0, 0, 0, 0, 0, 0, 0, 4, 96, 0, 0, 0, 0, 0, 0, 0, 0, 0, 0, 0, 0, 0]",1,128,96.0,1152.0,5132029020,5132037335,5132037479,5132039719,0,83903,83903,-1,1,8315,2240,4,160,160,1
12,3,"[4, 96, 0, 0, 0, 0, 0, 0, 0, 0, 0, 0, 0, 0, 0, 4, 96, 0, 0, 0, 0, 0, 0, 0, 0, 0, 0, 0, 0, 0]",1,128,96.0,1152.0,5132115355,5132123450,5132123622,5132125862,0,86015,86015,-1,1,8095,2240,4,160,160,1
16,3,"[4, 384, 96, 3, 3, 0, 0, 0, 0, 0, 0, 0, 0, 0, 0, 4, 0, 0, 0, 0, 0, 0, 0, 0, 0, 0, 0, 0, 0, 0]",648,128,331776.0,2654212.0,5132202685,5132211632,5132211877,5132222532,0,78559,78559,-1,1,8947,10655,4,160,160,1
12,3,"[4, 384, 96, 3, 3, 0, 0, 0, 0, 0, 0, 0, 0, 0, 0, 4, 384, 96, 3, 3, 0, 0, 0, 0, 0, 0, 0, 0, 0, 0]",648,128,331776.0,3981312.0,5132292807,5132300911,5132301091,5132309252,0,82846,82846,-1,1,8104,8161,4,160,160,1
12,3,"[4, 384, 96, 3, 3, 0, 0, 0, 0, 0, 0, 0, 0, 0, 0, 4, 384, 96, 3, 3, 0, 0, 0, 0, 0, 0, 0, 0, 0, 0]",648,128,331776.0,3981312.0,5132383545,5132391725,5132392098,5132402243,0,78174,78174,-1,1,8180,10145,4,160,160,1
16,3,"[4, 384, 0, 0, 0, 0, 0, 0, 0, 0, 0, 0, 0, 0, 0, 4, 0, 0, 0, 0, 0, 0, 0, 0, 0, 0, 0, 0, 0, 0]",1,128,384.0,3076.0,5132471810,5132480192,5132480417,5132482945,0,83999,83999,-1,1,8382,2528,4,160,160,1
12,3,"[4, 384, 0, 0, 0, 0, 0, 0, 0, 0, 0, 0, 0, 0, 0, 4, 384, 0, 0, 0, 0, 0, 0, 0, 0, 0, 0, 0, 0, 0]",1,128,384.0,4608.0,5132558703,5132568192,5132566944,5132569376,0,86655,86655,-1,1,9489,2432,4,160,160,1
12,3,"[4, 384, 0, 0, 0, 0, 0, 0, 0, 0, 0, 0, 0, 0, 0, 4, 384, 0, 0, 0, 0, 0, 0, 0, 0, 0, 0, 0, 0, 0]",1,128,384.0,4608.0,5132647712,5132655667,5132656031,5132658431,0,85151,85151,-1,1,7955,2400,4,160,160,1
16,3,"[4, 384, 0, 0, 0, 0, 0, 0, 0, 0, 0, 0, 0, 0, 0, 4, 0, 0, 0, 0, 0, 0, 0, 0, 0, 0, 0, 0, 0, 0]",1,128,384.0,3076.0,5132735137,5132743468,5132743582,5132746014,0,85247,85247,-1,1,8331,2432,4,160,160,1
12,3,"[4, 384, 0, 0, 0, 0, 0, 0, 0, 0, 0, 0, 0, 0, 0, 4, 384, 0, 0, 0, 0, 0, 0, 0, 0, 0, 0, 0, 0, 0]",1,128,384.0,4608.0,5132822780,5132830883,5132831261,5132833661,0,83935,83935,-1,1,8103,2400,4,160,160,1
12,3,"[4, 384, 0, 0, 0, 0, 0, 0, 0, 0, 0, 0, 0, 0, 0, 4, 384, 0, 0, 0, 0, 0, 0, 0, 0, 0, 0, 0, 0, 0]",1,128,384.0,4608.0,5132909302,5132917158,5132917596,5132919868,0,86943,86943,-1,1,7856,2272,4,160,160,1
16,3,"[4, 96, 384, 1, 1, 0, 0, 0, 0, 0, 0, 0, 0, 0, 0, 4, 0, 0, 0, 0, 0, 0, 0, 0, 0, 0, 0, 0, 0, 0]",72,128,36864.0,294916.0,5132998300,5133006571,5133006811,5133010075,0,86335,86335,-1,1,8271,3264,4,160,160,1
12,3,"[4, 96, 384, 1, 1, 0, 0, 0, 0, 0, 0, 0, 0, 0, 0, 4, 96, 384, 1, 1, 0, 0, 0, 0, 0, 0, 0, 0, 0, 0]",72,128,36864.0,442368.0,5133088124,5133095933,5133096410,5133099705,0,84640,84640,-1,1,7809,3295,4,160,160,1
12,3,"[4, 96, 384, 1, 1, 0, 0, 0, 0, 0, 0, 0, 0, 0, 0, 4, 96, 384, 1, 1, 0, 0, 0, 0, 0, 0, 0, 0, 0, 0]",72,128,36864.0,442368.0,5133176145,5133183789,5133184345,5133187256,0,84383,84383,-1,1,7644,2911,4,160,160,1
16,3,"[4, 96, 0, 0, 0, 0, 0, 0, 0, 0, 0, 0, 0, 0, 0, 4, 0, 0, 0, 0, 0, 0, 0, 0, 0, 0, 0, 0, 0, 0]",1,128,96.0,772.0,5133263128,5133271378,5133271639,5133273815,0,87039,87039,-1,1,8250,2176,4,160,160,1
12,3,"[4, 96, 0, 0, 0, 0, 0, 0, 0, 0, 0, 0, 0, 0, 0, 4, 96, 0, 0, 0, 0, 0, 0, 0, 0, 0, 0, 0, 0, 0]",1,128,96.0,1152.0,5133352039,5133360553,5133360854,5133363062,0,84895,84895,-1,1,8514,2208,4,160,160,1
12,3,"[4, 96, 0, 0, 0, 0, 0, 0, 0, 0, 0, 0, 0, 0, 0, 4, 96, 0, 0, 0, 0, 0, 0, 0, 0, 0, 0, 0, 0, 0]",1,128,96.0,1152.0,5133439807,5133447681,5133447957,5133450165,0,88351,88351,-1,1,7874,2208,4,160,160,1
16,3,"[4, 96, 0, 0, 0, 0, 0, 0, 0, 0, 0, 0, 0, 0, 0, 4, 0, 0, 0, 0, 0, 0, 0, 0, 0, 0, 0, 0, 0, 0]",1,128,96.0,772.0,5133529445,5133538344,5133538516,5133540660,0,86175,86175,-1,1,8899,2144,4,160,160,1
12,3,"[4, 96, 0, 0, 0, 0, 0, 0, 0, 0, 0, 0, 0, 0, 0, 4, 96, 0, 0, 0, 0, 0, 0, 0, 0, 0, 0, 0, 0, 0]",1,128,96.0,1152.0,5133618544,5133626464,5133626835,5133629075,0,94079,94079,-1,1,7920,2240,4,160,160,1
12,3,"[4, 96, 0, 0, 0, 0, 0, 0, 0, 0, 0, 0, 0, 0, 0, 4, 96, 0, 0, 0, 0, 0, 0, 0, 0, 0, 0, 0, 0, 0]",1,128,96.0,1152.0,5133714154,5133722467,5133723154,5133725394,0,87934,87934,-1,1,8313,2240,4,160,160,1
16,3,"[4, 384, 96, 3, 3, 0, 0, 0, 0, 0, 0, 0, 0, 0, 0, 4, 0, 0, 0, 0, 0, 0, 0, 0, 0, 0, 0, 0, 0, 0]",648,128,331776.0,2654212.0,5133804647,5133813319,5133813328,5133824304,0,78367,78367,-1,1,8672,10976,4,160,160,1
12,3,"[4, 384, 96, 3, 3, 0, 0, 0, 0, 0, 0, 0, 0, 0, 0, 4, 384, 96, 3, 3, 0, 0, 0, 0, 0, 0, 0, 0, 0, 0]",648,128,331776.0,3981312.0,5133894407,5133902317,5133902671,5133910639,0,80351,80351,-1,1,7910,7968,4,160,160,1
12,3,"[4, 384, 96, 3, 3, 0, 0, 0, 0, 0, 0, 0, 0, 0, 0, 4, 384, 96, 3, 3, 0, 0, 0, 0, 0, 0, 0, 0, 0, 0]",648,128,331776.0,3981312.0,5133982720,5133990542,5133990990,5134001454,0,224733,224733,-1,1,7822,10464,4,160,160,1
16,3,"[4, 384, 0, 0, 0, 0, 0, 0, 0, 0, 0, 0, 0, 0, 0, 4, 0, 0, 0, 0, 0, 0, 0, 0, 0, 0, 0, 0, 0, 0]",1,128,384.0,3076.0,5134215346,5134226349,5134226187,5134228587,0,98143,98143,-1,1,11003,2400,4,160,160,1
12,3,"[4, 384, 0, 0, 0, 0, 0, 0, 0, 0, 0, 0, 0, 0, 0, 4, 384, 0, 0, 0, 0, 0, 0, 0, 0, 0, 0, 0, 0, 0]",1,128,384.0,4608.0,5134317393,5134326903,5134326730,5134329130,0,89311,89311,-1,1,9510,2400,4,160,160,1
12,3,"[4, 384, 0, 0, 0, 0, 0, 0, 0, 0, 0, 0, 0, 0, 0, 4, 384, 0, 0, 0, 0, 0, 0, 0, 0, 0, 0, 0, 0, 0]",1,128,384.0,4608.0,5134409702,5134418049,5134418441,5134420809,0,90494,90494,-1,1,8347,2368,4,160,160,1
16,3,"[4, 384, 0, 0, 0, 0, 0, 0, 0, 0, 0, 0, 0, 0, 0, 4, 0, 0, 0, 0, 0, 0, 0, 0, 0, 0, 0, 0, 0, 0]",1,128,384.0,3076.0,5134502084,5134511049,5134511303,5134513543,0,86336,86336,-1,1,8965,2240,4,160,160,1
12,3,"[4, 384, 0, 0, 0, 0, 0, 0, 0, 0, 0, 0, 0, 0, 0, 4, 384, 0, 0, 0, 0, 0, 0, 0, 0, 0, 0, 0, 0, 0]",1,128,384.0,4608.0,5134591267,5134599378,5134599879,5134602279,0,86430,86430,-1,1,8111,2400,4,160,160,1
12,3,"[4, 384, 0, 0, 0, 0, 0, 0, 0, 0, 0, 0, 0, 0, 0, 4, 384, 0, 0, 0, 0, 0, 0, 0, 0, 0, 0, 0, 0, 0]",1,128,384.0,4608.0,5134679983,5134688263,5134688709,5134691013,0,87679,87679,-1,1,8280,2304,4,160,160,1
16,3,"[4, 96, 384, 1, 1, 0, 0, 0, 0, 0, 0, 0, 0, 0, 0, 4, 0, 0, 0, 0, 0, 0, 0, 0, 0, 0, 0, 0, 0, 0]",72,128,36864.0,294916.0,5134770092,5134778462,5134778692,5134782052,0,86047,86047,-1,1,8370,3360,4,160,160,1
12,3,"[4, 96, 384, 1, 1, 0, 0, 0, 0, 0, 0, 0, 0, 0, 0, 4, 96, 384, 1, 1, 0, 0, 0, 0, 0, 0, 0, 0, 0, 0]",72,128,36864.0,442368.0,5134859766,5134867928,5134868099,5134871555,0,85183,85183,-1,1,8162,3456,4,160,160,1
12,3,"[4, 96, 384, 1, 1, 0, 0, 0, 0, 0, 0, 0, 0, 0, 0, 4, 96, 384, 1, 1, 0, 0, 0, 0, 0, 0, 0, 0, 0, 0]",72,128,36864.0,442368.0,5134948876,5134956368,5134956738,5134959458,0,84703,84703,-1,1,7492,2720,4,160,160,1
16,3,"[4, 96, 0, 0, 0, 0, 0, 0, 0, 0, 0, 0, 0, 0, 0, 4, 0, 0, 0, 0, 0, 0, 0, 0, 0, 0, 0, 0, 0, 0]",1,128,96.0,772.0,5135035715,5135043885,5135044161,5135046337,0,85119,85119,-1,1,8170,2176,4,160,160,1
12,3,"[4, 96, 0, 0, 0, 0, 0, 0, 0, 0, 0, 0, 0, 0, 0, 4, 96, 0, 0, 0, 0, 0, 0, 0, 0, 0, 0, 0, 0, 0]",1,128,96.0,1152.0,5135123112,5135131490,5135131456,5135133696,0,85439,85439,-1,1,8378,2240,4,160,160,1
12,3,"[4, 96, 0, 0, 0, 0, 0, 0, 0, 0, 0, 0, 0, 0, 0, 4, 96, 0, 0, 0, 0, 0, 0, 0, 0, 0, 0, 0, 0, 0]",1,128,96.0,1152.0,5135210811,5135219151,5135219135,5135221342,0,86432,86432,-1,1,8340,2207,4,160,160,1
16,3,"[4, 96, 0, 0, 0, 0, 0, 0, 0, 0, 0, 0, 0, 0, 0, 4, 0, 0, 0, 0, 0, 0, 0, 0, 0, 0, 0, 0, 0, 0]",1,128,96.0,772.0,5135299290,5135307656,5135307774,5135309981,0,84511,84511,-1,1,8366,2207,4,160,160,1
12,3,"[4, 96, 0, 0, 0, 0, 0, 0, 0, 0, 0, 0, 0, 0, 0, 4, 96, 0, 0, 0, 0, 0, 0, 0, 0, 0, 0, 0, 0, 0]",1,128,96.0,1152.0,5135386410,5135394143,5135394492,5135396700,0,83935,83935,-1,1,7733,2208,4,160,160,1
12,3,"[4, 96, 0, 0, 0, 0, 0, 0, 0, 0, 0, 0, 0, 0, 0, 4, 96, 0, 0, 0, 0, 0, 0, 0, 0, 0, 0, 0, 0, 0]",1,128,96.0,1152.0,5135472600,5135480287,5135480635,5135482843,0,85855,85855,-1,1,7687,2208,4,160,160,1
16,3,"[4, 384, 96, 1, 1, 0, 0, 0, 0, 0, 0, 0, 0, 0, 0, 4, 0, 0, 0, 0, 0, 0, 0, 0, 0, 0, 0, 0, 0, 0]",72,128,36864.0,294916.0,5135560400,5135568461,5135568698,5135571514,0,88959,88959,-1,1,8061,2816,4,160,160,1
12,3,"[4, 384, 96, 1, 1, 0, 0, 0, 0, 0, 0, 0, 0, 0, 0, 4, 384, 96, 1, 1, 0, 0, 0, 0, 0, 0, 0, 0, 0, 0]",72,128,36864.0,442368.0,5135652054,5135660235,5135660473,5135663577,0,86111,86111,-1,1,8181,3104,4,160,160,1
12,3,"[4, 384, 96, 1, 1, 0, 0, 0, 0, 0, 0, 0, 0, 0, 0, 4, 384, 96, 1, 1, 0, 0, 0, 0, 0, 0, 0, 0, 0, 0]",72,128,36864.0,442368.0,5135741218,5135749148,5135749688,5135752408,0,84639,84639,-1,1,7930,2720,4,160,160,1
16,3,"[4, 384, 0, 0, 0, 0, 0, 0, 0, 0, 0, 0, 0, 0, 0, 4, 0, 0, 0, 0, 0, 0, 0, 0, 0, 0, 0, 0, 0, 0]",1,128,384.0,3076.0,5135828655,5135837136,5135837047,5135839255,0,84959,84959,-1,1,8481,2208,4,160,160,1
12,3,"[4, 384, 0, 0, 0, 0, 0, 0, 0, 0, 0, 0, 0, 0, 0, 4, 384, 0, 0, 0, 0, 0, 0, 0, 0, 0, 0, 0, 0, 0]",1,128,384.0,4608.0,5135916131,5135923850,5135924214,5135926549,0,85216,85216,-1,1,7719,2335,4,160,160,1
12,3,"[4, 384, 0, 0, 0, 0, 0, 0, 0, 0, 0, 0, 0, 0, 0, 4, 384, 0, 0, 0, 0, 0, 0, 0, 0, 0, 0, 0, 0, 0]",1,128,384.0,4608.0,5136003568,5136011435,5136011765,5136014196,0,85119,85119,-1,1,7867,2431,4,160,160,1
16,3,"[4, 384, 0, 0, 0, 0, 0, 0, 0, 0, 0, 0, 0, 0, 0, 4, 0, 0, 0, 0, 0, 0, 0, 0, 0, 0, 0, 0, 0, 0]",1,128,384.0,3076.0,5136090782,5136099137,5136099315,5136101587,0,85919,85919,-1,1,8355,2272,4,160,160,1
12,3,"[4, 384, 0, 0, 0, 0, 0, 0, 0, 0, 0, 0, 0, 0, 0, 4, 384, 0, 0, 0, 0, 0, 0, 0, 0, 0, 0, 0, 0, 0]",1,128,384.0,4608.0,5136179054,5136187154,5136187506,5136189778,0,84191,84191,-1,1,8100,2272,4,160,160,1
12,3,"[4, 384, 0, 0, 0, 0, 0, 0, 0, 0, 0, 0, 0, 0, 0, 4, 384, 0, 0, 0, 0, 0, 0, 0, 0, 0, 0, 0, 0, 0]",1,128,384.0,4608.0,5136265794,5136273554,5136273969,5136276369,0,88479,88479,-1,1,7760,2400,4,160,160,1
16,3,"[4, 384, 1, 3, 3, 0, 0, 0, 0, 0, 0, 0, 0, 0, 0, 4, 0, 0, 0, 0, 0, 0, 0, 0, 0, 0, 0, 0, 0, 0]",7,128,3456.0,27652.0,5136356536,5136364697,5136364848,5136367184,0,87199,87199,-1,1,8161,2336,4,160,160,1
12,3,"[4, 384, 1, 3, 3, 0, 0, 0, 0, 0, 0, 0, 0, 0, 0, 4, 384, 1, 3, 3, 0, 0, 0, 0, 0, 0, 0, 0, 0, 0]",7,128,3456.0,41472.0,5136446020,5136453973,5136454383,5136456783,0,85983,85983,-1,1,7953,2400,4,160,160,1
12,3,"[4, 384, 1, 3, 3, 0, 0, 0, 0, 0, 0, 0, 0, 0, 0, 4, 384, 1, 3, 3, 0, 0, 0, 0, 0, 0, 0, 0, 0, 0]",7,128,3456.0,41472.0,5136534498,5136542447,5136542766,5136545070,0,88255,88255,-1,1,7949,2304,4,160,160,1
16,3,"[4, 384, 0, 0, 0, 0, 0, 0, 0, 0, 0, 0, 0, 0, 0, 4, 0, 0, 0, 0, 0, 0, 0, 0, 0, 0, 0, 0, 0, 0]",1,128,384.0,3076.0,5136624687,5136633366,5136633325,5136635724,0,85600,85600,-1,1,8679,2399,4,160,160,1
12,3,"[4, 384, 0, 0, 0, 0, 0, 0, 0, 0, 0, 0, 0, 0, 0, 4, 384, 0, 0, 0, 0, 0, 0, 0, 0, 0, 0, 0, 0, 0]",1,128,384.0,4608.0,5136712762,5136720940,5136721324,5136723724,0,84703,84703,-1,1,8178,2400,4,160,160,1
12,3,"[4, 384, 0, 0, 0, 0, 0, 0, 0, 0, 0, 0, 0, 0, 0, 4, 384, 0, 0, 0, 0, 0, 0, 0, 0, 0, 0, 0, 0, 0]",1,128,384.0,4608.0,5136800615,5136808109,5136808427,5136810827,0,84831,84831,-1,1,7494,2400,4,160,160,1
16,3,"[4, 384, 0, 0, 0, 0, 0, 0, 0, 0, 0, 0, 0, 0, 0, 4, 0, 0, 0, 0, 0, 0, 0, 0, 0, 0, 0, 0, 0, 0]",1,128,384.0,3076.0,5136887367,5136895406,5136895658,5136897993,0,86367,86367,-1,1,8039,2335,4,160,160,1
12,3,"[4, 384, 0, 0, 0, 0, 0, 0, 0, 0, 0, 0, 0, 0, 0, 4, 384, 0, 0, 0, 0, 0, 0, 0, 0, 0, 0, 0, 0, 0]",1,128,384.0,4608.0,5136975808,5136983663,5136984360,5136986856,0,84031,84031,-1,1,7855,2496,4,160,160,1
12,3,"[4, 384, 0, 0, 0, 0, 0, 0, 0, 0, 0, 0, 0, 0, 0, 4, 384, 0, 0, 0, 0, 0, 0, 0, 0, 0, 0, 0, 0, 0]",1,128,384.0,4608.0,5137062771,5137070658,5137070887,5137073319,0,87359,87359,-1,1,7887,2432,4,160,160,1
16,3,"[4, 24, 384, 1, 1, 0, 0, 0, 0, 0, 0, 0, 0, 0, 0, 4, 0, 0, 0, 0, 0, 0, 0, 0, 0, 0, 0, 0, 0, 0]",18,128,9216.0,73732.0,5137152067,5137160596,5137160678,5137162982,0,86719,86719,-1,1,8529,2304,4,160,160,1
12,3,"[4, 24, 384, 1, 1, 0, 0, 0, 0, 0, 0, 0, 0, 0, 0, 4, 24, 384, 1, 1, 0, 0, 0, 0, 0, 0, 0, 0, 0, 0]",18,128,9216.0,110592.0,5137241337,5137249272,5137249701,5137252293,0,85151,85151,-1,1,7935,2592,4,160,160,1
12,3,"[4, 24, 384, 1, 1, 0, 0, 0, 0, 0, 0, 0, 0, 0, 0, 4, 24, 384, 1, 1, 0, 0, 0, 0, 0, 0, 0, 0, 0, 0]",18,128,9216.0,110592.0,5137329429,5137337102,5137337444,5137340004,0,85759,85759,-1,1,7673,2560,4,160,160,1
16,3,"[4, 24, 0, 0, 0, 0, 0, 0, 0, 0, 0, 0, 0, 0, 0, 4, 0, 0, 0, 0, 0, 0, 0, 0, 0, 0, 0, 0, 0, 0]",1,128,24.0,196.0,5137417119,5137425510,5137425763,5137427971,0,85023,85023,-1,1,8391,2208,4,160,160,1
12,3,"[4, 24, 0, 0, 0, 0, 0, 0, 0, 0, 0, 0, 0, 0, 0, 4, 24, 0, 0, 0, 0, 0, 0, 0, 0, 0, 0, 0, 0, 0]",1,128,24.0,288.0,5137504763,5137514813,5137512994,5137515202,0,86943,86943,-1,1,10050,2208,4,160,160,1
12,3,"[4, 24, 0, 0, 0, 0, 0, 0, 0, 0, 0, 0, 0, 0, 0, 4, 24, 0, 0, 0, 0, 0, 0, 0, 0, 0, 0, 0, 0, 0]",1,128,24.0,288.0,5137594248,5137601843,5137602145,5137604352,0,95263,95263,-1,1,7595,2207,4,160,160,1
16,3,"[4, 384, 24, 1, 1, 0, 0, 0, 0, 0, 0, 0, 0, 0, 0, 4, 0, 0, 0, 0, 0, 0, 0, 0, 0, 0, 0, 0, 0, 0]",18,128,9216.0,73732.0,5137690791,5137699437,5137699615,5137702111,0,87231,87231,-1,1,8646,2496,4,160,160,1
12,3,"[4, 384, 24, 1, 1, 0, 0, 0, 0, 0, 0, 0, 0, 0, 0, 4, 384, 24, 1, 1, 0, 0, 0, 0, 0, 0, 0, 0, 0, 0]",18,128,9216.0,110592.0,5137781166,5137789169,5137789342,5137791902,0,231677,231677,-1,1,8003,2560,4,160,160,1
12,3,"[4, 384, 24, 1, 1, 0, 0, 0, 0, 0, 0, 0, 0, 0, 0, 4, 384, 24, 1, 1, 0, 0, 0, 0, 0, 0, 0, 0, 0, 0]",18,128,9216.0,110592.0,5138013287,5138023652,5138023579,5138025915,0,99039,99039,-1,1,10365,2336,4,160,160,1
16,3,"[4, 384, 0, 0, 0, 0, 0, 0, 0, 0, 0, 0, 0, 0, 0, 4, 0, 0, 0, 0, 0, 0, 0, 0, 0, 0, 0, 0, 0, 0]",1,128,384.0,3076.0,5138115149,5138124862,5138124954,5138127258,0,85439,85439,-1,1,9713,2304,4,160,160,1
12,3,"[4, 384, 0, 0, 0, 0, 0, 0, 0, 0, 0, 0, 0, 0, 0, 4, 384, 0, 0, 0, 0, 0, 0, 0, 0, 0, 0, 0, 0, 0]",1,128,384.0,4608.0,5138203921,5138212577,5138212697,5138214969,0,85535,85535,-1,1,8656,2272,4,160,160,1
12,3,"[4, 384, 0, 0, 0, 0, 0, 0, 0, 0, 0, 0, 0, 0, 0, 4, 384, 0, 0, 0, 0, 0, 0, 0, 0, 0, 0, 0, 0, 0]",1,128,384.0,4608.0,5138292142,5138300068,5138300504,5138302807,0,89856,89856,-1,1,7926,2303,4,160,160,1
16,3,"[4, 192, 384, 1, 1, 0, 0, 0, 0, 0, 0, 0, 0, 0, 0, 4, 0, 0, 0, 0, 0, 0, 0, 0, 0, 0, 0, 0, 0, 0]",144,128,73728.0,589828.0,5138383925,5138392520,5138392663,5138396278,0,87263,87263,-1,1,8595,3615,4,160,160,1
12,3,"[4, 192, 384, 1, 1, 0, 0, 0, 0, 0, 0, 0, 0, 0, 0, 4, 192, 384, 1, 1, 0, 0, 0, 0, 0, 0, 0, 0, 0, 0]",144,128,73728.0,884736.0,5138475178,5138483222,5138483541,5138487829,0,85503,85503,-1,1,8044,4288,4,160,160,1
12,3,"[4, 192, 384, 1, 1, 0, 0, 0, 0, 0, 0, 0, 0, 0, 0, 4, 192, 384, 1, 1, 0, 0, 0, 0, 0, 0, 0, 0, 0, 0]",144,128,73728.0,884736.0,5138564932,5138573041,5138573332,5138576628,0,86367,86367,-1,1,8109,3296,4,160,160,1
16,3,"[4, 192, 0, 0, 0, 0, 0, 0, 0, 0, 0, 0, 0, 0, 0, 4, 0, 0, 0, 0, 0, 0, 0, 0, 0, 0, 0, 0, 0, 0]",1,128,192.0,1540.0,5138654131,5138664674,5138662995,5138665235,0,87743,87743,-1,1,10543,2240,4,160,160,1
12,3,"[4, 192, 0, 0, 0, 0, 0, 0, 0, 0, 0, 0, 0, 0, 0, 4, 192, 0, 0, 0, 0, 0, 0, 0, 0, 0, 0, 0, 0, 0]",1,128,192.0,2304.0,5138744687,5138753072,5138752978,5138755378,0,85663,85663,-1,1,8385,2400,4,160,160,1
12,3,"[4, 192, 0, 0, 0, 0, 0, 0, 0, 0, 0, 0, 0, 0, 0, 4, 192, 0, 0, 0, 0, 0, 0, 0, 0, 0, 0, 0, 0, 0]",1,128,192.0,2304.0,5138832526,5138840750,5138841041,5138843312,0,84384,84384,-1,1,8224,2271,4,160,160,1
16,3,"[4, 192, 0, 0, 0, 0, 0, 0, 0, 0, 0, 0, 0, 0, 0, 4, 0, 0, 0, 0, 0, 0, 0, 0, 0, 0, 0, 0, 0, 0]",1,128,192.0,1540.0,5138919259,5138927451,5138927696,5138930032,0,85279,85279,-1,1,8192,2336,4,160,160,1
12,3,"[4, 192, 0, 0, 0, 0, 0, 0, 0, 0, 0, 0, 0, 0, 0, 4, 192, 0, 0, 0, 0, 0, 0, 0, 0, 0, 0, 0, 0, 0]",1,128,192.0,2304.0,5139006983,5139014944,5139015311,5139017582,0,86175,86175,-1,1,7961,2271,4,160,160,1
12,3,"[4, 192, 0, 0, 0, 0, 0, 0, 0, 0, 0, 0, 0, 0, 0, 4, 192, 0, 0, 0, 0, 0, 0, 0, 0, 0, 0, 0, 0, 0]",1,128,192.0,2304.0,5139095271,5139103362,5139103757,5139106029,0,85855,85855,-1,1,8091,2272,4,160,160,1
16,3,"[4, 768, 192, 1, 1, 0, 0, 0, 0, 0, 0, 0, 0, 0, 0, 4, 0, 0, 0, 0, 0, 0, 0, 0, 0, 0, 0, 0, 0, 0]",288,128,147456.0,1179652.0,5139183358,5139191739,5139191884,5139197868,0,83167,83167,-1,1,8381,5984,4,160,160,1
12,3,"[4, 768, 192, 1, 1, 0, 0, 0, 0, 0, 0, 0, 0, 0, 0, 4, 768, 192, 1, 1, 0, 0, 0, 0, 0, 0, 0, 0, 0, 0]",288,128,147456.0,1769472.0,5139272640,5139280660,5139281035,5139286411,0,84223,84223,-1,1,8020,5376,4,160,160,1
12,3,"[4, 768, 192, 1, 1, 0, 0, 0, 0, 0, 0, 0, 0, 0, 0, 4, 768, 192, 1, 1, 0, 0, 0, 0, 0, 0, 0, 0, 0, 0]",288,128,147456.0,1769472.0,5139362231,5139370371,5139370634,5139375626,0,84351,84351,-1,1,8140,4992,4,160,160,1
16,3,"[4, 768, 0, 0, 0, 0, 0, 0, 0, 0, 0, 0, 0, 0, 0, 4, 0, 0, 0, 0, 0, 0, 0, 0, 0, 0, 0, 0, 0, 0]",2,128,768.0,6148.0,5139450978,5139459744,5139459977,5139462345,0,84927,84927,-1,1,8766,2368,4,160,160,1
12,3,"[4, 768, 0, 0, 0, 0, 0, 0, 0, 0, 0, 0, 0, 0, 0, 4, 768, 0, 0, 0, 0, 0, 0, 0, 0, 0, 0, 0, 0, 0]",2,128,768.0,9216.0,5139538876,5139546964,5139547272,5139549640,0,85055,85055,-1,1,8088,2368,4,160,160,1
12,3,"[4, 768, 0, 0, 0, 0, 0, 0, 0, 0, 0, 0, 0, 0, 0, 4, 768, 0, 0, 0, 0, 0, 0, 0, 0, 0, 0, 0, 0, 0]",2,128,768.0,9216.0,5139626773,5139636484,5139634695,5139637127,0,89023,89023,-1,1,9711,2432,4,160,160,1
16,3,"[4, 768, 0, 0, 0, 0, 0, 0, 0, 0, 0, 0, 0, 0, 0, 4, 0, 0, 0, 0, 0, 0, 0, 0, 0, 0, 0, 0, 0, 0]",2,128,768.0,6148.0,5139717473,5139725926,5139726150,5139728357,0,85024,85024,-1,1,8453,2207,4,160,160,1
12,3,"[4, 768, 0, 0, 0, 0, 0, 0, 0, 0, 0, 0, 0, 0, 0, 4, 768, 0, 0, 0, 0, 0, 0, 0, 0, 0, 0, 0, 0, 0]",2,128,768.0,9216.0,5139805125,5139812989,5139813381,5139815716,0,84895,84895,-1,1,7864,2335,4,160,160,1
12,3,"[4, 768, 0, 0, 0, 0, 0, 0, 0, 0, 0, 0, 0, 0, 0, 4, 768, 0, 0, 0, 0, 0, 0, 0, 0, 0, 0, 0, 0, 0]",2,128,768.0,9216.0,5139892442,5139900341,5139900611,5139902979,0,86207,86207,-1,1,7899,2368,4,160,160,1
16,3,"[4, 768, 1, 3, 3, 0, 0, 0, 0, 0, 0, 0, 0, 0, 0, 4, 0, 0, 0, 0, 0, 0, 0, 0, 0, 0, 0, 0, 0, 0]",14,128,6912.0,55300.0,5139980997,5139988934,5139989186,5139991618,0,86335,86335,-1,1,7937,2432,4,160,160,1
12,3,"[4, 768, 1, 3, 3, 0, 0, 0, 0, 0, 0, 0, 0, 0, 0, 4, 768, 1, 3, 3, 0, 0, 0, 0, 0, 0, 0, 0, 0, 0]",14,128,6912.0,82944.0,5140069686,5140077613,5140077953,5140080449,0,85631,85631,-1,1,7927,2496,4,160,160,1
12,3,"[4, 768, 1, 3, 3, 0, 0, 0, 0, 0, 0, 0, 0, 0, 0, 4, 768, 1, 3, 3, 0, 0, 0, 0, 0, 0, 0, 0, 0, 0]",14,128,6912.0,82944.0,5140157738,5140165775,5140166080,5140168800,0,83999,83999,-1,1,8037,2720,4,160,160,1
16,3,"[4, 768, 0, 0, 0, 0, 0, 0, 0, 0, 0, 0, 0, 0, 0, 4, 0, 0, 0, 0, 0, 0, 0, 0, 0, 0, 0, 0, 0, 0]",2,128,768.0,6148.0,5140244524,5140252692,5140252799,5140255007,0,88670,88670,-1,1,8168,2208,4,160,160,1
12,3,"[4, 768, 0, 0, 0, 0, 0, 0, 0, 0, 0, 0, 0, 0, 0, 4, 768, 0, 0, 0, 0, 0, 0, 0, 0, 0, 0, 0, 0, 0]",2,128,768.0,9216.0,5140335451,5140343396,5140343677,5140345982,0,84606,84606,-1,1,7945,2305,4,160,160,1
12,3,"[4, 768, 0, 0, 0, 0, 0, 0, 0, 0, 0, 0, 0, 0, 0, 4, 768, 0, 0, 0, 0, 0, 0, 0, 0, 0, 0, 0, 0, 0]",2,128,768.0,9216.0,5140422538,5140430265,5140430588,5140432892,0,84608,84608,-1,1,7727,2304,4,160,160,1
16,3,"[4, 768, 0, 0, 0, 0, 0, 0, 0, 0, 0, 0, 0, 0, 0, 4, 0, 0, 0, 0, 0, 0, 0, 0, 0, 0, 0, 0, 0, 0]",2,128,768.0,6148.0,5140509032,5140517284,5140517500,5140519803,0,84351,84351,-1,1,8252,2303,4,160,160,1
12,3,"[4, 768, 0, 0, 0, 0, 0, 0, 0, 0, 0, 0, 0, 0, 0, 4, 768, 0, 0, 0, 0, 0, 0, 0, 0, 0, 0, 0, 0, 0]",2,128,768.0,9216.0,5140595965,5140605842,5140604154,5140606682,0,87711,87711,-1,1,9877,2528,4,160,160,1
12,3,"[4, 768, 0, 0, 0, 0, 0, 0, 0, 0, 0, 0, 0, 0, 0, 4, 768, 0, 0, 0, 0, 0, 0, 0, 0, 0, 0, 0, 0, 0]",2,128,768.0,9216.0,5140686256,5140694155,5140694393,5140696729,0,87647,87647,-1,1,7899,2336,4,160,160,1
16,3,"[4, 48, 768, 1, 1, 0, 0, 0, 0, 0, 0, 0, 0, 0, 0, 4, 0, 0, 0, 0, 0, 0, 0, 0, 0, 0, 0, 0, 0, 0]",72,128,36864.0,294916.0,5140775616,5140783936,5140784376,5140787416,0,85919,85919,-1,1,8320,3040,4,160,160,1
12,3,"[4, 48, 768, 1, 1, 0, 0, 0, 0, 0, 0, 0, 0, 0, 0, 4, 48, 768, 1, 1, 0, 0, 0, 0, 0, 0, 0, 0, 0, 0]",72,128,36864.0,442368.0,5140864879,5140873132,5140873335,5140876951,0,86047,86047,-1,1,8253,3616,4,160,160,1
12,3,"[4, 48, 768, 1, 1, 0, 0, 0, 0, 0, 0, 0, 0, 0, 0, 4, 48, 768, 1, 1, 0, 0, 0, 0, 0, 0, 0, 0, 0, 0]",72,128,36864.0,442368.0,5140954526,5140962522,5140962998,5140965910,0,84575,84575,-1,1,7996,2912,4,160,160,1
16,3,"[4, 48, 0, 0, 0, 0, 0, 0, 0, 0, 0, 0, 0, 0, 0, 4, 0, 0, 0, 0, 0, 0, 0, 0, 0, 0, 0, 0, 0, 0]",1,128,48.0,388.0,5141041894,5141050266,5141050485,5141052629,0,85407,85407,-1,1,8372,2144,4,160,160,1
12,3,"[4, 48, 0, 0, 0, 0, 0, 0, 0, 0, 0, 0, 0, 0, 0, 4, 48, 0, 0, 0, 0, 0, 0, 0, 0, 0, 0, 0, 0, 0]",1,128,48.0,576.0,5141129657,5141137778,5141138036,5141140308,0,84383,84383,-1,1,8121,2272,4,160,160,1
12,3,"[4, 48, 0, 0, 0, 0, 0, 0, 0, 0, 0, 0, 0, 0, 0, 4, 48, 0, 0, 0, 0, 0, 0, 0, 0, 0, 0, 0, 0, 0]",1,128,48.0,576.0,5141216374,5141224235,5141224691,5141226898,0,85791,85791,-1,1,7861,2207,4,160,160,1
16,3,"[4, 768, 48, 1, 1, 0, 0, 0, 0, 0, 0, 0, 0, 0, 0, 4, 0, 0, 0, 0, 0, 0, 0, 0, 0, 0, 0, 0, 0, 0]",72,128,36864.0,294916.0,5141304343,5141312445,5141312689,5141315665,0,84895,84895,-1,1,8102,2976,4,160,160,1
12,3,"[4, 768, 48, 1, 1, 0, 0, 0, 0, 0, 0, 0, 0, 0, 0, 4, 768, 48, 1, 1, 0, 0, 0, 0, 0, 0, 0, 0, 0, 0]",72,128,36864.0,442368.0,5141392380,5141400244,5141400560,5141403568,0,85887,85887,-1,1,7864,3008,4,160,160,1
12,3,"[4, 768, 48, 1, 1, 0, 0, 0, 0, 0, 0, 0, 0, 0, 0, 4, 768, 48, 1, 1, 0, 0, 0, 0, 0, 0, 0, 0, 0, 0]",72,128,36864.0,442368.0,5141481096,5141489315,5141489455,5141492527,0,84799,84799,-1,1,8219,3072,4,160,160,1
16,3,"[4, 768, 0, 0, 0, 0, 0, 0, 0, 0, 0, 0, 0, 0, 0, 4, 0, 0, 0, 0, 0, 0, 0, 0, 0, 0, 0, 0, 0, 0]",2,128,768.0,6148.0,5141568911,5141579333,5141577326,5141579662,0,240925,240925,-1,1,10422,2336,4,160,160,1
12,3,"[4, 768, 0, 0, 0, 0, 0, 0, 0, 0, 0, 0, 0, 0, 0, 4, 768, 0, 0, 0, 0, 0, 0, 0, 0, 0, 0, 0, 0, 0]",2,128,768.0,9216.0,5141809430,5141820549,5141820587,5141823019,0,99966,99966,-1,1,11119,2432,4,160,160,1
12,3,"[4, 768, 0, 0, 0, 0, 0, 0, 0, 0, 0, 0, 0, 0, 0, 4, 768, 0, 0, 0, 0, 0, 0, 0, 0, 0, 0, 0, 0, 0]",2,128,768.0,9216.0,5141913676,5141922776,5141922985,5141925225,0,92287,92287,-1,1,9100,2240,4,160,160,1
16,3,"[4, 192, 768, 1, 1, 0, 0, 0, 0, 0, 0, 0, 0, 0, 0, 4, 0, 0, 0, 0, 0, 0, 0, 0, 0, 0, 0, 0, 0, 0]",288,128,147456.0,1179652.0,5142008275,5142017414,5142017512,5142022888,0,84863,84863,-1,1,9139,5376,4,160,160,1
12,3,"[4, 192, 768, 1, 1, 0, 0, 0, 0, 0, 0, 0, 0, 0, 0, 4, 192, 768, 1, 1, 0, 0, 0, 0, 0, 0, 0, 0, 0, 0]",288,128,147456.0,1769472.0,5142099404,5142107354,5142107751,5142113063,0,84159,84159,-1,1,7950,5312,4,160,160,1
12,3,"[4, 192, 768, 1, 1, 0, 0, 0, 0, 0, 0, 0, 0, 0, 0, 4, 192, 768, 1, 1, 0, 0, 0, 0, 0, 0, 0, 0, 0, 0]",288,128,147456.0,1769472.0,5142188780,5142196890,5142197222,5142202406,0,83519,83519,-1,1,8110,5184,4,160,160,1
16,3,"[4, 192, 0, 0, 0, 0, 0, 0, 0, 0, 0, 0, 0, 0, 0, 4, 0, 0, 0, 0, 0, 0, 0, 0, 0, 0, 0, 0, 0, 0]",1,128,192.0,1540.0,5142277321,5142285756,5142285925,5142288101,0,90239,90239,-1,1,8435,2176,4,160,160,1
12,3,"[4, 192, 0, 0, 0, 0, 0, 0, 0, 0, 0, 0, 0, 0, 0, 4, 192, 0, 0, 0, 0, 0, 0, 0, 0, 0, 0, 0, 0, 0]",1,128,192.0,2304.0,5142369821,5142378062,5142378340,5142380580,0,86079,86079,-1,1,8241,2240,4,160,160,1
12,3,"[4, 192, 0, 0, 0, 0, 0, 0, 0, 0, 0, 0, 0, 0, 0, 4, 192, 0, 0, 0, 0, 0, 0, 0, 0, 0, 0, 0, 0, 0]",1,128,192.0,2304.0,5142458363,5142466218,5142466659,5142468930,0,86048,86048,-1,1,7855,2271,4,160,160,1
16,3,"[4, 192, 0, 0, 0, 0, 0, 0, 0, 0, 0, 0, 0, 0, 0, 4, 0, 0, 0, 0, 0, 0, 0, 0, 0, 0, 0, 0, 0, 0]",1,128,192.0,1540.0,5142546180,5142554813,5142554978,5142557313,0,84831,84831,-1,1,8633,2335,4,160,160,1
12,3,"[4, 192, 0, 0, 0, 0, 0, 0, 0, 0, 0, 0, 0, 0, 0, 4, 192, 0, 0, 0, 0, 0, 0, 0, 0, 0, 0, 0, 0, 0]",1,128,192.0,2304.0,5142633908,5142641797,5142642144,5142644416,0,86687,86687,-1,1,7889,2272,4,160,160,1
12,3,"[4, 192, 0, 0, 0, 0, 0, 0, 0, 0, 0, 0, 0, 0, 0, 4, 192, 0, 0, 0, 0, 0, 0, 0, 0, 0, 0, 0, 0, 0]",1,128,192.0,2304.0,5142722738,5142730684,5142731103,5142733471,0,86271,86271,-1,1,7946,2368,4,160,160,1
16,3,"[4, 768, 192, 1, 1, 0, 0, 0, 0, 0, 0, 0, 0, 0, 0, 4, 0, 0, 0, 0, 0, 0, 0, 0, 0, 0, 0, 0, 0, 0]",288,128,147456.0,1179652.0,5142811275,5142819527,5142819742,5142825854,0,82207,82207,-1,1,8252,6112,4,160,160,1
12,3,"[4, 768, 192, 1, 1, 0, 0, 0, 0, 0, 0, 0, 0, 0, 0, 4, 768, 192, 1, 1, 0, 0, 0, 0, 0, 0, 0, 0, 0, 0]",288,128,147456.0,1769472.0,5142899598,5142907809,5142908061,5142913309,0,82815,82815,-1,1,8211,5248,4,160,160,1
12,3,"[4, 768, 192, 1, 1, 0, 0, 0, 0, 0, 0, 0, 0, 0, 0, 4, 768, 192, 1, 1, 0, 0, 0, 0, 0, 0, 0, 0, 0, 0]",288,128,147456.0,1769472.0,5142987844,5142995780,5142996124,5143000700,0,82655,82655,-1,1,7936,4576,4,160,160,1
16,3,"[4, 768, 0, 0, 0, 0, 0, 0, 0, 0, 0, 0, 0, 0, 0, 4, 0, 0, 0, 0, 0, 0, 0, 0, 0, 0, 0, 0, 0, 0]",2,128,768.0,6148.0,5143074958,5143083135,5143083355,5143085627,0,84639,84639,-1,1,8177,2272,4,160,160,1
12,3,"[4, 768, 0, 0, 0, 0, 0, 0, 0, 0, 0, 0, 0, 0, 0, 4, 768, 0, 0, 0, 0, 0, 0, 0, 0, 0, 0, 0, 0, 0]",2,128,768.0,9216.0,5143161773,5143169947,5143170266,5143172633,0,83711,83711,-1,1,8174,2367,4,160,160,1
12,3,"[4, 768, 0, 0, 0, 0, 0, 0, 0, 0, 0, 0, 0, 0, 0, 4, 768, 0, 0, 0, 0, 0, 0, 0, 0, 0, 0, 0, 0, 0]",2,128,768.0,9216.0,5143247884,5143256042,5143256344,5143258744,0,84320,84320,-1,1,8158,2400,4,160,160,1
16,3,"[4, 768, 0, 0, 0, 0, 0, 0, 0, 0, 0, 0, 0, 0, 0, 4, 0, 0, 0, 0, 0, 0, 0, 0, 0, 0, 0, 0, 0, 0]",2,128,768.0,6148.0,5143334557,5143342860,5143343064,5143345464,0,84638,84638,-1,1,8303,2400,4,160,160,1
12,3,"[4, 768, 0, 0, 0, 0, 0, 0, 0, 0, 0, 0, 0, 0, 0, 4, 768, 0, 0, 0, 0, 0, 0, 0, 0, 0, 0, 0, 0, 0]",2,128,768.0,9216.0,5143421848,5143429780,5143430102,5143432502,0,83488,83488,-1,1,7932,2400,4,160,160,1
12,3,"[4, 768, 0, 0, 0, 0, 0, 0, 0, 0, 0, 0, 0, 0, 0, 4, 768, 0, 0, 0, 0, 0, 0, 0, 0, 0, 0, 0, 0, 0]",2,128,768.0,9216.0,5143507933,5143515600,5143515990,5143518229,0,85567,85567,-1,1,7667,2239,4,160,160,1
16,3,"[4, 768, 1, 3, 3, 0, 0, 0, 0, 0, 0, 0, 0, 0, 0, 4, 0, 0, 0, 0, 0, 0, 0, 0, 0, 0, 0, 0, 0, 0]",14,128,6912.0,55300.0,5143595225,5143603583,5143603796,5143606196,0,87967,87967,-1,1,8358,2400,4,160,160,1
12,3,"[4, 768, 1, 3, 3, 0, 0, 0, 0, 0, 0, 0, 0, 0, 0, 4, 768, 1, 3, 3, 0, 0, 0, 0, 0, 0, 0, 0, 0, 0]",14,128,6912.0,82944.0,5143685862,5143693707,5143694163,5143696723,0,87423,87423,-1,1,7845,2560,4,160,160,1
12,3,"[4, 768, 1, 3, 3, 0, 0, 0, 0, 0, 0, 0, 0, 0, 0, 4, 768, 1, 3, 3, 0, 0, 0, 0, 0, 0, 0, 0, 0, 0]",14,128,6912.0,82944.0,5143775845,5143783786,5143784146,5143786642,0,85759,85759,-1,1,7941,2496,4,160,160,1
16,3,"[4, 768, 0, 0, 0, 0, 0, 0, 0, 0, 0, 0, 0, 0, 0, 4, 0, 0, 0, 0, 0, 0, 0, 0, 0, 0, 0, 0, 0, 0]",2,128,768.0,6148.0,5143863707,5143872135,5143872401,5143875025,0,85183,85183,-1,1,8428,2624,4,160,160,1
12,3,"[4, 768, 0, 0, 0, 0, 0, 0, 0, 0, 0, 0, 0, 0, 0, 4, 768, 0, 0, 0, 0, 0, 0, 0, 0, 0, 0, 0, 0, 0]",2,128,768.0,9216.0,5143951718,5143959822,5143960208,5143962608,0,84382,84382,-1,1,8104,2400,4,160,160,1
12,3,"[4, 768, 0, 0, 0, 0, 0, 0, 0, 0, 0, 0, 0, 0, 0, 4, 768, 0, 0, 0, 0, 0, 0, 0, 0, 0, 0, 0, 0, 0]",2,128,768.0,9216.0,5144038750,5144046584,5144046990,5144049390,0,84640,84640,-1,1,7834,2400,4,160,160,1
16,3,"[4, 768, 0, 0, 0, 0, 0, 0, 0, 0, 0, 0, 0, 0, 0, 4, 0, 0, 0, 0, 0, 0, 0, 0, 0, 0, 0, 0, 0, 0]",2,128,768.0,6148.0,5144125562,5144133718,5144134030,5144136238,0,86302,86302,-1,1,8156,2208,4,160,160,1
12,3,"[4, 768, 0, 0, 0, 0, 0, 0, 0, 0, 0, 0, 0, 0, 0, 4, 768, 0, 0, 0, 0, 0, 0, 0, 0, 0, 0, 0, 0, 0]",2,128,768.0,9216.0,5144214055,5144222102,5144222540,5144224877,0,83934,83934,-1,1,8047,2337,4,160,160,1
12,3,"[4, 768, 0, 0, 0, 0, 0, 0, 0, 0, 0, 0, 0, 0, 0, 4, 768, 0, 0, 0, 0, 0, 0, 0, 0, 0, 0, 0, 0, 0]",2,128,768.0,9216.0,5144300725,5144308459,5144308811,5144311179,0,85311,85311,-1,1,7734,2368,4,160,160,1
16,3,"[4, 48, 768, 1, 1, 0, 0, 0, 0, 0, 0, 0, 0, 0, 0, 4, 0, 0, 0, 0, 0, 0, 0, 0, 0, 0, 0, 0, 0, 0]",72,128,36864.0,294916.0,5144388168,5144396239,5144396490,5144399722,0,83935,83935,-1,1,8071,3232,4,160,160,1
12,3,"[4, 48, 768, 1, 1, 0, 0, 0, 0, 0, 0, 0, 0, 0, 0, 4, 48, 768, 1, 1, 0, 0, 0, 0, 0, 0, 0, 0, 0, 0]",72,128,36864.0,442368.0,5144475327,5144483196,5144483657,5144486921,0,84351,84351,-1,1,7869,3264,4,160,160,1
12,3,"[4, 48, 768, 1, 1, 0, 0, 0, 0, 0, 0, 0, 0, 0, 0, 4, 48, 768, 1, 1, 0, 0, 0, 0, 0, 0, 0, 0, 0, 0]",72,128,36864.0,442368.0,5144563083,5144571023,5144571272,5144574056,0,88415,88415,-1,1,7940,2784,4,160,160,1
16,3,"[4, 48, 0, 0, 0, 0, 0, 0, 0, 0, 0, 0, 0, 0, 0, 4, 0, 0, 0, 0, 0, 0, 0, 0, 0, 0, 0, 0, 0, 0]",1,128,48.0,388.0,5144653927,5144662305,5144662471,5144664743,0,85983,85983,-1,1,8378,2272,4,160,160,1
12,3,"[4, 48, 0, 0, 0, 0, 0, 0, 0, 0, 0, 0, 0, 0, 0, 4, 48, 0, 0, 0, 0, 0, 0, 0, 0, 0, 0, 0, 0, 0]",1,128,48.0,576.0,5144742408,5144750389,5144750726,5144752902,0,86398,86398,-1,1,7981,2176,4,160,160,1
12,3,"[4, 48, 0, 0, 0, 0, 0, 0, 0, 0, 0, 0, 0, 0, 0, 4, 48, 0, 0, 0, 0, 0, 0, 0, 0, 0, 0, 0, 0, 0]",1,128,48.0,576.0,5144830857,5144838878,5144839300,5144841477,0,87550,87550,-1,1,8021,2177,4,160,160,1
16,3,"[4, 768, 48, 1, 1, 0, 0, 0, 0, 0, 0, 0, 0, 0, 0, 4, 0, 0, 0, 0, 0, 0, 0, 0, 0, 0, 0, 0, 0, 0]",72,128,36864.0,294916.0,5144920425,5144928721,5144929027,5144931683,0,86239,86239,-1,1,8296,2656,4,160,160,1
12,3,"[4, 768, 48, 1, 1, 0, 0, 0, 0, 0, 0, 0, 0, 0, 0, 4, 768, 48, 1, 1, 0, 0, 0, 0, 0, 0, 0, 0, 0, 0]",72,128,36864.0,442368.0,5145009557,5145017629,5145017922,5145021250,0,84543,84543,-1,1,8072,3328,4,160,160,1
12,3,"[4, 768, 48, 1, 1, 0, 0, 0, 0, 0, 0, 0, 0, 0, 0, 4, 768, 48, 1, 1, 0, 0, 0, 0, 0, 0, 0, 0, 0, 0]",72,128,36864.0,442368.0,5145097665,5145105460,5145105793,5145108705,0,84383,84383,-1,1,7795,2912,4,160,160,1
16,3,"[4, 768, 0, 0, 0, 0, 0, 0, 0, 0, 0, 0, 0, 0, 0, 4, 0, 0, 0, 0, 0, 0, 0, 0, 0, 0, 0, 0, 0, 0]",2,128,768.0,6148.0,5145184755,5145192778,5145193088,5145195488,0,83679,83679,-1,1,8023,2400,4,160,160,1
12,3,"[4, 768, 0, 0, 0, 0, 0, 0, 0, 0, 0, 0, 0, 0, 0, 4, 768, 0, 0, 0, 0, 0, 0, 0, 0, 0, 0, 0, 0, 0]",2,128,768.0,9216.0,5145270983,5145278867,5145279167,5145281503,0,87071,87071,-1,1,7884,2336,4,160,160,1
12,3,"[4, 768, 0, 0, 0, 0, 0, 0, 0, 0, 0, 0, 0, 0, 0, 4, 768, 0, 0, 0, 0, 0, 0, 0, 0, 0, 0, 0, 0, 0]",2,128,768.0,9216.0,5145359911,5145368245,5145368574,5145370878,0,87359,87359,-1,1,8334,2304,4,160,160,1
16,3,"[4, 192, 768, 1, 1, 0, 0, 0, 0, 0, 0, 0, 0, 0, 0, 4, 0, 0, 0, 0, 0, 0, 0, 0, 0, 0, 0, 0, 0, 0]",288,128,147456.0,1179652.0,5145449888,5145457909,5145458237,5145463644,0,333788,333788,-1,1,8021,5407,4,160,160,1
12,3,"[4, 192, 768, 1, 1, 0, 0, 0, 0, 0, 0, 0, 0, 0, 0, 4, 192, 768, 1, 1, 0, 0, 0, 0, 0, 0, 0, 0, 0, 0]",288,128,147456.0,1769472.0,5145783381,5145797705,5145797432,5145802936,0,101695,101695,-1,1,14324,5504,4,160,160,1
12,3,"[4, 192, 768, 1, 1, 0, 0, 0, 0, 0, 0, 0, 0, 0, 0, 4, 192, 768, 1, 1, 0, 0, 0, 0, 0, 0, 0, 0, 0, 0]",288,128,147456.0,1769472.0,5145894927,5145904360,5145904631,5145909207,0,90975,90975,-1,1,9433,4576,4,160,160,1
16,3,"[4, 192, 0, 0, 0, 0, 0, 0, 0, 0, 0, 0, 0, 0, 0, 4, 0, 0, 0, 0, 0, 0, 0, 0, 0, 0, 0, 0, 0, 0]",1,128,192.0,1540.0,5145990811,5146000264,5146000182,5146002486,0,89663,89663,-1,1,9453,2304,4,160,160,1
12,3,"[4, 192, 0, 0, 0, 0, 0, 0, 0, 0, 0, 0, 0, 0, 0, 4, 192, 0, 0, 0, 0, 0, 0, 0, 0, 0, 0, 0, 0, 0]",1,128,192.0,2304.0,5146083440,5146091881,5146092149,5146094389,0,86911,86911,-1,1,8441,2240,4,160,160,1
12,3,"[4, 192, 0, 0, 0, 0, 0, 0, 0, 0, 0, 0, 0, 0, 0, 4, 192, 0, 0, 0, 0, 0, 0, 0, 0, 0, 0, 0, 0, 0]",1,128,192.0,2304.0,5146172705,5146180974,5146181300,5146183507,0,85791,85791,-1,1,8269,2207,4,160,160,1
16,3,"[4, 192, 0, 0, 0, 0, 0, 0, 0, 0, 0, 0, 0, 0, 0, 4, 0, 0, 0, 0, 0, 0, 0, 0, 0, 0, 0, 0, 0, 0]",1,128,192.0,1540.0,5146260471,5146269270,5146269298,5146271570,0,85919,85919,-1,1,8799,2272,4,160,160,1
12,3,"[4, 192, 0, 0, 0, 0, 0, 0, 0, 0, 0, 0, 0, 0, 0, 4, 192, 0, 0, 0, 0, 0, 0, 0, 0, 0, 0, 0, 0, 0]",1,128,192.0,2304.0,5146348938,5146357270,5146357489,5146359761,0,90591,90591,-1,1,8332,2272,4,160,160,1
12,3,"[4, 192, 0, 0, 0, 0, 0, 0, 0, 0, 0, 0, 0, 0, 0, 4, 192, 0, 0, 0, 0, 0, 0, 0, 0, 0, 0, 0, 0, 0]",1,128,192.0,2304.0,5146441239,5146450006,5146450352,5146452688,0,88799,88799,-1,1,8767,2336,4,160,160,1
16,3,"[4, 768, 192, 1, 1, 0, 0, 0, 0, 0, 0, 0, 0, 0, 0, 4, 0, 0, 0, 0, 0, 0, 0, 0, 0, 0, 0, 0, 0, 0]",288,128,147456.0,1179652.0,5146532729,5146541318,5146541487,5146547535,0,83743,83743,-1,1,8589,6048,4,160,160,1
12,3,"[4, 768, 192, 1, 1, 0, 0, 0, 0, 0, 0, 0, 0, 0, 0, 4, 768, 192, 1, 1, 0, 0, 0, 0, 0, 0, 0, 0, 0, 0]",288,128,147456.0,1769472.0,5146622924,5146630942,5146631278,5146636686,0,84191,84191,-1,1,8018,5408,4,160,160,1
12,3,"[4, 768, 192, 1, 1, 0, 0, 0, 0, 0, 0, 0, 0, 0, 0, 4, 768, 192, 1, 1, 0, 0, 0, 0, 0, 0, 0, 0, 0, 0]",288,128,147456.0,1769472.0,5146712610,5146720574,5146720877,5146726060,0,84160,84160,-1,1,7964,5183,4,160,160,1
16,3,"[4, 768, 0, 0, 0, 0, 0, 0, 0, 0, 0, 0, 0, 0, 0, 4, 0, 0, 0, 0, 0, 0, 0, 0, 0, 0, 0, 0, 0, 0]",2,128,768.0,6148.0,5146801528,5146811818,5146810220,5146812555,0,88416,88416,-1,1,10290,2335,4,160,160,1
12,3,"[4, 768, 0, 0, 0, 0, 0, 0, 0, 0, 0, 0, 0, 0, 0, 4, 768, 0, 0, 0, 0, 0, 0, 0, 0, 0, 0, 0, 0, 0]",2,128,768.0,9216.0,5146892572,5146900647,5146900971,5146903242,0,85215,85215,-1,1,8075,2271,4,160,160,1
12,3,"[4, 768, 0, 0, 0, 0, 0, 0, 0, 0, 0, 0, 0, 0, 0, 4, 768, 0, 0, 0, 0, 0, 0, 0, 0, 0, 0, 0, 0, 0]",2,128,768.0,9216.0,5146979963,5146988151,5146988457,5146990665,0,85087,85087,-1,1,8188,2208,4,160,160,1
16,3,"[4, 768, 0, 0, 0, 0, 0, 0, 0, 0, 0, 0, 0, 0, 0, 4, 0, 0, 0, 0, 0, 0, 0, 0, 0, 0, 0, 0, 0, 0]",2,128,768.0,6148.0,5147067032,5147075571,5147075752,5147078056,0,85375,85375,-1,1,8539,2304,4,160,160,1
12,3,"[4, 768, 0, 0, 0, 0, 0, 0, 0, 0, 0, 0, 0, 0, 0, 4, 768, 0, 0, 0, 0, 0, 0, 0, 0, 0, 0, 0, 0, 0]",2,128,768.0,9216.0,5147155165,5147163067,5147163431,5147165831,0,86943,86943,-1,1,7902,2400,4,160,160,1
12,3,"[4, 768, 0, 0, 0, 0, 0, 0, 0, 0, 0, 0, 0, 0, 0, 4, 768, 0, 0, 0, 0, 0, 0, 0, 0, 0, 0, 0, 0, 0]",2,128,768.0,9216.0,5147244371,5147252324,5147252774,5147255238,0,86559,86559,-1,1,7953,2464,4,160,160,1
16,3,"[4, 768, 1, 3, 3, 0, 0, 0, 0, 0, 0, 0, 0, 0, 0, 4, 0, 0, 0, 0, 0, 0, 0, 0, 0, 0, 0, 0, 0, 0]",14,128,6912.0,55300.0,5147333159,5147341589,5147341797,5147344165,0,87615,87615,-1,1,8430,2368,4,160,160,1
12,3,"[4, 768, 1, 3, 3, 0, 0, 0, 0, 0, 0, 0, 0, 0, 0, 4, 768, 1, 3, 3, 0, 0, 0, 0, 0, 0, 0, 0, 0, 0]",14,128,6912.0,82944.0,5147423476,5147431348,5147431780,5147434243,0,87392,87392,-1,1,7872,2463,4,160,160,1
12,3,"[4, 768, 1, 3, 3, 0, 0, 0, 0, 0, 0, 0, 0, 0, 0, 4, 768, 1, 3, 3, 0, 0, 0, 0, 0, 0, 0, 0, 0, 0]",14,128,6912.0,82944.0,5147512906,5147521245,5147521635,5147524067,0,86655,86655,-1,1,8339,2432,4,160,160,1
16,3,"[4, 768, 0, 0, 0, 0, 0, 0, 0, 0, 0, 0, 0, 0, 0, 4, 0, 0, 0, 0, 0, 0, 0, 0, 0, 0, 0, 0, 0, 0]",2,128,768.0,6148.0,5147602013,5147610451,5147610722,5147613025,0,85055,85055,-1,1,8438,2303,4,160,160,1
12,3,"[4, 768, 0, 0, 0, 0, 0, 0, 0, 0, 0, 0, 0, 0, 0, 4, 768, 0, 0, 0, 0, 0, 0, 0, 0, 0, 0, 0, 0, 0]",2,128,768.0,9216.0,5147689732,5147697777,5147698080,5147700416,0,85087,85087,-1,1,8045,2336,4,160,160,1
12,3,"[4, 768, 0, 0, 0, 0, 0, 0, 0, 0, 0, 0, 0, 0, 0, 4, 768, 0, 0, 0, 0, 0, 0, 0, 0, 0, 0, 0, 0, 0]",2,128,768.0,9216.0,5147776929,5147787201,5147785503,5147787711,0,89631,89631,-1,1,10272,2208,4,160,160,1
16,3,"[4, 768, 0, 0, 0, 0, 0, 0, 0, 0, 0, 0, 0, 0, 0, 4, 0, 0, 0, 0, 0, 0, 0, 0, 0, 0, 0, 0, 0, 0]",2,128,768.0,6148.0,5147868701,5147877151,5147877342,5147879678,0,85855,85855,-1,1,8450,2336,4,160,160,1
12,3,"[4, 768, 0, 0, 0, 0, 0, 0, 0, 0, 0, 0, 0, 0, 0, 4, 768, 0, 0, 0, 0, 0, 0, 0, 0, 0, 0, 0, 0, 0]",2,128,768.0,9216.0,5147957235,5147965217,5147965533,5147967741,0,85215,85215,-1,1,7982,2208,4,160,160,1
12,3,"[4, 768, 0, 0, 0, 0, 0, 0, 0, 0, 0, 0, 0, 0, 0, 4, 768, 0, 0, 0, 0, 0, 0, 0, 0, 0, 0, 0, 0, 0]",2,128,768.0,9216.0,5148044201,5148052514,5148052956,5148055292,0,87519,87519,-1,1,8313,2336,4,160,160,1
16,3,"[4, 48, 768, 1, 1, 0, 0, 0, 0, 0, 0, 0, 0, 0, 0, 4, 0, 0, 0, 0, 0, 0, 0, 0, 0, 0, 0, 0, 0, 0]",72,128,36864.0,294916.0,5148134100,5148142359,5148142811,5148145786,0,84959,84959,-1,1,8259,2975,4,160,160,1
12,3,"[4, 48, 768, 1, 1, 0, 0, 0, 0, 0, 0, 0, 0, 0, 0, 4, 48, 768, 1, 1, 0, 0, 0, 0, 0, 0, 0, 0, 0, 0]",72,128,36864.0,442368.0,5148222240,5148230376,5148230745,5148234393,0,86143,86143,-1,1,8136,3648,4,160,160,1
12,3,"[4, 48, 768, 1, 1, 0, 0, 0, 0, 0, 0, 0, 0, 0, 0, 4, 48, 768, 1, 1, 0, 0, 0, 0, 0, 0, 0, 0, 0, 0]",72,128,36864.0,442368.0,5148312277,5148320368,5148320536,5148323352,0,85055,85055,-1,1,8091,2816,4,160,160,1
16,3,"[4, 48, 0, 0, 0, 0, 0, 0, 0, 0, 0, 0, 0, 0, 0, 4, 0, 0, 0, 0, 0, 0, 0, 0, 0, 0, 0, 0, 0, 0]",1,128,48.0,388.0,5148400215,5148408166,5148408407,5148410615,0,85407,85407,-1,1,7951,2208,4,160,160,1
12,3,"[4, 48, 0, 0, 0, 0, 0, 0, 0, 0, 0, 0, 0, 0, 0, 4, 48, 0, 0, 0, 0, 0, 0, 0, 0, 0, 0, 0, 0, 0]",1,128,48.0,576.0,5148487850,5148495694,5148496022,5148498230,0,84895,84895,-1,1,7844,2208,4,160,160,1
12,3,"[4, 48, 0, 0, 0, 0, 0, 0, 0, 0, 0, 0, 0, 0, 0, 4, 48, 0, 0, 0, 0, 0, 0, 0, 0, 0, 0, 0, 0, 0]",1,128,48.0,576.0,5148574701,5148582687,5148583125,5148585301,0,86783,86783,-1,1,7986,2176,4,160,160,1
16,3,"[4, 768, 48, 1, 1, 0, 0, 0, 0, 0, 0, 0, 0, 0, 0, 4, 0, 0, 0, 0, 0, 0, 0, 0, 0, 0, 0, 0, 0, 0]",72,128,36864.0,294916.0,5148662844,5148671316,5148672084,5148674772,0,84863,84863,-1,1,8472,2688,4,160,160,1
12,3,"[4, 768, 48, 1, 1, 0, 0, 0, 0, 0, 0, 0, 0, 0, 0, 4, 768, 48, 1, 1, 0, 0, 0, 0, 0, 0, 0, 0, 0, 0]",72,128,36864.0,442368.0,5148751536,5148761199,5148759635,5148763251,0,87839,87839,-1,1,9663,3616,4,160,160,1
12,3,"[4, 768, 48, 1, 1, 0, 0, 0, 0, 0, 0, 0, 0, 0, 0, 4, 768, 48, 1, 1, 0, 0, 0, 0, 0, 0, 0, 0, 0, 0]",72,128,36864.0,442368.0,5148842992,5148850929,5148851090,5148853809,0,85151,85151,-1,1,7937,2719,4,160,160,1
16,3,"[4, 768, 0, 0, 0, 0, 0, 0, 0, 0, 0, 0, 0, 0, 0, 4, 0, 0, 0, 0, 0, 0, 0, 0, 0, 0, 0, 0, 0, 0]",2,128,768.0,6148.0,5148930863,5148938980,5148938960,5148941265,0,86079,86079,-1,1,8117,2305,4,160,160,1
12,3,"[4, 768, 0, 0, 0, 0, 0, 0, 0, 0, 0, 0, 0, 0, 0, 4, 768, 0, 0, 0, 0, 0, 0, 0, 0, 0, 0, 0, 0, 0]",2,128,768.0,9216.0,5149018451,5149026403,5149027344,5149029744,0,85790,85790,-1,1,7952,2400,4,160,160,1
12,3,"[4, 768, 0, 0, 0, 0, 0, 0, 0, 0, 0, 0, 0, 0, 0, 4, 768, 0, 0, 0, 0, 0, 0, 0, 0, 0, 0, 0, 0, 0]",2,128,768.0,9216.0,5149107233,5149115095,5149115534,5149117870,0,87007,87007,-1,1,7862,2336,4,160,160,1
16,3,"[4, 192, 768, 1, 1, 0, 0, 0, 0, 0, 0, 0, 0, 0, 0, 4, 0, 0, 0, 0, 0, 0, 0, 0, 0, 0, 0, 0, 0, 0]",288,128,147456.0,1179652.0,5149196132,5149204400,5149204877,5149211149,0,82175,82175,-1,1,8268,6272,4,160,160,1
12,3,"[4, 192, 768, 1, 1, 0, 0, 0, 0, 0, 0, 0, 0, 0, 0, 4, 192, 768, 1, 1, 0, 0, 0, 0, 0, 0, 0, 0, 0, 0]",288,128,147456.0,1769472.0,5149284754,5149292813,5149293324,5149298732,0,83871,83871,-1,1,8059,5408,4,160,160,1
12,3,"[4, 192, 768, 1, 1, 0, 0, 0, 0, 0, 0, 0, 0, 0, 0, 4, 192, 768, 1, 1, 0, 0, 0, 0, 0, 0, 0, 0, 0, 0]",288,128,147456.0,1769472.0,5149374433,5149382207,5149382603,5149387883,0,231197,231197,-1,1,7774,5280,4,160,160,1
16,3,"[4, 192, 0, 0, 0, 0, 0, 0, 0, 0, 0, 0, 0, 0, 0, 4, 0, 0, 0, 0, 0, 0, 0, 0, 0, 0, 0, 0, 0, 0]",1,128,192.0,1540.0,5149608004,5149619239,5149619080,5149621288,0,107614,107614,-1,1,11235,2208,4,160,160,1
12,3,"[4, 192, 0, 0, 0, 0, 0, 0, 0, 0, 0, 0, 0, 0, 0, 4, 192, 0, 0, 0, 0, 0, 0, 0, 0, 0, 0, 0, 0, 0]",1,128,192.0,2304.0,5149719077,5149728845,5149728902,5149731495,0,88990,88990,-1,1,9768,2593,4,160,160,1
12,3,"[4, 192, 0, 0, 0, 0, 0, 0, 0, 0, 0, 0, 0, 0, 0, 4, 192, 0, 0, 0, 0, 0, 0, 0, 0, 0, 0, 0, 0, 0]",1,128,192.0,2304.0,5149811831,5149820152,5149820485,5149822725,0,87807,87807,-1,1,8321,2240,4,160,160,1
16,3,"[4, 192, 0, 0, 0, 0, 0, 0, 0, 0, 0, 0, 0, 0, 0, 4, 0, 0, 0, 0, 0, 0, 0, 0, 0, 0, 0, 0, 0, 0]",1,128,192.0,1540.0,5149901847,5149912646,5149910532,5149912676,0,90143,90143,-1,1,10799,2144,4,160,160,1
12,3,"[4, 192, 0, 0, 0, 0, 0, 0, 0, 0, 0, 0, 0, 0, 0, 4, 192, 0, 0, 0, 0, 0, 0, 0, 0, 0, 0, 0, 0, 0]",1,128,192.0,2304.0,5149994401,5150002645,5150002819,5150005155,0,86111,86111,-1,1,8244,2336,4,160,160,1
12,3,"[4, 192, 0, 0, 0, 0, 0, 0, 0, 0, 0, 0, 0, 0, 0, 4, 192, 0, 0, 0, 0, 0, 0, 0, 0, 0, 0, 0, 0, 0]",1,128,192.0,2304.0,5150082679,5150090819,5150091266,5150093538,0,86495,86495,-1,1,8140,2272,4,160,160,1
16,3,"[4, 768, 192, 1, 1, 0, 0, 0, 0, 0, 0, 0, 0, 0, 0, 4, 0, 0, 0, 0, 0, 0, 0, 0, 0, 0, 0, 0, 0, 0]",288,128,147456.0,1179652.0,5150171429,5150179727,5150180033,5150185729,0,82751,82751,-1,1,8298,5696,4,160,160,1
12,3,"[4, 768, 192, 1, 1, 0, 0, 0, 0, 0, 0, 0, 0, 0, 0, 4, 768, 192, 1, 1, 0, 0, 0, 0, 0, 0, 0, 0, 0, 0]",288,128,147456.0,1769472.0,5150260284,5150268058,5150268480,5150273760,0,90591,90591,-1,1,7774,5280,4,160,160,1
12,3,"[4, 768, 192, 1, 1, 0, 0, 0, 0, 0, 0, 0, 0, 0, 0, 4, 768, 192, 1, 1, 0, 0, 0, 0, 0, 0, 0, 0, 0, 0]",288,128,147456.0,1769472.0,5150355933,5150364089,5150364351,5150369150,0,86207,86207,-1,1,8156,4799,4,160,160,1
16,3,"[4, 768, 0, 0, 0, 0, 0, 0, 0, 0, 0, 0, 0, 0, 0, 4, 0, 0, 0, 0, 0, 0, 0, 0, 0, 0, 0, 0, 0, 0]",2,128,768.0,6148.0,5150446621,5150455341,5150455357,5150457629,0,89311,89311,-1,1,8720,2272,4,160,160,1
12,3,"[4, 768, 0, 0, 0, 0, 0, 0, 0, 0, 0, 0, 0, 0, 0, 4, 768, 0, 0, 0, 0, 0, 0, 0, 0, 0, 0, 0, 0, 0]",2,128,768.0,9216.0,5150538606,5150546761,5150546940,5150549308,0,86527,86527,-1,1,8155,2368,4,160,160,1
12,3,"[4, 768, 0, 0, 0, 0, 0, 0, 0, 0, 0, 0, 0, 0, 0, 4, 768, 0, 0, 0, 0, 0, 0, 0, 0, 0, 0, 0, 0, 0]",2,128,768.0,9216.0,5150627533,5150635406,5150635835,5150638491,0,87583,87583,-1,1,7873,2656,4,160,160,1
16,3,"[4, 768, 0, 0, 0, 0, 0, 0, 0, 0, 0, 0, 0, 0, 0, 4, 0, 0, 0, 0, 0, 0, 0, 0, 0, 0, 0, 0, 0, 0]",2,128,768.0,6148.0,5150717600,5150725793,5150726074,5150728378,0,84607,84607,-1,1,8193,2304,4,160,160,1
12,3,"[4, 768, 0, 0, 0, 0, 0, 0, 0, 0, 0, 0, 0, 0, 0, 4, 768, 0, 0, 0, 0, 0, 0, 0, 0, 0, 0, 0, 0, 0]",2,128,768.0,9216.0,5150805006,5150812689,5150812985,5150815288,0,85440,85440,-1,1,7683,2303,4,160,160,1
12,3,"[4, 768, 0, 0, 0, 0, 0, 0, 0, 0, 0, 0, 0, 0, 0, 4, 768, 0, 0, 0, 0, 0, 0, 0, 0, 0, 0, 0, 0, 0]",2,128,768.0,9216.0,5150892621,5150902564,5150900728,5150903063,0,90783,90783,-1,1,9943,2335,4,160,160,1
16,3,"[4, 768, 1, 3, 3, 0, 0, 0, 0, 0, 0, 0, 0, 0, 0, 4, 0, 0, 0, 0, 0, 0, 0, 0, 0, 0, 0, 0, 0, 0]",14,128,6912.0,55300.0,5150985290,5150993521,5150993846,5150996278,0,89727,89727,-1,1,8231,2432,4,160,160,1
12,3,"[4, 768, 1, 3, 3, 0, 0, 0, 0, 0, 0, 0, 0, 0, 0, 4, 768, 1, 3, 3, 0, 0, 0, 0, 0, 0, 0, 0, 0, 0]",14,128,6912.0,82944.0,5151077729,5151085785,5151086005,5151088533,0,88607,88607,-1,1,8056,2528,4,160,160,1
12,3,"[4, 768, 1, 3, 3, 0, 0, 0, 0, 0, 0, 0, 0, 0, 0, 4, 768, 1, 3, 3, 0, 0, 0, 0, 0, 0, 0, 0, 0, 0]",14,128,6912.0,82944.0,5151168777,5151176909,5151177140,5151179636,0,86911,86911,-1,1,8132,2496,4,160,160,1
16,3,"[4, 768, 0, 0, 0, 0, 0, 0, 0, 0, 0, 0, 0, 0, 0, 4, 0, 0, 0, 0, 0, 0, 0, 0, 0, 0, 0, 0, 0, 0]",2,128,768.0,6148.0,5151258234,5151266474,5151266547,5151268755,0,85663,85663,-1,1,8240,2208,4,160,160,1
12,3,"[4, 768, 0, 0, 0, 0, 0, 0, 0, 0, 0, 0, 0, 0, 0, 4, 768, 0, 0, 0, 0, 0, 0, 0, 0, 0, 0, 0, 0, 0]",2,128,768.0,9216.0,5151346591,5151354082,5151354418,5151356754,0,85663,85663,-1,1,7491,2336,4,160,160,1
12,3,"[4, 768, 0, 0, 0, 0, 0, 0, 0, 0, 0, 0, 0, 0, 0, 4, 768, 0, 0, 0, 0, 0, 0, 0, 0, 0, 0, 0, 0, 0]",2,128,768.0,9216.0,5151434238,5151441950,5151442417,5151444657,0,84735,84735,-1,1,7712,2240,4,160,160,1
16,3,"[4, 768, 0, 0, 0, 0, 0, 0, 0, 0, 0, 0, 0, 0, 0, 4, 0, 0, 0, 0, 0, 0, 0, 0, 0, 0, 0, 0, 0, 0]",2,128,768.0,6148.0,5151521099,5151529212,5151529392,5151531696,0,85631,85631,-1,1,8113,2304,4,160,160,1
12,3,"[4, 768, 0, 0, 0, 0, 0, 0, 0, 0, 0, 0, 0, 0, 0, 4, 768, 0, 0, 0, 0, 0, 0, 0, 0, 0, 0, 0, 0, 0]",2,128,768.0,9216.0,5151609003,5151617085,5151617327,5151619599,0,94942,94942,-1,1,8082,2272,4,160,160,1
12,3,"[4, 768, 0, 0, 0, 0, 0, 0, 0, 0, 0, 0, 0, 0, 0, 4, 768, 0, 0, 0, 0, 0, 0, 0, 0, 0, 0, 0, 0, 0]",2,128,768.0,9216.0,5151705510,5151714244,5151714541,5151716813,0,89631,89631,-1,1,8734,2272,4,160,160,1
16,3,"[4, 48, 768, 1, 1, 0, 0, 0, 0, 0, 0, 0, 0, 0, 0, 4, 0, 0, 0, 0, 0, 0, 0, 0, 0, 0, 0, 0, 0, 0]",72,128,36864.0,294916.0,5151797701,5151806216,5151806444,5151809484,0,85151,85151,-1,1,8515,3040,4,160,160,1
12,3,"[4, 48, 768, 1, 1, 0, 0, 0, 0, 0, 0, 0, 0, 0, 0, 4, 48, 768, 1, 1, 0, 0, 0, 0, 0, 0, 0, 0, 0, 0]",72,128,36864.0,442368.0,5151886430,5151897454,5151894635,5151898123,0,89695,89695,-1,1,11024,3488,4,160,160,1
12,3,"[4, 48, 768, 1, 1, 0, 0, 0, 0, 0, 0, 0, 0, 0, 0, 4, 48, 768, 1, 1, 0, 0, 0, 0, 0, 0, 0, 0, 0, 0]",72,128,36864.0,442368.0,5151979216,5151987369,5151987818,5151990698,0,84991,84991,-1,1,8153,2880,4,160,160,1
16,3,"[4, 48, 0, 0, 0, 0, 0, 0, 0, 0, 0, 0, 0, 0, 0, 4, 0, 0, 0, 0, 0, 0, 0, 0, 0, 0, 0, 0, 0, 0]",1,128,48.0,388.0,5152067064,5152075651,5152075689,5152077865,0,86206,86206,-1,1,8587,2176,4,160,160,1
12,3,"[4, 48, 0, 0, 0, 0, 0, 0, 0, 0, 0, 0, 0, 0, 0, 4, 48, 0, 0, 0, 0, 0, 0, 0, 0, 0, 0, 0, 0, 0]",1,128,48.0,576.0,5152155501,5152163708,5152164071,5152166248,0,85375,85375,-1,1,8207,2177,4,160,160,1
12,3,"[4, 48, 0, 0, 0, 0, 0, 0, 0, 0, 0, 0, 0, 0, 0, 4, 48, 0, 0, 0, 0, 0, 0, 0, 0, 0, 0, 0, 0, 0]",1,128,48.0,576.0,5152243454,5152251272,5152251623,5152253830,0,90080,90080,-1,1,7818,2207,4,160,160,1
16,3,"[4, 768, 48, 1, 1, 0, 0, 0, 0, 0, 0, 0, 0, 0, 0, 4, 0, 0, 0, 0, 0, 0, 0, 0, 0, 0, 0, 0, 0, 0]",72,128,36864.0,294916.0,5152335397,5152343756,5152343910,5152346661,0,85951,85951,-1,1,8359,2751,4,160,160,1
12,3,"[4, 768, 48, 1, 1, 0, 0, 0, 0, 0, 0, 0, 0, 0, 0, 4, 768, 48, 1, 1, 0, 0, 0, 0, 0, 0, 0, 0, 0, 0]",72,128,36864.0,442368.0,5152424371,5152432342,5152432612,5152435972,0,85151,85151,-1,1,7971,3360,4,160,160,1
12,3,"[4, 768, 48, 1, 1, 0, 0, 0, 0, 0, 0, 0, 0, 0, 0, 4, 768, 48, 1, 1, 0, 0, 0, 0, 0, 0, 0, 0, 0, 0]",72,128,36864.0,442368.0,5152512940,5152520749,5152521123,5152523843,0,83935,83935,-1,1,7809,2720,4,160,160,1
16,3,"[4, 768, 0, 0, 0, 0, 0, 0, 0, 0, 0, 0, 0, 0, 0, 4, 0, 0, 0, 0, 0, 0, 0, 0, 0, 0, 0, 0, 0, 0]",2,128,768.0,6148.0,5152599292,5152607638,5152607778,5152610082,0,85823,85823,-1,1,8346,2304,4,160,160,1
12,3,"[4, 768, 0, 0, 0, 0, 0, 0, 0, 0, 0, 0, 0, 0, 0, 4, 768, 0, 0, 0, 0, 0, 0, 0, 0, 0, 0, 0, 0, 0]",2,128,768.0,9216.0,5152687592,5152695583,5152695905,5152698209,0,86207,86207,-1,1,7991,2304,4,160,160,1
12,3,"[4, 768, 0, 0, 0, 0, 0, 0, 0, 0, 0, 0, 0, 0, 0, 4, 768, 0, 0, 0, 0, 0, 0, 0, 0, 0, 0, 0, 0, 0]",2,128,768.0,9216.0,5152776145,5152784035,5152784416,5152786752,0,89375,89375,-1,1,7890,2336,4,160,160,1
16,3,"[4, 192, 768, 1, 1, 0, 0, 0, 0, 0, 0, 0, 0, 0, 0, 4, 0, 0, 0, 0, 0, 0, 0, 0, 0, 0, 0, 0, 0, 0]",288,128,147456.0,1179652.0,5152867488,5152875939,5152876127,5152881823,0,83903,83903,-1,1,8451,5696,4,160,160,1
12,3,"[4, 192, 768, 1, 1, 0, 0, 0, 0, 0, 0, 0, 0, 0, 0, 4, 192, 768, 1, 1, 0, 0, 0, 0, 0, 0, 0, 0, 0, 0]",288,128,147456.0,1769472.0,5152957747,5152965663,5152965726,5152971133,0,85791,85791,-1,1,7916,5407,4,160,160,1
12,3,"[4, 192, 768, 1, 1, 0, 0, 0, 0, 0, 0, 0, 0, 0, 0, 4, 192, 768, 1, 1, 0, 0, 0, 0, 0, 0, 0, 0, 0, 0]",288,128,147456.0,1769472.0,5153048943,5153056537,5153056924,5153061724,0,89279,89279,-1,1,7594,4800,4,160,160,1
16,3,"[4, 192, 0, 0, 0, 0, 0, 0, 0, 0, 0, 0, 0, 0, 0, 4, 0, 0, 0, 0, 0, 0, 0, 0, 0, 0, 0, 0, 0, 0]",1,128,192.0,1540.0,5153142872,5153150788,5153151003,5153153211,0,91679,91679,-1,1,7916,2208,4,160,160,1
12,3,"[4, 192, 0, 0, 0, 0, 0, 0, 0, 0, 0, 0, 0, 0, 0, 4, 192, 0, 0, 0, 0, 0, 0, 0, 0, 0, 0, 0, 0, 0]",1,128,192.0,2304.0,5153236716,5153244479,5153244890,5153247258,0,238525,238525,-1,1,7763,2368,4,160,160,1
12,3,"[4, 192, 0, 0, 0, 0, 0, 0, 0, 0, 0, 0, 0, 0, 0, 4, 192, 0, 0, 0, 0, 0, 0, 0, 0, 0, 0, 0, 0, 0]",1,128,192.0,2304.0,5153475084,5153485670,5153485783,5153487991,0,101726,101726,-1,1,10586,2208,4,160,160,1
16,3,"[4, 192, 0, 0, 0, 0, 0, 0, 0, 0, 0, 0, 0, 0, 0, 4, 0, 0, 0, 0, 0, 0, 0, 0, 0, 0, 0, 0, 0, 0]",1,128,192.0,1540.0,5153579755,5153589579,5153589717,5153591862,0,96798,96798,-1,1,9824,2145,4,160,160,1
12,3,"[4, 192, 0, 0, 0, 0, 0, 0, 0, 0, 0, 0, 0, 0, 0, 4, 192, 0, 0, 0, 0, 0, 0, 0, 0, 0, 0, 0, 0, 0]",1,128,192.0,2304.0,5153679811,5153688537,5153688660,5153690900,0,88959,88959,-1,1,8726,2240,4,160,160,1
12,3,"[4, 192, 0, 0, 0, 0, 0, 0, 0, 0, 0, 0, 0, 0, 0, 4, 192, 0, 0, 0, 0, 0, 0, 0, 0, 0, 0, 0, 0, 0]",1,128,192.0,2304.0,5153771604,5153779451,5153779859,5153782259,0,88287,88287,-1,1,7847,2400,4,160,160,1
16,3,"[4, 768, 192, 1, 1, 0, 0, 0, 0, 0, 0, 0, 0, 0, 0, 4, 0, 0, 0, 0, 0, 0, 0, 0, 0, 0, 0, 0, 0, 0]",288,128,147456.0,1179652.0,5153862133,5153870382,5153870546,5153876210,0,83743,83743,-1,1,8249,5664,4,160,160,1
12,3,"[4, 768, 192, 1, 1, 0, 0, 0, 0, 0, 0, 0, 0, 0, 0, 4, 768, 192, 1, 1, 0, 0, 0, 0, 0, 0, 0, 0, 0, 0]",288,128,147456.0,1769472.0,5153951556,5153959699,5153959953,5153965201,0,87423,87423,-1,1,8143,5248,4,160,160,1
12,3,"[4, 768, 192, 1, 1, 0, 0, 0, 0, 0, 0, 0, 0, 0, 0, 4, 768, 192, 1, 1, 0, 0, 0, 0, 0, 0, 0, 0, 0, 0]",288,128,147456.0,1769472.0,5154044423,5154052251,5154052624,5154057680,0,84222,84222,-1,1,7828,5056,4,160,160,1
16,3,"[4, 768, 0, 0, 0, 0, 0, 0, 0, 0, 0, 0, 0, 0, 0, 4, 0, 0, 0, 0, 0, 0, 0, 0, 0, 0, 0, 0, 0, 0]",2,128,768.0,6148.0,5154133557,5154141667,5154141902,5154144174,0,86048,86048,-1,1,8110,2272,4,160,160,1
12,3,"[4, 768, 0, 0, 0, 0, 0, 0, 0, 0, 0, 0, 0, 0, 0, 4, 768, 0, 0, 0, 0, 0, 0, 0, 0, 0, 0, 0, 0, 0]",2,128,768.0,9216.0,5154221383,5154229853,5154230222,5154232493,0,85855,85855,-1,1,8470,2271,4,160,160,1
12,3,"[4, 768, 0, 0, 0, 0, 0, 0, 0, 0, 0, 0, 0, 0, 0, 4, 768, 0, 0, 0, 0, 0, 0, 0, 0, 0, 0, 0, 0, 0]",2,128,768.0,9216.0,5154310264,5154317978,5154318348,5154320684,0,88543,88543,-1,1,7714,2336,4,160,160,1
16,3,"[4, 768, 0, 0, 0, 0, 0, 0, 0, 0, 0, 0, 0, 0, 0, 4, 0, 0, 0, 0, 0, 0, 0, 0, 0, 0, 0, 0, 0, 0]",2,128,768.0,6148.0,5154400676,5154409050,5154409227,5154411403,0,86527,86527,-1,1,8374,2176,4,160,160,1
12,3,"[4, 768, 0, 0, 0, 0, 0, 0, 0, 0, 0, 0, 0, 0, 0, 4, 768, 0, 0, 0, 0, 0, 0, 0, 0, 0, 0, 0, 0, 0]",2,128,768.0,9216.0,5154489765,5154497620,5154497930,5154500298,0,85311,85311,-1,1,7855,2368,4,160,160,1
12,3,"[4, 768, 0, 0, 0, 0, 0, 0, 0, 0, 0, 0, 0, 0, 0, 4, 768, 0, 0, 0, 0, 0, 0, 0, 0, 0, 0, 0, 0, 0]",2,128,768.0,9216.0,5154577420,5154585196,5154585609,5154587881,0,87647,87647,-1,1,7776,2272,4,160,160,1
16,3,"[4, 768, 1, 3, 3, 0, 0, 0, 0, 0, 0, 0, 0, 0, 0, 4, 0, 0, 0, 0, 0, 0, 0, 0, 0, 0, 0, 0, 0, 0]",14,128,6912.0,55300.0,5154667176,5154675350,5154675528,5154677960,0,86206,86206,-1,1,8174,2432,4,160,160,1
12,3,"[4, 768, 1, 3, 3, 0, 0, 0, 0, 0, 0, 0, 0, 0, 0, 4, 768, 1, 3, 3, 0, 0, 0, 0, 0, 0, 0, 0, 0, 0]",14,128,6912.0,82944.0,5154755677,5154763516,5154764166,5154766919,0,85631,85631,-1,1,7839,2753,4,160,160,1
12,3,"[4, 768, 1, 3, 3, 0, 0, 0, 0, 0, 0, 0, 0, 0, 0, 4, 768, 1, 3, 3, 0, 0, 0, 0, 0, 0, 0, 0, 0, 0]",14,128,6912.0,82944.0,5154844188,5154852216,5154852550,5154854885,0,86815,86815,-1,1,8028,2335,4,160,160,1
16,3,"[4, 768, 0, 0, 0, 0, 0, 0, 0, 0, 0, 0, 0, 0, 0, 4, 0, 0, 0, 0, 0, 0, 0, 0, 0, 0, 0, 0, 0, 0]",2,128,768.0,6148.0,5154933217,5154941555,5154941700,5154943972,0,90399,90399,-1,1,8338,2272,4,160,160,1
12,3,"[4, 768, 0, 0, 0, 0, 0, 0, 0, 0, 0, 0, 0, 0, 0, 4, 768, 0, 0, 0, 0, 0, 0, 0, 0, 0, 0, 0, 0, 0]",2,128,768.0,9216.0,5155025986,5155034093,5155034371,5155036707,0,85983,85983,-1,1,8107,2336,4,160,160,1
12,3,"[4, 768, 0, 0, 0, 0, 0, 0, 0, 0, 0, 0, 0, 0, 0, 4, 768, 0, 0, 0, 0, 0, 0, 0, 0, 0, 0, 0, 0, 0]",2,128,768.0,9216.0,5155114641,5155122308,5155122690,5155124898,0,85023,85023,-1,1,7667,2208,4,160,160,1
16,3,"[4, 768, 0, 0, 0, 0, 0, 0, 0, 0, 0, 0, 0, 0, 0, 4, 0, 0, 0, 0, 0, 0, 0, 0, 0, 0, 0, 0, 0, 0]",2,128,768.0,6148.0,5155201539,5155209652,5155209921,5155212193,0,82847,82847,-1,1,8113,2272,4,160,160,1
12,3,"[4, 768, 0, 0, 0, 0, 0, 0, 0, 0, 0, 0, 0, 0, 0, 4, 768, 0, 0, 0, 0, 0, 0, 0, 0, 0, 0, 0, 0, 0]",2,128,768.0,9216.0,5155287004,5155294909,5155295040,5155297408,0,84863,84863,-1,1,7905,2368,4,160,160,1
12,3,"[4, 768, 0, 0, 0, 0, 0, 0, 0, 0, 0, 0, 0, 0, 0, 4, 768, 0, 0, 0, 0, 0, 0, 0, 0, 0, 0, 0, 0, 0]",2,128,768.0,9216.0,5155374288,5155381865,5155382271,5155384639,0,85823,85823,-1,1,7577,2368,4,160,160,1
16,3,"[4, 48, 768, 1, 1, 0, 0, 0, 0, 0, 0, 0, 0, 0, 0, 4, 0, 0, 0, 0, 0, 0, 0, 0, 0, 0, 0, 0, 0, 0]",72,128,36864.0,294916.0,5155462446,5155470241,5155470462,5155473438,0,86879,86879,-1,1,7795,2976,4,160,160,1
12,3,"[4, 48, 768, 1, 1, 0, 0, 0, 0, 0, 0, 0, 0, 0, 0, 4, 48, 768, 1, 1, 0, 0, 0, 0, 0, 0, 0, 0, 0, 0]",72,128,36864.0,442368.0,5155552150,5155560039,5155560317,5155563612,0,84575,84575,-1,1,7889,3295,4,160,160,1
12,3,"[4, 48, 768, 1, 1, 0, 0, 0, 0, 0, 0, 0, 0, 0, 0, 4, 48, 768, 1, 1, 0, 0, 0, 0, 0, 0, 0, 0, 0, 0]",72,128,36864.0,442368.0,5155640075,5155647869,5155648187,5155651003,0,85439,85439,-1,1,7794,2816,4,160,160,1
16,3,"[4, 48, 0, 0, 0, 0, 0, 0, 0, 0, 0, 0, 0, 0, 0, 4, 0, 0, 0, 0, 0, 0, 0, 0, 0, 0, 0, 0, 0, 0]",1,128,48.0,388.0,5155728083,5155736243,5155736442,5155738618,0,84159,84159,-1,1,8160,2176,4,160,160,1
12,3,"[4, 48, 0, 0, 0, 0, 0, 0, 0, 0, 0, 0, 0, 0, 0, 4, 48, 0, 0, 0, 0, 0, 0, 0, 0, 0, 0, 0, 0, 0]",1,128,48.0,576.0,5155814654,5155822460,5155822777,5155825017,0,85183,85183,-1,1,7806,2240,4,160,160,1
12,3,"[4, 48, 0, 0, 0, 0, 0, 0, 0, 0, 0, 0, 0, 0, 0, 4, 48, 0, 0, 0, 0, 0, 0, 0, 0, 0, 0, 0, 0, 0]",1,128,48.0,576.0,5155901876,5155909788,5155910200,5155912408,0,89631,89631,-1,1,7912,2208,4,160,160,1
16,3,"[4, 768, 48, 1, 1, 0, 0, 0, 0, 0, 0, 0, 0, 0, 0, 4, 0, 0, 0, 0, 0, 0, 0, 0, 0, 0, 0, 0, 0, 0]",72,128,36864.0,294916.0,5155993475,5156001692,5156002039,5156004951,0,84959,84959,-1,1,8217,2912,4,160,160,1
12,3,"[4, 768, 48, 1, 1, 0, 0, 0, 0, 0, 0, 0, 0, 0, 0, 4, 768, 48, 1, 1, 0, 0, 0, 0, 0, 0, 0, 0, 0, 0]",72,128,36864.0,442368.0,5156081864,5156089587,5156089910,5156093142,0,86495,86495,-1,1,7723,3232,4,160,160,1
12,3,"[4, 768, 48, 1, 1, 0, 0, 0, 0, 0, 0, 0, 0, 0, 0, 4, 768, 48, 1, 1, 0, 0, 0, 0, 0, 0, 0, 0, 0, 0]",72,128,36864.0,442368.0,5156171408,5156179254,5156179637,5156182421,0,87838,87838,-1,1,7846,2784,4,160,160,1
16,3,"[4, 768, 0, 0, 0, 0, 0, 0, 0, 0, 0, 0, 0, 0, 0, 4, 0, 0, 0, 0, 0, 0, 0, 0, 0, 0, 0, 0, 0, 0]",2,128,768.0,6148.0,5156261727,5156270011,5156270259,5156272564,0,86174,86174,-1,1,8284,2305,4,160,160,1
12,3,"[4, 768, 0, 0, 0, 0, 0, 0, 0, 0, 0, 0, 0, 0, 0, 4, 768, 0, 0, 0, 0, 0, 0, 0, 0, 0, 0, 0, 0, 0]",2,128,768.0,9216.0,5156350622,5156358436,5156358738,5156360914,0,86175,86175,-1,1,7814,2176,4,160,160,1
12,3,"[4, 768, 0, 0, 0, 0, 0, 0, 0, 0, 0, 0, 0, 0, 0, 4, 768, 0, 0, 0, 0, 0, 0, 0, 0, 0, 0, 0, 0, 0]",2,128,768.0,9216.0,5156439143,5156446728,5156447089,5156449361,0,87007,87007,-1,1,7585,2272,4,160,160,1
16,3,"[4, 192, 768, 1, 1, 0, 0, 0, 0, 0, 0, 0, 0, 0, 0, 4, 0, 0, 0, 0, 0, 0, 0, 0, 0, 0, 0, 0, 0, 0]",288,128,147456.0,1179652.0,5156527764,5156536099,5156536368,5156542096,0,84383,84383,-1,1,8335,5728,4,160,160,1
12,3,"[4, 192, 768, 1, 1, 0, 0, 0, 0, 0, 0, 0, 0, 0, 0, 4, 192, 768, 1, 1, 0, 0, 0, 0, 0, 0, 0, 0, 0, 0]",288,128,147456.0,1769472.0,5156617909,5156626114,5156626479,5156631983,0,84671,84671,-1,1,8205,5504,4,160,160,1
12,3,"[4, 192, 768, 1, 1, 0, 0, 0, 0, 0, 0, 0, 0, 0, 0, 4, 192, 768, 1, 1, 0, 0, 0, 0, 0, 0, 0, 0, 0, 0]",288,128,147456.0,1769472.0,5156708233,5156716320,5156716654,5156721934,0,83231,83231,-1,1,8087,5280,4,160,160,1
16,3,"[4, 192, 0, 0, 0, 0, 0, 0, 0, 0, 0, 0, 0, 0, 0, 4, 0, 0, 0, 0, 0, 0, 0, 0, 0, 0, 0, 0, 0, 0]",1,128,192.0,1540.0,5156796924,5156805042,5156805165,5156807725,0,86527,86527,-1,1,8118,2560,4,160,160,1
12,3,"[4, 192, 0, 0, 0, 0, 0, 0, 0, 0, 0, 0, 0, 0, 0, 4, 192, 0, 0, 0, 0, 0, 0, 0, 0, 0, 0, 0, 0, 0]",1,128,192.0,2304.0,5156886061,5156895752,5156894252,5156896460,0,88671,88671,-1,1,9691,2208,4,160,160,1
12,3,"[4, 192, 0, 0, 0, 0, 0, 0, 0, 0, 0, 0, 0, 0, 0, 4, 192, 0, 0, 0, 0, 0, 0, 0, 0, 0, 0, 0, 0, 0]",1,128,192.0,2304.0,5156976952,5156985057,5156985131,5156987530,0,86175,86175,-1,1,8105,2399,4,160,160,1
16,3,"[4, 192, 0, 0, 0, 0, 0, 0, 0, 0, 0, 0, 0, 0, 0, 4, 0, 0, 0, 0, 0, 0, 0, 0, 0, 0, 0, 0, 0, 0]",1,128,192.0,1540.0,5157064987,5157073496,5157073705,5157076009,0,230141,230141,-1,1,8509,2304,4,160,160,1
12,3,"[4, 192, 0, 0, 0, 0, 0, 0, 0, 0, 0, 0, 0, 0, 0, 4, 192, 0, 0, 0, 0, 0, 0, 0, 0, 0, 0, 0, 0, 0]",1,128,192.0,2304.0,5157295268,5157306066,5157306150,5157308359,0,99038,99038,-1,1,10798,2209,4,160,160,1
12,3,"[4, 192, 0, 0, 0, 0, 0, 0, 0, 0, 0, 0, 0, 0, 0, 4, 192, 0, 0, 0, 0, 0, 0, 0, 0, 0, 0, 0, 0, 0]",1,128,192.0,2304.0,5157398377,5157407093,5157407397,5157409765,0,92799,92799,-1,1,8716,2368,4,160,160,1
16,3,"[4, 768, 192, 1, 1, 0, 0, 0, 0, 0, 0, 0, 0, 0, 0, 4, 0, 0, 0, 0, 0, 0, 0, 0, 0, 0, 0, 0, 0, 0]",288,128,147456.0,1179652.0,5157493677,5157502510,5157502564,5157508932,0,84127,84127,-1,1,8833,6368,4,160,160,1
12,3,"[4, 768, 192, 1, 1, 0, 0, 0, 0, 0, 0, 0, 0, 0, 0, 4, 768, 192, 1, 1, 0, 0, 0, 0, 0, 0, 0, 0, 0, 0]",288,128,147456.0,1769472.0,5157584554,5157592828,5157593059,5157598339,0,94111,94111,-1,1,8274,5280,4,160,160,1
12,3,"[4, 768, 192, 1, 1, 0, 0, 0, 0, 0, 0, 0, 0, 0, 0, 4, 768, 192, 1, 1, 0, 0, 0, 0, 0, 0, 0, 0, 0, 0]",288,128,147456.0,1769472.0,5157683488,5157692106,5157692450,5157697313,0,88191,88191,-1,1,8618,4863,4,160,160,1
16,3,"[4, 768, 0, 0, 0, 0, 0, 0, 0, 0, 0, 0, 0, 0, 0, 4, 0, 0, 0, 0, 0, 0, 0, 0, 0, 0, 0, 0, 0, 0]",2,128,768.0,6148.0,5157776404,5157785363,5157785504,5157787712,0,85855,85855,-1,1,8959,2208,4,160,160,1
12,3,"[4, 768, 0, 0, 0, 0, 0, 0, 0, 0, 0, 0, 0, 0, 0, 4, 768, 0, 0, 0, 0, 0, 0, 0, 0, 0, 0, 0, 0, 0]",2,128,768.0,9216.0,5157865303,5157873236,5157873567,5157875935,0,85311,85311,-1,1,7933,2368,4,160,160,1
12,3,"[4, 768, 0, 0, 0, 0, 0, 0, 0, 0, 0, 0, 0, 0, 0, 4, 768, 0, 0, 0, 0, 0, 0, 0, 0, 0, 0, 0, 0, 0]",2,128,768.0,9216.0,5157953044,5157960967,5157961246,5157963582,0,87583,87583,-1,1,7923,2336,4,160,160,1
16,3,"[4, 768, 0, 0, 0, 0, 0, 0, 0, 0, 0, 0, 0, 0, 0, 4, 0, 0, 0, 0, 0, 0, 0, 0, 0, 0, 0, 0, 0, 0]",2,128,768.0,6148.0,5158042732,5158053368,5158051165,5158053341,0,92158,92158,-1,1,10636,2176,4,160,160,1
12,3,"[4, 768, 0, 0, 0, 0, 0, 0, 0, 0, 0, 0, 0, 0, 0, 4, 768, 0, 0, 0, 0, 0, 0, 0, 0, 0, 0, 0, 0, 0]",2,128,768.0,9216.0,5158137162,5158145287,5158145499,5158147836,0,87262,87262,-1,1,8125,2337,4,160,160,1
12,3,"[4, 768, 0, 0, 0, 0, 0, 0, 0, 0, 0, 0, 0, 0, 0, 4, 768, 0, 0, 0, 0, 0, 0, 0, 0, 0, 0, 0, 0, 0]",2,128,768.0,9216.0,5158226970,5158234844,5158235098,5158237466,0,87744,87744,-1,1,7874,2368,4,160,160,1
16,3,"[4, 768, 1, 3, 3, 0, 0, 0, 0, 0, 0, 0, 0, 0, 0, 4, 0, 0, 0, 0, 0, 0, 0, 0, 0, 0, 0, 0, 0, 0]",14,128,6912.0,55300.0,5158316883,5158325083,5158325210,5158327673,0,88799,88799,-1,1,8200,2463,4,160,160,1
12,3,"[4, 768, 1, 3, 3, 0, 0, 0, 0, 0, 0, 0, 0, 0, 0, 4, 768, 1, 3, 3, 0, 0, 0, 0, 0, 0, 0, 0, 0, 0]",14,128,6912.0,82944.0,5158408339,5158416199,5158416472,5158419000,0,86431,86431,-1,1,7860,2528,4,160,160,1
12,3,"[4, 768, 1, 3, 3, 0, 0, 0, 0, 0, 0, 0, 0, 0, 0, 4, 768, 1, 3, 3, 0, 0, 0, 0, 0, 0, 0, 0, 0, 0]",14,128,6912.0,82944.0,5158497302,5158505018,5158505431,5158507799,0,87487,87487,-1,1,7716,2368,4,160,160,1
16,3,"[4, 768, 0, 0, 0, 0, 0, 0, 0, 0, 0, 0, 0, 0, 0, 4, 0, 0, 0, 0, 0, 0, 0, 0, 0, 0, 0, 0, 0, 0]",2,128,768.0,6148.0,5158586442,5158595087,5158595286,5158597494,0,85791,85791,-1,1,8645,2208,4,160,160,1
12,3,"[4, 768, 0, 0, 0, 0, 0, 0, 0, 0, 0, 0, 0, 0, 0, 4, 768, 0, 0, 0, 0, 0, 0, 0, 0, 0, 0, 0, 0, 0]",2,128,768.0,9216.0,5158674646,5158682967,5158683285,5158685653,0,85951,85951,-1,1,8321,2368,4,160,160,1
12,3,"[4, 768, 0, 0, 0, 0, 0, 0, 0, 0, 0, 0, 0, 0, 0, 4, 768, 0, 0, 0, 0, 0, 0, 0, 0, 0, 0, 0, 0, 0]",2,128,768.0,9216.0,5158763228,5158771251,5158771604,5158773940,0,87263,87263,-1,1,8023,2336,4,160,160,1
16,3,"[4, 768, 0, 0, 0, 0, 0, 0, 0, 0, 0, 0, 0, 0, 0, 4, 0, 0, 0, 0, 0, 0, 0, 0, 0, 0, 0, 0, 0, 0]",2,128,768.0,6148.0,5158852860,5158861202,5158861203,5158863539,0,85727,85727,-1,1,8342,2336,4,160,160,1
12,3,"[4, 768, 0, 0, 0, 0, 0, 0, 0, 0, 0, 0, 0, 0, 0, 4, 768, 0, 0, 0, 0, 0, 0, 0, 0, 0, 0, 0, 0, 0]",2,128,768.0,9216.0,5158941019,5158948864,5158949266,5158951537,0,85344,85344,-1,1,7845,2271,4,160,160,1
12,3,"[4, 768, 0, 0, 0, 0, 0, 0, 0, 0, 0, 0, 0, 0, 0, 4, 768, 0, 0, 0, 0, 0, 0, 0, 0, 0, 0, 0, 0, 0]",2,128,768.0,9216.0,5159028411,5159038494,5159036881,5159039152,0,89311,89311,-1,1,10083,2271,4,160,160,1
16,3,"[4, 48, 768, 1, 1, 0, 0, 0, 0, 0, 0, 0, 0, 0, 0, 4, 0, 0, 0, 0, 0, 0, 0, 0, 0, 0, 0, 0, 0, 0]",72,128,36864.0,294916.0,5159119768,5159128331,5159128463,5159131471,0,85631,85631,-1,1,8563,3008,4,160,160,1
12,3,"[4, 48, 768, 1, 1, 0, 0, 0, 0, 0, 0, 0, 0, 0, 0, 4, 48, 768, 1, 1, 0, 0, 0, 0, 0, 0, 0, 0, 0, 0]",72,128,36864.0,442368.0,5159208883,5159216676,5159217102,5159220974,0,86047,86047,-1,1,7793,3872,4,160,160,1
12,3,"[4, 48, 768, 1, 1, 0, 0, 0, 0, 0, 0, 0, 0, 0, 0, 4, 48, 768, 1, 1, 0, 0, 0, 0, 0, 0, 0, 0, 0, 0]",72,128,36864.0,442368.0,5159298776,5159306489,5159307021,5159309773,0,85503,85503,-1,1,7713,2752,4,160,160,1
16,3,"[4, 48, 0, 0, 0, 0, 0, 0, 0, 0, 0, 0, 0, 0, 0, 4, 0, 0, 0, 0, 0, 0, 0, 0, 0, 0, 0, 0, 0, 0]",1,128,48.0,388.0,5159386661,5159394975,5159395276,5159397388,0,86399,86399,-1,1,8314,2112,4,160,160,1
12,3,"[4, 48, 0, 0, 0, 0, 0, 0, 0, 0, 0, 0, 0, 0, 0, 4, 48, 0, 0, 0, 0, 0, 0, 0, 0, 0, 0, 0, 0, 0]",1,128,48.0,576.0,5159475454,5159483397,5159483787,5159485994,0,84512,84512,-1,1,7943,2207,4,160,160,1
12,3,"[4, 48, 0, 0, 0, 0, 0, 0, 0, 0, 0, 0, 0, 0, 0, 4, 48, 0, 0, 0, 0, 0, 0, 0, 0, 0, 0, 0, 0, 0]",1,128,48.0,576.0,5159562367,5159570180,5159570506,5159572681,0,86720,86720,-1,1,7813,2175,4,160,160,1
16,3,"[4, 768, 48, 1, 1, 0, 0, 0, 0, 0, 0, 0, 0, 0, 0, 4, 0, 0, 0, 0, 0, 0, 0, 0, 0, 0, 0, 0, 0, 0]",72,128,36864.0,294916.0,5159650907,5159659291,5159659401,5159662185,0,86302,86302,-1,1,8384,2784,4,160,160,1
12,3,"[4, 768, 48, 1, 1, 0, 0, 0, 0, 0, 0, 0, 0, 0, 0, 4, 768, 48, 1, 1, 0, 0, 0, 0, 0, 0, 0, 0, 0, 0]",72,128,36864.0,442368.0,5159740187,5159748239,5159748487,5159751783,0,85151,85151,-1,1,8052,3296,4,160,160,1
12,3,"[4, 768, 48, 1, 1, 0, 0, 0, 0, 0, 0, 0, 0, 0, 0, 4, 768, 48, 1, 1, 0, 0, 0, 0, 0, 0, 0, 0, 0, 0]",72,128,36864.0,442368.0,5159828762,5159836563,5159836934,5159839654,0,84127,84127,-1,1,7801,2720,4,160,160,1
16,3,"[4, 768, 0, 0, 0, 0, 0, 0, 0, 0, 0, 0, 0, 0, 0, 4, 0, 0, 0, 0, 0, 0, 0, 0, 0, 0, 0, 0, 0, 0]",2,128,768.0,6148.0,5159915584,5159923543,5159923781,5159925989,0,85599,85599,-1,1,7959,2208,4,160,160,1
12,3,"[4, 768, 0, 0, 0, 0, 0, 0, 0, 0, 0, 0, 0, 0, 0, 4, 768, 0, 0, 0, 0, 0, 0, 0, 0, 0, 0, 0, 0, 0]",2,128,768.0,9216.0,5160003417,5160013363,5160011588,5160013924,0,89311,89311,-1,1,9946,2336,4,160,160,1
12,3,"[4, 768, 0, 0, 0, 0, 0, 0, 0, 0, 0, 0, 0, 0, 0, 4, 768, 0, 0, 0, 0, 0, 0, 0, 0, 0, 0, 0, 0, 0]",2,128,768.0,9216.0,5160094910,5160102846,5160103235,5160105411,0,87934,87934,-1,1,7936,2176,4,160,160,1
16,3,"[4, 192, 768, 1, 1, 0, 0, 0, 0, 0, 0, 0, 0, 0, 0, 4, 0, 0, 0, 0, 0, 0, 0, 0, 0, 0, 0, 0, 0, 0]",288,128,147456.0,1179652.0,5160184984,5160193234,5160193345,5160199010,0,84831,84831,-1,1,8250,5665,4,160,160,1
12,3,"[4, 192, 768, 1, 1, 0, 0, 0, 0, 0, 0, 0, 0, 0, 0, 4, 192, 768, 1, 1, 0, 0, 0, 0, 0, 0, 0, 0, 0, 0]",288,128,147456.0,1769472.0,5160275857,5160283736,5160283841,5160289057,0,85630,85630,-1,1,7879,5216,4,160,160,1
12,3,"[4, 192, 768, 1, 1, 0, 0, 0, 0, 0, 0, 0, 0, 0, 0, 4, 192, 768, 1, 1, 0, 0, 0, 0, 0, 0, 0, 0, 0, 0]",288,128,147456.0,1769472.0,5160366546,5160374242,5160374687,5160379391,0,82687,82687,-1,1,7696,4704,4,160,160,1
16,3,"[4, 192, 0, 0, 0, 0, 0, 0, 0, 0, 0, 0, 0, 0, 0, 4, 0, 0, 0, 0, 0, 0, 0, 0, 0, 0, 0, 0, 0, 0]",1,128,192.0,1540.0,5160453747,5160461902,5160462078,5160464318,0,86335,86335,-1,1,8155,2240,4,160,160,1
12,3,"[4, 192, 0, 0, 0, 0, 0, 0, 0, 0, 0, 0, 0, 0, 0, 4, 192, 0, 0, 0, 0, 0, 0, 0, 0, 0, 0, 0, 0, 0]",1,128,192.0,2304.0,5160542450,5160550528,5160550653,5160553021,0,86719,86719,-1,1,8078,2368,4,160,160,1
12,3,"[4, 192, 0, 0, 0, 0, 0, 0, 0, 0, 0, 0, 0, 0, 0, 4, 192, 0, 0, 0, 0, 0, 0, 0, 0, 0, 0, 0, 0, 0]",1,128,192.0,2304.0,5160631210,5160639363,5160639740,5160642076,0,86175,86175,-1,1,8153,2336,4,160,160,1
16,3,"[4, 192, 0, 0, 0, 0, 0, 0, 0, 0, 0, 0, 0, 0, 0, 4, 0, 0, 0, 0, 0, 0, 0, 0, 0, 0, 0, 0, 0, 0]",1,128,192.0,1540.0,5160719868,5160728031,5160728251,5160730523,0,85599,85599,-1,1,8163,2272,4,160,160,1
12,3,"[4, 192, 0, 0, 0, 0, 0, 0, 0, 0, 0, 0, 0, 0, 0, 4, 192, 0, 0, 0, 0, 0, 0, 0, 0, 0, 0, 0, 0, 0]",1,128,192.0,2304.0,5160807462,5160815381,5160816122,5160818330,0,86047,86047,-1,1,7919,2208,4,160,160,1
12,3,"[4, 192, 0, 0, 0, 0, 0, 0, 0, 0, 0, 0, 0, 0, 0, 4, 192, 0, 0, 0, 0, 0, 0, 0, 0, 0, 0, 0, 0, 0]",1,128,192.0,2304.0,5160895791,5160904034,5160904377,5160906777,0,87135,87135,-1,1,8243,2400,4,160,160,1
16,3,"[4, 768, 192, 1, 1, 0, 0, 0, 0, 0, 0, 0, 0, 0, 0, 4, 0, 0, 0, 0, 0, 0, 0, 0, 0, 0, 0, 0, 0, 0]",288,128,147456.0,1179652.0,5160985446,5160995804,5160993912,5161000151,0,239901,239901,-1,1,10358,6239,4,160,160,1
12,3,"[4, 768, 192, 1, 1, 0, 0, 0, 0, 0, 0, 0, 0, 0, 0, 4, 768, 192, 1, 1, 0, 0, 0, 0, 0, 0, 0, 0, 0, 0]",288,128,147456.0,1769472.0,5161228785,5161239878,5161240052,5161245364,0,90559,90559,-1,1,11093,5312,4,160,160,1
12,3,"[4, 768, 192, 1, 1, 0, 0, 0, 0, 0, 0, 0, 0, 0, 0, 4, 768, 192, 1, 1, 0, 0, 0, 0, 0, 0, 0, 0, 0, 0]",288,128,147456.0,1769472.0,5161327316,5161335668,5161335923,5161341235,0,89855,89855,-1,1,8352,5312,4,160,160,1
16,3,"[4, 768, 0, 0, 0, 0, 0, 0, 0, 0, 0, 0, 0, 0, 0, 4, 0, 0, 0, 0, 0, 0, 0, 0, 0, 0, 0, 0, 0, 0]",2,128,768.0,6148.0,5161422046,5161430982,5161431090,5161433394,0,88831,88831,-1,1,8936,2304,4,160,160,1
12,3,"[4, 768, 0, 0, 0, 0, 0, 0, 0, 0, 0, 0, 0, 0, 0, 4, 768, 0, 0, 0, 0, 0, 0, 0, 0, 0, 0, 0, 0, 0]",2,128,768.0,9216.0,5161513744,5161522018,5161522225,5161524561,0,87839,87839,-1,1,8274,2336,4,160,160,1
12,3,"[4, 768, 0, 0, 0, 0, 0, 0, 0, 0, 0, 0, 0, 0, 0, 4, 768, 0, 0, 0, 0, 0, 0, 0, 0, 0, 0, 0, 0, 0]",2,128,768.0,9216.0,5161604139,5161612006,5161612400,5161614736,0,96094,96094,-1,1,7867,2336,4,160,160,1
16,3,"[4, 768, 0, 0, 0, 0, 0, 0, 0, 0, 0, 0, 0, 0, 0, 4, 0, 0, 0, 0, 0, 0, 0, 0, 0, 0, 0, 0, 0, 0]",2,128,768.0,6148.0,5161701589,5161710685,5161710830,5161713102,0,88543,88543,-1,1,9096,2272,4,160,160,1
12,3,"[4, 768, 0, 0, 0, 0, 0, 0, 0, 0, 0, 0, 0, 0, 0, 4, 768, 0, 0, 0, 0, 0, 0, 0, 0, 0, 0, 0, 0, 0]",2,128,768.0,9216.0,5161793155,5161801365,5161801645,5161804077,0,87231,87231,-1,1,8210,2432,4,160,160,1
12,3,"[4, 768, 0, 0, 0, 0, 0, 0, 0, 0, 0, 0, 0, 0, 0, 4, 768, 0, 0, 0, 0, 0, 0, 0, 0, 0, 0, 0, 0, 0]",2,128,768.0,9216.0,5161883001,5161890932,5161891308,5161893644,0,88159,88159,-1,1,7931,2336,4,160,160,1
16,3,"[4, 768, 1, 3, 3, 0, 0, 0, 0, 0, 0, 0, 0, 0, 0, 4, 0, 0, 0, 0, 0, 0, 0, 0, 0, 0, 0, 0, 0, 0]",14,128,6912.0,55300.0,5161973168,5161981825,5161981803,5161984267,0,87263,87263,-1,1,8657,2464,4,160,160,1
12,3,"[4, 768, 1, 3, 3, 0, 0, 0, 0, 0, 0, 0, 0, 0, 0, 4, 768, 1, 3, 3, 0, 0, 0, 0, 0, 0, 0, 0, 0, 0]",14,128,6912.0,82944.0,5162063135,5162071229,5162071530,5162073994,0,88671,88671,-1,1,8094,2464,4,160,160,1
12,3,"[4, 768, 1, 3, 3, 0, 0, 0, 0, 0, 0, 0, 0, 0, 0, 4, 768, 1, 3, 3, 0, 0, 0, 0, 0, 0, 0, 0, 0, 0]",14,128,6912.0,82944.0,5162154335,5162162246,5162162665,5162165129,0,87710,87710,-1,1,7911,2464,4,160,160,1
16,3,"[4, 768, 0, 0, 0, 0, 0, 0, 0, 0, 0, 0, 0, 0, 0, 4, 0, 0, 0, 0, 0, 0, 0, 0, 0, 0, 0, 0, 0, 0]",2,128,768.0,6148.0,5162244296,5162252642,5162252839,5162255112,0,86942,86942,-1,1,8346,2273,4,160,160,1
12,3,"[4, 768, 0, 0, 0, 0, 0, 0, 0, 0, 0, 0, 0, 0, 0, 4, 768, 0, 0, 0, 0, 0, 0, 0, 0, 0, 0, 0, 0, 0]",2,128,768.0,9216.0,5162333581,5162341672,5162342054,5162344422,0,84735,84735,-1,1,8091,2368,4,160,160,1
12,3,"[4, 768, 0, 0, 0, 0, 0, 0, 0, 0, 0, 0, 0, 0, 0, 4, 768, 0, 0, 0, 0, 0, 0, 0, 0, 0, 0, 0, 0, 0]",2,128,768.0,9216.0,5162420809,5162428877,5162429157,5162431365,0,86751,86751,-1,1,8068,2208,4,160,160,1
16,3,"[4, 768, 0, 0, 0, 0, 0, 0, 0, 0, 0, 0, 0, 0, 0, 4, 0, 0, 0, 0, 0, 0, 0, 0, 0, 0, 0, 0, 0, 0]",2,128,768.0,6148.0,5162509691,5162517903,5162518116,5162520420,0,85631,85631,-1,1,8212,2304,4,160,160,1
12,3,"[4, 768, 0, 0, 0, 0, 0, 0, 0, 0, 0, 0, 0, 0, 0, 4, 768, 0, 0, 0, 0, 0, 0, 0, 0, 0, 0, 0, 0, 0]",2,128,768.0,9216.0,5162597616,5162605701,5162606051,5162608323,0,85983,85983,-1,1,8085,2272,4,160,160,1
12,3,"[4, 768, 0, 0, 0, 0, 0, 0, 0, 0, 0, 0, 0, 0, 0, 4, 768, 0, 0, 0, 0, 0, 0, 0, 0, 0, 0, 0, 0, 0]",2,128,768.0,9216.0,5162685957,5162693847,5162694306,5162696578,0,88287,88287,-1,1,7890,2272,4,160,160,1
16,3,"[4, 48, 768, 1, 1, 0, 0, 0, 0, 0, 0, 0, 0, 0, 0, 4, 0, 0, 0, 0, 0, 0, 0, 0, 0, 0, 0, 0, 0, 0]",72,128,36864.0,294916.0,5162776322,5162784583,5162784865,5162787809,0,84991,84991,-1,1,8261,2944,4,160,160,1
12,3,"[4, 48, 768, 1, 1, 0, 0, 0, 0, 0, 0, 0, 0, 0, 0, 4, 48, 768, 1, 1, 0, 0, 0, 0, 0, 0, 0, 0, 0, 0]",72,128,36864.0,442368.0,5162864605,5162872402,5162872800,5162876224,0,85599,85599,-1,1,7797,3424,4,160,160,1
12,3,"[4, 48, 768, 1, 1, 0, 0, 0, 0, 0, 0, 0, 0, 0, 0, 4, 48, 768, 1, 1, 0, 0, 0, 0, 0, 0, 0, 0, 0, 0]",72,128,36864.0,442368.0,5162953526,5162961403,5162961823,5162964703,0,85311,85311,-1,1,7877,2880,4,160,160,1
16,3,"[4, 48, 0, 0, 0, 0, 0, 0, 0, 0, 0, 0, 0, 0, 0, 4, 0, 0, 0, 0, 0, 0, 0, 0, 0, 0, 0, 0, 0, 0]",1,128,48.0,388.0,5163041356,5163049762,5163050014,5163052189,0,86783,86783,-1,1,8406,2175,4,160,160,1
12,3,"[4, 48, 0, 0, 0, 0, 0, 0, 0, 0, 0, 0, 0, 0, 0, 4, 48, 0, 0, 0, 0, 0, 0, 0, 0, 0, 0, 0, 0, 0]",1,128,48.0,576.0,5163130564,5163138712,5163138972,5163141276,0,85375,85375,-1,1,8148,2304,4,160,160,1
12,3,"[4, 48, 0, 0, 0, 0, 0, 0, 0, 0, 0, 0, 0, 0, 0, 4, 48, 0, 0, 0, 0, 0, 0, 0, 0, 0, 0, 0, 0, 0]",1,128,48.0,576.0,5163218478,5163226232,5163226651,5163228827,0,88319,88319,-1,1,7754,2176,4,160,160,1
16,3,"[4, 768, 48, 1, 1, 0, 0, 0, 0, 0, 0, 0, 0, 0, 0, 4, 0, 0, 0, 0, 0, 0, 0, 0, 0, 0, 0, 0, 0, 0]",72,128,36864.0,294916.0,5163308621,5163316849,5163317146,5163320122,0,85791,85791,-1,1,8228,2976,4,160,160,1
12,3,"[4, 768, 48, 1, 1, 0, 0, 0, 0, 0, 0, 0, 0, 0, 0, 4, 768, 48, 1, 1, 0, 0, 0, 0, 0, 0, 0, 0, 0, 0]",72,128,36864.0,442368.0,5163397620,5163405589,5163405913,5163409209,0,83999,83999,-1,1,7969,3296,4,160,160,1
12,3,"[4, 768, 48, 1, 1, 0, 0, 0, 0, 0, 0, 0, 0, 0, 0, 4, 768, 48, 1, 1, 0, 0, 0, 0, 0, 0, 0, 0, 0, 0]",72,128,36864.0,442368.0,5163484947,5163492897,5163493208,5163495960,0,85823,85823,-1,1,7950,2752,4,160,160,1
16,3,"[4, 768, 0, 0, 0, 0, 0, 0, 0, 0, 0, 0, 0, 0, 0, 4, 0, 0, 0, 0, 0, 0, 0, 0, 0, 0, 0, 0, 0, 0]",2,128,768.0,6148.0,5163573018,5163581462,5163581783,5163584086,0,84864,84864,-1,1,8444,2303,4,160,160,1
12,3,"[4, 768, 0, 0, 0, 0, 0, 0, 0, 0, 0, 0, 0, 0, 0, 4, 768, 0, 0, 0, 0, 0, 0, 0, 0, 0, 0, 0, 0, 0]",2,128,768.0,9216.0,5163660774,5163668598,5163668950,5163671285,0,86239,86239,-1,1,7824,2335,4,160,160,1
12,3,"[4, 768, 0, 0, 0, 0, 0, 0, 0, 0, 0, 0, 0, 0, 0, 4, 768, 0, 0, 0, 0, 0, 0, 0, 0, 0, 0, 0, 0, 0]",2,128,768.0,9216.0,5163749250,5163757206,5163757524,5163759733,0,86943,86943,-1,1,7956,2209,4,160,160,1
16,3,"[4, 192, 768, 1, 1, 0, 0, 0, 0, 0, 0, 0, 0, 0, 0, 4, 0, 0, 0, 0, 0, 0, 0, 0, 0, 0, 0, 0, 0, 0]",288,128,147456.0,1179652.0,5163838377,5163846525,5163846676,5163852659,0,82335,82335,-1,1,8148,5983,4,160,160,1
12,3,"[4, 192, 768, 1, 1, 0, 0, 0, 0, 0, 0, 0, 0, 0, 0, 4, 192, 768, 1, 1, 0, 0, 0, 0, 0, 0, 0, 0, 0, 0]",288,128,147456.0,1769472.0,5163926865,5163934655,5163934994,5163940498,0,83135,83135,-1,1,7790,5504,4,160,160,1
12,3,"[4, 192, 768, 1, 1, 0, 0, 0, 0, 0, 0, 0, 0, 0, 0, 4, 192, 768, 1, 1, 0, 0, 0, 0, 0, 0, 0, 0, 0, 0]",288,128,147456.0,1769472.0,5164014960,5164023268,5164023633,5164028593,0,87775,87775,-1,1,8308,4960,4,160,160,1
16,3,"[4, 192, 0, 0, 0, 0, 0, 0, 0, 0, 0, 0, 0, 0, 0, 4, 0, 0, 0, 0, 0, 0, 0, 0, 0, 0, 0, 0, 0, 0]",1,128,192.0,1540.0,5164107515,5164116046,5164116368,5164118672,0,86079,86079,-1,1,8531,2304,4,160,160,1
12,3,"[4, 192, 0, 0, 0, 0, 0, 0, 0, 0, 0, 0, 0, 0, 0, 4, 192, 0, 0, 0, 0, 0, 0, 0, 0, 0, 0, 0, 0, 0]",1,128,192.0,2304.0,5164196611,5164204419,5164204751,5164206991,0,88319,88319,-1,1,7808,2240,4,160,160,1
12,3,"[4, 192, 0, 0, 0, 0, 0, 0, 0, 0, 0, 0, 0, 0, 0, 4, 192, 0, 0, 0, 0, 0, 0, 0, 0, 0, 0, 0, 0, 0]",1,128,192.0,2304.0,5164287260,5164294966,5164295310,5164297614,0,87038,87038,-1,1,7706,2304,4,160,160,1
16,3,"[4, 192, 0, 0, 0, 0, 0, 0, 0, 0, 0, 0, 0, 0, 0, 4, 0, 0, 0, 0, 0, 0, 0, 0, 0, 0, 0, 0, 0, 0]",1,128,192.0,1540.0,5164376093,5164384427,5164384652,5164386924,0,87519,87519,-1,1,8334,2272,4,160,160,1
12,3,"[4, 192, 0, 0, 0, 0, 0, 0, 0, 0, 0, 0, 0, 0, 0, 4, 192, 0, 0, 0, 0, 0, 0, 0, 0, 0, 0, 0, 0, 0]",1,128,192.0,2304.0,5164466321,5164474068,5164474443,5164476715,0,87071,87071,-1,1,7747,2272,4,160,160,1
12,3,"[4, 192, 0, 0, 0, 0, 0, 0, 0, 0, 0, 0, 0, 0, 0, 4, 192, 0, 0, 0, 0, 0, 0, 0, 0, 0, 0, 0, 0, 0]",1,128,192.0,2304.0,5164555308,5164563413,5164563786,5164566026,0,88575,88575,-1,1,8105,2240,4,160,160,1
16,3,"[4, 768, 192, 1, 1, 0, 0, 0, 0, 0, 0, 0, 0, 0, 0, 4, 0, 0, 0, 0, 0, 0, 0, 0, 0, 0, 0, 0, 0, 0]",288,128,147456.0,1179652.0,5164646334,5164654433,5164654601,5164660617,0,83455,83455,-1,1,8099,6016,4,160,160,1
12,3,"[4, 768, 192, 1, 1, 0, 0, 0, 0, 0, 0, 0, 0, 0, 0, 4, 768, 192, 1, 1, 0, 0, 0, 0, 0, 0, 0, 0, 0, 0]",288,128,147456.0,1769472.0,5164735479,5164744122,5164744072,5164749640,0,84927,84927,-1,1,8643,5568,4,160,160,1
12,3,"[4, 768, 192, 1, 1, 0, 0, 0, 0, 0, 0, 0, 0, 0, 0, 4, 768, 192, 1, 1, 0, 0, 0, 0, 0, 0, 0, 0, 0, 0]",288,128,147456.0,1769472.0,5164826316,5164834239,5164834567,5164839495,0,230269,230269,-1,1,7923,4928,4,160,160,1
16,3,"[4, 768, 0, 0, 0, 0, 0, 0, 0, 0, 0, 0, 0, 0, 0, 4, 0, 0, 0, 0, 0, 0, 0, 0, 0, 0, 0, 0, 0, 0]",2,128,768.0,6148.0,5165058820,5165069903,5165069764,5165072036,0,98335,98335,-1,1,11083,2272,4,160,160,1
12,3,"[4, 768, 0, 0, 0, 0, 0, 0, 0, 0, 0, 0, 0, 0, 0, 4, 768, 0, 0, 0, 0, 0, 0, 0, 0, 0, 0, 0, 0, 0]",2,128,768.0,9216.0,5165160991,5165170200,5165170371,5165172674,0,90559,90559,-1,1,9209,2303,4,160,160,1
12,3,"[4, 768, 0, 0, 0, 0, 0, 0, 0, 0, 0, 0, 0, 0, 0, 4, 768, 0, 0, 0, 0, 0, 0, 0, 0, 0, 0, 0, 0, 0]",2,128,768.0,9216.0,5165254493,5165262807,5165263233,5165265570,0,84894,84894,-1,1,8314,2337,4,160,160,1
16,3,"[4, 768, 0, 0, 0, 0, 0, 0, 0, 0, 0, 0, 0, 0, 0, 4, 0, 0, 0, 0, 0, 0, 0, 0, 0, 0, 0, 0, 0, 0]",2,128,768.0,6148.0,5165342095,5165350277,5165350464,5165352768,0,85823,85823,-1,1,8182,2304,4,160,160,1
12,3,"[4, 768, 0, 0, 0, 0, 0, 0, 0, 0, 0, 0, 0, 0, 0, 4, 768, 0, 0, 0, 0, 0, 0, 0, 0, 0, 0, 0, 0, 0]",2,128,768.0,9216.0,5165430295,5165438191,5165438591,5165440927,0,86687,86687,-1,1,7896,2336,4,160,160,1
12,3,"[4, 768, 0, 0, 0, 0, 0, 0, 0, 0, 0, 0, 0, 0, 0, 4, 768, 0, 0, 0, 0, 0, 0, 0, 0, 0, 0, 0, 0, 0]",2,128,768.0,9216.0,5165519487,5165527326,5165527614,5165529918,0,87871,87871,-1,1,7839,2304,4,160,160,1
16,3,"[4, 768, 1, 3, 3, 0, 0, 0, 0, 0, 0, 0, 0, 0, 0, 4, 0, 0, 0, 0, 0, 0, 0, 0, 0, 0, 0, 0, 0, 0]",14,128,6912.0,55300.0,5165609345,5165617536,5165617789,5165620317,0,94815,94815,-1,1,8191,2528,4,160,160,1
12,3,"[4, 768, 1, 3, 3, 0, 0, 0, 0, 0, 0, 0, 0, 0, 0, 4, 768, 1, 3, 3, 0, 0, 0, 0, 0, 0, 0, 0, 0, 0]",14,128,6912.0,82944.0,5165706510,5165714826,5165715132,5165717564,0,87743,87743,-1,1,8316,2432,4,160,160,1
12,3,"[4, 768, 1, 3, 3, 0, 0, 0, 0, 0, 0, 0, 0, 0, 0, 4, 768, 1, 3, 3, 0, 0, 0, 0, 0, 0, 0, 0, 0, 0]",14,128,6912.0,82944.0,5165797057,5165804893,5165805307,5165807739,0,87487,87487,-1,1,7836,2432,4,160,160,1
16,3,"[4, 768, 0, 0, 0, 0, 0, 0, 0, 0, 0, 0, 0, 0, 0, 4, 0, 0, 0, 0, 0, 0, 0, 0, 0, 0, 0, 0, 0, 0]",2,128,768.0,6148.0,5165886846,5165895023,5165895226,5165897594,0,88062,88062,-1,1,8177,2368,4,160,160,1
12,3,"[4, 768, 0, 0, 0, 0, 0, 0, 0, 0, 0, 0, 0, 0, 0, 4, 768, 0, 0, 0, 0, 0, 0, 0, 0, 0, 0, 0, 0, 0]",2,128,768.0,9216.0,5165977327,5165985367,5165985656,5165987992,0,85407,85407,-1,1,8040,2336,4,160,160,1
12,3,"[4, 768, 0, 0, 0, 0, 0, 0, 0, 0, 0, 0, 0, 0, 0, 4, 768, 0, 0, 0, 0, 0, 0, 0, 0, 0, 0, 0, 0, 0]",2,128,768.0,9216.0,5166065290,5166073022,5166073399,5166075735,0,85023,85023,-1,1,7732,2336,4,160,160,1
16,3,"[4, 768, 0, 0, 0, 0, 0, 0, 0, 0, 0, 0, 0, 0, 0, 4, 0, 0, 0, 0, 0, 0, 0, 0, 0, 0, 0, 0, 0, 0]",2,128,768.0,6148.0,5166152578,5166162471,5166160758,5166163030,0,89759,89759,-1,1,9893,2272,4,160,160,1
12,3,"[4, 768, 0, 0, 0, 0, 0, 0, 0, 0, 0, 0, 0, 0, 0, 4, 768, 0, 0, 0, 0, 0, 0, 0, 0, 0, 0, 0, 0, 0]",2,128,768.0,9216.0,5166244518,5166252580,5166252789,5166255093,0,87615,87615,-1,1,8062,2304,4,160,160,1
12,3,"[4, 768, 0, 0, 0, 0, 0, 0, 0, 0, 0, 0, 0, 0, 0, 4, 768, 0, 0, 0, 0, 0, 0, 0, 0, 0, 0, 0, 0, 0]",2,128,768.0,9216.0,5166334692,5166342408,5166342708,5166344948,0,87870,87870,-1,1,7716,2240,4,160,160,1
16,3,"[4, 48, 768, 1, 1, 0, 0, 0, 0, 0, 0, 0, 0, 0, 0, 4, 0, 0, 0, 0, 0, 0, 0, 0, 0, 0, 0, 0, 0, 0]",72,128,36864.0,294916.0,5166424134,5166432599,5166432818,5166435634,0,87680,87680,-1,1,8465,2816,4,160,160,1
12,3,"[4, 48, 768, 1, 1, 0, 0, 0, 0, 0, 0, 0, 0, 0, 0, 4, 48, 768, 1, 1, 0, 0, 0, 0, 0, 0, 0, 0, 0, 0]",72,128,36864.0,442368.0,5166515075,5166522994,5166523314,5166526769,0,85183,85183,-1,1,7919,3455,4,160,160,1
12,3,"[4, 48, 768, 1, 1, 0, 0, 0, 0, 0, 0, 0, 0, 0, 0, 4, 48, 768, 1, 1, 0, 0, 0, 0, 0, 0, 0, 0, 0, 0]",72,128,36864.0,442368.0,5166603886,5166611797,5166611952,5166614736,0,87263,87263,-1,1,7911,2784,4,160,160,1
16,3,"[4, 48, 0, 0, 0, 0, 0, 0, 0, 0, 0, 0, 0, 0, 0, 4, 0, 0, 0, 0, 0, 0, 0, 0, 0, 0, 0, 0, 0, 0]",1,128,48.0,388.0,5166693386,5166701765,5166701999,5166704143,0,85919,85919,-1,1,8379,2144,4,160,160,1
12,3,"[4, 48, 0, 0, 0, 0, 0, 0, 0, 0, 0, 0, 0, 0, 0, 4, 48, 0, 0, 0, 0, 0, 0, 0, 0, 0, 0, 0, 0, 0]",1,128,48.0,576.0,5166781714,5166789569,5166790062,5166792206,0,86111,86111,-1,1,7855,2144,4,160,160,1
12,3,"[4, 48, 0, 0, 0, 0, 0, 0, 0, 0, 0, 0, 0, 0, 0, 4, 48, 0, 0, 0, 0, 0, 0, 0, 0, 0, 0, 0, 0, 0]",1,128,48.0,576.0,5166870217,5166877951,5166878317,5166880493,0,87039,87039,-1,1,7734,2176,4,160,160,1
16,3,"[4, 768, 48, 1, 1, 0, 0, 0, 0, 0, 0, 0, 0, 0, 0, 4, 0, 0, 0, 0, 0, 0, 0, 0, 0, 0, 0, 0, 0, 0]",72,128,36864.0,294916.0,5166959160,5166967339,5166967532,5166970284,0,85055,85055,-1,1,8179,2752,4,160,160,1
12,3,"[4, 768, 48, 1, 1, 0, 0, 0, 0, 0, 0, 0, 0, 0, 0, 4, 768, 48, 1, 1, 0, 0, 0, 0, 0, 0, 0, 0, 0, 0]",72,128,36864.0,442368.0,5167047388,5167055064,5167055339,5167058507,0,84959,84959,-1,1,7676,3168,4,160,160,1
12,3,"[4, 768, 48, 1, 1, 0, 0, 0, 0, 0, 0, 0, 0, 0, 0, 4, 768, 48, 1, 1, 0, 0, 0, 0, 0, 0, 0, 0, 0, 0]",72,128,36864.0,442368.0,5167135128,5167144994,5167143466,5167146473,0,87296,87296,-1,1,9866,3007,4,160,160,1
16,3,"[4, 768, 0, 0, 0, 0, 0, 0, 0, 0, 0, 0, 0, 0, 0, 4, 0, 0, 0, 0, 0, 0, 0, 0, 0, 0, 0, 0, 0, 0]",2,128,768.0,6148.0,5167225465,5167233545,5167233769,5167236072,0,85311,85311,-1,1,8080,2303,4,160,160,1
12,3,"[4, 768, 0, 0, 0, 0, 0, 0, 0, 0, 0, 0, 0, 0, 0, 4, 768, 0, 0, 0, 0, 0, 0, 0, 0, 0, 0, 0, 0, 0]",2,128,768.0,9216.0,5167313108,5167321074,5167321383,5167323655,0,84831,84831,-1,1,7966,2272,4,160,160,1
12,3,"[4, 768, 0, 0, 0, 0, 0, 0, 0, 0, 0, 0, 0, 0, 0, 4, 768, 0, 0, 0, 0, 0, 0, 0, 0, 0, 0, 0, 0, 0]",2,128,768.0,9216.0,5167400737,5167408393,5167408486,5167410726,0,87807,87807,-1,1,7656,2240,4,160,160,1
16,3,"[4, 192, 768, 1, 1, 0, 0, 0, 0, 0, 0, 0, 0, 0, 0, 4, 0, 0, 0, 0, 0, 0, 0, 0, 0, 0, 0, 0, 0, 0]",288,128,147456.0,1179652.0,5167490059,5167498219,5167498533,5167504133,0,83167,83167,-1,1,8160,5600,4,160,160,1
12,3,"[4, 192, 768, 1, 1, 0, 0, 0, 0, 0, 0, 0, 0, 0, 0, 4, 192, 768, 1, 1, 0, 0, 0, 0, 0, 0, 0, 0, 0, 0]",288,128,147456.0,1769472.0,5167579116,5167586915,5167587300,5167592612,0,84287,84287,-1,1,7799,5312,4,160,160,1
12,3,"[4, 192, 768, 1, 1, 0, 0, 0, 0, 0, 0, 0, 0, 0, 0, 4, 192, 768, 1, 1, 0, 0, 0, 0, 0, 0, 0, 0, 0, 0]",288,128,147456.0,1769472.0,5167668574,5167676552,5167676899,5167681987,0,83551,83551,-1,1,7978,5088,4,160,160,1
16,3,"[4, 192, 0, 0, 0, 0, 0, 0, 0, 0, 0, 0, 0, 0, 0, 4, 0, 0, 0, 0, 0, 0, 0, 0, 0, 0, 0, 0, 0, 0]",1,128,192.0,1540.0,5167756993,5167765362,5167765538,5167767778,0,86207,86207,-1,1,8369,2240,4,160,160,1
12,3,"[4, 192, 0, 0, 0, 0, 0, 0, 0, 0, 0, 0, 0, 0, 0, 4, 192, 0, 0, 0, 0, 0, 0, 0, 0, 0, 0, 0, 0, 0]",1,128,192.0,2304.0,5167845589,5167853654,5167853985,5167856320,0,85216,85216,-1,1,8065,2335,4,160,160,1
12,3,"[4, 192, 0, 0, 0, 0, 0, 0, 0, 0, 0, 0, 0, 0, 0, 4, 192, 0, 0, 0, 0, 0, 0, 0, 0, 0, 0, 0, 0, 0]",1,128,192.0,2304.0,5167933279,5167941443,5167941536,5167943839,0,84799,84799,-1,1,8164,2303,4,160,160,1
16,3,"[4, 192, 0, 0, 0, 0, 0, 0, 0, 0, 0, 0, 0, 0, 0, 4, 0, 0, 0, 0, 0, 0, 0, 0, 0, 0, 0, 0, 0, 0]",1,128,192.0,1540.0,5168020002,5168028332,5168028638,5168031038,0,87455,87455,-1,1,8330,2400,4,160,160,1
12,3,"[4, 192, 0, 0, 0, 0, 0, 0, 0, 0, 0, 0, 0, 0, 0, 4, 192, 0, 0, 0, 0, 0, 0, 0, 0, 0, 0, 0, 0, 0]",1,128,192.0,2304.0,5168110134,5168120040,5168118493,5168120733,0,91647,91647,-1,1,9906,2240,4,160,160,1
12,3,"[4, 192, 0, 0, 0, 0, 0, 0, 0, 0, 0, 0, 0, 0, 0, 4, 192, 0, 0, 0, 0, 0, 0, 0, 0, 0, 0, 0, 0, 0]",1,128,192.0,2304.0,5168204069,5168211918,5168212380,5168214716,0,89439,89439,-1,1,7849,2336,4,160,160,1
16,3,"[4, 768, 192, 1, 1, 0, 0, 0, 0, 0, 0, 0, 0, 0, 0, 4, 0, 0, 0, 0, 0, 0, 0, 0, 0, 0, 0, 0, 0, 0]",288,128,147456.0,1179652.0,5168295903,5168303910,5168304155,5168309883,0,85215,85215,-1,1,8007,5728,4,160,160,1
12,3,"[4, 768, 192, 1, 1, 0, 0, 0, 0, 0, 0, 0, 0, 0, 0, 4, 768, 192, 1, 1, 0, 0, 0, 0, 0, 0, 0, 0, 0, 0]",288,128,147456.0,1769472.0,5168386902,5168394785,5168395098,5168400410,0,85822,85822,-1,1,7883,5312,4,160,160,1
12,3,"[4, 768, 192, 1, 1, 0, 0, 0, 0, 0, 0, 0, 0, 0, 0, 4, 768, 192, 1, 1, 0, 0, 0, 0, 0, 0, 0, 0, 0, 0]",288,128,147456.0,1769472.0,5168478230,5168485884,5168486232,5168491032,0,84607,84607,-1,1,7654,4800,4,160,160,1
16,3,"[4, 768, 0, 0, 0, 0, 0, 0, 0, 0, 0, 0, 0, 0, 0, 4, 0, 0, 0, 0, 0, 0, 0, 0, 0, 0, 0, 0, 0, 0]",2,128,768.0,6148.0,5168567185,5168575429,5168575639,5168577943,0,86783,86783,-1,1,8244,2304,4,160,160,1
12,3,"[4, 768, 0, 0, 0, 0, 0, 0, 0, 0, 0, 0, 0, 0, 0, 4, 768, 0, 0, 0, 0, 0, 0, 0, 0, 0, 0, 0, 0, 0]",2,128,768.0,9216.0,5168656538,5168664325,5168664726,5168666998,0,230941,230941,-1,1,7787,2272,4,160,160,1
12,3,"[4, 768, 0, 0, 0, 0, 0, 0, 0, 0, 0, 0, 0, 0, 0, 4, 768, 0, 0, 0, 0, 0, 0, 0, 0, 0, 0, 0, 0, 0]",2,128,768.0,9216.0,5168887662,5168897867,5168897939,5168900243,0,100223,100223,-1,1,10205,2304,4,160,160,1
16,3,"[4, 768, 0, 0, 0, 0, 0, 0, 0, 0, 0, 0, 0, 0, 0, 4, 0, 0, 0, 0, 0, 0, 0, 0, 0, 0, 0, 0, 0, 0]",2,128,768.0,6148.0,5168991322,5169000692,5169000466,5169002674,0,92191,92191,-1,1,9370,2208,4,160,160,1
12,3,"[4, 768, 0, 0, 0, 0, 0, 0, 0, 0, 0, 0, 0, 0, 0, 4, 768, 0, 0, 0, 0, 0, 0, 0, 0, 0, 0, 0, 0, 0]",2,128,768.0,9216.0,5169085931,5169094231,5169094865,5169097169,0,88703,88703,-1,1,8300,2304,4,160,160,1
12,3,"[4, 768, 0, 0, 0, 0, 0, 0, 0, 0, 0, 0, 0, 0, 0, 4, 768, 0, 0, 0, 0, 0, 0, 0, 0, 0, 0, 0, 0, 0]",2,128,768.0,9216.0,5169177593,5169185480,5169185872,5169188112,0,91070,91070,-1,1,7887,2240,4,160,160,1
16,3,"[4, 768, 1, 3, 3, 0, 0, 0, 0, 0, 0, 0, 0, 0, 0, 4, 0, 0, 0, 0, 0, 0, 0, 0, 0, 0, 0, 0, 0, 0]",14,128,6912.0,55300.0,5169270825,5169281831,5169279182,5169281615,0,92094,92094,-1,1,11006,2433,4,160,160,1
12,3,"[4, 768, 1, 3, 3, 0, 0, 0, 0, 0, 0, 0, 0, 0, 0, 4, 768, 1, 3, 3, 0, 0, 0, 0, 0, 0, 0, 0, 0, 0]",14,128,6912.0,82944.0,5169365335,5169373520,5169373709,5169376237,0,89631,89631,-1,1,8185,2528,4,160,160,1
12,3,"[4, 768, 1, 3, 3, 0, 0, 0, 0, 0, 0, 0, 0, 0, 0, 4, 768, 1, 3, 3, 0, 0, 0, 0, 0, 0, 0, 0, 0, 0]",14,128,6912.0,82944.0,5169457125,5169464980,5169465868,5169468268,0,87263,87263,-1,1,7855,2400,4,160,160,1
16,3,"[4, 768, 0, 0, 0, 0, 0, 0, 0, 0, 0, 0, 0, 0, 0, 4, 0, 0, 0, 0, 0, 0, 0, 0, 0, 0, 0, 0, 0, 0]",2,128,768.0,6148.0,5169547148,5169555337,5169555531,5169557675,0,87071,87071,-1,1,8189,2144,4,160,160,1
12,3,"[4, 768, 0, 0, 0, 0, 0, 0, 0, 0, 0, 0, 0, 0, 0, 4, 768, 0, 0, 0, 0, 0, 0, 0, 0, 0, 0, 0, 0, 0]",2,128,768.0,9216.0,5169636271,5169644243,5169644746,5169647082,0,94623,94623,-1,1,7972,2336,4,160,160,1
12,3,"[4, 768, 0, 0, 0, 0, 0, 0, 0, 0, 0, 0, 0, 0, 0, 4, 768, 0, 0, 0, 0, 0, 0, 0, 0, 0, 0, 0, 0, 0]",2,128,768.0,9216.0,5169733395,5169741484,5169741705,5169743912,0,88096,88096,-1,1,8089,2207,4,160,160,1
16,3,"[4, 768, 0, 0, 0, 0, 0, 0, 0, 0, 0, 0, 0, 0, 0, 4, 0, 0, 0, 0, 0, 0, 0, 0, 0, 0, 0, 0, 0, 0]",2,128,768.0,6148.0,5169823459,5169831872,5169832008,5169834311,0,86303,86303,-1,1,8413,2303,4,160,160,1
12,3,"[4, 768, 0, 0, 0, 0, 0, 0, 0, 0, 0, 0, 0, 0, 0, 4, 768, 0, 0, 0, 0, 0, 0, 0, 0, 0, 0, 0, 0, 0]",2,128,768.0,9216.0,5169912326,5169920370,5169920614,5169922918,0,86623,86623,-1,1,8044,2304,4,160,160,1
12,3,"[4, 768, 0, 0, 0, 0, 0, 0, 0, 0, 0, 0, 0, 0, 0, 4, 768, 0, 0, 0, 0, 0, 0, 0, 0, 0, 0, 0, 0, 0]",2,128,768.0,9216.0,5170001230,5170009124,5170009541,5170011877,0,88607,88607,-1,1,7894,2336,4,160,160,1
16,3,"[4, 48, 768, 1, 1, 0, 0, 0, 0, 0, 0, 0, 0, 0, 0, 4, 0, 0, 0, 0, 0, 0, 0, 0, 0, 0, 0, 0, 0, 0]",72,128,36864.0,294916.0,5170092212,5170100335,5170100484,5170103396,0,87007,87007,-1,1,8123,2912,4,160,160,1
12,3,"[4, 48, 768, 1, 1, 0, 0, 0, 0, 0, 0, 0, 0, 0, 0, 4, 48, 768, 1, 1, 0, 0, 0, 0, 0, 0, 0, 0, 0, 0]",72,128,36864.0,442368.0,5170182276,5170190098,5170190403,5170193955,0,86943,86943,-1,1,7822,3552,4,160,160,1
12,3,"[4, 48, 768, 1, 1, 0, 0, 0, 0, 0, 0, 0, 0, 0, 0, 4, 48, 768, 1, 1, 0, 0, 0, 0, 0, 0, 0, 0, 0, 0]",72,128,36864.0,442368.0,5170272732,5170282682,5170280898,5170283649,0,91711,91711,-1,1,9950,2751,4,160,160,1
16,3,"[4, 48, 0, 0, 0, 0, 0, 0, 0, 0, 0, 0, 0, 0, 0, 4, 0, 0, 0, 0, 0, 0, 0, 0, 0, 0, 0, 0, 0, 0]",1,128,48.0,388.0,5170366835,5170375199,5170375360,5170377472,0,86655,86655,-1,1,8364,2112,4,160,160,1
12,3,"[4, 48, 0, 0, 0, 0, 0, 0, 0, 0, 0, 0, 0, 0, 0, 4, 48, 0, 0, 0, 0, 0, 0, 0, 0, 0, 0, 0, 0, 0]",1,128,48.0,576.0,5170456062,5170464047,5170464127,5170466367,0,87999,87999,-1,1,7985,2240,4,160,160,1
12,3,"[4, 48, 0, 0, 0, 0, 0, 0, 0, 0, 0, 0, 0, 0, 0, 4, 48, 0, 0, 0, 0, 0, 0, 0, 0, 0, 0, 0, 0, 0]",1,128,48.0,576.0,5170545833,5170553995,5170554366,5170556574,0,89759,89759,-1,1,8162,2208,4,160,160,1
16,3,"[4, 768, 48, 1, 1, 0, 0, 0, 0, 0, 0, 0, 0, 0, 0, 4, 0, 0, 0, 0, 0, 0, 0, 0, 0, 0, 0, 0, 0, 0]",72,128,36864.0,294916.0,5170637599,5170646127,5170646333,5170649277,0,86463,86463,-1,1,8528,2944,4,160,160,1
12,3,"[4, 768, 48, 1, 1, 0, 0, 0, 0, 0, 0, 0, 0, 0, 0, 4, 768, 48, 1, 1, 0, 0, 0, 0, 0, 0, 0, 0, 0, 0]",72,128,36864.0,442368.0,5170727341,5170735438,5170735740,5170739100,0,86687,86687,-1,1,8097,3360,4,160,160,1
12,3,"[4, 768, 48, 1, 1, 0, 0, 0, 0, 0, 0, 0, 0, 0, 0, 4, 768, 48, 1, 1, 0, 0, 0, 0, 0, 0, 0, 0, 0, 0]",72,128,36864.0,442368.0,5170817374,5170825413,5170825787,5170828507,0,85471,85471,-1,1,8039,2720,4,160,160,1
16,3,"[4, 768, 0, 0, 0, 0, 0, 0, 0, 0, 0, 0, 0, 0, 0, 4, 0, 0, 0, 0, 0, 0, 0, 0, 0, 0, 0, 0, 0, 0]",2,128,768.0,6148.0,5170905667,5170913738,5170913978,5170916218,0,85823,85823,-1,1,8071,2240,4,160,160,1
12,3,"[4, 768, 0, 0, 0, 0, 0, 0, 0, 0, 0, 0, 0, 0, 0, 4, 768, 0, 0, 0, 0, 0, 0, 0, 0, 0, 0, 0, 0, 0]",2,128,768.0,9216.0,5170993713,5171001727,5171002041,5171004249,0,84190,84190,-1,1,8014,2208,4,160,160,1
12,3,"[4, 768, 0, 0, 0, 0, 0, 0, 0, 0, 0, 0, 0, 0, 0, 4, 768, 0, 0, 0, 0, 0, 0, 0, 0, 0, 0, 0, 0, 0]",2,128,768.0,9216.0,5171080338,5171087958,5171088439,5171090648,0,86814,86814,-1,1,7620,2209,4,160,160,1
16,3,"[4, 192, 768, 1, 1, 0, 0, 0, 0, 0, 0, 0, 0, 0, 0, 4, 0, 0, 0, 0, 0, 0, 0, 0, 0, 0, 0, 0, 0, 0]",288,128,147456.0,1179652.0,5171168995,5171177194,5171177462,5171183158,0,85311,85311,-1,1,8199,5696,4,160,160,1
12,3,"[4, 192, 768, 1, 1, 0, 0, 0, 0, 0, 0, 0, 0, 0, 0, 4, 192, 768, 1, 1, 0, 0, 0, 0, 0, 0, 0, 0, 0, 0]",288,128,147456.0,1769472.0,5171259998,5171268172,5171268469,5171273749,0,85023,85023,-1,1,8174,5280,4,160,160,1
12,3,"[4, 192, 768, 1, 1, 0, 0, 0, 0, 0, 0, 0, 0, 0, 0, 4, 192, 768, 1, 1, 0, 0, 0, 0, 0, 0, 0, 0, 0, 0]",288,128,147456.0,1769472.0,5171350402,5171358392,5171358772,5171363860,0,83871,83871,-1,1,7990,5088,4,160,160,1
16,3,"[4, 192, 0, 0, 0, 0, 0, 0, 0, 0, 0, 0, 0, 0, 0, 4, 0, 0, 0, 0, 0, 0, 0, 0, 0, 0, 0, 0, 0, 0]",1,128,192.0,1540.0,5171439546,5171447585,5171447731,5171450003,0,87391,87391,-1,1,8039,2272,4,160,160,1
12,3,"[4, 192, 0, 0, 0, 0, 0, 0, 0, 0, 0, 0, 0, 0, 0, 4, 192, 0, 0, 0, 0, 0, 0, 0, 0, 0, 0, 0, 0, 0]",1,128,192.0,2304.0,5171529157,5171537111,5171537394,5171539602,0,86814,86814,-1,1,7954,2208,4,160,160,1
12,3,"[4, 192, 0, 0, 0, 0, 0, 0, 0, 0, 0, 0, 0, 0, 0, 4, 192, 0, 0, 0, 0, 0, 0, 0, 0, 0, 0, 0, 0, 0]",1,128,192.0,2304.0,5171617948,5171626080,5171626416,5171628721,0,86462,86462,-1,1,8132,2305,4,160,160,1
16,3,"[4, 192, 0, 0, 0, 0, 0, 0, 0, 0, 0, 0, 0, 0, 0, 4, 0, 0, 0, 0, 0, 0, 0, 0, 0, 0, 0, 0, 0, 0]",1,128,192.0,1540.0,5171706744,5171714940,5171715183,5171717456,0,85918,85918,-1,1,8196,2273,4,160,160,1
12,3,"[4, 192, 0, 0, 0, 0, 0, 0, 0, 0, 0, 0, 0, 0, 0, 4, 192, 0, 0, 0, 0, 0, 0, 0, 0, 0, 0, 0, 0, 0]",1,128,192.0,2304.0,5171795072,5171802996,5171803374,5171805614,0,87615,87615,-1,1,7924,2240,4,160,160,1
12,3,"[4, 192, 0, 0, 0, 0, 0, 0, 0, 0, 0, 0, 0, 0, 0, 4, 192, 0, 0, 0, 0, 0, 0, 0, 0, 0, 0, 0, 0, 0]",1,128,192.0,2304.0,5171884458,5171892763,5171893229,5171895565,0,89055,89055,-1,1,8305,2336,4,160,160,1
16,3,"[4, 1152, 192, 1, 1, 0, 0, 0, 0, 0, 0, 0, 0, 0, 0, 4, 0, 0, 0, 0, 0, 0, 0, 0, 0, 0, 0, 0, 0, 0]",432,128,221184.0,1769476.0,5171976097,5171984348,5171984620,5171992620,0,82623,82623,-1,1,8251,8000,4,160,160,1
12,3,"[4, 1152, 192, 1, 1, 0, 0, 0, 0, 0, 0, 0, 0, 0, 0, 4, 1152, 192, 1, 1, 0, 0, 0, 0, 0, 0, 0, 0, 0, 0]",432,128,221184.0,2654208.0,5172067087,5172074979,5172075243,5172081771,0,82943,82943,-1,1,7892,6528,4,160,160,1
12,3,"[4, 1152, 192, 1, 1, 0, 0, 0, 0, 0, 0, 0, 0, 0, 0, 4, 1152, 192, 1, 1, 0, 0, 0, 0, 0, 0, 0, 0, 0, 0]",432,128,221184.0,2654208.0,5172156269,5172164009,5172164714,5172171402,0,86239,86239,-1,1,7740,6688,4,160,160,1
16,3,"[4, 1152, 0, 0, 0, 0, 0, 0, 0, 0, 0, 0, 0, 0, 0, 4, 0, 0, 0, 0, 0, 0, 0, 0, 0, 0, 0, 0, 0, 0]",3,128,1152.0,9220.0,5172248961,5172257505,5172257641,5172259848,0,89376,89376,-1,1,8544,2207,4,160,160,1
12,3,"[4, 1152, 0, 0, 0, 0, 0, 0, 0, 0, 0, 0, 0, 0, 0, 4, 1152, 0, 0, 0, 0, 0, 0, 0, 0, 0, 0, 0, 0, 0]",3,128,1152.0,13824.0,5172340799,5172348755,5172349224,5172351559,0,86687,86687,-1,1,7956,2335,4,160,160,1
12,3,"[4, 1152, 0, 0, 0, 0, 0, 0, 0, 0, 0, 0, 0, 0, 0, 4, 1152, 0, 0, 0, 0, 0, 0, 0, 0, 0, 0, 0, 0, 0]",3,128,1152.0,13824.0,5172430139,5172437918,5172438246,5172440454,0,87071,87071,-1,1,7779,2208,4,160,160,1
16,3,"[4, 1152, 0, 0, 0, 0, 0, 0, 0, 0, 0, 0, 0, 0, 0, 4, 0, 0, 0, 0, 0, 0, 0, 0, 0, 0, 0, 0, 0, 0]",3,128,1152.0,9220.0,5172519194,5172527329,5172527525,5172529733,0,229341,229341,-1,1,8135,2208,4,160,160,1
12,3,"[4, 1152, 0, 0, 0, 0, 0, 0, 0, 0, 0, 0, 0, 0, 0, 4, 1152, 0, 0, 0, 0, 0, 0, 0, 0, 0, 0, 0, 0, 0]",3,128,1152.0,13824.0,5172748717,5172759054,5172759074,5172761314,0,99647,99647,-1,1,10337,2240,4,160,160,1
12,3,"[4, 1152, 0, 0, 0, 0, 0, 0, 0, 0, 0, 0, 0, 0, 0, 4, 1152, 0, 0, 0, 0, 0, 0, 0, 0, 0, 0, 0, 0, 0]",3,128,1152.0,13824.0,5172851977,5172860785,5172860961,5172863297,0,93279,93279,-1,1,8808,2336,4,160,160,1
16,3,"[4, 1152, 1, 3, 3, 0, 0, 0, 0, 0, 0, 0, 0, 0, 0, 4, 0, 0, 0, 0, 0, 0, 0, 0, 0, 0, 0, 0, 0, 0]",21,128,10368.0,82948.0,5172947444,5172956479,5172956576,5172959072,0,88511,88511,-1,1,9035,2496,4,160,160,1
12,3,"[4, 1152, 1, 3, 3, 0, 0, 0, 0, 0, 0, 0, 0, 0, 0, 4, 1152, 1, 3, 3, 0, 0, 0, 0, 0, 0, 0, 0, 0, 0]",21,128,10368.0,124416.0,5173038944,5173047356,5173047583,5173050111,0,88671,88671,-1,1,8412,2528,4,160,160,1
12,3,"[4, 1152, 1, 3, 3, 0, 0, 0, 0, 0, 0, 0, 0, 0, 0, 4, 1152, 1, 3, 3, 0, 0, 0, 0, 0, 0, 0, 0, 0, 0]",21,128,10368.0,124416.0,5173130658,5173138337,5173138782,5173141278,0,87231,87231,-1,1,7679,2496,4,160,160,1
16,3,"[4, 1152, 0, 0, 0, 0, 0, 0, 0, 0, 0, 0, 0, 0, 0, 4, 0, 0, 0, 0, 0, 0, 0, 0, 0, 0, 0, 0, 0, 0]",3,128,1152.0,9220.0,5173220007,5173228332,5173228509,5173230716,0,86303,86303,-1,1,8325,2207,4,160,160,1
12,3,"[4, 1152, 0, 0, 0, 0, 0, 0, 0, 0, 0, 0, 0, 0, 0, 4, 1152, 0, 0, 0, 0, 0, 0, 0, 0, 0, 0, 0, 0, 0]",3,128,1152.0,13824.0,5173308752,5173316685,5173317019,5173319355,0,88799,88799,-1,1,7933,2336,4,160,160,1
12,3,"[4, 1152, 0, 0, 0, 0, 0, 0, 0, 0, 0, 0, 0, 0, 0, 4, 1152, 0, 0, 0, 0, 0, 0, 0, 0, 0, 0, 0, 0, 0]",3,128,1152.0,13824.0,5173399861,5173407757,5173408154,5173410362,0,87199,87199,-1,1,7896,2208,4,160,160,1
16,3,"[4, 1152, 0, 0, 0, 0, 0, 0, 0, 0, 0, 0, 0, 0, 0, 4, 0, 0, 0, 0, 0, 0, 0, 0, 0, 0, 0, 0, 0, 0]",3,128,1152.0,9220.0,5173489262,5173497365,5173497561,5173499737,0,87487,87487,-1,1,8103,2176,4,160,160,1
12,3,"[4, 1152, 0, 0, 0, 0, 0, 0, 0, 0, 0, 0, 0, 0, 0, 4, 1152, 0, 0, 0, 0, 0, 0, 0, 0, 0, 0, 0, 0, 0]",3,128,1152.0,13824.0,5173578875,5173586854,5173587224,5173589432,0,94238,94238,-1,1,7979,2208,4,160,160,1
12,3,"[4, 1152, 0, 0, 0, 0, 0, 0, 0, 0, 0, 0, 0, 0, 0, 4, 1152, 0, 0, 0, 0, 0, 0, 0, 0, 0, 0, 0, 0, 0]",3,128,1152.0,13824.0,5173674651,5173683415,5173683670,5173685847,0,91390,91390,-1,1,8764,2177,4,160,160,1
16,3,"[4, 48, 1152, 1, 1, 0, 0, 0, 0, 0, 0, 0, 0, 0, 0, 4, 0, 0, 0, 0, 0, 0, 0, 0, 0, 0, 0, 0, 0, 0]",108,128,55296.0,442372.0,5173768674,5173777095,5173777237,5173780789,0,86559,86559,-1,1,8421,3552,4,160,160,1
12,3,"[4, 48, 1152, 1, 1, 0, 0, 0, 0, 0, 0, 0, 0, 0, 0, 4, 48, 1152, 1, 1, 0, 0, 0, 0, 0, 0, 0, 0, 0, 0]",108,128,55296.0,663552.0,5173859111,5173867264,5173867348,5173871412,0,85855,85855,-1,1,8153,4064,4,160,160,1
12,3,"[4, 48, 1152, 1, 1, 0, 0, 0, 0, 0, 0, 0, 0, 0, 0, 4, 48, 1152, 1, 1, 0, 0, 0, 0, 0, 0, 0, 0, 0, 0]",108,128,55296.0,663552.0,5173949147,5173956955,5173957267,5173960243,0,87007,87007,-1,1,7808,2976,4,160,160,1
16,3,"[4, 48, 0, 0, 0, 0, 0, 0, 0, 0, 0, 0, 0, 0, 0, 4, 0, 0, 0, 0, 0, 0, 0, 0, 0, 0, 0, 0, 0, 0]",1,128,48.0,388.0,5174038800,5174046997,5174047250,5174049362,0,86271,86271,-1,1,8197,2112,4,160,160,1
12,3,"[4, 48, 0, 0, 0, 0, 0, 0, 0, 0, 0, 0, 0, 0, 0, 4, 48, 0, 0, 0, 0, 0, 0, 0, 0, 0, 0, 0, 0, 0]",1,128,48.0,576.0,5174127334,5174135282,5174135633,5174137809,0,85823,85823,-1,1,7948,2176,4,160,160,1
12,3,"[4, 48, 0, 0, 0, 0, 0, 0, 0, 0, 0, 0, 0, 0, 0, 4, 48, 0, 0, 0, 0, 0, 0, 0, 0, 0, 0, 0, 0, 0]",1,128,48.0,576.0,5174215674,5174223279,5174223632,5174225808,0,91327,91327,-1,1,7605,2176,4,160,160,1
16,3,"[4, 1152, 48, 1, 1, 0, 0, 0, 0, 0, 0, 0, 0, 0, 0, 4, 0, 0, 0, 0, 0, 0, 0, 0, 0, 0, 0, 0, 0, 0]",108,128,55296.0,442372.0,5174308513,5174316905,5174317135,5174320622,0,89375,89375,-1,1,8392,3487,4,160,160,1
12,3,"[4, 1152, 48, 1, 1, 0, 0, 0, 0, 0, 0, 0, 0, 0, 0, 4, 1152, 48, 1, 1, 0, 0, 0, 0, 0, 0, 0, 0, 0, 0]",108,128,55296.0,663552.0,5174401612,5174409709,5174409997,5174413965,0,86783,86783,-1,1,8097,3968,4,160,160,1
12,3,"[4, 1152, 48, 1, 1, 0, 0, 0, 0, 0, 0, 0, 0, 0, 0, 4, 1152, 48, 1, 1, 0, 0, 0, 0, 0, 0, 0, 0, 0, 0]",108,128,55296.0,663552.0,5174492527,5174500388,5174500748,5174503916,0,86303,86303,-1,1,7861,3168,4,160,160,1
16,3,"[4, 1152, 0, 0, 0, 0, 0, 0, 0, 0, 0, 0, 0, 0, 0, 4, 0, 0, 0, 0, 0, 0, 0, 0, 0, 0, 0, 0, 0, 0]",3,128,1152.0,9220.0,5174581851,5174589987,5174590219,5174592523,0,87103,87103,-1,1,8136,2304,4,160,160,1
12,3,"[4, 1152, 0, 0, 0, 0, 0, 0, 0, 0, 0, 0, 0, 0, 0, 4, 1152, 0, 0, 0, 0, 0, 0, 0, 0, 0, 0, 0, 0, 0]",3,128,1152.0,13824.0,5174671219,5174679421,5174679626,5174681994,0,86591,86591,-1,1,8202,2368,4,160,160,1
12,3,"[4, 1152, 0, 0, 0, 0, 0, 0, 0, 0, 0, 0, 0, 0, 0, 4, 1152, 0, 0, 0, 0, 0, 0, 0, 0, 0, 0, 0, 0, 0]",3,128,1152.0,13824.0,5174760379,5174768234,5174768585,5174770825,0,88511,88511,-1,1,7855,2240,4,160,160,1
16,3,"[4, 224, 1152, 1, 1, 0, 0, 0, 0, 0, 0, 0, 0, 0, 0, 4, 0, 0, 0, 0, 0, 0, 0, 0, 0, 0, 0, 0, 0, 0]",504,128,258048.0,2064388.0,5174850881,5174859132,5174859336,5174868071,0,81248,81248,-1,1,8251,8735,4,160,160,1
12,3,"[4, 224, 1152, 1, 1, 0, 0, 0, 0, 0, 0, 0, 0, 0, 0, 4, 224, 1152, 1, 1, 0, 0, 0, 0, 0, 0, 0, 0, 0, 0]",504,128,258048.0,3096576.0,5174940937,5174948916,5174949319,5174956582,0,83423,83423,-1,1,7979,7263,4,160,160,1
12,3,"[4, 224, 1152, 1, 1, 0, 0, 0, 0, 0, 0, 0, 0, 0, 0, 4, 224, 1152, 1, 1, 0, 0, 0, 0, 0, 0, 0, 0, 0, 0]",504,128,258048.0,3096576.0,5175031804,5175039790,5175040005,5175048325,0,80447,80447,-1,1,7986,8320,4,160,160,1
16,3,"[4, 224, 0, 0, 0, 0, 0, 0, 0, 0, 0, 0, 0, 0, 0, 4, 0, 0, 0, 0, 0, 0, 0, 0, 0, 0, 0, 0, 0, 0]",1,128,224.0,1796.0,5175120580,5175128538,5175128772,5175131012,0,85887,85887,-1,1,7958,2240,4,160,160,1
12,3,"[4, 224, 0, 0, 0, 0, 0, 0, 0, 0, 0, 0, 0, 0, 0, 4, 224, 0, 0, 0, 0, 0, 0, 0, 0, 0, 0, 0, 0, 0]",1,128,224.0,2688.0,5175208842,5175216582,5175216899,5175219235,0,87263,87263,-1,1,7740,2336,4,160,160,1
12,3,"[4, 224, 0, 0, 0, 0, 0, 0, 0, 0, 0, 0, 0, 0, 0, 4, 224, 0, 0, 0, 0, 0, 0, 0, 0, 0, 0, 0, 0, 0]",1,128,224.0,2688.0,5175298204,5175307972,5175306498,5175308770,0,90015,90015,-1,1,9768,2272,4,160,160,1
16,3,"[4, 224, 0, 0, 0, 0, 0, 0, 0, 0, 0, 0, 0, 0, 0, 4, 0, 0, 0, 0, 0, 0, 0, 0, 0, 0, 0, 0, 0, 0]",1,128,224.0,1796.0,5175390256,5175398922,5175398785,5175400929,0,87519,87519,-1,1,8666,2144,4,160,160,1
12,3,"[4, 224, 0, 0, 0, 0, 0, 0, 0, 0, 0, 0, 0, 0, 0, 4, 224, 0, 0, 0, 0, 0, 0, 0, 0, 0, 0, 0, 0, 0]",1,128,224.0,2688.0,5175480096,5175488053,5175488448,5175490719,0,87327,87327,-1,1,7957,2271,4,160,160,1
12,3,"[4, 224, 0, 0, 0, 0, 0, 0, 0, 0, 0, 0, 0, 0, 0, 4, 224, 0, 0, 0, 0, 0, 0, 0, 0, 0, 0, 0, 0, 0]",1,128,224.0,2688.0,5175569872,5175577635,5175578046,5175580286,0,87040,87040,-1,1,7763,2240,4,160,160,1
16,3,"[4, 1344, 224, 1, 1, 0, 0, 0, 0, 0, 0, 0, 0, 0, 0, 4, 0, 0, 0, 0, 0, 0, 0, 0, 0, 0, 0, 0, 0, 0]",588,128,301056.0,2408452.0,5175658702,5175667082,5175667326,5175677661,0,80223,80223,-1,1,8380,10335,4,160,160,1
12,3,"[4, 1344, 224, 1, 1, 0, 0, 0, 0, 0, 0, 0, 0, 0, 0, 4, 1344, 224, 1, 1, 0, 0, 0, 0, 0, 0, 0, 0, 0, 0]",588,128,301056.0,3612672.0,5175749340,5175757424,5175757884,5175765692,0,82239,82239,-1,1,8084,7808,4,160,160,1
12,3,"[4, 1344, 224, 1, 1, 0, 0, 0, 0, 0, 0, 0, 0, 0, 0, 4, 1344, 224, 1, 1, 0, 0, 0, 0, 0, 0, 0, 0, 0, 0]",588,128,301056.0,3612672.0,5175839755,5175847595,5175847931,5175857403,0,80255,80255,-1,1,7840,9472,4,160,160,1
16,3,"[4, 1344, 0, 0, 0, 0, 0, 0, 0, 0, 0, 0, 0, 0, 0, 4, 0, 0, 0, 0, 0, 0, 0, 0, 0, 0, 0, 0, 0, 0]",3,128,1344.0,10756.0,5175929102,5175937630,5175937658,5175940154,0,87167,87167,-1,1,8528,2496,4,160,160,1
12,3,"[4, 1344, 0, 0, 0, 0, 0, 0, 0, 0, 0, 0, 0, 0, 0, 4, 1344, 0, 0, 0, 0, 0, 0, 0, 0, 0, 0, 0, 0, 0]",3,128,1344.0,16128.0,5176019077,5176026974,5176027321,5176029657,0,88030,88030,-1,1,7897,2336,4,160,160,1
12,3,"[4, 1344, 0, 0, 0, 0, 0, 0, 0, 0, 0, 0, 0, 0, 0, 4, 1344, 0, 0, 0, 0, 0, 0, 0, 0, 0, 0, 0, 0, 0]",3,128,1344.0,16128.0,5176109424,5176117295,5176117687,5176119992,0,86975,86975,-1,1,7871,2305,4,160,160,1
16,3,"[4, 1344, 0, 0, 0, 0, 0, 0, 0, 0, 0, 0, 0, 0, 0, 4, 0, 0, 0, 0, 0, 0, 0, 0, 0, 0, 0, 0, 0, 0]",3,128,1344.0,10756.0,5176198290,5176206942,5176206967,5176209270,0,90303,90303,-1,1,8652,2303,4,160,160,1
12,3,"[4, 1344, 0, 0, 0, 0, 0, 0, 0, 0, 0, 0, 0, 0, 0, 4, 1344, 0, 0, 0, 0, 0, 0, 0, 0, 0, 0, 0, 0, 0]",3,128,1344.0,16128.0,5176291166,5176300564,5176299573,5176301973,0,89439,89439,-1,1,9398,2400,4,160,160,1
12,3,"[4, 1344, 0, 0, 0, 0, 0, 0, 0, 0, 0, 0, 0, 0, 0, 4, 1344, 0, 0, 0, 0, 0, 0, 0, 0, 0, 0, 0, 0, 0]",3,128,1344.0,16128.0,5176383090,5176391084,5176391412,5176393780,0,88063,88063,-1,1,7994,2368,4,160,160,1
16,3,"[4, 1344, 1, 3, 3, 0, 0, 0, 0, 0, 0, 0, 0, 0, 0, 4, 0, 0, 0, 0, 0, 0, 0, 0, 0, 0, 0, 0, 0, 0]",24,128,12096.0,96772.0,5176473481,5176481676,5176481843,5176484339,0,242749,242749,-1,1,8195,2496,4,160,160,1
12,3,"[4, 1344, 1, 3, 3, 0, 0, 0, 0, 0, 0, 0, 0, 0, 0, 4, 1344, 1, 3, 3, 0, 0, 0, 0, 0, 0, 0, 0, 0, 0]",24,128,12096.0,145152.0,5176716350,5176726996,5176727088,5176729680,0,93791,93791,-1,1,10646,2592,4,160,160,1
12,3,"[4, 1344, 1, 3, 3, 0, 0, 0, 0, 0, 0, 0, 0, 0, 0, 4, 1344, 1, 3, 3, 0, 0, 0, 0, 0, 0, 0, 0, 0, 0]",24,128,12096.0,145152.0,5176814647,5176823220,5176823471,5176825967,0,92991,92991,-1,1,8573,2496,4,160,160,1
16,3,"[4, 1344, 0, 0, 0, 0, 0, 0, 0, 0, 0, 0, 0, 0, 0, 4, 0, 0, 0, 0, 0, 0, 0, 0, 0, 0, 0, 0, 0, 0]",3,128,1344.0,10756.0,5176910153,5176918864,5176918958,5176921198,0,88766,88766,-1,1,8711,2240,4,160,160,1
12,3,"[4, 1344, 0, 0, 0, 0, 0, 0, 0, 0, 0, 0, 0, 0, 0, 4, 1344, 0, 0, 0, 0, 0, 0, 0, 0, 0, 0, 0, 0, 0]",3,128,1344.0,16128.0,5177001531,5177009599,5177009964,5177012204,0,88447,88447,-1,1,8068,2240,4,160,160,1
12,3,"[4, 1344, 0, 0, 0, 0, 0, 0, 0, 0, 0, 0, 0, 0, 0, 4, 1344, 0, 0, 0, 0, 0, 0, 0, 0, 0, 0, 0, 0, 0]",3,128,1344.0,16128.0,5177092612,5177100283,5177100651,5177102955,0,88191,88191,-1,1,7671,2304,4,160,160,1
16,3,"[4, 1344, 0, 0, 0, 0, 0, 0, 0, 0, 0, 0, 0, 0, 0, 4, 0, 0, 0, 0, 0, 0, 0, 0, 0, 0, 0, 0, 0, 0]",3,128,1344.0,10756.0,5177182426,5177190697,5177191146,5177193450,0,88575,88575,-1,1,8271,2304,4,160,160,1
12,3,"[4, 1344, 0, 0, 0, 0, 0, 0, 0, 0, 0, 0, 0, 0, 0, 4, 1344, 0, 0, 0, 0, 0, 0, 0, 0, 0, 0, 0, 0, 0]",3,128,1344.0,16128.0,5177273689,5177281640,5177282025,5177284265,0,87295,87295,-1,1,7951,2240,4,160,160,1
12,3,"[4, 1344, 0, 0, 0, 0, 0, 0, 0, 0, 0, 0, 0, 0, 0, 4, 1344, 0, 0, 0, 0, 0, 0, 0, 0, 0, 0, 0, 0, 0]",3,128,1344.0,16128.0,5177362995,5177371066,5177371560,5177373864,0,88830,88830,-1,1,8071,2304,4,160,160,1
16,3,"[4, 56, 1344, 1, 1, 0, 0, 0, 0, 0, 0, 0, 0, 0, 0, 4, 0, 0, 0, 0, 0, 0, 0, 0, 0, 0, 0, 0, 0, 0]",147,128,75264.0,602116.0,5177454306,5177464590,5177462694,5177466855,0,89086,89086,-1,1,10284,4161,4,160,160,1
12,3,"[4, 56, 1344, 1, 1, 0, 0, 0, 0, 0, 0, 0, 0, 0, 0, 4, 56, 1344, 1, 1, 0, 0, 0, 0, 0, 0, 0, 0, 0, 0]",147,128,75264.0,903168.0,5177547580,5177555504,5177555941,5177560197,0,85599,85599,-1,1,7924,4256,4,160,160,1
12,3,"[4, 56, 1344, 1, 1, 0, 0, 0, 0, 0, 0, 0, 0, 0, 0, 4, 56, 1344, 1, 1, 0, 0, 0, 0, 0, 0, 0, 0, 0, 0]",147,128,75264.0,903168.0,5177637715,5177645369,5177645796,5177648996,0,97471,97471,-1,1,7654,3200,4,160,160,1
16,3,"[4, 56, 0, 0, 0, 0, 0, 0, 0, 0, 0, 0, 0, 0, 0, 4, 0, 0, 0, 0, 0, 0, 0, 0, 0, 0, 0, 0, 0, 0]",1,128,56.0,452.0,5177737481,5177746342,5177746467,5177748643,0,89343,89343,-1,1,8861,2176,4,160,160,1
12,3,"[4, 56, 0, 0, 0, 0, 0, 0, 0, 0, 0, 0, 0, 0, 0, 4, 56, 0, 0, 0, 0, 0, 0, 0, 0, 0, 0, 0, 0, 0]",1,128,56.0,672.0,5177829502,5177837708,5177837986,5177840194,0,88350,88350,-1,1,8206,2208,4,160,160,1
12,3,"[4, 56, 0, 0, 0, 0, 0, 0, 0, 0, 0, 0, 0, 0, 0, 4, 56, 0, 0, 0, 0, 0, 0, 0, 0, 0, 0, 0, 0, 0]",1,128,56.0,672.0,5177919867,5177928094,5177928544,5177930753,0,88479,88479,-1,1,8227,2209,4,160,160,1
16,3,"[4, 1344, 56, 1, 1, 0, 0, 0, 0, 0, 0, 0, 0, 0, 0, 4, 0, 0, 0, 0, 0, 0, 0, 0, 0, 0, 0, 0, 0, 0]",147,128,75264.0,602116.0,5178010873,5178018985,5178019232,5178023552,0,85854,85854,-1,1,8112,4320,4,160,160,1
12,3,"[4, 1344, 56, 1, 1, 0, 0, 0, 0, 0, 0, 0, 0, 0, 0, 4, 1344, 56, 1, 1, 0, 0, 0, 0, 0, 0, 0, 0, 0, 0]",147,128,75264.0,903168.0,5178100926,5178108996,5178109406,5178113727,0,84958,84958,-1,1,8070,4321,4,160,160,1
12,3,"[4, 1344, 56, 1, 1, 0, 0, 0, 0, 0, 0, 0, 0, 0, 0, 4, 1344, 56, 1, 1, 0, 0, 0, 0, 0, 0, 0, 0, 0, 0]",147,128,75264.0,903168.0,5178190345,5178198660,5178198685,5178202045,0,87391,87391,-1,1,8315,3360,4,160,160,1
16,3,"[4, 1344, 0, 0, 0, 0, 0, 0, 0, 0, 0, 0, 0, 0, 0, 4, 0, 0, 0, 0, 0, 0, 0, 0, 0, 0, 0, 0, 0, 0]",3,128,1344.0,10756.0,5178280869,5178289210,5178289436,5178291676,0,88639,88639,-1,1,8341,2240,4,160,160,1
12,3,"[4, 1344, 0, 0, 0, 0, 0, 0, 0, 0, 0, 0, 0, 0, 0, 4, 1344, 0, 0, 0, 0, 0, 0, 0, 0, 0, 0, 0, 0, 0]",3,128,1344.0,16128.0,5178371977,5178380046,5178380315,5178382651,0,86495,86495,-1,1,8069,2336,4,160,160,1
12,3,"[4, 1344, 0, 0, 0, 0, 0, 0, 0, 0, 0, 0, 0, 0, 0, 4, 1344, 0, 0, 0, 0, 0, 0, 0, 0, 0, 0, 0, 0, 0]",3,128,1344.0,16128.0,5178461054,5178470666,5178469146,5178471482,0,91743,91743,-1,1,9612,2336,4,160,160,1
16,3,"[4, 224, 1344, 1, 1, 0, 0, 0, 0, 0, 0, 0, 0, 0, 0, 4, 0, 0, 0, 0, 0, 0, 0, 0, 0, 0, 0, 0, 0, 0]",588,128,301056.0,2408452.0,5178554082,5178563015,5178563225,5178573977,0,79998,79998,-1,1,8933,10752,4,160,160,1
12,3,"[4, 224, 1344, 1, 1, 0, 0, 0, 0, 0, 0, 0, 0, 0, 0, 4, 224, 1344, 1, 1, 0, 0, 0, 0, 0, 0, 0, 0, 0, 0]",588,128,301056.0,3612672.0,5178645766,5178653562,5178653975,5178661879,0,81311,81311,-1,1,7796,7904,4,160,160,1
12,3,"[4, 224, 1344, 1, 1, 0, 0, 0, 0, 0, 0, 0, 0, 0, 0, 4, 224, 1344, 1, 1, 0, 0, 0, 0, 0, 0, 0, 0, 0, 0]",588,128,301056.0,3612672.0,5178734708,5178742758,5178743190,5178752598,0,79295,79295,-1,1,8050,9408,4,160,160,1
16,3,"[4, 224, 0, 0, 0, 0, 0, 0, 0, 0, 0, 0, 0, 0, 0, 4, 0, 0, 0, 0, 0, 0, 0, 0, 0, 0, 0, 0, 0, 0]",1,128,224.0,1796.0,5178823358,5178831687,5178831893,5178834293,0,85471,85471,-1,1,8329,2400,4,160,160,1
12,3,"[4, 224, 0, 0, 0, 0, 0, 0, 0, 0, 0, 0, 0, 0, 0, 4, 224, 0, 0, 0, 0, 0, 0, 0, 0, 0, 0, 0, 0, 0]",1,128,224.0,2688.0,5178911140,5178919283,5178919764,5178922132,0,86655,86655,-1,1,8143,2368,4,160,160,1
12,3,"[4, 224, 0, 0, 0, 0, 0, 0, 0, 0, 0, 0, 0, 0, 0, 4, 224, 0, 0, 0, 0, 0, 0, 0, 0, 0, 0, 0, 0, 0]",1,128,224.0,2688.0,5179000506,5179008431,5179008787,5179011123,0,86687,86687,-1,1,7925,2336,4,160,160,1
16,3,"[4, 224, 0, 0, 0, 0, 0, 0, 0, 0, 0, 0, 0, 0, 0, 4, 0, 0, 0, 0, 0, 0, 0, 0, 0, 0, 0, 0, 0, 0]",1,128,224.0,1796.0,5179089506,5179097548,5179097810,5179100114,0,86591,86591,-1,1,8042,2304,4,160,160,1
12,3,"[4, 224, 0, 0, 0, 0, 0, 0, 0, 0, 0, 0, 0, 0, 0, 4, 224, 0, 0, 0, 0, 0, 0, 0, 0, 0, 0, 0, 0, 0]",1,128,224.0,2688.0,5179178381,5179186352,5179186705,5179189041,0,85918,85918,-1,1,7971,2336,4,160,160,1
12,3,"[4, 224, 0, 0, 0, 0, 0, 0, 0, 0, 0, 0, 0, 0, 0, 4, 224, 0, 0, 0, 0, 0, 0, 0, 0, 0, 0, 0, 0, 0]",1,128,224.0,2688.0,5179266857,5179274559,5179274959,5179277167,0,87967,87967,-1,1,7702,2208,4,160,160,1
16,3,"[4, 1344, 224, 1, 1, 0, 0, 0, 0, 0, 0, 0, 0, 0, 0, 4, 0, 0, 0, 0, 0, 0, 0, 0, 0, 0, 0, 0, 0, 0]",588,128,301056.0,2408452.0,5179356699,5179364921,5179365134,5179375406,0,79007,79007,-1,1,8222,10272,4,160,160,1
12,3,"[4, 1344, 224, 1, 1, 0, 0, 0, 0, 0, 0, 0, 0, 0, 0, 4, 1344, 224, 1, 1, 0, 0, 0, 0, 0, 0, 0, 0, 0, 0]",588,128,301056.0,3612672.0,5179446154,5179456276,5179454413,5179462061,0,84127,84127,-1,1,10122,7648,4,160,160,1
12,3,"[4, 1344, 224, 1, 1, 0, 0, 0, 0, 0, 0, 0, 0, 0, 0, 4, 1344, 224, 1, 1, 0, 0, 0, 0, 0, 0, 0, 0, 0, 0]",588,128,301056.0,3612672.0,5179537702,5179545764,5179546188,5179555788,0,79871,79871,-1,1,8062,9600,4,160,160,1
16,3,"[4, 1344, 0, 0, 0, 0, 0, 0, 0, 0, 0, 0, 0, 0, 0, 4, 0, 0, 0, 0, 0, 0, 0, 0, 0, 0, 0, 0, 0, 0]",3,128,1344.0,10756.0,5179627162,5179635457,5179635659,5179638091,0,86143,86143,-1,1,8295,2432,4,160,160,1
12,3,"[4, 1344, 0, 0, 0, 0, 0, 0, 0, 0, 0, 0, 0, 0, 0, 4, 1344, 0, 0, 0, 0, 0, 0, 0, 0, 0, 0, 0, 0, 0]",3,128,1344.0,16128.0,5179715532,5179723862,5179724234,5179726634,0,86943,86943,-1,1,8330,2400,4,160,160,1
12,3,"[4, 1344, 0, 0, 0, 0, 0, 0, 0, 0, 0, 0, 0, 0, 0, 4, 1344, 0, 0, 0, 0, 0, 0, 0, 0, 0, 0, 0, 0, 0]",3,128,1344.0,16128.0,5179805313,5179813236,5179813577,5179815913,0,85726,85726,-1,1,7923,2336,4,160,160,1
16,3,"[4, 1344, 0, 0, 0, 0, 0, 0, 0, 0, 0, 0, 0, 0, 0, 4, 0, 0, 0, 0, 0, 0, 0, 0, 0, 0, 0, 0, 0, 0]",3,128,1344.0,10756.0,5179893305,5179901384,5179901639,5179903944,0,85439,85439,-1,1,8079,2305,4,160,160,1
12,3,"[4, 1344, 0, 0, 0, 0, 0, 0, 0, 0, 0, 0, 0, 0, 0, 4, 1344, 0, 0, 0, 0, 0, 0, 0, 0, 0, 0, 0, 0, 0]",3,128,1344.0,16128.0,5179981153,5179989009,5179989383,5179991751,0,85247,85247,-1,1,7856,2368,4,160,160,1
12,3,"[4, 1344, 0, 0, 0, 0, 0, 0, 0, 0, 0, 0, 0, 0, 0, 4, 1344, 0, 0, 0, 0, 0, 0, 0, 0, 0, 0, 0, 0, 0]",3,128,1344.0,16128.0,5180069067,5180076713,5180076998,5180079333,0,89375,89375,-1,1,7646,2335,4,160,160,1
16,3,"[4, 1344, 1, 3, 3, 0, 0, 0, 0, 0, 0, 0, 0, 0, 0, 4, 0, 0, 0, 0, 0, 0, 0, 0, 0, 0, 0, 0, 0, 0]",24,128,12096.0,96772.0,5180160352,5180168566,5180168708,5180171236,0,89759,89759,-1,1,8214,2528,4,160,160,1
12,3,"[4, 1344, 1, 3, 3, 0, 0, 0, 0, 0, 0, 0, 0, 0, 0, 4, 1344, 1, 3, 3, 0, 0, 0, 0, 0, 0, 0, 0, 0, 0]",24,128,12096.0,145152.0,5180252513,5180260630,5180260995,5180263843,0,86815,86815,-1,1,8117,2848,4,160,160,1
12,3,"[4, 1344, 1, 3, 3, 0, 0, 0, 0, 0, 0, 0, 0, 0, 0, 4, 1344, 1, 3, 3, 0, 0, 0, 0, 0, 0, 0, 0, 0, 0]",24,128,12096.0,145152.0,5180342226,5180350251,5180350658,5180352994,0,233245,233245,-1,1,8025,2336,4,160,160,1
16,3,"[4, 1344, 0, 0, 0, 0, 0, 0, 0, 0, 0, 0, 0, 0, 0, 4, 0, 0, 0, 0, 0, 0, 0, 0, 0, 0, 0, 0, 0, 0]",3,128,1344.0,10756.0,5180575214,5180588612,5180586239,5180588543,0,102975,102975,-1,1,13398,2304,4,160,160,1
12,3,"[4, 1344, 0, 0, 0, 0, 0, 0, 0, 0, 0, 0, 0, 0, 0, 4, 1344, 0, 0, 0, 0, 0, 0, 0, 0, 0, 0, 0, 0, 0]",3,128,1344.0,16128.0,5180682045,5180691564,5180691518,5180693853,0,89952,89952,-1,1,9519,2335,4,160,160,1
12,3,"[4, 1344, 0, 0, 0, 0, 0, 0, 0, 0, 0, 0, 0, 0, 0, 4, 1344, 0, 0, 0, 0, 0, 0, 0, 0, 0, 0, 0, 0, 0]",3,128,1344.0,16128.0,5180775209,5180783388,5180783805,5180786108,0,89535,89535,-1,1,8179,2303,4,160,160,1
16,3,"[4, 1344, 0, 0, 0, 0, 0, 0, 0, 0, 0, 0, 0, 0, 0, 4, 0, 0, 0, 0, 0, 0, 0, 0, 0, 0, 0, 0, 0, 0]",3,128,1344.0,10756.0,5180866888,5180875500,5180875643,5180877915,0,87711,87711,-1,1,8612,2272,4,160,160,1
12,3,"[4, 1344, 0, 0, 0, 0, 0, 0, 0, 0, 0, 0, 0, 0, 0, 4, 1344, 0, 0, 0, 0, 0, 0, 0, 0, 0, 0, 0, 0, 0]",3,128,1344.0,16128.0,5180957349,5180965599,5180965626,5180967994,0,87359,87359,-1,1,8250,2368,4,160,160,1
12,3,"[4, 1344, 0, 0, 0, 0, 0, 0, 0, 0, 0, 0, 0, 0, 0, 4, 1344, 0, 0, 0, 0, 0, 0, 0, 0, 0, 0, 0, 0, 0]",3,128,1344.0,16128.0,5181047029,5181054848,5181055353,5181057625,0,90271,90271,-1,1,7819,2272,4,160,160,1
16,3,"[4, 56, 1344, 1, 1, 0, 0, 0, 0, 0, 0, 0, 0, 0, 0, 4, 0, 0, 0, 0, 0, 0, 0, 0, 0, 0, 0, 0, 0, 0]",147,128,75264.0,602116.0,5181139179,5181147657,5181147896,5181151736,0,86782,86782,-1,1,8478,3840,4,160,160,1
12,3,"[4, 56, 1344, 1, 1, 0, 0, 0, 0, 0, 0, 0, 0, 0, 0, 4, 56, 1344, 1, 1, 0, 0, 0, 0, 0, 0, 0, 0, 0, 0]",147,128,75264.0,903168.0,5181230075,5181238218,5181238518,5181242743,0,85183,85183,-1,1,8143,4225,4,160,160,1
12,3,"[4, 56, 1344, 1, 1, 0, 0, 0, 0, 0, 0, 0, 0, 0, 0, 4, 56, 1344, 1, 1, 0, 0, 0, 0, 0, 0, 0, 0, 0, 0]",147,128,75264.0,903168.0,5181319625,5181327595,5181327926,5181331254,0,86527,86527,-1,1,7970,3328,4,160,160,1
16,3,"[4, 56, 0, 0, 0, 0, 0, 0, 0, 0, 0, 0, 0, 0, 0, 4, 0, 0, 0, 0, 0, 0, 0, 0, 0, 0, 0, 0, 0, 0]",1,128,56.0,452.0,5181409208,5181417525,5181417781,5181419924,0,87199,87199,-1,1,8317,2143,4,160,160,1
12,3,"[4, 56, 0, 0, 0, 0, 0, 0, 0, 0, 0, 0, 0, 0, 0, 4, 56, 0, 0, 0, 0, 0, 0, 0, 0, 0, 0, 0, 0, 0]",1,128,56.0,672.0,5181498597,5181506729,5181507123,5181509363,0,88895,88895,-1,1,8132,2240,4,160,160,1
12,3,"[4, 56, 0, 0, 0, 0, 0, 0, 0, 0, 0, 0, 0, 0, 0, 4, 56, 0, 0, 0, 0, 0, 0, 0, 0, 0, 0, 0, 0, 0]",1,128,56.0,672.0,5181589860,5181598089,5181598258,5181600466,0,98015,98015,-1,1,8229,2208,4,160,160,1
16,3,"[4, 1344, 56, 1, 1, 0, 0, 0, 0, 0, 0, 0, 0, 0, 0, 4, 0, 0, 0, 0, 0, 0, 0, 0, 0, 0, 0, 0, 0, 0]",147,128,75264.0,602116.0,5181689020,5181698372,5181698481,5181702769,0,88254,88254,-1,1,9352,4288,4,160,160,1
12,3,"[4, 1344, 56, 1, 1, 0, 0, 0, 0, 0, 0, 0, 0, 0, 0, 4, 1344, 56, 1, 1, 0, 0, 0, 0, 0, 0, 0, 0, 0, 0]",147,128,75264.0,903168.0,5181782815,5181790722,5181791023,5181795087,0,86559,86559,-1,1,7907,4064,4,160,160,1
12,3,"[4, 1344, 56, 1, 1, 0, 0, 0, 0, 0, 0, 0, 0, 0, 0, 4, 1344, 56, 1, 1, 0, 0, 0, 0, 0, 0, 0, 0, 0, 0]",147,128,75264.0,903168.0,5181873198,5181881234,5181881646,5181884878,0,86432,86432,-1,1,8036,3232,4,160,160,1
16,3,"[4, 1344, 0, 0, 0, 0, 0, 0, 0, 0, 0, 0, 0, 0, 0, 4, 0, 0, 0, 0, 0, 0, 0, 0, 0, 0, 0, 0, 0, 0]",3,128,1344.0,10756.0,5181962829,5181971092,5181971310,5181973613,0,87167,87167,-1,1,8263,2303,4,160,160,1
12,3,"[4, 1344, 0, 0, 0, 0, 0, 0, 0, 0, 0, 0, 0, 0, 0, 4, 1344, 0, 0, 0, 0, 0, 0, 0, 0, 0, 0, 0, 0, 0]",3,128,1344.0,16128.0,5182052621,5182060345,5182060780,5182063148,0,88447,88447,-1,1,7724,2368,4,160,160,1
12,3,"[4, 1344, 0, 0, 0, 0, 0, 0, 0, 0, 0, 0, 0, 0, 0, 4, 1344, 0, 0, 0, 0, 0, 0, 0, 0, 0, 0, 0, 0, 0]",3,128,1344.0,16128.0,5182143149,5182151195,5182151595,5182153931,0,88735,88735,-1,1,8046,2336,4,160,160,1
16,3,"[4, 224, 1344, 1, 1, 0, 0, 0, 0, 0, 0, 0, 0, 0, 0, 4, 0, 0, 0, 0, 0, 0, 0, 0, 0, 0, 0, 0, 0, 0]",588,128,301056.0,2408452.0,5182234096,5182242429,5182242666,5182252458,0,79935,79935,-1,1,8333,9792,4,160,160,1
12,3,"[4, 224, 1344, 1, 1, 0, 0, 0, 0, 0, 0, 0, 0, 0, 0, 4, 224, 1344, 1, 1, 0, 0, 0, 0, 0, 0, 0, 0, 0, 0]",588,128,301056.0,3612672.0,5182324161,5182332042,5182332393,5182340041,0,84511,84511,-1,1,7881,7648,4,160,160,1
12,3,"[4, 224, 1344, 1, 1, 0, 0, 0, 0, 0, 0, 0, 0, 0, 0, 4, 224, 1344, 1, 1, 0, 0, 0, 0, 0, 0, 0, 0, 0, 0]",588,128,301056.0,3612672.0,5182416306,5182424149,5182424552,5182434088,0,80511,80511,-1,1,7843,9536,4,160,160,1
16,3,"[4, 224, 0, 0, 0, 0, 0, 0, 0, 0, 0, 0, 0, 0, 0, 4, 0, 0, 0, 0, 0, 0, 0, 0, 0, 0, 0, 0, 0, 0]",1,128,224.0,1796.0,5182505809,5182514666,5182514599,5182516807,0,89759,89759,-1,1,8857,2208,4,160,160,1
12,3,"[4, 224, 0, 0, 0, 0, 0, 0, 0, 0, 0, 0, 0, 0, 0, 4, 224, 0, 0, 0, 0, 0, 0, 0, 0, 0, 0, 0, 0, 0]",1,128,224.0,2688.0,5182598257,5182606112,5182606566,5182608837,0,87071,87071,-1,1,7855,2271,4,160,160,1
12,3,"[4, 224, 0, 0, 0, 0, 0, 0, 0, 0, 0, 0, 0, 0, 0, 4, 224, 0, 0, 0, 0, 0, 0, 0, 0, 0, 0, 0, 0, 0]",1,128,224.0,2688.0,5182687630,5182695504,5182695908,5182698180,0,87071,87071,-1,1,7874,2272,4,160,160,1
16,3,"[4, 224, 0, 0, 0, 0, 0, 0, 0, 0, 0, 0, 0, 0, 0, 4, 0, 0, 0, 0, 0, 0, 0, 0, 0, 0, 0, 0, 0, 0]",1,128,224.0,1796.0,5182776455,5182785018,5182785251,5182787523,0,85023,85023,-1,1,8563,2272,4,160,160,1
12,3,"[4, 224, 0, 0, 0, 0, 0, 0, 0, 0, 0, 0, 0, 0, 0, 4, 224, 0, 0, 0, 0, 0, 0, 0, 0, 0, 0, 0, 0, 0]",1,128,224.0,2688.0,5182864475,5182872136,5182872546,5182874882,0,85663,85663,-1,1,7661,2336,4,160,160,1
12,3,"[4, 224, 0, 0, 0, 0, 0, 0, 0, 0, 0, 0, 0, 0, 0, 4, 224, 0, 0, 0, 0, 0, 0, 0, 0, 0, 0, 0, 0, 0]",1,128,224.0,2688.0,5182952252,5182960139,5182960545,5182962785,0,87167,87167,-1,1,7887,2240,4,160,160,1
16,3,"[4, 1344, 224, 1, 1, 0, 0, 0, 0, 0, 0, 0, 0, 0, 0, 4, 0, 0, 0, 0, 0, 0, 0, 0, 0, 0, 0, 0, 0, 0]",588,128,301056.0,2408452.0,5183041316,5183049727,5183049952,5183060128,0,80510,80510,-1,1,8411,10176,4,160,160,1
12,3,"[4, 1344, 224, 1, 1, 0, 0, 0, 0, 0, 0, 0, 0, 0, 0, 4, 1344, 224, 1, 1, 0, 0, 0, 0, 0, 0, 0, 0, 0, 0]",588,128,301056.0,3612672.0,5183132541,5183140294,5183140638,5183148382,0,82559,82559,-1,1,7753,7744,4,160,160,1
12,3,"[4, 1344, 224, 1, 1, 0, 0, 0, 0, 0, 0, 0, 0, 0, 0, 4, 1344, 224, 1, 1, 0, 0, 0, 0, 0, 0, 0, 0, 0, 0]",588,128,301056.0,3612672.0,5183222187,5183230481,5183230941,5183240349,0,79103,79103,-1,1,8294,9408,4,160,160,1
16,3,"[4, 1344, 0, 0, 0, 0, 0, 0, 0, 0, 0, 0, 0, 0, 0, 4, 0, 0, 0, 0, 0, 0, 0, 0, 0, 0, 0, 0, 0, 0]",3,128,1344.0,10756.0,5183310947,5183319273,5183319452,5183322012,0,87487,87487,-1,1,8326,2560,4,160,160,1
12,3,"[4, 1344, 0, 0, 0, 0, 0, 0, 0, 0, 0, 0, 0, 0, 0, 4, 1344, 0, 0, 0, 0, 0, 0, 0, 0, 0, 0, 0, 0, 0]",3,128,1344.0,16128.0,5183401532,5183409165,5183409499,5183411835,0,87327,87327,-1,1,7633,2336,4,160,160,1
12,3,"[4, 1344, 0, 0, 0, 0, 0, 0, 0, 0, 0, 0, 0, 0, 0, 4, 1344, 0, 0, 0, 0, 0, 0, 0, 0, 0, 0, 0, 0, 0]",3,128,1344.0,16128.0,5183490761,5183498837,5183499162,5183501850,0,89087,89087,-1,1,8076,2688,4,160,160,1
16,3,"[4, 1344, 0, 0, 0, 0, 0, 0, 0, 0, 0, 0, 0, 0, 0, 4, 0, 0, 0, 0, 0, 0, 0, 0, 0, 0, 0, 0, 0, 0]",3,128,1344.0,10756.0,5183582488,5183590753,5183590937,5183593241,0,87551,87551,-1,1,8265,2304,4,160,160,1
12,3,"[4, 1344, 0, 0, 0, 0, 0, 0, 0, 0, 0, 0, 0, 0, 0, 4, 1344, 0, 0, 0, 0, 0, 0, 0, 0, 0, 0, 0, 0, 0]",3,128,1344.0,16128.0,5183672490,5183680365,5183680792,5183683160,0,87294,87294,-1,1,7875,2368,4,160,160,1
12,3,"[4, 1344, 0, 0, 0, 0, 0, 0, 0, 0, 0, 0, 0, 0, 0, 4, 1344, 0, 0, 0, 0, 0, 0, 0, 0, 0, 0, 0, 0, 0]",3,128,1344.0,16128.0,5183762208,5183770039,5183770454,5183772791,0,88670,88670,-1,1,7831,2337,4,160,160,1
16,3,"[4, 1344, 1, 3, 3, 0, 0, 0, 0, 0, 0, 0, 0, 0, 0, 4, 0, 0, 0, 0, 0, 0, 0, 0, 0, 0, 0, 0, 0, 0]",24,128,12096.0,96772.0,5183852881,5183861167,5183861461,5183863989,0,88351,88351,-1,1,8286,2528,4,160,160,1
12,3,"[4, 1344, 1, 3, 3, 0, 0, 0, 0, 0, 0, 0, 0, 0, 0, 4, 1344, 1, 3, 3, 0, 0, 0, 0, 0, 0, 0, 0, 0, 0]",24,128,12096.0,145152.0,5183944016,5183952096,5183952340,5183954932,0,88799,88799,-1,1,8080,2592,4,160,160,1
12,3,"[4, 1344, 1, 3, 3, 0, 0, 0, 0, 0, 0, 0, 0, 0, 0, 4, 1344, 1, 3, 3, 0, 0, 0, 0, 0, 0, 0, 0, 0, 0]",24,128,12096.0,145152.0,5184035308,5184043405,5184043731,5184046291,0,86143,86143,-1,1,8097,2560,4,160,160,1
16,3,"[4, 1344, 0, 0, 0, 0, 0, 0, 0, 0, 0, 0, 0, 0, 0, 4, 0, 0, 0, 0, 0, 0, 0, 0, 0, 0, 0, 0, 0, 0]",3,128,1344.0,10756.0,5184124022,5184132208,5184132434,5184134738,0,85823,85823,-1,1,8186,2304,4,160,160,1
12,3,"[4, 1344, 0, 0, 0, 0, 0, 0, 0, 0, 0, 0, 0, 0, 0, 4, 1344, 0, 0, 0, 0, 0, 0, 0, 0, 0, 0, 0, 0, 0]",3,128,1344.0,16128.0,5184212301,5184220353,5184220561,5184222897,0,236893,236893,-1,1,8052,2336,4,160,160,1
12,3,"[4, 1344, 0, 0, 0, 0, 0, 0, 0, 0, 0, 0, 0, 0, 0, 4, 1344, 0, 0, 0, 0, 0, 0, 0, 0, 0, 0, 0, 0, 0]",3,128,1344.0,16128.0,5184448777,5184459641,5184459790,5184462062,0,105374,105374,-1,1,10864,2272,4,160,160,1
16,3,"[4, 1344, 0, 0, 0, 0, 0, 0, 0, 0, 0, 0, 0, 0, 0, 4, 0, 0, 0, 0, 0, 0, 0, 0, 0, 0, 0, 0, 0, 0]",3,128,1344.0,10756.0,5184557290,5184567268,5184567436,5184569644,0,91103,91103,-1,1,9978,2208,4,160,160,1
12,3,"[4, 1344, 0, 0, 0, 0, 0, 0, 0, 0, 0, 0, 0, 0, 0, 4, 1344, 0, 0, 0, 0, 0, 0, 0, 0, 0, 0, 0, 0, 0]",3,128,1344.0,16128.0,5184651800,5184660366,5184660747,5184662987,0,92735,92735,-1,1,8566,2240,4,160,160,1
12,3,"[4, 1344, 0, 0, 0, 0, 0, 0, 0, 0, 0, 0, 0, 0, 0, 4, 1344, 0, 0, 0, 0, 0, 0, 0, 0, 0, 0, 0, 0, 0]",3,128,1344.0,16128.0,5184746720,5184755337,5184755722,5184757994,0,90207,90207,-1,1,8617,2272,4,160,160,1
16,3,"[4, 56, 1344, 1, 1, 0, 0, 0, 0, 0, 0, 0, 0, 0, 0, 4, 0, 0, 0, 0, 0, 0, 0, 0, 0, 0, 0, 0, 0, 0]",147,128,75264.0,602116.0,5184839244,5184848117,5184848201,5184852041,0,88319,88319,-1,1,8873,3840,4,160,160,1
12,3,"[4, 56, 1344, 1, 1, 0, 0, 0, 0, 0, 0, 0, 0, 0, 0, 4, 56, 1344, 1, 1, 0, 0, 0, 0, 0, 0, 0, 0, 0, 0]",147,128,75264.0,903168.0,5184931952,5184939931,5184940360,5184944840,0,88063,88063,-1,1,7979,4480,4,160,160,1
12,3,"[4, 56, 1344, 1, 1, 0, 0, 0, 0, 0, 0, 0, 0, 0, 0, 4, 56, 1344, 1, 1, 0, 0, 0, 0, 0, 0, 0, 0, 0, 0]",147,128,75264.0,903168.0,5185024331,5185032512,5185032903,5185036198,0,89439,89439,-1,1,8181,3295,4,160,160,1
16,3,"[4, 56, 0, 0, 0, 0, 0, 0, 0, 0, 0, 0, 0, 0, 0, 4, 0, 0, 0, 0, 0, 0, 0, 0, 0, 0, 0, 0, 0, 0]",1,128,56.0,452.0,5185116989,5185125393,5185125637,5185127813,0,88703,88703,-1,1,8404,2176,4,160,160,1
12,3,"[4, 56, 0, 0, 0, 0, 0, 0, 0, 0, 0, 0, 0, 0, 0, 4, 56, 0, 0, 0, 0, 0, 0, 0, 0, 0, 0, 0, 0, 0]",1,128,56.0,672.0,5185208176,5185216156,5185216516,5185218788,0,88735,88735,-1,1,7980,2272,4,160,160,1
12,3,"[4, 56, 0, 0, 0, 0, 0, 0, 0, 0, 0, 0, 0, 0, 0, 4, 56, 0, 0, 0, 0, 0, 0, 0, 0, 0, 0, 0, 0, 0]",1,128,56.0,672.0,5185298877,5185307246,5185307523,5185309763,0,91711,91711,-1,1,8369,2240,4,160,160,1
16,3,"[4, 1344, 56, 1, 1, 0, 0, 0, 0, 0, 0, 0, 0, 0, 0, 4, 0, 0, 0, 0, 0, 0, 0, 0, 0, 0, 0, 0, 0, 0]",147,128,75264.0,602116.0,5185392834,5185401264,5185401474,5185405570,0,86655,86655,-1,1,8430,4096,4,160,160,1
12,3,"[4, 1344, 56, 1, 1, 0, 0, 0, 0, 0, 0, 0, 0, 0, 0, 4, 1344, 56, 1, 1, 0, 0, 0, 0, 0, 0, 0, 0, 0, 0]",147,128,75264.0,903168.0,5185483835,5185492107,5185492225,5185496673,0,86430,86430,-1,1,8272,4448,4,160,160,1
12,3,"[4, 1344, 56, 1, 1, 0, 0, 0, 0, 0, 0, 0, 0, 0, 0, 4, 1344, 56, 1, 1, 0, 0, 0, 0, 0, 0, 0, 0, 0, 0]",147,128,75264.0,903168.0,5185574674,5185582758,5185583103,5185586463,0,97055,97055,-1,1,8084,3360,4,160,160,1
16,3,"[4, 1344, 0, 0, 0, 0, 0, 0, 0, 0, 0, 0, 0, 0, 0, 4, 0, 0, 0, 0, 0, 0, 0, 0, 0, 0, 0, 0, 0, 0]",3,128,1344.0,10756.0,5185674282,5185685310,5185683518,5185685854,0,93983,93983,-1,1,11028,2336,4,160,160,1
12,3,"[4, 1344, 0, 0, 0, 0, 0, 0, 0, 0, 0, 0, 0, 0, 0, 4, 1344, 0, 0, 0, 0, 0, 0, 0, 0, 0, 0, 0, 0, 0]",3,128,1344.0,16128.0,5185771286,5185779720,5185779837,5185782205,0,87999,87999,-1,1,8434,2368,4,160,160,1
12,3,"[4, 1344, 0, 0, 0, 0, 0, 0, 0, 0, 0, 0, 0, 0, 0, 4, 1344, 0, 0, 0, 0, 0, 0, 0, 0, 0, 0, 0, 0, 0]",3,128,1344.0,16128.0,5185861740,5185869976,5185870204,5185872412,0,91807,91807,-1,1,8236,2208,4,160,160,1
16,3,"[4, 224, 1344, 1, 1, 0, 0, 0, 0, 0, 0, 0, 0, 0, 0, 4, 0, 0, 0, 0, 0, 0, 0, 0, 0, 0, 0, 0, 0, 0]",588,128,301056.0,2408452.0,5185955521,5185964024,5185964219,5185974907,0,79743,79743,-1,1,8503,10688,4,160,160,1
12,3,"[4, 224, 1344, 1, 1, 0, 0, 0, 0, 0, 0, 0, 0, 0, 0, 4, 224, 1344, 1, 1, 0, 0, 0, 0, 0, 0, 0, 0, 0, 0]",588,128,301056.0,3612672.0,5186046453,5186054308,5186054650,5186062297,0,82272,82272,-1,1,7855,7647,4,160,160,1
12,3,"[4, 224, 1344, 1, 1, 0, 0, 0, 0, 0, 0, 0, 0, 0, 0, 4, 224, 1344, 1, 1, 0, 0, 0, 0, 0, 0, 0, 0, 0, 0]",588,128,301056.0,3612672.0,5186136063,5186144300,5186144569,5186153752,0,80415,80415,-1,1,8237,9183,4,160,160,1
16,3,"[4, 224, 0, 0, 0, 0, 0, 0, 0, 0, 0, 0, 0, 0, 0, 4, 0, 0, 0, 0, 0, 0, 0, 0, 0, 0, 0, 0, 0, 0]",1,128,224.0,1796.0,5186225653,5186233878,5186234167,5186236503,0,87711,87711,-1,1,8225,2336,4,160,160,1
12,3,"[4, 224, 0, 0, 0, 0, 0, 0, 0, 0, 0, 0, 0, 0, 0, 4, 224, 0, 0, 0, 0, 0, 0, 0, 0, 0, 0, 0, 0, 0]",1,128,224.0,2688.0,5186315425,5186323778,5186324214,5186326518,0,89791,89791,-1,1,8353,2304,4,160,160,1
12,3,"[4, 224, 0, 0, 0, 0, 0, 0, 0, 0, 0, 0, 0, 0, 0, 4, 224, 0, 0, 0, 0, 0, 0, 0, 0, 0, 0, 0, 0, 0]",1,128,224.0,2688.0,5186407885,5186415989,5186416309,5186418645,0,88927,88927,-1,1,8104,2336,4,160,160,1
16,3,"[4, 224, 0, 0, 0, 0, 0, 0, 0, 0, 0, 0, 0, 0, 0, 4, 0, 0, 0, 0, 0, 0, 0, 0, 0, 0, 0, 0, 0, 0]",1,128,224.0,1796.0,5186498843,5186507390,5186507572,5186509844,0,87454,87454,-1,1,8547,2272,4,160,160,1
12,3,"[4, 224, 0, 0, 0, 0, 0, 0, 0, 0, 0, 0, 0, 0, 0, 4, 224, 0, 0, 0, 0, 0, 0, 0, 0, 0, 0, 0, 0, 0]",1,128,224.0,2688.0,5186588929,5186596884,5186597298,5186599698,0,86111,86111,-1,1,7955,2400,4,160,160,1
12,3,"[4, 224, 0, 0, 0, 0, 0, 0, 0, 0, 0, 0, 0, 0, 0, 4, 224, 0, 0, 0, 0, 0, 0, 0, 0, 0, 0, 0, 0, 0]",1,128,224.0,2688.0,5186677569,5186687116,5186685809,5186688145,0,91487,91487,-1,1,9547,2336,4,160,160,1
16,3,"[4, 1344, 224, 1, 1, 0, 0, 0, 0, 0, 0, 0, 0, 0, 0, 4, 0, 0, 0, 0, 0, 0, 0, 0, 0, 0, 0, 0, 0, 0]",588,128,301056.0,2408452.0,5186770931,5186779374,5186779632,5186790320,0,79551,79551,-1,1,8443,10688,4,160,160,1
12,3,"[4, 1344, 224, 1, 1, 0, 0, 0, 0, 0, 0, 0, 0, 0, 0, 4, 1344, 224, 1, 1, 0, 0, 0, 0, 0, 0, 0, 0, 0, 0]",588,128,301056.0,3612672.0,5186861523,5186869508,5186869871,5186877583,0,81695,81695,-1,1,7985,7712,4,160,160,1
12,3,"[4, 1344, 224, 1, 1, 0, 0, 0, 0, 0, 0, 0, 0, 0, 0, 4, 1344, 224, 1, 1, 0, 0, 0, 0, 0, 0, 0, 0, 0, 0]",588,128,301056.0,3612672.0,5186950905,5186958943,5186959278,5186968686,0,79999,79999,-1,1,8038,9408,4,160,160,1
16,3,"[4, 1344, 0, 0, 0, 0, 0, 0, 0, 0, 0, 0, 0, 0, 0, 4, 0, 0, 0, 0, 0, 0, 0, 0, 0, 0, 0, 0, 0, 0]",3,128,1344.0,10756.0,5187040193,5187048408,5187048685,5187051021,0,87391,87391,-1,1,8215,2336,4,160,160,1
12,3,"[4, 1344, 0, 0, 0, 0, 0, 0, 0, 0, 0, 0, 0, 0, 0, 4, 1344, 0, 0, 0, 0, 0, 0, 0, 0, 0, 0, 0, 0, 0]",3,128,1344.0,16128.0,5187129876,5187137960,5187138412,5187140844,0,86015,86015,-1,1,8084,2432,4,160,160,1
12,3,"[4, 1344, 0, 0, 0, 0, 0, 0, 0, 0, 0, 0, 0, 0, 0, 4, 1344, 0, 0, 0, 0, 0, 0, 0, 0, 0, 0, 0, 0, 0]",3,128,1344.0,16128.0,5187218531,5187226482,5187226859,5187229131,0,86174,86174,-1,1,7951,2272,4,160,160,1
16,3,"[4, 1344, 0, 0, 0, 0, 0, 0, 0, 0, 0, 0, 0, 0, 0, 4, 0, 0, 0, 0, 0, 0, 0, 0, 0, 0, 0, 0, 0, 0]",3,128,1344.0,10756.0,5187306993,5187315024,5187315305,5187317738,0,85886,85886,-1,1,8031,2433,4,160,160,1
12,3,"[4, 1344, 0, 0, 0, 0, 0, 0, 0, 0, 0, 0, 0, 0, 0, 4, 1344, 0, 0, 0, 0, 0, 0, 0, 0, 0, 0, 0, 0, 0]",3,128,1344.0,16128.0,5187395366,5187403571,5187403624,5187405992,0,86208,86208,-1,1,8205,2368,4,160,160,1
12,3,"[4, 1344, 0, 0, 0, 0, 0, 0, 0, 0, 0, 0, 0, 0, 0, 4, 1344, 0, 0, 0, 0, 0, 0, 0, 0, 0, 0, 0, 0, 0]",3,128,1344.0,16128.0,5187483831,5187491817,5187492200,5187494439,0,87231,87231,-1,1,7986,2239,4,160,160,1
16,3,"[4, 1344, 1, 3, 3, 0, 0, 0, 0, 0, 0, 0, 0, 0, 0, 4, 0, 0, 0, 0, 0, 0, 0, 0, 0, 0, 0, 0, 0, 0]",24,128,12096.0,96772.0,5187573184,5187581518,5187581670,5187584198,0,87519,87519,-1,1,8334,2528,4,160,160,1
12,3,"[4, 1344, 1, 3, 3, 0, 0, 0, 0, 0, 0, 0, 0, 0, 0, 4, 1344, 1, 3, 3, 0, 0, 0, 0, 0, 0, 0, 0, 0, 0]",24,128,12096.0,145152.0,5187663492,5187673496,5187671717,5187674309,0,90655,90655,-1,1,10004,2592,4,160,160,1
12,3,"[4, 1344, 1, 3, 3, 0, 0, 0, 0, 0, 0, 0, 0, 0, 0, 4, 1344, 1, 3, 3, 0, 0, 0, 0, 0, 0, 0, 0, 0, 0]",24,128,12096.0,145152.0,5187756690,5187764745,5187764964,5187767396,0,88191,88191,-1,1,8055,2432,4,160,160,1
16,3,"[4, 1344, 0, 0, 0, 0, 0, 0, 0, 0, 0, 0, 0, 0, 0, 4, 0, 0, 0, 0, 0, 0, 0, 0, 0, 0, 0, 0, 0, 0]",3,128,1344.0,10756.0,5187846860,5187855332,5187855587,5187857763,0,87935,87935,-1,1,8472,2176,4,160,160,1
12,3,"[4, 1344, 0, 0, 0, 0, 0, 0, 0, 0, 0, 0, 0, 0, 0, 4, 1344, 0, 0, 0, 0, 0, 0, 0, 0, 0, 0, 0, 0, 0]",3,128,1344.0,16128.0,5187937455,5187945421,5187945698,5187948065,0,87103,87103,-1,1,7966,2367,4,160,160,1
12,3,"[4, 1344, 0, 0, 0, 0, 0, 0, 0, 0, 0, 0, 0, 0, 0, 4, 1344, 0, 0, 0, 0, 0, 0, 0, 0, 0, 0, 0, 0, 0]",3,128,1344.0,16128.0,5188026976,5188034775,5188035168,5188037376,0,87199,87199,-1,1,7799,2208,4,160,160,1
16,3,"[4, 1344, 0, 0, 0, 0, 0, 0, 0, 0, 0, 0, 0, 0, 0, 4, 0, 0, 0, 0, 0, 0, 0, 0, 0, 0, 0, 0, 0, 0]",3,128,1344.0,10756.0,5188116244,5188124301,5188124575,5188126847,0,230109,230109,-1,1,8057,2272,4,160,160,1
12,3,"[4, 1344, 0, 0, 0, 0, 0, 0, 0, 0, 0, 0, 0, 0, 0, 4, 1344, 0, 0, 0, 0, 0, 0, 0, 0, 0, 0, 0, 0, 0]",3,128,1344.0,16128.0,5188346458,5188356894,5188356956,5188359324,0,99455,99455,-1,1,10436,2368,4,160,160,1
12,3,"[4, 1344, 0, 0, 0, 0, 0, 0, 0, 0, 0, 0, 0, 0, 0, 4, 1344, 0, 0, 0, 0, 0, 0, 0, 0, 0, 0, 0, 0, 0]",3,128,1344.0,16128.0,5188449567,5188458579,5188458779,5188460987,0,96031,96031,-1,1,9012,2208,4,160,160,1
16,3,"[4, 56, 1344, 1, 1, 0, 0, 0, 0, 0, 0, 0, 0, 0, 0, 4, 0, 0, 0, 0, 0, 0, 0, 0, 0, 0, 0, 0, 0, 0]",147,128,75264.0,602116.0,5188547993,5188557164,5188557018,5188561114,0,88063,88063,-1,1,9171,4096,4,160,160,1
12,3,"[4, 56, 1344, 1, 1, 0, 0, 0, 0, 0, 0, 0, 0, 0, 0, 4, 56, 1344, 1, 1, 0, 0, 0, 0, 0, 0, 0, 0, 0, 0]",147,128,75264.0,903168.0,5188640641,5188648913,5188649177,5188653465,0,88574,88574,-1,1,8272,4288,4,160,160,1
12,3,"[4, 56, 1344, 1, 1, 0, 0, 0, 0, 0, 0, 0, 0, 0, 0, 4, 56, 1344, 1, 1, 0, 0, 0, 0, 0, 0, 0, 0, 0, 0]",147,128,75264.0,903168.0,5188733521,5188741648,5188742039,5188745303,0,88767,88767,-1,1,8127,3264,4,160,160,1
16,3,"[4, 56, 0, 0, 0, 0, 0, 0, 0, 0, 0, 0, 0, 0, 0, 4, 0, 0, 0, 0, 0, 0, 0, 0, 0, 0, 0, 0, 0, 0]",1,128,56.0,452.0,5188825602,5188835887,5188834070,5188836182,0,91711,91711,-1,1,10285,2112,4,160,160,1
12,3,"[4, 56, 0, 0, 0, 0, 0, 0, 0, 0, 0, 0, 0, 0, 0, 4, 56, 0, 0, 0, 0, 0, 0, 0, 0, 0, 0, 0, 0, 0]",1,128,56.0,672.0,5188919195,5188927737,5188927893,5188930101,0,91039,91039,-1,1,8542,2208,4,160,160,1
12,3,"[4, 56, 0, 0, 0, 0, 0, 0, 0, 0, 0, 0, 0, 0, 0, 4, 56, 0, 0, 0, 0, 0, 0, 0, 0, 0, 0, 0, 0, 0]",1,128,56.0,672.0,5189010364,5189020924,5189021140,5189023348,0,90271,90271,-1,1,10560,2208,4,160,160,1
16,3,"[4, 1344, 56, 1, 1, 0, 0, 0, 0, 0, 0, 0, 0, 0, 0, 4, 0, 0, 0, 0, 0, 0, 0, 0, 0, 0, 0, 0, 0, 0]",147,128,75264.0,602116.0,5189104805,5189113485,5189113619,5189117779,0,88127,88127,-1,1,8680,4160,4,160,160,1
12,3,"[4, 1344, 56, 1, 1, 0, 0, 0, 0, 0, 0, 0, 0, 0, 0, 4, 1344, 56, 1, 1, 0, 0, 0, 0, 0, 0, 0, 0, 0, 0]",147,128,75264.0,903168.0,5189196811,5189204975,5189205906,5189210354,0,87198,87198,-1,1,8164,4448,4,160,160,1
12,3,"[4, 1344, 56, 1, 1, 0, 0, 0, 0, 0, 0, 0, 0, 0, 0, 4, 1344, 56, 1, 1, 0, 0, 0, 0, 0, 0, 0, 0, 0, 0]",147,128,75264.0,903168.0,5189288925,5189297194,5189297552,5189300945,0,86398,86398,-1,1,8269,3393,4,160,160,1
16,3,"[4, 1344, 0, 0, 0, 0, 0, 0, 0, 0, 0, 0, 0, 0, 0, 4, 0, 0, 0, 0, 0, 0, 0, 0, 0, 0, 0, 0, 0, 0]",3,128,1344.0,10756.0,5189378934,5189387249,5189387343,5189389615,0,88031,88031,-1,1,8315,2272,4,160,160,1
12,3,"[4, 1344, 0, 0, 0, 0, 0, 0, 0, 0, 0, 0, 0, 0, 0, 4, 1344, 0, 0, 0, 0, 0, 0, 0, 0, 0, 0, 0, 0, 0]",3,128,1344.0,16128.0,5189469038,5189477225,5189477646,5189479886,0,88511,88511,-1,1,8187,2240,4,160,160,1
12,3,"[4, 1344, 0, 0, 0, 0, 0, 0, 0, 0, 0, 0, 0, 0, 0, 4, 1344, 0, 0, 0, 0, 0, 0, 0, 0, 0, 0, 0, 0, 0]",3,128,1344.0,16128.0,5189559904,5189567763,5189568397,5189570797,0,96031,96031,-1,1,7859,2400,4,160,160,1
16,3,"[4, 224, 1344, 1, 1, 0, 0, 0, 0, 0, 0, 0, 0, 0, 0, 4, 0, 0, 0, 0, 0, 0, 0, 0, 0, 0, 0, 0, 0, 0]",588,128,301056.0,2408452.0,5189657749,5189666896,5189666828,5189677356,0,84062,84062,-1,1,9147,10528,4,160,160,1
12,3,"[4, 224, 1344, 1, 1, 0, 0, 0, 0, 0, 0, 0, 0, 0, 0, 4, 224, 1344, 1, 1, 0, 0, 0, 0, 0, 0, 0, 0, 0, 0]",588,128,301056.0,3612672.0,5189752553,5189760536,5189761418,5189769002,0,82335,82335,-1,1,7983,7584,4,160,160,1
12,3,"[4, 224, 1344, 1, 1, 0, 0, 0, 0, 0, 0, 0, 0, 0, 0, 4, 224, 1344, 1, 1, 0, 0, 0, 0, 0, 0, 0, 0, 0, 0]",588,128,301056.0,3612672.0,5189842552,5189852476,5189851337,5189860873,0,82303,82303,-1,1,9924,9536,4,160,160,1
16,3,"[4, 224, 0, 0, 0, 0, 0, 0, 0, 0, 0, 0, 0, 0, 0, 4, 0, 0, 0, 0, 0, 0, 0, 0, 0, 0, 0, 0, 0, 0]",1,128,224.0,1796.0,5189934595,5189943410,5189943176,5189945640,0,88543,88543,-1,1,8815,2464,4,160,160,1
12,3,"[4, 224, 0, 0, 0, 0, 0, 0, 0, 0, 0, 0, 0, 0, 0, 4, 224, 0, 0, 0, 0, 0, 0, 0, 0, 0, 0, 0, 0, 0]",1,128,224.0,2688.0,5190026064,5190034062,5190034183,5190036455,0,87327,87327,-1,1,7998,2272,4,160,160,1
12,3,"[4, 224, 0, 0, 0, 0, 0, 0, 0, 0, 0, 0, 0, 0, 0, 4, 224, 0, 0, 0, 0, 0, 0, 0, 0, 0, 0, 0, 0, 0]",1,128,224.0,2688.0,5190115369,5190123221,5190123782,5190126022,0,86783,86783,-1,1,7852,2240,4,160,160,1
16,3,"[4, 224, 0, 0, 0, 0, 0, 0, 0, 0, 0, 0, 0, 0, 0, 4, 0, 0, 0, 0, 0, 0, 0, 0, 0, 0, 0, 0, 0, 0]",1,128,224.0,1796.0,5190204190,5190212544,5190212805,5190215045,0,86270,86270,-1,1,8354,2240,4,160,160,1
12,3,"[4, 224, 0, 0, 0, 0, 0, 0, 0, 0, 0, 0, 0, 0, 0, 4, 224, 0, 0, 0, 0, 0, 0, 0, 0, 0, 0, 0, 0, 0]",1,128,224.0,2688.0,5190293126,5190300945,5190301315,5190303524,0,86495,86495,-1,1,7819,2209,4,160,160,1
12,3,"[4, 224, 0, 0, 0, 0, 0, 0, 0, 0, 0, 0, 0, 0, 0, 4, 224, 0, 0, 0, 0, 0, 0, 0, 0, 0, 0, 0, 0, 0]",1,128,224.0,2688.0,5190381743,5190389816,5190390019,5190392227,0,92062,92062,-1,1,8073,2208,4,160,160,1
16,3,"[4, 1344, 224, 1, 1, 0, 0, 0, 0, 0, 0, 0, 0, 0, 0, 4, 0, 0, 0, 0, 0, 0, 0, 0, 0, 0, 0, 0, 0, 0]",588,128,301056.0,2408452.0,5190475701,5190484079,5190484289,5190494849,0,79295,79295,-1,1,8378,10560,4,160,160,1
12,3,"[4, 1344, 224, 1, 1, 0, 0, 0, 0, 0, 0, 0, 0, 0, 0, 4, 1344, 224, 1, 1, 0, 0, 0, 0, 0, 0, 0, 0, 0, 0]",588,128,301056.0,3612672.0,5190565657,5190573745,5190574144,5190581888,0,83135,83135,-1,1,8088,7744,4,160,160,1
12,3,"[4, 1344, 224, 1, 1, 0, 0, 0, 0, 0, 0, 0, 0, 0, 0, 4, 1344, 224, 1, 1, 0, 0, 0, 0, 0, 0, 0, 0, 0, 0]",588,128,301056.0,3612672.0,5190656601,5190664651,5190665023,5190674335,0,79583,79583,-1,1,8050,9312,4,160,160,1
16,3,"[4, 1344, 0, 0, 0, 0, 0, 0, 0, 0, 0, 0, 0, 0, 0, 4, 0, 0, 0, 0, 0, 0, 0, 0, 0, 0, 0, 0, 0, 0]",3,128,1344.0,10756.0,5190745684,5190753684,5190753918,5190756382,0,87775,87775,-1,1,8000,2464,4,160,160,1
12,3,"[4, 1344, 0, 0, 0, 0, 0, 0, 0, 0, 0, 0, 0, 0, 0, 4, 1344, 0, 0, 0, 0, 0, 0, 0, 0, 0, 0, 0, 0, 0]",3,128,1344.0,16128.0,5190835754,5190843743,5190844157,5190846397,0,87359,87359,-1,1,7989,2240,4,160,160,1
12,3,"[4, 1344, 0, 0, 0, 0, 0, 0, 0, 0, 0, 0, 0, 0, 0, 4, 1344, 0, 0, 0, 0, 0, 0, 0, 0, 0, 0, 0, 0, 0]",3,128,1344.0,16128.0,5190925392,5190933338,5190933756,5190936060,0,86847,86847,-1,1,7946,2304,4,160,160,1
16,3,"[4, 1344, 0, 0, 0, 0, 0, 0, 0, 0, 0, 0, 0, 0, 0, 4, 0, 0, 0, 0, 0, 0, 0, 0, 0, 0, 0, 0, 0, 0]",3,128,1344.0,10756.0,5191014564,5191022712,5191022907,5191025178,0,87200,87200,-1,1,8148,2271,4,160,160,1
12,3,"[4, 1344, 0, 0, 0, 0, 0, 0, 0, 0, 0, 0, 0, 0, 0, 4, 1344, 0, 0, 0, 0, 0, 0, 0, 0, 0, 0, 0, 0, 0]",3,128,1344.0,16128.0,5191103811,5191112112,5191112378,5191114649,0,86367,86367,-1,1,8301,2271,4,160,160,1
12,3,"[4, 1344, 0, 0, 0, 0, 0, 0, 0, 0, 0, 0, 0, 0, 0, 4, 1344, 0, 0, 0, 0, 0, 0, 0, 0, 0, 0, 0, 0, 0]",3,128,1344.0,16128.0,5191192935,5191200811,5191201016,5191203608,0,87583,87583,-1,1,7876,2592,4,160,160,1
16,3,"[4, 1344, 1, 3, 3, 0, 0, 0, 0, 0, 0, 0, 0, 0, 0, 4, 0, 0, 0, 0, 0, 0, 0, 0, 0, 0, 0, 0, 0, 0]",24,128,12096.0,96772.0,5191282367,5191290956,5191291191,5191293655,0,87775,87775,-1,1,8589,2464,4,160,160,1
12,3,"[4, 1344, 1, 3, 3, 0, 0, 0, 0, 0, 0, 0, 0, 0, 0, 4, 1344, 1, 3, 3, 0, 0, 0, 0, 0, 0, 0, 0, 0, 0]",24,128,12096.0,145152.0,5191373240,5191381111,5191381430,5191383990,0,88191,88191,-1,1,7871,2560,4,160,160,1
12,3,"[4, 1344, 1, 3, 3, 0, 0, 0, 0, 0, 0, 0, 0, 0, 0, 4, 1344, 1, 3, 3, 0, 0, 0, 0, 0, 0, 0, 0, 0, 0]",24,128,12096.0,145152.0,5191463514,5191471807,5191472181,5191474613,0,87231,87231,-1,1,8293,2432,4,160,160,1
16,3,"[4, 1344, 0, 0, 0, 0, 0, 0, 0, 0, 0, 0, 0, 0, 0, 4, 0, 0, 0, 0, 0, 0, 0, 0, 0, 0, 0, 0, 0, 0]",3,128,1344.0,10756.0,5191553399,5191561792,5191561844,5191564052,0,88030,88030,-1,1,8393,2208,4,160,160,1
12,3,"[4, 1344, 0, 0, 0, 0, 0, 0, 0, 0, 0, 0, 0, 0, 0, 4, 1344, 0, 0, 0, 0, 0, 0, 0, 0, 0, 0, 0, 0, 0]",3,128,1344.0,16128.0,5191643865,5191651704,5191652082,5191654322,0,87552,87552,-1,1,7839,2240,4,160,160,1
12,3,"[4, 1344, 0, 0, 0, 0, 0, 0, 0, 0, 0, 0, 0, 0, 0, 4, 1344, 0, 0, 0, 0, 0, 0, 0, 0, 0, 0, 0, 0, 0]",3,128,1344.0,16128.0,5191733662,5191741516,5191741874,5191744081,0,89183,89183,-1,1,7854,2207,4,160,160,1
16,3,"[4, 1344, 0, 0, 0, 0, 0, 0, 0, 0, 0, 0, 0, 0, 0, 4, 0, 0, 0, 0, 0, 0, 0, 0, 0, 0, 0, 0, 0, 0]",3,128,1344.0,10756.0,5191824383,5191832946,5191833264,5191835600,0,87519,87519,-1,1,8563,2336,4,160,160,1
12,3,"[4, 1344, 0, 0, 0, 0, 0, 0, 0, 0, 0, 0, 0, 0, 0, 4, 1344, 0, 0, 0, 0, 0, 0, 0, 0, 0, 0, 0, 0, 0]",3,128,1344.0,16128.0,5191914772,5191922722,5191923119,5191925455,0,88031,88031,-1,1,7950,2336,4,160,160,1
12,3,"[4, 1344, 0, 0, 0, 0, 0, 0, 0, 0, 0, 0, 0, 0, 0, 4, 1344, 0, 0, 0, 0, 0, 0, 0, 0, 0, 0, 0, 0, 0]",3,128,1344.0,16128.0,5192005298,5192013072,5192013486,5192015662,0,88127,88127,-1,1,7774,2176,4,160,160,1
16,3,"[4, 56, 1344, 1, 1, 0, 0, 0, 0, 0, 0, 0, 0, 0, 0, 4, 0, 0, 0, 0, 0, 0, 0, 0, 0, 0, 0, 0, 0, 0]",147,128,75264.0,602116.0,5192095298,5192103449,5192103789,5192107501,0,271356,271356,-1,1,8151,3712,4,160,160,1
12,3,"[4, 56, 1344, 1, 1, 0, 0, 0, 0, 0, 0, 0, 0, 0, 0, 4, 56, 1344, 1, 1, 0, 0, 0, 0, 0, 0, 0, 0, 0, 0]",147,128,75264.0,903168.0,5192367407,5192378963,5192378857,5192383081,0,93759,93759,-1,1,11556,4224,4,160,160,1
12,3,"[4, 56, 1344, 1, 1, 0, 0, 0, 0, 0, 0, 0, 0, 0, 0, 4, 56, 1344, 1, 1, 0, 0, 0, 0, 0, 0, 0, 0, 0, 0]",147,128,75264.0,903168.0,5192467609,5192476439,5192476840,5192480424,0,93375,93375,-1,1,8830,3584,4,160,160,1
16,3,"[4, 56, 0, 0, 0, 0, 0, 0, 0, 0, 0, 0, 0, 0, 0, 4, 0, 0, 0, 0, 0, 0, 0, 0, 0, 0, 0, 0, 0, 0]",1,128,56.0,452.0,5192564561,5192573641,5192573799,5192575943,0,88287,88287,-1,1,9080,2144,4,160,160,1
12,3,"[4, 56, 0, 0, 0, 0, 0, 0, 0, 0, 0, 0, 0, 0, 0, 4, 56, 0, 0, 0, 0, 0, 0, 0, 0, 0, 0, 0, 0, 0]",1,128,56.0,672.0,5192655681,5192663832,5192664230,5192666438,0,88030,88030,-1,1,8151,2208,4,160,160,1
12,3,"[4, 56, 0, 0, 0, 0, 0, 0, 0, 0, 0, 0, 0, 0, 0, 4, 56, 0, 0, 0, 0, 0, 0, 0, 0, 0, 0, 0, 0, 0]",1,128,56.0,672.0,5192746142,5192754113,5192754468,5192756708,0,88447,88447,-1,1,7971,2240,4,160,160,1
16,3,"[4, 1344, 56, 1, 1, 0, 0, 0, 0, 0, 0, 0, 0, 0, 0, 4, 0, 0, 0, 0, 0, 0, 0, 0, 0, 0, 0, 0, 0, 0]",147,128,75264.0,602116.0,5192836745,5192844890,5192845155,5192849316,0,87486,87486,-1,1,8145,4161,4,160,160,1
12,3,"[4, 1344, 56, 1, 1, 0, 0, 0, 0, 0, 0, 0, 0, 0, 0, 4, 1344, 56, 1, 1, 0, 0, 0, 0, 0, 0, 0, 0, 0, 0]",147,128,75264.0,903168.0,5192928401,5192936560,5192936802,5192940866,0,89439,89439,-1,1,8159,4064,4,160,160,1
12,3,"[4, 1344, 56, 1, 1, 0, 0, 0, 0, 0, 0, 0, 0, 0, 0, 4, 1344, 56, 1, 1, 0, 0, 0, 0, 0, 0, 0, 0, 0, 0]",147,128,75264.0,903168.0,5193021880,5193029977,5193030305,5193033505,0,86783,86783,-1,1,8097,3200,4,160,160,1
16,3,"[4, 1344, 0, 0, 0, 0, 0, 0, 0, 0, 0, 0, 0, 0, 0, 4, 0, 0, 0, 0, 0, 0, 0, 0, 0, 0, 0, 0, 0, 0]",3,128,1344.0,10756.0,5193111501,5193120025,5193120288,5193122464,0,86719,86719,-1,1,8524,2176,4,160,160,1
12,3,"[4, 1344, 0, 0, 0, 0, 0, 0, 0, 0, 0, 0, 0, 0, 0, 4, 1344, 0, 0, 0, 0, 0, 0, 0, 0, 0, 0, 0, 0, 0]",3,128,1344.0,16128.0,5193200955,5193208956,5193209183,5193211519,0,87775,87775,-1,1,8001,2336,4,160,160,1
12,3,"[4, 1344, 0, 0, 0, 0, 0, 0, 0, 0, 0, 0, 0, 0, 0, 4, 1344, 0, 0, 0, 0, 0, 0, 0, 0, 0, 0, 0, 0, 0]",3,128,1344.0,16128.0,5193290744,5193298906,5193299294,5193301694,0,90782,90782,-1,1,8162,2400,4,160,160,1
16,3,"[4, 224, 1344, 1, 1, 0, 0, 0, 0, 0, 0, 0, 0, 0, 0, 4, 0, 0, 0, 0, 0, 0, 0, 0, 0, 0, 0, 0, 0, 0]",588,128,301056.0,2408452.0,5193383655,5193392329,5193392476,5193402524,0,80383,80383,-1,1,8674,10048,4,160,160,1
12,3,"[4, 224, 1344, 1, 1, 0, 0, 0, 0, 0, 0, 0, 0, 0, 0, 4, 224, 1344, 1, 1, 0, 0, 0, 0, 0, 0, 0, 0, 0, 0]",588,128,301056.0,3612672.0,5193474642,5193482574,5193482907,5193490523,0,82815,82815,-1,1,7932,7616,4,160,160,1
12,3,"[4, 224, 1344, 1, 1, 0, 0, 0, 0, 0, 0, 0, 0, 0, 0, 4, 224, 1344, 1, 1, 0, 0, 0, 0, 0, 0, 0, 0, 0, 0]",588,128,301056.0,3612672.0,5193565018,5193573117,5193573338,5193582746,0,87039,87039,-1,1,8099,9408,4,160,160,1
16,3,"[4, 224, 0, 0, 0, 0, 0, 0, 0, 0, 0, 0, 0, 0, 0, 4, 0, 0, 0, 0, 0, 0, 0, 0, 0, 0, 0, 0, 0, 0]",1,128,224.0,1796.0,5193660580,5193669651,5193669785,5193672057,0,88671,88671,-1,1,9071,2272,4,160,160,1
12,3,"[4, 224, 0, 0, 0, 0, 0, 0, 0, 0, 0, 0, 0, 0, 0, 4, 224, 0, 0, 0, 0, 0, 0, 0, 0, 0, 0, 0, 0, 0]",1,128,224.0,2688.0,5193752373,5193760442,5193760728,5193763064,0,87839,87839,-1,1,8069,2336,4,160,160,1
12,3,"[4, 224, 0, 0, 0, 0, 0, 0, 0, 0, 0, 0, 0, 0, 0, 4, 224, 0, 0, 0, 0, 0, 0, 0, 0, 0, 0, 0, 0, 0]",1,128,224.0,2688.0,5193842563,5193850492,5193850903,5193853111,0,86367,86367,-1,1,7929,2208,4,160,160,1
16,3,"[4, 224, 0, 0, 0, 0, 0, 0, 0, 0, 0, 0, 0, 0, 0, 4, 0, 0, 0, 0, 0, 0, 0, 0, 0, 0, 0, 0, 0, 0]",1,128,224.0,1796.0,5193930990,5193939228,5193939478,5193941750,0,88990,88990,-1,1,8238,2272,4,160,160,1
12,3,"[4, 224, 0, 0, 0, 0, 0, 0, 0, 0, 0, 0, 0, 0, 0, 4, 224, 0, 0, 0, 0, 0, 0, 0, 0, 0, 0, 0, 0, 0]",1,128,224.0,2688.0,5194022386,5194030388,5194030740,5194032980,0,85503,85503,-1,1,8002,2240,4,160,160,1
12,3,"[4, 224, 0, 0, 0, 0, 0, 0, 0, 0, 0, 0, 0, 0, 0, 4, 224, 0, 0, 0, 0, 0, 0, 0, 0, 0, 0, 0, 0, 0]",1,128,224.0,2688.0,5194110527,5194118117,5194118483,5194120755,0,88095,88095,-1,1,7590,2272,4,160,160,1
16,3,"[4, 1344, 224, 1, 1, 0, 0, 0, 0, 0, 0, 0, 0, 0, 0, 4, 0, 0, 0, 0, 0, 0, 0, 0, 0, 0, 0, 0, 0, 0]",588,128,301056.0,2408452.0,5194200267,5194208587,5194208850,5194219442,0,80479,80479,-1,1,8320,10592,4,160,160,1
12,3,"[4, 1344, 224, 1, 1, 0, 0, 0, 0, 0, 0, 0, 0, 0, 0, 4, 1344, 224, 1, 1, 0, 0, 0, 0, 0, 0, 0, 0, 0, 0]",588,128,301056.0,3612672.0,5194291752,5194299718,5194299921,5194307793,0,82943,82943,-1,1,7966,7872,4,160,160,1
12,3,"[4, 1344, 224, 1, 1, 0, 0, 0, 0, 0, 0, 0, 0, 0, 0, 4, 1344, 224, 1, 1, 0, 0, 0, 0, 0, 0, 0, 0, 0, 0]",588,128,301056.0,3612672.0,5194382281,5194390399,5194390736,5194400239,0,82272,82272,-1,1,8118,9503,4,160,160,1
16,3,"[4, 1344, 0, 0, 0, 0, 0, 0, 0, 0, 0, 0, 0, 0, 0, 4, 0, 0, 0, 0, 0, 0, 0, 0, 0, 0, 0, 0, 0, 0]",3,128,1344.0,10756.0,5194473449,5194482334,5194482511,5194484911,0,89695,89695,-1,1,8885,2400,4,160,160,1
12,3,"[4, 1344, 0, 0, 0, 0, 0, 0, 0, 0, 0, 0, 0, 0, 0, 4, 1344, 0, 0, 0, 0, 0, 0, 0, 0, 0, 0, 0, 0, 0]",3,128,1344.0,16128.0,5194566344,5194574333,5194574606,5194576813,0,87136,87136,-1,1,7989,2207,4,160,160,1
12,3,"[4, 1344, 0, 0, 0, 0, 0, 0, 0, 0, 0, 0, 0, 0, 0, 4, 1344, 0, 0, 0, 0, 0, 0, 0, 0, 0, 0, 0, 0, 0]",3,128,1344.0,16128.0,5194655829,5194663627,5194663949,5194666156,0,87519,87519,-1,1,7798,2207,4,160,160,1
16,3,"[4, 1344, 0, 0, 0, 0, 0, 0, 0, 0, 0, 0, 0, 0, 0, 4, 0, 0, 0, 0, 0, 0, 0, 0, 0, 0, 0, 0, 0, 0]",3,128,1344.0,10756.0,5194745270,5194753349,5194753675,5194755947,0,86303,86303,-1,1,8079,2272,4,160,160,1
12,3,"[4, 1344, 0, 0, 0, 0, 0, 0, 0, 0, 0, 0, 0, 0, 0, 4, 1344, 0, 0, 0, 0, 0, 0, 0, 0, 0, 0, 0, 0, 0]",3,128,1344.0,16128.0,5194833900,5194841956,5194842250,5194844618,0,86655,86655,-1,1,8056,2368,4,160,160,1
12,3,"[4, 1344, 0, 0, 0, 0, 0, 0, 0, 0, 0, 0, 0, 0, 0, 4, 1344, 0, 0, 0, 0, 0, 0, 0, 0, 0, 0, 0, 0, 0]",3,128,1344.0,16128.0,5194923187,5194932676,5194931273,5194933609,0,91167,91167,-1,1,9489,2336,4,160,160,1
16,3,"[4, 1344, 1, 3, 3, 0, 0, 0, 0, 0, 0, 0, 0, 0, 0, 4, 0, 0, 0, 0, 0, 0, 0, 0, 0, 0, 0, 0, 0, 0]",24,128,12096.0,96772.0,5195016274,5195024513,5195024776,5195027367,0,89055,89055,-1,1,8239,2591,4,160,160,1
12,3,"[4, 1344, 1, 3, 3, 0, 0, 0, 0, 0, 0, 0, 0, 0, 0, 4, 1344, 1, 3, 3, 0, 0, 0, 0, 0, 0, 0, 0, 0, 0]",24,128,12096.0,145152.0,5195107957,5195116117,5195116422,5195119047,0,88254,88254,-1,1,8160,2625,4,160,160,1
12,3,"[4, 1344, 1, 3, 3, 0, 0, 0, 0, 0, 0, 0, 0, 0, 0, 4, 1344, 1, 3, 3, 0, 0, 0, 0, 0, 0, 0, 0, 0, 0]",24,128,12096.0,145152.0,5195199023,5195207269,5195207301,5195209861,0,87295,87295,-1,1,8246,2560,4,160,160,1
16,3,"[4, 1344, 0, 0, 0, 0, 0, 0, 0, 0, 0, 0, 0, 0, 0, 4, 0, 0, 0, 0, 0, 0, 0, 0, 0, 0, 0, 0, 0, 0]",3,128,1344.0,10756.0,5195288593,5195296877,5195297156,5195299460,0,86655,86655,-1,1,8284,2304,4,160,160,1
12,3,"[4, 1344, 0, 0, 0, 0, 0, 0, 0, 0, 0, 0, 0, 0, 0, 4, 1344, 0, 0, 0, 0, 0, 0, 0, 0, 0, 0, 0, 0, 0]",3,128,1344.0,16128.0,5195378054,5195385864,5195386115,5195388451,0,85407,85407,-1,1,7810,2336,4,160,160,1
12,3,"[4, 1344, 0, 0, 0, 0, 0, 0, 0, 0, 0, 0, 0, 0, 0, 4, 1344, 0, 0, 0, 0, 0, 0, 0, 0, 0, 0, 0, 0, 0]",3,128,1344.0,16128.0,5195465640,5195473492,5195473858,5195476162,0,85887,85887,-1,1,7852,2304,4,160,160,1
16,3,"[4, 1344, 0, 0, 0, 0, 0, 0, 0, 0, 0, 0, 0, 0, 0, 4, 0, 0, 0, 0, 0, 0, 0, 0, 0, 0, 0, 0, 0, 0]",3,128,1344.0,10756.0,5195553932,5195561823,5195562049,5195564257,0,85983,85983,-1,1,7891,2208,4,160,160,1
12,3,"[4, 1344, 0, 0, 0, 0, 0, 0, 0, 0, 0, 0, 0, 0, 0, 4, 1344, 0, 0, 0, 0, 0, 0, 0, 0, 0, 0, 0, 0, 0]",3,128,1344.0,16128.0,5195641931,5195649980,5195650240,5195652640,0,86815,86815,-1,1,8049,2400,4,160,160,1
12,3,"[4, 1344, 0, 0, 0, 0, 0, 0, 0, 0, 0, 0, 0, 0, 0, 4, 1344, 0, 0, 0, 0, 0, 0, 0, 0, 0, 0, 0, 0, 0]",3,128,1344.0,16128.0,5195731132,5195739214,5195739455,5195741663,0,87775,87775,-1,1,8082,2208,4,160,160,1
16,3,"[4, 56, 1344, 1, 1, 0, 0, 0, 0, 0, 0, 0, 0, 0, 0, 4, 0, 0, 0, 0, 0, 0, 0, 0, 0, 0, 0, 0, 0, 0]",147,128,75264.0,602116.0,5195820956,5195829246,5195829438,5195833246,0,91678,91678,-1,1,8290,3808,4,160,160,1
12,3,"[4, 56, 1344, 1, 1, 0, 0, 0, 0, 0, 0, 0, 0, 0, 0, 4, 56, 1344, 1, 1, 0, 0, 0, 0, 0, 0, 0, 0, 0, 0]",147,128,75264.0,903168.0,5195916533,5195926724,5195924924,5195929404,0,88895,88895,-1,1,10191,4480,4,160,160,1
12,3,"[4, 56, 1344, 1, 1, 0, 0, 0, 0, 0, 0, 0, 0, 0, 0, 4, 56, 1344, 1, 1, 0, 0, 0, 0, 0, 0, 0, 0, 0, 0]",147,128,75264.0,903168.0,5196010208,5196017973,5196018299,5196021659,0,235805,235805,-1,1,7765,3360,4,160,160,1
16,3,"[4, 56, 0, 0, 0, 0, 0, 0, 0, 0, 0, 0, 0, 0, 0, 4, 0, 0, 0, 0, 0, 0, 0, 0, 0, 0, 0, 0, 0, 0]",1,128,56.0,452.0,5196246463,5196257627,5196257464,5196259640,0,102271,102271,-1,1,11164,2176,4,160,160,1
12,3,"[4, 56, 0, 0, 0, 0, 0, 0, 0, 0, 0, 0, 0, 0, 0, 4, 56, 0, 0, 0, 0, 0, 0, 0, 0, 0, 0, 0, 0, 0]",1,128,56.0,672.0,5196352430,5196361655,5196361911,5196364183,0,92383,92383,-1,1,9225,2272,4,160,160,1
12,3,"[4, 56, 0, 0, 0, 0, 0, 0, 0, 0, 0, 0, 0, 0, 0, 4, 56, 0, 0, 0, 0, 0, 0, 0, 0, 0, 0, 0, 0, 0]",1,128,56.0,672.0,5196447944,5196456170,5196456566,5196458806,0,93182,93182,-1,1,8226,2240,4,160,160,1
16,3,"[4, 1344, 56, 1, 1, 0, 0, 0, 0, 0, 0, 0, 0, 0, 0, 4, 0, 0, 0, 0, 0, 0, 0, 0, 0, 0, 0, 0, 0, 0]",147,128,75264.0,602116.0,5196542898,5196551846,5196551988,5196556116,0,91167,91167,-1,1,8948,4128,4,160,160,1
12,3,"[4, 1344, 56, 1, 1, 0, 0, 0, 0, 0, 0, 0, 0, 0, 0, 4, 1344, 56, 1, 1, 0, 0, 0, 0, 0, 0, 0, 0, 0, 0]",147,128,75264.0,903168.0,5196638740,5196646957,5196647283,5196651539,0,89247,89247,-1,1,8217,4256,4,160,160,1
12,3,"[4, 1344, 56, 1, 1, 0, 0, 0, 0, 0, 0, 0, 0, 0, 0, 4, 1344, 56, 1, 1, 0, 0, 0, 0, 0, 0, 0, 0, 0, 0]",147,128,75264.0,903168.0,5196732175,5196740429,5196740786,5196744082,0,88927,88927,-1,1,8254,3296,4,160,160,1
16,3,"[4, 1344, 0, 0, 0, 0, 0, 0, 0, 0, 0, 0, 0, 0, 0, 4, 0, 0, 0, 0, 0, 0, 0, 0, 0, 0, 0, 0, 0, 0]",3,128,1344.0,10756.0,5196823839,5196832806,5196833009,5196835281,0,89310,89310,-1,1,8967,2272,4,160,160,1
12,3,"[4, 1344, 0, 0, 0, 0, 0, 0, 0, 0, 0, 0, 0, 0, 0, 4, 1344, 0, 0, 0, 0, 0, 0, 0, 0, 0, 0, 0, 0, 0]",3,128,1344.0,16128.0,5196916233,5196924329,5196924591,5196927151,0,88512,88512,-1,1,8096,2560,4,160,160,1
12,3,"[4, 1344, 0, 0, 0, 0, 0, 0, 0, 0, 0, 0, 0, 0, 0, 4, 1344, 0, 0, 0, 0, 0, 0, 0, 0, 0, 0, 0, 0, 0]",3,128,1344.0,16128.0,5197007359,5197015223,5197015663,5197018030,0,90943,90943,-1,1,7864,2367,4,160,160,1
16,3,"[4, 224, 1344, 1, 1, 0, 0, 0, 0, 0, 0, 0, 0, 0, 0, 4, 0, 0, 0, 0, 0, 0, 0, 0, 0, 0, 0, 0, 0, 0]",588,128,301056.0,2408452.0,5197100240,5197110745,5197108973,5197119021,0,85823,85823,-1,1,10505,10048,4,160,160,1
12,3,"[4, 224, 1344, 1, 1, 0, 0, 0, 0, 0, 0, 0, 0, 0, 0, 4, 224, 1344, 1, 1, 0, 0, 0, 0, 0, 0, 0, 0, 0, 0]",588,128,301056.0,3612672.0,5197196298,5197204631,5197204844,5197212684,0,83231,83231,-1,1,8333,7840,4,160,160,1
12,3,"[4, 224, 1344, 1, 1, 0, 0, 0, 0, 0, 0, 0, 0, 0, 0, 4, 224, 1344, 1, 1, 0, 0, 0, 0, 0, 0, 0, 0, 0, 0]",588,128,301056.0,3612672.0,5197287656,5197295574,5197295915,5197305355,0,81439,81439,-1,1,7918,9440,4,160,160,1
16,3,"[4, 224, 0, 0, 0, 0, 0, 0, 0, 0, 0, 0, 0, 0, 0, 4, 0, 0, 0, 0, 0, 0, 0, 0, 0, 0, 0, 0, 0, 0]",1,128,224.0,1796.0,5197378363,5197386684,5197386794,5197389226,0,86782,86782,-1,1,8321,2432,4,160,160,1
12,3,"[4, 224, 0, 0, 0, 0, 0, 0, 0, 0, 0, 0, 0, 0, 0, 4, 224, 0, 0, 0, 0, 0, 0, 0, 0, 0, 0, 0, 0, 0]",1,128,224.0,2688.0,5197467619,5197475701,5197476008,5197478281,0,86815,86815,-1,1,8082,2273,4,160,160,1
12,3,"[4, 224, 0, 0, 0, 0, 0, 0, 0, 0, 0, 0, 0, 0, 0, 4, 224, 0, 0, 0, 0, 0, 0, 0, 0, 0, 0, 0, 0, 0]",1,128,224.0,2688.0,5197556836,5197564733,5197565096,5197567335,0,94975,94975,-1,1,7897,2239,4,160,160,1
16,3,"[4, 224, 0, 0, 0, 0, 0, 0, 0, 0, 0, 0, 0, 0, 0, 4, 0, 0, 0, 0, 0, 0, 0, 0, 0, 0, 0, 0, 0, 0]",1,128,224.0,1796.0,5197645394,5197662152,5197662310,5197664518,0,91039,91039,-1,1,16758,2208,4,160,160,1
12,3,"[4, 224, 0, 0, 0, 0, 0, 0, 0, 0, 0, 0, 0, 0, 0, 4, 224, 0, 0, 0, 0, 0, 0, 0, 0, 0, 0, 0, 0, 0]",1,128,224.0,2688.0,5197746904,5197755217,5197755557,5197757765,0,86431,86431,-1,1,8313,2208,4,160,160,1
12,3,"[4, 224, 0, 0, 0, 0, 0, 0, 0, 0, 0, 0, 0, 0, 0, 4, 224, 0, 0, 0, 0, 0, 0, 0, 0, 0, 0, 0, 0, 0]",1,128,224.0,2688.0,5197836063,5197843937,5197844196,5197846468,0,88735,88735,-1,1,7874,2272,4,160,160,1
16,3,"[4, 1344, 224, 1, 1, 0, 0, 0, 0, 0, 0, 0, 0, 0, 0, 4, 0, 0, 0, 0, 0, 0, 0, 0, 0, 0, 0, 0, 0, 0]",588,128,301056.0,2408452.0,5197926753,5197935287,5197935203,5197945763,0,91326,91326,-1,1,8534,10560,4,160,160,1
12,3,"[4, 1344, 224, 1, 1, 0, 0, 0, 0, 0, 0, 0, 0, 0, 0, 4, 1344, 224, 1, 1, 0, 0, 0, 0, 0, 0, 0, 0, 0, 0]",588,128,301056.0,3612672.0,5198027512,5198036819,5198037089,5198044738,0,86622,86622,-1,1,9307,7649,4,160,160,1
12,3,"[4, 1344, 224, 1, 1, 0, 0, 0, 0, 0, 0, 0, 0, 0, 0, 4, 1344, 224, 1, 1, 0, 0, 0, 0, 0, 0, 0, 0, 0, 0]",588,128,301056.0,3612672.0,5198123103,5198134100,5198131360,5198140768,0,86975,86975,-1,1,10997,9408,4,160,160,1
16,3,"[4, 1344, 0, 0, 0, 0, 0, 0, 0, 0, 0, 0, 0, 0, 0, 4, 0, 0, 0, 0, 0, 0, 0, 0, 0, 0, 0, 0, 0, 0]",3,128,1344.0,10756.0,5198218669,5198227521,5198227743,5198230079,0,87839,87839,-1,1,8852,2336,4,160,160,1
12,3,"[4, 1344, 0, 0, 0, 0, 0, 0, 0, 0, 0, 0, 0, 0, 0, 4, 1344, 0, 0, 0, 0, 0, 0, 0, 0, 0, 0, 0, 0, 0]",3,128,1344.0,16128.0,5198309603,5198317560,5198317918,5198320254,0,87071,87071,-1,1,7957,2336,4,160,160,1
12,3,"[4, 1344, 0, 0, 0, 0, 0, 0, 0, 0, 0, 0, 0, 0, 0, 4, 1344, 0, 0, 0, 0, 0, 0, 0, 0, 0, 0, 0, 0, 0]",3,128,1344.0,16128.0,5198398860,5198406947,5198407325,5198409629,0,87615,87615,-1,1,8087,2304,4,160,160,1
16,3,"[4, 1344, 0, 0, 0, 0, 0, 0, 0, 0, 0, 0, 0, 0, 0, 4, 0, 0, 0, 0, 0, 0, 0, 0, 0, 0, 0, 0, 0, 0]",3,128,1344.0,10756.0,5198488753,5198496978,5198497244,5198499516,0,88799,88799,-1,1,8225,2272,4,160,160,1
12,3,"[4, 1344, 0, 0, 0, 0, 0, 0, 0, 0, 0, 0, 0, 0, 0, 4, 1344, 0, 0, 0, 0, 0, 0, 0, 0, 0, 0, 0, 0, 0]",3,128,1344.0,16128.0,5198579872,5198588052,5198588315,5198590586,0,87647,87647,-1,1,8180,2271,4,160,160,1
12,3,"[4, 1344, 0, 0, 0, 0, 0, 0, 0, 0, 0, 0, 0, 0, 0, 4, 1344, 0, 0, 0, 0, 0, 0, 0, 0, 0, 0, 0, 0, 0]",3,128,1344.0,16128.0,5198669466,5198677930,5198678233,5198680537,0,89215,89215,-1,1,8464,2304,4,160,160,1
16,3,"[4, 1344, 1, 3, 3, 0, 0, 0, 0, 0, 0, 0, 0, 0, 0, 4, 0, 0, 0, 0, 0, 0, 0, 0, 0, 0, 0, 0, 0, 0]",24,128,12096.0,96772.0,5198760956,5198769213,5198769752,5198772408,0,87455,87455,-1,1,8257,2656,4,160,160,1
12,3,"[4, 1344, 1, 3, 3, 0, 0, 0, 0, 0, 0, 0, 0, 0, 0, 4, 1344, 1, 3, 3, 0, 0, 0, 0, 0, 0, 0, 0, 0, 0]",24,128,12096.0,145152.0,5198851605,5198859485,5198859863,5198862455,0,86303,86303,-1,1,7880,2592,4,160,160,1
12,3,"[4, 1344, 1, 3, 3, 0, 0, 0, 0, 0, 0, 0, 0, 0, 0, 4, 1344, 1, 3, 3, 0, 0, 0, 0, 0, 0, 0, 0, 0, 0]",24,128,12096.0,145152.0,5198940688,5198948391,5198948758,5198951126,0,88127,88127,-1,1,7703,2368,4,160,160,1
16,3,"[4, 1344, 0, 0, 0, 0, 0, 0, 0, 0, 0, 0, 0, 0, 0, 4, 0, 0, 0, 0, 0, 0, 0, 0, 0, 0, 0, 0, 0, 0]",3,128,1344.0,10756.0,5199030440,5199038981,5199039253,5199041525,0,85663,85663,-1,1,8541,2272,4,160,160,1
12,3,"[4, 1344, 0, 0, 0, 0, 0, 0, 0, 0, 0, 0, 0, 0, 0, 4, 1344, 0, 0, 0, 0, 0, 0, 0, 0, 0, 0, 0, 0, 0]",3,128,1344.0,16128.0,5199118935,5199128853,5199127188,5199129523,0,94495,94495,-1,1,9918,2335,4,160,160,1
12,3,"[4, 1344, 0, 0, 0, 0, 0, 0, 0, 0, 0, 0, 0, 0, 0, 4, 1344, 0, 0, 0, 0, 0, 0, 0, 0, 0, 0, 0, 0, 0]",3,128,1344.0,16128.0,5199215929,5199223558,5199224018,5199226418,0,93855,93855,-1,1,7629,2400,4,160,160,1
16,3,"[4, 1344, 0, 0, 0, 0, 0, 0, 0, 0, 0, 0, 0, 0, 0, 4, 0, 0, 0, 0, 0, 0, 0, 0, 0, 0, 0, 0, 0, 0]",3,128,1344.0,10756.0,5199311483,5199319799,5199320273,5199322513,0,91839,91839,-1,1,8316,2240,4,160,160,1
12,3,"[4, 1344, 0, 0, 0, 0, 0, 0, 0, 0, 0, 0, 0, 0, 0, 4, 1344, 0, 0, 0, 0, 0, 0, 0, 0, 0, 0, 0, 0, 0]",3,128,1344.0,16128.0,5199406109,5199414118,5199414352,5199416592,0,93375,93375,-1,1,8009,2240,4,160,160,1
12,3,"[4, 1344, 0, 0, 0, 0, 0, 0, 0, 0, 0, 0, 0, 0, 0, 4, 1344, 0, 0, 0, 0, 0, 0, 0, 0, 0, 0, 0, 0, 0]",3,128,1344.0,16128.0,5199501819,5199509661,5199509967,5199512303,0,94047,94047,-1,1,7842,2336,4,160,160,1
16,3,"[4, 56, 1344, 1, 1, 0, 0, 0, 0, 0, 0, 0, 0, 0, 0, 4, 0, 0, 0, 0, 0, 0, 0, 0, 0, 0, 0, 0, 0, 0]",147,128,75264.0,602116.0,5199597863,5199606152,5199606350,5199610381,0,91648,91648,-1,1,8289,4031,4,160,160,1
12,3,"[4, 56, 1344, 1, 1, 0, 0, 0, 0, 0, 0, 0, 0, 0, 0, 4, 56, 1344, 1, 1, 0, 0, 0, 0, 0, 0, 0, 0, 0, 0]",147,128,75264.0,903168.0,5199693663,5199701734,5199702029,5199706348,0,88351,88351,-1,1,8071,4319,4,160,160,1
12,3,"[4, 56, 1344, 1, 1, 0, 0, 0, 0, 0, 0, 0, 0, 0, 0, 4, 56, 1344, 1, 1, 0, 0, 0, 0, 0, 0, 0, 0, 0, 0]",147,128,75264.0,903168.0,5199786448,5199794410,5199794699,5199798123,0,86175,86175,-1,1,7962,3424,4,160,160,1
16,3,"[4, 56, 0, 0, 0, 0, 0, 0, 0, 0, 0, 0, 0, 0, 0, 4, 0, 0, 0, 0, 0, 0, 0, 0, 0, 0, 0, 0, 0, 0]",1,128,56.0,452.0,5199875764,5199884065,5199884298,5199886442,0,87711,87711,-1,1,8301,2144,4,160,160,1
12,3,"[4, 56, 0, 0, 0, 0, 0, 0, 0, 0, 0, 0, 0, 0, 0, 4, 56, 0, 0, 0, 0, 0, 0, 0, 0, 0, 0, 0, 0, 0]",1,128,56.0,672.0,5199965711,5199973773,5199974153,5199976553,0,231453,231453,-1,1,8062,2400,4,160,160,1
12,3,"[4, 56, 0, 0, 0, 0, 0, 0, 0, 0, 0, 0, 0, 0, 0, 4, 56, 0, 0, 0, 0, 0, 0, 0, 0, 0, 0, 0, 0, 0]",1,128,56.0,672.0,5200197495,5200207929,5200208006,5200210214,0,103519,103519,-1,1,10434,2208,4,160,160,1
16,3,"[4, 1344, 56, 1, 1, 0, 0, 0, 0, 0, 0, 0, 0, 0, 0, 4, 0, 0, 0, 0, 0, 0, 0, 0, 0, 0, 0, 0, 0, 0]",147,128,75264.0,602116.0,5200303624,5200316082,5200313733,5200318085,0,91263,91263,-1,1,12458,4352,4,160,160,1
12,3,"[4, 1344, 56, 1, 1, 0, 0, 0, 0, 0, 0, 0, 0, 0, 0, 4, 1344, 56, 1, 1, 0, 0, 0, 0, 0, 0, 0, 0, 0, 0]",147,128,75264.0,903168.0,5200400340,5200409136,5200409348,5200413667,0,87327,87327,-1,1,8796,4319,4,160,160,1
12,3,"[4, 1344, 56, 1, 1, 0, 0, 0, 0, 0, 0, 0, 0, 0, 0, 4, 1344, 56, 1, 1, 0, 0, 0, 0, 0, 0, 0, 0, 0, 0]",147,128,75264.0,903168.0,5200492454,5200500779,5200500994,5200504322,0,87871,87871,-1,1,8325,3328,4,160,160,1
16,3,"[4, 1344, 0, 0, 0, 0, 0, 0, 0, 0, 0, 0, 0, 0, 0, 4, 0, 0, 0, 0, 0, 0, 0, 0, 0, 0, 0, 0, 0, 0]",3,128,1344.0,10756.0,5200583543,5200592061,5200592193,5200594497,0,87231,87231,-1,1,8518,2304,4,160,160,1
12,3,"[4, 1344, 0, 0, 0, 0, 0, 0, 0, 0, 0, 0, 0, 0, 0, 4, 1344, 0, 0, 0, 0, 0, 0, 0, 0, 0, 0, 0, 0, 0]",3,128,1344.0,16128.0,5200673448,5200681480,5200681728,5200684096,0,92671,92671,-1,1,8032,2368,4,160,160,1
12,3,"[4, 1344, 0, 0, 0, 0, 0, 0, 0, 0, 0, 0, 0, 0, 0, 4, 1344, 0, 0, 0, 0, 0, 0, 0, 0, 0, 0, 0, 0, 0]",3,128,1344.0,16128.0,5200767881,5200776492,5200776767,5200779102,0,91040,91040,-1,1,8611,2335,4,160,160,1
16,3,"[4, 224, 1344, 1, 1, 0, 0, 0, 0, 0, 0, 0, 0, 0, 0, 4, 0, 0, 0, 0, 0, 0, 0, 0, 0, 0, 0, 0, 0, 0]",588,128,301056.0,2408452.0,5200861108,5200869998,5200870142,5200880669,0,81567,81567,-1,1,8890,10527,4,160,160,1
12,3,"[4, 224, 1344, 1, 1, 0, 0, 0, 0, 0, 0, 0, 0, 0, 0, 4, 224, 1344, 1, 1, 0, 0, 0, 0, 0, 0, 0, 0, 0, 0]",588,128,301056.0,3612672.0,5200953335,5200961861,5200962236,5200969885,0,84126,84126,-1,1,8526,7649,4,160,160,1
12,3,"[4, 224, 1344, 1, 1, 0, 0, 0, 0, 0, 0, 0, 0, 0, 0, 4, 224, 1344, 1, 1, 0, 0, 0, 0, 0, 0, 0, 0, 0, 0]",588,128,301056.0,3612672.0,5201045665,5201053790,5201054011,5201063547,0,81151,81151,-1,1,8125,9536,4,160,160,1
16,3,"[4, 224, 0, 0, 0, 0, 0, 0, 0, 0, 0, 0, 0, 0, 0, 4, 0, 0, 0, 0, 0, 0, 0, 0, 0, 0, 0, 0, 0, 0]",1,128,224.0,1796.0,5201136052,5201144506,5201144698,5201146906,0,87711,87711,-1,1,8454,2208,4,160,160,1
12,3,"[4, 224, 0, 0, 0, 0, 0, 0, 0, 0, 0, 0, 0, 0, 0, 4, 224, 0, 0, 0, 0, 0, 0, 0, 0, 0, 0, 0, 0, 0]",1,128,224.0,2688.0,5201226242,5201234483,5201234617,5201236921,0,90495,90495,-1,1,8241,2304,4,160,160,1
12,3,"[4, 224, 0, 0, 0, 0, 0, 0, 0, 0, 0, 0, 0, 0, 0, 4, 224, 0, 0, 0, 0, 0, 0, 0, 0, 0, 0, 0, 0, 0]",1,128,224.0,2688.0,5201318940,5201327062,5201327416,5201329656,0,88255,88255,-1,1,8122,2240,4,160,160,1
16,3,"[4, 224, 0, 0, 0, 0, 0, 0, 0, 0, 0, 0, 0, 0, 0, 4, 0, 0, 0, 0, 0, 0, 0, 0, 0, 0, 0, 0, 0, 0]",1,128,224.0,1796.0,5201409266,5201417762,5201417911,5201420215,0,87102,87102,-1,1,8496,2304,4,160,160,1
12,3,"[4, 224, 0, 0, 0, 0, 0, 0, 0, 0, 0, 0, 0, 0, 0, 4, 224, 0, 0, 0, 0, 0, 0, 0, 0, 0, 0, 0, 0, 0]",1,128,224.0,2688.0,5201499005,5201507061,5201507317,5201509589,0,86367,86367,-1,1,8056,2272,4,160,160,1
12,3,"[4, 224, 0, 0, 0, 0, 0, 0, 0, 0, 0, 0, 0, 0, 0, 4, 224, 0, 0, 0, 0, 0, 0, 0, 0, 0, 0, 0, 0, 0]",1,128,224.0,2688.0,5201587694,5201595592,5201595956,5201598228,0,97503,97503,-1,1,7898,2272,4,160,160,1
16,3,"[4, 1344, 224, 1, 1, 0, 0, 0, 0, 0, 0, 0, 0, 0, 0, 4, 0, 0, 0, 0, 0, 0, 0, 0, 0, 0, 0, 0, 0, 0]",588,128,301056.0,2408452.0,5201686550,5201695570,5201695731,5201706259,0,83359,83359,-1,1,9020,10528,4,160,160,1
12,3,"[4, 1344, 224, 1, 1, 0, 0, 0, 0, 0, 0, 0, 0, 0, 0, 4, 1344, 224, 1, 1, 0, 0, 0, 0, 0, 0, 0, 0, 0, 0]",588,128,301056.0,3612672.0,5201781260,5201789242,5201789618,5201797266,0,82143,82143,-1,1,7982,7648,4,160,160,1
12,3,"[4, 1344, 224, 1, 1, 0, 0, 0, 0, 0, 0, 0, 0, 0, 0, 4, 1344, 224, 1, 1, 0, 0, 0, 0, 0, 0, 0, 0, 0, 0]",588,128,301056.0,3612672.0,5201871208,5201878982,5201879409,5201889040,0,80927,80927,-1,1,7774,9631,4,160,160,1
16,3,"[4, 1344, 0, 0, 0, 0, 0, 0, 0, 0, 0, 0, 0, 0, 0, 4, 0, 0, 0, 0, 0, 0, 0, 0, 0, 0, 0, 0, 0, 0]",3,128,1344.0,10756.0,5201961242,5201969822,5201969967,5201972176,0,87775,87775,-1,1,8580,2209,4,160,160,1
12,3,"[4, 1344, 0, 0, 0, 0, 0, 0, 0, 0, 0, 0, 0, 0, 0, 4, 1344, 0, 0, 0, 0, 0, 0, 0, 0, 0, 0, 0, 0, 0]",3,128,1344.0,16128.0,5202051589,5202059756,5202059951,5202062382,0,87743,87743,-1,1,8167,2431,4,160,160,1
12,3,"[4, 1344, 0, 0, 0, 0, 0, 0, 0, 0, 0, 0, 0, 0, 0, 4, 1344, 0, 0, 0, 0, 0, 0, 0, 0, 0, 0, 0, 0, 0]",3,128,1344.0,16128.0,5202141829,5202149922,5202150125,5202152429,0,88319,88319,-1,1,8093,2304,4,160,160,1
16,3,"[4, 1344, 0, 0, 0, 0, 0, 0, 0, 0, 0, 0, 0, 0, 0, 4, 0, 0, 0, 0, 0, 0, 0, 0, 0, 0, 0, 0, 0, 0]",3,128,1344.0,10756.0,5202231895,5202240140,5202240748,5202243116,0,88319,88319,-1,1,8245,2368,4,160,160,1
12,3,"[4, 1344, 0, 0, 0, 0, 0, 0, 0, 0, 0, 0, 0, 0, 0, 4, 1344, 0, 0, 0, 0, 0, 0, 0, 0, 0, 0, 0, 0, 0]",3,128,1344.0,16128.0,5202322699,5202331106,5202331435,5202333771,0,87135,87135,-1,1,8407,2336,4,160,160,1
12,3,"[4, 1344, 0, 0, 0, 0, 0, 0, 0, 0, 0, 0, 0, 0, 0, 4, 1344, 0, 0, 0, 0, 0, 0, 0, 0, 0, 0, 0, 0, 0]",3,128,1344.0,16128.0,5202412854,5202420497,5202420906,5202423242,0,88223,88223,-1,1,7643,2336,4,160,160,1
16,3,"[4, 1344, 1, 3, 3, 0, 0, 0, 0, 0, 0, 0, 0, 0, 0, 4, 0, 0, 0, 0, 0, 0, 0, 0, 0, 0, 0, 0, 0, 0]",24,128,12096.0,96772.0,5202502783,5202511278,5202511465,5202514025,0,87679,87679,-1,1,8495,2560,4,160,160,1
12,3,"[4, 1344, 1, 3, 3, 0, 0, 0, 0, 0, 0, 0, 0, 0, 0, 4, 1344, 1, 3, 3, 0, 0, 0, 0, 0, 0, 0, 0, 0, 0]",24,128,12096.0,145152.0,5202593589,5202601423,5202601704,5202604296,0,90078,90078,-1,1,7834,2592,4,160,160,1
12,3,"[4, 1344, 1, 3, 3, 0, 0, 0, 0, 0, 0, 0, 0, 0, 0, 4, 1344, 1, 3, 3, 0, 0, 0, 0, 0, 0, 0, 0, 0, 0]",24,128,12096.0,145152.0,5202685985,5202694128,5202694374,5202696902,0,88223,88223,-1,1,8143,2528,4,160,160,1
16,3,"[4, 1344, 0, 0, 0, 0, 0, 0, 0, 0, 0, 0, 0, 0, 0, 4, 0, 0, 0, 0, 0, 0, 0, 0, 0, 0, 0, 0, 0, 0]",3,128,1344.0,10756.0,5202776595,5202784967,5202785125,5202787397,0,88031,88031,-1,1,8372,2272,4,160,160,1
12,3,"[4, 1344, 0, 0, 0, 0, 0, 0, 0, 0, 0, 0, 0, 0, 0, 4, 1344, 0, 0, 0, 0, 0, 0, 0, 0, 0, 0, 0, 0, 0]",3,128,1344.0,16128.0,5202867008,5202875054,5202875428,5202877732,0,87743,87743,-1,1,8046,2304,4,160,160,1
12,3,"[4, 1344, 0, 0, 0, 0, 0, 0, 0, 0, 0, 0, 0, 0, 0, 4, 1344, 0, 0, 0, 0, 0, 0, 0, 0, 0, 0, 0, 0, 0]",3,128,1344.0,16128.0,5202957117,5202965156,5202965475,5202967811,0,86495,86495,-1,1,8039,2336,4,160,160,1
16,3,"[4, 1344, 0, 0, 0, 0, 0, 0, 0, 0, 0, 0, 0, 0, 0, 4, 0, 0, 0, 0, 0, 0, 0, 0, 0, 0, 0, 0, 0, 0]",3,128,1344.0,10756.0,5203045884,5203054039,5203054306,5203056482,0,86399,86399,-1,1,8155,2176,4,160,160,1
12,3,"[4, 1344, 0, 0, 0, 0, 0, 0, 0, 0, 0, 0, 0, 0, 0, 4, 1344, 0, 0, 0, 0, 0, 0, 0, 0, 0, 0, 0, 0, 0]",3,128,1344.0,16128.0,5203134567,5203142714,5203142881,5203145249,0,85566,85566,-1,1,8147,2368,4,160,160,1
12,3,"[4, 1344, 0, 0, 0, 0, 0, 0, 0, 0, 0, 0, 0, 0, 0, 4, 1344, 0, 0, 0, 0, 0, 0, 0, 0, 0, 0, 0, 0, 0]",3,128,1344.0,16128.0,5203222665,5203230507,5203230815,5203233120,0,91007,91007,-1,1,7842,2305,4,160,160,1
16,3,"[4, 56, 1344, 1, 1, 0, 0, 0, 0, 0, 0, 0, 0, 0, 0, 4, 0, 0, 0, 0, 0, 0, 0, 0, 0, 0, 0, 0, 0, 0]",147,128,75264.0,602116.0,5203315497,5203323939,5203324127,5203328126,0,86687,86687,-1,1,8442,3999,4,160,160,1
12,3,"[4, 56, 1344, 1, 1, 0, 0, 0, 0, 0, 0, 0, 0, 0, 0, 4, 56, 1344, 1, 1, 0, 0, 0, 0, 0, 0, 0, 0, 0, 0]",147,128,75264.0,903168.0,5203406593,5203414489,5203414813,5203418941,0,84895,84895,-1,1,7896,4128,4,160,160,1
12,3,"[4, 56, 1344, 1, 1, 0, 0, 0, 0, 0, 0, 0, 0, 0, 0, 4, 56, 1344, 1, 1, 0, 0, 0, 0, 0, 0, 0, 0, 0, 0]",147,128,75264.0,903168.0,5203495363,5203503524,5203503836,5203507324,0,86559,86559,-1,1,8161,3488,4,160,160,1
16,3,"[4, 56, 0, 0, 0, 0, 0, 0, 0, 0, 0, 0, 0, 0, 0, 4, 0, 0, 0, 0, 0, 0, 0, 0, 0, 0, 0, 0, 0, 0]",1,128,56.0,452.0,5203585475,5203593671,5203593883,5203596091,0,87647,87647,-1,1,8196,2208,4,160,160,1
12,3,"[4, 56, 0, 0, 0, 0, 0, 0, 0, 0, 0, 0, 0, 0, 0, 4, 56, 0, 0, 0, 0, 0, 0, 0, 0, 0, 0, 0, 0, 0]",1,128,56.0,672.0,5203675463,5203683492,5203683738,5203685914,0,86847,86847,-1,1,8029,2176,4,160,160,1
12,3,"[4, 56, 0, 0, 0, 0, 0, 0, 0, 0, 0, 0, 0, 0, 0, 4, 56, 0, 0, 0, 0, 0, 0, 0, 0, 0, 0, 0, 0, 0]",1,128,56.0,672.0,5203764600,5203772326,5203772761,5203774969,0,88287,88287,-1,1,7726,2208,4,160,160,1
16,3,"[4, 1344, 56, 1, 1, 0, 0, 0, 0, 0, 0, 0, 0, 0, 0, 4, 0, 0, 0, 0, 0, 0, 0, 0, 0, 0, 0, 0, 0, 0]",147,128,75264.0,602116.0,5203854769,5203863009,5203863256,5203867223,0,228094,228094,-1,1,8240,3967,4,160,160,1
12,3,"[4, 1344, 56, 1, 1, 0, 0, 0, 0, 0, 0, 0, 0, 0, 0, 4, 1344, 56, 1, 1, 0, 0, 0, 0, 0, 0, 0, 0, 0, 0]",147,128,75264.0,903168.0,5204084729,5204095172,5204095317,5204099381,0,98718,98718,-1,1,10443,4064,4,160,160,1
12,3,"[4, 1344, 56, 1, 1, 0, 0, 0, 0, 0, 0, 0, 0, 0, 0, 4, 1344, 56, 1, 1, 0, 0, 0, 0, 0, 0, 0, 0, 0, 0]",147,128,75264.0,903168.0,5204188792,5204197886,5204198099,5204201427,0,90559,90559,-1,1,9094,3328,4,160,160,1
16,3,"[4, 1344, 0, 0, 0, 0, 0, 0, 0, 0, 0, 0, 0, 0, 0, 4, 0, 0, 0, 0, 0, 0, 0, 0, 0, 0, 0, 0, 0, 0]",3,128,1344.0,10756.0,5204283115,5204291898,5204291986,5204294290,0,88255,88255,-1,1,8783,2304,4,160,160,1
12,3,"[4, 1344, 0, 0, 0, 0, 0, 0, 0, 0, 0, 0, 0, 0, 0, 4, 1344, 0, 0, 0, 0, 0, 0, 0, 0, 0, 0, 0, 0, 0]",3,128,1344.0,16128.0,5204373901,5204382222,5204382545,5204384881,0,90975,90975,-1,1,8321,2336,4,160,160,1
12,3,"[4, 1344, 0, 0, 0, 0, 0, 0, 0, 0, 0, 0, 0, 0, 0, 4, 1344, 0, 0, 0, 0, 0, 0, 0, 0, 0, 0, 0, 0, 0]",3,128,1344.0,16128.0,5204467089,5204475635,5204475856,5204478192,0,89630,89630,-1,1,8546,2336,4,160,160,1
16,3,"[4, 224, 1344, 1, 1, 0, 0, 0, 0, 0, 0, 0, 0, 0, 0, 4, 0, 0, 0, 0, 0, 0, 0, 0, 0, 0, 0, 0, 0, 0]",588,128,301056.0,2408452.0,5204559134,5204567761,5204567822,5204577646,0,82400,82400,-1,1,8627,9824,4,160,160,1
12,3,"[4, 224, 1344, 1, 1, 0, 0, 0, 0, 0, 0, 0, 0, 0, 0, 4, 224, 1344, 1, 1, 0, 0, 0, 0, 0, 0, 0, 0, 0, 0]",588,128,301056.0,3612672.0,5204651422,5204659592,5204660046,5204667981,0,84607,84607,-1,1,8170,7935,4,160,160,1
12,3,"[4, 224, 1344, 1, 1, 0, 0, 0, 0, 0, 0, 0, 0, 0, 0, 4, 224, 1344, 1, 1, 0, 0, 0, 0, 0, 0, 0, 0, 0, 0]",588,128,301056.0,3612672.0,5204744497,5204752182,5204752588,5204762444,0,80639,80639,-1,1,7685,9856,4,160,160,1
16,3,"[4, 224, 0, 0, 0, 0, 0, 0, 0, 0, 0, 0, 0, 0, 0, 4, 0, 0, 0, 0, 0, 0, 0, 0, 0, 0, 0, 0, 0, 0]",1,128,224.0,1796.0,5204834477,5204842796,5204843083,5204845483,0,87775,87775,-1,1,8319,2400,4,160,160,1
12,3,"[4, 224, 0, 0, 0, 0, 0, 0, 0, 0, 0, 0, 0, 0, 0, 4, 224, 0, 0, 0, 0, 0, 0, 0, 0, 0, 0, 0, 0, 0]",1,128,224.0,2688.0,5204924792,5204932918,5204933258,5204935498,0,86783,86783,-1,1,8126,2240,4,160,160,1
12,3,"[4, 224, 0, 0, 0, 0, 0, 0, 0, 0, 0, 0, 0, 0, 0, 4, 224, 0, 0, 0, 0, 0, 0, 0, 0, 0, 0, 0, 0, 0]",1,128,224.0,2688.0,5205014018,5205021865,5205022281,5205024489,0,86879,86879,-1,1,7847,2208,4,160,160,1
16,3,"[4, 224, 0, 0, 0, 0, 0, 0, 0, 0, 0, 0, 0, 0, 0, 4, 0, 0, 0, 0, 0, 0, 0, 0, 0, 0, 0, 0, 0, 0]",1,128,224.0,1796.0,5205103063,5205111076,5205111368,5205113672,0,86719,86719,-1,1,8013,2304,4,160,160,1
12,3,"[4, 224, 0, 0, 0, 0, 0, 0, 0, 0, 0, 0, 0, 0, 0, 4, 224, 0, 0, 0, 0, 0, 0, 0, 0, 0, 0, 0, 0, 0]",1,128,224.0,2688.0,5205192263,5205200105,5205200391,5205202599,0,85983,85983,-1,1,7842,2208,4,160,160,1
12,3,"[4, 224, 0, 0, 0, 0, 0, 0, 0, 0, 0, 0, 0, 0, 0, 4, 224, 0, 0, 0, 0, 0, 0, 0, 0, 0, 0, 0, 0, 0]",1,128,224.0,2688.0,5205280496,5205288188,5205288582,5205290822,0,88191,88191,-1,1,7692,2240,4,160,160,1
16,3,"[4, 1344, 224, 1, 1, 0, 0, 0, 0, 0, 0, 0, 0, 0, 0, 4, 0, 0, 0, 0, 0, 0, 0, 0, 0, 0, 0, 0, 0, 0]",588,128,301056.0,2408452.0,5205370269,5205380722,5205379013,5205389444,0,81727,81727,-1,1,10453,10431,4,160,160,1
12,3,"[4, 1344, 224, 1, 1, 0, 0, 0, 0, 0, 0, 0, 0, 0, 0, 4, 1344, 224, 1, 1, 0, 0, 0, 0, 0, 0, 0, 0, 0, 0]",588,128,301056.0,3612672.0,5205462805,5205470841,5205471171,5205478979,0,81727,81727,-1,1,8036,7808,4,160,160,1
12,3,"[4, 1344, 224, 1, 1, 0, 0, 0, 0, 0, 0, 0, 0, 0, 0, 4, 1344, 224, 1, 1, 0, 0, 0, 0, 0, 0, 0, 0, 0, 0]",588,128,301056.0,3612672.0,5205552390,5205560380,5205560706,5205570146,0,80415,80415,-1,1,7990,9440,4,160,160,1
16,3,"[4, 1344, 0, 0, 0, 0, 0, 0, 0, 0, 0, 0, 0, 0, 0, 4, 0, 0, 0, 0, 0, 0, 0, 0, 0, 0, 0, 0, 0, 0]",3,128,1344.0,10756.0,5205642141,5205656031,5205650561,5205653153,0,96414,96414,-1,1,13890,2592,4,160,160,1
12,3,"[4, 1344, 0, 0, 0, 0, 0, 0, 0, 0, 0, 0, 0, 0, 0, 4, 1344, 0, 0, 0, 0, 0, 0, 0, 0, 0, 0, 0, 0, 0]",3,128,1344.0,16128.0,5205740560,5205749299,5205749567,5205751839,0,88096,88096,-1,1,8739,2272,4,160,160,1
12,3,"[4, 1344, 0, 0, 0, 0, 0, 0, 0, 0, 0, 0, 0, 0, 0, 4, 1344, 0, 0, 0, 0, 0, 0, 0, 0, 0, 0, 0, 0, 0]",3,128,1344.0,16128.0,5205831331,5205839914,5205839935,5205842238,0,86975,86975,-1,1,8583,2303,4,160,160,1
16,3,"[4, 1344, 0, 0, 0, 0, 0, 0, 0, 0, 0, 0, 0, 0, 0, 4, 0, 0, 0, 0, 0, 0, 0, 0, 0, 0, 0, 0, 0, 0]",3,128,1344.0,10756.0,5205920637,5205929036,5205929213,5205931517,0,87039,87039,-1,1,8399,2304,4,160,160,1
12,3,"[4, 1344, 0, 0, 0, 0, 0, 0, 0, 0, 0, 0, 0, 0, 0, 4, 1344, 0, 0, 0, 0, 0, 0, 0, 0, 0, 0, 0, 0, 0]",3,128,1344.0,16128.0,5206010043,5206018122,5206018556,5206020892,0,87135,87135,-1,1,8079,2336,4,160,160,1
12,3,"[4, 1344, 0, 0, 0, 0, 0, 0, 0, 0, 0, 0, 0, 0, 0, 4, 1344, 0, 0, 0, 0, 0, 0, 0, 0, 0, 0, 0, 0, 0]",3,128,1344.0,16128.0,5206099763,5206107701,5206108027,5206110363,0,89823,89823,-1,1,7938,2336,4,160,160,1
16,3,"[4, 1344, 1, 3, 3, 0, 0, 0, 0, 0, 0, 0, 0, 0, 0, 4, 0, 0, 0, 0, 0, 0, 0, 0, 0, 0, 0, 0, 0, 0]",24,128,12096.0,96772.0,5206191678,5206199969,5206200186,5206202746,0,87551,87551,-1,1,8291,2560,4,160,160,1
12,3,"[4, 1344, 1, 3, 3, 0, 0, 0, 0, 0, 0, 0, 0, 0, 0, 4, 1344, 1, 3, 3, 0, 0, 0, 0, 0, 0, 0, 0, 0, 0]",24,128,12096.0,145152.0,5206281868,5206290014,5206290297,5206292825,0,87839,87839,-1,1,8146,2528,4,160,160,1
12,3,"[4, 1344, 1, 3, 3, 0, 0, 0, 0, 0, 0, 0, 0, 0, 0, 4, 1344, 1, 3, 3, 0, 0, 0, 0, 0, 0, 0, 0, 0, 0]",24,128,12096.0,145152.0,5206372288,5206382430,5206380664,5206383096,0,90303,90303,-1,1,10142,2432,4,160,160,1
16,3,"[4, 1344, 0, 0, 0, 0, 0, 0, 0, 0, 0, 0, 0, 0, 0, 4, 0, 0, 0, 0, 0, 0, 0, 0, 0, 0, 0, 0, 0, 0]",3,128,1344.0,10756.0,5206464718,5206473269,5206473399,5206475734,0,85983,85983,-1,1,8551,2335,4,160,160,1
12,3,"[4, 1344, 0, 0, 0, 0, 0, 0, 0, 0, 0, 0, 0, 0, 0, 4, 1344, 0, 0, 0, 0, 0, 0, 0, 0, 0, 0, 0, 0, 0]",3,128,1344.0,16128.0,5206553533,5206561372,5206561717,5206563957,0,85887,85887,-1,1,7839,2240,4,160,160,1
12,3,"[4, 1344, 0, 0, 0, 0, 0, 0, 0, 0, 0, 0, 0, 0, 0, 4, 1344, 0, 0, 0, 0, 0, 0, 0, 0, 0, 0, 0, 0, 0]",3,128,1344.0,16128.0,5206641708,5206649479,5206649844,5206652020,0,88895,88895,-1,1,7771,2176,4,160,160,1
16,3,"[4, 1344, 0, 0, 0, 0, 0, 0, 0, 0, 0, 0, 0, 0, 0, 4, 0, 0, 0, 0, 0, 0, 0, 0, 0, 0, 0, 0, 0, 0]",3,128,1344.0,10756.0,5206732284,5206740755,5206740915,5206743155,0,85759,85759,-1,1,8471,2240,4,160,160,1
12,3,"[4, 1344, 0, 0, 0, 0, 0, 0, 0, 0, 0, 0, 0, 0, 0, 4, 1344, 0, 0, 0, 0, 0, 0, 0, 0, 0, 0, 0, 0, 0]",3,128,1344.0,16128.0,5206820684,5206828622,5206828914,5206831250,0,85599,85599,-1,1,7938,2336,4,160,160,1
12,3,"[4, 1344, 0, 0, 0, 0, 0, 0, 0, 0, 0, 0, 0, 0, 0, 4, 1344, 0, 0, 0, 0, 0, 0, 0, 0, 0, 0, 0, 0, 0]",3,128,1344.0,16128.0,5206908583,5206916482,5206916849,5206919121,0,87647,87647,-1,1,7899,2272,4,160,160,1
16,3,"[4, 56, 1344, 1, 1, 0, 0, 0, 0, 0, 0, 0, 0, 0, 0, 4, 0, 0, 0, 0, 0, 0, 0, 0, 0, 0, 0, 0, 0, 0]",147,128,75264.0,602116.0,5206998454,5207006612,5207006768,5207010928,0,85823,85823,-1,1,8158,4160,4,160,160,1
12,3,"[4, 56, 1344, 1, 1, 0, 0, 0, 0, 0, 0, 0, 0, 0, 0, 4, 56, 1344, 1, 1, 0, 0, 0, 0, 0, 0, 0, 0, 0, 0]",147,128,75264.0,903168.0,5207088716,5207096412,5207096751,5207101071,0,84190,84190,-1,1,7696,4320,4,160,160,1
12,3,"[4, 56, 1344, 1, 1, 0, 0, 0, 0, 0, 0, 0, 0, 0, 0, 4, 56, 1344, 1, 1, 0, 0, 0, 0, 0, 0, 0, 0, 0, 0]",147,128,75264.0,903168.0,5207177091,5207185102,5207185261,5207188750,0,86046,86046,-1,1,8011,3489,4,160,160,1
16,3,"[4, 56, 0, 0, 0, 0, 0, 0, 0, 0, 0, 0, 0, 0, 0, 4, 0, 0, 0, 0, 0, 0, 0, 0, 0, 0, 0, 0, 0, 0]",1,128,56.0,452.0,5207266412,5207274589,5207274796,5207277036,0,85887,85887,-1,1,8177,2240,4,160,160,1
12,3,"[4, 56, 0, 0, 0, 0, 0, 0, 0, 0, 0, 0, 0, 0, 0, 4, 56, 0, 0, 0, 0, 0, 0, 0, 0, 0, 0, 0, 0, 0]",1,128,56.0,672.0,5207354877,5207364693,5207362923,5207365131,0,89183,89183,-1,1,9816,2208,4,160,160,1
12,3,"[4, 56, 0, 0, 0, 0, 0, 0, 0, 0, 0, 0, 0, 0, 0, 4, 56, 0, 0, 0, 0, 0, 0, 0, 0, 0, 0, 0, 0, 0]",1,128,56.0,672.0,5207446011,5207453932,5207454314,5207456554,0,87487,87487,-1,1,7921,2240,4,160,160,1
16,3,"[4, 1344, 56, 1, 1, 0, 0, 0, 0, 0, 0, 0, 0, 0, 0, 4, 0, 0, 0, 0, 0, 0, 0, 0, 0, 0, 0, 0, 0, 0]",147,128,75264.0,602116.0,5207535482,5207543811,5207544041,5207548521,0,84351,84351,-1,1,8329,4480,4,160,160,1
12,3,"[4, 1344, 56, 1, 1, 0, 0, 0, 0, 0, 0, 0, 0, 0, 0, 4, 1344, 56, 1, 1, 0, 0, 0, 0, 0, 0, 0, 0, 0, 0]",147,128,75264.0,903168.0,5207624664,5207632584,5207632872,5207637224,0,85823,85823,-1,1,7920,4352,4,160,160,1
12,3,"[4, 1344, 56, 1, 1, 0, 0, 0, 0, 0, 0, 0, 0, 0, 0, 4, 1344, 56, 1, 1, 0, 0, 0, 0, 0, 0, 0, 0, 0, 0]",147,128,75264.0,903168.0,5207714838,5207722700,5207723047,5207726310,0,85439,85439,-1,1,7862,3263,4,160,160,1
16,3,"[4, 1344, 0, 0, 0, 0, 0, 0, 0, 0, 0, 0, 0, 0, 0, 4, 0, 0, 0, 0, 0, 0, 0, 0, 0, 0, 0, 0, 0, 0]",3,128,1344.0,10756.0,5207803225,5207811696,5207811749,5207813957,0,238173,238173,-1,1,8471,2208,4,160,160,1
12,3,"[4, 1344, 0, 0, 0, 0, 0, 0, 0, 0, 0, 0, 0, 0, 0, 4, 1344, 0, 0, 0, 0, 0, 0, 0, 0, 0, 0, 0, 0, 0]",3,128,1344.0,16128.0,5208041476,5208052186,5208052130,5208054466,0,93855,93855,-1,1,10710,2336,4,160,160,1
12,3,"[4, 1344, 0, 0, 0, 0, 0, 0, 0, 0, 0, 0, 0, 0, 0, 4, 1344, 0, 0, 0, 0, 0, 0, 0, 0, 0, 0, 0, 0, 0]",3,128,1344.0,16128.0,5208139259,5208148009,5208148321,5208150689,0,91519,91519,-1,1,8750,2368,4,160,160,1
16,3,"[4, 224, 1344, 1, 1, 0, 0, 0, 0, 0, 0, 0, 0, 0, 0, 4, 0, 0, 0, 0, 0, 0, 0, 0, 0, 0, 0, 0, 0, 0]",588,128,301056.0,2408452.0,5208233385,5208242160,5208242208,5208252640,0,81087,81087,-1,1,8775,10432,4,160,160,1
12,3,"[4, 224, 1344, 1, 1, 0, 0, 0, 0, 0, 0, 0, 0, 0, 0, 4, 224, 1344, 1, 1, 0, 0, 0, 0, 0, 0, 0, 0, 0, 0]",588,128,301056.0,3612672.0,5208325279,5208333423,5208333727,5208341471,0,83135,83135,-1,1,8144,7744,4,160,160,1
12,3,"[4, 224, 1344, 1, 1, 0, 0, 0, 0, 0, 0, 0, 0, 0, 0, 4, 224, 1344, 1, 1, 0, 0, 0, 0, 0, 0, 0, 0, 0, 0]",588,128,301056.0,3612672.0,5208416274,5208424160,5208424606,5208434174,0,79775,79775,-1,1,7886,9568,4,160,160,1
16,3,"[4, 224, 0, 0, 0, 0, 0, 0, 0, 0, 0, 0, 0, 0, 0, 4, 0, 0, 0, 0, 0, 0, 0, 0, 0, 0, 0, 0, 0, 0]",1,128,224.0,1796.0,5208505505,5208515883,5208513949,5208516445,0,90174,90174,-1,1,10378,2496,4,160,160,1
12,3,"[4, 224, 0, 0, 0, 0, 0, 0, 0, 0, 0, 0, 0, 0, 0, 4, 224, 0, 0, 0, 0, 0, 0, 0, 0, 0, 0, 0, 0, 0]",1,128,224.0,2688.0,5208598155,5208606258,5208606619,5208608827,0,87903,87903,-1,1,8103,2208,4,160,160,1
12,3,"[4, 224, 0, 0, 0, 0, 0, 0, 0, 0, 0, 0, 0, 0, 0, 4, 224, 0, 0, 0, 0, 0, 0, 0, 0, 0, 0, 0, 0, 0]",1,128,224.0,2688.0,5208688465,5208696283,5208696730,5208699034,0,90367,90367,-1,1,7818,2304,4,160,160,1
16,3,"[4, 224, 0, 0, 0, 0, 0, 0, 0, 0, 0, 0, 0, 0, 0, 4, 0, 0, 0, 0, 0, 0, 0, 0, 0, 0, 0, 0, 0, 0]",1,128,224.0,1796.0,5208780334,5208789317,5208789401,5208791705,0,87359,87359,-1,1,8983,2304,4,160,160,1
12,3,"[4, 224, 0, 0, 0, 0, 0, 0, 0, 0, 0, 0, 0, 0, 0, 4, 224, 0, 0, 0, 0, 0, 0, 0, 0, 0, 0, 0, 0, 0]",1,128,224.0,2688.0,5208870874,5208878798,5208879064,5208881272,0,86815,86815,-1,1,7924,2208,4,160,160,1
12,3,"[4, 224, 0, 0, 0, 0, 0, 0, 0, 0, 0, 0, 0, 0, 0, 4, 224, 0, 0, 0, 0, 0, 0, 0, 0, 0, 0, 0, 0, 0]",1,128,224.0,2688.0,5208959482,5208967790,5208968087,5208970423,0,88863,88863,-1,1,8308,2336,4,160,160,1
16,3,"[4, 1344, 224, 1, 1, 0, 0, 0, 0, 0, 0, 0, 0, 0, 0, 4, 0, 0, 0, 0, 0, 0, 0, 0, 0, 0, 0, 0, 0, 0]",588,128,301056.0,2408452.0,5209050544,5209059127,5209059286,5209069621,0,80095,80095,-1,1,8583,10335,4,160,160,1
12,3,"[4, 1344, 224, 1, 1, 0, 0, 0, 0, 0, 0, 0, 0, 0, 0, 4, 1344, 224, 1, 1, 0, 0, 0, 0, 0, 0, 0, 0, 0, 0]",588,128,301056.0,3612672.0,5209141485,5209149384,5209149716,5209157365,0,82015,82015,-1,1,7899,7649,4,160,160,1
12,3,"[4, 1344, 224, 1, 1, 0, 0, 0, 0, 0, 0, 0, 0, 0, 0, 4, 1344, 224, 1, 1, 0, 0, 0, 0, 0, 0, 0, 0, 0, 0]",588,128,301056.0,3612672.0,5209231163,5209239165,5209239380,5209248755,0,80991,80991,-1,1,8002,9375,4,160,160,1
16,3,"[4, 1344, 0, 0, 0, 0, 0, 0, 0, 0, 0, 0, 0, 0, 0, 4, 0, 0, 0, 0, 0, 0, 0, 0, 0, 0, 0, 0, 0, 0]",3,128,1344.0,10756.0,5209321033,5209329353,5209329746,5209331986,0,86847,86847,-1,1,8320,2240,4,160,160,1
12,3,"[4, 1344, 0, 0, 0, 0, 0, 0, 0, 0, 0, 0, 0, 0, 0, 4, 1344, 0, 0, 0, 0, 0, 0, 0, 0, 0, 0, 0, 0, 0]",3,128,1344.0,16128.0,5209410475,5209418502,5209418833,5209421169,0,86943,86943,-1,1,8027,2336,4,160,160,1
12,3,"[4, 1344, 0, 0, 0, 0, 0, 0, 0, 0, 0, 0, 0, 0, 0, 4, 1344, 0, 0, 0, 0, 0, 0, 0, 0, 0, 0, 0, 0, 0]",3,128,1344.0,16128.0,5209499940,5209509791,5209508112,5209510416,0,90943,90943,-1,1,9851,2304,4,160,160,1
16,3,"[4, 1344, 0, 0, 0, 0, 0, 0, 0, 0, 0, 0, 0, 0, 0, 4, 0, 0, 0, 0, 0, 0, 0, 0, 0, 0, 0, 0, 0, 0]",3,128,1344.0,10756.0,5209592421,5209601277,5209601359,5209603727,0,94399,94399,-1,1,8856,2368,4,160,160,1
12,3,"[4, 1344, 0, 0, 0, 0, 0, 0, 0, 0, 0, 0, 0, 0, 0, 4, 1344, 0, 0, 0, 0, 0, 0, 0, 0, 0, 0, 0, 0, 0]",3,128,1344.0,16128.0,5209689661,5209698079,5209698126,5209700429,0,89535,89535,-1,1,8418,2303,4,160,160,1
12,3,"[4, 1344, 0, 0, 0, 0, 0, 0, 0, 0, 0, 0, 0, 0, 0, 4, 1344, 0, 0, 0, 0, 0, 0, 0, 0, 0, 0, 0, 0, 0]",3,128,1344.0,16128.0,5209781202,5209789132,5209789964,5209792268,0,90687,90687,-1,1,7930,2304,4,160,160,1
16,3,"[4, 1344, 1, 3, 3, 0, 0, 0, 0, 0, 0, 0, 0, 0, 0, 4, 0, 0, 0, 0, 0, 0, 0, 0, 0, 0, 0, 0, 0, 0]",24,128,12096.0,96772.0,5209873984,5209882471,5209882955,5209885451,0,88703,88703,-1,1,8487,2496,4,160,160,1
12,3,"[4, 1344, 1, 3, 3, 0, 0, 0, 0, 0, 0, 0, 0, 0, 0, 4, 1344, 1, 3, 3, 0, 0, 0, 0, 0, 0, 0, 0, 0, 0]",24,128,12096.0,145152.0,5209965069,5209973073,5209974154,5209977098,0,86463,86463,-1,1,8004,2944,4,160,160,1
12,3,"[4, 1344, 1, 3, 3, 0, 0, 0, 0, 0, 0, 0, 0, 0, 0, 4, 1344, 1, 3, 3, 0, 0, 0, 0, 0, 0, 0, 0, 0, 0]",24,128,12096.0,145152.0,5210055286,5210063270,5210063561,5210066089,0,86687,86687,-1,1,7984,2528,4,160,160,1
16,3,"[4, 1344, 0, 0, 0, 0, 0, 0, 0, 0, 0, 0, 0, 0, 0, 4, 0, 0, 0, 0, 0, 0, 0, 0, 0, 0, 0, 0, 0, 0]",3,128,1344.0,10756.0,5210144428,5210152645,5210152776,5210155208,0,84991,84991,-1,1,8217,2432,4,160,160,1
12,3,"[4, 1344, 0, 0, 0, 0, 0, 0, 0, 0, 0, 0, 0, 0, 0, 4, 1344, 0, 0, 0, 0, 0, 0, 0, 0, 0, 0, 0, 0, 0]",3,128,1344.0,16128.0,5210232139,5210239903,5210240199,5210242919,0,85470,85470,-1,1,7764,2720,4,160,160,1
12,3,"[4, 1344, 0, 0, 0, 0, 0, 0, 0, 0, 0, 0, 0, 0, 0, 4, 1344, 0, 0, 0, 0, 0, 0, 0, 0, 0, 0, 0, 0, 0]",3,128,1344.0,16128.0,5210320050,5210327945,5210328389,5210330597,0,86048,86048,-1,1,7895,2208,4,160,160,1
16,3,"[4, 1344, 0, 0, 0, 0, 0, 0, 0, 0, 0, 0, 0, 0, 0, 4, 0, 0, 0, 0, 0, 0, 0, 0, 0, 0, 0, 0, 0, 0]",3,128,1344.0,10756.0,5210408198,5210416421,5210416645,5210418852,0,89055,89055,-1,1,8223,2207,4,160,160,1
12,3,"[4, 1344, 0, 0, 0, 0, 0, 0, 0, 0, 0, 0, 0, 0, 0, 4, 1344, 0, 0, 0, 0, 0, 0, 0, 0, 0, 0, 0, 0, 0]",3,128,1344.0,16128.0,5210499612,5210507738,5210507907,5210510179,0,88351,88351,-1,1,8126,2272,4,160,160,1
12,3,"[4, 1344, 0, 0, 0, 0, 0, 0, 0, 0, 0, 0, 0, 0, 0, 4, 1344, 0, 0, 0, 0, 0, 0, 0, 0, 0, 0, 0, 0, 0]",3,128,1344.0,16128.0,5210590130,5210598100,5210598530,5210600738,0,89119,89119,-1,1,7970,2208,4,160,160,1
16,3,"[4, 56, 1344, 1, 1, 0, 0, 0, 0, 0, 0, 0, 0, 0, 0, 4, 0, 0, 0, 0, 0, 0, 0, 0, 0, 0, 0, 0, 0, 0]",147,128,75264.0,602116.0,5210681554,5210689699,5210689857,5210693825,0,87423,87423,-1,1,8145,3968,4,160,160,1
12,3,"[4, 56, 1344, 1, 1, 0, 0, 0, 0, 0, 0, 0, 0, 0, 0, 4, 56, 1344, 1, 1, 0, 0, 0, 0, 0, 0, 0, 0, 0, 0]",147,128,75264.0,903168.0,5210772850,5210780892,5210781248,5210785664,0,86398,86398,-1,1,8042,4416,4,160,160,1
12,3,"[4, 56, 1344, 1, 1, 0, 0, 0, 0, 0, 0, 0, 0, 0, 0, 4, 56, 1344, 1, 1, 0, 0, 0, 0, 0, 0, 0, 0, 0, 0]",147,128,75264.0,903168.0,5210863967,5210871771,5210872062,5210875391,0,86207,86207,-1,1,7804,3329,4,160,160,1
16,3,"[4, 56, 0, 0, 0, 0, 0, 0, 0, 0, 0, 0, 0, 0, 0, 4, 0, 0, 0, 0, 0, 0, 0, 0, 0, 0, 0, 0, 0, 0]",1,128,56.0,452.0,5210953105,5210961384,5210961598,5210963742,0,86495,86495,-1,1,8279,2144,4,160,160,1
12,3,"[4, 56, 0, 0, 0, 0, 0, 0, 0, 0, 0, 0, 0, 0, 0, 4, 56, 0, 0, 0, 0, 0, 0, 0, 0, 0, 0, 0, 0, 0]",1,128,56.0,672.0,5211041961,5211049997,5211050237,5211052477,0,86270,86270,-1,1,8036,2240,4,160,160,1
12,3,"[4, 56, 0, 0, 0, 0, 0, 0, 0, 0, 0, 0, 0, 0, 0, 4, 56, 0, 0, 0, 0, 0, 0, 0, 0, 0, 0, 0, 0, 0]",1,128,56.0,672.0,5211130532,5211138438,5211138747,5211141019,0,87327,87327,-1,1,7906,2272,4,160,160,1
16,3,"[4, 1344, 56, 1, 1, 0, 0, 0, 0, 0, 0, 0, 0, 0, 0, 4, 0, 0, 0, 0, 0, 0, 0, 0, 0, 0, 0, 0, 0, 0]",147,128,75264.0,602116.0,5211219851,5211228180,5211228346,5211232698,0,85503,85503,-1,1,8329,4352,4,160,160,1
12,3,"[4, 1344, 56, 1, 1, 0, 0, 0, 0, 0, 0, 0, 0, 0, 0, 4, 1344, 56, 1, 1, 0, 0, 0, 0, 0, 0, 0, 0, 0, 0]",147,128,75264.0,903168.0,5211309955,5211317789,5211318201,5211322297,0,86527,86527,-1,1,7834,4096,4,160,160,1
12,3,"[4, 1344, 56, 1, 1, 0, 0, 0, 0, 0, 0, 0, 0, 0, 0, 4, 1344, 56, 1, 1, 0, 0, 0, 0, 0, 0, 0, 0, 0, 0]",147,128,75264.0,903168.0,5211400215,5211408377,5211408824,5211412120,0,88543,88543,-1,1,8162,3296,4,160,160,1
16,3,"[4, 1344, 0, 0, 0, 0, 0, 0, 0, 0, 0, 0, 0, 0, 0, 4, 0, 0, 0, 0, 0, 0, 0, 0, 0, 0, 0, 0, 0, 0]",3,128,1344.0,10756.0,5211492051,5211500398,5211500663,5211502935,0,87390,87390,-1,1,8347,2272,4,160,160,1
12,3,"[4, 1344, 0, 0, 0, 0, 0, 0, 0, 0, 0, 0, 0, 0, 0, 4, 1344, 0, 0, 0, 0, 0, 0, 0, 0, 0, 0, 0, 0, 0]",3,128,1344.0,16128.0,5211581988,5211590098,5211590325,5211592629,0,86976,86976,-1,1,8110,2304,4,160,160,1
12,3,"[4, 1344, 0, 0, 0, 0, 0, 0, 0, 0, 0, 0, 0, 0, 0, 4, 1344, 0, 0, 0, 0, 0, 0, 0, 0, 0, 0, 0, 0, 0]",3,128,1344.0,16128.0,5211671504,5211679266,5211679605,5211681876,0,234269,234269,-1,1,7762,2271,4,160,160,1
16,3,"[4, 224, 1344, 1, 1, 0, 0, 0, 0, 0, 0, 0, 0, 0, 0, 4, 0, 0, 0, 0, 0, 0, 0, 0, 0, 0, 0, 0, 0, 0]",588,128,301056.0,2408452.0,5211904765,5211916263,5211916145,5211926225,0,93599,93599,-1,1,11498,10080,4,160,160,1
12,3,"[4, 224, 1344, 1, 1, 0, 0, 0, 0, 0, 0, 0, 0, 0, 0, 4, 224, 1344, 1, 1, 0, 0, 0, 0, 0, 0, 0, 0, 0, 0]",588,128,301056.0,3612672.0,5212010217,5212019748,5212019824,5212027536,0,85983,85983,-1,1,9531,7712,4,160,160,1
12,3,"[4, 224, 1344, 1, 1, 0, 0, 0, 0, 0, 0, 0, 0, 0, 0, 4, 224, 1344, 1, 1, 0, 0, 0, 0, 0, 0, 0, 0, 0, 0]",588,128,301056.0,3612672.0,5212104728,5212113143,5212113519,5212122799,0,83391,83391,-1,1,8415,9280,4,160,160,1
16,3,"[4, 224, 0, 0, 0, 0, 0, 0, 0, 0, 0, 0, 0, 0, 0, 4, 0, 0, 0, 0, 0, 0, 0, 0, 0, 0, 0, 0, 0, 0]",1,128,224.0,1796.0,5212197252,5212205997,5212206190,5212208718,0,87006,87006,-1,1,8745,2528,4,160,160,1
12,3,"[4, 224, 0, 0, 0, 0, 0, 0, 0, 0, 0, 0, 0, 0, 0, 4, 224, 0, 0, 0, 0, 0, 0, 0, 0, 0, 0, 0, 0, 0]",1,128,224.0,2688.0,5212287349,5212295374,5212295724,5212297964,0,86912,86912,-1,1,8025,2240,4,160,160,1
12,3,"[4, 224, 0, 0, 0, 0, 0, 0, 0, 0, 0, 0, 0, 0, 0, 4, 224, 0, 0, 0, 0, 0, 0, 0, 0, 0, 0, 0, 0, 0]",1,128,224.0,2688.0,5212376496,5212384602,5212384876,5212387051,0,86975,86975,-1,1,8106,2175,4,160,160,1
16,3,"[4, 224, 0, 0, 0, 0, 0, 0, 0, 0, 0, 0, 0, 0, 0, 4, 0, 0, 0, 0, 0, 0, 0, 0, 0, 0, 0, 0, 0, 0]",1,128,224.0,1796.0,5212465088,5212473747,5212474026,5212476298,0,86175,86175,-1,1,8659,2272,4,160,160,1
12,3,"[4, 224, 0, 0, 0, 0, 0, 0, 0, 0, 0, 0, 0, 0, 0, 4, 224, 0, 0, 0, 0, 0, 0, 0, 0, 0, 0, 0, 0, 0]",1,128,224.0,2688.0,5212554098,5212562132,5212562473,5212564681,0,88223,88223,-1,1,8034,2208,4,160,160,1
12,3,"[4, 224, 0, 0, 0, 0, 0, 0, 0, 0, 0, 0, 0, 0, 0, 4, 224, 0, 0, 0, 0, 0, 0, 0, 0, 0, 0, 0, 0, 0]",1,128,224.0,2688.0,5212644746,5212652700,5212652904,5212655144,0,88191,88191,-1,1,7954,2240,4,160,160,1
16,3,"[4, 1344, 224, 1, 1, 0, 0, 0, 0, 0, 0, 0, 0, 0, 0, 4, 0, 0, 0, 0, 0, 0, 0, 0, 0, 0, 0, 0, 0, 0]",588,128,301056.0,2408452.0,5212734145,5212742459,5212743335,5212753479,0,81759,81759,-1,1,8314,10144,4,160,160,1
12,3,"[4, 1344, 224, 1, 1, 0, 0, 0, 0, 0, 0, 0, 0, 0, 0, 4, 1344, 224, 1, 1, 0, 0, 0, 0, 0, 0, 0, 0, 0, 0]",588,128,301056.0,3612672.0,5212826275,5212834277,5212835238,5212842822,0,82142,82142,-1,1,8002,7584,4,160,160,1
12,3,"[4, 1344, 224, 1, 1, 0, 0, 0, 0, 0, 0, 0, 0, 0, 0, 4, 1344, 224, 1, 1, 0, 0, 0, 0, 0, 0, 0, 0, 0, 0]",588,128,301056.0,3612672.0,5212916282,5212924255,5212924964,5212934532,0,79968,79968,-1,1,7973,9568,4,160,160,1
16,3,"[4, 1344, 0, 0, 0, 0, 0, 0, 0, 0, 0, 0, 0, 0, 0, 4, 0, 0, 0, 0, 0, 0, 0, 0, 0, 0, 0, 0, 0, 0]",3,128,1344.0,10756.0,5213005807,5213014315,5213014500,5213017028,0,85342,85342,-1,1,8508,2528,4,160,160,1
12,3,"[4, 1344, 0, 0, 0, 0, 0, 0, 0, 0, 0, 0, 0, 0, 0, 4, 1344, 0, 0, 0, 0, 0, 0, 0, 0, 0, 0, 0, 0, 0]",3,128,1344.0,16128.0,5213093382,5213101458,5213102370,5213104706,0,85727,85727,-1,1,8076,2336,4,160,160,1
12,3,"[4, 1344, 0, 0, 0, 0, 0, 0, 0, 0, 0, 0, 0, 0, 0, 4, 1344, 0, 0, 0, 0, 0, 0, 0, 0, 0, 0, 0, 0, 0]",3,128,1344.0,16128.0,5213181730,5213190132,5213190433,5213192673,0,87231,87231,-1,1,8402,2240,4,160,160,1
16,3,"[4, 1344, 0, 0, 0, 0, 0, 0, 0, 0, 0, 0, 0, 0, 0, 4, 0, 0, 0, 0, 0, 0, 0, 0, 0, 0, 0, 0, 0, 0]",3,128,1344.0,10756.0,5213270347,5213279068,5213279904,5213282208,0,84351,84351,-1,1,8721,2304,4,160,160,1
12,3,"[4, 1344, 0, 0, 0, 0, 0, 0, 0, 0, 0, 0, 0, 0, 0, 4, 1344, 0, 0, 0, 0, 0, 0, 0, 0, 0, 0, 0, 0, 0]",3,128,1344.0,16128.0,5213358362,5213366262,5213366559,5213368991,0,84735,84735,-1,1,7900,2432,4,160,160,1
12,3,"[4, 1344, 0, 0, 0, 0, 0, 0, 0, 0, 0, 0, 0, 0, 0, 4, 1344, 0, 0, 0, 0, 0, 0, 0, 0, 0, 0, 0, 0, 0]",3,128,1344.0,16128.0,5213445342,5213453401,5213453726,5213456062,0,89823,89823,-1,1,8059,2336,4,160,160,1
16,3,"[4, 1344, 1, 3, 3, 0, 0, 0, 0, 0, 0, 0, 0, 0, 0, 4, 0, 0, 0, 0, 0, 0, 0, 0, 0, 0, 0, 0, 0, 0]",24,128,12096.0,96772.0,5213537322,5213545514,5213545885,5213548445,0,88190,88190,-1,1,8192,2560,4,160,160,1
12,3,"[4, 1344, 1, 3, 3, 0, 0, 0, 0, 0, 0, 0, 0, 0, 0, 4, 1344, 1, 3, 3, 0, 0, 0, 0, 0, 0, 0, 0, 0, 0]",24,128,12096.0,145152.0,5213628066,5213635930,5213636635,5213639195,0,93631,93631,-1,1,7864,2560,4,160,160,1
12,3,"[4, 1344, 1, 3, 3, 0, 0, 0, 0, 0, 0, 0, 0, 0, 0, 4, 1344, 1, 3, 3, 0, 0, 0, 0, 0, 0, 0, 0, 0, 0]",24,128,12096.0,145152.0,5213723904,5213732595,5213732826,5213735194,0,88063,88063,-1,1,8691,2368,4,160,160,1
16,3,"[4, 1344, 0, 0, 0, 0, 0, 0, 0, 0, 0, 0, 0, 0, 0, 4, 0, 0, 0, 0, 0, 0, 0, 0, 0, 0, 0, 0, 0, 0]",3,128,1344.0,10756.0,5213814184,5213822578,5213823257,5213825465,0,87327,87327,-1,1,8394,2208,4,160,160,1
12,3,"[4, 1344, 0, 0, 0, 0, 0, 0, 0, 0, 0, 0, 0, 0, 0, 4, 1344, 0, 0, 0, 0, 0, 0, 0, 0, 0, 0, 0, 0, 0]",3,128,1344.0,16128.0,5213903765,5213912116,5213912792,5213915064,0,84831,84831,-1,1,8351,2272,4,160,160,1
12,3,"[4, 1344, 0, 0, 0, 0, 0, 0, 0, 0, 0, 0, 0, 0, 0, 4, 1344, 0, 0, 0, 0, 0, 0, 0, 0, 0, 0, 0, 0, 0]",3,128,1344.0,16128.0,5213991762,5213999405,5213999895,5214002103,0,85599,85599,-1,1,7643,2208,4,160,160,1
16,3,"[4, 1344, 0, 0, 0, 0, 0, 0, 0, 0, 0, 0, 0, 0, 0, 4, 0, 0, 0, 0, 0, 0, 0, 0, 0, 0, 0, 0, 0, 0]",3,128,1344.0,10756.0,5214079245,5214087432,5214087702,5214089910,0,85534,85534,-1,1,8187,2208,4,160,160,1
12,3,"[4, 1344, 0, 0, 0, 0, 0, 0, 0, 0, 0, 0, 0, 0, 0, 4, 1344, 0, 0, 0, 0, 0, 0, 0, 0, 0, 0, 0, 0, 0]",3,128,1344.0,16128.0,5214167072,5214175032,5214175444,5214177845,0,84958,84958,-1,1,7960,2401,4,160,160,1
12,3,"[4, 1344, 0, 0, 0, 0, 0, 0, 0, 0, 0, 0, 0, 0, 0, 4, 1344, 0, 0, 0, 0, 0, 0, 0, 0, 0, 0, 0, 0, 0]",3,128,1344.0,16128.0,5214254720,5214262393,5214262803,5214265043,0,86847,86847,-1,1,7673,2240,4,160,160,1
16,3,"[4, 56, 1344, 1, 1, 0, 0, 0, 0, 0, 0, 0, 0, 0, 0, 4, 0, 0, 0, 0, 0, 0, 0, 0, 0, 0, 0, 0, 0, 0]",147,128,75264.0,602116.0,5214343510,5214351852,5214351890,5214355987,0,85374,85374,-1,1,8342,4097,4,160,160,1
12,3,"[4, 56, 1344, 1, 1, 0, 0, 0, 0, 0, 0, 0, 0, 0, 0, 4, 56, 1344, 1, 1, 0, 0, 0, 0, 0, 0, 0, 0, 0, 0]",147,128,75264.0,903168.0,5214433123,5214440979,5214441361,5214445393,0,85567,85567,-1,1,7856,4032,4,160,160,1
12,3,"[4, 56, 1344, 1, 1, 0, 0, 0, 0, 0, 0, 0, 0, 0, 0, 4, 56, 1344, 1, 1, 0, 0, 0, 0, 0, 0, 0, 0, 0, 0]",147,128,75264.0,903168.0,5214522827,5214532780,5214530960,5214534352,0,88319,88319,-1,1,9953,3392,4,160,160,1
16,3,"[4, 56, 0, 0, 0, 0, 0, 0, 0, 0, 0, 0, 0, 0, 0, 4, 0, 0, 0, 0, 0, 0, 0, 0, 0, 0, 0, 0, 0, 0]",1,128,56.0,452.0,5214614290,5214622383,5214622671,5214624783,0,87935,87935,-1,1,8093,2112,4,160,160,1
12,3,"[4, 56, 0, 0, 0, 0, 0, 0, 0, 0, 0, 0, 0, 0, 0, 4, 56, 0, 0, 0, 0, 0, 0, 0, 0, 0, 0, 0, 0, 0]",1,128,56.0,672.0,5214704313,5214712596,5214712718,5214714894,0,86271,86271,-1,1,8283,2176,4,160,160,1
12,3,"[4, 56, 0, 0, 0, 0, 0, 0, 0, 0, 0, 0, 0, 0, 0, 4, 56, 0, 0, 0, 0, 0, 0, 0, 0, 0, 0, 0, 0, 0]",1,128,56.0,672.0,5214792926,5214800773,5214801165,5214803405,0,86783,86783,-1,1,7847,2240,4,160,160,1
16,3,"[4, 1344, 56, 1, 1, 0, 0, 0, 0, 0, 0, 0, 0, 0, 0, 4, 0, 0, 0, 0, 0, 0, 0, 0, 0, 0, 0, 0, 0, 0]",147,128,75264.0,602116.0,5214881832,5214889894,5214890188,5214894540,0,84351,84351,-1,1,8062,4352,4,160,160,1
12,3,"[4, 1344, 56, 1, 1, 0, 0, 0, 0, 0, 0, 0, 0, 0, 0, 4, 1344, 56, 1, 1, 0, 0, 0, 0, 0, 0, 0, 0, 0, 0]",147,128,75264.0,903168.0,5214970722,5214978498,5214978891,5214983082,0,84192,84192,-1,1,7776,4191,4,160,160,1
12,3,"[4, 1344, 56, 1, 1, 0, 0, 0, 0, 0, 0, 0, 0, 0, 0, 4, 1344, 56, 1, 1, 0, 0, 0, 0, 0, 0, 0, 0, 0, 0]",147,128,75264.0,903168.0,5215059049,5215066860,5215067274,5215070697,0,86111,86111,-1,1,7811,3423,4,160,160,1
16,3,"[4, 1344, 0, 0, 0, 0, 0, 0, 0, 0, 0, 0, 0, 0, 0, 4, 0, 0, 0, 0, 0, 0, 0, 0, 0, 0, 0, 0, 0, 0]",3,128,1344.0,10756.0,5215148378,5215156580,5215156808,5215159016,0,85663,85663,-1,1,8202,2208,4,160,160,1
12,3,"[4, 1344, 0, 0, 0, 0, 0, 0, 0, 0, 0, 0, 0, 0, 0, 4, 1344, 0, 0, 0, 0, 0, 0, 0, 0, 0, 0, 0, 0, 0]",3,128,1344.0,16128.0,5215236595,5215244372,5215244679,5215247111,0,86079,86079,-1,1,7777,2432,4,160,160,1
12,3,"[4, 1344, 0, 0, 0, 0, 0, 0, 0, 0, 0, 0, 0, 0, 0, 4, 1344, 0, 0, 0, 0, 0, 0, 0, 0, 0, 0, 0, 0, 0]",3,128,1344.0,16128.0,5215324937,5215332791,5215333190,5215335398,0,87711,87711,-1,1,7854,2208,4,160,160,1
16,3,"[4, 224, 1344, 1, 1, 0, 0, 0, 0, 0, 0, 0, 0, 0, 0, 4, 0, 0, 0, 0, 0, 0, 0, 0, 0, 0, 0, 0, 0, 0]",588,128,301056.0,2408452.0,5215414584,5215422880,5215423109,5215433125,0,80287,80287,-1,1,8296,10016,4,160,160,1
12,3,"[4, 224, 1344, 1, 1, 0, 0, 0, 0, 0, 0, 0, 0, 0, 0, 4, 224, 1344, 1, 1, 0, 0, 0, 0, 0, 0, 0, 0, 0, 0]",588,128,301056.0,3612672.0,5215504726,5215514820,5215513412,5215521123,0,229342,229342,-1,1,10094,7711,4,160,160,1
12,3,"[4, 224, 1344, 1, 1, 0, 0, 0, 0, 0, 0, 0, 0, 0, 0, 4, 224, 1344, 1, 1, 0, 0, 0, 0, 0, 0, 0, 0, 0, 0]",588,128,301056.0,3612672.0,5215739496,5215750474,5215750465,5215760096,0,94239,94239,-1,1,10978,9631,4,160,160,1
16,3,"[4, 224, 0, 0, 0, 0, 0, 0, 0, 0, 0, 0, 0, 0, 0, 4, 0, 0, 0, 0, 0, 0, 0, 0, 0, 0, 0, 0, 0, 0]",1,128,224.0,1796.0,5215844565,5215854418,5215854335,5215856991,0,88927,88927,-1,1,9853,2656,4,160,160,1
12,3,"[4, 224, 0, 0, 0, 0, 0, 0, 0, 0, 0, 0, 0, 0, 0, 4, 224, 0, 0, 0, 0, 0, 0, 0, 0, 0, 0, 0, 0, 0]",1,128,224.0,2688.0,5215937426,5215945796,5215945918,5215948254,0,87775,87775,-1,1,8370,2336,4,160,160,1
12,3,"[4, 224, 0, 0, 0, 0, 0, 0, 0, 0, 0, 0, 0, 0, 0, 4, 224, 0, 0, 0, 0, 0, 0, 0, 0, 0, 0, 0, 0, 0]",1,128,224.0,2688.0,5216027899,5216035562,5216036029,5216038237,0,87391,87391,-1,1,7663,2208,4,160,160,1
16,3,"[4, 224, 0, 0, 0, 0, 0, 0, 0, 0, 0, 0, 0, 0, 0, 4, 0, 0, 0, 0, 0, 0, 0, 0, 0, 0, 0, 0, 0, 0]",1,128,224.0,1796.0,5216116459,5216125402,5216125628,5216127836,0,85663,85663,-1,1,8943,2208,4,160,160,1
12,3,"[4, 224, 0, 0, 0, 0, 0, 0, 0, 0, 0, 0, 0, 0, 0, 4, 224, 0, 0, 0, 0, 0, 0, 0, 0, 0, 0, 0, 0, 0]",1,128,224.0,2688.0,5216205063,5216213227,5216213499,5216215771,0,86111,86111,-1,1,8164,2272,4,160,160,1
12,3,"[4, 224, 0, 0, 0, 0, 0, 0, 0, 0, 0, 0, 0, 0, 0, 4, 224, 0, 0, 0, 0, 0, 0, 0, 0, 0, 0, 0, 0, 0]",1,128,224.0,2688.0,5216293526,5216301494,5216301882,5216304090,0,87135,87135,-1,1,7968,2208,4,160,160,1
16,3,"[4, 1344, 224, 1, 1, 0, 0, 0, 0, 0, 0, 0, 0, 0, 0, 4, 0, 0, 0, 0, 0, 0, 0, 0, 0, 0, 0, 0, 0, 0]",588,128,301056.0,2408452.0,5216382637,5216391045,5216391225,5216401944,0,79456,79456,-1,1,8408,10719,4,160,160,1
12,3,"[4, 1344, 224, 1, 1, 0, 0, 0, 0, 0, 0, 0, 0, 0, 0, 4, 1344, 224, 1, 1, 0, 0, 0, 0, 0, 0, 0, 0, 0, 0]",588,128,301056.0,3612672.0,5216473023,5216481047,5216481400,5216489271,0,83263,83263,-1,1,8024,7871,4,160,160,1
12,3,"[4, 1344, 224, 1, 1, 0, 0, 0, 0, 0, 0, 0, 0, 0, 0, 4, 1344, 224, 1, 1, 0, 0, 0, 0, 0, 0, 0, 0, 0, 0]",588,128,301056.0,3612672.0,5216564017,5216572127,5216572534,5216582070,0,80575,80575,-1,1,8110,9536,4,160,160,1
16,3,"[4, 1344, 0, 0, 0, 0, 0, 0, 0, 0, 0, 0, 0, 0, 0, 4, 0, 0, 0, 0, 0, 0, 0, 0, 0, 0, 0, 0, 0, 0]",3,128,1344.0,10756.0,5216654036,5216664887,5216662645,5216665077,0,91839,91839,-1,1,10851,2432,4,160,160,1
12,3,"[4, 1344, 0, 0, 0, 0, 0, 0, 0, 0, 0, 0, 0, 0, 0, 4, 1344, 0, 0, 0, 0, 0, 0, 0, 0, 0, 0, 0, 0, 0]",3,128,1344.0,16128.0,5216748316,5216756654,5216756916,5216759252,0,88671,88671,-1,1,8338,2336,4,160,160,1
12,3,"[4, 1344, 0, 0, 0, 0, 0, 0, 0, 0, 0, 0, 0, 0, 0, 4, 1344, 0, 0, 0, 0, 0, 0, 0, 0, 0, 0, 0, 0, 0]",3,128,1344.0,16128.0,5216839306,5216847486,5216847923,5216850227,0,86271,86271,-1,1,8180,2304,4,160,160,1
16,3,"[4, 1344, 0, 0, 0, 0, 0, 0, 0, 0, 0, 0, 0, 0, 0, 4, 0, 0, 0, 0, 0, 0, 0, 0, 0, 0, 0, 0, 0, 0]",3,128,1344.0,10756.0,5216927672,5216936211,5216936498,5216938769,0,86815,86815,-1,1,8539,2271,4,160,160,1
12,3,"[4, 1344, 0, 0, 0, 0, 0, 0, 0, 0, 0, 0, 0, 0, 0, 4, 1344, 0, 0, 0, 0, 0, 0, 0, 0, 0, 0, 0, 0, 0]",3,128,1344.0,16128.0,5217017243,5217025255,5217025584,5217027857,0,87902,87902,-1,1,8012,2273,4,160,160,1
12,3,"[4, 1344, 0, 0, 0, 0, 0, 0, 0, 0, 0, 0, 0, 0, 0, 4, 1344, 0, 0, 0, 0, 0, 0, 0, 0, 0, 0, 0, 0, 0]",3,128,1344.0,16128.0,5217107278,5217115350,5217115759,5217118064,0,87422,87422,-1,1,8072,2305,4,160,160,1
16,3,"[4, 1344, 1, 3, 3, 0, 0, 0, 0, 0, 0, 0, 0, 0, 0, 4, 0, 0, 0, 0, 0, 0, 0, 0, 0, 0, 0, 0, 0, 0]",24,128,12096.0,96772.0,5217196991,5217205286,5217205486,5217207886,0,88287,88287,-1,1,8295,2400,4,160,160,1
12,3,"[4, 1344, 1, 3, 3, 0, 0, 0, 0, 0, 0, 0, 0, 0, 0, 4, 1344, 1, 3, 3, 0, 0, 0, 0, 0, 0, 0, 0, 0, 0]",24,128,12096.0,145152.0,5217287734,5217295720,5217296173,5217298765,0,87583,87583,-1,1,7986,2592,4,160,160,1
12,3,"[4, 1344, 1, 3, 3, 0, 0, 0, 0, 0, 0, 0, 0, 0, 0, 4, 1344, 1, 3, 3, 0, 0, 0, 0, 0, 0, 0, 0, 0, 0]",24,128,12096.0,145152.0,5217378191,5217385992,5217386348,5217388908,0,88063,88063,-1,1,7801,2560,4,160,160,1
16,3,"[4, 1344, 0, 0, 0, 0, 0, 0, 0, 0, 0, 0, 0, 0, 0, 4, 0, 0, 0, 0, 0, 0, 0, 0, 0, 0, 0, 0, 0, 0]",3,128,1344.0,10756.0,5217468387,5217476747,5217476971,5217479307,0,88159,88159,-1,1,8360,2336,4,160,160,1
12,3,"[4, 1344, 0, 0, 0, 0, 0, 0, 0, 0, 0, 0, 0, 0, 0, 4, 1344, 0, 0, 0, 0, 0, 0, 0, 0, 0, 0, 0, 0, 0]",3,128,1344.0,16128.0,5217559132,5217567211,5217567466,5217569802,0,96350,96350,-1,1,8079,2336,4,160,160,1
12,3,"[4, 1344, 0, 0, 0, 0, 0, 0, 0, 0, 0, 0, 0, 0, 0, 4, 1344, 0, 0, 0, 0, 0, 0, 0, 0, 0, 0, 0, 0, 0]",3,128,1344.0,16128.0,5217649800,5217668202,5217666152,5217668617,0,94110,94110,-1,1,18402,2465,4,160,160,1
16,3,"[4, 1344, 0, 0, 0, 0, 0, 0, 0, 0, 0, 0, 0, 0, 0, 4, 0, 0, 0, 0, 0, 0, 0, 0, 0, 0, 0, 0, 0, 0]",3,128,1344.0,10756.0,5217753931,5217762766,5217762727,5217765063,0,86815,86815,-1,1,8835,2336,4,160,160,1
12,3,"[4, 1344, 0, 0, 0, 0, 0, 0, 0, 0, 0, 0, 0, 0, 0, 4, 1344, 0, 0, 0, 0, 0, 0, 0, 0, 0, 0, 0, 0, 0]",3,128,1344.0,16128.0,5217843564,5217851576,5217851878,5217854278,0,86175,86175,-1,1,8012,2400,4,160,160,1
12,3,"[4, 1344, 0, 0, 0, 0, 0, 0, 0, 0, 0, 0, 0, 0, 0, 4, 1344, 0, 0, 0, 0, 0, 0, 0, 0, 0, 0, 0, 0, 0]",3,128,1344.0,16128.0,5217932123,5217940114,5217940453,5217942725,0,87711,87711,-1,1,7991,2272,4,160,160,1
16,3,"[4, 56, 1344, 1, 1, 0, 0, 0, 0, 0, 0, 0, 0, 0, 0, 4, 0, 0, 0, 0, 0, 0, 0, 0, 0, 0, 0, 0, 0, 0]",147,128,75264.0,602116.0,5218021841,5218030194,5218030436,5218034276,0,86143,86143,-1,1,8353,3840,4,160,160,1
12,3,"[4, 56, 1344, 1, 1, 0, 0, 0, 0, 0, 0, 0, 0, 0, 0, 4, 56, 1344, 1, 1, 0, 0, 0, 0, 0, 0, 0, 0, 0, 0]",147,128,75264.0,903168.0,5218112110,5218120134,5218120419,5218124675,0,86943,86943,-1,1,8024,4256,4,160,160,1
12,3,"[4, 56, 1344, 1, 1, 0, 0, 0, 0, 0, 0, 0, 0, 0, 0, 4, 56, 1344, 1, 1, 0, 0, 0, 0, 0, 0, 0, 0, 0, 0]",147,128,75264.0,903168.0,5218203280,5218211311,5218211618,5218214913,0,95135,95135,-1,1,8031,3295,4,160,160,1
16,3,"[4, 56, 0, 0, 0, 0, 0, 0, 0, 0, 0, 0, 0, 0, 0, 4, 0, 0, 0, 0, 0, 0, 0, 0, 0, 0, 0, 0, 0, 0]",1,128,56.0,452.0,5218300452,5218309906,5218310048,5218312192,0,91743,91743,-1,1,9454,2144,4,160,160,1
12,3,"[4, 56, 0, 0, 0, 0, 0, 0, 0, 0, 0, 0, 0, 0, 0, 4, 56, 0, 0, 0, 0, 0, 0, 0, 0, 0, 0, 0, 0, 0]",1,128,56.0,672.0,5218395080,5218403605,5218403935,5218406111,0,85951,85951,-1,1,8525,2176,4,160,160,1
12,3,"[4, 56, 0, 0, 0, 0, 0, 0, 0, 0, 0, 0, 0, 0, 0, 4, 56, 0, 0, 0, 0, 0, 0, 0, 0, 0, 0, 0, 0, 0]",1,128,56.0,672.0,5218483879,5218491777,5218492062,5218494334,0,91103,91103,-1,1,7898,2272,4,160,160,1
16,3,"[4, 1344, 56, 1, 1, 0, 0, 0, 0, 0, 0, 0, 0, 0, 0, 4, 0, 0, 0, 0, 0, 0, 0, 0, 0, 0, 0, 0, 0, 0]",147,128,75264.0,602116.0,5218576778,5218585195,5218585437,5218589789,0,91262,91262,-1,1,8417,4352,4,160,160,1
12,3,"[4, 1344, 56, 1, 1, 0, 0, 0, 0, 0, 0, 0, 0, 0, 0, 4, 1344, 56, 1, 1, 0, 0, 0, 0, 0, 0, 0, 0, 0, 0]",147,128,75264.0,903168.0,5218672667,5218683749,5218681051,5218685275,0,94015,94015,-1,1,11082,4224,4,160,160,1
12,3,"[4, 1344, 56, 1, 1, 0, 0, 0, 0, 0, 0, 0, 0, 0, 0, 4, 1344, 56, 1, 1, 0, 0, 0, 0, 0, 0, 0, 0, 0, 0]",147,128,75264.0,903168.0,5218771146,5218779138,5218779290,5218782650,0,86495,86495,-1,1,7992,3360,4,160,160,1
16,3,"[4, 1344, 0, 0, 0, 0, 0, 0, 0, 0, 0, 0, 0, 0, 0, 4, 0, 0, 0, 0, 0, 0, 0, 0, 0, 0, 0, 0, 0, 0]",3,128,1344.0,10756.0,5218860742,5218868905,5218869145,5218871353,0,86559,86559,-1,1,8163,2208,4,160,160,1
12,3,"[4, 1344, 0, 0, 0, 0, 0, 0, 0, 0, 0, 0, 0, 0, 0, 4, 1344, 0, 0, 0, 0, 0, 0, 0, 0, 0, 0, 0, 0, 0]",3,128,1344.0,16128.0,5218949815,5218957651,5218957912,5218960280,0,84799,84799,-1,1,7836,2368,4,160,160,1
12,3,"[4, 1344, 0, 0, 0, 0, 0, 0, 0, 0, 0, 0, 0, 0, 0, 4, 1344, 0, 0, 0, 0, 0, 0, 0, 0, 0, 0, 0, 0, 0]",3,128,1344.0,16128.0,5219036842,5219044884,5219045079,5219047351,0,86687,86687,-1,1,8042,2272,4,160,160,1
16,3,"[4, 224, 1344, 1, 1, 0, 0, 0, 0, 0, 0, 0, 0, 0, 0, 4, 0, 0, 0, 0, 0, 0, 0, 0, 0, 0, 0, 0, 0, 0]",588,128,301056.0,2408452.0,5219125637,5219133739,5219134038,5219144726,0,79103,79103,-1,1,8102,10688,4,160,160,1
12,3,"[4, 224, 1344, 1, 1, 0, 0, 0, 0, 0, 0, 0, 0, 0, 0, 4, 224, 1344, 1, 1, 0, 0, 0, 0, 0, 0, 0, 0, 0, 0]",588,128,301056.0,3612672.0,5219215632,5219223562,5219223829,5219231701,0,81918,81918,-1,1,7930,7872,4,160,160,1
12,3,"[4, 224, 1344, 1, 1, 0, 0, 0, 0, 0, 0, 0, 0, 0, 0, 4, 224, 1344, 1, 1, 0, 0, 0, 0, 0, 0, 0, 0, 0, 0]",588,128,301056.0,3612672.0,5219305191,5219313204,5219313619,5219323443,0,78239,78239,-1,1,8013,9824,4,160,160,1
16,3,"[4, 224, 0, 0, 0, 0, 0, 0, 0, 0, 0, 0, 0, 0, 0, 4, 0, 0, 0, 0, 0, 0, 0, 0, 0, 0, 0, 0, 0, 0]",1,128,224.0,1796.0,5219393331,5219401512,5219401682,5219404082,0,229405,229405,-1,1,8181,2400,4,160,160,1
12,3,"[4, 224, 0, 0, 0, 0, 0, 0, 0, 0, 0, 0, 0, 0, 0, 4, 224, 0, 0, 0, 0, 0, 0, 0, 0, 0, 0, 0, 0, 0]",1,128,224.0,2688.0,5219622808,5219633382,5219633487,5219635791,0,99199,99199,-1,1,10574,2304,4,160,160,1
12,3,"[4, 224, 0, 0, 0, 0, 0, 0, 0, 0, 0, 0, 0, 0, 0, 4, 224, 0, 0, 0, 0, 0, 0, 0, 0, 0, 0, 0, 0, 0]",1,128,224.0,2688.0,5219725909,5219734628,5219734990,5219737198,0,93279,93279,-1,1,8719,2208,4,160,160,1
16,3,"[4, 224, 0, 0, 0, 0, 0, 0, 0, 0, 0, 0, 0, 0, 0, 4, 0, 0, 0, 0, 0, 0, 0, 0, 0, 0, 0, 0, 0, 0]",1,128,224.0,1796.0,5219821608,5219830253,5219830477,5219832845,0,86271,86271,-1,1,8645,2368,4,160,160,1
12,3,"[4, 224, 0, 0, 0, 0, 0, 0, 0, 0, 0, 0, 0, 0, 0, 4, 224, 0, 0, 0, 0, 0, 0, 0, 0, 0, 0, 0, 0, 0]",1,128,224.0,2688.0,5219910546,5219918669,5219919116,5219921388,0,87647,87647,-1,1,8123,2272,4,160,160,1
12,3,"[4, 224, 0, 0, 0, 0, 0, 0, 0, 0, 0, 0, 0, 0, 0, 4, 224, 0, 0, 0, 0, 0, 0, 0, 0, 0, 0, 0, 0, 0]",1,128,224.0,2688.0,5220000684,5220008942,5220009035,5220011275,0,88830,88830,-1,1,8258,2240,4,160,160,1
16,3,"[4, 1344, 224, 1, 1, 0, 0, 0, 0, 0, 0, 0, 0, 0, 0, 4, 0, 0, 0, 0, 0, 0, 0, 0, 0, 0, 0, 0, 0, 0]",588,128,301056.0,2408452.0,5220091564,5220099828,5220100105,5220110794,0,77567,77567,-1,1,8264,10689,4,160,160,1
12,3,"[4, 1344, 224, 1, 1, 0, 0, 0, 0, 0, 0, 0, 0, 0, 0, 4, 1344, 224, 1, 1, 0, 0, 0, 0, 0, 0, 0, 0, 0, 0]",588,128,301056.0,3612672.0,5220180197,5220188073,5220188361,5220196552,0,82687,82687,-1,1,7876,8191,4,160,160,1
12,3,"[4, 1344, 224, 1, 1, 0, 0, 0, 0, 0, 0, 0, 0, 0, 0, 4, 1344, 224, 1, 1, 0, 0, 0, 0, 0, 0, 0, 0, 0, 0]",588,128,301056.0,3612672.0,5220270835,5220278662,5220279239,5220288519,0,80959,80959,-1,1,7827,9280,4,160,160,1
16,3,"[4, 1344, 0, 0, 0, 0, 0, 0, 0, 0, 0, 0, 0, 0, 0, 4, 0, 0, 0, 0, 0, 0, 0, 0, 0, 0, 0, 0, 0, 0]",3,128,1344.0,10756.0,5220360828,5220369197,5220369478,5220371910,0,88415,88415,-1,1,8369,2432,4,160,160,1
12,3,"[4, 1344, 0, 0, 0, 0, 0, 0, 0, 0, 0, 0, 0, 0, 0, 4, 1344, 0, 0, 0, 0, 0, 0, 0, 0, 0, 0, 0, 0, 0]",3,128,1344.0,16128.0,5220452181,5220460003,5220460325,5220462661,0,86783,86783,-1,1,7822,2336,4,160,160,1
12,3,"[4, 1344, 0, 0, 0, 0, 0, 0, 0, 0, 0, 0, 0, 0, 0, 4, 1344, 0, 0, 0, 0, 0, 0, 0, 0, 0, 0, 0, 0, 0]",3,128,1344.0,16128.0,5220541007,5220548969,5220549444,5220551716,0,87135,87135,-1,1,7962,2272,4,160,160,1
16,3,"[4, 1344, 0, 0, 0, 0, 0, 0, 0, 0, 0, 0, 0, 0, 0, 4, 0, 0, 0, 0, 0, 0, 0, 0, 0, 0, 0, 0, 0, 0]",3,128,1344.0,10756.0,5220630371,5220638630,5220638851,5220641123,0,87007,87007,-1,1,8259,2272,4,160,160,1
12,3,"[4, 1344, 0, 0, 0, 0, 0, 0, 0, 0, 0, 0, 0, 0, 0, 4, 1344, 0, 0, 0, 0, 0, 0, 0, 0, 0, 0, 0, 0, 0]",3,128,1344.0,16128.0,5220719742,5220727604,5220728130,5220730466,0,89438,89438,-1,1,7862,2336,4,160,160,1
12,3,"[4, 1344, 0, 0, 0, 0, 0, 0, 0, 0, 0, 0, 0, 0, 0, 4, 1344, 0, 0, 0, 0, 0, 0, 0, 0, 0, 0, 0, 0, 0]",3,128,1344.0,16128.0,5220811588,5220819450,5220819904,5220822144,0,89407,89407,-1,1,7862,2240,4,160,160,1
16,3,"[4, 1344, 1, 3, 3, 0, 0, 0, 0, 0, 0, 0, 0, 0, 0, 4, 0, 0, 0, 0, 0, 0, 0, 0, 0, 0, 0, 0, 0, 0]",24,128,12096.0,96772.0,5220902986,5220911295,5220911551,5220914143,0,88223,88223,-1,1,8309,2592,4,160,160,1
12,3,"[4, 1344, 1, 3, 3, 0, 0, 0, 0, 0, 0, 0, 0, 0, 0, 4, 1344, 1, 3, 3, 0, 0, 0, 0, 0, 0, 0, 0, 0, 0]",24,128,12096.0,145152.0,5220993941,5221002312,5221002366,5221005086,0,86367,86367,-1,1,8371,2720,4,160,160,1
12,3,"[4, 1344, 1, 3, 3, 0, 0, 0, 0, 0, 0, 0, 0, 0, 0, 4, 1344, 1, 3, 3, 0, 0, 0, 0, 0, 0, 0, 0, 0, 0]",24,128,12096.0,145152.0,5221083315,5221091074,5221091453,5221094045,0,86431,86431,-1,1,7759,2592,4,160,160,1
16,3,"[4, 1344, 0, 0, 0, 0, 0, 0, 0, 0, 0, 0, 0, 0, 0, 4, 0, 0, 0, 0, 0, 0, 0, 0, 0, 0, 0, 0, 0, 0]",3,128,1344.0,10756.0,5221172014,5221180409,5221180476,5221182812,0,85343,85343,-1,1,8395,2336,4,160,160,1
12,3,"[4, 1344, 0, 0, 0, 0, 0, 0, 0, 0, 0, 0, 0, 0, 0, 4, 1344, 0, 0, 0, 0, 0, 0, 0, 0, 0, 0, 0, 0, 0]",3,128,1344.0,16128.0,5221260009,5221267802,5221268155,5221270523,0,86847,86847,-1,1,7793,2368,4,160,160,1
12,3,"[4, 1344, 0, 0, 0, 0, 0, 0, 0, 0, 0, 0, 0, 0, 0, 4, 1344, 0, 0, 0, 0, 0, 0, 0, 0, 0, 0, 0, 0, 0]",3,128,1344.0,16128.0,5221349228,5221356971,5221357370,5221359641,0,84384,84384,-1,1,7743,2271,4,160,160,1
16,3,"[4, 1344, 0, 0, 0, 0, 0, 0, 0, 0, 0, 0, 0, 0, 0, 4, 0, 0, 0, 0, 0, 0, 0, 0, 0, 0, 0, 0, 0, 0]",3,128,1344.0,10756.0,5221435782,5221443782,5221444025,5221446296,0,87135,87135,-1,1,8000,2271,4,160,160,1
12,3,"[4, 1344, 0, 0, 0, 0, 0, 0, 0, 0, 0, 0, 0, 0, 0, 4, 1344, 0, 0, 0, 0, 0, 0, 0, 0, 0, 0, 0, 0, 0]",3,128,1344.0,16128.0,5221524983,5221533018,5221533431,5221535799,0,86399,86399,-1,1,8035,2368,4,160,160,1
12,3,"[4, 1344, 0, 0, 0, 0, 0, 0, 0, 0, 0, 0, 0, 0, 0, 4, 1344, 0, 0, 0, 0, 0, 0, 0, 0, 0, 0, 0, 0, 0]",3,128,1344.0,16128.0,5221614101,5221621828,5221622198,5221624534,0,99039,99039,-1,1,7727,2336,4,160,160,1
16,3,"[4, 56, 1344, 1, 1, 0, 0, 0, 0, 0, 0, 0, 0, 0, 0, 4, 0, 0, 0, 0, 0, 0, 0, 0, 0, 0, 0, 0, 0, 0]",147,128,75264.0,602116.0,5221714321,5221723453,5221723573,5221727509,0,90975,90975,-1,1,9132,3936,4,160,160,1
12,3,"[4, 56, 1344, 1, 1, 0, 0, 0, 0, 0, 0, 0, 0, 0, 0, 4, 56, 1344, 1, 1, 0, 0, 0, 0, 0, 0, 0, 0, 0, 0]",147,128,75264.0,903168.0,5221809952,5221818102,5221818484,5221822932,0,85279,85279,-1,1,8150,4448,4,160,160,1
12,3,"[4, 56, 1344, 1, 1, 0, 0, 0, 0, 0, 0, 0, 0, 0, 0, 4, 56, 1344, 1, 1, 0, 0, 0, 0, 0, 0, 0, 0, 0, 0]",147,128,75264.0,903168.0,5221899929,5221908037,5221908211,5221911506,0,86880,86880,-1,1,8108,3295,4,160,160,1
16,3,"[4, 56, 0, 0, 0, 0, 0, 0, 0, 0, 0, 0, 0, 0, 0, 4, 0, 0, 0, 0, 0, 0, 0, 0, 0, 0, 0, 0, 0, 0]",1,128,56.0,452.0,5221989939,5221998107,5221998386,5222000529,0,85663,85663,-1,1,8168,2143,4,160,160,1
12,3,"[4, 56, 0, 0, 0, 0, 0, 0, 0, 0, 0, 0, 0, 0, 0, 4, 56, 0, 0, 0, 0, 0, 0, 0, 0, 0, 0, 0, 0, 0]",1,128,56.0,672.0,5222077950,5222085912,5222086192,5222088752,0,84479,84479,-1,1,7962,2560,4,160,160,1
12,3,"[4, 56, 0, 0, 0, 0, 0, 0, 0, 0, 0, 0, 0, 0, 0, 4, 56, 0, 0, 0, 0, 0, 0, 0, 0, 0, 0, 0, 0, 0]",1,128,56.0,672.0,5222165013,5222172846,5222173231,5222175471,0,88191,88191,-1,1,7833,2240,4,160,160,1
16,3,"[4, 1344, 56, 1, 1, 0, 0, 0, 0, 0, 0, 0, 0, 0, 0, 4, 0, 0, 0, 0, 0, 0, 0, 0, 0, 0, 0, 0, 0, 0]",147,128,75264.0,602116.0,5222255087,5222263387,5222263662,5222268046,0,84831,84831,-1,1,8300,4384,4,160,160,1
12,3,"[4, 1344, 56, 1, 1, 0, 0, 0, 0, 0, 0, 0, 0, 0, 0, 4, 1344, 56, 1, 1, 0, 0, 0, 0, 0, 0, 0, 0, 0, 0]",147,128,75264.0,903168.0,5222344741,5222352504,5222352877,5222357229,0,84735,84735,-1,1,7763,4352,4,160,160,1
12,3,"[4, 1344, 56, 1, 1, 0, 0, 0, 0, 0, 0, 0, 0, 0, 0, 4, 1344, 56, 1, 1, 0, 0, 0, 0, 0, 0, 0, 0, 0, 0]",147,128,75264.0,903168.0,5222433840,5222441593,5222441964,5222445260,0,85471,85471,-1,1,7753,3296,4,160,160,1
16,3,"[4, 1344, 0, 0, 0, 0, 0, 0, 0, 0, 0, 0, 0, 0, 0, 4, 0, 0, 0, 0, 0, 0, 0, 0, 0, 0, 0, 0, 0, 0]",3,128,1344.0,10756.0,5222522436,5222530455,5222530731,5222532971,0,87167,87167,-1,1,8019,2240,4,160,160,1
12,3,"[4, 1344, 0, 0, 0, 0, 0, 0, 0, 0, 0, 0, 0, 0, 0, 4, 1344, 0, 0, 0, 0, 0, 0, 0, 0, 0, 0, 0, 0, 0]",3,128,1344.0,16128.0,5222611982,5222619729,5222620138,5222622505,0,88447,88447,-1,1,7747,2367,4,160,160,1
12,3,"[4, 1344, 0, 0, 0, 0, 0, 0, 0, 0, 0, 0, 0, 0, 0, 4, 1344, 0, 0, 0, 0, 0, 0, 0, 0, 0, 0, 0, 0, 0]",3,128,1344.0,16128.0,5222702596,5222710436,5222710952,5222713256,0,91263,91263,-1,1,7840,2304,4,160,160,1
16,3,"[4, 224, 1344, 1, 1, 0, 0, 0, 0, 0, 0, 0, 0, 0, 0, 4, 0, 0, 0, 0, 0, 0, 0, 0, 0, 0, 0, 0, 0, 0]",588,128,301056.0,2408452.0,5222795826,5222804292,5222804519,5222814919,0,79711,79711,-1,1,8466,10400,4,160,160,1
12,3,"[4, 224, 1344, 1, 1, 0, 0, 0, 0, 0, 0, 0, 0, 0, 0, 4, 224, 1344, 1, 1, 0, 0, 0, 0, 0, 0, 0, 0, 0, 0]",588,128,301056.0,3612672.0,5222886523,5222894316,5222894630,5222902406,0,81759,81759,-1,1,7793,7776,4,160,160,1
12,3,"[4, 224, 1344, 1, 1, 0, 0, 0, 0, 0, 0, 0, 0, 0, 0, 4, 224, 1344, 1, 1, 0, 0, 0, 0, 0, 0, 0, 0, 0, 0]",588,128,301056.0,3612672.0,5222976268,5222983671,5222984165,5222993669,0,79327,79327,-1,1,7403,9504,4,160,160,1
16,3,"[4, 224, 0, 0, 0, 0, 0, 0, 0, 0, 0, 0, 0, 0, 0, 4, 0, 0, 0, 0, 0, 0, 0, 0, 0, 0, 0, 0, 0, 0]",1,128,224.0,1796.0,5223064566,5223072763,5223072996,5223075332,0,87391,87391,-1,1,8197,2336,4,160,160,1
12,3,"[4, 224, 0, 0, 0, 0, 0, 0, 0, 0, 0, 0, 0, 0, 0, 4, 224, 0, 0, 0, 0, 0, 0, 0, 0, 0, 0, 0, 0, 0]",1,128,224.0,2688.0,5223154229,5223162518,5223162723,5223164963,0,87807,87807,-1,1,8289,2240,4,160,160,1
12,3,"[4, 224, 0, 0, 0, 0, 0, 0, 0, 0, 0, 0, 0, 0, 0, 4, 224, 0, 0, 0, 0, 0, 0, 0, 0, 0, 0, 0, 0, 0]",1,128,224.0,2688.0,5223244516,5223252431,5223252770,5223254978,0,84895,84895,-1,1,7915,2208,4,160,160,1
16,3,"[4, 224, 0, 0, 0, 0, 0, 0, 0, 0, 0, 0, 0, 0, 0, 4, 0, 0, 0, 0, 0, 0, 0, 0, 0, 0, 0, 0, 0, 0]",1,128,224.0,1796.0,5223331760,5223339592,5223339873,5223342081,0,237853,237853,-1,1,7832,2208,4,160,160,1
12,3,"[4, 224, 0, 0, 0, 0, 0, 0, 0, 0, 0, 0, 0, 0, 0, 4, 224, 0, 0, 0, 0, 0, 0, 0, 0, 0, 0, 0, 0, 0]",1,128,224.0,2688.0,5223569177,5223579833,5223579934,5223582205,0,91103,91103,-1,1,10656,2271,4,160,160,1
12,3,"[4, 224, 0, 0, 0, 0, 0, 0, 0, 0, 0, 0, 0, 0, 0, 4, 224, 0, 0, 0, 0, 0, 0, 0, 0, 0, 0, 0, 0, 0]",1,128,224.0,2688.0,5223664659,5223672851,5223673308,5223675548,0,89279,89279,-1,1,8192,2240,4,160,160,1
16,3,"[4, 1344, 224, 1, 1, 0, 0, 0, 0, 0, 0, 0, 0, 0, 0, 4, 0, 0, 0, 0, 0, 0, 0, 0, 0, 0, 0, 0, 0, 0]",588,128,301056.0,2408452.0,5223756052,5223764526,5223764827,5223775291,0,78687,78687,-1,1,8474,10464,4,160,160,1
12,3,"[4, 1344, 224, 1, 1, 0, 0, 0, 0, 0, 0, 0, 0, 0, 0, 4, 1344, 224, 1, 1, 0, 0, 0, 0, 0, 0, 0, 0, 0, 0]",588,128,301056.0,3612672.0,5223845673,5223855696,5223853978,5223861914,0,85695,85695,-1,1,10023,7936,4,160,160,1
12,3,"[4, 1344, 224, 1, 1, 0, 0, 0, 0, 0, 0, 0, 0, 0, 0, 4, 1344, 224, 1, 1, 0, 0, 0, 0, 0, 0, 0, 0, 0, 0]",588,128,301056.0,3612672.0,5223939013,5223946969,5223947609,5223957496,0,80223,80223,-1,1,7956,9887,4,160,160,1
16,3,"[4, 1344, 0, 0, 0, 0, 0, 0, 0, 0, 0, 0, 0, 0, 0, 4, 0, 0, 0, 0, 0, 0, 0, 0, 0, 0, 0, 0, 0, 0]",3,128,1344.0,10756.0,5224029208,5224037559,5224037719,5224040087,0,87359,87359,-1,1,8351,2368,4,160,160,1
12,3,"[4, 1344, 0, 0, 0, 0, 0, 0, 0, 0, 0, 0, 0, 0, 0, 4, 1344, 0, 0, 0, 0, 0, 0, 0, 0, 0, 0, 0, 0, 0]",3,128,1344.0,16128.0,5224118915,5224127076,5224127446,5224129750,0,86335,86335,-1,1,8161,2304,4,160,160,1
12,3,"[4, 1344, 0, 0, 0, 0, 0, 0, 0, 0, 0, 0, 0, 0, 0, 4, 1344, 0, 0, 0, 0, 0, 0, 0, 0, 0, 0, 0, 0, 0]",3,128,1344.0,16128.0,5224207938,5224215710,5224216085,5224218389,0,86783,86783,-1,1,7772,2304,4,160,160,1
16,3,"[4, 1344, 0, 0, 0, 0, 0, 0, 0, 0, 0, 0, 0, 0, 0, 4, 0, 0, 0, 0, 0, 0, 0, 0, 0, 0, 0, 0, 0, 0]",3,128,1344.0,10756.0,5224296790,5224304933,5224305172,5224307508,0,86175,86175,-1,1,8143,2336,4,160,160,1
12,3,"[4, 1344, 0, 0, 0, 0, 0, 0, 0, 0, 0, 0, 0, 0, 0, 4, 1344, 0, 0, 0, 0, 0, 0, 0, 0, 0, 0, 0, 0, 0]",3,128,1344.0,16128.0,5224385551,5224393622,5224393683,5224396083,0,86943,86943,-1,1,8071,2400,4,160,160,1
12,3,"[4, 1344, 0, 0, 0, 0, 0, 0, 0, 0, 0, 0, 0, 0, 0, 4, 1344, 0, 0, 0, 0, 0, 0, 0, 0, 0, 0, 0, 0, 0]",3,128,1344.0,16128.0,5224474926,5224482712,5224483026,5224485266,0,87295,87295,-1,1,7786,2240,4,160,160,1
16,3,"[4, 1344, 1, 3, 3, 0, 0, 0, 0, 0, 0, 0, 0, 0, 0, 4, 0, 0, 0, 0, 0, 0, 0, 0, 0, 0, 0, 0, 0, 0]",24,128,12096.0,96772.0,5224564347,5224572444,5224572561,5224575217,0,86879,86879,-1,1,8097,2656,4,160,160,1
12,3,"[4, 1344, 1, 3, 3, 0, 0, 0, 0, 0, 0, 0, 0, 0, 0, 4, 1344, 1, 3, 3, 0, 0, 0, 0, 0, 0, 0, 0, 0, 0]",24,128,12096.0,145152.0,5224653914,5224661871,5224662096,5224664752,0,89503,89503,-1,1,7957,2656,4,160,160,1
12,3,"[4, 1344, 1, 3, 3, 0, 0, 0, 0, 0, 0, 0, 0, 0, 0, 4, 1344, 1, 3, 3, 0, 0, 0, 0, 0, 0, 0, 0, 0, 0]",24,128,12096.0,145152.0,5224746035,5224754206,5224754255,5224756718,0,89567,89567,-1,1,8171,2463,4,160,160,1
16,3,"[4, 1344, 0, 0, 0, 0, 0, 0, 0, 0, 0, 0, 0, 0, 0, 4, 0, 0, 0, 0, 0, 0, 0, 0, 0, 0, 0, 0, 0, 0]",3,128,1344.0,10756.0,5224837852,5224847496,5224846285,5224848877,0,87711,87711,-1,1,9644,2592,4,160,160,1
12,3,"[4, 1344, 0, 0, 0, 0, 0, 0, 0, 0, 0, 0, 0, 0, 0, 4, 1344, 0, 0, 0, 0, 0, 0, 0, 0, 0, 0, 0, 0, 0]",3,128,1344.0,16128.0,5224928343,5224936286,5224936588,5224938860,0,86943,86943,-1,1,7943,2272,4,160,160,1
12,3,"[4, 1344, 0, 0, 0, 0, 0, 0, 0, 0, 0, 0, 0, 0, 0, 4, 1344, 0, 0, 0, 0, 0, 0, 0, 0, 0, 0, 0, 0, 0]",3,128,1344.0,16128.0,5225017744,5225025372,5225025803,5225028075,0,86943,86943,-1,1,7628,2272,4,160,160,1
16,3,"[4, 1344, 0, 0, 0, 0, 0, 0, 0, 0, 0, 0, 0, 0, 0, 4, 0, 0, 0, 0, 0, 0, 0, 0, 0, 0, 0, 0, 0, 0]",3,128,1344.0,10756.0,5225106472,5225114751,5225115018,5225117354,0,84959,84959,-1,1,8279,2336,4,160,160,1
12,3,"[4, 1344, 0, 0, 0, 0, 0, 0, 0, 0, 0, 0, 0, 0, 0, 4, 1344, 0, 0, 0, 0, 0, 0, 0, 0, 0, 0, 0, 0, 0]",3,128,1344.0,16128.0,5225194004,5225201873,5225202313,5225204553,0,84287,84287,-1,1,7869,2240,4,160,160,1
12,3,"[4, 1344, 0, 0, 0, 0, 0, 0, 0, 0, 0, 0, 0, 0, 0, 4, 1344, 0, 0, 0, 0, 0, 0, 0, 0, 0, 0, 0, 0, 0]",3,128,1344.0,16128.0,5225280486,5225288417,5225288840,5225291176,0,88223,88223,-1,1,7931,2336,4,160,160,1
16,3,"[4, 56, 1344, 1, 1, 0, 0, 0, 0, 0, 0, 0, 0, 0, 0, 4, 0, 0, 0, 0, 0, 0, 0, 0, 0, 0, 0, 0, 0, 0]",147,128,75264.0,602116.0,5225370883,5225379104,5225379399,5225383207,0,86111,86111,-1,1,8221,3808,4,160,160,1
12,3,"[4, 56, 1344, 1, 1, 0, 0, 0, 0, 0, 0, 0, 0, 0, 0, 4, 56, 1344, 1, 1, 0, 0, 0, 0, 0, 0, 0, 0, 0, 0]",147,128,75264.0,903168.0,5225460845,5225468982,5225469318,5225473573,0,85599,85599,-1,1,8137,4255,4,160,160,1
12,3,"[4, 56, 1344, 1, 1, 0, 0, 0, 0, 0, 0, 0, 0, 0, 0, 4, 56, 1344, 1, 1, 0, 0, 0, 0, 0, 0, 0, 0, 0, 0]",147,128,75264.0,903168.0,5225550986,5225558781,5225559172,5225562692,0,85311,85311,-1,1,7795,3520,4,160,160,1
16,3,"[4, 56, 0, 0, 0, 0, 0, 0, 0, 0, 0, 0, 0, 0, 0, 4, 0, 0, 0, 0, 0, 0, 0, 0, 0, 0, 0, 0, 0, 0]",1,128,56.0,452.0,5225639549,5225647841,5225648003,5225650115,0,95743,95743,-1,1,8292,2112,4,160,160,1
12,3,"[4, 56, 0, 0, 0, 0, 0, 0, 0, 0, 0, 0, 0, 0, 0, 4, 56, 0, 0, 0, 0, 0, 0, 0, 0, 0, 0, 0, 0, 0]",1,128,56.0,672.0,5225737398,5225745555,5225745858,5225748098,0,86527,86527,-1,1,8157,2240,4,160,160,1
12,3,"[4, 56, 0, 0, 0, 0, 0, 0, 0, 0, 0, 0, 0, 0, 0, 4, 56, 0, 0, 0, 0, 0, 0, 0, 0, 0, 0, 0, 0, 0]",1,128,56.0,672.0,5225825985,5225836056,5225834625,5225836833,0,91615,91615,-1,1,10071,2208,4,160,160,1
16,3,"[4, 1344, 56, 1, 1, 0, 0, 0, 0, 0, 0, 0, 0, 0, 0, 4, 0, 0, 0, 0, 0, 0, 0, 0, 0, 0, 0, 0, 0, 0]",147,128,75264.0,602116.0,5225919542,5225928223,5225928448,5225932096,0,86014,86014,-1,1,8681,3648,4,160,160,1
12,3,"[4, 1344, 56, 1, 1, 0, 0, 0, 0, 0, 0, 0, 0, 0, 0, 4, 1344, 56, 1, 1, 0, 0, 0, 0, 0, 0, 0, 0, 0, 0]",147,128,75264.0,903168.0,5226009932,5226017689,5226018110,5226022399,0,85630,85630,-1,1,7757,4289,4,160,160,1
12,3,"[4, 1344, 56, 1, 1, 0, 0, 0, 0, 0, 0, 0, 0, 0, 0, 4, 1344, 56, 1, 1, 0, 0, 0, 0, 0, 0, 0, 0, 0, 0]",147,128,75264.0,903168.0,5226099900,5226107602,5226108029,5226111453,0,85023,85023,-1,1,7702,3424,4,160,160,1
16,3,"[4, 1344, 0, 0, 0, 0, 0, 0, 0, 0, 0, 0, 0, 0, 0, 4, 0, 0, 0, 0, 0, 0, 0, 0, 0, 0, 0, 0, 0, 0]",3,128,1344.0,10756.0,5226188290,5226196255,5226196476,5226198780,0,85503,85503,-1,1,7965,2304,4,160,160,1
12,3,"[4, 1344, 0, 0, 0, 0, 0, 0, 0, 0, 0, 0, 0, 0, 0, 4, 1344, 0, 0, 0, 0, 0, 0, 0, 0, 0, 0, 0, 0, 0]",3,128,1344.0,16128.0,5226276337,5226283920,5226284283,5226286619,0,86559,86559,-1,1,7583,2336,4,160,160,1
12,3,"[4, 1344, 0, 0, 0, 0, 0, 0, 0, 0, 0, 0, 0, 0, 0, 4, 1344, 0, 0, 0, 0, 0, 0, 0, 0, 0, 0, 0, 0, 0]",3,128,1344.0,16128.0,5226364823,5226372802,5226373178,5226375386,0,86687,86687,-1,1,7979,2208,4,160,160,1
16,3,"[4, 224, 1344, 1, 1, 0, 0, 0, 0, 0, 0, 0, 0, 0, 0, 4, 0, 0, 0, 0, 0, 0, 0, 0, 0, 0, 0, 0, 0, 0]",588,128,301056.0,2408452.0,5226453389,5226461877,5226462073,5226472089,0,79135,79135,-1,1,8488,10016,4,160,160,1
12,3,"[4, 224, 1344, 1, 1, 0, 0, 0, 0, 0, 0, 0, 0, 0, 0, 4, 224, 1344, 1, 1, 0, 0, 0, 0, 0, 0, 0, 0, 0, 0]",588,128,301056.0,3612672.0,5226543146,5226550801,5226551224,5226558968,0,80639,80639,-1,1,7655,7744,4,160,160,1
12,3,"[4, 224, 1344, 1, 1, 0, 0, 0, 0, 0, 0, 0, 0, 0, 0, 4, 224, 1344, 1, 1, 0, 0, 0, 0, 0, 0, 0, 0, 0, 0]",588,128,301056.0,3612672.0,5226631240,5226639252,5226639607,5226649302,0,81247,81247,-1,1,8012,9695,4,160,160,1
16,3,"[4, 224, 0, 0, 0, 0, 0, 0, 0, 0, 0, 0, 0, 0, 0, 4, 0, 0, 0, 0, 0, 0, 0, 0, 0, 0, 0, 0, 0, 0]",1,128,224.0,1796.0,5226722040,5226730307,5226730549,5226732725,0,86208,86208,-1,1,8267,2176,4,160,160,1
12,3,"[4, 224, 0, 0, 0, 0, 0, 0, 0, 0, 0, 0, 0, 0, 0, 4, 224, 0, 0, 0, 0, 0, 0, 0, 0, 0, 0, 0, 0, 0]",1,128,224.0,2688.0,5226810702,5226820119,5226818933,5226821204,0,88351,88351,-1,1,9417,2271,4,160,160,1
12,3,"[4, 224, 0, 0, 0, 0, 0, 0, 0, 0, 0, 0, 0, 0, 0, 4, 224, 0, 0, 0, 0, 0, 0, 0, 0, 0, 0, 0, 0, 0]",1,128,224.0,2688.0,5226901340,5226909199,5226909555,5226911891,0,87519,87519,-1,1,7859,2336,4,160,160,1
16,3,"[4, 224, 0, 0, 0, 0, 0, 0, 0, 0, 0, 0, 0, 0, 0, 4, 0, 0, 0, 0, 0, 0, 0, 0, 0, 0, 0, 0, 0, 0]",1,128,224.0,1796.0,5226990841,5226999198,5226999410,5227001586,0,84927,84927,-1,1,8357,2176,4,160,160,1
12,3,"[4, 224, 0, 0, 0, 0, 0, 0, 0, 0, 0, 0, 0, 0, 0, 4, 224, 0, 0, 0, 0, 0, 0, 0, 0, 0, 0, 0, 0, 0]",1,128,224.0,2688.0,5227078359,5227086085,5227086513,5227088785,0,84703,84703,-1,1,7726,2272,4,160,160,1
12,3,"[4, 224, 0, 0, 0, 0, 0, 0, 0, 0, 0, 0, 0, 0, 0, 4, 224, 0, 0, 0, 0, 0, 0, 0, 0, 0, 0, 0, 0, 0]",1,128,224.0,2688.0,5227165447,5227173041,5227173488,5227175824,0,236637,236637,-1,1,7594,2336,4,160,160,1
16,3,"[4, 1344, 224, 1, 1, 0, 0, 0, 0, 0, 0, 0, 0, 0, 0, 4, 0, 0, 0, 0, 0, 0, 0, 0, 0, 0, 0, 0, 0, 0]",588,128,301056.0,2408452.0,5227401699,5227412550,5227412461,5227422860,0,91232,91232,-1,1,10851,10399,4,160,160,1
12,3,"[4, 1344, 224, 1, 1, 0, 0, 0, 0, 0, 0, 0, 0, 0, 0, 4, 1344, 224, 1, 1, 0, 0, 0, 0, 0, 0, 0, 0, 0, 0]",588,128,301056.0,3612672.0,5227504929,5227513992,5227514092,5227521739,0,84127,84127,-1,1,9063,7647,4,160,160,1
12,3,"[4, 1344, 224, 1, 1, 0, 0, 0, 0, 0, 0, 0, 0, 0, 0, 4, 1344, 224, 1, 1, 0, 0, 0, 0, 0, 0, 0, 0, 0, 0]",588,128,301056.0,3612672.0,5227597335,5227605606,5227605866,5227615402,0,81343,81343,-1,1,8271,9536,4,160,160,1
16,3,"[4, 1344, 0, 0, 0, 0, 0, 0, 0, 0, 0, 0, 0, 0, 0, 4, 0, 0, 0, 0, 0, 0, 0, 0, 0, 0, 0, 0, 0, 0]",3,128,1344.0,10756.0,5227688008,5227696541,5227696745,5227698953,0,87007,87007,-1,1,8533,2208,4,160,160,1
12,3,"[4, 1344, 0, 0, 0, 0, 0, 0, 0, 0, 0, 0, 0, 0, 0, 4, 1344, 0, 0, 0, 0, 0, 0, 0, 0, 0, 0, 0, 0, 0]",3,128,1344.0,16128.0,5227777554,5227785651,5227785960,5227788232,0,86303,86303,-1,1,8097,2272,4,160,160,1
12,3,"[4, 1344, 0, 0, 0, 0, 0, 0, 0, 0, 0, 0, 0, 0, 0, 4, 1344, 0, 0, 0, 0, 0, 0, 0, 0, 0, 0, 0, 0, 0]",3,128,1344.0,16128.0,5227866188,5227874128,5227874535,5227876807,0,87519,87519,-1,1,7940,2272,4,160,160,1
16,3,"[4, 1344, 0, 0, 0, 0, 0, 0, 0, 0, 0, 0, 0, 0, 0, 4, 0, 0, 0, 0, 0, 0, 0, 0, 0, 0, 0, 0, 0, 0]",3,128,1344.0,10756.0,5227955732,5227966492,5227964326,5227966566,0,90495,90495,-1,1,10760,2240,4,160,160,1
12,3,"[4, 1344, 0, 0, 0, 0, 0, 0, 0, 0, 0, 0, 0, 0, 0, 4, 1344, 0, 0, 0, 0, 0, 0, 0, 0, 0, 0, 0, 0, 0]",3,128,1344.0,16128.0,5228048406,5228056810,5228057061,5228059364,0,85951,85951,-1,1,8404,2303,4,160,160,1
12,3,"[4, 1344, 0, 0, 0, 0, 0, 0, 0, 0, 0, 0, 0, 0, 0, 4, 1344, 0, 0, 0, 0, 0, 0, 0, 0, 0, 0, 0, 0, 0]",3,128,1344.0,16128.0,5228137128,5228144915,5228145315,5228147652,0,89438,89438,-1,1,7787,2337,4,160,160,1
16,3,"[4, 1344, 1, 3, 3, 0, 0, 0, 0, 0, 0, 0, 0, 0, 0, 4, 0, 0, 0, 0, 0, 0, 0, 0, 0, 0, 0, 0, 0, 0]",24,128,12096.0,96772.0,5228228328,5228236799,5228237090,5228239650,0,87807,87807,-1,1,8471,2560,4,160,160,1
12,3,"[4, 1344, 1, 3, 3, 0, 0, 0, 0, 0, 0, 0, 0, 0, 0, 4, 1344, 1, 3, 3, 0, 0, 0, 0, 0, 0, 0, 0, 0, 0]",24,128,12096.0,145152.0,5228319196,5228327201,5228327457,5228330017,0,87039,87039,-1,1,8005,2560,4,160,160,1
12,3,"[4, 1344, 1, 3, 3, 0, 0, 0, 0, 0, 0, 0, 0, 0, 0, 4, 1344, 1, 3, 3, 0, 0, 0, 0, 0, 0, 0, 0, 0, 0]",24,128,12096.0,145152.0,5228408941,5228416684,5228417056,5228419488,0,86719,86719,-1,1,7743,2432,4,160,160,1
16,3,"[4, 1344, 0, 0, 0, 0, 0, 0, 0, 0, 0, 0, 0, 0, 0, 4, 0, 0, 0, 0, 0, 0, 0, 0, 0, 0, 0, 0, 0, 0]",3,128,1344.0,10756.0,5228497938,5228505995,5228506207,5228508511,0,87615,87615,-1,1,8057,2304,4,160,160,1
12,3,"[4, 1344, 0, 0, 0, 0, 0, 0, 0, 0, 0, 0, 0, 0, 0, 4, 1344, 0, 0, 0, 0, 0, 0, 0, 0, 0, 0, 0, 0, 0]",3,128,1344.0,16128.0,5228587971,5228595764,5228596126,5228598494,0,85695,85695,-1,1,7793,2368,4,160,160,1
12,3,"[4, 1344, 0, 0, 0, 0, 0, 0, 0, 0, 0, 0, 0, 0, 0, 4, 1344, 0, 0, 0, 0, 0, 0, 0, 0, 0, 0, 0, 0, 0]",3,128,1344.0,16128.0,5228676288,5228683756,5228684189,5228686429,0,88702,88702,-1,1,7468,2240,4,160,160,1
16,3,"[4, 1344, 0, 0, 0, 0, 0, 0, 0, 0, 0, 0, 0, 0, 0, 4, 0, 0, 0, 0, 0, 0, 0, 0, 0, 0, 0, 0, 0, 0]",3,128,1344.0,10756.0,5228766560,5228774913,5228775131,5228777371,0,87295,87295,-1,1,8353,2240,4,160,160,1
12,3,"[4, 1344, 0, 0, 0, 0, 0, 0, 0, 0, 0, 0, 0, 0, 0, 4, 1344, 0, 0, 0, 0, 0, 0, 0, 0, 0, 0, 0, 0, 0]",3,128,1344.0,16128.0,5228856168,5228864202,5228864666,5228867002,0,86303,86303,-1,1,8034,2336,4,160,160,1
12,3,"[4, 1344, 0, 0, 0, 0, 0, 0, 0, 0, 0, 0, 0, 0, 0, 4, 1344, 0, 0, 0, 0, 0, 0, 0, 0, 0, 0, 0, 0, 0]",3,128,1344.0,16128.0,5228945087,5228954543,5228953305,5228955609,0,91327,91327,-1,1,9456,2304,4,160,160,1
16,3,"[4, 56, 1344, 1, 1, 0, 0, 0, 0, 0, 0, 0, 0, 0, 0, 4, 0, 0, 0, 0, 0, 0, 0, 0, 0, 0, 0, 0, 0, 0]",147,128,75264.0,602116.0,5229037992,5229046398,5229046936,5229051128,0,85343,85343,-1,1,8406,4192,4,160,160,1
12,3,"[4, 56, 1344, 1, 1, 0, 0, 0, 0, 0, 0, 0, 0, 0, 0, 4, 56, 1344, 1, 1, 0, 0, 0, 0, 0, 0, 0, 0, 0, 0]",147,128,75264.0,903168.0,5229128173,5229136207,5229136471,5229140503,0,84543,84543,-1,1,8034,4032,4,160,160,1
12,3,"[4, 56, 1344, 1, 1, 0, 0, 0, 0, 0, 0, 0, 0, 0, 0, 4, 56, 1344, 1, 1, 0, 0, 0, 0, 0, 0, 0, 0, 0, 0]",147,128,75264.0,903168.0,5229216852,5229224646,5229225046,5229228342,0,84895,84895,-1,1,7794,3296,4,160,160,1
16,3,"[4, 56, 0, 0, 0, 0, 0, 0, 0, 0, 0, 0, 0, 0, 0, 4, 0, 0, 0, 0, 0, 0, 0, 0, 0, 0, 0, 0, 0, 0]",1,128,56.0,452.0,5229304663,5229313037,5229313237,5229315381,0,87198,87198,-1,1,8374,2144,4,160,160,1
12,3,"[4, 56, 0, 0, 0, 0, 0, 0, 0, 0, 0, 0, 0, 0, 0, 4, 56, 0, 0, 0, 0, 0, 0, 0, 0, 0, 0, 0, 0, 0]",1,128,56.0,672.0,5229394380,5229402178,5229402579,5229404724,0,86622,86622,-1,1,7798,2145,4,160,160,1
12,3,"[4, 56, 0, 0, 0, 0, 0, 0, 0, 0, 0, 0, 0, 0, 0, 4, 56, 0, 0, 0, 0, 0, 0, 0, 0, 0, 0, 0, 0, 0]",1,128,56.0,672.0,5229482649,5229490286,5229491346,5229493586,0,88255,88255,-1,1,7637,2240,4,160,160,1
16,3,"[4, 1344, 56, 1, 1, 0, 0, 0, 0, 0, 0, 0, 0, 0, 0, 4, 0, 0, 0, 0, 0, 0, 0, 0, 0, 0, 0, 0, 0, 0]",147,128,75264.0,602116.0,5229573358,5229581812,5229581841,5229586129,0,94591,94591,-1,1,8454,4288,4,160,160,1
12,3,"[4, 1344, 56, 1, 1, 0, 0, 0, 0, 0, 0, 0, 0, 0, 0, 4, 1344, 56, 1, 1, 0, 0, 0, 0, 0, 0, 0, 0, 0, 0]",147,128,75264.0,903168.0,5229671436,5229679804,5229680720,5229685040,0,85855,85855,-1,1,8368,4320,4,160,160,1
12,3,"[4, 1344, 56, 1, 1, 0, 0, 0, 0, 0, 0, 0, 0, 0, 0, 4, 1344, 56, 1, 1, 0, 0, 0, 0, 0, 0, 0, 0, 0, 0]",147,128,75264.0,903168.0,5229762219,5229770274,5229770895,5229774159,0,85119,85119,-1,1,8055,3264,4,160,160,1
16,3,"[4, 1344, 0, 0, 0, 0, 0, 0, 0, 0, 0, 0, 0, 0, 0, 4, 0, 0, 0, 0, 0, 0, 0, 0, 0, 0, 0, 0, 0, 0]",3,128,1344.0,10756.0,5229850273,5229858621,5229859278,5229861486,0,87199,87199,-1,1,8348,2208,4,160,160,1
12,3,"[4, 1344, 0, 0, 0, 0, 0, 0, 0, 0, 0, 0, 0, 0, 0, 4, 1344, 0, 0, 0, 0, 0, 0, 0, 0, 0, 0, 0, 0, 0]",3,128,1344.0,16128.0,5229939786,5229947928,5229948685,5229950957,0,85663,85663,-1,1,8142,2272,4,160,160,1
12,3,"[4, 1344, 0, 0, 0, 0, 0, 0, 0, 0, 0, 0, 0, 0, 0, 4, 1344, 0, 0, 0, 0, 0, 0, 0, 0, 0, 0, 0, 0, 0]",3,128,1344.0,16128.0,5230028457,5230036198,5230036620,5230038891,0,88479,88479,-1,1,7741,2271,4,160,160,1
16,3,"[4, 224, 1344, 1, 1, 0, 0, 0, 0, 0, 0, 0, 0, 0, 0, 4, 0, 0, 0, 0, 0, 0, 0, 0, 0, 0, 0, 0, 0, 0]",588,128,301056.0,2408452.0,5230118256,5230126710,5230127370,5230137450,0,80287,80287,-1,1,8454,10080,4,160,160,1
12,3,"[4, 224, 1344, 1, 1, 0, 0, 0, 0, 0, 0, 0, 0, 0, 0, 4, 224, 1344, 1, 1, 0, 0, 0, 0, 0, 0, 0, 0, 0, 0]",588,128,301056.0,3612672.0,5230209340,5230217344,5230217737,5230225545,0,81535,81535,-1,1,8004,7808,4,160,160,1
12,3,"[4, 224, 1344, 1, 1, 0, 0, 0, 0, 0, 0, 0, 0, 0, 0, 4, 224, 1344, 1, 1, 0, 0, 0, 0, 0, 0, 0, 0, 0, 0]",588,128,301056.0,3612672.0,5230298842,5230306632,5230307080,5230316392,0,78815,78815,-1,1,7790,9312,4,160,160,1
16,3,"[4, 224, 0, 0, 0, 0, 0, 0, 0, 0, 0, 0, 0, 0, 0, 4, 0, 0, 0, 0, 0, 0, 0, 0, 0, 0, 0, 0, 0, 0]",1,128,224.0,1796.0,5230387000,5230394980,5230395207,5230397607,0,86047,86047,-1,1,7980,2400,4,160,160,1
12,3,"[4, 224, 0, 0, 0, 0, 0, 0, 0, 0, 0, 0, 0, 0, 0, 4, 224, 0, 0, 0, 0, 0, 0, 0, 0, 0, 0, 0, 0, 0]",1,128,224.0,2688.0,5230475397,5230483175,5230483654,5230485894,0,84991,84991,-1,1,7778,2240,4,160,160,1
12,3,"[4, 224, 0, 0, 0, 0, 0, 0, 0, 0, 0, 0, 0, 0, 0, 4, 224, 0, 0, 0, 0, 0, 0, 0, 0, 0, 0, 0, 0, 0]",1,128,224.0,2688.0,5230562665,5230570572,5230570885,5230573125,0,86975,86975,-1,1,7907,2240,4,160,160,1
16,3,"[4, 224, 0, 0, 0, 0, 0, 0, 0, 0, 0, 0, 0, 0, 0, 4, 0, 0, 0, 0, 0, 0, 0, 0, 0, 0, 0, 0, 0, 0]",1,128,224.0,1796.0,5230651425,5230659815,5230660100,5230662307,0,88800,88800,-1,1,8390,2207,4,160,160,1
12,3,"[4, 224, 0, 0, 0, 0, 0, 0, 0, 0, 0, 0, 0, 0, 0, 4, 224, 0, 0, 0, 0, 0, 0, 0, 0, 0, 0, 0, 0, 0]",1,128,224.0,2688.0,5230742723,5230751035,5230751107,5230753378,0,87199,87199,-1,1,8312,2271,4,160,160,1
12,3,"[4, 224, 0, 0, 0, 0, 0, 0, 0, 0, 0, 0, 0, 0, 0, 4, 224, 0, 0, 0, 0, 0, 0, 0, 0, 0, 0, 0, 0, 0]",1,128,224.0,2688.0,5230832435,5230840223,5230840577,5230842817,0,88383,88383,-1,1,7788,2240,4,160,160,1
16,3,"[4, 1344, 224, 1, 1, 0, 0, 0, 0, 0, 0, 0, 0, 0, 0, 4, 0, 0, 0, 0, 0, 0, 0, 0, 0, 0, 0, 0, 0, 0]",588,128,301056.0,2408452.0,5230922660,5230931055,5230931200,5230941696,0,78399,78399,-1,1,8395,10496,4,160,160,1
12,3,"[4, 1344, 224, 1, 1, 0, 0, 0, 0, 0, 0, 0, 0, 0, 0, 4, 1344, 224, 1, 1, 0, 0, 0, 0, 0, 0, 0, 0, 0, 0]",588,128,301056.0,3612672.0,5231011775,5231019727,5231020095,5231027935,0,225437,225437,-1,1,7952,7840,4,160,160,1
12,3,"[4, 1344, 224, 1, 1, 0, 0, 0, 0, 0, 0, 0, 0, 0, 0, 4, 1344, 224, 1, 1, 0, 0, 0, 0, 0, 0, 0, 0, 0, 0]",588,128,301056.0,3612672.0,5231242865,5231253267,5231253372,5231262748,0,93919,93919,-1,1,10402,9376,4,160,160,1
16,3,"[4, 1344, 0, 0, 0, 0, 0, 0, 0, 0, 0, 0, 0, 0, 0, 4, 0, 0, 0, 0, 0, 0, 0, 0, 0, 0, 0, 0, 0, 0]",3,128,1344.0,10756.0,5231347077,5231356611,5231356667,5231359003,0,87839,87839,-1,1,9534,2336,4,160,160,1
12,3,"[4, 1344, 0, 0, 0, 0, 0, 0, 0, 0, 0, 0, 0, 0, 0, 4, 1344, 0, 0, 0, 0, 0, 0, 0, 0, 0, 0, 0, 0, 0]",3,128,1344.0,16128.0,5231438327,5231446508,5231446842,5231449178,0,85855,85855,-1,1,8181,2336,4,160,160,1
12,3,"[4, 1344, 0, 0, 0, 0, 0, 0, 0, 0, 0, 0, 0, 0, 0, 4, 1344, 0, 0, 0, 0, 0, 0, 0, 0, 0, 0, 0, 0, 0]",3,128,1344.0,16128.0,5231526603,5231534683,5231535033,5231537401,0,88830,88830,-1,1,8080,2368,4,160,160,1
16,3,"[4, 1344, 0, 0, 0, 0, 0, 0, 0, 0, 0, 0, 0, 0, 0, 4, 0, 0, 0, 0, 0, 0, 0, 0, 0, 0, 0, 0, 0, 0]",3,128,1344.0,10756.0,5231617410,5231625829,5231626231,5231628503,0,86943,86943,-1,1,8419,2272,4,160,160,1
12,3,"[4, 1344, 0, 0, 0, 0, 0, 0, 0, 0, 0, 0, 0, 0, 0, 4, 1344, 0, 0, 0, 0, 0, 0, 0, 0, 0, 0, 0, 0, 0]",3,128,1344.0,16128.0,5231706775,5231715116,5231715446,5231717718,0,87135,87135,-1,1,8341,2272,4,160,160,1
12,3,"[4, 1344, 0, 0, 0, 0, 0, 0, 0, 0, 0, 0, 0, 0, 0, 4, 1344, 0, 0, 0, 0, 0, 0, 0, 0, 0, 0, 0, 0, 0]",3,128,1344.0,16128.0,5231796403,5231804357,5231804853,5231807125,0,89375,89375,-1,1,7954,2272,4,160,160,1
16,3,"[4, 1344, 1, 3, 3, 0, 0, 0, 0, 0, 0, 0, 0, 0, 0, 4, 0, 0, 0, 0, 0, 0, 0, 0, 0, 0, 0, 0, 0, 0]",24,128,12096.0,96772.0,5231888186,5231896294,5231896500,5231899028,0,87391,87391,-1,1,8108,2528,4,160,160,1
12,3,"[4, 1344, 1, 3, 3, 0, 0, 0, 0, 0, 0, 0, 0, 0, 0, 4, 1344, 1, 3, 3, 0, 0, 0, 0, 0, 0, 0, 0, 0, 0]",24,128,12096.0,145152.0,5231978061,5231985985,5231986419,5231989011,0,90975,90975,-1,1,7924,2592,4,160,160,1
12,3,"[4, 1344, 1, 3, 3, 0, 0, 0, 0, 0, 0, 0, 0, 0, 0, 4, 1344, 1, 3, 3, 0, 0, 0, 0, 0, 0, 0, 0, 0, 0]",24,128,12096.0,145152.0,5232071309,5232080049,5232079986,5232082321,0,88991,88991,-1,1,8740,2335,4,160,160,1
16,3,"[4, 1344, 0, 0, 0, 0, 0, 0, 0, 0, 0, 0, 0, 0, 0, 4, 0, 0, 0, 0, 0, 0, 0, 0, 0, 0, 0, 0, 0, 0]",3,128,1344.0,10756.0,5232162685,5232171129,5232171312,5232173616,0,87167,87167,-1,1,8444,2304,4,160,160,1
12,3,"[4, 1344, 0, 0, 0, 0, 0, 0, 0, 0, 0, 0, 0, 0, 0, 4, 1344, 0, 0, 0, 0, 0, 0, 0, 0, 0, 0, 0, 0, 0]",3,128,1344.0,16128.0,5232252286,5232260484,5232260783,5232263087,0,87871,87871,-1,1,8198,2304,4,160,160,1
12,3,"[4, 1344, 0, 0, 0, 0, 0, 0, 0, 0, 0, 0, 0, 0, 0, 4, 1344, 0, 0, 0, 0, 0, 0, 0, 0, 0, 0, 0, 0, 0]",3,128,1344.0,16128.0,5232342837,5232350682,5232350958,5232353134,0,86527,86527,-1,1,7845,2176,4,160,160,1
16,3,"[4, 1344, 0, 0, 0, 0, 0, 0, 0, 0, 0, 0, 0, 0, 0, 4, 0, 0, 0, 0, 0, 0, 0, 0, 0, 0, 0, 0, 0, 0]",3,128,1344.0,10756.0,5232431132,5232439362,5232439661,5232441933,0,85983,85983,-1,1,8230,2272,4,160,160,1
12,3,"[4, 1344, 0, 0, 0, 0, 0, 0, 0, 0, 0, 0, 0, 0, 0, 4, 1344, 0, 0, 0, 0, 0, 0, 0, 0, 0, 0, 0, 0, 0]",3,128,1344.0,16128.0,5232519704,5232527526,5232527916,5232530156,0,86847,86847,-1,1,7822,2240,4,160,160,1
12,3,"[4, 1344, 0, 0, 0, 0, 0, 0, 0, 0, 0, 0, 0, 0, 0, 4, 1344, 0, 0, 0, 0, 0, 0, 0, 0, 0, 0, 0, 0, 0]",3,128,1344.0,16128.0,5232608681,5232616607,5232617003,5232619211,0,88414,88414,-1,1,7926,2208,4,160,160,1
16,3,"[4, 56, 1344, 1, 1, 0, 0, 0, 0, 0, 0, 0, 0, 0, 0, 4, 0, 0, 0, 0, 0, 0, 0, 0, 0, 0, 0, 0, 0, 0]",147,128,75264.0,602116.0,5232698876,5232707341,5232707625,5232711338,0,88063,88063,-1,1,8465,3713,4,160,160,1
12,3,"[4, 56, 1344, 1, 1, 0, 0, 0, 0, 0, 0, 0, 0, 0, 0, 4, 56, 1344, 1, 1, 0, 0, 0, 0, 0, 0, 0, 0, 0, 0]",147,128,75264.0,903168.0,5232791093,5232799334,5232799401,5232803784,0,87071,87071,-1,1,8241,4383,4,160,160,1
12,3,"[4, 56, 1344, 1, 1, 0, 0, 0, 0, 0, 0, 0, 0, 0, 0, 4, 56, 1344, 1, 1, 0, 0, 0, 0, 0, 0, 0, 0, 0, 0]",147,128,75264.0,903168.0,5232882545,5232890573,5232890855,5232894151,0,86751,86751,-1,1,8028,3296,4,160,160,1
16,3,"[4, 56, 0, 0, 0, 0, 0, 0, 0, 0, 0, 0, 0, 0, 0, 4, 0, 0, 0, 0, 0, 0, 0, 0, 0, 0, 0, 0, 0, 0]",1,128,56.0,452.0,5232972427,5232980757,5232980902,5232983046,0,89311,89311,-1,1,8330,2144,4,160,160,1
12,3,"[4, 56, 0, 0, 0, 0, 0, 0, 0, 0, 0, 0, 0, 0, 0, 4, 56, 0, 0, 0, 0, 0, 0, 0, 0, 0, 0, 0, 0, 0]",1,128,56.0,672.0,5233064032,5233072110,5233072357,5233074565,0,85791,85791,-1,1,8078,2208,4,160,160,1
12,3,"[4, 56, 0, 0, 0, 0, 0, 0, 0, 0, 0, 0, 0, 0, 0, 4, 56, 0, 0, 0, 0, 0, 0, 0, 0, 0, 0, 0, 0, 0]",1,128,56.0,672.0,5233151796,5233159952,5233160356,5233162564,0,87455,87455,-1,1,8156,2208,4,160,160,1
16,3,"[4, 1344, 56, 1, 1, 0, 0, 0, 0, 0, 0, 0, 0, 0, 0, 4, 0, 0, 0, 0, 0, 0, 0, 0, 0, 0, 0, 0, 0, 0]",147,128,75264.0,602116.0,5233241568,5233249743,5233250019,5233254339,0,84959,84959,-1,1,8175,4320,4,160,160,1
12,3,"[4, 1344, 56, 1, 1, 0, 0, 0, 0, 0, 0, 0, 0, 0, 0, 4, 1344, 56, 1, 1, 0, 0, 0, 0, 0, 0, 0, 0, 0, 0]",147,128,75264.0,903168.0,5233330998,5233339018,5233339298,5233343425,0,82975,82975,-1,1,8020,4127,4,160,160,1
12,3,"[4, 1344, 56, 1, 1, 0, 0, 0, 0, 0, 0, 0, 0, 0, 0, 4, 1344, 56, 1, 1, 0, 0, 0, 0, 0, 0, 0, 0, 0, 0]",147,128,75264.0,903168.0,5233418173,5233426025,5233426400,5233429792,0,86655,86655,-1,1,7852,3392,4,160,160,1
16,3,"[4, 1344, 0, 0, 0, 0, 0, 0, 0, 0, 0, 0, 0, 0, 0, 4, 0, 0, 0, 0, 0, 0, 0, 0, 0, 0, 0, 0, 0, 0]",3,128,1344.0,10756.0,5233507951,5233516267,5233516447,5233518751,0,85823,85823,-1,1,8316,2304,4,160,160,1
12,3,"[4, 1344, 0, 0, 0, 0, 0, 0, 0, 0, 0, 0, 0, 0, 0, 4, 1344, 0, 0, 0, 0, 0, 0, 0, 0, 0, 0, 0, 0, 0]",3,128,1344.0,16128.0,5233596210,5233604114,5233604574,5233606910,0,94559,94559,-1,1,7904,2336,4,160,160,1
12,3,"[4, 1344, 0, 0, 0, 0, 0, 0, 0, 0, 0, 0, 0, 0, 0, 4, 1344, 0, 0, 0, 0, 0, 0, 0, 0, 0, 0, 0, 0, 0]",3,128,1344.0,16128.0,5233692608,5233701231,5233701469,5233703677,0,91615,91615,-1,1,8623,2208,4,160,160,1
16,3,"[4, 224, 1344, 1, 1, 0, 0, 0, 0, 0, 0, 0, 0, 0, 0, 4, 0, 0, 0, 0, 0, 0, 0, 0, 0, 0, 0, 0, 0, 0]",588,128,301056.0,2408452.0,5233786782,5233795098,5233795292,5233805820,0,78751,78751,-1,1,8316,10528,4,160,160,1
12,3,"[4, 224, 1344, 1, 1, 0, 0, 0, 0, 0, 0, 0, 0, 0, 0, 4, 224, 1344, 1, 1, 0, 0, 0, 0, 0, 0, 0, 0, 0, 0]",588,128,301056.0,3612672.0,5233876398,5233884231,5233884571,5233892219,0,80606,80606,-1,1,7833,7648,4,160,160,1
12,3,"[4, 224, 1344, 1, 1, 0, 0, 0, 0, 0, 0, 0, 0, 0, 0, 4, 224, 1344, 1, 1, 0, 0, 0, 0, 0, 0, 0, 0, 0, 0]",588,128,301056.0,3612672.0,5233964694,5233974269,5233972825,5233982329,0,83359,83359,-1,1,9575,9504,4,160,160,1
16,3,"[4, 224, 0, 0, 0, 0, 0, 0, 0, 0, 0, 0, 0, 0, 0, 4, 0, 0, 0, 0, 0, 0, 0, 0, 0, 0, 0, 0, 0, 0]",1,128,224.0,1796.0,5234057245,5234065484,5234065688,5234067960,0,86943,86943,-1,1,8239,2272,4,160,160,1
12,3,"[4, 224, 0, 0, 0, 0, 0, 0, 0, 0, 0, 0, 0, 0, 0, 4, 224, 0, 0, 0, 0, 0, 0, 0, 0, 0, 0, 0, 0, 0]",1,128,224.0,2688.0,5234146524,5234154503,5234154903,5234157111,0,87007,87007,-1,1,7979,2208,4,160,160,1
12,3,"[4, 224, 0, 0, 0, 0, 0, 0, 0, 0, 0, 0, 0, 0, 0, 4, 224, 0, 0, 0, 0, 0, 0, 0, 0, 0, 0, 0, 0, 0]",1,128,224.0,2688.0,5234235830,5234243684,5234244118,5234246326,0,85919,85919,-1,1,7854,2208,4,160,160,1
16,3,"[4, 224, 0, 0, 0, 0, 0, 0, 0, 0, 0, 0, 0, 0, 0, 4, 0, 0, 0, 0, 0, 0, 0, 0, 0, 0, 0, 0, 0, 0]",1,128,224.0,1796.0,5234323770,5234332061,5234332245,5234334421,0,87391,87391,-1,1,8291,2176,4,160,160,1
12,3,"[4, 224, 0, 0, 0, 0, 0, 0, 0, 0, 0, 0, 0, 0, 0, 4, 224, 0, 0, 0, 0, 0, 0, 0, 0, 0, 0, 0, 0, 0]",1,128,224.0,2688.0,5234413481,5234421436,5234421812,5234424052,0,86943,86943,-1,1,7955,2240,4,160,160,1
12,3,"[4, 224, 0, 0, 0, 0, 0, 0, 0, 0, 0, 0, 0, 0, 0, 4, 224, 0, 0, 0, 0, 0, 0, 0, 0, 0, 0, 0, 0, 0]",1,128,224.0,2688.0,5234502719,5234510618,5234510995,5234513203,0,88863,88863,-1,1,7899,2208,4,160,160,1
16,3,"[4, 1344, 224, 1, 1, 0, 0, 0, 0, 0, 0, 0, 0, 0, 0, 4, 0, 0, 0, 0, 0, 0, 0, 0, 0, 0, 0, 0, 0, 0]",588,128,301056.0,2408452.0,5234593678,5234601851,5234602066,5234612177,0,82495,82495,-1,1,8173,10111,4,160,160,1
12,3,"[4, 1344, 224, 1, 1, 0, 0, 0, 0, 0, 0, 0, 0, 0, 0, 4, 1344, 224, 1, 1, 0, 0, 0, 0, 0, 0, 0, 0, 0, 0]",588,128,301056.0,3612672.0,5234686207,5234694410,5234694672,5234702160,0,83135,83135,-1,1,8203,7488,4,160,160,1
12,3,"[4, 1344, 224, 1, 1, 0, 0, 0, 0, 0, 0, 0, 0, 0, 0, 4, 1344, 224, 1, 1, 0, 0, 0, 0, 0, 0, 0, 0, 0, 0]",588,128,301056.0,3612672.0,5234777115,5234785109,5234785295,5234794863,0,78623,78623,-1,1,7994,9568,4,160,160,1
16,3,"[4, 1344, 0, 0, 0, 0, 0, 0, 0, 0, 0, 0, 0, 0, 0, 4, 0, 0, 0, 0, 0, 0, 0, 0, 0, 0, 0, 0, 0, 0]",3,128,1344.0,10756.0,5234865120,5234873218,5234873486,5234875758,0,230173,230173,-1,1,8098,2272,4,160,160,1
12,3,"[4, 1344, 0, 0, 0, 0, 0, 0, 0, 0, 0, 0, 0, 0, 0, 4, 1344, 0, 0, 0, 0, 0, 0, 0, 0, 0, 0, 0, 0, 0]",3,128,1344.0,16128.0,5235095669,5235108262,5235105931,5235108235,0,101311,101311,-1,1,12593,2304,4,160,160,1
12,3,"[4, 1344, 0, 0, 0, 0, 0, 0, 0, 0, 0, 0, 0, 0, 0, 4, 1344, 0, 0, 0, 0, 0, 0, 0, 0, 0, 0, 0, 0, 0]",3,128,1344.0,16128.0,5235200252,5235209067,5235209546,5235211882,0,91295,91295,-1,1,8815,2336,4,160,160,1
16,3,"[4, 1344, 0, 0, 0, 0, 0, 0, 0, 0, 0, 0, 0, 0, 0, 4, 0, 0, 0, 0, 0, 0, 0, 0, 0, 0, 0, 0, 0, 0]",3,128,1344.0,10756.0,5235294232,5235303078,5235303177,5235305448,0,88160,88160,-1,1,8846,2271,4,160,160,1
12,3,"[4, 1344, 0, 0, 0, 0, 0, 0, 0, 0, 0, 0, 0, 0, 0, 4, 1344, 0, 0, 0, 0, 0, 0, 0, 0, 0, 0, 0, 0, 0]",3,128,1344.0,16128.0,5235385047,5235393269,5235393608,5235395944,0,87262,87262,-1,1,8222,2336,4,160,160,1
12,3,"[4, 1344, 0, 0, 0, 0, 0, 0, 0, 0, 0, 0, 0, 0, 0, 4, 1344, 0, 0, 0, 0, 0, 0, 0, 0, 0, 0, 0, 0, 0]",3,128,1344.0,16128.0,5235474992,5235482884,5235483206,5235485478,0,89119,89119,-1,1,7892,2272,4,160,160,1
16,3,"[4, 1344, 1, 3, 3, 0, 0, 0, 0, 0, 0, 0, 0, 0, 0, 4, 0, 0, 0, 0, 0, 0, 0, 0, 0, 0, 0, 0, 0, 0]",24,128,12096.0,96772.0,5235565937,5235574341,5235574597,5235577093,0,87871,87871,-1,1,8404,2496,4,160,160,1
12,3,"[4, 1344, 1, 3, 3, 0, 0, 0, 0, 0, 0, 0, 0, 0, 0, 4, 1344, 1, 3, 3, 0, 0, 0, 0, 0, 0, 0, 0, 0, 0]",24,128,12096.0,145152.0,5235656473,5235664613,5235664964,5235667556,0,86559,86559,-1,1,8140,2592,4,160,160,1
12,3,"[4, 1344, 1, 3, 3, 0, 0, 0, 0, 0, 0, 0, 0, 0, 0, 4, 1344, 1, 3, 3, 0, 0, 0, 0, 0, 0, 0, 0, 0, 0]",24,128,12096.0,145152.0,5235745930,5235753706,5235754115,5235756675,0,86271,86271,-1,1,7776,2560,4,160,160,1
16,3,"[4, 1344, 0, 0, 0, 0, 0, 0, 0, 0, 0, 0, 0, 0, 0, 4, 0, 0, 0, 0, 0, 0, 0, 0, 0, 0, 0, 0, 0, 0]",3,128,1344.0,10756.0,5235834587,5235842938,5235842946,5235845122,0,87999,87999,-1,1,8351,2176,4,160,160,1
12,3,"[4, 1344, 0, 0, 0, 0, 0, 0, 0, 0, 0, 0, 0, 0, 0, 4, 1344, 0, 0, 0, 0, 0, 0, 0, 0, 0, 0, 0, 0, 0]",3,128,1344.0,16128.0,5235924873,5235932718,5235933121,5235935392,0,86943,86943,-1,1,7845,2271,4,160,160,1
12,3,"[4, 1344, 0, 0, 0, 0, 0, 0, 0, 0, 0, 0, 0, 0, 0, 4, 1344, 0, 0, 0, 0, 0, 0, 0, 0, 0, 0, 0, 0, 0]",3,128,1344.0,16128.0,5236014029,5236021873,5236022335,5236024640,0,88702,88702,-1,1,7844,2305,4,160,160,1
16,3,"[4, 1344, 0, 0, 0, 0, 0, 0, 0, 0, 0, 0, 0, 0, 0, 4, 0, 0, 0, 0, 0, 0, 0, 0, 0, 0, 0, 0, 0, 0]",3,128,1344.0,10756.0,5236104568,5236114867,5236113342,5236115614,0,89183,89183,-1,1,10299,2272,4,160,160,1
12,3,"[4, 1344, 0, 0, 0, 0, 0, 0, 0, 0, 0, 0, 0, 0, 0, 4, 1344, 0, 0, 0, 0, 0, 0, 0, 0, 0, 0, 0, 0, 0]",3,128,1344.0,16128.0,5236196568,5236204472,5236204797,5236207037,0,85439,85439,-1,1,7904,2240,4,160,160,1
12,3,"[4, 1344, 0, 0, 0, 0, 0, 0, 0, 0, 0, 0, 0, 0, 0, 4, 1344, 0, 0, 0, 0, 0, 0, 0, 0, 0, 0, 0, 0, 0]",3,128,1344.0,16128.0,5236284367,5236292057,5236292476,5236294748,0,87839,87839,-1,1,7690,2272,4,160,160,1
16,3,"[4, 56, 1344, 1, 1, 0, 0, 0, 0, 0, 0, 0, 0, 0, 0, 4, 0, 0, 0, 0, 0, 0, 0, 0, 0, 0, 0, 0, 0, 0]",147,128,75264.0,602116.0,5236373931,5236382442,5236382587,5236386331,0,86111,86111,-1,1,8511,3744,4,160,160,1
12,3,"[4, 56, 1344, 1, 1, 0, 0, 0, 0, 0, 0, 0, 0, 0, 0, 4, 56, 1344, 1, 1, 0, 0, 0, 0, 0, 0, 0, 0, 0, 0]",147,128,75264.0,903168.0,5236464264,5236472075,5236472442,5236476474,0,84095,84095,-1,1,7811,4032,4,160,160,1
12,3,"[4, 56, 1344, 1, 1, 0, 0, 0, 0, 0, 0, 0, 0, 0, 0, 4, 56, 1344, 1, 1, 0, 0, 0, 0, 0, 0, 0, 0, 0, 0]",147,128,75264.0,903168.0,5236552642,5236560259,5236560569,5236563865,0,84703,84703,-1,1,7617,3296,4,160,160,1
16,3,"[4, 56, 0, 0, 0, 0, 0, 0, 0, 0, 0, 0, 0, 0, 0, 4, 0, 0, 0, 0, 0, 0, 0, 0, 0, 0, 0, 0, 0, 0]",1,128,56.0,452.0,5236640109,5236648317,5236648568,5236650711,0,88160,88160,-1,1,8208,2143,4,160,160,1
12,3,"[4, 56, 0, 0, 0, 0, 0, 0, 0, 0, 0, 0, 0, 0, 0, 4, 56, 0, 0, 0, 0, 0, 0, 0, 0, 0, 0, 0, 0, 0]",1,128,56.0,672.0,5236730207,5236738253,5236738871,5236741046,0,89727,89727,-1,1,8046,2175,4,160,160,1
12,3,"[4, 56, 0, 0, 0, 0, 0, 0, 0, 0, 0, 0, 0, 0, 0, 4, 56, 0, 0, 0, 0, 0, 0, 0, 0, 0, 0, 0, 0, 0]",1,128,56.0,672.0,5236822501,5236830381,5236830773,5236832917,0,88799,88799,-1,1,7880,2144,4,160,160,1
16,3,"[4, 1344, 56, 1, 1, 0, 0, 0, 0, 0, 0, 0, 0, 0, 0, 4, 0, 0, 0, 0, 0, 0, 0, 0, 0, 0, 0, 0, 0, 0]",147,128,75264.0,602116.0,5236912937,5236921559,5236921716,5236925780,0,87391,87391,-1,1,8622,4064,4,160,160,1
12,3,"[4, 1344, 56, 1, 1, 0, 0, 0, 0, 0, 0, 0, 0, 0, 0, 4, 1344, 56, 1, 1, 0, 0, 0, 0, 0, 0, 0, 0, 0, 0]",147,128,75264.0,903168.0,5237004479,5237012863,5237013171,5237017043,0,86687,86687,-1,1,8384,3872,4,160,160,1
12,3,"[4, 1344, 56, 1, 1, 0, 0, 0, 0, 0, 0, 0, 0, 0, 0, 4, 1344, 56, 1, 1, 0, 0, 0, 0, 0, 0, 0, 0, 0, 0]",147,128,75264.0,903168.0,5237095702,5237105112,5237103730,5237107090,0,88158,88158,-1,1,9410,3360,4,160,160,1
16,3,"[4, 1344, 0, 0, 0, 0, 0, 0, 0, 0, 0, 0, 0, 0, 0, 4, 0, 0, 0, 0, 0, 0, 0, 0, 0, 0, 0, 0, 0, 0]",3,128,1344.0,10756.0,5237186837,5237194935,5237195248,5237197457,0,85535,85535,-1,1,8098,2209,4,160,160,1
12,3,"[4, 1344, 0, 0, 0, 0, 0, 0, 0, 0, 0, 0, 0, 0, 0, 4, 1344, 0, 0, 0, 0, 0, 0, 0, 0, 0, 0, 0, 0, 0]",3,128,1344.0,16128.0,5237274762,5237282576,5237282992,5237285455,0,87455,87455,-1,1,7814,2463,4,160,160,1
12,3,"[4, 1344, 0, 0, 0, 0, 0, 0, 0, 0, 0, 0, 0, 0, 0, 4, 1344, 0, 0, 0, 0, 0, 0, 0, 0, 0, 0, 0, 0, 0]",3,128,1344.0,16128.0,5237364477,5237372506,5237372910,5237375214,0,87807,87807,-1,1,8029,2304,4,160,160,1
16,3,"[4, 224, 1344, 1, 1, 0, 0, 0, 0, 0, 0, 0, 0, 0, 0, 4, 0, 0, 0, 0, 0, 0, 0, 0, 0, 0, 0, 0, 0, 0]",588,128,301056.0,2408452.0,5237454451,5237462755,5237463021,5237473261,0,79231,79231,-1,1,8304,10240,4,160,160,1
12,3,"[4, 224, 1344, 1, 1, 0, 0, 0, 0, 0, 0, 0, 0, 0, 0, 4, 224, 1344, 1, 1, 0, 0, 0, 0, 0, 0, 0, 0, 0, 0]",588,128,301056.0,3612672.0,5237544144,5237552080,5237552492,5237560108,0,83071,83071,-1,1,7936,7616,4,160,160,1
12,3,"[4, 224, 1344, 1, 1, 0, 0, 0, 0, 0, 0, 0, 0, 0, 0, 4, 224, 1344, 1, 1, 0, 0, 0, 0, 0, 0, 0, 0, 0, 0]",588,128,301056.0,3612672.0,5237635006,5237642787,5237643179,5237652811,0,88607,88607,-1,1,7781,9632,4,160,160,1
16,3,"[4, 224, 0, 0, 0, 0, 0, 0, 0, 0, 0, 0, 0, 0, 0, 4, 0, 0, 0, 0, 0, 0, 0, 0, 0, 0, 0, 0, 0, 0]",1,128,224.0,1796.0,5237732425,5237741255,5237741418,5237743849,0,87040,87040,-1,1,8830,2431,4,160,160,1
12,3,"[4, 224, 0, 0, 0, 0, 0, 0, 0, 0, 0, 0, 0, 0, 0, 4, 224, 0, 0, 0, 0, 0, 0, 0, 0, 0, 0, 0, 0, 0]",1,128,224.0,2688.0,5237822437,5237830634,5237830889,5237833192,0,86911,86911,-1,1,8197,2303,4,160,160,1
12,3,"[4, 224, 0, 0, 0, 0, 0, 0, 0, 0, 0, 0, 0, 0, 0, 4, 224, 0, 0, 0, 0, 0, 0, 0, 0, 0, 0, 0, 0, 0]",1,128,224.0,2688.0,5237911971,5237919814,5237920103,5237922407,0,86655,86655,-1,1,7843,2304,4,160,160,1
16,3,"[4, 224, 0, 0, 0, 0, 0, 0, 0, 0, 0, 0, 0, 0, 0, 4, 0, 0, 0, 0, 0, 0, 0, 0, 0, 0, 0, 0, 0, 0]",1,128,224.0,1796.0,5238000673,5238008920,5238009062,5238011366,0,86143,86143,-1,1,8247,2304,4,160,160,1
12,3,"[4, 224, 0, 0, 0, 0, 0, 0, 0, 0, 0, 0, 0, 0, 0, 4, 224, 0, 0, 0, 0, 0, 0, 0, 0, 0, 0, 0, 0, 0]",1,128,224.0,2688.0,5238089150,5238098930,5238097509,5238099717,0,90911,90911,-1,1,9780,2208,4,160,160,1
12,3,"[4, 224, 0, 0, 0, 0, 0, 0, 0, 0, 0, 0, 0, 0, 0, 4, 224, 0, 0, 0, 0, 0, 0, 0, 0, 0, 0, 0, 0, 0]",1,128,224.0,2688.0,5238182087,5238190163,5238190628,5238192836,0,88287,88287,-1,1,8076,2208,4,160,160,1
16,3,"[4, 1344, 224, 1, 1, 0, 0, 0, 0, 0, 0, 0, 0, 0, 0, 4, 0, 0, 0, 0, 0, 0, 0, 0, 0, 0, 0, 0, 0, 0]",588,128,301056.0,2408452.0,5238272649,5238280882,5238281123,5238291747,0,79423,79423,-1,1,8233,10624,4,160,160,1
12,3,"[4, 1344, 224, 1, 1, 0, 0, 0, 0, 0, 0, 0, 0, 0, 0, 4, 1344, 224, 1, 1, 0, 0, 0, 0, 0, 0, 0, 0, 0, 0]",588,128,301056.0,3612672.0,5238362912,5238370771,5238371170,5238378754,0,81503,81503,-1,1,7859,7584,4,160,160,1
12,3,"[4, 1344, 224, 1, 1, 0, 0, 0, 0, 0, 0, 0, 0, 0, 0, 4, 1344, 224, 1, 1, 0, 0, 0, 0, 0, 0, 0, 0, 0, 0]",588,128,301056.0,3612672.0,5238452067,5238459906,5238460257,5238469793,0,80319,80319,-1,1,7839,9536,4,160,160,1
16,3,"[4, 1344, 0, 0, 0, 0, 0, 0, 0, 0, 0, 0, 0, 0, 0, 4, 0, 0, 0, 0, 0, 0, 0, 0, 0, 0, 0, 0, 0, 0]",3,128,1344.0,10756.0,5238541456,5238549893,5238550112,5238552479,0,85887,85887,-1,1,8437,2367,4,160,160,1
12,3,"[4, 1344, 0, 0, 0, 0, 0, 0, 0, 0, 0, 0, 0, 0, 0, 4, 1344, 0, 0, 0, 0, 0, 0, 0, 0, 0, 0, 0, 0, 0]",3,128,1344.0,16128.0,5238630187,5238638149,5238638366,5238640734,0,89215,89215,-1,1,7962,2368,4,160,160,1
12,3,"[4, 1344, 0, 0, 0, 0, 0, 0, 0, 0, 0, 0, 0, 0, 0, 4, 1344, 0, 0, 0, 0, 0, 0, 0, 0, 0, 0, 0, 0, 0]",3,128,1344.0,16128.0,5238721186,5238729576,5238729949,5238732285,0,88223,88223,-1,1,8390,2336,4,160,160,1
16,3,"[4, 1344, 0, 0, 0, 0, 0, 0, 0, 0, 0, 0, 0, 0, 0, 4, 0, 0, 0, 0, 0, 0, 0, 0, 0, 0, 0, 0, 0, 0]",3,128,1344.0,10756.0,5238811880,5238820259,5238820508,5238822748,0,269884,269884,-1,1,8379,2240,4,160,160,1
12,3,"[4, 1344, 0, 0, 0, 0, 0, 0, 0, 0, 0, 0, 0, 0, 0, 4, 1344, 0, 0, 0, 0, 0, 0, 0, 0, 0, 0, 0, 0, 0]",3,128,1344.0,16128.0,5239081456,5239092617,5239092632,5239095160,0,94687,94687,-1,1,11161,2528,4,160,160,1
12,3,"[4, 1344, 0, 0, 0, 0, 0, 0, 0, 0, 0, 0, 0, 0, 0, 4, 1344, 0, 0, 0, 0, 0, 0, 0, 0, 0, 0, 0, 0, 0]",3,128,1344.0,16128.0,5239180893,5239189589,5239189847,5239192151,0,93439,93439,-1,1,8696,2304,4,160,160,1
16,3,"[4, 1344, 1, 3, 3, 0, 0, 0, 0, 0, 0, 0, 0, 0, 0, 4, 0, 0, 0, 0, 0, 0, 0, 0, 0, 0, 0, 0, 0, 0]",24,128,12096.0,96772.0,5239276542,5239285408,5239285590,5239288054,0,89055,89055,-1,1,8866,2464,4,160,160,1
12,3,"[4, 1344, 1, 3, 3, 0, 0, 0, 0, 0, 0, 0, 0, 0, 0, 4, 1344, 1, 3, 3, 0, 0, 0, 0, 0, 0, 0, 0, 0, 0]",24,128,12096.0,145152.0,5239368448,5239376655,5239377109,5239379765,0,88479,88479,-1,1,8207,2656,4,160,160,1
12,3,"[4, 1344, 1, 3, 3, 0, 0, 0, 0, 0, 0, 0, 0, 0, 0, 4, 1344, 1, 3, 3, 0, 0, 0, 0, 0, 0, 0, 0, 0, 0]",24,128,12096.0,145152.0,5239460106,5239467914,5239468244,5239470772,0,87807,87807,-1,1,7808,2528,4,160,160,1
16,3,"[4, 1344, 0, 0, 0, 0, 0, 0, 0, 0, 0, 0, 0, 0, 0, 4, 0, 0, 0, 0, 0, 0, 0, 0, 0, 0, 0, 0, 0, 0]",3,128,1344.0,10756.0,5239549824,5239558271,5239558579,5239560882,0,88416,88416,-1,1,8447,2303,4,160,160,1
12,3,"[4, 1344, 0, 0, 0, 0, 0, 0, 0, 0, 0, 0, 0, 0, 0, 4, 1344, 0, 0, 0, 0, 0, 0, 0, 0, 0, 0, 0, 0, 0]",3,128,1344.0,16128.0,5239640754,5239649088,5239649298,5239651601,0,86399,86399,-1,1,8334,2303,4,160,160,1
12,3,"[4, 1344, 0, 0, 0, 0, 0, 0, 0, 0, 0, 0, 0, 0, 0, 4, 1344, 0, 0, 0, 0, 0, 0, 0, 0, 0, 0, 0, 0, 0]",3,128,1344.0,16128.0,5239729497,5239737669,5239738000,5239740176,0,87743,87743,-1,1,8172,2176,4,160,160,1
16,3,"[4, 1344, 0, 0, 0, 0, 0, 0, 0, 0, 0, 0, 0, 0, 0, 4, 0, 0, 0, 0, 0, 0, 0, 0, 0, 0, 0, 0, 0, 0]",3,128,1344.0,10756.0,5239819487,5239827672,5239827919,5239830191,0,86751,86751,-1,1,8185,2272,4,160,160,1
12,3,"[4, 1344, 0, 0, 0, 0, 0, 0, 0, 0, 0, 0, 0, 0, 0, 4, 1344, 0, 0, 0, 0, 0, 0, 0, 0, 0, 0, 0, 0, 0]",3,128,1344.0,16128.0,5239908708,5239916558,5239916942,5239919182,0,86975,86975,-1,1,7850,2240,4,160,160,1
12,3,"[4, 1344, 0, 0, 0, 0, 0, 0, 0, 0, 0, 0, 0, 0, 0, 4, 1344, 0, 0, 0, 0, 0, 0, 0, 0, 0, 0, 0, 0, 0]",3,128,1344.0,16128.0,5239998091,5240005704,5240006157,5240008461,0,88447,88447,-1,1,7613,2304,4,160,160,1
16,3,"[4, 56, 1344, 1, 1, 0, 0, 0, 0, 0, 0, 0, 0, 0, 0, 4, 0, 0, 0, 0, 0, 0, 0, 0, 0, 0, 0, 0, 0, 0]",147,128,75264.0,602116.0,5240088513,5240096750,5240096908,5240100716,0,85727,85727,-1,1,8237,3808,4,160,160,1
12,3,"[4, 56, 1344, 1, 1, 0, 0, 0, 0, 0, 0, 0, 0, 0, 0, 4, 56, 1344, 1, 1, 0, 0, 0, 0, 0, 0, 0, 0, 0, 0]",147,128,75264.0,903168.0,5240178314,5240186104,5240186443,5240190443,0,87582,87582,-1,1,7790,4000,4,160,160,1
12,3,"[4, 56, 1344, 1, 1, 0, 0, 0, 0, 0, 0, 0, 0, 0, 0, 4, 56, 1344, 1, 1, 0, 0, 0, 0, 0, 0, 0, 0, 0, 0]",147,128,75264.0,903168.0,5240269700,5240277680,5240278025,5240281513,0,87391,87391,-1,1,7980,3488,4,160,160,1
16,3,"[4, 56, 0, 0, 0, 0, 0, 0, 0, 0, 0, 0, 0, 0, 0, 4, 0, 0, 0, 0, 0, 0, 0, 0, 0, 0, 0, 0, 0, 0]",1,128,56.0,452.0,5240360575,5240368737,5240368904,5240371048,0,87263,87263,-1,1,8162,2144,4,160,160,1
12,3,"[4, 56, 0, 0, 0, 0, 0, 0, 0, 0, 0, 0, 0, 0, 0, 4, 56, 0, 0, 0, 0, 0, 0, 0, 0, 0, 0, 0, 0, 0]",1,128,56.0,672.0,5240449892,5240458086,5240458311,5240460519,0,87839,87839,-1,1,8194,2208,4,160,160,1
12,3,"[4, 56, 0, 0, 0, 0, 0, 0, 0, 0, 0, 0, 0, 0, 0, 4, 56, 0, 0, 0, 0, 0, 0, 0, 0, 0, 0, 0, 0, 0]",1,128,56.0,672.0,5240540110,5240547992,5240548358,5240550566,0,88543,88543,-1,1,7882,2208,4,160,160,1
16,3,"[4, 1344, 56, 1, 1, 0, 0, 0, 0, 0, 0, 0, 0, 0, 0, 4, 0, 0, 0, 0, 0, 0, 0, 0, 0, 0, 0, 0, 0, 0]",147,128,75264.0,602116.0,5240630670,5240638893,5240639109,5240643461,0,85247,85247,-1,1,8223,4352,4,160,160,1
12,3,"[4, 1344, 56, 1, 1, 0, 0, 0, 0, 0, 0, 0, 0, 0, 0, 4, 1344, 56, 1, 1, 0, 0, 0, 0, 0, 0, 0, 0, 0, 0]",147,128,75264.0,903168.0,5240720445,5240728349,5240728708,5240732932,0,85823,85823,-1,1,7904,4224,4,160,160,1
12,3,"[4, 1344, 56, 1, 1, 0, 0, 0, 0, 0, 0, 0, 0, 0, 0, 4, 1344, 56, 1, 1, 0, 0, 0, 0, 0, 0, 0, 0, 0, 0]",147,128,75264.0,903168.0,5240810653,5240818326,5240818755,5240822018,0,85056,85056,-1,1,7673,3263,4,160,160,1
16,3,"[4, 1344, 0, 0, 0, 0, 0, 0, 0, 0, 0, 0, 0, 0, 0, 4, 0, 0, 0, 0, 0, 0, 0, 0, 0, 0, 0, 0, 0, 0]",3,128,1344.0,10756.0,5240898771,5240906787,5240907074,5240909282,0,86078,86078,-1,1,8016,2208,4,160,160,1
12,3,"[4, 1344, 0, 0, 0, 0, 0, 0, 0, 0, 0, 0, 0, 0, 0, 4, 1344, 0, 0, 0, 0, 0, 0, 0, 0, 0, 0, 0, 0, 0]",3,128,1344.0,16128.0,5240986926,5240995090,5240995360,5240997600,0,87455,87455,-1,1,8164,2240,4,160,160,1
12,3,"[4, 1344, 0, 0, 0, 0, 0, 0, 0, 0, 0, 0, 0, 0, 0, 4, 1344, 0, 0, 0, 0, 0, 0, 0, 0, 0, 0, 0, 0, 0]",3,128,1344.0,16128.0,5241076720,5241084643,5241085055,5241087359,0,90047,90047,-1,1,7923,2304,4,160,160,1
16,3,"[4, 224, 1344, 1, 1, 0, 0, 0, 0, 0, 0, 0, 0, 0, 0, 4, 0, 0, 0, 0, 0, 0, 0, 0, 0, 0, 0, 0, 0, 0]",588,128,301056.0,2408452.0,5241168675,5241177207,5241177406,5241187582,0,83583,83583,-1,1,8532,10176,4,160,160,1
12,3,"[4, 224, 1344, 1, 1, 0, 0, 0, 0, 0, 0, 0, 0, 0, 0, 4, 224, 1344, 1, 1, 0, 0, 0, 0, 0, 0, 0, 0, 0, 0]",588,128,301056.0,3612672.0,5241262844,5241270935,5241271165,5241279005,0,81695,81695,-1,1,8091,7840,4,160,160,1
12,3,"[4, 224, 1344, 1, 1, 0, 0, 0, 0, 0, 0, 0, 0, 0, 0, 4, 224, 1344, 1, 1, 0, 0, 0, 0, 0, 0, 0, 0, 0, 0]",588,128,301056.0,3612672.0,5241352468,5241360318,5241360700,5241370492,0,79167,79167,-1,1,7850,9792,4,160,160,1
16,3,"[4, 224, 0, 0, 0, 0, 0, 0, 0, 0, 0, 0, 0, 0, 0, 4, 0, 0, 0, 0, 0, 0, 0, 0, 0, 0, 0, 0, 0, 0]",1,128,224.0,1796.0,5241441101,5241449423,5241449659,5241451835,0,91006,91006,-1,1,8322,2176,4,160,160,1
12,3,"[4, 224, 0, 0, 0, 0, 0, 0, 0, 0, 0, 0, 0, 0, 0, 4, 224, 0, 0, 0, 0, 0, 0, 0, 0, 0, 0, 0, 0, 0]",1,128,224.0,2688.0,5241534394,5241542484,5241542841,5241545114,0,86366,86366,-1,1,8090,2273,4,160,160,1
12,3,"[4, 224, 0, 0, 0, 0, 0, 0, 0, 0, 0, 0, 0, 0, 0, 4, 224, 0, 0, 0, 0, 0, 0, 0, 0, 0, 0, 0, 0, 0]",1,128,224.0,2688.0,5241623087,5241631127,5241631480,5241633720,0,97983,97983,-1,1,8040,2240,4,160,160,1
16,3,"[4, 224, 0, 0, 0, 0, 0, 0, 0, 0, 0, 0, 0, 0, 0, 4, 0, 0, 0, 0, 0, 0, 0, 0, 0, 0, 0, 0, 0, 0]",1,128,224.0,1796.0,5241722644,5241731588,5241731703,5241733879,0,87231,87231,-1,1,8944,2176,4,160,160,1
12,3,"[4, 224, 0, 0, 0, 0, 0, 0, 0, 0, 0, 0, 0, 0, 0, 4, 224, 0, 0, 0, 0, 0, 0, 0, 0, 0, 0, 0, 0, 0]",1,128,224.0,2688.0,5241812751,5241820740,5241821110,5241823446,0,87199,87199,-1,1,7989,2336,4,160,160,1
12,3,"[4, 224, 0, 0, 0, 0, 0, 0, 0, 0, 0, 0, 0, 0, 0, 4, 224, 0, 0, 0, 0, 0, 0, 0, 0, 0, 0, 0, 0, 0]",1,128,224.0,2688.0,5241902435,5241910311,5241910645,5241912853,0,89695,89695,-1,1,7876,2208,4,160,160,1
16,3,"[4, 1344, 224, 1, 1, 0, 0, 0, 0, 0, 0, 0, 0, 0, 0, 4, 0, 0, 0, 0, 0, 0, 0, 0, 0, 0, 0, 0, 0, 0]",588,128,301056.0,2408452.0,5241993908,5242002712,5242002548,5242012820,0,80031,80031,-1,1,8804,10272,4,160,160,1
12,3,"[4, 1344, 224, 1, 1, 0, 0, 0, 0, 0, 0, 0, 0, 0, 0, 4, 1344, 224, 1, 1, 0, 0, 0, 0, 0, 0, 0, 0, 0, 0]",588,128,301056.0,3612672.0,5242084160,5242092550,5242092851,5242100498,0,83039,83039,-1,1,8390,7647,4,160,160,1
12,3,"[4, 1344, 224, 1, 1, 0, 0, 0, 0, 0, 0, 0, 0, 0, 0, 4, 1344, 224, 1, 1, 0, 0, 0, 0, 0, 0, 0, 0, 0, 0]",588,128,301056.0,3612672.0,5242175240,5242183166,5242183537,5242192977,0,84767,84767,-1,1,7926,9440,4,160,160,1
16,3,"[4, 1344, 0, 0, 0, 0, 0, 0, 0, 0, 0, 0, 0, 0, 0, 4, 0, 0, 0, 0, 0, 0, 0, 0, 0, 0, 0, 0, 0, 0]",3,128,1344.0,10756.0,5242269097,5242277398,5242277744,5242280144,0,85343,85343,-1,1,8301,2400,4,160,160,1
12,3,"[4, 1344, 0, 0, 0, 0, 0, 0, 0, 0, 0, 0, 0, 0, 0, 4, 1344, 0, 0, 0, 0, 0, 0, 0, 0, 0, 0, 0, 0, 0]",3,128,1344.0,16128.0,5242357113,5242365211,5242365487,5242367791,0,86719,86719,-1,1,8098,2304,4,160,160,1
12,3,"[4, 1344, 0, 0, 0, 0, 0, 0, 0, 0, 0, 0, 0, 0, 0, 4, 1344, 0, 0, 0, 0, 0, 0, 0, 0, 0, 0, 0, 0, 0]",3,128,1344.0,16128.0,5242446366,5242454135,5242454510,5242456878,0,86271,86271,-1,1,7769,2368,4,160,160,1
16,3,"[4, 1344, 0, 0, 0, 0, 0, 0, 0, 0, 0, 0, 0, 0, 0, 4, 0, 0, 0, 0, 0, 0, 0, 0, 0, 0, 0, 0, 0, 0]",3,128,1344.0,10756.0,5242534800,5242543193,5242543149,5242545453,0,85438,85438,-1,1,8393,2304,4,160,160,1
12,3,"[4, 1344, 0, 0, 0, 0, 0, 0, 0, 0, 0, 0, 0, 0, 0, 4, 1344, 0, 0, 0, 0, 0, 0, 0, 0, 0, 0, 0, 0, 0]",3,128,1344.0,16128.0,5242622594,5242630628,5242630891,5242633196,0,85567,85567,-1,1,8034,2305,4,160,160,1
12,3,"[4, 1344, 0, 0, 0, 0, 0, 0, 0, 0, 0, 0, 0, 0, 0, 4, 1344, 0, 0, 0, 0, 0, 0, 0, 0, 0, 0, 0, 0, 0]",3,128,1344.0,16128.0,5242710505,5242718351,5242718763,5242721034,0,236317,236317,-1,1,7846,2271,4,160,160,1
16,3,"[4, 1344, 1, 3, 3, 0, 0, 0, 0, 0, 0, 0, 0, 0, 0, 4, 0, 0, 0, 0, 0, 0, 0, 0, 0, 0, 0, 0, 0, 0]",24,128,12096.0,96772.0,5242946048,5242957335,5242957351,5242959976,0,99262,99262,-1,1,11287,2625,4,160,160,1
12,3,"[4, 1344, 1, 3, 3, 0, 0, 0, 0, 0, 0, 0, 0, 0, 0, 4, 1344, 1, 3, 3, 0, 0, 0, 0, 0, 0, 0, 0, 0, 0]",24,128,12096.0,145152.0,5243049902,5243059331,5243059238,5243061862,0,89855,89855,-1,1,9429,2624,4,160,160,1
12,3,"[4, 1344, 1, 3, 3, 0, 0, 0, 0, 0, 0, 0, 0, 0, 0, 4, 1344, 1, 3, 3, 0, 0, 0, 0, 0, 0, 0, 0, 0, 0]",24,128,12096.0,145152.0,5243143038,5243151430,5243151717,5243154149,0,88703,88703,-1,1,8392,2432,4,160,160,1
16,3,"[4, 1344, 0, 0, 0, 0, 0, 0, 0, 0, 0, 0, 0, 0, 0, 4, 0, 0, 0, 0, 0, 0, 0, 0, 0, 0, 0, 0, 0, 0]",3,128,1344.0,10756.0,5243234312,5243242658,5243242852,5243245060,0,91487,91487,-1,1,8346,2208,4,160,160,1
12,3,"[4, 1344, 0, 0, 0, 0, 0, 0, 0, 0, 0, 0, 0, 0, 0, 4, 1344, 0, 0, 0, 0, 0, 0, 0, 0, 0, 0, 0, 0, 0]",3,128,1344.0,16128.0,5243327962,5243338534,5243336547,5243338883,0,93535,93535,-1,1,10572,2336,4,160,160,1
12,3,"[4, 1344, 0, 0, 0, 0, 0, 0, 0, 0, 0, 0, 0, 0, 0, 4, 1344, 0, 0, 0, 0, 0, 0, 0, 0, 0, 0, 0, 0, 0]",3,128,1344.0,16128.0,5243424074,5243432052,5243432418,5243434721,0,89983,89983,-1,1,7978,2303,4,160,160,1
16,3,"[4, 1344, 0, 0, 0, 0, 0, 0, 0, 0, 0, 0, 0, 0, 0, 4, 0, 0, 0, 0, 0, 0, 0, 0, 0, 0, 0, 0, 0, 0]",3,128,1344.0,10756.0,5243516057,5243524490,5243524704,5243526976,0,88479,88479,-1,1,8433,2272,4,160,160,1
12,3,"[4, 1344, 0, 0, 0, 0, 0, 0, 0, 0, 0, 0, 0, 0, 0, 4, 1344, 0, 0, 0, 0, 0, 0, 0, 0, 0, 0, 0, 0, 0]",3,128,1344.0,16128.0,5243607256,5243615130,5243615455,5243617759,0,87647,87647,-1,1,7874,2304,4,160,160,1
12,3,"[4, 1344, 0, 0, 0, 0, 0, 0, 0, 0, 0, 0, 0, 0, 0, 4, 1344, 0, 0, 0, 0, 0, 0, 0, 0, 0, 0, 0, 0, 0]",3,128,1344.0,16128.0,5243697209,5243705047,5243705406,5243707710,0,89919,89919,-1,1,7838,2304,4,160,160,1
16,3,"[4, 56, 1344, 1, 1, 0, 0, 0, 0, 0, 0, 0, 0, 0, 0, 4, 0, 0, 0, 0, 0, 0, 0, 0, 0, 0, 0, 0, 0, 0]",147,128,75264.0,602116.0,5243789078,5243797345,5243797629,5243801533,0,87839,87839,-1,1,8267,3904,4,160,160,1
12,3,"[4, 56, 1344, 1, 1, 0, 0, 0, 0, 0, 0, 0, 0, 0, 0, 4, 56, 1344, 1, 1, 0, 0, 0, 0, 0, 0, 0, 0, 0, 0]",147,128,75264.0,903168.0,5243881196,5243889108,5243889372,5243893724,0,85567,85567,-1,1,7912,4352,4,160,160,1
12,3,"[4, 56, 1344, 1, 1, 0, 0, 0, 0, 0, 0, 0, 0, 0, 0, 4, 56, 1344, 1, 1, 0, 0, 0, 0, 0, 0, 0, 0, 0, 0]",147,128,75264.0,903168.0,5243970938,5243978859,5243979291,5243982618,0,86720,86720,-1,1,7921,3327,4,160,160,1
16,3,"[4, 56, 0, 0, 0, 0, 0, 0, 0, 0, 0, 0, 0, 0, 0, 4, 0, 0, 0, 0, 0, 0, 0, 0, 0, 0, 0, 0, 0, 0]",1,128,56.0,452.0,5244060740,5244069132,5244069338,5244071450,0,88350,88350,-1,1,8392,2112,4,160,160,1
12,3,"[4, 56, 0, 0, 0, 0, 0, 0, 0, 0, 0, 0, 0, 0, 0, 4, 56, 0, 0, 0, 0, 0, 0, 0, 0, 0, 0, 0, 0, 0]",1,128,56.0,672.0,5244151567,5244159371,5244159800,5244162008,0,86271,86271,-1,1,7804,2208,4,160,160,1
12,3,"[4, 56, 0, 0, 0, 0, 0, 0, 0, 0, 0, 0, 0, 0, 0, 4, 56, 0, 0, 0, 0, 0, 0, 0, 0, 0, 0, 0, 0, 0]",1,128,56.0,672.0,5244240254,5244247951,5244248279,5244250519,0,87871,87871,-1,1,7697,2240,4,160,160,1
16,3,"[4, 1344, 56, 1, 1, 0, 0, 0, 0, 0, 0, 0, 0, 0, 0, 4, 0, 0, 0, 0, 0, 0, 0, 0, 0, 0, 0, 0, 0, 0]",147,128,75264.0,602116.0,5244329792,5244340059,5244338390,5244342774,0,89823,89823,-1,1,10267,4384,4,160,160,1
12,3,"[4, 1344, 56, 1, 1, 0, 0, 0, 0, 0, 0, 0, 0, 0, 0, 4, 1344, 56, 1, 1, 0, 0, 0, 0, 0, 0, 0, 0, 0, 0]",147,128,75264.0,903168.0,5244424201,5244432304,5244432597,5244436917,0,86430,86430,-1,1,8103,4320,4,160,160,1
12,3,"[4, 1344, 56, 1, 1, 0, 0, 0, 0, 0, 0, 0, 0, 0, 0, 4, 1344, 56, 1, 1, 0, 0, 0, 0, 0, 0, 0, 0, 0, 0]",147,128,75264.0,903168.0,5244515070,5244522972,5244523347,5244526772,0,86431,86431,-1,1,7902,3425,4,160,160,1
16,3,"[4, 1344, 0, 0, 0, 0, 0, 0, 0, 0, 0, 0, 0, 0, 0, 4, 0, 0, 0, 0, 0, 0, 0, 0, 0, 0, 0, 0, 0, 0]",3,128,1344.0,10756.0,5244604661,5244612972,5244613203,5244615474,0,88864,88864,-1,1,8311,2271,4,160,160,1
12,3,"[4, 1344, 0, 0, 0, 0, 0, 0, 0, 0, 0, 0, 0, 0, 0, 4, 1344, 0, 0, 0, 0, 0, 0, 0, 0, 0, 0, 0, 0, 0]",3,128,1344.0,16128.0,5244696072,5244703946,5244704338,5244706609,0,87263,87263,-1,1,7874,2271,4,160,160,1
12,3,"[4, 1344, 0, 0, 0, 0, 0, 0, 0, 0, 0, 0, 0, 0, 0, 4, 1344, 0, 0, 0, 0, 0, 0, 0, 0, 0, 0, 0, 0, 0]",3,128,1344.0,16128.0,5244785633,5244793381,5244793872,5244796144,0,91871,91871,-1,1,7748,2272,4,160,160,1
16,3,"[4, 384, 1344, 1, 1, 0, 0, 0, 0, 0, 0, 0, 0, 0, 0, 4, 0, 0, 0, 0, 0, 0, 0, 0, 0, 0, 0, 0, 0, 0]",1008,128,516096.0,4128772.0,5244879289,5244887833,5244888015,5244905615,0,73215,73215,-1,1,8544,17600,4,160,160,1
12,3,"[4, 384, 1344, 1, 1, 0, 0, 0, 0, 0, 0, 0, 0, 0, 0, 4, 384, 1344, 1, 1, 0, 0, 0, 0, 0, 0, 0, 0, 0, 0]",1008,128,516096.0,6193152.0,5244970404,5244978540,5244978830,5244991181,0,77824,77824,-1,1,8136,12351,4,160,160,1
12,3,"[4, 384, 1344, 1, 1, 0, 0, 0, 0, 0, 0, 0, 0, 0, 0, 4, 384, 1344, 1, 1, 0, 0, 0, 0, 0, 0, 0, 0, 0, 0]",1008,128,516096.0,6193152.0,5245060717,5245068935,5245069005,5245085357,0,74847,74847,-1,1,8218,16352,4,160,160,1
16,3,"[4, 384, 0, 0, 0, 0, 0, 0, 0, 0, 0, 0, 0, 0, 0, 4, 0, 0, 0, 0, 0, 0, 0, 0, 0, 0, 0, 0, 0, 0]",1,128,384.0,3076.0,5245151601,5245159897,5245160204,5245162796,0,86302,86302,-1,1,8296,2592,4,160,160,1
12,3,"[4, 384, 0, 0, 0, 0, 0, 0, 0, 0, 0, 0, 0, 0, 0, 4, 384, 0, 0, 0, 0, 0, 0, 0, 0, 0, 0, 0, 0, 0]",1,128,384.0,4608.0,5245240467,5245248669,5245249098,5245251562,0,85823,85823,-1,1,8202,2464,4,160,160,1
12,3,"[4, 384, 0, 0, 0, 0, 0, 0, 0, 0, 0, 0, 0, 0, 0, 4, 384, 0, 0, 0, 0, 0, 0, 0, 0, 0, 0, 0, 0, 0]",1,128,384.0,4608.0,5245328832,5245338953,5245337385,5245339657,0,88575,88575,-1,1,10121,2272,4,160,160,1
16,3,"[4, 384, 0, 0, 0, 0, 0, 0, 0, 0, 0, 0, 0, 0, 0, 4, 0, 0, 0, 0, 0, 0, 0, 0, 0, 0, 0, 0, 0, 0]",1,128,384.0,3076.0,5245419845,5245428460,5245428232,5245430504,0,85535,85535,-1,1,8615,2272,4,160,160,1
12,3,"[4, 384, 0, 0, 0, 0, 0, 0, 0, 0, 0, 0, 0, 0, 0, 4, 384, 0, 0, 0, 0, 0, 0, 0, 0, 0, 0, 0, 0, 0]",1,128,384.0,4608.0,5245507760,5245515666,5245516039,5245518343,0,85695,85695,-1,1,7906,2304,4,160,160,1
12,3,"[4, 384, 0, 0, 0, 0, 0, 0, 0, 0, 0, 0, 0, 0, 0, 4, 384, 0, 0, 0, 0, 0, 0, 0, 0, 0, 0, 0, 0, 0]",1,128,384.0,4608.0,5245595504,5245603749,5245604038,5245606310,0,96799,96799,-1,1,8245,2272,4,160,160,1
16,3,"[4, 2304, 384, 1, 1, 0, 0, 0, 0, 0, 0, 0, 0, 0, 0, 4, 0, 0, 0, 0, 0, 0, 0, 0, 0, 0, 0, 0, 0, 0]",1728,128,884736.0,7077892.0,5245694038,5245703017,5245703109,5245733124,0,63295,63295,-1,1,8979,30015,4,160,160,1
12,3,"[4, 2304, 384, 1, 1, 0, 0, 0, 0, 0, 0, 0, 0, 0, 0, 4, 2304, 384, 1, 1, 0, 0, 0, 0, 0, 0, 0, 0, 0, 0]",1728,128,884736.0,10616832.0,5245787972,5245796392,5245796419,5245839587,0,47775,47775,-1,1,8420,43168,4,160,160,1
12,3,"[4, 2304, 384, 1, 1, 0, 0, 0, 0, 0, 0, 0, 0, 0, 0, 4, 2304, 384, 1, 1, 0, 0, 0, 0, 0, 0, 0, 0, 0, 0]",1728,128,884736.0,10616832.0,5245879132,5245887059,5245887362,5245932738,0,44607,44607,-1,1,7927,45376,4,160,160,1
16,3,"[4, 2304, 0, 0, 0, 0, 0, 0, 0, 0, 0, 0, 0, 0, 0, 4, 0, 0, 0, 0, 0, 0, 0, 0, 0, 0, 0, 0, 0, 0]",5,128,2304.0,18436.0,5245968761,5245977161,5245977345,5245979969,0,86975,86975,-1,1,8400,2624,4,160,160,1
12,3,"[4, 2304, 0, 0, 0, 0, 0, 0, 0, 0, 0, 0, 0, 0, 0, 4, 2304, 0, 0, 0, 0, 0, 0, 0, 0, 0, 0, 0, 0, 0]",5,128,2304.0,27648.0,5246058636,5246066548,5246066944,5246069728,0,87071,87071,-1,1,7912,2784,4,160,160,1
12,3,"[4, 2304, 0, 0, 0, 0, 0, 0, 0, 0, 0, 0, 0, 0, 0, 4, 2304, 0, 0, 0, 0, 0, 0, 0, 0, 0, 0, 0, 0, 0]",5,128,2304.0,27648.0,5246148272,5246156503,5246156799,5246159007,0,86879,86879,-1,1,8231,2208,4,160,160,1
16,3,"[4, 2304, 0, 0, 0, 0, 0, 0, 0, 0, 0, 0, 0, 0, 0, 4, 0, 0, 0, 0, 0, 0, 0, 0, 0, 0, 0, 0, 0, 0]",5,128,2304.0,18436.0,5246237332,5246245589,5246245886,5246248126,0,86271,86271,-1,1,8257,2240,4,160,160,1
12,3,"[4, 2304, 0, 0, 0, 0, 0, 0, 0, 0, 0, 0, 0, 0, 0, 4, 2304, 0, 0, 0, 0, 0, 0, 0, 0, 0, 0, 0, 0, 0]",5,128,2304.0,27648.0,5246326031,5246336109,5246334397,5246336797,0,88799,88799,-1,1,10078,2400,4,160,160,1
12,3,"[4, 2304, 0, 0, 0, 0, 0, 0, 0, 0, 0, 0, 0, 0, 0, 4, 2304, 0, 0, 0, 0, 0, 0, 0, 0, 0, 0, 0, 0, 0]",5,128,2304.0,27648.0,5246417354,5246425175,5246425596,5246428059,0,87264,87264,-1,1,7821,2463,4,160,160,1
16,3,"[4, 2304, 1, 3, 3, 0, 0, 0, 0, 0, 0, 0, 0, 0, 0, 4, 0, 0, 0, 0, 0, 0, 0, 0, 0, 0, 0, 0, 0, 0]",41,128,20736.0,165892.0,5246506817,5246515484,5246515323,5246518042,0,87903,87903,-1,1,8667,2719,4,160,160,1
12,3,"[4, 2304, 1, 3, 3, 0, 0, 0, 0, 0, 0, 0, 0, 0, 0, 4, 2304, 1, 3, 3, 0, 0, 0, 0, 0, 0, 0, 0, 0, 0]",41,128,20736.0,248832.0,5246597571,5246605587,5246605945,5246608665,0,232541,232541,-1,1,8016,2720,4,160,160,1
12,3,"[4, 2304, 1, 3, 3, 0, 0, 0, 0, 0, 0, 0, 0, 0, 0, 4, 2304, 1, 3, 3, 0, 0, 0, 0, 0, 0, 0, 0, 0, 0]",41,128,20736.0,248832.0,5246830795,5246841207,5246841206,5246843798,0,105375,105375,-1,1,10412,2592,4,160,160,1
16,3,"[4, 2304, 0, 0, 0, 0, 0, 0, 0, 0, 0, 0, 0, 0, 0, 4, 0, 0, 0, 0, 0, 0, 0, 0, 0, 0, 0, 0, 0, 0]",5,128,2304.0,18436.0,5246939339,5246949138,5246949173,5246951413,0,89983,89983,-1,1,9799,2240,4,160,160,1
12,3,"[4, 2304, 0, 0, 0, 0, 0, 0, 0, 0, 0, 0, 0, 0, 0, 4, 2304, 0, 0, 0, 0, 0, 0, 0, 0, 0, 0, 0, 0, 0]",5,128,2304.0,27648.0,5247032846,5247041015,5247041396,5247043636,0,88958,88958,-1,1,8169,2240,4,160,160,1
12,3,"[4, 2304, 0, 0, 0, 0, 0, 0, 0, 0, 0, 0, 0, 0, 0, 4, 2304, 0, 0, 0, 0, 0, 0, 0, 0, 0, 0, 0, 0, 0]",5,128,2304.0,27648.0,5247123851,5247132158,5247132594,5247134834,0,88063,88063,-1,1,8307,2240,4,160,160,1
16,3,"[4, 2304, 0, 0, 0, 0, 0, 0, 0, 0, 0, 0, 0, 0, 0, 4, 0, 0, 0, 0, 0, 0, 0, 0, 0, 0, 0, 0, 0, 0]",5,128,2304.0,18436.0,5247214408,5247222646,5247222897,5247225137,0,86271,86271,-1,1,8238,2240,4,160,160,1
12,3,"[4, 2304, 0, 0, 0, 0, 0, 0, 0, 0, 0, 0, 0, 0, 0, 4, 2304, 0, 0, 0, 0, 0, 0, 0, 0, 0, 0, 0, 0, 0]",5,128,2304.0,27648.0,5247302953,5247311086,5247311408,5247313744,0,87903,87903,-1,1,8133,2336,4,160,160,1
12,3,"[4, 2304, 0, 0, 0, 0, 0, 0, 0, 0, 0, 0, 0, 0, 0, 4, 2304, 0, 0, 0, 0, 0, 0, 0, 0, 0, 0, 0, 0, 0]",5,128,2304.0,27648.0,5247393435,5247401232,5247401647,5247403823,0,89151,89151,-1,1,7797,2176,4,160,160,1
16,3,"[4, 96, 2304, 1, 1, 0, 0, 0, 0, 0, 0, 0, 0, 0, 0, 4, 0, 0, 0, 0, 0, 0, 0, 0, 0, 0, 0, 0, 0, 0]",432,128,221184.0,1769476.0,5247484150,5247494665,5247492974,5247499982,0,87391,87391,-1,1,10515,7008,4,160,160,1
12,3,"[4, 96, 2304, 1, 1, 0, 0, 0, 0, 0, 0, 0, 0, 0, 0, 4, 96, 2304, 1, 1, 0, 0, 0, 0, 0, 0, 0, 0, 0, 0]",432,128,221184.0,2654208.0,5247578869,5247587150,5247587373,5247593965,0,84414,84414,-1,1,8281,6592,4,160,160,1
12,3,"[4, 96, 2304, 1, 1, 0, 0, 0, 0, 0, 0, 0, 0, 0, 0, 4, 96, 2304, 1, 1, 0, 0, 0, 0, 0, 0, 0, 0, 0, 0]",432,128,221184.0,2654208.0,5247669975,5247677949,5247678379,5247685420,0,81982,81982,-1,1,7974,7041,4,160,160,1
16,3,"[4, 96, 0, 0, 0, 0, 0, 0, 0, 0, 0, 0, 0, 0, 0, 4, 0, 0, 0, 0, 0, 0, 0, 0, 0, 0, 0, 0, 0, 0]",1,128,96.0,772.0,5247758965,5247767211,5247767402,5247769546,0,86111,86111,-1,1,8246,2144,4,160,160,1
12,3,"[4, 96, 0, 0, 0, 0, 0, 0, 0, 0, 0, 0, 0, 0, 0, 4, 96, 0, 0, 0, 0, 0, 0, 0, 0, 0, 0, 0, 0, 0]",1,128,96.0,1152.0,5247847515,5247855293,5247855657,5247857897,0,86655,86655,-1,1,7778,2240,4,160,160,1
12,3,"[4, 96, 0, 0, 0, 0, 0, 0, 0, 0, 0, 0, 0, 0, 0, 4, 96, 0, 0, 0, 0, 0, 0, 0, 0, 0, 0, 0, 0, 0]",1,128,96.0,1152.0,5247936256,5247944154,5247944552,5247946728,0,87487,87487,-1,1,7898,2176,4,160,160,1
16,3,"[4, 2304, 96, 1, 1, 0, 0, 0, 0, 0, 0, 0, 0, 0, 0, 4, 0, 0, 0, 0, 0, 0, 0, 0, 0, 0, 0, 0, 0, 0]",432,128,221184.0,1769476.0,5248025695,5248034054,5248034215,5248042151,0,81663,81663,-1,1,8359,7936,4,160,160,1
12,3,"[4, 2304, 96, 1, 1, 0, 0, 0, 0, 0, 0, 0, 0, 0, 0, 4, 2304, 96, 1, 1, 0, 0, 0, 0, 0, 0, 0, 0, 0, 0]",432,128,221184.0,2654208.0,5248115365,5248123522,5248123814,5248130310,0,83807,83807,-1,1,8157,6496,4,160,160,1
12,3,"[4, 2304, 96, 1, 1, 0, 0, 0, 0, 0, 0, 0, 0, 0, 0, 4, 2304, 96, 1, 1, 0, 0, 0, 0, 0, 0, 0, 0, 0, 0]",432,128,221184.0,2654208.0,5248205822,5248213765,5248214117,5248221253,0,82655,82655,-1,1,7943,7136,4,160,160,1
16,3,"[4, 2304, 0, 0, 0, 0, 0, 0, 0, 0, 0, 0, 0, 0, 0, 4, 0, 0, 0, 0, 0, 0, 0, 0, 0, 0, 0, 0, 0, 0]",5,128,2304.0,18436.0,5248295291,5248303711,5248303908,5248306308,0,87455,87455,-1,1,8420,2400,4,160,160,1
12,3,"[4, 2304, 0, 0, 0, 0, 0, 0, 0, 0, 0, 0, 0, 0, 0, 4, 2304, 0, 0, 0, 0, 0, 0, 0, 0, 0, 0, 0, 0, 0]",5,128,2304.0,27648.0,5248385591,5248393508,5248393763,5248396131,0,85886,85886,-1,1,7917,2368,4,160,160,1
12,3,"[4, 2304, 0, 0, 0, 0, 0, 0, 0, 0, 0, 0, 0, 0, 0, 4, 2304, 0, 0, 0, 0, 0, 0, 0, 0, 0, 0, 0, 0, 0]",5,128,2304.0,27648.0,5248473763,5248483630,5248482017,5248484289,0,92127,92127,-1,1,9867,2272,4,160,160,1
16,3,"[4, 384, 2304, 1, 1, 0, 0, 0, 0, 0, 0, 0, 0, 0, 0, 4, 0, 0, 0, 0, 0, 0, 0, 0, 0, 0, 0, 0, 0, 0]",1728,128,884736.0,7077892.0,5248567792,5248576266,5248576416,5248606624,0,60127,60127,-1,1,8474,30208,4,160,160,1
12,3,"[4, 384, 2304, 1, 1, 0, 0, 0, 0, 0, 0, 0, 0, 0, 0, 4, 384, 2304, 1, 1, 0, 0, 0, 0, 0, 0, 0, 0, 0, 0]",1728,128,884736.0,10616832.0,5248658135,5248666397,5248666751,5248709823,0,47391,47391,-1,1,8262,43072,4,160,160,1
12,3,"[4, 384, 2304, 1, 1, 0, 0, 0, 0, 0, 0, 0, 0, 0, 0, 4, 384, 2304, 1, 1, 0, 0, 0, 0, 0, 0, 0, 0, 0, 0]",1728,128,884736.0,10616832.0,5248749055,5248756937,5248757214,5248802589,0,44416,44416,-1,1,7882,45375,4,160,160,1
16,3,"[4, 384, 0, 0, 0, 0, 0, 0, 0, 0, 0, 0, 0, 0, 0, 4, 0, 0, 0, 0, 0, 0, 0, 0, 0, 0, 0, 0, 0, 0]",1,128,384.0,3076.0,5248838768,5248846779,5248847005,5248849693,0,89918,89918,-1,1,8011,2688,4,160,160,1
12,3,"[4, 384, 0, 0, 0, 0, 0, 0, 0, 0, 0, 0, 0, 0, 0, 4, 384, 0, 0, 0, 0, 0, 0, 0, 0, 0, 0, 0, 0, 0]",1,128,384.0,4608.0,5248931263,5248939442,5248939611,5248942268,0,86879,86879,-1,1,8179,2657,4,160,160,1
12,3,"[4, 384, 0, 0, 0, 0, 0, 0, 0, 0, 0, 0, 0, 0, 0, 4, 384, 0, 0, 0, 0, 0, 0, 0, 0, 0, 0, 0, 0, 0]",1,128,384.0,4608.0,5249020935,5249028792,5249029147,5249031419,0,86239,86239,-1,1,7857,2272,4,160,160,1
16,3,"[4, 384, 0, 0, 0, 0, 0, 0, 0, 0, 0, 0, 0, 0, 0, 4, 0, 0, 0, 0, 0, 0, 0, 0, 0, 0, 0, 0, 0, 0]",1,128,384.0,3076.0,5249108978,5249117365,5249117658,5249119961,0,87295,87295,-1,1,8387,2303,4,160,160,1
12,3,"[4, 384, 0, 0, 0, 0, 0, 0, 0, 0, 0, 0, 0, 0, 0, 4, 384, 0, 0, 0, 0, 0, 0, 0, 0, 0, 0, 0, 0, 0]",1,128,384.0,4608.0,5249198336,5249207034,5249207256,5249209656,0,85535,85535,-1,1,8698,2400,4,160,160,1
12,3,"[4, 384, 0, 0, 0, 0, 0, 0, 0, 0, 0, 0, 0, 0, 0, 4, 384, 0, 0, 0, 0, 0, 0, 0, 0, 0, 0, 0, 0, 0]",1,128,384.0,4608.0,5249287128,5249294877,5249295191,5249297495,0,88447,88447,-1,1,7749,2304,4,160,160,1
16,3,"[4, 2304, 384, 1, 1, 0, 0, 0, 0, 0, 0, 0, 0, 0, 0, 4, 0, 0, 0, 0, 0, 0, 0, 0, 0, 0, 0, 0, 0, 0]",1728,128,884736.0,7077892.0,5249377139,5249385754,5249385942,5249414934,0,63327,63327,-1,1,8615,28992,4,160,160,1
12,3,"[4, 2304, 384, 1, 1, 0, 0, 0, 0, 0, 0, 0, 0, 0, 0, 4, 2304, 384, 1, 1, 0, 0, 0, 0, 0, 0, 0, 0, 0, 0]",1728,128,884736.0,10616832.0,5249469847,5249478015,5249478261,5249522164,0,45600,45600,-1,1,8168,43903,4,160,160,1
12,3,"[4, 2304, 384, 1, 1, 0, 0, 0, 0, 0, 0, 0, 0, 0, 0, 4, 2304, 384, 1, 1, 0, 0, 0, 0, 0, 0, 0, 0, 0, 0]",1728,128,884736.0,10616832.0,5249559552,5249567401,5249567764,5249613043,0,51295,51295,-1,1,7849,45279,4,160,160,1
16,3,"[4, 2304, 0, 0, 0, 0, 0, 0, 0, 0, 0, 0, 0, 0, 0, 4, 0, 0, 0, 0, 0, 0, 0, 0, 0, 0, 0, 0, 0, 0]",5,128,2304.0,18436.0,5249649125,5249664067,5249664338,5249666930,0,91487,91487,-1,1,14942,2592,4,160,160,1
12,3,"[4, 2304, 0, 0, 0, 0, 0, 0, 0, 0, 0, 0, 0, 0, 0, 4, 2304, 0, 0, 0, 0, 0, 0, 0, 0, 0, 0, 0, 0, 0]",5,128,2304.0,27648.0,5249750063,5249758247,5249758417,5249760977,0,88895,88895,-1,1,8184,2560,4,160,160,1
12,3,"[4, 2304, 0, 0, 0, 0, 0, 0, 0, 0, 0, 0, 0, 0, 0, 4, 2304, 0, 0, 0, 0, 0, 0, 0, 0, 0, 0, 0, 0, 0]",5,128,2304.0,27648.0,5249840735,5249848734,5249849872,5249852176,0,86655,86655,-1,1,7999,2304,4,160,160,1
16,3,"[4, 2304, 0, 0, 0, 0, 0, 0, 0, 0, 0, 0, 0, 0, 0, 4, 0, 0, 0, 0, 0, 0, 0, 0, 0, 0, 0, 0, 0, 0]",5,128,2304.0,18436.0,5249930559,5249938797,5249938831,5249941039,0,86815,86815,-1,1,8238,2208,4,160,160,1
12,3,"[4, 2304, 0, 0, 0, 0, 0, 0, 0, 0, 0, 0, 0, 0, 0, 4, 2304, 0, 0, 0, 0, 0, 0, 0, 0, 0, 0, 0, 0, 0]",5,128,2304.0,27648.0,5250019588,5250027515,5250027854,5250030126,0,86943,86943,-1,1,7927,2272,4,160,160,1
12,3,"[4, 2304, 0, 0, 0, 0, 0, 0, 0, 0, 0, 0, 0, 0, 0, 4, 2304, 0, 0, 0, 0, 0, 0, 0, 0, 0, 0, 0, 0, 0]",5,128,2304.0,27648.0,5250108817,5250116805,5250117069,5250119309,0,88255,88255,-1,1,7988,2240,4,160,160,1
16,3,"[4, 2304, 1, 3, 3, 0, 0, 0, 0, 0, 0, 0, 0, 0, 0, 4, 0, 0, 0, 0, 0, 0, 0, 0, 0, 0, 0, 0, 0, 0]",41,128,20736.0,165892.0,5250199133,5250207359,5250207564,5250210220,0,88030,88030,-1,1,8226,2656,4,160,160,1
12,3,"[4, 2304, 1, 3, 3, 0, 0, 0, 0, 0, 0, 0, 0, 0, 0, 4, 2304, 1, 3, 3, 0, 0, 0, 0, 0, 0, 0, 0, 0, 0]",41,128,20736.0,248832.0,5250290101,5250297949,5250298250,5250300970,0,87327,87327,-1,1,7848,2720,4,160,160,1
12,3,"[4, 2304, 1, 3, 3, 0, 0, 0, 0, 0, 0, 0, 0, 0, 0, 4, 2304, 1, 3, 3, 0, 0, 0, 0, 0, 0, 0, 0, 0, 0]",41,128,20736.0,248832.0,5250380122,5250388024,5250388297,5250390729,0,89279,89279,-1,1,7902,2432,4,160,160,1
16,3,"[4, 2304, 0, 0, 0, 0, 0, 0, 0, 0, 0, 0, 0, 0, 0, 4, 0, 0, 0, 0, 0, 0, 0, 0, 0, 0, 0, 0, 0, 0]",5,128,2304.0,18436.0,5250471144,5250479777,5250480008,5250482216,0,230685,230685,-1,1,8633,2208,4,160,160,1
12,3,"[4, 2304, 0, 0, 0, 0, 0, 0, 0, 0, 0, 0, 0, 0, 0, 4, 2304, 0, 0, 0, 0, 0, 0, 0, 0, 0, 0, 0, 0, 0]",5,128,2304.0,27648.0,5250702530,5250712960,5250712901,5250715333,0,98303,98303,-1,1,10430,2432,4,160,160,1
12,3,"[4, 2304, 0, 0, 0, 0, 0, 0, 0, 0, 0, 0, 0, 0, 0, 4, 2304, 0, 0, 0, 0, 0, 0, 0, 0, 0, 0, 0, 0, 0]",5,128,2304.0,27648.0,5250804460,5250813287,5250813636,5250815876,0,90431,90431,-1,1,8827,2240,4,160,160,1
16,3,"[4, 2304, 0, 0, 0, 0, 0, 0, 0, 0, 0, 0, 0, 0, 0, 4, 0, 0, 0, 0, 0, 0, 0, 0, 0, 0, 0, 0, 0, 0]",5,128,2304.0,18436.0,5250897509,5250906160,5250906307,5250908514,0,89696,89696,-1,1,8651,2207,4,160,160,1
12,3,"[4, 2304, 0, 0, 0, 0, 0, 0, 0, 0, 0, 0, 0, 0, 0, 4, 2304, 0, 0, 0, 0, 0, 0, 0, 0, 0, 0, 0, 0, 0]",5,128,2304.0,27648.0,5250989571,5250997826,5250998210,5251000385,0,85567,85567,-1,1,8255,2175,4,160,160,1
12,3,"[4, 2304, 0, 0, 0, 0, 0, 0, 0, 0, 0, 0, 0, 0, 0, 4, 2304, 0, 0, 0, 0, 0, 0, 0, 0, 0, 0, 0, 0, 0]",5,128,2304.0,27648.0,5251077758,5251085543,5251085952,5251088192,0,87455,87455,-1,1,7785,2240,4,160,160,1
16,3,"[4, 96, 2304, 1, 1, 0, 0, 0, 0, 0, 0, 0, 0, 0, 0, 4, 0, 0, 0, 0, 0, 0, 0, 0, 0, 0, 0, 0, 0, 0]",432,128,221184.0,1769476.0,5251166830,5251175449,5251175647,5251182591,0,83455,83455,-1,1,8619,6944,4,160,160,1
12,3,"[4, 96, 2304, 1, 1, 0, 0, 0, 0, 0, 0, 0, 0, 0, 0, 4, 96, 2304, 1, 1, 0, 0, 0, 0, 0, 0, 0, 0, 0, 0]",432,128,221184.0,2654208.0,5251257655,5251265643,5251266046,5251272414,0,83935,83935,-1,1,7988,6368,4,160,160,1
12,3,"[4, 96, 2304, 1, 1, 0, 0, 0, 0, 0, 0, 0, 0, 0, 0, 4, 96, 2304, 1, 1, 0, 0, 0, 0, 0, 0, 0, 0, 0, 0]",432,128,221184.0,2654208.0,5251348170,5251355940,5251356349,5251363357,0,83935,83935,-1,1,7770,7008,4,160,160,1
16,3,"[4, 96, 0, 0, 0, 0, 0, 0, 0, 0, 0, 0, 0, 0, 0, 4, 0, 0, 0, 0, 0, 0, 0, 0, 0, 0, 0, 0, 0, 0]",1,128,96.0,772.0,5251438763,5251447039,5251447292,5251449436,0,88447,88447,-1,1,8276,2144,4,160,160,1
12,3,"[4, 96, 0, 0, 0, 0, 0, 0, 0, 0, 0, 0, 0, 0, 0, 4, 96, 0, 0, 0, 0, 0, 0, 0, 0, 0, 0, 0, 0, 0]",1,128,96.0,1152.0,5251528912,5251537513,5251537883,5251540059,0,91806,91806,-1,1,8601,2176,4,160,160,1
12,3,"[4, 96, 0, 0, 0, 0, 0, 0, 0, 0, 0, 0, 0, 0, 0, 4, 96, 0, 0, 0, 0, 0, 0, 0, 0, 0, 0, 0, 0, 0]",1,128,96.0,1152.0,5251623583,5251631447,5251631865,5251634073,0,88864,88864,-1,1,7864,2208,4,160,160,1
16,3,"[4, 2304, 96, 1, 1, 0, 0, 0, 0, 0, 0, 0, 0, 0, 0, 4, 0, 0, 0, 0, 0, 0, 0, 0, 0, 0, 0, 0, 0, 0]",432,128,221184.0,1769476.0,5251714659,5251722721,5251722937,5251731032,0,82207,82207,-1,1,8062,8095,4,160,160,1
12,3,"[4, 2304, 96, 1, 1, 0, 0, 0, 0, 0, 0, 0, 0, 0, 0, 4, 2304, 96, 1, 1, 0, 0, 0, 0, 0, 0, 0, 0, 0, 0]",432,128,221184.0,2654208.0,5251805017,5251813015,5251813239,5251819927,0,85535,85535,-1,1,7998,6688,4,160,160,1
12,3,"[4, 2304, 96, 1, 1, 0, 0, 0, 0, 0, 0, 0, 0, 0, 0, 4, 2304, 96, 1, 1, 0, 0, 0, 0, 0, 0, 0, 0, 0, 0]",432,128,221184.0,2654208.0,5251897028,5251905191,5251905462,5251912406,0,83487,83487,-1,1,8163,6944,4,160,160,1
16,3,"[4, 2304, 0, 0, 0, 0, 0, 0, 0, 0, 0, 0, 0, 0, 0, 4, 0, 0, 0, 0, 0, 0, 0, 0, 0, 0, 0, 0, 0, 0]",5,128,2304.0,18436.0,5251987434,5251995705,5251995893,5251998165,0,87007,87007,-1,1,8271,2272,4,160,160,1
12,3,"[4, 2304, 0, 0, 0, 0, 0, 0, 0, 0, 0, 0, 0, 0, 0, 4, 2304, 0, 0, 0, 0, 0, 0, 0, 0, 0, 0, 0, 0, 0]",5,128,2304.0,27648.0,5252076814,5252084886,5252085172,5252087540,0,86143,86143,-1,1,8072,2368,4,160,160,1
12,3,"[4, 2304, 0, 0, 0, 0, 0, 0, 0, 0, 0, 0, 0, 0, 0, 4, 2304, 0, 0, 0, 0, 0, 0, 0, 0, 0, 0, 0, 0, 0]",5,128,2304.0,27648.0,5252165554,5252173378,5252173683,5252176019,0,89822,89822,-1,1,7824,2336,4,160,160,1
16,3,"[4, 384, 2304, 1, 1, 0, 0, 0, 0, 0, 0, 0, 0, 0, 0, 4, 0, 0, 0, 0, 0, 0, 0, 0, 0, 0, 0, 0, 0, 0]",1728,128,884736.0,7077892.0,5252256978,5252265586,5252265841,5252296017,0,61535,61535,-1,1,8608,30176,4,160,160,1
12,3,"[4, 384, 2304, 1, 1, 0, 0, 0, 0, 0, 0, 0, 0, 0, 0, 4, 384, 2304, 1, 1, 0, 0, 0, 0, 0, 0, 0, 0, 0, 0]",1728,128,884736.0,10616832.0,5252349208,5252357196,5252357552,5252400336,0,48063,48063,-1,1,7988,42784,4,160,160,1
12,3,"[4, 384, 2304, 1, 1, 0, 0, 0, 0, 0, 0, 0, 0, 0, 0, 4, 384, 2304, 1, 1, 0, 0, 0, 0, 0, 0, 0, 0, 0, 0]",1728,128,884736.0,10616832.0,5252440083,5252448015,5252448399,5252493423,0,44991,44991,-1,1,7932,45024,4,160,160,1
16,3,"[4, 384, 0, 0, 0, 0, 0, 0, 0, 0, 0, 0, 0, 0, 0, 4, 0, 0, 0, 0, 0, 0, 0, 0, 0, 0, 0, 0, 0, 0]",1,128,384.0,3076.0,5252529730,5252538273,5252538414,5252541038,0,89791,89791,-1,1,8543,2624,4,160,160,1
12,3,"[4, 384, 0, 0, 0, 0, 0, 0, 0, 0, 0, 0, 0, 0, 0, 4, 384, 0, 0, 0, 0, 0, 0, 0, 0, 0, 0, 0, 0, 0]",1,128,384.0,4608.0,5252622238,5252630569,5252630829,5252633453,0,86111,86111,-1,1,8331,2624,4,160,160,1
12,3,"[4, 384, 0, 0, 0, 0, 0, 0, 0, 0, 0, 0, 0, 0, 0, 4, 384, 0, 0, 0, 0, 0, 0, 0, 0, 0, 0, 0, 0, 0]",1,128,384.0,4608.0,5252711544,5252719162,5252719564,5252721836,0,86846,86846,-1,1,7618,2272,4,160,160,1
16,3,"[4, 384, 0, 0, 0, 0, 0, 0, 0, 0, 0, 0, 0, 0, 0, 4, 0, 0, 0, 0, 0, 0, 0, 0, 0, 0, 0, 0, 0, 0]",1,128,384.0,3076.0,5252800291,5252808380,5252808682,5252810922,0,88511,88511,-1,1,8089,2240,4,160,160,1
12,3,"[4, 384, 0, 0, 0, 0, 0, 0, 0, 0, 0, 0, 0, 0, 0, 4, 384, 0, 0, 0, 0, 0, 0, 0, 0, 0, 0, 0, 0, 0]",1,128,384.0,4608.0,5252891026,5252898992,5252899433,5252901833,0,87071,87071,-1,1,7966,2400,4,160,160,1
12,3,"[4, 384, 0, 0, 0, 0, 0, 0, 0, 0, 0, 0, 0, 0, 0, 4, 384, 0, 0, 0, 0, 0, 0, 0, 0, 0, 0, 0, 0, 0]",1,128,384.0,4608.0,5252980769,5252988490,5252988904,5252991208,0,88255,88255,-1,1,7721,2304,4,160,160,1
16,3,"[4, 2304, 384, 1, 1, 0, 0, 0, 0, 0, 0, 0, 0, 0, 0, 4, 0, 0, 0, 0, 0, 0, 0, 0, 0, 0, 0, 0, 0, 0]",1728,128,884736.0,7077892.0,5253070988,5253079191,5253079463,5253108935,0,60767,60767,-1,1,8203,29472,4,160,160,1
12,3,"[4, 2304, 384, 1, 1, 0, 0, 0, 0, 0, 0, 0, 0, 0, 0, 4, 2304, 384, 1, 1, 0, 0, 0, 0, 0, 0, 0, 0, 0, 0]",1728,128,884736.0,10616832.0,5253161402,5253169426,5253169702,5253213062,0,46623,46623,-1,1,8024,43360,4,160,160,1
12,3,"[4, 2304, 384, 1, 1, 0, 0, 0, 0, 0, 0, 0, 0, 0, 0, 4, 2304, 384, 1, 1, 0, 0, 0, 0, 0, 0, 0, 0, 0, 0]",1728,128,884736.0,10616832.0,5253251493,5253259335,5253259685,5253305028,0,44064,44064,-1,1,7842,45343,4,160,160,1
16,3,"[4, 2304, 0, 0, 0, 0, 0, 0, 0, 0, 0, 0, 0, 0, 0, 4, 0, 0, 0, 0, 0, 0, 0, 0, 0, 0, 0, 0, 0, 0]",5,128,2304.0,18436.0,5253340340,5253348612,5253349092,5253351715,0,86911,86911,-1,1,8272,2623,4,160,160,1
12,3,"[4, 2304, 0, 0, 0, 0, 0, 0, 0, 0, 0, 0, 0, 0, 0, 4, 2304, 0, 0, 0, 0, 0, 0, 0, 0, 0, 0, 0, 0, 0]",5,128,2304.0,27648.0,5253430320,5253438253,5253438626,5253441347,0,86494,86494,-1,1,7933,2721,4,160,160,1
12,3,"[4, 2304, 0, 0, 0, 0, 0, 0, 0, 0, 0, 0, 0, 0, 0, 4, 2304, 0, 0, 0, 0, 0, 0, 0, 0, 0, 0, 0, 0, 0]",5,128,2304.0,27648.0,5253519641,5253529245,5253527841,5253530049,0,88351,88351,-1,1,9604,2208,4,160,160,1
16,3,"[4, 2304, 0, 0, 0, 0, 0, 0, 0, 0, 0, 0, 0, 0, 0, 4, 0, 0, 0, 0, 0, 0, 0, 0, 0, 0, 0, 0, 0, 0]",5,128,2304.0,18436.0,5253609886,5253618320,5253618400,5253620608,0,95135,95135,-1,1,8434,2208,4,160,160,1
12,3,"[4, 2304, 0, 0, 0, 0, 0, 0, 0, 0, 0, 0, 0, 0, 0, 4, 2304, 0, 0, 0, 0, 0, 0, 0, 0, 0, 0, 0, 0, 0]",5,128,2304.0,27648.0,5253707164,5253715493,5253715743,5253718079,0,87007,87007,-1,1,8329,2336,4,160,160,1
12,3,"[4, 2304, 0, 0, 0, 0, 0, 0, 0, 0, 0, 0, 0, 0, 0, 4, 2304, 0, 0, 0, 0, 0, 0, 0, 0, 0, 0, 0, 0, 0]",5,128,2304.0,27648.0,5253796674,5253804785,5253805086,5253807390,0,87103,87103,-1,1,8111,2304,4,160,160,1
16,3,"[4, 2304, 1, 3, 3, 0, 0, 0, 0, 0, 0, 0, 0, 0, 0, 4, 0, 0, 0, 0, 0, 0, 0, 0, 0, 0, 0, 0, 0, 0]",41,128,20736.0,165892.0,5253886146,5253894483,5253894493,5253897117,0,88959,88959,-1,1,8337,2624,4,160,160,1
12,3,"[4, 2304, 1, 3, 3, 0, 0, 0, 0, 0, 0, 0, 0, 0, 0, 4, 2304, 1, 3, 3, 0, 0, 0, 0, 0, 0, 0, 0, 0, 0]",41,128,20736.0,248832.0,5253977723,5253985848,5253986076,5253988891,0,87744,87744,-1,1,8125,2815,4,160,160,1
12,3,"[4, 2304, 1, 3, 3, 0, 0, 0, 0, 0, 0, 0, 0, 0, 0, 4, 2304, 1, 3, 3, 0, 0, 0, 0, 0, 0, 0, 0, 0, 0]",41,128,20736.0,248832.0,5254068260,5254076299,5254076635,5254079130,0,86399,86399,-1,1,8039,2495,4,160,160,1
16,3,"[4, 2304, 0, 0, 0, 0, 0, 0, 0, 0, 0, 0, 0, 0, 0, 4, 0, 0, 0, 0, 0, 0, 0, 0, 0, 0, 0, 0, 0, 0]",5,128,2304.0,18436.0,5254157286,5254165235,5254165529,5254167833,0,87807,87807,-1,1,7949,2304,4,160,160,1
12,3,"[4, 2304, 0, 0, 0, 0, 0, 0, 0, 0, 0, 0, 0, 0, 0, 4, 2304, 0, 0, 0, 0, 0, 0, 0, 0, 0, 0, 0, 0, 0]",5,128,2304.0,27648.0,5254247120,5254255319,5254255640,5254257912,0,89375,89375,-1,1,8199,2272,4,160,160,1
12,3,"[4, 2304, 0, 0, 0, 0, 0, 0, 0, 0, 0, 0, 0, 0, 0, 4, 2304, 0, 0, 0, 0, 0, 0, 0, 0, 0, 0, 0, 0, 0]",5,128,2304.0,27648.0,5254338950,5254346910,5254347287,5254349655,0,86527,86527,-1,1,7960,2368,4,160,160,1
16,3,"[4, 2304, 0, 0, 0, 0, 0, 0, 0, 0, 0, 0, 0, 0, 0, 4, 0, 0, 0, 0, 0, 0, 0, 0, 0, 0, 0, 0, 0, 0]",5,128,2304.0,18436.0,5254427834,5254435876,5254436182,5254438518,0,239389,239389,-1,1,8042,2336,4,160,160,1
12,3,"[4, 2304, 0, 0, 0, 0, 0, 0, 0, 0, 0, 0, 0, 0, 0, 4, 2304, 0, 0, 0, 0, 0, 0, 0, 0, 0, 0, 0, 0, 0]",5,128,2304.0,27648.0,5254667378,5254680173,5254677907,5254680147,0,95358,95358,-1,1,12795,2240,4,160,160,1
12,3,"[4, 2304, 0, 0, 0, 0, 0, 0, 0, 0, 0, 0, 0, 0, 0, 4, 2304, 0, 0, 0, 0, 0, 0, 0, 0, 0, 0, 0, 0, 0]",5,128,2304.0,27648.0,5254766498,5254775280,5254775505,5254777842,0,91870,91870,-1,1,8782,2337,4,160,160,1
16,3,"[4, 96, 2304, 1, 1, 0, 0, 0, 0, 0, 0, 0, 0, 0, 0, 4, 0, 0, 0, 0, 0, 0, 0, 0, 0, 0, 0, 0, 0, 0]",432,128,221184.0,1769476.0,5254860741,5254869627,5254869712,5254876688,0,86783,86783,-1,1,8886,6976,4,160,160,1
12,3,"[4, 96, 2304, 1, 1, 0, 0, 0, 0, 0, 0, 0, 0, 0, 0, 4, 96, 2304, 1, 1, 0, 0, 0, 0, 0, 0, 0, 0, 0, 0]",432,128,221184.0,2654208.0,5254955091,5254963274,5254963471,5254969999,0,86783,86783,-1,1,8183,6528,4,160,160,1
12,3,"[4, 96, 2304, 1, 1, 0, 0, 0, 0, 0, 0, 0, 0, 0, 0, 4, 96, 2304, 1, 1, 0, 0, 0, 0, 0, 0, 0, 0, 0, 0]",432,128,221184.0,2654208.0,5255048554,5255056368,5255056782,5255063726,0,83455,83455,-1,1,7814,6944,4,160,160,1
16,3,"[4, 96, 0, 0, 0, 0, 0, 0, 0, 0, 0, 0, 0, 0, 0, 4, 0, 0, 0, 0, 0, 0, 0, 0, 0, 0, 0, 0, 0, 0]",1,128,96.0,772.0,5255138594,5255146876,5255147181,5255149293,0,87967,87967,-1,1,8282,2112,4,160,160,1
12,3,"[4, 96, 0, 0, 0, 0, 0, 0, 0, 0, 0, 0, 0, 0, 0, 4, 96, 0, 0, 0, 0, 0, 0, 0, 0, 0, 0, 0, 0, 0]",1,128,96.0,1152.0,5255228939,5255236823,5255237260,5255239468,0,87006,87006,-1,1,7884,2208,4,160,160,1
12,3,"[4, 96, 0, 0, 0, 0, 0, 0, 0, 0, 0, 0, 0, 0, 0, 4, 96, 0, 0, 0, 0, 0, 0, 0, 0, 0, 0, 0, 0, 0]",1,128,96.0,1152.0,5255318347,5255326096,5255326474,5255328683,0,91166,91166,-1,1,7749,2209,4,160,160,1
16,3,"[4, 2304, 96, 1, 1, 0, 0, 0, 0, 0, 0, 0, 0, 0, 0, 4, 0, 0, 0, 0, 0, 0, 0, 0, 0, 0, 0, 0, 0, 0]",432,128,221184.0,1769476.0,5255410965,5255419783,5255419849,5255428041,0,82879,82879,-1,1,8818,8192,4,160,160,1
12,3,"[4, 2304, 96, 1, 1, 0, 0, 0, 0, 0, 0, 0, 0, 0, 0, 4, 2304, 96, 1, 1, 0, 0, 0, 0, 0, 0, 0, 0, 0, 0]",432,128,221184.0,2654208.0,5255502451,5255510613,5255510920,5255517448,0,83903,83903,-1,1,8162,6528,4,160,160,1
12,3,"[4, 2304, 96, 1, 1, 0, 0, 0, 0, 0, 0, 0, 0, 0, 0, 4, 2304, 96, 1, 1, 0, 0, 0, 0, 0, 0, 0, 0, 0, 0]",432,128,221184.0,2654208.0,5255593081,5255601013,5255601351,5255608263,0,83967,83967,-1,1,7932,6912,4,160,160,1
16,3,"[4, 2304, 0, 0, 0, 0, 0, 0, 0, 0, 0, 0, 0, 0, 0, 4, 0, 0, 0, 0, 0, 0, 0, 0, 0, 0, 0, 0, 0, 0]",5,128,2304.0,18436.0,5255683416,5255693747,5255692230,5255694502,0,89983,89983,-1,1,10331,2272,4,160,160,1
12,3,"[4, 2304, 0, 0, 0, 0, 0, 0, 0, 0, 0, 0, 0, 0, 0, 4, 2304, 0, 0, 0, 0, 0, 0, 0, 0, 0, 0, 0, 0, 0]",5,128,2304.0,27648.0,5255775752,5255784229,5255784485,5255786853,0,87711,87711,-1,1,8477,2368,4,160,160,1
12,3,"[4, 2304, 0, 0, 0, 0, 0, 0, 0, 0, 0, 0, 0, 0, 0, 4, 2304, 0, 0, 0, 0, 0, 0, 0, 0, 0, 0, 0, 0, 0]",5,128,2304.0,27648.0,5255866184,5255874078,5255874564,5255876868,0,89214,89214,-1,1,7894,2304,4,160,160,1
16,3,"[4, 384, 2304, 1, 1, 0, 0, 0, 0, 0, 0, 0, 0, 0, 0, 4, 0, 0, 0, 0, 0, 0, 0, 0, 0, 0, 0, 0, 0, 0]",1728,128,884736.0,7077892.0,5255957689,5255965916,5255966082,5255996322,0,59168,59168,-1,1,8227,30240,4,160,160,1
12,3,"[4, 384, 2304, 1, 1, 0, 0, 0, 0, 0, 0, 0, 0, 0, 0, 4, 384, 2304, 1, 1, 0, 0, 0, 0, 0, 0, 0, 0, 0, 0]",1728,128,884736.0,10616832.0,5256047297,5256055106,5256055490,5256098625,0,46431,46431,-1,1,7809,43135,4,160,160,1
12,3,"[4, 384, 2304, 1, 1, 0, 0, 0, 0, 0, 0, 0, 0, 0, 0, 4, 384, 2304, 1, 1, 0, 0, 0, 0, 0, 0, 0, 0, 0, 0]",1728,128,884736.0,10616832.0,5256136929,5256144645,5256145056,5256191007,0,43104,43104,-1,1,7716,45951,4,160,160,1
16,3,"[4, 384, 0, 0, 0, 0, 0, 0, 0, 0, 0, 0, 0, 0, 0, 4, 0, 0, 0, 0, 0, 0, 0, 0, 0, 0, 0, 0, 0, 0]",1,128,384.0,3076.0,5256225902,5256233988,5256234111,5256236671,0,86847,86847,-1,1,8086,2560,4,160,160,1
12,3,"[4, 384, 0, 0, 0, 0, 0, 0, 0, 0, 0, 0, 0, 0, 0, 4, 384, 0, 0, 0, 0, 0, 0, 0, 0, 0, 0, 0, 0, 0]",1,128,384.0,4608.0,5256315370,5256323151,5256323518,5256326206,0,86015,86015,-1,1,7781,2688,4,160,160,1
12,3,"[4, 384, 0, 0, 0, 0, 0, 0, 0, 0, 0, 0, 0, 0, 0, 4, 384, 0, 0, 0, 0, 0, 0, 0, 0, 0, 0, 0, 0, 0]",1,128,384.0,4608.0,5256404170,5256411867,5256412221,5256414557,0,87263,87263,-1,1,7697,2336,4,160,160,1
16,3,"[4, 384, 0, 0, 0, 0, 0, 0, 0, 0, 0, 0, 0, 0, 0, 4, 0, 0, 0, 0, 0, 0, 0, 0, 0, 0, 0, 0, 0, 0]",1,128,384.0,3076.0,5256493355,5256501693,5256501820,5256504060,0,85950,85950,-1,1,8338,2240,4,160,160,1
12,3,"[4, 384, 0, 0, 0, 0, 0, 0, 0, 0, 0, 0, 0, 0, 0, 4, 384, 0, 0, 0, 0, 0, 0, 0, 0, 0, 0, 0, 0, 0]",1,128,384.0,4608.0,5256581551,5256589728,5256590010,5256592346,0,87263,87263,-1,1,8177,2336,4,160,160,1
12,3,"[4, 384, 0, 0, 0, 0, 0, 0, 0, 0, 0, 0, 0, 0, 0, 4, 384, 0, 0, 0, 0, 0, 0, 0, 0, 0, 0, 0, 0, 0]",1,128,384.0,4608.0,5256671042,5256681199,5256679609,5256681881,0,92127,92127,-1,1,10157,2272,4,160,160,1
16,3,"[4, 2304, 384, 1, 1, 0, 0, 0, 0, 0, 0, 0, 0, 0, 0, 4, 0, 0, 0, 0, 0, 0, 0, 0, 0, 0, 0, 0, 0, 0]",1728,128,884736.0,7077892.0,5256765336,5256773799,5256774008,5256803256,0,59583,59583,-1,1,8463,29248,4,160,160,1
12,3,"[4, 2304, 384, 1, 1, 0, 0, 0, 0, 0, 0, 0, 0, 0, 0, 4, 2304, 384, 1, 1, 0, 0, 0, 0, 0, 0, 0, 0, 0, 0]",1728,128,884736.0,10616832.0,5256854658,5256862541,5256862839,5256906486,0,48064,48064,-1,1,7883,43647,4,160,160,1
12,3,"[4, 2304, 384, 1, 1, 0, 0, 0, 0, 0, 0, 0, 0, 0, 0, 4, 2304, 384, 1, 1, 0, 0, 0, 0, 0, 0, 0, 0, 0, 0]",1728,128,884736.0,10616832.0,5256946195,5256954234,5256954550,5257000725,0,44192,44192,-1,1,8039,46175,4,160,160,1
16,3,"[4, 2304, 0, 0, 0, 0, 0, 0, 0, 0, 0, 0, 0, 0, 0, 4, 0, 0, 0, 0, 0, 0, 0, 0, 0, 0, 0, 0, 0, 0]",5,128,2304.0,18436.0,5257036029,5257044480,5257044917,5257047637,0,85663,85663,-1,1,8451,2720,4,160,160,1
12,3,"[4, 2304, 0, 0, 0, 0, 0, 0, 0, 0, 0, 0, 0, 0, 0, 4, 2304, 0, 0, 0, 0, 0, 0, 0, 0, 0, 0, 0, 0, 0]",5,128,2304.0,27648.0,5257125124,5257132947,5257133300,5257135892,0,84574,84574,-1,1,7823,2592,4,160,160,1
12,3,"[4, 2304, 0, 0, 0, 0, 0, 0, 0, 0, 0, 0, 0, 0, 0, 4, 2304, 0, 0, 0, 0, 0, 0, 0, 0, 0, 0, 0, 0, 0]",5,128,2304.0,27648.0,5257212423,5257220152,5257220466,5257222803,0,87519,87519,-1,1,7729,2337,4,160,160,1
16,3,"[4, 2304, 0, 0, 0, 0, 0, 0, 0, 0, 0, 0, 0, 0, 0, 4, 0, 0, 0, 0, 0, 0, 0, 0, 0, 0, 0, 0, 0, 0]",5,128,2304.0,18436.0,5257301721,5257310265,5257310322,5257312593,0,87071,87071,-1,1,8544,2271,4,160,160,1
12,3,"[4, 2304, 0, 0, 0, 0, 0, 0, 0, 0, 0, 0, 0, 0, 0, 4, 2304, 0, 0, 0, 0, 0, 0, 0, 0, 0, 0, 0, 0, 0]",5,128,2304.0,27648.0,5257391479,5257399309,5257399664,5257402032,0,86591,86591,-1,1,7830,2368,4,160,160,1
12,3,"[4, 2304, 0, 0, 0, 0, 0, 0, 0, 0, 0, 0, 0, 0, 0, 4, 2304, 0, 0, 0, 0, 0, 0, 0, 0, 0, 0, 0, 0, 0]",5,128,2304.0,27648.0,5257480303,5257488337,5257488623,5257490895,0,88479,88479,-1,1,8034,2272,4,160,160,1
16,3,"[4, 2304, 1, 3, 3, 0, 0, 0, 0, 0, 0, 0, 0, 0, 0, 4, 0, 0, 0, 0, 0, 0, 0, 0, 0, 0, 0, 0, 0, 0]",41,128,20736.0,165892.0,5257570756,5257579158,5257579374,5257581902,0,94495,94495,-1,1,8402,2528,4,160,160,1
12,3,"[4, 2304, 1, 3, 3, 0, 0, 0, 0, 0, 0, 0, 0, 0, 0, 4, 2304, 1, 3, 3, 0, 0, 0, 0, 0, 0, 0, 0, 0, 0]",41,128,20736.0,248832.0,5257667909,5257678080,5257676397,5257679117,0,94239,94239,-1,1,10171,2720,4,160,160,1
12,3,"[4, 2304, 1, 3, 3, 0, 0, 0, 0, 0, 0, 0, 0, 0, 0, 4, 2304, 1, 3, 3, 0, 0, 0, 0, 0, 0, 0, 0, 0, 0]",41,128,20736.0,248832.0,5257764741,5257772936,5257773356,5257775947,0,90015,90015,-1,1,8195,2591,4,160,160,1
16,3,"[4, 2304, 0, 0, 0, 0, 0, 0, 0, 0, 0, 0, 0, 0, 0, 4, 0, 0, 0, 0, 0, 0, 0, 0, 0, 0, 0, 0, 0, 0]",5,128,2304.0,18436.0,5257857194,5257865784,5257865962,5257868138,0,87487,87487,-1,1,8590,2176,4,160,160,1
12,3,"[4, 2304, 0, 0, 0, 0, 0, 0, 0, 0, 0, 0, 0, 0, 0, 4, 2304, 0, 0, 0, 0, 0, 0, 0, 0, 0, 0, 0, 0, 0]",5,128,2304.0,27648.0,5257947160,5257955247,5257955625,5257957961,0,86751,86751,-1,1,8087,2336,4,160,160,1
12,3,"[4, 2304, 0, 0, 0, 0, 0, 0, 0, 0, 0, 0, 0, 0, 0, 4, 2304, 0, 0, 0, 0, 0, 0, 0, 0, 0, 0, 0, 0, 0]",5,128,2304.0,27648.0,5258036378,5258044262,5258044712,5258046984,0,87199,87199,-1,1,7884,2272,4,160,160,1
16,3,"[4, 2304, 0, 0, 0, 0, 0, 0, 0, 0, 0, 0, 0, 0, 0, 4, 0, 0, 0, 0, 0, 0, 0, 0, 0, 0, 0, 0, 0, 0]",5,128,2304.0,18436.0,5258125586,5258134021,5258134183,5258136359,0,86271,86271,-1,1,8435,2176,4,160,160,1
12,3,"[4, 2304, 0, 0, 0, 0, 0, 0, 0, 0, 0, 0, 0, 0, 0, 4, 2304, 0, 0, 0, 0, 0, 0, 0, 0, 0, 0, 0, 0, 0]",5,128,2304.0,27648.0,5258214193,5258222285,5258222630,5258224934,0,85886,85886,-1,1,8092,2304,4,160,160,1
12,3,"[4, 2304, 0, 0, 0, 0, 0, 0, 0, 0, 0, 0, 0, 0, 0, 4, 2304, 0, 0, 0, 0, 0, 0, 0, 0, 0, 0, 0, 0, 0]",5,128,2304.0,27648.0,5258302646,5258310435,5258310820,5258313029,0,235549,235549,-1,1,7789,2209,4,160,160,1
16,3,"[4, 96, 2304, 1, 1, 0, 0, 0, 0, 0, 0, 0, 0, 0, 0, 4, 0, 0, 0, 0, 0, 0, 0, 0, 0, 0, 0, 0, 0, 0]",432,128,221184.0,1769476.0,5258537649,5258548695,5258548578,5258555842,0,95134,95134,-1,1,11046,7264,4,160,160,1
12,3,"[4, 96, 2304, 1, 1, 0, 0, 0, 0, 0, 0, 0, 0, 0, 0, 4, 96, 2304, 1, 1, 0, 0, 0, 0, 0, 0, 0, 0, 0, 0]",432,128,221184.0,2654208.0,5258641635,5258650713,5258650976,5258657664,0,85919,85919,-1,1,9078,6688,4,160,160,1
12,3,"[4, 96, 2304, 1, 1, 0, 0, 0, 0, 0, 0, 0, 0, 0, 0, 4, 96, 2304, 1, 1, 0, 0, 0, 0, 0, 0, 0, 0, 0, 0]",432,128,221184.0,2654208.0,5258735181,5258743232,5258743583,5258750815,0,86623,86623,-1,1,8051,7232,4,160,160,1
16,3,"[4, 96, 0, 0, 0, 0, 0, 0, 0, 0, 0, 0, 0, 0, 0, 4, 0, 0, 0, 0, 0, 0, 0, 0, 0, 0, 0, 0, 0, 0]",1,128,96.0,772.0,5258828548,5258837135,5258837438,5258839614,0,91103,91103,-1,1,8587,2176,4,160,160,1
12,3,"[4, 96, 0, 0, 0, 0, 0, 0, 0, 0, 0, 0, 0, 0, 0, 4, 96, 0, 0, 0, 0, 0, 0, 0, 0, 0, 0, 0, 0, 0]",1,128,96.0,1152.0,5258922144,5258930347,5258930717,5258932861,0,89311,89311,-1,1,8203,2144,4,160,160,1
12,3,"[4, 96, 0, 0, 0, 0, 0, 0, 0, 0, 0, 0, 0, 0, 0, 4, 96, 0, 0, 0, 0, 0, 0, 0, 0, 0, 0, 0, 0, 0]",1,128,96.0,1152.0,5259013854,5259021802,5259022172,5259024316,0,89695,89695,-1,1,7948,2144,4,160,160,1
16,3,"[4, 2304, 96, 1, 1, 0, 0, 0, 0, 0, 0, 0, 0, 0, 0, 4, 0, 0, 0, 0, 0, 0, 0, 0, 0, 0, 0, 0, 0, 0]",432,128,221184.0,1769476.0,5259105361,5259113882,5259114011,5259121914,0,82591,82591,-1,1,8521,7903,4,160,160,1
12,3,"[4, 2304, 96, 1, 1, 0, 0, 0, 0, 0, 0, 0, 0, 0, 0, 4, 2304, 96, 1, 1, 0, 0, 0, 0, 0, 0, 0, 0, 0, 0]",432,128,221184.0,2654208.0,5259196245,5259204148,5259204505,5259211001,0,84511,84511,-1,1,7903,6496,4,160,160,1
12,3,"[4, 2304, 96, 1, 1, 0, 0, 0, 0, 0, 0, 0, 0, 0, 0, 4, 2304, 96, 1, 1, 0, 0, 0, 0, 0, 0, 0, 0, 0, 0]",432,128,221184.0,2654208.0,5259287407,5259295221,5259295512,5259302392,0,85215,85215,-1,1,7814,6880,4,160,160,1
16,3,"[4, 2304, 0, 0, 0, 0, 0, 0, 0, 0, 0, 0, 0, 0, 0, 4, 0, 0, 0, 0, 0, 0, 0, 0, 0, 0, 0, 0, 0, 0]",5,128,2304.0,18436.0,5259378939,5259387480,5259387607,5259390007,0,87135,87135,-1,1,8541,2400,4,160,160,1
12,3,"[4, 2304, 0, 0, 0, 0, 0, 0, 0, 0, 0, 0, 0, 0, 0, 4, 2304, 0, 0, 0, 0, 0, 0, 0, 0, 0, 0, 0, 0, 0]",5,128,2304.0,27648.0,5259468653,5259476798,5259477142,5259479542,0,87007,87007,-1,1,8145,2400,4,160,160,1
12,3,"[4, 2304, 0, 0, 0, 0, 0, 0, 0, 0, 0, 0, 0, 0, 0, 4, 2304, 0, 0, 0, 0, 0, 0, 0, 0, 0, 0, 0, 0, 0]",5,128,2304.0,27648.0,5259557859,5259566176,5259566549,5259568917,0,87551,87551,-1,1,8317,2368,4,160,160,1
16,3,"[4, 384, 2304, 1, 1, 0, 0, 0, 0, 0, 0, 0, 0, 0, 0, 4, 0, 0, 0, 0, 0, 0, 0, 0, 0, 0, 0, 0, 0, 0]",1728,128,884736.0,7077892.0,5259648040,5259656264,5259656468,5259686483,0,60288,60288,-1,1,8224,30015,4,160,160,1
12,3,"[4, 384, 2304, 1, 1, 0, 0, 0, 0, 0, 0, 0, 0, 0, 0, 4, 384, 2304, 1, 1, 0, 0, 0, 0, 0, 0, 0, 0, 0, 0]",1728,128,884736.0,10616832.0,5259738540,5259746367,5259746771,5259789650,0,48767,48767,-1,1,7827,42879,4,160,160,1
12,3,"[4, 384, 2304, 1, 1, 0, 0, 0, 0, 0, 0, 0, 0, 0, 0, 4, 384, 2304, 1, 1, 0, 0, 0, 0, 0, 0, 0, 0, 0, 0]",1728,128,884736.0,10616832.0,5259830198,5259837996,5259838417,5259883889,0,46655,46655,-1,1,7798,45472,4,160,160,1
16,3,"[4, 384, 0, 0, 0, 0, 0, 0, 0, 0, 0, 0, 0, 0, 0, 4, 0, 0, 0, 0, 0, 0, 0, 0, 0, 0, 0, 0, 0, 0]",1,128,384.0,3076.0,5259921912,5259930354,5259930544,5259933104,0,87263,87263,-1,1,8442,2560,4,160,160,1
12,3,"[4, 384, 0, 0, 0, 0, 0, 0, 0, 0, 0, 0, 0, 0, 0, 4, 384, 0, 0, 0, 0, 0, 0, 0, 0, 0, 0, 0, 0, 0]",1,128,384.0,4608.0,5260012016,5260020076,5260020367,5260022959,0,85151,85151,-1,1,8060,2592,4,160,160,1
12,3,"[4, 384, 0, 0, 0, 0, 0, 0, 0, 0, 0, 0, 0, 0, 0, 4, 384, 0, 0, 0, 0, 0, 0, 0, 0, 0, 0, 0, 0, 0]",1,128,384.0,4608.0,5260099880,5260107749,5260108110,5260110414,0,85951,85951,-1,1,7869,2304,4,160,160,1
16,3,"[4, 384, 0, 0, 0, 0, 0, 0, 0, 0, 0, 0, 0, 0, 0, 4, 0, 0, 0, 0, 0, 0, 0, 0, 0, 0, 0, 0, 0, 0]",1,128,384.0,3076.0,5260188075,5260196220,5260196365,5260198733,0,86847,86847,-1,1,8145,2368,4,160,160,1
12,3,"[4, 384, 0, 0, 0, 0, 0, 0, 0, 0, 0, 0, 0, 0, 0, 4, 384, 0, 0, 0, 0, 0, 0, 0, 0, 0, 0, 0, 0, 0]",1,128,384.0,4608.0,5260277249,5260285251,5260285580,5260287851,0,87743,87743,-1,1,8002,2271,4,160,160,1
12,3,"[4, 384, 0, 0, 0, 0, 0, 0, 0, 0, 0, 0, 0, 0, 0, 4, 384, 0, 0, 0, 0, 0, 0, 0, 0, 0, 0, 0, 0, 0]",1,128,384.0,4608.0,5260367436,5260375243,5260375594,5260378026,0,88991,88991,-1,1,7807,2432,4,160,160,1
16,3,"[4, 2304, 384, 1, 1, 0, 0, 0, 0, 0, 0, 0, 0, 0, 0, 4, 0, 0, 0, 0, 0, 0, 0, 0, 0, 0, 0, 0, 0, 0]",1728,128,884736.0,7077892.0,5260458392,5260466804,5260467017,5260495849,0,60639,60639,-1,1,8412,28832,4,160,160,1
12,3,"[4, 2304, 384, 1, 1, 0, 0, 0, 0, 0, 0, 0, 0, 0, 0, 4, 2304, 384, 1, 1, 0, 0, 0, 0, 0, 0, 0, 0, 0, 0]",1728,128,884736.0,10616832.0,5260548324,5260556165,5260556488,5260599496,0,48383,48383,-1,1,7841,43008,4,160,160,1
12,3,"[4, 2304, 384, 1, 1, 0, 0, 0, 0, 0, 0, 0, 0, 0, 0, 4, 2304, 384, 1, 1, 0, 0, 0, 0, 0, 0, 0, 0, 0, 0]",1728,128,884736.0,10616832.0,5260639734,5260647478,5260647879,5260693126,0,43648,43648,-1,1,7744,45247,4,160,160,1
16,3,"[4, 2304, 0, 0, 0, 0, 0, 0, 0, 0, 0, 0, 0, 0, 0, 4, 0, 0, 0, 0, 0, 0, 0, 0, 0, 0, 0, 0, 0, 0]",5,128,2304.0,18436.0,5260728188,5260736412,5260736774,5260739302,0,88415,88415,-1,1,8224,2528,4,160,160,1
12,3,"[4, 2304, 0, 0, 0, 0, 0, 0, 0, 0, 0, 0, 0, 0, 0, 4, 2304, 0, 0, 0, 0, 0, 0, 0, 0, 0, 0, 0, 0, 0]",5,128,2304.0,27648.0,5260819503,5260827505,5260827717,5260830405,0,86463,86463,-1,1,8002,2688,4,160,160,1
12,3,"[4, 2304, 0, 0, 0, 0, 0, 0, 0, 0, 0, 0, 0, 0, 0, 4, 2304, 0, 0, 0, 0, 0, 0, 0, 0, 0, 0, 0, 0, 0]",5,128,2304.0,27648.0,5260908566,5260916490,5260916868,5260919203,0,88800,88800,-1,1,7924,2335,4,160,160,1
16,3,"[4, 2304, 0, 0, 0, 0, 0, 0, 0, 0, 0, 0, 0, 0, 0, 4, 0, 0, 0, 0, 0, 0, 0, 0, 0, 0, 0, 0, 0, 0]",5,128,2304.0,18436.0,5260999477,5261007772,5261008003,5261010275,0,85470,85470,-1,1,8295,2272,4,160,160,1
12,3,"[4, 2304, 0, 0, 0, 0, 0, 0, 0, 0, 0, 0, 0, 0, 0, 4, 2304, 0, 0, 0, 0, 0, 0, 0, 0, 0, 0, 0, 0, 0]",5,128,2304.0,27648.0,5261087423,5261095355,5261095745,5261098145,0,86175,86175,-1,1,7932,2400,4,160,160,1
12,3,"[4, 2304, 0, 0, 0, 0, 0, 0, 0, 0, 0, 0, 0, 0, 0, 4, 2304, 0, 0, 0, 0, 0, 0, 0, 0, 0, 0, 0, 0, 0]",5,128,2304.0,27648.0,5261176042,5261183892,5261184320,5261186560,0,86783,86783,-1,1,7850,2240,4,160,160,1
16,3,"[4, 2304, 1, 3, 3, 0, 0, 0, 0, 0, 0, 0, 0, 0, 0, 4, 0, 0, 0, 0, 0, 0, 0, 0, 0, 0, 0, 0, 0, 0]",41,128,20736.0,165892.0,5261264779,5261273049,5261273343,5261275871,0,86687,86687,-1,1,8270,2528,4,160,160,1
12,3,"[4, 2304, 1, 3, 3, 0, 0, 0, 0, 0, 0, 0, 0, 0, 0, 4, 2304, 1, 3, 3, 0, 0, 0, 0, 0, 0, 0, 0, 0, 0]",41,128,20736.0,248832.0,5261354306,5261362169,5261362558,5261365214,0,86623,86623,-1,1,7863,2656,4,160,160,1
12,3,"[4, 2304, 1, 3, 3, 0, 0, 0, 0, 0, 0, 0, 0, 0, 0, 4, 2304, 1, 3, 3, 0, 0, 0, 0, 0, 0, 0, 0, 0, 0]",41,128,20736.0,248832.0,5261443437,5261451445,5261451837,5261454269,0,85759,85759,-1,1,8008,2432,4,160,160,1
16,3,"[4, 2304, 0, 0, 0, 0, 0, 0, 0, 0, 0, 0, 0, 0, 0, 4, 0, 0, 0, 0, 0, 0, 0, 0, 0, 0, 0, 0, 0, 0]",5,128,2304.0,18436.0,5261531645,5261539725,5261540028,5261542332,0,86846,86846,-1,1,8080,2304,4,160,160,1
12,3,"[4, 2304, 0, 0, 0, 0, 0, 0, 0, 0, 0, 0, 0, 0, 0, 4, 2304, 0, 0, 0, 0, 0, 0, 0, 0, 0, 0, 0, 0, 0]",5,128,2304.0,27648.0,5261621153,5261628864,5261629178,5261631515,0,95390,95390,-1,1,7711,2337,4,160,160,1
12,3,"[4, 2304, 0, 0, 0, 0, 0, 0, 0, 0, 0, 0, 0, 0, 0, 4, 2304, 0, 0, 0, 0, 0, 0, 0, 0, 0, 0, 0, 0, 0]",5,128,2304.0,27648.0,5261718399,5261726596,5261726905,5261729113,0,89823,89823,-1,1,8197,2208,4,160,160,1
16,3,"[4, 2304, 0, 0, 0, 0, 0, 0, 0, 0, 0, 0, 0, 0, 0, 4, 0, 0, 0, 0, 0, 0, 0, 0, 0, 0, 0, 0, 0, 0]",5,128,2304.0,18436.0,5261810445,5261818736,5261818936,5261821304,0,84799,84799,-1,1,8291,2368,4,160,160,1
12,3,"[4, 2304, 0, 0, 0, 0, 0, 0, 0, 0, 0, 0, 0, 0, 0, 4, 2304, 0, 0, 0, 0, 0, 0, 0, 0, 0, 0, 0, 0, 0]",5,128,2304.0,27648.0,5261897994,5261905746,5261906103,5261908343,0,86847,86847,-1,1,7752,2240,4,160,160,1
12,3,"[4, 2304, 0, 0, 0, 0, 0, 0, 0, 0, 0, 0, 0, 0, 0, 4, 2304, 0, 0, 0, 0, 0, 0, 0, 0, 0, 0, 0, 0, 0]",5,128,2304.0,27648.0,5261987101,5261994810,5261995190,5261997398,0,88351,88351,-1,1,7709,2208,4,160,160,1
16,3,"[4, 96, 2304, 1, 1, 0, 0, 0, 0, 0, 0, 0, 0, 0, 0, 4, 0, 0, 0, 0, 0, 0, 0, 0, 0, 0, 0, 0, 0, 0]",432,128,221184.0,1769476.0,5262076819,5262085607,5262085749,5262093077,0,81951,81951,-1,1,8788,7328,4,160,160,1
12,3,"[4, 96, 2304, 1, 1, 0, 0, 0, 0, 0, 0, 0, 0, 0, 0, 4, 96, 2304, 1, 1, 0, 0, 0, 0, 0, 0, 0, 0, 0, 0]",432,128,221184.0,2654208.0,5262166617,5262174715,5262175028,5262181652,0,229021,229021,-1,1,8098,6624,4,160,160,1
12,3,"[4, 96, 2304, 1, 1, 0, 0, 0, 0, 0, 0, 0, 0, 0, 0, 4, 96, 2304, 1, 1, 0, 0, 0, 0, 0, 0, 0, 0, 0, 0]",432,128,221184.0,2654208.0,5262399964,5262410686,5262410673,5262417809,0,97054,97054,-1,1,10722,7136,4,160,160,1
16,3,"[4, 96, 0, 0, 0, 0, 0, 0, 0, 0, 0, 0, 0, 0, 0, 4, 0, 0, 0, 0, 0, 0, 0, 0, 0, 0, 0, 0, 0, 0]",1,128,96.0,772.0,5262505662,5262514874,5262514863,5262517007,0,88735,88735,-1,1,9212,2144,4,160,160,1
12,3,"[4, 96, 0, 0, 0, 0, 0, 0, 0, 0, 0, 0, 0, 0, 0, 4, 96, 0, 0, 0, 0, 0, 0, 0, 0, 0, 0, 0, 0, 0]",1,128,96.0,1152.0,5262597398,5262605546,5262605742,5262607918,0,88383,88383,-1,1,8148,2176,4,160,160,1
12,3,"[4, 96, 0, 0, 0, 0, 0, 0, 0, 0, 0, 0, 0, 0, 0, 4, 96, 0, 0, 0, 0, 0, 0, 0, 0, 0, 0, 0, 0, 0]",1,128,96.0,1152.0,5262688026,5262695842,5262696301,5262698445,0,90303,90303,-1,1,7816,2144,4,160,160,1
16,3,"[4, 2304, 96, 1, 1, 0, 0, 0, 0, 0, 0, 0, 0, 0, 0, 4, 0, 0, 0, 0, 0, 0, 0, 0, 0, 0, 0, 0, 0, 0]",432,128,221184.0,1769476.0,5262780097,5262788537,5262788748,5262796620,0,83039,83039,-1,1,8440,7872,4,160,160,1
12,3,"[4, 2304, 96, 1, 1, 0, 0, 0, 0, 0, 0, 0, 0, 0, 0, 4, 2304, 96, 1, 1, 0, 0, 0, 0, 0, 0, 0, 0, 0, 0]",432,128,221184.0,2654208.0,5262871196,5262881534,5262879659,5262886122,0,87680,87680,-1,1,10338,6463,4,160,160,1
12,3,"[4, 2304, 96, 1, 1, 0, 0, 0, 0, 0, 0, 0, 0, 0, 0, 4, 2304, 96, 1, 1, 0, 0, 0, 0, 0, 0, 0, 0, 0, 0]",432,128,221184.0,2654208.0,5262965633,5262973380,5262973802,5262981130,0,83999,83999,-1,1,7747,7328,4,160,160,1
16,3,"[4, 2304, 0, 0, 0, 0, 0, 0, 0, 0, 0, 0, 0, 0, 0, 4, 0, 0, 0, 0, 0, 0, 0, 0, 0, 0, 0, 0, 0, 0]",5,128,2304.0,18436.0,5263056486,5263064990,5263065129,5263067464,0,87327,87327,-1,1,8504,2335,4,160,160,1
12,3,"[4, 2304, 0, 0, 0, 0, 0, 0, 0, 0, 0, 0, 0, 0, 0, 4, 2304, 0, 0, 0, 0, 0, 0, 0, 0, 0, 0, 0, 0, 0]",5,128,2304.0,27648.0,5263145917,5263154164,5263154791,5263157127,0,87007,87007,-1,1,8247,2336,4,160,160,1
12,3,"[4, 2304, 0, 0, 0, 0, 0, 0, 0, 0, 0, 0, 0, 0, 0, 4, 2304, 0, 0, 0, 0, 0, 0, 0, 0, 0, 0, 0, 0, 0]",5,128,2304.0,27648.0,5263235783,5263243859,5263244134,5263246598,0,90015,90015,-1,1,8076,2464,4,160,160,1
16,3,"[4, 384, 2304, 1, 1, 0, 0, 0, 0, 0, 0, 0, 0, 0, 0, 4, 0, 0, 0, 0, 0, 0, 0, 0, 0, 0, 0, 0, 0, 0]",1728,128,884736.0,7077892.0,5263328018,5263336444,5263336613,5263366692,0,60800,60800,-1,1,8426,30079,4,160,160,1
12,3,"[4, 384, 2304, 1, 1, 0, 0, 0, 0, 0, 0, 0, 0, 0, 0, 4, 384, 2304, 1, 1, 0, 0, 0, 0, 0, 0, 0, 0, 0, 0]",1728,128,884736.0,10616832.0,5263418757,5263427111,5263427492,5263470691,0,46464,46464,-1,1,8354,43199,4,160,160,1
12,3,"[4, 384, 2304, 1, 1, 0, 0, 0, 0, 0, 0, 0, 0, 0, 0, 4, 384, 2304, 1, 1, 0, 0, 0, 0, 0, 0, 0, 0, 0, 0]",1728,128,884736.0,10616832.0,5263508884,5263516843,5263517155,5263562498,0,44384,44384,-1,1,7959,45343,4,160,160,1
16,3,"[4, 384, 0, 0, 0, 0, 0, 0, 0, 0, 0, 0, 0, 0, 0, 4, 0, 0, 0, 0, 0, 0, 0, 0, 0, 0, 0, 0, 0, 0]",1,128,384.0,3076.0,5263598220,5263606712,5263606882,5263609409,0,85855,85855,-1,1,8492,2527,4,160,160,1
12,3,"[4, 384, 0, 0, 0, 0, 0, 0, 0, 0, 0, 0, 0, 0, 0, 4, 384, 0, 0, 0, 0, 0, 0, 0, 0, 0, 0, 0, 0, 0]",1,128,384.0,4608.0,5263687192,5263694997,5263695264,5263698080,0,85055,85055,-1,1,7805,2816,4,160,160,1
12,3,"[4, 384, 0, 0, 0, 0, 0, 0, 0, 0, 0, 0, 0, 0, 0, 4, 384, 0, 0, 0, 0, 0, 0, 0, 0, 0, 0, 0, 0, 0]",1,128,384.0,4608.0,5263774890,5263782724,5263783135,5263785471,0,87263,87263,-1,1,7834,2336,4,160,160,1
16,3,"[4, 384, 0, 0, 0, 0, 0, 0, 0, 0, 0, 0, 0, 0, 0, 4, 0, 0, 0, 0, 0, 0, 0, 0, 0, 0, 0, 0, 0, 0]",1,128,384.0,3076.0,5263864335,5263874494,5263872734,5263875006,0,87839,87839,-1,1,10159,2272,4,160,160,1
12,3,"[4, 384, 0, 0, 0, 0, 0, 0, 0, 0, 0, 0, 0, 0, 0, 4, 384, 0, 0, 0, 0, 0, 0, 0, 0, 0, 0, 0, 0, 0]",1,128,384.0,4608.0,5263954781,5263962530,5263962845,5263965149,0,86847,86847,-1,1,7749,2304,4,160,160,1
12,3,"[4, 384, 0, 0, 0, 0, 0, 0, 0, 0, 0, 0, 0, 0, 0, 4, 384, 0, 0, 0, 0, 0, 0, 0, 0, 0, 0, 0, 0, 0]",1,128,384.0,4608.0,5264043904,5264051579,5264051996,5264054332,0,88927,88927,-1,1,7675,2336,4,160,160,1
16,3,"[4, 2304, 384, 1, 1, 0, 0, 0, 0, 0, 0, 0, 0, 0, 0, 4, 0, 0, 0, 0, 0, 0, 0, 0, 0, 0, 0, 0, 0, 0]",1728,128,884736.0,7077892.0,5264134681,5264143157,5264143259,5264173115,0,60319,60319,-1,1,8476,29856,4,160,160,1
12,3,"[4, 2304, 384, 1, 1, 0, 0, 0, 0, 0, 0, 0, 0, 0, 0, 4, 2304, 384, 1, 1, 0, 0, 0, 0, 0, 0, 0, 0, 0, 0]",1728,128,884736.0,10616832.0,5264225172,5264233108,5264233434,5264277369,0,46815,46815,-1,1,7936,43935,4,160,160,1
12,3,"[4, 2304, 384, 1, 1, 0, 0, 0, 0, 0, 0, 0, 0, 0, 0, 4, 2304, 384, 1, 1, 0, 0, 0, 0, 0, 0, 0, 0, 0, 0]",1728,128,884736.0,10616832.0,5264316043,5264323965,5264324184,5264368984,0,45055,45055,-1,1,7922,44800,4,160,160,1
16,3,"[4, 2304, 0, 0, 0, 0, 0, 0, 0, 0, 0, 0, 0, 0, 0, 4, 0, 0, 0, 0, 0, 0, 0, 0, 0, 0, 0, 0, 0, 0]",5,128,2304.0,18436.0,5264405688,5264413840,5264414039,5264416663,0,87167,87167,-1,1,8152,2624,4,160,160,1
12,3,"[4, 2304, 0, 0, 0, 0, 0, 0, 0, 0, 0, 0, 0, 0, 0, 4, 2304, 0, 0, 0, 0, 0, 0, 0, 0, 0, 0, 0, 0, 0]",5,128,2304.0,27648.0,5264495686,5264503522,5264503830,5264506422,0,87519,87519,-1,1,7836,2592,4,160,160,1
12,3,"[4, 2304, 0, 0, 0, 0, 0, 0, 0, 0, 0, 0, 0, 0, 0, 4, 2304, 0, 0, 0, 0, 0, 0, 0, 0, 0, 0, 0, 0, 0]",5,128,2304.0,27648.0,5264585722,5264593658,5264593941,5264596245,0,85823,85823,-1,1,7936,2304,4,160,160,1
16,3,"[4, 2304, 0, 0, 0, 0, 0, 0, 0, 0, 0, 0, 0, 0, 0, 4, 0, 0, 0, 0, 0, 0, 0, 0, 0, 0, 0, 0, 0, 0]",5,128,2304.0,18436.0,5264673331,5264681753,5264682068,5264684276,0,85791,85791,-1,1,8422,2208,4,160,160,1
12,3,"[4, 2304, 0, 0, 0, 0, 0, 0, 0, 0, 0, 0, 0, 0, 0, 4, 2304, 0, 0, 0, 0, 0, 0, 0, 0, 0, 0, 0, 0, 0]",5,128,2304.0,27648.0,5264761619,5264769653,5264770067,5264772403,0,84831,84831,-1,1,8034,2336,4,160,160,1
12,3,"[4, 2304, 0, 0, 0, 0, 0, 0, 0, 0, 0, 0, 0, 0, 0, 4, 2304, 0, 0, 0, 0, 0, 0, 0, 0, 0, 0, 0, 0, 0]",5,128,2304.0,27648.0,5264849137,5264858675,5264857234,5264859410,0,93758,93758,-1,1,9538,2176,4,160,160,1
16,3,"[4, 2304, 1, 3, 3, 0, 0, 0, 0, 0, 0, 0, 0, 0, 0, 4, 0, 0, 0, 0, 0, 0, 0, 0, 0, 0, 0, 0, 0, 0]",41,128,20736.0,165892.0,5264944468,5264952896,5264953168,5264955888,0,87391,87391,-1,1,8428,2720,4,160,160,1
12,3,"[4, 2304, 1, 3, 3, 0, 0, 0, 0, 0, 0, 0, 0, 0, 0, 4, 2304, 1, 3, 3, 0, 0, 0, 0, 0, 0, 0, 0, 0, 0]",41,128,20736.0,248832.0,5265034897,5265043029,5265043279,5265045999,0,85919,85919,-1,1,8132,2720,4,160,160,1
12,3,"[4, 2304, 1, 3, 3, 0, 0, 0, 0, 0, 0, 0, 0, 0, 0, 4, 2304, 1, 3, 3, 0, 0, 0, 0, 0, 0, 0, 0, 0, 0]",41,128,20736.0,248832.0,5265123677,5265131455,5265131918,5265134382,0,86239,86239,-1,1,7778,2464,4,160,160,1
16,3,"[4, 2304, 0, 0, 0, 0, 0, 0, 0, 0, 0, 0, 0, 0, 0, 4, 0, 0, 0, 0, 0, 0, 0, 0, 0, 0, 0, 0, 0, 0]",5,128,2304.0,18436.0,5265212011,5265220416,5265220621,5265222893,0,86495,86495,-1,1,8405,2272,4,160,160,1
12,3,"[4, 2304, 0, 0, 0, 0, 0, 0, 0, 0, 0, 0, 0, 0, 0, 4, 2304, 0, 0, 0, 0, 0, 0, 0, 0, 0, 0, 0, 0, 0]",5,128,2304.0,27648.0,5265301200,5265309181,5265309388,5265311692,0,88191,88191,-1,1,7981,2304,4,160,160,1
12,3,"[4, 2304, 0, 0, 0, 0, 0, 0, 0, 0, 0, 0, 0, 0, 0, 4, 2304, 0, 0, 0, 0, 0, 0, 0, 0, 0, 0, 0, 0, 0]",5,128,2304.0,27648.0,5265391640,5265399479,5265399883,5265402315,0,87935,87935,-1,1,7839,2432,4,160,160,1
16,3,"[4, 2304, 0, 0, 0, 0, 0, 0, 0, 0, 0, 0, 0, 0, 0, 4, 0, 0, 0, 0, 0, 0, 0, 0, 0, 0, 0, 0, 0, 0]",5,128,2304.0,18436.0,5265481588,5265489972,5265490250,5265492586,0,86622,86622,-1,1,8384,2336,4,160,160,1
12,3,"[4, 2304, 0, 0, 0, 0, 0, 0, 0, 0, 0, 0, 0, 0, 0, 4, 2304, 0, 0, 0, 0, 0, 0, 0, 0, 0, 0, 0, 0, 0]",5,128,2304.0,27648.0,5265571002,5265578891,5265579208,5265581544,0,93759,93759,-1,1,7889,2336,4,160,160,1
12,3,"[4, 2304, 0, 0, 0, 0, 0, 0, 0, 0, 0, 0, 0, 0, 0, 4, 2304, 0, 0, 0, 0, 0, 0, 0, 0, 0, 0, 0, 0, 0]",5,128,2304.0,27648.0,5265666421,5265674892,5265675303,5265677703,0,92351,92351,-1,1,8471,2400,4,160,160,1
16,3,"[4, 96, 2304, 1, 1, 0, 0, 0, 0, 0, 0, 0, 0, 0, 0, 4, 0, 0, 0, 0, 0, 0, 0, 0, 0, 0, 0, 0, 0, 0]",432,128,221184.0,1769476.0,5265761599,5265769875,5265770054,5265777414,0,83135,83135,-1,1,8276,7360,4,160,160,1
12,3,"[4, 96, 2304, 1, 1, 0, 0, 0, 0, 0, 0, 0, 0, 0, 0, 4, 96, 2304, 1, 1, 0, 0, 0, 0, 0, 0, 0, 0, 0, 0]",432,128,221184.0,2654208.0,5265851910,5265862177,5265860549,5265867141,0,85375,85375,-1,1,10267,6592,4,160,160,1
12,3,"[4, 96, 2304, 1, 1, 0, 0, 0, 0, 0, 0, 0, 0, 0, 0, 4, 96, 2304, 1, 1, 0, 0, 0, 0, 0, 0, 0, 0, 0, 0]",432,128,221184.0,2654208.0,5265944326,5265952217,5265952516,5265959684,0,82943,82943,-1,1,7891,7168,4,160,160,1
16,3,"[4, 96, 0, 0, 0, 0, 0, 0, 0, 0, 0, 0, 0, 0, 0, 4, 0, 0, 0, 0, 0, 0, 0, 0, 0, 0, 0, 0, 0, 0]",1,128,96.0,772.0,5266034061,5266042412,5266042627,5266044738,0,228605,228605,-1,1,8351,2111,4,160,160,1
12,3,"[4, 96, 0, 0, 0, 0, 0, 0, 0, 0, 0, 0, 0, 0, 0, 4, 96, 0, 0, 0, 0, 0, 0, 0, 0, 0, 0, 0, 0, 0]",1,128,96.0,1152.0,5266263093,5266273384,5266273343,5266275648,0,97726,97726,-1,1,10291,2305,4,160,160,1
12,3,"[4, 96, 0, 0, 0, 0, 0, 0, 0, 0, 0, 0, 0, 0, 0, 4, 96, 0, 0, 0, 0, 0, 0, 0, 0, 0, 0, 0, 0, 0]",1,128,96.0,1152.0,5266364511,5266373063,5266373374,5266375742,0,91583,91583,-1,1,8552,2368,4,160,160,1
16,3,"[4, 2304, 96, 1, 1, 0, 0, 0, 0, 0, 0, 0, 0, 0, 0, 4, 0, 0, 0, 0, 0, 0, 0, 0, 0, 0, 0, 0, 0, 0]",432,128,221184.0,1769476.0,5266458652,5266467297,5266467325,5266475229,0,83935,83935,-1,1,8645,7904,4,160,160,1
12,3,"[4, 2304, 96, 1, 1, 0, 0, 0, 0, 0, 0, 0, 0, 0, 0, 4, 2304, 96, 1, 1, 0, 0, 0, 0, 0, 0, 0, 0, 0, 0]",432,128,221184.0,2654208.0,5266550732,5266558774,5266559164,5266565788,0,84639,84639,-1,1,8042,6624,4,160,160,1
12,3,"[4, 2304, 96, 1, 1, 0, 0, 0, 0, 0, 0, 0, 0, 0, 0, 4, 2304, 96, 1, 1, 0, 0, 0, 0, 0, 0, 0, 0, 0, 0]",432,128,221184.0,2654208.0,5266641637,5266650077,5266650427,5266657435,0,82015,82015,-1,1,8440,7008,4,160,160,1
16,3,"[4, 2304, 0, 0, 0, 0, 0, 0, 0, 0, 0, 0, 0, 0, 0, 4, 0, 0, 0, 0, 0, 0, 0, 0, 0, 0, 0, 0, 0, 0]",5,128,2304.0,18436.0,5266730854,5266739197,5266739450,5266741722,0,86975,86975,-1,1,8343,2272,4,160,160,1
12,3,"[4, 2304, 0, 0, 0, 0, 0, 0, 0, 0, 0, 0, 0, 0, 0, 4, 2304, 0, 0, 0, 0, 0, 0, 0, 0, 0, 0, 0, 0, 0]",5,128,2304.0,27648.0,5266819970,5266828686,5266828697,5266831033,0,88126,88126,-1,1,8716,2336,4,160,160,1
12,3,"[4, 2304, 0, 0, 0, 0, 0, 0, 0, 0, 0, 0, 0, 0, 0, 4, 2304, 0, 0, 0, 0, 0, 0, 0, 0, 0, 0, 0, 0, 0]",5,128,2304.0,27648.0,5266910968,5266918794,5266919159,5266921367,0,89695,89695,-1,1,7826,2208,4,160,160,1
16,3,"[4, 384, 2304, 1, 1, 0, 0, 0, 0, 0, 0, 0, 0, 0, 0, 4, 0, 0, 0, 0, 0, 0, 0, 0, 0, 0, 0, 0, 0, 0]",1728,128,884736.0,7077892.0,5267002324,5267013565,5267011062,5267041270,0,65151,65151,-1,1,11241,30208,4,160,160,1
12,3,"[4, 384, 2304, 1, 1, 0, 0, 0, 0, 0, 0, 0, 0, 0, 0, 4, 384, 2304, 1, 1, 0, 0, 0, 0, 0, 0, 0, 0, 0, 0]",1728,128,884736.0,10616832.0,5267098011,5267106113,5267106421,5267149845,0,47071,47071,-1,1,8102,43424,4,160,160,1
12,3,"[4, 384, 2304, 1, 1, 0, 0, 0, 0, 0, 0, 0, 0, 0, 0, 4, 384, 2304, 1, 1, 0, 0, 0, 0, 0, 0, 0, 0, 0, 0]",1728,128,884736.0,10616832.0,5267188410,5267196660,5267196916,5267242419,0,44928,44928,-1,1,8250,45503,4,160,160,1
16,3,"[4, 384, 0, 0, 0, 0, 0, 0, 0, 0, 0, 0, 0, 0, 0, 4, 0, 0, 0, 0, 0, 0, 0, 0, 0, 0, 0, 0, 0, 0]",1,128,384.0,3076.0,5267278682,5267287087,5267287347,5267289907,0,87358,87358,-1,1,8405,2560,4,160,160,1
12,3,"[4, 384, 0, 0, 0, 0, 0, 0, 0, 0, 0, 0, 0, 0, 0, 4, 384, 0, 0, 0, 0, 0, 0, 0, 0, 0, 0, 0, 0, 0]",1,128,384.0,4608.0,5267369030,5267376930,5267377265,5267379921,0,87904,87904,-1,1,7900,2656,4,160,160,1
12,3,"[4, 384, 0, 0, 0, 0, 0, 0, 0, 0, 0, 0, 0, 0, 0, 4, 384, 0, 0, 0, 0, 0, 0, 0, 0, 0, 0, 0, 0, 0]",1,128,384.0,4608.0,5267459536,5267467547,5267467825,5267470416,0,85663,85663,-1,1,8011,2591,4,160,160,1
16,3,"[4, 384, 0, 0, 0, 0, 0, 0, 0, 0, 0, 0, 0, 0, 0, 4, 0, 0, 0, 0, 0, 0, 0, 0, 0, 0, 0, 0, 0, 0]",1,128,384.0,3076.0,5267547571,5267555858,5267556079,5267558415,0,86943,86943,-1,1,8287,2336,4,160,160,1
12,3,"[4, 384, 0, 0, 0, 0, 0, 0, 0, 0, 0, 0, 0, 0, 0, 4, 384, 0, 0, 0, 0, 0, 0, 0, 0, 0, 0, 0, 0, 0]",1,128,384.0,4608.0,5267637131,5267645093,5267645358,5267647822,0,86431,86431,-1,1,7962,2464,4,160,160,1
12,3,"[4, 384, 0, 0, 0, 0, 0, 0, 0, 0, 0, 0, 0, 0, 0, 4, 384, 0, 0, 0, 0, 0, 0, 0, 0, 0, 0, 0, 0, 0]",1,128,384.0,4608.0,5267725971,5267733982,5267734253,5267736525,0,88479,88479,-1,1,8011,2272,4,160,160,1
16,3,"[4, 2304, 384, 1, 1, 0, 0, 0, 0, 0, 0, 0, 0, 0, 0, 4, 0, 0, 0, 0, 0, 0, 0, 0, 0, 0, 0, 0, 0, 0]",1728,128,884736.0,7077892.0,5267816221,5267824790,5267825004,5267854763,0,59584,59584,-1,1,8569,29759,4,160,160,1
12,3,"[4, 2304, 384, 1, 1, 0, 0, 0, 0, 0, 0, 0, 0, 0, 0, 4, 2304, 384, 1, 1, 0, 0, 0, 0, 0, 0, 0, 0, 0, 0]",1728,128,884736.0,10616832.0,5267906053,5267913925,5267914347,5267957162,0,48896,48896,-1,1,7872,42815,4,160,160,1
12,3,"[4, 2304, 384, 1, 1, 0, 0, 0, 0, 0, 0, 0, 0, 0, 0, 4, 2304, 384, 1, 1, 0, 0, 0, 0, 0, 0, 0, 0, 0, 0]",1728,128,884736.0,10616832.0,5267997542,5268005702,5268006058,5268051721,0,42975,42975,-1,1,8160,45663,4,160,160,1
16,3,"[4, 2304, 0, 0, 0, 0, 0, 0, 0, 0, 0, 0, 0, 0, 0, 4, 0, 0, 0, 0, 0, 0, 0, 0, 0, 0, 0, 0, 0, 0]",5,128,2304.0,18436.0,5268086484,5268094588,5268094696,5268097256,0,85951,85951,-1,1,8104,2560,4,160,160,1
12,3,"[4, 2304, 0, 0, 0, 0, 0, 0, 0, 0, 0, 0, 0, 0, 0, 4, 2304, 0, 0, 0, 0, 0, 0, 0, 0, 0, 0, 0, 0, 0]",5,128,2304.0,27648.0,5268174990,5268182851,5268183207,5268185863,0,86687,86687,-1,1,7861,2656,4,160,160,1
12,3,"[4, 2304, 0, 0, 0, 0, 0, 0, 0, 0, 0, 0, 0, 0, 0, 4, 2304, 0, 0, 0, 0, 0, 0, 0, 0, 0, 0, 0, 0, 0]",5,128,2304.0,27648.0,5268264577,5268272211,5268272550,5268274822,0,86687,86687,-1,1,7634,2272,4,160,160,1
16,3,"[4, 2304, 0, 0, 0, 0, 0, 0, 0, 0, 0, 0, 0, 0, 0, 4, 0, 0, 0, 0, 0, 0, 0, 0, 0, 0, 0, 0, 0, 0]",5,128,2304.0,18436.0,5268353156,5268361310,5268361509,5268363845,0,86751,86751,-1,1,8154,2336,4,160,160,1
12,3,"[4, 2304, 0, 0, 0, 0, 0, 0, 0, 0, 0, 0, 0, 0, 0, 4, 2304, 0, 0, 0, 0, 0, 0, 0, 0, 0, 0, 0, 0, 0]",5,128,2304.0,27648.0,5268442015,5268450179,5268450596,5268452868,0,86431,86431,-1,1,8164,2272,4,160,160,1
12,3,"[4, 2304, 0, 0, 0, 0, 0, 0, 0, 0, 0, 0, 0, 0, 0, 4, 2304, 0, 0, 0, 0, 0, 0, 0, 0, 0, 0, 0, 0, 0]",5,128,2304.0,27648.0,5268531216,5268539008,5268539299,5268541635,0,87327,87327,-1,1,7792,2336,4,160,160,1
16,3,"[4, 2304, 1, 3, 3, 0, 0, 0, 0, 0, 0, 0, 0, 0, 0, 4, 0, 0, 0, 0, 0, 0, 0, 0, 0, 0, 0, 0, 0, 0]",41,128,20736.0,165892.0,5268620531,5268628663,5268628962,5268631554,0,86111,86111,-1,1,8132,2592,4,160,160,1
12,3,"[4, 2304, 1, 3, 3, 0, 0, 0, 0, 0, 0, 0, 0, 0, 0, 4, 2304, 1, 3, 3, 0, 0, 0, 0, 0, 0, 0, 0, 0, 0]",41,128,20736.0,248832.0,5268709232,5268717177,5268717665,5268720320,0,86688,86688,-1,1,7945,2655,4,160,160,1
12,3,"[4, 2304, 1, 3, 3, 0, 0, 0, 0, 0, 0, 0, 0, 0, 0, 4, 2304, 1, 3, 3, 0, 0, 0, 0, 0, 0, 0, 0, 0, 0]",41,128,20736.0,248832.0,5268798894,5268806737,5268807008,5268809408,0,87582,87582,-1,1,7843,2400,4,160,160,1
16,3,"[4, 2304, 0, 0, 0, 0, 0, 0, 0, 0, 0, 0, 0, 0, 0, 4, 0, 0, 0, 0, 0, 0, 0, 0, 0, 0, 0, 0, 0, 0]",5,128,2304.0,18436.0,5268888594,5268896743,5268896990,5268899262,0,91295,91295,-1,1,8149,2272,4,160,160,1
12,3,"[4, 2304, 0, 0, 0, 0, 0, 0, 0, 0, 0, 0, 0, 0, 0, 4, 2304, 0, 0, 0, 0, 0, 0, 0, 0, 0, 0, 0, 0, 0]",5,128,2304.0,27648.0,5268982045,5268990296,5268990557,5268992925,0,86783,86783,-1,1,8251,2368,4,160,160,1
12,3,"[4, 2304, 0, 0, 0, 0, 0, 0, 0, 0, 0, 0, 0, 0, 0, 4, 2304, 0, 0, 0, 0, 0, 0, 0, 0, 0, 0, 0, 0, 0]",5,128,2304.0,27648.0,5269071203,5269079208,5269079708,5269082044,0,85535,85535,-1,1,8005,2336,4,160,160,1
16,3,"[4, 2304, 0, 0, 0, 0, 0, 0, 0, 0, 0, 0, 0, 0, 0, 4, 0, 0, 0, 0, 0, 0, 0, 0, 0, 0, 0, 0, 0, 0]",5,128,2304.0,18436.0,5269159238,5269167577,5269167579,5269169915,0,85919,85919,-1,1,8339,2336,4,160,160,1
12,3,"[4, 2304, 0, 0, 0, 0, 0, 0, 0, 0, 0, 0, 0, 0, 0, 4, 2304, 0, 0, 0, 0, 0, 0, 0, 0, 0, 0, 0, 0, 0]",5,128,2304.0,27648.0,5269247409,5269255556,5269255834,5269258202,0,86207,86207,-1,1,8147,2368,4,160,160,1
12,3,"[4, 2304, 0, 0, 0, 0, 0, 0, 0, 0, 0, 0, 0, 0, 0, 4, 2304, 0, 0, 0, 0, 0, 0, 0, 0, 0, 0, 0, 0, 0]",5,128,2304.0,27648.0,5269336105,5269343967,5269344409,5269346969,0,86463,86463,-1,1,7862,2560,4,160,160,1
16,3,"[4, 96, 2304, 1, 1, 0, 0, 0, 0, 0, 0, 0, 0, 0, 0, 4, 0, 0, 0, 0, 0, 0, 0, 0, 0, 0, 0, 0, 0, 0]",432,128,221184.0,1769476.0,5269425076,5269433165,5269433432,5269440791,0,82751,82751,-1,1,8089,7359,4,160,160,1
12,3,"[4, 96, 2304, 1, 1, 0, 0, 0, 0, 0, 0, 0, 0, 0, 0, 4, 96, 2304, 1, 1, 0, 0, 0, 0, 0, 0, 0, 0, 0, 0]",432,128,221184.0,2654208.0,5269515243,5269523251,5269523542,5269529910,0,82783,82783,-1,1,8008,6368,4,160,160,1
12,3,"[4, 96, 2304, 1, 1, 0, 0, 0, 0, 0, 0, 0, 0, 0, 0, 4, 96, 2304, 1, 1, 0, 0, 0, 0, 0, 0, 0, 0, 0, 0]",432,128,221184.0,2654208.0,5269604530,5269612313,5269612693,5269619797,0,91135,91135,-1,1,7783,7104,4,160,160,1
16,3,"[4, 96, 0, 0, 0, 0, 0, 0, 0, 0, 0, 0, 0, 0, 0, 4, 0, 0, 0, 0, 0, 0, 0, 0, 0, 0, 0, 0, 0, 0]",1,128,96.0,772.0,5269701947,5269710845,5269710932,5269713044,0,89471,89471,-1,1,8898,2112,4,160,160,1
12,3,"[4, 96, 0, 0, 0, 0, 0, 0, 0, 0, 0, 0, 0, 0, 0, 4, 96, 0, 0, 0, 0, 0, 0, 0, 0, 0, 0, 0, 0, 0]",1,128,96.0,1152.0,5269793620,5269801686,5269802515,5269804691,0,88063,88063,-1,1,8066,2176,4,160,160,1
12,3,"[4, 96, 0, 0, 0, 0, 0, 0, 0, 0, 0, 0, 0, 0, 0, 4, 96, 0, 0, 0, 0, 0, 0, 0, 0, 0, 0, 0, 0, 0]",1,128,96.0,1152.0,5269884136,5269891938,5269892754,5269894898,0,90910,90910,-1,1,7802,2144,4,160,160,1
16,3,"[4, 2304, 96, 1, 1, 0, 0, 0, 0, 0, 0, 0, 0, 0, 0, 4, 0, 0, 0, 0, 0, 0, 0, 0, 0, 0, 0, 0, 0, 0]",432,128,221184.0,1769476.0,5269977220,5269985734,5269985808,5269993681,0,235773,235773,-1,1,8514,7873,4,160,160,1
12,3,"[4, 2304, 96, 1, 1, 0, 0, 0, 0, 0, 0, 0, 0, 0, 0, 4, 2304, 96, 1, 1, 0, 0, 0, 0, 0, 0, 0, 0, 0, 0]",432,128,221184.0,2654208.0,5270218262,5270228667,5270229454,5270235917,0,90495,90495,-1,1,10405,6463,4,160,160,1
12,3,"[4, 2304, 96, 1, 1, 0, 0, 0, 0, 0, 0, 0, 0, 0, 0, 4, 2304, 96, 1, 1, 0, 0, 0, 0, 0, 0, 0, 0, 0, 0]",432,128,221184.0,2654208.0,5270316978,5270325450,5270326412,5270333388,0,87167,87167,-1,1,8472,6976,4,160,160,1
16,3,"[4, 2304, 0, 0, 0, 0, 0, 0, 0, 0, 0, 0, 0, 0, 0, 4, 0, 0, 0, 0, 0, 0, 0, 0, 0, 0, 0, 0, 0, 0]",5,128,2304.0,18436.0,5270411846,5270420566,5270420555,5270422763,0,87839,87839,-1,1,8720,2208,4,160,160,1
12,3,"[4, 2304, 0, 0, 0, 0, 0, 0, 0, 0, 0, 0, 0, 0, 0, 4, 2304, 0, 0, 0, 0, 0, 0, 0, 0, 0, 0, 0, 0, 0]",5,128,2304.0,27648.0,5270501587,5270509592,5270510602,5270512970,0,86911,86911,-1,1,8005,2368,4,160,160,1
12,3,"[4, 2304, 0, 0, 0, 0, 0, 0, 0, 0, 0, 0, 0, 0, 0, 4, 2304, 0, 0, 0, 0, 0, 0, 0, 0, 0, 0, 0, 0, 0]",5,128,2304.0,27648.0,5270591661,5270599543,5270599881,5270602249,0,89983,89983,-1,1,7882,2368,4,160,160,1
16,3,"[4, 384, 2304, 1, 1, 0, 0, 0, 0, 0, 0, 0, 0, 0, 0, 4, 0, 0, 0, 0, 0, 0, 0, 0, 0, 0, 0, 0, 0, 0]",1728,128,884736.0,7077892.0,5270683334,5270691671,5270692232,5270722023,0,60800,60800,-1,1,8337,29791,4,160,160,1
12,3,"[4, 384, 2304, 1, 1, 0, 0, 0, 0, 0, 0, 0, 0, 0, 0, 4, 384, 2304, 1, 1, 0, 0, 0, 0, 0, 0, 0, 0, 0, 0]",1728,128,884736.0,10616832.0,5270774469,5270782485,5270782823,5270826438,0,46847,46847,-1,1,8016,43615,4,160,160,1
12,3,"[4, 384, 2304, 1, 1, 0, 0, 0, 0, 0, 0, 0, 0, 0, 0, 4, 384, 2304, 1, 1, 0, 0, 0, 0, 0, 0, 0, 0, 0, 0]",1728,128,884736.0,10616832.0,5270864591,5270873007,5270873285,5270918597,0,44671,44671,-1,1,8416,45312,4,160,160,1
16,3,"[4, 384, 0, 0, 0, 0, 0, 0, 0, 0, 0, 0, 0, 0, 0, 4, 0, 0, 0, 0, 0, 0, 0, 0, 0, 0, 0, 0, 0, 0]",1,128,384.0,3076.0,5270954695,5270963079,5270963268,5270965988,0,90271,90271,-1,1,8384,2720,4,160,160,1
12,3,"[4, 384, 0, 0, 0, 0, 0, 0, 0, 0, 0, 0, 0, 0, 0, 4, 384, 0, 0, 0, 0, 0, 0, 0, 0, 0, 0, 0, 0, 0]",1,128,384.0,4608.0,5271047844,5271055907,5271056259,5271058947,0,89983,89983,-1,1,8063,2688,4,160,160,1
12,3,"[4, 384, 0, 0, 0, 0, 0, 0, 0, 0, 0, 0, 0, 0, 0, 4, 384, 0, 0, 0, 0, 0, 0, 0, 0, 0, 0, 0, 0, 0]",1,128,384.0,4608.0,5271140553,5271148476,5271148930,5271151202,0,88223,88223,-1,1,7923,2272,4,160,160,1
16,3,"[4, 384, 0, 0, 0, 0, 0, 0, 0, 0, 0, 0, 0, 0, 0, 4, 0, 0, 0, 0, 0, 0, 0, 0, 0, 0, 0, 0, 0, 0]",1,128,384.0,3076.0,5271230696,5271239187,5271239425,5271241600,0,86016,86016,-1,1,8491,2175,4,160,160,1
12,3,"[4, 384, 0, 0, 0, 0, 0, 0, 0, 0, 0, 0, 0, 0, 0, 4, 384, 0, 0, 0, 0, 0, 0, 0, 0, 0, 0, 0, 0, 0]",1,128,384.0,4608.0,5271319352,5271327286,5271327616,5271329919,0,87007,87007,-1,1,7934,2303,4,160,160,1
12,3,"[4, 384, 0, 0, 0, 0, 0, 0, 0, 0, 0, 0, 0, 0, 0, 4, 384, 0, 0, 0, 0, 0, 0, 0, 0, 0, 0, 0, 0, 0]",1,128,384.0,4608.0,5271408442,5271416520,5271416926,5271419198,0,91487,91487,-1,1,8078,2272,4,160,160,1
16,3,"[4, 2304, 384, 1, 1, 0, 0, 0, 0, 0, 0, 0, 0, 0, 0, 4, 0, 0, 0, 0, 0, 0, 0, 0, 0, 0, 0, 0, 0, 0]",1728,128,884736.0,7077892.0,5271501776,5271510474,5271510685,5271540957,0,59615,59615,-1,1,8698,30272,4,160,160,1
12,3,"[4, 2304, 384, 1, 1, 0, 0, 0, 0, 0, 0, 0, 0, 0, 0, 4, 2304, 384, 1, 1, 0, 0, 0, 0, 0, 0, 0, 0, 0, 0]",1728,128,884736.0,10616832.0,5271592260,5271600216,5271600572,5271643355,0,46368,46368,-1,1,7956,42783,4,160,160,1
12,3,"[4, 2304, 384, 1, 1, 0, 0, 0, 0, 0, 0, 0, 0, 0, 0, 4, 2304, 384, 1, 1, 0, 0, 0, 0, 0, 0, 0, 0, 0, 0]",1728,128,884736.0,10616832.0,5271681542,5271689394,5271689723,5271735226,0,44288,44288,-1,1,7852,45503,4,160,160,1
16,3,"[4, 2304, 0, 0, 0, 0, 0, 0, 0, 0, 0, 0, 0, 0, 0, 4, 0, 0, 0, 0, 0, 0, 0, 0, 0, 0, 0, 0, 0, 0]",5,128,2304.0,18436.0,5271770987,5271779331,5271779514,5271782106,0,86623,86623,-1,1,8344,2592,4,160,160,1
12,3,"[4, 2304, 0, 0, 0, 0, 0, 0, 0, 0, 0, 0, 0, 0, 0, 4, 2304, 0, 0, 0, 0, 0, 0, 0, 0, 0, 0, 0, 0, 0]",5,128,2304.0,27648.0,5271860381,5271868391,5271868729,5271871417,0,85054,85054,-1,1,8010,2688,4,160,160,1
12,3,"[4, 2304, 0, 0, 0, 0, 0, 0, 0, 0, 0, 0, 0, 0, 0, 4, 2304, 0, 0, 0, 0, 0, 0, 0, 0, 0, 0, 0, 0, 0]",5,128,2304.0,27648.0,5271948477,5271956011,5271956471,5271958775,0,85247,85247,-1,1,7534,2304,4,160,160,1
16,3,"[4, 2304, 0, 0, 0, 0, 0, 0, 0, 0, 0, 0, 0, 0, 0, 4, 0, 0, 0, 0, 0, 0, 0, 0, 0, 0, 0, 0, 0, 0]",5,128,2304.0,18436.0,5272035733,5272045664,5272044022,5272046262,0,88767,88767,-1,1,9931,2240,4,160,160,1
12,3,"[4, 2304, 0, 0, 0, 0, 0, 0, 0, 0, 0, 0, 0, 0, 0, 4, 2304, 0, 0, 0, 0, 0, 0, 0, 0, 0, 0, 0, 0, 0]",5,128,2304.0,27648.0,5272126703,5272134627,5272135029,5272137365,0,85663,85663,-1,1,7924,2336,4,160,160,1
12,3,"[4, 2304, 0, 0, 0, 0, 0, 0, 0, 0, 0, 0, 0, 0, 0, 4, 2304, 0, 0, 0, 0, 0, 0, 0, 0, 0, 0, 0, 0, 0]",5,128,2304.0,27648.0,5272214869,5272222674,5272223028,5272225236,0,89375,89375,-1,1,7805,2208,4,160,160,1
16,3,"[4, 2304, 1, 3, 3, 0, 0, 0, 0, 0, 0, 0, 0, 0, 0, 4, 0, 0, 0, 0, 0, 0, 0, 0, 0, 0, 0, 0, 0, 0]",41,128,20736.0,165892.0,5272306266,5272314282,5272314611,5272317203,0,87775,87775,-1,1,8016,2592,4,160,160,1
12,3,"[4, 2304, 1, 3, 3, 0, 0, 0, 0, 0, 0, 0, 0, 0, 0, 4, 2304, 1, 3, 3, 0, 0, 0, 0, 0, 0, 0, 0, 0, 0]",41,128,20736.0,248832.0,5272396946,5272404577,5272404978,5272407698,0,87007,87007,-1,1,7631,2720,4,160,160,1
12,3,"[4, 2304, 1, 3, 3, 0, 0, 0, 0, 0, 0, 0, 0, 0, 0, 4, 2304, 1, 3, 3, 0, 0, 0, 0, 0, 0, 0, 0, 0, 0]",41,128,20736.0,248832.0,5272486646,5272494262,5272494705,5272497137,0,85630,85630,-1,1,7616,2432,4,160,160,1
16,3,"[4, 2304, 0, 0, 0, 0, 0, 0, 0, 0, 0, 0, 0, 0, 0, 4, 0, 0, 0, 0, 0, 0, 0, 0, 0, 0, 0, 0, 0, 0]",5,128,2304.0,18436.0,5272574527,5272582644,5272582767,5272584944,0,86334,86334,-1,1,8117,2177,4,160,160,1
12,3,"[4, 2304, 0, 0, 0, 0, 0, 0, 0, 0, 0, 0, 0, 0, 0, 4, 2304, 0, 0, 0, 0, 0, 0, 0, 0, 0, 0, 0, 0, 0]",5,128,2304.0,27648.0,5272662998,5272670877,5272671278,5272673550,0,85919,85919,-1,1,7879,2272,4,160,160,1
12,3,"[4, 2304, 0, 0, 0, 0, 0, 0, 0, 0, 0, 0, 0, 0, 0, 4, 2304, 0, 0, 0, 0, 0, 0, 0, 0, 0, 0, 0, 0, 0]",5,128,2304.0,27648.0,5272751508,5272759047,5272759469,5272761805,0,85983,85983,-1,1,7539,2336,4,160,160,1
16,3,"[4, 2304, 0, 0, 0, 0, 0, 0, 0, 0, 0, 0, 0, 0, 0, 4, 0, 0, 0, 0, 0, 0, 0, 0, 0, 0, 0, 0, 0, 0]",5,128,2304.0,18436.0,5272838965,5272847460,5272847788,5272849964,0,87679,87679,-1,1,8495,2176,4,160,160,1
12,3,"[4, 2304, 0, 0, 0, 0, 0, 0, 0, 0, 0, 0, 0, 0, 0, 4, 2304, 0, 0, 0, 0, 0, 0, 0, 0, 0, 0, 0, 0, 0]",5,128,2304.0,27648.0,5272929354,5272937352,5272937643,5272939979,0,90783,90783,-1,1,7998,2336,4,160,160,1
12,3,"[4, 2304, 0, 0, 0, 0, 0, 0, 0, 0, 0, 0, 0, 0, 0, 4, 2304, 0, 0, 0, 0, 0, 0, 0, 0, 0, 0, 0, 0, 0]",5,128,2304.0,27648.0,5273022307,5273031675,5273030762,5273033002,0,91071,91071,-1,1,9368,2240,4,160,160,1
16,3,"[4, 96, 2304, 1, 1, 0, 0, 0, 0, 0, 0, 0, 0, 0, 0, 4, 0, 0, 0, 0, 0, 0, 0, 0, 0, 0, 0, 0, 0, 0]",432,128,221184.0,1769476.0,5273115082,5273123798,5273124073,5273131017,0,83999,83999,-1,1,8716,6944,4,160,160,1
12,3,"[4, 96, 2304, 1, 1, 0, 0, 0, 0, 0, 0, 0, 0, 0, 0, 4, 96, 2304, 1, 1, 0, 0, 0, 0, 0, 0, 0, 0, 0, 0]",432,128,221184.0,2654208.0,5273206678,5273214578,5273215016,5273221480,0,83007,83007,-1,1,7900,6464,4,160,160,1
12,3,"[4, 96, 2304, 1, 1, 0, 0, 0, 0, 0, 0, 0, 0, 0, 0, 4, 96, 2304, 1, 1, 0, 0, 0, 0, 0, 0, 0, 0, 0, 0]",432,128,221184.0,2654208.0,5273296345,5273304192,5273304487,5273311462,0,83007,83007,-1,1,7847,6975,4,160,160,1
16,3,"[4, 96, 0, 0, 0, 0, 0, 0, 0, 0, 0, 0, 0, 0, 0, 4, 0, 0, 0, 0, 0, 0, 0, 0, 0, 0, 0, 0, 0, 0]",1,128,96.0,772.0,5273385681,5273393917,5273394469,5273396645,0,87103,87103,-1,1,8236,2176,4,160,160,1
12,3,"[4, 96, 0, 0, 0, 0, 0, 0, 0, 0, 0, 0, 0, 0, 0, 4, 96, 0, 0, 0, 0, 0, 0, 0, 0, 0, 0, 0, 0, 0]",1,128,96.0,1152.0,5273475585,5273483491,5273483748,5273485956,0,86111,86111,-1,1,7906,2208,4,160,160,1
12,3,"[4, 96, 0, 0, 0, 0, 0, 0, 0, 0, 0, 0, 0, 0, 0, 4, 96, 0, 0, 0, 0, 0, 0, 0, 0, 0, 0, 0, 0, 0]",1,128,96.0,1152.0,5273563871,5273571705,5273572067,5273574275,0,97055,97055,-1,1,7834,2208,4,160,160,1
16,3,"[4, 2304, 96, 1, 1, 0, 0, 0, 0, 0, 0, 0, 0, 0, 0, 4, 0, 0, 0, 0, 0, 0, 0, 0, 0, 0, 0, 0, 0, 0]",432,128,221184.0,1769476.0,5273662345,5273671123,5273671330,5273679650,0,86271,86271,-1,1,8778,8320,4,160,160,1
12,3,"[4, 2304, 96, 1, 1, 0, 0, 0, 0, 0, 0, 0, 0, 0, 0, 4, 2304, 96, 1, 1, 0, 0, 0, 0, 0, 0, 0, 0, 0, 0]",432,128,221184.0,2654208.0,5273757534,5273765665,5273765921,5273772544,0,84959,84959,-1,1,8131,6623,4,160,160,1
12,3,"[4, 2304, 96, 1, 1, 0, 0, 0, 0, 0, 0, 0, 0, 0, 0, 4, 2304, 96, 1, 1, 0, 0, 0, 0, 0, 0, 0, 0, 0, 0]",432,128,221184.0,2654208.0,5273849420,5273857172,5273857503,5273864639,0,232093,232093,-1,1,7752,7136,4,160,160,1
16,3,"[4, 2304, 0, 0, 0, 0, 0, 0, 0, 0, 0, 0, 0, 0, 0, 4, 0, 0, 0, 0, 0, 0, 0, 0, 0, 0, 0, 0, 0, 0]",5,128,2304.0,18436.0,5274086016,5274096692,5274096732,5274099069,0,99550,99550,-1,1,10676,2337,4,160,160,1
12,3,"[4, 2304, 0, 0, 0, 0, 0, 0, 0, 0, 0, 0, 0, 0, 0, 4, 2304, 0, 0, 0, 0, 0, 0, 0, 0, 0, 0, 0, 0, 0]",5,128,2304.0,27648.0,5274189442,5274200975,5274198619,5274200891,0,94431,94431,-1,1,11533,2272,4,160,160,1
12,3,"[4, 2304, 0, 0, 0, 0, 0, 0, 0, 0, 0, 0, 0, 0, 0, 4, 2304, 0, 0, 0, 0, 0, 0, 0, 0, 0, 0, 0, 0, 0]",5,128,2304.0,27648.0,5274286499,5274295000,5274295322,5274297658,0,91007,91007,-1,1,8501,2336,4,160,160,1
16,3,"[4, 384, 2304, 1, 1, 0, 0, 0, 0, 0, 0, 0, 0, 0, 0, 4, 0, 0, 0, 0, 0, 0, 0, 0, 0, 0, 0, 0, 0, 0]",1728,128,884736.0,7077892.0,5274380242,5274388561,5274388665,5274419000,0,61599,61599,-1,1,8319,30335,4,160,160,1
12,3,"[4, 384, 2304, 1, 1, 0, 0, 0, 0, 0, 0, 0, 0, 0, 0, 4, 384, 2304, 1, 1, 0, 0, 0, 0, 0, 0, 0, 0, 0, 0]",1728,128,884736.0,10616832.0,5274472206,5274480140,5274480599,5274523959,0,47071,47071,-1,1,7934,43360,4,160,160,1
12,3,"[4, 384, 2304, 1, 1, 0, 0, 0, 0, 0, 0, 0, 0, 0, 0, 4, 384, 2304, 1, 1, 0, 0, 0, 0, 0, 0, 0, 0, 0, 0]",1728,128,884736.0,10616832.0,5274562411,5274570667,5274571030,5274616086,0,45759,45759,-1,1,8256,45056,4,160,160,1
16,3,"[4, 384, 0, 0, 0, 0, 0, 0, 0, 0, 0, 0, 0, 0, 0, 4, 0, 0, 0, 0, 0, 0, 0, 0, 0, 0, 0, 0, 0, 0]",1,128,384.0,3076.0,5274653355,5274661578,5274661845,5274664469,0,86207,86207,-1,1,8223,2624,4,160,160,1
12,3,"[4, 384, 0, 0, 0, 0, 0, 0, 0, 0, 0, 0, 0, 0, 0, 4, 384, 0, 0, 0, 0, 0, 0, 0, 0, 0, 0, 0, 0, 0]",1,128,384.0,4608.0,5274742563,5274750382,5274750676,5274753332,0,87647,87647,-1,1,7819,2656,4,160,160,1
12,3,"[4, 384, 0, 0, 0, 0, 0, 0, 0, 0, 0, 0, 0, 0, 0, 4, 384, 0, 0, 0, 0, 0, 0, 0, 0, 0, 0, 0, 0, 0]",1,128,384.0,4608.0,5274832753,5274840580,5274840979,5274843315,0,87263,87263,-1,1,7827,2336,4,160,160,1
16,3,"[4, 384, 0, 0, 0, 0, 0, 0, 0, 0, 0, 0, 0, 0, 0, 4, 0, 0, 0, 0, 0, 0, 0, 0, 0, 0, 0, 0, 0, 0]",1,128,384.0,3076.0,5274922202,5274930426,5274930578,5274932850,0,87903,87903,-1,1,8224,2272,4,160,160,1
12,3,"[4, 384, 0, 0, 0, 0, 0, 0, 0, 0, 0, 0, 0, 0, 0, 4, 384, 0, 0, 0, 0, 0, 0, 0, 0, 0, 0, 0, 0, 0]",1,128,384.0,4608.0,5275012308,5275020425,5275020753,5275022993,0,89951,89951,-1,1,8117,2240,4,160,160,1
12,3,"[4, 384, 0, 0, 0, 0, 0, 0, 0, 0, 0, 0, 0, 0, 0, 4, 384, 0, 0, 0, 0, 0, 0, 0, 0, 0, 0, 0, 0, 0]",1,128,384.0,4608.0,5275104337,5275112498,5275112944,5275115279,0,89343,89343,-1,1,8161,2335,4,160,160,1
16,3,"[4, 2304, 384, 1, 1, 0, 0, 0, 0, 0, 0, 0, 0, 0, 0, 4, 0, 0, 0, 0, 0, 0, 0, 0, 0, 0, 0, 0, 0, 0]",1728,128,884736.0,7077892.0,5275195915,5275206265,5275204622,5275233134,0,64799,64799,-1,1,10350,28512,4,160,160,1
12,3,"[4, 2304, 384, 1, 1, 0, 0, 0, 0, 0, 0, 0, 0, 0, 0, 4, 2304, 384, 1, 1, 0, 0, 0, 0, 0, 0, 0, 0, 0, 0]",1728,128,884736.0,10616832.0,5275289414,5275297643,5275297933,5275341356,0,47072,47072,-1,1,8229,43423,4,160,160,1
12,3,"[4, 2304, 384, 1, 1, 0, 0, 0, 0, 0, 0, 0, 0, 0, 0, 4, 2304, 384, 1, 1, 0, 0, 0, 0, 0, 0, 0, 0, 0, 0]",1728,128,884736.0,10616832.0,5275380200,5275388190,5275388428,5275434027,0,44064,44064,-1,1,7990,45599,4,160,160,1
16,3,"[4, 2304, 0, 0, 0, 0, 0, 0, 0, 0, 0, 0, 0, 0, 0, 4, 0, 0, 0, 0, 0, 0, 0, 0, 0, 0, 0, 0, 0, 0]",5,128,2304.0,18436.0,5275469639,5275477955,5275478091,5275480747,0,86751,86751,-1,1,8316,2656,4,160,160,1
12,3,"[4, 2304, 0, 0, 0, 0, 0, 0, 0, 0, 0, 0, 0, 0, 0, 4, 2304, 0, 0, 0, 0, 0, 0, 0, 0, 0, 0, 0, 0, 0]",5,128,2304.0,27648.0,5275559271,5275567197,5275567498,5275570186,0,86398,86398,-1,1,7926,2688,4,160,160,1
12,3,"[4, 2304, 0, 0, 0, 0, 0, 0, 0, 0, 0, 0, 0, 0, 0, 4, 2304, 0, 0, 0, 0, 0, 0, 0, 0, 0, 0, 0, 0, 0]",5,128,2304.0,27648.0,5275648176,5275656237,5275656584,5275658921,0,85470,85470,-1,1,8061,2337,4,160,160,1
16,3,"[4, 2304, 0, 0, 0, 0, 0, 0, 0, 0, 0, 0, 0, 0, 0, 4, 0, 0, 0, 0, 0, 0, 0, 0, 0, 0, 0, 0, 0, 0]",5,128,2304.0,18436.0,5275735920,5275744158,5275744391,5275746791,0,85728,85728,-1,1,8238,2400,4,160,160,1
12,3,"[4, 2304, 0, 0, 0, 0, 0, 0, 0, 0, 0, 0, 0, 0, 0, 4, 2304, 0, 0, 0, 0, 0, 0, 0, 0, 0, 0, 0, 0, 0]",5,128,2304.0,27648.0,5275824279,5275832200,5275832519,5275834886,0,85759,85759,-1,1,7921,2367,4,160,160,1
12,3,"[4, 2304, 0, 0, 0, 0, 0, 0, 0, 0, 0, 0, 0, 0, 0, 4, 2304, 0, 0, 0, 0, 0, 0, 0, 0, 0, 0, 0, 0, 0]",5,128,2304.0,27648.0,5275912260,5275920293,5275920645,5275923013,0,86719,86719,-1,1,8033,2368,4,160,160,1
16,3,"[4, 2304, 1, 3, 3, 0, 0, 0, 0, 0, 0, 0, 0, 0, 0, 4, 0, 0, 0, 0, 0, 0, 0, 0, 0, 0, 0, 0, 0, 0]",41,128,20736.0,165892.0,5276001335,5276009513,5276009732,5276012324,0,88543,88543,-1,1,8178,2592,4,160,160,1
12,3,"[4, 2304, 1, 3, 3, 0, 0, 0, 0, 0, 0, 0, 0, 0, 0, 4, 2304, 1, 3, 3, 0, 0, 0, 0, 0, 0, 0, 0, 0, 0]",41,128,20736.0,248832.0,5276092552,5276100506,5276100867,5276103555,0,87999,87999,-1,1,7954,2688,4,160,160,1
12,3,"[4, 2304, 1, 3, 3, 0, 0, 0, 0, 0, 0, 0, 0, 0, 0, 4, 2304, 1, 3, 3, 0, 0, 0, 0, 0, 0, 0, 0, 0, 0]",41,128,20736.0,248832.0,5276183440,5276193405,5276191554,5276194178,0,89278,89278,-1,1,9965,2624,4,160,160,1
16,3,"[4, 2304, 0, 0, 0, 0, 0, 0, 0, 0, 0, 0, 0, 0, 0, 4, 0, 0, 0, 0, 0, 0, 0, 0, 0, 0, 0, 0, 0, 0]",5,128,2304.0,18436.0,5276274785,5276283181,5276283456,5276285696,0,86464,86464,-1,1,8396,2240,4,160,160,1
12,3,"[4, 2304, 0, 0, 0, 0, 0, 0, 0, 0, 0, 0, 0, 0, 0, 4, 2304, 0, 0, 0, 0, 0, 0, 0, 0, 0, 0, 0, 0, 0]",5,128,2304.0,27648.0,5276364004,5276371845,5276372160,5276374496,0,85790,85790,-1,1,7841,2336,4,160,160,1
12,3,"[4, 2304, 0, 0, 0, 0, 0, 0, 0, 0, 0, 0, 0, 0, 0, 4, 2304, 0, 0, 0, 0, 0, 0, 0, 0, 0, 0, 0, 0, 0]",5,128,2304.0,27648.0,5276452287,5276459889,5276460286,5276462494,0,87903,87903,-1,1,7602,2208,4,160,160,1
16,3,"[4, 2304, 0, 0, 0, 0, 0, 0, 0, 0, 0, 0, 0, 0, 0, 4, 0, 0, 0, 0, 0, 0, 0, 0, 0, 0, 0, 0, 0, 0]",5,128,2304.0,18436.0,5276541745,5276550263,5276550397,5276552669,0,86559,86559,-1,1,8518,2272,4,160,160,1
12,3,"[4, 2304, 0, 0, 0, 0, 0, 0, 0, 0, 0, 0, 0, 0, 0, 4, 2304, 0, 0, 0, 0, 0, 0, 0, 0, 0, 0, 0, 0, 0]",5,128,2304.0,27648.0,5276630762,5276638932,5276639228,5276641596,0,87551,87551,-1,1,8170,2368,4,160,160,1
12,3,"[4, 2304, 0, 0, 0, 0, 0, 0, 0, 0, 0, 0, 0, 0, 0, 4, 2304, 0, 0, 0, 0, 0, 0, 0, 0, 0, 0, 0, 0, 0]",5,128,2304.0,27648.0,5276720623,5276728823,5276729147,5276731355,0,89375,89375,-1,1,8200,2208,4,160,160,1
16,3,"[4, 96, 2304, 1, 1, 0, 0, 0, 0, 0, 0, 0, 0, 0, 0, 4, 0, 0, 0, 0, 0, 0, 0, 0, 0, 0, 0, 0, 0, 0]",432,128,221184.0,1769476.0,5276812364,5276820823,5276820730,5276827706,0,83006,83006,-1,1,8459,6976,4,160,160,1
12,3,"[4, 96, 2304, 1, 1, 0, 0, 0, 0, 0, 0, 0, 0, 0, 0, 4, 96, 2304, 1, 1, 0, 0, 0, 0, 0, 0, 0, 0, 0, 0]",432,128,221184.0,2654208.0,5276902291,5276910432,5276910712,5276917241,0,87231,87231,-1,1,8141,6529,4,160,160,1
12,3,"[4, 96, 2304, 1, 1, 0, 0, 0, 0, 0, 0, 0, 0, 0, 0, 4, 96, 2304, 1, 1, 0, 0, 0, 0, 0, 0, 0, 0, 0, 0]",432,128,221184.0,2654208.0,5276995864,5277004142,5277004472,5277011575,0,84543,84543,-1,1,8278,7103,4,160,160,1
16,3,"[4, 96, 0, 0, 0, 0, 0, 0, 0, 0, 0, 0, 0, 0, 0, 4, 0, 0, 0, 0, 0, 0, 0, 0, 0, 0, 0, 0, 0, 0]",1,128,96.0,772.0,5277087324,5277095545,5277096118,5277098230,0,87199,87199,-1,1,8221,2112,4,160,160,1
12,3,"[4, 96, 0, 0, 0, 0, 0, 0, 0, 0, 0, 0, 0, 0, 0, 4, 96, 0, 0, 0, 0, 0, 0, 0, 0, 0, 0, 0, 0, 0]",1,128,96.0,1152.0,5277177157,5277186728,5277185429,5277187605,0,88991,88991,-1,1,9571,2176,4,160,160,1
12,3,"[4, 96, 0, 0, 0, 0, 0, 0, 0, 0, 0, 0, 0, 0, 0, 4, 96, 0, 0, 0, 0, 0, 0, 0, 0, 0, 0, 0, 0, 0]",1,128,96.0,1152.0,5277268195,5277276085,5277276596,5277278772,0,89087,89087,-1,1,7890,2176,4,160,160,1
16,3,"[4, 2304, 96, 1, 1, 0, 0, 0, 0, 0, 0, 0, 0, 0, 0, 4, 0, 0, 0, 0, 0, 0, 0, 0, 0, 0, 0, 0, 0, 0]",432,128,221184.0,1769476.0,5277359070,5277367940,5277367859,5277375923,0,82111,82111,-1,1,8870,8064,4,160,160,1
12,3,"[4, 2304, 96, 1, 1, 0, 0, 0, 0, 0, 0, 0, 0, 0, 0, 4, 2304, 96, 1, 1, 0, 0, 0, 0, 0, 0, 0, 0, 0, 0]",432,128,221184.0,2654208.0,5277449459,5277457637,5277458034,5277464690,0,82175,82175,-1,1,8178,6656,4,160,160,1
12,3,"[4, 2304, 96, 1, 1, 0, 0, 0, 0, 0, 0, 0, 0, 0, 0, 4, 2304, 96, 1, 1, 0, 0, 0, 0, 0, 0, 0, 0, 0, 0]",432,128,221184.0,2654208.0,5277538500,5277546340,5277546865,5277553968,0,81984,81984,-1,1,7840,7103,4,160,160,1
16,3,"[4, 2304, 0, 0, 0, 0, 0, 0, 0, 0, 0, 0, 0, 0, 0, 4, 0, 0, 0, 0, 0, 0, 0, 0, 0, 0, 0, 0, 0, 0]",5,128,2304.0,18436.0,5277627299,5277635684,5277635952,5277638351,0,95839,95839,-1,1,8385,2399,4,160,160,1
12,3,"[4, 2304, 0, 0, 0, 0, 0, 0, 0, 0, 0, 0, 0, 0, 0, 4, 2304, 0, 0, 0, 0, 0, 0, 0, 0, 0, 0, 0, 0, 0]",5,128,2304.0,27648.0,5277725294,5277733904,5277734190,5277736814,0,232701,232701,-1,1,8610,2624,4,160,160,1
12,3,"[4, 2304, 0, 0, 0, 0, 0, 0, 0, 0, 0, 0, 0, 0, 0, 4, 2304, 0, 0, 0, 0, 0, 0, 0, 0, 0, 0, 0, 0, 0]",5,128,2304.0,27648.0,5277959296,5277969390,5277969515,5277971883,0,104191,104191,-1,1,10094,2368,4,160,160,1
16,3,"[4, 384, 2304, 1, 1, 0, 0, 0, 0, 0, 0, 0, 0, 0, 0, 4, 0, 0, 0, 0, 0, 0, 0, 0, 0, 0, 0, 0, 0, 0]",1728,128,884736.0,7077892.0,5278065953,5278075961,5278076074,5278106282,0,63807,63807,-1,1,10008,30208,4,160,160,1
12,3,"[4, 384, 2304, 1, 1, 0, 0, 0, 0, 0, 0, 0, 0, 0, 0, 4, 384, 2304, 1, 1, 0, 0, 0, 0, 0, 0, 0, 0, 0, 0]",1728,128,884736.0,10616832.0,5278161572,5278169880,5278170089,5278213128,0,49695,49695,-1,1,8308,43039,4,160,160,1
12,3,"[4, 384, 2304, 1, 1, 0, 0, 0, 0, 0, 0, 0, 0, 0, 0, 4, 384, 2304, 1, 1, 0, 0, 0, 0, 0, 0, 0, 0, 0, 0]",1728,128,884736.0,10616832.0,5278253863,5278262461,5278262823,5278307719,0,49759,49759,-1,1,8598,44896,4,160,160,1
16,3,"[4, 384, 0, 0, 0, 0, 0, 0, 0, 0, 0, 0, 0, 0, 0, 4, 0, 0, 0, 0, 0, 0, 0, 0, 0, 0, 0, 0, 0, 0]",1,128,384.0,3076.0,5278348507,5278357293,5278357478,5278360006,0,88159,88159,-1,1,8786,2528,4,160,160,1
12,3,"[4, 384, 0, 0, 0, 0, 0, 0, 0, 0, 0, 0, 0, 0, 0, 4, 384, 0, 0, 0, 0, 0, 0, 0, 0, 0, 0, 0, 0, 0]",1,128,384.0,4608.0,5278439380,5278447651,5278448165,5278450853,0,86911,86911,-1,1,8271,2688,4,160,160,1
12,3,"[4, 384, 0, 0, 0, 0, 0, 0, 0, 0, 0, 0, 0, 0, 0, 4, 384, 0, 0, 0, 0, 0, 0, 0, 0, 0, 0, 0, 0, 0]",1,128,384.0,4608.0,5278529438,5278537383,5278537764,5278540036,0,87903,87903,-1,1,7945,2272,4,160,160,1
16,3,"[4, 384, 0, 0, 0, 0, 0, 0, 0, 0, 0, 0, 0, 0, 0, 4, 0, 0, 0, 0, 0, 0, 0, 0, 0, 0, 0, 0, 0, 0]",1,128,384.0,3076.0,5278619439,5278627692,5278627939,5278630275,0,86751,86751,-1,1,8253,2336,4,160,160,1
12,3,"[4, 384, 0, 0, 0, 0, 0, 0, 0, 0, 0, 0, 0, 0, 0, 4, 384, 0, 0, 0, 0, 0, 0, 0, 0, 0, 0, 0, 0, 0]",1,128,384.0,4608.0,5278708744,5278716777,5278717026,5278719394,0,88511,88511,-1,1,8033,2368,4,160,160,1
12,3,"[4, 384, 0, 0, 0, 0, 0, 0, 0, 0, 0, 0, 0, 0, 0, 4, 384, 0, 0, 0, 0, 0, 0, 0, 0, 0, 0, 0, 0, 0]",1,128,384.0,4608.0,5278799576,5278807552,5278807905,5278810273,0,90110,90110,-1,1,7976,2368,4,160,160,1
16,3,"[4, 2304, 384, 1, 1, 0, 0, 0, 0, 0, 0, 0, 0, 0, 0, 4, 0, 0, 0, 0, 0, 0, 0, 0, 0, 0, 0, 0, 0, 0]",1728,128,884736.0,7077892.0,5278891557,5278900251,5278900383,5278929823,0,62527,62527,-1,1,8694,29440,4,160,160,1
12,3,"[4, 2304, 384, 1, 1, 0, 0, 0, 0, 0, 0, 0, 0, 0, 0, 4, 2304, 384, 1, 1, 0, 0, 0, 0, 0, 0, 0, 0, 0, 0]",1728,128,884736.0,10616832.0,5278984030,5278992035,5278992350,5279034942,0,48415,48415,-1,1,8005,42592,4,160,160,1
12,3,"[4, 2304, 384, 1, 1, 0, 0, 0, 0, 0, 0, 0, 0, 0, 0, 4, 2304, 384, 1, 1, 0, 0, 0, 0, 0, 0, 0, 0, 0, 0]",1728,128,884736.0,10616832.0,5279075079,5279082951,5279083357,5279129084,0,47392,47392,-1,1,7872,45727,4,160,160,1
16,3,"[4, 2304, 0, 0, 0, 0, 0, 0, 0, 0, 0, 0, 0, 0, 0, 4, 0, 0, 0, 0, 0, 0, 0, 0, 0, 0, 0, 0, 0, 0]",5,128,2304.0,18436.0,5279167605,5279176357,5279176476,5279178972,0,87231,87231,-1,1,8752,2496,4,160,160,1
12,3,"[4, 2304, 0, 0, 0, 0, 0, 0, 0, 0, 0, 0, 0, 0, 0, 4, 2304, 0, 0, 0, 0, 0, 0, 0, 0, 0, 0, 0, 0, 0]",5,128,2304.0,27648.0,5279257600,5279265854,5279266203,5279268859,0,88223,88223,-1,1,8254,2656,4,160,160,1
12,3,"[4, 2304, 0, 0, 0, 0, 0, 0, 0, 0, 0, 0, 0, 0, 0, 4, 2304, 0, 0, 0, 0, 0, 0, 0, 0, 0, 0, 0, 0, 0]",5,128,2304.0,27648.0,5279348306,5279356655,5279357082,5279359450,0,88254,88254,-1,1,8349,2368,4,160,160,1
16,3,"[4, 2304, 0, 0, 0, 0, 0, 0, 0, 0, 0, 0, 0, 0, 0, 4, 0, 0, 0, 0, 0, 0, 0, 0, 0, 0, 0, 0, 0, 0]",5,128,2304.0,18436.0,5279438858,5279447402,5279447704,5279449976,0,86623,86623,-1,1,8544,2272,4,160,160,1
12,3,"[4, 2304, 0, 0, 0, 0, 0, 0, 0, 0, 0, 0, 0, 0, 0, 4, 2304, 0, 0, 0, 0, 0, 0, 0, 0, 0, 0, 0, 0, 0]",5,128,2304.0,27648.0,5279528270,5279536194,5279536599,5279538967,0,85887,85887,-1,1,7924,2368,4,160,160,1
12,3,"[4, 2304, 0, 0, 0, 0, 0, 0, 0, 0, 0, 0, 0, 0, 0, 4, 2304, 0, 0, 0, 0, 0, 0, 0, 0, 0, 0, 0, 0, 0]",5,128,2304.0,27648.0,5279616674,5279624473,5279624854,5279627062,0,88159,88159,-1,1,7799,2208,4,160,160,1
16,3,"[4, 2304, 1, 3, 3, 0, 0, 0, 0, 0, 0, 0, 0, 0, 0, 4, 0, 0, 0, 0, 0, 0, 0, 0, 0, 0, 0, 0, 0, 0]",41,128,20736.0,165892.0,5279706539,5279715011,5279715221,5279717877,0,86655,86655,-1,1,8472,2656,4,160,160,1
12,3,"[4, 2304, 1, 3, 3, 0, 0, 0, 0, 0, 0, 0, 0, 0, 0, 4, 2304, 1, 3, 3, 0, 0, 0, 0, 0, 0, 0, 0, 0, 0]",41,128,20736.0,248832.0,5279796332,5279804308,5279804532,5279807252,0,86719,86719,-1,1,7976,2720,4,160,160,1
12,3,"[4, 2304, 1, 3, 3, 0, 0, 0, 0, 0, 0, 0, 0, 0, 0, 4, 2304, 1, 3, 3, 0, 0, 0, 0, 0, 0, 0, 0, 0, 0]",41,128,20736.0,248832.0,5279885436,5279893607,5279893971,5279896403,0,86463,86463,-1,1,8171,2432,4,160,160,1
16,3,"[4, 2304, 0, 0, 0, 0, 0, 0, 0, 0, 0, 0, 0, 0, 0, 4, 0, 0, 0, 0, 0, 0, 0, 0, 0, 0, 0, 0, 0, 0]",5,128,2304.0,18436.0,5279974531,5279982607,5279982866,5279985202,0,88415,88415,-1,1,8076,2336,4,160,160,1
12,3,"[4, 2304, 0, 0, 0, 0, 0, 0, 0, 0, 0, 0, 0, 0, 0, 4, 2304, 0, 0, 0, 0, 0, 0, 0, 0, 0, 0, 0, 0, 0]",5,128,2304.0,27648.0,5280065175,5280073279,5280073617,5280075889,0,87071,87071,-1,1,8104,2272,4,160,160,1
12,3,"[4, 2304, 0, 0, 0, 0, 0, 0, 0, 0, 0, 0, 0, 0, 0, 4, 2304, 0, 0, 0, 0, 0, 0, 0, 0, 0, 0, 0, 0, 0]",5,128,2304.0,27648.0,5280154485,5280162691,5280162960,5280165200,0,86590,86590,-1,1,8206,2240,4,160,160,1
16,3,"[4, 2304, 0, 0, 0, 0, 0, 0, 0, 0, 0, 0, 0, 0, 0, 4, 0, 0, 0, 0, 0, 0, 0, 0, 0, 0, 0, 0, 0, 0]",5,128,2304.0,18436.0,5280243465,5280251588,5280251790,5280254062,0,88351,88351,-1,1,8123,2272,4,160,160,1
12,3,"[4, 2304, 0, 0, 0, 0, 0, 0, 0, 0, 0, 0, 0, 0, 0, 4, 2304, 0, 0, 0, 0, 0, 0, 0, 0, 0, 0, 0, 0, 0]",5,128,2304.0,27648.0,5280334183,5280342044,5280342413,5280344653,0,86143,86143,-1,1,7861,2240,4,160,160,1
12,3,"[4, 2304, 0, 0, 0, 0, 0, 0, 0, 0, 0, 0, 0, 0, 0, 4, 2304, 0, 0, 0, 0, 0, 0, 0, 0, 0, 0, 0, 0, 0]",5,128,2304.0,27648.0,5280422715,5280430289,5280430796,5280433196,0,87647,87647,-1,1,7574,2400,4,160,160,1
16,3,"[4, 96, 2304, 1, 1, 0, 0, 0, 0, 0, 0, 0, 0, 0, 0, 4, 0, 0, 0, 0, 0, 0, 0, 0, 0, 0, 0, 0, 0, 0]",432,128,221184.0,1769476.0,5280512447,5280520688,5280520843,5280528203,0,83359,83359,-1,1,8241,7360,4,160,160,1
12,3,"[4, 96, 2304, 1, 1, 0, 0, 0, 0, 0, 0, 0, 0, 0, 0, 4, 96, 2304, 1, 1, 0, 0, 0, 0, 0, 0, 0, 0, 0, 0]",432,128,221184.0,2654208.0,5280603292,5280611683,5280611562,5280617930,0,83135,83135,-1,1,8391,6368,4,160,160,1
12,3,"[4, 96, 2304, 1, 1, 0, 0, 0, 0, 0, 0, 0, 0, 0, 0, 4, 96, 2304, 1, 1, 0, 0, 0, 0, 0, 0, 0, 0, 0, 0]",432,128,221184.0,2654208.0,5280692984,5280700780,5280701065,5280708264,0,81759,81759,-1,1,7796,7199,4,160,160,1
16,3,"[4, 96, 0, 0, 0, 0, 0, 0, 0, 0, 0, 0, 0, 0, 0, 4, 0, 0, 0, 0, 0, 0, 0, 0, 0, 0, 0, 0, 0, 0]",1,128,96.0,772.0,5280781570,5280789803,5280790023,5280792200,0,86526,86526,-1,1,8233,2177,4,160,160,1
12,3,"[4, 96, 0, 0, 0, 0, 0, 0, 0, 0, 0, 0, 0, 0, 0, 4, 96, 0, 0, 0, 0, 0, 0, 0, 0, 0, 0, 0, 0, 0]",1,128,96.0,1152.0,5280870508,5280878346,5280878726,5280880870,0,85855,85855,-1,1,7838,2144,4,160,160,1
12,3,"[4, 96, 0, 0, 0, 0, 0, 0, 0, 0, 0, 0, 0, 0, 0, 4, 96, 0, 0, 0, 0, 0, 0, 0, 0, 0, 0, 0, 0, 0]",1,128,96.0,1152.0,5280958313,5280966265,5280966725,5280968933,0,90655,90655,-1,1,7952,2208,4,160,160,1
16,3,"[4, 2304, 96, 1, 1, 0, 0, 0, 0, 0, 0, 0, 0, 0, 0, 4, 0, 0, 0, 0, 0, 0, 0, 0, 0, 0, 0, 0, 0, 0]",432,128,221184.0,1769476.0,5281051031,5281059285,5281059588,5281067780,0,82047,82047,-1,1,8254,8192,4,160,160,1
12,3,"[4, 2304, 96, 1, 1, 0, 0, 0, 0, 0, 0, 0, 0, 0, 0, 4, 2304, 96, 1, 1, 0, 0, 0, 0, 0, 0, 0, 0, 0, 0]",432,128,221184.0,2654208.0,5281141239,5281149459,5281149827,5281156419,0,83839,83839,-1,1,8220,6592,4,160,160,1
12,3,"[4, 2304, 96, 1, 1, 0, 0, 0, 0, 0, 0, 0, 0, 0, 0, 4, 2304, 96, 1, 1, 0, 0, 0, 0, 0, 0, 0, 0, 0, 0]",432,128,221184.0,2654208.0,5281232009,5281239907,5281240258,5281247522,0,84510,84510,-1,1,7898,7264,4,160,160,1
16,3,"[4, 2304, 0, 0, 0, 0, 0, 0, 0, 0, 0, 0, 0, 0, 0, 4, 0, 0, 0, 0, 0, 0, 0, 0, 0, 0, 0, 0, 0, 0]",5,128,2304.0,18436.0,5281323279,5281331847,5281332032,5281334304,0,88223,88223,-1,1,8568,2272,4,160,160,1
12,3,"[4, 2304, 0, 0, 0, 0, 0, 0, 0, 0, 0, 0, 0, 0, 0, 4, 2304, 0, 0, 0, 0, 0, 0, 0, 0, 0, 0, 0, 0, 0]",5,128,2304.0,27648.0,5281414421,5281422125,5281422527,5281424863,0,86047,86047,-1,1,7704,2336,4,160,160,1
12,3,"[4, 2304, 0, 0, 0, 0, 0, 0, 0, 0, 0, 0, 0, 0, 0, 4, 2304, 0, 0, 0, 0, 0, 0, 0, 0, 0, 0, 0, 0, 0]",5,128,2304.0,27648.0,5281502510,5281510460,5281510910,5281513374,0,87423,87423,-1,1,7950,2464,4,160,160,1
16,3,"[4, 384, 2304, 1, 1, 0, 0, 0, 0, 0, 0, 0, 0, 0, 0, 4, 0, 0, 0, 0, 0, 0, 0, 0, 0, 0, 0, 0, 0, 0]",1728,128,884736.0,7077892.0,5281592333,5281600558,5281600797,5281630877,0,212381,212381,-1,1,8225,30080,4,160,160,1
12,3,"[4, 384, 2304, 1, 1, 0, 0, 0, 0, 0, 0, 0, 0, 0, 0, 4, 384, 2304, 1, 1, 0, 0, 0, 0, 0, 0, 0, 0, 0, 0]",1728,128,884736.0,10616832.0,5281832217,5281843211,5281843258,5281886554,0,60639,60639,-1,1,10994,43296,4,160,160,1
12,3,"[4, 384, 2304, 1, 1, 0, 0, 0, 0, 0, 0, 0, 0, 0, 0, 4, 384, 2304, 1, 1, 0, 0, 0, 0, 0, 0, 0, 0, 0, 0]",1728,128,884736.0,10616832.0,5281938181,5281946959,5281947193,5281992792,0,48415,48415,-1,1,8778,45599,4,160,160,1
16,3,"[4, 384, 0, 0, 0, 0, 0, 0, 0, 0, 0, 0, 0, 0, 0, 4, 0, 0, 0, 0, 0, 0, 0, 0, 0, 0, 0, 0, 0, 0]",1,128,384.0,3076.0,5282032354,5282041079,5282041207,5282043960,0,87678,87678,-1,1,8725,2753,4,160,160,1
12,3,"[4, 384, 0, 0, 0, 0, 0, 0, 0, 0, 0, 0, 0, 0, 0, 4, 384, 0, 0, 0, 0, 0, 0, 0, 0, 0, 0, 0, 0, 0]",1,128,384.0,4608.0,5282123121,5282131343,5282131638,5282134262,0,86911,86911,-1,1,8222,2624,4,160,160,1
12,3,"[4, 384, 0, 0, 0, 0, 0, 0, 0, 0, 0, 0, 0, 0, 0, 4, 384, 0, 0, 0, 0, 0, 0, 0, 0, 0, 0, 0, 0, 0]",1,128,384.0,4608.0,5282212921,5282220815,5282221173,5282223477,0,88255,88255,-1,1,7894,2304,4,160,160,1
16,3,"[4, 384, 0, 0, 0, 0, 0, 0, 0, 0, 0, 0, 0, 0, 0, 4, 0, 0, 0, 0, 0, 0, 0, 0, 0, 0, 0, 0, 0, 0]",1,128,384.0,3076.0,5282303372,5282311473,5282311732,5282314004,0,85951,85951,-1,1,8101,2272,4,160,160,1
12,3,"[4, 384, 0, 0, 0, 0, 0, 0, 0, 0, 0, 0, 0, 0, 0, 4, 384, 0, 0, 0, 0, 0, 0, 0, 0, 0, 0, 0, 0, 0]",1,128,384.0,4608.0,5282391682,5282401800,5282399955,5282402323,0,88031,88031,-1,1,10118,2368,4,160,160,1
12,3,"[4, 384, 0, 0, 0, 0, 0, 0, 0, 0, 0, 0, 0, 0, 0, 4, 384, 0, 0, 0, 0, 0, 0, 0, 0, 0, 0, 0, 0, 0]",1,128,384.0,4608.0,5282481917,5282489947,5282490354,5282492626,0,88927,88927,-1,1,8030,2272,4,160,160,1
16,3,"[4, 2304, 384, 1, 1, 0, 0, 0, 0, 0, 0, 0, 0, 0, 0, 4, 0, 0, 0, 0, 0, 0, 0, 0, 0, 0, 0, 0, 0, 0]",1728,128,884736.0,7077892.0,5282573024,5282581503,5282581553,5282610736,0,62272,62272,-1,1,8479,29183,4,160,160,1
12,3,"[4, 2304, 384, 1, 1, 0, 0, 0, 0, 0, 0, 0, 0, 0, 0, 4, 2304, 384, 1, 1, 0, 0, 0, 0, 0, 0, 0, 0, 0, 0]",1728,128,884736.0,10616832.0,5282664671,5282672689,5282673008,5282714959,0,48607,48607,-1,1,8018,41951,4,160,160,1
12,3,"[4, 2304, 384, 1, 1, 0, 0, 0, 0, 0, 0, 0, 0, 0, 0, 4, 2304, 384, 1, 1, 0, 0, 0, 0, 0, 0, 0, 0, 0, 0]",1728,128,884736.0,10616832.0,5282755187,5282763108,5282763566,5282808910,0,44927,44927,-1,1,7921,45344,4,160,160,1
16,3,"[4, 2304, 0, 0, 0, 0, 0, 0, 0, 0, 0, 0, 0, 0, 0, 4, 0, 0, 0, 0, 0, 0, 0, 0, 0, 0, 0, 0, 0, 0]",5,128,2304.0,18436.0,5282845436,5282853629,5282853837,5282856429,0,88191,88191,-1,1,8193,2592,4,160,160,1
12,3,"[4, 2304, 0, 0, 0, 0, 0, 0, 0, 0, 0, 0, 0, 0, 0, 4, 2304, 0, 0, 0, 0, 0, 0, 0, 0, 0, 0, 0, 0, 0]",5,128,2304.0,27648.0,5282936411,5282944249,5282944620,5282947212,0,87583,87583,-1,1,7838,2592,4,160,160,1
12,3,"[4, 2304, 0, 0, 0, 0, 0, 0, 0, 0, 0, 0, 0, 0, 0, 4, 2304, 0, 0, 0, 0, 0, 0, 0, 0, 0, 0, 0, 0, 0]",5,128,2304.0,27648.0,5283026513,5283034421,5283034795,5283037131,0,87839,87839,-1,1,7908,2336,4,160,160,1
16,3,"[4, 2304, 0, 0, 0, 0, 0, 0, 0, 0, 0, 0, 0, 0, 0, 4, 0, 0, 0, 0, 0, 0, 0, 0, 0, 0, 0, 0, 0, 0]",5,128,2304.0,18436.0,5283116410,5283124814,5283124970,5283127210,0,87679,87679,-1,1,8404,2240,4,160,160,1
12,3,"[4, 2304, 0, 0, 0, 0, 0, 0, 0, 0, 0, 0, 0, 0, 0, 4, 2304, 0, 0, 0, 0, 0, 0, 0, 0, 0, 0, 0, 0, 0]",5,128,2304.0,27648.0,5283206570,5283214504,5283214889,5283217161,0,86558,86558,-1,1,7934,2272,4,160,160,1
12,3,"[4, 2304, 0, 0, 0, 0, 0, 0, 0, 0, 0, 0, 0, 0, 0, 4, 2304, 0, 0, 0, 0, 0, 0, 0, 0, 0, 0, 0, 0, 0]",5,128,2304.0,27648.0,5283294829,5283303347,5283303719,5283306024,0,88254,88254,-1,1,8518,2305,4,160,160,1
16,3,"[4, 2304, 1, 3, 3, 0, 0, 0, 0, 0, 0, 0, 0, 0, 0, 4, 0, 0, 0, 0, 0, 0, 0, 0, 0, 0, 0, 0, 0, 0]",41,128,20736.0,165892.0,5283385690,5283395807,5283394278,5283396966,0,89727,89727,-1,1,10117,2688,4,160,160,1
12,3,"[4, 2304, 1, 3, 3, 0, 0, 0, 0, 0, 0, 0, 0, 0, 0, 4, 2304, 1, 3, 3, 0, 0, 0, 0, 0, 0, 0, 0, 0, 0]",41,128,20736.0,248832.0,5283478352,5283486338,5283486693,5283489445,0,88319,88319,-1,1,7986,2752,4,160,160,1
12,3,"[4, 2304, 1, 3, 3, 0, 0, 0, 0, 0, 0, 0, 0, 0, 0, 4, 2304, 1, 3, 3, 0, 0, 0, 0, 0, 0, 0, 0, 0, 0]",41,128,20736.0,248832.0,5283569216,5283577427,5283577764,5283580260,0,86399,86399,-1,1,8211,2496,4,160,160,1
16,3,"[4, 2304, 0, 0, 0, 0, 0, 0, 0, 0, 0, 0, 0, 0, 0, 4, 0, 0, 0, 0, 0, 0, 0, 0, 0, 0, 0, 0, 0, 0]",5,128,2304.0,18436.0,5283658315,5283666533,5283666659,5283668867,0,85279,85279,-1,1,8218,2208,4,160,160,1
12,3,"[4, 2304, 0, 0, 0, 0, 0, 0, 0, 0, 0, 0, 0, 0, 0, 4, 2304, 0, 0, 0, 0, 0, 0, 0, 0, 0, 0, 0, 0, 0]",5,128,2304.0,27648.0,5283745983,5283753720,5283754146,5283756386,0,86974,86974,-1,1,7737,2240,4,160,160,1
12,3,"[4, 2304, 0, 0, 0, 0, 0, 0, 0, 0, 0, 0, 0, 0, 0, 4, 2304, 0, 0, 0, 0, 0, 0, 0, 0, 0, 0, 0, 0, 0]",5,128,2304.0,27648.0,5283835124,5283842973,5283843360,5283845569,0,87262,87262,-1,1,7849,2209,4,160,160,1
16,3,"[4, 2304, 0, 0, 0, 0, 0, 0, 0, 0, 0, 0, 0, 0, 0, 4, 0, 0, 0, 0, 0, 0, 0, 0, 0, 0, 0, 0, 0, 0]",5,128,2304.0,18436.0,5283924281,5283932656,5283932831,5283935168,0,86302,86302,-1,1,8375,2337,4,160,160,1
12,3,"[4, 2304, 0, 0, 0, 0, 0, 0, 0, 0, 0, 0, 0, 0, 0, 4, 2304, 0, 0, 0, 0, 0, 0, 0, 0, 0, 0, 0, 0, 0]",5,128,2304.0,27648.0,5284013239,5284021185,5284021470,5284023806,0,85983,85983,-1,1,7946,2336,4,160,160,1
12,3,"[4, 2304, 0, 0, 0, 0, 0, 0, 0, 0, 0, 0, 0, 0, 0, 4, 2304, 0, 0, 0, 0, 0, 0, 0, 0, 0, 0, 0, 0, 0]",5,128,2304.0,27648.0,5284101504,5284109434,5284109789,5284111997,0,87391,87391,-1,1,7930,2208,4,160,160,1
16,3,"[4, 96, 2304, 1, 1, 0, 0, 0, 0, 0, 0, 0, 0, 0, 0, 4, 0, 0, 0, 0, 0, 0, 0, 0, 0, 0, 0, 0, 0, 0]",432,128,221184.0,1769476.0,5284191057,5284199226,5284199388,5284206332,0,82207,82207,-1,1,8169,6944,4,160,160,1
12,3,"[4, 96, 2304, 1, 1, 0, 0, 0, 0, 0, 0, 0, 0, 0, 0, 4, 96, 2304, 1, 1, 0, 0, 0, 0, 0, 0, 0, 0, 0, 0]",432,128,221184.0,2654208.0,5284280306,5284288225,5284288539,5284294971,0,83295,83295,-1,1,7919,6432,4,160,160,1
12,3,"[4, 96, 2304, 1, 1, 0, 0, 0, 0, 0, 0, 0, 0, 0, 0, 4, 96, 2304, 1, 1, 0, 0, 0, 0, 0, 0, 0, 0, 0, 0]",432,128,221184.0,2654208.0,5284369971,5284379876,5284378266,5284385306,0,86399,86399,-1,1,9905,7040,4,160,160,1
16,3,"[4, 96, 0, 0, 0, 0, 0, 0, 0, 0, 0, 0, 0, 0, 0, 4, 0, 0, 0, 0, 0, 0, 0, 0, 0, 0, 0, 0, 0, 0]",1,128,96.0,772.0,5284463219,5284471517,5284471705,5284473913,0,85663,85663,-1,1,8298,2208,4,160,160,1
12,3,"[4, 96, 0, 0, 0, 0, 0, 0, 0, 0, 0, 0, 0, 0, 0, 4, 96, 0, 0, 0, 0, 0, 0, 0, 0, 0, 0, 0, 0, 0]",1,128,96.0,1152.0,5284551323,5284559186,5284559576,5284561783,0,84831,84831,-1,1,7863,2207,4,160,160,1
12,3,"[4, 96, 0, 0, 0, 0, 0, 0, 0, 0, 0, 0, 0, 0, 0, 4, 96, 0, 0, 0, 0, 0, 0, 0, 0, 0, 0, 0, 0, 0]",1,128,96.0,1152.0,5284638492,5284646289,5284646614,5284648823,0,87262,87262,-1,1,7797,2209,4,160,160,1
16,3,"[4, 2304, 96, 1, 1, 0, 0, 0, 0, 0, 0, 0, 0, 0, 0, 4, 0, 0, 0, 0, 0, 0, 0, 0, 0, 0, 0, 0, 0, 0]",432,128,221184.0,1769476.0,5284727507,5284735834,5284736085,5284744021,0,81599,81599,-1,1,8327,7936,4,160,160,1
12,3,"[4, 2304, 96, 1, 1, 0, 0, 0, 0, 0, 0, 0, 0, 0, 0, 4, 2304, 96, 1, 1, 0, 0, 0, 0, 0, 0, 0, 0, 0, 0]",432,128,221184.0,2654208.0,5284817365,5284825306,5284825620,5284832308,0,82655,82655,-1,1,7941,6688,4,160,160,1
12,3,"[4, 2304, 96, 1, 1, 0, 0, 0, 0, 0, 0, 0, 0, 0, 0, 4, 2304, 96, 1, 1, 0, 0, 0, 0, 0, 0, 0, 0, 0, 0]",432,128,221184.0,2654208.0,5284906418,5284914601,5284914963,5284922003,0,83071,83071,-1,1,8183,7040,4,160,160,1
16,3,"[4, 2304, 0, 0, 0, 0, 0, 0, 0, 0, 0, 0, 0, 0, 0, 4, 0, 0, 0, 0, 0, 0, 0, 0, 0, 0, 0, 0, 0, 0]",5,128,2304.0,18436.0,5284996844,5285004943,5285005074,5285007314,0,87999,87999,-1,1,8099,2240,4,160,160,1
12,3,"[4, 2304, 0, 0, 0, 0, 0, 0, 0, 0, 0, 0, 0, 0, 0, 4, 2304, 0, 0, 0, 0, 0, 0, 0, 0, 0, 0, 0, 0, 0]",5,128,2304.0,27648.0,5285086981,5285095003,5285095313,5285097745,0,87615,87615,-1,1,8022,2432,4,160,160,1
12,3,"[4, 2304, 0, 0, 0, 0, 0, 0, 0, 0, 0, 0, 0, 0, 0, 4, 2304, 0, 0, 0, 0, 0, 0, 0, 0, 0, 0, 0, 0, 0]",5,128,2304.0,27648.0,5285176987,5285184837,5285185360,5285187728,0,90494,90494,-1,1,7850,2368,4,160,160,1
16,3,"[4, 384, 2304, 1, 1, 0, 0, 0, 0, 0, 0, 0, 0, 0, 0, 4, 0, 0, 0, 0, 0, 0, 0, 0, 0, 0, 0, 0, 0, 0]",1728,128,884736.0,7077892.0,5285267039,5285277997,5285278222,5285308654,0,60127,60127,-1,1,10958,30432,4,160,160,1
12,3,"[4, 384, 2304, 1, 1, 0, 0, 0, 0, 0, 0, 0, 0, 0, 0, 4, 384, 2304, 1, 1, 0, 0, 0, 0, 0, 0, 0, 0, 0, 0]",1728,128,884736.0,10616832.0,5285360183,5285370366,5285368781,5285411597,0,50879,50879,-1,1,10183,42816,4,160,160,1
12,3,"[4, 384, 2304, 1, 1, 0, 0, 0, 0, 0, 0, 0, 0, 0, 0, 4, 384, 2304, 1, 1, 0, 0, 0, 0, 0, 0, 0, 0, 0, 0]",1728,128,884736.0,10616832.0,5285453675,5285462120,5285462476,5285508075,0,45376,45376,-1,1,8445,45599,4,160,160,1
16,3,"[4, 384, 0, 0, 0, 0, 0, 0, 0, 0, 0, 0, 0, 0, 0, 4, 0, 0, 0, 0, 0, 0, 0, 0, 0, 0, 0, 0, 0, 0]",1,128,384.0,3076.0,5285545092,5285553221,5285553451,5285555979,0,283580,283580,-1,1,8129,2528,4,160,160,1
12,3,"[4, 384, 0, 0, 0, 0, 0, 0, 0, 0, 0, 0, 0, 0, 0, 4, 384, 0, 0, 0, 0, 0, 0, 0, 0, 0, 0, 0, 0, 0]",1,128,384.0,4608.0,5285827303,5285839656,5285839559,5285842184,0,95230,95230,-1,1,12353,2625,4,160,160,1
12,3,"[4, 384, 0, 0, 0, 0, 0, 0, 0, 0, 0, 0, 0, 0, 0, 4, 384, 0, 0, 0, 0, 0, 0, 0, 0, 0, 0, 0, 0, 0]",1,128,384.0,4608.0,5285928395,5285937059,5285937414,5285939878,0,91039,91039,-1,1,8664,2464,4,160,160,1
16,3,"[4, 384, 0, 0, 0, 0, 0, 0, 0, 0, 0, 0, 0, 0, 0, 4, 0, 0, 0, 0, 0, 0, 0, 0, 0, 0, 0, 0, 0, 0]",1,128,384.0,3076.0,5286022168,5286030712,5286030917,5286033093,0,87231,87231,-1,1,8544,2176,4,160,160,1
12,3,"[4, 384, 0, 0, 0, 0, 0, 0, 0, 0, 0, 0, 0, 0, 0, 4, 384, 0, 0, 0, 0, 0, 0, 0, 0, 0, 0, 0, 0, 0]",1,128,384.0,4608.0,5286111862,5286119978,5286120324,5286122564,0,86783,86783,-1,1,8116,2240,4,160,160,1
12,3,"[4, 384, 0, 0, 0, 0, 0, 0, 0, 0, 0, 0, 0, 0, 0, 4, 384, 0, 0, 0, 0, 0, 0, 0, 0, 0, 0, 0, 0, 0]",1,128,384.0,4608.0,5286200918,5286208839,5286209347,5286211683,0,89055,89055,-1,1,7921,2336,4,160,160,1
16,3,"[4, 2304, 384, 1, 1, 0, 0, 0, 0, 0, 0, 0, 0, 0, 0, 4, 0, 0, 0, 0, 0, 0, 0, 0, 0, 0, 0, 0, 0, 0]",1728,128,884736.0,7077892.0,5286291792,5286300493,5286300738,5286329889,0,62239,62239,-1,1,8701,29151,4,160,160,1
12,3,"[4, 2304, 384, 1, 1, 0, 0, 0, 0, 0, 0, 0, 0, 0, 0, 4, 2304, 384, 1, 1, 0, 0, 0, 0, 0, 0, 0, 0, 0, 0]",1728,128,884736.0,10616832.0,5286383947,5286392143,5286392128,5286435360,0,46943,46943,-1,1,8196,43232,4,160,160,1
12,3,"[4, 2304, 384, 1, 1, 0, 0, 0, 0, 0, 0, 0, 0, 0, 0, 4, 2304, 384, 1, 1, 0, 0, 0, 0, 0, 0, 0, 0, 0, 0]",1728,128,884736.0,10616832.0,5286474142,5286481984,5286482303,5286528286,0,44960,44960,-1,1,7842,45983,4,160,160,1
16,3,"[4, 2304, 0, 0, 0, 0, 0, 0, 0, 0, 0, 0, 0, 0, 0, 4, 0, 0, 0, 0, 0, 0, 0, 0, 0, 0, 0, 0, 0, 0]",5,128,2304.0,18436.0,5286564712,5286575454,5286573246,5286575806,0,91775,91775,-1,1,10742,2560,4,160,160,1
12,3,"[4, 2304, 0, 0, 0, 0, 0, 0, 0, 0, 0, 0, 0, 0, 0, 4, 2304, 0, 0, 0, 0, 0, 0, 0, 0, 0, 0, 0, 0, 0]",5,128,2304.0,27648.0,5286659226,5286667264,5286667581,5286670237,0,86879,86879,-1,1,8038,2656,4,160,160,1
12,3,"[4, 2304, 0, 0, 0, 0, 0, 0, 0, 0, 0, 0, 0, 0, 0, 4, 2304, 0, 0, 0, 0, 0, 0, 0, 0, 0, 0, 0, 0, 0]",5,128,2304.0,27648.0,5286748843,5286756809,5286757116,5286759452,0,86622,86622,-1,1,7966,2336,4,160,160,1
16,3,"[4, 2304, 0, 0, 0, 0, 0, 0, 0, 0, 0, 0, 0, 0, 0, 4, 0, 0, 0, 0, 0, 0, 0, 0, 0, 0, 0, 0, 0, 0]",5,128,2304.0,18436.0,5286837664,5286845817,5286846074,5286848282,0,87007,87007,-1,1,8153,2208,4,160,160,1
12,3,"[4, 2304, 0, 0, 0, 0, 0, 0, 0, 0, 0, 0, 0, 0, 0, 4, 2304, 0, 0, 0, 0, 0, 0, 0, 0, 0, 0, 0, 0, 0]",5,128,2304.0,27648.0,5286927105,5286934895,5286935289,5286937562,0,87134,87134,-1,1,7790,2273,4,160,160,1
12,3,"[4, 2304, 0, 0, 0, 0, 0, 0, 0, 0, 0, 0, 0, 0, 0, 4, 2304, 0, 0, 0, 0, 0, 0, 0, 0, 0, 0, 0, 0, 0]",5,128,2304.0,27648.0,5287016466,5287024339,5287024696,5287027000,0,96959,96959,-1,1,7873,2304,4,160,160,1
16,3,"[4, 2304, 1, 3, 3, 0, 0, 0, 0, 0, 0, 0, 0, 0, 0, 4, 0, 0, 0, 0, 0, 0, 0, 0, 0, 0, 0, 0, 0, 0]",41,128,20736.0,165892.0,5287115358,5287123776,5287123959,5287126615,0,102815,102815,-1,1,8418,2656,4,160,160,1
12,3,"[4, 2304, 1, 3, 3, 0, 0, 0, 0, 0, 0, 0, 0, 0, 0, 4, 2304, 1, 3, 3, 0, 0, 0, 0, 0, 0, 0, 0, 0, 0]",41,128,20736.0,248832.0,5287219909,5287229286,5287229430,5287232150,0,90911,90911,-1,1,9377,2720,4,160,160,1
12,3,"[4, 2304, 1, 3, 3, 0, 0, 0, 0, 0, 0, 0, 0, 0, 0, 4, 2304, 1, 3, 3, 0, 0, 0, 0, 0, 0, 0, 0, 0, 0]",41,128,20736.0,248832.0,5287314734,5287322756,5287323061,5287325557,0,88702,88702,-1,1,8022,2496,4,160,160,1
16,3,"[4, 2304, 0, 0, 0, 0, 0, 0, 0, 0, 0, 0, 0, 0, 0, 4, 0, 0, 0, 0, 0, 0, 0, 0, 0, 0, 0, 0, 0, 0]",5,128,2304.0,18436.0,5287405685,5287414135,5287414259,5287416756,0,88446,88446,-1,1,8450,2497,4,160,160,1
12,3,"[4, 2304, 0, 0, 0, 0, 0, 0, 0, 0, 0, 0, 0, 0, 0, 4, 2304, 0, 0, 0, 0, 0, 0, 0, 0, 0, 0, 0, 0, 0]",5,128,2304.0,27648.0,5287496795,5287504843,5287505202,5287507410,0,89695,89695,-1,1,8048,2208,4,160,160,1
12,3,"[4, 2304, 0, 0, 0, 0, 0, 0, 0, 0, 0, 0, 0, 0, 0, 4, 2304, 0, 0, 0, 0, 0, 0, 0, 0, 0, 0, 0, 0, 0]",5,128,2304.0,27648.0,5287588932,5287596744,5287597105,5287599441,0,88287,88287,-1,1,7812,2336,4,160,160,1
16,3,"[4, 2304, 0, 0, 0, 0, 0, 0, 0, 0, 0, 0, 0, 0, 0, 4, 0, 0, 0, 0, 0, 0, 0, 0, 0, 0, 0, 0, 0, 0]",5,128,2304.0,18436.0,5287679362,5287687435,5287687728,5287689936,0,87327,87327,-1,1,8073,2208,4,160,160,1
12,3,"[4, 2304, 0, 0, 0, 0, 0, 0, 0, 0, 0, 0, 0, 0, 0, 4, 2304, 0, 0, 0, 0, 0, 0, 0, 0, 0, 0, 0, 0, 0]",5,128,2304.0,27648.0,5287768899,5287776956,5287777263,5287779535,0,87263,87263,-1,1,8057,2272,4,160,160,1
12,3,"[4, 2304, 0, 0, 0, 0, 0, 0, 0, 0, 0, 0, 0, 0, 0, 4, 2304, 0, 0, 0, 0, 0, 0, 0, 0, 0, 0, 0, 0, 0]",5,128,2304.0,27648.0,5287858666,5287866407,5287866798,5287869134,0,89759,89759,-1,1,7741,2336,4,160,160,1
16,3,"[4, 96, 2304, 1, 1, 0, 0, 0, 0, 0, 0, 0, 0, 0, 0, 4, 0, 0, 0, 0, 0, 0, 0, 0, 0, 0, 0, 0, 0, 0]",432,128,221184.0,1769476.0,5287950111,5287958726,5287958893,5287966124,0,83455,83455,-1,1,8615,7231,4,160,160,1
12,3,"[4, 96, 2304, 1, 1, 0, 0, 0, 0, 0, 0, 0, 0, 0, 0, 4, 96, 2304, 1, 1, 0, 0, 0, 0, 0, 0, 0, 0, 0, 0]",432,128,221184.0,2654208.0,5288041435,5288049282,5288049579,5288056011,0,84991,84991,-1,1,7847,6432,4,160,160,1
12,3,"[4, 96, 2304, 1, 1, 0, 0, 0, 0, 0, 0, 0, 0, 0, 0, 4, 96, 2304, 1, 1, 0, 0, 0, 0, 0, 0, 0, 0, 0, 0]",432,128,221184.0,2654208.0,5288132933,5288140585,5288141002,5288147818,0,82431,82431,-1,1,7652,6816,4,160,160,1
16,3,"[4, 96, 0, 0, 0, 0, 0, 0, 0, 0, 0, 0, 0, 0, 0, 4, 0, 0, 0, 0, 0, 0, 0, 0, 0, 0, 0, 0, 0, 0]",1,128,96.0,772.0,5288221899,5288229910,5288230249,5288232425,0,88415,88415,-1,1,8011,2176,4,160,160,1
12,3,"[4, 96, 0, 0, 0, 0, 0, 0, 0, 0, 0, 0, 0, 0, 0, 4, 96, 0, 0, 0, 0, 0, 0, 0, 0, 0, 0, 0, 0, 0]",1,128,96.0,1152.0,5288312617,5288320395,5288320840,5288323048,0,85951,85951,-1,1,7778,2208,4,160,160,1
12,3,"[4, 96, 0, 0, 0, 0, 0, 0, 0, 0, 0, 0, 0, 0, 0, 4, 96, 0, 0, 0, 0, 0, 0, 0, 0, 0, 0, 0, 0, 0]",1,128,96.0,1152.0,5288400764,5288408566,5288408999,5288411207,0,89791,89791,-1,1,7802,2208,4,160,160,1
16,3,"[4, 2304, 96, 1, 1, 0, 0, 0, 0, 0, 0, 0, 0, 0, 0, 4, 0, 0, 0, 0, 0, 0, 0, 0, 0, 0, 0, 0, 0, 0]",432,128,221184.0,1769476.0,5288492468,5288500893,5288500998,5288509062,0,85087,85087,-1,1,8425,8064,4,160,160,1
12,3,"[4, 2304, 96, 1, 1, 0, 0, 0, 0, 0, 0, 0, 0, 0, 0, 4, 2304, 96, 1, 1, 0, 0, 0, 0, 0, 0, 0, 0, 0, 0]",432,128,221184.0,2654208.0,5288585751,5288593854,5288594149,5288600580,0,84127,84127,-1,1,8103,6431,4,160,160,1
12,3,"[4, 2304, 96, 1, 1, 0, 0, 0, 0, 0, 0, 0, 0, 0, 0, 4, 2304, 96, 1, 1, 0, 0, 0, 0, 0, 0, 0, 0, 0, 0]",432,128,221184.0,2654208.0,5288676298,5288684304,5288684707,5288691619,0,82751,82751,-1,1,8006,6912,4,160,160,1
16,3,"[4, 2304, 0, 0, 0, 0, 0, 0, 0, 0, 0, 0, 0, 0, 0, 4, 0, 0, 0, 0, 0, 0, 0, 0, 0, 0, 0, 0, 0, 0]",5,128,2304.0,18436.0,5288765840,5288774076,5288774370,5288776770,0,86239,86239,-1,1,8236,2400,4,160,160,1
12,3,"[4, 2304, 0, 0, 0, 0, 0, 0, 0, 0, 0, 0, 0, 0, 0, 4, 2304, 0, 0, 0, 0, 0, 0, 0, 0, 0, 0, 0, 0, 0]",5,128,2304.0,27648.0,5288854747,5288862710,5288863009,5288865409,0,87135,87135,-1,1,7963,2400,4,160,160,1
12,3,"[4, 2304, 0, 0, 0, 0, 0, 0, 0, 0, 0, 0, 0, 0, 0, 4, 2304, 0, 0, 0, 0, 0, 0, 0, 0, 0, 0, 0, 0, 0]",5,128,2304.0,27648.0,5288944224,5288952148,5288952544,5288954976,0,88319,88319,-1,1,7924,2432,4,160,160,1
16,3,"[4, 384, 2304, 1, 1, 0, 0, 0, 0, 0, 0, 0, 0, 0, 0, 4, 0, 0, 0, 0, 0, 0, 0, 0, 0, 0, 0, 0, 0, 0]",1728,128,884736.0,7077892.0,5289034814,5289043038,5289043295,5289073150,0,107359,107359,-1,1,8224,29855,4,160,160,1
12,3,"[4, 384, 2304, 1, 1, 0, 0, 0, 0, 0, 0, 0, 0, 0, 0, 4, 384, 2304, 1, 1, 0, 0, 0, 0, 0, 0, 0, 0, 0, 0]",1728,128,884736.0,10616832.0,5289170450,5289180183,5289180509,5289224381,0,57759,57759,-1,1,9733,43872,4,160,160,1
12,3,"[4, 384, 2304, 1, 1, 0, 0, 0, 0, 0, 0, 0, 0, 0, 0, 4, 384, 2304, 1, 1, 0, 0, 0, 0, 0, 0, 0, 0, 0, 0]",1728,128,884736.0,10616832.0,5289273492,5289281527,5289282140,5289327355,0,46816,46816,-1,1,8035,45215,4,160,160,1
16,3,"[4, 384, 0, 0, 0, 0, 0, 0, 0, 0, 0, 0, 0, 0, 0, 4, 0, 0, 0, 0, 0, 0, 0, 0, 0, 0, 0, 0, 0, 0]",1,128,384.0,3076.0,5289365670,5289374107,5289374171,5289376730,0,87967,87967,-1,1,8437,2559,4,160,160,1
12,3,"[4, 384, 0, 0, 0, 0, 0, 0, 0, 0, 0, 0, 0, 0, 0, 4, 384, 0, 0, 0, 0, 0, 0, 0, 0, 0, 0, 0, 0, 0]",1,128,384.0,4608.0,5289456323,5289464357,5289464697,5289467289,0,86527,86527,-1,1,8034,2592,4,160,160,1
12,3,"[4, 384, 0, 0, 0, 0, 0, 0, 0, 0, 0, 0, 0, 0, 0, 4, 384, 0, 0, 0, 0, 0, 0, 0, 0, 0, 0, 0, 0, 0]",1,128,384.0,4608.0,5289545371,5289553456,5289553816,5289556056,0,249789,249789,-1,1,8085,2240,4,160,160,1
16,3,"[4, 384, 0, 0, 0, 0, 0, 0, 0, 0, 0, 0, 0, 0, 0, 4, 0, 0, 0, 0, 0, 0, 0, 0, 0, 0, 0, 0, 0, 0]",1,128,384.0,3076.0,5289793967,5289806036,5289805845,5289808117,0,101727,101727,-1,1,12069,2272,4,160,160,1
12,3,"[4, 384, 0, 0, 0, 0, 0, 0, 0, 0, 0, 0, 0, 0, 0, 4, 384, 0, 0, 0, 0, 0, 0, 0, 0, 0, 0, 0, 0, 0]",1,128,384.0,4608.0,5289900183,5289909908,5289909844,5289912212,0,90366,90366,-1,1,9725,2368,4,160,160,1
12,3,"[4, 384, 0, 0, 0, 0, 0, 0, 0, 0, 0, 0, 0, 0, 0, 4, 384, 0, 0, 0, 0, 0, 0, 0, 0, 0, 0, 0, 0, 0]",1,128,384.0,4608.0,5289993915,5290002274,5290002578,5290004915,0,91423,91423,-1,1,8359,2337,4,160,160,1
16,3,"[4, 2304, 384, 1, 1, 0, 0, 0, 0, 0, 0, 0, 0, 0, 0, 4, 0, 0, 0, 0, 0, 0, 0, 0, 0, 0, 0, 0, 0, 0]",1728,128,884736.0,7077892.0,5290086748,5290095300,5290096338,5290125425,0,62495,62495,-1,1,8552,29087,4,160,160,1
12,3,"[4, 2304, 384, 1, 1, 0, 0, 0, 0, 0, 0, 0, 0, 0, 0, 4, 2304, 384, 1, 1, 0, 0, 0, 0, 0, 0, 0, 0, 0, 0]",1728,128,884736.0,10616832.0,5290179577,5290187604,5290187920,5290230928,0,48191,48191,-1,1,8027,43008,4,160,160,1
12,3,"[4, 2304, 384, 1, 1, 0, 0, 0, 0, 0, 0, 0, 0, 0, 0, 4, 2304, 384, 1, 1, 0, 0, 0, 0, 0, 0, 0, 0, 0, 0]",1728,128,884736.0,10616832.0,5290270264,5290278324,5290279119,5290324462,0,45984,45984,-1,1,8060,45343,4,160,160,1
16,3,"[4, 2304, 0, 0, 0, 0, 0, 0, 0, 0, 0, 0, 0, 0, 0, 4, 0, 0, 0, 0, 0, 0, 0, 0, 0, 0, 0, 0, 0, 0]",5,128,2304.0,18436.0,5290361777,5290370238,5290370446,5290372974,0,93599,93599,-1,1,8461,2528,4,160,160,1
12,3,"[4, 2304, 0, 0, 0, 0, 0, 0, 0, 0, 0, 0, 0, 0, 0, 4, 2304, 0, 0, 0, 0, 0, 0, 0, 0, 0, 0, 0, 0, 0]",5,128,2304.0,27648.0,5290458342,5290466446,5290466573,5290469164,0,92320,92320,-1,1,8104,2591,4,160,160,1
12,3,"[4, 2304, 0, 0, 0, 0, 0, 0, 0, 0, 0, 0, 0, 0, 0, 4, 2304, 0, 0, 0, 0, 0, 0, 0, 0, 0, 0, 0, 0, 0]",5,128,2304.0,27648.0,5290553320,5290561193,5290561484,5290563884,0,91934,91934,-1,1,7873,2400,4,160,160,1
16,3,"[4, 2304, 0, 0, 0, 0, 0, 0, 0, 0, 0, 0, 0, 0, 0, 4, 0, 0, 0, 0, 0, 0, 0, 0, 0, 0, 0, 0, 0, 0]",5,128,2304.0,18436.0,5290647381,5290655764,5290655818,5290658122,0,90335,90335,-1,1,8383,2304,4,160,160,1
12,3,"[4, 2304, 0, 0, 0, 0, 0, 0, 0, 0, 0, 0, 0, 0, 0, 4, 2304, 0, 0, 0, 0, 0, 0, 0, 0, 0, 0, 0, 0, 0]",5,128,2304.0,27648.0,5290740110,5290748054,5290748457,5290750857,0,97887,97887,-1,1,7944,2400,4,160,160,1
12,3,"[4, 2304, 0, 0, 0, 0, 0, 0, 0, 0, 0, 0, 0, 0, 0, 4, 2304, 0, 0, 0, 0, 0, 0, 0, 0, 0, 0, 0, 0, 0]",5,128,2304.0,27648.0,5290840253,5290848428,5290848744,5290851080,0,94783,94783,-1,1,8175,2336,4,160,160,1
16,3,"[4, 2304, 1, 3, 3, 0, 0, 0, 0, 0, 0, 0, 0, 0, 0, 4, 0, 0, 0, 0, 0, 0, 0, 0, 0, 0, 0, 0, 0, 0]",41,128,20736.0,165892.0,5290937291,5290945685,5290945863,5290948486,0,88319,88319,-1,1,8394,2623,4,160,160,1
12,3,"[4, 2304, 1, 3, 3, 0, 0, 0, 0, 0, 0, 0, 0, 0, 0, 4, 2304, 1, 3, 3, 0, 0, 0, 0, 0, 0, 0, 0, 0, 0]",41,128,20736.0,248832.0,5291028639,5291036531,5291036805,5291039589,0,86943,86943,-1,1,7892,2784,4,160,160,1
12,3,"[4, 2304, 1, 3, 3, 0, 0, 0, 0, 0, 0, 0, 0, 0, 0, 4, 2304, 1, 3, 3, 0, 0, 0, 0, 0, 0, 0, 0, 0, 0]",41,128,20736.0,248832.0,5291118388,5291126229,5291126532,5291129028,0,87423,87423,-1,1,7841,2496,4,160,160,1
16,3,"[4, 2304, 0, 0, 0, 0, 0, 0, 0, 0, 0, 0, 0, 0, 0, 4, 0, 0, 0, 0, 0, 0, 0, 0, 0, 0, 0, 0, 0, 0]",5,128,2304.0,18436.0,5291208010,5291216432,5291216451,5291218659,0,87327,87327,-1,1,8422,2208,4,160,160,1
12,3,"[4, 2304, 0, 0, 0, 0, 0, 0, 0, 0, 0, 0, 0, 0, 0, 4, 2304, 0, 0, 0, 0, 0, 0, 0, 0, 0, 0, 0, 0, 0]",5,128,2304.0,27648.0,5291297519,5291305773,5291305986,5291308226,0,89343,89343,-1,1,8254,2240,4,160,160,1
12,3,"[4, 2304, 0, 0, 0, 0, 0, 0, 0, 0, 0, 0, 0, 0, 0, 4, 2304, 0, 0, 0, 0, 0, 0, 0, 0, 0, 0, 0, 0, 0]",5,128,2304.0,27648.0,5291388941,5291397313,5291397569,5291399905,0,86303,86303,-1,1,8372,2336,4,160,160,1
16,3,"[4, 2304, 0, 0, 0, 0, 0, 0, 0, 0, 0, 0, 0, 0, 0, 4, 0, 0, 0, 0, 0, 0, 0, 0, 0, 0, 0, 0, 0, 0]",5,128,2304.0,18436.0,5291477673,5291485999,5291486208,5291488448,0,85375,85375,-1,1,8326,2240,4,160,160,1
12,3,"[4, 2304, 0, 0, 0, 0, 0, 0, 0, 0, 0, 0, 0, 0, 0, 4, 2304, 0, 0, 0, 0, 0, 0, 0, 0, 0, 0, 0, 0, 0]",5,128,2304.0,27648.0,5291565817,5291573538,5291573823,5291576478,0,85791,85791,-1,1,7721,2655,4,160,160,1
12,3,"[4, 2304, 0, 0, 0, 0, 0, 0, 0, 0, 0, 0, 0, 0, 0, 4, 2304, 0, 0, 0, 0, 0, 0, 0, 0, 0, 0, 0, 0, 0]",5,128,2304.0,27648.0,5291653835,5291662194,5291662269,5291664606,0,88350,88350,-1,1,8359,2337,4,160,160,1
16,3,"[4, 96, 2304, 1, 1, 0, 0, 0, 0, 0, 0, 0, 0, 0, 0, 4, 0, 0, 0, 0, 0, 0, 0, 0, 0, 0, 0, 0, 0, 0]",432,128,221184.0,1769476.0,5291744243,5291754667,5291752956,5291760284,0,85727,85727,-1,1,10424,7328,4,160,160,1
12,3,"[4, 96, 2304, 1, 1, 0, 0, 0, 0, 0, 0, 0, 0, 0, 0, 4, 96, 2304, 1, 1, 0, 0, 0, 0, 0, 0, 0, 0, 0, 0]",432,128,221184.0,2654208.0,5291837795,5291845726,5291846011,5291852443,0,83167,83167,-1,1,7931,6432,4,160,160,1
12,3,"[4, 96, 2304, 1, 1, 0, 0, 0, 0, 0, 0, 0, 0, 0, 0, 4, 96, 2304, 1, 1, 0, 0, 0, 0, 0, 0, 0, 0, 0, 0]",432,128,221184.0,2654208.0,5291927331,5291935267,5291935610,5291942586,0,82623,82623,-1,1,7936,6976,4,160,160,1
16,3,"[4, 96, 0, 0, 0, 0, 0, 0, 0, 0, 0, 0, 0, 0, 0, 4, 0, 0, 0, 0, 0, 0, 0, 0, 0, 0, 0, 0, 0, 0]",1,128,96.0,772.0,5292016754,5292024982,5292025209,5292027353,0,85855,85855,-1,1,8228,2144,4,160,160,1
12,3,"[4, 96, 0, 0, 0, 0, 0, 0, 0, 0, 0, 0, 0, 0, 0, 4, 96, 0, 0, 0, 0, 0, 0, 0, 0, 0, 0, 0, 0, 0]",1,128,96.0,1152.0,5292104805,5292112848,5292113208,5292115416,0,84831,84831,-1,1,8043,2208,4,160,160,1
12,3,"[4, 96, 0, 0, 0, 0, 0, 0, 0, 0, 0, 0, 0, 0, 0, 4, 96, 0, 0, 0, 0, 0, 0, 0, 0, 0, 0, 0, 0, 0]",1,128,96.0,1152.0,5292191854,5292199742,5292200247,5292202423,0,88382,88382,-1,1,7888,2176,4,160,160,1
16,3,"[4, 2304, 96, 1, 1, 0, 0, 0, 0, 0, 0, 0, 0, 0, 0, 4, 0, 0, 0, 0, 0, 0, 0, 0, 0, 0, 0, 0, 0, 0]",432,128,221184.0,1769476.0,5292281887,5292290612,5292290805,5292298933,0,81919,81919,-1,1,8725,8128,4,160,160,1
12,3,"[4, 2304, 96, 1, 1, 0, 0, 0, 0, 0, 0, 0, 0, 0, 0, 4, 2304, 96, 1, 1, 0, 0, 0, 0, 0, 0, 0, 0, 0, 0]",432,128,221184.0,2654208.0,5292372495,5292380467,5292380852,5292387476,0,83743,83743,-1,1,7972,6624,4,160,160,1
12,3,"[4, 2304, 96, 1, 1, 0, 0, 0, 0, 0, 0, 0, 0, 0, 0, 4, 2304, 96, 1, 1, 0, 0, 0, 0, 0, 0, 0, 0, 0, 0]",432,128,221184.0,2654208.0,5292463043,5292470765,5292471219,5292478291,0,83487,83487,-1,1,7722,7072,4,160,160,1
16,3,"[4, 2304, 0, 0, 0, 0, 0, 0, 0, 0, 0, 0, 0, 0, 0, 4, 0, 0, 0, 0, 0, 0, 0, 0, 0, 0, 0, 0, 0, 0]",5,128,2304.0,18436.0,5292553344,5292561541,5292561778,5292564050,0,86367,86367,-1,1,8197,2272,4,160,160,1
12,3,"[4, 2304, 0, 0, 0, 0, 0, 0, 0, 0, 0, 0, 0, 0, 0, 4, 2304, 0, 0, 0, 0, 0, 0, 0, 0, 0, 0, 0, 0, 0]",5,128,2304.0,27648.0,5292642150,5292650111,5292650417,5292652721,0,86463,86463,-1,1,7961,2304,4,160,160,1
12,3,"[4, 2304, 0, 0, 0, 0, 0, 0, 0, 0, 0, 0, 0, 0, 0, 4, 2304, 0, 0, 0, 0, 0, 0, 0, 0, 0, 0, 0, 0, 0]",5,128,2304.0,27648.0,5292730935,5292741006,5292739184,5292741520,0,91103,91103,-1,1,10071,2336,4,160,160,1
16,3,"[4, 384, 2304, 1, 1, 0, 0, 0, 0, 0, 0, 0, 0, 0, 0, 4, 0, 0, 0, 0, 0, 0, 0, 0, 0, 0, 0, 0, 0, 0]",1728,128,884736.0,7077892.0,5292824097,5292832284,5292832623,5292863246,0,58848,58848,-1,1,8187,30623,4,160,160,1
12,3,"[4, 384, 2304, 1, 1, 0, 0, 0, 0, 0, 0, 0, 0, 0, 0, 4, 384, 2304, 1, 1, 0, 0, 0, 0, 0, 0, 0, 0, 0, 0]",1728,128,884736.0,10616832.0,5292913801,5292921796,5292922094,5292965229,0,45951,45951,-1,1,7995,43135,4,160,160,1
12,3,"[4, 384, 2304, 1, 1, 0, 0, 0, 0, 0, 0, 0, 0, 0, 0, 4, 384, 2304, 1, 1, 0, 0, 0, 0, 0, 0, 0, 0, 0, 0]",1728,128,884736.0,10616832.0,5293002869,5293010765,5293011180,5293056524,0,44895,44895,-1,1,7896,45344,4,160,160,1
16,3,"[4, 384, 0, 0, 0, 0, 0, 0, 0, 0, 0, 0, 0, 0, 0, 4, 0, 0, 0, 0, 0, 0, 0, 0, 0, 0, 0, 0, 0, 0]",1,128,384.0,3076.0,5293093041,5293101207,5293101419,5293103979,0,87167,87167,-1,1,8166,2560,4,160,160,1
12,3,"[4, 384, 0, 0, 0, 0, 0, 0, 0, 0, 0, 0, 0, 0, 0, 4, 384, 0, 0, 0, 0, 0, 0, 0, 0, 0, 0, 0, 0, 0]",1,128,384.0,4608.0,5293182824,5293190741,5293191146,5293193802,0,88671,88671,-1,1,7917,2656,4,160,160,1
12,3,"[4, 384, 0, 0, 0, 0, 0, 0, 0, 0, 0, 0, 0, 0, 0, 4, 384, 0, 0, 0, 0, 0, 0, 0, 0, 0, 0, 0, 0, 0]",1,128,384.0,4608.0,5293274056,5293282007,5293282473,5293284809,0,87263,87263,-1,1,7951,2336,4,160,160,1
16,3,"[4, 384, 0, 0, 0, 0, 0, 0, 0, 0, 0, 0, 0, 0, 0, 4, 0, 0, 0, 0, 0, 0, 0, 0, 0, 0, 0, 0, 0, 0]",1,128,384.0,3076.0,5293363593,5293371889,5293372072,5293374280,0,86815,86815,-1,1,8296,2208,4,160,160,1
12,3,"[4, 384, 0, 0, 0, 0, 0, 0, 0, 0, 0, 0, 0, 0, 0, 4, 384, 0, 0, 0, 0, 0, 0, 0, 0, 0, 0, 0, 0, 0]",1,128,384.0,4608.0,5293452729,5293461154,5293461095,5293463399,0,243709,243709,-1,1,8425,2304,4,160,160,1
12,3,"[4, 384, 0, 0, 0, 0, 0, 0, 0, 0, 0, 0, 0, 0, 0, 4, 384, 0, 0, 0, 0, 0, 0, 0, 0, 0, 0, 0, 0, 0]",1,128,384.0,4608.0,5293695545,5293707140,5293707108,5293709411,0,107647,107647,-1,1,11595,2303,4,160,160,1
16,3,"[4, 2304, 384, 1, 1, 0, 0, 0, 0, 0, 0, 0, 0, 0, 0, 4, 0, 0, 0, 0, 0, 0, 0, 0, 0, 0, 0, 0, 0, 0]",1728,128,884736.0,7077892.0,5293807135,5293817087,5293817058,5293846146,0,65247,65247,-1,1,9952,29088,4,160,160,1
12,3,"[4, 2304, 384, 1, 1, 0, 0, 0, 0, 0, 0, 0, 0, 0, 0, 4, 2304, 384, 1, 1, 0, 0, 0, 0, 0, 0, 0, 0, 0, 0]",1728,128,884736.0,10616832.0,5293902858,5293913359,5293911393,5293954400,0,51520,51520,-1,1,10501,43007,4,160,160,1
12,3,"[4, 2304, 384, 1, 1, 0, 0, 0, 0, 0, 0, 0, 0, 0, 0, 4, 2304, 384, 1, 1, 0, 0, 0, 0, 0, 0, 0, 0, 0, 0]",1728,128,884736.0,10616832.0,5293997313,5294005909,5294005920,5294050847,0,46207,46207,-1,1,8596,44927,4,160,160,1
16,3,"[4, 2304, 0, 0, 0, 0, 0, 0, 0, 0, 0, 0, 0, 0, 0, 4, 0, 0, 0, 0, 0, 0, 0, 0, 0, 0, 0, 0, 0, 0]",5,128,2304.0,18436.0,5294088153,5294096828,5294097054,5294099550,0,88063,88063,-1,1,8675,2496,4,160,160,1
12,3,"[4, 2304, 0, 0, 0, 0, 0, 0, 0, 0, 0, 0, 0, 0, 0, 4, 2304, 0, 0, 0, 0, 0, 0, 0, 0, 0, 0, 0, 0, 0]",5,128,2304.0,27648.0,5294178745,5294187316,5294187613,5294190269,0,87456,87456,-1,1,8571,2656,4,160,160,1
12,3,"[4, 2304, 0, 0, 0, 0, 0, 0, 0, 0, 0, 0, 0, 0, 0, 4, 2304, 0, 0, 0, 0, 0, 0, 0, 0, 0, 0, 0, 0, 0]",5,128,2304.0,27648.0,5294269309,5294277316,5294277725,5294279964,0,88703,88703,-1,1,8007,2239,4,160,160,1
16,3,"[4, 2304, 0, 0, 0, 0, 0, 0, 0, 0, 0, 0, 0, 0, 0, 4, 0, 0, 0, 0, 0, 0, 0, 0, 0, 0, 0, 0, 0, 0]",5,128,2304.0,18436.0,5294359645,5294368312,5294368667,5294370971,0,87999,87999,-1,1,8667,2304,4,160,160,1
12,3,"[4, 2304, 0, 0, 0, 0, 0, 0, 0, 0, 0, 0, 0, 0, 0, 4, 2304, 0, 0, 0, 0, 0, 0, 0, 0, 0, 0, 0, 0, 0]",5,128,2304.0,27648.0,5294450434,5294458479,5294458970,5294461274,0,87423,87423,-1,1,8045,2304,4,160,160,1
12,3,"[4, 2304, 0, 0, 0, 0, 0, 0, 0, 0, 0, 0, 0, 0, 0, 4, 2304, 0, 0, 0, 0, 0, 0, 0, 0, 0, 0, 0, 0, 0]",5,128,2304.0,27648.0,5294540327,5294548349,5294548697,5294550937,0,89919,89919,-1,1,8022,2240,4,160,160,1
16,3,"[4, 2304, 1, 3, 3, 0, 0, 0, 0, 0, 0, 0, 0, 0, 0, 4, 0, 0, 0, 0, 0, 0, 0, 0, 0, 0, 0, 0, 0, 0]",41,128,20736.0,165892.0,5294632039,5294640584,5294640856,5294643480,0,88191,88191,-1,1,8545,2624,4,160,160,1
12,3,"[4, 2304, 1, 3, 3, 0, 0, 0, 0, 0, 0, 0, 0, 0, 0, 4, 2304, 1, 3, 3, 0, 0, 0, 0, 0, 0, 0, 0, 0, 0]",41,128,20736.0,248832.0,5294723385,5294731382,5294731671,5294734390,0,87456,87456,-1,1,7997,2719,4,160,160,1
12,3,"[4, 2304, 1, 3, 3, 0, 0, 0, 0, 0, 0, 0, 0, 0, 0, 4, 2304, 1, 3, 3, 0, 0, 0, 0, 0, 0, 0, 0, 0, 0]",41,128,20736.0,248832.0,5294813719,5294821563,5294821846,5294824405,0,87487,87487,-1,1,7844,2559,4,160,160,1
16,3,"[4, 2304, 0, 0, 0, 0, 0, 0, 0, 0, 0, 0, 0, 0, 0, 4, 0, 0, 0, 0, 0, 0, 0, 0, 0, 0, 0, 0, 0, 0]",5,128,2304.0,18436.0,5294903169,5294913439,5294911892,5294914228,0,90271,90271,-1,1,10270,2336,4,160,160,1
12,3,"[4, 2304, 0, 0, 0, 0, 0, 0, 0, 0, 0, 0, 0, 0, 0, 4, 2304, 0, 0, 0, 0, 0, 0, 0, 0, 0, 0, 0, 0, 0]",5,128,2304.0,27648.0,5294996221,5295004259,5295004499,5295006899,0,85791,85791,-1,1,8038,2400,4,160,160,1
12,3,"[4, 2304, 0, 0, 0, 0, 0, 0, 0, 0, 0, 0, 0, 0, 0, 4, 2304, 0, 0, 0, 0, 0, 0, 0, 0, 0, 0, 0, 0, 0]",5,128,2304.0,27648.0,5295084501,5295092323,5295092690,5295095058,0,86079,86079,-1,1,7822,2368,4,160,160,1
16,3,"[4, 2304, 0, 0, 0, 0, 0, 0, 0, 0, 0, 0, 0, 0, 0, 4, 0, 0, 0, 0, 0, 0, 0, 0, 0, 0, 0, 0, 0, 0]",5,128,2304.0,18436.0,5295172553,5295180910,5295181137,5295183473,0,87007,87007,-1,1,8357,2336,4,160,160,1
12,3,"[4, 2304, 0, 0, 0, 0, 0, 0, 0, 0, 0, 0, 0, 0, 0, 4, 2304, 0, 0, 0, 0, 0, 0, 0, 0, 0, 0, 0, 0, 0]",5,128,2304.0,27648.0,5295262367,5295270133,5295270480,5295272880,0,88094,88094,-1,1,7766,2400,4,160,160,1
12,3,"[4, 2304, 0, 0, 0, 0, 0, 0, 0, 0, 0, 0, 0, 0, 0, 4, 2304, 0, 0, 0, 0, 0, 0, 0, 0, 0, 0, 0, 0, 0]",5,128,2304.0,27648.0,5295352821,5295360544,5295360974,5295363279,0,88830,88830,-1,1,7723,2305,4,160,160,1
16,3,"[4, 96, 2304, 1, 1, 0, 0, 0, 0, 0, 0, 0, 0, 0, 0, 4, 0, 0, 0, 0, 0, 0, 0, 0, 0, 0, 0, 0, 0, 0]",432,128,221184.0,1769476.0,5295443740,5295452102,5295452109,5295458989,0,83999,83999,-1,1,8362,6880,4,160,160,1
12,3,"[4, 96, 2304, 1, 1, 0, 0, 0, 0, 0, 0, 0, 0, 0, 0, 4, 96, 2304, 1, 1, 0, 0, 0, 0, 0, 0, 0, 0, 0, 0]",432,128,221184.0,2654208.0,5295535019,5295542733,5295542988,5295549612,0,83871,83871,-1,1,7714,6624,4,160,160,1
12,3,"[4, 96, 2304, 1, 1, 0, 0, 0, 0, 0, 0, 0, 0, 0, 0, 4, 96, 2304, 1, 1, 0, 0, 0, 0, 0, 0, 0, 0, 0, 0]",432,128,221184.0,2654208.0,5295625333,5295633170,5295633483,5295640459,0,83455,83455,-1,1,7837,6976,4,160,160,1
16,3,"[4, 96, 0, 0, 0, 0, 0, 0, 0, 0, 0, 0, 0, 0, 0, 4, 0, 0, 0, 0, 0, 0, 0, 0, 0, 0, 0, 0, 0, 0]",1,128,96.0,772.0,5295715224,5295723704,5295723914,5295726058,0,86559,86559,-1,1,8480,2144,4,160,160,1
12,3,"[4, 96, 0, 0, 0, 0, 0, 0, 0, 0, 0, 0, 0, 0, 0, 4, 96, 0, 0, 0, 0, 0, 0, 0, 0, 0, 0, 0, 0, 0]",1,128,96.0,1152.0,5295804314,5295812272,5295812617,5295814793,0,87039,87039,-1,1,7958,2176,4,160,160,1
12,3,"[4, 96, 0, 0, 0, 0, 0, 0, 0, 0, 0, 0, 0, 0, 0, 4, 96, 0, 0, 0, 0, 0, 0, 0, 0, 0, 0, 0, 0, 0]",1,128,96.0,1152.0,5295893416,5295903429,5295901832,5295903976,0,90462,90462,-1,1,10013,2144,4,160,160,1
16,3,"[4, 2304, 96, 1, 1, 0, 0, 0, 0, 0, 0, 0, 0, 0, 0, 4, 0, 0, 0, 0, 0, 0, 0, 0, 0, 0, 0, 0, 0, 0]",432,128,221184.0,1769476.0,5295985913,5295994198,5295994438,5296002694,0,81471,81471,-1,1,8285,8256,4,160,160,1
12,3,"[4, 2304, 96, 1, 1, 0, 0, 0, 0, 0, 0, 0, 0, 0, 0, 4, 2304, 96, 1, 1, 0, 0, 0, 0, 0, 0, 0, 0, 0, 0]",432,128,221184.0,2654208.0,5296075948,5296083728,5296084165,5296090757,0,84159,84159,-1,1,7780,6592,4,160,160,1
12,3,"[4, 2304, 96, 1, 1, 0, 0, 0, 0, 0, 0, 0, 0, 0, 0, 4, 2304, 96, 1, 1, 0, 0, 0, 0, 0, 0, 0, 0, 0, 0]",432,128,221184.0,2654208.0,5296166674,5296174541,5296174916,5296181860,0,83551,83551,-1,1,7867,6944,4,160,160,1
16,3,"[4, 2304, 0, 0, 0, 0, 0, 0, 0, 0, 0, 0, 0, 0, 0, 4, 0, 0, 0, 0, 0, 0, 0, 0, 0, 0, 0, 0, 0, 0]",5,128,2304.0,18436.0,5296257011,5296265231,5296265411,5296267875,0,86815,86815,-1,1,8220,2464,4,160,160,1
12,3,"[4, 2304, 0, 0, 0, 0, 0, 0, 0, 0, 0, 0, 0, 0, 0, 4, 2304, 0, 0, 0, 0, 0, 0, 0, 0, 0, 0, 0, 0, 0]",5,128,2304.0,27648.0,5296346671,5296354355,5296354690,5296357026,0,85471,85471,-1,1,7684,2336,4,160,160,1
12,3,"[4, 2304, 0, 0, 0, 0, 0, 0, 0, 0, 0, 0, 0, 0, 0, 4, 2304, 0, 0, 0, 0, 0, 0, 0, 0, 0, 0, 0, 0, 0]",5,128,2304.0,27648.0,5296434444,5296442109,5296442497,5296444897,0,88063,88063,-1,1,7665,2400,4,160,160,1
16,3,"[4, 384, 2304, 1, 1, 0, 0, 0, 0, 0, 0, 0, 0, 0, 0, 4, 0, 0, 0, 0, 0, 0, 0, 0, 0, 0, 0, 0, 0, 0]",1728,128,884736.0,7077892.0,5296524312,5296532690,5296532960,5296563007,0,59775,59775,-1,1,8378,30047,4,160,160,1
12,3,"[4, 384, 2304, 1, 1, 0, 0, 0, 0, 0, 0, 0, 0, 0, 0, 4, 384, 2304, 1, 1, 0, 0, 0, 0, 0, 0, 0, 0, 0, 0]",1728,128,884736.0,10616832.0,5296614570,5296622379,5296622782,5296665854,0,47488,47488,-1,1,7809,43072,4,160,160,1
12,3,"[4, 384, 2304, 1, 1, 0, 0, 0, 0, 0, 0, 0, 0, 0, 0, 4, 384, 2304, 1, 1, 0, 0, 0, 0, 0, 0, 0, 0, 0, 0]",1728,128,884736.0,10616832.0,5296705058,5296713045,5296713342,5296758525,0,43775,43775,-1,1,7987,45183,4,160,160,1
16,3,"[4, 384, 0, 0, 0, 0, 0, 0, 0, 0, 0, 0, 0, 0, 0, 4, 0, 0, 0, 0, 0, 0, 0, 0, 0, 0, 0, 0, 0, 0]",1,128,384.0,3076.0,5296793822,5296802074,5296802300,5296804860,0,85567,85567,-1,1,8252,2560,4,160,160,1
12,3,"[4, 384, 0, 0, 0, 0, 0, 0, 0, 0, 0, 0, 0, 0, 0, 4, 384, 0, 0, 0, 0, 0, 0, 0, 0, 0, 0, 0, 0, 0]",1,128,384.0,4608.0,5296882105,5296892178,5296890427,5296892987,0,89215,89215,-1,1,10073,2560,4,160,160,1
12,3,"[4, 384, 0, 0, 0, 0, 0, 0, 0, 0, 0, 0, 0, 0, 0, 4, 384, 0, 0, 0, 0, 0, 0, 0, 0, 0, 0, 0, 0, 0]",1,128,384.0,4608.0,5296973808,5296981985,5296982202,5296984506,0,86271,86271,-1,1,8177,2304,4,160,160,1
16,3,"[4, 384, 0, 0, 0, 0, 0, 0, 0, 0, 0, 0, 0, 0, 0, 4, 0, 0, 0, 0, 0, 0, 0, 0, 0, 0, 0, 0, 0, 0]",1,128,384.0,3076.0,5297062565,5297070552,5297070777,5297073241,0,86047,86047,-1,1,7987,2464,4,160,160,1
12,3,"[4, 384, 0, 0, 0, 0, 0, 0, 0, 0, 0, 0, 0, 0, 0, 4, 384, 0, 0, 0, 0, 0, 0, 0, 0, 0, 0, 0, 0, 0]",1,128,384.0,4608.0,5297151054,5297159116,5297159288,5297161591,0,87104,87104,-1,1,8062,2303,4,160,160,1
12,3,"[4, 384, 0, 0, 0, 0, 0, 0, 0, 0, 0, 0, 0, 0, 0, 4, 384, 0, 0, 0, 0, 0, 0, 0, 0, 0, 0, 0, 0, 0]",1,128,384.0,4608.0,5297240305,5297248433,5297248695,5297250999,0,90814,90814,-1,1,8128,2304,4,160,160,1
16,3,"[4, 2304, 384, 1, 1, 0, 0, 0, 0, 0, 0, 0, 0, 0, 0, 4, 0, 0, 0, 0, 0, 0, 0, 0, 0, 0, 0, 0, 0, 0]",1728,128,884736.0,7077892.0,5297332914,5297341620,5297341813,5297371509,0,203262,203262,-1,1,8706,29696,4,160,160,1
12,3,"[4, 2304, 384, 1, 1, 0, 0, 0, 0, 0, 0, 0, 0, 0, 0, 4, 2304, 384, 1, 1, 0, 0, 0, 0, 0, 0, 0, 0, 0, 0]",1728,128,884736.0,10616832.0,5297564272,5297574726,5297574771,5297618226,0,67711,67711,-1,1,10454,43455,4,160,160,1
12,3,"[4, 2304, 384, 1, 1, 0, 0, 0, 0, 0, 0, 0, 0, 0, 0, 4, 2304, 384, 1, 1, 0, 0, 0, 0, 0, 0, 0, 0, 0, 0]",1728,128,884736.0,10616832.0,5297676460,5297685747,5297685937,5297730512,0,52768,52768,-1,1,9287,44575,4,160,160,1
16,3,"[4, 2304, 0, 0, 0, 0, 0, 0, 0, 0, 0, 0, 0, 0, 0, 4, 0, 0, 0, 0, 0, 0, 0, 0, 0, 0, 0, 0, 0, 0]",5,128,2304.0,18436.0,5297774206,5297783276,5297783280,5297785872,0,88287,88287,-1,1,9070,2592,4,160,160,1
12,3,"[4, 2304, 0, 0, 0, 0, 0, 0, 0, 0, 0, 0, 0, 0, 0, 4, 2304, 0, 0, 0, 0, 0, 0, 0, 0, 0, 0, 0, 0, 0]",5,128,2304.0,27648.0,5297865523,5297873822,5297874159,5297876719,0,87679,87679,-1,1,8299,2560,4,160,160,1
12,3,"[4, 2304, 0, 0, 0, 0, 0, 0, 0, 0, 0, 0, 0, 0, 0, 4, 2304, 0, 0, 0, 0, 0, 0, 0, 0, 0, 0, 0, 0, 0]",5,128,2304.0,27648.0,5297955985,5297964048,5297964398,5297966669,0,91935,91935,-1,1,8063,2271,4,160,160,1
16,3,"[4, 2304, 0, 0, 0, 0, 0, 0, 0, 0, 0, 0, 0, 0, 0, 4, 0, 0, 0, 0, 0, 0, 0, 0, 0, 0, 0, 0, 0, 0]",5,128,2304.0,18436.0,5298049794,5298058419,5298058604,5298060940,0,89055,89055,-1,1,8625,2336,4,160,160,1
12,3,"[4, 2304, 0, 0, 0, 0, 0, 0, 0, 0, 0, 0, 0, 0, 0, 4, 2304, 0, 0, 0, 0, 0, 0, 0, 0, 0, 0, 0, 0, 0]",5,128,2304.0,27648.0,5298141727,5298149606,5298149995,5298152299,0,86783,86783,-1,1,7879,2304,4,160,160,1
12,3,"[4, 2304, 0, 0, 0, 0, 0, 0, 0, 0, 0, 0, 0, 0, 0, 4, 2304, 0, 0, 0, 0, 0, 0, 0, 0, 0, 0, 0, 0, 0]",5,128,2304.0,27648.0,5298230850,5298238791,5298239082,5298241354,0,90271,90271,-1,1,7941,2272,4,160,160,1
16,3,"[4, 2304, 1, 3, 3, 0, 0, 0, 0, 0, 0, 0, 0, 0, 0, 4, 0, 0, 0, 0, 0, 0, 0, 0, 0, 0, 0, 0, 0, 0]",41,128,20736.0,165892.0,5298322766,5298331381,5298331625,5298334281,0,88158,88158,-1,1,8615,2656,4,160,160,1
12,3,"[4, 2304, 1, 3, 3, 0, 0, 0, 0, 0, 0, 0, 0, 0, 0, 4, 2304, 1, 3, 3, 0, 0, 0, 0, 0, 0, 0, 0, 0, 0]",41,128,20736.0,248832.0,5298414246,5298422185,5298422439,5298425128,0,88318,88318,-1,1,7939,2689,4,160,160,1
12,3,"[4, 2304, 1, 3, 3, 0, 0, 0, 0, 0, 0, 0, 0, 0, 0, 4, 2304, 1, 3, 3, 0, 0, 0, 0, 0, 0, 0, 0, 0, 0]",41,128,20736.0,248832.0,5298504910,5298513161,5298513446,5298515911,0,88094,88094,-1,1,8251,2465,4,160,160,1
16,3,"[4, 2304, 0, 0, 0, 0, 0, 0, 0, 0, 0, 0, 0, 0, 0, 4, 0, 0, 0, 0, 0, 0, 0, 0, 0, 0, 0, 0, 0, 0]",5,128,2304.0,18436.0,5298595444,5298603744,5298604005,5298606309,0,87167,87167,-1,1,8300,2304,4,160,160,1
12,3,"[4, 2304, 0, 0, 0, 0, 0, 0, 0, 0, 0, 0, 0, 0, 0, 4, 2304, 0, 0, 0, 0, 0, 0, 0, 0, 0, 0, 0, 0, 0]",5,128,2304.0,27648.0,5298685134,5298693294,5298693476,5298695748,0,87839,87839,-1,1,8160,2272,4,160,160,1
12,3,"[4, 2304, 0, 0, 0, 0, 0, 0, 0, 0, 0, 0, 0, 0, 0, 4, 2304, 0, 0, 0, 0, 0, 0, 0, 0, 0, 0, 0, 0, 0]",5,128,2304.0,27648.0,5298775297,5298783213,5298783587,5298785827,0,88319,88319,-1,1,7916,2240,4,160,160,1
16,3,"[4, 2304, 0, 0, 0, 0, 0, 0, 0, 0, 0, 0, 0, 0, 0, 4, 0, 0, 0, 0, 0, 0, 0, 0, 0, 0, 0, 0, 0, 0]",5,128,2304.0,18436.0,5298865586,5298873854,5298874146,5298876354,0,85855,85855,-1,1,8268,2208,4,160,160,1
12,3,"[4, 2304, 0, 0, 0, 0, 0, 0, 0, 0, 0, 0, 0, 0, 0, 4, 2304, 0, 0, 0, 0, 0, 0, 0, 0, 0, 0, 0, 0, 0]",5,128,2304.0,27648.0,5298953917,5298961899,5298962209,5298964545,0,89183,89183,-1,1,7982,2336,4,160,160,1
12,3,"[4, 2304, 0, 0, 0, 0, 0, 0, 0, 0, 0, 0, 0, 0, 0, 4, 2304, 0, 0, 0, 0, 0, 0, 0, 0, 0, 0, 0, 0, 0]",5,128,2304.0,27648.0,5299045338,5299053351,5299053728,5299055936,0,90270,90270,-1,1,8013,2208,4,160,160,1
16,3,"[4, 96, 2304, 1, 1, 0, 0, 0, 0, 0, 0, 0, 0, 0, 0, 4, 0, 0, 0, 0, 0, 0, 0, 0, 0, 0, 0, 0, 0, 0]",432,128,221184.0,1769476.0,5299137793,5299145980,5299146206,5299153214,0,81824,81824,-1,1,8187,7008,4,160,160,1
12,3,"[4, 96, 2304, 1, 1, 0, 0, 0, 0, 0, 0, 0, 0, 0, 0, 4, 96, 2304, 1, 1, 0, 0, 0, 0, 0, 0, 0, 0, 0, 0]",432,128,221184.0,2654208.0,5299226821,5299234692,5299235038,5299241501,0,82687,82687,-1,1,7871,6463,4,160,160,1
12,3,"[4, 96, 2304, 1, 1, 0, 0, 0, 0, 0, 0, 0, 0, 0, 0, 4, 96, 2304, 1, 1, 0, 0, 0, 0, 0, 0, 0, 0, 0, 0]",432,128,221184.0,2654208.0,5299316152,5299323858,5299324188,5299331388,0,84191,84191,-1,1,7706,7200,4,160,160,1
16,3,"[4, 96, 0, 0, 0, 0, 0, 0, 0, 0, 0, 0, 0, 0, 0, 4, 0, 0, 0, 0, 0, 0, 0, 0, 0, 0, 0, 0, 0, 0]",1,128,96.0,772.0,5299406709,5299415165,5299415579,5299417787,0,86175,86175,-1,1,8456,2208,4,160,160,1
12,3,"[4, 96, 0, 0, 0, 0, 0, 0, 0, 0, 0, 0, 0, 0, 0, 4, 96, 0, 0, 0, 0, 0, 0, 0, 0, 0, 0, 0, 0, 0]",1,128,96.0,1152.0,5299495659,5299503684,5299503962,5299506138,0,85567,85567,-1,1,8025,2176,4,160,160,1
12,3,"[4, 96, 0, 0, 0, 0, 0, 0, 0, 0, 0, 0, 0, 0, 0, 4, 96, 0, 0, 0, 0, 0, 0, 0, 0, 0, 0, 0, 0, 0]",1,128,96.0,1152.0,5299583259,5299591285,5299591705,5299593881,0,87295,87295,-1,1,8026,2176,4,160,160,1
16,3,"[4, 2304, 96, 1, 1, 0, 0, 0, 0, 0, 0, 0, 0, 0, 0, 4, 0, 0, 0, 0, 0, 0, 0, 0, 0, 0, 0, 0, 0, 0]",432,128,221184.0,1769476.0,5299672742,5299680907,5299681176,5299689240,0,81982,81982,-1,1,8165,8064,4,160,160,1
12,3,"[4, 2304, 96, 1, 1, 0, 0, 0, 0, 0, 0, 0, 0, 0, 0, 4, 2304, 96, 1, 1, 0, 0, 0, 0, 0, 0, 0, 0, 0, 0]",432,128,221184.0,2654208.0,5299763109,5299770936,5299771222,5299777847,0,84447,84447,-1,1,7827,6625,4,160,160,1
12,3,"[4, 2304, 96, 1, 1, 0, 0, 0, 0, 0, 0, 0, 0, 0, 0, 4, 2304, 96, 1, 1, 0, 0, 0, 0, 0, 0, 0, 0, 0, 0]",432,128,221184.0,2654208.0,5299854075,5299862171,5299862294,5299869269,0,82303,82303,-1,1,8096,6975,4,160,160,1
16,3,"[4, 2304, 0, 0, 0, 0, 0, 0, 0, 0, 0, 0, 0, 0, 0, 4, 0, 0, 0, 0, 0, 0, 0, 0, 0, 0, 0, 0, 0, 0]",5,128,2304.0,18436.0,5299943149,5299951311,5299951572,5299953844,0,89055,89055,-1,1,8162,2272,4,160,160,1
12,3,"[4, 2304, 0, 0, 0, 0, 0, 0, 0, 0, 0, 0, 0, 0, 0, 4, 2304, 0, 0, 0, 0, 0, 0, 0, 0, 0, 0, 0, 0, 0]",5,128,2304.0,27648.0,5300034504,5300042545,5300042899,5300045171,0,86047,86047,-1,1,8041,2272,4,160,160,1
12,3,"[4, 2304, 0, 0, 0, 0, 0, 0, 0, 0, 0, 0, 0, 0, 0, 4, 2304, 0, 0, 0, 0, 0, 0, 0, 0, 0, 0, 0, 0, 0]",5,128,2304.0,27648.0,5300122929,5300130939,5300131218,5300133586,0,87743,87743,-1,1,8010,2368,4,160,160,1
16,3,"[4, 384, 2304, 1, 1, 0, 0, 0, 0, 0, 0, 0, 0, 0, 0, 4, 0, 0, 0, 0, 0, 0, 0, 0, 0, 0, 0, 0, 0, 0]",1728,128,884736.0,7077892.0,5300212680,5300221113,5300221329,5300251473,0,58559,58559,-1,1,8433,30144,4,160,160,1
12,3,"[4, 384, 2304, 1, 1, 0, 0, 0, 0, 0, 0, 0, 0, 0, 0, 4, 384, 2304, 1, 1, 0, 0, 0, 0, 0, 0, 0, 0, 0, 0]",1728,128,884736.0,10616832.0,5300301721,5300309636,5300310032,5300353103,0,46720,46720,-1,1,7915,43071,4,160,160,1
12,3,"[4, 384, 2304, 1, 1, 0, 0, 0, 0, 0, 0, 0, 0, 0, 0, 4, 384, 2304, 1, 1, 0, 0, 0, 0, 0, 0, 0, 0, 0, 0]",1728,128,884736.0,10616832.0,5300391226,5300399526,5300399823,5300445326,0,44159,44159,-1,1,8300,45503,4,160,160,1
16,3,"[4, 384, 0, 0, 0, 0, 0, 0, 0, 0, 0, 0, 0, 0, 0, 4, 0, 0, 0, 0, 0, 0, 0, 0, 0, 0, 0, 0, 0, 0]",1,128,384.0,3076.0,5300480764,5300489221,5300489485,5300492013,0,85791,85791,-1,1,8457,2528,4,160,160,1
12,3,"[4, 384, 0, 0, 0, 0, 0, 0, 0, 0, 0, 0, 0, 0, 0, 4, 384, 0, 0, 0, 0, 0, 0, 0, 0, 0, 0, 0, 0, 0]",1,128,384.0,4608.0,5300569464,5300577452,5300577804,5300580492,0,85567,85567,-1,1,7988,2688,4,160,160,1
12,3,"[4, 384, 0, 0, 0, 0, 0, 0, 0, 0, 0, 0, 0, 0, 0, 4, 384, 0, 0, 0, 0, 0, 0, 0, 0, 0, 0, 0, 0, 0]",1,128,384.0,4608.0,5300657875,5300665757,5300666059,5300668427,0,85695,85695,-1,1,7882,2368,4,160,160,1
16,3,"[4, 384, 0, 0, 0, 0, 0, 0, 0, 0, 0, 0, 0, 0, 0, 4, 0, 0, 0, 0, 0, 0, 0, 0, 0, 0, 0, 0, 0, 0]",1,128,384.0,3076.0,5300745433,5300753894,5300754122,5300756394,0,85471,85471,-1,1,8461,2272,4,160,160,1
12,3,"[4, 384, 0, 0, 0, 0, 0, 0, 0, 0, 0, 0, 0, 0, 0, 4, 384, 0, 0, 0, 0, 0, 0, 0, 0, 0, 0, 0, 0, 0]",1,128,384.0,4608.0,5300833606,5300841579,5300841865,5300844137,0,86047,86047,-1,1,7973,2272,4,160,160,1
12,3,"[4, 384, 0, 0, 0, 0, 0, 0, 0, 0, 0, 0, 0, 0, 0, 4, 384, 0, 0, 0, 0, 0, 0, 0, 0, 0, 0, 0, 0, 0]",1,128,384.0,4608.0,5300921822,5300929813,5300930184,5300932584,0,90975,90975,-1,1,7991,2400,4,160,160,1
16,3,"[4, 2304, 384, 1, 1, 0, 0, 0, 0, 0, 0, 0, 0, 0, 0, 4, 0, 0, 0, 0, 0, 0, 0, 0, 0, 0, 0, 0, 0, 0]",1728,128,884736.0,7077892.0,5301014956,5301023304,5301023559,5301052582,0,61791,61791,-1,1,8348,29023,4,160,160,1
12,3,"[4, 2304, 384, 1, 1, 0, 0, 0, 0, 0, 0, 0, 0, 0, 0, 4, 2304, 384, 1, 1, 0, 0, 0, 0, 0, 0, 0, 0, 0, 0]",1728,128,884736.0,10616832.0,5301106206,5301114022,5301114373,5301156901,0,47456,47456,-1,1,7816,42528,4,160,160,1
12,3,"[4, 2304, 384, 1, 1, 0, 0, 0, 0, 0, 0, 0, 0, 0, 0, 4, 2304, 384, 1, 1, 0, 0, 0, 0, 0, 0, 0, 0, 0, 0]",1728,128,884736.0,10616832.0,5301195895,5301204013,5301204357,5301249892,0,47839,47839,-1,1,8118,45535,4,160,160,1
16,3,"[4, 2304, 0, 0, 0, 0, 0, 0, 0, 0, 0, 0, 0, 0, 0, 4, 0, 0, 0, 0, 0, 0, 0, 0, 0, 0, 0, 0, 0, 0]",5,128,2304.0,18436.0,5301288731,5301297495,5301297731,5301300419,0,238909,238909,-1,1,8764,2688,4,160,160,1
12,3,"[4, 2304, 0, 0, 0, 0, 0, 0, 0, 0, 0, 0, 0, 0, 0, 4, 2304, 0, 0, 0, 0, 0, 0, 0, 0, 0, 0, 0, 0, 0]",5,128,2304.0,27648.0,5301528954,5301539235,5301539328,5301541920,0,94751,94751,-1,1,10281,2592,4,160,160,1
12,3,"[4, 2304, 0, 0, 0, 0, 0, 0, 0, 0, 0, 0, 0, 0, 0, 4, 2304, 0, 0, 0, 0, 0, 0, 0, 0, 0, 0, 0, 0, 0]",5,128,2304.0,27648.0,5301627563,5301636339,5301636671,5301638911,0,100159,100159,-1,1,8776,2240,4,160,160,1
16,3,"[4, 2304, 0, 0, 0, 0, 0, 0, 0, 0, 0, 0, 0, 0, 0, 4, 0, 0, 0, 0, 0, 0, 0, 0, 0, 0, 0, 0, 0, 0]",5,128,2304.0,18436.0,5301729097,5301739218,5301739070,5301741406,0,88606,88606,-1,1,10121,2336,4,160,160,1
12,3,"[4, 2304, 0, 0, 0, 0, 0, 0, 0, 0, 0, 0, 0, 0, 0, 4, 2304, 0, 0, 0, 0, 0, 0, 0, 0, 0, 0, 0, 0, 0]",5,128,2304.0,27648.0,5301821475,5301829744,5301830012,5301832317,0,86974,86974,-1,1,8269,2305,4,160,160,1
12,3,"[4, 2304, 0, 0, 0, 0, 0, 0, 0, 0, 0, 0, 0, 0, 0, 4, 2304, 0, 0, 0, 0, 0, 0, 0, 0, 0, 0, 0, 0, 0]",5,128,2304.0,27648.0,5301910978,5301918962,5301919291,5301921627,0,87583,87583,-1,1,7984,2336,4,160,160,1
16,3,"[4, 2304, 1, 3, 3, 0, 0, 0, 0, 0, 0, 0, 0, 0, 0, 4, 0, 0, 0, 0, 0, 0, 0, 0, 0, 0, 0, 0, 0, 0]",41,128,20736.0,165892.0,5302000680,5302009040,5302009210,5302011802,0,87711,87711,-1,1,8360,2592,4,160,160,1
12,3,"[4, 2304, 1, 3, 3, 0, 0, 0, 0, 0, 0, 0, 0, 0, 0, 4, 2304, 1, 3, 3, 0, 0, 0, 0, 0, 0, 0, 0, 0, 0]",41,128,20736.0,248832.0,5302091172,5302101481,5302099513,5302102201,0,91391,91391,-1,1,10309,2688,4,160,160,1
12,3,"[4, 2304, 1, 3, 3, 0, 0, 0, 0, 0, 0, 0, 0, 0, 0, 4, 2304, 1, 3, 3, 0, 0, 0, 0, 0, 0, 0, 0, 0, 0]",41,128,20736.0,248832.0,5302185309,5302193194,5302193592,5302196024,0,88319,88319,-1,1,7885,2432,4,160,160,1
16,3,"[4, 2304, 0, 0, 0, 0, 0, 0, 0, 0, 0, 0, 0, 0, 0, 4, 0, 0, 0, 0, 0, 0, 0, 0, 0, 0, 0, 0, 0, 0]",5,128,2304.0,18436.0,5302275591,5302284266,5302284343,5302286647,0,88702,88702,-1,1,8675,2304,4,160,160,1
12,3,"[4, 2304, 0, 0, 0, 0, 0, 0, 0, 0, 0, 0, 0, 0, 0, 4, 2304, 0, 0, 0, 0, 0, 0, 0, 0, 0, 0, 0, 0, 0]",5,128,2304.0,27648.0,5302366928,5302375106,5302375349,5302377686,0,86815,86815,-1,1,8178,2337,4,160,160,1
12,3,"[4, 2304, 0, 0, 0, 0, 0, 0, 0, 0, 0, 0, 0, 0, 0, 4, 2304, 0, 0, 0, 0, 0, 0, 0, 0, 0, 0, 0, 0, 0]",5,128,2304.0,27648.0,5302456197,5302464121,5302464501,5302466676,0,87551,87551,-1,1,7924,2175,4,160,160,1
16,3,"[4, 2304, 0, 0, 0, 0, 0, 0, 0, 0, 0, 0, 0, 0, 0, 4, 0, 0, 0, 0, 0, 0, 0, 0, 0, 0, 0, 0, 0, 0]",5,128,2304.0,18436.0,5302545619,5302554096,5302554227,5302556531,0,86975,86975,-1,1,8477,2304,4,160,160,1
12,3,"[4, 2304, 0, 0, 0, 0, 0, 0, 0, 0, 0, 0, 0, 0, 0, 4, 2304, 0, 0, 0, 0, 0, 0, 0, 0, 0, 0, 0, 0, 0]",5,128,2304.0,27648.0,5302635181,5302643266,5302643506,5302645746,0,87263,87263,-1,1,8085,2240,4,160,160,1
12,3,"[4, 2304, 0, 0, 0, 0, 0, 0, 0, 0, 0, 0, 0, 0, 0, 4, 2304, 0, 0, 0, 0, 0, 0, 0, 0, 0, 0, 0, 0, 0]",5,128,2304.0,27648.0,5302724712,5302732706,5302733009,5302735217,0,87871,87871,-1,1,7994,2208,4,160,160,1
16,3,"[4, 96, 2304, 1, 1, 0, 0, 0, 0, 0, 0, 0, 0, 0, 0, 4, 0, 0, 0, 0, 0, 0, 0, 0, 0, 0, 0, 0, 0, 0]",432,128,221184.0,1769476.0,5302814336,5302822938,5302823088,5302830544,0,82911,82911,-1,1,8602,7456,4,160,160,1
12,3,"[4, 96, 2304, 1, 1, 0, 0, 0, 0, 0, 0, 0, 0, 0, 0, 4, 96, 2304, 1, 1, 0, 0, 0, 0, 0, 0, 0, 0, 0, 0]",432,128,221184.0,2654208.0,5302905317,5302913126,5302913455,5302920207,0,82783,82783,-1,1,7809,6752,4,160,160,1
12,3,"[4, 96, 2304, 1, 1, 0, 0, 0, 0, 0, 0, 0, 0, 0, 0, 4, 96, 2304, 1, 1, 0, 0, 0, 0, 0, 0, 0, 0, 0, 0]",432,128,221184.0,2654208.0,5302994834,5303002683,5303002990,5303010030,0,82750,82750,-1,1,7849,7040,4,160,160,1
16,3,"[4, 96, 0, 0, 0, 0, 0, 0, 0, 0, 0, 0, 0, 0, 0, 4, 0, 0, 0, 0, 0, 0, 0, 0, 0, 0, 0, 0, 0, 0]",1,128,96.0,772.0,5303084283,5303094651,5303092780,5303094924,0,90335,90335,-1,1,10368,2144,4,160,160,1
12,3,"[4, 96, 0, 0, 0, 0, 0, 0, 0, 0, 0, 0, 0, 0, 0, 4, 96, 0, 0, 0, 0, 0, 0, 0, 0, 0, 0, 0, 0, 0]",1,128,96.0,1152.0,5303176968,5303185220,5303185259,5303187723,0,85855,85855,-1,1,8252,2464,4,160,160,1
12,3,"[4, 96, 0, 0, 0, 0, 0, 0, 0, 0, 0, 0, 0, 0, 0, 4, 96, 0, 0, 0, 0, 0, 0, 0, 0, 0, 0, 0, 0, 0]",1,128,96.0,1152.0,5303265263,5303273297,5303273578,5303275722,0,89439,89439,-1,1,8034,2144,4,160,160,1
16,3,"[4, 2304, 96, 1, 1, 0, 0, 0, 0, 0, 0, 0, 0, 0, 0, 4, 0, 0, 0, 0, 0, 0, 0, 0, 0, 0, 0, 0, 0, 0]",432,128,221184.0,1769476.0,5303356687,5303365029,5303365161,5303373577,0,83935,83935,-1,1,8342,8416,4,160,160,1
12,3,"[4, 2304, 96, 1, 1, 0, 0, 0, 0, 0, 0, 0, 0, 0, 0, 4, 2304, 96, 1, 1, 0, 0, 0, 0, 0, 0, 0, 0, 0, 0]",432,128,221184.0,2654208.0,5303449339,5303457221,5303457512,5303464104,0,83774,83774,-1,1,7882,6592,4,160,160,1
12,3,"[4, 2304, 96, 1, 1, 0, 0, 0, 0, 0, 0, 0, 0, 0, 0, 4, 2304, 96, 1, 1, 0, 0, 0, 0, 0, 0, 0, 0, 0, 0]",432,128,221184.0,2654208.0,5303539189,5303547331,5303547878,5303554823,0,81374,81374,-1,1,8142,6945,4,160,160,1
16,3,"[4, 2304, 0, 0, 0, 0, 0, 0, 0, 0, 0, 0, 0, 0, 0, 4, 0, 0, 0, 0, 0, 0, 0, 0, 0, 0, 0, 0, 0, 0]",5,128,2304.0,18436.0,5303627468,5303635975,5303636197,5303638534,0,86111,86111,-1,1,8507,2337,4,160,160,1
12,3,"[4, 2304, 0, 0, 0, 0, 0, 0, 0, 0, 0, 0, 0, 0, 0, 4, 2304, 0, 0, 0, 0, 0, 0, 0, 0, 0, 0, 0, 0, 0]",5,128,2304.0,27648.0,5303716458,5303724382,5303724645,5303727236,0,85727,85727,-1,1,7924,2591,4,160,160,1
12,3,"[4, 2304, 0, 0, 0, 0, 0, 0, 0, 0, 0, 0, 0, 0, 0, 4, 2304, 0, 0, 0, 0, 0, 0, 0, 0, 0, 0, 0, 0, 0]",5,128,2304.0,27648.0,5303804899,5303812626,5303812963,5303815331,0,87999,87999,-1,1,7727,2368,4,160,160,1
16,3,"[4, 384, 2304, 1, 1, 0, 0, 0, 0, 0, 0, 0, 0, 0, 0, 4, 0, 0, 0, 0, 0, 0, 0, 0, 0, 0, 0, 0, 0, 0]",1728,128,884736.0,7077892.0,5303894816,5303903160,5303903330,5303933186,0,60863,60863,-1,1,8344,29856,4,160,160,1
12,3,"[4, 384, 2304, 1, 1, 0, 0, 0, 0, 0, 0, 0, 0, 0, 0, 4, 384, 2304, 1, 1, 0, 0, 0, 0, 0, 0, 0, 0, 0, 0]",1728,128,884736.0,10616832.0,5303985480,5303993658,5303994049,5304037184,0,46496,46496,-1,1,8178,43135,4,160,160,1
12,3,"[4, 384, 2304, 1, 1, 0, 0, 0, 0, 0, 0, 0, 0, 0, 0, 4, 384, 2304, 1, 1, 0, 0, 0, 0, 0, 0, 0, 0, 0, 0]",1728,128,884736.0,10616832.0,5304075525,5304085444,5304083680,5304128895,0,46304,46304,-1,1,9919,45215,4,160,160,1
16,3,"[4, 384, 0, 0, 0, 0, 0, 0, 0, 0, 0, 0, 0, 0, 0, 4, 0, 0, 0, 0, 0, 0, 0, 0, 0, 0, 0, 0, 0, 0]",1,128,384.0,3076.0,5304166527,5304175037,5304175199,5304177727,0,86367,86367,-1,1,8510,2528,4,160,160,1
12,3,"[4, 384, 0, 0, 0, 0, 0, 0, 0, 0, 0, 0, 0, 0, 0, 4, 384, 0, 0, 0, 0, 0, 0, 0, 0, 0, 0, 0, 0, 0]",1,128,384.0,4608.0,5304256032,5304263860,5304264094,5304266750,0,85023,85023,-1,1,7828,2656,4,160,160,1
12,3,"[4, 384, 0, 0, 0, 0, 0, 0, 0, 0, 0, 0, 0, 0, 0, 4, 384, 0, 0, 0, 0, 0, 0, 0, 0, 0, 0, 0, 0, 0]",1,128,384.0,4608.0,5304343843,5304351460,5304351773,5304354076,0,85791,85791,-1,1,7617,2303,4,160,160,1
16,3,"[4, 384, 0, 0, 0, 0, 0, 0, 0, 0, 0, 0, 0, 0, 0, 4, 0, 0, 0, 0, 0, 0, 0, 0, 0, 0, 0, 0, 0, 0]",1,128,384.0,3076.0,5304431571,5304439682,5304439867,5304442171,0,85855,85855,-1,1,8111,2304,4,160,160,1
12,3,"[4, 384, 0, 0, 0, 0, 0, 0, 0, 0, 0, 0, 0, 0, 0, 4, 384, 0, 0, 0, 0, 0, 0, 0, 0, 0, 0, 0, 0, 0]",1,128,384.0,4608.0,5304519797,5304527816,5304528026,5304530330,0,85055,85055,-1,1,8019,2304,4,160,160,1
12,3,"[4, 384, 0, 0, 0, 0, 0, 0, 0, 0, 0, 0, 0, 0, 0, 4, 384, 0, 0, 0, 0, 0, 0, 0, 0, 0, 0, 0, 0, 0]",1,128,384.0,4608.0,5304607315,5304615113,5304615385,5304617657,0,87775,87775,-1,1,7798,2272,4,160,160,1
16,3,"[4, 2304, 384, 1, 1, 0, 0, 0, 0, 0, 0, 0, 0, 0, 0, 4, 0, 0, 0, 0, 0, 0, 0, 0, 0, 0, 0, 0, 0, 0]",1728,128,884736.0,7077892.0,5304696926,5304705141,5304705432,5304734520,0,60639,60639,-1,1,8215,29088,4,160,160,1
12,3,"[4, 2304, 384, 1, 1, 0, 0, 0, 0, 0, 0, 0, 0, 0, 0, 4, 2304, 384, 1, 1, 0, 0, 0, 0, 0, 0, 0, 0, 0, 0]",1728,128,884736.0,10616832.0,5304786631,5304794648,5304795159,5304838646,0,47520,47520,-1,1,8017,43487,4,160,160,1
12,3,"[4, 2304, 384, 1, 1, 0, 0, 0, 0, 0, 0, 0, 0, 0, 0, 4, 2304, 384, 1, 1, 0, 0, 0, 0, 0, 0, 0, 0, 0, 0]",1728,128,884736.0,10616832.0,5304877935,5304885819,5304886166,5304931765,0,44576,44576,-1,1,7884,45599,4,160,160,1
16,3,"[4, 2304, 0, 0, 0, 0, 0, 0, 0, 0, 0, 0, 0, 0, 0, 4, 0, 0, 0, 0, 0, 0, 0, 0, 0, 0, 0, 0, 0, 0]",5,128,2304.0,18436.0,5304967918,5304976080,5304976341,5304978901,0,87038,87038,-1,1,8162,2560,4,160,160,1
12,3,"[4, 2304, 0, 0, 0, 0, 0, 0, 0, 0, 0, 0, 0, 0, 0, 4, 2304, 0, 0, 0, 0, 0, 0, 0, 0, 0, 0, 0, 0, 0]",5,128,2304.0,27648.0,5305057779,5305067653,5305065939,5305068531,0,90207,90207,-1,1,9874,2592,4,160,160,1
12,3,"[4, 2304, 0, 0, 0, 0, 0, 0, 0, 0, 0, 0, 0, 0, 0, 4, 2304, 0, 0, 0, 0, 0, 0, 0, 0, 0, 0, 0, 0, 0]",5,128,2304.0,27648.0,5305150287,5305158423,5305158738,5305161138,0,235741,235741,-1,1,8136,2400,4,160,160,1
16,3,"[4, 2304, 0, 0, 0, 0, 0, 0, 0, 0, 0, 0, 0, 0, 0, 4, 0, 0, 0, 0, 0, 0, 0, 0, 0, 0, 0, 0, 0, 0]",5,128,2304.0,18436.0,5305385708,5305396908,5305396879,5305399215,0,102559,102559,-1,1,11200,2336,4,160,160,1
12,3,"[4, 2304, 0, 0, 0, 0, 0, 0, 0, 0, 0, 0, 0, 0, 0, 4, 2304, 0, 0, 0, 0, 0, 0, 0, 0, 0, 0, 0, 0, 0]",5,128,2304.0,27648.0,5305491917,5305501626,5305501774,5305504142,0,91007,91007,-1,1,9709,2368,4,160,160,1
12,3,"[4, 2304, 0, 0, 0, 0, 0, 0, 0, 0, 0, 0, 0, 0, 0, 4, 2304, 0, 0, 0, 0, 0, 0, 0, 0, 0, 0, 0, 0, 0]",5,128,2304.0,27648.0,5305586606,5305594753,5305595149,5305597548,0,98207,98207,-1,1,8147,2399,4,160,160,1
16,3,"[4, 2304, 1, 3, 3, 0, 0, 0, 0, 0, 0, 0, 0, 0, 0, 4, 0, 0, 0, 0, 0, 0, 0, 0, 0, 0, 0, 0, 0, 0]",41,128,20736.0,165892.0,5305686501,5305695939,5305695755,5305698411,0,90527,90527,-1,1,9438,2656,4,160,160,1
12,3,"[4, 2304, 1, 3, 3, 0, 0, 0, 0, 0, 0, 0, 0, 0, 0, 4, 2304, 1, 3, 3, 0, 0, 0, 0, 0, 0, 0, 0, 0, 0]",41,128,20736.0,248832.0,5305780446,5305788993,5305788938,5305791658,0,89247,89247,-1,1,8547,2720,4,160,160,1
12,3,"[4, 2304, 1, 3, 3, 0, 0, 0, 0, 0, 0, 0, 0, 0, 0, 4, 2304, 1, 3, 3, 0, 0, 0, 0, 0, 0, 0, 0, 0, 0]",41,128,20736.0,248832.0,5305872550,5305880601,5305880905,5305883561,0,88543,88543,-1,1,8051,2656,4,160,160,1
16,3,"[4, 2304, 0, 0, 0, 0, 0, 0, 0, 0, 0, 0, 0, 0, 0, 4, 0, 0, 0, 0, 0, 0, 0, 0, 0, 0, 0, 0, 0, 0]",5,128,2304.0,18436.0,5305963281,5305971938,5305972104,5305974344,0,87359,87359,-1,1,8657,2240,4,160,160,1
12,3,"[4, 2304, 0, 0, 0, 0, 0, 0, 0, 0, 0, 0, 0, 0, 0, 4, 2304, 0, 0, 0, 0, 0, 0, 0, 0, 0, 0, 0, 0, 0]",5,128,2304.0,27648.0,5306053364,5306061449,5306061703,5306064135,0,87359,87359,-1,1,8085,2432,4,160,160,1
12,3,"[4, 2304, 0, 0, 0, 0, 0, 0, 0, 0, 0, 0, 0, 0, 0, 4, 2304, 0, 0, 0, 0, 0, 0, 0, 0, 0, 0, 0, 0, 0]",5,128,2304.0,27648.0,5306143176,5306151210,5306151494,5306153798,0,87294,87294,-1,1,8034,2304,4,160,160,1
16,3,"[4, 2304, 0, 0, 0, 0, 0, 0, 0, 0, 0, 0, 0, 0, 0, 4, 0, 0, 0, 0, 0, 0, 0, 0, 0, 0, 0, 0, 0, 0]",5,128,2304.0,18436.0,5306232629,5306243033,5306241092,5306243364,0,90527,90527,-1,1,10404,2272,4,160,160,1
12,3,"[4, 2304, 0, 0, 0, 0, 0, 0, 0, 0, 0, 0, 0, 0, 0, 4, 2304, 0, 0, 0, 0, 0, 0, 0, 0, 0, 0, 0, 0, 0]",5,128,2304.0,27648.0,5306325535,5306333731,5306333891,5306336323,0,87295,87295,-1,1,8196,2432,4,160,160,1
12,3,"[4, 2304, 0, 0, 0, 0, 0, 0, 0, 0, 0, 0, 0, 0, 0, 4, 2304, 0, 0, 0, 0, 0, 0, 0, 0, 0, 0, 0, 0, 0]",5,128,2304.0,27648.0,5306415170,5306423355,5306423618,5306425858,0,89599,89599,-1,1,8185,2240,4,160,160,1
16,3,"[4, 96, 2304, 1, 1, 0, 0, 0, 0, 0, 0, 0, 0, 0, 0, 4, 0, 0, 0, 0, 0, 0, 0, 0, 0, 0, 0, 0, 0, 0]",432,128,221184.0,1769476.0,5306507228,5306515309,5306515457,5306522561,0,83711,83711,-1,1,8081,7104,4,160,160,1
12,3,"[4, 96, 2304, 1, 1, 0, 0, 0, 0, 0, 0, 0, 0, 0, 0, 4, 96, 2304, 1, 1, 0, 0, 0, 0, 0, 0, 0, 0, 0, 0]",432,128,221184.0,2654208.0,5306597606,5306605840,5306606272,5306612832,0,83039,83039,-1,1,8234,6560,4,160,160,1
12,3,"[4, 96, 2304, 1, 1, 0, 0, 0, 0, 0, 0, 0, 0, 0, 0, 4, 96, 2304, 1, 1, 0, 0, 0, 0, 0, 0, 0, 0, 0, 0]",432,128,221184.0,2654208.0,5306687598,5306695449,5306695871,5306703006,0,81952,81952,-1,1,7851,7135,4,160,160,1
16,3,"[4, 96, 0, 0, 0, 0, 0, 0, 0, 0, 0, 0, 0, 0, 0, 4, 0, 0, 0, 0, 0, 0, 0, 0, 0, 0, 0, 0, 0, 0]",1,128,96.0,772.0,5306776407,5306784570,5306784958,5306787102,0,86430,86430,-1,1,8163,2144,4,160,160,1
12,3,"[4, 96, 0, 0, 0, 0, 0, 0, 0, 0, 0, 0, 0, 0, 0, 4, 96, 0, 0, 0, 0, 0, 0, 0, 0, 0, 0, 0, 0, 0]",1,128,96.0,1152.0,5306865345,5306873201,5306873532,5306875709,0,86206,86206,-1,1,7856,2177,4,160,160,1
12,3,"[4, 96, 0, 0, 0, 0, 0, 0, 0, 0, 0, 0, 0, 0, 0, 4, 96, 0, 0, 0, 0, 0, 0, 0, 0, 0, 0, 0, 0, 0]",1,128,96.0,1152.0,5306953665,5306961561,5306961915,5306964348,0,89022,89022,-1,1,7896,2433,4,160,160,1
16,3,"[4, 2304, 96, 1, 1, 0, 0, 0, 0, 0, 0, 0, 0, 0, 0, 4, 0, 0, 0, 0, 0, 0, 0, 0, 0, 0, 0, 0, 0, 0]",432,128,221184.0,1769476.0,5307044916,5307053217,5307053370,5307061498,0,82495,82495,-1,1,8301,8128,4,160,160,1
12,3,"[4, 2304, 96, 1, 1, 0, 0, 0, 0, 0, 0, 0, 0, 0, 0, 4, 2304, 96, 1, 1, 0, 0, 0, 0, 0, 0, 0, 0, 0, 0]",432,128,221184.0,2654208.0,5307135378,5307143533,5307143993,5307150521,0,85055,85055,-1,1,8155,6528,4,160,160,1
12,3,"[4, 2304, 96, 1, 1, 0, 0, 0, 0, 0, 0, 0, 0, 0, 0, 4, 2304, 96, 1, 1, 0, 0, 0, 0, 0, 0, 0, 0, 0, 0]",432,128,221184.0,2654208.0,5307227129,5307235183,5307235576,5307242520,0,82719,82719,-1,1,8054,6944,4,160,160,1
16,3,"[4, 2304, 0, 0, 0, 0, 0, 0, 0, 0, 0, 0, 0, 0, 0, 4, 0, 0, 0, 0, 0, 0, 0, 0, 0, 0, 0, 0, 0, 0]",5,128,2304.0,18436.0,5307316628,5307325012,5307325239,5307327511,0,89247,89247,-1,1,8384,2272,4,160,160,1
12,3,"[4, 2304, 0, 0, 0, 0, 0, 0, 0, 0, 0, 0, 0, 0, 0, 4, 2304, 0, 0, 0, 0, 0, 0, 0, 0, 0, 0, 0, 0, 0]",5,128,2304.0,27648.0,5307408402,5307416316,5307416758,5307419094,0,86622,86622,-1,1,7914,2336,4,160,160,1
12,3,"[4, 2304, 0, 0, 0, 0, 0, 0, 0, 0, 0, 0, 0, 0, 0, 4, 2304, 0, 0, 0, 0, 0, 0, 0, 0, 0, 0, 0, 0, 0]",5,128,2304.0,27648.0,5307497231,5307505324,5307505716,5307508053,0,88350,88350,-1,1,8093,2337,4,160,160,1
16,3,"[4, 384, 2304, 1, 1, 0, 0, 0, 0, 0, 0, 0, 0, 0, 0, 4, 0, 0, 0, 0, 0, 0, 0, 0, 0, 0, 0, 0, 0, 0]",1728,128,884736.0,7077892.0,5307588110,5307596206,5307596403,5307626579,0,59871,59871,-1,1,8096,30176,4,160,160,1
12,3,"[4, 384, 2304, 1, 1, 0, 0, 0, 0, 0, 0, 0, 0, 0, 0, 4, 384, 2304, 1, 1, 0, 0, 0, 0, 0, 0, 0, 0, 0, 0]",1728,128,884736.0,10616832.0,5307678344,5307686182,5307686450,5307729042,0,46719,46719,-1,1,7838,42592,4,160,160,1
12,3,"[4, 384, 2304, 1, 1, 0, 0, 0, 0, 0, 0, 0, 0, 0, 0, 4, 384, 2304, 1, 1, 0, 0, 0, 0, 0, 0, 0, 0, 0, 0]",1728,128,884736.0,10616832.0,5307767459,5307775285,5307775761,5307820913,0,42751,42751,-1,1,7826,45152,4,160,160,1
16,3,"[4, 384, 0, 0, 0, 0, 0, 0, 0, 0, 0, 0, 0, 0, 0, 4, 0, 0, 0, 0, 0, 0, 0, 0, 0, 0, 0, 0, 0, 0]",1,128,384.0,3076.0,5307855346,5307863461,5307863664,5307866288,0,85951,85951,-1,1,8115,2624,4,160,160,1
12,3,"[4, 384, 0, 0, 0, 0, 0, 0, 0, 0, 0, 0, 0, 0, 0, 4, 384, 0, 0, 0, 0, 0, 0, 0, 0, 0, 0, 0, 0, 0]",1,128,384.0,4608.0,5307944224,5307951857,5307952239,5307954863,0,85119,85119,-1,1,7633,2624,4,160,160,1
12,3,"[4, 384, 0, 0, 0, 0, 0, 0, 0, 0, 0, 0, 0, 0, 0, 4, 384, 0, 0, 0, 0, 0, 0, 0, 0, 0, 0, 0, 0, 0]",1,128,384.0,4608.0,5308031723,5308039355,5308039982,5308042253,0,85663,85663,-1,1,7632,2271,4,160,160,1
16,3,"[4, 384, 0, 0, 0, 0, 0, 0, 0, 0, 0, 0, 0, 0, 0, 4, 0, 0, 0, 0, 0, 0, 0, 0, 0, 0, 0, 0, 0, 0]",1,128,384.0,3076.0,5308119312,5308127598,5308127916,5308130125,0,87966,87966,-1,1,8286,2209,4,160,160,1
12,3,"[4, 384, 0, 0, 0, 0, 0, 0, 0, 0, 0, 0, 0, 0, 0, 4, 384, 0, 0, 0, 0, 0, 0, 0, 0, 0, 0, 0, 0, 0]",1,128,384.0,4608.0,5308209858,5308217847,5308218091,5308220459,0,87231,87231,-1,1,7989,2368,4,160,160,1
12,3,"[4, 384, 0, 0, 0, 0, 0, 0, 0, 0, 0, 0, 0, 0, 0, 4, 384, 0, 0, 0, 0, 0, 0, 0, 0, 0, 0, 0, 0, 0]",1,128,384.0,4608.0,5308299106,5308307374,5308307690,5308309962,0,90335,90335,-1,1,8268,2272,4,160,160,1
16,3,"[4, 2304, 384, 1, 1, 0, 0, 0, 0, 0, 0, 0, 0, 0, 0, 4, 0, 0, 0, 0, 0, 0, 0, 0, 0, 0, 0, 0, 0, 0]",1728,128,884736.0,7077892.0,5308391762,5308399911,5308400297,5308429193,0,60159,60159,-1,1,8149,28896,4,160,160,1
12,3,"[4, 2304, 384, 1, 1, 0, 0, 0, 0, 0, 0, 0, 0, 0, 0, 4, 2304, 384, 1, 1, 0, 0, 0, 0, 0, 0, 0, 0, 0, 0]",1728,128,884736.0,10616832.0,5308480962,5308489068,5308489352,5308532359,0,47968,47968,-1,1,8106,43007,4,160,160,1
12,3,"[4, 2304, 384, 1, 1, 0, 0, 0, 0, 0, 0, 0, 0, 0, 0, 4, 2304, 384, 1, 1, 0, 0, 0, 0, 0, 0, 0, 0, 0, 0]",1728,128,884736.0,10616832.0,5308571807,5308580031,5308580327,5308625350,0,45984,45984,-1,1,8224,45023,4,160,160,1
16,3,"[4, 2304, 0, 0, 0, 0, 0, 0, 0, 0, 0, 0, 0, 0, 0, 4, 0, 0, 0, 0, 0, 0, 0, 0, 0, 0, 0, 0, 0, 0]",5,128,2304.0,18436.0,5308662632,5308671218,5308671334,5308673862,0,86047,86047,-1,1,8586,2528,4,160,160,1
12,3,"[4, 2304, 0, 0, 0, 0, 0, 0, 0, 0, 0, 0, 0, 0, 0, 4, 2304, 0, 0, 0, 0, 0, 0, 0, 0, 0, 0, 0, 0, 0]",5,128,2304.0,27648.0,5308751717,5308759587,5308759909,5308762693,0,86174,86174,-1,1,7870,2784,4,160,160,1
12,3,"[4, 2304, 0, 0, 0, 0, 0, 0, 0, 0, 0, 0, 0, 0, 0, 4, 2304, 0, 0, 0, 0, 0, 0, 0, 0, 0, 0, 0, 0, 0]",5,128,2304.0,27648.0,5308840336,5308848531,5308848867,5308851204,0,86686,86686,-1,1,8195,2337,4,160,160,1
16,3,"[4, 2304, 0, 0, 0, 0, 0, 0, 0, 0, 0, 0, 0, 0, 0, 4, 0, 0, 0, 0, 0, 0, 0, 0, 0, 0, 0, 0, 0, 0]",5,128,2304.0,18436.0,5308929526,5308937784,5308937890,5308940226,0,86047,86047,-1,1,8258,2336,4,160,160,1
12,3,"[4, 2304, 0, 0, 0, 0, 0, 0, 0, 0, 0, 0, 0, 0, 0, 4, 2304, 0, 0, 0, 0, 0, 0, 0, 0, 0, 0, 0, 0, 0]",5,128,2304.0,27648.0,5309018052,5309026383,5309026273,5309028673,0,230301,230301,-1,1,8331,2400,4,160,160,1
12,3,"[4, 2304, 0, 0, 0, 0, 0, 0, 0, 0, 0, 0, 0, 0, 0, 4, 2304, 0, 0, 0, 0, 0, 0, 0, 0, 0, 0, 0, 0, 0]",5,128,2304.0,27648.0,5309248697,5309259013,5309258974,5309261214,0,107775,107775,-1,1,10316,2240,4,160,160,1
16,3,"[4, 2304, 1, 3, 3, 0, 0, 0, 0, 0, 0, 0, 0, 0, 0, 4, 0, 0, 0, 0, 0, 0, 0, 0, 0, 0, 0, 0, 0, 0]",41,128,20736.0,165892.0,5309359059,5309369391,5309368989,5309371581,0,92191,92191,-1,1,10332,2592,4,160,160,1
12,3,"[4, 2304, 1, 3, 3, 0, 0, 0, 0, 0, 0, 0, 0, 0, 0, 4, 2304, 1, 3, 3, 0, 0, 0, 0, 0, 0, 0, 0, 0, 0]",41,128,20736.0,248832.0,5309455113,5309463625,5309463772,5309466556,0,90846,90846,-1,1,8512,2784,4,160,160,1
12,3,"[4, 2304, 1, 3, 3, 0, 0, 0, 0, 0, 0, 0, 0, 0, 0, 4, 2304, 1, 3, 3, 0, 0, 0, 0, 0, 0, 0, 0, 0, 0]",41,128,20736.0,248832.0,5309549026,5309557105,5309557402,5309559866,0,87199,87199,-1,1,8079,2464,4,160,160,1
16,3,"[4, 2304, 0, 0, 0, 0, 0, 0, 0, 0, 0, 0, 0, 0, 0, 4, 0, 0, 0, 0, 0, 0, 0, 0, 0, 0, 0, 0, 0, 0]",5,128,2304.0,18436.0,5309638436,5309646834,5309647065,5309649305,0,96511,96511,-1,1,8398,2240,4,160,160,1
12,3,"[4, 2304, 0, 0, 0, 0, 0, 0, 0, 0, 0, 0, 0, 0, 0, 4, 2304, 0, 0, 0, 0, 0, 0, 0, 0, 0, 0, 0, 0, 0]",5,128,2304.0,27648.0,5309737147,5309745510,5309745816,5309748120,0,87743,87743,-1,1,8363,2304,4,160,160,1
12,3,"[4, 2304, 0, 0, 0, 0, 0, 0, 0, 0, 0, 0, 0, 0, 0, 4, 2304, 0, 0, 0, 0, 0, 0, 0, 0, 0, 0, 0, 0, 0]",5,128,2304.0,27648.0,5309827001,5309834972,5309835863,5309838167,0,88639,88639,-1,1,7971,2304,4,160,160,1
16,3,"[4, 2304, 0, 0, 0, 0, 0, 0, 0, 0, 0, 0, 0, 0, 0, 4, 0, 0, 0, 0, 0, 0, 0, 0, 0, 0, 0, 0, 0, 0]",5,128,2304.0,18436.0,5309918088,5309926397,5309926806,5309929110,0,88127,88127,-1,1,8309,2304,4,160,160,1
12,3,"[4, 2304, 0, 0, 0, 0, 0, 0, 0, 0, 0, 0, 0, 0, 0, 4, 2304, 0, 0, 0, 0, 0, 0, 0, 0, 0, 0, 0, 0, 0]",5,128,2304.0,27648.0,5310008983,5310017118,5310017237,5310019572,0,87840,87840,-1,1,8135,2335,4,160,160,1
12,3,"[4, 2304, 0, 0, 0, 0, 0, 0, 0, 0, 0, 0, 0, 0, 0, 4, 2304, 0, 0, 0, 0, 0, 0, 0, 0, 0, 0, 0, 0, 0]",5,128,2304.0,27648.0,5310098748,5310106578,5310107412,5310109619,0,89119,89119,-1,1,7830,2207,4,160,160,1
16,3,"[4, 96, 2304, 1, 1, 0, 0, 0, 0, 0, 0, 0, 0, 0, 0, 4, 0, 0, 0, 0, 0, 0, 0, 0, 0, 0, 0, 0, 0, 0]",432,128,221184.0,1769476.0,5310190036,5310198483,5310198738,5310205682,0,84703,84703,-1,1,8447,6944,4,160,160,1
12,3,"[4, 96, 2304, 1, 1, 0, 0, 0, 0, 0, 0, 0, 0, 0, 0, 4, 96, 2304, 1, 1, 0, 0, 0, 0, 0, 0, 0, 0, 0, 0]",432,128,221184.0,2654208.0,5310281397,5310289970,5310290385,5310297105,0,87615,87615,-1,1,8573,6720,4,160,160,1
12,3,"[4, 96, 2304, 1, 1, 0, 0, 0, 0, 0, 0, 0, 0, 0, 0, 4, 96, 2304, 1, 1, 0, 0, 0, 0, 0, 0, 0, 0, 0, 0]",432,128,221184.0,2654208.0,5310376366,5310384478,5310384720,5310391856,0,83679,83679,-1,1,8112,7136,4,160,160,1
16,3,"[4, 96, 0, 0, 0, 0, 0, 0, 0, 0, 0, 0, 0, 0, 0, 4, 0, 0, 0, 0, 0, 0, 0, 0, 0, 0, 0, 0, 0, 0]",1,128,96.0,772.0,5310467367,5310475540,5310475535,5310477711,0,88383,88383,-1,1,8173,2176,4,160,160,1
12,3,"[4, 96, 0, 0, 0, 0, 0, 0, 0, 0, 0, 0, 0, 0, 0, 4, 96, 0, 0, 0, 0, 0, 0, 0, 0, 0, 0, 0, 0, 0]",1,128,96.0,1152.0,5310558113,5310566081,5310566094,5310568301,0,88095,88095,-1,1,7968,2207,4,160,160,1
12,3,"[4, 96, 0, 0, 0, 0, 0, 0, 0, 0, 0, 0, 0, 0, 0, 4, 96, 0, 0, 0, 0, 0, 0, 0, 0, 0, 0, 0, 0, 0]",1,128,96.0,1152.0,5310648408,5310656293,5310656396,5310658541,0,87647,87647,-1,1,7885,2145,4,160,160,1
16,3,"[4, 2304, 96, 1, 1, 0, 0, 0, 0, 0, 0, 0, 0, 0, 0, 4, 0, 0, 0, 0, 0, 0, 0, 0, 0, 0, 0, 0, 0, 0]",432,128,221184.0,1769476.0,5310738100,5310746193,5310746188,5310754155,0,81823,81823,-1,1,8093,7967,4,160,160,1
12,3,"[4, 2304, 96, 1, 1, 0, 0, 0, 0, 0, 0, 0, 0, 0, 0, 4, 2304, 96, 1, 1, 0, 0, 0, 0, 0, 0, 0, 0, 0, 0]",432,128,221184.0,2654208.0,5310827514,5310835611,5310835978,5310842730,0,83039,83039,-1,1,8097,6752,4,160,160,1
12,3,"[4, 2304, 96, 1, 1, 0, 0, 0, 0, 0, 0, 0, 0, 0, 0, 4, 2304, 96, 1, 1, 0, 0, 0, 0, 0, 0, 0, 0, 0, 0]",432,128,221184.0,2654208.0,5310917607,5310925414,5310925769,5310932745,0,82047,82047,-1,1,7807,6976,4,160,160,1
16,3,"[4, 2304, 0, 0, 0, 0, 0, 0, 0, 0, 0, 0, 0, 0, 0, 4, 0, 0, 0, 0, 0, 0, 0, 0, 0, 0, 0, 0, 0, 0]",5,128,2304.0,18436.0,5311006091,5311014625,5311014792,5311017064,0,86431,86431,-1,1,8534,2272,4,160,160,1
12,3,"[4, 2304, 0, 0, 0, 0, 0, 0, 0, 0, 0, 0, 0, 0, 0, 4, 2304, 0, 0, 0, 0, 0, 0, 0, 0, 0, 0, 0, 0, 0]",5,128,2304.0,27648.0,5311095372,5311103098,5311103495,5311105895,0,85279,85279,-1,1,7726,2400,4,160,160,1
12,3,"[4, 2304, 0, 0, 0, 0, 0, 0, 0, 0, 0, 0, 0, 0, 0, 4, 2304, 0, 0, 0, 0, 0, 0, 0, 0, 0, 0, 0, 0, 0]",5,128,2304.0,27648.0,5311183136,5311190811,5311191174,5311193477,0,87552,87552,-1,1,7675,2303,4,160,160,1
16,3,"[4, 384, 2304, 1, 1, 0, 0, 0, 0, 0, 0, 0, 0, 0, 0, 4, 0, 0, 0, 0, 0, 0, 0, 0, 0, 0, 0, 0, 0, 0]",1728,128,884736.0,7077892.0,5311272561,5311282927,5311281029,5311310756,0,62879,62879,-1,1,10366,29727,4,160,160,1
12,3,"[4, 384, 2304, 1, 1, 0, 0, 0, 0, 0, 0, 0, 0, 0, 0, 4, 384, 2304, 1, 1, 0, 0, 0, 0, 0, 0, 0, 0, 0, 0]",1728,128,884736.0,10616832.0,5311365038,5311373686,5311373635,5311416867,0,47839,47839,-1,1,8648,43232,4,160,160,1
12,3,"[4, 384, 2304, 1, 1, 0, 0, 0, 0, 0, 0, 0, 0, 0, 0, 4, 384, 2304, 1, 1, 0, 0, 0, 0, 0, 0, 0, 0, 0, 0]",1728,128,884736.0,10616832.0,5311456294,5311464335,5311464706,5311510370,0,43487,43487,-1,1,8041,45664,4,160,160,1
16,3,"[4, 384, 0, 0, 0, 0, 0, 0, 0, 0, 0, 0, 0, 0, 0, 4, 0, 0, 0, 0, 0, 0, 0, 0, 0, 0, 0, 0, 0, 0]",1,128,384.0,3076.0,5311545187,5311553599,5311553857,5311556353,0,86015,86015,-1,1,8412,2496,4,160,160,1
12,3,"[4, 384, 0, 0, 0, 0, 0, 0, 0, 0, 0, 0, 0, 0, 0, 4, 384, 0, 0, 0, 0, 0, 0, 0, 0, 0, 0, 0, 0, 0]",1,128,384.0,4608.0,5311633838,5311642156,5311642368,5311645056,0,85695,85695,-1,1,8318,2688,4,160,160,1
12,3,"[4, 384, 0, 0, 0, 0, 0, 0, 0, 0, 0, 0, 0, 0, 0, 4, 384, 0, 0, 0, 0, 0, 0, 0, 0, 0, 0, 0, 0, 0]",1,128,384.0,4608.0,5311723055,5311730436,5311730751,5311733151,0,86495,86495,-1,1,7381,2400,4,160,160,1
16,3,"[4, 384, 0, 0, 0, 0, 0, 0, 0, 0, 0, 0, 0, 0, 0, 4, 0, 0, 0, 0, 0, 0, 0, 0, 0, 0, 0, 0, 0, 0]",1,128,384.0,3076.0,5311811099,5311819387,5311819646,5311821886,0,85599,85599,-1,1,8288,2240,4,160,160,1
12,3,"[4, 384, 0, 0, 0, 0, 0, 0, 0, 0, 0, 0, 0, 0, 0, 4, 384, 0, 0, 0, 0, 0, 0, 0, 0, 0, 0, 0, 0, 0]",1,128,384.0,4608.0,5311898949,5311907172,5311907485,5311909788,0,86143,86143,-1,1,8223,2303,4,160,160,1
12,3,"[4, 384, 0, 0, 0, 0, 0, 0, 0, 0, 0, 0, 0, 0, 0, 4, 384, 0, 0, 0, 0, 0, 0, 0, 0, 0, 0, 0, 0, 0]",1,128,384.0,4608.0,5311987899,5311995583,5311995931,5311998171,0,87231,87231,-1,1,7684,2240,4,160,160,1
16,3,"[4, 2304, 384, 1, 1, 0, 0, 0, 0, 0, 0, 0, 0, 0, 0, 4, 0, 0, 0, 0, 0, 0, 0, 0, 0, 0, 0, 0, 0, 0]",1728,128,884736.0,7077892.0,5312077199,5312085221,5312085402,5312114554,0,59327,59327,-1,1,8022,29152,4,160,160,1
12,3,"[4, 2304, 384, 1, 1, 0, 0, 0, 0, 0, 0, 0, 0, 0, 0, 4, 2304, 384, 1, 1, 0, 0, 0, 0, 0, 0, 0, 0, 0, 0]",1728,128,884736.0,10616832.0,5312165305,5312173569,5312173881,5312216889,0,46015,46015,-1,1,8264,43008,4,160,160,1
12,3,"[4, 2304, 384, 1, 1, 0, 0, 0, 0, 0, 0, 0, 0, 0, 0, 4, 2304, 384, 1, 1, 0, 0, 0, 0, 0, 0, 0, 0, 0, 0]",1728,128,884736.0,10616832.0,5312254710,5312264365,5312262904,5312308087,0,48320,48320,-1,1,9655,45183,4,160,160,1
16,3,"[4, 2304, 0, 0, 0, 0, 0, 0, 0, 0, 0, 0, 0, 0, 0, 4, 0, 0, 0, 0, 0, 0, 0, 0, 0, 0, 0, 0, 0, 0]",5,128,2304.0,18436.0,5312347549,5312356176,5312356407,5312358967,0,86399,86399,-1,1,8627,2560,4,160,160,1
12,3,"[4, 2304, 0, 0, 0, 0, 0, 0, 0, 0, 0, 0, 0, 0, 0, 4, 2304, 0, 0, 0, 0, 0, 0, 0, 0, 0, 0, 0, 0, 0]",5,128,2304.0,27648.0,5312436941,5312445420,5312445366,5312448022,0,86814,86814,-1,1,8479,2656,4,160,160,1
12,3,"[4, 2304, 0, 0, 0, 0, 0, 0, 0, 0, 0, 0, 0, 0, 0, 4, 2304, 0, 0, 0, 0, 0, 0, 0, 0, 0, 0, 0, 0, 0]",5,128,2304.0,27648.0,5312526572,5312534527,5312534836,5312537173,0,87006,87006,-1,1,7955,2337,4,160,160,1
16,3,"[4, 2304, 0, 0, 0, 0, 0, 0, 0, 0, 0, 0, 0, 0, 0, 4, 0, 0, 0, 0, 0, 0, 0, 0, 0, 0, 0, 0, 0, 0]",5,128,2304.0,18436.0,5312615834,5312624117,5312624179,5312626515,0,86655,86655,-1,1,8283,2336,4,160,160,1
12,3,"[4, 2304, 0, 0, 0, 0, 0, 0, 0, 0, 0, 0, 0, 0, 0, 4, 2304, 0, 0, 0, 0, 0, 0, 0, 0, 0, 0, 0, 0, 0]",5,128,2304.0,27648.0,5312705034,5312712887,5312713170,5312715442,0,87295,87295,-1,1,7853,2272,4,160,160,1
12,3,"[4, 2304, 0, 0, 0, 0, 0, 0, 0, 0, 0, 0, 0, 0, 0, 4, 2304, 0, 0, 0, 0, 0, 0, 0, 0, 0, 0, 0, 0, 0]",5,128,2304.0,27648.0,5312794588,5312802353,5312802737,5312805137,0,88095,88095,-1,1,7765,2400,4,160,160,1
16,3,"[4, 2304, 1, 3, 3, 0, 0, 0, 0, 0, 0, 0, 0, 0, 0, 4, 0, 0, 0, 0, 0, 0, 0, 0, 0, 0, 0, 0, 0, 0]",41,128,20736.0,165892.0,5312884919,5312893040,5312893232,5312895664,0,230973,230973,-1,1,8121,2432,4,160,160,1
12,3,"[4, 2304, 1, 3, 3, 0, 0, 0, 0, 0, 0, 0, 0, 0, 0, 4, 2304, 1, 3, 3, 0, 0, 0, 0, 0, 0, 0, 0, 0, 0]",41,128,20736.0,248832.0,5313116244,5313126442,5313126637,5313129357,0,100447,100447,-1,1,10198,2720,4,160,160,1
12,3,"[4, 2304, 1, 3, 3, 0, 0, 0, 0, 0, 0, 0, 0, 0, 0, 4, 2304, 1, 3, 3, 0, 0, 0, 0, 0, 0, 0, 0, 0, 0]",41,128,20736.0,248832.0,5313221141,5313229740,5313229804,5313232716,0,91935,91935,-1,1,8599,2912,4,160,160,1
16,3,"[4, 2304, 0, 0, 0, 0, 0, 0, 0, 0, 0, 0, 0, 0, 0, 4, 0, 0, 0, 0, 0, 0, 0, 0, 0, 0, 0, 0, 0, 0]",5,128,2304.0,18436.0,5313315256,5313323976,5313324651,5313326891,0,88799,88799,-1,1,8720,2240,4,160,160,1
12,3,"[4, 2304, 0, 0, 0, 0, 0, 0, 0, 0, 0, 0, 0, 0, 0, 4, 2304, 0, 0, 0, 0, 0, 0, 0, 0, 0, 0, 0, 0, 0]",5,128,2304.0,27648.0,5313406876,5313417765,5313415690,5313417930,0,92702,92702,-1,1,10889,2240,4,160,160,1
12,3,"[4, 2304, 0, 0, 0, 0, 0, 0, 0, 0, 0, 0, 0, 0, 0, 4, 2304, 0, 0, 0, 0, 0, 0, 0, 0, 0, 0, 0, 0, 0]",5,128,2304.0,27648.0,5313501708,5313509992,5313510632,5313512840,0,88799,88799,-1,1,8284,2208,4,160,160,1
16,3,"[4, 2304, 0, 0, 0, 0, 0, 0, 0, 0, 0, 0, 0, 0, 0, 4, 0, 0, 0, 0, 0, 0, 0, 0, 0, 0, 0, 0, 0, 0]",5,128,2304.0,18436.0,5313592881,5313601606,5313601639,5313603911,0,97247,97247,-1,1,8725,2272,4,160,160,1
12,3,"[4, 2304, 0, 0, 0, 0, 0, 0, 0, 0, 0, 0, 0, 0, 0, 4, 2304, 0, 0, 0, 0, 0, 0, 0, 0, 0, 0, 0, 0, 0]",5,128,2304.0,27648.0,5313692672,5313701074,5313701158,5313703430,0,88863,88863,-1,1,8402,2272,4,160,160,1
12,3,"[4, 2304, 0, 0, 0, 0, 0, 0, 0, 0, 0, 0, 0, 0, 0, 4, 2304, 0, 0, 0, 0, 0, 0, 0, 0, 0, 0, 0, 0, 0]",5,128,2304.0,27648.0,5313783764,5313791867,5313792293,5313794469,0,89919,89919,-1,1,8103,2176,4,160,160,1
16,3,"[4, 96, 2304, 1, 1, 0, 0, 0, 0, 0, 0, 0, 0, 0, 0, 4, 0, 0, 0, 0, 0, 0, 0, 0, 0, 0, 0, 0, 0, 0]",432,128,221184.0,1769476.0,5313875819,5313884610,5313884388,5313891619,0,85823,85823,-1,1,8791,7231,4,160,160,1
12,3,"[4, 96, 2304, 1, 1, 0, 0, 0, 0, 0, 0, 0, 0, 0, 0, 4, 96, 2304, 1, 1, 0, 0, 0, 0, 0, 0, 0, 0, 0, 0]",432,128,221184.0,2654208.0,5313968997,5313977315,5313977442,5313984034,0,84575,84575,-1,1,8318,6592,4,160,160,1
12,3,"[4, 96, 2304, 1, 1, 0, 0, 0, 0, 0, 0, 0, 0, 0, 0, 4, 96, 2304, 1, 1, 0, 0, 0, 0, 0, 0, 0, 0, 0, 0]",432,128,221184.0,2654208.0,5314060530,5314068428,5314068609,5314075905,0,84479,84479,-1,1,7898,7296,4,160,160,1
16,3,"[4, 96, 0, 0, 0, 0, 0, 0, 0, 0, 0, 0, 0, 0, 0, 4, 0, 0, 0, 0, 0, 0, 0, 0, 0, 0, 0, 0, 0, 0]",1,128,96.0,772.0,5314151961,5314160270,5314160384,5314162528,0,88735,88735,-1,1,8309,2144,4,160,160,1
12,3,"[4, 96, 0, 0, 0, 0, 0, 0, 0, 0, 0, 0, 0, 0, 0, 4, 96, 0, 0, 0, 0, 0, 0, 0, 0, 0, 0, 0, 0, 0]",1,128,96.0,1152.0,5314242918,5314251081,5314251263,5314253407,0,86783,86783,-1,1,8163,2144,4,160,160,1
12,3,"[4, 96, 0, 0, 0, 0, 0, 0, 0, 0, 0, 0, 0, 0, 0, 4, 96, 0, 0, 0, 0, 0, 0, 0, 0, 0, 0, 0, 0, 0]",1,128,96.0,1152.0,5314332217,5314340117,5314340190,5314342398,0,90078,90078,-1,1,7900,2208,4,160,160,1
16,3,"[4, 2304, 96, 1, 1, 0, 0, 0, 0, 0, 0, 0, 0, 0, 0, 4, 0, 0, 0, 0, 0, 0, 0, 0, 0, 0, 0, 0, 0, 0]",432,128,221184.0,1769476.0,5314423615,5314434072,5314432476,5314440541,0,85438,85438,-1,1,10457,8065,4,160,160,1
12,3,"[4, 2304, 96, 1, 1, 0, 0, 0, 0, 0, 0, 0, 0, 0, 0, 4, 2304, 96, 1, 1, 0, 0, 0, 0, 0, 0, 0, 0, 0, 0]",432,128,221184.0,2654208.0,5314517436,5314525815,5314525979,5314532507,0,83199,83199,-1,1,8379,6528,4,160,160,1
12,3,"[4, 2304, 96, 1, 1, 0, 0, 0, 0, 0, 0, 0, 0, 0, 0, 4, 2304, 96, 1, 1, 0, 0, 0, 0, 0, 0, 0, 0, 0, 0]",432,128,221184.0,2654208.0,5314607667,5314615354,5314615706,5314622650,0,81663,81663,-1,1,7687,6944,4,160,160,1
16,3,"[4, 2304, 0, 0, 0, 0, 0, 0, 0, 0, 0, 0, 0, 0, 0, 4, 0, 0, 0, 0, 0, 0, 0, 0, 0, 0, 0, 0, 0, 0]",5,128,2304.0,18436.0,5314695759,5314704081,5314704313,5314706553,0,87391,87391,-1,1,8322,2240,4,160,160,1
12,3,"[4, 2304, 0, 0, 0, 0, 0, 0, 0, 0, 0, 0, 0, 0, 0, 4, 2304, 0, 0, 0, 0, 0, 0, 0, 0, 0, 0, 0, 0, 0]",5,128,2304.0,27648.0,5314785880,5314793673,5314793944,5314796312,0,84703,84703,-1,1,7793,2368,4,160,160,1
12,3,"[4, 2304, 0, 0, 0, 0, 0, 0, 0, 0, 0, 0, 0, 0, 0, 4, 2304, 0, 0, 0, 0, 0, 0, 0, 0, 0, 0, 0, 0, 0]",5,128,2304.0,27648.0,5314872972,5314880681,5314881015,5314883319,0,86495,86495,-1,1,7709,2304,4,160,160,1
16,3,"[4, 384, 2304, 1, 1, 0, 0, 0, 0, 0, 0, 0, 0, 0, 0, 4, 0, 0, 0, 0, 0, 0, 0, 0, 0, 0, 0, 0, 0, 0]",1728,128,884736.0,7077892.0,5314961501,5314969586,5314969814,5315000757,0,59808,59808,-1,1,8085,30943,4,160,160,1
12,3,"[4, 384, 2304, 1, 1, 0, 0, 0, 0, 0, 0, 0, 0, 0, 0, 4, 384, 2304, 1, 1, 0, 0, 0, 0, 0, 0, 0, 0, 0, 0]",1728,128,884736.0,10616832.0,5315052074,5315060270,5315060565,5315103444,0,47104,47104,-1,1,8196,42879,4,160,160,1
12,3,"[4, 384, 2304, 1, 1, 0, 0, 0, 0, 0, 0, 0, 0, 0, 0, 4, 384, 2304, 1, 1, 0, 0, 0, 0, 0, 0, 0, 0, 0, 0]",1728,128,884736.0,10616832.0,5315141933,5315150216,5315150548,5315196115,0,42751,42751,-1,1,8283,45567,4,160,160,1
16,3,"[4, 384, 0, 0, 0, 0, 0, 0, 0, 0, 0, 0, 0, 0, 0, 4, 0, 0, 0, 0, 0, 0, 0, 0, 0, 0, 0, 0, 0, 0]",1,128,384.0,3076.0,5315230316,5315238646,5315238866,5315241522,0,86367,86367,-1,1,8330,2656,4,160,160,1
12,3,"[4, 384, 0, 0, 0, 0, 0, 0, 0, 0, 0, 0, 0, 0, 0, 4, 384, 0, 0, 0, 0, 0, 0, 0, 0, 0, 0, 0, 0, 0]",1,128,384.0,4608.0,5315319295,5315327309,5315327889,5315330673,0,99935,99935,-1,1,8014,2784,4,160,160,1
12,3,"[4, 384, 0, 0, 0, 0, 0, 0, 0, 0, 0, 0, 0, 0, 0, 4, 384, 0, 0, 0, 0, 0, 0, 0, 0, 0, 0, 0, 0, 0]",1,128,384.0,4608.0,5315421867,5315430211,5315430608,5315433008,0,90207,90207,-1,1,8344,2400,4,160,160,1
16,3,"[4, 384, 0, 0, 0, 0, 0, 0, 0, 0, 0, 0, 0, 0, 0, 4, 0, 0, 0, 0, 0, 0, 0, 0, 0, 0, 0, 0, 0, 0]",1,128,384.0,3076.0,5315514501,5315523122,5315523215,5315525519,0,89022,89022,-1,1,8621,2304,4,160,160,1
12,3,"[4, 384, 0, 0, 0, 0, 0, 0, 0, 0, 0, 0, 0, 0, 0, 4, 384, 0, 0, 0, 0, 0, 0, 0, 0, 0, 0, 0, 0, 0]",1,128,384.0,4608.0,5315605996,5315614210,5315614541,5315616846,0,87870,87870,-1,1,8214,2305,4,160,160,1
12,3,"[4, 384, 0, 0, 0, 0, 0, 0, 0, 0, 0, 0, 0, 0, 0, 4, 384, 0, 0, 0, 0, 0, 0, 0, 0, 0, 0, 0, 0, 0]",1,128,384.0,4608.0,5315696382,5315704372,5315704716,5315707116,0,89887,89887,-1,1,7990,2400,4,160,160,1
16,3,"[4, 2304, 384, 1, 1, 0, 0, 0, 0, 0, 0, 0, 0, 0, 0, 4, 0, 0, 0, 0, 0, 0, 0, 0, 0, 0, 0, 0, 0, 0]",1728,128,884736.0,7077892.0,5315788233,5315797125,5315797003,5315826731,0,62751,62751,-1,1,8892,29728,4,160,160,1
12,3,"[4, 2304, 384, 1, 1, 0, 0, 0, 0, 0, 0, 0, 0, 0, 0, 4, 2304, 384, 1, 1, 0, 0, 0, 0, 0, 0, 0, 0, 0, 0]",1728,128,884736.0,10616832.0,5315880971,5315889204,5315889482,5315933001,0,47424,47424,-1,1,8233,43519,4,160,160,1
12,3,"[4, 2304, 384, 1, 1, 0, 0, 0, 0, 0, 0, 0, 0, 0, 0, 4, 2304, 384, 1, 1, 0, 0, 0, 0, 0, 0, 0, 0, 0, 0]",1728,128,884736.0,10616832.0,5315972189,5315980173,5315980425,5316025544,0,47104,47104,-1,1,7984,45119,4,160,160,1
16,3,"[4, 2304, 0, 0, 0, 0, 0, 0, 0, 0, 0, 0, 0, 0, 0, 4, 0, 0, 0, 0, 0, 0, 0, 0, 0, 0, 0, 0, 0, 0]",5,128,2304.0,18436.0,5316064121,5316072397,5316072648,5316075304,0,88543,88543,-1,1,8276,2656,4,160,160,1
12,3,"[4, 2304, 0, 0, 0, 0, 0, 0, 0, 0, 0, 0, 0, 0, 0, 4, 2304, 0, 0, 0, 0, 0, 0, 0, 0, 0, 0, 0, 0, 0]",5,128,2304.0,27648.0,5316155291,5316163643,5316163847,5316166439,0,87262,87262,-1,1,8352,2592,4,160,160,1
12,3,"[4, 2304, 0, 0, 0, 0, 0, 0, 0, 0, 0, 0, 0, 0, 0, 4, 2304, 0, 0, 0, 0, 0, 0, 0, 0, 0, 0, 0, 0, 0]",5,128,2304.0,27648.0,5316245439,5316253315,5316253701,5316256006,0,89086,89086,-1,1,7876,2305,4,160,160,1
16,3,"[4, 2304, 0, 0, 0, 0, 0, 0, 0, 0, 0, 0, 0, 0, 0, 4, 0, 0, 0, 0, 0, 0, 0, 0, 0, 0, 0, 0, 0, 0]",5,128,2304.0,18436.0,5316336564,5316346674,5316345092,5316347268,0,91135,91135,-1,1,10110,2176,4,160,160,1
12,3,"[4, 2304, 0, 0, 0, 0, 0, 0, 0, 0, 0, 0, 0, 0, 0, 4, 2304, 0, 0, 0, 0, 0, 0, 0, 0, 0, 0, 0, 0, 0]",5,128,2304.0,27648.0,5316430185,5316438071,5316438403,5316440995,0,86943,86943,-1,1,7886,2592,4,160,160,1
12,3,"[4, 2304, 0, 0, 0, 0, 0, 0, 0, 0, 0, 0, 0, 0, 0, 4, 2304, 0, 0, 0, 0, 0, 0, 0, 0, 0, 0, 0, 0, 0]",5,128,2304.0,27648.0,5316519396,5316527600,5316527938,5316530242,0,89791,89791,-1,1,8204,2304,4,160,160,1
16,3,"[4, 2304, 1, 3, 3, 0, 0, 0, 0, 0, 0, 0, 0, 0, 0, 4, 0, 0, 0, 0, 0, 0, 0, 0, 0, 0, 0, 0, 0, 0]",41,128,20736.0,165892.0,5316611663,5316619725,5316620033,5316622721,0,89791,89791,-1,1,8062,2688,4,160,160,1
12,3,"[4, 2304, 1, 3, 3, 0, 0, 0, 0, 0, 0, 0, 0, 0, 0, 4, 2304, 1, 3, 3, 0, 0, 0, 0, 0, 0, 0, 0, 0, 0]",41,128,20736.0,248832.0,5316704365,5316712447,5316712512,5316715231,0,89952,89952,-1,1,8082,2719,4,160,160,1
12,3,"[4, 2304, 1, 3, 3, 0, 0, 0, 0, 0, 0, 0, 0, 0, 0, 4, 2304, 1, 3, 3, 0, 0, 0, 0, 0, 0, 0, 0, 0, 0]",41,128,20736.0,248832.0,5316796865,5316804893,5316805183,5316807839,0,88798,88798,-1,1,8028,2656,4,160,160,1
16,3,"[4, 2304, 0, 0, 0, 0, 0, 0, 0, 0, 0, 0, 0, 0, 0, 4, 0, 0, 0, 0, 0, 0, 0, 0, 0, 0, 0, 0, 0, 0]",5,128,2304.0,18436.0,5316888016,5316896385,5316896637,5316898909,0,241693,241693,-1,1,8369,2272,4,160,160,1
12,3,"[4, 2304, 0, 0, 0, 0, 0, 0, 0, 0, 0, 0, 0, 0, 0, 4, 2304, 0, 0, 0, 0, 0, 0, 0, 0, 0, 0, 0, 0, 0]",5,128,2304.0,27648.0,5317130163,5317140686,5317140602,5317142906,0,96767,96767,-1,1,10523,2304,4,160,160,1
12,3,"[4, 2304, 0, 0, 0, 0, 0, 0, 0, 0, 0, 0, 0, 0, 0, 4, 2304, 0, 0, 0, 0, 0, 0, 0, 0, 0, 0, 0, 0, 0]",5,128,2304.0,27648.0,5317230676,5317239386,5317239673,5317241881,0,93151,93151,-1,1,8710,2208,4,160,160,1
16,3,"[4, 2304, 0, 0, 0, 0, 0, 0, 0, 0, 0, 0, 0, 0, 0, 4, 0, 0, 0, 0, 0, 0, 0, 0, 0, 0, 0, 0, 0, 0]",5,128,2304.0,18436.0,5317325962,5317334958,5317335032,5317337432,0,89630,89630,-1,1,8996,2400,4,160,160,1
12,3,"[4, 2304, 0, 0, 0, 0, 0, 0, 0, 0, 0, 0, 0, 0, 0, 4, 2304, 0, 0, 0, 0, 0, 0, 0, 0, 0, 0, 0, 0, 0]",5,128,2304.0,27648.0,5317418476,5317426762,5317427062,5317429430,0,87743,87743,-1,1,8286,2368,4,160,160,1
12,3,"[4, 2304, 0, 0, 0, 0, 0, 0, 0, 0, 0, 0, 0, 0, 0, 4, 2304, 0, 0, 0, 0, 0, 0, 0, 0, 0, 0, 0, 0, 0]",5,128,2304.0,27648.0,5317509069,5317519303,5317517173,5317519382,0,96542,96542,-1,1,10234,2209,4,160,160,1
16,3,"[4, 96, 2304, 1, 1, 0, 0, 0, 0, 0, 0, 0, 0, 0, 0, 4, 0, 0, 0, 0, 0, 0, 0, 0, 0, 0, 0, 0, 0, 0]",432,128,221184.0,1769476.0,5317607229,5317615693,5317615924,5317623092,0,97599,97599,-1,1,8464,7168,4,160,160,1
12,3,"[4, 96, 2304, 1, 1, 0, 0, 0, 0, 0, 0, 0, 0, 0, 0, 4, 96, 2304, 1, 1, 0, 0, 0, 0, 0, 0, 0, 0, 0, 0]",432,128,221184.0,2654208.0,5317711952,5317720687,5317720691,5317727347,0,88223,88223,-1,1,8735,6656,4,160,160,1
12,3,"[4, 96, 2304, 1, 1, 0, 0, 0, 0, 0, 0, 0, 0, 0, 0, 4, 96, 2304, 1, 1, 0, 0, 0, 0, 0, 0, 0, 0, 0, 0]",432,128,221184.0,2654208.0,5317806989,5317815159,5317815570,5317822290,0,89118,89118,-1,1,8170,6720,4,160,160,1
16,3,"[4, 96, 0, 0, 0, 0, 0, 0, 0, 0, 0, 0, 0, 0, 0, 4, 0, 0, 0, 0, 0, 0, 0, 0, 0, 0, 0, 0, 0, 0]",1,128,96.0,772.0,5317902408,5317911218,5317911408,5317913552,0,91103,91103,-1,1,8810,2144,4,160,160,1
12,3,"[4, 96, 0, 0, 0, 0, 0, 0, 0, 0, 0, 0, 0, 0, 0, 4, 96, 0, 0, 0, 0, 0, 0, 0, 0, 0, 0, 0, 0, 0]",1,128,96.0,1152.0,5317996127,5318004428,5318004655,5318006831,0,90751,90751,-1,1,8301,2176,4,160,160,1
12,3,"[4, 96, 0, 0, 0, 0, 0, 0, 0, 0, 0, 0, 0, 0, 0, 4, 96, 0, 0, 0, 0, 0, 0, 0, 0, 0, 0, 0, 0, 0]",1,128,96.0,1152.0,5318089276,5318097109,5318097582,5318099790,0,90207,90207,-1,1,7833,2208,4,160,160,1
16,3,"[4, 2304, 96, 1, 1, 0, 0, 0, 0, 0, 0, 0, 0, 0, 0, 4, 0, 0, 0, 0, 0, 0, 0, 0, 0, 0, 0, 0, 0, 0]",432,128,221184.0,1769476.0,5318181570,5318189795,5318189997,5318197933,0,84223,84223,-1,1,8225,7936,4,160,160,1
12,3,"[4, 2304, 96, 1, 1, 0, 0, 0, 0, 0, 0, 0, 0, 0, 0, 4, 2304, 96, 1, 1, 0, 0, 0, 0, 0, 0, 0, 0, 0, 0]",432,128,221184.0,2654208.0,5318273959,5318281952,5318282156,5318288779,0,86943,86943,-1,1,7993,6623,4,160,160,1
12,3,"[4, 2304, 96, 1, 1, 0, 0, 0, 0, 0, 0, 0, 0, 0, 0, 4, 2304, 96, 1, 1, 0, 0, 0, 0, 0, 0, 0, 0, 0, 0]",432,128,221184.0,2654208.0,5318367132,5318375330,5318375722,5318382539,0,86366,86366,-1,1,8198,6817,4,160,160,1
16,3,"[4, 2304, 0, 0, 0, 0, 0, 0, 0, 0, 0, 0, 0, 0, 0, 4, 0, 0, 0, 0, 0, 0, 0, 0, 0, 0, 0, 0, 0, 0]",5,128,2304.0,18436.0,5318460157,5318468782,5318468905,5318471241,0,90463,90463,-1,1,8625,2336,4,160,160,1
12,3,"[4, 2304, 0, 0, 0, 0, 0, 0, 0, 0, 0, 0, 0, 0, 0, 4, 2304, 0, 0, 0, 0, 0, 0, 0, 0, 0, 0, 0, 0, 0]",5,128,2304.0,27648.0,5318553311,5318563307,5318561704,5318564104,0,92511,92511,-1,1,9996,2400,4,160,160,1
12,3,"[4, 2304, 0, 0, 0, 0, 0, 0, 0, 0, 0, 0, 0, 0, 0, 4, 2304, 0, 0, 0, 0, 0, 0, 0, 0, 0, 0, 0, 0, 0]",5,128,2304.0,27648.0,5318648168,5318656262,5318656615,5318658951,0,90591,90591,-1,1,8094,2336,4,160,160,1
16,3,"[4, 384, 2304, 1, 1, 0, 0, 0, 0, 0, 0, 0, 0, 0, 0, 4, 0, 0, 0, 0, 0, 0, 0, 0, 0, 0, 0, 0, 0, 0]",1728,128,884736.0,7077892.0,5318741019,5318749365,5318749542,5318779877,0,63040,63040,-1,1,8346,30335,4,160,160,1
12,3,"[4, 384, 2304, 1, 1, 0, 0, 0, 0, 0, 0, 0, 0, 0, 0, 4, 384, 2304, 1, 1, 0, 0, 0, 0, 0, 0, 0, 0, 0, 0]",1728,128,884736.0,10616832.0,5318834390,5318842610,5318842917,5318886372,0,49599,49599,-1,1,8220,43455,4,160,160,1
12,3,"[4, 384, 2304, 1, 1, 0, 0, 0, 0, 0, 0, 0, 0, 0, 0, 4, 384, 2304, 1, 1, 0, 0, 0, 0, 0, 0, 0, 0, 0, 0]",1728,128,884736.0,10616832.0,5318927488,5318935614,5318935971,5318982179,0,45759,45759,-1,1,8126,46208,4,160,160,1
16,3,"[4, 384, 0, 0, 0, 0, 0, 0, 0, 0, 0, 0, 0, 0, 0, 4, 0, 0, 0, 0, 0, 0, 0, 0, 0, 0, 0, 0, 0, 0]",1,128,384.0,3076.0,5319019522,5319027744,5319027938,5319030498,0,89151,89151,-1,1,8222,2560,4,160,160,1
12,3,"[4, 384, 0, 0, 0, 0, 0, 0, 0, 0, 0, 0, 0, 0, 0, 4, 384, 0, 0, 0, 0, 0, 0, 0, 0, 0, 0, 0, 0, 0]",1,128,384.0,4608.0,5319111308,5319119241,5319119649,5319122273,0,89215,89215,-1,1,7933,2624,4,160,160,1
12,3,"[4, 384, 0, 0, 0, 0, 0, 0, 0, 0, 0, 0, 0, 0, 0, 4, 384, 0, 0, 0, 0, 0, 0, 0, 0, 0, 0, 0, 0, 0]",1,128,384.0,4608.0,5319203228,5319211277,5319211488,5319213760,0,89055,89055,-1,1,8049,2272,4,160,160,1
16,3,"[4, 384, 0, 0, 0, 0, 0, 0, 0, 0, 0, 0, 0, 0, 0, 4, 0, 0, 0, 0, 0, 0, 0, 0, 0, 0, 0, 0, 0, 0]",1,128,384.0,3076.0,5319294186,5319302582,5319302815,5319305023,0,89887,89887,-1,1,8396,2208,4,160,160,1
12,3,"[4, 384, 0, 0, 0, 0, 0, 0, 0, 0, 0, 0, 0, 0, 0, 4, 384, 0, 0, 0, 0, 0, 0, 0, 0, 0, 0, 0, 0, 0]",1,128,384.0,4608.0,5319386630,5319394645,5319394910,5319397213,0,90047,90047,-1,1,8015,2303,4,160,160,1
12,3,"[4, 384, 0, 0, 0, 0, 0, 0, 0, 0, 0, 0, 0, 0, 0, 4, 384, 0, 0, 0, 0, 0, 0, 0, 0, 0, 0, 0, 0, 0]",1,128,384.0,4608.0,5319479282,5319486804,5319487260,5319489628,0,95519,95519,-1,1,7522,2368,4,160,160,1
16,3,"[4, 2304, 384, 1, 1, 0, 0, 0, 0, 0, 0, 0, 0, 0, 0, 4, 0, 0, 0, 0, 0, 0, 0, 0, 0, 0, 0, 0, 0, 0]",1728,128,884736.0,7077892.0,5319576537,5319585980,5319585147,5319614587,0,65887,65887,-1,1,9443,29440,4,160,160,1
12,3,"[4, 2304, 384, 1, 1, 0, 0, 0, 0, 0, 0, 0, 0, 0, 0, 4, 2304, 384, 1, 1, 0, 0, 0, 0, 0, 0, 0, 0, 0, 0]",1728,128,884736.0,10616832.0,5319672094,5319680145,5319680474,5319723385,0,51456,51456,-1,1,8051,42911,4,160,160,1
12,3,"[4, 2304, 384, 1, 1, 0, 0, 0, 0, 0, 0, 0, 0, 0, 0, 4, 2304, 384, 1, 1, 0, 0, 0, 0, 0, 0, 0, 0, 0, 0]",1728,128,884736.0,10616832.0,5319766438,5319774518,5319774841,5319820312,0,48256,48256,-1,1,8080,45471,4,160,160,1
16,3,"[4, 2304, 0, 0, 0, 0, 0, 0, 0, 0, 0, 0, 0, 0, 0, 4, 0, 0, 0, 0, 0, 0, 0, 0, 0, 0, 0, 0, 0, 0]",5,128,2304.0,18436.0,5319860012,5319868239,5319868568,5319871096,0,89310,89310,-1,1,8227,2528,4,160,160,1
12,3,"[4, 2304, 0, 0, 0, 0, 0, 0, 0, 0, 0, 0, 0, 0, 0, 4, 2304, 0, 0, 0, 0, 0, 0, 0, 0, 0, 0, 0, 0, 0]",5,128,2304.0,27648.0,5319952218,5319960085,5319960406,5319962967,0,88958,88958,-1,1,7867,2561,4,160,160,1
12,3,"[4, 2304, 0, 0, 0, 0, 0, 0, 0, 0, 0, 0, 0, 0, 0, 4, 2304, 0, 0, 0, 0, 0, 0, 0, 0, 0, 0, 0, 0, 0]",5,128,2304.0,27648.0,5320043280,5320051742,5320051925,5320054229,0,91455,91455,-1,1,8462,2304,4,160,160,1
16,3,"[4, 2304, 0, 0, 0, 0, 0, 0, 0, 0, 0, 0, 0, 0, 0, 4, 0, 0, 0, 0, 0, 0, 0, 0, 0, 0, 0, 0, 0, 0]",5,128,2304.0,18436.0,5320136585,5320145478,5320145684,5320148020,0,90399,90399,-1,1,8893,2336,4,160,160,1
12,3,"[4, 2304, 0, 0, 0, 0, 0, 0, 0, 0, 0, 0, 0, 0, 0, 4, 2304, 0, 0, 0, 0, 0, 0, 0, 0, 0, 0, 0, 0, 0]",5,128,2304.0,27648.0,5320230072,5320238252,5320238419,5320241043,0,88831,88831,-1,1,8180,2624,4,160,160,1
12,3,"[4, 2304, 0, 0, 0, 0, 0, 0, 0, 0, 0, 0, 0, 0, 0, 4, 2304, 0, 0, 0, 0, 0, 0, 0, 0, 0, 0, 0, 0, 0]",5,128,2304.0,27648.0,5320321713,5320329400,5320329874,5320332210,0,91358,91358,-1,1,7687,2336,4,160,160,1
16,3,"[4, 2304, 1, 3, 3, 0, 0, 0, 0, 0, 0, 0, 0, 0, 0, 4, 0, 0, 0, 0, 0, 0, 0, 0, 0, 0, 0, 0, 0, 0]",41,128,20736.0,165892.0,5320415144,5320423320,5320423568,5320426224,0,90719,90719,-1,1,8176,2656,4,160,160,1
12,3,"[4, 2304, 1, 3, 3, 0, 0, 0, 0, 0, 0, 0, 0, 0, 0, 4, 2304, 1, 3, 3, 0, 0, 0, 0, 0, 0, 0, 0, 0, 0]",41,128,20736.0,248832.0,5320508461,5320516640,5320516943,5320519663,0,92127,92127,-1,1,8179,2720,4,160,160,1
12,3,"[4, 2304, 1, 3, 3, 0, 0, 0, 0, 0, 0, 0, 0, 0, 0, 4, 2304, 1, 3, 3, 0, 0, 0, 0, 0, 0, 0, 0, 0, 0]",41,128,20736.0,248832.0,5320603492,5320613461,5320611790,5320614382,0,94687,94687,-1,1,9969,2592,4,160,160,1
16,3,"[4, 2304, 0, 0, 0, 0, 0, 0, 0, 0, 0, 0, 0, 0, 0, 4, 0, 0, 0, 0, 0, 0, 0, 0, 0, 0, 0, 0, 0, 0]",5,128,2304.0,18436.0,5320700423,5320708884,5320709069,5320711277,0,91231,91231,-1,1,8461,2208,4,160,160,1
12,3,"[4, 2304, 0, 0, 0, 0, 0, 0, 0, 0, 0, 0, 0, 0, 0, 4, 2304, 0, 0, 0, 0, 0, 0, 0, 0, 0, 0, 0, 0, 0]",5,128,2304.0,27648.0,5320793907,5320802382,5320802508,5320804908,0,89119,89119,-1,1,8475,2400,4,160,160,1
12,3,"[4, 2304, 0, 0, 0, 0, 0, 0, 0, 0, 0, 0, 0, 0, 0, 4, 2304, 0, 0, 0, 0, 0, 0, 0, 0, 0, 0, 0, 0, 0]",5,128,2304.0,27648.0,5320885805,5320893627,5320894027,5320896235,0,237916,237916,-1,1,7822,2208,4,160,160,1
16,3,"[4, 2304, 0, 0, 0, 0, 0, 0, 0, 0, 0, 0, 0, 0, 0, 4, 0, 0, 0, 0, 0, 0, 0, 0, 0, 0, 0, 0, 0, 0]",5,128,2304.0,18436.0,5321123121,5321134287,5321134151,5321136359,0,103583,103583,-1,1,11166,2208,4,160,160,1
12,3,"[4, 2304, 0, 0, 0, 0, 0, 0, 0, 0, 0, 0, 0, 0, 0, 4, 2304, 0, 0, 0, 0, 0, 0, 0, 0, 0, 0, 0, 0, 0]",5,128,2304.0,27648.0,5321230424,5321240062,5321239942,5321242310,0,92351,92351,-1,1,9638,2368,4,160,160,1
12,3,"[4, 2304, 0, 0, 0, 0, 0, 0, 0, 0, 0, 0, 0, 0, 0, 4, 2304, 0, 0, 0, 0, 0, 0, 0, 0, 0, 0, 0, 0, 0]",5,128,2304.0,27648.0,5321326255,5321334367,5321334661,5321336837,0,92351,92351,-1,1,8112,2176,4,160,160,1
16,3,"[4, 96, 2304, 1, 1, 0, 0, 0, 0, 0, 0, 0, 0, 0, 0, 4, 0, 0, 0, 0, 0, 0, 0, 0, 0, 0, 0, 0, 0, 0]",432,128,221184.0,1769476.0,5321420613,5321429113,5321429188,5321436132,0,88095,88095,-1,1,8500,6944,4,160,160,1
12,3,"[4, 96, 2304, 1, 1, 0, 0, 0, 0, 0, 0, 0, 0, 0, 0, 4, 96, 2304, 1, 1, 0, 0, 0, 0, 0, 0, 0, 0, 0, 0]",432,128,221184.0,2654208.0,5321515946,5321523914,5321524227,5321531170,0,87647,87647,-1,1,7968,6943,4,160,160,1
12,3,"[4, 96, 2304, 1, 1, 0, 0, 0, 0, 0, 0, 0, 0, 0, 0, 4, 96, 2304, 1, 1, 0, 0, 0, 0, 0, 0, 0, 0, 0, 0]",432,128,221184.0,2654208.0,5321610538,5321618465,5321618817,5321625729,0,96799,96799,-1,1,7927,6912,4,160,160,1
16,3,"[4, 96, 0, 0, 0, 0, 0, 0, 0, 0, 0, 0, 0, 0, 0, 4, 0, 0, 0, 0, 0, 0, 0, 0, 0, 0, 0, 0, 0, 0]",1,128,96.0,772.0,5321713176,5321722434,5321722528,5321724672,0,95551,95551,-1,1,9258,2144,4,160,160,1
12,3,"[4, 96, 0, 0, 0, 0, 0, 0, 0, 0, 0, 0, 0, 0, 0, 4, 96, 0, 0, 0, 0, 0, 0, 0, 0, 0, 0, 0, 0, 0]",1,128,96.0,1152.0,5321811848,5321820106,5321820223,5321822399,0,91583,91583,-1,1,8258,2176,4,160,160,1
12,3,"[4, 96, 0, 0, 0, 0, 0, 0, 0, 0, 0, 0, 0, 0, 0, 4, 96, 0, 0, 0, 0, 0, 0, 0, 0, 0, 0, 0, 0, 0]",1,128,96.0,1152.0,5321905696,5321913631,5321913982,5321916126,0,94462,94462,-1,1,7935,2144,4,160,160,1
16,3,"[4, 2304, 96, 1, 1, 0, 0, 0, 0, 0, 0, 0, 0, 0, 0, 4, 0, 0, 0, 0, 0, 0, 0, 0, 0, 0, 0, 0, 0, 0]",432,128,221184.0,1769476.0,5322001924,5322010396,5322010588,5322018364,0,87679,87679,-1,1,8472,7776,4,160,160,1
12,3,"[4, 2304, 96, 1, 1, 0, 0, 0, 0, 0, 0, 0, 0, 0, 0, 4, 2304, 96, 1, 1, 0, 0, 0, 0, 0, 0, 0, 0, 0, 0]",432,128,221184.0,2654208.0,5322097816,5322106037,5322106043,5322112763,0,86783,86783,-1,1,8221,6720,4,160,160,1
12,3,"[4, 2304, 96, 1, 1, 0, 0, 0, 0, 0, 0, 0, 0, 0, 0, 4, 2304, 96, 1, 1, 0, 0, 0, 0, 0, 0, 0, 0, 0, 0]",432,128,221184.0,2654208.0,5322191563,5322199163,5322199546,5322206522,0,86975,86975,-1,1,7600,6976,4,160,160,1
16,3,"[4, 2304, 0, 0, 0, 0, 0, 0, 0, 0, 0, 0, 0, 0, 0, 4, 0, 0, 0, 0, 0, 0, 0, 0, 0, 0, 0, 0, 0, 0]",5,128,2304.0,18436.0,5322285148,5322293270,5322293497,5322295769,0,90398,90398,-1,1,8122,2272,4,160,160,1
12,3,"[4, 2304, 0, 0, 0, 0, 0, 0, 0, 0, 0, 0, 0, 0, 0, 4, 2304, 0, 0, 0, 0, 0, 0, 0, 0, 0, 0, 0, 0, 0]",5,128,2304.0,27648.0,5322377941,5322385813,5322386167,5322388504,0,90015,90015,-1,1,7872,2337,4,160,160,1
12,3,"[4, 2304, 0, 0, 0, 0, 0, 0, 0, 0, 0, 0, 0, 0, 0, 4, 2304, 0, 0, 0, 0, 0, 0, 0, 0, 0, 0, 0, 0, 0]",5,128,2304.0,27648.0,5322470213,5322478175,5322478519,5322480982,0,90655,90655,-1,1,7962,2463,4,160,160,1
16,3,"[4, 384, 2304, 1, 1, 0, 0, 0, 0, 0, 0, 0, 0, 0, 0, 4, 0, 0, 0, 0, 0, 0, 0, 0, 0, 0, 0, 0, 0, 0]",1728,128,884736.0,7077892.0,5322563156,5322571377,5322571637,5322601781,0,61887,61887,-1,1,8221,30144,4,160,160,1
12,3,"[4, 384, 2304, 1, 1, 0, 0, 0, 0, 0, 0, 0, 0, 0, 0, 4, 384, 2304, 1, 1, 0, 0, 0, 0, 0, 0, 0, 0, 0, 0]",1728,128,884736.0,10616832.0,5322655573,5322663421,5322663668,5322706771,0,49056,49056,-1,1,7848,43103,4,160,160,1
12,3,"[4, 384, 2304, 1, 1, 0, 0, 0, 0, 0, 0, 0, 0, 0, 0, 4, 384, 2304, 1, 1, 0, 0, 0, 0, 0, 0, 0, 0, 0, 0]",1728,128,884736.0,10616832.0,5322747610,5322755405,5322755827,5322801362,0,49760,49760,-1,1,7795,45535,4,160,160,1
16,3,"[4, 384, 0, 0, 0, 0, 0, 0, 0, 0, 0, 0, 0, 0, 0, 4, 0, 0, 0, 0, 0, 0, 0, 0, 0, 0, 0, 0, 0, 0]",1,128,384.0,3076.0,5322842686,5322851088,5322851122,5322853778,0,89566,89566,-1,1,8402,2656,4,160,160,1
12,3,"[4, 384, 0, 0, 0, 0, 0, 0, 0, 0, 0, 0, 0, 0, 0, 4, 384, 0, 0, 0, 0, 0, 0, 0, 0, 0, 0, 0, 0, 0]",1,128,384.0,4608.0,5322935421,5322943314,5322943344,5322946000,0,88799,88799,-1,1,7893,2656,4,160,160,1
12,3,"[4, 384, 0, 0, 0, 0, 0, 0, 0, 0, 0, 0, 0, 0, 0, 4, 384, 0, 0, 0, 0, 0, 0, 0, 0, 0, 0, 0, 0, 0]",1,128,384.0,4608.0,5323026654,5323034447,5323034799,5323037200,0,89950,89950,-1,1,7793,2401,4,160,160,1
16,3,"[4, 384, 0, 0, 0, 0, 0, 0, 0, 0, 0, 0, 0, 0, 0, 4, 0, 0, 0, 0, 0, 0, 0, 0, 0, 0, 0, 0, 0, 0]",1,128,384.0,3076.0,5323118886,5323126882,5323127150,5323129486,0,89791,89791,-1,1,7996,2336,4,160,160,1
12,3,"[4, 384, 0, 0, 0, 0, 0, 0, 0, 0, 0, 0, 0, 0, 0, 4, 384, 0, 0, 0, 0, 0, 0, 0, 0, 0, 0, 0, 0, 0]",1,128,384.0,4608.0,5323211056,5323218932,5323219277,5323221645,0,90143,90143,-1,1,7876,2368,4,160,160,1
12,3,"[4, 384, 0, 0, 0, 0, 0, 0, 0, 0, 0, 0, 0, 0, 0, 4, 384, 0, 0, 0, 0, 0, 0, 0, 0, 0, 0, 0, 0, 0]",1,128,384.0,4608.0,5323303703,5323311449,5323311788,5323314060,0,92703,92703,-1,1,7746,2272,4,160,160,1
16,3,"[4, 2304, 384, 1, 1, 0, 0, 0, 0, 0, 0, 0, 0, 0, 0, 4, 0, 0, 0, 0, 0, 0, 0, 0, 0, 0, 0, 0, 0, 0]",1728,128,884736.0,7077892.0,5323398006,5323406558,5323406763,5323435978,0,64736,64736,-1,1,8552,29215,4,160,160,1
12,3,"[4, 2304, 384, 1, 1, 0, 0, 0, 0, 0, 0, 0, 0, 0, 0, 4, 2304, 384, 1, 1, 0, 0, 0, 0, 0, 0, 0, 0, 0, 0]",1728,128,884736.0,10616832.0,5323491991,5323500357,5323500714,5323543241,0,49503,49503,-1,1,8366,42527,4,160,160,1
12,3,"[4, 2304, 384, 1, 1, 0, 0, 0, 0, 0, 0, 0, 0, 0, 0, 4, 2304, 384, 1, 1, 0, 0, 0, 0, 0, 0, 0, 0, 0, 0]",1728,128,884736.0,10616832.0,5323584546,5323592351,5323592744,5323638344,0,47519,47519,-1,1,7805,45600,4,160,160,1
16,3,"[4, 2304, 0, 0, 0, 0, 0, 0, 0, 0, 0, 0, 0, 0, 0, 4, 0, 0, 0, 0, 0, 0, 0, 0, 0, 0, 0, 0, 0, 0]",5,128,2304.0,18436.0,5323677369,5323685530,5323685863,5323688455,0,92831,92831,-1,1,8161,2592,4,160,160,1
12,3,"[4, 2304, 0, 0, 0, 0, 0, 0, 0, 0, 0, 0, 0, 0, 0, 4, 2304, 0, 0, 0, 0, 0, 0, 0, 0, 0, 0, 0, 0, 0]",5,128,2304.0,27648.0,5323773085,5323781199,5323781286,5323784006,0,93535,93535,-1,1,8114,2720,4,160,160,1
12,3,"[4, 2304, 0, 0, 0, 0, 0, 0, 0, 0, 0, 0, 0, 0, 0, 4, 2304, 0, 0, 0, 0, 0, 0, 0, 0, 0, 0, 0, 0, 0]",5,128,2304.0,27648.0,5323869163,5323877226,5323877541,5323879845,0,89854,89854,-1,1,8063,2304,4,160,160,1
16,3,"[4, 2304, 0, 0, 0, 0, 0, 0, 0, 0, 0, 0, 0, 0, 0, 4, 0, 0, 0, 0, 0, 0, 0, 0, 0, 0, 0, 0, 0, 0]",5,128,2304.0,18436.0,5323961255,5323969613,5323969699,5323971971,0,90591,90591,-1,1,8358,2272,4,160,160,1
12,3,"[4, 2304, 0, 0, 0, 0, 0, 0, 0, 0, 0, 0, 0, 0, 0, 4, 2304, 0, 0, 0, 0, 0, 0, 0, 0, 0, 0, 0, 0, 0]",5,128,2304.0,27648.0,5324054339,5324062648,5324062562,5324064834,0,89247,89247,-1,1,8309,2272,4,160,160,1
12,3,"[4, 2304, 0, 0, 0, 0, 0, 0, 0, 0, 0, 0, 0, 0, 0, 4, 2304, 0, 0, 0, 0, 0, 0, 0, 0, 0, 0, 0, 0, 0]",5,128,2304.0,27648.0,5324145912,5324153774,5324154081,5324156385,0,91391,91391,-1,1,7862,2304,4,160,160,1
16,3,"[4, 2304, 1, 3, 3, 0, 0, 0, 0, 0, 0, 0, 0, 0, 0, 4, 0, 0, 0, 0, 0, 0, 0, 0, 0, 0, 0, 0, 0, 0]",41,128,20736.0,165892.0,5324239407,5324247492,5324247776,5324250368,0,91551,91551,-1,1,8085,2592,4,160,160,1
12,3,"[4, 2304, 1, 3, 3, 0, 0, 0, 0, 0, 0, 0, 0, 0, 0, 4, 2304, 1, 3, 3, 0, 0, 0, 0, 0, 0, 0, 0, 0, 0]",41,128,20736.0,248832.0,5324333701,5324341579,5324341919,5324344543,0,90174,90174,-1,1,7878,2624,4,160,160,1
12,3,"[4, 2304, 1, 3, 3, 0, 0, 0, 0, 0, 0, 0, 0, 0, 0, 4, 2304, 1, 3, 3, 0, 0, 0, 0, 0, 0, 0, 0, 0, 0]",41,128,20736.0,248832.0,5324426579,5324434292,5324434717,5324437342,0,90814,90814,-1,1,7713,2625,4,160,160,1
16,3,"[4, 2304, 0, 0, 0, 0, 0, 0, 0, 0, 0, 0, 0, 0, 0, 4, 0, 0, 0, 0, 0, 0, 0, 0, 0, 0, 0, 0, 0, 0]",5,128,2304.0,18436.0,5324519565,5324528007,5324528156,5324530332,0,89471,89471,-1,1,8442,2176,4,160,160,1
12,3,"[4, 2304, 0, 0, 0, 0, 0, 0, 0, 0, 0, 0, 0, 0, 0, 4, 2304, 0, 0, 0, 0, 0, 0, 0, 0, 0, 0, 0, 0, 0]",5,128,2304.0,27648.0,5324611525,5324619403,5324619803,5324622139,0,89631,89631,-1,1,7878,2336,4,160,160,1
12,3,"[4, 2304, 0, 0, 0, 0, 0, 0, 0, 0, 0, 0, 0, 0, 0, 4, 2304, 0, 0, 0, 0, 0, 0, 0, 0, 0, 0, 0, 0, 0]",5,128,2304.0,27648.0,5324703650,5324711358,5324711770,5324713978,0,90463,90463,-1,1,7708,2208,4,160,160,1
16,3,"[4, 2304, 0, 0, 0, 0, 0, 0, 0, 0, 0, 0, 0, 0, 0, 4, 0, 0, 0, 0, 0, 0, 0, 0, 0, 0, 0, 0, 0, 0]",5,128,2304.0,18436.0,5324795965,5324804293,5324804441,5324806681,0,92991,92991,-1,1,8328,2240,4,160,160,1
12,3,"[4, 2304, 0, 0, 0, 0, 0, 0, 0, 0, 0, 0, 0, 0, 0, 4, 2304, 0, 0, 0, 0, 0, 0, 0, 0, 0, 0, 0, 0, 0]",5,128,2304.0,27648.0,5324891069,5324899284,5324899672,5324902040,0,236093,236093,-1,1,8215,2368,4,160,160,1
12,3,"[4, 2304, 0, 0, 0, 0, 0, 0, 0, 0, 0, 0, 0, 0, 0, 4, 2304, 0, 0, 0, 0, 0, 0, 0, 0, 0, 0, 0, 0, 0]",5,128,2304.0,27648.0,5325127741,5325137993,5325138133,5325140437,0,106750,106750,-1,1,10252,2304,4,160,160,1
16,3,"[4, 96, 2304, 1, 1, 0, 0, 0, 0, 0, 0, 0, 0, 0, 0, 4, 0, 0, 0, 0, 0, 0, 0, 0, 0, 0, 0, 0, 0, 0]",432,128,221184.0,1769476.0,5325237444,5325247203,5325247187,5325254547,0,89279,89279,-1,1,9759,7360,4,160,160,1
12,3,"[4, 96, 2304, 1, 1, 0, 0, 0, 0, 0, 0, 0, 0, 0, 0, 4, 96, 2304, 1, 1, 0, 0, 0, 0, 0, 0, 0, 0, 0, 0]",432,128,221184.0,2654208.0,5325335359,5325343500,5325343826,5325350450,0,85215,85215,-1,1,8141,6624,4,160,160,1
12,3,"[4, 96, 2304, 1, 1, 0, 0, 0, 0, 0, 0, 0, 0, 0, 0, 4, 96, 2304, 1, 1, 0, 0, 0, 0, 0, 0, 0, 0, 0, 0]",432,128,221184.0,2654208.0,5325427371,5325435339,5325435665,5325442705,0,82943,82943,-1,1,7968,7040,4,160,160,1
16,3,"[4, 96, 0, 0, 0, 0, 0, 0, 0, 0, 0, 0, 0, 0, 0, 4, 0, 0, 0, 0, 0, 0, 0, 0, 0, 0, 0, 0, 0, 0]",1,128,96.0,772.0,5325517270,5325525451,5325525648,5325527824,0,87999,87999,-1,1,8181,2176,4,160,160,1
12,3,"[4, 96, 0, 0, 0, 0, 0, 0, 0, 0, 0, 0, 0, 0, 0, 4, 96, 0, 0, 0, 0, 0, 0, 0, 0, 0, 0, 0, 0, 0]",1,128,96.0,1152.0,5325607590,5325615507,5325615823,5325618030,0,97376,97376,-1,1,7917,2207,4,160,160,1
12,3,"[4, 96, 0, 0, 0, 0, 0, 0, 0, 0, 0, 0, 0, 0, 0, 4, 96, 0, 0, 0, 0, 0, 0, 0, 0, 0, 0, 0, 0, 0]",1,128,96.0,1152.0,5325706344,5325715052,5325715406,5325717646,0,91646,91646,-1,1,8708,2240,4,160,160,1
16,3,"[4, 2304, 96, 1, 1, 0, 0, 0, 0, 0, 0, 0, 0, 0, 0, 4, 0, 0, 0, 0, 0, 0, 0, 0, 0, 0, 0, 0, 0, 0]",432,128,221184.0,1769476.0,5325800588,5325809207,5325809292,5325817196,0,87263,87263,-1,1,8619,7904,4,160,160,1
12,3,"[4, 2304, 96, 1, 1, 0, 0, 0, 0, 0, 0, 0, 0, 0, 0, 4, 2304, 96, 1, 1, 0, 0, 0, 0, 0, 0, 0, 0, 0, 0]",432,128,221184.0,2654208.0,5325895985,5325904033,5325904459,5325910859,0,96383,96383,-1,1,8048,6400,4,160,160,1
12,3,"[4, 2304, 96, 1, 1, 0, 0, 0, 0, 0, 0, 0, 0, 0, 0, 4, 2304, 96, 1, 1, 0, 0, 0, 0, 0, 0, 0, 0, 0, 0]",432,128,221184.0,2654208.0,5325997716,5326009219,5326007242,5326014250,0,89406,89406,-1,1,11503,7008,4,160,160,1
16,3,"[4, 2304, 0, 0, 0, 0, 0, 0, 0, 0, 0, 0, 0, 0, 0, 4, 0, 0, 0, 0, 0, 0, 0, 0, 0, 0, 0, 0, 0, 0]",5,128,2304.0,18436.0,5326094587,5326103496,5326103656,5326105961,0,88030,88030,-1,1,8909,2305,4,160,160,1
12,3,"[4, 2304, 0, 0, 0, 0, 0, 0, 0, 0, 0, 0, 0, 0, 0, 4, 2304, 0, 0, 0, 0, 0, 0, 0, 0, 0, 0, 0, 0, 0]",5,128,2304.0,27648.0,5326185120,5326193624,5326193991,5326196391,0,87391,87391,-1,1,8504,2400,4,160,160,1
12,3,"[4, 2304, 0, 0, 0, 0, 0, 0, 0, 0, 0, 0, 0, 0, 0, 4, 2304, 0, 0, 0, 0, 0, 0, 0, 0, 0, 0, 0, 0, 0]",5,128,2304.0,27648.0,5326275352,5326283597,5326283782,5326286118,0,90687,90687,-1,1,8245,2336,4,160,160,1
16,3,"[4, 384, 2304, 1, 1, 0, 0, 0, 0, 0, 0, 0, 0, 0, 0, 4, 0, 0, 0, 0, 0, 0, 0, 0, 0, 0, 0, 0, 0, 0]",1728,128,884736.0,7077892.0,5326368176,5326376968,5326376805,5326407013,0,60959,60959,-1,1,8792,30208,4,160,160,1
12,3,"[4, 384, 2304, 1, 1, 0, 0, 0, 0, 0, 0, 0, 0, 0, 0, 4, 384, 2304, 1, 1, 0, 0, 0, 0, 0, 0, 0, 0, 0, 0]",1728,128,884736.0,10616832.0,5326459621,5326467695,5326467972,5326511203,0,47392,47392,-1,1,8074,43231,4,160,160,1
12,3,"[4, 384, 2304, 1, 1, 0, 0, 0, 0, 0, 0, 0, 0, 0, 0, 4, 384, 2304, 1, 1, 0, 0, 0, 0, 0, 0, 0, 0, 0, 0]",1728,128,884736.0,10616832.0,5326550588,5326558182,5326558595,5326604418,0,43231,43231,-1,1,7594,45823,4,160,160,1
16,3,"[4, 384, 0, 0, 0, 0, 0, 0, 0, 0, 0, 0, 0, 0, 0, 4, 0, 0, 0, 0, 0, 0, 0, 0, 0, 0, 0, 0, 0, 0]",1,128,384.0,3076.0,5326639173,5326647455,5326647649,5326650210,0,86366,86366,-1,1,8282,2561,4,160,160,1
12,3,"[4, 384, 0, 0, 0, 0, 0, 0, 0, 0, 0, 0, 0, 0, 0, 4, 384, 0, 0, 0, 0, 0, 0, 0, 0, 0, 0, 0, 0, 0]",1,128,384.0,4608.0,5326727965,5326736232,5326736576,5326739360,0,87071,87071,-1,1,8267,2784,4,160,160,1
12,3,"[4, 384, 0, 0, 0, 0, 0, 0, 0, 0, 0, 0, 0, 0, 0, 4, 384, 0, 0, 0, 0, 0, 0, 0, 0, 0, 0, 0, 0, 0]",1,128,384.0,4608.0,5326818263,5326826068,5326826431,5326828703,0,86239,86239,-1,1,7805,2272,4,160,160,1
16,3,"[4, 384, 0, 0, 0, 0, 0, 0, 0, 0, 0, 0, 0, 0, 0, 4, 0, 0, 0, 0, 0, 0, 0, 0, 0, 0, 0, 0, 0, 0]",1,128,384.0,3076.0,5326906655,5326914786,5326914942,5326917246,0,86143,86143,-1,1,8131,2304,4,160,160,1
12,3,"[4, 384, 0, 0, 0, 0, 0, 0, 0, 0, 0, 0, 0, 0, 0, 4, 384, 0, 0, 0, 0, 0, 0, 0, 0, 0, 0, 0, 0, 0]",1,128,384.0,4608.0,5326995268,5327005255,5327003389,5327005789,0,89183,89183,-1,1,9987,2400,4,160,160,1
12,3,"[4, 384, 0, 0, 0, 0, 0, 0, 0, 0, 0, 0, 0, 0, 0, 4, 384, 0, 0, 0, 0, 0, 0, 0, 0, 0, 0, 0, 0, 0]",1,128,384.0,4608.0,5327086440,5327094500,5327094972,5327097276,0,89471,89471,-1,1,8060,2304,4,160,160,1
16,3,"[4, 2304, 384, 1, 1, 0, 0, 0, 0, 0, 0, 0, 0, 0, 0, 4, 0, 0, 0, 0, 0, 0, 0, 0, 0, 0, 0, 0, 0, 0]",1728,128,884736.0,7077892.0,5327178150,5327186589,5327186747,5327216538,0,61088,61088,-1,1,8439,29791,4,160,160,1
12,3,"[4, 2304, 384, 1, 1, 0, 0, 0, 0, 0, 0, 0, 0, 0, 0, 4, 2304, 384, 1, 1, 0, 0, 0, 0, 0, 0, 0, 0, 0, 0]",1728,128,884736.0,10616832.0,5327269289,5327277372,5327277626,5327321497,0,48927,48927,-1,1,8083,43871,4,160,160,1
12,3,"[4, 2304, 384, 1, 1, 0, 0, 0, 0, 0, 0, 0, 0, 0, 0, 4, 2304, 384, 1, 1, 0, 0, 0, 0, 0, 0, 0, 0, 0, 0]",1728,128,884736.0,10616832.0,5327361395,5327370046,5327370424,5327415960,0,43743,43743,-1,1,8651,45536,4,160,160,1
16,3,"[4, 2304, 0, 0, 0, 0, 0, 0, 0, 0, 0, 0, 0, 0, 0, 4, 0, 0, 0, 0, 0, 0, 0, 0, 0, 0, 0, 0, 0, 0]",5,128,2304.0,18436.0,5327450794,5327459622,5327459703,5327462295,0,87199,87199,-1,1,8828,2592,4,160,160,1
12,3,"[4, 2304, 0, 0, 0, 0, 0, 0, 0, 0, 0, 0, 0, 0, 0, 4, 2304, 0, 0, 0, 0, 0, 0, 0, 0, 0, 0, 0, 0, 0]",5,128,2304.0,27648.0,5327541228,5327549274,5327549494,5327552182,0,97343,97343,-1,1,8046,2688,4,160,160,1
12,3,"[4, 2304, 0, 0, 0, 0, 0, 0, 0, 0, 0, 0, 0, 0, 0, 4, 2304, 0, 0, 0, 0, 0, 0, 0, 0, 0, 0, 0, 0, 0]",5,128,2304.0,27648.0,5327640571,5327649342,5327649525,5327651765,0,90751,90751,-1,1,8771,2240,4,160,160,1
16,3,"[4, 2304, 0, 0, 0, 0, 0, 0, 0, 0, 0, 0, 0, 0, 0, 4, 0, 0, 0, 0, 0, 0, 0, 0, 0, 0, 0, 0, 0, 0]",5,128,2304.0,18436.0,5327733894,5327742409,5327742516,5327744819,0,86560,86560,-1,1,8515,2303,4,160,160,1
12,3,"[4, 2304, 0, 0, 0, 0, 0, 0, 0, 0, 0, 0, 0, 0, 0, 4, 2304, 0, 0, 0, 0, 0, 0, 0, 0, 0, 0, 0, 0, 0]",5,128,2304.0,27648.0,5327822941,5327831165,5327831379,5327833651,0,91326,91326,-1,1,8224,2272,4,160,160,1
12,3,"[4, 2304, 0, 0, 0, 0, 0, 0, 0, 0, 0, 0, 0, 0, 0, 4, 2304, 0, 0, 0, 0, 0, 0, 0, 0, 0, 0, 0, 0, 0]",5,128,2304.0,27648.0,5327916721,5327924616,5327924977,5327927217,0,87743,87743,-1,1,7895,2240,4,160,160,1
16,3,"[4, 2304, 1, 3, 3, 0, 0, 0, 0, 0, 0, 0, 0, 0, 0, 4, 0, 0, 0, 0, 0, 0, 0, 0, 0, 0, 0, 0, 0, 0]",41,128,20736.0,165892.0,5328006708,5328016853,5328014960,5328017392,0,90495,90495,-1,1,10145,2432,4,160,160,1
12,3,"[4, 2304, 1, 3, 3, 0, 0, 0, 0, 0, 0, 0, 0, 0, 0, 4, 2304, 1, 3, 3, 0, 0, 0, 0, 0, 0, 0, 0, 0, 0]",41,128,20736.0,248832.0,5328099266,5328107569,5328107887,5328110575,0,87807,87807,-1,1,8303,2688,4,160,160,1
12,3,"[4, 2304, 1, 3, 3, 0, 0, 0, 0, 0, 0, 0, 0, 0, 0, 4, 2304, 1, 3, 3, 0, 0, 0, 0, 0, 0, 0, 0, 0, 0]",41,128,20736.0,248832.0,5328190125,5328198071,5328198382,5328200814,0,87167,87167,-1,1,7946,2432,4,160,160,1
16,3,"[4, 2304, 0, 0, 0, 0, 0, 0, 0, 0, 0, 0, 0, 0, 0, 4, 0, 0, 0, 0, 0, 0, 0, 0, 0, 0, 0, 0, 0, 0]",5,128,2304.0,18436.0,5328279688,5328287803,5328287981,5328290221,0,87742,87742,-1,1,8115,2240,4,160,160,1
12,3,"[4, 2304, 0, 0, 0, 0, 0, 0, 0, 0, 0, 0, 0, 0, 0, 4, 2304, 0, 0, 0, 0, 0, 0, 0, 0, 0, 0, 0, 0, 0]",5,128,2304.0,27648.0,5328369521,5328377571,5328377963,5328380172,0,87454,87454,-1,1,8050,2209,4,160,160,1
12,3,"[4, 2304, 0, 0, 0, 0, 0, 0, 0, 0, 0, 0, 0, 0, 0, 4, 2304, 0, 0, 0, 0, 0, 0, 0, 0, 0, 0, 0, 0, 0]",5,128,2304.0,27648.0,5328459317,5328467296,5328467626,5328469866,0,87680,87680,-1,1,7979,2240,4,160,160,1
16,3,"[4, 2304, 0, 0, 0, 0, 0, 0, 0, 0, 0, 0, 0, 0, 0, 4, 0, 0, 0, 0, 0, 0, 0, 0, 0, 0, 0, 0, 0, 0]",5,128,2304.0,18436.0,5328549116,5328557339,5328557546,5328559689,0,88223,88223,-1,1,8223,2143,4,160,160,1
12,3,"[4, 2304, 0, 0, 0, 0, 0, 0, 0, 0, 0, 0, 0, 0, 0, 4, 2304, 0, 0, 0, 0, 0, 0, 0, 0, 0, 0, 0, 0, 0]",5,128,2304.0,27648.0,5328639416,5328647548,5328647912,5328650440,0,88415,88415,-1,1,8132,2528,4,160,160,1
12,3,"[4, 2304, 0, 0, 0, 0, 0, 0, 0, 0, 0, 0, 0, 0, 0, 4, 2304, 0, 0, 0, 0, 0, 0, 0, 0, 0, 0, 0, 0, 0]",5,128,2304.0,27648.0,5328730398,5328738483,5328738855,5328741095,0,89535,89535,-1,1,8085,2240,4,160,160,1
16,3,"[4, 96, 2304, 1, 1, 0, 0, 0, 0, 0, 0, 0, 0, 0, 0, 4, 0, 0, 0, 0, 0, 0, 0, 0, 0, 0, 0, 0, 0, 0]",432,128,221184.0,1769476.0,5328822254,5328830498,5328830630,5328837990,0,239677,239677,-1,1,8244,7360,4,160,160,1
12,3,"[4, 96, 2304, 1, 1, 0, 0, 0, 0, 0, 0, 0, 0, 0, 0, 4, 96, 2304, 1, 1, 0, 0, 0, 0, 0, 0, 0, 0, 0, 0]",432,128,221184.0,2654208.0,5329066030,5329077497,5329077667,5329084354,0,104543,104543,-1,1,11467,6687,4,160,160,1
12,3,"[4, 96, 2304, 1, 1, 0, 0, 0, 0, 0, 0, 0, 0, 0, 0, 4, 96, 2304, 1, 1, 0, 0, 0, 0, 0, 0, 0, 0, 0, 0]",432,128,221184.0,2654208.0,5329179296,5329191882,5329188897,5329196129,0,100479,100479,-1,1,12586,7232,4,160,160,1
16,3,"[4, 96, 0, 0, 0, 0, 0, 0, 0, 0, 0, 0, 0, 0, 0, 4, 0, 0, 0, 0, 0, 0, 0, 0, 0, 0, 0, 0, 0, 0]",1,128,96.0,772.0,5329286966,5329296675,5329296608,5329298752,0,94495,94495,-1,1,9709,2144,4,160,160,1
12,3,"[4, 96, 0, 0, 0, 0, 0, 0, 0, 0, 0, 0, 0, 0, 0, 4, 96, 0, 0, 0, 0, 0, 0, 0, 0, 0, 0, 0, 0, 0]",1,128,96.0,1152.0,5329384634,5329392989,5329393247,5329395455,0,91486,91486,-1,1,8355,2208,4,160,160,1
12,3,"[4, 96, 0, 0, 0, 0, 0, 0, 0, 0, 0, 0, 0, 0, 0, 4, 96, 0, 0, 0, 0, 0, 0, 0, 0, 0, 0, 0, 0, 0]",1,128,96.0,1152.0,5329478495,5329486620,5329486941,5329489085,0,95519,95519,-1,1,8125,2144,4,160,160,1
16,3,"[4, 2304, 96, 1, 1, 0, 0, 0, 0, 0, 0, 0, 0, 0, 0, 4, 0, 0, 0, 0, 0, 0, 0, 0, 0, 0, 0, 0, 0, 0]",432,128,221184.0,1769476.0,5329576107,5329584421,5329584604,5329592604,0,97663,97663,-1,1,8314,8000,4,160,160,1
12,3,"[4, 2304, 96, 1, 1, 0, 0, 0, 0, 0, 0, 0, 0, 0, 0, 4, 2304, 96, 1, 1, 0, 0, 0, 0, 0, 0, 0, 0, 0, 0]",432,128,221184.0,2654208.0,5329681215,5329689954,5329690267,5329696923,0,90687,90687,-1,1,8739,6656,4,160,160,1
12,3,"[4, 2304, 96, 1, 1, 0, 0, 0, 0, 0, 0, 0, 0, 0, 0, 4, 2304, 96, 1, 1, 0, 0, 0, 0, 0, 0, 0, 0, 0, 0]",432,128,221184.0,2654208.0,5329779154,5329787260,5329787610,5329794714,0,90110,90110,-1,1,8106,7104,4,160,160,1
16,3,"[4, 2304, 0, 0, 0, 0, 0, 0, 0, 0, 0, 0, 0, 0, 0, 4, 0, 0, 0, 0, 0, 0, 0, 0, 0, 0, 0, 0, 0, 0]",5,128,2304.0,18436.0,5329876523,5329884781,5329884824,5329887129,0,91710,91710,-1,1,8258,2305,4,160,160,1
12,3,"[4, 2304, 0, 0, 0, 0, 0, 0, 0, 0, 0, 0, 0, 0, 0, 4, 2304, 0, 0, 0, 0, 0, 0, 0, 0, 0, 0, 0, 0, 0]",5,128,2304.0,27648.0,5329970111,5329978274,5329978839,5329981239,0,95775,95775,-1,1,8163,2400,4,160,160,1
12,3,"[4, 2304, 0, 0, 0, 0, 0, 0, 0, 0, 0, 0, 0, 0, 0, 4, 2304, 0, 0, 0, 0, 0, 0, 0, 0, 0, 0, 0, 0, 0]",5,128,2304.0,27648.0,5330067693,5330076038,5330077014,5330079350,0,95455,95455,-1,1,8345,2336,4,160,160,1
16,3,"[4, 384, 2304, 1, 1, 0, 0, 0, 0, 0, 0, 0, 0, 0, 0, 4, 0, 0, 0, 0, 0, 0, 0, 0, 0, 0, 0, 0, 0, 0]",1728,128,884736.0,7077892.0,5330166261,5330174637,5330174805,5330204757,0,67070,67070,-1,1,8376,29952,4,160,160,1
12,3,"[4, 384, 2304, 1, 1, 0, 0, 0, 0, 0, 0, 0, 0, 0, 0, 4, 384, 2304, 1, 1, 0, 0, 0, 0, 0, 0, 0, 0, 0, 0]",1728,128,884736.0,10616832.0,5330262748,5330272960,5330271827,5330315059,0,54495,54495,-1,1,10212,43232,4,160,160,1
12,3,"[4, 384, 2304, 1, 1, 0, 0, 0, 0, 0, 0, 0, 0, 0, 0, 4, 384, 2304, 1, 1, 0, 0, 0, 0, 0, 0, 0, 0, 0, 0]",1728,128,884736.0,10616832.0,5330360367,5330369245,5330369554,5330414738,0,51071,51071,-1,1,8878,45184,4,160,160,1
16,3,"[4, 384, 0, 0, 0, 0, 0, 0, 0, 0, 0, 0, 0, 0, 0, 4, 0, 0, 0, 0, 0, 0, 0, 0, 0, 0, 0, 0, 0, 0]",1,128,384.0,3076.0,5330457001,5330465874,5330465809,5330468465,0,89375,89375,-1,1,8873,2656,4,160,160,1
12,3,"[4, 384, 0, 0, 0, 0, 0, 0, 0, 0, 0, 0, 0, 0, 0, 4, 384, 0, 0, 0, 0, 0, 0, 0, 0, 0, 0, 0, 0, 0]",1,128,384.0,4608.0,5330548899,5330556986,5330557840,5330560496,0,86879,86879,-1,1,8087,2656,4,160,160,1
12,3,"[4, 384, 0, 0, 0, 0, 0, 0, 0, 0, 0, 0, 0, 0, 0, 4, 384, 0, 0, 0, 0, 0, 0, 0, 0, 0, 0, 0, 0, 0]",1,128,384.0,4608.0,5330638744,5330646620,5330647375,5330649679,0,88767,88767,-1,1,7876,2304,4,160,160,1
16,3,"[4, 384, 0, 0, 0, 0, 0, 0, 0, 0, 0, 0, 0, 0, 0, 4, 0, 0, 0, 0, 0, 0, 0, 0, 0, 0, 0, 0, 0, 0]",1,128,384.0,3076.0,5330729621,5330737908,5330738446,5330740622,0,88958,88958,-1,1,8287,2176,4,160,160,1
12,3,"[4, 384, 0, 0, 0, 0, 0, 0, 0, 0, 0, 0, 0, 0, 0, 4, 384, 0, 0, 0, 0, 0, 0, 0, 0, 0, 0, 0, 0, 0]",1,128,384.0,4608.0,5330820809,5330829200,5330829580,5330831853,0,89182,89182,-1,1,8391,2273,4,160,160,1
12,3,"[4, 384, 0, 0, 0, 0, 0, 0, 0, 0, 0, 0, 0, 0, 0, 4, 384, 0, 0, 0, 0, 0, 0, 0, 0, 0, 0, 0, 0, 0]",1,128,384.0,4608.0,5330912837,5330920627,5330921035,5330923371,0,92031,92031,-1,1,7790,2336,4,160,160,1
16,3,"[4, 2304, 384, 1, 1, 0, 0, 0, 0, 0, 0, 0, 0, 0, 0, 4, 0, 0, 0, 0, 0, 0, 0, 0, 0, 0, 0, 0, 0, 0]",1728,128,884736.0,7077892.0,5331006789,5331015408,5331015402,5331044842,0,66911,66911,-1,1,8619,29440,4,160,160,1
12,3,"[4, 2304, 384, 1, 1, 0, 0, 0, 0, 0, 0, 0, 0, 0, 0, 4, 2304, 384, 1, 1, 0, 0, 0, 0, 0, 0, 0, 0, 0, 0]",1728,128,884736.0,10616832.0,5331103262,5331111407,5331111753,5331155560,0,51231,51231,-1,1,8145,43807,4,160,160,1
12,3,"[4, 2304, 384, 1, 1, 0, 0, 0, 0, 0, 0, 0, 0, 0, 0, 4, 2304, 384, 1, 1, 0, 0, 0, 0, 0, 0, 0, 0, 0, 0]",1728,128,884736.0,10616832.0,5331198672,5331206383,5331206791,5331252711,0,51231,51231,-1,1,7711,45920,4,160,160,1
16,3,"[4, 2304, 0, 0, 0, 0, 0, 0, 0, 0, 0, 0, 0, 0, 0, 4, 0, 0, 0, 0, 0, 0, 0, 0, 0, 0, 0, 0, 0, 0]",5,128,2304.0,18436.0,5331295332,5331303765,5331303942,5331306567,0,91326,91326,-1,1,8433,2625,4,160,160,1
12,3,"[4, 2304, 0, 0, 0, 0, 0, 0, 0, 0, 0, 0, 0, 0, 0, 4, 2304, 0, 0, 0, 0, 0, 0, 0, 0, 0, 0, 0, 0, 0]",5,128,2304.0,27648.0,5331389509,5331397549,5331397893,5331400549,0,90015,90015,-1,1,8040,2656,4,160,160,1
12,3,"[4, 2304, 0, 0, 0, 0, 0, 0, 0, 0, 0, 0, 0, 0, 0, 4, 2304, 0, 0, 0, 0, 0, 0, 0, 0, 0, 0, 0, 0, 0]",5,128,2304.0,27648.0,5331482411,5331490229,5331490564,5331492836,0,91391,91391,-1,1,7818,2272,4,160,160,1
16,3,"[4, 2304, 0, 0, 0, 0, 0, 0, 0, 0, 0, 0, 0, 0, 0, 4, 0, 0, 0, 0, 0, 0, 0, 0, 0, 0, 0, 0, 0, 0]",5,128,2304.0,18436.0,5331575894,5331584142,5331584227,5331586499,0,90655,90655,-1,1,8248,2272,4,160,160,1
12,3,"[4, 2304, 0, 0, 0, 0, 0, 0, 0, 0, 0, 0, 0, 0, 0, 4, 2304, 0, 0, 0, 0, 0, 0, 0, 0, 0, 0, 0, 0, 0]",5,128,2304.0,27648.0,5331668902,5331676858,5331677154,5331679522,0,90783,90783,-1,1,7956,2368,4,160,160,1
12,3,"[4, 2304, 0, 0, 0, 0, 0, 0, 0, 0, 0, 0, 0, 0, 0, 4, 2304, 0, 0, 0, 0, 0, 0, 0, 0, 0, 0, 0, 0, 0]",5,128,2304.0,27648.0,5331762177,5331770216,5331770305,5331772512,0,92447,92447,-1,1,8039,2207,4,160,160,1
16,3,"[4, 2304, 1, 3, 3, 0, 0, 0, 0, 0, 0, 0, 0, 0, 0, 4, 0, 0, 0, 0, 0, 0, 0, 0, 0, 0, 0, 0, 0, 0]",41,128,20736.0,165892.0,5331856559,5331864799,5331864959,5331867423,0,90975,90975,-1,1,8240,2464,4,160,160,1
12,3,"[4, 2304, 1, 3, 3, 0, 0, 0, 0, 0, 0, 0, 0, 0, 0, 4, 2304, 1, 3, 3, 0, 0, 0, 0, 0, 0, 0, 0, 0, 0]",41,128,20736.0,248832.0,5331950078,5331957962,5331958398,5331961118,0,94431,94431,-1,1,7884,2720,4,160,160,1
12,3,"[4, 2304, 1, 3, 3, 0, 0, 0, 0, 0, 0, 0, 0, 0, 0, 4, 2304, 1, 3, 3, 0, 0, 0, 0, 0, 0, 0, 0, 0, 0]",41,128,20736.0,248832.0,5332047231,5332055101,5332055549,5332058237,0,92287,92287,-1,1,7870,2688,4,160,160,1
16,3,"[4, 2304, 0, 0, 0, 0, 0, 0, 0, 0, 0, 0, 0, 0, 0, 4, 0, 0, 0, 0, 0, 0, 0, 0, 0, 0, 0, 0, 0, 0]",5,128,2304.0,18436.0,5332141945,5332150224,5332150524,5332152764,0,90271,90271,-1,1,8279,2240,4,160,160,1
12,3,"[4, 2304, 0, 0, 0, 0, 0, 0, 0, 0, 0, 0, 0, 0, 0, 4, 2304, 0, 0, 0, 0, 0, 0, 0, 0, 0, 0, 0, 0, 0]",5,128,2304.0,27648.0,5332234699,5332242688,5332243035,5332245370,0,92159,92159,-1,1,7989,2335,4,160,160,1
12,3,"[4, 2304, 0, 0, 0, 0, 0, 0, 0, 0, 0, 0, 0, 0, 0, 4, 2304, 0, 0, 0, 0, 0, 0, 0, 0, 0, 0, 0, 0, 0]",5,128,2304.0,27648.0,5332328954,5332337188,5332337529,5332339833,0,91967,91967,-1,1,8234,2304,4,160,160,1
16,3,"[4, 2304, 0, 0, 0, 0, 0, 0, 0, 0, 0, 0, 0, 0, 0, 4, 0, 0, 0, 0, 0, 0, 0, 0, 0, 0, 0, 0, 0, 0]",5,128,2304.0,18436.0,5332422679,5332431660,5332431800,5332434008,0,90719,90719,-1,1,8981,2208,4,160,160,1
12,3,"[4, 2304, 0, 0, 0, 0, 0, 0, 0, 0, 0, 0, 0, 0, 0, 4, 2304, 0, 0, 0, 0, 0, 0, 0, 0, 0, 0, 0, 0, 0]",5,128,2304.0,27648.0,5332515905,5332524178,5332524727,5332526999,0,89567,89567,-1,1,8273,2272,4,160,160,1
12,3,"[4, 2304, 0, 0, 0, 0, 0, 0, 0, 0, 0, 0, 0, 0, 0, 4, 2304, 0, 0, 0, 0, 0, 0, 0, 0, 0, 0, 0, 0, 0]",5,128,2304.0,27648.0,5332608246,5332616315,5332616566,5332618934,0,93055,93055,-1,1,8069,2368,4,160,160,1
16,3,"[4, 96, 2304, 1, 1, 0, 0, 0, 0, 0, 0, 0, 0, 0, 0, 4, 0, 0, 0, 0, 0, 0, 0, 0, 0, 0, 0, 0, 0, 0]",432,128,221184.0,1769476.0,5332703614,5332712124,5332711989,5332718869,0,92574,92574,-1,1,8510,6880,4,160,160,1
12,3,"[4, 96, 2304, 1, 1, 0, 0, 0, 0, 0, 0, 0, 0, 0, 0, 4, 96, 2304, 1, 1, 0, 0, 0, 0, 0, 0, 0, 0, 0, 0]",432,128,221184.0,2654208.0,5332802745,5332811078,5332811443,5332818035,0,87679,87679,-1,1,8333,6592,4,160,160,1
12,3,"[4, 96, 2304, 1, 1, 0, 0, 0, 0, 0, 0, 0, 0, 0, 0, 4, 96, 2304, 1, 1, 0, 0, 0, 0, 0, 0, 0, 0, 0, 0]",432,128,221184.0,2654208.0,5332897434,5332905560,5332905714,5332912594,0,88191,88191,-1,1,8126,6880,4,160,160,1
16,3,"[4, 96, 0, 0, 0, 0, 0, 0, 0, 0, 0, 0, 0, 0, 0, 4, 0, 0, 0, 0, 0, 0, 0, 0, 0, 0, 0, 0, 0, 0]",1,128,96.0,772.0,5332992082,5333000760,5333000785,5333002929,0,276988,276988,-1,1,8678,2144,4,160,160,1
12,3,"[4, 96, 0, 0, 0, 0, 0, 0, 0, 0, 0, 0, 0, 0, 0, 4, 96, 0, 0, 0, 0, 0, 0, 0, 0, 0, 0, 0, 0, 0]",1,128,96.0,1152.0,5333268381,5333279961,5333279917,5333282062,0,98334,98334,-1,1,11580,2145,4,160,160,1
12,3,"[4, 96, 0, 0, 0, 0, 0, 0, 0, 0, 0, 0, 0, 0, 0, 4, 96, 0, 0, 0, 0, 0, 0, 0, 0, 0, 0, 0, 0, 0]",1,128,96.0,1152.0,5333371366,5333380170,5333380396,5333382540,0,98271,98271,-1,1,8804,2144,4,160,160,1
16,3,"[4, 2304, 96, 1, 1, 0, 0, 0, 0, 0, 0, 0, 0, 0, 0, 4, 0, 0, 0, 0, 0, 0, 0, 0, 0, 0, 0, 0, 0, 0]",432,128,221184.0,1769476.0,5333471663,5333480800,5333480811,5333488779,0,89950,89950,-1,1,9137,7968,4,160,160,1
12,3,"[4, 2304, 96, 1, 1, 0, 0, 0, 0, 0, 0, 0, 0, 0, 0, 4, 2304, 96, 1, 1, 0, 0, 0, 0, 0, 0, 0, 0, 0, 0]",432,128,221184.0,2654208.0,5333569728,5333578625,5333578729,5333585161,0,96543,96543,-1,1,8897,6432,4,160,160,1
12,3,"[4, 2304, 96, 1, 1, 0, 0, 0, 0, 0, 0, 0, 0, 0, 0, 4, 2304, 96, 1, 1, 0, 0, 0, 0, 0, 0, 0, 0, 0, 0]",432,128,221184.0,2654208.0,5333672670,5333681371,5333681704,5333688872,0,88895,88895,-1,1,8701,7168,4,160,160,1
16,3,"[4, 2304, 0, 0, 0, 0, 0, 0, 0, 0, 0, 0, 0, 0, 0, 4, 0, 0, 0, 0, 0, 0, 0, 0, 0, 0, 0, 0, 0, 0]",5,128,2304.0,18436.0,5333769073,5333777606,5333777767,5333780071,0,90431,90431,-1,1,8533,2304,4,160,160,1
12,3,"[4, 2304, 0, 0, 0, 0, 0, 0, 0, 0, 0, 0, 0, 0, 0, 4, 2304, 0, 0, 0, 0, 0, 0, 0, 0, 0, 0, 0, 0, 0]",5,128,2304.0,27648.0,5333861926,5333870201,5333870502,5333872742,0,91615,91615,-1,1,8275,2240,4,160,160,1
12,3,"[4, 2304, 0, 0, 0, 0, 0, 0, 0, 0, 0, 0, 0, 0, 0, 4, 2304, 0, 0, 0, 0, 0, 0, 0, 0, 0, 0, 0, 0, 0]",5,128,2304.0,27648.0,5333955618,5333964075,5333964357,5333966693,0,93375,93375,-1,1,8457,2336,4,160,160,1
16,3,"[4, 384, 2304, 1, 1, 0, 0, 0, 0, 0, 0, 0, 0, 0, 0, 4, 0, 0, 0, 0, 0, 0, 0, 0, 0, 0, 0, 0, 0, 0]",1728,128,884736.0,7077892.0,5334051326,5334059875,5334060068,5334090243,0,64031,64031,-1,1,8549,30175,4,160,160,1
12,3,"[4, 384, 2304, 1, 1, 0, 0, 0, 0, 0, 0, 0, 0, 0, 0, 4, 384, 2304, 1, 1, 0, 0, 0, 0, 0, 0, 0, 0, 0, 0]",1728,128,884736.0,10616832.0,5334145977,5334153951,5334154274,5334197090,0,50303,50303,-1,1,7974,42816,4,160,160,1
12,3,"[4, 384, 2304, 1, 1, 0, 0, 0, 0, 0, 0, 0, 0, 0, 0, 4, 384, 2304, 1, 1, 0, 0, 0, 0, 0, 0, 0, 0, 0, 0]",1728,128,884736.0,10616832.0,5334239087,5334246956,5334247393,5334292417,0,51487,51487,-1,1,7869,45024,4,160,160,1
16,3,"[4, 384, 0, 0, 0, 0, 0, 0, 0, 0, 0, 0, 0, 0, 0, 4, 0, 0, 0, 0, 0, 0, 0, 0, 0, 0, 0, 0, 0, 0]",1,128,384.0,3076.0,5334335117,5334343877,5334343904,5334346560,0,90719,90719,-1,1,8760,2656,4,160,160,1
12,3,"[4, 384, 0, 0, 0, 0, 0, 0, 0, 0, 0, 0, 0, 0, 0, 4, 384, 0, 0, 0, 0, 0, 0, 0, 0, 0, 0, 0, 0, 0]",1,128,384.0,4608.0,5334428932,5334437118,5334437279,5334439967,0,91102,91102,-1,1,8186,2688,4,160,160,1
12,3,"[4, 384, 0, 0, 0, 0, 0, 0, 0, 0, 0, 0, 0, 0, 0, 4, 384, 0, 0, 0, 0, 0, 0, 0, 0, 0, 0, 0, 0, 0]",1,128,384.0,4608.0,5334522773,5334530578,5334531069,5334533277,0,93311,93311,-1,1,7805,2208,4,160,160,1
16,3,"[4, 384, 0, 0, 0, 0, 0, 0, 0, 0, 0, 0, 0, 0, 0, 4, 0, 0, 0, 0, 0, 0, 0, 0, 0, 0, 0, 0, 0, 0]",1,128,384.0,3076.0,5334617783,5334626420,5334626588,5334628924,0,91615,91615,-1,1,8637,2336,4,160,160,1
12,3,"[4, 384, 0, 0, 0, 0, 0, 0, 0, 0, 0, 0, 0, 0, 0, 4, 384, 0, 0, 0, 0, 0, 0, 0, 0, 0, 0, 0, 0, 0]",1,128,384.0,4608.0,5334712150,5334720222,5334720539,5334722811,0,87583,87583,-1,1,8072,2272,4,160,160,1
12,3,"[4, 384, 0, 0, 0, 0, 0, 0, 0, 0, 0, 0, 0, 0, 0, 4, 384, 0, 0, 0, 0, 0, 0, 0, 0, 0, 0, 0, 0, 0]",1,128,384.0,4608.0,5334802085,5334810063,5334810394,5334812634,0,91711,91711,-1,1,7978,2240,4,160,160,1
16,3,"[4, 2304, 384, 1, 1, 0, 0, 0, 0, 0, 0, 0, 0, 0, 0, 4, 0, 0, 0, 0, 0, 0, 0, 0, 0, 0, 0, 0, 0, 0]",1728,128,884736.0,7077892.0,5334895542,5334904154,5334904345,5334932984,0,63519,63519,-1,1,8612,28639,4,160,160,1
12,3,"[4, 2304, 384, 1, 1, 0, 0, 0, 0, 0, 0, 0, 0, 0, 0, 4, 2304, 384, 1, 1, 0, 0, 0, 0, 0, 0, 0, 0, 0, 0]",1728,128,884736.0,10616832.0,5334988191,5334996199,5334996503,5335039799,0,47711,47711,-1,1,8008,43296,4,160,160,1
12,3,"[4, 2304, 384, 1, 1, 0, 0, 0, 0, 0, 0, 0, 0, 0, 0, 4, 2304, 384, 1, 1, 0, 0, 0, 0, 0, 0, 0, 0, 0, 0]",1728,128,884736.0,10616832.0,5335079154,5335087241,5335087510,5335132918,0,42207,42207,-1,1,8087,45408,4,160,160,1
16,3,"[4, 2304, 0, 0, 0, 0, 0, 0, 0, 0, 0, 0, 0, 0, 0, 4, 0, 0, 0, 0, 0, 0, 0, 0, 0, 0, 0, 0, 0, 0]",5,128,2304.0,18436.0,5335166556,5335174980,5335175125,5335177685,0,87039,87039,-1,1,8424,2560,4,160,160,1
12,3,"[4, 2304, 0, 0, 0, 0, 0, 0, 0, 0, 0, 0, 0, 0, 0, 4, 2304, 0, 0, 0, 0, 0, 0, 0, 0, 0, 0, 0, 0, 0]",5,128,2304.0,27648.0,5335256657,5335264470,5335264724,5335267380,0,86815,86815,-1,1,7813,2656,4,160,160,1
12,3,"[4, 2304, 0, 0, 0, 0, 0, 0, 0, 0, 0, 0, 0, 0, 0, 4, 2304, 0, 0, 0, 0, 0, 0, 0, 0, 0, 0, 0, 0, 0]",5,128,2304.0,27648.0,5335345773,5335353802,5335354195,5335356499,0,86783,86783,-1,1,8029,2304,4,160,160,1
16,3,"[4, 2304, 0, 0, 0, 0, 0, 0, 0, 0, 0, 0, 0, 0, 0, 4, 0, 0, 0, 0, 0, 0, 0, 0, 0, 0, 0, 0, 0, 0]",5,128,2304.0,18436.0,5335434467,5335443139,5335443282,5335445554,0,86431,86431,-1,1,8672,2272,4,160,160,1
12,3,"[4, 2304, 0, 0, 0, 0, 0, 0, 0, 0, 0, 0, 0, 0, 0, 4, 2304, 0, 0, 0, 0, 0, 0, 0, 0, 0, 0, 0, 0, 0]",5,128,2304.0,27648.0,5335523838,5335533762,5335531985,5335534417,0,89279,89279,-1,1,9924,2432,4,160,160,1
12,3,"[4, 2304, 0, 0, 0, 0, 0, 0, 0, 0, 0, 0, 0, 0, 0, 4, 2304, 0, 0, 0, 0, 0, 0, 0, 0, 0, 0, 0, 0, 0]",5,128,2304.0,27648.0,5335615471,5335623388,5335623696,5335625968,0,87582,87582,-1,1,7917,2272,4,160,160,1
16,3,"[4, 2304, 1, 3, 3, 0, 0, 0, 0, 0, 0, 0, 0, 0, 0, 4, 0, 0, 0, 0, 0, 0, 0, 0, 0, 0, 0, 0, 0, 0]",41,128,20736.0,165892.0,5335705133,5335713381,5335713550,5335716014,0,87711,87711,-1,1,8248,2464,4,160,160,1
12,3,"[4, 2304, 1, 3, 3, 0, 0, 0, 0, 0, 0, 0, 0, 0, 0, 4, 2304, 1, 3, 3, 0, 0, 0, 0, 0, 0, 0, 0, 0, 0]",41,128,20736.0,248832.0,5335795379,5335803388,5335803725,5335806414,0,86206,86206,-1,1,8009,2689,4,160,160,1
12,3,"[4, 2304, 1, 3, 3, 0, 0, 0, 0, 0, 0, 0, 0, 0, 0, 4, 2304, 1, 3, 3, 0, 0, 0, 0, 0, 0, 0, 0, 0, 0]",41,128,20736.0,248832.0,5335884679,5335892648,5335892620,5335895020,0,87135,87135,-1,1,7969,2400,4,160,160,1
16,3,"[4, 2304, 0, 0, 0, 0, 0, 0, 0, 0, 0, 0, 0, 0, 0, 4, 0, 0, 0, 0, 0, 0, 0, 0, 0, 0, 0, 0, 0, 0]",5,128,2304.0,18436.0,5335973384,5335982128,5335982155,5335984363,0,87071,87071,-1,1,8744,2208,4,160,160,1
12,3,"[4, 2304, 0, 0, 0, 0, 0, 0, 0, 0, 0, 0, 0, 0, 0, 4, 2304, 0, 0, 0, 0, 0, 0, 0, 0, 0, 0, 0, 0, 0]",5,128,2304.0,27648.0,5336063070,5336071213,5336071434,5336073770,0,86303,86303,-1,1,8143,2336,4,160,160,1
12,3,"[4, 2304, 0, 0, 0, 0, 0, 0, 0, 0, 0, 0, 0, 0, 0, 4, 2304, 0, 0, 0, 0, 0, 0, 0, 0, 0, 0, 0, 0, 0]",5,128,2304.0,27648.0,5336151942,5336159724,5336160073,5336162377,0,101438,101438,-1,1,7782,2304,4,160,160,1
16,3,"[4, 2304, 0, 0, 0, 0, 0, 0, 0, 0, 0, 0, 0, 0, 0, 4, 0, 0, 0, 0, 0, 0, 0, 0, 0, 0, 0, 0, 0, 0]",5,128,2304.0,18436.0,5336254074,5336263786,5336263815,5336266023,0,89791,89791,-1,1,9712,2208,4,160,160,1
12,3,"[4, 2304, 0, 0, 0, 0, 0, 0, 0, 0, 0, 0, 0, 0, 0, 4, 2304, 0, 0, 0, 0, 0, 0, 0, 0, 0, 0, 0, 0, 0]",5,128,2304.0,27648.0,5336347575,5336355598,5336355814,5336358150,0,88703,88703,-1,1,8023,2336,4,160,160,1
12,3,"[4, 2304, 0, 0, 0, 0, 0, 0, 0, 0, 0, 0, 0, 0, 0, 4, 2304, 0, 0, 0, 0, 0, 0, 0, 0, 0, 0, 0, 0, 0]",5,128,2304.0,27648.0,5336438636,5336446964,5336446853,5336449125,0,90335,90335,-1,1,8328,2272,4,160,160,1
16,3,"[4, 96, 2304, 1, 1, 0, 0, 0, 0, 0, 0, 0, 0, 0, 0, 4, 0, 0, 0, 0, 0, 0, 0, 0, 0, 0, 0, 0, 0, 0]",432,128,221184.0,1769476.0,5336530562,5336541490,5336539460,5336546660,0,87711,87711,-1,1,10928,7200,4,160,160,1
12,3,"[4, 96, 2304, 1, 1, 0, 0, 0, 0, 0, 0, 0, 0, 0, 0, 4, 96, 2304, 1, 1, 0, 0, 0, 0, 0, 0, 0, 0, 0, 0]",432,128,221184.0,2654208.0,5336625983,5336634121,5336634371,5336640899,0,85439,85439,-1,1,8138,6528,4,160,160,1
12,3,"[4, 96, 2304, 1, 1, 0, 0, 0, 0, 0, 0, 0, 0, 0, 0, 4, 96, 2304, 1, 1, 0, 0, 0, 0, 0, 0, 0, 0, 0, 0]",432,128,221184.0,2654208.0,5336718044,5336726046,5336726338,5336733729,0,82719,82719,-1,1,8002,7391,4,160,160,1
16,3,"[4, 96, 0, 0, 0, 0, 0, 0, 0, 0, 0, 0, 0, 0, 0, 4, 0, 0, 0, 0, 0, 0, 0, 0, 0, 0, 0, 0, 0, 0]",1,128,96.0,772.0,5336807812,5336816196,5336816448,5336818625,0,87519,87519,-1,1,8384,2177,4,160,160,1
12,3,"[4, 96, 0, 0, 0, 0, 0, 0, 0, 0, 0, 0, 0, 0, 0, 4, 96, 0, 0, 0, 0, 0, 0, 0, 0, 0, 0, 0, 0, 0]",1,128,96.0,1152.0,5336897810,5336905756,5336906144,5336908319,0,86751,86751,-1,1,7946,2175,4,160,160,1
12,3,"[4, 96, 0, 0, 0, 0, 0, 0, 0, 0, 0, 0, 0, 0, 0, 4, 96, 0, 0, 0, 0, 0, 0, 0, 0, 0, 0, 0, 0, 0]",1,128,96.0,1152.0,5336986916,5336994621,5336995070,5336997246,0,234909,234909,-1,1,7705,2176,4,160,160,1
16,3,"[4, 2304, 96, 1, 1, 0, 0, 0, 0, 0, 0, 0, 0, 0, 0, 4, 0, 0, 0, 0, 0, 0, 0, 0, 0, 0, 0, 0, 0, 0]",432,128,221184.0,1769476.0,5337220713,5337232187,5337232155,5337240091,0,95711,95711,-1,1,11474,7936,4,160,160,1
12,3,"[4, 2304, 96, 1, 1, 0, 0, 0, 0, 0, 0, 0, 0, 0, 0, 4, 2304, 96, 1, 1, 0, 0, 0, 0, 0, 0, 0, 0, 0, 0]",432,128,221184.0,2654208.0,5337326196,5337335842,5337335802,5337342490,0,85343,85343,-1,1,9646,6688,4,160,160,1
12,3,"[4, 2304, 96, 1, 1, 0, 0, 0, 0, 0, 0, 0, 0, 0, 0, 4, 2304, 96, 1, 1, 0, 0, 0, 0, 0, 0, 0, 0, 0, 0]",432,128,221184.0,2654208.0,5337419300,5337427497,5337427833,5337435065,0,83838,83838,-1,1,8197,7232,4,160,160,1
16,3,"[4, 2304, 0, 0, 0, 0, 0, 0, 0, 0, 0, 0, 0, 0, 0, 4, 0, 0, 0, 0, 0, 0, 0, 0, 0, 0, 0, 0, 0, 0]",5,128,2304.0,18436.0,5337510256,5337518656,5337518903,5337521143,0,87296,87296,-1,1,8400,2240,4,160,160,1
12,3,"[4, 2304, 0, 0, 0, 0, 0, 0, 0, 0, 0, 0, 0, 0, 0, 4, 2304, 0, 0, 0, 0, 0, 0, 0, 0, 0, 0, 0, 0, 0]",5,128,2304.0,27648.0,5337600015,5337608287,5337608439,5337610774,0,106783,106783,-1,1,8272,2335,4,160,160,1
12,3,"[4, 2304, 0, 0, 0, 0, 0, 0, 0, 0, 0, 0, 0, 0, 0, 4, 2304, 0, 0, 0, 0, 0, 0, 0, 0, 0, 0, 0, 0, 0]",5,128,2304.0,27648.0,5337707388,5337720063,5337717557,5337719957,0,98783,98783,-1,1,12675,2400,4,160,160,1
16,3,"[4, 640, 2304, 1, 1, 0, 0, 0, 0, 0, 0, 0, 0, 0, 0, 4, 0, 0, 0, 0, 0, 0, 0, 0, 0, 0, 0, 0, 0, 0]",2880,128,1474560.0,11796484.0,5337809197,5337818481,5337818740,5337868755,0,44256,44256,-1,1,9284,50015,4,160,160,1
12,3,"[4, 640, 2304, 1, 1, 0, 0, 0, 0, 0, 0, 0, 0, 0, 0, 4, 640, 2304, 1, 1, 0, 0, 0, 0, 0, 0, 0, 0, 0, 0]",2880,128,1474560.0,17694720.0,5337904820,5337912656,5337913011,5337988466,0,19839,19839,-1,1,7836,75455,4,160,160,1
12,3,"[4, 640, 2304, 1, 1, 0, 0, 0, 0, 0, 0, 0, 0, 0, 0, 4, 640, 2304, 1, 1, 0, 0, 0, 0, 0, 0, 0, 0, 0, 0]",2880,128,1474560.0,17694720.0,5337999811,5338007983,5338008305,5338084048,0,19488,19488,-1,1,8172,75743,4,160,160,1
16,3,"[4, 640, 0, 0, 0, 0, 0, 0, 0, 0, 0, 0, 0, 0, 0, 4, 0, 0, 0, 0, 0, 0, 0, 0, 0, 0, 0, 0, 0, 0]",2,128,640.0,5124.0,5338095020,5338103327,5338103536,5338106032,0,90751,90751,-1,1,8307,2496,4,160,160,1
12,3,"[4, 640, 0, 0, 0, 0, 0, 0, 0, 0, 0, 0, 0, 0, 0, 4, 640, 0, 0, 0, 0, 0, 0, 0, 0, 0, 0, 0, 0, 0]",2,128,640.0,7680.0,5338188213,5338196548,5338196783,5338199279,0,90559,90559,-1,1,8335,2496,4,160,160,1
12,3,"[4, 640, 0, 0, 0, 0, 0, 0, 0, 0, 0, 0, 0, 0, 0, 4, 640, 0, 0, 0, 0, 0, 0, 0, 0, 0, 0, 0, 0, 0]",2,128,640.0,7680.0,5338281431,5338289512,5338289838,5338292078,0,91135,91135,-1,1,8081,2240,4,160,160,1
16,3,"[4, 640, 0, 0, 0, 0, 0, 0, 0, 0, 0, 0, 0, 0, 0, 4, 0, 0, 0, 0, 0, 0, 0, 0, 0, 0, 0, 0, 0, 0]",2,128,640.0,5124.0,5338374315,5338382959,5338383213,5338385357,0,87775,87775,-1,1,8644,2144,4,160,160,1
12,3,"[4, 640, 0, 0, 0, 0, 0, 0, 0, 0, 0, 0, 0, 0, 0, 4, 640, 0, 0, 0, 0, 0, 0, 0, 0, 0, 0, 0, 0, 0]",2,128,640.0,7680.0,5338464973,5338472862,5338473132,5338475339,0,88479,88479,-1,1,7889,2207,4,160,160,1
12,3,"[4, 640, 0, 0, 0, 0, 0, 0, 0, 0, 0, 0, 0, 0, 0, 4, 640, 0, 0, 0, 0, 0, 0, 0, 0, 0, 0, 0, 0, 0]",2,128,640.0,7680.0,5338555654,5338563553,5338563818,5338566090,0,90207,90207,-1,1,7899,2272,4,160,160,1
16,3,"[4, 3840, 640, 1, 1, 0, 0, 0, 0, 0, 0, 0, 0, 0, 0, 4, 0, 0, 0, 0, 0, 0, 0, 0, 0, 0, 0, 0, 0, 0]",4800,128,2457600.0,19660804.0,5338647795,5338655977,5338656297,5338739144,0,10752,10752,-1,1,8182,82847,4,160,160,1
12,3,"[4, 3840, 640, 1, 1, 0, 0, 0, 0, 0, 0, 0, 0, 0, 0, 4, 3840, 640, 1, 1, 0, 0, 0, 0, 0, 0, 0, 0, 0, 0]",4800,128,2457600.0,29491200.0,5338741710,5338751453,5338749896,5338873862,0,609,609,-1,1,9743,123966,4,160,160,1
12,3,"[4, 3840, 640, 1, 1, 0, 0, 0, 0, 0, 0, 0, 0, 0, 0, 4, 3840, 640, 1, 1, 0, 0, 0, 0, 0, 0, 0, 0, 0, 0]",4800,128,2457600.0,29491200.0,5338835696,5338844820,5338874471,5338998213,0,608,608,-1,1,9124,123742,4,160,160,1
16,3,"[4, 3840, 0, 0, 0, 0, 0, 0, 0, 0, 0, 0, 0, 0, 0, 4, 0, 0, 0, 0, 0, 0, 0, 0, 0, 0, 0, 0, 0, 0]",8,128,3840.0,30724.0,5338928716,5338937171,5338998821,5339001541,0,26463,26463,-1,1,8455,2720,4,160,160,1
12,3,"[4, 3840, 0, 0, 0, 0, 0, 0, 0, 0, 0, 0, 0, 0, 0, 4, 3840, 0, 0, 0, 0, 0, 0, 0, 0, 0, 0, 0, 0, 0]",8,128,3840.0,46080.0,5339019368,5339027506,5339028004,5339030724,0,86687,86687,-1,1,8138,2720,4,160,160,1
12,3,"[4, 3840, 0, 0, 0, 0, 0, 0, 0, 0, 0, 0, 0, 0, 0, 4, 3840, 0, 0, 0, 0, 0, 0, 0, 0, 0, 0, 0, 0, 0]",8,128,3840.0,46080.0,5339108631,5339117045,5339117411,5339119651,0,88639,88639,-1,1,8414,2240,4,160,160,1
16,3,"[4, 3840, 0, 0, 0, 0, 0, 0, 0, 0, 0, 0, 0, 0, 0, 4, 0, 0, 0, 0, 0, 0, 0, 0, 0, 0, 0, 0, 0, 0]",8,128,3840.0,30724.0,5339199894,5339208494,5339208290,5339210530,0,88767,88767,-1,1,8600,2240,4,160,160,1
12,3,"[4, 3840, 0, 0, 0, 0, 0, 0, 0, 0, 0, 0, 0, 0, 0, 4, 3840, 0, 0, 0, 0, 0, 0, 0, 0, 0, 0, 0, 0, 0]",8,128,3840.0,46080.0,5339290814,5339299003,5339299297,5339301697,0,86879,86879,-1,1,8189,2400,4,160,160,1
12,3,"[4, 3840, 0, 0, 0, 0, 0, 0, 0, 0, 0, 0, 0, 0, 0, 4, 3840, 0, 0, 0, 0, 0, 0, 0, 0, 0, 0, 0, 0, 0]",8,128,3840.0,46080.0,5339380325,5339388228,5339388576,5339390976,0,90463,90463,-1,1,7903,2400,4,160,160,1
16,3,"[4, 3840, 1, 3, 3, 0, 0, 0, 0, 0, 0, 0, 0, 0, 0, 4, 0, 0, 0, 0, 0, 0, 0, 0, 0, 0, 0, 0, 0, 0]",68,128,34560.0,276484.0,5339473273,5339481221,5339481439,5339484351,0,88286,88286,-1,1,7948,2912,4,160,160,1
12,3,"[4, 3840, 1, 3, 3, 0, 0, 0, 0, 0, 0, 0, 0, 0, 0, 4, 3840, 1, 3, 3, 0, 0, 0, 0, 0, 0, 0, 0, 0, 0]",68,128,34560.0,414720.0,5339564443,5339572373,5339572637,5339576062,0,86174,86174,-1,1,7930,3425,4,160,160,1
12,3,"[4, 3840, 1, 3, 3, 0, 0, 0, 0, 0, 0, 0, 0, 0, 0, 4, 3840, 1, 3, 3, 0, 0, 0, 0, 0, 0, 0, 0, 0, 0]",68,128,34560.0,414720.0,5339654282,5339661901,5339662236,5339665212,0,88991,88991,-1,1,7619,2976,4,160,160,1
16,3,"[4, 3840, 0, 0, 0, 0, 0, 0, 0, 0, 0, 0, 0, 0, 0, 4, 0, 0, 0, 0, 0, 0, 0, 0, 0, 0, 0, 0, 0, 0]",8,128,3840.0,30724.0,5339745867,5339756026,5339754203,5339756507,0,91391,91391,-1,1,10159,2304,4,160,160,1
12,3,"[4, 3840, 0, 0, 0, 0, 0, 0, 0, 0, 0, 0, 0, 0, 0, 4, 3840, 0, 0, 0, 0, 0, 0, 0, 0, 0, 0, 0, 0, 0]",8,128,3840.0,46080.0,5339839735,5339847552,5339847898,5339850202,0,88447,88447,-1,1,7817,2304,4,160,160,1
12,3,"[4, 3840, 0, 0, 0, 0, 0, 0, 0, 0, 0, 0, 0, 0, 0, 4, 3840, 0, 0, 0, 0, 0, 0, 0, 0, 0, 0, 0, 0, 0]",8,128,3840.0,46080.0,5339930370,5339938346,5339938649,5339940889,0,87807,87807,-1,1,7976,2240,4,160,160,1
16,3,"[4, 3840, 0, 0, 0, 0, 0, 0, 0, 0, 0, 0, 0, 0, 0, 4, 0, 0, 0, 0, 0, 0, 0, 0, 0, 0, 0, 0, 0, 0]",8,128,3840.0,30724.0,5340020105,5340028494,5340028696,5340031064,0,89023,89023,-1,1,8389,2368,4,160,160,1
12,3,"[4, 3840, 0, 0, 0, 0, 0, 0, 0, 0, 0, 0, 0, 0, 0, 4, 3840, 0, 0, 0, 0, 0, 0, 0, 0, 0, 0, 0, 0, 0]",8,128,3840.0,46080.0,5340111666,5340119793,5340120087,5340122423,0,88862,88862,-1,1,8127,2336,4,160,160,1
12,3,"[4, 3840, 0, 0, 0, 0, 0, 0, 0, 0, 0, 0, 0, 0, 0, 4, 3840, 0, 0, 0, 0, 0, 0, 0, 0, 0, 0, 0, 0, 0]",8,128,3840.0,46080.0,5340202975,5340210985,5340211285,5340213718,0,89598,89598,-1,1,8010,2433,4,160,160,1
16,3,"[4, 160, 3840, 1, 1, 0, 0, 0, 0, 0, 0, 0, 0, 0, 0, 4, 0, 0, 0, 0, 0, 0, 0, 0, 0, 0, 0, 0, 0, 0]",1200,128,614400.0,4915204.0,5340294586,5340303168,5340303316,5340323348,0,76095,76095,-1,1,8582,20032,4,160,160,1
12,3,"[4, 160, 3840, 1, 1, 0, 0, 0, 0, 0, 0, 0, 0, 0, 0, 4, 160, 3840, 1, 1, 0, 0, 0, 0, 0, 0, 0, 0, 0, 0]",1200,128,614400.0,7372800.0,5340391044,5340399048,5340399443,5340418035,0,73247,73247,-1,1,8004,18592,4,160,160,1
12,3,"[4, 160, 3840, 1, 1, 0, 0, 0, 0, 0, 0, 0, 0, 0, 0, 4, 160, 3840, 1, 1, 0, 0, 0, 0, 0, 0, 0, 0, 0, 0]",1200,128,614400.0,7372800.0,5340482928,5340490947,5340491282,5340512913,0,68992,68992,-1,1,8019,21631,4,160,160,1
16,3,"[4, 160, 0, 0, 0, 0, 0, 0, 0, 0, 0, 0, 0, 0, 0, 4, 0, 0, 0, 0, 0, 0, 0, 0, 0, 0, 0, 0, 0, 0]",1,128,160.0,1284.0,5340573473,5340581730,5340581905,5340584369,0,87327,87327,-1,1,8257,2464,4,160,160,1
12,3,"[4, 160, 0, 0, 0, 0, 0, 0, 0, 0, 0, 0, 0, 0, 0, 4, 160, 0, 0, 0, 0, 0, 0, 0, 0, 0, 0, 0, 0, 0]",1,128,160.0,1920.0,5340663213,5340671330,5340671696,5340674096,0,87070,87070,-1,1,8117,2400,4,160,160,1
12,3,"[4, 160, 0, 0, 0, 0, 0, 0, 0, 0, 0, 0, 0, 0, 0, 4, 160, 0, 0, 0, 0, 0, 0, 0, 0, 0, 0, 0, 0, 0]",1,128,160.0,1920.0,5340753149,5340763080,5340761166,5340763470,0,93183,93183,-1,1,9931,2304,4,160,160,1
16,3,"[4, 3840, 160, 1, 1, 0, 0, 0, 0, 0, 0, 0, 0, 0, 0, 4, 0, 0, 0, 0, 0, 0, 0, 0, 0, 0, 0, 0, 0, 0]",1200,128,614400.0,4915204.0,5340848113,5340856547,5340856653,5340878221,0,72511,72511,-1,1,8434,21568,4,160,160,1
12,3,"[4, 3840, 160, 1, 1, 0, 0, 0, 0, 0, 0, 0, 0, 0, 0, 4, 3840, 160, 1, 1, 0, 0, 0, 0, 0, 0, 0, 0, 0, 0]",1200,128,614400.0,7372800.0,5340942390,5340950447,5340950732,5340969804,0,216765,216765,-1,1,8057,19072,4,160,160,1
12,3,"[4, 3840, 160, 1, 1, 0, 0, 0, 0, 0, 0, 0, 0, 0, 0, 4, 3840, 160, 1, 1, 0, 0, 0, 0, 0, 0, 0, 0, 0, 0]",1200,128,614400.0,7372800.0,5341175654,5341186468,5341186569,5341209673,0,83455,83455,-1,1,10814,23104,4,160,160,1
16,3,"[4, 3840, 0, 0, 0, 0, 0, 0, 0, 0, 0, 0, 0, 0, 0, 4, 0, 0, 0, 0, 0, 0, 0, 0, 0, 0, 0, 0, 0, 0]",8,128,3840.0,30724.0,5341283339,5341293130,5341293128,5341295720,0,91678,91678,-1,1,9791,2592,4,160,160,1
12,3,"[4, 3840, 0, 0, 0, 0, 0, 0, 0, 0, 0, 0, 0, 0, 0, 4, 3840, 0, 0, 0, 0, 0, 0, 0, 0, 0, 0, 0, 0, 0]",8,128,3840.0,46080.0,5341378541,5341387117,5341387398,5341389958,0,89215,89215,-1,1,8576,2560,4,160,160,1
12,3,"[4, 3840, 0, 0, 0, 0, 0, 0, 0, 0, 0, 0, 0, 0, 0, 4, 3840, 0, 0, 0, 0, 0, 0, 0, 0, 0, 0, 0, 0, 0]",8,128,3840.0,46080.0,5341470503,5341478777,5341479173,5341481541,0,90047,90047,-1,1,8274,2368,4,160,160,1
16,3,"[4, 640, 3840, 1, 1, 0, 0, 0, 0, 0, 0, 0, 0, 0, 0, 4, 0, 0, 0, 0, 0, 0, 0, 0, 0, 0, 0, 0, 0, 0]",4800,128,2457600.0,19660804.0,5341562792,5341571424,5341571588,5341655107,0,18176,18176,-1,1,8632,83519,4,160,160,1
12,3,"[4, 640, 3840, 1, 1, 0, 0, 0, 0, 0, 0, 0, 0, 0, 0, 4, 640, 3840, 1, 1, 0, 0, 0, 0, 0, 0, 0, 0, 0, 0]",4800,128,2457600.0,29491200.0,5341664033,5341673004,5341673283,5341796737,0,704,704,-1,1,8971,123454,4,160,160,1
12,3,"[4, 640, 3840, 1, 1, 0, 0, 0, 0, 0, 0, 0, 0, 0, 0, 4, 640, 3840, 1, 1, 0, 0, 0, 0, 0, 0, 0, 0, 0, 0]",4800,128,2457600.0,29491200.0,5341758942,5341767769,5341797441,5341920416,0,608,608,-1,1,8827,122975,4,160,160,1
16,3,"[4, 640, 0, 0, 0, 0, 0, 0, 0, 0, 0, 0, 0, 0, 0, 4, 0, 0, 0, 0, 0, 0, 0, 0, 0, 0, 0, 0, 0, 0]",2,128,640.0,5124.0,5341853595,5341862435,5341921024,5341923680,0,31839,31839,-1,1,8840,2656,4,160,160,1
12,3,"[4, 640, 0, 0, 0, 0, 0, 0, 0, 0, 0, 0, 0, 0, 0, 4, 640, 0, 0, 0, 0, 0, 0, 0, 0, 0, 0, 0, 0, 0]",2,128,640.0,7680.0,5341946841,5341955144,5341955519,5341958015,0,89215,89215,-1,1,8303,2496,4,160,160,1
12,3,"[4, 640, 0, 0, 0, 0, 0, 0, 0, 0, 0, 0, 0, 0, 0, 4, 640, 0, 0, 0, 0, 0, 0, 0, 0, 0, 0, 0, 0, 0]",2,128,640.0,7680.0,5342039022,5342047051,5342047230,5342049406,0,89151,89151,-1,1,8029,2176,4,160,160,1
16,3,"[4, 640, 0, 0, 0, 0, 0, 0, 0, 0, 0, 0, 0, 0, 0, 4, 0, 0, 0, 0, 0, 0, 0, 0, 0, 0, 0, 0, 0, 0]",2,128,640.0,5124.0,5342130313,5342138344,5342138557,5342140765,0,86367,86367,-1,1,8031,2208,4,160,160,1
12,3,"[4, 640, 0, 0, 0, 0, 0, 0, 0, 0, 0, 0, 0, 0, 0, 4, 640, 0, 0, 0, 0, 0, 0, 0, 0, 0, 0, 0, 0, 0]",2,128,640.0,7680.0,5342218985,5342226782,5342227132,5342229500,0,88831,88831,-1,1,7797,2368,4,160,160,1
12,3,"[4, 640, 0, 0, 0, 0, 0, 0, 0, 0, 0, 0, 0, 0, 0, 4, 640, 0, 0, 0, 0, 0, 0, 0, 0, 0, 0, 0, 0, 0]",2,128,640.0,7680.0,5342310213,5342318048,5342318331,5342320571,0,90526,90526,-1,1,7835,2240,4,160,160,1
16,3,"[4, 3840, 640, 1, 1, 0, 0, 0, 0, 0, 0, 0, 0, 0, 0, 4, 0, 0, 0, 0, 0, 0, 0, 0, 0, 0, 0, 0, 0, 0]",4800,128,2457600.0,19660804.0,5342402603,5342410887,5342411097,5342493144,0,13472,13472,-1,1,8284,82047,4,160,160,1
12,3,"[4, 3840, 640, 1, 1, 0, 0, 0, 0, 0, 0, 0, 0, 0, 0, 4, 3840, 640, 1, 1, 0, 0, 0, 0, 0, 0, 0, 0, 0, 0]",4800,128,2457600.0,29491200.0,5342498105,5342506322,5342506616,5342631799,0,704,704,-1,1,8217,125183,4,160,160,1
12,3,"[4, 3840, 640, 1, 1, 0, 0, 0, 0, 0, 0, 0, 0, 0, 0, 4, 3840, 640, 1, 1, 0, 0, 0, 0, 0, 0, 0, 0, 0, 0]",4800,128,2457600.0,29491200.0,5342590164,5342598527,5342632503,5342755893,0,640,640,-1,1,8363,123390,4,160,160,1
16,3,"[4, 3840, 0, 0, 0, 0, 0, 0, 0, 0, 0, 0, 0, 0, 0, 4, 0, 0, 0, 0, 0, 0, 0, 0, 0, 0, 0, 0, 0, 0]",8,128,3840.0,30724.0,5342682013,5342690561,5342756533,5342759349,0,21248,21248,-1,1,8548,2816,4,160,160,1
12,3,"[4, 3840, 0, 0, 0, 0, 0, 0, 0, 0, 0, 0, 0, 0, 0, 4, 3840, 0, 0, 0, 0, 0, 0, 0, 0, 0, 0, 0, 0, 0]",8,128,3840.0,46080.0,5342772404,5342780265,5342780597,5342783285,0,87551,87551,-1,1,7861,2688,4,160,160,1
12,3,"[4, 3840, 0, 0, 0, 0, 0, 0, 0, 0, 0, 0, 0, 0, 0, 4, 3840, 0, 0, 0, 0, 0, 0, 0, 0, 0, 0, 0, 0, 0]",8,128,3840.0,46080.0,5342862512,5342870462,5342870836,5342873236,0,89055,89055,-1,1,7950,2400,4,160,160,1
16,3,"[4, 3840, 0, 0, 0, 0, 0, 0, 0, 0, 0, 0, 0, 0, 0, 4, 0, 0, 0, 0, 0, 0, 0, 0, 0, 0, 0, 0, 0, 0]",8,128,3840.0,30724.0,5342953696,5342962165,5342962291,5342964658,0,88960,88960,-1,1,8469,2367,4,160,160,1
12,3,"[4, 3840, 0, 0, 0, 0, 0, 0, 0, 0, 0, 0, 0, 0, 0, 4, 3840, 0, 0, 0, 0, 0, 0, 0, 0, 0, 0, 0, 0, 0]",8,128,3840.0,46080.0,5343045519,5343053362,5343053618,5343056049,0,86975,86975,-1,1,7843,2431,4,160,160,1
12,3,"[4, 3840, 0, 0, 0, 0, 0, 0, 0, 0, 0, 0, 0, 0, 0, 4, 3840, 0, 0, 0, 0, 0, 0, 0, 0, 0, 0, 0, 0, 0]",8,128,3840.0,46080.0,5343134915,5343142739,5343143024,5343145328,0,90751,90751,-1,1,7824,2304,4,160,160,1
16,3,"[4, 3840, 1, 3, 3, 0, 0, 0, 0, 0, 0, 0, 0, 0, 0, 4, 0, 0, 0, 0, 0, 0, 0, 0, 0, 0, 0, 0, 0, 0]",68,128,34560.0,276484.0,5343227569,5343235816,5343236079,5343238735,0,89503,89503,-1,1,8247,2656,4,160,160,1
12,3,"[4, 3840, 1, 3, 3, 0, 0, 0, 0, 0, 0, 0, 0, 0, 0, 4, 3840, 1, 3, 3, 0, 0, 0, 0, 0, 0, 0, 0, 0, 0]",68,128,34560.0,414720.0,5343320048,5343328005,5343328238,5343331662,0,88351,88351,-1,1,7957,3424,4,160,160,1
12,3,"[4, 3840, 1, 3, 3, 0, 0, 0, 0, 0, 0, 0, 0, 0, 0, 4, 3840, 1, 3, 3, 0, 0, 0, 0, 0, 0, 0, 0, 0, 0]",68,128,34560.0,414720.0,5343411604,5343419693,5343420013,5343422733,0,89567,89567,-1,1,8089,2720,4,160,160,1
16,3,"[4, 3840, 0, 0, 0, 0, 0, 0, 0, 0, 0, 0, 0, 0, 0, 4, 0, 0, 0, 0, 0, 0, 0, 0, 0, 0, 0, 0, 0, 0]",8,128,3840.0,30724.0,5343503320,5343512063,5343512300,5343514604,0,88190,88190,-1,1,8743,2304,4,160,160,1
12,3,"[4, 3840, 0, 0, 0, 0, 0, 0, 0, 0, 0, 0, 0, 0, 0, 4, 3840, 0, 0, 0, 0, 0, 0, 0, 0, 0, 0, 0, 0, 0]",8,128,3840.0,46080.0,5343594564,5343602435,5343602794,5343605098,0,87135,87135,-1,1,7871,2304,4,160,160,1
12,3,"[4, 3840, 0, 0, 0, 0, 0, 0, 0, 0, 0, 0, 0, 0, 0, 4, 3840, 0, 0, 0, 0, 0, 0, 0, 0, 0, 0, 0, 0, 0]",8,128,3840.0,46080.0,5343684035,5343691951,5343692233,5343694441,0,89791,89791,-1,1,7916,2208,4,160,160,1
16,3,"[4, 3840, 0, 0, 0, 0, 0, 0, 0, 0, 0, 0, 0, 0, 0, 4, 0, 0, 0, 0, 0, 0, 0, 0, 0, 0, 0, 0, 0, 0]",8,128,3840.0,30724.0,5343775446,5343784006,5343784232,5343786504,0,88511,88511,-1,1,8560,2272,4,160,160,1
12,3,"[4, 3840, 0, 0, 0, 0, 0, 0, 0, 0, 0, 0, 0, 0, 0, 4, 3840, 0, 0, 0, 0, 0, 0, 0, 0, 0, 0, 0, 0, 0]",8,128,3840.0,46080.0,5343866638,5343874668,5343875015,5343877383,0,90911,90911,-1,1,8030,2368,4,160,160,1
12,3,"[4, 3840, 0, 0, 0, 0, 0, 0, 0, 0, 0, 0, 0, 0, 0, 4, 3840, 0, 0, 0, 0, 0, 0, 0, 0, 0, 0, 0, 0, 0]",8,128,3840.0,46080.0,5343960133,5343967941,5343968294,5343970534,0,91422,91422,-1,1,7808,2240,4,160,160,1
16,3,"[4, 160, 3840, 1, 1, 0, 0, 0, 0, 0, 0, 0, 0, 0, 0, 4, 0, 0, 0, 0, 0, 0, 0, 0, 0, 0, 0, 0, 0, 0]",1200,128,614400.0,4915204.0,5344053311,5344061644,5344061956,5344082052,0,72159,72159,-1,1,8333,20096,4,160,160,1
12,3,"[4, 160, 3840, 1, 1, 0, 0, 0, 0, 0, 0, 0, 0, 0, 0, 4, 160, 3840, 1, 1, 0, 0, 0, 0, 0, 0, 0, 0, 0, 0]",1200,128,614400.0,7372800.0,5344145629,5344153908,5344154211,5344173187,0,71807,71807,-1,1,8279,18976,4,160,160,1
12,3,"[4, 160, 3840, 1, 1, 0, 0, 0, 0, 0, 0, 0, 0, 0, 0, 4, 160, 3840, 1, 1, 0, 0, 0, 0, 0, 0, 0, 0, 0, 0]",1200,128,614400.0,7372800.0,5344237039,5344244945,5344244994,5344267554,0,72191,72191,-1,1,7906,22560,4,160,160,1
16,3,"[4, 160, 0, 0, 0, 0, 0, 0, 0, 0, 0, 0, 0, 0, 0, 4, 0, 0, 0, 0, 0, 0, 0, 0, 0, 0, 0, 0, 0, 0]",1,128,160.0,1284.0,5344331169,5344339563,5344339745,5344342273,0,90975,90975,-1,1,8394,2528,4,160,160,1
12,3,"[4, 160, 0, 0, 0, 0, 0, 0, 0, 0, 0, 0, 0, 0, 0, 4, 160, 0, 0, 0, 0, 0, 0, 0, 0, 0, 0, 0, 0, 0]",1,128,160.0,1920.0,5344424512,5344432911,5344433248,5344435680,0,89279,89279,-1,1,8399,2432,4,160,160,1
12,3,"[4, 160, 0, 0, 0, 0, 0, 0, 0, 0, 0, 0, 0, 0, 0, 4, 160, 0, 0, 0, 0, 0, 0, 0, 0, 0, 0, 0, 0, 0]",1,128,160.0,1920.0,5344516772,5344524605,5344524959,5344527167,0,90526,90526,-1,1,7833,2208,4,160,160,1
16,3,"[4, 3840, 160, 1, 1, 0, 0, 0, 0, 0, 0, 0, 0, 0, 0, 4, 0, 0, 0, 0, 0, 0, 0, 0, 0, 0, 0, 0, 0, 0]",1200,128,614400.0,4915204.0,5344608954,5344617492,5344617693,5344638589,0,71391,71391,-1,1,8538,20896,4,160,160,1
12,3,"[4, 3840, 160, 1, 1, 0, 0, 0, 0, 0, 0, 0, 0, 0, 0, 4, 3840, 160, 1, 1, 0, 0, 0, 0, 0, 0, 0, 0, 0, 0]",1200,128,614400.0,7372800.0,5344701693,5344709709,5344709980,5344729276,0,73823,73823,-1,1,8016,19296,4,160,160,1
12,3,"[4, 3840, 160, 1, 1, 0, 0, 0, 0, 0, 0, 0, 0, 0, 0, 4, 3840, 160, 1, 1, 0, 0, 0, 0, 0, 0, 0, 0, 0, 0]",1200,128,614400.0,7372800.0,5344794886,5344802881,5344803099,5344825851,0,67807,67807,-1,1,7995,22752,4,160,160,1
16,3,"[4, 3840, 0, 0, 0, 0, 0, 0, 0, 0, 0, 0, 0, 0, 0, 4, 0, 0, 0, 0, 0, 0, 0, 0, 0, 0, 0, 0, 0, 0]",8,128,3840.0,30724.0,5344885092,5344893421,5344893658,5344896378,0,233949,233949,-1,1,8329,2720,4,160,160,1
12,3,"[4, 3840, 0, 0, 0, 0, 0, 0, 0, 0, 0, 0, 0, 0, 0, 4, 3840, 0, 0, 0, 0, 0, 0, 0, 0, 0, 0, 0, 0, 0]",8,128,3840.0,46080.0,5345119682,5345130277,5345130327,5345132983,0,101279,101279,-1,1,10595,2656,4,160,160,1
12,3,"[4, 3840, 0, 0, 0, 0, 0, 0, 0, 0, 0, 0, 0, 0, 0, 4, 3840, 0, 0, 0, 0, 0, 0, 0, 0, 0, 0, 0, 0, 0]",8,128,3840.0,46080.0,5345225076,5345234219,5345234262,5345236566,0,95423,95423,-1,1,9143,2304,4,160,160,1
16,3,"[4, 640, 3840, 1, 1, 0, 0, 0, 0, 0, 0, 0, 0, 0, 0, 4, 0, 0, 0, 0, 0, 0, 0, 0, 0, 0, 0, 0, 0, 0]",4800,128,2457600.0,19660804.0,5345323104,5345331902,5345331989,5345414995,0,10624,10624,-1,1,8798,83006,4,160,160,1
12,3,"[4, 640, 3840, 1, 1, 0, 0, 0, 0, 0, 0, 0, 0, 0, 0, 4, 640, 3840, 1, 1, 0, 0, 0, 0, 0, 0, 0, 0, 0, 0]",4800,128,2457600.0,29491200.0,5345416888,5345425567,5345425619,5345549298,0,608,608,-1,1,8679,123679,4,160,160,1
12,3,"[4, 640, 3840, 1, 1, 0, 0, 0, 0, 0, 0, 0, 0, 0, 0, 4, 640, 3840, 1, 1, 0, 0, 0, 0, 0, 0, 0, 0, 0, 0]",4800,128,2457600.0,29491200.0,5345510416,5345519203,5345549906,5345674448,0,640,640,-1,1,8787,124542,4,160,160,1
16,3,"[4, 640, 0, 0, 0, 0, 0, 0, 0, 0, 0, 0, 0, 0, 0, 4, 0, 0, 0, 0, 0, 0, 0, 0, 0, 0, 0, 0, 0, 0]",2,128,640.0,5124.0,5345603749,5345612868,5345675088,5345677744,0,37920,37920,-1,1,9119,2656,4,160,160,1
12,3,"[4, 640, 0, 0, 0, 0, 0, 0, 0, 0, 0, 0, 0, 0, 0, 4, 640, 0, 0, 0, 0, 0, 0, 0, 0, 0, 0, 0, 0, 0]",2,128,640.0,7680.0,5345706413,5345715351,5345715664,5345718256,0,89886,89886,-1,1,8938,2592,4,160,160,1
12,3,"[4, 640, 0, 0, 0, 0, 0, 0, 0, 0, 0, 0, 0, 0, 0, 4, 640, 0, 0, 0, 0, 0, 0, 0, 0, 0, 0, 0, 0, 0]",2,128,640.0,7680.0,5345799688,5345807718,5345808142,5345810414,0,91551,91551,-1,1,8030,2272,4,160,160,1
16,3,"[4, 640, 0, 0, 0, 0, 0, 0, 0, 0, 0, 0, 0, 0, 0, 4, 0, 0, 0, 0, 0, 0, 0, 0, 0, 0, 0, 0, 0, 0]",2,128,640.0,5124.0,5345893165,5345901743,5345901965,5345904173,0,90143,90143,-1,1,8578,2208,4,160,160,1
12,3,"[4, 640, 0, 0, 0, 0, 0, 0, 0, 0, 0, 0, 0, 0, 0, 4, 640, 0, 0, 0, 0, 0, 0, 0, 0, 0, 0, 0, 0, 0]",2,128,640.0,7680.0,5345986030,5345993871,5345994316,5345996908,0,87391,87391,-1,1,7841,2592,4,160,160,1
12,3,"[4, 640, 0, 0, 0, 0, 0, 0, 0, 0, 0, 0, 0, 0, 0, 4, 640, 0, 0, 0, 0, 0, 0, 0, 0, 0, 0, 0, 0, 0]",2,128,640.0,7680.0,5346076259,5346086227,5346084299,5346086539,0,95167,95167,-1,1,9968,2240,4,160,160,1
16,3,"[4, 3840, 640, 1, 1, 0, 0, 0, 0, 0, 0, 0, 0, 0, 0, 4, 0, 0, 0, 0, 0, 0, 0, 0, 0, 0, 0, 0, 0, 0]",4800,128,2457600.0,19660804.0,5346173043,5346181500,5346181706,5346265001,0,11103,11103,-1,1,8457,83295,4,160,160,1
12,3,"[4, 3840, 640, 1, 1, 0, 0, 0, 0, 0, 0, 0, 0, 0, 0, 4, 3840, 640, 1, 1, 0, 0, 0, 0, 0, 0, 0, 0, 0, 0]",4800,128,2457600.0,29491200.0,5346267792,5346275745,5346276104,5346399591,0,608,608,-1,1,7953,123487,4,160,160,1
12,3,"[4, 3840, 640, 1, 1, 0, 0, 0, 0, 0, 0, 0, 0, 0, 0, 4, 3840, 640, 1, 1, 0, 0, 0, 0, 0, 0, 0, 0, 0, 0]",4800,128,2457600.0,29491200.0,5346361892,5346370609,5346400199,5346524165,0,704,704,-1,1,8717,123966,4,160,160,1
16,3,"[4, 3840, 0, 0, 0, 0, 0, 0, 0, 0, 0, 0, 0, 0, 0, 4, 0, 0, 0, 0, 0, 0, 0, 0, 0, 0, 0, 0, 0, 0]",8,128,3840.0,30724.0,5346456673,5346465855,5346524869,5346527557,0,30528,30528,-1,1,9182,2688,4,160,160,1
12,3,"[4, 3840, 0, 0, 0, 0, 0, 0, 0, 0, 0, 0, 0, 0, 0, 4, 3840, 0, 0, 0, 0, 0, 0, 0, 0, 0, 0, 0, 0, 0]",8,128,3840.0,46080.0,5346550086,5346557771,5346558085,5346560869,0,92831,92831,-1,1,7685,2784,4,160,160,1
12,3,"[4, 3840, 0, 0, 0, 0, 0, 0, 0, 0, 0, 0, 0, 0, 0, 4, 3840, 0, 0, 0, 0, 0, 0, 0, 0, 0, 0, 0, 0, 0]",8,128,3840.0,46080.0,5346645568,5346653406,5346653700,5346656100,0,91039,91039,-1,1,7838,2400,4,160,160,1
16,3,"[4, 3840, 0, 0, 0, 0, 0, 0, 0, 0, 0, 0, 0, 0, 0, 4, 0, 0, 0, 0, 0, 0, 0, 0, 0, 0, 0, 0, 0, 0]",8,128,3840.0,30724.0,5346738353,5346746840,5346747139,5346749475,0,90654,90654,-1,1,8487,2336,4,160,160,1
12,3,"[4, 3840, 0, 0, 0, 0, 0, 0, 0, 0, 0, 0, 0, 0, 0, 4, 3840, 0, 0, 0, 0, 0, 0, 0, 0, 0, 0, 0, 0, 0]",8,128,3840.0,46080.0,5346831891,5346839763,5346840129,5346842561,0,89983,89983,-1,1,7872,2432,4,160,160,1
12,3,"[4, 3840, 0, 0, 0, 0, 0, 0, 0, 0, 0, 0, 0, 0, 0, 4, 3840, 0, 0, 0, 0, 0, 0, 0, 0, 0, 0, 0, 0, 0]",8,128,3840.0,46080.0,5346924360,5346932358,5346932544,5346935200,0,94047,94047,-1,1,7998,2656,4,160,160,1
16,3,"[4, 3840, 1, 3, 3, 0, 0, 0, 0, 0, 0, 0, 0, 0, 0, 4, 0, 0, 0, 0, 0, 0, 0, 0, 0, 0, 0, 0, 0, 0]",68,128,34560.0,276484.0,5347019780,5347029167,5347029247,5347031935,0,90815,90815,-1,1,9387,2688,4,160,160,1
12,3,"[4, 3840, 1, 3, 3, 0, 0, 0, 0, 0, 0, 0, 0, 0, 0, 4, 3840, 1, 3, 3, 0, 0, 0, 0, 0, 0, 0, 0, 0, 0]",68,128,34560.0,414720.0,5347114490,5347124823,5347122750,5347126046,0,94367,94367,-1,1,10333,3296,4,160,160,1
12,3,"[4, 3840, 1, 3, 3, 0, 0, 0, 0, 0, 0, 0, 0, 0, 0, 4, 3840, 1, 3, 3, 0, 0, 0, 0, 0, 0, 0, 0, 0, 0]",68,128,34560.0,414720.0,5347211784,5347220079,5347220413,5347223132,0,93343,93343,-1,1,8295,2719,4,160,160,1
16,3,"[4, 3840, 0, 0, 0, 0, 0, 0, 0, 0, 0, 0, 0, 0, 0, 4, 0, 0, 0, 0, 0, 0, 0, 0, 0, 0, 0, 0, 0, 0]",8,128,3840.0,30724.0,5347307326,5347316501,5347316475,5347318747,0,91039,91039,-1,1,9175,2272,4,160,160,1
12,3,"[4, 3840, 0, 0, 0, 0, 0, 0, 0, 0, 0, 0, 0, 0, 0, 4, 3840, 0, 0, 0, 0, 0, 0, 0, 0, 0, 0, 0, 0, 0]",8,128,3840.0,46080.0,5347401458,5347409561,5347409786,5347412218,0,90623,90623,-1,1,8103,2432,4,160,160,1
12,3,"[4, 3840, 0, 0, 0, 0, 0, 0, 0, 0, 0, 0, 0, 0, 0, 4, 3840, 0, 0, 0, 0, 0, 0, 0, 0, 0, 0, 0, 0, 0]",8,128,3840.0,46080.0,5347494713,5347502498,5347502841,5347505081,0,90879,90879,-1,1,7785,2240,4,160,160,1
16,3,"[4, 3840, 0, 0, 0, 0, 0, 0, 0, 0, 0, 0, 0, 0, 0, 4, 0, 0, 0, 0, 0, 0, 0, 0, 0, 0, 0, 0, 0, 0]",8,128,3840.0,30724.0,5347587382,5347595765,5347595960,5347598328,0,91646,91646,-1,1,8383,2368,4,160,160,1
12,3,"[4, 3840, 0, 0, 0, 0, 0, 0, 0, 0, 0, 0, 0, 0, 0, 4, 3840, 0, 0, 0, 0, 0, 0, 0, 0, 0, 0, 0, 0, 0]",8,128,3840.0,46080.0,5347681349,5347689969,5347689974,5347692374,0,89120,89120,-1,1,8620,2400,4,160,160,1
12,3,"[4, 3840, 0, 0, 0, 0, 0, 0, 0, 0, 0, 0, 0, 0, 0, 4, 3840, 0, 0, 0, 0, 0, 0, 0, 0, 0, 0, 0, 0, 0]",8,128,3840.0,46080.0,5347773533,5347781207,5347781494,5347783734,0,92350,92350,-1,1,7674,2240,4,160,160,1
16,3,"[4, 160, 3840, 1, 1, 0, 0, 0, 0, 0, 0, 0, 0, 0, 0, 4, 0, 0, 0, 0, 0, 0, 0, 0, 0, 0, 0, 0, 0, 0]",1200,128,614400.0,4915204.0,5347867780,5347875896,5347876084,5347896532,0,73247,73247,-1,1,8116,20448,4,160,160,1
12,3,"[4, 160, 3840, 1, 1, 0, 0, 0, 0, 0, 0, 0, 0, 0, 0, 4, 160, 3840, 1, 1, 0, 0, 0, 0, 0, 0, 0, 0, 0, 0]",1200,128,614400.0,7372800.0,5347960810,5347969561,5347969779,5347988659,0,75071,75071,-1,1,8751,18880,4,160,160,1
12,3,"[4, 160, 3840, 1, 1, 0, 0, 0, 0, 0, 0, 0, 0, 0, 0, 4, 160, 3840, 1, 1, 0, 0, 0, 0, 0, 0, 0, 0, 0, 0]",1200,128,614400.0,7372800.0,5348055060,5348063397,5348063730,5348086001,0,72576,72576,-1,1,8337,22271,4,160,160,1
16,3,"[4, 160, 0, 0, 0, 0, 0, 0, 0, 0, 0, 0, 0, 0, 0, 4, 0, 0, 0, 0, 0, 0, 0, 0, 0, 0, 0, 0, 0, 0]",1,128,160.0,1284.0,5348149408,5348160505,5348158577,5348161073,0,93470,93470,-1,1,11097,2496,4,160,160,1
12,3,"[4, 160, 0, 0, 0, 0, 0, 0, 0, 0, 0, 0, 0, 0, 0, 4, 160, 0, 0, 0, 0, 0, 0, 0, 0, 0, 0, 0, 0, 0]",1,128,160.0,1920.0,5348246062,5348254204,5348254543,5348256943,0,90239,90239,-1,1,8142,2400,4,160,160,1
12,3,"[4, 160, 0, 0, 0, 0, 0, 0, 0, 0, 0, 0, 0, 0, 0, 4, 160, 0, 0, 0, 0, 0, 0, 0, 0, 0, 0, 0, 0, 0]",1,128,160.0,1920.0,5348338928,5348346892,5348347182,5348349518,0,95487,95487,-1,1,7964,2336,4,160,160,1
16,3,"[4, 3840, 160, 1, 1, 0, 0, 0, 0, 0, 0, 0, 0, 0, 0, 4, 0, 0, 0, 0, 0, 0, 0, 0, 0, 0, 0, 0, 0, 0]",1200,128,614400.0,4915204.0,5348435487,5348444831,5348445005,5348466765,0,72543,72543,-1,1,9344,21760,4,160,160,1
12,3,"[4, 3840, 160, 1, 1, 0, 0, 0, 0, 0, 0, 0, 0, 0, 0, 4, 3840, 160, 1, 1, 0, 0, 0, 0, 0, 0, 0, 0, 0, 0]",1200,128,614400.0,7372800.0,5348530829,5348538997,5348539308,5348558220,0,77439,77439,-1,1,8168,18912,4,160,160,1
12,3,"[4, 3840, 160, 1, 1, 0, 0, 0, 0, 0, 0, 0, 0, 0, 0, 4, 3840, 160, 1, 1, 0, 0, 0, 0, 0, 0, 0, 0, 0, 0]",1200,128,614400.0,7372800.0,5348626871,5348635329,5348635659,5348657450,0,72319,72319,-1,1,8458,21791,4,160,160,1
16,3,"[4, 3840, 0, 0, 0, 0, 0, 0, 0, 0, 0, 0, 0, 0, 0, 4, 0, 0, 0, 0, 0, 0, 0, 0, 0, 0, 0, 0, 0, 0]",8,128,3840.0,30724.0,5348721253,5348729585,5348729769,5348732329,0,89407,89407,-1,1,8332,2560,4,160,160,1
12,3,"[4, 3840, 0, 0, 0, 0, 0, 0, 0, 0, 0, 0, 0, 0, 0, 4, 3840, 0, 0, 0, 0, 0, 0, 0, 0, 0, 0, 0, 0, 0]",8,128,3840.0,46080.0,5348812943,5348821554,5348821736,5348824264,0,88863,88863,-1,1,8611,2528,4,160,160,1
12,3,"[4, 3840, 0, 0, 0, 0, 0, 0, 0, 0, 0, 0, 0, 0, 0, 4, 3840, 0, 0, 0, 0, 0, 0, 0, 0, 0, 0, 0, 0, 0]",8,128,3840.0,46080.0,5348904932,5348912944,5348913127,5348915559,0,92159,92159,-1,1,8012,2432,4,160,160,1
16,3,"[4, 640, 3840, 1, 1, 0, 0, 0, 0, 0, 0, 0, 0, 0, 0, 4, 0, 0, 0, 0, 0, 0, 0, 0, 0, 0, 0, 0, 0, 0]",4800,128,2457600.0,19660804.0,5348998880,5349007448,5349007718,5349090373,0,161054,161054,-1,1,8568,82655,4,160,160,1
12,3,"[4, 640, 3840, 1, 1, 0, 0, 0, 0, 0, 0, 0, 0, 0, 0, 4, 640, 3840, 1, 1, 0, 0, 0, 0, 0, 0, 0, 0, 0, 0]",4800,128,2457600.0,29491200.0,5349240579,5349251409,5349251427,5349374753,0,704,704,-1,1,10830,123326,4,160,160,1
12,3,"[4, 640, 3840, 1, 1, 0, 0, 0, 0, 0, 0, 0, 0, 0, 0, 4, 640, 3840, 1, 1, 0, 0, 0, 0, 0, 0, 0, 0, 0, 0]",4800,128,2457600.0,29491200.0,5349338645,5349350401,5349375457,5349499007,0,576,576,-1,1,11756,123550,4,160,160,1
16,3,"[4, 640, 0, 0, 0, 0, 0, 0, 0, 0, 0, 0, 0, 0, 0, 4, 0, 0, 0, 0, 0, 0, 0, 0, 0, 0, 0, 0, 0, 0]",2,128,640.0,5124.0,5349436887,5349446232,5349499583,5349502304,0,36031,36031,-1,1,9345,2721,4,160,160,1
12,3,"[4, 640, 0, 0, 0, 0, 0, 0, 0, 0, 0, 0, 0, 0, 0, 4, 640, 0, 0, 0, 0, 0, 0, 0, 0, 0, 0, 0, 0, 0]",2,128,640.0,7680.0,5349529455,5349538197,5349538335,5349540863,0,88479,88479,-1,1,8742,2528,4,160,160,1
12,3,"[4, 640, 0, 0, 0, 0, 0, 0, 0, 0, 0, 0, 0, 0, 0, 4, 640, 0, 0, 0, 0, 0, 0, 0, 0, 0, 0, 0, 0, 0]",2,128,640.0,7680.0,5349621008,5349629059,5349629342,5349631518,0,99711,99711,-1,1,8051,2176,4,160,160,1
16,3,"[4, 640, 0, 0, 0, 0, 0, 0, 0, 0, 0, 0, 0, 0, 0, 4, 0, 0, 0, 0, 0, 0, 0, 0, 0, 0, 0, 0, 0, 0]",2,128,640.0,5124.0,5349721956,5349731153,5349731229,5349733500,0,89311,89311,-1,1,9197,2271,4,160,160,1
12,3,"[4, 640, 0, 0, 0, 0, 0, 0, 0, 0, 0, 0, 0, 0, 0, 4, 640, 0, 0, 0, 0, 0, 0, 0, 0, 0, 0, 0, 0, 0]",2,128,640.0,7680.0,5349813897,5349822589,5349822811,5349825019,0,88032,88032,-1,1,8692,2208,4,160,160,1
12,3,"[4, 640, 0, 0, 0, 0, 0, 0, 0, 0, 0, 0, 0, 0, 0, 4, 640, 0, 0, 0, 0, 0, 0, 0, 0, 0, 0, 0, 0, 0]",2,128,640.0,7680.0,5349904738,5349912898,5349913051,5349915258,0,89951,89951,-1,1,8160,2207,4,160,160,1
16,3,"[4, 3840, 640, 1, 1, 0, 0, 0, 0, 0, 0, 0, 0, 0, 0, 4, 0, 0, 0, 0, 0, 0, 0, 0, 0, 0, 0, 0, 0, 0]",4800,128,2457600.0,19660804.0,5349996500,5350005068,5350005209,5350087480,0,10080,10080,-1,1,8568,82271,4,160,160,1
12,3,"[4, 3840, 640, 1, 1, 0, 0, 0, 0, 0, 0, 0, 0, 0, 0, 4, 3840, 640, 1, 1, 0, 0, 0, 0, 0, 0, 0, 0, 0, 0]",4800,128,2457600.0,29491200.0,5350088698,5350096768,5350097560,5350220471,0,639,639,-1,1,8070,122911,4,160,160,1
12,3,"[4, 3840, 640, 1, 1, 0, 0, 0, 0, 0, 0, 0, 0, 0, 0, 4, 3840, 640, 1, 1, 0, 0, 0, 0, 0, 0, 0, 0, 0, 0]",4800,128,2457600.0,29491200.0,5350178763,5350187679,5350221110,5350345365,0,608,608,-1,1,8916,124255,4,160,160,1
16,3,"[4, 3840, 0, 0, 0, 0, 0, 0, 0, 0, 0, 0, 0, 0, 0, 4, 0, 0, 0, 0, 0, 0, 0, 0, 0, 0, 0, 0, 0, 0]",8,128,3840.0,30724.0,5350270830,5350279607,5350345973,5350348693,0,26111,26111,-1,1,8777,2720,4,160,160,1
12,3,"[4, 3840, 0, 0, 0, 0, 0, 0, 0, 0, 0, 0, 0, 0, 0, 4, 3840, 0, 0, 0, 0, 0, 0, 0, 0, 0, 0, 0, 0, 0]",8,128,3840.0,46080.0,5350365263,5350382606,5350374804,5350377428,0,104191,104191,-1,1,17343,2624,4,160,160,1
12,3,"[4, 3840, 0, 0, 0, 0, 0, 0, 0, 0, 0, 0, 0, 0, 0, 4, 3840, 0, 0, 0, 0, 0, 0, 0, 0, 0, 0, 0, 0, 0]",8,128,3840.0,46080.0,5350472685,5350480939,5350481619,5350483987,0,93311,93311,-1,1,8254,2368,4,160,160,1
16,3,"[4, 3840, 0, 0, 0, 0, 0, 0, 0, 0, 0, 0, 0, 0, 0, 4, 0, 0, 0, 0, 0, 0, 0, 0, 0, 0, 0, 0, 0, 0]",8,128,3840.0,30724.0,5350568258,5350576571,5350577298,5350579538,0,87487,87487,-1,1,8313,2240,4,160,160,1
12,3,"[4, 3840, 0, 0, 0, 0, 0, 0, 0, 0, 0, 0, 0, 0, 0, 4, 3840, 0, 0, 0, 0, 0, 0, 0, 0, 0, 0, 0, 0, 0]",8,128,3840.0,46080.0,5350658327,5350666747,5350667025,5350669361,0,89759,89759,-1,1,8420,2336,4,160,160,1
12,3,"[4, 3840, 0, 0, 0, 0, 0, 0, 0, 0, 0, 0, 0, 0, 0, 4, 3840, 0, 0, 0, 0, 0, 0, 0, 0, 0, 0, 0, 0, 0]",8,128,3840.0,46080.0,5350750839,5350758981,5350759120,5350761423,0,88960,88960,-1,1,8142,2303,4,160,160,1
16,3,"[4, 3840, 1, 3, 3, 0, 0, 0, 0, 0, 0, 0, 0, 0, 0, 4, 0, 0, 0, 0, 0, 0, 0, 0, 0, 0, 0, 0, 0, 0]",68,128,34560.0,276484.0,5350842062,5350850232,5350850383,5350853070,0,86784,86784,-1,1,8170,2687,4,160,160,1
12,3,"[4, 3840, 1, 3, 3, 0, 0, 0, 0, 0, 0, 0, 0, 0, 0, 4, 3840, 1, 3, 3, 0, 0, 0, 0, 0, 0, 0, 0, 0, 0]",68,128,34560.0,414720.0,5350931315,5350939832,5350939854,5350943085,0,86719,86719,-1,1,8517,3231,4,160,160,1
12,3,"[4, 3840, 1, 3, 3, 0, 0, 0, 0, 0, 0, 0, 0, 0, 0, 4, 3840, 1, 3, 3, 0, 0, 0, 0, 0, 0, 0, 0, 0, 0]",68,128,34560.0,414720.0,5351021465,5351029226,5351029804,5351032652,0,86911,86911,-1,1,7761,2848,4,160,160,1
16,3,"[4, 3840, 0, 0, 0, 0, 0, 0, 0, 0, 0, 0, 0, 0, 0, 4, 0, 0, 0, 0, 0, 0, 0, 0, 0, 0, 0, 0, 0, 0]",8,128,3840.0,30724.0,5351110737,5351119450,5351119563,5351121963,0,87519,87519,-1,1,8713,2400,4,160,160,1
12,3,"[4, 3840, 0, 0, 0, 0, 0, 0, 0, 0, 0, 0, 0, 0, 0, 4, 3840, 0, 0, 0, 0, 0, 0, 0, 0, 0, 0, 0, 0, 0]",8,128,3840.0,46080.0,5351200990,5351209358,5351209482,5351212234,0,86271,86271,-1,1,8368,2752,4,160,160,1
12,3,"[4, 3840, 0, 0, 0, 0, 0, 0, 0, 0, 0, 0, 0, 0, 0, 4, 3840, 0, 0, 0, 0, 0, 0, 0, 0, 0, 0, 0, 0, 0]",8,128,3840.0,46080.0,5351289973,5351298308,5351298505,5351300713,0,91486,91486,-1,1,8335,2208,4,160,160,1
16,3,"[4, 3840, 0, 0, 0, 0, 0, 0, 0, 0, 0, 0, 0, 0, 0, 4, 0, 0, 0, 0, 0, 0, 0, 0, 0, 0, 0, 0, 0, 0]",8,128,3840.0,30724.0,5351382984,5351392179,5351392199,5351394535,0,86943,86943,-1,1,9195,2336,4,160,160,1
12,3,"[4, 3840, 0, 0, 0, 0, 0, 0, 0, 0, 0, 0, 0, 0, 0, 4, 3840, 0, 0, 0, 0, 0, 0, 0, 0, 0, 0, 0, 0, 0]",8,128,3840.0,46080.0,5351473121,5351481131,5351481478,5351483878,0,85919,85919,-1,1,8010,2400,4,160,160,1
12,3,"[4, 3840, 0, 0, 0, 0, 0, 0, 0, 0, 0, 0, 0, 0, 0, 4, 3840, 0, 0, 0, 0, 0, 0, 0, 0, 0, 0, 0, 0, 0]",8,128,3840.0,46080.0,5351561668,5351569527,5351569797,5351572037,0,89023,89023,-1,1,7859,2240,4,160,160,1
16,3,"[4, 160, 3840, 1, 1, 0, 0, 0, 0, 0, 0, 0, 0, 0, 0, 4, 0, 0, 0, 0, 0, 0, 0, 0, 0, 0, 0, 0, 0, 0]",1200,128,614400.0,4915204.0,5351652445,5351660889,5351661060,5351681348,0,78911,78911,-1,1,8444,20288,4,160,160,1
12,3,"[4, 160, 3840, 1, 1, 0, 0, 0, 0, 0, 0, 0, 0, 0, 0, 4, 160, 3840, 1, 1, 0, 0, 0, 0, 0, 0, 0, 0, 0, 0]",1200,128,614400.0,7372800.0,5351750847,5351760087,5351760259,5351779331,0,75775,75775,-1,1,9240,19072,4,160,160,1
12,3,"[4, 160, 3840, 1, 1, 0, 0, 0, 0, 0, 0, 0, 0, 0, 0, 4, 160, 3840, 1, 1, 0, 0, 0, 0, 0, 0, 0, 0, 0, 0]",1200,128,614400.0,7372800.0,5351846851,5351854813,5351855106,5351877377,0,69439,69439,-1,1,7962,22271,4,160,160,1
16,3,"[4, 160, 0, 0, 0, 0, 0, 0, 0, 0, 0, 0, 0, 0, 0, 4, 0, 0, 0, 0, 0, 0, 0, 0, 0, 0, 0, 0, 0, 0]",1,128,160.0,1284.0,5351938127,5351946749,5351946816,5351949377,0,85310,85310,-1,1,8622,2561,4,160,160,1
12,3,"[4, 160, 0, 0, 0, 0, 0, 0, 0, 0, 0, 0, 0, 0, 0, 4, 160, 0, 0, 0, 0, 0, 0, 0, 0, 0, 0, 0, 0, 0]",1,128,160.0,1920.0,5352026422,5352034516,5352034687,5352037247,0,86399,86399,-1,1,8094,2560,4,160,160,1
12,3,"[4, 160, 0, 0, 0, 0, 0, 0, 0, 0, 0, 0, 0, 0, 0, 4, 160, 0, 0, 0, 0, 0, 0, 0, 0, 0, 0, 0, 0, 0]",1,128,160.0,1920.0,5352115419,5352123238,5352123646,5352125854,0,91999,91999,-1,1,7819,2208,4,160,160,1
16,3,"[4, 3840, 160, 1, 1, 0, 0, 0, 0, 0, 0, 0, 0, 0, 0, 4, 0, 0, 0, 0, 0, 0, 0, 0, 0, 0, 0, 0, 0, 0]",1200,128,614400.0,4915204.0,5352209302,5352217679,5352217853,5352238941,0,73087,73087,-1,1,8377,21088,4,160,160,1
12,3,"[4, 3840, 160, 1, 1, 0, 0, 0, 0, 0, 0, 0, 0, 0, 0, 4, 3840, 160, 1, 1, 0, 0, 0, 0, 0, 0, 0, 0, 0, 0]",1200,128,614400.0,7372800.0,5352303763,5352311772,5352312028,5352330716,0,77343,77343,-1,1,8009,18688,4,160,160,1
12,3,"[4, 3840, 160, 1, 1, 0, 0, 0, 0, 0, 0, 0, 0, 0, 0, 4, 3840, 160, 1, 1, 0, 0, 0, 0, 0, 0, 0, 0, 0, 0]",1200,128,614400.0,7372800.0,5352399740,5352407655,5352408059,5352430234,0,72287,72287,-1,1,7915,22175,4,160,160,1
16,3,"[4, 3840, 0, 0, 0, 0, 0, 0, 0, 0, 0, 0, 0, 0, 0, 4, 0, 0, 0, 0, 0, 0, 0, 0, 0, 0, 0, 0, 0, 0]",8,128,3840.0,30724.0,5352493675,5352502203,5352502521,5352505146,0,88318,88318,-1,1,8528,2625,4,160,160,1
12,3,"[4, 3840, 0, 0, 0, 0, 0, 0, 0, 0, 0, 0, 0, 0, 0, 4, 3840, 0, 0, 0, 0, 0, 0, 0, 0, 0, 0, 0, 0, 0]",8,128,3840.0,46080.0,5352584907,5352593066,5352593464,5352596184,0,90015,90015,-1,1,8159,2720,4,160,160,1
12,3,"[4, 3840, 0, 0, 0, 0, 0, 0, 0, 0, 0, 0, 0, 0, 0, 4, 3840, 0, 0, 0, 0, 0, 0, 0, 0, 0, 0, 0, 0, 0]",8,128,3840.0,46080.0,5352677918,5352685904,5352686199,5352688663,0,93663,93663,-1,1,7986,2464,4,160,160,1
16,3,"[4, 640, 3840, 1, 1, 0, 0, 0, 0, 0, 0, 0, 0, 0, 0, 4, 0, 0, 0, 0, 0, 0, 0, 0, 0, 0, 0, 0, 0, 0]",4800,128,2457600.0,19660804.0,5352773773,5352782076,5352782326,5352865173,0,10528,10528,-1,1,8303,82847,4,160,160,1
12,3,"[4, 640, 3840, 1, 1, 0, 0, 0, 0, 0, 0, 0, 0, 0, 0, 4, 640, 3840, 1, 1, 0, 0, 0, 0, 0, 0, 0, 0, 0, 0]",4800,128,2457600.0,29491200.0,5352867619,5352875681,5352875701,5352998867,0,736,736,-1,1,8062,123166,4,160,160,1
12,3,"[4, 640, 3840, 1, 1, 0, 0, 0, 0, 0, 0, 0, 0, 0, 0, 4, 640, 3840, 1, 1, 0, 0, 0, 0, 0, 0, 0, 0, 0, 0]",4800,128,2457600.0,29491200.0,5352959731,5352968264,5352999603,5353122034,0,88254,88254,-1,1,8533,122431,4,160,160,1
16,3,"[4, 640, 0, 0, 0, 0, 0, 0, 0, 0, 0, 0, 0, 0, 0, 4, 0, 0, 0, 0, 0, 0, 0, 0, 0, 0, 0, 0, 0, 0]",2,128,640.0,5124.0,5353199027,5353210381,5353210288,5353212785,0,101566,101566,-1,1,11354,2497,4,160,160,1
12,3,"[4, 640, 0, 0, 0, 0, 0, 0, 0, 0, 0, 0, 0, 0, 0, 4, 640, 0, 0, 0, 0, 0, 0, 0, 0, 0, 0, 0, 0, 0]",2,128,640.0,7680.0,5353305062,5353314282,5353314351,5353316911,0,89727,89727,-1,1,9220,2560,4,160,160,1
12,3,"[4, 640, 0, 0, 0, 0, 0, 0, 0, 0, 0, 0, 0, 0, 0, 4, 640, 0, 0, 0, 0, 0, 0, 0, 0, 0, 0, 0, 0, 0]",2,128,640.0,7680.0,5353398216,5353406219,5353406638,5353408846,0,88415,88415,-1,1,8003,2208,4,160,160,1
16,3,"[4, 640, 0, 0, 0, 0, 0, 0, 0, 0, 0, 0, 0, 0, 0, 4, 0, 0, 0, 0, 0, 0, 0, 0, 0, 0, 0, 0, 0, 0]",2,128,640.0,5124.0,5353488875,5353497093,5353497261,5353499533,0,93535,93535,-1,1,8218,2272,4,160,160,1
12,3,"[4, 640, 0, 0, 0, 0, 0, 0, 0, 0, 0, 0, 0, 0, 0, 4, 640, 0, 0, 0, 0, 0, 0, 0, 0, 0, 0, 0, 0, 0]",2,128,640.0,7680.0,5353584537,5353592803,5353593068,5353595308,0,100350,100350,-1,1,8266,2240,4,160,160,1
12,3,"[4, 640, 0, 0, 0, 0, 0, 0, 0, 0, 0, 0, 0, 0, 0, 4, 640, 0, 0, 0, 0, 0, 0, 0, 0, 0, 0, 0, 0, 0]",2,128,640.0,7680.0,5353686708,5353695458,5353695658,5353697834,0,96191,96191,-1,1,8750,2176,4,160,160,1
16,3,"[4, 3840, 640, 1, 1, 0, 0, 0, 0, 0, 0, 0, 0, 0, 0, 4, 0, 0, 0, 0, 0, 0, 0, 0, 0, 0, 0, 0, 0, 0]",4800,128,2457600.0,19660804.0,5353785033,5353793792,5353794025,5353877064,0,12160,12160,-1,1,8759,83039,4,160,160,1
12,3,"[4, 3840, 640, 1, 1, 0, 0, 0, 0, 0, 0, 0, 0, 0, 0, 4, 3840, 640, 1, 1, 0, 0, 0, 0, 0, 0, 0, 0, 0, 0]",4800,128,2457600.0,29491200.0,5353880853,5353888972,5353889224,5354012710,0,640,640,-1,1,8119,123486,4,160,160,1
12,3,"[4, 3840, 640, 1, 1, 0, 0, 0, 0, 0, 0, 0, 0, 0, 0, 4, 3840, 640, 1, 1, 0, 0, 0, 0, 0, 0, 0, 0, 0, 0]",4800,128,2457600.0,29491200.0,5353974959,5353983477,5354013350,5354137573,0,640,640,-1,1,8518,124223,4,160,160,1
16,3,"[4, 3840, 0, 0, 0, 0, 0, 0, 0, 0, 0, 0, 0, 0, 0, 4, 0, 0, 0, 0, 0, 0, 0, 0, 0, 0, 0, 0, 0, 0]",8,128,3840.0,30724.0,5354070790,5354079530,5354138213,5354141029,0,31103,31103,-1,1,8740,2816,4,160,160,1
12,3,"[4, 3840, 0, 0, 0, 0, 0, 0, 0, 0, 0, 0, 0, 0, 0, 4, 3840, 0, 0, 0, 0, 0, 0, 0, 0, 0, 0, 0, 0, 0]",8,128,3840.0,46080.0,5354164143,5354171850,5354172132,5354174820,0,90559,90559,-1,1,7707,2688,4,160,160,1
12,3,"[4, 3840, 0, 0, 0, 0, 0, 0, 0, 0, 0, 0, 0, 0, 0, 4, 3840, 0, 0, 0, 0, 0, 0, 0, 0, 0, 0, 0, 0, 0]",8,128,3840.0,46080.0,5354257208,5354265121,5354265379,5354267779,0,89759,89759,-1,1,7913,2400,4,160,160,1
16,3,"[4, 3840, 0, 0, 0, 0, 0, 0, 0, 0, 0, 0, 0, 0, 0, 4, 0, 0, 0, 0, 0, 0, 0, 0, 0, 0, 0, 0, 0, 0]",8,128,3840.0,30724.0,5354349065,5354357446,5354357538,5354359778,0,90815,90815,-1,1,8381,2240,4,160,160,1
12,3,"[4, 3840, 0, 0, 0, 0, 0, 0, 0, 0, 0, 0, 0, 0, 0, 4, 3840, 0, 0, 0, 0, 0, 0, 0, 0, 0, 0, 0, 0, 0]",8,128,3840.0,46080.0,5354442444,5354450353,5354450593,5354452929,0,89758,89758,-1,1,7909,2336,4,160,160,1
12,3,"[4, 3840, 0, 0, 0, 0, 0, 0, 0, 0, 0, 0, 0, 0, 0, 4, 3840, 0, 0, 0, 0, 0, 0, 0, 0, 0, 0, 0, 0, 0]",8,128,3840.0,46080.0,5354534626,5354542373,5354542687,5354545087,0,93663,93663,-1,1,7747,2400,4,160,160,1
16,3,"[4, 3840, 1, 3, 3, 0, 0, 0, 0, 0, 0, 0, 0, 0, 0, 4, 0, 0, 0, 0, 0, 0, 0, 0, 0, 0, 0, 0, 0, 0]",68,128,34560.0,276484.0,5354630248,5354638541,5354638750,5354641726,0,90911,90911,-1,1,8293,2976,4,160,160,1
12,3,"[4, 3840, 1, 3, 3, 0, 0, 0, 0, 0, 0, 0, 0, 0, 0, 4, 3840, 1, 3, 3, 0, 0, 0, 0, 0, 0, 0, 0, 0, 0]",68,128,34560.0,414720.0,5354724588,5354732336,5354732637,5354735933,0,87935,87935,-1,1,7748,3296,4,160,160,1
12,3,"[4, 3840, 1, 3, 3, 0, 0, 0, 0, 0, 0, 0, 0, 0, 0, 4, 3840, 1, 3, 3, 0, 0, 0, 0, 0, 0, 0, 0, 0, 0]",68,128,34560.0,414720.0,5354815655,5354823501,5354823868,5354826844,0,91199,91199,-1,1,7846,2976,4,160,160,1
16,3,"[4, 3840, 0, 0, 0, 0, 0, 0, 0, 0, 0, 0, 0, 0, 0, 4, 0, 0, 0, 0, 0, 0, 0, 0, 0, 0, 0, 0, 0, 0]",8,128,3840.0,30724.0,5354909548,5354917964,5354918043,5354920315,0,90527,90527,-1,1,8416,2272,4,160,160,1
12,3,"[4, 3840, 0, 0, 0, 0, 0, 0, 0, 0, 0, 0, 0, 0, 0, 4, 3840, 0, 0, 0, 0, 0, 0, 0, 0, 0, 0, 0, 0, 0]",8,128,3840.0,46080.0,5355002270,5355010530,5355010842,5355013177,0,88223,88223,-1,1,8260,2335,4,160,160,1
12,3,"[4, 3840, 0, 0, 0, 0, 0, 0, 0, 0, 0, 0, 0, 0, 0, 4, 3840, 0, 0, 0, 0, 0, 0, 0, 0, 0, 0, 0, 0, 0]",8,128,3840.0,46080.0,5355093271,5355101049,5355101400,5355103608,0,88479,88479,-1,1,7778,2208,4,160,160,1
16,3,"[4, 3840, 0, 0, 0, 0, 0, 0, 0, 0, 0, 0, 0, 0, 0, 4, 0, 0, 0, 0, 0, 0, 0, 0, 0, 0, 0, 0, 0, 0]",8,128,3840.0,30724.0,5355183563,5355191857,5355192087,5355194423,0,91103,91103,-1,1,8294,2336,4,160,160,1
12,3,"[4, 3840, 0, 0, 0, 0, 0, 0, 0, 0, 0, 0, 0, 0, 0, 4, 3840, 0, 0, 0, 0, 0, 0, 0, 0, 0, 0, 0, 0, 0]",8,128,3840.0,46080.0,5355277292,5355285163,5355285526,5355287766,0,90239,90239,-1,1,7871,2240,4,160,160,1
12,3,"[4, 3840, 0, 0, 0, 0, 0, 0, 0, 0, 0, 0, 0, 0, 0, 4, 3840, 0, 0, 0, 0, 0, 0, 0, 0, 0, 0, 0, 0, 0]",8,128,3840.0,46080.0,5355369707,5355377910,5355378005,5355380181,0,94143,94143,-1,1,8203,2176,4,160,160,1
16,3,"[4, 160, 3840, 1, 1, 0, 0, 0, 0, 0, 0, 0, 0, 0, 0, 4, 0, 0, 0, 0, 0, 0, 0, 0, 0, 0, 0, 0, 0, 0]",1200,128,614400.0,4915204.0,5355465853,5355474110,5355474324,5355494420,0,73151,73151,-1,1,8257,20096,4,160,160,1
12,3,"[4, 160, 3840, 1, 1, 0, 0, 0, 0, 0, 0, 0, 0, 0, 0, 4, 160, 3840, 1, 1, 0, 0, 0, 0, 0, 0, 0, 0, 0, 0]",1200,128,614400.0,7372800.0,5355559265,5355569239,5355567571,5355586546,0,77471,77471,-1,1,9974,18975,4,160,160,1
12,3,"[4, 160, 3840, 1, 1, 0, 0, 0, 0, 0, 0, 0, 0, 0, 0, 4, 160, 3840, 1, 1, 0, 0, 0, 0, 0, 0, 0, 0, 0, 0]",1200,128,614400.0,7372800.0,5355655736,5355663570,5355664017,5355685873,0,69919,69919,-1,1,7834,21856,4,160,160,1
16,3,"[4, 160, 0, 0, 0, 0, 0, 0, 0, 0, 0, 0, 0, 0, 0, 4, 0, 0, 0, 0, 0, 0, 0, 0, 0, 0, 0, 0, 0, 0]",1,128,160.0,1284.0,5355746749,5355755467,5355755792,5355758352,0,89727,89727,-1,1,8718,2560,4,160,160,1
12,3,"[4, 160, 0, 0, 0, 0, 0, 0, 0, 0, 0, 0, 0, 0, 0, 4, 160, 0, 0, 0, 0, 0, 0, 0, 0, 0, 0, 0, 0, 0]",1,128,160.0,1920.0,5355839286,5355847465,5355848079,5355850479,0,90143,90143,-1,1,8179,2400,4,160,160,1
12,3,"[4, 160, 0, 0, 0, 0, 0, 0, 0, 0, 0, 0, 0, 0, 0, 4, 160, 0, 0, 0, 0, 0, 0, 0, 0, 0, 0, 0, 0, 0]",1,128,160.0,1920.0,5355932147,5355940347,5355940622,5355942894,0,88191,88191,-1,1,8200,2272,4,160,160,1
16,3,"[4, 3840, 160, 1, 1, 0, 0, 0, 0, 0, 0, 0, 0, 0, 0, 4, 0, 0, 0, 0, 0, 0, 0, 0, 0, 0, 0, 0, 0, 0]",1200,128,614400.0,4915204.0,5356022329,5356030787,5356031085,5356052269,0,67871,67871,-1,1,8458,21184,4,160,160,1
12,3,"[4, 3840, 160, 1, 1, 0, 0, 0, 0, 0, 0, 0, 0, 0, 0, 4, 3840, 160, 1, 1, 0, 0, 0, 0, 0, 0, 0, 0, 0, 0]",1200,128,614400.0,7372800.0,5356111626,5356119785,5356120140,5356139435,0,69600,69600,-1,1,8159,19295,4,160,160,1
12,3,"[4, 3840, 160, 1, 1, 0, 0, 0, 0, 0, 0, 0, 0, 0, 0, 4, 3840, 160, 1, 1, 0, 0, 0, 0, 0, 0, 0, 0, 0, 0]",1200,128,614400.0,7372800.0,5356200589,5356208704,5356209035,5356232010,0,67391,67391,-1,1,8115,22975,4,160,160,1
16,3,"[4, 3840, 0, 0, 0, 0, 0, 0, 0, 0, 0, 0, 0, 0, 0, 4, 0, 0, 0, 0, 0, 0, 0, 0, 0, 0, 0, 0, 0, 0]",8,128,3840.0,30724.0,5356290847,5356299246,5356299401,5356301929,0,86495,86495,-1,1,8399,2528,4,160,160,1
12,3,"[4, 3840, 0, 0, 0, 0, 0, 0, 0, 0, 0, 0, 0, 0, 0, 4, 3840, 0, 0, 0, 0, 0, 0, 0, 0, 0, 0, 0, 0, 0]",8,128,3840.0,46080.0,5356380285,5356388129,5356388424,5356390984,0,84863,84863,-1,1,7844,2560,4,160,160,1
12,3,"[4, 3840, 0, 0, 0, 0, 0, 0, 0, 0, 0, 0, 0, 0, 0, 4, 3840, 0, 0, 0, 0, 0, 0, 0, 0, 0, 0, 0, 0, 0]",8,128,3840.0,46080.0,5356467335,5356475499,5356475847,5356478279,0,87999,87999,-1,1,8164,2432,4,160,160,1
16,3,"[4, 640, 3840, 1, 1, 0, 0, 0, 0, 0, 0, 0, 0, 0, 0, 4, 0, 0, 0, 0, 0, 0, 0, 0, 0, 0, 0, 0, 0, 0]",4800,128,2457600.0,19660804.0,5356557603,5356567992,5356566278,5356648933,0,10592,10592,-1,1,10389,82655,4,160,160,1
12,3,"[4, 640, 3840, 1, 1, 0, 0, 0, 0, 0, 0, 0, 0, 0, 0, 4, 640, 3840, 1, 1, 0, 0, 0, 0, 0, 0, 0, 0, 0, 0]",4800,128,2457600.0,29491200.0,5356651102,5356659245,5356659525,5356784163,0,672,672,-1,1,8143,124638,4,160,160,1
12,3,"[4, 640, 3840, 1, 1, 0, 0, 0, 0, 0, 0, 0, 0, 0, 0, 4, 640, 3840, 1, 1, 0, 0, 0, 0, 0, 0, 0, 0, 0, 0]",4800,128,2457600.0,29491200.0,5356742591,5356750963,5356784835,5356909250,0,576,576,-1,1,8372,124415,4,160,160,1
16,3,"[4, 640, 0, 0, 0, 0, 0, 0, 0, 0, 0, 0, 0, 0, 0, 4, 0, 0, 0, 0, 0, 0, 0, 0, 0, 0, 0, 0, 0, 0]",2,128,640.0,5124.0,5356835802,5356844668,5356909826,5356912450,0,22591,22591,-1,1,8866,2624,4,160,160,1
12,3,"[4, 640, 0, 0, 0, 0, 0, 0, 0, 0, 0, 0, 0, 0, 0, 4, 640, 0, 0, 0, 0, 0, 0, 0, 0, 0, 0, 0, 0, 0]",2,128,640.0,7680.0,5356926638,5356934866,5356935041,5356937601,0,241949,241949,-1,1,8228,2560,4,160,160,1
12,3,"[4, 640, 0, 0, 0, 0, 0, 0, 0, 0, 0, 0, 0, 0, 0, 4, 640, 0, 0, 0, 0, 0, 0, 0, 0, 0, 0, 0, 0, 0]",2,128,640.0,7680.0,5357167563,5357179583,5357179550,5357181726,0,104927,104927,-1,1,12020,2176,4,160,160,1
16,3,"[4, 640, 0, 0, 0, 0, 0, 0, 0, 0, 0, 0, 0, 0, 0, 4, 0, 0, 0, 0, 0, 0, 0, 0, 0, 0, 0, 0, 0, 0]",2,128,640.0,5124.0,5357276685,5357286652,5357286653,5357288957,0,89471,89471,-1,1,9967,2304,4,160,160,1
12,3,"[4, 640, 0, 0, 0, 0, 0, 0, 0, 0, 0, 0, 0, 0, 0, 4, 640, 0, 0, 0, 0, 0, 0, 0, 0, 0, 0, 0, 0, 0]",2,128,640.0,7680.0,5357369723,5357378243,5357378428,5357380603,0,87296,87296,-1,1,8520,2175,4,160,160,1
12,3,"[4, 640, 0, 0, 0, 0, 0, 0, 0, 0, 0, 0, 0, 0, 0, 4, 640, 0, 0, 0, 0, 0, 0, 0, 0, 0, 0, 0, 0, 0]",2,128,640.0,7680.0,5357459198,5357467739,5357467899,5357470139,0,89598,89598,-1,1,8541,2240,4,160,160,1
16,3,"[4, 3840, 640, 1, 1, 0, 0, 0, 0, 0, 0, 0, 0, 0, 0, 4, 0, 0, 0, 0, 0, 0, 0, 0, 0, 0, 0, 0, 0, 0]",4800,128,2457600.0,19660804.0,5357551204,5357559451,5357559737,5357642392,0,8800,8800,-1,1,8247,82655,4,160,160,1
12,3,"[4, 3840, 640, 1, 1, 0, 0, 0, 0, 0, 0, 0, 0, 0, 0, 4, 3840, 640, 1, 1, 0, 0, 0, 0, 0, 0, 0, 0, 0, 0]",4800,128,2457600.0,29491200.0,5357642917,5357657793,5357651192,5357775510,0,545,545,-1,1,14876,124318,4,160,160,1
12,3,"[4, 3840, 640, 1, 1, 0, 0, 0, 0, 0, 0, 0, 0, 0, 0, 4, 3840, 640, 1, 1, 0, 0, 0, 0, 0, 0, 0, 0, 0, 0]",4800,128,2457600.0,29491200.0,5357744918,5357756665,5357776055,5357899573,0,640,640,-1,1,11747,123518,4,160,160,1
16,3,"[4, 3840, 0, 0, 0, 0, 0, 0, 0, 0, 0, 0, 0, 0, 0, 4, 0, 0, 0, 0, 0, 0, 0, 0, 0, 0, 0, 0, 0, 0]",8,128,3840.0,30724.0,5357841239,5357850405,5357900213,5357902965,0,38143,38143,-1,1,9166,2752,4,160,160,1
12,3,"[4, 3840, 0, 0, 0, 0, 0, 0, 0, 0, 0, 0, 0, 0, 0, 4, 3840, 0, 0, 0, 0, 0, 0, 0, 0, 0, 0, 0, 0, 0]",8,128,3840.0,46080.0,5357932653,5357940671,5357941108,5357943796,0,85375,85375,-1,1,8018,2688,4,160,160,1
12,3,"[4, 3840, 0, 0, 0, 0, 0, 0, 0, 0, 0, 0, 0, 0, 0, 4, 3840, 0, 0, 0, 0, 0, 0, 0, 0, 0, 0, 0, 0, 0]",8,128,3840.0,46080.0,5358020972,5358028905,5358029171,5358031475,0,87039,87039,-1,1,7933,2304,4,160,160,1
16,3,"[4, 3840, 0, 0, 0, 0, 0, 0, 0, 0, 0, 0, 0, 0, 0, 4, 0, 0, 0, 0, 0, 0, 0, 0, 0, 0, 0, 0, 0, 0]",8,128,3840.0,30724.0,5358109780,5358118307,5358118514,5358120786,0,86303,86303,-1,1,8527,2272,4,160,160,1
12,3,"[4, 3840, 0, 0, 0, 0, 0, 0, 0, 0, 0, 0, 0, 0, 0, 4, 3840, 0, 0, 0, 0, 0, 0, 0, 0, 0, 0, 0, 0, 0]",8,128,3840.0,46080.0,5358198658,5358206846,5358207089,5358209425,0,86111,86111,-1,1,8188,2336,4,160,160,1
12,3,"[4, 3840, 0, 0, 0, 0, 0, 0, 0, 0, 0, 0, 0, 0, 0, 4, 3840, 0, 0, 0, 0, 0, 0, 0, 0, 0, 0, 0, 0, 0]",8,128,3840.0,46080.0,5358287295,5358295305,5358295536,5358297744,0,88479,88479,-1,1,8010,2208,4,160,160,1
16,3,"[4, 3840, 1, 3, 3, 0, 0, 0, 0, 0, 0, 0, 0, 0, 0, 4, 0, 0, 0, 0, 0, 0, 0, 0, 0, 0, 0, 0, 0, 0]",68,128,34560.0,276484.0,5358377466,5358386017,5358386223,5358388847,0,96511,96511,-1,1,8551,2624,4,160,160,1
12,3,"[4, 3840, 1, 3, 3, 0, 0, 0, 0, 0, 0, 0, 0, 0, 0, 4, 3840, 1, 3, 3, 0, 0, 0, 0, 0, 0, 0, 0, 0, 0]",68,128,34560.0,414720.0,5358475966,5358485114,5358485358,5358488461,0,89311,89311,-1,1,9148,3103,4,160,160,1
12,3,"[4, 3840, 1, 3, 3, 0, 0, 0, 0, 0, 0, 0, 0, 0, 0, 4, 3840, 1, 3, 3, 0, 0, 0, 0, 0, 0, 0, 0, 0, 0]",68,128,34560.0,414720.0,5358569574,5358577469,5358577772,5358580556,0,89887,89887,-1,1,7895,2784,4,160,160,1
16,3,"[4, 3840, 0, 0, 0, 0, 0, 0, 0, 0, 0, 0, 0, 0, 0, 4, 0, 0, 0, 0, 0, 0, 0, 0, 0, 0, 0, 0, 0, 0]",8,128,3840.0,30724.0,5358661996,5358670667,5358670443,5358672811,0,87423,87423,-1,1,8671,2368,4,160,160,1
12,3,"[4, 3840, 0, 0, 0, 0, 0, 0, 0, 0, 0, 0, 0, 0, 0, 4, 3840, 0, 0, 0, 0, 0, 0, 0, 0, 0, 0, 0, 0, 0]",8,128,3840.0,46080.0,5358751825,5358762613,5358760234,5358762538,0,90559,90559,-1,1,10788,2304,4,160,160,1
12,3,"[4, 3840, 0, 0, 0, 0, 0, 0, 0, 0, 0, 0, 0, 0, 0, 4, 3840, 0, 0, 0, 0, 0, 0, 0, 0, 0, 0, 0, 0, 0]",8,128,3840.0,46080.0,5358844392,5358852895,5358853097,5358855433,0,89567,89567,-1,1,8503,2336,4,160,160,1
16,3,"[4, 3840, 0, 0, 0, 0, 0, 0, 0, 0, 0, 0, 0, 0, 0, 4, 0, 0, 0, 0, 0, 0, 0, 0, 0, 0, 0, 0, 0, 0]",8,128,3840.0,30724.0,5358936466,5358944827,5358945000,5358947208,0,92702,92702,-1,1,8361,2208,4,160,160,1
12,3,"[4, 3840, 0, 0, 0, 0, 0, 0, 0, 0, 0, 0, 0, 0, 0, 4, 3840, 0, 0, 0, 0, 0, 0, 0, 0, 0, 0, 0, 0, 0]",8,128,3840.0,46080.0,5359031639,5359039644,5359039910,5359042246,0,88799,88799,-1,1,8005,2336,4,160,160,1
12,3,"[4, 3840, 0, 0, 0, 0, 0, 0, 0, 0, 0, 0, 0, 0, 0, 4, 3840, 0, 0, 0, 0, 0, 0, 0, 0, 0, 0, 0, 0, 0]",8,128,3840.0,46080.0,5359122881,5359130773,5359131045,5359133253,0,92511,92511,-1,1,7892,2208,4,160,160,1
16,3,"[4, 160, 3840, 1, 1, 0, 0, 0, 0, 0, 0, 0, 0, 0, 0, 4, 0, 0, 0, 0, 0, 0, 0, 0, 0, 0, 0, 0, 0, 0]",1200,128,614400.0,4915204.0,5359217204,5359225582,5359225764,5359245956,0,71615,71615,-1,1,8378,20192,4,160,160,1
12,3,"[4, 160, 3840, 1, 1, 0, 0, 0, 0, 0, 0, 0, 0, 0, 0, 4, 160, 3840, 1, 1, 0, 0, 0, 0, 0, 0, 0, 0, 0, 0]",1200,128,614400.0,7372800.0,5359309106,5359317105,5359317571,5359336611,0,71999,71999,-1,1,7999,19040,4,160,160,1
12,3,"[4, 160, 3840, 1, 1, 0, 0, 0, 0, 0, 0, 0, 0, 0, 0, 4, 160, 3840, 1, 1, 0, 0, 0, 0, 0, 0, 0, 0, 0, 0]",1200,128,614400.0,7372800.0,5359400184,5359408209,5359408610,5359431458,0,69759,69759,-1,1,8025,22848,4,160,160,1
16,3,"[4, 160, 0, 0, 0, 0, 0, 0, 0, 0, 0, 0, 0, 0, 0, 4, 0, 0, 0, 0, 0, 0, 0, 0, 0, 0, 0, 0, 0, 0]",1,128,160.0,1284.0,5359492961,5359500962,5359501217,5359503905,0,87806,87806,-1,1,8001,2688,4,160,160,1
12,3,"[4, 160, 0, 0, 0, 0, 0, 0, 0, 0, 0, 0, 0, 0, 0, 4, 160, 0, 0, 0, 0, 0, 0, 0, 0, 0, 0, 0, 0, 0]",1,128,160.0,1920.0,5359583459,5359591480,5359591711,5359594207,0,90559,90559,-1,1,8021,2496,4,160,160,1
12,3,"[4, 160, 0, 0, 0, 0, 0, 0, 0, 0, 0, 0, 0, 0, 0, 4, 160, 0, 0, 0, 0, 0, 0, 0, 0, 0, 0, 0, 0, 0]",1,128,160.0,1920.0,5359676515,5359684443,5359684766,5359687006,0,90431,90431,-1,1,7928,2240,4,160,160,1
16,3,"[4, 3840, 160, 1, 1, 0, 0, 0, 0, 0, 0, 0, 0, 0, 0, 4, 0, 0, 0, 0, 0, 0, 0, 0, 0, 0, 0, 0, 0, 0]",1200,128,614400.0,4915204.0,5359768892,5359779474,5359777437,5359798205,0,74527,74527,-1,1,10582,20768,4,160,160,1
12,3,"[4, 3840, 160, 1, 1, 0, 0, 0, 0, 0, 0, 0, 0, 0, 0, 4, 3840, 160, 1, 1, 0, 0, 0, 0, 0, 0, 0, 0, 0, 0]",1200,128,614400.0,7372800.0,5359864313,5359872451,5359872732,5359892188,0,72799,72799,-1,1,8138,19456,4,160,160,1
12,3,"[4, 3840, 160, 1, 1, 0, 0, 0, 0, 0, 0, 0, 0, 0, 0, 4, 3840, 160, 1, 1, 0, 0, 0, 0, 0, 0, 0, 0, 0, 0]",1200,128,614400.0,7372800.0,5359956819,5359964561,5359964987,5359986618,0,70368,70368,-1,1,7742,21631,4,160,160,1
16,3,"[4, 3840, 0, 0, 0, 0, 0, 0, 0, 0, 0, 0, 0, 0, 0, 4, 0, 0, 0, 0, 0, 0, 0, 0, 0, 0, 0, 0, 0, 0]",8,128,3840.0,30724.0,5360048372,5360056800,5360056986,5360059673,0,87424,87424,-1,1,8428,2687,4,160,160,1
12,3,"[4, 3840, 0, 0, 0, 0, 0, 0, 0, 0, 0, 0, 0, 0, 0, 4, 3840, 0, 0, 0, 0, 0, 0, 0, 0, 0, 0, 0, 0, 0]",8,128,3840.0,46080.0,5360138915,5360147100,5360147097,5360149656,0,87551,87551,-1,1,8185,2559,4,160,160,1
12,3,"[4, 3840, 0, 0, 0, 0, 0, 0, 0, 0, 0, 0, 0, 0, 0, 4, 3840, 0, 0, 0, 0, 0, 0, 0, 0, 0, 0, 0, 0, 0]",8,128,3840.0,46080.0,5360228759,5360236832,5360237207,5360239575,0,91455,91455,-1,1,8073,2368,4,160,160,1
16,3,"[4, 640, 3840, 1, 1, 0, 0, 0, 0, 0, 0, 0, 0, 0, 0, 4, 0, 0, 0, 0, 0, 0, 0, 0, 0, 0, 0, 0, 0, 0]",4800,128,2457600.0,19660804.0,5360322413,5360330778,5360331030,5360414453,0,8640,8640,-1,1,8365,83423,4,160,160,1
12,3,"[4, 640, 3840, 1, 1, 0, 0, 0, 0, 0, 0, 0, 0, 0, 0, 4, 640, 3840, 1, 1, 0, 0, 0, 0, 0, 0, 0, 0, 0, 0]",4800,128,2457600.0,29491200.0,5360414726,5360422798,5360423093,5360547123,0,608,608,-1,1,8072,124030,4,160,160,1
12,3,"[4, 640, 3840, 1, 1, 0, 0, 0, 0, 0, 0, 0, 0, 0, 0, 4, 640, 3840, 1, 1, 0, 0, 0, 0, 0, 0, 0, 0, 0, 0]",4800,128,2457600.0,29491200.0,5360507479,5360515860,5360547731,5360671282,0,576,576,-1,1,8381,123551,4,160,160,1
16,3,"[4, 640, 0, 0, 0, 0, 0, 0, 0, 0, 0, 0, 0, 0, 0, 4, 0, 0, 0, 0, 0, 0, 0, 0, 0, 0, 0, 0, 0, 0]",2,128,640.0,5124.0,5360601457,5360609848,5360671858,5360674578,0,28223,28223,-1,1,8391,2720,4,160,160,1
12,3,"[4, 640, 0, 0, 0, 0, 0, 0, 0, 0, 0, 0, 0, 0, 0, 4, 640, 0, 0, 0, 0, 0, 0, 0, 0, 0, 0, 0, 0, 0]",2,128,640.0,7680.0,5360694492,5360702504,5360702801,5360705362,0,88702,88702,-1,1,8012,2561,4,160,160,1
12,3,"[4, 640, 0, 0, 0, 0, 0, 0, 0, 0, 0, 0, 0, 0, 0, 4, 640, 0, 0, 0, 0, 0, 0, 0, 0, 0, 0, 0, 0, 0]",2,128,640.0,7680.0,5360785825,5360795722,5360794064,5360796272,0,93023,93023,-1,1,9897,2208,4,160,160,1
16,3,"[4, 640, 0, 0, 0, 0, 0, 0, 0, 0, 0, 0, 0, 0, 0, 4, 0, 0, 0, 0, 0, 0, 0, 0, 0, 0, 0, 0, 0, 0]",2,128,640.0,5124.0,5360880813,5360889073,5360889295,5360891471,0,234621,234621,-1,1,8260,2176,4,160,160,1
12,3,"[4, 640, 0, 0, 0, 0, 0, 0, 0, 0, 0, 0, 0, 0, 0, 4, 640, 0, 0, 0, 0, 0, 0, 0, 0, 0, 0, 0, 0, 0]",2,128,640.0,7680.0,5361115102,5361125932,5361126092,5361128364,0,103071,103071,-1,1,10830,2272,4,160,160,1
12,3,"[4, 640, 0, 0, 0, 0, 0, 0, 0, 0, 0, 0, 0, 0, 0, 4, 640, 0, 0, 0, 0, 0, 0, 0, 0, 0, 0, 0, 0, 0]",2,128,640.0,7680.0,5361222211,5361231230,5361231435,5361233675,0,97470,97470,-1,1,9019,2240,4,160,160,1
16,3,"[4, 1280, 640, 1, 1, 0, 0, 0, 0, 0, 0, 0, 0, 0, 0, 4, 0, 0, 0, 0, 0, 0, 0, 0, 0, 0, 0, 0, 0, 0]",1600,128,819200.0,6553604.0,5361322134,5361330955,5361331145,5361359177,0,67839,67839,-1,1,8821,28032,4,160,160,1
12,3,"[4, 1280, 640, 1, 1, 0, 0, 0, 0, 0, 0, 0, 0, 0, 0, 4, 1280, 640, 1, 1, 0, 0, 0, 0, 0, 0, 0, 0, 0, 0]",1600,128,819200.0,9830400.0,5361418398,5361426565,5361427016,5361465288,0,56383,56383,-1,1,8167,38272,4,160,160,1
12,3,"[4, 1280, 640, 1, 1, 0, 0, 0, 0, 0, 0, 0, 0, 0, 0, 4, 1280, 640, 1, 1, 0, 0, 0, 0, 0, 0, 0, 0, 0, 0]",1600,128,819200.0,9830400.0,5361513006,5361521337,5361521671,5361563814,0,52320,52320,-1,1,8331,42143,4,160,160,1
16,3,"[4, 1280, 0, 0, 0, 0, 0, 0, 0, 0, 0, 0, 0, 0, 0, 4, 0, 0, 0, 0, 0, 0, 0, 0, 0, 0, 0, 0, 0, 0]",3,128,1280.0,10244.0,5361607404,5361615804,5361616134,5361618662,0,100574,100574,-1,1,8400,2528,4,160,160,1
12,3,"[4, 1280, 0, 0, 0, 0, 0, 0, 0, 0, 0, 0, 0, 0, 0, 4, 1280, 0, 0, 0, 0, 0, 0, 0, 0, 0, 0, 0, 0, 0]",3,128,1280.0,15360.0,5361710200,5361718983,5361719236,5361721860,0,90367,90367,-1,1,8783,2624,4,160,160,1
12,3,"[4, 1280, 0, 0, 0, 0, 0, 0, 0, 0, 0, 0, 0, 0, 0, 4, 1280, 0, 0, 0, 0, 0, 0, 0, 0, 0, 0, 0, 0, 0]",3,128,1280.0,15360.0,5361803748,5361811905,5361812227,5361814819,0,91679,91679,-1,1,8157,2592,4,160,160,1
16,3,"[4, 1280, 0, 0, 0, 0, 0, 0, 0, 0, 0, 0, 0, 0, 0, 4, 0, 0, 0, 0, 0, 0, 0, 0, 0, 0, 0, 0, 0, 0]",3,128,1280.0,10244.0,5361897419,5361906111,5361906498,5361908738,0,93567,93567,-1,1,8692,2240,4,160,160,1
12,3,"[4, 1280, 0, 0, 0, 0, 0, 0, 0, 0, 0, 0, 0, 0, 0, 4, 1280, 0, 0, 0, 0, 0, 0, 0, 0, 0, 0, 0, 0, 0]",3,128,1280.0,15360.0,5361993733,5362001960,5362002305,5362004641,0,90591,90591,-1,1,8227,2336,4,160,160,1
12,3,"[4, 1280, 0, 0, 0, 0, 0, 0, 0, 0, 0, 0, 0, 0, 0, 4, 1280, 0, 0, 0, 0, 0, 0, 0, 0, 0, 0, 0, 0, 0]",3,128,1280.0,15360.0,5362086883,5362094817,5362095232,5362097568,0,92126,92126,-1,1,7934,2336,4,160,160,1
16,3,"[4, 519, 1280, 0, 0, 0, 0, 0, 0, 0, 0, 0, 0, 0, 0, 4, 0, 0, 0, 0, 0, 0, 0, 0, 0, 0, 0, 0, 0, 0]",1298,128,664320.0,5314564.0,5362181210,5362189493,5362189694,5362210686,0,72255,72255,-1,1,8283,20992,4,160,160,1
12,3,"[4, 519, 1280, 0, 0, 0, 0, 0, 0, 0, 0, 0, 0, 0, 0, 4, 519, 1280, 0, 0, 0, 0, 0, 0, 0, 0, 0, 0, 0, 0]",1298,128,664320.0,7971840.0,5362274523,5362282523,5362282941,5362305437,0,68703,68703,-1,1,8000,22496,4,160,160,1
12,3,"[4, 519, 1280, 0, 0, 0, 0, 0, 0, 0, 0, 0, 0, 0, 0, 4, 519, 1280, 0, 0, 0, 0, 0, 0, 0, 0, 0, 0, 0, 0]",1298,128,664320.0,7971840.0,5362365965,5362373742,5362374140,5362400476,0,66975,66975,-1,1,7777,26336,4,160,160,1
16,3,"[4, 519, 0, 0, 0, 0, 0, 0, 0, 0, 0, 0, 0, 0, 0, 4, 0, 0, 0, 0, 0, 0, 0, 0, 0, 0, 0, 0, 0, 0]",2,128,519.0,4156.0,5362458718,5362467286,5362467451,5362469979,0,90399,90399,-1,1,8568,2528,4,160,160,1
12,3,"[4, 519, 0, 0, 0, 0, 0, 0, 0, 0, 0, 0, 0, 0, 0, 4, 519, 0, 0, 0, 0, 0, 0, 0, 0, 0, 0, 0, 0, 0]",2,128,519.0,6228.0,5362551794,5362559994,5362560378,5362562906,0,88415,88415,-1,1,8200,2528,4,160,160,1
12,3,"[4, 519, 0, 0, 0, 0, 0, 0, 0, 0, 0, 0, 0, 0, 0, 4, 519, 0, 0, 0, 0, 0, 0, 0, 0, 0, 0, 0, 0, 0]",2,128,519.0,6228.0,5362643083,5362650851,5362651321,5362653497,0,0,0,-1,1,7768,2176,4,160,160,1
