op,dir,params,grid,block,flops,bytes,rStartTime,rEndTime,kStartTime,kEndTime,staticSharedMemory,space,space1,seq,kernels,rduration,kduration,batch,h,w,input_type
203,1,"[32, 3, 32, 32, 48, 16, 16, 3, 3, 1, 1, 2, 2, 1, 1, 1, 4, 0, 0, 0, 0, 0, 0, 0, 0, 0, 0, 0, 0, 0]",128,256,21233664.0,1971264.0,2761949120,2761978206,2761966943,2762003870,5376,220382,212094,1022675,2,26388,28639,32,32,32,1
205,1,"[4, 0, 0, 0, 0, 0, 0, 0, 0, 0, 0, 0, 0, 0, 0, 4, 0, 0, 0, 0, 0, 0, 0, 0, 0, 0, 0, 0, 0, 0]",48,512,3145728.0,6291456.0,2762203201,2762741413,2762215964,2762757749,144,721302,199581,1022676,2,28965,20064,32,32,32,1
159,1,"[4, 32, 48, 16, 16, 0, 0, 0, 0, 0, 0, 0, 0, 0, 0, 0, 0, 0, 0, 0, 0, 0, 0, 0, 0, 0, 0, 0, 0, 0]",768,128,0.0,0.0,2762946364,2762957139,2762957330,2762967538,0,224670,224670,1022677,1,10775,10208,32,32,32,1
203,1,"[32, 48, 16, 16, 48, 16, 16, 3, 3, 1, 1, 1, 1, 1, 1, 48, 4, 0, 0, 0, 0, 0, 0, 0, 0, 0, 0, 0, 0, 0]",384,1024,0.0,0.0,2763177745,2763192624,2763192208,2763232367,0,165054,165054,1022679,1,14879,40159,32,32,32,1
205,1,"[4, 0, 0, 0, 0, 0, 0, 0, 0, 0, 0, 0, 0, 0, 0, 4, 0, 0, 0, 0, 0, 0, 0, 0, 0, 0, 0, 0, 0, 0]",48,512,3145728.0,6291456.0,2763384741,2763792749,2763397421,2763806152,144,596824,207613,1022680,2,29641,19520,32,32,32,1
159,1,"[4, 32, 48, 16, 16, 0, 0, 0, 0, 0, 0, 0, 0, 0, 0, 0, 0, 0, 0, 0, 0, 0, 0, 0, 0, 0, 0, 0, 0, 0]",768,128,0.0,0.0,2764003079,2764013735,2764013765,2764024101,0,187422,187422,1022681,1,10656,10336,32,32,32,1
199,1,"[4, 32, 48, 16, 16, 0, 0, 0, 0, 0, 0, 0, 0, 0, 0, 0, 0, 0, 0, 0, 0, 0, 0, 0, 0, 0, 0, 0, 0, 0]",96,512,0.0,0.0,2764197574,2764211460,2764211523,2764223971,16,257756,257756,1022683,1,13886,12448,32,32,32,1
203,1,"[32, 48, 1, 1, 12, 1, 1, 1, 1, 0, 0, 1, 1, 1, 1, 1, 4, 0, 0, 0, 0, 0, 0, 0, 0, 0, 0, 0, 0, 0]",2,128,0.0,0.0,2764466271,2764530494,2764481727,2764535647,2304,272540,234269,1022684,2,26268,15649,32,32,32,1
159,1,"[4, 32, 12, 1, 1, 0, 0, 0, 0, 0, 0, 0, 0, 0, 0, 0, 0, 0, 0, 0, 0, 0, 0, 0, 0, 0, 0, 0, 0, 0]",1,128,0.0,0.0,2764759725,2764769685,2764769916,2764775100,0,264189,264189,1022685,1,9960,5184,32,32,32,1
203,1,"[32, 12, 1, 1, 48, 1, 1, 1, 1, 0, 0, 1, 1, 1, 1, 1, 4, 0, 0, 0, 0, 0, 0, 0, 0, 0, 0, 0, 0, 0]",6,128,0.0,0.0,2765024518,2765084003,2765039289,2765089272,2304,221085,182814,1022687,2,24665,11712,32,32,32,1
156,1,"[4, 32, 48, 1, 1, 0, 0, 0, 0, 0, 0, 0, 0, 0, 0, 0, 0, 0, 0, 0, 0, 0, 0, 0, 0, 0, 0, 0, 0, 0]",3,128,30720.0,12288.0,2765260089,2765272098,2765272086,2765276566,0,149406,149406,1022688,1,12009,4480,32,32,32,1
23,1,"[4, 32, 48, 1, 1, 0, 0, 0, 0, 0, 0, 0, 0, 0, 0, 4, 32, 48, 16, 16, 0, 0, 0, 0, 0, 0, 0, 0, 0, 0]",1536,128,393216.0,3151872.0,2765414435,2765425843,2765425972,2765437428,0,252349,252349,1022689,1,11408,11456,32,32,32,1
203,1,"[32, 48, 16, 16, 24, 16, 16, 1, 1, 0, 0, 1, 1, 1, 1, 1, 4, 0, 0, 0, 0, 0, 0, 0, 0, 0, 0, 0, 0, 0]",256,64,0.0,0.0,2765674225,2765689694,2765689777,2765712656,2304,204734,204734,1022690,1,15469,22879,32,32,32,1
205,1,"[4, 0, 0, 0, 0, 0, 0, 0, 0, 0, 0, 0, 0, 0, 0, 4, 0, 0, 0, 0, 0, 0, 0, 0, 0, 0, 0, 0, 0, 0]",24,512,1572864.0,3145728.0,2765904421,2766303748,2765917390,2766316616,144,608377,225822,1022691,2,27096,16671,32,32,32,1
203,1,"[32, 24, 16, 16, 24, 16, 16, 3, 3, 1, 1, 1, 1, 1, 1, 24, 4, 0, 0, 0, 0, 0, 0, 0, 0, 0, 0, 0, 0, 0]",192,1024,0.0,0.0,2766527750,2766542775,2766542438,2766564261,0,181566,181566,1022692,1,15025,21823,32,32,32,1
205,1,"[4, 0, 0, 0, 0, 0, 0, 0, 0, 0, 0, 0, 0, 0, 0, 4, 0, 0, 0, 0, 0, 0, 0, 0, 0, 0, 0, 0, 0, 0]",24,512,1572864.0,3145728.0,2766733513,2767130221,2766745827,2767142654,144,588922,207838,1022693,2,26330,15743,32,32,32,1
159,1,"[4, 32, 24, 16, 16, 0, 0, 0, 0, 0, 0, 0, 0, 0, 0, 0, 0, 0, 0, 0, 0, 0, 0, 0, 0, 0, 0, 0, 0, 0]",384,128,0.0,0.0,2767339809,2767350440,2767350492,2767357852,0,180605,180605,1022694,1,10631,7360,32,32,32,1
199,1,"[4, 32, 24, 16, 16, 0, 0, 0, 0, 0, 0, 0, 0, 0, 0, 0, 0, 0, 0, 0, 0, 0, 0, 0, 0, 0, 0, 0, 0, 0]",48,512,0.0,0.0,2767525719,2767538507,2767538457,2767547225,16,265725,265725,1022696,1,12788,8768,32,32,32,1
203,1,"[32, 24, 1, 1, 6, 1, 1, 1, 1, 0, 0, 1, 1, 1, 1, 1, 4, 0, 0, 0, 0, 0, 0, 0, 0, 0, 0, 0, 0, 0]",1,128,0.0,0.0,2767797486,2767859540,2767812950,2767864885,2304,269436,230493,1022697,2,25951,12992,32,32,32,1
159,1,"[4, 32, 6, 1, 1, 0, 0, 0, 0, 0, 0, 0, 0, 0, 0, 0, 0, 0, 0, 0, 0, 0, 0, 0, 0, 0, 0, 0, 0, 0]",1,128,0.0,0.0,2768085307,2768095047,2768095378,2768099730,0,266909,266909,1022698,1,9740,4352,32,32,32,1
203,1,"[32, 6, 1, 1, 24, 1, 1, 1, 1, 0, 0, 1, 1, 1, 1, 1, 4, 0, 0, 0, 0, 0, 0, 0, 0, 0, 0, 0, 0, 0]",3,128,0.0,0.0,2768352081,2768411606,2768366639,2768416910,2304,219134,179742,1022700,2,24216,10879,32,32,32,1
156,1,"[4, 32, 24, 1, 1, 0, 0, 0, 0, 0, 0, 0, 0, 0, 0, 0, 0, 0, 0, 0, 0, 0, 0, 0, 0, 0, 0, 0, 0, 0]",2,128,15360.0,6144.0,2768584469,2768596381,2768596652,2768601132,0,149790,149790,1022701,1,11912,4480,32,32,32,1
23,1,"[4, 32, 24, 1, 1, 0, 0, 0, 0, 0, 0, 0, 0, 0, 0, 4, 32, 24, 16, 16, 0, 0, 0, 0, 0, 0, 0, 0, 0, 0]",768,128,196608.0,1575936.0,2768738601,2768750718,2768750922,2768758986,0,251261,251261,1022702,1,12117,8064,32,32,32,1
203,1,"[32, 24, 16, 16, 24, 16, 16, 1, 1, 0, 0, 1, 1, 1, 1, 1, 4, 0, 0, 0, 0, 0, 0, 0, 0, 0, 0, 0, 0, 0]",256,64,0.0,0.0,2768994704,2769010314,2769010247,2769028263,2304,211069,211069,1022703,1,15610,18016,32,32,32,1
205,1,"[4, 0, 0, 0, 0, 0, 0, 0, 0, 0, 0, 0, 0, 0, 0, 4, 0, 0, 0, 0, 0, 0, 0, 0, 0, 0, 0, 0, 0, 0]",24,512,1572864.0,3145728.0,2769225563,2769625099,2769239332,2769638143,144,591576,209277,1022704,2,27530,16512,32,32,32,1
234,1,"[4, 32, 1, 1, 1, 0, 0, 0, 0, 0, 0, 0, 0, 0, 0, 0, 0, 0, 0, 0, 0, 0, 0, 0, 0, 0, 0, 0, 0, 0]",768,256,196608.0,1572992.0,2769832711,2770132256,2769847420,2770140313,0,398395,120670,1022705,3,39604,15168,32,32,32,1
35,1,"[4, 32, 24, 16, 16, 0, 0, 0, 0, 0, 0, 0, 0, 0, 0, 4, 32, 24, 16, 16, 0, 0, 0, 0, 0, 0, 0, 0, 0, 0]",384,128,196608.0,2359296.0,2770249264,2770260738,2770260983,2770268471,0,368156,368156,1022706,1,11474,7488,32,32,32,1
203,1,"[32, 24, 16, 16, 24, 16, 16, 3, 3, 1, 1, 1, 1, 1, 1, 24, 4, 0, 0, 0, 0, 0, 0, 0, 0, 0, 0, 0, 0, 0]",192,1024,0.0,0.0,2770619986,2770637082,2770636627,2770658002,0,190206,190206,1022707,1,17096,21375,32,32,32,1
205,1,"[4, 0, 0, 0, 0, 0, 0, 0, 0, 0, 0, 0, 0, 0, 0, 4, 0, 0, 0, 0, 0, 0, 0, 0, 0, 0, 0, 0, 0, 0]",24,512,1572864.0,3145728.0,2770835596,2771230167,2770848208,2771242539,144,582809,204286,1022708,2,26862,15808,32,32,32,1
159,1,"[4, 32, 24, 16, 16, 0, 0, 0, 0, 0, 0, 0, 0, 0, 0, 0, 0, 0, 0, 0, 0, 0, 0, 0, 0, 0, 0, 0, 0, 0]",384,128,0.0,0.0,2771436122,2771446683,2771446825,2771453896,0,185950,185950,1022709,1,10561,7071,32,32,32,1
199,1,"[4, 32, 24, 16, 16, 0, 0, 0, 0, 0, 0, 0, 0, 0, 0, 0, 0, 0, 0, 0, 0, 0, 0, 0, 0, 0, 0, 0, 0, 0]",48,512,0.0,0.0,2771620310,2771642303,2771639846,2771648806,16,259613,259613,1022711,1,21993,8960,32,32,32,1
203,1,"[32, 24, 1, 1, 6, 1, 1, 1, 1, 0, 0, 1, 1, 1, 1, 1, 4, 0, 0, 0, 0, 0, 0, 0, 0, 0, 0, 0, 0, 0]",1,128,0.0,0.0,2771892950,2771954281,2771908419,2771959522,2304,268572,230557,1022712,2,25980,13088,32,32,32,1
159,1,"[4, 32, 6, 1, 1, 0, 0, 0, 0, 0, 0, 0, 0, 0, 0, 0, 0, 0, 0, 0, 0, 0, 0, 0, 0, 0, 0, 0, 0, 0]",1,128,0.0,0.0,2772179852,2772189791,2772190079,2772194431,0,261341,261341,1022713,1,9939,4352,32,32,32,1
203,1,"[32, 6, 1, 1, 24, 1, 1, 1, 1, 0, 0, 1, 1, 1, 1, 1, 4, 0, 0, 0, 0, 0, 0, 0, 0, 0, 0, 0, 0, 0]",3,128,0.0,0.0,2772441372,2772502499,2772455772,2772507707,2304,220925,179870,1022715,2,24260,10880,32,32,32,1
156,1,"[4, 32, 24, 1, 1, 0, 0, 0, 0, 0, 0, 0, 0, 0, 0, 0, 0, 0, 0, 0, 0, 0, 0, 0, 0, 0, 0, 0, 0, 0]",2,128,15360.0,6144.0,2772675533,2772687593,2772687577,2772692089,0,151646,151646,1022716,1,12060,4512,32,32,32,1
23,1,"[4, 32, 24, 1, 1, 0, 0, 0, 0, 0, 0, 0, 0, 0, 0, 4, 32, 24, 16, 16, 0, 0, 0, 0, 0, 0, 0, 0, 0, 0]",768,128,196608.0,1575936.0,2772831749,2772843550,2772843735,2772851703,0,248797,248797,1022717,1,11801,7968,32,32,32,1
203,1,"[32, 24, 16, 16, 24, 16, 16, 1, 1, 0, 0, 1, 1, 1, 1, 1, 4, 0, 0, 0, 0, 0, 0, 0, 0, 0, 0, 0, 0, 0]",256,64,0.0,0.0,2773085130,2773100544,2773100500,2773118196,2304,210525,210525,1022718,1,15414,17696,32,32,32,1
205,1,"[4, 0, 0, 0, 0, 0, 0, 0, 0, 0, 0, 0, 0, 0, 0, 4, 0, 0, 0, 0, 0, 0, 0, 0, 0, 0, 0, 0, 0, 0]",24,512,1572864.0,3145728.0,2773315092,2773710449,2773328721,2773723436,144,578617,200350,1022719,2,27015,16448,32,32,32,1
234,1,"[4, 32, 1, 1, 1, 0, 0, 0, 0, 0, 0, 0, 0, 0, 0, 0, 0, 0, 0, 0, 0, 0, 0, 0, 0, 0, 0, 0, 0, 0]",768,256,196608.0,1572992.0,2773909593,2774201485,2773923786,2774209542,0,389404,118847,1022720,3,38919,15199,32,32,32,1
35,1,"[4, 32, 24, 16, 16, 0, 0, 0, 0, 0, 0, 0, 0, 0, 0, 4, 32, 24, 16, 16, 0, 0, 0, 0, 0, 0, 0, 0, 0, 0]",384,128,196608.0,2359296.0,2774316872,2774327967,2774328389,2774335301,0,290044,290044,1022721,1,11095,6912,32,32,32,1
203,1,"[32, 24, 16, 16, 144, 16, 16, 1, 1, 0, 0, 1, 1, 1, 1, 1, 4, 0, 0, 0, 0, 0, 0, 0, 0, 0, 0, 0, 0, 0]",192,256,56623104.0,5518848.0,2774609556,2774635063,2774625345,2774679456,16384,201022,194238,1022722,2,23187,47327,32,32,32,1
205,1,"[4, 0, 0, 0, 0, 0, 0, 0, 0, 0, 0, 0, 0, 0, 0, 4, 0, 0, 0, 0, 0, 0, 0, 0, 0, 0, 0, 0, 0, 0]",144,512,9437184.0,18874368.0,2774861194,2775264725,2774873694,2775314488,144,572569,185246,1022723,2,26015,53471,32,32,32,1
159,1,"[4, 32, 144, 16, 16, 0, 0, 0, 0, 0, 0, 0, 0, 0, 0, 0, 0, 0, 0, 0, 0, 0, 0, 0, 0, 0, 0, 0, 0, 0]",2304,128,0.0,0.0,2775473158,2775484030,2775499734,2775539701,0,170366,170366,1022724,1,10872,39967,32,32,32,1
203,1,"[32, 144, 16, 16, 144, 8, 8, 3, 3, 1, 1, 2, 2, 1, 1, 144, 4, 0, 0, 0, 0, 0, 0, 0, 0, 0, 0, 0, 0, 0]",288,1024,0.0,0.0,2775696121,2775710192,2775710067,2775758418,0,156543,156543,1022726,1,14071,48351,32,32,32,1
205,1,"[4, 0, 0, 0, 0, 0, 0, 0, 0, 0, 0, 0, 0, 0, 0, 4, 0, 0, 0, 0, 0, 0, 0, 0, 0, 0, 0, 0, 0, 0]",144,512,2359296.0,4718592.0,2775903090,2776298202,2775914961,2776316044,144,577977,198237,1022727,2,25390,21343,32,32,32,1
159,1,"[4, 32, 144, 8, 8, 0, 0, 0, 0, 0, 0, 0, 0, 0, 0, 0, 0, 0, 0, 0, 0, 0, 0, 0, 0, 0, 0, 0, 0, 0]",576,128,0.0,0.0,2776503920,2776514161,2776514281,2776521801,0,178142,178142,1022728,1,10241,7520,32,32,32,1
199,1,"[4, 32, 144, 8, 8, 0, 0, 0, 0, 0, 0, 0, 0, 0, 0, 0, 0, 0, 0, 0, 0, 0, 0, 0, 0, 0, 0, 0, 0, 0]",288,512,0.0,0.0,2776687527,2776699784,2776699943,2776716934,16,245373,245373,1022730,1,12257,16991,32,32,32,1
203,1,"[32, 144, 1, 1, 6, 1, 1, 1, 1, 0, 0, 1, 1, 1, 1, 1, 4, 0, 0, 0, 0, 0, 0, 0, 0, 0, 0, 0, 0, 0]",1,128,0.0,0.0,2776947315,2777007190,2776962307,2777012515,2304,261757,236445,1022731,2,24870,24896,32,32,32,1
159,1,"[4, 32, 6, 1, 1, 0, 0, 0, 0, 0, 0, 0, 0, 0, 0, 0, 0, 0, 0, 0, 0, 0, 0, 0, 0, 0, 0, 0, 0, 0]",1,128,0.0,0.0,2777238916,2777248602,2777248960,2777253280,0,264125,264125,1022732,1,9686,4320,32,32,32,1
203,1,"[32, 6, 1, 1, 144, 1, 1, 1, 1, 0, 0, 1, 1, 1, 1, 1, 4, 0, 0, 0, 0, 0, 0, 0, 0, 0, 0, 0, 0, 0]",18,128,0.0,0.0,2777503090,2777561278,2777517405,2777566588,2304,217789,179774,1022734,2,24473,11168,32,32,32,1
156,1,"[4, 32, 144, 1, 1, 0, 0, 0, 0, 0, 0, 0, 0, 0, 0, 0, 0, 0, 0, 0, 0, 0, 0, 0, 0, 0, 0, 0, 0, 0]",9,128,92160.0,36864.0,2777734425,2777746250,2777746362,2777750906,0,149086,149086,1022735,1,11825,4544,32,32,32,1
23,1,"[4, 32, 144, 1, 1, 0, 0, 0, 0, 0, 0, 0, 0, 0, 0, 4, 32, 144, 8, 8, 0, 0, 0, 0, 0, 0, 0, 0, 0, 0]",1152,128,294912.0,2377728.0,2777888197,2777899914,2777899992,2777909656,0,250045,250045,1022736,1,11717,9664,32,32,32,1
203,1,"[32, 144, 8, 8, 40, 8, 8, 1, 1, 0, 0, 1, 1, 1, 1, 1, 4, 0, 0, 0, 0, 0, 0, 0, 0, 0, 0, 0, 0, 0]",128,64,0.0,0.0,2778144655,2778159750,2778159701,2778191668,2304,348316,348316,1022737,1,15095,31967,32,32,32,1
205,1,"[4, 0, 0, 0, 0, 0, 0, 0, 0, 0, 0, 0, 0, 0, 0, 4, 0, 0, 0, 0, 0, 0, 0, 0, 0, 0, 0, 0, 0, 0]",40,512,655360.0,1310720.0,2778525892,2778938083,2778539984,2778947275,144,692279,297340,1022738,2,28132,12352,32,32,32,1
203,1,"[32, 40, 8, 8, 240, 8, 8, 1, 1, 0, 0, 1, 1, 1, 1, 1, 4, 0, 0, 0, 0, 0, 0, 0, 0, 0, 0, 0, 0, 0]",128,256,39321600.0,2332160.0,2779228675,2779254631,2779244615,2779284071,5376,212893,205405,1022739,2,23436,31968,32,32,32,1
205,1,"[4, 0, 0, 0, 0, 0, 0, 0, 0, 0, 0, 0, 0, 0, 0, 4, 0, 0, 0, 0, 0, 0, 0, 0, 0, 0, 0, 0, 0, 0]",240,512,3932160.0,7864320.0,2779477089,2779889437,2779489476,2779914175,144,591992,195261,1022740,2,28855,27968,32,32,32,1
159,1,"[4, 32, 240, 8, 8, 0, 0, 0, 0, 0, 0, 0, 0, 0, 0, 0, 0, 0, 0, 0, 0, 0, 0, 0, 0, 0, 0, 0, 0, 0]",960,128,0.0,0.0,2780098943,2780109433,2780109436,2780119644,0,207613,207613,1022741,1,10490,10208,32,32,32,1
203,1,"[32, 240, 8, 8, 240, 8, 8, 3, 3, 1, 1, 1, 1, 1, 1, 240, 4, 0, 0, 0, 0, 0, 0, 0, 0, 0, 0, 0, 0, 0]",480,1024,0.0,0.0,2780314365,2780327324,2780327257,2780375417,0,154046,154046,1022743,1,12959,48160,32,32,32,1
205,1,"[4, 0, 0, 0, 0, 0, 0, 0, 0, 0, 0, 0, 0, 0, 0, 4, 0, 0, 0, 0, 0, 0, 0, 0, 0, 0, 0, 0, 0, 0]",240,512,3932160.0,7864320.0,2780517642,2780911759,2780529463,2780936658,144,567320,187997,1022744,2,27338,27872,32,32,32,1
159,1,"[4, 32, 240, 8, 8, 0, 0, 0, 0, 0, 0, 0, 0, 0, 0, 0, 0, 0, 0, 0, 0, 0, 0, 0, 0, 0, 0, 0, 0, 0]",960,128,0.0,0.0,2781114429,2781124573,2781124655,2781134351,0,176894,176894,1022745,1,10144,9696,32,32,32,1
199,1,"[4, 32, 240, 8, 8, 0, 0, 0, 0, 0, 0, 0, 0, 0, 0, 0, 0, 0, 0, 0, 0, 0, 0, 0, 0, 0, 0, 0, 0, 0]",480,512,0.0,0.0,2781298748,2781311054,2781311245,2781334317,16,240829,240829,1022747,1,12306,23072,32,32,32,1
203,1,"[32, 240, 1, 1, 10, 1, 1, 1, 1, 0, 0, 1, 1, 1, 1, 1, 4, 0, 0, 0, 0, 0, 0, 0, 0, 0, 0, 0, 0, 0]",2,128,0.0,0.0,2781559652,2781623342,2781575146,2781628937,2304,251804,233117,1022748,2,28877,35104,32,32,32,1
159,1,"[4, 32, 10, 1, 1, 0, 0, 0, 0, 0, 0, 0, 0, 0, 0, 0, 0, 0, 0, 0, 0, 0, 0, 0, 0, 0, 0, 0, 0, 0]",1,128,0.0,0.0,2781852195,2781862021,2781862054,2781866854,0,263741,263741,1022749,1,9826,4800,32,32,32,1
203,1,"[32, 10, 1, 1, 240, 1, 1, 1, 1, 0, 0, 1, 1, 1, 1, 1, 4, 0, 0, 0, 0, 0, 0, 0, 0, 0, 0, 0, 0, 0]",30,128,0.0,0.0,2782115874,2782174475,2782130595,2782180419,2304,216028,178845,1022751,2,24702,12641,32,32,32,1
156,1,"[4, 32, 240, 1, 1, 0, 0, 0, 0, 0, 0, 0, 0, 0, 0, 0, 0, 0, 0, 0, 0, 0, 0, 0, 0, 0, 0, 0, 0, 0]",15,128,153600.0,61440.0,2782346746,2782358515,2782359264,2782363840,0,148446,148446,1022752,1,11769,4576,32,32,32,1
23,1,"[4, 32, 240, 1, 1, 0, 0, 0, 0, 0, 0, 0, 0, 0, 0, 4, 32, 240, 8, 8, 0, 0, 0, 0, 0, 0, 0, 0, 0, 0]",1920,128,491520.0,3962880.0,2782500214,2782512085,2782512286,2782526174,0,245181,245181,1022753,1,11871,13888,32,32,32,1
203,1,"[32, 240, 8, 8, 40, 8, 8, 1, 1, 0, 0, 1, 1, 1, 1, 1, 4, 0, 0, 0, 0, 0, 0, 0, 0, 0, 0, 0, 0, 0]",128,64,0.0,0.0,2782756682,2782771526,2782771355,2782818426,2304,180734,180734,1022754,1,14844,47071,32,32,32,1
205,1,"[4, 0, 0, 0, 0, 0, 0, 0, 0, 0, 0, 0, 0, 0, 0, 4, 0, 0, 0, 0, 0, 0, 0, 0, 0, 0, 0, 0, 0, 0]",40,512,655360.0,1310720.0,2782986288,2783383290,2782999160,2783392435,144,578521,198014,1022755,2,26402,12768,32,32,32,1
234,1,"[4, 32, 1, 1, 1, 0, 0, 0, 0, 0, 0, 0, 0, 0, 0, 0, 0, 0, 0, 0, 0, 0, 0, 0, 0, 0, 0, 0, 0, 0]",320,256,81920.0,655488.0,2783576758,2783882676,2783590449,2783888141,0,407323,122239,1022756,3,41620,12608,32,32,32,1
35,1,"[4, 32, 40, 8, 8, 0, 0, 0, 0, 0, 0, 0, 0, 0, 0, 4, 32, 40, 8, 8, 0, 0, 0, 0, 0, 0, 0, 0, 0, 0]",160,128,81920.0,983040.0,2783999118,2784010099,2784010380,2784015787,0,284253,284253,1022757,1,10981,5407,32,32,32,1
203,1,"[32, 40, 8, 8, 240, 8, 8, 1, 1, 0, 0, 1, 1, 1, 1, 1, 4, 0, 0, 0, 0, 0, 0, 0, 0, 0, 0, 0, 0, 0]",128,256,39321600.0,2332160.0,2784284254,2784309877,2784300040,2784339655,5376,213566,206366,1022758,2,23137,32415,32,32,32,1
205,1,"[4, 0, 0, 0, 0, 0, 0, 0, 0, 0, 0, 0, 0, 0, 0, 4, 0, 0, 0, 0, 0, 0, 0, 0, 0, 0, 0, 0, 0, 0]",240,512,3932160.0,7864320.0,2784533950,2784935531,2784546021,2784959232,144,583288,196989,1022759,2,25597,26912,32,32,32,1
159,1,"[4, 32, 240, 8, 8, 0, 0, 0, 0, 0, 0, 0, 0, 0, 0, 0, 0, 0, 0, 0, 0, 0, 0, 0, 0, 0, 0, 0, 0, 0]",960,128,0.0,0.0,2785145623,2785155980,2785156221,2785167005,0,205150,205150,1022760,1,10357,10784,32,32,32,1
203,1,"[32, 240, 8, 8, 240, 8, 8, 3, 3, 1, 1, 1, 1, 1, 1, 240, 4, 0, 0, 0, 0, 0, 0, 0, 0, 0, 0, 0, 0, 0]",480,1024,0.0,0.0,2785359162,2785372291,2785372155,2785420122,0,154334,154334,1022762,1,13129,47967,32,32,32,1
205,1,"[4, 0, 0, 0, 0, 0, 0, 0, 0, 0, 0, 0, 0, 0, 0, 4, 0, 0, 0, 0, 0, 0, 0, 0, 0, 0, 0, 0, 0, 0]",240,512,3932160.0,7864320.0,2785562840,2786107097,2785574456,2786132177,144,727159,198173,1022763,2,27358,28735,32,32,32,1
159,1,"[4, 32, 240, 8, 8, 0, 0, 0, 0, 0, 0, 0, 0, 0, 0, 0, 0, 0, 0, 0, 0, 0, 0, 0, 0, 0, 0, 0, 0, 0]",960,128,0.0,0.0,2786319851,2786330320,2786330350,2786340142,0,178974,178974,1022764,1,10469,9792,32,32,32,1
199,1,"[4, 32, 240, 8, 8, 0, 0, 0, 0, 0, 0, 0, 0, 0, 0, 0, 0, 0, 0, 0, 0, 0, 0, 0, 0, 0, 0, 0, 0, 0]",480,512,0.0,0.0,2786505890,2786518925,2786519116,2786541580,16,239005,239005,1022766,1,13035,22464,32,32,32,1
203,1,"[32, 240, 1, 1, 10, 1, 1, 1, 1, 0, 0, 1, 1, 1, 1, 1, 4, 0, 0, 0, 0, 0, 0, 0, 0, 0, 0, 0, 0, 0]",2,128,0.0,0.0,2786765286,2786825963,2786780585,2786831592,2304,245597,229630,1022767,2,25333,35040,32,32,32,1
159,1,"[4, 32, 10, 1, 1, 0, 0, 0, 0, 0, 0, 0, 0, 0, 0, 0, 0, 0, 0, 0, 0, 0, 0, 0, 0, 0, 0, 0, 0, 0]",1,128,0.0,0.0,2787051277,2787060903,2787061222,2787065990,0,274012,274012,1022768,1,9626,4768,32,32,32,1
203,1,"[32, 10, 1, 1, 240, 1, 1, 1, 1, 0, 0, 1, 1, 1, 1, 1, 4, 0, 0, 0, 0, 0, 0, 0, 0, 0, 0, 0, 0, 0]",30,128,0.0,0.0,2787324929,2787386694,2787340002,2787392129,2304,222813,183070,1022770,2,25337,12384,32,32,32,1
156,1,"[4, 32, 240, 1, 1, 0, 0, 0, 0, 0, 0, 0, 0, 0, 0, 0, 0, 0, 0, 0, 0, 0, 0, 0, 0, 0, 0, 0, 0, 0]",15,128,153600.0,61440.0,2787563013,2787575001,2787575199,2787579775,0,160606,160606,1022771,1,11988,4576,32,32,32,1
23,1,"[4, 32, 240, 1, 1, 0, 0, 0, 0, 0, 0, 0, 0, 0, 0, 4, 32, 240, 8, 8, 0, 0, 0, 0, 0, 0, 0, 0, 0, 0]",1920,128,491520.0,3962880.0,2787727864,2787740354,2787740381,2787755197,0,244669,244669,1022772,1,12490,14816,32,32,32,1
203,1,"[32, 240, 8, 8, 40, 8, 8, 1, 1, 0, 0, 1, 1, 1, 1, 1, 4, 0, 0, 0, 0, 0, 0, 0, 0, 0, 0, 0, 0, 0]",128,64,0.0,0.0,2787985162,2787999904,2787999866,2788047673,2304,184318,184318,1022773,1,14742,47807,32,32,32,1
205,1,"[4, 0, 0, 0, 0, 0, 0, 0, 0, 0, 0, 0, 0, 0, 0, 4, 0, 0, 0, 0, 0, 0, 0, 0, 0, 0, 0, 0, 0, 0]",40,512,655360.0,1310720.0,2788219207,2788626681,2788231991,2788636146,144,606200,215069,1022774,2,26012,13024,32,32,32,1
234,1,"[4, 32, 1, 1, 1, 0, 0, 0, 0, 0, 0, 0, 0, 0, 0, 0, 0, 0, 0, 0, 0, 0, 0, 0, 0, 0, 0, 0, 0, 0]",320,256,81920.0,655488.0,2788837384,2789131112,2788851215,2789136683,0,395227,122399,1022775,3,38299,12640,32,32,32,1
35,1,"[4, 32, 40, 8, 8, 0, 0, 0, 0, 0, 0, 0, 0, 0, 0, 4, 32, 40, 8, 8, 0, 0, 0, 0, 0, 0, 0, 0, 0, 0]",160,128,81920.0,983040.0,2789247565,2789258717,2789259082,2789264938,0,287100,287100,1022776,1,11152,5856,32,32,32,1
203,1,"[32, 40, 8, 8, 240, 8, 8, 1, 1, 0, 0, 1, 1, 1, 1, 1, 4, 0, 0, 0, 0, 0, 0, 0, 0, 0, 0, 0, 0, 0]",128,256,39321600.0,2332160.0,2789536169,2789561984,2789552038,2789591814,5376,215645,208317,1022777,2,23271,32448,32,32,32,1
205,1,"[4, 0, 0, 0, 0, 0, 0, 0, 0, 0, 0, 0, 0, 0, 0, 4, 0, 0, 0, 0, 0, 0, 0, 0, 0, 0, 0, 0, 0, 0]",240,512,3932160.0,7864320.0,2789787936,2790186387,2789800131,2790211166,144,576793,193694,1022778,2,25324,27936,32,32,32,1
159,1,"[4, 32, 240, 8, 8, 0, 0, 0, 0, 0, 0, 0, 0, 0, 0, 0, 0, 0, 0, 0, 0, 0, 0, 0, 0, 0, 0, 0, 0, 0]",960,128,0.0,0.0,2790394283,2790404599,2790404860,2790415516,0,221565,221565,1022779,1,10316,10656,32,32,32,1
203,1,"[32, 240, 8, 8, 240, 8, 8, 3, 3, 1, 1, 1, 1, 1, 1, 240, 4, 0, 0, 0, 0, 0, 0, 0, 0, 0, 0, 0, 0, 0]",480,1024,0.0,0.0,2790623803,2790637145,2790637081,2790685048,0,172286,172286,1022781,1,13342,47967,32,32,32,1
205,1,"[4, 0, 0, 0, 0, 0, 0, 0, 0, 0, 0, 0, 0, 0, 0, 4, 0, 0, 0, 0, 0, 0, 0, 0, 0, 0, 0, 0, 0, 0]",240,512,3932160.0,7864320.0,2790845736,2791244939,2790857334,2791270353,144,574840,190365,1022782,2,24233,28544,32,32,32,1
159,1,"[4, 32, 240, 8, 8, 0, 0, 0, 0, 0, 0, 0, 0, 0, 0, 0, 0, 0, 0, 0, 0, 0, 0, 0, 0, 0, 0, 0, 0, 0]",960,128,0.0,0.0,2791450569,2791460563,2791460718,2791470926,0,186462,186462,1022783,1,9994,10208,32,32,32,1
199,1,"[4, 32, 240, 8, 8, 0, 0, 0, 0, 0, 0, 0, 0, 0, 0, 0, 0, 0, 0, 0, 0, 0, 0, 0, 0, 0, 0, 0, 0, 0]",480,512,0.0,0.0,2791644033,2791657337,2791657388,2791680108,16,246300,246300,1022785,1,13304,22720,32,32,32,1
203,1,"[32, 240, 1, 1, 10, 1, 1, 1, 1, 0, 0, 1, 1, 1, 1, 1, 4, 0, 0, 0, 0, 0, 0, 0, 0, 0, 0, 0, 0, 0]",2,128,0.0,0.0,2791911339,2791971526,2791926408,2791977096,2304,248733,233181,1022786,2,25544,35136,32,32,32,1
159,1,"[4, 32, 10, 1, 1, 0, 0, 0, 0, 0, 0, 0, 0, 0, 0, 0, 0, 0, 0, 0, 0, 0, 0, 0, 0, 0, 0, 0, 0, 0]",1,128,0.0,0.0,2792199615,2792210235,2792210277,2792215045,0,261917,261917,1022787,1,10620,4768,32,32,32,1
203,1,"[32, 10, 1, 1, 240, 1, 1, 1, 1, 0, 0, 1, 1, 1, 1, 1, 4, 0, 0, 0, 0, 0, 0, 0, 0, 0, 0, 0, 0, 0]",30,128,0.0,0.0,2792462512,2792521101,2792476962,2792526529,2304,222397,185054,1022789,2,23952,12224,32,32,32,1
156,1,"[4, 32, 240, 1, 1, 0, 0, 0, 0, 0, 0, 0, 0, 0, 0, 0, 0, 0, 0, 0, 0, 0, 0, 0, 0, 0, 0, 0, 0, 0]",15,128,153600.0,61440.0,2792696748,2792711620,2792711583,2792716159,0,153502,153502,1022790,1,14872,4576,32,32,32,1
23,1,"[4, 32, 240, 1, 1, 0, 0, 0, 0, 0, 0, 0, 0, 0, 0, 4, 32, 240, 8, 8, 0, 0, 0, 0, 0, 0, 0, 0, 0, 0]",1920,128,491520.0,3962880.0,2792857647,2792869448,2792869661,2792883645,0,244253,244253,1022791,1,11801,13984,32,32,32,1
203,1,"[32, 240, 8, 8, 40, 8, 8, 1, 1, 0, 0, 1, 1, 1, 1, 1, 4, 0, 0, 0, 0, 0, 0, 0, 0, 0, 0, 0, 0, 0]",128,64,0.0,0.0,2793112797,2793127883,2793127898,2793174745,2304,183422,183422,1022792,1,15086,46847,32,32,32,1
205,1,"[4, 0, 0, 0, 0, 0, 0, 0, 0, 0, 0, 0, 0, 0, 0, 4, 0, 0, 0, 0, 0, 0, 0, 0, 0, 0, 0, 0, 0, 0]",40,512,655360.0,1310720.0,2793345402,2793927459,2793358167,2793935216,144,777046,212829,1022793,2,29546,12832,32,32,32,1
234,1,"[4, 32, 1, 1, 1, 0, 0, 0, 0, 0, 0, 0, 0, 0, 0, 0, 0, 0, 0, 0, 0, 0, 0, 0, 0, 0, 0, 0, 0, 0]",320,256,81920.0,655488.0,2794133902,2794429835,2794148045,2794434825,0,397147,123007,1022794,3,38944,12640,32,32,32,1
35,1,"[4, 32, 40, 8, 8, 0, 0, 0, 0, 0, 0, 0, 0, 0, 0, 4, 32, 40, 8, 8, 0, 0, 0, 0, 0, 0, 0, 0, 0, 0]",160,128,81920.0,983040.0,2794545151,2794556717,2794557832,2794563304,0,282844,282844,1022795,1,11566,5472,32,32,32,1
203,1,"[32, 40, 8, 8, 240, 8, 8, 1, 1, 0, 0, 1, 1, 1, 1, 1, 4, 0, 0, 0, 0, 0, 0, 0, 0, 0, 0, 0, 0, 0]",128,256,39321600.0,2332160.0,2794830395,2794856403,2794846148,2794886308,5376,217213,208989,1022796,2,23600,31936,32,32,32,1
205,1,"[4, 0, 0, 0, 0, 0, 0, 0, 0, 0, 0, 0, 0, 0, 0, 4, 0, 0, 0, 0, 0, 0, 0, 0, 0, 0, 0, 0, 0, 0]",240,512,3932160.0,7864320.0,2795083298,2795486313,2795095297,2795510748,144,590424,202621,1022797,2,27809,27648,32,32,32,1
159,1,"[4, 32, 240, 8, 8, 0, 0, 0, 0, 0, 0, 0, 0, 0, 0, 0, 0, 0, 0, 0, 0, 0, 0, 0, 0, 0, 0, 0, 0, 0]",960,128,0.0,0.0,2795702975,2795713283,2795713369,2795723225,0,208733,208733,1022798,1,10308,9856,32,32,32,1
203,1,"[32, 240, 8, 8, 240, 8, 8, 3, 3, 1, 1, 1, 1, 1, 1, 240, 4, 0, 0, 0, 0, 0, 0, 0, 0, 0, 0, 0, 0, 0]",480,1024,0.0,0.0,2795918854,2795932071,2795931958,2795980086,0,158078,158078,1022800,1,13217,48128,32,32,32,1
205,1,"[4, 0, 0, 0, 0, 0, 0, 0, 0, 0, 0, 0, 0, 0, 0, 4, 0, 0, 0, 0, 0, 0, 0, 0, 0, 0, 0, 0, 0, 0]",240,512,3932160.0,7864320.0,2796126123,2796525802,2796138164,2796550127,144,577880,193821,1022801,2,26631,27904,32,32,32,1
159,1,"[4, 32, 240, 8, 8, 0, 0, 0, 0, 0, 0, 0, 0, 0, 0, 0, 0, 0, 0, 0, 0, 0, 0, 0, 0, 0, 0, 0, 0, 0]",960,128,0.0,0.0,2796733608,2796743845,2796743948,2796753164,0,175902,175902,1022802,1,10237,9216,32,32,32,1
199,1,"[4, 32, 240, 8, 8, 0, 0, 0, 0, 0, 0, 0, 0, 0, 0, 0, 0, 0, 0, 0, 0, 0, 0, 0, 0, 0, 0, 0, 0, 0]",480,512,0.0,0.0,2796916118,2796928783,2796929066,2796951754,16,239933,239933,1022804,1,12665,22688,32,32,32,1
203,1,"[32, 240, 1, 1, 10, 1, 1, 1, 1, 0, 0, 1, 1, 1, 1, 1, 4, 0, 0, 0, 0, 0, 0, 0, 0, 0, 0, 0, 0, 0]",2,128,0.0,0.0,2797176825,2797241281,2797191687,2797246726,2304,252861,232605,1022805,2,28225,34783,32,32,32,1
159,1,"[4, 32, 10, 1, 1, 0, 0, 0, 0, 0, 0, 0, 0, 0, 0, 0, 0, 0, 0, 0, 0, 0, 0, 0, 0, 0, 0, 0, 0, 0]",1,128,0.0,0.0,2797469328,2797479182,2797479331,2797484227,0,261981,261981,1022806,1,9854,4896,32,32,32,1
203,1,"[32, 10, 1, 1, 240, 1, 1, 1, 1, 0, 0, 1, 1, 1, 1, 1, 4, 0, 0, 0, 0, 0, 0, 0, 0, 0, 0, 0, 0, 0]",30,128,0.0,0.0,2797731549,2797790929,2797746208,2797796479,2304,218109,180062,1022808,2,24491,12224,32,32,32,1
156,1,"[4, 32, 240, 1, 1, 0, 0, 0, 0, 0, 0, 0, 0, 0, 0, 0, 0, 0, 0, 0, 0, 0, 0, 0, 0, 0, 0, 0, 0, 0]",15,128,153600.0,61440.0,2797964399,2797976338,2797976541,2797981117,0,149342,149342,1022809,1,11939,4576,32,32,32,1
23,1,"[4, 32, 240, 1, 1, 0, 0, 0, 0, 0, 0, 0, 0, 0, 0, 4, 32, 240, 8, 8, 0, 0, 0, 0, 0, 0, 0, 0, 0, 0]",1920,128,491520.0,3962880.0,2798118891,2798130034,2798130459,2798144507,0,245341,245341,1022810,1,11143,14048,32,32,32,1
203,1,"[32, 240, 8, 8, 40, 8, 8, 1, 1, 0, 0, 1, 1, 1, 1, 1, 4, 0, 0, 0, 0, 0, 0, 0, 0, 0, 0, 0, 0, 0]",128,64,0.0,0.0,2798375026,2798389870,2798389848,2798436023,2304,185374,185374,1022811,1,14844,46175,32,32,32,1
205,1,"[4, 0, 0, 0, 0, 0, 0, 0, 0, 0, 0, 0, 0, 0, 0, 4, 0, 0, 0, 0, 0, 0, 0, 0, 0, 0, 0, 0, 0, 0]",40,512,655360.0,1310720.0,2798608461,2799007123,2798621397,2799016176,144,583833,201566,1022812,2,26840,12512,32,32,32,1
234,1,"[4, 32, 1, 1, 1, 0, 0, 0, 0, 0, 0, 0, 0, 0, 0, 0, 0, 0, 0, 0, 0, 0, 0, 0, 0, 0, 0, 0, 0, 0]",320,256,81920.0,655488.0,2799203836,2799498929,2799217742,2799504586,0,401627,127678,1022813,3,38158,12895,32,32,32,1
35,1,"[4, 32, 40, 8, 8, 0, 0, 0, 0, 0, 0, 0, 0, 0, 0, 4, 32, 40, 8, 8, 0, 0, 0, 0, 0, 0, 0, 0, 0, 0]",160,128,81920.0,983040.0,2799614479,2799632223,2799632264,2799637864,0,287900,287900,1022814,1,17744,5600,32,32,32,1
203,1,"[32, 40, 8, 8, 240, 8, 8, 1, 1, 0, 0, 1, 1, 1, 1, 1, 4, 0, 0, 0, 0, 0, 0, 0, 0, 0, 0, 0, 0, 0]",128,256,39321600.0,2332160.0,2799909224,2799935554,2799925764,2799964932,5376,214014,206846,1022815,2,23838,32000,32,32,32,1
205,1,"[4, 0, 0, 0, 0, 0, 0, 0, 0, 0, 0, 0, 0, 0, 0, 4, 0, 0, 0, 0, 0, 0, 0, 0, 0, 0, 0, 0, 0, 0]",240,512,3932160.0,7864320.0,2800159671,2800561202,2800171778,2800585916,144,581753,195550,1022816,2,25874,27935,32,32,32,1
159,1,"[4, 32, 240, 8, 8, 0, 0, 0, 0, 0, 0, 0, 0, 0, 0, 0, 0, 0, 0, 0, 0, 0, 0, 0, 0, 0, 0, 0, 0, 0]",960,128,0.0,0.0,2800771317,2800781319,2800781466,2800792250,0,211133,211133,1022817,1,10002,10784,32,32,32,1
203,1,"[32, 240, 8, 8, 240, 4, 4, 5, 5, 2, 2, 2, 2, 1, 1, 240, 4, 0, 0, 0, 0, 0, 0, 0, 0, 0, 0, 0, 0, 0]",120,1024,0.0,0.0,2800990032,2801003625,2801003383,2801044439,0,161822,161822,1022819,1,13593,41056,32,32,32,1
205,1,"[4, 0, 0, 0, 0, 0, 0, 0, 0, 0, 0, 0, 0, 0, 0, 4, 0, 0, 0, 0, 0, 0, 0, 0, 0, 0, 0, 0, 0, 0]",240,512,983040.0,1966080.0,2801194405,2801740074,2801206261,2801757902,144,736022,205789,1022820,2,27312,21408,32,32,32,1
159,1,"[4, 32, 240, 4, 4, 0, 0, 0, 0, 0, 0, 0, 0, 0, 0, 0, 0, 0, 0, 0, 0, 0, 0, 0, 0, 0, 0, 0, 0, 0]",240,128,0.0,0.0,2801952402,2801963193,2801963691,2801969291,0,178942,178942,1022821,1,10791,5600,32,32,32,1
199,1,"[4, 32, 240, 4, 4, 0, 0, 0, 0, 0, 0, 0, 0, 0, 0, 0, 0, 0, 0, 0, 0, 0, 0, 0, 0, 0, 0, 0, 0, 0]",240,512,0.0,0.0,2802136061,2802148295,2802148233,2802162537,16,249533,249533,1022823,1,12234,14304,32,32,32,1
203,1,"[32, 240, 1, 1, 10, 1, 1, 1, 1, 0, 0, 1, 1, 1, 1, 1, 4, 0, 0, 0, 0, 0, 0, 0, 0, 0, 0, 0, 0, 0]",2,128,0.0,0.0,2802397157,2802456961,2802412070,2802462949,2304,272445,256573,1022824,2,25060,35007,32,32,32,1
159,1,"[4, 32, 10, 1, 1, 0, 0, 0, 0, 0, 0, 0, 0, 0, 0, 0, 0, 0, 0, 0, 0, 0, 0, 0, 0, 0, 0, 0, 0, 0]",1,128,0.0,0.0,2802708998,2802719418,2802719522,2802724258,0,286460,286460,1022825,1,10420,4736,32,32,32,1
203,1,"[32, 10, 1, 1, 240, 1, 1, 1, 1, 0, 0, 1, 1, 1, 1, 1, 4, 0, 0, 0, 0, 0, 0, 0, 0, 0, 0, 0, 0, 0]",30,128,0.0,0.0,2802994856,2803058402,2803010718,2803063902,2304,241372,200477,1022827,2,26068,12289,32,32,32,1
156,1,"[4, 32, 240, 1, 1, 0, 0, 0, 0, 0, 0, 0, 0, 0, 0, 0, 0, 0, 0, 0, 0, 0, 0, 0, 0, 0, 0, 0, 0, 0]",15,128,153600.0,61440.0,2803251351,2803264507,2803264379,2803268859,0,174878,174878,1022828,1,13156,4480,32,32,32,1
23,1,"[4, 32, 240, 1, 1, 0, 0, 0, 0, 0, 0, 0, 0, 0, 0, 4, 32, 240, 4, 4, 0, 0, 0, 0, 0, 0, 0, 0, 0, 0]",480,128,122880.0,1013760.0,2803430835,2803443694,2803443737,2803450489,0,282652,282652,1022829,1,12859,6752,32,32,32,1
203,1,"[32, 240, 4, 4, 64, 4, 4, 1, 1, 0, 0, 1, 1, 1, 1, 1, 4, 0, 0, 0, 0, 0, 0, 0, 0, 0, 0, 0, 0, 0]",240,64,0.0,0.0,2803716478,2803743433,2803733141,2803769237,4608,241629,233981,1022830,2,25177,28448,32,32,32,1
205,1,"[4, 0, 0, 0, 0, 0, 0, 0, 0, 0, 0, 0, 0, 0, 0, 4, 0, 0, 0, 0, 0, 0, 0, 0, 0, 0, 0, 0, 0, 0]",64,512,262144.0,524288.0,2803990861,2804393783,2804003218,2804402573,144,687511,300220,1022831,2,28735,12064,32,32,32,1
203,1,"[32, 64, 4, 4, 384, 4, 4, 1, 1, 0, 0, 1, 1, 1, 1, 1, 4, 0, 0, 0, 0, 0, 0, 0, 0, 0, 0, 0, 0, 0]",24,256,25165824.0,1015808.0,2804687059,2804713152,2804702793,2804739657,16384,216861,209309,1022832,2,23734,29312,32,32,32,1
205,1,"[4, 0, 0, 0, 0, 0, 0, 0, 0, 0, 0, 0, 0, 0, 0, 4, 0, 0, 0, 0, 0, 0, 0, 0, 0, 0, 0, 0, 0, 0]",384,512,1572864.0,3145728.0,2804936615,2805337945,2804948966,2805365985,144,577208,191453,1022833,2,25394,31264,32,32,32,1
159,1,"[4, 32, 384, 4, 4, 0, 0, 0, 0, 0, 0, 0, 0, 0, 0, 0, 0, 0, 0, 0, 0, 0, 0, 0, 0, 0, 0, 0, 0, 0]",384,128,0.0,0.0,2805547054,2805557383,2805557438,2805564318,0,216221,216221,1022834,1,10329,6880,32,32,32,1
203,1,"[32, 384, 4, 4, 384, 4, 4, 5, 5, 2, 2, 1, 1, 1, 1, 384, 4, 0, 0, 0, 0, 0, 0, 0, 0, 0, 0, 0, 0, 0]",192,1024,0.0,0.0,2805767116,2805780782,2805780539,2805825883,0,157278,157278,1022836,1,13666,45344,32,32,32,1
205,1,"[4, 0, 0, 0, 0, 0, 0, 0, 0, 0, 0, 0, 0, 0, 0, 4, 0, 0, 0, 0, 0, 0, 0, 0, 0, 0, 0, 0, 0, 0]",384,512,1572864.0,3145728.0,2805971464,2806367658,2805983161,2806395380,144,572825,191614,1022837,2,25085,31008,32,32,32,1
159,1,"[4, 32, 384, 4, 4, 0, 0, 0, 0, 0, 0, 0, 0, 0, 0, 0, 0, 0, 0, 0, 0, 0, 0, 0, 0, 0, 0, 0, 0, 0]",384,128,0.0,0.0,2806576396,2806587004,2806586994,2806593041,0,178654,178654,1022838,1,10608,6047,32,32,32,1
199,1,"[4, 32, 384, 4, 4, 0, 0, 0, 0, 0, 0, 0, 0, 0, 0, 0, 0, 0, 0, 0, 0, 0, 0, 0, 0, 0, 0, 0, 0, 0]",384,512,0.0,0.0,2806759527,2806771560,2806771695,2806790479,16,245213,245213,1022840,1,12033,18784,32,32,32,1
203,1,"[32, 384, 1, 1, 16, 1, 1, 1, 1, 0, 0, 1, 1, 1, 1, 1, 4, 0, 0, 0, 0, 0, 0, 0, 0, 0, 0, 0, 0, 0]",2,128,0.0,0.0,2807020827,2807081605,2807035692,2807090379,2304,233469,231773,1022841,2,25219,52991,32,32,32,1
159,1,"[4, 32, 16, 1, 1, 0, 0, 0, 0, 0, 0, 0, 0, 0, 0, 0, 0, 0, 0, 0, 0, 0, 0, 0, 0, 0, 0, 0, 0, 0]",1,128,0.0,0.0,2807312143,2807322036,2807322152,2807326984,0,262045,262045,1022842,1,9893,4832,32,32,32,1
203,1,"[32, 16, 1, 1, 384, 1, 1, 1, 1, 0, 0, 1, 1, 1, 1, 1, 4, 0, 0, 0, 0, 0, 0, 0, 0, 0, 0, 0, 0, 0]",48,128,0.0,0.0,2807574417,2807641019,2807589029,2807646468,2304,229277,184926,1022844,2,25350,13088,32,32,32,1
156,1,"[4, 32, 384, 1, 1, 0, 0, 0, 0, 0, 0, 0, 0, 0, 0, 0, 0, 0, 0, 0, 0, 0, 0, 0, 0, 0, 0, 0, 0, 0]",24,128,245760.0,98304.0,2807818776,2807831156,2807831394,2807835970,0,151774,151774,1022845,1,12380,4576,32,32,32,1
23,1,"[4, 32, 384, 1, 1, 0, 0, 0, 0, 0, 0, 0, 0, 0, 0, 4, 32, 384, 4, 4, 0, 0, 0, 0, 0, 0, 0, 0, 0, 0]",768,128,196608.0,1622016.0,2807976034,2807987640,2807987744,2807996064,0,253853,253853,1022846,1,11606,8320,32,32,32,1
203,1,"[32, 384, 4, 4, 64, 4, 4, 1, 1, 0, 0, 1, 1, 1, 1, 1, 4, 0, 0, 0, 0, 0, 0, 0, 0, 0, 0, 0, 0, 0]",384,64,0.0,0.0,2808235018,2808262578,2808249917,2808296508,4608,204476,197213,1022847,2,25819,39328,32,32,32,1
205,1,"[4, 0, 0, 0, 0, 0, 0, 0, 0, 0, 0, 0, 0, 0, 0, 4, 0, 0, 0, 0, 0, 0, 0, 0, 0, 0, 0, 0, 0, 0]",64,512,262144.0,524288.0,2808481108,2808882245,2808493721,2808890933,144,586521,201309,1022848,2,25436,12000,32,32,32,1
234,1,"[4, 32, 1, 1, 1, 0, 0, 0, 0, 0, 0, 0, 0, 0, 0, 0, 0, 0, 0, 0, 0, 0, 0, 0, 0, 0, 0, 0, 0, 0]",128,256,32768.0,262272.0,2809078794,2809374198,2809092242,2809376559,0,399515,127390,1022849,3,40092,12192,32,32,32,1
35,1,"[4, 32, 64, 4, 4, 0, 0, 0, 0, 0, 0, 0, 0, 0, 0, 4, 32, 64, 4, 4, 0, 0, 0, 0, 0, 0, 0, 0, 0, 0]",64,128,32768.0,393216.0,2809492412,2809503669,2809503949,2809508397,0,443130,443130,1022850,1,11257,4448,32,32,32,1
203,1,"[32, 64, 4, 4, 384, 4, 4, 1, 1, 0, 0, 1, 1, 1, 1, 1, 4, 0, 0, 0, 0, 0, 0, 0, 0, 0, 0, 0, 0, 0]",24,256,25165824.0,1015808.0,2809934521,2809961479,2809951527,2809988103,16384,221884,214589,1022851,2,24700,29281,32,32,32,1
205,1,"[4, 0, 0, 0, 0, 0, 0, 0, 0, 0, 0, 0, 0, 0, 0, 4, 0, 0, 0, 0, 0, 0, 0, 0, 0, 0, 0, 0, 0, 0]",384,512,1572864.0,3145728.0,2810190651,2810596528,2810202692,2810624031,144,586489,195998,1022852,2,25539,30848,32,32,32,1
159,1,"[4, 32, 384, 4, 4, 0, 0, 0, 0, 0, 0, 0, 0, 0, 0, 0, 0, 0, 0, 0, 0, 0, 0, 0, 0, 0, 0, 0, 0, 0]",384,128,0.0,0.0,2810809274,2810819952,2810820029,2810826557,0,212157,212157,1022853,1,10678,6528,32,32,32,1
203,1,"[32, 384, 4, 4, 384, 4, 4, 5, 5, 2, 2, 1, 1, 1, 1, 384, 4, 0, 0, 0, 0, 0, 0, 0, 0, 0, 0, 0, 0, 0]",192,1024,0.0,0.0,2811025259,2811039029,2811038714,2811084569,0,159518,159518,1022855,1,13770,45855,32,32,32,1
205,1,"[4, 0, 0, 0, 0, 0, 0, 0, 0, 0, 0, 0, 0, 0, 0, 4, 0, 0, 0, 0, 0, 0, 0, 0, 0, 0, 0, 0, 0, 0]",384,512,1572864.0,3145728.0,2811232403,2811631594,2811244087,2811659058,144,582072,197917,1022856,2,31462,30816,32,32,32,1
159,1,"[4, 32, 384, 4, 4, 0, 0, 0, 0, 0, 0, 0, 0, 0, 0, 0, 0, 0, 0, 0, 0, 0, 0, 0, 0, 0, 0, 0, 0, 0]",384,128,0.0,0.0,2811846532,2811856870,2811856975,2811863344,0,179581,179581,1022857,1,10338,6369,32,32,32,1
199,1,"[4, 32, 384, 4, 4, 0, 0, 0, 0, 0, 0, 0, 0, 0, 0, 0, 0, 0, 0, 0, 0, 0, 0, 0, 0, 0, 0, 0, 0, 0]",384,512,0.0,0.0,2812030093,2812042863,2812042925,2812061549,16,245949,245949,1022859,1,12770,18624,32,32,32,1
203,1,"[32, 384, 1, 1, 16, 1, 1, 1, 1, 0, 0, 1, 1, 1, 1, 1, 4, 0, 0, 0, 0, 0, 0, 0, 0, 0, 0, 0, 0, 0]",2,128,0.0,0.0,2812292116,2812353282,2812307498,2812362025,2304,231580,230077,1022860,2,26397,53024,32,32,32,1
159,1,"[4, 32, 16, 1, 1, 0, 0, 0, 0, 0, 0, 0, 0, 0, 0, 0, 0, 0, 0, 0, 0, 0, 0, 0, 0, 0, 0, 0, 0, 0]",1,128,0.0,0.0,2812581852,2812592127,2812592102,2812596870,0,269405,269405,1022861,1,10275,4768,32,32,32,1
203,1,"[32, 16, 1, 1, 384, 1, 1, 1, 1, 0, 0, 1, 1, 1, 1, 1, 4, 0, 0, 0, 0, 0, 0, 0, 0, 0, 0, 0, 0, 0]",48,128,0.0,0.0,2812851225,2812911133,2812866275,2812916770,2304,218493,180798,1022863,2,24929,12800,32,32,32,1
156,1,"[4, 32, 384, 1, 1, 0, 0, 0, 0, 0, 0, 0, 0, 0, 0, 0, 0, 0, 0, 0, 0, 0, 0, 0, 0, 0, 0, 0, 0, 0]",24,128,245760.0,98304.0,2813085564,2813097408,2813097568,2813102208,0,151710,151710,1022864,1,11844,4640,32,32,32,1
23,1,"[4, 32, 384, 1, 1, 0, 0, 0, 0, 0, 0, 0, 0, 0, 0, 4, 32, 384, 4, 4, 0, 0, 0, 0, 0, 0, 0, 0, 0, 0]",768,128,196608.0,1622016.0,2813241957,2813253656,2813253918,2813261950,0,252189,252189,1022865,1,11699,8032,32,32,32,1
203,1,"[32, 384, 4, 4, 64, 4, 4, 1, 1, 0, 0, 1, 1, 1, 1, 1, 4, 0, 0, 0, 0, 0, 0, 0, 0, 0, 0, 0, 0, 0]",384,64,0.0,0.0,2813498961,2813523230,2813514139,2813559706,4608,201278,195006,1022866,2,22777,39295,32,32,32,1
205,1,"[4, 0, 0, 0, 0, 0, 0, 0, 0, 0, 0, 0, 0, 0, 0, 4, 0, 0, 0, 0, 0, 0, 0, 0, 0, 0, 0, 0, 0, 0]",64,512,262144.0,524288.0,2813742343,2814143904,2813754712,2814152851,144,587224,201085,1022867,2,25492,12000,32,32,32,1
234,1,"[4, 32, 1, 1, 1, 0, 0, 0, 0, 0, 0, 0, 0, 0, 0, 0, 0, 0, 0, 0, 0, 0, 0, 0, 0, 0, 0, 0, 0, 0]",128,256,32768.0,262272.0,2814340238,2814634476,2814353936,2814639565,0,397018,123550,1022868,3,37745,12161,32,32,32,1
35,1,"[4, 32, 64, 4, 4, 0, 0, 0, 0, 0, 0, 0, 0, 0, 0, 4, 32, 64, 4, 4, 0, 0, 0, 0, 0, 0, 0, 0, 0, 0]",64,128,32768.0,393216.0,2814751710,2814762813,2814763115,2814767403,0,289436,289436,1022869,1,11103,4288,32,32,32,1
203,1,"[32, 64, 4, 4, 384, 4, 4, 1, 1, 0, 0, 1, 1, 1, 1, 1, 4, 0, 0, 0, 0, 0, 0, 0, 0, 0, 0, 0, 0, 0]",24,256,25165824.0,1015808.0,2815040609,2815066589,2815056839,2815093223,16384,221758,214718,1022870,2,23693,29344,32,32,32,1
205,1,"[4, 0, 0, 0, 0, 0, 0, 0, 0, 0, 0, 0, 0, 0, 0, 4, 0, 0, 0, 0, 0, 0, 0, 0, 0, 0, 0, 0, 0, 0]",384,512,1572864.0,3145728.0,2815295493,2815702400,2815307941,2815729855,144,586617,195390,1022871,2,25496,30687,32,32,32,1
159,1,"[4, 32, 384, 4, 4, 0, 0, 0, 0, 0, 0, 0, 0, 0, 0, 0, 0, 0, 0, 0, 0, 0, 0, 0, 0, 0, 0, 0, 0, 0]",384,128,0.0,0.0,2815914369,2815925057,2815925245,2815932381,0,213277,213277,1022872,1,10688,7136,32,32,32,1
203,1,"[32, 384, 4, 4, 384, 4, 4, 5, 5, 2, 2, 1, 1, 1, 1, 384, 4, 0, 0, 0, 0, 0, 0, 0, 0, 0, 0, 0, 0, 0]",192,1024,0.0,0.0,2816131775,2816145945,2816145658,2816191130,0,159805,159805,1022874,1,14170,45472,32,32,32,1
205,1,"[4, 0, 0, 0, 0, 0, 0, 0, 0, 0, 0, 0, 0, 0, 0, 4, 0, 0, 0, 0, 0, 0, 0, 0, 0, 0, 0, 0, 0, 0]",384,512,1572864.0,3145728.0,2816339060,2816734649,2816350935,2816762290,144,568922,188862,1022875,2,25711,31295,32,32,32,1
159,1,"[4, 32, 384, 4, 4, 0, 0, 0, 0, 0, 0, 0, 0, 0, 0, 0, 0, 0, 0, 0, 0, 0, 0, 0, 0, 0, 0, 0, 0, 0]",384,128,0.0,0.0,2816940217,2816950981,2816951152,2816957072,0,180317,180317,1022876,1,10764,5920,32,32,32,1
199,1,"[4, 32, 384, 4, 4, 0, 0, 0, 0, 0, 0, 0, 0, 0, 0, 0, 0, 0, 0, 0, 0, 0, 0, 0, 0, 0, 0, 0, 0, 0]",384,512,0.0,0.0,2817124818,2817139460,2817137389,2817156077,16,252605,252605,1022878,1,14642,18688,32,32,32,1
203,1,"[32, 384, 1, 1, 16, 1, 1, 1, 1, 0, 0, 1, 1, 1, 1, 1, 4, 0, 0, 0, 0, 0, 0, 0, 0, 0, 0, 0, 0, 0]",2,128,0.0,0.0,2817393260,2817455218,2817408682,2817463241,2304,383996,382492,1022879,2,27311,53055,32,32,32,1
159,1,"[4, 32, 16, 1, 1, 0, 0, 0, 0, 0, 0, 0, 0, 0, 0, 0, 0, 0, 0, 0, 0, 0, 0, 0, 0, 0, 0, 0, 0, 0]",1,128,0.0,0.0,2817835238,2817845764,2817845733,2817850949,0,273372,273372,1022880,1,10526,5216,32,32,32,1
203,1,"[32, 16, 1, 1, 384, 1, 1, 1, 1, 0, 0, 1, 1, 1, 1, 1, 4, 0, 0, 0, 0, 0, 0, 0, 0, 0, 0, 0, 0, 0]",48,128,0.0,0.0,2818108819,2818168719,2818124321,2818174177,2304,218333,181245,1022882,2,25484,12768,32,32,32,1
156,1,"[4, 32, 384, 1, 1, 0, 0, 0, 0, 0, 0, 0, 0, 0, 0, 0, 0, 0, 0, 0, 0, 0, 0, 0, 0, 0, 0, 0, 0, 0]",24,128,245760.0,98304.0,2818343399,2818357916,2818355422,2818359998,0,153182,153182,1022883,1,14517,4576,32,32,32,1
23,1,"[4, 32, 384, 1, 1, 0, 0, 0, 0, 0, 0, 0, 0, 0, 0, 4, 32, 384, 4, 4, 0, 0, 0, 0, 0, 0, 0, 0, 0, 0]",768,128,196608.0,1622016.0,2818501362,2818512917,2818513180,2818521276,0,250205,250205,1022884,1,11555,8096,32,32,32,1
203,1,"[32, 384, 4, 4, 64, 4, 4, 1, 1, 0, 0, 1, 1, 1, 1, 1, 4, 0, 0, 0, 0, 0, 0, 0, 0, 0, 0, 0, 0, 0]",384,64,0.0,0.0,2818756845,2818780585,2818771481,2818817113,4608,199869,193437,1022885,2,22192,39200,32,32,32,1
205,1,"[4, 0, 0, 0, 0, 0, 0, 0, 0, 0, 0, 0, 0, 0, 0, 4, 0, 0, 0, 0, 0, 0, 0, 0, 0, 0, 0, 0, 0, 0]",64,512,262144.0,524288.0,2818998489,2819397823,2819010550,2819404017,144,583801,202590,1022886,2,27510,12256,32,32,32,1
234,1,"[4, 32, 1, 1, 1, 0, 0, 0, 0, 0, 0, 0, 0, 0, 0, 0, 0, 0, 0, 0, 0, 0, 0, 0, 0, 0, 0, 0, 0, 0]",128,256,32768.0,262272.0,2819592968,2819895017,2819606607,2819899915,0,407675,126431,1022887,3,38557,12064,32,32,32,1
35,1,"[4, 32, 64, 4, 4, 0, 0, 0, 0, 0, 0, 0, 0, 0, 0, 4, 32, 64, 4, 4, 0, 0, 0, 0, 0, 0, 0, 0, 0, 0]",64,128,32768.0,393216.0,2820014461,2820026067,2820026346,2820030889,0,283709,283709,1022888,1,11606,4543,32,32,32,1
203,1,"[32, 64, 4, 4, 384, 4, 4, 1, 1, 0, 0, 1, 1, 1, 1, 1, 4, 0, 0, 0, 0, 0, 0, 0, 0, 0, 0, 0, 0, 0]",24,256,25165824.0,1015808.0,2820298810,2820324105,2820314598,2820350565,16384,215230,208542,1022889,2,23058,29279,32,32,32,1
205,1,"[4, 0, 0, 0, 0, 0, 0, 0, 0, 0, 0, 0, 0, 0, 0, 4, 0, 0, 0, 0, 0, 0, 0, 0, 0, 0, 0, 0, 0, 0]",384,512,1572864.0,3145728.0,2820546934,2820947667,2820559107,2820975038,144,578584,193181,1022890,2,28024,30528,32,32,32,1
159,1,"[4, 32, 384, 4, 4, 0, 0, 0, 0, 0, 0, 0, 0, 0, 0, 0, 0, 0, 0, 0, 0, 0, 0, 0, 0, 0, 0, 0, 0, 0]",384,128,0.0,0.0,2821157542,2821168011,2821168219,2821174203,0,212029,212029,1022891,1,10469,5984,32,32,32,1
203,1,"[32, 384, 4, 4, 384, 4, 4, 5, 5, 2, 2, 1, 1, 1, 1, 384, 4, 0, 0, 0, 0, 0, 0, 0, 0, 0, 0, 0, 0, 0]",192,1024,0.0,0.0,2821373101,2821386549,2821386232,2821431832,0,156670,156670,1022893,1,13448,45600,32,32,32,1
205,1,"[4, 0, 0, 0, 0, 0, 0, 0, 0, 0, 0, 0, 0, 0, 0, 4, 0, 0, 0, 0, 0, 0, 0, 0, 0, 0, 0, 0, 0, 0]",384,512,1572864.0,3145728.0,2821577005,2821975322,2821588502,2822002897,144,577912,194365,1022894,2,24634,30848,32,32,32,1
159,1,"[4, 32, 384, 4, 4, 0, 0, 0, 0, 0, 0, 0, 0, 0, 0, 0, 0, 0, 0, 0, 0, 0, 0, 0, 0, 0, 0, 0, 0, 0]",384,128,0.0,0.0,2822186231,2822196763,2822197262,2822203278,0,179678,179678,1022895,1,10532,6016,32,32,32,1
199,1,"[4, 32, 384, 4, 4, 0, 0, 0, 0, 0, 0, 0, 0, 0, 0, 0, 0, 0, 0, 0, 0, 0, 0, 0, 0, 0, 0, 0, 0, 0]",384,512,0.0,0.0,2822370171,2822382482,2822382956,2822401836,16,245309,245309,1022897,1,12311,18880,32,32,32,1
203,1,"[32, 384, 1, 1, 16, 1, 1, 1, 1, 0, 0, 1, 1, 1, 1, 1, 4, 0, 0, 0, 0, 0, 0, 0, 0, 0, 0, 0, 0, 0]",2,128,0.0,0.0,2822632119,2822696335,2822647145,2822702696,2304,236317,233917,1022898,2,25988,53151,32,32,32,1
159,1,"[4, 32, 16, 1, 1, 0, 0, 0, 0, 0, 0, 0, 0, 0, 0, 0, 0, 0, 0, 0, 0, 0, 0, 0, 0, 0, 0, 0, 0, 0]",1,128,0.0,0.0,2822926224,2822936332,2822936613,2822941189,0,265821,265821,1022899,1,10108,4576,32,32,32,1
203,1,"[32, 16, 1, 1, 384, 1, 1, 1, 1, 0, 0, 1, 1, 1, 1, 1, 4, 0, 0, 0, 0, 0, 0, 0, 0, 0, 0, 0, 0, 0]",48,128,0.0,0.0,2823192346,2823251228,2823207010,2823256769,2304,216061,179070,1022901,2,24560,12768,32,32,32,1
156,1,"[4, 32, 384, 1, 1, 0, 0, 0, 0, 0, 0, 0, 0, 0, 0, 0, 0, 0, 0, 0, 0, 0, 0, 0, 0, 0, 0, 0, 0, 0]",24,128,245760.0,98304.0,2823424007,2823435796,2823435839,2823440415,0,150846,150846,1022902,1,11789,4576,32,32,32,1
23,1,"[4, 32, 384, 1, 1, 0, 0, 0, 0, 0, 0, 0, 0, 0, 0, 4, 32, 384, 4, 4, 0, 0, 0, 0, 0, 0, 0, 0, 0, 0]",768,128,196608.0,1622016.0,2823579362,2823590951,2823591261,2823599389,0,268477,268477,1022903,1,11589,8128,32,32,32,1
203,1,"[32, 384, 4, 4, 64, 4, 4, 1, 1, 0, 0, 1, 1, 1, 1, 1, 4, 0, 0, 0, 0, 0, 0, 0, 0, 0, 0, 0, 0, 0]",384,64,0.0,0.0,2823852172,2823876911,2823867866,2823913593,4608,201757,195486,1022904,2,23195,39456,32,32,32,1
205,1,"[4, 0, 0, 0, 0, 0, 0, 0, 0, 0, 0, 0, 0, 0, 0, 4, 0, 0, 0, 0, 0, 0, 0, 0, 0, 0, 0, 0, 0, 0]",64,512,262144.0,524288.0,2824096707,2824496673,2824109079,2824505330,144,589751,205341,1022905,2,25401,11841,32,32,32,1
234,1,"[4, 32, 1, 1, 1, 0, 0, 0, 0, 0, 0, 0, 0, 0, 0, 0, 0, 0, 0, 0, 0, 0, 0, 0, 0, 0, 0, 0, 0, 0]",128,256,32768.0,262272.0,2824696857,2824995890,2824710671,2825000843,0,401211,123103,1022906,3,41043,12064,32,32,32,1
35,1,"[4, 32, 64, 4, 4, 0, 0, 0, 0, 0, 0, 0, 0, 0, 0, 4, 32, 64, 4, 4, 0, 0, 0, 0, 0, 0, 0, 0, 0, 0]",64,128,32768.0,393216.0,2825112630,2825123636,2825123946,2825128426,0,436954,436954,1022907,1,11006,4480,32,32,32,1
203,1,"[32, 64, 4, 4, 384, 4, 4, 1, 1, 0, 0, 1, 1, 1, 1, 1, 4, 0, 0, 0, 0, 0, 0, 0, 0, 0, 0, 0, 0, 0]",24,256,25165824.0,1015808.0,2825548177,2825575112,2825565380,2825601636,16384,224509,217533,1022908,2,24603,29280,32,32,32,1
205,1,"[4, 0, 0, 0, 0, 0, 0, 0, 0, 0, 0, 0, 0, 0, 0, 4, 0, 0, 0, 0, 0, 0, 0, 0, 0, 0, 0, 0, 0, 0]",384,512,1572864.0,3145728.0,2825806615,2826212761,2825819169,2826240188,144,583832,193341,1022909,2,25593,30528,32,32,32,1
159,1,"[4, 32, 384, 4, 4, 0, 0, 0, 0, 0, 0, 0, 0, 0, 0, 0, 0, 0, 0, 0, 0, 0, 0, 0, 0, 0, 0, 0, 0, 0]",384,128,0.0,0.0,2826422779,2826433430,2826433529,2826440313,0,211518,211518,1022910,1,10651,6784,32,32,32,1
203,1,"[32, 384, 4, 4, 384, 2, 2, 3, 3, 1, 1, 2, 2, 1, 1, 384, 4, 0, 0, 0, 0, 0, 0, 0, 0, 0, 0, 0, 0, 0]",48,1024,0.0,0.0,2826638411,2826651804,2826651831,2826666423,0,189373,189373,1022912,1,13393,14592,32,32,32,1
205,1,"[4, 0, 0, 0, 0, 0, 0, 0, 0, 0, 0, 0, 0, 0, 0, 4, 0, 0, 0, 0, 0, 0, 0, 0, 0, 0, 0, 0, 0, 0]",384,512,393216.0,786432.0,2826844137,2827239868,2826855796,2827266287,144,572474,191550,1022913,2,25189,29567,32,32,32,1
159,1,"[4, 32, 384, 2, 2, 0, 0, 0, 0, 0, 0, 0, 0, 0, 0, 0, 0, 0, 0, 0, 0, 0, 0, 0, 0, 0, 0, 0, 0, 0]",96,128,0.0,0.0,2827447415,2827457581,2827457837,2827462668,0,187358,187358,1022914,1,10166,4831,32,32,32,1
199,1,"[4, 32, 384, 2, 2, 0, 0, 0, 0, 0, 0, 0, 0, 0, 0, 0, 0, 0, 0, 0, 0, 0, 0, 0, 0, 0, 0, 0, 0, 0]",96,512,0.0,0.0,2827636790,2827650005,2827650026,2827661162,16,256253,256253,1022916,1,13215,11136,32,32,32,1
203,1,"[32, 384, 1, 1, 16, 1, 1, 1, 1, 0, 0, 1, 1, 1, 1, 1, 4, 0, 0, 0, 0, 0, 0, 0, 0, 0, 0, 0, 0, 0]",2,128,0.0,0.0,2827902442,2827963360,2827917415,2827972518,2304,230269,228669,1022917,2,25755,53503,32,32,32,1
159,1,"[4, 32, 16, 1, 1, 0, 0, 0, 0, 0, 0, 0, 0, 0, 0, 0, 0, 0, 0, 0, 0, 0, 0, 0, 0, 0, 0, 0, 0, 0]",1,128,0.0,0.0,2828190522,2828200934,2828201187,2828205764,0,271260,271260,1022918,1,10412,4577,32,32,32,1
203,1,"[32, 16, 1, 1, 384, 1, 1, 1, 1, 0, 0, 1, 1, 1, 1, 1, 4, 0, 0, 0, 0, 0, 0, 0, 0, 0, 0, 0, 0, 0]",48,128,0.0,0.0,2828461638,2828520693,2828477024,2828526207,2304,215774,179486,1022920,2,25191,12895,32,32,32,1
156,1,"[4, 32, 384, 1, 1, 0, 0, 0, 0, 0, 0, 0, 0, 0, 0, 0, 0, 0, 0, 0, 0, 0, 0, 0, 0, 0, 0, 0, 0, 0]",24,128,245760.0,98304.0,2828693575,2828705510,2828705693,2828710237,0,151102,151102,1022921,1,11935,4544,32,32,32,1
23,1,"[4, 32, 384, 1, 1, 0, 0, 0, 0, 0, 0, 0, 0, 0, 0, 4, 32, 384, 2, 2, 0, 0, 0, 0, 0, 0, 0, 0, 0, 0]",192,128,49152.0,442368.0,2828849507,2828861312,2828861339,2828866395,0,253309,253309,1022922,1,11805,5056,32,32,32,1
203,1,"[32, 384, 2, 2, 128, 2, 2, 1, 1, 0, 0, 1, 1, 1, 1, 1, 4, 0, 0, 0, 0, 0, 0, 0, 0, 0, 0, 0, 0, 0]",16,64,0.0,0.0,2829104637,2829119830,2829119704,2829163383,2304,184798,184798,1022923,1,15193,43679,32,32,32,1
205,1,"[4, 0, 0, 0, 0, 0, 0, 0, 0, 0, 0, 0, 0, 0, 0, 4, 0, 0, 0, 0, 0, 0, 0, 0, 0, 0, 0, 0, 0, 0]",128,512,131072.0,262144.0,2829335687,2829743843,2829348181,2829756560,144,660376,267965,1022924,2,26005,15968,32,32,32,1
203,1,"[32, 128, 2, 2, 768, 2, 2, 1, 1, 0, 0, 1, 1, 1, 1, 1, 4, 0, 0, 0, 0, 0, 0, 0, 0, 0, 0, 0, 0, 0]",96,64,0.0,0.0,2830008933,2830024506,2830024525,2830059244,2304,191038,191038,1022925,1,15573,34719,32,32,32,1
205,1,"[4, 0, 0, 0, 0, 0, 0, 0, 0, 0, 0, 0, 0, 0, 0, 4, 0, 0, 0, 0, 0, 0, 0, 0, 0, 0, 0, 0, 0, 0]",768,512,786432.0,1572864.0,2830237217,2830638215,2830250282,2830686436,144,556185,171486,1022926,2,26572,51455,32,32,32,1
159,1,"[4, 32, 768, 2, 2, 0, 0, 0, 0, 0, 0, 0, 0, 0, 0, 0, 0, 0, 0, 0, 0, 0, 0, 0, 0, 0, 0, 0, 0, 0]",192,128,0.0,0.0,2830847273,2830857841,2830857922,2830863138,0,210462,210462,1022927,1,10568,5216,32,32,32,1
203,1,"[32, 768, 2, 2, 768, 2, 2, 3, 3, 1, 1, 1, 1, 1, 1, 768, 4, 0, 0, 0, 0, 0, 0, 0, 0, 0, 0, 0, 0, 0]",96,1024,0.0,0.0,2831060647,2831073781,2831073600,2831088063,0,188094,188094,1022929,1,13134,14463,32,32,32,1
205,1,"[4, 0, 0, 0, 0, 0, 0, 0, 0, 0, 0, 0, 0, 0, 0, 4, 0, 0, 0, 0, 0, 0, 0, 0, 0, 0, 0, 0, 0, 0]",768,512,786432.0,1572864.0,2831264338,2831665913,2831276157,2831713720,144,559993,173566,1022930,2,25562,51136,32,32,32,1
159,1,"[4, 32, 768, 2, 2, 0, 0, 0, 0, 0, 0, 0, 0, 0, 0, 0, 0, 0, 0, 0, 0, 0, 0, 0, 0, 0, 0, 0, 0, 0]",192,128,0.0,0.0,2831876857,2831887154,2831887286,2831891989,0,180926,180926,1022931,1,10297,4703,32,32,32,1
199,1,"[4, 32, 768, 2, 2, 0, 0, 0, 0, 0, 0, 0, 0, 0, 0, 0, 0, 0, 0, 0, 0, 0, 0, 0, 0, 0, 0, 0, 0, 0]",192,512,0.0,0.0,2832060248,2832072775,2832072915,2832085395,16,277789,277789,1022933,1,12527,12480,32,32,32,1
203,1,"[32, 768, 1, 1, 32, 1, 1, 1, 1, 0, 0, 1, 1, 1, 1, 1, 4, 0, 0, 0, 0, 0, 0, 0, 0, 0, 0, 0, 0, 0]",4,256,1572864.0,200704.0,2832347779,2832422340,2832363184,2832454542,41472,223774,214430,1022934,3,33622,82014,32,32,32,1
159,1,"[4, 32, 32, 1, 1, 0, 0, 0, 0, 0, 0, 0, 0, 0, 0, 0, 0, 0, 0, 0, 0, 0, 0, 0, 0, 0, 0, 0, 0, 0]",2,128,0.0,0.0,2832658833,2832668664,2832668972,2832673804,0,275612,275612,1022935,1,9831,4832,32,32,32,1
203,1,"[32, 32, 1, 1, 768, 1, 1, 1, 1, 0, 0, 1, 1, 1, 1, 1, 4, 0, 0, 0, 0, 0, 0, 0, 0, 0, 0, 0, 0, 0]",96,128,0.0,0.0,2832934206,2832996185,2832949416,2833001927,2304,222558,186270,1022937,2,24955,16223,32,32,32,1
156,1,"[4, 32, 768, 1, 1, 0, 0, 0, 0, 0, 0, 0, 0, 0, 0, 0, 0, 0, 0, 0, 0, 0, 0, 0, 0, 0, 0, 0, 0, 0]",48,128,491520.0,196608.0,2833175942,2833188016,2833188197,2833192901,0,153118,153118,1022938,1,12074,4704,32,32,32,1
23,1,"[4, 32, 768, 1, 1, 0, 0, 0, 0, 0, 0, 0, 0, 0, 0, 4, 32, 768, 2, 2, 0, 0, 0, 0, 0, 0, 0, 0, 0, 0]",384,128,98304.0,884736.0,2833333970,2833345840,2833346019,2833352579,0,415259,415259,1022939,1,11870,6560,32,32,32,1
203,1,"[32, 768, 2, 2, 128, 2, 2, 1, 1, 0, 0, 1, 1, 1, 1, 1, 4, 0, 0, 0, 0, 0, 0, 0, 0, 0, 0, 0, 0, 0]",768,64,0.0,0.0,2833750764,2833781036,2833767838,2833846365,4608,179646,173246,1022940,2,28738,72127,32,32,32,1
205,1,"[4, 0, 0, 0, 0, 0, 0, 0, 0, 0, 0, 0, 0, 0, 0, 4, 0, 0, 0, 0, 0, 0, 0, 0, 0, 0, 0, 0, 0, 0]",128,512,131072.0,262144.0,2834006708,2834412044,2834019611,2834424630,144,586296,197085,1022941,2,25859,15808,32,32,32,1
234,1,"[4, 32, 1, 1, 1, 0, 0, 0, 0, 0, 0, 0, 0, 0, 0, 0, 0, 0, 0, 0, 0, 0, 0, 0, 0, 0, 0, 0, 0, 0]",64,256,16384.0,131200.0,2834608086,2834910145,2834621715,2834912016,0,413978,135550,1022942,3,40619,11873,32,32,32,1
35,1,"[4, 32, 128, 2, 2, 0, 0, 0, 0, 0, 0, 0, 0, 0, 0, 4, 32, 128, 2, 2, 0, 0, 0, 0, 0, 0, 0, 0, 0, 0]",32,128,16384.0,196608.0,2835036084,2835047351,2835047566,2835051470,0,263165,263165,1022943,1,11267,3904,32,32,32,1
203,1,"[32, 128, 2, 2, 768, 2, 2, 1, 1, 0, 0, 1, 1, 1, 1, 1, 4, 0, 0, 0, 0, 0, 0, 0, 0, 0, 0, 0, 0, 0]",96,64,0.0,0.0,2835299049,2835314769,2835314635,2835349450,2304,194014,194014,1022944,1,15720,34815,32,32,32,1
205,1,"[4, 0, 0, 0, 0, 0, 0, 0, 0, 0, 0, 0, 0, 0, 0, 4, 0, 0, 0, 0, 0, 0, 0, 0, 0, 0, 0, 0, 0, 0]",768,512,786432.0,1572864.0,2835530688,2835940220,2835543464,2835988450,144,568537,175070,1022945,2,26716,51519,32,32,32,1
159,1,"[4, 32, 768, 2, 2, 0, 0, 0, 0, 0, 0, 0, 0, 0, 0, 0, 0, 0, 0, 0, 0, 0, 0, 0, 0, 0, 0, 0, 0, 0]",192,128,0.0,0.0,2836152588,2836163445,2836163520,2836168352,0,215453,215453,1022946,1,10857,4832,32,32,32,1
203,1,"[32, 768, 2, 2, 768, 2, 2, 3, 3, 1, 1, 1, 1, 1, 1, 768, 4, 0, 0, 0, 0, 0, 0, 0, 0, 0, 0, 0, 0, 0]",96,1024,0.0,0.0,2836370741,2836383966,2836383805,2836398269,0,188862,188862,1022948,1,13225,14464,32,32,32,1
205,1,"[4, 0, 0, 0, 0, 0, 0, 0, 0, 0, 0, 0, 0, 0, 0, 4, 0, 0, 0, 0, 0, 0, 0, 0, 0, 0, 0, 0, 0, 0]",768,512,786432.0,1572864.0,2836575497,2836969553,2836587131,2837017685,144,552250,173054,1022949,2,24979,51358,32,32,32,1
159,1,"[4, 32, 768, 2, 2, 0, 0, 0, 0, 0, 0, 0, 0, 0, 0, 0, 0, 0, 0, 0, 0, 0, 0, 0, 0, 0, 0, 0, 0, 0]",192,128,0.0,0.0,2837180204,2837190829,2837190739,2837195539,0,182654,182654,1022950,1,10625,4800,32,32,32,1
199,1,"[4, 32, 768, 2, 2, 0, 0, 0, 0, 0, 0, 0, 0, 0, 0, 0, 0, 0, 0, 0, 0, 0, 0, 0, 0, 0, 0, 0, 0, 0]",192,512,0.0,0.0,2837365534,2837377885,2837378193,2837390289,16,275420,275420,1022952,1,12351,12096,32,32,32,1
203,1,"[32, 768, 1, 1, 32, 1, 1, 1, 1, 0, 0, 1, 1, 1, 1, 1, 4, 0, 0, 0, 0, 0, 0, 0, 0, 0, 0, 0, 0, 0]",4,256,1572864.0,200704.0,2837650059,2837723753,2837665709,2837756972,41472,218013,208637,1022953,3,33227,81887,32,32,32,1
159,1,"[4, 32, 32, 1, 1, 0, 0, 0, 0, 0, 0, 0, 0, 0, 0, 0, 0, 0, 0, 0, 0, 0, 0, 0, 0, 0, 0, 0, 0, 0]",2,128,0.0,0.0,2837955567,2837965416,2837965609,2837970697,0,266973,266973,1022954,1,9849,5088,32,32,32,1
203,1,"[32, 32, 1, 1, 768, 1, 1, 1, 1, 0, 0, 1, 1, 1, 1, 1, 4, 0, 0, 0, 0, 0, 0, 0, 0, 0, 0, 0, 0, 0]",96,128,0.0,0.0,2838222485,2838281425,2838237670,2838287333,2304,216093,182654,1022956,2,24919,16224,32,32,32,1
156,1,"[4, 32, 768, 1, 1, 0, 0, 0, 0, 0, 0, 0, 0, 0, 0, 0, 0, 0, 0, 0, 0, 0, 0, 0, 0, 0, 0, 0, 0, 0]",48,128,491520.0,196608.0,2838458012,2838469820,2838469987,2838474691,0,150558,150558,1022957,1,11808,4704,32,32,32,1
23,1,"[4, 32, 768, 1, 1, 0, 0, 0, 0, 0, 0, 0, 0, 0, 0, 4, 32, 768, 2, 2, 0, 0, 0, 0, 0, 0, 0, 0, 0, 0]",384,128,98304.0,884736.0,2838613025,2838624979,2838625249,2838631713,0,258589,258589,1022958,1,11954,6464,32,32,32,1
203,1,"[32, 768, 2, 2, 128, 2, 2, 1, 1, 0, 0, 1, 1, 1, 1, 1, 4, 0, 0, 0, 0, 0, 0, 0, 0, 0, 0, 0, 0, 0]",768,64,0.0,0.0,2838875526,2838899946,2838890302,2838967741,4608,170494,164574,1022959,2,22876,71519,32,32,32,1
205,1,"[4, 0, 0, 0, 0, 0, 0, 0, 0, 0, 0, 0, 0, 0, 0, 4, 0, 0, 0, 0, 0, 0, 0, 0, 0, 0, 0, 0, 0, 0]",128,512,131072.0,262144.0,2839120126,2839522543,2839132315,2839535094,144,594360,207453,1022960,2,25503,15872,32,32,32,1
234,1,"[4, 32, 1, 1, 1, 0, 0, 0, 0, 0, 0, 0, 0, 0, 0, 0, 0, 0, 0, 0, 0, 0, 0, 0, 0, 0, 0, 0, 0, 0]",64,256,16384.0,131200.0,2839727945,2840022133,2839742547,2840026928,0,394683,122110,1022961,3,39375,11808,32,32,32,1
35,1,"[4, 32, 128, 2, 2, 0, 0, 0, 0, 0, 0, 0, 0, 0, 0, 4, 32, 128, 2, 2, 0, 0, 0, 0, 0, 0, 0, 0, 0, 0]",32,128,16384.0,196608.0,2840137397,2840148758,2840149038,2840153070,0,263645,263645,1022962,1,11361,4032,32,32,32,1
203,1,"[32, 128, 2, 2, 768, 2, 2, 1, 1, 0, 0, 1, 1, 1, 1, 1, 4, 0, 0, 0, 0, 0, 0, 0, 0, 0, 0, 0, 0, 0]",96,64,0.0,0.0,2840401095,2840419500,2840416715,2840449994,2304,200830,200830,1022963,1,18405,33279,32,32,32,1
205,1,"[4, 0, 0, 0, 0, 0, 0, 0, 0, 0, 0, 0, 0, 0, 0, 4, 0, 0, 0, 0, 0, 0, 0, 0, 0, 0, 0, 0, 0, 0]",768,512,786432.0,1572864.0,2840637805,2841180941,2840650824,2841229472,144,708983,182142,1022964,2,28256,51807,32,32,32,1
159,1,"[4, 32, 768, 2, 2, 0, 0, 0, 0, 0, 0, 0, 0, 0, 0, 0, 0, 0, 0, 0, 0, 0, 0, 0, 0, 0, 0, 0, 0, 0]",192,128,0.0,0.0,2841401206,2841411509,2841411614,2841417278,0,212702,212702,1022965,1,10303,5664,32,32,32,1
203,1,"[32, 768, 2, 2, 768, 2, 2, 3, 3, 1, 1, 1, 1, 1, 1, 768, 4, 0, 0, 0, 0, 0, 0, 0, 0, 0, 0, 0, 0, 0]",96,1024,0.0,0.0,2841617002,2841633007,2841629980,2841644444,0,194269,194269,1022967,1,16005,14464,32,32,32,1
205,1,"[4, 0, 0, 0, 0, 0, 0, 0, 0, 0, 0, 0, 0, 0, 0, 4, 0, 0, 0, 0, 0, 0, 0, 0, 0, 0, 0, 0, 0, 0]",768,512,786432.0,1572864.0,2841826235,2842216816,2841838713,2842264531,144,543962,169311,1022968,2,25173,51167,32,32,32,1
159,1,"[4, 32, 768, 2, 2, 0, 0, 0, 0, 0, 0, 0, 0, 0, 0, 0, 0, 0, 0, 0, 0, 0, 0, 0, 0, 0, 0, 0, 0, 0]",192,128,0.0,0.0,2842423021,2842433383,2842433842,2842438866,0,181917,181917,1022969,1,10362,5024,32,32,32,1
199,1,"[4, 32, 768, 2, 2, 0, 0, 0, 0, 0, 0, 0, 0, 0, 0, 0, 0, 0, 0, 0, 0, 0, 0, 0, 0, 0, 0, 0, 0, 0]",192,512,0.0,0.0,2842608404,2842620719,2842620783,2842634351,16,278077,278077,1022971,1,12315,13568,32,32,32,1
203,1,"[32, 768, 1, 1, 32, 1, 1, 1, 1, 0, 0, 1, 1, 1, 1, 1, 4, 0, 0, 0, 0, 0, 0, 0, 0, 0, 0, 0, 0, 0]",4,256,1572864.0,200704.0,2842896792,2842970759,2842912428,2843003147,41472,219325,210589,1022972,3,33537,81983,32,32,32,1
159,1,"[4, 32, 32, 1, 1, 0, 0, 0, 0, 0, 0, 0, 0, 0, 0, 0, 0, 0, 0, 0, 0, 0, 0, 0, 0, 0, 0, 0, 0, 0]",2,128,0.0,0.0,2843203776,2843213366,2843213736,2843218824,0,265692,265692,1022973,1,9590,5088,32,32,32,1
203,1,"[32, 32, 1, 1, 768, 1, 1, 1, 1, 0, 0, 1, 1, 1, 1, 1, 4, 0, 0, 0, 0, 0, 0, 0, 0, 0, 0, 0, 0, 0]",96,128,0.0,0.0,2843468900,2843528496,2843484516,2843534212,2304,224445,190941,1022975,2,25810,16192,32,32,32,1
156,1,"[4, 32, 768, 1, 1, 0, 0, 0, 0, 0, 0, 0, 0, 0, 0, 0, 0, 0, 0, 0, 0, 0, 0, 0, 0, 0, 0, 0, 0, 0]",48,128,491520.0,196608.0,2843712719,2843727559,2843725153,2843729889,0,155966,155966,1022976,1,14840,4736,32,32,32,1
23,1,"[4, 32, 768, 1, 1, 0, 0, 0, 0, 0, 0, 0, 0, 0, 0, 4, 32, 768, 2, 2, 0, 0, 0, 0, 0, 0, 0, 0, 0, 0]",384,128,98304.0,884736.0,2843874057,2843885531,2843885855,2843892479,0,253597,253597,1022977,1,11474,6624,32,32,32,1
203,1,"[32, 768, 2, 2, 128, 2, 2, 1, 1, 0, 0, 1, 1, 1, 1, 1, 4, 0, 0, 0, 0, 0, 0, 0, 0, 0, 0, 0, 0, 0]",768,64,0.0,0.0,2844131167,2844155344,2844146076,2844222491,4608,169374,163774,1022978,2,22715,70815,32,32,32,1
205,1,"[4, 0, 0, 0, 0, 0, 0, 0, 0, 0, 0, 0, 0, 0, 0, 4, 0, 0, 0, 0, 0, 0, 0, 0, 0, 0, 0, 0, 0, 0]",128,512,131072.0,262144.0,2844373719,2844774405,2844386265,2844784564,144,579961,197854,1022979,2,27822,16192,32,32,32,1
234,1,"[4, 32, 1, 1, 1, 0, 0, 0, 0, 0, 0, 0, 0, 0, 0, 0, 0, 0, 0, 0, 0, 0, 0, 0, 0, 0, 0, 0, 0, 0]",64,256,16384.0,131200.0,2844968856,2845259641,2844982418,2845264558,0,393275,122975,1022980,3,37515,11840,32,32,32,1
35,1,"[4, 32, 128, 2, 2, 0, 0, 0, 0, 0, 0, 0, 0, 0, 0, 4, 32, 128, 2, 2, 0, 0, 0, 0, 0, 0, 0, 0, 0, 0]",32,128,16384.0,196608.0,2845376053,2845387060,2845387533,2845391372,0,260158,260158,1022981,1,11007,3839,32,32,32,1
203,1,"[32, 128, 2, 2, 768, 2, 2, 1, 1, 0, 0, 1, 1, 1, 1, 1, 4, 0, 0, 0, 0, 0, 0, 0, 0, 0, 0, 0, 0, 0]",96,64,0.0,0.0,2845636094,2845651529,2845651530,2845686313,2304,191581,191581,1022982,1,15435,34783,32,32,32,1
205,1,"[4, 0, 0, 0, 0, 0, 0, 0, 0, 0, 0, 0, 0, 0, 0, 4, 0, 0, 0, 0, 0, 0, 0, 0, 0, 0, 0, 0, 0, 0]",768,512,786432.0,1572864.0,2845864893,2846272538,2845877894,2846320641,144,563193,171838,1022983,2,26828,51392,32,32,32,1
159,1,"[4, 32, 768, 2, 2, 0, 0, 0, 0, 0, 0, 0, 0, 0, 0, 0, 0, 0, 0, 0, 0, 0, 0, 0, 0, 0, 0, 0, 0, 0]",192,128,0.0,0.0,2846481438,2846492423,2846492479,2846497183,0,210141,210141,1022984,1,10985,4704,32,32,32,1
203,1,"[32, 768, 2, 2, 768, 2, 2, 3, 3, 1, 1, 1, 1, 1, 1, 768, 4, 0, 0, 0, 0, 0, 0, 0, 0, 0, 0, 0, 0, 0]",96,1024,0.0,0.0,2846694290,2846707466,2846707324,2846721852,0,187902,187902,1022986,1,13176,14528,32,32,32,1
205,1,"[4, 0, 0, 0, 0, 0, 0, 0, 0, 0, 0, 0, 0, 0, 0, 4, 0, 0, 0, 0, 0, 0, 0, 0, 0, 0, 0, 0, 0, 0]",768,512,786432.0,1572864.0,2846898056,2847296193,2846909754,2847344788,144,555098,171870,1022987,2,24911,51806,32,32,32,1
159,1,"[4, 32, 768, 2, 2, 0, 0, 0, 0, 0, 0, 0, 0, 0, 0, 0, 0, 0, 0, 0, 0, 0, 0, 0, 0, 0, 0, 0, 0, 0]",192,128,0.0,0.0,2847506351,2847516612,2847516658,2847521778,0,190333,190333,1022988,1,10261,5120,32,32,32,1
199,1,"[4, 32, 768, 2, 2, 0, 0, 0, 0, 0, 0, 0, 0, 0, 0, 0, 0, 0, 0, 0, 0, 0, 0, 0, 0, 0, 0, 0, 0, 0]",192,512,0.0,0.0,2847699022,2847711815,2847712111,2847725263,16,277149,277149,1022990,1,12793,13152,32,32,32,1
203,1,"[32, 768, 1, 1, 32, 1, 1, 1, 1, 0, 0, 1, 1, 1, 1, 1, 4, 0, 0, 0, 0, 0, 0, 0, 0, 0, 0, 0, 0, 0]",4,256,1572864.0,200704.0,2847987055,2848064050,2848002412,2848092875,41472,227485,218781,1022991,3,32950,81759,32,32,32,1
159,1,"[4, 32, 32, 1, 1, 0, 0, 0, 0, 0, 0, 0, 0, 0, 0, 0, 0, 0, 0, 0, 0, 0, 0, 0, 0, 0, 0, 0, 0, 0]",2,128,0.0,0.0,2848301162,2848311432,2848311656,2848316616,0,266652,266652,1022992,1,10270,4960,32,32,32,1
203,1,"[32, 32, 1, 1, 768, 1, 1, 1, 1, 0, 0, 1, 1, 1, 1, 1, 4, 0, 0, 0, 0, 0, 0, 0, 0, 0, 0, 0, 0, 0]",96,128,0.0,0.0,2848568555,2848627366,2848583268,2848633220,2304,216221,182430,1022994,2,24461,16161,32,32,32,1
156,1,"[4, 32, 768, 1, 1, 0, 0, 0, 0, 0, 0, 0, 0, 0, 0, 0, 0, 0, 0, 0, 0, 0, 0, 0, 0, 0, 0, 0, 0, 0]",48,128,491520.0,196608.0,2848803818,2848815613,2848815650,2848820418,0,299548,299548,1022995,1,11795,4768,32,32,32,1
23,1,"[4, 32, 768, 1, 1, 0, 0, 0, 0, 0, 0, 0, 0, 0, 0, 4, 32, 768, 2, 2, 0, 0, 0, 0, 0, 0, 0, 0, 0, 0]",384,128,98304.0,884736.0,2849105340,2849120145,2849119966,2849126430,0,270908,270908,1022996,1,14805,6464,32,32,32,1
203,1,"[32, 768, 2, 2, 128, 2, 2, 1, 1, 0, 0, 1, 1, 1, 1, 1, 4, 0, 0, 0, 0, 0, 0, 0, 0, 0, 0, 0, 0, 0]",768,64,0.0,0.0,2849381995,2849407224,2849397338,2849474586,4608,169693,163517,1022997,2,23791,71072,32,32,32,1
205,1,"[4, 0, 0, 0, 0, 0, 0, 0, 0, 0, 0, 0, 0, 0, 0, 4, 0, 0, 0, 0, 0, 0, 0, 0, 0, 0, 0, 0, 0, 0]",128,512,131072.0,262144.0,2849625844,2850024272,2849638103,2850036882,144,577786,194878,1022998,2,25632,15871,32,32,32,1
234,1,"[4, 32, 1, 1, 1, 0, 0, 0, 0, 0, 0, 0, 0, 0, 0, 0, 0, 0, 0, 0, 0, 0, 0, 0, 0, 0, 0, 0, 0, 0]",64,256,16384.0,131200.0,2850218105,2850512154,2850231760,2850516972,0,395356,122047,1022999,3,40285,11903,32,32,32,1
35,1,"[4, 32, 128, 2, 2, 0, 0, 0, 0, 0, 0, 0, 0, 0, 0, 4, 32, 128, 2, 2, 0, 0, 0, 0, 0, 0, 0, 0, 0, 0]",32,128,16384.0,196608.0,2850627456,2850638705,2850639019,2850642987,0,262461,262461,1023000,1,11249,3968,32,32,32,1
203,1,"[32, 128, 2, 2, 768, 2, 2, 1, 1, 0, 0, 1, 1, 1, 1, 1, 4, 0, 0, 0, 0, 0, 0, 0, 0, 0, 0, 0, 0, 0]",96,64,0.0,0.0,2850890006,2850905482,2850905448,2850940007,2304,193598,193598,1023001,1,15476,34559,32,32,32,1
205,1,"[4, 0, 0, 0, 0, 0, 0, 0, 0, 0, 0, 0, 0, 0, 0, 4, 0, 0, 0, 0, 0, 0, 0, 0, 0, 0, 0, 0, 0, 0]",768,512,786432.0,1572864.0,2851120743,2851520192,2851133605,2851565119,144,565465,184958,1023002,2,29421,51007,32,32,32,1
159,1,"[4, 32, 768, 2, 2, 0, 0, 0, 0, 0, 0, 0, 0, 0, 0, 0, 0, 0, 0, 0, 0, 0, 0, 0, 0, 0, 0, 0, 0, 0]",192,128,0.0,0.0,2851739311,2851749964,2851750077,2851754749,0,212286,212286,1023003,1,10653,4672,32,32,32,1
203,1,"[32, 768, 2, 2, 768, 2, 2, 3, 3, 1, 1, 1, 1, 1, 1, 768, 4, 0, 0, 0, 0, 0, 0, 0, 0, 0, 0, 0, 0, 0]",96,1024,0.0,0.0,2851953876,2851967273,2851967035,2851981498,0,189822,189822,1023005,1,13397,14463,32,32,32,1
205,1,"[4, 0, 0, 0, 0, 0, 0, 0, 0, 0, 0, 0, 0, 0, 0, 4, 0, 0, 0, 0, 0, 0, 0, 0, 0, 0, 0, 0, 0, 0]",768,512,786432.0,1572864.0,2852159373,2852554952,2852171320,2852599794,144,551993,174398,1023006,2,28220,50879,32,32,32,1
159,1,"[4, 32, 768, 2, 2, 0, 0, 0, 0, 0, 0, 0, 0, 0, 0, 0, 0, 0, 0, 0, 0, 0, 0, 0, 0, 0, 0, 0, 0, 0]",192,128,0.0,0.0,2852763758,2852774109,2852774192,2852778832,0,184286,184286,1023007,1,10351,4640,32,32,32,1
199,1,"[4, 32, 768, 2, 2, 0, 0, 0, 0, 0, 0, 0, 0, 0, 0, 0, 0, 0, 0, 0, 0, 0, 0, 0, 0, 0, 0, 0, 0, 0]",192,512,0.0,0.0,2852950304,2852963000,2852963118,2852976334,16,275484,275484,1023009,1,12696,13216,32,32,32,1
203,1,"[32, 768, 1, 1, 32, 1, 1, 1, 1, 0, 0, 1, 1, 1, 1, 1, 4, 0, 0, 0, 0, 0, 0, 0, 0, 0, 0, 0, 0, 0]",4,256,1572864.0,200704.0,2853236253,2853309228,2853251818,2853342409,41472,220606,211934,1023010,3,32633,81919,32,32,32,1
159,1,"[4, 32, 32, 1, 1, 0, 0, 0, 0, 0, 0, 0, 0, 0, 0, 0, 0, 0, 0, 0, 0, 0, 0, 0, 0, 0, 0, 0, 0, 0]",2,128,0.0,0.0,2853544308,2853554107,2853554343,2853559783,0,269244,269244,1023011,1,9799,5440,32,32,32,1
203,1,"[32, 32, 1, 1, 768, 1, 1, 1, 1, 0, 0, 1, 1, 1, 1, 1, 4, 0, 0, 0, 0, 0, 0, 0, 0, 0, 0, 0, 0, 0]",96,128,0.0,0.0,2853813672,2853872839,2853829027,2853878659,2304,214908,181437,1023013,2,24982,16161,32,32,32,1
156,1,"[4, 32, 768, 1, 1, 0, 0, 0, 0, 0, 0, 0, 0, 0, 0, 0, 0, 0, 0, 0, 0, 0, 0, 0, 0, 0, 0, 0, 0, 0]",48,128,491520.0,196608.0,2854047832,2854059740,2854060096,2854064896,0,149598,149598,1023014,1,11908,4800,32,32,32,1
23,1,"[4, 32, 768, 1, 1, 0, 0, 0, 0, 0, 0, 0, 0, 0, 0, 4, 32, 768, 2, 2, 0, 0, 0, 0, 0, 0, 0, 0, 0, 0]",384,128,98304.0,884736.0,2854202399,2854214052,2854214494,2854220958,0,252029,252029,1023015,1,11653,6464,32,32,32,1
203,1,"[32, 768, 2, 2, 128, 2, 2, 1, 1, 0, 0, 1, 1, 1, 1, 1, 4, 0, 0, 0, 0, 0, 0, 0, 0, 0, 0, 0, 0, 0]",768,64,0.0,0.0,2854458365,2854482233,2854472987,2854549690,4608,168478,162910,1023016,2,22411,71135,32,32,32,1
205,1,"[4, 0, 0, 0, 0, 0, 0, 0, 0, 0, 0, 0, 0, 0, 0, 4, 0, 0, 0, 0, 0, 0, 0, 0, 0, 0, 0, 0, 0, 0]",128,512,131072.0,262144.0,2854700402,2855102001,2854712600,2855114611,144,584440,198237,1023017,2,28216,15808,32,32,32,1
234,1,"[4, 32, 1, 1, 1, 0, 0, 0, 0, 0, 0, 0, 0, 0, 0, 0, 0, 0, 0, 0, 0, 0, 0, 0, 0, 0, 0, 0, 0, 0]",64,256,16384.0,131200.0,2855299088,2855593527,2855312848,2855598285,0,405180,131903,1023018,3,38163,12160,32,32,32,1
35,1,"[4, 32, 128, 2, 2, 0, 0, 0, 0, 0, 0, 0, 0, 0, 0, 4, 32, 128, 2, 2, 0, 0, 0, 0, 0, 0, 0, 0, 0, 0]",32,128,16384.0,196608.0,2855718203,2855729988,2855730188,2855734027,0,267453,267453,1023019,1,11785,3839,32,32,32,1
203,1,"[32, 128, 2, 2, 768, 2, 2, 1, 1, 0, 0, 1, 1, 1, 1, 1, 4, 0, 0, 0, 0, 0, 0, 0, 0, 0, 0, 0, 0, 0]",96,64,0.0,0.0,2855986044,2856001727,2856001480,2856036296,2304,195261,195261,1023020,1,15683,34816,32,32,32,1
205,1,"[4, 0, 0, 0, 0, 0, 0, 0, 0, 0, 0, 0, 0, 0, 0, 4, 0, 0, 0, 0, 0, 0, 0, 0, 0, 0, 0, 0, 0, 0]",768,512,786432.0,1572864.0,2856218939,2856771085,2856231557,2856819582,144,710231,174014,1023021,2,27854,51808,32,32,32,1
159,1,"[4, 32, 768, 2, 2, 0, 0, 0, 0, 0, 0, 0, 0, 0, 0, 0, 0, 0, 0, 0, 0, 0, 0, 0, 0, 0, 0, 0, 0, 0]",192,128,0.0,0.0,2856983040,2856993515,2856993596,2856998651,0,213758,213758,1023022,1,10475,5055,32,32,32,1
203,1,"[32, 768, 2, 2, 768, 2, 2, 3, 3, 1, 1, 1, 1, 1, 1, 768, 4, 0, 0, 0, 0, 0, 0, 0, 0, 0, 0, 0, 0, 0]",96,1024,0.0,0.0,2857199499,2857212654,2857212409,2857226969,0,190749,190749,1023024,1,13155,14560,32,32,32,1
205,1,"[4, 0, 0, 0, 0, 0, 0, 0, 0, 0, 0, 0, 0, 0, 0, 4, 0, 0, 0, 0, 0, 0, 0, 0, 0, 0, 0, 0, 0, 0]",768,512,786432.0,1572864.0,2857405976,2857802336,2857417718,2857850193,144,552826,171486,1023025,2,25533,51135,32,32,32,1
159,1,"[4, 32, 768, 2, 2, 0, 0, 0, 0, 0, 0, 0, 0, 0, 0, 0, 0, 0, 0, 0, 0, 0, 0, 0, 0, 0, 0, 0, 0, 0]",192,128,0.0,0.0,2858011186,2858021572,2858021679,2858026287,0,185758,185758,1023026,1,10386,4608,32,32,32,1
199,1,"[4, 32, 768, 2, 2, 0, 0, 0, 0, 0, 0, 0, 0, 0, 0, 0, 0, 0, 0, 0, 0, 0, 0, 0, 0, 0, 0, 0, 0, 0]",192,512,0.0,0.0,2858199258,2858211863,2858212045,2858225484,16,274717,274717,1023028,1,12605,13439,32,32,32,1
203,1,"[32, 768, 1, 1, 32, 1, 1, 1, 1, 0, 0, 1, 1, 1, 1, 1, 4, 0, 0, 0, 0, 0, 0, 0, 0, 0, 0, 0, 0, 0]",4,256,1572864.0,200704.0,2858484710,2858558946,2858500201,2858591208,41472,219420,210365,1023029,3,33280,81952,32,32,32,1
159,1,"[4, 32, 32, 1, 1, 0, 0, 0, 0, 0, 0, 0, 0, 0, 0, 0, 0, 0, 0, 0, 0, 0, 0, 0, 0, 0, 0, 0, 0, 0]",2,128,0.0,0.0,2858791706,2858801395,2858801573,2858806533,0,264477,264477,1023030,1,9689,4960,32,32,32,1
203,1,"[32, 32, 1, 1, 768, 1, 1, 1, 1, 0, 0, 1, 1, 1, 1, 1, 4, 0, 0, 0, 0, 0, 0, 0, 0, 0, 0, 0, 0, 0]",96,128,0.0,0.0,2859056157,2859117840,2859071010,2859120801,2304,220509,187006,1023032,2,27524,16288,32,32,32,1
156,1,"[4, 32, 768, 1, 1, 0, 0, 0, 0, 0, 0, 0, 0, 0, 0, 0, 0, 0, 0, 0, 0, 0, 0, 0, 0, 0, 0, 0, 0, 0]",48,128,491520.0,196608.0,2859295324,2859307593,2859307807,2859312639,0,151294,151294,1023033,1,12269,4832,32,32,32,1
23,1,"[4, 32, 768, 1, 1, 0, 0, 0, 0, 0, 0, 0, 0, 0, 0, 4, 32, 768, 2, 2, 0, 0, 0, 0, 0, 0, 0, 0, 0, 0]",384,128,98304.0,884736.0,2859451969,2859463580,2859463933,2859470461,0,262524,262524,1023034,1,11611,6528,32,32,32,1
203,1,"[32, 768, 2, 2, 128, 2, 2, 1, 1, 0, 0, 1, 1, 1, 1, 1, 4, 0, 0, 0, 0, 0, 0, 0, 0, 0, 0, 0, 0, 0]",768,64,0.0,0.0,2859717725,2859742294,2859732985,2859809464,4608,173758,168158,1023035,2,23106,70879,32,32,32,1
205,1,"[4, 0, 0, 0, 0, 0, 0, 0, 0, 0, 0, 0, 0, 0, 0, 4, 0, 0, 0, 0, 0, 0, 0, 0, 0, 0, 0, 0, 0, 0]",128,512,131072.0,262144.0,2859965232,2860370047,2859977622,2860382865,144,587673,198334,1023036,2,25269,15904,32,32,32,1
234,1,"[4, 32, 1, 1, 1, 0, 0, 0, 0, 0, 0, 0, 0, 0, 0, 0, 0, 0, 0, 0, 0, 0, 0, 0, 0, 0, 0, 0, 0, 0]",64,256,16384.0,131200.0,2860567414,2860858703,2860581199,2860863467,0,392571,122207,1023037,3,37915,11904,32,32,32,1
35,1,"[4, 32, 128, 2, 2, 0, 0, 0, 0, 0, 0, 0, 0, 0, 0, 4, 32, 128, 2, 2, 0, 0, 0, 0, 0, 0, 0, 0, 0, 0]",32,128,16384.0,196608.0,2860974273,2860985266,2860985674,2860989674,0,264860,264860,1023038,1,10993,4000,32,32,32,1
203,1,"[32, 128, 2, 2, 768, 2, 2, 1, 1, 0, 0, 1, 1, 1, 1, 1, 4, 0, 0, 0, 0, 0, 0, 0, 0, 0, 0, 0, 0, 0]",96,64,0.0,0.0,2861238945,2861254567,2861254534,2861288518,2304,198526,198526,1023039,1,15622,33984,32,32,32,1
205,1,"[4, 0, 0, 0, 0, 0, 0, 0, 0, 0, 0, 0, 0, 0, 0, 4, 0, 0, 0, 0, 0, 0, 0, 0, 0, 0, 0, 0, 0, 0]",768,512,786432.0,1572864.0,2861473770,2861874982,2861487044,2861923166,144,552442,167646,1023040,2,26669,51326,32,32,32,1
159,1,"[4, 32, 768, 2, 2, 0, 0, 0, 0, 0, 0, 0, 0, 0, 0, 0, 0, 0, 0, 0, 0, 0, 0, 0, 0, 0, 0, 0, 0, 0]",192,128,0.0,0.0,2862080506,2862090736,2862090812,2862096316,0,210205,210205,1023041,1,10230,5504,32,32,32,1
203,1,"[32, 768, 2, 2, 768, 2, 2, 5, 5, 2, 2, 1, 1, 1, 1, 768, 4, 0, 0, 0, 0, 0, 0, 0, 0, 0, 0, 0, 0, 0]",96,1024,0.0,0.0,2862293587,2862306499,2862306521,2862332889,0,182749,182749,1023043,1,12912,26368,32,32,32,1
205,1,"[4, 0, 0, 0, 0, 0, 0, 0, 0, 0, 0, 0, 0, 0, 0, 4, 0, 0, 0, 0, 0, 0, 0, 0, 0, 0, 0, 0, 0, 0]",768,512,786432.0,1572864.0,2862503571,2862899873,2862515638,2862948273,144,553786,172094,1023044,2,25021,50943,32,32,32,1
159,1,"[4, 32, 768, 2, 2, 0, 0, 0, 0, 0, 0, 0, 0, 0, 0, 0, 0, 0, 0, 0, 0, 0, 0, 0, 0, 0, 0, 0, 0, 0]",192,128,0.0,0.0,2863109791,2863119929,2863120367,2863125647,0,180318,180318,1023045,1,10138,5280,32,32,32,1
199,1,"[4, 32, 768, 2, 2, 0, 0, 0, 0, 0, 0, 0, 0, 0, 0, 0, 0, 0, 0, 0, 0, 0, 0, 0, 0, 0, 0, 0, 0, 0]",192,512,0.0,0.0,2863293563,2863305744,2863305965,2863319084,16,273597,273597,1023047,1,12181,13119,32,32,32,1
203,1,"[32, 768, 1, 1, 32, 1, 1, 1, 1, 0, 0, 1, 1, 1, 1, 1, 4, 0, 0, 0, 0, 0, 0, 0, 0, 0, 0, 0, 0, 0]",4,256,1572864.0,200704.0,2863577319,2863658218,2863592681,2863683720,41472,230205,221085,1023048,3,33261,81919,32,32,32,1
159,1,"[4, 32, 32, 1, 1, 0, 0, 0, 0, 0, 0, 0, 0, 0, 0, 0, 0, 0, 0, 0, 0, 0, 0, 0, 0, 0, 0, 0, 0, 0]",2,128,0.0,0.0,2863894481,2863904541,2863904805,2863909893,0,263837,263837,1023049,1,10060,5088,32,32,32,1
203,1,"[32, 32, 1, 1, 768, 1, 1, 1, 1, 0, 0, 1, 1, 1, 1, 1, 4, 0, 0, 0, 0, 0, 0, 0, 0, 0, 0, 0, 0, 0]",96,128,0.0,0.0,2864158858,2864217347,2864173730,2864223041,2304,214077,180958,1023051,2,24763,16192,32,32,32,1
156,1,"[4, 32, 768, 1, 1, 0, 0, 0, 0, 0, 0, 0, 0, 0, 0, 0, 0, 0, 0, 0, 0, 0, 0, 0, 0, 0, 0, 0, 0, 0]",48,128,491520.0,196608.0,2864391759,2864403993,2864403999,2864408703,0,301340,301340,1023052,1,12234,4704,32,32,32,1
23,1,"[4, 32, 768, 1, 1, 0, 0, 0, 0, 0, 0, 0, 0, 0, 0, 4, 32, 768, 2, 2, 0, 0, 0, 0, 0, 0, 0, 0, 0, 0]",384,128,98304.0,884736.0,2864695864,2864710217,2864710043,2864716539,0,273309,273309,1023053,1,14353,6496,32,32,32,1
203,1,"[32, 768, 2, 2, 176, 2, 2, 1, 1, 0, 0, 1, 1, 1, 1, 1, 4, 0, 0, 0, 0, 0, 0, 0, 0, 0, 0, 0, 0, 0]",768,64,0.0,0.0,2864974446,2864999750,2864989848,2865073239,4608,167550,161246,1023054,2,23822,77087,32,32,32,1
205,1,"[4, 0, 0, 0, 0, 0, 0, 0, 0, 0, 0, 0, 0, 0, 0, 4, 0, 0, 0, 0, 0, 0, 0, 0, 0, 0, 0, 0, 0, 0]",176,512,180224.0,360448.0,2865221620,2865619875,2865234485,2865636528,144,652695,270300,1023055,2,25667,19648,32,32,32,1
203,1,"[32, 176, 2, 2, 1056, 2, 2, 1, 1, 0, 0, 1, 1, 1, 1, 1, 4, 0, 0, 0, 0, 0, 0, 0, 0, 0, 0, 0, 0, 0]",132,64,0.0,0.0,2865891259,2865906914,2865906828,2865958923,2304,176862,176862,1023056,1,15655,52095,32,32,32,1
205,1,"[4, 0, 0, 0, 0, 0, 0, 0, 0, 0, 0, 0, 0, 0, 0, 4, 0, 0, 0, 0, 0, 0, 0, 0, 0, 0, 0, 0, 0, 0]",1056,512,1081344.0,2162688.0,2866122868,2866521910,2866135785,2866586468,144,539033,155998,1023057,2,26398,67648,32,32,32,1
159,1,"[4, 32, 1056, 2, 2, 0, 0, 0, 0, 0, 0, 0, 0, 0, 0, 0, 0, 0, 0, 0, 0, 0, 0, 0, 0, 0, 0, 0, 0, 0]",264,128,0.0,0.0,2866731826,2866742396,2866742466,2866747618,0,213405,213405,1023058,1,10570,5152,32,32,32,1
203,1,"[32, 1056, 2, 2, 1056, 2, 2, 5, 5, 2, 2, 1, 1, 1, 1, 1056, 4, 0, 0, 0, 0, 0, 0, 0, 0, 0, 0, 0, 0, 0]",132,1024,0.0,0.0,2866947728,2866961206,2866961023,2866994623,0,172733,172733,1023060,1,13478,33600,32,32,32,1
205,1,"[4, 0, 0, 0, 0, 0, 0, 0, 0, 0, 0, 0, 0, 0, 0, 4, 0, 0, 0, 0, 0, 0, 0, 0, 0, 0, 0, 0, 0, 0]",1056,512,1081344.0,2162688.0,2867155447,2867550452,2867167356,2867614487,144,544633,164766,1023061,2,25005,67264,32,32,32,1
159,1,"[4, 32, 1056, 2, 2, 0, 0, 0, 0, 0, 0, 0, 0, 0, 0, 0, 0, 0, 0, 0, 0, 0, 0, 0, 0, 0, 0, 0, 0, 0]",264,128,0.0,0.0,2867768576,2867778875,2867779253,2867784821,0,183037,183037,1023062,1,10299,5568,32,32,32,1
199,1,"[4, 32, 1056, 2, 2, 0, 0, 0, 0, 0, 0, 0, 0, 0, 0, 0, 0, 0, 0, 0, 0, 0, 0, 0, 0, 0, 0, 0, 0, 0]",264,512,0.0,0.0,2867954966,2867970409,2867967858,2867983186,16,277213,277213,1023064,1,15443,15328,32,32,32,1
203,1,"[32, 1056, 1, 1, 44, 1, 1, 1, 1, 0, 0, 1, 1, 1, 1, 1, 4, 0, 0, 0, 0, 0, 0, 0, 0, 0, 0, 0, 0, 0]",6,256,2973696.0,326656.0,2868244777,2868319658,2868260399,2868375181,41472,197469,188126,1023065,3,33370,105439,32,32,32,1
159,1,"[4, 32, 44, 1, 1, 0, 0, 0, 0, 0, 0, 0, 0, 0, 0, 0, 0, 0, 0, 0, 0, 0, 0, 0, 0, 0, 0, 0, 0, 0]",3,128,0.0,0.0,2868553210,2868563012,2868563307,2868568299,0,266204,266204,1023066,1,9802,4992,32,32,32,1
203,1,"[32, 44, 1, 1, 1056, 1, 1, 1, 1, 0, 0, 1, 1, 1, 1, 1, 4, 0, 0, 0, 0, 0, 0, 0, 0, 0, 0, 0, 0, 0]",132,128,0.0,0.0,2868819891,2868878576,2868834503,2868884615,2304,212957,179806,1023068,2,24353,16961,32,32,32,1
156,1,"[4, 32, 1056, 1, 1, 0, 0, 0, 0, 0, 0, 0, 0, 0, 0, 0, 0, 0, 0, 0, 0, 0, 0, 0, 0, 0, 0, 0, 0, 0]",66,128,675840.0,270336.0,2869052101,2869067123,2869064421,2869069253,0,152830,152830,1023069,1,15022,4832,32,32,32,1
23,1,"[4, 32, 1056, 1, 1, 0, 0, 0, 0, 0, 0, 0, 0, 0, 0, 4, 32, 1056, 2, 2, 0, 0, 0, 0, 0, 0, 0, 0, 0, 0]",528,128,135168.0,1216512.0,2869210221,2869221766,2869222083,2869228931,0,254877,254877,1023070,1,11545,6848,32,32,32,1
203,1,"[32, 1056, 2, 2, 176, 2, 2, 1, 1, 0, 0, 1, 1, 1, 1, 1, 4, 0, 0, 0, 0, 0, 0, 0, 0, 0, 0, 0, 0, 0]",1056,64,0.0,0.0,2869469006,2869493638,2869483808,2869594366,4608,137855,131999,1023071,2,23152,104702,32,32,32,1
205,1,"[4, 0, 0, 0, 0, 0, 0, 0, 0, 0, 0, 0, 0, 0, 0, 4, 0, 0, 0, 0, 0, 0, 0, 0, 0, 0, 0, 0, 0, 0]",176,512,180224.0,360448.0,2869713712,2870113091,2869726365,2870127512,144,575353,194557,1023072,2,27475,20351,32,32,32,1
234,1,"[4, 32, 1, 1, 1, 0, 0, 0, 0, 0, 0, 0, 0, 0, 0, 0, 0, 0, 0, 0, 0, 0, 0, 0, 0, 0, 0, 0, 0, 0]",88,256,22528.0,180352.0,2870308383,2870597349,2870322069,2870602130,0,391770,123646,1023073,3,37638,11937,32,32,32,1
35,1,"[4, 32, 176, 2, 2, 0, 0, 0, 0, 0, 0, 0, 0, 0, 0, 4, 32, 176, 2, 2, 0, 0, 0, 0, 0, 0, 0, 0, 0, 0]",44,128,22528.0,270336.0,2870714326,2870725463,2870725776,2870729808,0,259389,259389,1023074,1,11137,4032,32,32,32,1
203,1,"[32, 176, 2, 2, 1056, 2, 2, 1, 1, 0, 0, 1, 1, 1, 1, 1, 4, 0, 0, 0, 0, 0, 0, 0, 0, 0, 0, 0, 0, 0]",132,64,0.0,0.0,2870973713,2870989244,2870989197,2871041548,2304,176350,176350,1023075,1,15531,52351,32,32,32,1
205,1,"[4, 0, 0, 0, 0, 0, 0, 0, 0, 0, 0, 0, 0, 0, 0, 4, 0, 0, 0, 0, 0, 0, 0, 0, 0, 0, 0, 0, 0, 0]",1056,512,1081344.0,2162688.0,2871205265,2871607200,2871217898,2871671620,144,553529,167230,1023076,2,26030,67423,32,32,32,1
159,1,"[4, 32, 1056, 2, 2, 0, 0, 0, 0, 0, 0, 0, 0, 0, 0, 0, 0, 0, 0, 0, 0, 0, 0, 0, 0, 0, 0, 0, 0, 0]",264,128,0.0,0.0,2871827999,2871838813,2871838850,2871843906,0,212734,212734,1023077,1,10814,5056,32,32,32,1
203,1,"[32, 1056, 2, 2, 1056, 2, 2, 5, 5, 2, 2, 1, 1, 1, 1, 1056, 4, 0, 0, 0, 0, 0, 0, 0, 0, 0, 0, 0, 0, 0]",132,1024,0.0,0.0,2872043790,2872056811,2872056640,2872090559,0,313500,313500,1023079,1,13021,33919,32,32,32,1
205,1,"[4, 0, 0, 0, 0, 0, 0, 0, 0, 0, 0, 0, 0, 0, 0, 4, 0, 0, 0, 0, 0, 0, 0, 0, 0, 0, 0, 0, 0, 0]",1056,512,1081344.0,2162688.0,2872390247,2872804165,2872404059,2872868661,144,552441,155646,1023080,2,28176,67807,32,32,32,1
159,1,"[4, 32, 1056, 2, 2, 0, 0, 0, 0, 0, 0, 0, 0, 0, 0, 0, 0, 0, 0, 0, 0, 0, 0, 0, 0, 0, 0, 0, 0, 0]",264,128,0.0,0.0,2873013598,2873024293,2873024307,2873029299,0,180094,180094,1023081,1,10695,4992,32,32,32,1
199,1,"[4, 32, 1056, 2, 2, 0, 0, 0, 0, 0, 0, 0, 0, 0, 0, 0, 0, 0, 0, 0, 0, 0, 0, 0, 0, 0, 0, 0, 0, 0]",264,512,0.0,0.0,2873196646,2873209217,2873209393,2873224657,16,270684,270684,1023083,1,12571,15264,32,32,32,1
203,1,"[32, 1056, 1, 1, 44, 1, 1, 1, 1, 0, 0, 1, 1, 1, 1, 1, 4, 0, 0, 0, 0, 0, 0, 0, 0, 0, 0, 0, 0, 0]",6,256,2973696.0,326656.0,2873480005,2873556712,2873495341,2873609324,41472,198717,190142,1023084,3,35958,105408,32,32,32,1
159,1,"[4, 32, 44, 1, 1, 0, 0, 0, 0, 0, 0, 0, 0, 0, 0, 0, 0, 0, 0, 0, 0, 0, 0, 0, 0, 0, 0, 0, 0, 0]",3,128,0.0,0.0,2873789082,2873799160,2873799466,2873804586,0,264060,264060,1023085,1,10078,5120,32,32,32,1
203,1,"[32, 44, 1, 1, 1056, 1, 1, 1, 1, 0, 0, 1, 1, 1, 1, 1, 4, 0, 0, 0, 0, 0, 0, 0, 0, 0, 0, 0, 0, 0]",132,128,0.0,0.0,2874053725,2874112384,2874068646,2874118406,2304,218590,185886,1023087,2,24585,17056,32,32,32,1
156,1,"[4, 32, 1056, 1, 1, 0, 0, 0, 0, 0, 0, 0, 0, 0, 0, 0, 0, 0, 0, 0, 0, 0, 0, 0, 0, 0, 0, 0, 0, 0]",66,128,675840.0,270336.0,2874291935,2874304150,2874304292,2874309219,0,150015,150015,1023088,1,12215,4927,32,32,32,1
23,1,"[4, 32, 1056, 1, 1, 0, 0, 0, 0, 0, 0, 0, 0, 0, 0, 4, 32, 1056, 2, 2, 0, 0, 0, 0, 0, 0, 0, 0, 0, 0]",528,128,135168.0,1216512.0,2874447289,2874458943,2874459234,2874466049,0,253533,253533,1023089,1,11654,6815,32,32,32,1
203,1,"[32, 1056, 2, 2, 176, 2, 2, 1, 1, 0, 0, 1, 1, 1, 1, 1, 4, 0, 0, 0, 0, 0, 0, 0, 0, 0, 0, 0, 0, 0]",1056,64,0.0,0.0,2874704510,2874728858,2874719582,2874825373,4608,139550,134174,1023090,2,22905,100415,32,32,32,1
205,1,"[4, 0, 0, 0, 0, 0, 0, 0, 0, 0, 0, 0, 0, 0, 0, 4, 0, 0, 0, 0, 0, 0, 0, 0, 0, 0, 0, 0, 0, 0]",176,512,180224.0,360448.0,2874946861,2875346696,2874959547,2875363510,144,575993,191966,1023091,2,25528,19936,32,32,32,1
234,1,"[4, 32, 1, 1, 1, 0, 0, 0, 0, 0, 0, 0, 0, 0, 0, 0, 0, 0, 0, 0, 0, 0, 0, 0, 0, 0, 0, 0, 0, 0]",88,256,22528.0,180352.0,2875541952,2875846171,2875555476,2875850992,0,406940,123423,1023092,3,38880,11999,32,32,32,1
35,1,"[4, 32, 176, 2, 2, 0, 0, 0, 0, 0, 0, 0, 0, 0, 0, 4, 32, 176, 2, 2, 0, 0, 0, 0, 0, 0, 0, 0, 0, 0]",44,128,22528.0,270336.0,2875962969,2875974069,2875974415,2875978798,0,260637,260637,1023093,1,11100,4383,32,32,32,1
203,1,"[32, 176, 2, 2, 1056, 2, 2, 1, 1, 0, 0, 1, 1, 1, 1, 1, 4, 0, 0, 0, 0, 0, 0, 0, 0, 0, 0, 0, 0, 0]",132,64,0.0,0.0,2876223764,2876239625,2876239435,2876292011,2304,176413,176413,1023094,1,15861,52576,32,32,32,1
205,1,"[4, 0, 0, 0, 0, 0, 0, 0, 0, 0, 0, 0, 0, 0, 0, 4, 0, 0, 0, 0, 0, 0, 0, 0, 0, 0, 0, 0, 0, 0]",1056,512,1081344.0,2162688.0,2876455627,2876858578,2876468424,2876922883,144,542874,155902,1023095,2,26459,67487,32,32,32,1
159,1,"[4, 32, 1056, 2, 2, 0, 0, 0, 0, 0, 0, 0, 0, 0, 0, 0, 0, 0, 0, 0, 0, 0, 0, 0, 0, 0, 0, 0, 0, 0]",264,128,0.0,0.0,2877068520,2877078538,2877078785,2877083809,0,210461,210461,1023096,1,10018,5024,32,32,32,1
203,1,"[32, 1056, 2, 2, 1056, 2, 2, 5, 5, 2, 2, 1, 1, 1, 1, 1056, 4, 0, 0, 0, 0, 0, 0, 0, 0, 0, 0, 0, 0, 0]",132,1024,0.0,0.0,2877281424,2877294464,2877294270,2877328094,0,167422,167422,1023098,1,13040,33824,32,32,32,1
205,1,"[4, 0, 0, 0, 0, 0, 0, 0, 0, 0, 0, 0, 0, 0, 0, 4, 0, 0, 0, 0, 0, 0, 0, 0, 0, 0, 0, 0, 0, 0]",1056,512,1081344.0,2162688.0,2877483628,2877878098,2877495516,2877942710,144,531001,151550,1023099,2,24912,67743,32,32,32,1
159,1,"[4, 32, 1056, 2, 2, 0, 0, 0, 0, 0, 0, 0, 0, 0, 0, 0, 0, 0, 0, 0, 0, 0, 0, 0, 0, 0, 0, 0, 0, 0]",264,128,0.0,0.0,2878084108,2878094107,2878094260,2878099316,0,180670,180670,1023100,1,9999,5056,32,32,32,1
199,1,"[4, 32, 1056, 2, 2, 0, 0, 0, 0, 0, 0, 0, 0, 0, 0, 0, 0, 0, 0, 0, 0, 0, 0, 0, 0, 0, 0, 0, 0, 0]",264,512,0.0,0.0,2878267737,2878279974,2878279986,2878295249,16,277245,277245,1023102,1,12237,15263,32,32,32,1
203,1,"[32, 1056, 1, 1, 44, 1, 1, 1, 1, 0, 0, 1, 1, 1, 1, 1, 4, 0, 0, 0, 0, 0, 0, 0, 0, 0, 0, 0, 0, 0]",6,256,2973696.0,326656.0,2878557022,2878633737,2878572494,2878686957,41472,207581,198589,1023103,3,32990,105471,32,32,32,1
159,1,"[4, 32, 44, 1, 1, 0, 0, 0, 0, 0, 0, 0, 0, 0, 0, 0, 0, 0, 0, 0, 0, 0, 0, 0, 0, 0, 0, 0, 0, 0]",3,128,0.0,0.0,2878875620,2878886524,2878885546,2878890602,0,267965,267965,1023104,1,10904,5056,32,32,32,1
203,1,"[32, 44, 1, 1, 1056, 1, 1, 1, 1, 0, 0, 1, 1, 1, 1, 1, 4, 0, 0, 0, 0, 0, 0, 0, 0, 0, 0, 0, 0, 0]",132,128,0.0,0.0,2879143179,2879204436,2879158567,2879210374,2304,216701,181790,1023106,2,25154,16896,32,32,32,1
156,1,"[4, 32, 1056, 1, 1, 0, 0, 0, 0, 0, 0, 0, 0, 0, 0, 0, 0, 0, 0, 0, 0, 0, 0, 0, 0, 0, 0, 0, 0, 0]",66,128,675840.0,270336.0,2879379998,2879392050,2879392164,2879396996,0,151070,151070,1023107,1,12052,4832,32,32,32,1
23,1,"[4, 32, 1056, 1, 1, 0, 0, 0, 0, 0, 0, 0, 0, 0, 0, 4, 32, 1056, 2, 2, 0, 0, 0, 0, 0, 0, 0, 0, 0, 0]",528,128,135168.0,1216512.0,2879536233,2879547822,2879548066,2879554882,0,266332,266332,1023108,1,11589,6816,32,32,32,1
203,1,"[32, 1056, 2, 2, 176, 2, 2, 1, 1, 0, 0, 1, 1, 1, 1, 1, 4, 0, 0, 0, 0, 0, 0, 0, 0, 0, 0, 0, 0, 0]",1056,64,0.0,0.0,2879805815,2879830721,2879821214,2879930621,4608,144989,139486,1023109,2,23436,103904,32,32,32,1
205,1,"[4, 0, 0, 0, 0, 0, 0, 0, 0, 0, 0, 0, 0, 0, 0, 4, 0, 0, 0, 0, 0, 0, 0, 0, 0, 0, 0, 0, 0, 0]",176,512,180224.0,360448.0,2880054469,2880619720,2880070107,2880635924,144,741911,195774,1023110,2,31604,19680,32,32,32,1
234,1,"[4, 32, 1, 1, 1, 0, 0, 0, 0, 0, 0, 0, 0, 0, 0, 0, 0, 0, 0, 0, 0, 0, 0, 0, 0, 0, 0, 0, 0, 0]",88,256,22528.0,180352.0,2880817506,2881111214,2880831698,2881116046,0,398683,126303,1023111,3,39339,11968,32,32,32,1
35,1,"[4, 32, 176, 2, 2, 0, 0, 0, 0, 0, 0, 0, 0, 0, 0, 4, 32, 176, 2, 2, 0, 0, 0, 0, 0, 0, 0, 0, 0, 0]",44,128,22528.0,270336.0,2881230696,2881241964,2881242349,2881246508,0,266013,266013,1023112,1,11268,4159,32,32,32,1
203,1,"[32, 176, 2, 2, 1056, 2, 2, 1, 1, 0, 0, 1, 1, 1, 1, 1, 4, 0, 0, 0, 0, 0, 0, 0, 0, 0, 0, 0, 0, 0]",132,64,0.0,0.0,2881496832,2881512775,2881512521,2881564553,2304,194493,194493,1023113,1,15943,52032,32,32,32,1
205,1,"[4, 0, 0, 0, 0, 0, 0, 0, 0, 0, 0, 0, 0, 0, 0, 4, 0, 0, 0, 0, 0, 0, 0, 0, 0, 0, 0, 0, 0, 0]",1056,512,1081344.0,2162688.0,2881746004,2882158333,2881759046,2882222720,144,549721,153790,1023114,2,26434,67743,32,32,32,1
159,1,"[4, 32, 1056, 2, 2, 0, 0, 0, 0, 0, 0, 0, 0, 0, 0, 0, 0, 0, 0, 0, 0, 0, 0, 0, 0, 0, 0, 0, 0, 0]",264,128,0.0,0.0,2882365136,2882378443,2882376510,2882381438,0,212670,212670,1023115,1,13307,4928,32,32,32,1
203,1,"[32, 1056, 2, 2, 1056, 2, 2, 5, 5, 2, 2, 1, 1, 1, 1, 1056, 4, 0, 0, 0, 0, 0, 0, 0, 0, 0, 0, 0, 0, 0]",132,1024,0.0,0.0,2882581659,2882594494,2882594108,2882627547,0,169502,169502,1023117,1,12835,33439,32,32,32,1
205,1,"[4, 0, 0, 0, 0, 0, 0, 0, 0, 0, 0, 0, 0, 0, 0, 4, 0, 0, 0, 0, 0, 0, 0, 0, 0, 0, 0, 0, 0, 0]",1056,512,1081344.0,2162688.0,2882785498,2883178454,2882797049,2883242932,144,529050,151102,1023118,2,24640,67935,32,32,32,1
159,1,"[4, 32, 1056, 2, 2, 0, 0, 0, 0, 0, 0, 0, 0, 0, 0, 0, 0, 0, 0, 0, 0, 0, 0, 0, 0, 0, 0, 0, 0, 0]",264,128,0.0,0.0,2883383361,2883394146,2883394034,2883399058,0,185245,185245,1023119,1,10785,5024,32,32,32,1
199,1,"[4, 32, 1056, 2, 2, 0, 0, 0, 0, 0, 0, 0, 0, 0, 0, 0, 0, 0, 0, 0, 0, 0, 0, 0, 0, 0, 0, 0, 0, 0]",264,512,0.0,0.0,2883571485,2883584226,2883584303,2883599535,16,282620,282620,1023121,1,12741,15232,32,32,32,1
203,1,"[32, 1056, 1, 1, 44, 1, 1, 1, 1, 0, 0, 1, 1, 1, 1, 1, 4, 0, 0, 0, 0, 0, 0, 0, 0, 0, 0, 0, 0, 0]",6,256,2973696.0,326656.0,2883866320,2883940319,2883882155,2883996426,41472,196350,187550,1023122,3,33674,105471,32,32,32,1
159,1,"[4, 32, 44, 1, 1, 0, 0, 0, 0, 0, 0, 0, 0, 0, 0, 0, 0, 0, 0, 0, 0, 0, 0, 0, 0, 0, 0, 0, 0, 0]",3,128,0.0,0.0,2884173816,2884183762,2884183976,2884188808,0,260061,260061,1023123,1,9946,4832,32,32,32,1
203,1,"[32, 44, 1, 1, 1056, 1, 1, 1, 1, 0, 0, 1, 1, 1, 1, 1, 4, 0, 0, 0, 0, 0, 0, 0, 0, 0, 0, 0, 0, 0]",132,128,0.0,0.0,2884433802,2884495867,2884448869,2884501828,2304,216926,180894,1023125,2,25029,16927,32,32,32,1
156,1,"[4, 32, 1056, 1, 1, 0, 0, 0, 0, 0, 0, 0, 0, 0, 0, 0, 0, 0, 0, 0, 0, 0, 0, 0, 0, 0, 0, 0, 0, 0]",66,128,675840.0,270336.0,2884670677,2884682888,2884682722,2884687682,0,151006,151006,1023126,1,12211,4960,32,32,32,1
23,1,"[4, 32, 1056, 1, 1, 0, 0, 0, 0, 0, 0, 0, 0, 0, 0, 4, 32, 1056, 2, 2, 0, 0, 0, 0, 0, 0, 0, 0, 0, 0]",528,128,135168.0,1216512.0,2884826431,2884838571,2884838688,2884845472,0,254204,254204,1023127,1,12140,6784,32,32,32,1
203,1,"[32, 1056, 2, 2, 176, 2, 2, 1, 1, 0, 0, 1, 1, 1, 1, 1, 4, 0, 0, 0, 0, 0, 0, 0, 0, 0, 0, 0, 0, 0]",1056,64,0.0,0.0,2885084782,2885109327,2885099676,2885205915,4608,140446,134847,1023128,2,23024,100640,32,32,32,1
205,1,"[4, 0, 0, 0, 0, 0, 0, 0, 0, 0, 0, 0, 0, 0, 0, 4, 0, 0, 0, 0, 0, 0, 0, 0, 0, 0, 0, 0, 0, 0]",176,512,180224.0,360448.0,2885328367,2885730667,2885340762,2885747028,144,579609,193150,1023129,2,25856,19807,32,32,32,1
234,1,"[4, 32, 1, 1, 1, 0, 0, 0, 0, 0, 0, 0, 0, 0, 0, 0, 0, 0, 0, 0, 0, 0, 0, 0, 0, 0, 0, 0, 0, 0]",88,256,22528.0,180352.0,2885926462,2886218982,2885940178,2886223790,0,395900,124319,1023130,3,37867,12031,32,32,32,1
35,1,"[4, 32, 176, 2, 2, 0, 0, 0, 0, 0, 0, 0, 0, 0, 0, 4, 32, 176, 2, 2, 0, 0, 0, 0, 0, 0, 0, 0, 0, 0]",44,128,22528.0,270336.0,2886336400,2886347709,2886348109,2886352333,0,260317,260317,1023131,1,11309,4224,32,32,32,1
203,1,"[32, 176, 2, 2, 1056, 2, 2, 1, 1, 0, 0, 1, 1, 1, 1, 1, 4, 0, 0, 0, 0, 0, 0, 0, 0, 0, 0, 0, 0, 0]",132,64,0.0,0.0,2886597151,2886612669,2886612650,2886664169,2304,179742,179742,1023132,1,15518,51519,32,32,32,1
205,1,"[4, 0, 0, 0, 0, 0, 0, 0, 0, 0, 0, 0, 0, 0, 0, 4, 0, 0, 0, 0, 0, 0, 0, 0, 0, 0, 0, 0, 0, 0]",1056,512,1081344.0,2162688.0,2886830775,2887231126,2886843911,2887296097,144,537177,153118,1023133,2,26556,68127,32,32,32,1
159,1,"[4, 32, 1056, 2, 2, 0, 0, 0, 0, 0, 0, 0, 0, 0, 0, 0, 0, 0, 0, 0, 0, 0, 0, 0, 0, 0, 0, 0, 0, 0]",264,128,0.0,0.0,2887438656,2887449046,2887449215,2887454367,0,218333,218333,1023134,1,10390,5152,32,32,32,1
203,1,"[32, 1056, 2, 2, 1056, 2, 2, 5, 5, 2, 2, 1, 1, 1, 1, 1056, 4, 0, 0, 0, 0, 0, 0, 0, 0, 0, 0, 0, 0, 0]",132,1024,0.0,0.0,2887658950,2887672957,2887672700,2887706140,0,175709,175709,1023136,1,14007,33440,32,32,32,1
205,1,"[4, 0, 0, 0, 0, 0, 0, 0, 0, 0, 0, 0, 0, 0, 0, 4, 0, 0, 0, 0, 0, 0, 0, 0, 0, 0, 0, 0, 0, 0]",1056,512,1081344.0,2162688.0,2887869872,2888465562,2887881849,2888529714,144,745781,165501,1023137,2,27812,67585,32,32,32,1
159,1,"[4, 32, 1056, 2, 2, 0, 0, 0, 0, 0, 0, 0, 0, 0, 0, 0, 0, 0, 0, 0, 0, 0, 0, 0, 0, 0, 0, 0, 0, 0]",264,128,0.0,0.0,2888684726,2888695078,2888695215,2888700175,0,180894,180894,1023138,1,10352,4960,32,32,32,1
199,1,"[4, 32, 1056, 2, 2, 0, 0, 0, 0, 0, 0, 0, 0, 0, 0, 0, 0, 0, 0, 0, 0, 0, 0, 0, 0, 0, 0, 0, 0, 0]",264,512,0.0,0.0,2888868529,2888880963,2888881069,2888896333,16,272381,272381,1023140,1,12434,15264,32,32,32,1
203,1,"[32, 1056, 1, 1, 44, 1, 1, 1, 1, 0, 0, 1, 1, 1, 1, 1, 4, 0, 0, 0, 0, 0, 0, 0, 0, 0, 0, 0, 0, 0]",6,256,2973696.0,326656.0,2889153189,2889226696,2889168714,2889282696,41472,196351,187742,1023141,3,32496,105373,32,32,32,1
159,1,"[4, 32, 44, 1, 1, 0, 0, 0, 0, 0, 0, 0, 0, 0, 0, 0, 0, 0, 0, 0, 0, 0, 0, 0, 0, 0, 0, 0, 0, 0]",3,128,0.0,0.0,2889460359,2889470195,2889470438,2889475238,0,263484,263484,1023142,1,9836,4800,32,32,32,1
203,1,"[32, 44, 1, 1, 1056, 1, 1, 1, 1, 0, 0, 1, 1, 1, 1, 1, 4, 0, 0, 0, 0, 0, 0, 0, 0, 0, 0, 0, 0, 0]",132,128,0.0,0.0,2889724002,2889783910,2889738722,2889789922,2304,214237,180029,1023144,2,25184,16992,32,32,32,1
156,1,"[4, 32, 1056, 1, 1, 0, 0, 0, 0, 0, 0, 0, 0, 0, 0, 0, 0, 0, 0, 0, 0, 0, 0, 0, 0, 0, 0, 0, 0, 0]",66,128,675840.0,270336.0,2889957966,2889969908,2889969951,2889975040,0,147486,147486,1023145,1,11942,5089,32,32,32,1
23,1,"[4, 32, 1056, 1, 1, 0, 0, 0, 0, 0, 0, 0, 0, 0, 0, 4, 32, 1056, 2, 2, 0, 0, 0, 0, 0, 0, 0, 0, 0, 0]",528,128,135168.0,1216512.0,2890110833,2890124972,2890122526,2890129342,0,256220,256220,1023146,1,14139,6816,32,32,32,1
203,1,"[32, 1056, 2, 2, 176, 2, 2, 1, 1, 0, 0, 1, 1, 1, 1, 1, 4, 0, 0, 0, 0, 0, 0, 0, 0, 0, 0, 0, 0, 0]",1056,64,0.0,0.0,2890370508,2890395091,2890385562,2890492217,4608,139166,133790,1023147,2,23127,101279,32,32,32,1
205,1,"[4, 0, 0, 0, 0, 0, 0, 0, 0, 0, 0, 0, 0, 0, 0, 4, 0, 0, 0, 0, 0, 0, 0, 0, 0, 0, 0, 0, 0, 0]",176,512,180224.0,360448.0,2890613713,2891014589,2890626007,2891031570,144,580121,194846,1023148,2,25697,20288,32,32,32,1
234,1,"[4, 32, 1, 1, 1, 0, 0, 0, 0, 0, 0, 0, 0, 0, 0, 0, 0, 0, 0, 0, 0, 0, 0, 0, 0, 0, 0, 0, 0, 0]",88,256,22528.0,180352.0,2891212407,2891506503,2891226416,2891511437,0,402458,129470,1023149,3,38602,12033,32,32,32,1
35,1,"[4, 32, 176, 2, 2, 0, 0, 0, 0, 0, 0, 0, 0, 0, 0, 4, 32, 176, 2, 2, 0, 0, 0, 0, 0, 0, 0, 0, 0, 0]",44,128,22528.0,270336.0,2891628984,2891640511,2891640907,2891644971,0,261660,261660,1023150,1,11527,4064,32,32,32,1
203,1,"[32, 176, 2, 2, 1056, 2, 2, 1, 1, 0, 0, 1, 1, 1, 1, 1, 4, 0, 0, 0, 0, 0, 0, 0, 0, 0, 0, 0, 0, 0]",132,64,0.0,0.0,2891891798,2891906681,2891906631,2891959463,2304,172414,172414,1023151,1,14883,52832,32,32,32,1
205,1,"[4, 0, 0, 0, 0, 0, 0, 0, 0, 0, 0, 0, 0, 0, 0, 4, 0, 0, 0, 0, 0, 0, 0, 0, 0, 0, 0, 0, 0, 0]",1056,512,1081344.0,2162688.0,2892119203,2892519079,2892131877,2892583359,144,539705,155646,1023152,2,26221,67423,32,32,32,1
159,1,"[4, 32, 1056, 2, 2, 0, 0, 0, 0, 0, 0, 0, 0, 0, 0, 0, 0, 0, 0, 0, 0, 0, 0, 0, 0, 0, 0, 0, 0, 0]",264,128,0.0,0.0,2892728486,2892738860,2892739005,2892744029,0,207261,207261,1023153,1,10374,5024,32,32,32,1
203,1,"[32, 1056, 2, 2, 1056, 2, 2, 5, 5, 2, 2, 1, 1, 1, 1, 1056, 4, 0, 0, 0, 0, 0, 0, 0, 0, 0, 0, 0, 0, 0]",132,1024,0.0,0.0,2892938635,2892951415,2892951290,2892985114,0,166238,166238,1023155,1,12780,33824,32,32,32,1
205,1,"[4, 0, 0, 0, 0, 0, 0, 0, 0, 0, 0, 0, 0, 0, 0, 4, 0, 0, 0, 0, 0, 0, 0, 0, 0, 0, 0, 0, 0, 0]",1056,512,1081344.0,2162688.0,2893139909,2893539542,2893151352,2893603826,144,537178,152191,1023156,2,24855,67487,32,32,32,1
159,1,"[4, 32, 1056, 2, 2, 0, 0, 0, 0, 0, 0, 0, 0, 0, 0, 0, 0, 0, 0, 0, 0, 0, 0, 0, 0, 0, 0, 0, 0, 0]",264,128,0.0,0.0,2893745558,2893755899,2893756017,2893760944,0,177726,177726,1023157,1,10341,4927,32,32,32,1
199,1,"[4, 32, 1056, 2, 2, 0, 0, 0, 0, 0, 0, 0, 0, 0, 0, 0, 0, 0, 0, 0, 0, 0, 0, 0, 0, 0, 0, 0, 0, 0]",264,512,0.0,0.0,2893926464,2893938418,2893938670,2893953870,16,268957,268957,1023159,1,11954,15200,32,32,32,1
203,1,"[32, 1056, 1, 1, 44, 1, 1, 1, 1, 0, 0, 1, 1, 1, 1, 1, 4, 0, 0, 0, 0, 0, 0, 0, 0, 0, 0, 0, 0, 0]",6,256,2973696.0,326656.0,2894207727,2894281217,2894222827,2894337417,41472,199549,190366,1023160,3,33035,105407,32,32,32,1
159,1,"[4, 32, 44, 1, 1, 0, 0, 0, 0, 0, 0, 0, 0, 0, 0, 0, 0, 0, 0, 0, 0, 0, 0, 0, 0, 0, 0, 0, 0, 0]",3,128,0.0,0.0,2894517164,2894527178,2894527783,2894532295,0,262620,262620,1023161,1,10014,4512,32,32,32,1
203,1,"[32, 44, 1, 1, 1056, 1, 1, 1, 1, 0, 0, 1, 1, 1, 1, 1, 4, 0, 0, 0, 0, 0, 0, 0, 0, 0, 0, 0, 0, 0]",132,128,0.0,0.0,2894780349,2894839203,2894794915,2894845091,2304,215645,182717,1023163,2,24440,17248,32,32,32,1
156,1,"[4, 32, 1056, 1, 1, 0, 0, 0, 0, 0, 0, 0, 0, 0, 0, 0, 0, 0, 0, 0, 0, 0, 0, 0, 0, 0, 0, 0, 0, 0]",66,128,675840.0,270336.0,2895015271,2895027302,2895027808,2895032896,0,148447,148447,1023164,1,12031,5088,32,32,32,1
23,1,"[4, 32, 1056, 1, 1, 0, 0, 0, 0, 0, 0, 0, 0, 0, 0, 4, 32, 1056, 2, 2, 0, 0, 0, 0, 0, 0, 0, 0, 0, 0]",528,128,135168.0,1216512.0,2895169757,2895181261,2895181343,2895188158,0,254013,254013,1023165,1,11504,6815,32,32,32,1
203,1,"[32, 1056, 2, 2, 176, 2, 2, 1, 1, 0, 0, 1, 1, 1, 1, 1, 4, 0, 0, 0, 0, 0, 0, 0, 0, 0, 0, 0, 0, 0]",1056,64,0.0,0.0,2895426844,2895454681,2895442171,2895551738,4608,148574,143006,1023166,2,26323,103999,32,32,32,1
205,1,"[4, 0, 0, 0, 0, 0, 0, 0, 0, 0, 0, 0, 0, 0, 0, 4, 0, 0, 0, 0, 0, 0, 0, 0, 0, 0, 0, 0, 0, 0]",176,512,180224.0,360448.0,2895681858,2896236092,2895694744,2896252401,144,735863,197886,1023167,2,27938,19680,32,32,32,1
234,1,"[4, 32, 1, 1, 1, 0, 0, 0, 0, 0, 0, 0, 0, 0, 0, 0, 0, 0, 0, 0, 0, 0, 0, 0, 0, 0, 0, 0, 0, 0]",88,256,22528.0,180352.0,2896436181,2896735328,2896450287,2896737419,0,404698,129534,1023168,3,42220,11968,32,32,32,1
35,1,"[4, 32, 176, 2, 2, 0, 0, 0, 0, 0, 0, 0, 0, 0, 0, 4, 32, 176, 2, 2, 0, 0, 0, 0, 0, 0, 0, 0, 0, 0]",44,128,22528.0,270336.0,2896855165,2896866699,2896866953,2896871210,0,264284,264284,1023169,1,11534,4257,32,32,32,1
203,1,"[32, 176, 2, 2, 1056, 2, 2, 1, 1, 0, 0, 1, 1, 1, 1, 1, 4, 0, 0, 0, 0, 0, 0, 0, 0, 0, 0, 0, 0, 0]",132,64,0.0,0.0,2897119932,2897135563,2897135494,2897188069,2304,177054,177054,1023170,1,15631,52575,32,32,32,1
205,1,"[4, 0, 0, 0, 0, 0, 0, 0, 0, 0, 0, 0, 0, 0, 0, 4, 0, 0, 0, 0, 0, 0, 0, 0, 0, 0, 0, 0, 0, 0]",1056,512,1081344.0,2162688.0,2897352082,2897749537,2897365123,2897814430,144,538489,157214,1023171,2,26200,68032,32,32,32,1
159,1,"[4, 32, 1056, 2, 2, 0, 0, 0, 0, 0, 0, 0, 0, 0, 0, 0, 0, 0, 0, 0, 0, 0, 0, 0, 0, 0, 0, 0, 0, 0]",264,128,0.0,0.0,2897960697,2897971421,2897971644,2897977404,0,211325,211325,1023172,1,10724,5760,32,32,32,1
203,1,"[32, 1056, 2, 2, 1056, 1, 1, 5, 5, 2, 2, 2, 2, 1, 1, 1056, 4, 0, 0, 0, 0, 0, 0, 0, 0, 0, 0, 0, 0, 0]",33,1024,0.0,0.0,2898175754,2898188761,2898188729,2898202873,0,188509,188509,1023174,1,13007,14144,32,32,32,1
205,1,"[4, 0, 0, 0, 0, 0, 0, 0, 0, 0, 0, 0, 0, 0, 0, 4, 0, 0, 0, 0, 0, 0, 0, 0, 0, 0, 0, 0, 0, 0]",1056,512,270336.0,540672.0,2898379803,2898774237,2898391382,2898837713,144,535930,156318,1023175,2,24445,66719,32,32,32,1
159,1,"[4, 32, 1056, 1, 1, 0, 0, 0, 0, 0, 0, 0, 0, 0, 0, 0, 0, 0, 0, 0, 0, 0, 0, 0, 0, 0, 0, 0, 0, 0]",66,128,0.0,0.0,2898983625,2898993855,2898994031,2898998319,0,180350,180350,1023176,1,10230,4288,32,32,32,1
199,1,"[4, 32, 1056, 1, 1, 0, 0, 0, 0, 0, 0, 0, 0, 0, 0, 0, 0, 0, 0, 0, 0, 0, 0, 0, 0, 0, 0, 0, 0, 0]",66,128,0.0,0.0,2899166235,2899178584,2899178669,2899190156,16,273693,273693,1023178,1,12349,11487,32,32,32,1
203,1,"[32, 1056, 1, 1, 44, 1, 1, 1, 1, 0, 0, 1, 1, 1, 1, 1, 4, 0, 0, 0, 0, 0, 0, 0, 0, 0, 0, 0, 0, 0]",6,256,2973696.0,326656.0,2899448428,2899521315,2899463849,2899578632,41472,205597,196893,1023179,3,32779,106079,32,32,32,1
159,1,"[4, 32, 44, 1, 1, 0, 0, 0, 0, 0, 0, 0, 0, 0, 0, 0, 0, 0, 0, 0, 0, 0, 0, 0, 0, 0, 0, 0, 0, 0]",3,128,0.0,0.0,2899765131,2899775265,2899775525,2899780677,0,268893,268893,1023180,1,10134,5152,32,32,32,1
203,1,"[32, 44, 1, 1, 1056, 1, 1, 1, 1, 0, 0, 1, 1, 1, 1, 1, 4, 0, 0, 0, 0, 0, 0, 0, 0, 0, 0, 0, 0, 0]",132,128,0.0,0.0,2900034307,2900093928,2900049570,2900099905,2304,215294,181854,1023182,2,25160,16895,32,32,32,1
156,1,"[4, 32, 1056, 1, 1, 0, 0, 0, 0, 0, 0, 0, 0, 0, 0, 0, 0, 0, 0, 0, 0, 0, 0, 0, 0, 0, 0, 0, 0, 0]",66,128,675840.0,270336.0,2900269823,2900281765,2900281759,2900286559,0,151614,151614,1023183,1,11942,4800,32,32,32,1
23,1,"[4, 32, 1056, 1, 1, 0, 0, 0, 0, 0, 0, 0, 0, 0, 0, 4, 32, 1056, 1, 1, 0, 0, 0, 0, 0, 0, 0, 0, 0, 0]",66,128,33792.0,405504.0,2900426240,2900437862,2900438173,2900442077,0,253309,253309,1023184,1,11622,3904,32,32,32,1
203,1,"[32, 1056, 1, 1, 304, 1, 1, 1, 1, 0, 0, 1, 1, 1, 1, 1, 4, 0, 0, 0, 0, 0, 0, 0, 0, 0, 0, 0, 0, 0]",10,64,0.0,0.0,2900680433,2900695429,2900695386,2900824888,2304,99743,99743,1023185,1,14996,129502,32,32,32,1
205,1,"[4, 0, 0, 0, 0, 0, 0, 0, 0, 0, 0, 0, 0, 0, 0, 4, 0, 0, 0, 0, 0, 0, 0, 0, 0, 0, 0, 0, 0, 0]",304,512,77824.0,155648.0,2900911902,2901310702,2900924631,2901332370,144,668471,285660,1023186,2,26613,24928,32,32,32,1
203,1,"[32, 304, 1, 1, 1824, 1, 1, 1, 1, 0, 0, 1, 1, 1, 1, 1, 4, 0, 0, 0, 0, 0, 0, 0, 0, 0, 0, 0, 0, 0]",29,256,35487744.0,2490368.0,2901601966,2901629099,2901618030,2901689709,25088,182910,175134,1023187,2,24631,63903,32,32,32,1
205,1,"[4, 0, 0, 0, 0, 0, 0, 0, 0, 0, 0, 0, 0, 0, 0, 4, 0, 0, 0, 0, 0, 0, 0, 0, 0, 0, 0, 0, 0, 0]",1824,512,466944.0,933888.0,2901852133,2902253431,2901864843,2902358533,144,501050,115327,1023188,2,25885,107967,32,32,32,1
159,1,"[4, 32, 1824, 1, 1, 0, 0, 0, 0, 0, 0, 0, 0, 0, 0, 0, 0, 0, 0, 0, 0, 0, 0, 0, 0, 0, 0, 0, 0, 0]",114,128,0.0,0.0,2902462760,2902473141,2902473860,2902478147,0,214590,214590,1023189,1,10381,4287,32,32,32,1
203,1,"[32, 1824, 1, 1, 1824, 1, 1, 5, 5, 2, 2, 1, 1, 1, 1, 1824, 4, 0, 0, 0, 0, 0, 0, 0, 0, 0, 0, 0, 0, 0]",57,1024,0.0,0.0,2902679617,2902692741,2902692737,2902710977,0,211037,211037,1023191,1,13124,18240,32,32,32,1
205,1,"[4, 0, 0, 0, 0, 0, 0, 0, 0, 0, 0, 0, 0, 0, 0, 4, 0, 0, 0, 0, 0, 0, 0, 0, 0, 0, 0, 0, 0, 0]",1824,512,466944.0,933888.0,2902909333,2903337101,2902922014,2903441111,144,544666,132895,1023192,2,26366,107326,32,32,32,1
159,1,"[4, 32, 1824, 1, 1, 0, 0, 0, 0, 0, 0, 0, 0, 0, 0, 0, 0, 0, 0, 0, 0, 0, 0, 0, 0, 0, 0, 0, 0, 0]",114,128,0.0,0.0,2903562962,2903573973,2903574006,2903578261,0,364348,364348,1023193,1,11011,4255,32,32,32,1
199,1,"[4, 32, 1824, 1, 1, 0, 0, 0, 0, 0, 0, 0, 0, 0, 0, 0, 0, 0, 0, 0, 0, 0, 0, 0, 0, 0, 0, 0, 0, 0]",114,128,0.0,0.0,2903925581,2903942888,2903942609,2903954641,16,318236,318236,1023195,1,17307,12032,32,32,32,1
203,1,"[32, 1824, 1, 1, 76, 1, 1, 1, 1, 0, 0, 1, 1, 1, 1, 1, 4, 0, 0, 0, 0, 0, 0, 0, 0, 0, 0, 0, 0, 0]",10,256,8871936.0,797696.0,2904256325,2904330719,2904272877,2904449995,41472,132510,123998,1023196,3,33977,168606,32,32,32,1
159,1,"[4, 32, 76, 1, 1, 0, 0, 0, 0, 0, 0, 0, 0, 0, 0, 0, 0, 0, 0, 0, 0, 0, 0, 0, 0, 0, 0, 0, 0, 0]",5,128,0.0,0.0,2904563748,2904577378,2904573993,2904579081,0,280989,280989,1023197,1,13630,5088,32,32,32,1
203,1,"[32, 76, 1, 1, 1824, 1, 1, 1, 1, 0, 0, 1, 1, 1, 1, 1, 4, 0, 0, 0, 0, 0, 0, 0, 0, 0, 0, 0, 0, 0]",228,128,0.0,0.0,2904845070,2904909228,2904860070,2904915205,2304,211262,180830,1023199,2,25094,24703,32,32,32,1
156,1,"[4, 32, 1824, 1, 1, 0, 0, 0, 0, 0, 0, 0, 0, 0, 0, 0, 0, 0, 0, 0, 0, 0, 0, 0, 0, 0, 0, 0, 0, 0]",114,128,1167360.0,466944.0,2905083980,2905095935,2905096035,2905101186,0,150975,150975,1023200,1,11955,5151,32,32,32,1
23,1,"[4, 32, 1824, 1, 1, 0, 0, 0, 0, 0, 0, 0, 0, 0, 0, 4, 32, 1824, 1, 1, 0, 0, 0, 0, 0, 0, 0, 0, 0, 0]",114,128,58368.0,700416.0,2905239870,2905251644,2905252161,2905256384,0,250461,250461,1023201,1,11774,4223,32,32,32,1
203,1,"[32, 1824, 1, 1, 304, 1, 1, 1, 1, 0, 0, 1, 1, 1, 1, 1, 4, 0, 0, 0, 0, 0, 0, 0, 0, 0, 0, 0, 0, 0]",10,64,0.0,0.0,2905492137,2905506832,2905506845,2905727163,2304,69823,69823,1023202,1,14695,220318,32,32,32,1
205,1,"[4, 0, 0, 0, 0, 0, 0, 0, 0, 0, 0, 0, 0, 0, 0, 4, 0, 0, 0, 0, 0, 0, 0, 0, 0, 0, 0, 0, 0, 0]",304,512,77824.0,155648.0,2905784261,2906186509,2905796986,2906208885,144,570200,183581,1023203,2,29778,25280,32,32,32,1
234,1,"[4, 32, 1, 1, 1, 0, 0, 0, 0, 0, 0, 0, 0, 0, 0, 0, 0, 0, 0, 0, 0, 0, 0, 0, 0, 0, 0, 0, 0, 0]",38,256,9728.0,77952.0,2906378912,2906670757,2906392466,2906675535,0,394843,123614,1023204,3,37811,11840,32,32,32,1
35,1,"[4, 32, 304, 1, 1, 0, 0, 0, 0, 0, 0, 0, 0, 0, 0, 4, 32, 304, 1, 1, 0, 0, 0, 0, 0, 0, 0, 0, 0, 0]",19,128,9728.0,116736.0,2906787697,2906798764,2906799149,2906802925,0,285469,285469,1023205,1,11067,3776,32,32,32,1
203,1,"[32, 304, 1, 1, 1824, 1, 1, 1, 1, 0, 0, 1, 1, 1, 1, 1, 4, 0, 0, 0, 0, 0, 0, 0, 0, 0, 0, 0, 0, 0]",29,256,35487744.0,2490368.0,2907072574,2907098672,2907088394,2907159625,25088,186302,178942,1023206,2,23695,63871,32,32,32,1
205,1,"[4, 0, 0, 0, 0, 0, 0, 0, 0, 0, 0, 0, 0, 0, 0, 4, 0, 0, 0, 0, 0, 0, 0, 0, 0, 0, 0, 0, 0, 0]",1824,512,466944.0,933888.0,2907325904,2907734685,2907338567,2907839393,144,514809,121758,1023207,2,25775,107775,32,32,32,1
159,1,"[4, 32, 1824, 1, 1, 0, 0, 0, 0, 0, 0, 0, 0, 0, 0, 0, 0, 0, 0, 0, 0, 0, 0, 0, 0, 0, 0, 0, 0, 0]",114,128,0.0,0.0,2907950364,2907963182,2907961151,2907965407,0,215133,215133,1023208,1,12818,4256,32,32,32,1
203,1,"[32, 1824, 1, 1, 1824, 1, 1, 5, 5, 2, 2, 1, 1, 1, 1, 1824, 4, 0, 0, 0, 0, 0, 0, 0, 0, 0, 0, 0, 0, 0]",57,1024,0.0,0.0,2908167180,2908180624,2908180540,2908198876,0,183902,183902,1023210,1,13444,18336,32,32,32,1
205,1,"[4, 0, 0, 0, 0, 0, 0, 0, 0, 0, 0, 0, 0, 0, 0, 4, 0, 0, 0, 0, 0, 0, 0, 0, 0, 0, 0, 0, 0, 0]",1824,512,466944.0,933888.0,2908371119,2908766335,2908382778,2908871124,144,493401,112862,1023211,2,24608,107807,32,32,32,1
159,1,"[4, 32, 1824, 1, 1, 0, 0, 0, 0, 0, 0, 0, 0, 0, 0, 0, 0, 0, 0, 0, 0, 0, 0, 0, 0, 0, 0, 0, 0, 0]",114,128,0.0,0.0,2908973431,2908986770,2908983986,2908988210,0,184094,184094,1023212,1,13339,4224,32,32,32,1
199,1,"[4, 32, 1824, 1, 1, 0, 0, 0, 0, 0, 0, 0, 0, 0, 0, 0, 0, 0, 0, 0, 0, 0, 0, 0, 0, 0, 0, 0, 0, 0]",114,128,0.0,0.0,2909159757,2909172117,2909172304,2909184336,16,274716,274716,1023214,1,12360,12032,32,32,32,1
203,1,"[32, 1824, 1, 1, 76, 1, 1, 1, 1, 0, 0, 1, 1, 1, 1, 1, 4, 0, 0, 0, 0, 0, 0, 0, 0, 0, 0, 0, 0, 0]",10,256,8871936.0,797696.0,2909443320,2909516734,2909459052,2909635978,41472,133566,125022,1023215,3,32905,168382,32,32,32,1
159,1,"[4, 32, 76, 1, 1, 0, 0, 0, 0, 0, 0, 0, 0, 0, 0, 0, 0, 0, 0, 0, 0, 0, 0, 0, 0, 0, 0, 0, 0, 0]",5,128,0.0,0.0,2909750798,2909760689,2909761000,2909765768,0,266781,266781,1023216,1,9891,4768,32,32,32,1
203,1,"[32, 76, 1, 1, 1824, 1, 1, 1, 1, 0, 0, 1, 1, 1, 1, 1, 4, 0, 0, 0, 0, 0, 0, 0, 0, 0, 0, 0, 0, 0]",228,128,0.0,0.0,2910017461,2910078940,2910032549,2910085188,2304,208958,181086,1023218,2,25305,24767,32,32,32,1
156,1,"[4, 32, 1824, 1, 1, 0, 0, 0, 0, 0, 0, 0, 0, 0, 0, 0, 0, 0, 0, 0, 0, 0, 0, 0, 0, 0, 0, 0, 0, 0]",114,128,1167360.0,466944.0,2910254144,2910266284,2910266274,2910271554,0,147102,147102,1023219,1,12140,5280,32,32,32,1
23,1,"[4, 32, 1824, 1, 1, 0, 0, 0, 0, 0, 0, 0, 0, 0, 0, 4, 32, 1824, 1, 1, 0, 0, 0, 0, 0, 0, 0, 0, 0, 0]",114,128,58368.0,700416.0,2910406542,2910418440,2910418656,2910422880,0,251837,251837,1023220,1,11898,4224,32,32,32,1
203,1,"[32, 1824, 1, 1, 304, 1, 1, 1, 1, 0, 0, 1, 1, 1, 1, 1, 4, 0, 0, 0, 0, 0, 0, 0, 0, 0, 0, 0, 0, 0]",10,64,0.0,0.0,2910659802,2910674743,2910674717,2910895226,2304,71103,71103,1023221,1,14941,220509,32,32,32,1
205,1,"[4, 0, 0, 0, 0, 0, 0, 0, 0, 0, 0, 0, 0, 0, 0, 4, 0, 0, 0, 0, 0, 0, 0, 0, 0, 0, 0, 0, 0, 0]",304,512,77824.0,155648.0,2910953359,2911352558,2910966329,2911374484,144,571642,188606,1023222,2,26805,25119,32,32,32,1
234,1,"[4, 32, 1, 1, 1, 0, 0, 0, 0, 0, 0, 0, 0, 0, 0, 0, 0, 0, 0, 0, 0, 0, 0, 0, 0, 0, 0, 0, 0, 0]",38,256,9728.0,77952.0,2911549365,2911855161,2911563090,2911859758,0,558712,273852,1023223,3,38341,11808,32,32,32,1
35,1,"[4, 32, 304, 1, 1, 0, 0, 0, 0, 0, 0, 0, 0, 0, 0, 4, 32, 304, 1, 1, 0, 0, 0, 0, 0, 0, 0, 0, 0, 0]",19,128,9728.0,116736.0,2912119260,2912133525,2912133610,2912137643,0,297372,297372,1023224,1,14265,4033,32,32,32,1
203,1,"[32, 304, 1, 1, 1824, 1, 1, 1, 1, 0, 0, 1, 1, 1, 1, 1, 4, 0, 0, 0, 0, 0, 0, 0, 0, 0, 0, 0, 0, 0]",29,256,35487744.0,2490368.0,2912418970,2912444933,2912435015,2912505894,25088,188254,181182,1023225,2,23618,63807,32,32,32,1
205,1,"[4, 0, 0, 0, 0, 0, 0, 0, 0, 0, 0, 0, 0, 0, 0, 4, 0, 0, 0, 0, 0, 0, 0, 0, 0, 0, 0, 0, 0, 0]",1824,512,466944.0,933888.0,2912674220,2913076820,2912687076,2913181630,144,501881,115326,1023226,2,25727,107999,32,32,32,1
159,1,"[4, 32, 1824, 1, 1, 0, 0, 0, 0, 0, 0, 0, 0, 0, 0, 0, 0, 0, 0, 0, 0, 0, 0, 0, 0, 0, 0, 0, 0, 0]",114,128,0.0,0.0,2913286418,2913296799,2913296956,2913301212,0,209885,209885,1023227,1,10381,4256,32,32,32,1
203,1,"[32, 1824, 1, 1, 1824, 1, 1, 5, 5, 2, 2, 1, 1, 1, 1, 1824, 4, 0, 0, 0, 0, 0, 0, 0, 0, 0, 0, 0, 0, 0]",57,1024,0.0,0.0,2913498358,2913511291,2913511097,2913529465,0,185790,185790,1023229,1,12933,18368,32,32,32,1
205,1,"[4, 0, 0, 0, 0, 0, 0, 0, 0, 0, 0, 0, 0, 0, 0, 4, 0, 0, 0, 0, 0, 0, 0, 0, 0, 0, 0, 0, 0, 0]",1824,512,466944.0,933888.0,2913703326,2914096151,2913715255,2914201105,144,489018,111263,1023230,2,25279,108095,32,32,32,1
159,1,"[4, 32, 1824, 1, 1, 0, 0, 0, 0, 0, 0, 0, 0, 0, 0, 0, 0, 0, 0, 0, 0, 0, 0, 0, 0, 0, 0, 0, 0, 0]",114,128,0.0,0.0,2914302104,2914312348,2914312368,2914316687,0,178910,178910,1023231,1,10244,4319,32,32,32,1
199,1,"[4, 32, 1824, 1, 1, 0, 0, 0, 0, 0, 0, 0, 0, 0, 0, 0, 0, 0, 0, 0, 0, 0, 0, 0, 0, 0, 0, 0, 0, 0]",114,128,0.0,0.0,2914483199,2914495387,2914495597,2914507597,16,272093,272093,1023233,1,12188,12000,32,32,32,1
203,1,"[32, 1824, 1, 1, 76, 1, 1, 1, 1, 0, 0, 1, 1, 1, 1, 1, 4, 0, 0, 0, 0, 0, 0, 0, 0, 0, 0, 0, 0, 0]",10,256,8871936.0,797696.0,2914764336,2914840202,2914779690,2914956135,41472,135134,126911,1023234,3,32220,168222,32,32,32,1
159,1,"[4, 32, 76, 1, 1, 0, 0, 0, 0, 0, 0, 0, 0, 0, 0, 0, 0, 0, 0, 0, 0, 0, 0, 0, 0, 0, 0, 0, 0, 0]",5,128,0.0,0.0,2915073080,2915082698,2915083046,2915087846,0,259485,259485,1023235,1,9618,4800,32,32,32,1
203,1,"[32, 76, 1, 1, 1824, 1, 1, 1, 1, 0, 0, 1, 1, 1, 1, 1, 4, 0, 0, 0, 0, 0, 0, 0, 0, 0, 0, 0, 0, 0]",228,128,0.0,0.0,2915331833,2915391033,2915347331,2915397218,2304,204766,179390,1023237,2,25411,24511,32,32,32,1
156,1,"[4, 32, 1824, 1, 1, 0, 0, 0, 0, 0, 0, 0, 0, 0, 0, 0, 0, 0, 0, 0, 0, 0, 0, 0, 0, 0, 0, 0, 0, 0]",114,128,1167360.0,466944.0,2915564290,2915576456,2915576608,2915581856,0,159006,159006,1023238,1,12166,5248,32,32,32,1
23,1,"[4, 32, 1824, 1, 1, 0, 0, 0, 0, 0, 0, 0, 0, 0, 0, 4, 32, 1824, 1, 1, 0, 0, 0, 0, 0, 0, 0, 0, 0, 0]",114,128,58368.0,700416.0,2915728517,2915743066,2915740862,2915745021,0,254846,254846,1023239,1,14549,4159,32,32,32,1
203,1,"[32, 1824, 1, 1, 304, 1, 1, 1, 1, 0, 0, 1, 1, 1, 1, 1, 4, 0, 0, 0, 0, 0, 0, 0, 0, 0, 0, 0, 0, 0]",10,64,0.0,0.0,2915984779,2915999744,2915999867,2916220536,2304,68255,68255,1023240,1,14965,220669,32,32,32,1
205,1,"[4, 0, 0, 0, 0, 0, 0, 0, 0, 0, 0, 0, 0, 0, 0, 4, 0, 0, 0, 0, 0, 0, 0, 0, 0, 0, 0, 0, 0, 0]",304,512,77824.0,155648.0,2916276192,2916670524,2916288791,2916692370,144,568216,189629,1023241,2,25937,24992,32,32,32,1
234,1,"[4, 32, 1, 1, 1, 0, 0, 0, 0, 0, 0, 0, 0, 0, 0, 0, 0, 0, 0, 0, 0, 0, 0, 0, 0, 0, 0, 0, 0, 0]",38,256,9728.0,77952.0,2916868241,2917160113,2916881999,2917164940,0,393659,122558,1023242,3,37901,11840,32,32,32,1
35,1,"[4, 32, 304, 1, 1, 0, 0, 0, 0, 0, 0, 0, 0, 0, 0, 4, 32, 304, 1, 1, 0, 0, 0, 0, 0, 0, 0, 0, 0, 0]",19,128,9728.0,116736.0,2917275759,2917287052,2917287498,2917291178,0,287484,287484,1023243,1,11293,3680,32,32,32,1
203,1,"[32, 304, 1, 1, 1824, 1, 1, 1, 1, 0, 0, 1, 1, 1, 1, 1, 4, 0, 0, 0, 0, 0, 0, 0, 0, 0, 0, 0, 0, 0]",29,256,35487744.0,2490368.0,2917562638,2917588552,2917578662,2917649638,25088,183548,176477,1023244,2,23490,63905,32,32,32,1
205,1,"[4, 0, 0, 0, 0, 0, 0, 0, 0, 0, 0, 0, 0, 0, 0, 4, 0, 0, 0, 0, 0, 0, 0, 0, 0, 0, 0, 0, 0, 0]",1824,512,466944.0,933888.0,2917813688,2918214850,2917826115,2918319581,144,499514,114015,1023245,2,24990,107967,32,32,32,1
159,1,"[4, 32, 1824, 1, 1, 0, 0, 0, 0, 0, 0, 0, 0, 0, 0, 0, 0, 0, 0, 0, 0, 0, 0, 0, 0, 0, 0, 0, 0, 0]",114,128,0.0,0.0,2918422894,2918433546,2918433596,2918437820,0,210813,210813,1023246,1,10652,4224,32,32,32,1
203,1,"[32, 1824, 1, 1, 1824, 1, 1, 5, 5, 2, 2, 1, 1, 1, 1, 1824, 4, 0, 0, 0, 0, 0, 0, 0, 0, 0, 0, 0, 0, 0]",57,1024,0.0,0.0,2918635558,2918648805,2918648633,2918667257,0,184958,184958,1023248,1,13247,18624,32,32,32,1
205,1,"[4, 0, 0, 0, 0, 0, 0, 0, 0, 0, 0, 0, 0, 0, 0, 4, 0, 0, 0, 0, 0, 0, 0, 0, 0, 0, 0, 0, 0, 0]",1824,512,466944.0,933888.0,2918840264,2919229824,2918852215,2919335057,144,488954,114206,1023249,2,24590,108094,32,32,32,1
159,1,"[4, 32, 1824, 1, 1, 0, 0, 0, 0, 0, 0, 0, 0, 0, 0, 0, 0, 0, 0, 0, 0, 0, 0, 0, 0, 0, 0, 0, 0, 0]",114,128,0.0,0.0,2919438260,2919448907,2919449263,2919453487,0,336124,336124,1023250,1,10647,4224,32,32,32,1
199,1,"[4, 32, 1824, 1, 1, 0, 0, 0, 0, 0, 0, 0, 0, 0, 0, 0, 0, 0, 0, 0, 0, 0, 0, 0, 0, 0, 0, 0, 0, 0]",114,128,0.0,0.0,2919773653,2919789803,2919789611,2919801675,16,291612,291612,1023252,1,16150,12064,32,32,32,1
203,1,"[32, 1824, 1, 1, 76, 1, 1, 1, 1, 0, 0, 1, 1, 1, 1, 1, 4, 0, 0, 0, 0, 0, 0, 0, 0, 0, 0, 0, 0, 0]",10,256,8871936.0,797696.0,2920077382,2920151234,2920093287,2920270341,41472,134014,125278,1023253,3,33226,168318,32,32,32,1
159,1,"[4, 32, 76, 1, 1, 0, 0, 0, 0, 0, 0, 0, 0, 0, 0, 0, 0, 0, 0, 0, 0, 0, 0, 0, 0, 0, 0, 0, 0, 0]",5,128,0.0,0.0,2920385566,2920395461,2920395619,2920400419,0,260509,260509,1023254,1,9895,4800,32,32,32,1
203,1,"[32, 76, 1, 1, 1824, 1, 1, 1, 1, 0, 0, 1, 1, 1, 1, 1, 4, 0, 0, 0, 0, 0, 0, 0, 0, 0, 0, 0, 0, 0]",228,128,0.0,0.0,2920646545,2920705741,2920660928,2920712000,2304,203389,177117,1023256,2,24431,24800,32,32,32,1
156,1,"[4, 32, 1824, 1, 1, 0, 0, 0, 0, 0, 0, 0, 0, 0, 0, 0, 0, 0, 0, 0, 0, 0, 0, 0, 0, 0, 0, 0, 0, 0]",114,128,1167360.0,466944.0,2920877224,2920888961,2920889117,2920894301,0,144670,144670,1023257,1,11737,5184,32,32,32,1
23,1,"[4, 32, 1824, 1, 1, 0, 0, 0, 0, 0, 0, 0, 0, 0, 0, 4, 32, 1824, 1, 1, 0, 0, 0, 0, 0, 0, 0, 0, 0, 0]",114,128,58368.0,700416.0,2921027185,2921038656,2921038971,2921043131,0,248989,248989,1023258,1,11471,4160,32,32,32,1
203,1,"[32, 1824, 1, 1, 304, 1, 1, 1, 1, 0, 0, 1, 1, 1, 1, 1, 4, 0, 0, 0, 0, 0, 0, 0, 0, 0, 0, 0, 0, 0]",10,64,0.0,0.0,2921277633,2921291924,2921292120,2921511638,2304,74047,74047,1023259,1,14291,219518,32,32,32,1
205,1,"[4, 0, 0, 0, 0, 0, 0, 0, 0, 0, 0, 0, 0, 0, 0, 4, 0, 0, 0, 0, 0, 0, 0, 0, 0, 0, 0, 0, 0, 0]",304,512,77824.0,155648.0,2921572466,2921968056,2921585685,2921989936,144,569592,190429,1023260,2,26705,25088,32,32,32,1
234,1,"[4, 32, 1, 1, 1, 0, 0, 0, 0, 0, 0, 0, 0, 0, 0, 0, 0, 0, 0, 0, 0, 0, 0, 0, 0, 0, 0, 0, 0, 0]",38,256,9728.0,77952.0,2922165735,2922455539,2922180365,2922460618,0,391675,123262,1023261,3,38061,11840,32,32,32,1
35,1,"[4, 32, 304, 1, 1, 0, 0, 0, 0, 0, 0, 0, 0, 0, 0, 4, 32, 304, 1, 1, 0, 0, 0, 0, 0, 0, 0, 0, 0, 0]",19,128,9728.0,116736.0,2922572372,2922583521,2922583880,2922587560,0,282332,282332,1023262,1,11149,3680,32,32,32,1
203,1,"[32, 304, 1, 1, 1824, 1, 1, 1, 1, 0, 0, 1, 1, 1, 1, 1, 4, 0, 0, 0, 0, 0, 0, 0, 0, 0, 0, 0, 0, 0]",29,256,35487744.0,2490368.0,2922853433,2922878992,2922869892,2922939620,25088,181726,175678,1023263,2,23206,63680,32,32,32,1
205,1,"[4, 0, 0, 0, 0, 0, 0, 0, 0, 0, 0, 0, 0, 0, 0, 4, 0, 0, 0, 0, 0, 0, 0, 0, 0, 0, 0, 0, 0, 0]",1824,512,466944.0,933888.0,2923102973,2923499149,2923115298,2923603963,144,505242,124415,1023264,2,24439,107838,32,32,32,1
159,1,"[4, 32, 1824, 1, 1, 0, 0, 0, 0, 0, 0, 0, 0, 0, 0, 0, 0, 0, 0, 0, 0, 0, 0, 0, 0, 0, 0, 0, 0, 0]",114,128,0.0,0.0,2923718071,2923728280,2923728378,2923732666,0,212477,212477,1023265,1,10209,4288,32,32,32,1
203,1,"[32, 1824, 1, 1, 1824, 1, 1, 5, 5, 2, 2, 1, 1, 1, 1, 1824, 4, 0, 0, 0, 0, 0, 0, 0, 0, 0, 0, 0, 0, 0]",57,1024,0.0,0.0,2923932227,2923945290,2923945143,2923963447,0,192637,192637,1023267,1,13063,18304,32,32,32,1
205,1,"[4, 0, 0, 0, 0, 0, 0, 0, 0, 0, 0, 0, 0, 0, 0, 4, 0, 0, 0, 0, 0, 0, 0, 0, 0, 0, 0, 0, 0, 0]",1824,512,466944.0,933888.0,2924144452,2924549882,2924156084,2924654478,144,511675,121055,1023268,2,25064,107774,32,32,32,1
159,1,"[4, 32, 1824, 1, 1, 0, 0, 0, 0, 0, 0, 0, 0, 0, 0, 0, 0, 0, 0, 0, 0, 0, 0, 0, 0, 0, 0, 0, 0, 0]",114,128,0.0,0.0,2924764667,2924775440,2924775533,2924779789,0,181149,181149,1023269,1,10773,4256,32,32,32,1
199,1,"[4, 32, 1824, 1, 1, 0, 0, 0, 0, 0, 0, 0, 0, 0, 0, 0, 0, 0, 0, 0, 0, 0, 0, 0, 0, 0, 0, 0, 0, 0]",114,128,0.0,0.0,2924948379,2924960528,2924960938,2924973002,16,269565,269565,1023271,1,12149,12064,32,32,32,1
203,1,"[32, 1824, 1, 1, 76, 1, 1, 1, 1, 0, 0, 1, 1, 1, 1, 1, 4, 0, 0, 0, 0, 0, 0, 0, 0, 0, 0, 0, 0, 0]",10,256,8871936.0,797696.0,2925227003,2925300594,2925242567,2925419429,41472,137182,128542,1023272,3,32452,168222,32,32,32,1
159,1,"[4, 32, 76, 1, 1, 0, 0, 0, 0, 0, 0, 0, 0, 0, 0, 0, 0, 0, 0, 0, 0, 0, 0, 0, 0, 0, 0, 0, 0, 0]",5,128,0.0,0.0,2925537635,2925547664,2925547971,2925552963,0,271325,271325,1023273,1,10029,4992,32,32,32,1
203,1,"[32, 76, 1, 1, 1824, 1, 1, 1, 1, 0, 0, 1, 1, 1, 1, 1, 4, 0, 0, 0, 0, 0, 0, 0, 0, 0, 0, 0, 0, 0]",228,128,0.0,0.0,2925809202,2925868673,2925824288,2925875167,2304,206974,180478,1023275,2,24965,24383,32,32,32,1
156,1,"[4, 32, 1824, 1, 1, 0, 0, 0, 0, 0, 0, 0, 0, 0, 0, 0, 0, 0, 0, 0, 0, 0, 0, 0, 0, 0, 0, 0, 0, 0]",114,128,1167360.0,466944.0,2926043443,2926055537,2926055645,2926060605,0,147486,147486,1023276,1,12094,4960,32,32,32,1
23,1,"[4, 32, 1824, 1, 1, 0, 0, 0, 0, 0, 0, 0, 0, 0, 0, 4, 32, 1824, 1, 1, 0, 0, 0, 0, 0, 0, 0, 0, 0, 0]",114,128,58368.0,700416.0,2926196519,2926207724,2926208091,2926212315,0,251005,251005,1023277,1,11205,4224,32,32,32,1
203,1,"[32, 1824, 1, 1, 304, 1, 1, 1, 1, 0, 0, 1, 1, 1, 1, 1, 4, 0, 0, 0, 0, 0, 0, 0, 0, 0, 0, 0, 0, 0]",10,64,0.0,0.0,2926448338,2926463412,2926463320,2926683797,2304,67583,67583,1023278,1,15074,220477,32,32,32,1
205,1,"[4, 0, 0, 0, 0, 0, 0, 0, 0, 0, 0, 0, 0, 0, 0, 4, 0, 0, 0, 0, 0, 0, 0, 0, 0, 0, 0, 0, 0, 0]",304,512,77824.0,155648.0,2926738427,2927142664,2926751380,2927164399,144,576505,188446,1023279,2,26738,24960,32,32,32,1
234,1,"[4, 32, 1, 1, 1, 0, 0, 0, 0, 0, 0, 0, 0, 0, 0, 0, 0, 0, 0, 0, 0, 0, 0, 0, 0, 0, 0, 0, 0, 0]",38,256,9728.0,77952.0,2927339184,2927637538,2927352845,2927641961,0,552185,274876,1023280,3,46142,11807,32,32,32,1
35,1,"[4, 32, 304, 1, 1, 0, 0, 0, 0, 0, 0, 0, 0, 0, 0, 4, 32, 304, 1, 1, 0, 0, 0, 0, 0, 0, 0, 0, 0, 0]",19,128,9728.0,116736.0,2927902634,2927916799,2927916837,2927920582,0,294940,294940,1023281,1,14165,3745,32,32,32,1
203,1,"[32, 304, 1, 1, 1824, 1, 1, 1, 1, 0, 0, 1, 1, 1, 1, 1, 4, 0, 0, 0, 0, 0, 0, 0, 0, 0, 0, 0, 0, 0]",29,256,35487744.0,2490368.0,2928199607,2928228909,2928215522,2928290017,25088,186077,175518,1023282,2,24121,63936,32,32,32,1
205,1,"[4, 0, 0, 0, 0, 0, 0, 0, 0, 0, 0, 0, 0, 0, 0, 4, 0, 0, 0, 0, 0, 0, 0, 0, 0, 0, 0, 0, 0, 0]",1824,512,466944.0,933888.0,2928452873,2928851024,2928465535,2928955897,144,497337,114878,1023283,2,25335,107903,32,32,32,1
159,1,"[4, 32, 1824, 1, 1, 0, 0, 0, 0, 0, 0, 0, 0, 0, 0, 0, 0, 0, 0, 0, 0, 0, 0, 0, 0, 0, 0, 0, 0, 0]",114,128,0.0,0.0,2929060169,2929070926,2929070775,2929074967,0,211421,211421,1023284,1,10757,4192,32,32,32,1
203,1,"[32, 1824, 1, 1, 1824, 1, 1, 5, 5, 2, 2, 1, 1, 1, 1, 1824, 4, 0, 0, 0, 0, 0, 0, 0, 0, 0, 0, 0, 0, 0]",57,1024,0.0,0.0,2929273664,2929289640,2929286388,2929304724,0,190942,190942,1023286,1,15976,18336,32,32,32,1
205,1,"[4, 0, 0, 0, 0, 0, 0, 0, 0, 0, 0, 0, 0, 0, 0, 4, 0, 0, 0, 0, 0, 0, 0, 0, 0, 0, 0, 0, 0, 0]",1824,512,466944.0,933888.0,2929483860,2929876002,2929495666,2929980684,144,488345,111230,1023287,2,25010,107903,32,32,32,1
159,1,"[4, 32, 1824, 1, 1, 0, 0, 0, 0, 0, 0, 0, 0, 0, 0, 0, 0, 0, 0, 0, 0, 0, 0, 0, 0, 0, 0, 0, 0, 0]",114,128,0.0,0.0,2930081654,2930091761,2930091914,2930096138,0,179358,179358,1023288,1,10107,4224,32,32,32,1
199,1,"[4, 32, 1824, 1, 1, 0, 0, 0, 0, 0, 0, 0, 0, 0, 0, 0, 0, 0, 0, 0, 0, 0, 0, 0, 0, 0, 0, 0, 0, 0]",114,128,0.0,0.0,2930263140,2930275600,2930275496,2930287592,16,273980,273980,1023290,1,12460,12096,32,32,32,1
203,1,"[32, 1824, 1, 1, 76, 1, 1, 1, 1, 0, 0, 1, 1, 1, 1, 1, 4, 0, 0, 0, 0, 0, 0, 0, 0, 0, 0, 0, 0, 0]",10,256,8871936.0,797696.0,2930545927,2930618510,2930561572,2930738146,41472,130111,121791,1023291,3,32625,168254,32,32,32,1
159,1,"[4, 32, 76, 1, 1, 0, 0, 0, 0, 0, 0, 0, 0, 0, 0, 0, 0, 0, 0, 0, 0, 0, 0, 0, 0, 0, 0, 0, 0, 0]",5,128,0.0,0.0,2930849892,2930859488,2930859937,2930864705,0,260956,260956,1023292,1,9596,4768,32,32,32,1
203,1,"[32, 76, 1, 1, 1824, 1, 1, 1, 1, 0, 0, 1, 1, 1, 1, 1, 4, 0, 0, 0, 0, 0, 0, 0, 0, 0, 0, 0, 0, 0]",228,128,0.0,0.0,2931110949,2931169018,2931125661,2931175293,2304,202365,177437,1023294,2,24840,24704,32,32,32,1
156,1,"[4, 32, 1824, 1, 1, 0, 0, 0, 0, 0, 0, 0, 0, 0, 0, 0, 0, 0, 0, 0, 0, 0, 0, 0, 0, 0, 0, 0, 0, 0]",114,128,1167360.0,466944.0,2931340648,2931355498,2931352730,2931357979,0,149502,149502,1023295,1,14850,5249,32,32,32,1
23,1,"[4, 32, 1824, 1, 1, 0, 0, 0, 0, 0, 0, 0, 0, 0, 0, 4, 32, 1824, 1, 1, 0, 0, 0, 0, 0, 0, 0, 0, 0, 0]",114,128,58368.0,700416.0,2931495909,2931507120,2931507481,2931511704,0,259709,259709,1023296,1,11211,4223,32,32,32,1
203,1,"[32, 1824, 1, 1, 304, 1, 1, 1, 1, 0, 0, 1, 1, 1, 1, 1, 4, 0, 0, 0, 0, 0, 0, 0, 0, 0, 0, 0, 0, 0]",10,64,0.0,0.0,2931755968,2931771498,2931771413,2931991538,2304,72608,72608,1023297,1,15530,220125,32,32,32,1
205,1,"[4, 0, 0, 0, 0, 0, 0, 0, 0, 0, 0, 0, 0, 0, 0, 4, 0, 0, 0, 0, 0, 0, 0, 0, 0, 0, 0, 0, 0, 0]",304,512,77824.0,155648.0,2932051114,2932449173,2932064146,2932470861,144,573176,191613,1023298,2,26665,25152,32,32,32,1
234,1,"[4, 32, 1, 1, 1, 0, 0, 0, 0, 0, 0, 0, 0, 0, 0, 0, 0, 0, 0, 0, 0, 0, 0, 0, 0, 0, 0, 0, 0, 0]",38,256,9728.0,77952.0,2932648702,2932939331,2932662474,2932944103,0,392924,123294,1023299,3,38541,11999,32,32,32,1
35,1,"[4, 32, 304, 1, 1, 0, 0, 0, 0, 0, 0, 0, 0, 0, 0, 4, 32, 304, 1, 1, 0, 0, 0, 0, 0, 0, 0, 0, 0, 0]",19,128,9728.0,116736.0,2933055533,2933067341,2933067397,2933071077,0,281948,281948,1023300,1,11808,3680,32,32,32,1
203,1,"[32, 304, 1, 1, 1824, 1, 1, 1, 1, 0, 0, 1, 1, 1, 1, 1, 4, 0, 0, 0, 0, 0, 0, 0, 0, 0, 0, 0, 0, 0]",29,256,35487744.0,2490368.0,2933337111,2933362906,2933353025,2933423809,25088,184060,177117,1023301,2,23339,63841,32,32,32,1
205,1,"[4, 0, 0, 0, 0, 0, 0, 0, 0, 0, 0, 0, 0, 0, 0, 4, 0, 0, 0, 0, 0, 0, 0, 0, 0, 0, 0, 0, 0, 0]",1824,512,466944.0,933888.0,2933588388,2933990095,2933600926,2934095416,144,501786,115871,1023302,2,25619,108575,32,32,32,1
159,1,"[4, 32, 1824, 1, 1, 0, 0, 0, 0, 0, 0, 0, 0, 0, 0, 0, 0, 0, 0, 0, 0, 0, 0, 0, 0, 0, 0, 0, 0, 0]",114,128,0.0,0.0,2934200899,2934211207,2934211287,2934215575,0,211613,211613,1023303,1,10308,4288,32,32,32,1
203,1,"[32, 1824, 1, 1, 1824, 1, 1, 5, 5, 2, 2, 1, 1, 1, 1, 1824, 4, 0, 0, 0, 0, 0, 0, 0, 0, 0, 0, 0, 0, 0]",57,1024,0.0,0.0,2934414567,2934427300,2934427188,2934445652,0,182430,182430,1023305,1,12733,18464,32,32,32,1
205,1,"[4, 0, 0, 0, 0, 0, 0, 0, 0, 0, 0, 0, 0, 0, 0, 4, 0, 0, 0, 0, 0, 0, 0, 0, 0, 0, 0, 0, 0, 0]",1824,512,466944.0,933888.0,2934616273,2935007433,2934628082,2935112012,144,489113,112958,1023306,2,24889,107775,32,32,32,1
159,1,"[4, 32, 1824, 1, 1, 0, 0, 0, 0, 0, 0, 0, 0, 0, 0, 0, 0, 0, 0, 0, 0, 0, 0, 0, 0, 0, 0, 0, 0, 0]",114,128,0.0,0.0,2935214666,2935224814,2935224970,2935229258,0,326876,326876,1023307,1,10148,4288,32,32,32,1
199,1,"[4, 32, 1824, 1, 1, 0, 0, 0, 0, 0, 0, 0, 0, 0, 0, 0, 0, 0, 0, 0, 0, 0, 0, 0, 0, 0, 0, 0, 0, 0]",114,128,0.0,0.0,2935540542,2935556334,2935556134,2935568198,16,297884,297884,1023309,1,15792,12064,32,32,32,1
203,1,"[32, 1824, 1, 1, 76, 1, 1, 1, 1, 0, 0, 1, 1, 1, 1, 1, 4, 0, 0, 0, 0, 0, 0, 0, 0, 0, 0, 0, 0, 0]",10,256,8871936.0,797696.0,2935849995,2935927732,2935866082,2936042944,41472,137822,129246,1023310,3,33301,168286,32,32,32,1
159,1,"[4, 32, 76, 1, 1, 0, 0, 0, 0, 0, 0, 0, 0, 0, 0, 0, 0, 0, 0, 0, 0, 0, 0, 0, 0, 0, 0, 0, 0, 0]",5,128,0.0,0.0,2936162048,2936171956,2936172190,2936176990,0,264189,264189,1023311,1,9908,4800,32,32,32,1
203,1,"[32, 76, 1, 1, 1824, 1, 1, 1, 1, 0, 0, 1, 1, 1, 1, 1, 4, 0, 0, 0, 0, 0, 0, 0, 0, 0, 0, 0, 0, 0]",228,128,0.0,0.0,2936426197,2936488374,2936441179,2936494746,2304,209853,180414,1023313,2,25528,24128,32,32,32,1
156,1,"[4, 32, 1824, 1, 1, 0, 0, 0, 0, 0, 0, 0, 0, 0, 0, 0, 0, 0, 0, 0, 0, 0, 0, 0, 0, 0, 0, 0, 0, 0]",114,128,1167360.0,466944.0,2936662723,2936675189,2936675160,2936680248,0,146238,146238,1023314,1,12466,5088,32,32,32,1
23,1,"[4, 32, 1824, 1, 1, 0, 0, 0, 0, 0, 0, 0, 0, 0, 0, 4, 32, 1824, 1, 1, 0, 0, 0, 0, 0, 0, 0, 0, 0, 0]",114,128,58368.0,700416.0,2936814518,2936826073,2936826486,2936830582,0,251741,251741,1023315,1,11555,4096,32,32,32,1
203,1,"[32, 1824, 1, 1, 304, 1, 1, 1, 1, 0, 0, 1, 1, 1, 1, 1, 4, 0, 0, 0, 0, 0, 0, 0, 0, 0, 0, 0, 0, 0]",10,64,0.0,0.0,2937066697,2937082394,2937082323,2937303472,2304,67647,67647,1023316,1,15697,221149,32,32,32,1
205,1,"[4, 0, 0, 0, 0, 0, 0, 0, 0, 0, 0, 0, 0, 0, 0, 4, 0, 0, 0, 0, 0, 0, 0, 0, 0, 0, 0, 0, 0, 0]",304,512,77824.0,155648.0,2937357809,2937754722,2937371119,2937776586,144,565305,184894,1023317,2,26689,25056,32,32,32,1
234,1,"[4, 32, 1, 1, 1, 0, 0, 0, 0, 0, 0, 0, 0, 0, 0, 0, 0, 0, 0, 0, 0, 0, 0, 0, 0, 0, 0, 0, 0, 0]",38,256,9728.0,77952.0,2937947879,2938239547,2937961480,2938244260,0,395580,124671,1023318,3,38068,11871,32,32,32,1
35,1,"[4, 32, 304, 1, 1, 0, 0, 0, 0, 0, 0, 0, 0, 0, 0, 4, 32, 304, 1, 1, 0, 0, 0, 0, 0, 0, 0, 0, 0, 0]",19,128,9728.0,116736.0,2938357441,2938368421,2938368931,2938372739,0,284668,284668,1023319,1,10980,3808,32,32,32,1
203,1,"[32, 304, 1, 1, 1824, 1, 1, 1, 1, 0, 0, 1, 1, 1, 1, 1, 4, 0, 0, 0, 0, 0, 0, 0, 0, 0, 0, 0, 0, 0]",29,256,35487744.0,2490368.0,2938641360,2938667064,2938657407,2938728158,25088,184382,177406,1023320,2,23314,63775,32,32,32,1
205,1,"[4, 0, 0, 0, 0, 0, 0, 0, 0, 0, 0, 0, 0, 0, 0, 4, 0, 0, 0, 0, 0, 0, 0, 0, 0, 0, 0, 0, 0, 0]",1824,512,466944.0,933888.0,2938892665,2939292574,2938905564,2939395894,144,499962,117759,1023321,2,27294,108127,32,32,32,1
159,1,"[4, 32, 1824, 1, 1, 0, 0, 0, 0, 0, 0, 0, 0, 0, 0, 0, 0, 0, 0, 0, 0, 0, 0, 0, 0, 0, 0, 0, 0, 0]",114,128,0.0,0.0,2939503088,2939513481,2939513653,2939517940,0,219326,219326,1023322,1,10393,4287,32,32,32,1
203,1,"[32, 1824, 1, 1, 1824, 1, 1, 5, 5, 2, 2, 1, 1, 1, 1, 1824, 4, 0, 0, 0, 0, 0, 0, 0, 0, 0, 0, 0, 0, 0]",57,1024,0.0,0.0,2939723636,2939737456,2939737266,2939755538,0,185917,185917,1023324,1,13820,18272,32,32,32,1
205,1,"[4, 0, 0, 0, 0, 0, 0, 0, 0, 0, 0, 0, 0, 0, 0, 4, 0, 0, 0, 0, 0, 0, 0, 0, 0, 0, 0, 0, 0, 0]",1824,512,466944.0,933888.0,2939929701,2940326082,2939941455,2940427625,144,497434,118783,1023325,2,27672,107519,32,32,32,1
159,1,"[4, 32, 1824, 1, 1, 0, 0, 0, 0, 0, 0, 0, 0, 0, 0, 0, 0, 0, 0, 0, 0, 0, 0, 0, 0, 0, 0, 0, 0, 0]",114,128,0.0,0.0,2940535972,2940546294,2940546408,2940550728,0,178589,178589,1023326,1,10322,4320,32,32,32,1
199,1,"[4, 32, 1824, 1, 1, 0, 0, 0, 0, 0, 0, 0, 0, 0, 0, 0, 0, 0, 0, 0, 0, 0, 0, 0, 0, 0, 0, 0, 0, 0]",114,128,0.0,0.0,2940716954,2940729076,2940729317,2940741317,16,271645,271645,1023328,1,12122,12000,32,32,32,1
203,1,"[32, 1824, 1, 1, 76, 1, 1, 1, 1, 0, 0, 1, 1, 1, 1, 1, 4, 0, 0, 0, 0, 0, 0, 0, 0, 0, 0, 0, 0, 0]",10,256,8871936.0,797696.0,2940997538,2941071121,2941012962,2941189984,41472,135549,126718,1023329,3,32770,168191,32,32,32,1
159,1,"[4, 32, 76, 1, 1, 0, 0, 0, 0, 0, 0, 0, 0, 0, 0, 0, 0, 0, 0, 0, 0, 0, 0, 0, 0, 0, 0, 0, 0, 0]",5,128,0.0,0.0,2941306496,2941316557,2941316702,2941321726,0,264349,264349,1023330,1,10061,5024,32,32,32,1
203,1,"[32, 76, 1, 1, 1824, 1, 1, 1, 1, 0, 0, 1, 1, 1, 1, 1, 4, 0, 0, 0, 0, 0, 0, 0, 0, 0, 0, 0, 0, 0]",228,128,0.0,0.0,2941571169,2941630037,2941586075,2941636346,2304,206878,180766,1023332,2,24713,24159,32,32,32,1
156,1,"[4, 32, 1824, 1, 1, 0, 0, 0, 0, 0, 0, 0, 0, 0, 0, 0, 0, 0, 0, 0, 0, 0, 0, 0, 0, 0, 0, 0, 0, 0]",114,128,1167360.0,466944.0,2941804882,2941817144,2941817112,2941822136,0,146686,146686,1023333,1,12262,5024,32,32,32,1
23,1,"[4, 32, 1824, 1, 1, 0, 0, 0, 0, 0, 0, 0, 0, 0, 0, 4, 32, 1824, 1, 1, 0, 0, 0, 0, 0, 0, 0, 0, 0, 0]",114,128,58368.0,700416.0,2941957228,2941968607,2941968822,2941973014,0,251389,251389,1023334,1,11379,4192,32,32,32,1
203,1,"[32, 1824, 1, 1, 304, 1, 1, 1, 1, 0, 0, 1, 1, 1, 1, 1, 4, 0, 0, 0, 0, 0, 0, 0, 0, 0, 0, 0, 0, 0]",10,64,0.0,0.0,2942210012,2942224614,2942224403,2942442448,2304,71615,71615,1023335,1,14602,218045,32,32,32,1
205,1,"[4, 0, 0, 0, 0, 0, 0, 0, 0, 0, 0, 0, 0, 0, 0, 4, 0, 0, 0, 0, 0, 0, 0, 0, 0, 0, 0, 0, 0, 0]",304,512,77824.0,155648.0,2942501111,2942902797,2942514063,2942924618,144,574745,189182,1023336,2,26215,24992,32,32,32,1
234,1,"[4, 32, 1, 1, 1, 0, 0, 0, 0, 0, 0, 0, 0, 0, 0, 0, 0, 0, 0, 0, 0, 0, 0, 0, 0, 0, 0, 0, 0, 0]",38,256,9728.0,77952.0,2943100071,2943388512,2943113800,2943393252,0,546041,278429,1023337,3,37524,11840,32,32,32,1
35,1,"[4, 32, 304, 1, 1, 0, 0, 0, 0, 0, 0, 0, 0, 0, 0, 4, 32, 304, 1, 1, 0, 0, 0, 0, 0, 0, 0, 0, 0, 0]",19,128,9728.0,116736.0,2943656795,2943671699,2943671681,2943675552,0,305949,305949,1023338,1,14904,3871,32,32,32,1
203,1,"[32, 304, 1, 1, 1824, 1, 1, 1, 1, 0, 0, 1, 1, 1, 1, 1, 4, 0, 0, 0, 0, 0, 0, 0, 0, 0, 0, 0, 0, 0]",29,256,35487744.0,2490368.0,2943965519,2943991293,2943981501,2944052316,25088,182910,175902,1023339,2,23424,63807,32,32,32,1
205,1,"[4, 0, 0, 0, 0, 0, 0, 0, 0, 0, 0, 0, 0, 0, 0, 4, 0, 0, 0, 0, 0, 0, 0, 0, 0, 0, 0, 0, 0, 0]",1824,512,466944.0,933888.0,2944215842,2944609121,2944228218,2944715060,144,488409,110622,1023340,2,25123,109055,32,32,32,1
159,1,"[4, 32, 1824, 1, 1, 0, 0, 0, 0, 0, 0, 0, 0, 0, 0, 0, 0, 0, 0, 0, 0, 0, 0, 0, 0, 0, 0, 0, 0, 0]",114,128,0.0,0.0,2944815284,2944825504,2944825682,2944829906,0,213822,213822,1023341,1,10220,4224,32,32,32,1
203,1,"[32, 1824, 1, 1, 1824, 1, 1, 3, 3, 1, 1, 1, 1, 1, 1, 1824, 4, 0, 0, 0, 0, 0, 0, 0, 0, 0, 0, 0, 0, 0]",57,1024,0.0,0.0,2945030508,2945044026,2945043728,2945055183,0,191774,191774,1023343,1,13518,11455,32,32,32,1
205,1,"[4, 0, 0, 0, 0, 0, 0, 0, 0, 0, 0, 0, 0, 0, 0, 4, 0, 0, 0, 0, 0, 0, 0, 0, 0, 0, 0, 0, 0, 0]",1824,512,466944.0,933888.0,2945235059,2945627169,2945246957,2945731591,144,486649,109598,1023344,2,24677,107583,32,32,32,1
159,1,"[4, 32, 1824, 1, 1, 0, 0, 0, 0, 0, 0, 0, 0, 0, 0, 0, 0, 0, 0, 0, 0, 0, 0, 0, 0, 0, 0, 0, 0, 0]",114,128,0.0,0.0,2945830655,2945841076,2945841189,2945845478,0,183037,183037,1023345,1,10421,4289,32,32,32,1
199,1,"[4, 32, 1824, 1, 1, 0, 0, 0, 0, 0, 0, 0, 0, 0, 0, 0, 0, 0, 0, 0, 0, 0, 0, 0, 0, 0, 0, 0, 0, 0]",114,128,0.0,0.0,2946015663,2946028363,2946028515,2946040579,16,274268,274268,1023347,1,12700,12064,32,32,32,1
203,1,"[32, 1824, 1, 1, 76, 1, 1, 1, 1, 0, 0, 1, 1, 1, 1, 1, 4, 0, 0, 0, 0, 0, 0, 0, 0, 0, 0, 0, 0, 0]",10,256,8871936.0,797696.0,2946299270,2946371391,2946314847,2946491261,41472,131199,123039,1023348,3,32089,168254,32,32,32,1
159,1,"[4, 32, 76, 1, 1, 0, 0, 0, 0, 0, 0, 0, 0, 0, 0, 0, 0, 0, 0, 0, 0, 0, 0, 0, 0, 0, 0, 0, 0, 0]",5,128,0.0,0.0,2946604192,2946614089,2946614300,2946619100,0,262429,262429,1023349,1,9897,4800,32,32,32,1
203,1,"[32, 76, 1, 1, 1824, 1, 1, 1, 1, 0, 0, 1, 1, 1, 1, 1, 4, 0, 0, 0, 0, 0, 0, 0, 0, 0, 0, 0, 0, 0]",228,128,0.0,0.0,2946866519,2946925215,2946881529,2946931256,2304,208382,183262,1023351,2,24872,24607,32,32,32,1
156,1,"[4, 32, 1824, 1, 1, 0, 0, 0, 0, 0, 0, 0, 0, 0, 0, 0, 0, 0, 0, 0, 0, 0, 0, 0, 0, 0, 0, 0, 0, 0]",114,128,1167360.0,466944.0,2947102180,2947114456,2947114518,2947119989,0,145663,145663,1023352,1,12276,5471,32,32,32,1
23,1,"[4, 32, 1824, 1, 1, 0, 0, 0, 0, 0, 0, 0, 0, 0, 0, 4, 32, 1824, 1, 1, 0, 0, 0, 0, 0, 0, 0, 0, 0, 0]",114,128,58368.0,700416.0,2947253801,2947265354,2947265652,2947269844,0,273660,273660,1023353,1,11553,4192,32,32,32,1
203,1,"[32, 1824, 1, 1, 512, 1, 1, 1, 1, 0, 0, 1, 1, 1, 1, 1, 4, 0, 0, 0, 0, 0, 0, 0, 0, 0, 0, 0, 0, 0]",16,256,59768832.0,4034560.0,2947528128,2947553171,2947543504,2947714222,41472,91775,84703,1023354,2,22626,163646,32,32,32,1
205,1,"[4, 0, 0, 0, 0, 0, 0, 0, 0, 0, 0, 0, 0, 0, 0, 4, 0, 0, 0, 0, 0, 0, 0, 0, 0, 0, 0, 0, 0, 0]",512,512,131072.0,262144.0,2947786081,2948188522,2947798925,2948222504,144,660247,273820,1023355,2,25699,37152,32,32,32,1
203,1,"[32, 512, 1, 1, 3072, 1, 1, 1, 1, 0, 0, 1, 1, 1, 1, 1, 4, 0, 0, 0, 0, 0, 0, 0, 0, 0, 0, 0, 0, 0]",48,256,100663296.0,6750208.0,2948479782,2948506395,2948496324,2948681378,25088,79007,71903,1023356,2,24203,177950,32,32,32,1
205,1,"[4, 0, 0, 0, 0, 0, 0, 0, 0, 0, 0, 0, 0, 0, 0, 4, 0, 0, 0, 0, 0, 0, 0, 0, 0, 0, 0, 0, 0, 0]",3072,512,786432.0,1572864.0,2948740964,2949137088,2948753281,2949309338,144,430074,49759,1023357,2,25153,175742,32,32,32,1
159,1,"[4, 32, 3072, 1, 1, 0, 0, 0, 0, 0, 0, 0, 0, 0, 0, 0, 0, 0, 0, 0, 0, 0, 0, 0, 0, 0, 0, 0, 0, 0]",192,128,0.0,0.0,2949348253,2949358937,2949359097,2949364058,0,209725,209725,1023358,1,10684,4961,32,32,32,1
203,1,"[32, 3072, 1, 1, 3072, 1, 1, 3, 3, 1, 1, 1, 1, 1, 1, 3072, 4, 0, 0, 0, 0, 0, 0, 0, 0, 0, 0, 0, 0, 0]",96,1024,0.0,0.0,2949560823,2949573869,2949573783,2949589591,0,186718,186718,1023360,1,13046,15808,32,32,32,1
205,1,"[4, 0, 0, 0, 0, 0, 0, 0, 0, 0, 0, 0, 0, 0, 0, 4, 0, 0, 0, 0, 0, 0, 0, 0, 0, 0, 0, 0, 0, 0]",3072,512,786432.0,1572864.0,2949764922,2950157078,2949776309,2950329005,144,424410,46720,1023361,2,24441,175006,32,32,32,1
159,1,"[4, 32, 3072, 1, 1, 0, 0, 0, 0, 0, 0, 0, 0, 0, 0, 0, 0, 0, 0, 0, 0, 0, 0, 0, 0, 0, 0, 0, 0, 0]",192,128,0.0,0.0,2950365668,2950375784,2950375725,2950380525,0,177534,177534,1023362,1,10116,4800,32,32,32,1
199,1,"[4, 32, 3072, 1, 1, 0, 0, 0, 0, 0, 0, 0, 0, 0, 0, 0, 0, 0, 0, 0, 0, 0, 0, 0, 0, 0, 0, 0, 0, 0]",192,128,0.0,0.0,2950545526,2950557832,2950558059,2950571211,16,275292,275292,1023364,1,12306,13152,32,32,32,1
203,1,"[32, 3072, 1, 1, 128, 1, 1, 1, 1, 0, 0, 1, 1, 1, 1, 1, 4, 0, 0, 0, 0, 0, 0, 0, 0, 0, 0, 0, 0, 0]",16,256,25165824.0,1982464.0,2950830323,2950904421,2950846503,2951124675,41472,28289,20512,1023365,3,32928,270395,32,32,32,1
159,1,"[4, 32, 128, 1, 1, 0, 0, 0, 0, 0, 0, 0, 0, 0, 0, 0, 0, 0, 0, 0, 0, 0, 0, 0, 0, 0, 0, 0, 0, 0]",8,128,0.0,0.0,2951135157,2951145049,2951145187,2951149987,0,432187,432187,1023366,1,9892,4800,32,32,32,1
203,1,"[32, 128, 1, 1, 3072, 1, 1, 1, 1, 0, 0, 1, 1, 1, 1, 1, 4, 0, 0, 0, 0, 0, 0, 0, 0, 0, 0, 0, 0, 0]",384,256,25165824.0,1982464.0,2951565203,2951649540,2951582174,2951657917,25088,200734,189502,1023368,3,35258,64511,32,32,32,1
156,1,"[4, 32, 3072, 1, 1, 0, 0, 0, 0, 0, 0, 0, 0, 0, 0, 0, 0, 0, 0, 0, 0, 0, 0, 0, 0, 0, 0, 0, 0, 0]",192,128,1966080.0,786432.0,2951834928,2951847299,2951847419,2951852730,0,143134,143134,1023369,1,12371,5311,32,32,32,1
23,1,"[4, 32, 3072, 1, 1, 0, 0, 0, 0, 0, 0, 0, 0, 0, 0, 4, 32, 3072, 1, 1, 0, 0, 0, 0, 0, 0, 0, 0, 0, 0]",192,128,98304.0,1179648.0,2951984469,2951995731,2951995864,2952001113,0,273340,273340,1023370,1,11262,5249,32,32,32,1
203,1,"[32, 3072, 1, 1, 512, 1, 1, 1, 1, 0, 0, 1, 1, 1, 1, 1, 4, 0, 0, 0, 0, 0, 0, 0, 0, 0, 0, 0, 0, 0]",16,256,100663296.0,6750208.0,2952258706,2952284268,2952274453,2952547506,41472,79743,72543,1023371,2,23220,265853,32,32,32,1
205,1,"[4, 0, 0, 0, 0, 0, 0, 0, 0, 0, 0, 0, 0, 0, 0, 4, 0, 0, 0, 0, 0, 0, 0, 0, 0, 0, 0, 0, 0, 0]",512,512,131072.0,262144.0,2952607670,2953006321,2952620049,2953040684,144,555577,172894,1023372,2,25637,37952,32,32,32,1
234,1,"[4, 32, 1, 1, 1, 0, 0, 0, 0, 0, 0, 0, 0, 0, 0, 0, 0, 0, 0, 0, 0, 0, 0, 0, 0, 0, 0, 0, 0, 0]",64,256,16384.0,131200.0,2953200027,2953494436,2953213578,2953499366,0,395450,121566,1023373,3,37467,11904,32,32,32,1
35,1,"[4, 32, 512, 1, 1, 0, 0, 0, 0, 0, 0, 0, 0, 0, 0, 4, 32, 512, 1, 1, 0, 0, 0, 0, 0, 0, 0, 0, 0, 0]",32,128,16384.0,196608.0,2953609879,2953620531,2953620932,2953624804,0,282589,282589,1023374,1,10652,3872,32,32,32,1
203,1,"[32, 512, 1, 1, 3072, 1, 1, 1, 1, 0, 0, 1, 1, 1, 1, 1, 4, 0, 0, 0, 0, 0, 0, 0, 0, 0, 0, 0, 0, 0]",48,256,100663296.0,6750208.0,2953891590,2953917361,2953907393,2954092670,25088,78527,71487,1023375,2,23356,178237,32,32,32,1
205,1,"[4, 0, 0, 0, 0, 0, 0, 0, 0, 0, 0, 0, 0, 0, 0, 4, 0, 0, 0, 0, 0, 0, 0, 0, 0, 0, 0, 0, 0, 0]",3072,512,786432.0,1572864.0,2954151878,2954548939,2954164157,2954721463,144,428027,47039,1023376,2,25637,176318,32,32,32,1
159,1,"[4, 32, 3072, 1, 1, 0, 0, 0, 0, 0, 0, 0, 0, 0, 0, 0, 0, 0, 0, 0, 0, 0, 0, 0, 0, 0, 0, 0, 0, 0]",192,128,0.0,0.0,2954757810,2954768367,2954768502,2954773110,0,214429,214429,1023377,1,10557,4608,32,32,32,1
203,1,"[32, 3072, 1, 1, 3072, 1, 1, 3, 3, 1, 1, 1, 1, 1, 1, 3072, 4, 0, 0, 0, 0, 0, 0, 0, 0, 0, 0, 0, 0, 0]",96,1024,0.0,0.0,2954974655,2954987664,2954987539,2955003283,0,186622,186622,1023379,1,13009,15744,32,32,32,1
205,1,"[4, 0, 0, 0, 0, 0, 0, 0, 0, 0, 0, 0, 0, 0, 0, 4, 0, 0, 0, 0, 0, 0, 0, 0, 0, 0, 0, 0, 0, 0]",3072,512,786432.0,1572864.0,2955177809,2955570888,2955189905,2955742986,144,432538,54719,1023380,2,24921,175262,32,32,32,1
159,1,"[4, 32, 3072, 1, 1, 0, 0, 0, 0, 0, 0, 0, 0, 0, 0, 0, 0, 0, 0, 0, 0, 0, 0, 0, 0, 0, 0, 0, 0, 0]",192,128,0.0,0.0,2955787040,2955797639,2955797705,2955802345,0,180222,180222,1023381,1,10599,4640,32,32,32,1
199,1,"[4, 32, 3072, 1, 1, 0, 0, 0, 0, 0, 0, 0, 0, 0, 0, 0, 0, 0, 0, 0, 0, 0, 0, 0, 0, 0, 0, 0, 0, 0]",192,128,0.0,0.0,2955969790,2955982318,2955982567,2955995623,16,271932,271932,1023383,1,12528,13056,32,32,32,1
203,1,"[32, 3072, 1, 1, 128, 1, 1, 1, 1, 0, 0, 1, 1, 1, 1, 1, 4, 0, 0, 0, 0, 0, 0, 0, 0, 0, 0, 0, 0, 0]",16,256,25165824.0,1982464.0,2956251808,2956324799,2956267555,2956546336,41472,30496,22208,1023384,3,32897,270493,32,32,32,1
159,1,"[4, 32, 128, 1, 1, 0, 0, 0, 0, 0, 0, 0, 0, 0, 0, 0, 0, 0, 0, 0, 0, 0, 0, 0, 0, 0, 0, 0, 0, 0]",8,128,0.0,0.0,2956558474,2956568288,2956568544,2956573375,0,281085,281085,1023385,1,9814,4831,32,32,32,1
203,1,"[32, 128, 1, 1, 3072, 1, 1, 1, 1, 0, 0, 1, 1, 1, 1, 1, 4, 0, 0, 0, 0, 0, 0, 0, 0, 0, 0, 0, 0, 0]",384,256,25165824.0,1982464.0,2956839502,2956914704,2956854460,2956927483,25088,187902,179614,1023387,3,35544,64735,32,32,32,1
156,1,"[4, 32, 3072, 1, 1, 0, 0, 0, 0, 0, 0, 0, 0, 0, 0, 0, 0, 0, 0, 0, 0, 0, 0, 0, 0, 0, 0, 0, 0, 0]",192,128,1966080.0,786432.0,2957094852,2957107023,2957107097,2957112249,0,146622,146622,1023388,1,12171,5152,32,32,32,1
23,1,"[4, 32, 3072, 1, 1, 0, 0, 0, 0, 0, 0, 0, 0, 0, 0, 4, 32, 3072, 1, 1, 0, 0, 0, 0, 0, 0, 0, 0, 0, 0]",192,128,98304.0,1179648.0,2957247251,2957258693,2957258871,2957264503,0,271772,271772,1023389,1,11442,5632,32,32,32,1
203,1,"[32, 3072, 1, 1, 512, 1, 1, 1, 1, 0, 0, 1, 1, 1, 1, 1, 4, 0, 0, 0, 0, 0, 0, 0, 0, 0, 0, 0, 0, 0]",16,256,100663296.0,6750208.0,2957520641,2957545768,2957536275,2957808944,41472,78399,71583,1023390,2,22652,265853,32,32,32,1
205,1,"[4, 0, 0, 0, 0, 0, 0, 0, 0, 0, 0, 0, 0, 0, 0, 4, 0, 0, 0, 0, 0, 0, 0, 0, 0, 0, 0, 0, 0, 0]",512,512,131072.0,262144.0,2957868215,2958271568,2957880527,2958306186,144,561849,174334,1023391,2,25308,38144,32,32,32,1
234,1,"[4, 32, 1, 1, 1, 0, 0, 0, 0, 0, 0, 0, 0, 0, 0, 0, 0, 0, 0, 0, 0, 0, 0, 0, 0, 0, 0, 0, 0, 0]",64,256,16384.0,131200.0,2958467024,2958759407,2958480520,2958764164,0,392827,121055,1023392,3,37549,11872,32,32,32,1
35,1,"[4, 32, 512, 1, 1, 0, 0, 0, 0, 0, 0, 0, 0, 0, 0, 4, 32, 512, 1, 1, 0, 0, 0, 0, 0, 0, 0, 0, 0, 0]",32,128,16384.0,196608.0,2958873373,2958884608,2958885219,2958888995,0,259260,259260,1023393,1,11235,3776,32,32,32,1
203,1,"[32, 512, 1, 1, 2048, 1, 1, 1, 1, 0, 0, 1, 1, 1, 1, 1, 4, 0, 0, 0, 0, 0, 0, 0, 0, 0, 0, 0, 0, 0]",32,256,67108864.0,4521984.0,2959132210,2959161205,2959148255,2959252062,25088,140126,132958,1023394,2,26521,96639,32,32,32,1
205,1,"[4, 0, 0, 0, 0, 0, 0, 0, 0, 0, 0, 0, 0, 0, 0, 4, 0, 0, 0, 0, 0, 0, 0, 0, 0, 0, 0, 0, 0, 0]",2048,512,524288.0,1048576.0,2959372865,2959902938,2959385020,2960020212,144,604569,90303,1023395,2,27349,120926,32,32,32,1
159,1,"[4, 32, 2048, 1, 1, 0, 0, 0, 0, 0, 0, 0, 0, 0, 0, 0, 0, 0, 0, 0, 0, 0, 0, 0, 0, 0, 0, 0, 0, 0]",128,128,0.0,0.0,2960099832,2960110430,2960110515,2960115219,0,142686,142686,1023396,1,10598,4704,32,32,32,1
199,1,"[4, 32, 2048, 1, 1, 0, 0, 0, 0, 0, 0, 0, 0, 0, 0, 0, 0, 0, 0, 0, 0, 0, 0, 0, 0, 0, 0, 0, 0, 0]",128,128,0.0,0.0,2960245538,2960257650,2960257905,2960270353,16,255965,255965,1023398,1,12112,12448,32,32,32,1
212,1,"[4, 32, 2048, 0, 0, 0, 0, 0, 0, 0, 0, 0, 0, 0, 0, 0, 0, 0, 0, 0, 0, 0, 0, 0, 0, 0, 0, 0, 0, 0]",160,256,327680.0,524288.0,2960512307,2960587064,2960526318,2960592205,0,303100,251869,1023400,3,31360,14656,32,32,32,1
201,1,"[4, 32, 2048, 0, 0, 0, 0, 0, 0, 0, 4, 722, 2048, 0, 0, 0, 0, 0, 0, 0, 4, 722, 0, 0, 0, 0, 0, 0, 0, 0]",36,256,94633984.0,1763904.0,2960828634,2960844240,2960844074,2960903145,26624,1216,1216,1023403,1,15606,59071,32,32,32,1
201,1,"[4, 32, 2048, 0, 0, 0, 0, 0, 0, 0, 4, 722, 2048, 0, 0, 0, 0, 0, 0, 0, 4, 722, 0, 0, 0, 0, 0, 0, 0, 0]",46,512,94633984.0,1763904.0,2960846654,2960856505,2960904361,2960910281,0,142494,142494,1023404,1,9851,5920,32,32,32,1
181,1,"[4, 32, 722, 0, 0, 0, 0, 0, 0, 0, 0, 0, 0, 0, 0, 4, 32, 722, 0, 0, 0, 0, 0, 0, 0, 0, 0, 0, 0, 0]",46,512,0.0,0.0,2961038322,2961217869,2961052775,2961221829,16,1327727,1187665,1023405,5,56659,28992,32,32,32,1
181,2,"[4, 32, 722, 0, 0, 0, 0, 0, 0, 0, 0, 0, 0, 0, 0, 4, 32, 722, 0, 0, 0, 0, 0, 0, 0, 0, 0, 0, 0, 0]",91,128,0.0,0.0,2962398879,2962541800,2962409494,2962550421,0,205949,83103,1023405,4,32125,18081,32,32,32,1
201,2,"[4, 32, 2048, 0, 0, 0, 0, 0, 0, 0, 4, 722, 2048, 0, 0, 0, 0, 0, 0, 0, 4, 722, 0, 0, 0, 0, 0, 0, 0, 0]",192,256,94633984.0,1763904.0,2962623268,2962688051,2962633524,2962730130,25600,474491,472603,1023404,2,28801,94718,32,32,32,1
212,2,"[4, 32, 2048, 0, 0, 0, 0, 0, 0, 0, 0, 0, 0, 0, 0, 0, 0, 0, 0, 0, 0, 0, 0, 0, 0, 0, 0, 0, 0, 0]",128,128,327680.0,524288.0,2963191163,2963202240,2963202733,2963207693,0,109694,109694,1023400,1,11077,4960,32,32,32,1
199,2,"[4, 32, 2048, 1, 1, 0, 0, 0, 0, 0, 0, 0, 0, 0, 0, 0, 0, 0, 0, 0, 0, 0, 0, 0, 0, 0, 0, 0, 0, 0]",128,128,0.0,0.0,2963304696,2963317565,2963317387,2963321227,0,57023,57023,1023398,1,12869,3840,32,32,32,1
159,2,"[4, 32, 2048, 1, 1, 0, 0, 0, 0, 0, 0, 0, 0, 0, 0, 0, 0, 0, 0, 0, 0, 0, 0, 0, 0, 0, 0, 0, 0, 0]",128,128,0.0,0.0,2963370186,2963377339,2963378250,2963383594,0,77471,77471,1023396,1,7153,5344,32,32,32,1
205,2,"[4, 32, 2048, 1, 1, 0, 0, 0, 0, 0, 0, 0, 0, 0, 0, 0, 0, 0, 0, 0, 0, 0, 0, 0, 0, 0, 0, 0, 0, 0]",2048,512,524288.0,1310720.0,2963452237,2963460223,2963461065,2963588488,272,69631,69631,1023395,1,7986,127423,32,32,32,1
203,2,"[32, 512, 1, 1, 2048, 1, 1, 1, 1, 0, 0, 1, 1, 1, 1, 1, 4, 0, 0, 0, 0, 0, 0, 0, 0, 0, 0, 0, 0, 0]",256,256,67108864.0,4521984.0,2963647719,2963797813,2963658119,2964137697,32768,68992,55455,1023394,6,41650,466041,32,32,32,1
234,2,"[4, 32, 512, 1, 1, 0, 0, 0, 0, 0, 0, 0, 0, 0, 0, 4, 32, 1, 1, 1, 0, 0, 0, 0, 0, 0, 0, 0, 0, 0]",64,128,16384.0,196608.0,2963896658,2963904212,2964193152,2964199296,0,1152,1152,1023392,1,7554,6144,32,32,32,1
205,2,"[4, 32, 512, 1, 1, 0, 0, 0, 0, 0, 0, 0, 0, 0, 0, 0, 0, 0, 0, 0, 0, 0, 0, 0, 0, 0, 0, 0, 0, 0]",512,512,131072.0,327680.0,2963967177,2963974611,2964200448,2964237664,272,10592,10592,1023391,1,7434,37216,32,32,32,1
203,2,"[32, 3072, 1, 1, 512, 1, 1, 1, 1, 0, 0, 1, 1, 1, 1, 1, 4, 0, 0, 0, 0, 0, 0, 0, 0, 0, 0, 0, 0, 0]",384,256,100663296.0,6750208.0,2964110420,2964226690,2964248256,2964515932,9472,89214,81631,1023390,5,34406,260093,32,32,32,1
23,2,"[4, 32, 3072, 1, 1, 0, 0, 0, 0, 0, 0, 0, 0, 0, 0, 4, 32, 3072, 1, 1, 0, 0, 0, 0, 0, 0, 0, 0, 0, 0]",192,128,98304.0,1179648.0,2964317213,2964341112,2964597563,2964613275,0,2336,1088,1023389,2,12097,14464,32,32,32,1
156,2,"[4, 32, 3072, 1, 1, 0, 0, 0, 0, 0, 0, 0, 0, 0, 0, 0, 0, 0, 0, 0, 0, 0, 0, 0, 0, 0, 0, 0, 0, 0]",192,128,1966080.0,786432.0,2964372043,2964379846,2964614363,2964619035,0,1248,1248,1023388,1,7803,4672,32,32,32,1
203,2,"[32, 128, 1, 1, 3072, 1, 1, 1, 1, 0, 0, 1, 1, 1, 1, 1, 4, 0, 0, 0, 0, 0, 0, 0, 0, 0, 0, 0, 0, 0]",96,256,25165824.0,1982464.0,2964451153,2964600105,2964620283,2965044342,9472,29151,20671,1023387,6,41534,415579,32,32,32,1
159,2,"[4, 32, 128, 1, 1, 0, 0, 0, 0, 0, 0, 0, 0, 0, 0, 0, 0, 0, 0, 0, 0, 0, 0, 0, 0, 0, 0, 0, 0, 0]",8,128,0.0,0.0,2964699221,2964705774,2965065013,2965069909,0,992,992,1023385,1,6553,4896,32,32,32,1
203,2,"[32, 3072, 1, 1, 128, 1, 1, 1, 1, 0, 0, 1, 1, 1, 1, 1, 4, 0, 0, 0, 0, 0, 0, 0, 0, 0, 0, 0, 0, 0]",1536,256,0.0,0.0,2964778467,2964902193,2965070901,2965629262,6400,31102,20256,1023384,4,27784,547515,32,32,32,1
199,2,"[4, 32, 3072, 1, 1, 0, 0, 0, 0, 0, 0, 0, 0, 0, 0, 0, 0, 0, 0, 0, 0, 0, 0, 0, 0, 0, 0, 0, 0, 0]",192,128,0.0,0.0,2965012933,2965020236,2965649518,2965654926,0,7968,7968,1023383,1,7303,5408,32,32,32,1
159,2,"[4, 32, 3072, 1, 1, 0, 0, 0, 0, 0, 0, 0, 0, 0, 0, 0, 0, 0, 0, 0, 0, 0, 0, 0, 0, 0, 0, 0, 0, 0]",192,128,0.0,0.0,2965068475,2965074928,2965662894,2965669742,0,1024,1024,1023381,1,6453,6848,32,32,32,1
205,2,"[4, 32, 3072, 1, 1, 0, 0, 0, 0, 0, 0, 0, 0, 0, 0, 0, 0, 0, 0, 0, 0, 0, 0, 0, 0, 0, 0, 0, 0, 0]",3072,512,786432.0,1966080.0,2965139323,2965146706,2965670766,2965857803,272,10720,10720,1023380,1,7383,187037,32,32,32,1
203,2,"[32, 3072, 1, 1, 3072, 1, 1, 3, 3, 1, 1, 1, 1, 1, 1, 3072, 4, 0, 0, 0, 0, 0, 0, 0, 0, 0, 0, 0, 0, 0]",27648,1024,0.0,0.0,2965251390,2965272888,2965868523,2966757024,0,7935,6912,1023379,2,13088,887478,32,32,32,1
159,2,"[4, 32, 3072, 1, 1, 0, 0, 0, 0, 0, 0, 0, 0, 0, 0, 0, 0, 0, 0, 0, 0, 0, 0, 0, 0, 0, 0, 0, 0, 0]",192,128,0.0,0.0,2965328121,2965335850,2966763936,2966770176,0,1280,1280,1023377,1,7729,6240,32,32,32,1
205,2,"[4, 32, 3072, 1, 1, 0, 0, 0, 0, 0, 0, 0, 0, 0, 0, 0, 0, 0, 0, 0, 0, 0, 0, 0, 0, 0, 0, 0, 0, 0]",3072,512,786432.0,1966080.0,2965396893,2965403501,2966771456,2966957438,272,10592,10592,1023376,1,6608,185982,32,32,32,1
203,2,"[32, 512, 1, 1, 3072, 1, 1, 1, 1, 0, 0, 1, 1, 1, 1, 1, 4, 0, 0, 0, 0, 0, 0, 0, 0, 0, 0, 0, 0, 0]",384,256,100663296.0,6750208.0,2965557967,2965682703,2966968030,2967666581,32768,97438,87807,1023375,6,36661,688920,32,32,32,1
234,2,"[4, 32, 512, 1, 1, 0, 0, 0, 0, 0, 0, 0, 0, 0, 0, 4, 32, 1, 1, 1, 0, 0, 0, 0, 0, 0, 0, 0, 0, 0]",64,128,16384.0,196608.0,2965798250,2965805570,2967754388,2967760820,0,1120,1120,1023373,1,7320,6432,32,32,32,1
205,2,"[4, 32, 512, 1, 1, 0, 0, 0, 0, 0, 0, 0, 0, 0, 0, 0, 0, 0, 0, 0, 0, 0, 0, 0, 0, 0, 0, 0, 0, 0]",512,512,131072.0,327680.0,2965871227,2965878851,2967761940,2967799123,272,10432,10432,1023372,1,7624,37183,32,32,32,1
203,2,"[32, 3072, 1, 1, 512, 1, 1, 1, 1, 0, 0, 1, 1, 1, 1, 1, 4, 0, 0, 0, 0, 0, 0, 0, 0, 0, 0, 0, 0, 0]",384,256,100663296.0,6750208.0,2966007827,2966120453,2967809555,2968077680,9472,89760,81695,1023371,5,33258,260060,32,32,32,1
23,2,"[4, 32, 3072, 1, 1, 0, 0, 0, 0, 0, 0, 0, 0, 0, 0, 4, 32, 3072, 1, 1, 0, 0, 0, 0, 0, 0, 0, 0, 0, 0]",192,128,98304.0,1179648.0,2966199348,2966220651,2968159375,2968174894,0,2273,1249,1023370,2,11675,14495,32,32,32,1
156,2,"[4, 32, 3072, 1, 1, 0, 0, 0, 0, 0, 0, 0, 0, 0, 0, 0, 0, 0, 0, 0, 0, 0, 0, 0, 0, 0, 0, 0, 0, 0]",192,128,1966080.0,786432.0,2966247776,2966254744,2968176143,2968180814,0,1216,1216,1023369,1,6968,4671,32,32,32,1
203,2,"[32, 128, 1, 1, 3072, 1, 1, 1, 1, 0, 0, 1, 1, 1, 1, 1, 4, 0, 0, 0, 0, 0, 0, 0, 0, 0, 0, 0, 0, 0]",96,256,25165824.0,1982464.0,2966324696,2966469139,2968182030,2968606953,9472,29376,20320,1023368,6,37886,415867,32,32,32,1
159,2,"[4, 32, 128, 1, 1, 0, 0, 0, 0, 0, 0, 0, 0, 0, 0, 0, 0, 0, 0, 0, 0, 0, 0, 0, 0, 0, 0, 0, 0, 0]",8,128,0.0,0.0,2966565299,2966571694,2968627273,2968632201,0,1280,1280,1023366,1,6395,4928,32,32,32,1
203,2,"[32, 3072, 1, 1, 128, 1, 1, 1, 1, 0, 0, 1, 1, 1, 1, 1, 4, 0, 0, 0, 0, 0, 0, 0, 0, 0, 0, 0, 0, 0]",1536,256,0.0,0.0,2966643234,2966761720,2968633481,2969190370,6400,31007,20063,1023365,4,26879,545945,32,32,32,1
199,2,"[4, 32, 3072, 1, 1, 0, 0, 0, 0, 0, 0, 0, 0, 0, 0, 0, 0, 0, 0, 0, 0, 0, 0, 0, 0, 0, 0, 0, 0, 0]",192,128,0.0,0.0,2966872594,2966879552,2969210433,2969215970,0,8544,8544,1023364,1,6958,5537,32,32,32,1
159,2,"[4, 32, 3072, 1, 1, 0, 0, 0, 0, 0, 0, 0, 0, 0, 0, 0, 0, 0, 0, 0, 0, 0, 0, 0, 0, 0, 0, 0, 0, 0]",192,128,0.0,0.0,2966928850,2966935397,2969224514,2969231137,0,1184,1184,1023362,1,6547,6623,32,32,32,1
205,2,"[4, 32, 3072, 1, 1, 0, 0, 0, 0, 0, 0, 0, 0, 0, 0, 0, 0, 0, 0, 0, 0, 0, 0, 0, 0, 0, 0, 0, 0, 0]",3072,512,786432.0,1966080.0,2966997745,2967005146,2969232321,2969418911,272,10528,10528,1023361,1,7401,186590,32,32,32,1
203,2,"[32, 3072, 1, 1, 3072, 1, 1, 3, 3, 1, 1, 1, 1, 1, 1, 3072, 4, 0, 0, 0, 0, 0, 0, 0, 0, 0, 0, 0, 0, 0]",27648,1024,0.0,0.0,2967105942,2967128116,2969429439,2970318003,0,7905,6849,1023360,2,13044,887508,32,32,32,1
159,2,"[4, 32, 3072, 1, 1, 0, 0, 0, 0, 0, 0, 0, 0, 0, 0, 0, 0, 0, 0, 0, 0, 0, 0, 0, 0, 0, 0, 0, 0, 0]",192,128,0.0,0.0,2967179836,2967185914,2970324852,2970330964,0,1120,1120,1023358,1,6078,6112,32,32,32,1
205,2,"[4, 32, 3072, 1, 1, 0, 0, 0, 0, 0, 0, 0, 0, 0, 0, 0, 0, 0, 0, 0, 0, 0, 0, 0, 0, 0, 0, 0, 0, 0]",3072,512,786432.0,1966080.0,2967242878,2967249700,2970332084,2970519441,272,10336,10336,1023357,1,6822,187357,32,32,32,1
203,2,"[32, 512, 1, 1, 3072, 1, 1, 1, 1, 0, 0, 1, 1, 1, 1, 1, 4, 0, 0, 0, 0, 0, 0, 0, 0, 0, 0, 0, 0, 0]",384,256,100663296.0,6750208.0,2967400385,2967518618,2970529777,2971228680,32768,97535,87903,1023356,6,35865,689271,32,32,32,1
205,2,"[4, 32, 512, 1, 1, 0, 0, 0, 0, 0, 0, 0, 0, 0, 0, 0, 0, 0, 0, 0, 0, 0, 0, 0, 0, 0, 0, 0, 0, 0]",512,512,131072.0,327680.0,2967666990,2967674724,2971316583,2971354279,272,11328,11328,1023355,1,7734,37696,32,32,32,1
203,2,"[32, 1824, 1, 1, 512, 1, 1, 1, 1, 0, 0, 1, 1, 1, 1, 1, 4, 0, 0, 0, 0, 0, 0, 0, 0, 0, 0, 0, 0, 0]",240,256,59768832.0,4034560.0,2967805893,2967918417,2971365607,2971550532,9472,57409,49504,1023354,5,32210,177020,32,32,32,1
23,2,"[4, 32, 1824, 1, 1, 0, 0, 0, 0, 0, 0, 0, 0, 0, 0, 4, 32, 1824, 1, 1, 0, 0, 0, 0, 0, 0, 0, 0, 0, 0]",114,128,58368.0,700416.0,2967996770,2968017899,2971600036,2971613284,0,2240,1216,1023353,2,11843,12224,32,32,32,1
156,2,"[4, 32, 1824, 1, 1, 0, 0, 0, 0, 0, 0, 0, 0, 0, 0, 0, 0, 0, 0, 0, 0, 0, 0, 0, 0, 0, 0, 0, 0, 0]",114,128,1167360.0,466944.0,2968046623,2968053509,2971614500,2971618691,0,1376,1376,1023352,1,6886,4191,32,32,32,1
203,2,"[32, 76, 1, 1, 1824, 1, 1, 1, 1, 0, 0, 1, 1, 1, 1, 1, 4, 0, 0, 0, 0, 0, 0, 0, 0, 0, 0, 0, 0, 0]",171,256,8871936.0,797696.0,2968124922,2968248391,2971620067,2972027518,3328,20543,13280,1023351,4,32717,400188,32,32,32,1
159,2,"[4, 32, 76, 1, 1, 0, 0, 0, 0, 0, 0, 0, 0, 0, 0, 0, 0, 0, 0, 0, 0, 0, 0, 0, 0, 0, 0, 0, 0, 0]",5,128,0.0,0.0,2968343023,2968349898,2972040798,2972045694,0,1344,1344,1023349,1,6875,4896,32,32,32,1
203,2,"[32, 1824, 1, 1, 76, 1, 1, 1, 1, 0, 0, 1, 1, 1, 1, 1, 4, 0, 0, 0, 0, 0, 0, 0, 0, 0, 0, 0, 0, 0]",228,256,0.0,0.0,2968420467,2968540050,2972047038,2972109117,2304,19647,12896,1023348,4,31179,55328,32,32,32,1
199,2,"[4, 32, 1824, 1, 1, 0, 0, 0, 0, 0, 0, 0, 0, 0, 0, 0, 0, 0, 0, 0, 0, 0, 0, 0, 0, 0, 0, 0, 0, 0]",114,128,0.0,0.0,2968667122,2968674932,2972122013,2972125789,0,6368,6368,1023347,1,7810,3776,32,32,32,1
159,2,"[4, 32, 1824, 1, 1, 0, 0, 0, 0, 0, 0, 0, 0, 0, 0, 0, 0, 0, 0, 0, 0, 0, 0, 0, 0, 0, 0, 0, 0, 0]",114,128,0.0,0.0,2968724309,2968731167,2972132157,2972138013,0,1152,1152,1023345,1,6858,5856,32,32,32,1
205,2,"[4, 32, 1824, 1, 1, 0, 0, 0, 0, 0, 0, 0, 0, 0, 0, 0, 0, 0, 0, 0, 0, 0, 0, 0, 0, 0, 0, 0, 0, 0]",1824,512,466944.0,1167360.0,2968793943,2968803164,2972139165,2972252252,272,10783,10783,1023344,1,9221,113087,32,32,32,1
203,2,"[32, 1824, 1, 1, 1824, 1, 1, 3, 3, 1, 1, 1, 1, 1, 1, 1824, 4, 0, 0, 0, 0, 0, 0, 0, 0, 0, 0, 0, 0, 0]",16416,1024,0.0,0.0,2968914765,2968936084,2972263035,2972795829,0,7199,5983,1023343,2,13537,531578,32,32,32,1
159,2,"[4, 32, 1824, 1, 1, 0, 0, 0, 0, 0, 0, 0, 0, 0, 0, 0, 0, 0, 0, 0, 0, 0, 0, 0, 0, 0, 0, 0, 0, 0]",114,128,0.0,0.0,2968989007,2968995123,2972801812,2972807284,0,1057,1057,1023341,1,6116,5472,32,32,32,1
205,2,"[4, 32, 1824, 1, 1, 0, 0, 0, 0, 0, 0, 0, 0, 0, 0, 0, 0, 0, 0, 0, 0, 0, 0, 0, 0, 0, 0, 0, 0, 0]",1824,512,466944.0,1167360.0,2969054068,2969061084,2972808341,2972922067,272,10688,10688,1023340,1,7016,113726,32,32,32,1
203,2,"[32, 304, 1, 1, 1824, 1, 1, 1, 1, 0, 0, 1, 1, 1, 1, 1, 4, 0, 0, 0, 0, 0, 0, 0, 0, 0, 0, 0, 0, 0]",171,256,35487744.0,2490368.0,2969519505,2969643520,2972932755,2973205808,9472,30336,22464,1023339,5,37263,265181,32,32,32,1
234,2,"[4, 32, 304, 1, 1, 0, 0, 0, 0, 0, 0, 0, 0, 0, 0, 4, 32, 1, 1, 1, 0, 0, 0, 0, 0, 0, 0, 0, 0, 0]",38,128,9728.0,116736.0,2969744578,2969752142,2973228272,2973233583,0,1056,1056,1023337,1,7564,5311,32,32,32,1
205,2,"[4, 32, 304, 1, 1, 0, 0, 0, 0, 0, 0, 0, 0, 0, 0, 0, 0, 0, 0, 0, 0, 0, 0, 0, 0, 0, 0, 0, 0, 0]",304,512,77824.0,194560.0,2969817673,2969825261,2973234639,2973258159,272,11104,11104,1023336,1,7588,23520,32,32,32,1
203,2,"[32, 1824, 1, 1, 304, 1, 1, 1, 1, 0, 0, 1, 1, 1, 1, 1, 4, 0, 0, 0, 0, 0, 0, 0, 0, 0, 0, 0, 0, 0]",570,256,0.0,0.0,2969960082,2970048012,2973269263,2973390925,2304,28032,20736,1023335,3,20531,114366,32,32,32,1
23,2,"[4, 32, 1824, 1, 1, 0, 0, 0, 0, 0, 0, 0, 0, 0, 0, 4, 32, 1824, 1, 1, 0, 0, 0, 0, 0, 0, 0, 0, 0, 0]",114,128,58368.0,700416.0,2970128145,2970150061,2973411661,2973425005,0,2528,1088,1023334,2,12287,11904,32,32,32,1
156,2,"[4, 32, 1824, 1, 1, 0, 0, 0, 0, 0, 0, 0, 0, 0, 0, 0, 0, 0, 0, 0, 0, 0, 0, 0, 0, 0, 0, 0, 0, 0]",114,128,1167360.0,466944.0,2970180730,2970187699,2973426093,2973430285,0,1088,1088,1023333,1,6969,4192,32,32,32,1
203,2,"[32, 76, 1, 1, 1824, 1, 1, 1, 1, 0, 0, 1, 1, 1, 1, 1, 4, 0, 0, 0, 0, 0, 0, 0, 0, 0, 0, 0, 0, 0]",171,256,8871936.0,797696.0,2970435979,2970561682,2973431373,2973748457,3328,20416,13088,1023332,4,31161,309756,32,32,32,1
159,2,"[4, 32, 76, 1, 1, 0, 0, 0, 0, 0, 0, 0, 0, 0, 0, 0, 0, 0, 0, 0, 0, 0, 0, 0, 0, 0, 0, 0, 0, 0]",5,128,0.0,0.0,2970665310,2970672288,2973761545,2973766441,0,1056,1056,1023330,1,6978,4896,32,32,32,1
203,2,"[32, 1824, 1, 1, 76, 1, 1, 1, 1, 0, 0, 1, 1, 1, 1, 1, 4, 0, 0, 0, 0, 0, 0, 0, 0, 0, 0, 0, 0, 0]",228,256,0.0,0.0,2970748847,2970865129,2973767497,2973829384,2304,19584,13120,1023329,4,28664,55423,32,32,32,1
199,2,"[4, 32, 1824, 1, 1, 0, 0, 0, 0, 0, 0, 0, 0, 0, 0, 0, 0, 0, 0, 0, 0, 0, 0, 0, 0, 0, 0, 0, 0, 0]",114,128,0.0,0.0,2970975050,2970982202,2973842504,2973846312,0,7519,7519,1023328,1,7152,3808,32,32,32,1
159,2,"[4, 32, 1824, 1, 1, 0, 0, 0, 0, 0, 0, 0, 0, 0, 0, 0, 0, 0, 0, 0, 0, 0, 0, 0, 0, 0, 0, 0, 0, 0]",114,128,0.0,0.0,2971034671,2971041325,2973853831,2973859751,0,1248,1248,1023326,1,6654,5920,32,32,32,1
205,2,"[4, 32, 1824, 1, 1, 0, 0, 0, 0, 0, 0, 0, 0, 0, 0, 0, 0, 0, 0, 0, 0, 0, 0, 0, 0, 0, 0, 0, 0, 0]",1824,512,466944.0,1167360.0,2971109014,2971117004,2973860999,2973973574,272,10688,10688,1023325,1,7990,112575,32,32,32,1
203,2,"[32, 1824, 1, 1, 1824, 1, 1, 5, 5, 2, 2, 1, 1, 1, 1, 1824, 4, 0, 0, 0, 0, 0, 0, 0, 0, 0, 0, 0, 0, 0]",45600,1024,0.0,0.0,2971226194,2971246366,2973984262,2975412468,0,8192,7104,1023324,2,12718,1427118,32,32,32,1
159,2,"[4, 32, 1824, 1, 1, 0, 0, 0, 0, 0, 0, 0, 0, 0, 0, 0, 0, 0, 0, 0, 0, 0, 0, 0, 0, 0, 0, 0, 0, 0]",114,128,0.0,0.0,2971298523,2971304565,2975419572,2975425428,0,1120,1120,1023322,1,6042,5856,32,32,32,1
205,2,"[4, 32, 1824, 1, 1, 0, 0, 0, 0, 0, 0, 0, 0, 0, 0, 0, 0, 0, 0, 0, 0, 0, 0, 0, 0, 0, 0, 0, 0, 0]",1824,512,466944.0,1167360.0,2971366030,2971373325,2975426548,2975540179,272,10527,10527,1023321,1,7295,113631,32,32,32,1
203,2,"[32, 304, 1, 1, 1824, 1, 1, 1, 1, 0, 0, 1, 1, 1, 1, 1, 4, 0, 0, 0, 0, 0, 0, 0, 0, 0, 0, 0, 0, 0]",171,256,35487744.0,2490368.0,2971512190,2971636974,2975550706,2975823631,9472,34717,26783,1023320,5,34364,264991,32,32,32,1
234,2,"[4, 32, 304, 1, 1, 0, 0, 0, 0, 0, 0, 0, 0, 0, 0, 4, 32, 1, 1, 1, 0, 0, 0, 0, 0, 0, 0, 0, 0, 0]",38,128,9728.0,116736.0,2971753008,2971759970,2975850414,2975855438,0,1057,1057,1023318,1,6962,5024,32,32,32,1
205,2,"[4, 32, 304, 1, 1, 0, 0, 0, 0, 0, 0, 0, 0, 0, 0, 0, 0, 0, 0, 0, 0, 0, 0, 0, 0, 0, 0, 0, 0, 0]",304,512,77824.0,194560.0,2971825190,2971832376,2975856495,2975879758,272,11072,11072,1023317,1,7186,23263,32,32,32,1
203,2,"[32, 1824, 1, 1, 304, 1, 1, 1, 1, 0, 0, 1, 1, 1, 1, 1, 4, 0, 0, 0, 0, 0, 0, 0, 0, 0, 0, 0, 0, 0]",570,256,0.0,0.0,2971966326,2972051930,2975890830,2976012973,2304,28735,21663,1023316,3,19619,115071,32,32,32,1
23,2,"[4, 32, 1824, 1, 1, 0, 0, 0, 0, 0, 0, 0, 0, 0, 0, 4, 32, 1824, 1, 1, 0, 0, 0, 0, 0, 0, 0, 0, 0, 0]",114,128,58368.0,700416.0,2972128235,2972151598,2976034636,2976047564,0,2272,1248,1023315,2,12248,11904,32,32,32,1
156,2,"[4, 32, 1824, 1, 1, 0, 0, 0, 0, 0, 0, 0, 0, 0, 0, 0, 0, 0, 0, 0, 0, 0, 0, 0, 0, 0, 0, 0, 0, 0]",114,128,1167360.0,466944.0,2972179372,2972186368,2976048812,2976053004,0,1120,1120,1023314,1,6996,4192,32,32,32,1
203,2,"[32, 76, 1, 1, 1824, 1, 1, 1, 1, 0, 0, 1, 1, 1, 1, 1, 4, 0, 0, 0, 0, 0, 0, 0, 0, 0, 0, 0, 0, 0]",171,256,8871936.0,797696.0,2972255026,2972372423,2976054124,2976496167,3328,20255,13439,1023313,4,28982,435227,32,32,32,1
159,2,"[4, 32, 76, 1, 1, 0, 0, 0, 0, 0, 0, 0, 0, 0, 0, 0, 0, 0, 0, 0, 0, 0, 0, 0, 0, 0, 0, 0, 0, 0]",5,128,0.0,0.0,2972470960,2972477647,2976509606,2976514502,0,1312,1312,1023311,1,6687,4896,32,32,32,1
203,2,"[32, 1824, 1, 1, 76, 1, 1, 1, 1, 0, 0, 1, 1, 1, 1, 1, 4, 0, 0, 0, 0, 0, 0, 0, 0, 0, 0, 0, 0, 0]",228,256,0.0,0.0,2972549770,2972664728,2976515814,2976577669,2304,19808,13344,1023310,4,30142,55391,32,32,32,1
199,2,"[4, 32, 1824, 1, 1, 0, 0, 0, 0, 0, 0, 0, 0, 0, 0, 0, 0, 0, 0, 0, 0, 0, 0, 0, 0, 0, 0, 0, 0, 0]",114,128,0.0,0.0,2972772380,2972779428,2976591013,2976594853,0,6656,6656,1023309,1,7048,3840,32,32,32,1
159,2,"[4, 32, 1824, 1, 1, 0, 0, 0, 0, 0, 0, 0, 0, 0, 0, 0, 0, 0, 0, 0, 0, 0, 0, 0, 0, 0, 0, 0, 0, 0]",114,128,0.0,0.0,2972829039,2972835892,2976601509,2976607429,0,1056,1056,1023307,1,6853,5920,32,32,32,1
205,2,"[4, 32, 1824, 1, 1, 0, 0, 0, 0, 0, 0, 0, 0, 0, 0, 0, 0, 0, 0, 0, 0, 0, 0, 0, 0, 0, 0, 0, 0, 0]",1824,512,466944.0,1167360.0,2972900386,2972909339,2976608485,2976722244,272,10848,10848,1023306,1,8953,113759,32,32,32,1
203,2,"[32, 1824, 1, 1, 1824, 1, 1, 5, 5, 2, 2, 1, 1, 1, 1, 1824, 4, 0, 0, 0, 0, 0, 0, 0, 0, 0, 0, 0, 0, 0]",45600,1024,0.0,0.0,2973012190,2973032023,2976733092,2978161522,0,8512,7200,1023305,2,12457,1427118,32,32,32,1
159,2,"[4, 32, 1824, 1, 1, 0, 0, 0, 0, 0, 0, 0, 0, 0, 0, 0, 0, 0, 0, 0, 0, 0, 0, 0, 0, 0, 0, 0, 0, 0]",114,128,0.0,0.0,2973084274,2973090407,2978168722,2978174513,0,1153,1153,1023303,1,6133,5791,32,32,32,1
205,2,"[4, 32, 1824, 1, 1, 0, 0, 0, 0, 0, 0, 0, 0, 0, 0, 0, 0, 0, 0, 0, 0, 0, 0, 0, 0, 0, 0, 0, 0, 0]",1824,512,466944.0,1167360.0,2973149817,2973156701,2978175666,2978289072,272,10464,10464,1023302,1,6884,113406,32,32,32,1
203,2,"[32, 304, 1, 1, 1824, 1, 1, 1, 1, 0, 0, 1, 1, 1, 1, 1, 4, 0, 0, 0, 0, 0, 0, 0, 0, 0, 0, 0, 0, 0]",171,256,35487744.0,2490368.0,2973286718,2973401726,2978299536,2978571308,9472,33984,26336,1023301,5,34154,264124,32,32,32,1
234,2,"[4, 32, 304, 1, 1, 0, 0, 0, 0, 0, 0, 0, 0, 0, 0, 4, 32, 1, 1, 1, 0, 0, 0, 0, 0, 0, 0, 0, 0, 0]",38,128,9728.0,116736.0,2973514379,2973521270,2978597644,2978602636,0,1088,1088,1023299,1,6891,4992,32,32,32,1
205,2,"[4, 32, 304, 1, 1, 0, 0, 0, 0, 0, 0, 0, 0, 0, 0, 0, 0, 0, 0, 0, 0, 0, 0, 0, 0, 0, 0, 0, 0, 0]",304,512,77824.0,194560.0,2973585702,2973592742,2978603724,2978627276,272,10688,10688,1023298,1,7040,23552,32,32,32,1
203,2,"[32, 1824, 1, 1, 304, 1, 1, 1, 1, 0, 0, 1, 1, 1, 1, 1, 4, 0, 0, 0, 0, 0, 0, 0, 0, 0, 0, 0, 0, 0]",570,256,0.0,0.0,2973723705,2973809704,2978637964,2978759210,2304,28032,21216,1023297,3,19526,114430,32,32,32,1
23,2,"[4, 32, 1824, 1, 1, 0, 0, 0, 0, 0, 0, 0, 0, 0, 0, 4, 32, 1824, 1, 1, 0, 0, 0, 0, 0, 0, 0, 0, 0, 0]",114,128,58368.0,700416.0,2973885248,2973909334,2978780426,2978793674,0,2304,1216,1023296,2,14478,12160,32,32,32,1
156,2,"[4, 32, 1824, 1, 1, 0, 0, 0, 0, 0, 0, 0, 0, 0, 0, 0, 0, 0, 0, 0, 0, 0, 0, 0, 0, 0, 0, 0, 0, 0]",114,128,1167360.0,466944.0,2973937346,2973943982,2978794890,2978799082,0,1056,1056,1023295,1,6636,4192,32,32,32,1
203,2,"[32, 76, 1, 1, 1824, 1, 1, 1, 1, 0, 0, 1, 1, 1, 1, 1, 4, 0, 0, 0, 0, 0, 0, 0, 0, 0, 0, 0, 0, 0]",171,256,8871936.0,797696.0,2974013881,2974130959,2978800138,2979209637,3328,20383,13663,1023294,4,30880,402779,32,32,32,1
159,2,"[4, 32, 76, 1, 1, 0, 0, 0, 0, 0, 0, 0, 0, 0, 0, 0, 0, 0, 0, 0, 0, 0, 0, 0, 0, 0, 0, 0, 0, 0]",5,128,0.0,0.0,2974226748,2974233215,2979223300,2979228196,0,1280,1280,1023292,1,6467,4896,32,32,32,1
203,2,"[32, 1824, 1, 1, 76, 1, 1, 1, 1, 0, 0, 1, 1, 1, 1, 1, 4, 0, 0, 0, 0, 0, 0, 0, 0, 0, 0, 0, 0, 0]",228,256,0.0,0.0,2974305365,2974420660,2979229476,2979291204,2304,19808,13216,1023291,4,27386,55136,32,32,32,1
199,2,"[4, 32, 1824, 1, 1, 0, 0, 0, 0, 0, 0, 0, 0, 0, 0, 0, 0, 0, 0, 0, 0, 0, 0, 0, 0, 0, 0, 0, 0, 0]",114,128,0.0,0.0,2974528508,2974535577,2979304420,2979308227,0,6400,6400,1023290,1,7069,3807,32,32,32,1
159,2,"[4, 32, 1824, 1, 1, 0, 0, 0, 0, 0, 0, 0, 0, 0, 0, 0, 0, 0, 0, 0, 0, 0, 0, 0, 0, 0, 0, 0, 0, 0]",114,128,0.0,0.0,2974585581,2974592312,2979314627,2979320483,0,1056,1056,1023288,1,6731,5856,32,32,32,1
205,2,"[4, 32, 1824, 1, 1, 0, 0, 0, 0, 0, 0, 0, 0, 0, 0, 0, 0, 0, 0, 0, 0, 0, 0, 0, 0, 0, 0, 0, 0, 0]",1824,512,466944.0,1167360.0,2974657576,2974664809,2979321539,2979436034,272,10495,10495,1023287,1,7233,114495,32,32,32,1
203,2,"[32, 1824, 1, 1, 1824, 1, 1, 5, 5, 2, 2, 1, 1, 1, 1, 1824, 4, 0, 0, 0, 0, 0, 0, 0, 0, 0, 0, 0, 0, 0]",45600,1024,0.0,0.0,2974765182,2974784760,2979446529,2980874928,0,8160,6720,1023286,2,12674,1426959,32,32,32,1
159,2,"[4, 32, 1824, 1, 1, 0, 0, 0, 0, 0, 0, 0, 0, 0, 0, 0, 0, 0, 0, 0, 0, 0, 0, 0, 0, 0, 0, 0, 0, 0]",114,128,0.0,0.0,2974836752,2974842946,2980881648,2980887472,0,1152,1152,1023284,1,6194,5824,32,32,32,1
205,2,"[4, 32, 1824, 1, 1, 0, 0, 0, 0, 0, 0, 0, 0, 0, 0, 0, 0, 0, 0, 0, 0, 0, 0, 0, 0, 0, 0, 0, 0, 0]",1824,512,466944.0,1167360.0,2974902111,2974908988,2980888624,2981002382,272,10464,10464,1023283,1,6877,113758,32,32,32,1
203,2,"[32, 304, 1, 1, 1824, 1, 1, 1, 1, 0, 0, 1, 1, 1, 1, 1, 4, 0, 0, 0, 0, 0, 0, 0, 0, 0, 0, 0, 0, 0]",171,256,35487744.0,2490368.0,2975035944,2975150126,2981012846,2981285611,9472,34335,26559,1023282,5,31247,264989,32,32,32,1
234,2,"[4, 32, 304, 1, 1, 0, 0, 0, 0, 0, 0, 0, 0, 0, 0, 4, 32, 1, 1, 1, 0, 0, 0, 0, 0, 0, 0, 0, 0, 0]",38,128,9728.0,116736.0,2975261809,2975269236,2981312170,2981317162,0,1120,1120,1023280,1,7427,4992,32,32,32,1
205,2,"[4, 32, 304, 1, 1, 0, 0, 0, 0, 0, 0, 0, 0, 0, 0, 0, 0, 0, 0, 0, 0, 0, 0, 0, 0, 0, 0, 0, 0, 0]",304,512,77824.0,194560.0,2975333139,2975341529,2981318282,2981341482,272,10944,10944,1023279,1,8390,23200,32,32,32,1
203,2,"[32, 1824, 1, 1, 304, 1, 1, 1, 1, 0, 0, 1, 1, 1, 1, 1, 4, 0, 0, 0, 0, 0, 0, 0, 0, 0, 0, 0, 0, 0]",570,256,0.0,0.0,2975471714,2975555701,2981352426,2981474344,2304,28000,20864,1023278,3,19528,114782,32,32,32,1
23,2,"[4, 32, 1824, 1, 1, 0, 0, 0, 0, 0, 0, 0, 0, 0, 0, 4, 32, 1824, 1, 1, 0, 0, 0, 0, 0, 0, 0, 0, 0, 0]",114,128,58368.0,700416.0,2975641352,2975663028,2981495208,2981509064,0,2272,1056,1023277,2,12036,12640,32,32,32,1
156,2,"[4, 32, 1824, 1, 1, 0, 0, 0, 0, 0, 0, 0, 0, 0, 0, 0, 0, 0, 0, 0, 0, 0, 0, 0, 0, 0, 0, 0, 0, 0]",114,128,1167360.0,466944.0,2975690973,2975698007,2981510120,2981514344,0,1024,1024,1023276,1,7034,4224,32,32,32,1
203,2,"[32, 76, 1, 1, 1824, 1, 1, 1, 1, 0, 0, 1, 1, 1, 1, 1, 4, 0, 0, 0, 0, 0, 0, 0, 0, 0, 0, 0, 0, 0]",171,256,8871936.0,797696.0,2975767387,2975886738,2981515368,2981952770,3328,20511,13216,1023275,4,28744,430107,32,32,32,1
159,2,"[4, 32, 76, 1, 1, 0, 0, 0, 0, 0, 0, 0, 0, 0, 0, 0, 0, 0, 0, 0, 0, 0, 0, 0, 0, 0, 0, 0, 0, 0]",5,128,0.0,0.0,2975983209,2975989677,2981965986,2981971042,0,1184,1184,1023273,1,6468,5056,32,32,32,1
203,2,"[32, 1824, 1, 1, 76, 1, 1, 1, 1, 0, 0, 1, 1, 1, 1, 1, 4, 0, 0, 0, 0, 0, 0, 0, 0, 0, 0, 0, 0, 0]",228,256,0.0,0.0,2976060989,2976175931,2981972226,2982034369,2304,20225,13440,1023272,4,29943,55358,32,32,32,1
199,2,"[4, 32, 1824, 1, 1, 0, 0, 0, 0, 0, 0, 0, 0, 0, 0, 0, 0, 0, 0, 0, 0, 0, 0, 0, 0, 0, 0, 0, 0, 0]",114,128,0.0,0.0,2976282638,2976289579,2982047809,2982051585,0,6912,6912,1023271,1,6941,3776,32,32,32,1
159,2,"[4, 32, 1824, 1, 1, 0, 0, 0, 0, 0, 0, 0, 0, 0, 0, 0, 0, 0, 0, 0, 0, 0, 0, 0, 0, 0, 0, 0, 0, 0]",114,128,0.0,0.0,2976339332,2976345873,2982058497,2982064513,0,992,992,1023269,1,6541,6016,32,32,32,1
205,2,"[4, 32, 1824, 1, 1, 0, 0, 0, 0, 0, 0, 0, 0, 0, 0, 0, 0, 0, 0, 0, 0, 0, 0, 0, 0, 0, 0, 0, 0, 0]",1824,512,466944.0,1167360.0,2976411023,2976418200,2982065505,2982178911,272,10496,10496,1023268,1,7177,113406,32,32,32,1
203,2,"[32, 1824, 1, 1, 1824, 1, 1, 5, 5, 2, 2, 1, 1, 1, 1, 1824, 4, 0, 0, 0, 0, 0, 0, 0, 0, 0, 0, 0, 0, 0]",45600,1024,0.0,0.0,2976520991,2976540857,2982189407,2983617581,0,7425,6369,1023267,2,12730,1427118,32,32,32,1
159,2,"[4, 32, 1824, 1, 1, 0, 0, 0, 0, 0, 0, 0, 0, 0, 0, 0, 0, 0, 0, 0, 0, 0, 0, 0, 0, 0, 0, 0, 0, 0]",114,128,0.0,0.0,2976594224,2976600449,2983623950,2983629869,0,1056,1056,1023265,1,6225,5919,32,32,32,1
205,2,"[4, 32, 1824, 1, 1, 0, 0, 0, 0, 0, 0, 0, 0, 0, 0, 0, 0, 0, 0, 0, 0, 0, 0, 0, 0, 0, 0, 0, 0, 0]",1824,512,466944.0,1167360.0,2976657183,2976664055,2983630925,2983744332,272,10560,10560,1023264,1,6872,113407,32,32,32,1
203,2,"[32, 304, 1, 1, 1824, 1, 1, 1, 1, 0, 0, 1, 1, 1, 1, 1, 4, 0, 0, 0, 0, 0, 0, 0, 0, 0, 0, 0, 0, 0]",171,256,35487744.0,2490368.0,2976793507,2976907909,2983754892,2984026440,9472,35392,27680,1023263,5,31357,263836,32,32,32,1
234,2,"[4, 32, 304, 1, 1, 0, 0, 0, 0, 0, 0, 0, 0, 0, 0, 4, 32, 1, 1, 1, 0, 0, 0, 0, 0, 0, 0, 0, 0, 0]",38,128,9728.0,116736.0,2977020601,2977027347,2984054120,2984059336,0,1152,1152,1023261,1,6746,5216,32,32,32,1
205,2,"[4, 32, 304, 1, 1, 0, 0, 0, 0, 0, 0, 0, 0, 0, 0, 0, 0, 0, 0, 0, 0, 0, 0, 0, 0, 0, 0, 0, 0, 0]",304,512,77824.0,194560.0,2977092736,2977099838,2984060488,2984083912,272,10880,10880,1023260,1,7102,23424,32,32,32,1
203,2,"[32, 1824, 1, 1, 304, 1, 1, 1, 1, 0, 0, 1, 1, 1, 1, 1, 4, 0, 0, 0, 0, 0, 0, 0, 0, 0, 0, 0, 0, 0]",570,256,0.0,0.0,2977229167,2977313331,2984094792,2984216742,2304,27871,20832,1023259,3,19611,114911,32,32,32,1
23,2,"[4, 32, 1824, 1, 1, 0, 0, 0, 0, 0, 0, 0, 0, 0, 0, 4, 32, 1824, 1, 1, 0, 0, 0, 0, 0, 0, 0, 0, 0, 0]",114,128,58368.0,700416.0,2977392253,2977413473,2984237574,2984251205,0,2241,1217,1023258,2,11830,12607,32,32,32,1
156,2,"[4, 32, 1824, 1, 1, 0, 0, 0, 0, 0, 0, 0, 0, 0, 0, 0, 0, 0, 0, 0, 0, 0, 0, 0, 0, 0, 0, 0, 0, 0]",114,128,1167360.0,466944.0,2977440733,2977447564,2984252422,2984256614,0,1183,1183,1023257,1,6831,4192,32,32,32,1
203,2,"[32, 76, 1, 1, 1824, 1, 1, 1, 1, 0, 0, 1, 1, 1, 1, 1, 4, 0, 0, 0, 0, 0, 0, 0, 0, 0, 0, 0, 0, 0]",171,256,8871936.0,797696.0,2977518073,2977634643,2984257797,2984566754,3328,20352,13535,1023256,4,30551,302140,32,32,32,1
159,2,"[4, 32, 76, 1, 1, 0, 0, 0, 0, 0, 0, 0, 0, 0, 0, 0, 0, 0, 0, 0, 0, 0, 0, 0, 0, 0, 0, 0, 0, 0]",5,128,0.0,0.0,2977728741,2977735366,2984580289,2984585154,0,1023,1023,1023254,1,6625,4865,32,32,32,1
203,2,"[32, 1824, 1, 1, 76, 1, 1, 1, 1, 0, 0, 1, 1, 1, 1, 1, 4, 0, 0, 0, 0, 0, 0, 0, 0, 0, 0, 0, 0, 0]",228,256,0.0,0.0,2977805500,2977918865,2984586177,2984648097,2304,19903,13215,1023253,4,27310,55232,32,32,32,1
199,2,"[4, 32, 1824, 1, 1, 0, 0, 0, 0, 0, 0, 0, 0, 0, 0, 0, 0, 0, 0, 0, 0, 0, 0, 0, 0, 0, 0, 0, 0, 0]",114,128,0.0,0.0,2978026436,2978033318,2984661312,2984665088,0,6496,6496,1023252,1,6882,3776,32,32,32,1
159,2,"[4, 32, 1824, 1, 1, 0, 0, 0, 0, 0, 0, 0, 0, 0, 0, 0, 0, 0, 0, 0, 0, 0, 0, 0, 0, 0, 0, 0, 0, 0]",114,128,0.0,0.0,2978081227,2978087831,2984671584,2984677088,0,1248,1248,1023250,1,6604,5504,32,32,32,1
205,2,"[4, 32, 1824, 1, 1, 0, 0, 0, 0, 0, 0, 0, 0, 0, 0, 0, 0, 0, 0, 0, 0, 0, 0, 0, 0, 0, 0, 0, 0, 0]",1824,512,466944.0,1167360.0,2978155066,2978162449,2984678336,2984791615,272,10688,10688,1023249,1,7383,113279,32,32,32,1
203,2,"[32, 1824, 1, 1, 1824, 1, 1, 5, 5, 2, 2, 1, 1, 1, 1, 1824, 4, 0, 0, 0, 0, 0, 0, 0, 0, 0, 0, 0, 0, 0]",45600,1024,0.0,0.0,2978263570,2978282708,2984802303,2986230765,0,7872,6656,1023248,2,12088,1427246,32,32,32,1
159,2,"[4, 32, 1824, 1, 1, 0, 0, 0, 0, 0, 0, 0, 0, 0, 0, 0, 0, 0, 0, 0, 0, 0, 0, 0, 0, 0, 0, 0, 0, 0]",114,128,0.0,0.0,2978336339,2978342539,2986237421,2986243213,0,1183,1183,1023246,1,6200,5792,32,32,32,1
205,2,"[4, 32, 1824, 1, 1, 0, 0, 0, 0, 0, 0, 0, 0, 0, 0, 0, 0, 0, 0, 0, 0, 0, 0, 0, 0, 0, 0, 0, 0, 0]",1824,512,466944.0,1167360.0,2978400104,2978406901,2986244396,2986358219,272,10720,10720,1023245,1,6797,113823,32,32,32,1
203,2,"[32, 304, 1, 1, 1824, 1, 1, 1, 1, 0, 0, 1, 1, 1, 1, 1, 4, 0, 0, 0, 0, 0, 0, 0, 0, 0, 0, 0, 0, 0]",171,256,35487744.0,2490368.0,2978533526,2978648302,2986368939,2986641960,9472,36031,27839,1023244,5,32812,264829,32,32,32,1
234,2,"[4, 32, 304, 1, 1, 0, 0, 0, 0, 0, 0, 0, 0, 0, 0, 4, 32, 1, 1, 1, 0, 0, 0, 0, 0, 0, 0, 0, 0, 0]",38,128,9728.0,116736.0,2978761405,2978768662,2986669799,2986674727,0,1152,1152,1023242,1,7257,4928,32,32,32,1
205,2,"[4, 32, 304, 1, 1, 0, 0, 0, 0, 0, 0, 0, 0, 0, 0, 0, 0, 0, 0, 0, 0, 0, 0, 0, 0, 0, 0, 0, 0, 0]",304,512,77824.0,194560.0,2978833507,2978840762,2986675879,2986699399,272,11168,11168,1023241,1,7255,23520,32,32,32,1
203,2,"[32, 1824, 1, 1, 304, 1, 1, 1, 1, 0, 0, 1, 1, 1, 1, 1, 4, 0, 0, 0, 0, 0, 0, 0, 0, 0, 0, 0, 0, 0]",570,256,0.0,0.0,2978971992,2979058457,2986710567,2986832133,2304,28928,21600,1023240,3,21220,114238,32,32,32,1
23,2,"[4, 32, 1824, 1, 1, 0, 0, 0, 0, 0, 0, 0, 0, 0, 0, 4, 32, 1824, 1, 1, 0, 0, 0, 0, 0, 0, 0, 0, 0, 0]",114,128,58368.0,700416.0,2979136159,2979157396,2986853733,2986867525,0,2080,1056,1023239,2,11643,12768,32,32,32,1
156,2,"[4, 32, 1824, 1, 1, 0, 0, 0, 0, 0, 0, 0, 0, 0, 0, 0, 0, 0, 0, 0, 0, 0, 0, 0, 0, 0, 0, 0, 0, 0]",114,128,1167360.0,466944.0,2979183822,2979190762,2986868581,2986872805,0,1088,1088,1023238,1,6940,4224,32,32,32,1
203,2,"[32, 76, 1, 1, 1824, 1, 1, 1, 1, 0, 0, 1, 1, 1, 1, 1, 4, 0, 0, 0, 0, 0, 0, 0, 0, 0, 0, 0, 0, 0]",171,256,8871936.0,797696.0,2979260171,2979378506,2986873893,2987313184,3328,19807,12863,1023237,4,28187,432347,32,32,32,1
159,2,"[4, 32, 76, 1, 1, 0, 0, 0, 0, 0, 0, 0, 0, 0, 0, 0, 0, 0, 0, 0, 0, 0, 0, 0, 0, 0, 0, 0, 0, 0]",5,128,0.0,0.0,2979473981,2979480394,2987326047,2987330911,0,1280,1280,1023235,1,6413,4864,32,32,32,1
203,2,"[32, 1824, 1, 1, 76, 1, 1, 1, 1, 0, 0, 1, 1, 1, 1, 1, 4, 0, 0, 0, 0, 0, 0, 0, 0, 0, 0, 0, 0, 0]",228,256,0.0,0.0,2979551021,2979672671,2987332191,2987394430,2304,19423,12576,1023234,4,27493,55392,32,32,32,1
199,2,"[4, 32, 1824, 1, 1, 0, 0, 0, 0, 0, 0, 0, 0, 0, 0, 0, 0, 0, 0, 0, 0, 0, 0, 0, 0, 0, 0, 0, 0, 0]",114,128,0.0,0.0,2979779633,2979786843,2987407006,2987410814,0,7584,7584,1023233,1,7210,3808,32,32,32,1
159,2,"[4, 32, 1824, 1, 1, 0, 0, 0, 0, 0, 0, 0, 0, 0, 0, 0, 0, 0, 0, 0, 0, 0, 0, 0, 0, 0, 0, 0, 0, 0]",114,128,0.0,0.0,2979833999,2979840394,2987418398,2987423870,0,1184,1184,1023231,1,6395,5472,32,32,32,1
205,2,"[4, 32, 1824, 1, 1, 0, 0, 0, 0, 0, 0, 0, 0, 0, 0, 0, 0, 0, 0, 0, 0, 0, 0, 0, 0, 0, 0, 0, 0, 0]",1824,512,466944.0,1167360.0,2979907102,2979914268,2987425054,2987538588,272,10624,10624,1023230,1,7166,113534,32,32,32,1
203,2,"[32, 1824, 1, 1, 1824, 1, 1, 5, 5, 2, 2, 1, 1, 1, 1, 1824, 4, 0, 0, 0, 0, 0, 0, 0, 0, 0, 0, 0, 0, 0]",45600,1024,0.0,0.0,2980016066,2980036095,2987549212,2988977739,0,7968,6720,1023229,2,12862,1427279,32,32,32,1
159,2,"[4, 32, 1824, 1, 1, 0, 0, 0, 0, 0, 0, 0, 0, 0, 0, 0, 0, 0, 0, 0, 0, 0, 0, 0, 0, 0, 0, 0, 0, 0]",114,128,0.0,0.0,2980090096,2980096013,2988984459,2988990090,0,1408,1408,1023227,1,5917,5631,32,32,32,1
205,2,"[4, 32, 1824, 1, 1, 0, 0, 0, 0, 0, 0, 0, 0, 0, 0, 0, 0, 0, 0, 0, 0, 0, 0, 0, 0, 0, 0, 0, 0, 0]",1824,512,466944.0,1167360.0,2980152450,2980159362,2988991498,2989105769,272,10592,10592,1023226,1,6912,114271,32,32,32,1
203,2,"[32, 304, 1, 1, 1824, 1, 1, 1, 1, 0, 0, 1, 1, 1, 1, 1, 4, 0, 0, 0, 0, 0, 0, 0, 0, 0, 0, 0, 0, 0]",171,256,35487744.0,2490368.0,2980289772,2980401800,2989116361,2989388006,9472,34751,26847,1023225,5,31568,263741,32,32,32,1
234,2,"[4, 32, 304, 1, 1, 0, 0, 0, 0, 0, 0, 0, 0, 0, 0, 4, 32, 1, 1, 1, 0, 0, 0, 0, 0, 0, 0, 0, 0, 0]",38,128,9728.0,116736.0,2980516060,2980523034,2989414853,2989419749,0,1184,1184,1023223,1,6974,4896,32,32,32,1
205,2,"[4, 32, 304, 1, 1, 0, 0, 0, 0, 0, 0, 0, 0, 0, 0, 0, 0, 0, 0, 0, 0, 0, 0, 0, 0, 0, 0, 0, 0, 0]",304,512,77824.0,194560.0,2980589684,2980596643,2989420933,2989444517,272,10719,10719,1023222,1,6959,23584,32,32,32,1
203,2,"[32, 1824, 1, 1, 304, 1, 1, 1, 1, 0, 0, 1, 1, 1, 1, 1, 4, 0, 0, 0, 0, 0, 0, 0, 0, 0, 0, 0, 0, 0]",570,256,0.0,0.0,2980728220,2980814266,2989455236,2989577411,2304,28128,21120,1023221,3,19828,115167,32,32,32,1
23,2,"[4, 32, 1824, 1, 1, 0, 0, 0, 0, 0, 0, 0, 0, 0, 0, 4, 32, 1824, 1, 1, 0, 0, 0, 0, 0, 0, 0, 0, 0, 0]",114,128,58368.0,700416.0,2980890751,2980912135,2989598531,2989611554,0,2113,1057,1023220,2,11878,11967,32,32,32,1
156,2,"[4, 32, 1824, 1, 1, 0, 0, 0, 0, 0, 0, 0, 0, 0, 0, 0, 0, 0, 0, 0, 0, 0, 0, 0, 0, 0, 0, 0, 0, 0]",114,128,1167360.0,466944.0,2980939429,2980946070,2989612611,2989616898,0,1408,1408,1023219,1,6641,4287,32,32,32,1
203,2,"[32, 76, 1, 1, 1824, 1, 1, 1, 1, 0, 0, 1, 1, 1, 1, 1, 4, 0, 0, 0, 0, 0, 0, 0, 0, 0, 0, 0, 0, 0]",171,256,8871936.0,797696.0,2981015195,2981132926,2989618306,2990056989,3328,20160,13024,1023218,4,28668,431547,32,32,32,1
159,2,"[4, 32, 76, 1, 1, 0, 0, 0, 0, 0, 0, 0, 0, 0, 0, 0, 0, 0, 0, 0, 0, 0, 0, 0, 0, 0, 0, 0, 0, 0]",5,128,0.0,0.0,2981227804,2981234459,2990070013,2990074909,0,1248,1248,1023216,1,6655,4896,32,32,32,1
203,2,"[32, 1824, 1, 1, 76, 1, 1, 1, 1, 0, 0, 1, 1, 1, 1, 1, 4, 0, 0, 0, 0, 0, 0, 0, 0, 0, 0, 0, 0, 0]",228,256,0.0,0.0,2981305708,2981422137,2990076157,2990138428,2304,19552,12864,1023215,4,30743,55583,32,32,32,1
199,2,"[4, 32, 1824, 1, 1, 0, 0, 0, 0, 0, 0, 0, 0, 0, 0, 0, 0, 0, 0, 0, 0, 0, 0, 0, 0, 0, 0, 0, 0, 0]",114,128,0.0,0.0,2981530034,2981537393,2990151292,2990155100,0,6592,6592,1023214,1,7359,3808,32,32,32,1
159,2,"[4, 32, 1824, 1, 1, 0, 0, 0, 0, 0, 0, 0, 0, 0, 0, 0, 0, 0, 0, 0, 0, 0, 0, 0, 0, 0, 0, 0, 0, 0]",114,128,0.0,0.0,2981589077,2981595421,2990161692,2990167612,0,1280,1280,1023212,1,6344,5920,32,32,32,1
205,2,"[4, 32, 1824, 1, 1, 0, 0, 0, 0, 0, 0, 0, 0, 0, 0, 0, 0, 0, 0, 0, 0, 0, 0, 0, 0, 0, 0, 0, 0, 0]",1824,512,466944.0,1167360.0,2981659563,2981666594,2990168892,2990282618,272,10944,10944,1023211,1,7031,113726,32,32,32,1
203,2,"[32, 1824, 1, 1, 1824, 1, 1, 5, 5, 2, 2, 1, 1, 1, 1, 1824, 4, 0, 0, 0, 0, 0, 0, 0, 0, 0, 0, 0, 0, 0]",45600,1024,0.0,0.0,2981769118,2981789924,2990293562,2991722056,0,7904,6752,1023210,2,12168,1427342,32,32,32,1
159,2,"[4, 32, 1824, 1, 1, 0, 0, 0, 0, 0, 0, 0, 0, 0, 0, 0, 0, 0, 0, 0, 0, 0, 0, 0, 0, 0, 0, 0, 0, 0]",114,128,0.0,0.0,2981842728,2981848900,2991728808,2991734312,0,1216,1216,1023208,1,6172,5504,32,32,32,1
205,2,"[4, 32, 1824, 1, 1, 0, 0, 0, 0, 0, 0, 0, 0, 0, 0, 0, 0, 0, 0, 0, 0, 0, 0, 0, 0, 0, 0, 0, 0, 0]",1824,512,466944.0,1167360.0,2981907969,2981914844,2991735528,2991849895,272,10432,10432,1023207,1,6875,114367,32,32,32,1
203,2,"[32, 304, 1, 1, 1824, 1, 1, 1, 1, 0, 0, 1, 1, 1, 1, 1, 4, 0, 0, 0, 0, 0, 0, 0, 0, 0, 0, 0, 0, 0]",171,256,35487744.0,2490368.0,2982048153,2982162158,2991860327,2992132227,9472,35103,27168,1023206,5,32399,263965,32,32,32,1
234,2,"[4, 32, 304, 1, 1, 0, 0, 0, 0, 0, 0, 0, 0, 0, 0, 4, 32, 1, 1, 1, 0, 0, 0, 0, 0, 0, 0, 0, 0, 0]",38,128,9728.0,116736.0,2982276951,2982284306,2992159395,2992164387,0,1056,1056,1023204,1,7355,4992,32,32,32,1
205,2,"[4, 32, 304, 1, 1, 0, 0, 0, 0, 0, 0, 0, 0, 0, 0, 0, 0, 0, 0, 0, 0, 0, 0, 0, 0, 0, 0, 0, 0, 0]",304,512,77824.0,194560.0,2982352317,2982359519,2992165443,2992188931,272,10847,10847,1023203,1,7202,23488,32,32,32,1
203,2,"[32, 1824, 1, 1, 304, 1, 1, 1, 1, 0, 0, 1, 1, 1, 1, 1, 4, 0, 0, 0, 0, 0, 0, 0, 0, 0, 0, 0, 0, 0]",570,256,0.0,0.0,2982493552,2982581807,2992199778,2992320065,2304,28000,21280,1023202,3,20507,113567,32,32,32,1
23,2,"[4, 32, 1824, 1, 1, 0, 0, 0, 0, 0, 0, 0, 0, 0, 0, 4, 32, 1824, 1, 1, 0, 0, 0, 0, 0, 0, 0, 0, 0, 0]",114,128,58368.0,700416.0,2982660781,2982682051,2992341345,2992354880,0,2336,1056,1023201,2,11813,12255,32,32,32,1
156,2,"[4, 32, 1824, 1, 1, 0, 0, 0, 0, 0, 0, 0, 0, 0, 0, 0, 0, 0, 0, 0, 0, 0, 0, 0, 0, 0, 0, 0, 0, 0]",114,128,1167360.0,466944.0,2982709305,2982716253,2992355936,2992360128,0,1120,1120,1023200,1,6948,4192,32,32,32,1
203,2,"[32, 76, 1, 1, 1824, 1, 1, 1, 1, 0, 0, 1, 1, 1, 1, 1, 4, 0, 0, 0, 0, 0, 0, 0, 0, 0, 0, 0, 0, 0]",171,256,8871936.0,797696.0,2982785087,2982904734,2992361248,2992676540,3328,20767,13984,1023199,4,28310,308509,32,32,32,1
159,2,"[4, 32, 76, 1, 1, 0, 0, 0, 0, 0, 0, 0, 0, 0, 0, 0, 0, 0, 0, 0, 0, 0, 0, 0, 0, 0, 0, 0, 0, 0]",5,128,0.0,0.0,2983001723,2983008280,2992690524,2992695516,0,1152,1152,1023197,1,6557,4992,32,32,32,1
203,2,"[32, 1824, 1, 1, 76, 1, 1, 1, 1, 0, 0, 1, 1, 1, 1, 1, 4, 0, 0, 0, 0, 0, 0, 0, 0, 0, 0, 0, 0, 0]",228,256,0.0,0.0,2983079148,2983197361,2992696668,2992758715,2304,20001,13472,1023196,4,30360,55518,32,32,32,1
199,2,"[4, 32, 1824, 1, 1, 0, 0, 0, 0, 0, 0, 0, 0, 0, 0, 0, 0, 0, 0, 0, 0, 0, 0, 0, 0, 0, 0, 0, 0, 0]",114,128,0.0,0.0,2983306393,2983314001,2992772187,2992775995,0,7200,7200,1023195,1,7608,3808,32,32,32,1
159,2,"[4, 32, 1824, 1, 1, 0, 0, 0, 0, 0, 0, 0, 0, 0, 0, 0, 0, 0, 0, 0, 0, 0, 0, 0, 0, 0, 0, 0, 0, 0]",114,128,0.0,0.0,2983364254,2983370709,2992783195,2992789115,0,1056,1056,1023193,1,6455,5920,32,32,32,1
205,2,"[4, 32, 1824, 1, 1, 0, 0, 0, 0, 0, 0, 0, 0, 0, 0, 0, 0, 0, 0, 0, 0, 0, 0, 0, 0, 0, 0, 0, 0, 0]",1824,512,466944.0,1167360.0,2983436206,2983443477,2992790171,2992903386,272,10879,10879,1023192,1,7271,113215,32,32,32,1
203,2,"[32, 1824, 1, 1, 1824, 1, 1, 5, 5, 2, 2, 1, 1, 1, 1, 1824, 4, 0, 0, 0, 0, 0, 0, 0, 0, 0, 0, 0, 0, 0]",45600,1024,0.0,0.0,2983546299,2983567731,2992914265,2994342568,0,8064,6848,1023191,2,14029,1427087,32,32,32,1
159,2,"[4, 32, 1824, 1, 1, 0, 0, 0, 0, 0, 0, 0, 0, 0, 0, 0, 0, 0, 0, 0, 0, 0, 0, 0, 0, 0, 0, 0, 0, 0]",114,128,0.0,0.0,2983621684,2983634593,2994349416,2994355271,0,1088,1088,1023189,1,12909,5855,32,32,32,1
205,2,"[4, 32, 1824, 1, 1, 0, 0, 0, 0, 0, 0, 0, 0, 0, 0, 0, 0, 0, 0, 0, 0, 0, 0, 0, 0, 0, 0, 0, 0, 0]",1824,512,466944.0,1167360.0,2983694994,2983701805,2994356359,2994470566,272,10720,10720,1023188,1,6811,114207,32,32,32,1
203,2,"[32, 304, 1, 1, 1824, 1, 1, 1, 1, 0, 0, 1, 1, 1, 1, 1, 4, 0, 0, 0, 0, 0, 0, 0, 0, 0, 0, 0, 0, 0]",171,256,35487744.0,2490368.0,2983837396,2983952632,2994481286,2994752322,9472,33984,26688,1023187,5,32389,263740,32,32,32,1
205,2,"[4, 32, 304, 1, 1, 0, 0, 0, 0, 0, 0, 0, 0, 0, 0, 0, 0, 0, 0, 0, 0, 0, 0, 0, 0, 0, 0, 0, 0, 0]",304,512,77824.0,194560.0,2984093061,2984100377,2994779010,2994802434,272,10976,10976,1023186,1,7316,23424,32,32,32,1
203,2,"[32, 1056, 1, 1, 304, 1, 1, 1, 1, 0, 0, 1, 1, 1, 1, 1, 4, 0, 0, 0, 0, 0, 0, 0, 0, 0, 0, 0, 0, 0]",330,256,0.0,0.0,2984233700,2984318973,2994813410,2994906209,2304,19104,13279,1023185,3,21640,86974,32,32,32,1
23,2,"[4, 32, 1056, 1, 1, 0, 0, 0, 0, 0, 0, 0, 0, 0, 0, 4, 32, 1056, 1, 1, 0, 0, 0, 0, 0, 0, 0, 0, 0, 0]",66,128,33792.0,405504.0,2984397054,2984418837,2994919488,2994929952,0,2400,1152,1023184,2,12148,9216,32,32,32,1
156,2,"[4, 32, 1056, 1, 1, 0, 0, 0, 0, 0, 0, 0, 0, 0, 0, 0, 0, 0, 0, 0, 0, 0, 0, 0, 0, 0, 0, 0, 0, 0]",66,128,675840.0,270336.0,2984446650,2984453830,2994931104,2994934944,0,1120,1120,1023183,1,7180,3840,32,32,32,1
203,2,"[32, 44, 1, 1, 1056, 1, 1, 1, 1, 0, 0, 1, 1, 1, 1, 1, 4, 0, 0, 0, 0, 0, 0, 0, 0, 0, 0, 0, 0, 0]",66,256,2973696.0,326656.0,2984523380,2984642281,2994936064,2995107486,3328,18624,11456,1023182,4,29035,164254,32,32,32,1
159,2,"[4, 32, 44, 1, 1, 0, 0, 0, 0, 0, 0, 0, 0, 0, 0, 0, 0, 0, 0, 0, 0, 0, 0, 0, 0, 0, 0, 0, 0, 0]",3,128,0.0,0.0,2984737475,2984743829,2995118942,2995124030,0,1088,1088,1023180,1,6354,5088,32,32,32,1
203,2,"[32, 1056, 1, 1, 44, 1, 1, 1, 1, 0, 0, 1, 1, 1, 1, 1, 4, 0, 0, 0, 0, 0, 0, 0, 0, 0, 0, 0, 0, 0]",132,256,0.0,0.0,2984813948,2984930898,2995125118,2995172765,2304,17920,11360,1023179,4,30058,41087,32,32,32,1
199,2,"[4, 32, 1056, 1, 1, 0, 0, 0, 0, 0, 0, 0, 0, 0, 0, 0, 0, 0, 0, 0, 0, 0, 0, 0, 0, 0, 0, 0, 0, 0]",66,128,0.0,0.0,2985038857,2985046159,2995184125,2995187805,0,6304,6304,1023178,1,7302,3680,32,32,32,1
159,2,"[4, 32, 1056, 1, 1, 0, 0, 0, 0, 0, 0, 0, 0, 0, 0, 0, 0, 0, 0, 0, 0, 0, 0, 0, 0, 0, 0, 0, 0, 0]",66,128,0.0,0.0,2985097933,2985104624,2995194109,2995199357,0,1088,1088,1023176,1,6691,5248,32,32,32,1
205,2,"[4, 32, 1056, 1, 1, 0, 0, 0, 0, 0, 0, 0, 0, 0, 0, 0, 0, 0, 0, 0, 0, 0, 0, 0, 0, 0, 0, 0, 0, 0]",1056,512,270336.0,675840.0,2985169247,2985176474,2995200445,2995269660,272,10496,10496,1023175,1,7227,69215,32,32,32,1
203,2,"[32, 1056, 2, 2, 1056, 1, 1, 5, 5, 2, 2, 2, 2, 1, 1, 1056, 4, 0, 0, 0, 0, 0, 0, 0, 0, 0, 0, 0, 0, 0]",26400,1024,0.0,0.0,2985280725,2985302647,2995280156,2996164113,0,8064,6816,1023174,2,12926,882709,32,32,32,1
159,2,"[4, 32, 1056, 2, 2, 0, 0, 0, 0, 0, 0, 0, 0, 0, 0, 0, 0, 0, 0, 0, 0, 0, 0, 0, 0, 0, 0, 0, 0, 0]",264,128,0.0,0.0,2985355442,2985361825,2996170929,2996177841,0,1248,1248,1023172,1,6383,6912,32,32,32,1
205,2,"[4, 32, 1056, 2, 2, 0, 0, 0, 0, 0, 0, 0, 0, 0, 0, 0, 0, 0, 0, 0, 0, 0, 0, 0, 0, 0, 0, 0, 0, 0]",1056,512,1081344.0,2703360.0,2985421488,2985428373,2996179089,2996250192,272,10528,10528,1023171,1,6885,71103,32,32,32,1
203,2,"[32, 176, 2, 2, 1056, 2, 2, 1, 1, 0, 0, 1, 1, 1, 1, 1, 4, 0, 0, 0, 0, 0, 0, 0, 0, 0, 0, 0, 0, 0]",198,256,0.0,0.0,2985562216,2985647823,2996260720,2996439565,2304,15263,9536,1023170,3,21329,173118,32,32,32,1
234,2,"[4, 32, 176, 2, 2, 0, 0, 0, 0, 0, 0, 0, 0, 0, 0, 4, 32, 1, 1, 1, 0, 0, 0, 0, 0, 0, 0, 0, 0, 0]",88,128,22528.0,270336.0,2985740267,2985747403,2996449101,2996453869,0,1216,1216,1023168,1,7136,4768,32,32,32,1
205,2,"[4, 32, 176, 2, 2, 0, 0, 0, 0, 0, 0, 0, 0, 0, 0, 0, 0, 0, 0, 0, 0, 0, 0, 0, 0, 0, 0, 0, 0, 0]",176,512,180224.0,450560.0,2985812817,2985820127,2996455085,2996472717,272,10720,10720,1023167,1,7310,17632,32,32,32,1
203,2,"[32, 1056, 2, 2, 176, 2, 2, 1, 1, 0, 0, 1, 1, 1, 1, 1, 4, 0, 0, 0, 0, 0, 0, 0, 0, 0, 0, 0, 0, 0]",108,256,47579136.0,1374208.0,2985970636,2986101282,2996483437,2996597355,32768,24896,9728,1023166,6,36449,98750,32,32,32,1
23,2,"[4, 32, 1056, 1, 1, 0, 0, 0, 0, 0, 0, 0, 0, 0, 0, 4, 32, 1056, 2, 2, 0, 0, 0, 0, 0, 0, 0, 0, 0, 0]",528,128,135168.0,1622016.0,2986186065,2986209007,2996607083,2996623819,0,19104,17856,1023165,2,13018,15488,32,32,32,1
156,2,"[4, 32, 1056, 1, 1, 0, 0, 0, 0, 0, 0, 0, 0, 0, 0, 0, 0, 0, 0, 0, 0, 0, 0, 0, 0, 0, 0, 0, 0, 0]",66,128,675840.0,270336.0,2986261652,2986268686,2996641675,2996645707,0,1120,1120,1023164,1,7034,4032,32,32,32,1
203,2,"[32, 44, 1, 1, 1056, 1, 1, 1, 1, 0, 0, 1, 1, 1, 1, 1, 4, 0, 0, 0, 0, 0, 0, 0, 0, 0, 0, 0, 0, 0]",66,256,2973696.0,326656.0,2986342101,2986461994,2996646827,2996818249,3328,19038,11551,1023163,4,30834,163935,32,32,32,1
159,2,"[4, 32, 44, 1, 1, 0, 0, 0, 0, 0, 0, 0, 0, 0, 0, 0, 0, 0, 0, 0, 0, 0, 0, 0, 0, 0, 0, 0, 0, 0]",3,128,0.0,0.0,2986559044,2986565624,2996829800,2996834504,0,1184,1184,1023161,1,6580,4704,32,32,32,1
203,2,"[32, 1056, 1, 1, 44, 1, 1, 1, 1, 0, 0, 1, 1, 1, 1, 1, 4, 0, 0, 0, 0, 0, 0, 0, 0, 0, 0, 0, 0, 0]",132,256,0.0,0.0,2986639161,2986755384,2996835688,2996883176,2304,17503,10975,1023160,4,29007,40960,32,32,32,1
199,2,"[4, 32, 1056, 2, 2, 0, 0, 0, 0, 0, 0, 0, 0, 0, 0, 0, 0, 0, 0, 0, 0, 0, 0, 0, 0, 0, 0, 0, 0, 0]",528,128,0.0,0.0,2986864078,2986872116,2996894151,2996900583,0,7744,7744,1023159,1,8038,6432,32,32,32,1
159,2,"[4, 32, 1056, 2, 2, 0, 0, 0, 0, 0, 0, 0, 0, 0, 0, 0, 0, 0, 0, 0, 0, 0, 0, 0, 0, 0, 0, 0, 0, 0]",264,128,0.0,0.0,2986924509,2986930953,2996908327,2996915559,0,1024,1024,1023157,1,6444,7232,32,32,32,1
205,2,"[4, 32, 1056, 2, 2, 0, 0, 0, 0, 0, 0, 0, 0, 0, 0, 0, 0, 0, 0, 0, 0, 0, 0, 0, 0, 0, 0, 0, 0, 0]",1056,512,1081344.0,2703360.0,2986994749,2987002182,2996916583,2996987398,272,10624,10624,1023156,1,7433,70815,32,32,32,1
203,2,"[32, 1056, 2, 2, 1056, 2, 2, 5, 5, 2, 2, 1, 1, 1, 1, 1056, 4, 0, 0, 0, 0, 0, 0, 0, 0, 0, 0, 0, 0, 0]",26400,1024,0.0,0.0,2987108551,2987128398,2996998022,2997927995,0,8160,6720,1023155,2,12501,928533,32,32,32,1
159,2,"[4, 32, 1056, 2, 2, 0, 0, 0, 0, 0, 0, 0, 0, 0, 0, 0, 0, 0, 0, 0, 0, 0, 0, 0, 0, 0, 0, 0, 0, 0]",264,128,0.0,0.0,2987181703,2987188026,2997934715,2997941755,0,1087,1087,1023153,1,6323,7040,32,32,32,1
205,2,"[4, 32, 1056, 2, 2, 0, 0, 0, 0, 0, 0, 0, 0, 0, 0, 0, 0, 0, 0, 0, 0, 0, 0, 0, 0, 0, 0, 0, 0, 0]",1056,512,1081344.0,2703360.0,2987245395,2987252168,2997942842,2998014042,272,10367,10367,1023152,1,6773,71200,32,32,32,1
203,2,"[32, 176, 2, 2, 1056, 2, 2, 1, 1, 0, 0, 1, 1, 1, 1, 1, 4, 0, 0, 0, 0, 0, 0, 0, 0, 0, 0, 0, 0, 0]",198,256,0.0,0.0,2987384871,2987470428,2998024409,2998205879,2304,20321,14880,1023151,3,21571,176029,32,32,32,1
234,2,"[4, 32, 176, 2, 2, 0, 0, 0, 0, 0, 0, 0, 0, 0, 0, 4, 32, 1, 1, 1, 0, 0, 0, 0, 0, 0, 0, 0, 0, 0]",88,128,22528.0,270336.0,2987582619,2987590034,2998220759,2998225559,0,1088,1088,1023149,1,7415,4800,32,32,32,1
205,2,"[4, 32, 176, 2, 2, 0, 0, 0, 0, 0, 0, 0, 0, 0, 0, 0, 0, 0, 0, 0, 0, 0, 0, 0, 0, 0, 0, 0, 0, 0]",176,512,180224.0,450560.0,2987659880,2987667477,2998226647,2998244695,272,10432,10432,1023148,1,7597,18048,32,32,32,1
203,2,"[32, 1056, 2, 2, 176, 2, 2, 1, 1, 0, 0, 1, 1, 1, 1, 1, 4, 0, 0, 0, 0, 0, 0, 0, 0, 0, 0, 0, 0, 0]",108,256,47579136.0,1374208.0,2987821324,2987951067,2998255127,2998369333,32768,25375,9856,1023147,6,38632,98687,32,32,32,1
23,2,"[4, 32, 1056, 1, 1, 0, 0, 0, 0, 0, 0, 0, 0, 0, 0, 4, 32, 1056, 2, 2, 0, 0, 0, 0, 0, 0, 0, 0, 0, 0]",528,128,135168.0,1622016.0,2988036468,2988059408,2998379189,2998396213,0,18528,17248,1023146,2,12740,15744,32,32,32,1
156,2,"[4, 32, 1056, 1, 1, 0, 0, 0, 0, 0, 0, 0, 0, 0, 0, 0, 0, 0, 0, 0, 0, 0, 0, 0, 0, 0, 0, 0, 0, 0]",66,128,675840.0,270336.0,2988114400,2988121566,2998413461,2998417653,0,1055,1055,1023145,1,7166,4192,32,32,32,1
203,2,"[32, 44, 1, 1, 1056, 1, 1, 1, 1, 0, 0, 1, 1, 1, 1, 1, 4, 0, 0, 0, 0, 0, 0, 0, 0, 0, 0, 0, 0, 0]",66,256,2973696.0,326656.0,2988196102,2988314391,2998418708,2998589746,3328,19489,11872,1023144,4,28459,163421,32,32,32,1
159,2,"[4, 32, 44, 1, 1, 0, 0, 0, 0, 0, 0, 0, 0, 0, 0, 0, 0, 0, 0, 0, 0, 0, 0, 0, 0, 0, 0, 0, 0, 0]",3,128,0.0,0.0,2988415153,2988422035,2998601618,2998606578,0,1248,1248,1023142,1,6882,4960,32,32,32,1
203,2,"[32, 1056, 1, 1, 44, 1, 1, 1, 1, 0, 0, 1, 1, 1, 1, 1, 4, 0, 0, 0, 0, 0, 0, 0, 0, 0, 0, 0, 0, 0]",132,256,0.0,0.0,2988495549,2988610097,2998607826,2998655186,2304,17599,11295,1023141,4,27675,41056,32,32,32,1
199,2,"[4, 32, 1056, 2, 2, 0, 0, 0, 0, 0, 0, 0, 0, 0, 0, 0, 0, 0, 0, 0, 0, 0, 0, 0, 0, 0, 0, 0, 0, 0]",528,128,0.0,0.0,2988721754,2988729156,2998666481,2998673010,0,7647,7647,1023140,1,7402,6529,32,32,32,1
159,2,"[4, 32, 1056, 2, 2, 0, 0, 0, 0, 0, 0, 0, 0, 0, 0, 0, 0, 0, 0, 0, 0, 0, 0, 0, 0, 0, 0, 0, 0, 0]",264,128,0.0,0.0,2988777457,2988783864,2998680657,2998687921,0,1152,1152,1023138,1,6407,7264,32,32,32,1
205,2,"[4, 32, 1056, 2, 2, 0, 0, 0, 0, 0, 0, 0, 0, 0, 0, 0, 0, 0, 0, 0, 0, 0, 0, 0, 0, 0, 0, 0, 0, 0]",1056,512,1081344.0,2703360.0,2988848696,2988855968,2998689073,2998760144,272,10432,10432,1023137,1,7272,71071,32,32,32,1
203,2,"[32, 1056, 2, 2, 1056, 2, 2, 5, 5, 2, 2, 1, 1, 1, 1, 1056, 4, 0, 0, 0, 0, 0, 0, 0, 0, 0, 0, 0, 0, 0]",26400,1024,0.0,0.0,2988961426,2988982101,2998770576,2999700580,0,7393,6113,1023136,2,13060,928724,32,32,32,1
159,2,"[4, 32, 1056, 2, 2, 0, 0, 0, 0, 0, 0, 0, 0, 0, 0, 0, 0, 0, 0, 0, 0, 0, 0, 0, 0, 0, 0, 0, 0, 0]",264,128,0.0,0.0,2989033431,2989039756,2999706693,2999713796,0,1025,1025,1023134,1,6325,7103,32,32,32,1
205,2,"[4, 32, 1056, 2, 2, 0, 0, 0, 0, 0, 0, 0, 0, 0, 0, 0, 0, 0, 0, 0, 0, 0, 0, 0, 0, 0, 0, 0, 0, 0]",1056,512,1081344.0,2703360.0,2989098844,2989105668,2999714821,2999785667,272,10432,10432,1023133,1,6824,70846,32,32,32,1
203,2,"[32, 176, 2, 2, 1056, 2, 2, 1, 1, 0, 0, 1, 1, 1, 1, 1, 4, 0, 0, 0, 0, 0, 0, 0, 0, 0, 0, 0, 0, 0]",198,256,0.0,0.0,2989234140,2989319692,2999796099,2999975873,2304,19967,14400,1023132,3,21909,174207,32,32,32,1
234,2,"[4, 32, 176, 2, 2, 0, 0, 0, 0, 0, 0, 0, 0, 0, 0, 4, 32, 1, 1, 1, 0, 0, 0, 0, 0, 0, 0, 0, 0, 0]",88,128,22528.0,270336.0,2989433402,2989440421,2999990273,2999995041,0,1248,1248,1023130,1,7019,4768,32,32,32,1
205,2,"[4, 32, 176, 2, 2, 0, 0, 0, 0, 0, 0, 0, 0, 0, 0, 0, 0, 0, 0, 0, 0, 0, 0, 0, 0, 0, 0, 0, 0, 0]",176,512,180224.0,450560.0,2989503191,2989510342,2999996289,3000014753,272,10816,10816,1023129,1,7151,18464,32,32,32,1
203,2,"[32, 1056, 2, 2, 176, 2, 2, 1, 1, 0, 0, 1, 1, 1, 1, 1, 4, 0, 0, 0, 0, 0, 0, 0, 0, 0, 0, 0, 0, 0]",108,256,47579136.0,1374208.0,2989665982,2989793149,3000025569,3000140095,32768,25248,9792,1023128,6,35784,99070,32,32,32,1
23,2,"[4, 32, 1056, 1, 1, 0, 0, 0, 0, 0, 0, 0, 0, 0, 0, 4, 32, 1056, 2, 2, 0, 0, 0, 0, 0, 0, 0, 0, 0, 0]",528,128,135168.0,1622016.0,2989876789,2989902116,3000149887,3000166303,0,18912,17696,1023127,2,12477,15200,32,32,32,1
156,2,"[4, 32, 1056, 1, 1, 0, 0, 0, 0, 0, 0, 0, 0, 0, 0, 0, 0, 0, 0, 0, 0, 0, 0, 0, 0, 0, 0, 0, 0, 0]",66,128,675840.0,270336.0,2989955247,2989962025,3000183999,3000187966,0,1280,1280,1023126,1,6778,3967,32,32,32,1
203,2,"[32, 44, 1, 1, 1056, 1, 1, 1, 1, 0, 0, 1, 1, 1, 1, 1, 4, 0, 0, 0, 0, 0, 0, 0, 0, 0, 0, 0, 0, 0]",66,256,2973696.0,326656.0,2990035212,2990155908,3000189246,3000362716,3328,19135,11456,1023125,4,28602,165791,32,32,32,1
159,2,"[4, 32, 44, 1, 1, 0, 0, 0, 0, 0, 0, 0, 0, 0, 0, 0, 0, 0, 0, 0, 0, 0, 0, 0, 0, 0, 0, 0, 0, 0]",3,128,0.0,0.0,2990251785,2990258317,3000374172,3000379068,0,1280,1280,1023123,1,6532,4896,32,32,32,1
203,2,"[32, 1056, 1, 1, 44, 1, 1, 1, 1, 0, 0, 1, 1, 1, 1, 1, 4, 0, 0, 0, 0, 0, 0, 0, 0, 0, 0, 0, 0, 0]",132,256,0.0,0.0,2990330542,2990445774,3000380348,3000428763,2304,18335,11232,1023122,4,27917,41312,32,32,32,1
199,2,"[4, 32, 1056, 2, 2, 0, 0, 0, 0, 0, 0, 0, 0, 0, 0, 0, 0, 0, 0, 0, 0, 0, 0, 0, 0, 0, 0, 0, 0, 0]",528,128,0.0,0.0,2990555637,2990562787,3000439995,3000446491,0,7200,7200,1023121,1,7150,6496,32,32,32,1
159,2,"[4, 32, 1056, 2, 2, 0, 0, 0, 0, 0, 0, 0, 0, 0, 0, 0, 0, 0, 0, 0, 0, 0, 0, 0, 0, 0, 0, 0, 0, 0]",264,128,0.0,0.0,2990611208,2990618007,3000453691,3000460859,0,1024,1024,1023119,1,6799,7168,32,32,32,1
205,2,"[4, 32, 1056, 2, 2, 0, 0, 0, 0, 0, 0, 0, 0, 0, 0, 0, 0, 0, 0, 0, 0, 0, 0, 0, 0, 0, 0, 0, 0, 0]",1056,512,1081344.0,2703360.0,2990682540,2990689930,3000461883,3000531930,272,10592,10592,1023118,1,7390,70047,32,32,32,1
203,2,"[32, 1056, 2, 2, 1056, 2, 2, 5, 5, 2, 2, 1, 1, 1, 1, 1056, 4, 0, 0, 0, 0, 0, 0, 0, 0, 0, 0, 0, 0, 0]",26400,1024,0.0,0.0,2990793953,2990813496,3000542522,3001472271,0,8031,6623,1023117,2,12506,928341,32,32,32,1
159,2,"[4, 32, 1056, 2, 2, 0, 0, 0, 0, 0, 0, 0, 0, 0, 0, 0, 0, 0, 0, 0, 0, 0, 0, 0, 0, 0, 0, 0, 0, 0]",264,128,0.0,0.0,2990865825,2990872174,3001478894,3001485870,0,1216,1216,1023115,1,6349,6976,32,32,32,1
205,2,"[4, 32, 1056, 2, 2, 0, 0, 0, 0, 0, 0, 0, 0, 0, 0, 0, 0, 0, 0, 0, 0, 0, 0, 0, 0, 0, 0, 0, 0, 0]",1056,512,1081344.0,2703360.0,2990930193,2990937149,3001487086,3001558029,272,10464,10464,1023114,1,6956,70943,32,32,32,1
203,2,"[32, 176, 2, 2, 1056, 2, 2, 1, 1, 0, 0, 1, 1, 1, 1, 1, 4, 0, 0, 0, 0, 0, 0, 0, 0, 0, 0, 0, 0, 0]",198,256,0.0,0.0,2991065189,2991151185,3001568493,3001748171,2304,20383,14880,1023113,3,23144,174175,32,32,32,1
234,2,"[4, 32, 176, 2, 2, 0, 0, 0, 0, 0, 0, 0, 0, 0, 0, 4, 32, 1, 1, 1, 0, 0, 0, 0, 0, 0, 0, 0, 0, 0]",88,128,22528.0,270336.0,2991262207,2991269058,3001763051,3001767819,0,1248,1248,1023111,1,6851,4768,32,32,32,1
205,2,"[4, 32, 176, 2, 2, 0, 0, 0, 0, 0, 0, 0, 0, 0, 0, 0, 0, 0, 0, 0, 0, 0, 0, 0, 0, 0, 0, 0, 0, 0]",176,512,180224.0,450560.0,2991333515,2991340705,3001769067,3001786698,272,10432,10432,1023110,1,7190,17631,32,32,32,1
203,2,"[32, 1056, 2, 2, 176, 2, 2, 1, 1, 0, 0, 1, 1, 1, 1, 1, 4, 0, 0, 0, 0, 0, 0, 0, 0, 0, 0, 0, 0, 0]",108,256,47579136.0,1374208.0,2991491309,2991620426,3001797130,3001910921,32768,25183,9824,1023109,6,36360,98432,32,32,32,1
23,2,"[4, 32, 1056, 1, 1, 0, 0, 0, 0, 0, 0, 0, 0, 0, 0, 4, 32, 1056, 2, 2, 0, 0, 0, 0, 0, 0, 0, 0, 0, 0]",528,128,135168.0,1622016.0,2991711653,2991734398,3001920745,3001936841,0,18432,17376,1023108,2,12731,15040,32,32,32,1
156,2,"[4, 32, 1056, 1, 1, 0, 0, 0, 0, 0, 0, 0, 0, 0, 0, 0, 0, 0, 0, 0, 0, 0, 0, 0, 0, 0, 0, 0, 0, 0]",66,128,675840.0,270336.0,2991788400,2991795142,3001954217,3001958088,0,1120,1120,1023107,1,6742,3871,32,32,32,1
203,2,"[32, 44, 1, 1, 1056, 1, 1, 1, 1, 0, 0, 1, 1, 1, 1, 1, 4, 0, 0, 0, 0, 0, 0, 0, 0, 0, 0, 0, 0, 0]",66,256,2973696.0,326656.0,2991867184,2991986774,3001959208,3002130694,3328,18559,11360,1023106,4,30435,164287,32,32,32,1
159,2,"[4, 32, 44, 1, 1, 0, 0, 0, 0, 0, 0, 0, 0, 0, 0, 0, 0, 0, 0, 0, 0, 0, 0, 0, 0, 0, 0, 0, 0, 0]",3,128,0.0,0.0,2992080651,2992087034,3002142054,3002147078,0,1184,1184,1023104,1,6383,5024,32,32,32,1
203,2,"[32, 1056, 1, 1, 44, 1, 1, 1, 1, 0, 0, 1, 1, 1, 1, 1, 4, 0, 0, 0, 0, 0, 0, 0, 0, 0, 0, 0, 0, 0]",132,256,0.0,0.0,2992160180,2992275363,3002148262,3002197222,2304,17951,11455,1023103,4,28588,42464,32,32,32,1
199,2,"[4, 32, 1056, 2, 2, 0, 0, 0, 0, 0, 0, 0, 0, 0, 0, 0, 0, 0, 0, 0, 0, 0, 0, 0, 0, 0, 0, 0, 0, 0]",528,128,0.0,0.0,2992383105,2992390555,3002208677,3002215109,0,7328,7328,1023102,1,7450,6432,32,32,32,1
159,2,"[4, 32, 1056, 2, 2, 0, 0, 0, 0, 0, 0, 0, 0, 0, 0, 0, 0, 0, 0, 0, 0, 0, 0, 0, 0, 0, 0, 0, 0, 0]",264,128,0.0,0.0,2992441553,2992448107,3002222437,3002229893,0,1120,1120,1023100,1,6554,7456,32,32,32,1
205,2,"[4, 32, 1056, 2, 2, 0, 0, 0, 0, 0, 0, 0, 0, 0, 0, 0, 0, 0, 0, 0, 0, 0, 0, 0, 0, 0, 0, 0, 0, 0]",1056,512,1081344.0,2703360.0,2992512912,2992520261,3002231013,3002301732,272,10880,10880,1023099,1,7349,70719,32,32,32,1
203,2,"[32, 1056, 2, 2, 1056, 2, 2, 5, 5, 2, 2, 1, 1, 1, 1, 1056, 4, 0, 0, 0, 0, 0, 0, 0, 0, 0, 0, 0, 0, 0]",26400,1024,0.0,0.0,2992624377,2992644252,3002312612,3003242680,0,7200,6112,1023098,2,12518,928980,32,32,32,1
159,2,"[4, 32, 1056, 2, 2, 0, 0, 0, 0, 0, 0, 0, 0, 0, 0, 0, 0, 0, 0, 0, 0, 0, 0, 0, 0, 0, 0, 0, 0, 0]",264,128,0.0,0.0,2992697966,2992704186,3003248792,3003255992,0,1024,1024,1023096,1,6220,7200,32,32,32,1
205,2,"[4, 32, 1056, 2, 2, 0, 0, 0, 0, 0, 0, 0, 0, 0, 0, 0, 0, 0, 0, 0, 0, 0, 0, 0, 0, 0, 0, 0, 0, 0]",1056,512,1081344.0,2703360.0,2992762159,2992769024,3003257016,3003328087,272,10496,10496,1023095,1,6865,71071,32,32,32,1
203,2,"[32, 176, 2, 2, 1056, 2, 2, 1, 1, 0, 0, 1, 1, 1, 1, 1, 4, 0, 0, 0, 0, 0, 0, 0, 0, 0, 0, 0, 0, 0]",198,256,0.0,0.0,2992899848,2992985245,3003338583,3003518197,2304,20192,14816,1023094,3,22172,174238,32,32,32,1
234,2,"[4, 32, 176, 2, 2, 0, 0, 0, 0, 0, 0, 0, 0, 0, 0, 4, 32, 1, 1, 1, 0, 0, 0, 0, 0, 0, 0, 0, 0, 0]",88,128,22528.0,270336.0,2993094908,2993104490,3003533013,3003537813,0,1280,1280,1023092,1,9582,4800,32,32,32,1
205,2,"[4, 32, 176, 2, 2, 0, 0, 0, 0, 0, 0, 0, 0, 0, 0, 0, 0, 0, 0, 0, 0, 0, 0, 0, 0, 0, 0, 0, 0, 0]",176,512,180224.0,450560.0,2993166108,2993173702,3003539093,3003556757,272,10527,10527,1023091,1,7594,17664,32,32,32,1
203,2,"[32, 1056, 2, 2, 176, 2, 2, 1, 1, 0, 0, 1, 1, 1, 1, 1, 4, 0, 0, 0, 0, 0, 0, 0, 0, 0, 0, 0, 0, 0]",108,256,47579136.0,1374208.0,2993324398,2993452188,3003567284,3003681043,32768,25120,9728,1023090,6,35846,98367,32,32,32,1
23,2,"[4, 32, 1056, 1, 1, 0, 0, 0, 0, 0, 0, 0, 0, 0, 0, 4, 32, 1056, 2, 2, 0, 0, 0, 0, 0, 0, 0, 0, 0, 0]",528,128,135168.0,1622016.0,2993536120,2993559062,3003690771,3003707570,0,19137,17824,1023089,2,12462,15486,32,32,32,1
156,2,"[4, 32, 1056, 1, 1, 0, 0, 0, 0, 0, 0, 0, 0, 0, 0, 0, 0, 0, 0, 0, 0, 0, 0, 0, 0, 0, 0, 0, 0, 0]",66,128,675840.0,270336.0,2993612623,2993621881,3003725394,3003729330,0,1248,1248,1023088,1,9258,3936,32,32,32,1
203,2,"[32, 44, 1, 1, 1056, 1, 1, 1, 1, 0, 0, 1, 1, 1, 1, 1, 4, 0, 0, 0, 0, 0, 0, 0, 0, 0, 0, 0, 0, 0]",66,256,2973696.0,326656.0,2993695334,2993811142,3003730578,3003902864,3328,18783,11456,1023087,4,28533,164959,32,32,32,1
159,2,"[4, 32, 44, 1, 1, 0, 0, 0, 0, 0, 0, 0, 0, 0, 0, 0, 0, 0, 0, 0, 0, 0, 0, 0, 0, 0, 0, 0, 0, 0]",3,128,0.0,0.0,2993912208,2993918842,3003914320,3003919504,0,1024,1024,1023085,1,6634,5184,32,32,32,1
203,2,"[32, 1056, 1, 1, 44, 1, 1, 1, 1, 0, 0, 1, 1, 1, 1, 1, 4, 0, 0, 0, 0, 0, 0, 0, 0, 0, 0, 0, 0, 0]",132,256,0.0,0.0,2993991158,2994103757,3003920528,3003968591,2304,17791,11168,1023084,4,27587,41440,32,32,32,1
199,2,"[4, 32, 1056, 2, 2, 0, 0, 0, 0, 0, 0, 0, 0, 0, 0, 0, 0, 0, 0, 0, 0, 0, 0, 0, 0, 0, 0, 0, 0, 0]",528,128,0.0,0.0,2994213546,2994221240,3003979759,3003986223,0,7360,7360,1023083,1,7694,6464,32,32,32,1
159,2,"[4, 32, 1056, 2, 2, 0, 0, 0, 0, 0, 0, 0, 0, 0, 0, 0, 0, 0, 0, 0, 0, 0, 0, 0, 0, 0, 0, 0, 0, 0]",264,128,0.0,0.0,2994270483,2994277071,3003993583,3004000783,0,1024,1024,1023081,1,6588,7200,32,32,32,1
205,2,"[4, 32, 1056, 2, 2, 0, 0, 0, 0, 0, 0, 0, 0, 0, 0, 0, 0, 0, 0, 0, 0, 0, 0, 0, 0, 0, 0, 0, 0, 0]",1056,512,1081344.0,2703360.0,2994340916,2994348465,3004001807,3004073134,272,10464,10464,1023080,1,7549,71327,32,32,32,1
203,2,"[32, 1056, 2, 2, 1056, 2, 2, 5, 5, 2, 2, 1, 1, 1, 1, 1056, 4, 0, 0, 0, 0, 0, 0, 0, 0, 0, 0, 0, 0, 0]",26400,1024,0.0,0.0,2994453059,2994472994,3004083598,3005013410,0,7296,6112,1023079,2,12599,928628,32,32,32,1
159,2,"[4, 32, 1056, 2, 2, 0, 0, 0, 0, 0, 0, 0, 0, 0, 0, 0, 0, 0, 0, 0, 0, 0, 0, 0, 0, 0, 0, 0, 0, 0]",264,128,0.0,0.0,2994525186,2994531364,3005019522,3005026594,0,1152,1152,1023077,1,6178,7072,32,32,32,1
205,2,"[4, 32, 1056, 2, 2, 0, 0, 0, 0, 0, 0, 0, 0, 0, 0, 0, 0, 0, 0, 0, 0, 0, 0, 0, 0, 0, 0, 0, 0, 0]",1056,512,1081344.0,2703360.0,2994590673,2994597698,3005027746,3005098657,272,10336,10336,1023076,1,7025,70911,32,32,32,1
203,2,"[32, 176, 2, 2, 1056, 2, 2, 1, 1, 0, 0, 1, 1, 1, 1, 1, 4, 0, 0, 0, 0, 0, 0, 0, 0, 0, 0, 0, 0, 0]",198,256,0.0,0.0,2994725364,2994810452,3005108993,3005287839,2304,20256,14752,1023075,3,21160,173342,32,32,32,1
234,2,"[4, 32, 176, 2, 2, 0, 0, 0, 0, 0, 0, 0, 0, 0, 0, 4, 32, 1, 1, 1, 0, 0, 0, 0, 0, 0, 0, 0, 0, 0]",88,128,22528.0,270336.0,2994923911,2994931054,3005302591,3005307422,0,1217,1217,1023073,1,7143,4831,32,32,32,1
205,2,"[4, 32, 176, 2, 2, 0, 0, 0, 0, 0, 0, 0, 0, 0, 0, 0, 0, 0, 0, 0, 0, 0, 0, 0, 0, 0, 0, 0, 0, 0]",176,512,180224.0,450560.0,2994993677,2995000981,3005308639,3005327262,272,10592,10592,1023072,1,7304,18623,32,32,32,1
203,2,"[32, 1056, 2, 2, 176, 2, 2, 1, 1, 0, 0, 1, 1, 1, 1, 1, 4, 0, 0, 0, 0, 0, 0, 0, 0, 0, 0, 0, 0, 0]",108,256,47579136.0,1374208.0,2995151082,2995279110,3005337854,3005452285,32768,25695,9984,1023071,6,36291,98720,32,32,32,1
23,2,"[4, 32, 1056, 1, 1, 0, 0, 0, 0, 0, 0, 0, 0, 0, 0, 4, 32, 1056, 2, 2, 0, 0, 0, 0, 0, 0, 0, 0, 0, 0]",528,128,135168.0,1622016.0,2995363379,2995387170,3005462269,3005478748,0,18720,17472,1023070,2,14185,15231,32,32,32,1
156,2,"[4, 32, 1056, 1, 1, 0, 0, 0, 0, 0, 0, 0, 0, 0, 0, 0, 0, 0, 0, 0, 0, 0, 0, 0, 0, 0, 0, 0, 0, 0]",66,128,675840.0,270336.0,2995441710,2995448851,3005496220,3005500060,0,1152,1152,1023069,1,7141,3840,32,32,32,1
203,2,"[32, 44, 1, 1, 1056, 1, 1, 1, 1, 0, 0, 1, 1, 1, 1, 1, 4, 0, 0, 0, 0, 0, 0, 0, 0, 0, 0, 0, 0, 0]",66,256,2973696.0,326656.0,2995522479,2995648350,3005501212,3005672762,3328,18400,11456,1023068,4,28201,164606,32,32,32,1
159,2,"[4, 32, 44, 1, 1, 0, 0, 0, 0, 0, 0, 0, 0, 0, 0, 0, 0, 0, 0, 0, 0, 0, 0, 0, 0, 0, 0, 0, 0, 0]",3,128,0.0,0.0,2995746921,2995753383,3005684218,3005689306,0,1184,1184,1023066,1,6462,5088,32,32,32,1
203,2,"[32, 1056, 1, 1, 44, 1, 1, 1, 1, 0, 0, 1, 1, 1, 1, 1, 4, 0, 0, 0, 0, 0, 0, 0, 0, 0, 0, 0, 0, 0]",132,256,0.0,0.0,2995825526,2995941672,3005690490,3005738777,2304,17857,11232,1023065,4,29965,41662,32,32,32,1
199,2,"[4, 32, 1056, 2, 2, 0, 0, 0, 0, 0, 0, 0, 0, 0, 0, 0, 0, 0, 0, 0, 0, 0, 0, 0, 0, 0, 0, 0, 0, 0]",528,128,0.0,0.0,2996050836,2996058373,3005750009,3005756473,0,7392,7392,1023064,1,7537,6464,32,32,32,1
159,2,"[4, 32, 1056, 2, 2, 0, 0, 0, 0, 0, 0, 0, 0, 0, 0, 0, 0, 0, 0, 0, 0, 0, 0, 0, 0, 0, 0, 0, 0, 0]",264,128,0.0,0.0,2996107831,2996114297,3005763865,3005771449,0,1184,1184,1023062,1,6466,7584,32,32,32,1
205,2,"[4, 32, 1056, 2, 2, 0, 0, 0, 0, 0, 0, 0, 0, 0, 0, 0, 0, 0, 0, 0, 0, 0, 0, 0, 0, 0, 0, 0, 0, 0]",1056,512,1081344.0,2703360.0,2996179404,2996186835,3005772633,3005843160,272,10400,10400,1023061,1,7431,70527,32,32,32,1
203,2,"[32, 1056, 2, 2, 1056, 2, 2, 5, 5, 2, 2, 1, 1, 1, 1, 1056, 4, 0, 0, 0, 0, 0, 0, 0, 0, 0, 0, 0, 0, 0]",26400,1024,0.0,0.0,2996290933,2996310727,3005853560,3006783660,0,7968,6720,1023060,2,12570,928852,32,32,32,1
159,2,"[4, 32, 1056, 2, 2, 0, 0, 0, 0, 0, 0, 0, 0, 0, 0, 0, 0, 0, 0, 0, 0, 0, 0, 0, 0, 0, 0, 0, 0, 0]",264,128,0.0,0.0,2996364830,2996370876,3006790380,3006797228,0,1280,1280,1023058,1,6046,6848,32,32,32,1
205,2,"[4, 32, 1056, 2, 2, 0, 0, 0, 0, 0, 0, 0, 0, 0, 0, 0, 0, 0, 0, 0, 0, 0, 0, 0, 0, 0, 0, 0, 0, 0]",1056,512,1081344.0,2703360.0,2996428822,2996435509,3006798508,3006868875,272,10432,10432,1023057,1,6687,70367,32,32,32,1
203,2,"[32, 176, 2, 2, 1056, 2, 2, 1, 1, 0, 0, 1, 1, 1, 1, 1, 4, 0, 0, 0, 0, 0, 0, 0, 0, 0, 0, 0, 0, 0]",198,256,0.0,0.0,2996564639,2996652446,3006879307,3007059529,2304,20255,14655,1023056,3,21676,174622,32,32,32,1
205,2,"[4, 32, 176, 2, 2, 0, 0, 0, 0, 0, 0, 0, 0, 0, 0, 0, 0, 0, 0, 0, 0, 0, 0, 0, 0, 0, 0, 0, 0, 0]",176,512,180224.0,450560.0,2996785963,2996793209,3007074184,3007092552,272,10944,10944,1023055,1,7246,18368,32,32,32,1
203,2,"[32, 768, 2, 2, 176, 2, 2, 1, 1, 0, 0, 1, 1, 1, 1, 1, 4, 0, 0, 0, 0, 0, 0, 0, 0, 0, 0, 0, 0, 0]",72,256,34603008.0,1024000.0,2996944546,2997068827,3007103496,3007210919,32768,23168,8192,1023054,6,36768,92447,32,32,32,1
23,2,"[4, 32, 768, 1, 1, 0, 0, 0, 0, 0, 0, 0, 0, 0, 0, 4, 32, 768, 2, 2, 0, 0, 0, 0, 0, 0, 0, 0, 0, 0]",384,128,98304.0,1179648.0,2997154831,2997177848,3007219111,3007234694,0,16671,15520,1023053,2,12929,14432,32,32,32,1
156,2,"[4, 32, 768, 1, 1, 0, 0, 0, 0, 0, 0, 0, 0, 0, 0, 0, 0, 0, 0, 0, 0, 0, 0, 0, 0, 0, 0, 0, 0, 0]",48,128,491520.0,196608.0,2997232235,2997239236,3007250214,3007254054,0,1152,1152,1023052,1,7001,3840,32,32,32,1
203,2,"[32, 32, 1, 1, 768, 1, 1, 1, 1, 0, 0, 1, 1, 1, 1, 1, 4, 0, 0, 0, 0, 0, 0, 0, 0, 0, 0, 0, 0, 0]",32,256,1572864.0,200704.0,2997311930,2997430875,3007255206,3007381380,3328,18368,11104,1023051,4,28335,118910,32,32,32,1
159,2,"[4, 32, 32, 1, 1, 0, 0, 0, 0, 0, 0, 0, 0, 0, 0, 0, 0, 0, 0, 0, 0, 0, 0, 0, 0, 0, 0, 0, 0, 0]",2,128,0.0,0.0,2997525896,2997532403,3007392484,3007397508,0,1185,1185,1023049,1,6507,5024,32,32,32,1
203,2,"[32, 768, 1, 1, 32, 1, 1, 1, 1, 0, 0, 1, 1, 1, 1, 1, 4, 0, 0, 0, 0, 0, 0, 0, 0, 0, 0, 0, 0, 0]",96,256,0.0,0.0,2997605255,2997720840,3007398693,3007444452,2304,17471,10848,1023048,4,27781,39136,32,32,32,1
199,2,"[4, 32, 768, 2, 2, 0, 0, 0, 0, 0, 0, 0, 0, 0, 0, 0, 0, 0, 0, 0, 0, 0, 0, 0, 0, 0, 0, 0, 0, 0]",384,128,0.0,0.0,2997830019,2997837237,3007455300,3007461348,0,7296,7296,1023047,1,7218,6048,32,32,32,1
159,2,"[4, 32, 768, 2, 2, 0, 0, 0, 0, 0, 0, 0, 0, 0, 0, 0, 0, 0, 0, 0, 0, 0, 0, 0, 0, 0, 0, 0, 0, 0]",192,128,0.0,0.0,2997886623,2997893197,3007468644,3007475715,0,1505,1505,1023045,1,6574,7071,32,32,32,1
205,2,"[4, 32, 768, 2, 2, 0, 0, 0, 0, 0, 0, 0, 0, 0, 0, 0, 0, 0, 0, 0, 0, 0, 0, 0, 0, 0, 0, 0, 0, 0]",768,512,786432.0,1966080.0,2997959399,2997966771,3007477220,3007529795,272,10560,10560,1023044,1,7372,52575,32,32,32,1
203,2,"[32, 768, 2, 2, 768, 2, 2, 5, 5, 2, 2, 1, 1, 1, 1, 768, 4, 0, 0, 0, 0, 0, 0, 0, 0, 0, 0, 0, 0, 0]",19200,1024,0.0,0.0,2998071584,2998091407,3007540355,3008220282,0,7711,6656,1023043,2,12578,678872,32,32,32,1
159,2,"[4, 32, 768, 2, 2, 0, 0, 0, 0, 0, 0, 0, 0, 0, 0, 0, 0, 0, 0, 0, 0, 0, 0, 0, 0, 0, 0, 0, 0, 0]",192,128,0.0,0.0,2998145707,2998151939,3008226938,3008233626,0,1088,1088,1023041,1,6232,6688,32,32,32,1
205,2,"[4, 32, 768, 2, 2, 0, 0, 0, 0, 0, 0, 0, 0, 0, 0, 0, 0, 0, 0, 0, 0, 0, 0, 0, 0, 0, 0, 0, 0, 0]",768,512,786432.0,1966080.0,2998211402,2998218261,3008234714,3008287321,272,10688,10688,1023040,1,6859,52607,32,32,32,1
203,2,"[32, 128, 2, 2, 768, 2, 2, 1, 1, 0, 0, 1, 1, 1, 1, 1, 4, 0, 0, 0, 0, 0, 0, 0, 0, 0, 0, 0, 0, 0]",128,256,25165824.0,851968.0,2998350616,2998437521,3008298009,3008574518,8320,12896,7424,1023039,3,22428,271037,32,32,32,1
234,2,"[4, 32, 128, 2, 2, 0, 0, 0, 0, 0, 0, 0, 0, 0, 0, 4, 32, 1, 1, 1, 0, 0, 0, 0, 0, 0, 0, 0, 0, 0]",64,128,16384.0,196608.0,2998526938,2998534055,3008581942,3008586677,0,1089,1089,1023037,1,7117,4735,32,32,32,1
205,2,"[4, 32, 128, 2, 2, 0, 0, 0, 0, 0, 0, 0, 0, 0, 0, 0, 0, 0, 0, 0, 0, 0, 0, 0, 0, 0, 0, 0, 0, 0]",128,512,131072.0,327680.0,2998597233,2998606635,3008587766,3008601334,272,10463,10463,1023036,1,9402,13568,32,32,32,1
203,2,"[32, 768, 2, 2, 128, 2, 2, 1, 1, 0, 0, 1, 1, 1, 1, 1, 4, 0, 0, 0, 0, 0, 0, 0, 0, 0, 0, 0, 0, 0]",96,256,25165824.0,851968.0,2998758570,2998850147,3008611797,3008692820,32768,14912,7744,1023035,4,26796,73855,32,32,32,1
23,2,"[4, 32, 768, 1, 1, 0, 0, 0, 0, 0, 0, 0, 0, 0, 0, 4, 32, 768, 2, 2, 0, 0, 0, 0, 0, 0, 0, 0, 0, 0]",384,128,98304.0,1179648.0,2998933031,2998955316,3008700564,3008715508,0,16608,15616,1023034,2,12359,13952,32,32,32,1
156,2,"[4, 32, 768, 1, 1, 0, 0, 0, 0, 0, 0, 0, 0, 0, 0, 0, 0, 0, 0, 0, 0, 0, 0, 0, 0, 0, 0, 0, 0, 0]",48,128,491520.0,196608.0,2999007961,2999014908,3008731124,3008734964,0,1184,1184,1023033,1,6947,3840,32,32,32,1
203,2,"[32, 32, 1, 1, 768, 1, 1, 1, 1, 0, 0, 1, 1, 1, 1, 1, 4, 0, 0, 0, 0, 0, 0, 0, 0, 0, 0, 0, 0, 0]",32,256,1572864.0,200704.0,2999086947,2999204014,3008736148,3008862898,3328,18143,10656,1023032,4,28261,119263,32,32,32,1
159,2,"[4, 32, 32, 1, 1, 0, 0, 0, 0, 0, 0, 0, 0, 0, 0, 0, 0, 0, 0, 0, 0, 0, 0, 0, 0, 0, 0, 0, 0, 0]",2,128,0.0,0.0,2999298593,2999305054,3008873554,3008878578,0,1248,1248,1023030,1,6461,5024,32,32,32,1
203,2,"[32, 768, 1, 1, 32, 1, 1, 1, 1, 0, 0, 1, 1, 1, 1, 1, 4, 0, 0, 0, 0, 0, 0, 0, 0, 0, 0, 0, 0, 0]",96,256,0.0,0.0,2999376414,2999491685,3008879826,3008925553,2304,17217,10656,1023029,4,27657,39166,32,32,32,1
199,2,"[4, 32, 768, 2, 2, 0, 0, 0, 0, 0, 0, 0, 0, 0, 0, 0, 0, 0, 0, 0, 0, 0, 0, 0, 0, 0, 0, 0, 0, 0]",384,128,0.0,0.0,2999602015,2999609401,3008936209,3008942321,0,7008,7008,1023028,1,7386,6112,32,32,32,1
159,2,"[4, 32, 768, 2, 2, 0, 0, 0, 0, 0, 0, 0, 0, 0, 0, 0, 0, 0, 0, 0, 0, 0, 0, 0, 0, 0, 0, 0, 0, 0]",192,128,0.0,0.0,2999666490,2999675137,3008949329,3008956049,0,1152,1152,1023026,1,8647,6720,32,32,32,1
205,2,"[4, 32, 768, 2, 2, 0, 0, 0, 0, 0, 0, 0, 0, 0, 0, 0, 0, 0, 0, 0, 0, 0, 0, 0, 0, 0, 0, 0, 0, 0]",768,512,786432.0,1966080.0,2999740024,2999747305,3008957201,3009009712,272,10624,10624,1023025,1,7281,52511,32,32,32,1
203,2,"[32, 768, 2, 2, 768, 2, 2, 3, 3, 1, 1, 1, 1, 1, 1, 768, 4, 0, 0, 0, 0, 0, 0, 0, 0, 0, 0, 0, 0, 0]",6912,1024,0.0,0.0,2999851547,2999872194,3009020336,3009314893,0,6751,5695,1023024,2,13562,293501,32,32,32,1
159,2,"[4, 32, 768, 2, 2, 0, 0, 0, 0, 0, 0, 0, 0, 0, 0, 0, 0, 0, 0, 0, 0, 0, 0, 0, 0, 0, 0, 0, 0, 0]",192,128,0.0,0.0,2999924232,2999930402,3009320588,3009326988,0,1184,1184,1023022,1,6170,6400,32,32,32,1
205,2,"[4, 32, 768, 2, 2, 0, 0, 0, 0, 0, 0, 0, 0, 0, 0, 0, 0, 0, 0, 0, 0, 0, 0, 0, 0, 0, 0, 0, 0, 0]",768,512,786432.0,1966080.0,2999989509,2999996324,3009328172,3009380428,272,10431,10431,1023021,1,6815,52256,32,32,32,1
203,2,"[32, 128, 2, 2, 768, 2, 2, 1, 1, 0, 0, 1, 1, 1, 1, 1, 4, 0, 0, 0, 0, 0, 0, 0, 0, 0, 0, 0, 0, 0]",128,256,25165824.0,851968.0,3000128830,3000213794,3009390859,3009666888,8320,17791,12480,1023020,3,21826,270718,32,32,32,1
234,2,"[4, 32, 128, 2, 2, 0, 0, 0, 0, 0, 0, 0, 0, 0, 0, 4, 32, 1, 1, 1, 0, 0, 0, 0, 0, 0, 0, 0, 0, 0]",64,128,16384.0,196608.0,3000324453,3000331317,3009679368,3009684136,0,1056,1056,1023018,1,6864,4768,32,32,32,1
205,2,"[4, 32, 128, 2, 2, 0, 0, 0, 0, 0, 0, 0, 0, 0, 0, 0, 0, 0, 0, 0, 0, 0, 0, 0, 0, 0, 0, 0, 0, 0]",128,512,131072.0,327680.0,3000397395,3000404665,3009685192,3009698728,272,10527,10527,1023017,1,7270,13536,32,32,32,1
203,2,"[32, 768, 2, 2, 128, 2, 2, 1, 1, 0, 0, 1, 1, 1, 1, 1, 4, 0, 0, 0, 0, 0, 0, 0, 0, 0, 0, 0, 0, 0]",96,256,25165824.0,851968.0,3000554367,3000647937,3009709255,3009789511,32768,14881,7775,1023016,4,26319,73150,32,32,32,1
23,2,"[4, 32, 768, 1, 1, 0, 0, 0, 0, 0, 0, 0, 0, 0, 0, 4, 32, 768, 2, 2, 0, 0, 0, 0, 0, 0, 0, 0, 0, 0]",384,128,98304.0,1179648.0,3000731858,3000754684,3009797286,3009812326,0,16863,15648,1023015,2,12604,13825,32,32,32,1
156,2,"[4, 32, 768, 1, 1, 0, 0, 0, 0, 0, 0, 0, 0, 0, 0, 0, 0, 0, 0, 0, 0, 0, 0, 0, 0, 0, 0, 0, 0, 0]",48,128,491520.0,196608.0,3000808963,3000815795,3009827974,3009832102,0,1056,1056,1023014,1,6832,4128,32,32,32,1
203,2,"[32, 32, 1, 1, 768, 1, 1, 1, 1, 0, 0, 1, 1, 1, 1, 1, 4, 0, 0, 0, 0, 0, 0, 0, 0, 0, 0, 0, 0, 0]",32,256,1572864.0,200704.0,3000887760,3001007284,3009833158,3009959844,3328,18175,10976,1023013,4,30685,119487,32,32,32,1
159,2,"[4, 32, 32, 1, 1, 0, 0, 0, 0, 0, 0, 0, 0, 0, 0, 0, 0, 0, 0, 0, 0, 0, 0, 0, 0, 0, 0, 0, 0, 0]",2,128,0.0,0.0,3001104432,3001111218,3009970820,3009976132,0,1216,1216,1023011,1,6786,5312,32,32,32,1
203,2,"[32, 768, 1, 1, 32, 1, 1, 1, 1, 0, 0, 1, 1, 1, 1, 1, 4, 0, 0, 0, 0, 0, 0, 0, 0, 0, 0, 0, 0, 0]",96,256,0.0,0.0,3001185017,3001299054,3009977348,3010023172,2304,17120,10752,1023010,4,28204,39456,32,32,32,1
199,2,"[4, 32, 768, 2, 2, 0, 0, 0, 0, 0, 0, 0, 0, 0, 0, 0, 0, 0, 0, 0, 0, 0, 0, 0, 0, 0, 0, 0, 0, 0]",384,128,0.0,0.0,3001406961,3001414358,3010033924,3010040100,0,7008,7008,1023009,1,7397,6176,32,32,32,1
159,2,"[4, 32, 768, 2, 2, 0, 0, 0, 0, 0, 0, 0, 0, 0, 0, 0, 0, 0, 0, 0, 0, 0, 0, 0, 0, 0, 0, 0, 0, 0]",192,128,0.0,0.0,3001465002,3001471452,3010047108,3010053731,0,1248,1248,1023007,1,6450,6623,32,32,32,1
205,2,"[4, 32, 768, 2, 2, 0, 0, 0, 0, 0, 0, 0, 0, 0, 0, 0, 0, 0, 0, 0, 0, 0, 0, 0, 0, 0, 0, 0, 0, 0]",768,512,786432.0,1966080.0,3001533989,3001541161,3010054979,3010107074,272,10496,10496,1023006,1,7172,52095,32,32,32,1
203,2,"[32, 768, 2, 2, 768, 2, 2, 3, 3, 1, 1, 1, 1, 1, 1, 768, 4, 0, 0, 0, 0, 0, 0, 0, 0, 0, 0, 0, 0, 0]",6912,1024,0.0,0.0,3001643905,3001663201,3010117570,3010411679,0,7232,6048,1023005,2,12324,292925,32,32,32,1
159,2,"[4, 32, 768, 2, 2, 0, 0, 0, 0, 0, 0, 0, 0, 0, 0, 0, 0, 0, 0, 0, 0, 0, 0, 0, 0, 0, 0, 0, 0, 0]",192,128,0.0,0.0,3001714911,3001721463,3010417727,3010424031,0,1055,1055,1023003,1,6552,6304,32,32,32,1
205,2,"[4, 32, 768, 2, 2, 0, 0, 0, 0, 0, 0, 0, 0, 0, 0, 0, 0, 0, 0, 0, 0, 0, 0, 0, 0, 0, 0, 0, 0, 0]",768,512,786432.0,1966080.0,3001778853,3001785765,3010425086,3010477694,272,10528,10528,1023002,1,6912,52608,32,32,32,1
203,2,"[32, 128, 2, 2, 768, 2, 2, 1, 1, 0, 0, 1, 1, 1, 1, 1, 4, 0, 0, 0, 0, 0, 0, 0, 0, 0, 0, 0, 0, 0]",128,256,25165824.0,851968.0,3001916061,3002001994,3010488222,3010764506,8320,18592,12768,1023001,3,22992,270460,32,32,32,1
234,2,"[4, 32, 128, 2, 2, 0, 0, 0, 0, 0, 0, 0, 0, 0, 0, 4, 32, 1, 1, 1, 0, 0, 0, 0, 0, 0, 0, 0, 0, 0]",64,128,16384.0,196608.0,3002109839,3002118957,3010777274,3010782042,0,1056,1056,1022999,1,9118,4768,32,32,32,1
205,2,"[4, 32, 128, 2, 2, 0, 0, 0, 0, 0, 0, 0, 0, 0, 0, 0, 0, 0, 0, 0, 0, 0, 0, 0, 0, 0, 0, 0, 0, 0]",128,512,131072.0,327680.0,3002181756,3002189079,3010783098,3010796730,272,10368,10368,1022998,1,7323,13632,32,32,32,1
203,2,"[32, 768, 2, 2, 128, 2, 2, 1, 1, 0, 0, 1, 1, 1, 1, 1, 4, 0, 0, 0, 0, 0, 0, 0, 0, 0, 0, 0, 0, 0]",96,256,25165824.0,851968.0,3002337651,3002430318,3010807098,3010887833,32768,14496,7520,1022997,4,25133,73759,32,32,32,1
23,2,"[4, 32, 768, 1, 1, 0, 0, 0, 0, 0, 0, 0, 0, 0, 0, 4, 32, 768, 2, 2, 0, 0, 0, 0, 0, 0, 0, 0, 0, 0]",384,128,98304.0,1179648.0,3002512684,3002535286,3010895353,3010910297,0,16703,15647,1022996,2,12800,13888,32,32,32,1
156,2,"[4, 32, 768, 1, 1, 0, 0, 0, 0, 0, 0, 0, 0, 0, 0, 0, 0, 0, 0, 0, 0, 0, 0, 0, 0, 0, 0, 0, 0, 0]",48,128,491520.0,196608.0,3002588633,3002595360,3010925944,3010929880,0,1056,1056,1022995,1,6727,3936,32,32,32,1
203,2,"[32, 32, 1, 1, 768, 1, 1, 1, 1, 0, 0, 1, 1, 1, 1, 1, 4, 0, 0, 0, 0, 0, 0, 0, 0, 0, 0, 0, 0, 0]",32,256,1572864.0,200704.0,3002667917,3002783432,3010930936,3011057047,3328,17503,10655,1022994,4,29120,119263,32,32,32,1
159,2,"[4, 32, 32, 1, 1, 0, 0, 0, 0, 0, 0, 0, 0, 0, 0, 0, 0, 0, 0, 0, 0, 0, 0, 0, 0, 0, 0, 0, 0, 0]",2,128,0.0,0.0,3002878259,3002886801,3011067702,3011072663,0,1248,1248,1022992,1,8542,4961,32,32,32,1
203,2,"[32, 768, 1, 1, 32, 1, 1, 1, 1, 0, 0, 1, 1, 1, 1, 1, 4, 0, 0, 0, 0, 0, 0, 0, 0, 0, 0, 0, 0, 0]",96,256,0.0,0.0,3002958465,3003093163,3011073911,3011119830,2304,17119,10656,1022991,4,28870,39456,32,32,32,1
199,2,"[4, 32, 768, 2, 2, 0, 0, 0, 0, 0, 0, 0, 0, 0, 0, 0, 0, 0, 0, 0, 0, 0, 0, 0, 0, 0, 0, 0, 0, 0]",384,128,0.0,0.0,3003212387,3003220823,3011130486,3011136694,0,6912,6912,1022990,1,8436,6208,32,32,32,1
159,2,"[4, 32, 768, 2, 2, 0, 0, 0, 0, 0, 0, 0, 0, 0, 0, 0, 0, 0, 0, 0, 0, 0, 0, 0, 0, 0, 0, 0, 0, 0]",192,128,0.0,0.0,3003275148,3003282132,3011143606,3011150230,0,1248,1248,1022988,1,6984,6624,32,32,32,1
205,2,"[4, 32, 768, 2, 2, 0, 0, 0, 0, 0, 0, 0, 0, 0, 0, 0, 0, 0, 0, 0, 0, 0, 0, 0, 0, 0, 0, 0, 0, 0]",768,512,786432.0,1966080.0,3003352174,3003359975,3011151478,3011204021,272,10751,10751,1022987,1,7801,52543,32,32,32,1
203,2,"[32, 768, 2, 2, 768, 2, 2, 3, 3, 1, 1, 1, 1, 1, 1, 768, 4, 0, 0, 0, 0, 0, 0, 0, 0, 0, 0, 0, 0, 0]",6912,1024,0.0,0.0,3003475736,3003498530,3011214772,3011508977,0,7360,6048,1022986,2,14592,292893,32,32,32,1
159,2,"[4, 32, 768, 2, 2, 0, 0, 0, 0, 0, 0, 0, 0, 0, 0, 0, 0, 0, 0, 0, 0, 0, 0, 0, 0, 0, 0, 0, 0, 0]",192,128,0.0,0.0,3003558200,3003565362,3011515025,3011521425,0,1120,1120,1022984,1,7162,6400,32,32,32,1
205,2,"[4, 32, 768, 2, 2, 0, 0, 0, 0, 0, 0, 0, 0, 0, 0, 0, 0, 0, 0, 0, 0, 0, 0, 0, 0, 0, 0, 0, 0, 0]",768,512,786432.0,1966080.0,3003639117,3003646625,3011522545,3011575280,272,10752,10752,1022983,1,7508,52735,32,32,32,1
203,2,"[32, 128, 2, 2, 768, 2, 2, 1, 1, 0, 0, 1, 1, 1, 1, 1, 4, 0, 0, 0, 0, 0, 0, 0, 0, 0, 0, 0, 0, 0]",128,256,25165824.0,851968.0,3003791259,3003882614,3011586032,3011861997,8320,18336,12832,1022982,3,23365,270461,32,32,32,1
234,2,"[4, 32, 128, 2, 2, 0, 0, 0, 0, 0, 0, 0, 0, 0, 0, 4, 32, 1, 1, 1, 0, 0, 0, 0, 0, 0, 0, 0, 0, 0]",64,128,16384.0,196608.0,3004005979,3004013528,3011874829,3011879564,0,1088,1088,1022980,1,7549,4735,32,32,32,1
205,2,"[4, 32, 128, 2, 2, 0, 0, 0, 0, 0, 0, 0, 0, 0, 0, 0, 0, 0, 0, 0, 0, 0, 0, 0, 0, 0, 0, 0, 0, 0]",128,512,131072.0,327680.0,3004082012,3004089648,3011880652,3011894124,272,10560,10560,1022979,1,7636,13472,32,32,32,1
203,2,"[32, 768, 2, 2, 128, 2, 2, 1, 1, 0, 0, 1, 1, 1, 1, 1, 4, 0, 0, 0, 0, 0, 0, 0, 0, 0, 0, 0, 0, 0]",96,256,25165824.0,851968.0,3004263957,3004356288,3011904684,3011985803,32768,14721,7456,1022978,4,25818,73854,32,32,32,1
23,2,"[4, 32, 768, 1, 1, 0, 0, 0, 0, 0, 0, 0, 0, 0, 0, 4, 32, 768, 2, 2, 0, 0, 0, 0, 0, 0, 0, 0, 0, 0]",384,128,98304.0,1179648.0,3004442963,3004466677,3011993259,3012008107,0,16479,15423,1022977,2,12443,13792,32,32,32,1
156,2,"[4, 32, 768, 1, 1, 0, 0, 0, 0, 0, 0, 0, 0, 0, 0, 0, 0, 0, 0, 0, 0, 0, 0, 0, 0, 0, 0, 0, 0, 0]",48,128,491520.0,196608.0,3004522757,3004529850,3012023530,3012027403,0,1088,1088,1022976,1,7093,3873,32,32,32,1
203,2,"[32, 32, 1, 1, 768, 1, 1, 1, 1, 0, 0, 1, 1, 1, 1, 1, 4, 0, 0, 0, 0, 0, 0, 0, 0, 0, 0, 0, 0, 0]",32,256,1572864.0,200704.0,3004603284,3004719658,3012028491,3012155625,3328,18015,10848,1022975,4,28275,119967,32,32,32,1
159,2,"[4, 32, 32, 1, 1, 0, 0, 0, 0, 0, 0, 0, 0, 0, 0, 0, 0, 0, 0, 0, 0, 0, 0, 0, 0, 0, 0, 0, 0, 0]",2,128,0.0,0.0,3004821916,3004828396,3012166473,3012171529,0,1120,1120,1022973,1,6480,5056,32,32,32,1
203,2,"[32, 768, 1, 1, 32, 1, 1, 1, 1, 0, 0, 1, 1, 1, 1, 1, 4, 0, 0, 0, 0, 0, 0, 0, 0, 0, 0, 0, 0, 0]",96,256,0.0,0.0,3004901672,3005016546,3012172649,3012218696,2304,17919,11360,1022972,4,28059,39488,32,32,32,1
199,2,"[4, 32, 768, 2, 2, 0, 0, 0, 0, 0, 0, 0, 0, 0, 0, 0, 0, 0, 0, 0, 0, 0, 0, 0, 0, 0, 0, 0, 0, 0]",384,128,0.0,0.0,3005133683,3005141154,3012230056,3012236168,0,7200,7200,1022971,1,7471,6112,32,32,32,1
159,2,"[4, 32, 768, 2, 2, 0, 0, 0, 0, 0, 0, 0, 0, 0, 0, 0, 0, 0, 0, 0, 0, 0, 0, 0, 0, 0, 0, 0, 0, 0]",192,128,0.0,0.0,3005193782,3005200327,3012243368,3012250440,0,1184,1184,1022969,1,6545,7072,32,32,32,1
205,2,"[4, 32, 768, 2, 2, 0, 0, 0, 0, 0, 0, 0, 0, 0, 0, 0, 0, 0, 0, 0, 0, 0, 0, 0, 0, 0, 0, 0, 0, 0]",768,512,786432.0,1966080.0,3005266102,3005273329,3012251624,3012303879,272,10432,10432,1022968,1,7227,52255,32,32,32,1
203,2,"[32, 768, 2, 2, 768, 2, 2, 3, 3, 1, 1, 1, 1, 1, 1, 768, 4, 0, 0, 0, 0, 0, 0, 0, 0, 0, 0, 0, 0, 0]",6912,1024,0.0,0.0,3005386655,3005407394,3012314311,3012608931,0,7072,5952,1022967,2,13046,293500,32,32,32,1
159,2,"[4, 32, 768, 2, 2, 0, 0, 0, 0, 0, 0, 0, 0, 0, 0, 0, 0, 0, 0, 0, 0, 0, 0, 0, 0, 0, 0, 0, 0, 0]",192,128,0.0,0.0,3005463921,3005470150,3012614883,3012622019,0,1056,1056,1022965,1,6229,7136,32,32,32,1
205,2,"[4, 32, 768, 2, 2, 0, 0, 0, 0, 0, 0, 0, 0, 0, 0, 0, 0, 0, 0, 0, 0, 0, 0, 0, 0, 0, 0, 0, 0, 0]",768,512,786432.0,1966080.0,3005533542,3005540518,3012623075,3012675298,272,10752,10752,1022964,1,6976,52223,32,32,32,1
203,2,"[32, 128, 2, 2, 768, 2, 2, 1, 1, 0, 0, 1, 1, 1, 1, 1, 4, 0, 0, 0, 0, 0, 0, 0, 0, 0, 0, 0, 0, 0]",128,256,25165824.0,851968.0,3005674179,3005761233,3012686050,3012962879,8320,17791,12352,1022963,3,21713,271390,32,32,32,1
234,2,"[4, 32, 128, 2, 2, 0, 0, 0, 0, 0, 0, 0, 0, 0, 0, 4, 32, 1, 1, 1, 0, 0, 0, 0, 0, 0, 0, 0, 0, 0]",64,128,16384.0,196608.0,3005877549,3005884695,3012975231,3012979935,0,1120,1120,1022961,1,7146,4704,32,32,32,1
205,2,"[4, 32, 128, 2, 2, 0, 0, 0, 0, 0, 0, 0, 0, 0, 0, 0, 0, 0, 0, 0, 0, 0, 0, 0, 0, 0, 0, 0, 0, 0]",128,512,131072.0,327680.0,3005950926,3005958002,3012981055,3012994623,272,10431,10431,1022960,1,7076,13568,32,32,32,1
203,2,"[32, 768, 2, 2, 128, 2, 2, 1, 1, 0, 0, 1, 1, 1, 1, 1, 4, 0, 0, 0, 0, 0, 0, 0, 0, 0, 0, 0, 0, 0]",96,256,25165824.0,851968.0,3006113759,3006205936,3013005054,3013084381,32768,14720,7680,1022959,4,25769,72287,32,32,32,1
23,2,"[4, 32, 768, 1, 1, 0, 0, 0, 0, 0, 0, 0, 0, 0, 0, 4, 32, 768, 2, 2, 0, 0, 0, 0, 0, 0, 0, 0, 0, 0]",384,128,98304.0,1179648.0,3006292142,3006315167,3013092061,3013107069,0,17024,15776,1022958,2,12270,13760,32,32,32,1
156,2,"[4, 32, 768, 1, 1, 0, 0, 0, 0, 0, 0, 0, 0, 0, 0, 0, 0, 0, 0, 0, 0, 0, 0, 0, 0, 0, 0, 0, 0, 0]",48,128,491520.0,196608.0,3006370375,3006377210,3013122845,3013126749,0,1024,1024,1022957,1,6835,3904,32,32,32,1
203,2,"[32, 32, 1, 1, 768, 1, 1, 1, 1, 0, 0, 1, 1, 1, 1, 1, 4, 0, 0, 0, 0, 0, 0, 0, 0, 0, 0, 0, 0, 0]",32,256,1572864.0,200704.0,3006449301,3006569155,3013127773,3013254843,3328,17855,10848,1022956,4,31272,120063,32,32,32,1
159,2,"[4, 32, 32, 1, 1, 0, 0, 0, 0, 0, 0, 0, 0, 0, 0, 0, 0, 0, 0, 0, 0, 0, 0, 0, 0, 0, 0, 0, 0, 0]",2,128,0.0,0.0,3006665582,3006672052,3013265691,3013270683,0,1216,1216,1022954,1,6470,4992,32,32,32,1
203,2,"[32, 768, 1, 1, 32, 1, 1, 1, 1, 0, 0, 1, 1, 1, 1, 1, 4, 0, 0, 0, 0, 0, 0, 0, 0, 0, 0, 0, 0, 0]",96,256,0.0,0.0,3006744888,3006861314,3013271899,3013317626,2304,17215,10656,1022953,4,27617,39168,32,32,32,1
199,2,"[4, 32, 768, 2, 2, 0, 0, 0, 0, 0, 0, 0, 0, 0, 0, 0, 0, 0, 0, 0, 0, 0, 0, 0, 0, 0, 0, 0, 0, 0]",384,128,0.0,0.0,3006970524,3006977592,3013328282,3013334490,0,6912,6912,1022952,1,7068,6208,32,32,32,1
159,2,"[4, 32, 768, 2, 2, 0, 0, 0, 0, 0, 0, 0, 0, 0, 0, 0, 0, 0, 0, 0, 0, 0, 0, 0, 0, 0, 0, 0, 0, 0]",192,128,0.0,0.0,3007027326,3007033895,3013341402,3013347994,0,1280,1280,1022950,1,6569,6592,32,32,32,1
205,2,"[4, 32, 768, 2, 2, 0, 0, 0, 0, 0, 0, 0, 0, 0, 0, 0, 0, 0, 0, 0, 0, 0, 0, 0, 0, 0, 0, 0, 0, 0]",768,512,786432.0,1966080.0,3007101379,3007108904,3013349274,3013401497,272,10368,10368,1022949,1,7525,52223,32,32,32,1
203,2,"[32, 768, 2, 2, 768, 2, 2, 3, 3, 1, 1, 1, 1, 1, 1, 768, 4, 0, 0, 0, 0, 0, 0, 0, 0, 0, 0, 0, 0, 0]",6912,1024,0.0,0.0,3007213161,3007233289,3013411865,3013705910,0,7456,6176,1022948,2,12919,292765,32,32,32,1
159,2,"[4, 32, 768, 2, 2, 0, 0, 0, 0, 0, 0, 0, 0, 0, 0, 0, 0, 0, 0, 0, 0, 0, 0, 0, 0, 0, 0, 0, 0, 0]",192,128,0.0,0.0,3007287327,3007333252,3013712086,3013718613,0,1088,1088,1022946,1,45925,6527,32,32,32,1
205,2,"[4, 32, 768, 2, 2, 0, 0, 0, 0, 0, 0, 0, 0, 0, 0, 0, 0, 0, 0, 0, 0, 0, 0, 0, 0, 0, 0, 0, 0, 0]",768,512,786432.0,1966080.0,3007403768,3007411885,3013719701,3013772181,272,10752,10752,1022945,1,8117,52480,32,32,32,1
203,2,"[32, 128, 2, 2, 768, 2, 2, 1, 1, 0, 0, 1, 1, 1, 1, 1, 4, 0, 0, 0, 0, 0, 0, 0, 0, 0, 0, 0, 0, 0]",128,256,25165824.0,851968.0,3007548239,3007643352,3013782933,3014059249,8320,17727,12384,1022944,3,21343,270973,32,32,32,1
234,2,"[4, 32, 128, 2, 2, 0, 0, 0, 0, 0, 0, 0, 0, 0, 0, 4, 32, 1, 1, 1, 0, 0, 0, 0, 0, 0, 0, 0, 0, 0]",64,128,16384.0,196608.0,3007757145,3007764210,3014071633,3014076369,0,1024,1024,1022942,1,7065,4736,32,32,32,1
205,2,"[4, 32, 128, 2, 2, 0, 0, 0, 0, 0, 0, 0, 0, 0, 0, 0, 0, 0, 0, 0, 0, 0, 0, 0, 0, 0, 0, 0, 0, 0]",128,512,131072.0,327680.0,3007827988,3007835476,3014077393,3014091377,272,10720,10720,1022941,1,7488,13984,32,32,32,1
203,2,"[32, 768, 2, 2, 128, 2, 2, 1, 1, 0, 0, 1, 1, 1, 1, 1, 4, 0, 0, 0, 0, 0, 0, 0, 0, 0, 0, 0, 0, 0]",96,256,25165824.0,851968.0,3007988651,3008080192,3014102097,3014182319,32768,14465,7521,1022940,4,26070,73278,32,32,32,1
23,2,"[4, 32, 768, 1, 1, 0, 0, 0, 0, 0, 0, 0, 0, 0, 0, 4, 32, 768, 2, 2, 0, 0, 0, 0, 0, 0, 0, 0, 0, 0]",384,128,98304.0,1179648.0,3008168046,3008190912,3014189840,3014204879,0,16544,15488,1022939,2,12519,13983,32,32,32,1
156,2,"[4, 32, 768, 1, 1, 0, 0, 0, 0, 0, 0, 0, 0, 0, 0, 0, 0, 0, 0, 0, 0, 0, 0, 0, 0, 0, 0, 0, 0, 0]",48,128,491520.0,196608.0,3008246422,3008253285,3014220367,3014224239,0,1056,1056,1022938,1,6863,3872,32,32,32,1
203,2,"[32, 32, 1, 1, 768, 1, 1, 1, 1, 0, 0, 1, 1, 1, 1, 1, 4, 0, 0, 0, 0, 0, 0, 0, 0, 0, 0, 0, 0, 0]",32,256,1572864.0,200704.0,3008325195,3008445179,3014225295,3014351117,3328,18080,11136,1022937,4,28785,118878,32,32,32,1
159,2,"[4, 32, 32, 1, 1, 0, 0, 0, 0, 0, 0, 0, 0, 0, 0, 0, 0, 0, 0, 0, 0, 0, 0, 0, 0, 0, 0, 0, 0, 0]",2,128,0.0,0.0,3008542707,3008549707,3014362253,3014367149,0,1248,1248,1022935,1,7000,4896,32,32,32,1
203,2,"[32, 768, 1, 1, 32, 1, 1, 1, 1, 0, 0, 1, 1, 1, 1, 1, 4, 0, 0, 0, 0, 0, 0, 0, 0, 0, 0, 0, 0, 0]",96,256,0.0,0.0,3008621518,3008740907,3014368397,3014414445,2304,17856,11360,1022934,4,27679,39552,32,32,32,1
199,2,"[4, 32, 768, 2, 2, 0, 0, 0, 0, 0, 0, 0, 0, 0, 0, 0, 0, 0, 0, 0, 0, 0, 0, 0, 0, 0, 0, 0, 0, 0]",384,128,0.0,0.0,3008867922,3008876073,3014425805,3014431916,0,7008,7008,1022933,1,8151,6111,32,32,32,1
159,2,"[4, 32, 768, 2, 2, 0, 0, 0, 0, 0, 0, 0, 0, 0, 0, 0, 0, 0, 0, 0, 0, 0, 0, 0, 0, 0, 0, 0, 0, 0]",192,128,0.0,0.0,3008933085,3008939929,3014438924,3014445964,0,1153,1153,1022931,1,6844,7040,32,32,32,1
205,2,"[4, 32, 768, 2, 2, 0, 0, 0, 0, 0, 0, 0, 0, 0, 0, 0, 0, 0, 0, 0, 0, 0, 0, 0, 0, 0, 0, 0, 0, 0]",768,512,786432.0,1966080.0,3009014420,3009021698,3014447117,3014499468,272,10815,10815,1022930,1,7278,52351,32,32,32,1
203,2,"[32, 768, 2, 2, 768, 2, 2, 3, 3, 1, 1, 1, 1, 1, 1, 768, 4, 0, 0, 0, 0, 0, 0, 0, 0, 0, 0, 0, 0, 0]",6912,1024,0.0,0.0,3009142559,3009163269,3014510283,3014804424,0,7040,5920,1022929,2,12814,293021,32,32,32,1
159,2,"[4, 32, 768, 2, 2, 0, 0, 0, 0, 0, 0, 0, 0, 0, 0, 0, 0, 0, 0, 0, 0, 0, 0, 0, 0, 0, 0, 0, 0, 0]",192,128,0.0,0.0,3009226771,3009233007,3014810344,3014816488,0,1120,1120,1022927,1,6236,6144,32,32,32,1
205,2,"[4, 32, 768, 2, 2, 0, 0, 0, 0, 0, 0, 0, 0, 0, 0, 0, 0, 0, 0, 0, 0, 0, 0, 0, 0, 0, 0, 0, 0, 0]",768,512,786432.0,1966080.0,3009300361,3009307220,3014817608,3014869607,272,10528,10528,1022926,1,6859,51999,32,32,32,1
203,2,"[32, 128, 2, 2, 768, 2, 2, 1, 1, 0, 0, 1, 1, 1, 1, 1, 4, 0, 0, 0, 0, 0, 0, 0, 0, 0, 0, 0, 0, 0]",128,256,25165824.0,851968.0,3009453982,3009543949,3014880135,3015156387,8320,18368,13152,1022925,3,23800,271036,32,32,32,1
205,2,"[4, 32, 128, 2, 2, 0, 0, 0, 0, 0, 0, 0, 0, 0, 0, 0, 0, 0, 0, 0, 0, 0, 0, 0, 0, 0, 0, 0, 0, 0]",128,512,131072.0,327680.0,3009687845,3009695602,3015169539,3015183171,272,10464,10464,1022924,1,7757,13632,32,32,32,1
203,2,"[32, 384, 2, 2, 128, 2, 2, 1, 1, 0, 0, 1, 1, 1, 1, 1, 4, 0, 0, 0, 0, 0, 0, 0, 0, 0, 0, 0, 0, 0]",192,256,0.0,0.0,3009832674,3009916765,3015193635,3015255778,2304,12160,6752,1022923,3,21321,56735,32,32,32,1
23,2,"[4, 32, 384, 1, 1, 0, 0, 0, 0, 0, 0, 0, 0, 0, 0, 4, 32, 384, 2, 2, 0, 0, 0, 0, 0, 0, 0, 0, 0, 0]",192,128,49152.0,589824.0,3009995199,3010020526,3015262530,3015274050,0,14560,13376,1022922,2,15174,10336,32,32,32,1
156,2,"[4, 32, 384, 1, 1, 0, 0, 0, 0, 0, 0, 0, 0, 0, 0, 0, 0, 0, 0, 0, 0, 0, 0, 0, 0, 0, 0, 0, 0, 0]",24,128,245760.0,98304.0,3010080115,3010087264,3015287426,3015290978,0,1280,1280,1022921,1,7149,3552,32,32,32,1
203,2,"[32, 16, 1, 1, 384, 1, 1, 1, 1, 0, 0, 1, 1, 1, 1, 1, 4, 0, 0, 0, 0, 0, 0, 0, 0, 0, 0, 0, 0, 0]",32,256,393216.0,75776.0,3010160638,3010283340,3015292258,3015372289,3328,18176,10880,1022920,4,30586,72735,32,32,32,1
159,2,"[4, 32, 16, 1, 1, 0, 0, 0, 0, 0, 0, 0, 0, 0, 0, 0, 0, 0, 0, 0, 0, 0, 0, 0, 0, 0, 0, 0, 0, 0]",1,128,0.0,0.0,3010378890,3010385637,3015383169,3015387904,0,1153,1153,1022918,1,6747,4735,32,32,32,1
203,2,"[32, 384, 1, 1, 16, 1, 1, 1, 1, 0, 0, 1, 1, 1, 1, 1, 4, 0, 0, 0, 0, 0, 0, 0, 0, 0, 0, 0, 0, 0]",48,256,0.0,0.0,3010457263,3010573383,3015389057,3015428704,2304,16706,10336,1022917,4,28043,33277,32,32,32,1
199,2,"[4, 32, 384, 2, 2, 0, 0, 0, 0, 0, 0, 0, 0, 0, 0, 0, 0, 0, 0, 0, 0, 0, 0, 0, 0, 0, 0, 0, 0, 0]",192,128,0.0,0.0,3010684282,3010691492,3015439040,3015443808,0,6432,6432,1022916,1,7210,4768,32,32,32,1
159,2,"[4, 32, 384, 2, 2, 0, 0, 0, 0, 0, 0, 0, 0, 0, 0, 0, 0, 0, 0, 0, 0, 0, 0, 0, 0, 0, 0, 0, 0, 0]",96,128,0.0,0.0,3010739360,3010745741,3015450240,3015455936,0,1408,1408,1022914,1,6381,5696,32,32,32,1
205,2,"[4, 32, 384, 2, 2, 0, 0, 0, 0, 0, 0, 0, 0, 0, 0, 0, 0, 0, 0, 0, 0, 0, 0, 0, 0, 0, 0, 0, 0, 0]",384,512,393216.0,983040.0,3010813107,3010820420,3015457344,3015485791,272,10816,10816,1022913,1,7313,28447,32,32,32,1
203,2,"[32, 384, 4, 4, 384, 2, 2, 3, 3, 1, 1, 2, 2, 1, 1, 384, 4, 0, 0, 0, 0, 0, 0, 0, 0, 0, 0, 0, 0, 0]",3456,1024,0.0,0.0,3010926859,3010948398,3015496607,3015668029,0,7201,6144,1022912,2,13264,170365,32,32,32,1
159,2,"[4, 32, 384, 4, 4, 0, 0, 0, 0, 0, 0, 0, 0, 0, 0, 0, 0, 0, 0, 0, 0, 0, 0, 0, 0, 0, 0, 0, 0, 0]",384,128,0.0,0.0,3011006725,3011013002,3015674173,3015683293,0,1120,1120,1022910,1,6277,9120,32,32,32,1
205,2,"[4, 32, 384, 4, 4, 0, 0, 0, 0, 0, 0, 0, 0, 0, 0, 0, 0, 0, 0, 0, 0, 0, 0, 0, 0, 0, 0, 0, 0, 0]",384,512,1572864.0,3932160.0,3011073658,3011080598,3015684413,3015714941,272,10623,10623,1022909,1,6940,30528,32,32,32,1
203,2,"[32, 64, 4, 4, 384, 4, 4, 1, 1, 0, 0, 1, 1, 1, 1, 1, 4, 0, 0, 0, 0, 0, 0, 0, 0, 0, 0, 0, 0, 0]",128,256,0.0,0.0,3011210618,3011299564,3015725564,3015851035,10496,13439,6560,1022908,3,22322,118592,32,32,32,1
234,2,"[4, 32, 64, 4, 4, 0, 0, 0, 0, 0, 0, 0, 0, 0, 0, 4, 32, 1, 1, 1, 0, 0, 0, 0, 0, 0, 0, 0, 0, 0]",128,128,32768.0,393216.0,3011390041,3011397005,3015857595,3015862459,0,1215,1215,1022906,1,6964,4864,32,32,32,1
205,2,"[4, 32, 64, 4, 4, 0, 0, 0, 0, 0, 0, 0, 0, 0, 0, 0, 0, 0, 0, 0, 0, 0, 0, 0, 0, 0, 0, 0, 0, 0]",64,512,262144.0,655360.0,3011460424,3011467405,3015863674,3015873115,272,10591,10591,1022905,1,6981,9441,32,32,32,1
203,2,"[32, 384, 4, 4, 64, 4, 4, 1, 1, 0, 0, 1, 1, 1, 1, 1, 4, 0, 0, 0, 0, 0, 0, 0, 0, 0, 0, 0, 0, 0]",192,256,25165824.0,1015808.0,3011629338,3011724215,3015883706,3015972633,32768,15104,6368,1022904,4,25064,80191,32,32,32,1
23,2,"[4, 32, 384, 1, 1, 0, 0, 0, 0, 0, 0, 0, 0, 0, 0, 4, 32, 384, 4, 4, 0, 0, 0, 0, 0, 0, 0, 0, 0, 0]",768,128,196608.0,2359296.0,3011808104,3011831186,3015979001,3015997337,0,22208,21088,1022903,2,12783,17216,32,32,32,1
156,2,"[4, 32, 384, 1, 1, 0, 0, 0, 0, 0, 0, 0, 0, 0, 0, 0, 0, 0, 0, 0, 0, 0, 0, 0, 0, 0, 0, 0, 0, 0]",24,128,245760.0,98304.0,3011887473,3011894301,3016018425,3016021945,0,1248,1248,1022902,1,6828,3520,32,32,32,1
203,2,"[32, 16, 1, 1, 384, 1, 1, 1, 1, 0, 0, 1, 1, 1, 1, 1, 4, 0, 0, 0, 0, 0, 0, 0, 0, 0, 0, 0, 0, 0]",32,256,393216.0,75776.0,3011967583,3012089601,3016023193,3016103159,3328,19007,10944,1022901,4,28662,71903,32,32,32,1
159,2,"[4, 32, 16, 1, 1, 0, 0, 0, 0, 0, 0, 0, 0, 0, 0, 0, 0, 0, 0, 0, 0, 0, 0, 0, 0, 0, 0, 0, 0, 0]",1,128,0.0,0.0,3012185399,3012192027,3016114103,3016118808,0,1183,1183,1022899,1,6628,4705,32,32,32,1
203,2,"[32, 384, 1, 1, 16, 1, 1, 1, 1, 0, 0, 1, 1, 1, 1, 1, 4, 0, 0, 0, 0, 0, 0, 0, 0, 0, 0, 0, 0, 0]",48,256,0.0,0.0,3012265312,3012381361,3016119991,3016160343,2304,17089,10592,1022898,4,28623,33855,32,32,32,1
199,2,"[4, 32, 384, 4, 4, 0, 0, 0, 0, 0, 0, 0, 0, 0, 0, 0, 0, 0, 0, 0, 0, 0, 0, 0, 0, 0, 0, 0, 0, 0]",768,128,0.0,0.0,3012491827,3012498885,3016170935,3016178519,0,8160,8160,1022897,1,7058,7584,32,32,32,1
159,2,"[4, 32, 384, 4, 4, 0, 0, 0, 0, 0, 0, 0, 0, 0, 0, 0, 0, 0, 0, 0, 0, 0, 0, 0, 0, 0, 0, 0, 0, 0]",384,128,0.0,0.0,3012550170,3012556744,3016186679,3016195286,0,1248,1248,1022895,1,6574,8607,32,32,32,1
205,2,"[4, 32, 384, 4, 4, 0, 0, 0, 0, 0, 0, 0, 0, 0, 0, 0, 0, 0, 0, 0, 0, 0, 0, 0, 0, 0, 0, 0, 0, 0]",384,512,1572864.0,3932160.0,3012624479,3012631742,3016196534,3016227542,272,11040,11040,1022894,1,7263,31008,32,32,32,1
203,2,"[32, 384, 4, 4, 384, 4, 4, 5, 5, 2, 2, 1, 1, 1, 1, 384, 4, 0, 0, 0, 0, 0, 0, 0, 0, 0, 0, 0, 0, 0]",9600,1024,0.0,0.0,3012735806,3012755876,3016238582,3016672144,0,7392,6176,1022893,2,12253,432346,32,32,32,1
159,2,"[4, 32, 384, 4, 4, 0, 0, 0, 0, 0, 0, 0, 0, 0, 0, 0, 0, 0, 0, 0, 0, 0, 0, 0, 0, 0, 0, 0, 0, 0]",384,128,0.0,0.0,3012811380,3012817402,3016678320,3016686448,0,1152,1152,1022891,1,6022,8128,32,32,32,1
205,2,"[4, 32, 384, 4, 4, 0, 0, 0, 0, 0, 0, 0, 0, 0, 0, 0, 0, 0, 0, 0, 0, 0, 0, 0, 0, 0, 0, 0, 0, 0]",384,512,1572864.0,3932160.0,3012877169,3012883950,3016687600,3016718032,272,10848,10848,1022890,1,6781,30432,32,32,32,1
203,2,"[32, 64, 4, 4, 384, 4, 4, 1, 1, 0, 0, 1, 1, 1, 1, 1, 4, 0, 0, 0, 0, 0, 0, 0, 0, 0, 0, 0, 0, 0]",128,256,0.0,0.0,3013015901,3013104242,3016728880,3016855854,10496,19200,12224,1022889,3,20978,119998,32,32,32,1
234,2,"[4, 32, 64, 4, 4, 0, 0, 0, 0, 0, 0, 0, 0, 0, 0, 4, 32, 1, 1, 1, 0, 0, 0, 0, 0, 0, 0, 0, 0, 0]",128,128,32768.0,393216.0,3013217201,3013224304,3016868078,3016872974,0,1152,1152,1022887,1,7103,4896,32,32,32,1
205,2,"[4, 32, 64, 4, 4, 0, 0, 0, 0, 0, 0, 0, 0, 0, 0, 0, 0, 0, 0, 0, 0, 0, 0, 0, 0, 0, 0, 0, 0, 0]",64,512,262144.0,655360.0,3013290911,3013298439,3016874126,3016882734,272,10496,10496,1022886,1,7528,8608,32,32,32,1
203,2,"[32, 384, 4, 4, 64, 4, 4, 1, 1, 0, 0, 1, 1, 1, 1, 1, 4, 0, 0, 0, 0, 0, 0, 0, 0, 0, 0, 0, 0, 0]",192,256,25165824.0,1015808.0,3013451745,3013547042,3016893230,3016982989,32768,15263,6623,1022885,4,26630,81119,32,32,32,1
23,2,"[4, 32, 384, 1, 1, 0, 0, 0, 0, 0, 0, 0, 0, 0, 0, 4, 32, 384, 4, 4, 0, 0, 0, 0, 0, 0, 0, 0, 0, 0]",768,128,196608.0,2359296.0,3013628673,3013651323,3016989612,3017008396,0,22240,21152,1022884,2,12215,17696,32,32,32,1
156,2,"[4, 32, 384, 1, 1, 0, 0, 0, 0, 0, 0, 0, 0, 0, 0, 0, 0, 0, 0, 0, 0, 0, 0, 0, 0, 0, 0, 0, 0, 0]",24,128,245760.0,98304.0,3013708116,3013715462,3017029548,3017033068,0,1184,1184,1022883,1,7346,3520,32,32,32,1
203,2,"[32, 16, 1, 1, 384, 1, 1, 1, 1, 0, 0, 1, 1, 1, 1, 1, 4, 0, 0, 0, 0, 0, 0, 0, 0, 0, 0, 0, 0, 0]",32,256,393216.0,75776.0,3013787632,3013908177,3017034252,3017113515,3328,17952,10720,1022882,4,30400,72031,32,32,32,1
159,2,"[4, 32, 16, 1, 1, 0, 0, 0, 0, 0, 0, 0, 0, 0, 0, 0, 0, 0, 0, 0, 0, 0, 0, 0, 0, 0, 0, 0, 0, 0]",1,128,0.0,0.0,3014005364,3014011912,3017124235,3017129259,0,1152,1152,1022880,1,6548,5024,32,32,32,1
203,2,"[32, 384, 1, 1, 16, 1, 1, 1, 1, 0, 0, 1, 1, 1, 1, 1, 4, 0, 0, 0, 0, 0, 0, 0, 0, 0, 0, 0, 0, 0]",48,256,0.0,0.0,3014088564,3014203377,3017130411,3017170634,2304,16769,10496,1022879,4,29065,33950,32,32,32,1
199,2,"[4, 32, 384, 4, 4, 0, 0, 0, 0, 0, 0, 0, 0, 0, 0, 0, 0, 0, 0, 0, 0, 0, 0, 0, 0, 0, 0, 0, 0, 0]",768,128,0.0,0.0,3014313970,3014321169,3017181130,3017188746,0,7904,7904,1022878,1,7199,7616,32,32,32,1
159,2,"[4, 32, 384, 4, 4, 0, 0, 0, 0, 0, 0, 0, 0, 0, 0, 0, 0, 0, 0, 0, 0, 0, 0, 0, 0, 0, 0, 0, 0, 0]",384,128,0.0,0.0,3014373707,3014380271,3017196650,3017205418,0,1152,1152,1022876,1,6564,8768,32,32,32,1
205,2,"[4, 32, 384, 4, 4, 0, 0, 0, 0, 0, 0, 0, 0, 0, 0, 0, 0, 0, 0, 0, 0, 0, 0, 0, 0, 0, 0, 0, 0, 0]",384,512,1572864.0,3932160.0,3014447187,3014454240,3017206570,3017237353,272,10881,10881,1022875,1,7053,30783,32,32,32,1
203,2,"[32, 384, 4, 4, 384, 4, 4, 5, 5, 2, 2, 1, 1, 1, 1, 384, 4, 0, 0, 0, 0, 0, 0, 0, 0, 0, 0, 0, 0, 0]",9600,1024,0.0,0.0,3014558558,3014580995,3017248234,3017681956,0,7135,5824,1022874,2,15198,432411,32,32,32,1
159,2,"[4, 32, 384, 4, 4, 0, 0, 0, 0, 0, 0, 0, 0, 0, 0, 0, 0, 0, 0, 0, 0, 0, 0, 0, 0, 0, 0, 0, 0, 0]",384,128,0.0,0.0,3014637244,3014643700,3017687780,3017696580,0,1119,1119,1022872,1,6456,8800,32,32,32,1
205,2,"[4, 32, 384, 4, 4, 0, 0, 0, 0, 0, 0, 0, 0, 0, 0, 0, 0, 0, 0, 0, 0, 0, 0, 0, 0, 0, 0, 0, 0, 0]",384,512,1572864.0,3932160.0,3014702232,3014708937,3017697699,3017727267,272,10816,10816,1022871,1,6705,29568,32,32,32,1
203,2,"[32, 64, 4, 4, 384, 4, 4, 1, 1, 0, 0, 1, 1, 1, 1, 1, 4, 0, 0, 0, 0, 0, 0, 0, 0, 0, 0, 0, 0, 0]",128,256,0.0,0.0,3014839738,3014927846,3017738083,3017865314,10496,18976,11904,1022870,3,20322,120159,32,32,32,1
234,2,"[4, 32, 64, 4, 4, 0, 0, 0, 0, 0, 0, 0, 0, 0, 0, 4, 32, 1, 1, 1, 0, 0, 0, 0, 0, 0, 0, 0, 0, 0]",128,128,32768.0,393216.0,3015037997,3015045181,3017877218,3017882177,0,1120,1120,1022868,1,7184,4959,32,32,32,1
205,2,"[4, 32, 64, 4, 4, 0, 0, 0, 0, 0, 0, 0, 0, 0, 0, 0, 0, 0, 0, 0, 0, 0, 0, 0, 0, 0, 0, 0, 0, 0]",64,512,262144.0,655360.0,3015111512,3015118752,3017883297,3017892449,272,11072,11072,1022867,1,7240,9152,32,32,32,1
203,2,"[32, 384, 4, 4, 64, 4, 4, 1, 1, 0, 0, 1, 1, 1, 1, 1, 4, 0, 0, 0, 0, 0, 0, 0, 0, 0, 0, 0, 0, 0]",192,256,25165824.0,1015808.0,3015269340,3015364919,3017903521,3017993280,32768,14592,6176,1022866,4,24731,81343,32,32,32,1
23,2,"[4, 32, 384, 1, 1, 0, 0, 0, 0, 0, 0, 0, 0, 0, 0, 4, 32, 384, 4, 4, 0, 0, 0, 0, 0, 0, 0, 0, 0, 0]",768,128,196608.0,2359296.0,3015447113,3015469971,3017999456,3018017664,0,22080,20832,1022865,2,12924,16960,32,32,32,1
156,2,"[4, 32, 384, 1, 1, 0, 0, 0, 0, 0, 0, 0, 0, 0, 0, 0, 0, 0, 0, 0, 0, 0, 0, 0, 0, 0, 0, 0, 0, 0]",24,128,245760.0,98304.0,3015525735,3015532804,3018038496,3018041951,0,1216,1216,1022864,1,7069,3455,32,32,32,1
203,2,"[32, 16, 1, 1, 384, 1, 1, 1, 1, 0, 0, 1, 1, 1, 1, 1, 4, 0, 0, 0, 0, 0, 0, 0, 0, 0, 0, 0, 0, 0]",32,256,393216.0,75776.0,3015606693,3015735510,3018043167,3018122783,3328,18175,11071,1022863,4,35173,72512,32,32,32,1
159,2,"[4, 32, 16, 1, 1, 0, 0, 0, 0, 0, 0, 0, 0, 0, 0, 0, 0, 0, 0, 0, 0, 0, 0, 0, 0, 0, 0, 0, 0, 0]",1,128,0.0,0.0,3015831729,3015838204,3018133854,3018138718,0,1216,1216,1022861,1,6475,4864,32,32,32,1
203,2,"[32, 384, 1, 1, 16, 1, 1, 1, 1, 0, 0, 1, 1, 1, 1, 1, 4, 0, 0, 0, 0, 0, 0, 0, 0, 0, 0, 0, 0, 0]",48,256,0.0,0.0,3015914488,3016028940,3018139934,3018179901,2304,16641,10273,1022860,4,28531,33599,32,32,32,1
199,2,"[4, 32, 384, 4, 4, 0, 0, 0, 0, 0, 0, 0, 0, 0, 0, 0, 0, 0, 0, 0, 0, 0, 0, 0, 0, 0, 0, 0, 0, 0]",768,128,0.0,0.0,3016143448,3016150860,3018190174,3018197758,0,7967,7967,1022859,1,7412,7584,32,32,32,1
159,2,"[4, 32, 384, 4, 4, 0, 0, 0, 0, 0, 0, 0, 0, 0, 0, 0, 0, 0, 0, 0, 0, 0, 0, 0, 0, 0, 0, 0, 0, 0]",384,128,0.0,0.0,3016200013,3016206345,3018205725,3018214333,0,1184,1184,1022857,1,6332,8608,32,32,32,1
205,2,"[4, 32, 384, 4, 4, 0, 0, 0, 0, 0, 0, 0, 0, 0, 0, 0, 0, 0, 0, 0, 0, 0, 0, 0, 0, 0, 0, 0, 0, 0]",384,512,1572864.0,3932160.0,3016270457,3016277459,3018215517,3018246589,272,10976,10976,1022856,1,7002,31072,32,32,32,1
203,2,"[32, 384, 4, 4, 384, 4, 4, 5, 5, 2, 2, 1, 1, 1, 1, 384, 4, 0, 0, 0, 0, 0, 0, 0, 0, 0, 0, 0, 0, 0]",9600,1024,0.0,0.0,3016384732,3016404841,3018257565,3018690935,0,7136,6048,1022855,2,12592,432282,32,32,32,1
159,2,"[4, 32, 384, 4, 4, 0, 0, 0, 0, 0, 0, 0, 0, 0, 0, 0, 0, 0, 0, 0, 0, 0, 0, 0, 0, 0, 0, 0, 0, 0]",384,128,0.0,0.0,3016458140,3016464203,3018696983,3018705207,0,1120,1120,1022853,1,6063,8224,32,32,32,1
205,2,"[4, 32, 384, 4, 4, 0, 0, 0, 0, 0, 0, 0, 0, 0, 0, 0, 0, 0, 0, 0, 0, 0, 0, 0, 0, 0, 0, 0, 0, 0]",384,512,1572864.0,3932160.0,3016526237,3016533096,3018706327,3018736791,272,11391,11391,1022852,1,6859,30464,32,32,32,1
203,2,"[32, 64, 4, 4, 384, 4, 4, 1, 1, 0, 0, 1, 1, 1, 1, 1, 4, 0, 0, 0, 0, 0, 0, 0, 0, 0, 0, 0, 0, 0]",128,256,0.0,0.0,3016663999,3016750891,3018748182,3018875189,10496,18529,11808,1022851,3,20477,120286,32,32,32,1
234,2,"[4, 32, 64, 4, 4, 0, 0, 0, 0, 0, 0, 0, 0, 0, 0, 4, 32, 1, 1, 1, 0, 0, 0, 0, 0, 0, 0, 0, 0, 0]",128,128,32768.0,393216.0,3016865134,3016872653,3018886997,3018891893,0,1056,1056,1022849,1,7519,4896,32,32,32,1
205,2,"[4, 32, 64, 4, 4, 0, 0, 0, 0, 0, 0, 0, 0, 0, 0, 0, 0, 0, 0, 0, 0, 0, 0, 0, 0, 0, 0, 0, 0, 0]",64,512,262144.0,655360.0,3016936978,3016944107,3018892949,3018902069,272,10560,10560,1022848,1,7129,9120,32,32,32,1
203,2,"[32, 384, 4, 4, 64, 4, 4, 1, 1, 0, 0, 1, 1, 1, 1, 1, 4, 0, 0, 0, 0, 0, 0, 0, 0, 0, 0, 0, 0, 0]",192,256,25165824.0,1015808.0,3017097647,3017193351,3018912629,3019002068,32768,15007,6399,1022847,4,27050,80831,32,32,32,1
23,2,"[4, 32, 384, 1, 1, 0, 0, 0, 0, 0, 0, 0, 0, 0, 0, 4, 32, 384, 4, 4, 0, 0, 0, 0, 0, 0, 0, 0, 0, 0]",768,128,196608.0,2359296.0,3017275296,3017298074,3019008467,3019027155,0,22272,21184,1022846,2,12492,17600,32,32,32,1
156,2,"[4, 32, 384, 1, 1, 0, 0, 0, 0, 0, 0, 0, 0, 0, 0, 0, 0, 0, 0, 0, 0, 0, 0, 0, 0, 0, 0, 0, 0, 0]",24,128,245760.0,98304.0,3017355592,3017362415,3019048339,3019051859,0,1152,1152,1022845,1,6823,3520,32,32,32,1
203,2,"[32, 16, 1, 1, 384, 1, 1, 1, 1, 0, 0, 1, 1, 1, 1, 1, 4, 0, 0, 0, 0, 0, 0, 0, 0, 0, 0, 0, 0, 0]",32,256,393216.0,75776.0,3017435707,3017555793,3019053011,3019133586,3328,19264,11328,1022844,4,28590,72639,32,32,32,1
159,2,"[4, 32, 16, 1, 1, 0, 0, 0, 0, 0, 0, 0, 0, 0, 0, 0, 0, 0, 0, 0, 0, 0, 0, 0, 0, 0, 0, 0, 0, 0]",1,128,0.0,0.0,3017654426,3017661067,3019144914,3019149810,0,1056,1056,1022842,1,6641,4896,32,32,32,1
203,2,"[32, 384, 1, 1, 16, 1, 1, 1, 1, 0, 0, 1, 1, 1, 1, 1, 4, 0, 0, 0, 0, 0, 0, 0, 0, 0, 0, 0, 0, 0]",48,256,0.0,0.0,3017734508,3017847145,3019150866,3019191345,2304,17055,10336,1022841,4,27806,33760,32,32,32,1
199,2,"[4, 32, 384, 4, 4, 0, 0, 0, 0, 0, 0, 0, 0, 0, 0, 0, 0, 0, 0, 0, 0, 0, 0, 0, 0, 0, 0, 0, 0, 0]",768,128,0.0,0.0,3017962207,3017969775,3019201681,3019209361,0,8032,8032,1022840,1,7568,7680,32,32,32,1
159,2,"[4, 32, 384, 4, 4, 0, 0, 0, 0, 0, 0, 0, 0, 0, 0, 0, 0, 0, 0, 0, 0, 0, 0, 0, 0, 0, 0, 0, 0, 0]",384,128,0.0,0.0,3018019860,3018026378,3019217393,3019226257,0,1024,1024,1022838,1,6518,8864,32,32,32,1
205,2,"[4, 32, 384, 4, 4, 0, 0, 0, 0, 0, 0, 0, 0, 0, 0, 0, 0, 0, 0, 0, 0, 0, 0, 0, 0, 0, 0, 0, 0, 0]",384,512,1572864.0,3932160.0,3018091737,3018099124,3019227281,3019258704,272,10624,10624,1022837,1,7387,31423,32,32,32,1
203,2,"[32, 384, 4, 4, 384, 4, 4, 5, 5, 2, 2, 1, 1, 1, 1, 384, 4, 0, 0, 0, 0, 0, 0, 0, 0, 0, 0, 0, 0, 0]",9600,1024,0.0,0.0,3018205502,3018225504,3019269328,3019703051,0,7232,6016,1022836,2,12598,432507,32,32,32,1
159,2,"[4, 32, 384, 4, 4, 0, 0, 0, 0, 0, 0, 0, 0, 0, 0, 0, 0, 0, 0, 0, 0, 0, 0, 0, 0, 0, 0, 0, 0, 0]",384,128,0.0,0.0,3018281876,3018287946,3019709067,3019717899,0,1151,1151,1022834,1,6070,8832,32,32,32,1
205,2,"[4, 32, 384, 4, 4, 0, 0, 0, 0, 0, 0, 0, 0, 0, 0, 0, 0, 0, 0, 0, 0, 0, 0, 0, 0, 0, 0, 0, 0, 0]",384,512,1572864.0,3932160.0,3018350076,3018356848,3019719050,3019748650,272,11104,11104,1022833,1,6772,29600,32,32,32,1
203,2,"[32, 64, 4, 4, 384, 4, 4, 1, 1, 0, 0, 1, 1, 1, 1, 1, 4, 0, 0, 0, 0, 0, 0, 0, 0, 0, 0, 0, 0, 0]",128,256,0.0,0.0,3018486918,3018573062,3019759754,3019885289,10496,19007,12063,1022832,3,19856,118591,32,32,32,1
205,2,"[4, 32, 64, 4, 4, 0, 0, 0, 0, 0, 0, 0, 0, 0, 0, 0, 0, 0, 0, 0, 0, 0, 0, 0, 0, 0, 0, 0, 0, 0]",64,512,262144.0,655360.0,3018712175,3018719132,3019897352,3019906632,272,10624,10624,1022831,1,6957,9280,32,32,32,1
203,2,"[32, 240, 4, 4, 64, 4, 4, 1, 1, 0, 0, 1, 1, 1, 1, 1, 4, 0, 0, 0, 0, 0, 0, 0, 0, 0, 0, 0, 0, 0]",16,256,15728640.0,684032.0,3018873533,3019003461,3019917256,3020030119,32768,20224,5920,1022830,6,37438,98559,32,32,32,1
23,2,"[4, 32, 240, 1, 1, 0, 0, 0, 0, 0, 0, 0, 0, 0, 0, 4, 32, 240, 4, 4, 0, 0, 0, 0, 0, 0, 0, 0, 0, 0]",480,128,122880.0,1474560.0,3019087782,3019110218,3020036039,3020050887,0,17887,16639,1022829,2,12421,13600,32,32,32,1
156,2,"[4, 32, 240, 1, 1, 0, 0, 0, 0, 0, 0, 0, 0, 0, 0, 0, 0, 0, 0, 0, 0, 0, 0, 0, 0, 0, 0, 0, 0, 0]",15,128,153600.0,61440.0,3019167938,3019174672,3020067526,3020070982,0,1216,1216,1022828,1,6734,3456,32,32,32,1
203,2,"[32, 10, 1, 1, 240, 1, 1, 1, 1, 0, 0, 1, 1, 1, 1, 1, 4, 0, 0, 0, 0, 0, 0, 0, 0, 0, 0, 0, 0, 0]",32,256,153600.0,41600.0,3019247535,3019367286,3020072198,3020135301,3328,17823,10784,1022827,4,28533,56064,32,32,32,1
159,2,"[4, 32, 10, 1, 1, 0, 0, 0, 0, 0, 0, 0, 0, 0, 0, 0, 0, 0, 0, 0, 0, 0, 0, 0, 0, 0, 0, 0, 0, 0]",1,128,0.0,0.0,3019466287,3019472699,3020146085,3020150949,0,1184,1184,1022825,1,6412,4864,32,32,32,1
203,2,"[32, 240, 1, 1, 10, 1, 1, 1, 1, 0, 0, 1, 1, 1, 1, 1, 4, 0, 0, 0, 0, 0, 0, 0, 0, 0, 0, 0, 0, 0]",8,1024,153600.0,41600.0,3019539364,3019653130,3020152133,3020185572,2304,16065,10721,1022824,3,24096,28095,32,32,32,1
199,2,"[4, 32, 240, 4, 4, 0, 0, 0, 0, 0, 0, 0, 0, 0, 0, 0, 0, 0, 0, 0, 0, 0, 0, 0, 0, 0, 0, 0, 0, 0]",480,128,0.0,0.0,3019766277,3019773481,3020196293,3020202597,0,7008,7008,1022823,1,7204,6304,32,32,32,1
159,2,"[4, 32, 240, 4, 4, 0, 0, 0, 0, 0, 0, 0, 0, 0, 0, 0, 0, 0, 0, 0, 0, 0, 0, 0, 0, 0, 0, 0, 0, 0]",240,128,0.0,0.0,3019822723,3019829386,3020209605,3020216836,0,1280,1280,1022821,1,6663,7231,32,32,32,1
205,2,"[4, 32, 240, 4, 4, 0, 0, 0, 0, 0, 0, 0, 0, 0, 0, 0, 0, 0, 0, 0, 0, 0, 0, 0, 0, 0, 0, 0, 0, 0]",240,512,983040.0,2457600.0,3019894034,3019903517,3020218116,3020237828,272,10432,10432,1022820,1,9483,19712,32,32,32,1
203,2,"[32, 240, 8, 8, 240, 4, 4, 5, 5, 2, 2, 2, 2, 1, 1, 240, 4, 0, 0, 0, 0, 0, 0, 0, 0, 0, 0, 0, 0, 0]",6000,1024,0.0,0.0,3020007708,3020027860,3020248260,3020643167,0,7680,6496,1022819,2,12841,393723,32,32,32,1
159,2,"[4, 32, 240, 8, 8, 0, 0, 0, 0, 0, 0, 0, 0, 0, 0, 0, 0, 0, 0, 0, 0, 0, 0, 0, 0, 0, 0, 0, 0, 0]",960,128,0.0,0.0,3020081118,3020087414,3020649663,3020668606,0,1153,1153,1022817,1,6296,18943,32,32,32,1
205,2,"[4, 32, 240, 8, 8, 0, 0, 0, 0, 0, 0, 0, 0, 0, 0, 0, 0, 0, 0, 0, 0, 0, 0, 0, 0, 0, 0, 0, 0, 0]",240,512,3932160.0,9830400.0,3020149402,3020156512,3020669759,3020705150,272,11776,11776,1022816,1,7110,35391,32,32,32,1
203,2,"[32, 40, 8, 8, 240, 8, 8, 1, 1, 0, 0, 1, 1, 1, 1, 1, 4, 0, 0, 0, 0, 0, 0, 0, 0, 0, 0, 0, 0, 0]",320,256,0.0,0.0,3020287725,3020376441,3020716926,3020834236,10496,13505,5953,1022815,3,20485,109758,32,32,32,1
234,2,"[4, 32, 40, 8, 8, 0, 0, 0, 0, 0, 0, 0, 0, 0, 0, 4, 32, 1, 1, 1, 0, 0, 0, 0, 0, 0, 0, 0, 0, 0]",320,128,81920.0,983040.0,3020468398,3020475551,3020840189,3020845596,0,1248,1248,1022813,1,7153,5407,32,32,32,1
205,2,"[4, 32, 40, 8, 8, 0, 0, 0, 0, 0, 0, 0, 0, 0, 0, 0, 0, 0, 0, 0, 0, 0, 0, 0, 0, 0, 0, 0, 0, 0]",40,512,655360.0,1638400.0,3020538682,3020545699,3020846844,3020857692,272,10336,10336,1022812,1,7017,10848,32,32,32,1
203,2,"[32, 240, 8, 8, 40, 8, 8, 1, 1, 0, 0, 1, 1, 1, 1, 1, 4, 0, 0, 0, 0, 0, 0, 0, 0, 0, 0, 0, 0, 0]",64,256,39321600.0,2332160.0,3020698671,3020824985,3020868028,3021075866,32768,19648,6143,1022811,6,36391,194333,32,32,32,1
23,2,"[4, 32, 240, 1, 1, 0, 0, 0, 0, 0, 0, 0, 0, 0, 0, 4, 32, 240, 8, 8, 0, 0, 0, 0, 0, 0, 0, 0, 0, 0]",1920,128,491520.0,5898240.0,3020909198,3020933829,3021082009,3021125433,0,27007,25791,1022810,2,14974,42208,32,32,32,1
156,2,"[4, 32, 240, 1, 1, 0, 0, 0, 0, 0, 0, 0, 0, 0, 0, 0, 0, 0, 0, 0, 0, 0, 0, 0, 0, 0, 0, 0, 0, 0]",15,128,153600.0,61440.0,3020987649,3020994438,3021151224,3021155225,0,1215,1215,1022809,1,6789,4001,32,32,32,1
203,2,"[32, 10, 1, 1, 240, 1, 1, 1, 1, 0, 0, 1, 1, 1, 1, 1, 4, 0, 0, 0, 0, 0, 0, 0, 0, 0, 0, 0, 0, 0]",32,256,153600.0,41600.0,3021067710,3021189627,3021156440,3021219800,3328,82494,75519,1022808,4,28461,56385,32,32,32,1
159,2,"[4, 32, 10, 1, 1, 0, 0, 0, 0, 0, 0, 0, 0, 0, 0, 0, 0, 0, 0, 0, 0, 0, 0, 0, 0, 0, 0, 0, 0, 0]",1,128,0.0,0.0,3021287662,3021294261,3021295319,3021300247,0,67679,67679,1022806,1,6599,4928,32,32,32,1
203,2,"[32, 240, 1, 1, 10, 1, 1, 1, 1, 0, 0, 1, 1, 1, 1, 1, 4, 0, 0, 0, 0, 0, 0, 0, 0, 0, 0, 0, 0, 0]",8,1024,153600.0,41600.0,3021358798,3021468596,3021367926,3021478932,2304,190909,107999,1022805,3,23103,28096,32,32,32,1
199,2,"[4, 32, 240, 8, 8, 0, 0, 0, 0, 0, 0, 0, 0, 0, 0, 0, 0, 0, 0, 0, 0, 0, 0, 0, 0, 0, 0, 0, 0, 0]",1920,128,0.0,0.0,3021578450,3021585929,3021586931,3021598035,0,44320,44320,1022804,1,7479,11104,32,32,32,1
159,2,"[4, 32, 240, 8, 8, 0, 0, 0, 0, 0, 0, 0, 0, 0, 0, 0, 0, 0, 0, 0, 0, 0, 0, 0, 0, 0, 0, 0, 0, 0]",960,128,0.0,0.0,3021634873,3021641208,3021642355,3021661330,0,54368,54368,1022802,1,6335,18975,32,32,32,1
205,2,"[4, 32, 240, 8, 8, 0, 0, 0, 0, 0, 0, 0, 0, 0, 0, 0, 0, 0, 0, 0, 0, 0, 0, 0, 0, 0, 0, 0, 0, 0]",240,512,3932160.0,9830400.0,3021707330,3021714630,3021715698,3021749905,272,76287,76287,1022801,1,7300,34207,32,32,32,1
203,2,"[32, 240, 8, 8, 240, 8, 8, 3, 3, 1, 1, 1, 1, 1, 1, 240, 4, 0, 0, 0, 0, 0, 0, 0, 0, 0, 0, 0, 0, 0]",2160,1024,0.0,0.0,3021818269,3021837890,3021826192,3021991278,0,7680,6464,1022800,2,12810,163870,32,32,32,1
159,2,"[4, 32, 240, 8, 8, 0, 0, 0, 0, 0, 0, 0, 0, 0, 0, 0, 0, 0, 0, 0, 0, 0, 0, 0, 0, 0, 0, 0, 0, 0]",960,128,0.0,0.0,3021891408,3021897490,3021997742,3022016270,0,1312,1312,1022798,1,6082,18528,32,32,32,1
205,2,"[4, 32, 240, 8, 8, 0, 0, 0, 0, 0, 0, 0, 0, 0, 0, 0, 0, 0, 0, 0, 0, 0, 0, 0, 0, 0, 0, 0, 0, 0]",240,512,3932160.0,9830400.0,3021959705,3021966571,3022017582,3022052269,272,54592,54592,1022797,1,6866,34687,32,32,32,1
203,2,"[32, 40, 8, 8, 240, 8, 8, 1, 1, 0, 0, 1, 1, 1, 1, 1, 4, 0, 0, 0, 0, 0, 0, 0, 0, 0, 0, 0, 0, 0]",320,256,0.0,0.0,3022097691,3022186626,3022106861,3022240843,10496,90048,66047,1022796,3,20719,109981,32,32,32,1
234,2,"[4, 32, 40, 8, 8, 0, 0, 0, 0, 0, 0, 0, 0, 0, 0, 4, 32, 1, 1, 1, 0, 0, 0, 0, 0, 0, 0, 0, 0, 0]",320,128,81920.0,983040.0,3022298364,3022305824,3022306890,3022312298,0,67199,67199,1022794,1,7460,5408,32,32,32,1
205,2,"[4, 32, 40, 8, 8, 0, 0, 0, 0, 0, 0, 0, 0, 0, 0, 0, 0, 0, 0, 0, 0, 0, 0, 0, 0, 0, 0, 0, 0, 0]",40,512,655360.0,1638400.0,3022371006,3022378497,3022379497,3022389609,272,151262,151262,1022793,1,7491,10112,32,32,32,1
203,2,"[32, 240, 8, 8, 40, 8, 8, 1, 1, 0, 0, 1, 1, 1, 1, 1, 4, 0, 0, 0, 0, 0, 0, 0, 0, 0, 0, 0, 0, 0]",64,256,39321600.0,2332160.0,3022530771,3022658914,3022540871,3022811492,32768,83135,6016,1022792,6,37553,193502,32,32,32,1
23,2,"[4, 32, 240, 1, 1, 0, 0, 0, 0, 0, 0, 0, 0, 0, 0, 4, 32, 240, 8, 8, 0, 0, 0, 0, 0, 0, 0, 0, 0, 0]",1920,128,491520.0,5898240.0,3022747265,3022770107,3022817508,3022860835,0,26336,25216,1022791,2,12632,42207,32,32,32,1
156,2,"[4, 32, 240, 1, 1, 0, 0, 0, 0, 0, 0, 0, 0, 0, 0, 0, 0, 0, 0, 0, 0, 0, 0, 0, 0, 0, 0, 0, 0, 0]",15,128,153600.0,61440.0,3022823572,3022830545,3022886051,3022890051,0,24800,24800,1022790,1,6973,4000,32,32,32,1
203,2,"[32, 10, 1, 1, 240, 1, 1, 1, 1, 0, 0, 1, 1, 1, 1, 1, 4, 0, 0, 0, 0, 0, 0, 0, 0, 0, 0, 0, 0, 0]",32,256,153600.0,41600.0,3022905359,3023027544,3022914851,3023039329,3328,161983,93183,1022789,4,29948,55678,32,32,32,1
159,2,"[4, 32, 10, 1, 1, 0, 0, 0, 0, 0, 0, 0, 0, 0, 0, 0, 0, 0, 0, 0, 0, 0, 0, 0, 0, 0, 0, 0, 0, 0]",1,128,0.0,0.0,3023124682,3023131433,3023132512,3023137376,0,67679,67679,1022787,1,6751,4864,32,32,32,1
203,2,"[32, 240, 1, 1, 10, 1, 1, 1, 1, 0, 0, 1, 1, 1, 1, 1, 4, 0, 0, 0, 0, 0, 0, 0, 0, 0, 0, 0, 0, 0]",8,1024,153600.0,41600.0,3023195577,3023304570,3023205055,3023315262,2304,188349,106718,1022786,3,23431,28576,32,32,32,1
199,2,"[4, 32, 240, 8, 8, 0, 0, 0, 0, 0, 0, 0, 0, 0, 0, 0, 0, 0, 0, 0, 0, 0, 0, 0, 0, 0, 0, 0, 0, 0]",1920,128,0.0,0.0,3023413287,3023420916,3023421980,3023433084,0,44256,44256,1022785,1,7629,11104,32,32,32,1
159,2,"[4, 32, 240, 8, 8, 0, 0, 0, 0, 0, 0, 0, 0, 0, 0, 0, 0, 0, 0, 0, 0, 0, 0, 0, 0, 0, 0, 0, 0, 0]",960,128,0.0,0.0,3023469752,3023478473,3023477340,3023496763,0,54496,54496,1022783,1,8721,19423,32,32,32,1
205,2,"[4, 32, 240, 8, 8, 0, 0, 0, 0, 0, 0, 0, 0, 0, 0, 0, 0, 0, 0, 0, 0, 0, 0, 0, 0, 0, 0, 0, 0, 0]",240,512,3932160.0,9830400.0,3023542892,3023550119,3023551259,3023585498,272,85439,85439,1022782,1,7227,34239,32,32,32,1
203,2,"[32, 240, 8, 8, 240, 8, 8, 3, 3, 1, 1, 1, 1, 1, 1, 240, 4, 0, 0, 0, 0, 0, 0, 0, 0, 0, 0, 0, 0, 0]",2160,1024,0.0,0.0,3023662398,3023683222,3023670937,3023835255,0,7360,6304,1022781,2,13530,163262,32,32,32,1
159,2,"[4, 32, 240, 8, 8, 0, 0, 0, 0, 0, 0, 0, 0, 0, 0, 0, 0, 0, 0, 0, 0, 0, 0, 0, 0, 0, 0, 0, 0, 0]",960,128,0.0,0.0,3023738362,3023744643,3023841559,3023861271,0,1152,1152,1022779,1,6281,19712,32,32,32,1
205,2,"[4, 32, 240, 8, 8, 0, 0, 0, 0, 0, 0, 0, 0, 0, 0, 0, 0, 0, 0, 0, 0, 0, 0, 0, 0, 0, 0, 0, 0, 0]",240,512,3932160.0,9830400.0,3023804769,3023811716,3023862423,3023897942,272,55744,55744,1022778,1,6947,35519,32,32,32,1
203,2,"[32, 40, 8, 8, 240, 8, 8, 1, 1, 0, 0, 1, 1, 1, 1, 1, 4, 0, 0, 0, 0, 0, 0, 0, 0, 0, 0, 0, 0, 0]",320,256,0.0,0.0,3023944095,3024031640,3023953686,3024086772,10496,87646,63839,1022777,3,21508,109279,32,32,32,1
234,2,"[4, 32, 40, 8, 8, 0, 0, 0, 0, 0, 0, 0, 0, 0, 0, 4, 32, 1, 1, 1, 0, 0, 0, 0, 0, 0, 0, 0, 0, 0]",320,128,81920.0,983040.0,3024142569,3024149716,3024150611,3024156051,0,69311,69311,1022775,1,7147,5440,32,32,32,1
205,2,"[4, 32, 40, 8, 8, 0, 0, 0, 0, 0, 0, 0, 0, 0, 0, 0, 0, 0, 0, 0, 0, 0, 0, 0, 0, 0, 0, 0, 0, 0]",40,512,655360.0,1638400.0,3024216945,3024224165,3024225362,3024235922,272,151294,151294,1022774,1,7220,10560,32,32,32,1
203,2,"[32, 240, 8, 8, 40, 8, 8, 1, 1, 0, 0, 1, 1, 1, 1, 1, 4, 0, 0, 0, 0, 0, 0, 0, 0, 0, 0, 0, 0, 0]",64,256,39321600.0,2332160.0,3024377680,3024510431,3024387216,3024665581,32768,88351,6112,1022773,6,41115,196126,32,32,32,1
23,2,"[4, 32, 240, 1, 1, 0, 0, 0, 0, 0, 0, 0, 0, 0, 0, 4, 32, 240, 8, 8, 0, 0, 0, 0, 0, 0, 0, 0, 0, 0]",1920,128,491520.0,5898240.0,3024595334,3024618264,3024671693,3024715372,0,26464,25184,1022772,2,12694,42399,32,32,32,1
156,2,"[4, 32, 240, 1, 1, 0, 0, 0, 0, 0, 0, 0, 0, 0, 0, 0, 0, 0, 0, 0, 0, 0, 0, 0, 0, 0, 0, 0, 0, 0]",15,128,153600.0,61440.0,3024672674,3024679599,3024740556,3024744620,0,20640,20640,1022771,1,6925,4064,32,32,32,1
203,2,"[32, 10, 1, 1, 240, 1, 1, 1, 1, 0, 0, 1, 1, 1, 1, 1, 4, 0, 0, 0, 0, 0, 0, 0, 0, 0, 0, 0, 0, 0]",32,256,153600.0,41600.0,3024755936,3024875882,3024765260,3024888138,3328,158399,92159,1022770,4,29842,56638,32,32,32,1
159,2,"[4, 32, 10, 1, 1, 0, 0, 0, 0, 0, 0, 0, 0, 0, 0, 0, 0, 0, 0, 0, 0, 0, 0, 0, 0, 0, 0, 0, 0, 0]",1,128,0.0,0.0,3024972522,3024979280,3024980297,3024985129,0,69983,69983,1022768,1,6758,4832,32,32,32,1
203,2,"[32, 240, 1, 1, 10, 1, 1, 1, 1, 0, 0, 1, 1, 1, 1, 1, 4, 0, 0, 0, 0, 0, 0, 0, 0, 0, 0, 0, 0, 0]",8,1024,153600.0,41600.0,3025045854,3025153818,3025055112,3025164070,2304,187709,106847,1022767,3,23979,28096,32,32,32,1
199,2,"[4, 32, 240, 8, 8, 0, 0, 0, 0, 0, 0, 0, 0, 0, 0, 0, 0, 0, 0, 0, 0, 0, 0, 0, 0, 0, 0, 0, 0, 0]",1920,128,0.0,0.0,3025262266,3025269985,3025270917,3025282085,0,45887,45887,1022766,1,7719,11168,32,32,32,1
159,2,"[4, 32, 240, 8, 8, 0, 0, 0, 0, 0, 0, 0, 0, 0, 0, 0, 0, 0, 0, 0, 0, 0, 0, 0, 0, 0, 0, 0, 0, 0]",960,128,0.0,0.0,3025320572,3025327001,3025327972,3025346980,0,53087,53087,1022764,1,6429,19008,32,32,32,1
205,2,"[4, 32, 240, 8, 8, 0, 0, 0, 0, 0, 0, 0, 0, 0, 0, 0, 0, 0, 0, 0, 0, 0, 0, 0, 0, 0, 0, 0, 0, 0]",240,512,3932160.0,9830400.0,3025391772,3025398984,3025400067,3025434691,272,77119,77119,1022763,1,7212,34624,32,32,32,1
203,2,"[32, 240, 8, 8, 240, 8, 8, 3, 3, 1, 1, 1, 1, 1, 1, 240, 4, 0, 0, 0, 0, 0, 0, 0, 0, 0, 0, 0, 0, 0]",2160,1024,0.0,0.0,3025503253,3025523352,3025511810,3025677056,0,7520,6336,1022762,2,13065,164062,32,32,32,1
159,2,"[4, 32, 240, 8, 8, 0, 0, 0, 0, 0, 0, 0, 0, 0, 0, 0, 0, 0, 0, 0, 0, 0, 0, 0, 0, 0, 0, 0, 0, 0]",960,128,0.0,0.0,3025576093,3025582307,3025683392,3025702528,0,1216,1216,1022760,1,6214,19136,32,32,32,1
205,2,"[4, 32, 240, 8, 8, 0, 0, 0, 0, 0, 0, 0, 0, 0, 0, 0, 0, 0, 0, 0, 0, 0, 0, 0, 0, 0, 0, 0, 0, 0]",240,512,3932160.0,9830400.0,3025643480,3025650544,3025703744,3025738975,272,52640,52640,1022759,1,7064,35231,32,32,32,1
203,2,"[32, 40, 8, 8, 240, 8, 8, 1, 1, 0, 0, 1, 1, 1, 1, 1, 4, 0, 0, 0, 0, 0, 0, 0, 0, 0, 0, 0, 0, 0]",320,256,0.0,0.0,3025782244,3025868859,3025791615,3025923197,10496,88351,66687,1022758,3,21082,109918,32,32,32,1
234,2,"[4, 32, 40, 8, 8, 0, 0, 0, 0, 0, 0, 0, 0, 0, 0, 4, 32, 1, 1, 1, 0, 0, 0, 0, 0, 0, 0, 0, 0, 0]",320,128,81920.0,983040.0,3025981610,3025989107,3025989884,3025995292,0,66847,66847,1022756,1,7497,5408,32,32,32,1
205,2,"[4, 32, 40, 8, 8, 0, 0, 0, 0, 0, 0, 0, 0, 0, 0, 0, 0, 0, 0, 0, 0, 0, 0, 0, 0, 0, 0, 0, 0, 0]",40,512,655360.0,1638400.0,3026054057,3026061092,3026062139,3026072155,272,149150,149150,1022755,1,7035,10016,32,32,32,1
203,2,"[32, 240, 8, 8, 40, 8, 8, 1, 1, 0, 0, 1, 1, 1, 1, 1, 4, 0, 0, 0, 0, 0, 0, 0, 0, 0, 0, 0, 0, 0]",64,256,39321600.0,2332160.0,3026211666,3026344774,3026221305,3026495734,32768,88351,6048,1022754,6,40166,192126,32,32,32,1
23,2,"[4, 32, 240, 1, 1, 0, 0, 0, 0, 0, 0, 0, 0, 0, 0, 4, 32, 240, 8, 8, 0, 0, 0, 0, 0, 0, 0, 0, 0, 0]",1920,128,491520.0,5898240.0,3026429314,3026452337,3026501782,3026544757,0,25856,24576,1022753,2,12763,41695,32,32,32,1
156,2,"[4, 32, 240, 1, 1, 0, 0, 0, 0, 0, 0, 0, 0, 0, 0, 0, 0, 0, 0, 0, 0, 0, 0, 0, 0, 0, 0, 0, 0, 0]",15,128,153600.0,61440.0,3026507734,3026514825,3026569333,3026573333,0,24799,24799,1022752,1,7091,4000,32,32,32,1
203,2,"[32, 10, 1, 1, 240, 1, 1, 1, 1, 0, 0, 1, 1, 1, 1, 1, 4, 0, 0, 0, 0, 0, 0, 0, 0, 0, 0, 0, 0, 0]",32,256,153600.0,41600.0,3026588815,3026707920,3026598132,3026719411,3328,159582,93887,1022751,4,29334,55584,32,32,32,1
159,2,"[4, 32, 10, 1, 1, 0, 0, 0, 0, 0, 0, 0, 0, 0, 0, 0, 0, 0, 0, 0, 0, 0, 0, 0, 0, 0, 0, 0, 0, 0]",1,128,0.0,0.0,3026805659,3026812258,3026813298,3026818194,0,66911,66911,1022749,1,6599,4896,32,32,32,1
203,2,"[32, 240, 1, 1, 10, 1, 1, 1, 1, 0, 0, 1, 1, 1, 1, 1, 4, 0, 0, 0, 0, 0, 0, 0, 0, 0, 0, 0, 0, 0]",8,1024,153600.0,41600.0,3026875994,3026982302,3026885105,3026993136,2304,188829,109502,1022748,3,22786,28704,32,32,32,1
199,2,"[4, 32, 240, 8, 8, 0, 0, 0, 0, 0, 0, 0, 0, 0, 0, 0, 0, 0, 0, 0, 0, 0, 0, 0, 0, 0, 0, 0, 0, 0]",1920,128,0.0,0.0,3027094409,3027101724,3027102638,3027113742,0,44320,44320,1022747,1,7315,11104,32,32,32,1
159,2,"[4, 32, 240, 8, 8, 0, 0, 0, 0, 0, 0, 0, 0, 0, 0, 0, 0, 0, 0, 0, 0, 0, 0, 0, 0, 0, 0, 0, 0, 0]",960,128,0.0,0.0,3027150193,3027156997,3027158062,3027177389,0,52543,52543,1022745,1,6804,19327,32,32,32,1
205,2,"[4, 32, 240, 8, 8, 0, 0, 0, 0, 0, 0, 0, 0, 0, 0, 0, 0, 0, 0, 0, 0, 0, 0, 0, 0, 0, 0, 0, 0, 0]",240,512,3932160.0,9830400.0,3027221885,3027228838,3027229932,3027263596,272,78463,78463,1022744,1,6953,33664,32,32,32,1
203,2,"[32, 240, 8, 8, 240, 8, 8, 3, 3, 1, 1, 1, 1, 1, 1, 240, 4, 0, 0, 0, 0, 0, 0, 0, 0, 0, 0, 0, 0, 0]",2160,1024,0.0,0.0,3027334078,3027354505,3027342059,3027507657,0,7296,6240,1022743,2,13032,164542,32,32,32,1
159,2,"[4, 32, 240, 8, 8, 0, 0, 0, 0, 0, 0, 0, 0, 0, 0, 0, 0, 0, 0, 0, 0, 0, 0, 0, 0, 0, 0, 0, 0, 0]",960,128,0.0,0.0,3027406761,3027413011,3027513897,3027533065,0,1056,1056,1022741,1,6250,19168,32,32,32,1
205,2,"[4, 32, 240, 8, 8, 0, 0, 0, 0, 0, 0, 0, 0, 0, 0, 0, 0, 0, 0, 0, 0, 0, 0, 0, 0, 0, 0, 0, 0, 0]",240,512,3932160.0,9830400.0,3027473941,3027480708,3027534121,3027569033,272,52191,52191,1022740,1,6767,34912,32,32,32,1
203,2,"[32, 40, 8, 8, 240, 8, 8, 1, 1, 0, 0, 1, 1, 1, 1, 1, 4, 0, 0, 0, 0, 0, 0, 0, 0, 0, 0, 0, 0, 0]",320,256,0.0,0.0,3027611723,3027706700,3027621224,3027761926,10496,121247,90847,1022739,3,21381,110302,32,32,32,1
205,2,"[4, 32, 40, 8, 8, 0, 0, 0, 0, 0, 0, 0, 0, 0, 0, 0, 0, 0, 0, 0, 0, 0, 0, 0, 0, 0, 0, 0, 0, 0]",40,512,655360.0,1638400.0,3027844325,3027851620,3027852773,3027863140,272,147967,147967,1022738,1,7295,10367,32,32,32,1
203,2,"[32, 144, 8, 8, 40, 8, 8, 1, 1, 0, 0, 1, 1, 1, 1, 1, 4, 0, 0, 0, 0, 0, 0, 0, 0, 0, 0, 0, 0, 0]",320,256,23592960.0,1530368.0,3028001803,3028097846,3028011107,3028169601,32768,71616,17984,1022737,4,27924,104862,32,32,32,1
23,2,"[4, 32, 144, 1, 1, 0, 0, 0, 0, 0, 0, 0, 0, 0, 0, 4, 32, 144, 8, 8, 0, 0, 0, 0, 0, 0, 0, 0, 0, 0]",1152,128,294912.0,3538944.0,3028179420,3028201975,3028187585,3028215009,0,55263,50270,1022736,2,12807,22431,32,32,32,1
156,2,"[4, 32, 144, 1, 1, 0, 0, 0, 0, 0, 0, 0, 0, 0, 0, 0, 0, 0, 0, 0, 0, 0, 0, 0, 0, 0, 0, 0, 0, 0]",9,128,92160.0,36864.0,3028257182,3028264255,3028265279,3028268864,0,77407,77407,1022735,1,7073,3585,32,32,32,1
203,2,"[32, 6, 1, 1, 144, 1, 1, 1, 1, 0, 0, 1, 1, 1, 1, 1, 4, 0, 0, 0, 0, 0, 0, 0, 0, 0, 0, 0, 0, 0]",108,256,55296.0,22656.0,3028336764,3028437756,3028346271,3028448829,3328,157118,97439,1022734,4,30520,42879,32,32,32,1
159,2,"[4, 32, 6, 1, 1, 0, 0, 0, 0, 0, 0, 0, 0, 0, 0, 0, 0, 0, 0, 0, 0, 0, 0, 0, 0, 0, 0, 0, 0, 0]",1,128,0.0,0.0,3028538620,3028545277,3028546268,3028550812,0,67711,67711,1022732,1,6657,4544,32,32,32,1
203,2,"[32, 144, 1, 1, 6, 1, 1, 1, 1, 0, 0, 1, 1, 1, 1, 1, 4, 0, 0, 0, 0, 0, 0, 0, 0, 0, 0, 0, 0, 0]",108,1024,55296.0,22656.0,3028609296,3028694739,3028618523,3028705434,16,169310,106655,1022731,3,22611,24256,32,32,32,1
199,2,"[4, 32, 144, 8, 8, 0, 0, 0, 0, 0, 0, 0, 0, 0, 0, 0, 0, 0, 0, 0, 0, 0, 0, 0, 0, 0, 0, 0, 0, 0]",1152,128,0.0,0.0,3028803239,3028810698,3028812089,3028820377,0,46655,46655,1022730,1,7459,8288,32,32,32,1
159,2,"[4, 32, 144, 8, 8, 0, 0, 0, 0, 0, 0, 0, 0, 0, 0, 0, 0, 0, 0, 0, 0, 0, 0, 0, 0, 0, 0, 0, 0, 0]",576,128,0.0,0.0,3028859454,3028865968,3028867032,3028879608,0,57631,57631,1022728,1,6514,12576,32,32,32,1
205,2,"[4, 32, 144, 8, 8, 0, 0, 0, 0, 0, 0, 0, 0, 0, 0, 0, 0, 0, 0, 0, 0, 0, 0, 0, 0, 0, 0, 0, 0, 0]",144,512,2359296.0,5898240.0,3028929058,3028936051,3028937239,3028958647,272,88863,88863,1022727,1,6993,21408,32,32,32,1
203,2,"[32, 144, 16, 16, 144, 8, 8, 3, 3, 1, 1, 2, 2, 1, 1, 144, 4, 0, 0, 0, 0, 0, 0, 0, 0, 0, 0, 0, 0, 0]",1296,1024,0.0,0.0,3029039302,3029059739,3029047510,3029261811,0,8192,6944,1022726,2,13328,213053,32,32,32,1
159,2,"[4, 32, 144, 16, 16, 0, 0, 0, 0, 0, 0, 0, 0, 0, 0, 0, 0, 0, 0, 0, 0, 0, 0, 0, 0, 0, 0, 0, 0, 0]",2304,128,0.0,0.0,3029110829,3029116825,3029268755,3029329747,0,1087,1087,1022724,1,5996,60992,32,32,32,1
205,2,"[4, 32, 144, 16, 16, 0, 0, 0, 0, 0, 0, 0, 0, 0, 0, 0, 0, 0, 0, 0, 0, 0, 0, 0, 0, 0, 0, 0, 0, 0]",144,512,9437184.0,23592960.0,3029176997,3029185759,3029330834,3029431889,400,11392,11392,1022723,1,8762,101055,32,32,32,1
203,2,"[32, 24, 16, 16, 144, 16, 16, 1, 1, 0, 0, 1, 1, 1, 1, 1, 4, 0, 0, 0, 0, 0, 0, 0, 0, 0, 0, 0, 0, 0]",768,256,0.0,0.0,3029315177,3029401146,3029443281,3029636878,10496,14688,6592,1022722,3,20018,185501,32,32,32,1
234,2,"[4, 32, 24, 16, 16, 0, 0, 0, 0, 0, 0, 0, 0, 0, 0, 4, 32, 1, 1, 1, 0, 0, 0, 0, 0, 0, 0, 0, 0, 0]",768,128,196608.0,2359296.0,3029493723,3029500770,3029643470,3029652878,0,1344,1344,1022720,1,7047,9408,32,32,32,1
205,2,"[4, 32, 24, 16, 16, 0, 0, 0, 0, 0, 0, 0, 0, 0, 0, 0, 0, 0, 0, 0, 0, 0, 0, 0, 0, 0, 0, 0, 0, 0]",24,512,1572864.0,3932160.0,3029563979,3029571215,3029654222,3029672718,400,38272,38272,1022719,1,7236,18496,32,32,32,1
203,2,"[32, 24, 16, 16, 24, 16, 16, 1, 1, 0, 0, 1, 1, 1, 1, 1, 4, 0, 0, 0, 0, 0, 0, 0, 0, 0, 0, 0, 0, 0]",768,256,0.0,0.0,3029701860,3029787421,3029710990,3029829164,2304,95424,45856,1022718,3,21876,68606,32,32,32,1
23,2,"[4, 32, 24, 1, 1, 0, 0, 0, 0, 0, 0, 0, 0, 0, 0, 4, 32, 24, 16, 16, 0, 0, 0, 0, 0, 0, 0, 0, 0, 0]",768,128,196608.0,2359296.0,3029867179,3029890132,3029875020,3029900011,0,58783,51807,1022717,2,12638,18015,32,32,32,1
156,2,"[4, 32, 24, 1, 1, 0, 0, 0, 0, 0, 0, 0, 0, 0, 0, 0, 0, 0, 0, 0, 0, 0, 0, 0, 0, 0, 0, 0, 0, 0]",2,128,15360.0,6144.0,3029943803,3029950685,3029951818,3029955211,0,79038,79038,1022716,1,6882,3393,32,32,32,1
203,2,"[32, 6, 1, 1, 24, 1, 1, 1, 1, 0, 0, 1, 1, 1, 1, 1, 4, 0, 0, 0, 0, 0, 0, 0, 0, 0, 0, 0, 0, 0]",32,256,9216.0,4416.0,3030025207,3030123595,3030034249,3030134568,3328,166206,93535,1022715,4,29128,27648,32,32,32,1
159,2,"[4, 32, 6, 1, 1, 0, 0, 0, 0, 0, 0, 0, 0, 0, 0, 0, 0, 0, 0, 0, 0, 0, 0, 0, 0, 0, 0, 0, 0, 0]",1,128,0.0,0.0,3030220301,3030226955,3030228103,3030232583,0,67327,67327,1022713,1,6654,4480,32,32,32,1
203,2,"[32, 24, 1, 1, 6, 1, 1, 1, 1, 0, 0, 1, 1, 1, 1, 1, 4, 0, 0, 0, 0, 0, 0, 0, 0, 0, 0, 0, 0, 0]",18,1024,9216.0,4416.0,3030290945,3030375451,3030299910,3030386085,16,168157,104479,1022712,3,22087,22497,32,32,32,1
199,2,"[4, 32, 24, 16, 16, 0, 0, 0, 0, 0, 0, 0, 0, 0, 0, 0, 0, 0, 0, 0, 0, 0, 0, 0, 0, 0, 0, 0, 0, 0]",768,128,0.0,0.0,3030482353,3030489553,3030490564,3030497508,0,51327,51327,1022711,1,7200,6944,32,32,32,1
159,2,"[4, 32, 24, 16, 16, 0, 0, 0, 0, 0, 0, 0, 0, 0, 0, 0, 0, 0, 0, 0, 0, 0, 0, 0, 0, 0, 0, 0, 0, 0]",384,128,0.0,0.0,3030541367,3030547785,3030548835,3030557699,0,63071,63071,1022709,1,6418,8864,32,32,32,1
205,2,"[4, 32, 24, 16, 16, 0, 0, 0, 0, 0, 0, 0, 0, 0, 0, 0, 0, 0, 0, 0, 0, 0, 0, 0, 0, 0, 0, 0, 0, 0]",24,512,1572864.0,3932160.0,3030612244,3030619771,3030620770,3030640610,400,93151,93151,1022708,1,7527,19840,32,32,32,1
203,2,"[32, 24, 16, 16, 24, 16, 16, 3, 3, 1, 1, 1, 1, 1, 1, 24, 4, 0, 0, 0, 0, 0, 0, 0, 0, 0, 0, 0, 0, 0]",216,1024,0.0,0.0,3030725341,3030745662,3030733761,3030792320,0,48224,47231,1022707,2,13313,57566,32,32,32,1
234,2,"[4, 32, 24, 16, 16, 0, 0, 0, 0, 0, 0, 0, 0, 0, 0, 4, 32, 1, 1, 1, 0, 0, 0, 0, 0, 0, 0, 0, 0, 0]",768,128,196608.0,2359296.0,3030831337,3030838466,3030839551,3030848319,0,58880,58880,1022705,1,7129,8768,32,32,32,1
205,2,"[4, 32, 24, 16, 16, 0, 0, 0, 0, 0, 0, 0, 0, 0, 0, 0, 0, 0, 0, 0, 0, 0, 0, 0, 0, 0, 0, 0, 0, 0]",24,512,1572864.0,3932160.0,3030898862,3030907351,3030907199,3030926430,400,118495,118495,1022704,1,8489,19231,32,32,32,1
203,2,"[32, 24, 16, 16, 24, 16, 16, 1, 1, 0, 0, 1, 1, 1, 1, 1, 4, 0, 0, 0, 0, 0, 0, 0, 0, 0, 0, 0, 0, 0]",768,256,0.0,0.0,3031035915,3031120816,3031044925,3031162587,2304,99199,49664,1022703,3,22311,68127,32,32,32,1
23,2,"[4, 32, 24, 1, 1, 0, 0, 0, 0, 0, 0, 0, 0, 0, 0, 4, 32, 24, 16, 16, 0, 0, 0, 0, 0, 0, 0, 0, 0, 0]",768,128,196608.0,2359296.0,3031203737,3031226536,3031212251,3031235930,0,57440,51104,1022702,2,12849,17343,32,32,32,1
156,2,"[4, 32, 24, 1, 1, 0, 0, 0, 0, 0, 0, 0, 0, 0, 0, 0, 0, 0, 0, 0, 0, 0, 0, 0, 0, 0, 0, 0, 0, 0]",2,128,15360.0,6144.0,3031278879,3031286032,3031287034,3031290522,0,76639,76639,1022701,1,7153,3488,32,32,32,1
203,2,"[32, 6, 1, 1, 24, 1, 1, 1, 1, 0, 0, 1, 1, 1, 1, 1, 4, 0, 0, 0, 0, 0, 0, 0, 0, 0, 0, 0, 0, 0]",32,256,9216.0,4416.0,3031358193,3031459615,3031367161,3031470680,3328,167038,91199,1022700,4,30780,27680,32,32,32,1
159,2,"[4, 32, 6, 1, 1, 0, 0, 0, 0, 0, 0, 0, 0, 0, 0, 0, 0, 0, 0, 0, 0, 0, 0, 0, 0, 0, 0, 0, 0, 0]",1,128,0.0,0.0,3031554064,3031560780,3031561879,3031566422,0,73696,73696,1022698,1,6716,4543,32,32,32,1
203,2,"[32, 24, 1, 1, 6, 1, 1, 1, 1, 0, 0, 1, 1, 1, 1, 1, 4, 0, 0, 0, 0, 0, 0, 0, 0, 0, 0, 0, 0, 0]",18,1024,9216.0,4416.0,3031630946,3031720496,3031640118,3031731093,16,173309,104990,1022697,3,24635,22656,32,32,32,1
199,2,"[4, 32, 24, 16, 16, 0, 0, 0, 0, 0, 0, 0, 0, 0, 0, 0, 0, 0, 0, 0, 0, 0, 0, 0, 0, 0, 0, 0, 0, 0]",768,128,0.0,0.0,3031827974,3031835111,3031836083,3031843091,0,51327,51327,1022696,1,7137,7008,32,32,32,1
159,2,"[4, 32, 24, 16, 16, 0, 0, 0, 0, 0, 0, 0, 0, 0, 0, 0, 0, 0, 0, 0, 0, 0, 0, 0, 0, 0, 0, 0, 0, 0]",384,128,0.0,0.0,3031886656,3031893375,3031894418,3031903506,0,62815,62815,1022694,1,6719,9088,32,32,32,1
205,2,"[4, 32, 24, 16, 16, 0, 0, 0, 0, 0, 0, 0, 0, 0, 0, 0, 0, 0, 0, 0, 0, 0, 0, 0, 0, 0, 0, 0, 0, 0]",24,512,1572864.0,3932160.0,3031957975,3031965366,3031966321,3031985617,400,92703,92703,1022693,1,7391,19296,32,32,32,1
203,2,"[32, 24, 16, 16, 24, 16, 16, 3, 3, 1, 1, 1, 1, 1, 1, 24, 4, 0, 0, 0, 0, 0, 0, 0, 0, 0, 0, 0, 0, 0]",216,1024,0.0,0.0,3032070208,3032090485,3032078320,3032136623,0,71999,70784,1022692,2,12990,57088,32,32,32,1
205,2,"[4, 32, 24, 16, 16, 0, 0, 0, 0, 0, 0, 0, 0, 0, 0, 0, 0, 0, 0, 0, 0, 0, 0, 0, 0, 0, 0, 0, 0, 0]",24,512,1572864.0,3932160.0,3032199206,3032206186,3032207407,3032225902,400,141438,141438,1022691,1,6980,18495,32,32,32,1
203,2,"[32, 48, 16, 16, 24, 16, 16, 1, 1, 0, 0, 1, 1, 1, 1, 1, 4, 0, 0, 0, 0, 0, 0, 0, 0, 0, 0, 0, 0, 0]",64,256,18874368.0,2363904.0,3032357550,3032457996,3032367340,3032535114,32768,75583,13728,1022690,4,28922,105919,32,32,32,1
23,2,"[4, 32, 48, 1, 1, 0, 0, 0, 0, 0, 0, 0, 0, 0, 0, 4, 32, 48, 16, 16, 0, 0, 0, 0, 0, 0, 0, 0, 0, 0]",1536,128,393216.0,4718592.0,3032540907,3032563970,3032548842,3032583786,0,45343,42367,1022689,2,12826,31968,32,32,32,1
156,2,"[4, 32, 48, 1, 1, 0, 0, 0, 0, 0, 0, 0, 0, 0, 0, 0, 0, 0, 0, 0, 0, 0, 0, 0, 0, 0, 0, 0, 0, 0]",3,128,30720.0,12288.0,3032618127,3032625108,3032626153,3032629833,0,77983,77983,1022688,1,6981,3680,32,32,32,1
203,2,"[32, 12, 1, 1, 48, 1, 1, 1, 1, 0, 0, 1, 1, 1, 1, 1, 4, 0, 0, 0, 0, 0, 0, 0, 0, 0, 0, 0, 0, 0]",72,256,36864.0,9984.0,3032698549,3032799043,3032707816,3032810663,3328,161278,90879,1022687,4,29273,32448,32,32,32,1
159,2,"[4, 32, 12, 1, 1, 0, 0, 0, 0, 0, 0, 0, 0, 0, 0, 0, 0, 0, 0, 0, 0, 0, 0, 0, 0, 0, 0, 0, 0, 0]",1,128,0.0,0.0,3032894006,3032902540,3032901542,3032906790,0,69599,69599,1022685,1,8534,5248,32,32,32,1
203,2,"[32, 48, 1, 1, 12, 1, 1, 1, 1, 0, 0, 1, 1, 1, 1, 1, 4, 0, 0, 0, 0, 0, 0, 0, 0, 0, 0, 0, 0, 0]",72,1024,36864.0,9984.0,3032967478,3033051810,3032976389,3033062340,16,160798,101599,1022684,3,22419,26752,32,32,32,1
199,2,"[4, 32, 48, 16, 16, 0, 0, 0, 0, 0, 0, 0, 0, 0, 0, 0, 0, 0, 0, 0, 0, 0, 0, 0, 0, 0, 0, 0, 0, 0]",1536,128,0.0,0.0,3033155566,3033165064,3033163939,3033173635,0,48063,48063,1022683,1,9498,9696,32,32,32,1
159,2,"[4, 32, 48, 16, 16, 0, 0, 0, 0, 0, 0, 0, 0, 0, 0, 0, 0, 0, 0, 0, 0, 0, 0, 0, 0, 0, 0, 0, 0, 0]",768,128,0.0,0.0,3033214192,3033220659,3033221698,3033238018,0,53599,53599,1022681,1,6467,16320,32,32,32,1
205,2,"[4, 32, 48, 16, 16, 0, 0, 0, 0, 0, 0, 0, 0, 0, 0, 0, 0, 0, 0, 0, 0, 0, 0, 0, 0, 0, 0, 0, 0, 0]",48,512,3145728.0,7864320.0,3033283354,3033290747,3033291617,3033322368,400,81760,81760,1022680,1,7393,30751,32,32,32,1
203,2,"[32, 48, 16, 16, 48, 16, 16, 3, 3, 1, 1, 1, 1, 1, 1, 48, 4, 0, 0, 0, 0, 0, 0, 0, 0, 0, 0, 0, 0, 0]",432,1024,0.0,0.0,3033395996,3033416535,3033404128,3033507358,0,7296,6144,1022679,2,13463,102078,32,32,32,1
159,2,"[4, 32, 48, 16, 16, 0, 0, 0, 0, 0, 0, 0, 0, 0, 0, 0, 0, 0, 0, 0, 0, 0, 0, 0, 0, 0, 0, 0, 0, 0]",768,128,0.0,0.0,3033470363,3033476692,3033513502,3033529662,0,14816,14816,1022677,1,6329,16160,32,32,32,1
205,2,"[4, 32, 48, 16, 16, 0, 0, 0, 0, 0, 0, 0, 0, 0, 0, 0, 0, 0, 0, 0, 0, 0, 0, 0, 0, 0, 0, 0, 0, 0]",48,512,3145728.0,7864320.0,3033536212,3033543355,3033544478,3033574973,400,122879,122879,1022676,1,7143,30495,32,32,32,1
203,2,"[32, 3, 32, 32, 48, 16, 16, 3, 3, 1, 1, 2, 2, 1, 1, 1, 4, 0, 0, 0, 0, 0, 0, 0, 0, 0, 0, 0, 0, 0]",64,64,0.0,0.0,3033689761,3033697001,3033697852,3033740603,2304,2084582,2084582,1022675,1,7240,42751,32,32,32,1
16,3,"[4, 48, 3, 3, 3, 0, 0, 0, 0, 0, 0, 0, 0, 0, 0, 4, 0, 0, 0, 0, 0, 0, 0, 0, 0, 0, 0, 0, 0, 0]",3,128,1296.0,10372.0,3035804579,3035825865,3035825185,3035828705,0,115615,115615,-1,1,21286,3520,32,32,32,1
12,3,"[4, 48, 3, 3, 3, 0, 0, 0, 0, 0, 0, 0, 0, 0, 0, 4, 48, 3, 3, 3, 0, 0, 0, 0, 0, 0, 0, 0, 0, 0]",3,128,1296.0,15552.0,3035931540,3035944060,3035944320,3035947680,0,101918,101918,-1,1,12520,3360,32,32,32,1
12,3,"[4, 48, 3, 3, 3, 0, 0, 0, 0, 0, 0, 0, 0, 0, 0, 4, 48, 3, 3, 3, 0, 0, 0, 0, 0, 0, 0, 0, 0, 0]",3,128,1296.0,15552.0,3036038944,3036049017,3036049598,3036053150,0,98271,98271,-1,1,10073,3552,32,32,32,1
16,3,"[4, 48, 0, 0, 0, 0, 0, 0, 0, 0, 0, 0, 0, 0, 0, 4, 0, 0, 0, 0, 0, 0, 0, 0, 0, 0, 0, 0, 0, 0]",1,128,48.0,388.0,3036140919,3036150867,3036151421,3036154845,0,95071,95071,-1,1,9948,3424,32,32,32,1
12,3,"[4, 48, 0, 0, 0, 0, 0, 0, 0, 0, 0, 0, 0, 0, 0, 4, 48, 0, 0, 0, 0, 0, 0, 0, 0, 0, 0, 0, 0, 0]",1,128,48.0,576.0,3036239575,3036249154,3036249916,3036253180,0,99711,99711,-1,1,9579,3264,32,32,32,1
12,3,"[4, 48, 0, 0, 0, 0, 0, 0, 0, 0, 0, 0, 0, 0, 0, 4, 48, 0, 0, 0, 0, 0, 0, 0, 0, 0, 0, 0, 0, 0]",1,128,48.0,576.0,3036342471,3036352153,3036352891,3036356411,0,97342,97342,-1,1,9682,3520,32,32,32,1
16,3,"[4, 48, 0, 0, 0, 0, 0, 0, 0, 0, 0, 0, 0, 0, 0, 4, 0, 0, 0, 0, 0, 0, 0, 0, 0, 0, 0, 0, 0, 0]",1,128,48.0,388.0,3036442789,3036453162,3036453753,3036457145,0,97279,97279,-1,1,10373,3392,32,32,32,1
12,3,"[4, 48, 0, 0, 0, 0, 0, 0, 0, 0, 0, 0, 0, 0, 0, 4, 48, 0, 0, 0, 0, 0, 0, 0, 0, 0, 0, 0, 0, 0]",1,128,48.0,576.0,3036544053,3036553690,3036554424,3036557752,0,96127,96127,-1,1,9637,3328,32,32,32,1
12,3,"[4, 48, 0, 0, 0, 0, 0, 0, 0, 0, 0, 0, 0, 0, 0, 4, 48, 0, 0, 0, 0, 0, 0, 0, 0, 0, 0, 0, 0, 0]",1,128,48.0,576.0,3036643876,3036653023,3036653879,3036657335,0,94399,94399,-1,1,9147,3456,32,32,32,1
16,3,"[4, 48, 1, 3, 3, 0, 0, 0, 0, 0, 0, 0, 0, 0, 0, 4, 0, 0, 0, 0, 0, 0, 0, 0, 0, 0, 0, 0, 0, 0]",1,128,432.0,3460.0,3036741426,3036751036,3036751734,3036755253,0,97408,97408,-1,1,9610,3519,32,32,32,1
12,3,"[4, 48, 1, 3, 3, 0, 0, 0, 0, 0, 0, 0, 0, 0, 0, 4, 48, 1, 3, 3, 0, 0, 0, 0, 0, 0, 0, 0, 0, 0]",1,128,432.0,5184.0,3036842616,3036851875,3036852661,3036856276,0,96127,96127,-1,1,9259,3615,32,32,32,1
12,3,"[4, 48, 1, 3, 3, 0, 0, 0, 0, 0, 0, 0, 0, 0, 0, 4, 48, 1, 3, 3, 0, 0, 0, 0, 0, 0, 0, 0, 0, 0]",1,128,432.0,5184.0,3036942606,3036951641,3036952403,3036956051,0,94303,94303,-1,1,9035,3648,32,32,32,1
16,3,"[4, 48, 0, 0, 0, 0, 0, 0, 0, 0, 0, 0, 0, 0, 0, 4, 0, 0, 0, 0, 0, 0, 0, 0, 0, 0, 0, 0, 0, 0]",1,128,48.0,388.0,3037040269,3037049732,3037050354,3037053746,0,94303,94303,-1,1,9463,3392,32,32,32,1
12,3,"[4, 48, 0, 0, 0, 0, 0, 0, 0, 0, 0, 0, 0, 0, 0, 4, 48, 0, 0, 0, 0, 0, 0, 0, 0, 0, 0, 0, 0, 0]",1,128,48.0,576.0,3037137833,3037147340,3037148049,3037151505,0,94686,94686,-1,1,9507,3456,32,32,32,1
12,3,"[4, 48, 0, 0, 0, 0, 0, 0, 0, 0, 0, 0, 0, 0, 0, 4, 48, 0, 0, 0, 0, 0, 0, 0, 0, 0, 0, 0, 0, 0]",1,128,48.0,576.0,3037236339,3037245376,3037246191,3037249967,0,93663,93663,-1,1,9037,3776,32,32,32,1
16,3,"[4, 48, 0, 0, 0, 0, 0, 0, 0, 0, 0, 0, 0, 0, 0, 4, 0, 0, 0, 0, 0, 0, 0, 0, 0, 0, 0, 0, 0, 0]",1,128,48.0,388.0,3037333384,3037345706,3037343630,3037346990,0,97983,97983,-1,1,12322,3360,32,32,32,1
12,3,"[4, 48, 0, 0, 0, 0, 0, 0, 0, 0, 0, 0, 0, 0, 0, 4, 48, 0, 0, 0, 0, 0, 0, 0, 0, 0, 0, 0, 0, 0]",1,128,48.0,576.0,3037434890,3037444155,3037444973,3037448461,0,93151,93151,-1,1,9265,3488,32,32,32,1
12,3,"[4, 48, 0, 0, 0, 0, 0, 0, 0, 0, 0, 0, 0, 0, 0, 4, 48, 0, 0, 0, 0, 0, 0, 0, 0, 0, 0, 0, 0, 0]",1,128,48.0,576.0,3037531429,3037540821,3037541612,3037545068,0,95327,95327,-1,1,9392,3456,32,32,32,1
16,3,"[4, 12, 48, 1, 1, 0, 0, 0, 0, 0, 0, 0, 0, 0, 0, 4, 0, 0, 0, 0, 0, 0, 0, 0, 0, 0, 0, 0, 0, 0]",2,128,576.0,4612.0,3037630381,3037639782,3037640395,3037643883,0,94398,94398,-1,1,9401,3488,32,32,32,1
12,3,"[4, 12, 48, 1, 1, 0, 0, 0, 0, 0, 0, 0, 0, 0, 0, 4, 12, 48, 1, 1, 0, 0, 0, 0, 0, 0, 0, 0, 0, 0]",2,128,576.0,6912.0,3037728448,3037737638,3037738281,3037741801,0,94079,94079,-1,1,9190,3520,32,32,32,1
12,3,"[4, 12, 48, 1, 1, 0, 0, 0, 0, 0, 0, 0, 0, 0, 0, 4, 12, 48, 1, 1, 0, 0, 0, 0, 0, 0, 0, 0, 0, 0]",2,128,576.0,6912.0,3037825931,3037834937,3037835880,3037839400,0,91935,91935,-1,1,9006,3520,32,32,32,1
16,3,"[4, 12, 0, 0, 0, 0, 0, 0, 0, 0, 0, 0, 0, 0, 0, 4, 0, 0, 0, 0, 0, 0, 0, 0, 0, 0, 0, 0, 0, 0]",1,128,12.0,100.0,3037921312,3037930589,3037931335,3037934727,0,92191,92191,-1,1,9277,3392,32,32,32,1
12,3,"[4, 12, 0, 0, 0, 0, 0, 0, 0, 0, 0, 0, 0, 0, 0, 4, 12, 0, 0, 0, 0, 0, 0, 0, 0, 0, 0, 0, 0, 0]",1,128,12.0,144.0,3038017110,3038026167,3038026918,3038030374,0,94303,94303,-1,1,9057,3456,32,32,32,1
12,3,"[4, 12, 0, 0, 0, 0, 0, 0, 0, 0, 0, 0, 0, 0, 0, 4, 12, 0, 0, 0, 0, 0, 0, 0, 0, 0, 0, 0, 0, 0]",1,128,12.0,144.0,3038114836,3038124173,3038124677,3038128132,0,94367,94367,-1,1,9337,3455,32,32,32,1
16,3,"[4, 48, 12, 1, 1, 0, 0, 0, 0, 0, 0, 0, 0, 0, 0, 4, 0, 0, 0, 0, 0, 0, 0, 0, 0, 0, 0, 0, 0, 0]",2,128,576.0,4612.0,3038212406,3038221953,3038222499,3038225987,0,94111,94111,-1,1,9547,3488,32,32,32,1
12,3,"[4, 48, 12, 1, 1, 0, 0, 0, 0, 0, 0, 0, 0, 0, 0, 4, 48, 12, 1, 1, 0, 0, 0, 0, 0, 0, 0, 0, 0, 0]",2,128,576.0,6912.0,3038310181,3038319410,3038320098,3038323586,0,95007,95007,-1,1,9229,3488,32,32,32,1
12,3,"[4, 48, 12, 1, 1, 0, 0, 0, 0, 0, 0, 0, 0, 0, 0, 4, 48, 12, 1, 1, 0, 0, 0, 0, 0, 0, 0, 0, 0, 0]",2,128,576.0,6912.0,3038408492,3038420242,3038418593,3038422113,0,99263,99263,-1,1,11750,3520,32,32,32,1
16,3,"[4, 48, 0, 0, 0, 0, 0, 0, 0, 0, 0, 0, 0, 0, 0, 4, 0, 0, 0, 0, 0, 0, 0, 0, 0, 0, 0, 0, 0, 0]",1,128,48.0,388.0,3038510927,3038520736,3038521376,3038524768,0,96510,96510,-1,1,9809,3392,32,32,32,1
12,3,"[4, 48, 0, 0, 0, 0, 0, 0, 0, 0, 0, 0, 0, 0, 0, 4, 48, 0, 0, 0, 0, 0, 0, 0, 0, 0, 0, 0, 0, 0]",1,128,48.0,576.0,3038611299,3038620582,3038621278,3038624766,0,93663,93663,-1,1,9283,3488,32,32,32,1
12,3,"[4, 48, 0, 0, 0, 0, 0, 0, 0, 0, 0, 0, 0, 0, 0, 4, 48, 0, 0, 0, 0, 0, 0, 0, 0, 0, 0, 0, 0, 0]",1,128,48.0,576.0,3038708531,3038717587,3038718429,3038721885,0,95551,95551,-1,1,9056,3456,32,32,32,1
16,3,"[4, 24, 48, 1, 1, 0, 0, 0, 0, 0, 0, 0, 0, 0, 0, 4, 0, 0, 0, 0, 0, 0, 0, 0, 0, 0, 0, 0, 0, 0]",3,128,1152.0,9220.0,3038807208,3038816701,3038817436,3038820892,0,94974,94974,-1,1,9493,3456,32,32,32,1
12,3,"[4, 24, 48, 1, 1, 0, 0, 0, 0, 0, 0, 0, 0, 0, 0, 4, 24, 48, 1, 1, 0, 0, 0, 0, 0, 0, 0, 0, 0, 0]",3,128,1152.0,13824.0,3038906015,3038915084,3038915866,3038919386,0,95359,95359,-1,1,9069,3520,32,32,32,1
12,3,"[4, 24, 48, 1, 1, 0, 0, 0, 0, 0, 0, 0, 0, 0, 0, 4, 24, 48, 1, 1, 0, 0, 0, 0, 0, 0, 0, 0, 0, 0]",3,128,1152.0,13824.0,3039004800,3039013946,3039014745,3039018233,0,94815,94815,-1,1,9146,3488,32,32,32,1
16,3,"[4, 24, 0, 0, 0, 0, 0, 0, 0, 0, 0, 0, 0, 0, 0, 4, 0, 0, 0, 0, 0, 0, 0, 0, 0, 0, 0, 0, 0, 0]",1,128,24.0,196.0,3039102702,3039112431,3039113048,3039116440,0,92895,92895,-1,1,9729,3392,32,32,32,1
12,3,"[4, 24, 0, 0, 0, 0, 0, 0, 0, 0, 0, 0, 0, 0, 0, 4, 24, 0, 0, 0, 0, 0, 0, 0, 0, 0, 0, 0, 0, 0]",1,128,24.0,288.0,3039199330,3039208476,3039209335,3039212791,0,297948,297948,-1,1,9146,3456,32,32,32,1
12,3,"[4, 24, 0, 0, 0, 0, 0, 0, 0, 0, 0, 0, 0, 0, 0, 4, 24, 0, 0, 0, 0, 0, 0, 0, 0, 0, 0, 0, 0, 0]",1,128,24.0,288.0,3039495397,3039510894,3039510739,3039514259,0,139071,139071,-1,1,15497,3520,32,32,32,1
16,3,"[4, 24, 0, 0, 0, 0, 0, 0, 0, 0, 0, 0, 0, 0, 0, 4, 0, 0, 0, 0, 0, 0, 0, 0, 0, 0, 0, 0, 0, 0]",1,128,24.0,196.0,3039639957,3039653203,3039653330,3039656721,0,108543,108543,-1,1,13246,3391,32,32,32,1
12,3,"[4, 24, 0, 0, 0, 0, 0, 0, 0, 0, 0, 0, 0, 0, 0, 4, 24, 0, 0, 0, 0, 0, 0, 0, 0, 0, 0, 0, 0, 0]",1,128,24.0,288.0,3039754266,3039767258,3039765264,3039768816,0,103198,103198,-1,1,12992,3552,32,32,32,1
12,3,"[4, 24, 0, 0, 0, 0, 0, 0, 0, 0, 0, 0, 0, 0, 0, 4, 24, 0, 0, 0, 0, 0, 0, 0, 0, 0, 0, 0, 0, 0]",1,128,24.0,288.0,3039861495,3039871257,3039872014,3039875534,0,99775,99775,-1,1,9762,3520,32,32,32,1
16,3,"[4, 24, 1, 3, 3, 0, 0, 0, 0, 0, 0, 0, 0, 0, 0, 4, 0, 0, 0, 0, 0, 0, 0, 0, 0, 0, 0, 0, 0, 0]",1,128,216.0,1732.0,3039964728,3039974864,3039975309,3039978797,0,97247,97247,-1,1,10136,3488,32,32,32,1
12,3,"[4, 24, 1, 3, 3, 0, 0, 0, 0, 0, 0, 0, 0, 0, 0, 4, 24, 1, 3, 3, 0, 0, 0, 0, 0, 0, 0, 0, 0, 0]",1,128,216.0,2592.0,3040065187,3040075284,3040076044,3040079628,0,96223,96223,-1,1,10097,3584,32,32,32,1
12,3,"[4, 24, 1, 3, 3, 0, 0, 0, 0, 0, 0, 0, 0, 0, 0, 4, 24, 1, 3, 3, 0, 0, 0, 0, 0, 0, 0, 0, 0, 0]",1,128,216.0,2592.0,3040165880,3040175016,3040175851,3040179403,0,94462,94462,-1,1,9136,3552,32,32,32,1
16,3,"[4, 24, 0, 0, 0, 0, 0, 0, 0, 0, 0, 0, 0, 0, 0, 4, 0, 0, 0, 0, 0, 0, 0, 0, 0, 0, 0, 0, 0, 0]",1,128,24.0,196.0,3040263585,3040273267,3040273865,3040277290,0,94494,94494,-1,1,9682,3425,32,32,32,1
12,3,"[4, 24, 0, 0, 0, 0, 0, 0, 0, 0, 0, 0, 0, 0, 0, 4, 24, 0, 0, 0, 0, 0, 0, 0, 0, 0, 0, 0, 0, 0]",1,128,24.0,288.0,3040361879,3040370966,3040371784,3040375272,0,92639,92639,-1,1,9087,3488,32,32,32,1
12,3,"[4, 24, 0, 0, 0, 0, 0, 0, 0, 0, 0, 0, 0, 0, 0, 4, 24, 0, 0, 0, 0, 0, 0, 0, 0, 0, 0, 0, 0, 0]",1,128,24.0,288.0,3040458040,3040467041,3040467911,3040471399,0,94271,94271,-1,1,9001,3488,32,32,32,1
16,3,"[4, 24, 0, 0, 0, 0, 0, 0, 0, 0, 0, 0, 0, 0, 0, 4, 0, 0, 0, 0, 0, 0, 0, 0, 0, 0, 0, 0, 0, 0]",1,128,24.0,196.0,3040555724,3040564893,3040565670,3040569094,0,92735,92735,-1,1,9169,3424,32,32,32,1
12,3,"[4, 24, 0, 0, 0, 0, 0, 0, 0, 0, 0, 0, 0, 0, 0, 4, 24, 0, 0, 0, 0, 0, 0, 0, 0, 0, 0, 0, 0, 0]",1,128,24.0,288.0,3040652126,3040660980,3040661829,3040665317,0,94047,94047,-1,1,8854,3488,32,32,32,1
12,3,"[4, 24, 0, 0, 0, 0, 0, 0, 0, 0, 0, 0, 0, 0, 0, 4, 24, 0, 0, 0, 0, 0, 0, 0, 0, 0, 0, 0, 0, 0]",1,128,24.0,288.0,3040749528,3040758554,3040759364,3040762852,0,94206,94206,-1,1,9026,3488,32,32,32,1
16,3,"[4, 6, 24, 1, 1, 0, 0, 0, 0, 0, 0, 0, 0, 0, 0, 4, 0, 0, 0, 0, 0, 0, 0, 0, 0, 0, 0, 0, 0, 0]",1,128,144.0,1156.0,3040846877,3040858933,3040857058,3040860450,0,100447,100447,-1,1,12056,3392,32,32,32,1
12,3,"[4, 6, 24, 1, 1, 0, 0, 0, 0, 0, 0, 0, 0, 0, 0, 4, 6, 24, 1, 1, 0, 0, 0, 0, 0, 0, 0, 0, 0, 0]",1,128,144.0,1728.0,3040951007,3040960247,3040960897,3040964449,0,94815,94815,-1,1,9240,3552,32,32,32,1
12,3,"[4, 6, 24, 1, 1, 0, 0, 0, 0, 0, 0, 0, 0, 0, 0, 4, 6, 24, 1, 1, 0, 0, 0, 0, 0, 0, 0, 0, 0, 0]",1,128,144.0,1728.0,3041049270,3041058457,3041059264,3041062784,0,94207,94207,-1,1,9187,3520,32,32,32,1
16,3,"[4, 6, 0, 0, 0, 0, 0, 0, 0, 0, 0, 0, 0, 0, 0, 4, 0, 0, 0, 0, 0, 0, 0, 0, 0, 0, 0, 0, 0, 0]",1,128,6.0,52.0,3041146710,3041156384,3041156991,3041160318,0,93184,93184,-1,1,9674,3327,32,32,32,1
12,3,"[4, 6, 0, 0, 0, 0, 0, 0, 0, 0, 0, 0, 0, 0, 0, 4, 6, 0, 0, 0, 0, 0, 0, 0, 0, 0, 0, 0, 0, 0]",1,128,6.0,72.0,3041243762,3041252768,3041253502,3041256990,0,93086,93086,-1,1,9006,3488,32,32,32,1
12,3,"[4, 6, 0, 0, 0, 0, 0, 0, 0, 0, 0, 0, 0, 0, 0, 4, 6, 0, 0, 0, 0, 0, 0, 0, 0, 0, 0, 0, 0, 0]",1,128,6.0,72.0,3041340347,3041349235,3041350076,3041353500,0,93471,93471,-1,1,8888,3424,32,32,32,1
16,3,"[4, 24, 6, 1, 1, 0, 0, 0, 0, 0, 0, 0, 0, 0, 0, 4, 0, 0, 0, 0, 0, 0, 0, 0, 0, 0, 0, 0, 0, 0]",1,128,144.0,1156.0,3041436897,3041446264,3041446971,3041450395,0,95583,95583,-1,1,9367,3424,32,32,32,1
12,3,"[4, 24, 6, 1, 1, 0, 0, 0, 0, 0, 0, 0, 0, 0, 0, 4, 24, 6, 1, 1, 0, 0, 0, 0, 0, 0, 0, 0, 0, 0]",1,128,144.0,1728.0,3041535833,3041545249,3041545978,3041549498,0,95039,95039,-1,1,9416,3520,32,32,32,1
12,3,"[4, 24, 6, 1, 1, 0, 0, 0, 0, 0, 0, 0, 0, 0, 0, 4, 24, 6, 1, 1, 0, 0, 0, 0, 0, 0, 0, 0, 0, 0]",1,128,144.0,1728.0,3041634390,3041643749,3041644537,3041648089,0,94110,94110,-1,1,9359,3552,32,32,32,1
16,3,"[4, 24, 0, 0, 0, 0, 0, 0, 0, 0, 0, 0, 0, 0, 0, 4, 0, 0, 0, 0, 0, 0, 0, 0, 0, 0, 0, 0, 0, 0]",1,128,24.0,196.0,3041732060,3041741545,3041742199,3041745847,0,92991,92991,-1,1,9485,3648,32,32,32,1
12,3,"[4, 24, 0, 0, 0, 0, 0, 0, 0, 0, 0, 0, 0, 0, 0, 4, 24, 0, 0, 0, 0, 0, 0, 0, 0, 0, 0, 0, 0, 0]",1,128,24.0,288.0,3041829026,3041838030,3041838838,3041842326,0,92831,92831,-1,1,9004,3488,32,32,32,1
12,3,"[4, 24, 0, 0, 0, 0, 0, 0, 0, 0, 0, 0, 0, 0, 0, 4, 24, 0, 0, 0, 0, 0, 0, 0, 0, 0, 0, 0, 0, 0]",1,128,24.0,288.0,3041925153,3041936412,3041935157,3041938645,0,96831,96831,-1,1,11259,3488,32,32,32,1
16,3,"[4, 24, 24, 1, 1, 0, 0, 0, 0, 0, 0, 0, 0, 0, 0, 4, 0, 0, 0, 0, 0, 0, 0, 0, 0, 0, 0, 0, 0, 0]",2,128,576.0,4612.0,3042025227,3042034759,3042035476,3042038996,0,94367,94367,-1,1,9532,3520,32,32,32,1
12,3,"[4, 24, 24, 1, 1, 0, 0, 0, 0, 0, 0, 0, 0, 0, 0, 4, 24, 24, 1, 1, 0, 0, 0, 0, 0, 0, 0, 0, 0, 0]",2,128,576.0,6912.0,3042123372,3042132514,3042133363,3042136914,0,93983,93983,-1,1,9142,3551,32,32,32,1
12,3,"[4, 24, 24, 1, 1, 0, 0, 0, 0, 0, 0, 0, 0, 0, 0, 4, 24, 24, 1, 1, 0, 0, 0, 0, 0, 0, 0, 0, 0, 0]",2,128,576.0,6912.0,3042221042,3042230061,3042230897,3042234385,0,94495,94495,-1,1,9019,3488,32,32,32,1
16,3,"[4, 24, 0, 0, 0, 0, 0, 0, 0, 0, 0, 0, 0, 0, 0, 4, 0, 0, 0, 0, 0, 0, 0, 0, 0, 0, 0, 0, 0, 0]",1,128,24.0,196.0,3042318921,3042328270,3042328880,3042332336,0,92991,92991,-1,1,9349,3456,32,32,32,1
12,3,"[4, 24, 0, 0, 0, 0, 0, 0, 0, 0, 0, 0, 0, 0, 0, 4, 24, 0, 0, 0, 0, 0, 0, 0, 0, 0, 0, 0, 0, 0]",1,128,24.0,288.0,3042415405,3042424653,3042425327,3042428847,0,91519,91519,-1,1,9248,3520,32,32,32,1
12,3,"[4, 24, 0, 0, 0, 0, 0, 0, 0, 0, 0, 0, 0, 0, 0, 4, 24, 0, 0, 0, 0, 0, 0, 0, 0, 0, 0, 0, 0, 0]",1,128,24.0,288.0,3042510737,3042519555,3042520366,3042523886,0,91518,91518,-1,1,8818,3520,32,32,32,1
16,3,"[4, 24, 0, 0, 0, 0, 0, 0, 0, 0, 0, 0, 0, 0, 0, 4, 0, 0, 0, 0, 0, 0, 0, 0, 0, 0, 0, 0, 0, 0]",1,128,24.0,196.0,3042605543,3042614678,3042615404,3042618828,0,92223,92223,-1,1,9135,3424,32,32,32,1
12,3,"[4, 24, 0, 0, 0, 0, 0, 0, 0, 0, 0, 0, 0, 0, 0, 4, 24, 0, 0, 0, 0, 0, 0, 0, 0, 0, 0, 0, 0, 0]",1,128,24.0,288.0,3042701143,3042710387,3042711051,3042714539,0,92607,92607,-1,1,9244,3488,32,32,32,1
12,3,"[4, 24, 0, 0, 0, 0, 0, 0, 0, 0, 0, 0, 0, 0, 0, 4, 24, 0, 0, 0, 0, 0, 0, 0, 0, 0, 0, 0, 0, 0]",1,128,24.0,288.0,3042796636,3042805995,3042807146,3042810666,0,93439,93439,-1,1,9359,3520,32,32,32,1
16,3,"[4, 24, 1, 3, 3, 0, 0, 0, 0, 0, 0, 0, 0, 0, 0, 4, 0, 0, 0, 0, 0, 0, 0, 0, 0, 0, 0, 0, 0, 0]",1,128,216.0,1732.0,3042894187,3042903421,3042904105,3042907689,0,96703,96703,-1,1,9234,3584,32,32,32,1
12,3,"[4, 24, 1, 3, 3, 0, 0, 0, 0, 0, 0, 0, 0, 0, 0, 4, 24, 1, 3, 3, 0, 0, 0, 0, 0, 0, 0, 0, 0, 0]",1,128,216.0,2592.0,3042994642,3043005261,3043004392,3043007943,0,96991,96991,-1,1,10619,3551,32,32,32,1
12,3,"[4, 24, 1, 3, 3, 0, 0, 0, 0, 0, 0, 0, 0, 0, 0, 4, 24, 1, 3, 3, 0, 0, 0, 0, 0, 0, 0, 0, 0, 0]",1,128,216.0,2592.0,3043094817,3043104239,3043104934,3043108486,0,93151,93151,-1,1,9422,3552,32,32,32,1
16,3,"[4, 24, 0, 0, 0, 0, 0, 0, 0, 0, 0, 0, 0, 0, 0, 4, 0, 0, 0, 0, 0, 0, 0, 0, 0, 0, 0, 0, 0, 0]",1,128,24.0,196.0,3043191587,3043201169,3043201637,3043205093,0,93759,93759,-1,1,9582,3456,32,32,32,1
12,3,"[4, 24, 0, 0, 0, 0, 0, 0, 0, 0, 0, 0, 0, 0, 0, 4, 24, 0, 0, 0, 0, 0, 0, 0, 0, 0, 0, 0, 0, 0]",1,128,24.0,288.0,3043288882,3043298005,3043298852,3043302340,0,93470,93470,-1,1,9123,3488,32,32,32,1
12,3,"[4, 24, 0, 0, 0, 0, 0, 0, 0, 0, 0, 0, 0, 0, 0, 4, 24, 0, 0, 0, 0, 0, 0, 0, 0, 0, 0, 0, 0, 0]",1,128,24.0,288.0,3043385858,3043394780,3043395810,3043399298,0,91616,91616,-1,1,8922,3488,32,32,32,1
16,3,"[4, 24, 0, 0, 0, 0, 0, 0, 0, 0, 0, 0, 0, 0, 0, 4, 0, 0, 0, 0, 0, 0, 0, 0, 0, 0, 0, 0, 0, 0]",1,128,24.0,196.0,3043480994,3043490248,3043490914,3043494369,0,242717,242717,-1,1,9254,3455,32,32,32,1
12,3,"[4, 24, 0, 0, 0, 0, 0, 0, 0, 0, 0, 0, 0, 0, 0, 4, 24, 0, 0, 0, 0, 0, 0, 0, 0, 0, 0, 0, 0, 0]",1,128,24.0,288.0,3043723360,3043736791,3043737086,3043740542,0,111263,111263,-1,1,13431,3456,32,32,32,1
12,3,"[4, 24, 0, 0, 0, 0, 0, 0, 0, 0, 0, 0, 0, 0, 0, 4, 24, 0, 0, 0, 0, 0, 0, 0, 0, 0, 0, 0, 0, 0]",1,128,24.0,288.0,3043840991,3043851113,3043851805,3043855293,0,99935,99935,-1,1,10122,3488,32,32,32,1
16,3,"[4, 6, 24, 1, 1, 0, 0, 0, 0, 0, 0, 0, 0, 0, 0, 4, 0, 0, 0, 0, 0, 0, 0, 0, 0, 0, 0, 0, 0, 0]",1,128,144.0,1156.0,3043944356,3043954997,3043955228,3043958651,0,95423,95423,-1,1,10641,3423,32,32,32,1
12,3,"[4, 6, 24, 1, 1, 0, 0, 0, 0, 0, 0, 0, 0, 0, 0, 4, 6, 24, 1, 1, 0, 0, 0, 0, 0, 0, 0, 0, 0, 0]",1,128,144.0,1728.0,3044044225,3044053463,3044054074,3044057594,0,93247,93247,-1,1,9238,3520,32,32,32,1
12,3,"[4, 6, 24, 1, 1, 0, 0, 0, 0, 0, 0, 0, 0, 0, 0, 4, 6, 24, 1, 1, 0, 0, 0, 0, 0, 0, 0, 0, 0, 0]",1,128,144.0,1728.0,3044141032,3044150053,3044150841,3044154361,0,95423,95423,-1,1,9021,3520,32,32,32,1
16,3,"[4, 6, 0, 0, 0, 0, 0, 0, 0, 0, 0, 0, 0, 0, 0, 4, 0, 0, 0, 0, 0, 0, 0, 0, 0, 0, 0, 0, 0, 0]",1,128,6.0,52.0,3044239547,3044249156,3044249784,3044253176,0,93983,93983,-1,1,9609,3392,32,32,32,1
12,3,"[4, 6, 0, 0, 0, 0, 0, 0, 0, 0, 0, 0, 0, 0, 0, 4, 6, 0, 0, 0, 0, 0, 0, 0, 0, 0, 0, 0, 0, 0]",1,128,6.0,72.0,3044337004,3044346407,3044347159,3044350615,0,93278,93278,-1,1,9403,3456,32,32,32,1
12,3,"[4, 6, 0, 0, 0, 0, 0, 0, 0, 0, 0, 0, 0, 0, 0, 4, 6, 0, 0, 0, 0, 0, 0, 0, 0, 0, 0, 0, 0, 0]",1,128,6.0,72.0,3044434026,3044443077,3044443893,3044447350,0,94014,94014,-1,1,9051,3457,32,32,32,1
16,3,"[4, 24, 6, 1, 1, 0, 0, 0, 0, 0, 0, 0, 0, 0, 0, 4, 0, 0, 0, 0, 0, 0, 0, 0, 0, 0, 0, 0, 0, 0]",1,128,144.0,1156.0,3044531383,3044540708,3044541364,3044545044,0,93375,93375,-1,1,9325,3680,32,32,32,1
12,3,"[4, 24, 6, 1, 1, 0, 0, 0, 0, 0, 0, 0, 0, 0, 0, 4, 24, 6, 1, 1, 0, 0, 0, 0, 0, 0, 0, 0, 0, 0]",1,128,144.0,1728.0,3044628460,3044637675,3044638419,3044641971,0,93535,93535,-1,1,9215,3552,32,32,32,1
12,3,"[4, 24, 6, 1, 1, 0, 0, 0, 0, 0, 0, 0, 0, 0, 0, 4, 24, 6, 1, 1, 0, 0, 0, 0, 0, 0, 0, 0, 0, 0]",1,128,144.0,1728.0,3044725691,3044734629,3044735506,3044739026,0,92415,92415,-1,1,8938,3520,32,32,32,1
16,3,"[4, 24, 0, 0, 0, 0, 0, 0, 0, 0, 0, 0, 0, 0, 0, 4, 0, 0, 0, 0, 0, 0, 0, 0, 0, 0, 0, 0, 0, 0]",1,128,24.0,196.0,3044821483,3044830815,3044831441,3044834865,0,94111,94111,-1,1,9332,3424,32,32,32,1
12,3,"[4, 24, 0, 0, 0, 0, 0, 0, 0, 0, 0, 0, 0, 0, 0, 4, 24, 0, 0, 0, 0, 0, 0, 0, 0, 0, 0, 0, 0, 0]",1,128,24.0,288.0,3044919078,3044928168,3044928976,3044932463,0,92831,92831,-1,1,9090,3487,32,32,32,1
12,3,"[4, 24, 0, 0, 0, 0, 0, 0, 0, 0, 0, 0, 0, 0, 0, 4, 24, 0, 0, 0, 0, 0, 0, 0, 0, 0, 0, 0, 0, 0]",1,128,24.0,288.0,3045015752,3045024523,3045025294,3045028782,0,94303,94303,-1,1,8771,3488,32,32,32,1
16,3,"[4, 24, 24, 1, 1, 0, 0, 0, 0, 0, 0, 0, 0, 0, 0, 4, 0, 0, 0, 0, 0, 0, 0, 0, 0, 0, 0, 0, 0, 0]",2,128,576.0,4612.0,3045113118,3045122492,3045123085,3045126509,0,96511,96511,-1,1,9374,3424,32,32,32,1
12,3,"[4, 24, 24, 1, 1, 0, 0, 0, 0, 0, 0, 0, 0, 0, 0, 4, 24, 24, 1, 1, 0, 0, 0, 0, 0, 0, 0, 0, 0, 0]",2,128,576.0,6912.0,3045213038,3045222396,3045223020,3045226508,0,95903,95903,-1,1,9358,3488,32,32,32,1
12,3,"[4, 24, 24, 1, 1, 0, 0, 0, 0, 0, 0, 0, 0, 0, 0, 4, 24, 24, 1, 1, 0, 0, 0, 0, 0, 0, 0, 0, 0, 0]",2,128,576.0,6912.0,3045312604,3045321633,3045322411,3045325866,0,94303,94303,-1,1,9029,3455,32,32,32,1
16,3,"[4, 24, 0, 0, 0, 0, 0, 0, 0, 0, 0, 0, 0, 0, 0, 4, 0, 0, 0, 0, 0, 0, 0, 0, 0, 0, 0, 0, 0, 0]",1,128,24.0,196.0,3045410052,3045419432,3045420169,3045423593,0,92063,92063,-1,1,9380,3424,32,32,32,1
12,3,"[4, 24, 0, 0, 0, 0, 0, 0, 0, 0, 0, 0, 0, 0, 0, 4, 24, 0, 0, 0, 0, 0, 0, 0, 0, 0, 0, 0, 0, 0]",1,128,24.0,288.0,3045505898,3045514928,3045515656,3045519144,0,91871,91871,-1,1,9030,3488,32,32,32,1
12,3,"[4, 24, 0, 0, 0, 0, 0, 0, 0, 0, 0, 0, 0, 0, 0, 4, 24, 0, 0, 0, 0, 0, 0, 0, 0, 0, 0, 0, 0, 0]",1,128,24.0,288.0,3045601345,3045610205,3045611015,3045614503,0,91231,91231,-1,1,8860,3488,32,32,32,1
16,3,"[4, 24, 0, 0, 0, 0, 0, 0, 0, 0, 0, 0, 0, 0, 0, 4, 0, 0, 0, 0, 0, 0, 0, 0, 0, 0, 0, 0, 0, 0]",1,128,24.0,196.0,3045695678,3045705073,3045705734,3045709126,0,91007,91007,-1,1,9395,3392,32,32,32,1
12,3,"[4, 24, 0, 0, 0, 0, 0, 0, 0, 0, 0, 0, 0, 0, 0, 4, 24, 0, 0, 0, 0, 0, 0, 0, 0, 0, 0, 0, 0, 0]",1,128,24.0,288.0,3045790466,3045799339,3045800133,3045803908,0,91967,91967,-1,1,8873,3775,32,32,32,1
12,3,"[4, 24, 0, 0, 0, 0, 0, 0, 0, 0, 0, 0, 0, 0, 0, 4, 24, 0, 0, 0, 0, 0, 0, 0, 0, 0, 0, 0, 0, 0]",1,128,24.0,288.0,3045886224,3045895288,3045895875,3045899395,0,94559,94559,-1,1,9064,3520,32,32,32,1
16,3,"[4, 144, 24, 1, 1, 0, 0, 0, 0, 0, 0, 0, 0, 0, 0, 4, 0, 0, 0, 0, 0, 0, 0, 0, 0, 0, 0, 0, 0, 0]",7,128,3456.0,27652.0,3045983725,3045993330,3045993954,3045997666,0,93503,93503,-1,1,9605,3712,32,32,32,1
12,3,"[4, 144, 24, 1, 1, 0, 0, 0, 0, 0, 0, 0, 0, 0, 0, 4, 144, 24, 1, 1, 0, 0, 0, 0, 0, 0, 0, 0, 0, 0]",7,128,3456.0,41472.0,3046081420,3046090345,3046091169,3046094785,0,93567,93567,-1,1,8925,3616,32,32,32,1
12,3,"[4, 144, 24, 1, 1, 0, 0, 0, 0, 0, 0, 0, 0, 0, 0, 4, 144, 24, 1, 1, 0, 0, 0, 0, 0, 0, 0, 0, 0, 0]",7,128,3456.0,41472.0,3046178639,3046187550,3046188352,3046192000,0,93246,93246,-1,1,8911,3648,32,32,32,1
16,3,"[4, 144, 0, 0, 0, 0, 0, 0, 0, 0, 0, 0, 0, 0, 0, 4, 0, 0, 0, 0, 0, 0, 0, 0, 0, 0, 0, 0, 0, 0]",1,128,144.0,1156.0,3046275220,3046284626,3046285246,3046288671,0,95646,95646,-1,1,9406,3425,32,32,32,1
12,3,"[4, 144, 0, 0, 0, 0, 0, 0, 0, 0, 0, 0, 0, 0, 0, 4, 144, 0, 0, 0, 0, 0, 0, 0, 0, 0, 0, 0, 0, 0]",1,128,144.0,1728.0,3046374050,3046383619,3046384317,3046387837,0,93215,93215,-1,1,9569,3520,32,32,32,1
12,3,"[4, 144, 0, 0, 0, 0, 0, 0, 0, 0, 0, 0, 0, 0, 0, 4, 144, 0, 0, 0, 0, 0, 0, 0, 0, 0, 0, 0, 0, 0]",1,128,144.0,1728.0,3046471267,3046480265,3046481052,3046484540,0,92799,92799,-1,1,8998,3488,32,32,32,1
16,3,"[4, 144, 0, 0, 0, 0, 0, 0, 0, 0, 0, 0, 0, 0, 0, 4, 0, 0, 0, 0, 0, 0, 0, 0, 0, 0, 0, 0, 0, 0]",1,128,144.0,1156.0,3046567420,3046576751,3046577339,3046580827,0,91999,91999,-1,1,9331,3488,32,32,32,1
12,3,"[4, 144, 0, 0, 0, 0, 0, 0, 0, 0, 0, 0, 0, 0, 0, 4, 144, 0, 0, 0, 0, 0, 0, 0, 0, 0, 0, 0, 0, 0]",1,128,144.0,1728.0,3046663078,3046672232,3046672826,3046676378,0,92383,92383,-1,1,9154,3552,32,32,32,1
12,3,"[4, 144, 0, 0, 0, 0, 0, 0, 0, 0, 0, 0, 0, 0, 0, 4, 144, 0, 0, 0, 0, 0, 0, 0, 0, 0, 0, 0, 0, 0]",1,128,144.0,1728.0,3046758959,3046767950,3046768761,3046772344,0,94463,94463,-1,1,8991,3583,32,32,32,1
16,3,"[4, 144, 1, 3, 3, 0, 0, 0, 0, 0, 0, 0, 0, 0, 0, 4, 0, 0, 0, 0, 0, 0, 0, 0, 0, 0, 0, 0, 0, 0]",3,128,1296.0,10372.0,3046856742,3046866212,3046866807,3046870295,0,94559,94559,-1,1,9470,3488,32,32,32,1
12,3,"[4, 144, 1, 3, 3, 0, 0, 0, 0, 0, 0, 0, 0, 0, 0, 4, 144, 1, 3, 3, 0, 0, 0, 0, 0, 0, 0, 0, 0, 0]",3,128,1296.0,15552.0,3046954954,3046964021,3046964854,3046968342,0,94495,94495,-1,1,9067,3488,32,32,32,1
12,3,"[4, 144, 1, 3, 3, 0, 0, 0, 0, 0, 0, 0, 0, 0, 0, 4, 144, 1, 3, 3, 0, 0, 0, 0, 0, 0, 0, 0, 0, 0]",3,128,1296.0,15552.0,3047052858,3047062046,3047062837,3047066421,0,93887,93887,-1,1,9188,3584,32,32,32,1
16,3,"[4, 144, 0, 0, 0, 0, 0, 0, 0, 0, 0, 0, 0, 0, 0, 4, 0, 0, 0, 0, 0, 0, 0, 0, 0, 0, 0, 0, 0, 0]",1,128,144.0,1156.0,3047150314,3047159702,3047160308,3047163764,0,92094,92094,-1,1,9388,3456,32,32,32,1
12,3,"[4, 144, 0, 0, 0, 0, 0, 0, 0, 0, 0, 0, 0, 0, 0, 4, 144, 0, 0, 0, 0, 0, 0, 0, 0, 0, 0, 0, 0, 0]",1,128,144.0,1728.0,3047246000,3047255234,3047255858,3047259411,0,96222,96222,-1,1,9234,3553,32,32,32,1
12,3,"[4, 144, 0, 0, 0, 0, 0, 0, 0, 0, 0, 0, 0, 0, 0, 4, 144, 0, 0, 0, 0, 0, 0, 0, 0, 0, 0, 0, 0, 0]",1,128,144.0,1728.0,3047345665,3047354892,3047355633,3047359121,0,95135,95135,-1,1,9227,3488,32,32,32,1
16,3,"[4, 144, 0, 0, 0, 0, 0, 0, 0, 0, 0, 0, 0, 0, 0, 4, 0, 0, 0, 0, 0, 0, 0, 0, 0, 0, 0, 0, 0, 0]",1,128,144.0,1156.0,3047443935,3047453739,3047454256,3047457680,0,92703,92703,-1,1,9804,3424,32,32,32,1
12,3,"[4, 144, 0, 0, 0, 0, 0, 0, 0, 0, 0, 0, 0, 0, 0, 4, 144, 0, 0, 0, 0, 0, 0, 0, 0, 0, 0, 0, 0, 0]",1,128,144.0,1728.0,3047540482,3047549713,3047550383,3047553934,0,99679,99679,-1,1,9231,3551,32,32,32,1
12,3,"[4, 144, 0, 0, 0, 0, 0, 0, 0, 0, 0, 0, 0, 0, 0, 4, 144, 0, 0, 0, 0, 0, 0, 0, 0, 0, 0, 0, 0, 0]",1,128,144.0,1728.0,3047643289,3047652881,3047653613,3047657101,0,96223,96223,-1,1,9592,3488,32,32,32,1
16,3,"[4, 6, 144, 1, 1, 0, 0, 0, 0, 0, 0, 0, 0, 0, 0, 4, 0, 0, 0, 0, 0, 0, 0, 0, 0, 0, 0, 0, 0, 0]",2,128,864.0,6916.0,3047743128,3047752598,3047753324,3047756844,0,313468,313468,-1,1,9470,3520,32,32,32,1
12,3,"[4, 6, 144, 1, 1, 0, 0, 0, 0, 0, 0, 0, 0, 0, 0, 4, 6, 144, 1, 1, 0, 0, 0, 0, 0, 0, 0, 0, 0, 0]",2,128,864.0,10368.0,3048055236,3048070285,3048070312,3048073896,0,105791,105791,-1,1,15049,3584,32,32,32,1
12,3,"[4, 6, 144, 1, 1, 0, 0, 0, 0, 0, 0, 0, 0, 0, 0, 4, 6, 144, 1, 1, 0, 0, 0, 0, 0, 0, 0, 0, 0, 0]",2,128,864.0,10368.0,3048168785,3048179201,3048179687,3048183239,0,98686,98686,-1,1,10416,3552,32,32,32,1
16,3,"[4, 6, 0, 0, 0, 0, 0, 0, 0, 0, 0, 0, 0, 0, 0, 4, 0, 0, 0, 0, 0, 0, 0, 0, 0, 0, 0, 0, 0, 0]",1,128,6.0,52.0,3048271363,3048281443,3048281925,3048285285,0,94655,94655,-1,1,10080,3360,32,32,32,1
12,3,"[4, 6, 0, 0, 0, 0, 0, 0, 0, 0, 0, 0, 0, 0, 0, 4, 6, 0, 0, 0, 0, 0, 0, 0, 0, 0, 0, 0, 0, 0]",1,128,6.0,72.0,3048369865,3048379218,3048379940,3048383428,0,93535,93535,-1,1,9353,3488,32,32,32,1
12,3,"[4, 6, 0, 0, 0, 0, 0, 0, 0, 0, 0, 0, 0, 0, 0, 4, 6, 0, 0, 0, 0, 0, 0, 0, 0, 0, 0, 0, 0, 0]",1,128,6.0,72.0,3048467097,3048476252,3048476963,3048480419,0,95039,95039,-1,1,9155,3456,32,32,32,1
16,3,"[4, 144, 6, 1, 1, 0, 0, 0, 0, 0, 0, 0, 0, 0, 0, 4, 0, 0, 0, 0, 0, 0, 0, 0, 0, 0, 0, 0, 0, 0]",2,128,864.0,6916.0,3048565401,3048574814,3048575458,3048578946,0,95326,95326,-1,1,9413,3488,32,32,32,1
12,3,"[4, 144, 6, 1, 1, 0, 0, 0, 0, 0, 0, 0, 0, 0, 0, 4, 144, 6, 1, 1, 0, 0, 0, 0, 0, 0, 0, 0, 0, 0]",2,128,864.0,10368.0,3048664116,3048676070,3048674272,3048677889,0,98782,98782,-1,1,11954,3617,32,32,32,1
12,3,"[4, 144, 6, 1, 1, 0, 0, 0, 0, 0, 0, 0, 0, 0, 0, 4, 144, 6, 1, 1, 0, 0, 0, 0, 0, 0, 0, 0, 0, 0]",2,128,864.0,10368.0,3048766625,3048775967,3048776671,3048780319,0,94239,94239,-1,1,9342,3648,32,32,32,1
16,3,"[4, 144, 0, 0, 0, 0, 0, 0, 0, 0, 0, 0, 0, 0, 0, 4, 0, 0, 0, 0, 0, 0, 0, 0, 0, 0, 0, 0, 0, 0]",1,128,144.0,1156.0,3048864271,3048874254,3048874558,3048877982,0,93823,93823,-1,1,9983,3424,32,32,32,1
12,3,"[4, 144, 0, 0, 0, 0, 0, 0, 0, 0, 0, 0, 0, 0, 0, 4, 144, 0, 0, 0, 0, 0, 0, 0, 0, 0, 0, 0, 0, 0]",1,128,144.0,1728.0,3048961954,3048971174,3048971805,3048975293,0,92831,92831,-1,1,9220,3488,32,32,32,1
12,3,"[4, 144, 0, 0, 0, 0, 0, 0, 0, 0, 0, 0, 0, 0, 0, 4, 144, 0, 0, 0, 0, 0, 0, 0, 0, 0, 0, 0, 0, 0]",1,128,144.0,1728.0,3049058193,3049067371,3049068124,3049071643,0,93728,93728,-1,1,9178,3519,32,32,32,1
16,3,"[4, 40, 144, 1, 1, 0, 0, 0, 0, 0, 0, 0, 0, 0, 0, 4, 0, 0, 0, 0, 0, 0, 0, 0, 0, 0, 0, 0, 0, 0]",12,128,5760.0,46084.0,3049155433,3049164752,3049165371,3049169082,0,95103,95103,-1,1,9319,3711,32,32,32,1
12,3,"[4, 40, 144, 1, 1, 0, 0, 0, 0, 0, 0, 0, 0, 0, 0, 4, 40, 144, 1, 1, 0, 0, 0, 0, 0, 0, 0, 0, 0, 0]",12,128,5760.0,69120.0,3049254278,3049263455,3049264185,3049267961,0,95231,95231,-1,1,9177,3776,32,32,32,1
12,3,"[4, 40, 144, 1, 1, 0, 0, 0, 0, 0, 0, 0, 0, 0, 0, 4, 40, 144, 1, 1, 0, 0, 0, 0, 0, 0, 0, 0, 0, 0]",12,128,5760.0,69120.0,3049353350,3049362384,3049363192,3049366744,0,93759,93759,-1,1,9034,3552,32,32,32,1
16,3,"[4, 40, 0, 0, 0, 0, 0, 0, 0, 0, 0, 0, 0, 0, 0, 4, 0, 0, 0, 0, 0, 0, 0, 0, 0, 0, 0, 0, 0, 0]",1,128,40.0,324.0,3049450258,3049459846,3049460503,3049463863,0,92575,92575,-1,1,9588,3360,32,32,32,1
12,3,"[4, 40, 0, 0, 0, 0, 0, 0, 0, 0, 0, 0, 0, 0, 0, 4, 40, 0, 0, 0, 0, 0, 0, 0, 0, 0, 0, 0, 0, 0]",1,128,40.0,480.0,3049546578,3049555623,3049556438,3049559861,0,96575,96575,-1,1,9045,3423,32,32,32,1
12,3,"[4, 40, 0, 0, 0, 0, 0, 0, 0, 0, 0, 0, 0, 0, 0, 4, 40, 0, 0, 0, 0, 0, 0, 0, 0, 0, 0, 0, 0, 0]",1,128,40.0,480.0,3049646361,3049655981,3049656436,3049659956,0,93791,93791,-1,1,9620,3520,32,32,32,1
16,3,"[4, 40, 0, 0, 0, 0, 0, 0, 0, 0, 0, 0, 0, 0, 0, 4, 0, 0, 0, 0, 0, 0, 0, 0, 0, 0, 0, 0, 0, 0]",1,128,40.0,324.0,3049743600,3049754791,3049753747,3049757107,0,95583,95583,-1,1,11191,3360,32,32,32,1
12,3,"[4, 40, 0, 0, 0, 0, 0, 0, 0, 0, 0, 0, 0, 0, 0, 4, 40, 0, 0, 0, 0, 0, 0, 0, 0, 0, 0, 0, 0, 0]",1,128,40.0,480.0,3049842573,3049851932,3049852690,3049856114,0,92255,92255,-1,1,9359,3424,32,32,32,1
12,3,"[4, 40, 0, 0, 0, 0, 0, 0, 0, 0, 0, 0, 0, 0, 0, 4, 40, 0, 0, 0, 0, 0, 0, 0, 0, 0, 0, 0, 0, 0]",1,128,40.0,480.0,3049938591,3049947571,3049948369,3049951825,0,92894,92894,-1,1,8980,3456,32,32,32,1
16,3,"[4, 240, 40, 1, 1, 0, 0, 0, 0, 0, 0, 0, 0, 0, 0, 4, 0, 0, 0, 0, 0, 0, 0, 0, 0, 0, 0, 0, 0, 0]",19,128,9600.0,76804.0,3050034807,3050044064,3050044719,3050048304,0,94558,94558,-1,1,9257,3585,32,32,32,1
12,3,"[4, 240, 40, 1, 1, 0, 0, 0, 0, 0, 0, 0, 0, 0, 0, 4, 240, 40, 1, 1, 0, 0, 0, 0, 0, 0, 0, 0, 0, 0]",19,128,9600.0,115200.0,3050133075,3050142199,3050142862,3050146766,0,94207,94207,-1,1,9124,3904,32,32,32,1
12,3,"[4, 240, 40, 1, 1, 0, 0, 0, 0, 0, 0, 0, 0, 0, 0, 4, 240, 40, 1, 1, 0, 0, 0, 0, 0, 0, 0, 0, 0, 0]",19,128,9600.0,115200.0,3050231018,3050240115,3050240973,3050244525,0,92191,92191,-1,1,9097,3552,32,32,32,1
16,3,"[4, 240, 0, 0, 0, 0, 0, 0, 0, 0, 0, 0, 0, 0, 0, 4, 0, 0, 0, 0, 0, 0, 0, 0, 0, 0, 0, 0, 0, 0]",1,128,240.0,1924.0,3050326659,3050336001,3050336716,3050340204,0,91967,91967,-1,1,9342,3488,32,32,32,1
12,3,"[4, 240, 0, 0, 0, 0, 0, 0, 0, 0, 0, 0, 0, 0, 0, 4, 240, 0, 0, 0, 0, 0, 0, 0, 0, 0, 0, 0, 0, 0]",1,128,240.0,2880.0,3050422403,3050431579,3050432171,3050435691,0,92703,92703,-1,1,9176,3520,32,32,32,1
12,3,"[4, 240, 0, 0, 0, 0, 0, 0, 0, 0, 0, 0, 0, 0, 0, 4, 240, 0, 0, 0, 0, 0, 0, 0, 0, 0, 0, 0, 0, 0]",1,128,240.0,2880.0,3050518540,3050527629,3050528394,3050531946,0,91998,91998,-1,1,9089,3552,32,32,32,1
16,3,"[4, 240, 0, 0, 0, 0, 0, 0, 0, 0, 0, 0, 0, 0, 0, 4, 0, 0, 0, 0, 0, 0, 0, 0, 0, 0, 0, 0, 0, 0]",1,128,240.0,1924.0,3050614081,3050623278,3050623944,3050627400,0,92927,92927,-1,1,9197,3456,32,32,32,1
12,3,"[4, 240, 0, 0, 0, 0, 0, 0, 0, 0, 0, 0, 0, 0, 0, 4, 240, 0, 0, 0, 0, 0, 0, 0, 0, 0, 0, 0, 0, 0]",1,128,240.0,2880.0,3050710335,3050719437,3050720327,3050723879,0,91871,91871,-1,1,9102,3552,32,32,32,1
12,3,"[4, 240, 0, 0, 0, 0, 0, 0, 0, 0, 0, 0, 0, 0, 0, 4, 240, 0, 0, 0, 0, 0, 0, 0, 0, 0, 0, 0, 0, 0]",1,128,240.0,2880.0,3050806203,3050816967,3050815750,3050819302,0,96799,96799,-1,1,10764,3552,32,32,32,1
16,3,"[4, 240, 1, 3, 3, 0, 0, 0, 0, 0, 0, 0, 0, 0, 0, 4, 0, 0, 0, 0, 0, 0, 0, 0, 0, 0, 0, 0, 0, 0]",5,128,2160.0,17284.0,3050905631,3050915474,3050916101,3050919589,0,93598,93598,-1,1,9843,3488,32,32,32,1
12,3,"[4, 240, 1, 3, 3, 0, 0, 0, 0, 0, 0, 0, 0, 0, 0, 4, 240, 1, 3, 3, 0, 0, 0, 0, 0, 0, 0, 0, 0, 0]",5,128,2160.0,25920.0,3051003466,3051012464,3051013187,3051016676,0,94494,94494,-1,1,8998,3489,32,32,32,1
12,3,"[4, 240, 1, 3, 3, 0, 0, 0, 0, 0, 0, 0, 0, 0, 0, 4, 240, 1, 3, 3, 0, 0, 0, 0, 0, 0, 0, 0, 0, 0]",5,128,2160.0,25920.0,3051101449,3051110337,3051111170,3051114722,0,94431,94431,-1,1,8888,3552,32,32,32,1
16,3,"[4, 240, 0, 0, 0, 0, 0, 0, 0, 0, 0, 0, 0, 0, 0, 4, 0, 0, 0, 0, 0, 0, 0, 0, 0, 0, 0, 0, 0, 0]",1,128,240.0,1924.0,3051198885,3051208464,3051209153,3051212641,0,91871,91871,-1,1,9579,3488,32,32,32,1
12,3,"[4, 240, 0, 0, 0, 0, 0, 0, 0, 0, 0, 0, 0, 0, 0, 4, 240, 0, 0, 0, 0, 0, 0, 0, 0, 0, 0, 0, 0, 0]",1,128,240.0,2880.0,3051294788,3051303787,3051304512,3051308064,0,92767,92767,-1,1,8999,3552,32,32,32,1
12,3,"[4, 240, 0, 0, 0, 0, 0, 0, 0, 0, 0, 0, 0, 0, 0, 4, 240, 0, 0, 0, 0, 0, 0, 0, 0, 0, 0, 0, 0, 0]",1,128,240.0,2880.0,3051391015,3051400035,3051400831,3051404383,0,92318,92318,-1,1,9020,3552,32,32,32,1
16,3,"[4, 240, 0, 0, 0, 0, 0, 0, 0, 0, 0, 0, 0, 0, 0, 4, 0, 0, 0, 0, 0, 0, 0, 0, 0, 0, 0, 0, 0, 0]",1,128,240.0,1924.0,3051486794,3051495989,3051496701,3051500157,0,92351,92351,-1,1,9195,3456,32,32,32,1
12,3,"[4, 240, 0, 0, 0, 0, 0, 0, 0, 0, 0, 0, 0, 0, 0, 4, 240, 0, 0, 0, 0, 0, 0, 0, 0, 0, 0, 0, 0, 0]",1,128,240.0,2880.0,3051582614,3051591747,3051592508,3051596124,0,104671,104671,-1,1,9133,3616,32,32,32,1
12,3,"[4, 240, 0, 0, 0, 0, 0, 0, 0, 0, 0, 0, 0, 0, 0, 4, 240, 0, 0, 0, 0, 0, 0, 0, 0, 0, 0, 0, 0, 0]",1,128,240.0,2880.0,3051690245,3051700215,3051700795,3051704347,0,96350,96350,-1,1,9970,3552,32,32,32,1
16,3,"[4, 10, 240, 1, 1, 0, 0, 0, 0, 0, 0, 0, 0, 0, 0, 4, 0, 0, 0, 0, 0, 0, 0, 0, 0, 0, 0, 0, 0, 0]",5,128,2400.0,19204.0,3051790295,3051800066,3051800697,3051804185,0,93631,93631,-1,1,9771,3488,32,32,32,1
12,3,"[4, 10, 240, 1, 1, 0, 0, 0, 0, 0, 0, 0, 0, 0, 0, 4, 10, 240, 1, 1, 0, 0, 0, 0, 0, 0, 0, 0, 0, 0]",5,128,2400.0,28800.0,3051887935,3051898844,3051897816,3051901433,0,95486,95486,-1,1,10909,3617,32,32,32,1
12,3,"[4, 10, 240, 1, 1, 0, 0, 0, 0, 0, 0, 0, 0, 0, 0, 4, 10, 240, 1, 1, 0, 0, 0, 0, 0, 0, 0, 0, 0, 0]",5,128,2400.0,28800.0,3051987074,3051996390,3051996919,3052000535,0,240413,240413,-1,1,9316,3616,32,32,32,1
16,3,"[4, 10, 0, 0, 0, 0, 0, 0, 0, 0, 0, 0, 0, 0, 0, 4, 0, 0, 0, 0, 0, 0, 0, 0, 0, 0, 0, 0, 0, 0]",1,128,10.0,84.0,3052227670,3052240740,3052240948,3052244308,0,106079,106079,-1,1,13070,3360,32,32,32,1
12,3,"[4, 10, 0, 0, 0, 0, 0, 0, 0, 0, 0, 0, 0, 0, 0, 4, 10, 0, 0, 0, 0, 0, 0, 0, 0, 0, 0, 0, 0, 0]",1,128,10.0,120.0,3052339440,3052349844,3052350387,3052353875,0,94559,94559,-1,1,10404,3488,32,32,32,1
12,3,"[4, 10, 0, 0, 0, 0, 0, 0, 0, 0, 0, 0, 0, 0, 0, 4, 10, 0, 0, 0, 0, 0, 0, 0, 0, 0, 0, 0, 0, 0]",1,128,10.0,120.0,3052438815,3052447648,3052448434,3052451890,0,94590,94590,-1,1,8833,3456,32,32,32,1
16,3,"[4, 240, 10, 1, 1, 0, 0, 0, 0, 0, 0, 0, 0, 0, 0, 4, 0, 0, 0, 0, 0, 0, 0, 0, 0, 0, 0, 0, 0, 0]",5,128,2400.0,19204.0,3052536442,3052545953,3052546480,3052550000,0,93247,93247,-1,1,9511,3520,32,32,32,1
12,3,"[4, 240, 10, 1, 1, 0, 0, 0, 0, 0, 0, 0, 0, 0, 0, 4, 240, 10, 1, 1, 0, 0, 0, 0, 0, 0, 0, 0, 0, 0]",5,128,2400.0,28800.0,3052633613,3052642513,3052643247,3052646927,0,92351,92351,-1,1,8900,3680,32,32,32,1
12,3,"[4, 240, 10, 1, 1, 0, 0, 0, 0, 0, 0, 0, 0, 0, 0, 4, 240, 10, 1, 1, 0, 0, 0, 0, 0, 0, 0, 0, 0, 0]",5,128,2400.0,28800.0,3052729621,3052738549,3052739278,3052742894,0,91839,91839,-1,1,8928,3616,32,32,32,1
16,3,"[4, 240, 0, 0, 0, 0, 0, 0, 0, 0, 0, 0, 0, 0, 0, 4, 0, 0, 0, 0, 0, 0, 0, 0, 0, 0, 0, 0, 0, 0]",1,128,240.0,1924.0,3052824860,3052834072,3052834733,3052838189,0,92319,92319,-1,1,9212,3456,32,32,32,1
12,3,"[4, 240, 0, 0, 0, 0, 0, 0, 0, 0, 0, 0, 0, 0, 0, 4, 240, 0, 0, 0, 0, 0, 0, 0, 0, 0, 0, 0, 0, 0]",1,128,240.0,2880.0,3052920651,3052929674,3052930508,3052934091,0,92288,92288,-1,1,9023,3583,32,32,32,1
12,3,"[4, 240, 0, 0, 0, 0, 0, 0, 0, 0, 0, 0, 0, 0, 0, 4, 240, 0, 0, 0, 0, 0, 0, 0, 0, 0, 0, 0, 0, 0]",1,128,240.0,2880.0,3053016640,3053025559,3053026379,3053029898,0,92415,92415,-1,1,8919,3519,32,32,32,1
16,3,"[4, 40, 240, 1, 1, 0, 0, 0, 0, 0, 0, 0, 0, 0, 0, 4, 0, 0, 0, 0, 0, 0, 0, 0, 0, 0, 0, 0, 0, 0]",19,128,9600.0,76804.0,3053112298,3053124293,3053122313,3053125993,0,97535,97535,-1,1,11995,3680,32,32,32,1
12,3,"[4, 40, 240, 1, 1, 0, 0, 0, 0, 0, 0, 0, 0, 0, 0, 4, 40, 240, 1, 1, 0, 0, 0, 0, 0, 0, 0, 0, 0, 0]",19,128,9600.0,115200.0,3053213708,3053222924,3053223528,3053227400,0,95902,95902,-1,1,9216,3872,32,32,32,1
12,3,"[4, 40, 240, 1, 1, 0, 0, 0, 0, 0, 0, 0, 0, 0, 0, 4, 40, 240, 1, 1, 0, 0, 0, 0, 0, 0, 0, 0, 0, 0]",19,128,9600.0,115200.0,3053313165,3053322480,3053323302,3053326887,0,94398,94398,-1,1,9315,3585,32,32,32,1
16,3,"[4, 40, 0, 0, 0, 0, 0, 0, 0, 0, 0, 0, 0, 0, 0, 4, 0, 0, 0, 0, 0, 0, 0, 0, 0, 0, 0, 0, 0, 0]",1,128,40.0,324.0,3053411361,3053420661,3053421285,3053424677,0,93759,93759,-1,1,9300,3392,32,32,32,1
12,3,"[4, 40, 0, 0, 0, 0, 0, 0, 0, 0, 0, 0, 0, 0, 0, 4, 40, 0, 0, 0, 0, 0, 0, 0, 0, 0, 0, 0, 0, 0]",1,128,40.0,480.0,3053508572,3053517679,3053518436,3053521924,0,92959,92959,-1,1,9107,3488,32,32,32,1
12,3,"[4, 40, 0, 0, 0, 0, 0, 0, 0, 0, 0, 0, 0, 0, 0, 4, 40, 0, 0, 0, 0, 0, 0, 0, 0, 0, 0, 0, 0, 0]",1,128,40.0,480.0,3053605205,3053613923,3053614883,3053618371,0,92479,92479,-1,1,8718,3488,32,32,32,1
16,3,"[4, 40, 0, 0, 0, 0, 0, 0, 0, 0, 0, 0, 0, 0, 0, 4, 0, 0, 0, 0, 0, 0, 0, 0, 0, 0, 0, 0, 0, 0]",1,128,40.0,324.0,3053700729,3053710186,3053710850,3053714242,0,92638,92638,-1,1,9457,3392,32,32,32,1
12,3,"[4, 40, 0, 0, 0, 0, 0, 0, 0, 0, 0, 0, 0, 0, 0, 4, 40, 0, 0, 0, 0, 0, 0, 0, 0, 0, 0, 0, 0, 0]",1,128,40.0,480.0,3053797098,3053806194,3053806880,3053810593,0,90142,90142,-1,1,9096,3713,32,32,32,1
12,3,"[4, 40, 0, 0, 0, 0, 0, 0, 0, 0, 0, 0, 0, 0, 0, 4, 40, 0, 0, 0, 0, 0, 0, 0, 0, 0, 0, 0, 0, 0]",1,128,40.0,480.0,3053891095,3053899885,3053900735,3053904447,0,95519,95519,-1,1,8790,3712,32,32,32,1
16,3,"[4, 240, 40, 1, 1, 0, 0, 0, 0, 0, 0, 0, 0, 0, 0, 4, 0, 0, 0, 0, 0, 0, 0, 0, 0, 0, 0, 0, 0, 0]",19,128,9600.0,76804.0,3053989748,3053999399,3053999966,3054003582,0,93855,93855,-1,1,9651,3616,32,32,32,1
12,3,"[4, 240, 40, 1, 1, 0, 0, 0, 0, 0, 0, 0, 0, 0, 0, 4, 240, 40, 1, 1, 0, 0, 0, 0, 0, 0, 0, 0, 0, 0]",19,128,9600.0,115200.0,3054087405,3054096792,3054097437,3054101277,0,94047,94047,-1,1,9387,3840,32,32,32,1
12,3,"[4, 240, 40, 1, 1, 0, 0, 0, 0, 0, 0, 0, 0, 0, 0, 4, 240, 40, 1, 1, 0, 0, 0, 0, 0, 0, 0, 0, 0, 0]",19,128,9600.0,115200.0,3054185363,3054194559,3054195324,3054198939,0,94207,94207,-1,1,9196,3615,32,32,32,1
16,3,"[4, 240, 0, 0, 0, 0, 0, 0, 0, 0, 0, 0, 0, 0, 0, 4, 0, 0, 0, 0, 0, 0, 0, 0, 0, 0, 0, 0, 0, 0]",1,128,240.0,1924.0,3054283181,3054292527,3054293146,3054296570,0,92639,92639,-1,1,9346,3424,32,32,32,1
12,3,"[4, 240, 0, 0, 0, 0, 0, 0, 0, 0, 0, 0, 0, 0, 0, 4, 240, 0, 0, 0, 0, 0, 0, 0, 0, 0, 0, 0, 0, 0]",1,128,240.0,2880.0,3054379300,3054388401,3054389209,3054392761,0,93791,93791,-1,1,9101,3552,32,32,32,1
12,3,"[4, 240, 0, 0, 0, 0, 0, 0, 0, 0, 0, 0, 0, 0, 0, 4, 240, 0, 0, 0, 0, 0, 0, 0, 0, 0, 0, 0, 0, 0]",1,128,240.0,2880.0,3054476496,3054485791,3054486552,3054490168,0,93599,93599,-1,1,9295,3616,32,32,32,1
16,3,"[4, 240, 0, 0, 0, 0, 0, 0, 0, 0, 0, 0, 0, 0, 0, 4, 0, 0, 0, 0, 0, 0, 0, 0, 0, 0, 0, 0, 0, 0]",1,128,240.0,1924.0,3054573865,3054583227,3054583767,3054587255,0,91743,91743,-1,1,9362,3488,32,32,32,1
12,3,"[4, 240, 0, 0, 0, 0, 0, 0, 0, 0, 0, 0, 0, 0, 0, 4, 240, 0, 0, 0, 0, 0, 0, 0, 0, 0, 0, 0, 0, 0]",1,128,240.0,2880.0,3054669217,3054678265,3054678998,3054682549,0,93279,93279,-1,1,9048,3551,32,32,32,1
12,3,"[4, 240, 0, 0, 0, 0, 0, 0, 0, 0, 0, 0, 0, 0, 0, 4, 240, 0, 0, 0, 0, 0, 0, 0, 0, 0, 0, 0, 0, 0]",1,128,240.0,2880.0,3054766128,3054775005,3054775828,3054779381,0,94174,94174,-1,1,8877,3553,32,32,32,1
16,3,"[4, 240, 1, 3, 3, 0, 0, 0, 0, 0, 0, 0, 0, 0, 0, 4, 0, 0, 0, 0, 0, 0, 0, 0, 0, 0, 0, 0, 0, 0]",5,128,2160.0,17284.0,3054863608,3054872897,3054873555,3054876979,0,92959,92959,-1,1,9289,3424,32,32,32,1
12,3,"[4, 240, 1, 3, 3, 0, 0, 0, 0, 0, 0, 0, 0, 0, 0, 4, 240, 1, 3, 3, 0, 0, 0, 0, 0, 0, 0, 0, 0, 0]",5,128,2160.0,25920.0,3054960179,3054969319,3054969938,3054973554,0,93919,93919,-1,1,9140,3616,32,32,32,1
12,3,"[4, 240, 1, 3, 3, 0, 0, 0, 0, 0, 0, 0, 0, 0, 0, 4, 240, 1, 3, 3, 0, 0, 0, 0, 0, 0, 0, 0, 0, 0]",5,128,2160.0,25920.0,3055057855,3055066676,3055067473,3055071089,0,93279,93279,-1,1,8821,3616,32,32,32,1
16,3,"[4, 240, 0, 0, 0, 0, 0, 0, 0, 0, 0, 0, 0, 0, 0, 4, 0, 0, 0, 0, 0, 0, 0, 0, 0, 0, 0, 0, 0, 0]",1,128,240.0,1924.0,3055154161,3055163683,3055164368,3055167888,0,95103,95103,-1,1,9522,3520,32,32,32,1
12,3,"[4, 240, 0, 0, 0, 0, 0, 0, 0, 0, 0, 0, 0, 0, 0, 4, 240, 0, 0, 0, 0, 0, 0, 0, 0, 0, 0, 0, 0, 0]",1,128,240.0,2880.0,3055252929,3055262220,3055262991,3055266510,0,94911,94911,-1,1,9291,3519,32,32,32,1
12,3,"[4, 240, 0, 0, 0, 0, 0, 0, 0, 0, 0, 0, 0, 0, 0, 4, 240, 0, 0, 0, 0, 0, 0, 0, 0, 0, 0, 0, 0, 0]",1,128,240.0,2880.0,3055351654,3055360694,3055361421,3055365037,0,93087,93087,-1,1,9040,3616,32,32,32,1
16,3,"[4, 240, 0, 0, 0, 0, 0, 0, 0, 0, 0, 0, 0, 0, 0, 4, 0, 0, 0, 0, 0, 0, 0, 0, 0, 0, 0, 0, 0, 0]",1,128,240.0,1924.0,3055448332,3055457422,3055458124,3055461548,0,92575,92575,-1,1,9090,3424,32,32,32,1
12,3,"[4, 240, 0, 0, 0, 0, 0, 0, 0, 0, 0, 0, 0, 0, 0, 4, 240, 0, 0, 0, 0, 0, 0, 0, 0, 0, 0, 0, 0, 0]",1,128,240.0,2880.0,3055544353,3055553550,3055554123,3055557675,0,100766,100766,-1,1,9197,3552,32,32,32,1
12,3,"[4, 240, 0, 0, 0, 0, 0, 0, 0, 0, 0, 0, 0, 0, 0, 4, 240, 0, 0, 0, 0, 0, 0, 0, 0, 0, 0, 0, 0, 0]",1,128,240.0,2880.0,3055648242,3055657706,3055658441,3055662121,0,96927,96927,-1,1,9464,3680,32,32,32,1
16,3,"[4, 10, 240, 1, 1, 0, 0, 0, 0, 0, 0, 0, 0, 0, 0, 4, 0, 0, 0, 0, 0, 0, 0, 0, 0, 0, 0, 0, 0, 0]",5,128,2400.0,19204.0,3055748723,3055758491,3055759048,3055762600,0,95167,95167,-1,1,9768,3552,32,32,32,1
12,3,"[4, 10, 240, 1, 1, 0, 0, 0, 0, 0, 0, 0, 0, 0, 0, 4, 10, 240, 1, 1, 0, 0, 0, 0, 0, 0, 0, 0, 0, 0]",5,128,2400.0,28800.0,3055848060,3055857072,3055857767,3055861351,0,95455,95455,-1,1,9012,3584,32,32,32,1
12,3,"[4, 10, 240, 1, 1, 0, 0, 0, 0, 0, 0, 0, 0, 0, 0, 4, 10, 240, 1, 1, 0, 0, 0, 0, 0, 0, 0, 0, 0, 0]",5,128,2400.0,28800.0,3055947010,3055956057,3055956806,3055960838,0,96126,96126,-1,1,9047,4032,32,32,32,1
16,3,"[4, 10, 0, 0, 0, 0, 0, 0, 0, 0, 0, 0, 0, 0, 0, 4, 0, 0, 0, 0, 0, 0, 0, 0, 0, 0, 0, 0, 0, 0]",1,128,10.0,84.0,3056046795,3056056375,3056056964,3056060389,0,93406,93406,-1,1,9580,3425,32,32,32,1
12,3,"[4, 10, 0, 0, 0, 0, 0, 0, 0, 0, 0, 0, 0, 0, 0, 4, 10, 0, 0, 0, 0, 0, 0, 0, 0, 0, 0, 0, 0, 0]",1,128,10.0,120.0,3056143756,3056153116,3056153795,3056157251,0,233565,233565,-1,1,9360,3456,32,32,32,1
12,3,"[4, 10, 0, 0, 0, 0, 0, 0, 0, 0, 0, 0, 0, 0, 0, 4, 10, 0, 0, 0, 0, 0, 0, 0, 0, 0, 0, 0, 0, 0]",1,128,10.0,120.0,3056378516,3056390357,3056390816,3056394304,0,109855,109855,-1,1,11841,3488,32,32,32,1
16,3,"[4, 240, 10, 1, 1, 0, 0, 0, 0, 0, 0, 0, 0, 0, 0, 4, 0, 0, 0, 0, 0, 0, 0, 0, 0, 0, 0, 0, 0, 0]",5,128,2400.0,19204.0,3056492819,3056503700,3056504159,3056507615,0,95679,95679,-1,1,10881,3456,32,32,32,1
12,3,"[4, 240, 10, 1, 1, 0, 0, 0, 0, 0, 0, 0, 0, 0, 0, 4, 240, 10, 1, 1, 0, 0, 0, 0, 0, 0, 0, 0, 0, 0]",5,128,2400.0,28800.0,3056593183,3056602535,3056603294,3056606974,0,94302,94302,-1,1,9352,3680,32,32,32,1
12,3,"[4, 240, 10, 1, 1, 0, 0, 0, 0, 0, 0, 0, 0, 0, 0, 4, 240, 10, 1, 1, 0, 0, 0, 0, 0, 0, 0, 0, 0, 0]",5,128,2400.0,28800.0,3056691314,3056700408,3056701276,3056704956,0,95135,95135,-1,1,9094,3680,32,32,32,1
16,3,"[4, 240, 0, 0, 0, 0, 0, 0, 0, 0, 0, 0, 0, 0, 0, 4, 0, 0, 0, 0, 0, 0, 0, 0, 0, 0, 0, 0, 0, 0]",1,128,240.0,1924.0,3056789894,3056799419,3056800091,3056803547,0,93087,93087,-1,1,9525,3456,32,32,32,1
12,3,"[4, 240, 0, 0, 0, 0, 0, 0, 0, 0, 0, 0, 0, 0, 0, 4, 240, 0, 0, 0, 0, 0, 0, 0, 0, 0, 0, 0, 0, 0]",1,128,240.0,2880.0,3056886548,3056895938,3056896634,3056900218,0,92031,92031,-1,1,9390,3584,32,32,32,1
12,3,"[4, 240, 0, 0, 0, 0, 0, 0, 0, 0, 0, 0, 0, 0, 0, 4, 240, 0, 0, 0, 0, 0, 0, 0, 0, 0, 0, 0, 0, 0]",1,128,240.0,2880.0,3056982455,3056991412,3056992249,3056995769,0,94079,94079,-1,1,8957,3520,32,32,32,1
16,3,"[4, 40, 240, 1, 1, 0, 0, 0, 0, 0, 0, 0, 0, 0, 0, 4, 0, 0, 0, 0, 0, 0, 0, 0, 0, 0, 0, 0, 0, 0]",19,128,9600.0,76804.0,3057079786,3057089197,3057089848,3057093400,0,93982,93982,-1,1,9411,3552,32,32,32,1
12,3,"[4, 40, 240, 1, 1, 0, 0, 0, 0, 0, 0, 0, 0, 0, 0, 4, 40, 240, 1, 1, 0, 0, 0, 0, 0, 0, 0, 0, 0, 0]",19,128,9600.0,115200.0,3057177566,3057186678,3057187382,3057191286,0,94527,94527,-1,1,9112,3904,32,32,32,1
12,3,"[4, 40, 240, 1, 1, 0, 0, 0, 0, 0, 0, 0, 0, 0, 0, 4, 40, 240, 1, 1, 0, 0, 0, 0, 0, 0, 0, 0, 0, 0]",19,128,9600.0,115200.0,3057275998,3057284974,3057285813,3057289589,0,93855,93855,-1,1,8976,3776,32,32,32,1
16,3,"[4, 40, 0, 0, 0, 0, 0, 0, 0, 0, 0, 0, 0, 0, 0, 4, 0, 0, 0, 0, 0, 0, 0, 0, 0, 0, 0, 0, 0, 0]",1,128,40.0,324.0,3057373036,3057382594,3057383444,3057386836,0,92255,92255,-1,1,9558,3392,32,32,32,1
12,3,"[4, 40, 0, 0, 0, 0, 0, 0, 0, 0, 0, 0, 0, 0, 0, 4, 40, 0, 0, 0, 0, 0, 0, 0, 0, 0, 0, 0, 0, 0]",1,128,40.0,480.0,3057469142,3057478313,3057479091,3057482579,0,96095,96095,-1,1,9171,3488,32,32,32,1
12,3,"[4, 40, 0, 0, 0, 0, 0, 0, 0, 0, 0, 0, 0, 0, 0, 4, 40, 0, 0, 0, 0, 0, 0, 0, 0, 0, 0, 0, 0, 0]",1,128,40.0,480.0,3057568855,3057577923,3057578674,3057582162,0,95006,95006,-1,1,9068,3488,32,32,32,1
16,3,"[4, 40, 0, 0, 0, 0, 0, 0, 0, 0, 0, 0, 0, 0, 0, 4, 0, 0, 0, 0, 0, 0, 0, 0, 0, 0, 0, 0, 0, 0]",1,128,40.0,324.0,3057667087,3057676449,3057677168,3057680528,0,92319,92319,-1,1,9362,3360,32,32,32,1
12,3,"[4, 40, 0, 0, 0, 0, 0, 0, 0, 0, 0, 0, 0, 0, 0, 4, 40, 0, 0, 0, 0, 0, 0, 0, 0, 0, 0, 0, 0, 0]",1,128,40.0,480.0,3057763105,3057772110,3057772847,3057776367,0,92063,92063,-1,1,9005,3520,32,32,32,1
12,3,"[4, 40, 0, 0, 0, 0, 0, 0, 0, 0, 0, 0, 0, 0, 0, 4, 40, 0, 0, 0, 0, 0, 0, 0, 0, 0, 0, 0, 0, 0]",1,128,40.0,480.0,3057858609,3057867543,3057868430,3057871886,0,93566,93566,-1,1,8934,3456,32,32,32,1
16,3,"[4, 240, 40, 1, 1, 0, 0, 0, 0, 0, 0, 0, 0, 0, 0, 4, 0, 0, 0, 0, 0, 0, 0, 0, 0, 0, 0, 0, 0, 0]",19,128,9600.0,76804.0,3057955469,3057964815,3057965452,3057969005,0,92991,92991,-1,1,9346,3553,32,32,32,1
12,3,"[4, 240, 40, 1, 1, 0, 0, 0, 0, 0, 0, 0, 0, 0, 0, 4, 240, 40, 1, 1, 0, 0, 0, 0, 0, 0, 0, 0, 0, 0]",19,128,9600.0,115200.0,3058052213,3058061388,3058061996,3058065995,0,94271,94271,-1,1,9175,3999,32,32,32,1
12,3,"[4, 240, 40, 1, 1, 0, 0, 0, 0, 0, 0, 0, 0, 0, 0, 4, 240, 40, 1, 1, 0, 0, 0, 0, 0, 0, 0, 0, 0, 0]",19,128,9600.0,115200.0,3058150244,3058159536,3058160266,3058163882,0,94975,94975,-1,1,9292,3616,32,32,32,1
16,3,"[4, 240, 0, 0, 0, 0, 0, 0, 0, 0, 0, 0, 0, 0, 0, 4, 0, 0, 0, 0, 0, 0, 0, 0, 0, 0, 0, 0, 0, 0]",1,128,240.0,1924.0,3058248851,3058258214,3058258857,3058262313,0,92863,92863,-1,1,9363,3456,32,32,32,1
12,3,"[4, 240, 0, 0, 0, 0, 0, 0, 0, 0, 0, 0, 0, 0, 0, 4, 240, 0, 0, 0, 0, 0, 0, 0, 0, 0, 0, 0, 0, 0]",1,128,240.0,2880.0,3058345330,3058354339,3058355176,3058358696,0,94207,94207,-1,1,9009,3520,32,32,32,1
12,3,"[4, 240, 0, 0, 0, 0, 0, 0, 0, 0, 0, 0, 0, 0, 0, 4, 240, 0, 0, 0, 0, 0, 0, 0, 0, 0, 0, 0, 0, 0]",1,128,240.0,2880.0,3058443145,3058452076,3058452903,3058456518,0,93151,93151,-1,1,8931,3615,32,32,32,1
16,3,"[4, 240, 0, 0, 0, 0, 0, 0, 0, 0, 0, 0, 0, 0, 0, 4, 0, 0, 0, 0, 0, 0, 0, 0, 0, 0, 0, 0, 0, 0]",1,128,240.0,1924.0,3058539721,3058550825,3058549669,3058553093,0,95519,95519,-1,1,11104,3424,32,32,32,1
12,3,"[4, 240, 0, 0, 0, 0, 0, 0, 0, 0, 0, 0, 0, 0, 0, 4, 240, 0, 0, 0, 0, 0, 0, 0, 0, 0, 0, 0, 0, 0]",1,128,240.0,2880.0,3058638863,3058647941,3058648612,3058652196,0,91967,91967,-1,1,9078,3584,32,32,32,1
12,3,"[4, 240, 0, 0, 0, 0, 0, 0, 0, 0, 0, 0, 0, 0, 0, 4, 240, 0, 0, 0, 0, 0, 0, 0, 0, 0, 0, 0, 0, 0]",1,128,240.0,2880.0,3058734443,3058743613,3058744163,3058747715,0,93919,93919,-1,1,9170,3552,32,32,32,1
16,3,"[4, 240, 1, 3, 3, 0, 0, 0, 0, 0, 0, 0, 0, 0, 0, 4, 0, 0, 0, 0, 0, 0, 0, 0, 0, 0, 0, 0, 0, 0]",5,128,2160.0,17284.0,3058831409,3058841023,3058841634,3058845250,0,93726,93726,-1,1,9614,3616,32,32,32,1
12,3,"[4, 240, 1, 3, 3, 0, 0, 0, 0, 0, 0, 0, 0, 0, 0, 4, 240, 1, 3, 3, 0, 0, 0, 0, 0, 0, 0, 0, 0, 0]",5,128,2160.0,25920.0,3058929180,3058938270,3058938976,3058942561,0,94622,94622,-1,1,9090,3585,32,32,32,1
12,3,"[4, 240, 1, 3, 3, 0, 0, 0, 0, 0, 0, 0, 0, 0, 0, 4, 240, 1, 3, 3, 0, 0, 0, 0, 0, 0, 0, 0, 0, 0]",5,128,2160.0,25920.0,3059027123,3059036398,3059037183,3059040703,0,92191,92191,-1,1,9275,3520,32,32,32,1
16,3,"[4, 240, 0, 0, 0, 0, 0, 0, 0, 0, 0, 0, 0, 0, 0, 4, 0, 0, 0, 0, 0, 0, 0, 0, 0, 0, 0, 0, 0, 0]",1,128,240.0,1924.0,3059123021,3059132270,3059132894,3059136350,0,93183,93183,-1,1,9249,3456,32,32,32,1
12,3,"[4, 240, 0, 0, 0, 0, 0, 0, 0, 0, 0, 0, 0, 0, 0, 4, 240, 0, 0, 0, 0, 0, 0, 0, 0, 0, 0, 0, 0, 0]",1,128,240.0,2880.0,3059219361,3059228784,3059229533,3059233213,0,91999,91999,-1,1,9423,3680,32,32,32,1
12,3,"[4, 240, 0, 0, 0, 0, 0, 0, 0, 0, 0, 0, 0, 0, 0, 4, 240, 0, 0, 0, 0, 0, 0, 0, 0, 0, 0, 0, 0, 0]",1,128,240.0,2880.0,3059315477,3059324436,3059325212,3059328860,0,91806,91806,-1,1,8959,3648,32,32,32,1
16,3,"[4, 240, 0, 0, 0, 0, 0, 0, 0, 0, 0, 0, 0, 0, 0, 4, 0, 0, 0, 0, 0, 0, 0, 0, 0, 0, 0, 0, 0, 0]",1,128,240.0,1924.0,3059410763,3059420040,3059420666,3059424122,0,93535,93535,-1,1,9277,3456,32,32,32,1
12,3,"[4, 240, 0, 0, 0, 0, 0, 0, 0, 0, 0, 0, 0, 0, 0, 4, 240, 0, 0, 0, 0, 0, 0, 0, 0, 0, 0, 0, 0, 0]",1,128,240.0,2880.0,3059507854,3059516958,3059517657,3059521337,0,93151,93151,-1,1,9104,3680,32,32,32,1
12,3,"[4, 240, 0, 0, 0, 0, 0, 0, 0, 0, 0, 0, 0, 0, 0, 4, 240, 0, 0, 0, 0, 0, 0, 0, 0, 0, 0, 0, 0, 0]",1,128,240.0,2880.0,3059604750,3059615823,3059614488,3059618040,0,105631,105631,-1,1,11073,3552,32,32,32,1
16,3,"[4, 10, 240, 1, 1, 0, 0, 0, 0, 0, 0, 0, 0, 0, 0, 4, 0, 0, 0, 0, 0, 0, 0, 0, 0, 0, 0, 0, 0, 0]",5,128,2400.0,19204.0,3059712968,3059723152,3059723671,3059727158,0,95007,95007,-1,1,10184,3487,32,32,32,1
12,3,"[4, 10, 240, 1, 1, 0, 0, 0, 0, 0, 0, 0, 0, 0, 0, 4, 10, 240, 1, 1, 0, 0, 0, 0, 0, 0, 0, 0, 0, 0]",5,128,2400.0,28800.0,3059812131,3059821585,3059822165,3059825845,0,93759,93759,-1,1,9454,3680,32,32,32,1
12,3,"[4, 10, 240, 1, 1, 0, 0, 0, 0, 0, 0, 0, 0, 0, 0, 4, 10, 240, 1, 1, 0, 0, 0, 0, 0, 0, 0, 0, 0, 0]",5,128,2400.0,28800.0,3059909727,3059918817,3059919604,3059923124,0,93983,93983,-1,1,9090,3520,32,32,32,1
16,3,"[4, 10, 0, 0, 0, 0, 0, 0, 0, 0, 0, 0, 0, 0, 0, 4, 0, 0, 0, 0, 0, 0, 0, 0, 0, 0, 0, 0, 0, 0]",1,128,10.0,84.0,3060007129,3060016425,3060017107,3060020531,0,92959,92959,-1,1,9296,3424,32,32,32,1
12,3,"[4, 10, 0, 0, 0, 0, 0, 0, 0, 0, 0, 0, 0, 0, 0, 4, 10, 0, 0, 0, 0, 0, 0, 0, 0, 0, 0, 0, 0, 0]",1,128,10.0,120.0,3060103593,3060112748,3060113490,3060116914,0,92959,92959,-1,1,9155,3424,32,32,32,1
12,3,"[4, 10, 0, 0, 0, 0, 0, 0, 0, 0, 0, 0, 0, 0, 0, 4, 10, 0, 0, 0, 0, 0, 0, 0, 0, 0, 0, 0, 0, 0]",1,128,10.0,120.0,3060199881,3060209082,3060209873,3060213361,0,92638,92638,-1,1,9201,3488,32,32,32,1
16,3,"[4, 240, 10, 1, 1, 0, 0, 0, 0, 0, 0, 0, 0, 0, 0, 4, 0, 0, 0, 0, 0, 0, 0, 0, 0, 0, 0, 0, 0, 0]",5,128,2400.0,19204.0,3060296008,3060305379,3060305999,3060309583,0,236669,236669,-1,1,9371,3584,32,32,32,1
12,3,"[4, 240, 10, 1, 1, 0, 0, 0, 0, 0, 0, 0, 0, 0, 0, 4, 240, 10, 1, 1, 0, 0, 0, 0, 0, 0, 0, 0, 0, 0]",5,128,2400.0,28800.0,3060533914,3060546088,3060546252,3060549964,0,106815,106815,-1,1,12174,3712,32,32,32,1
12,3,"[4, 240, 10, 1, 1, 0, 0, 0, 0, 0, 0, 0, 0, 0, 0, 4, 240, 10, 1, 1, 0, 0, 0, 0, 0, 0, 0, 0, 0, 0]",5,128,2400.0,28800.0,3060645991,3060656157,3060656779,3060660363,0,97759,97759,-1,1,10166,3584,32,32,32,1
16,3,"[4, 240, 0, 0, 0, 0, 0, 0, 0, 0, 0, 0, 0, 0, 0, 4, 0, 0, 0, 0, 0, 0, 0, 0, 0, 0, 0, 0, 0, 0]",1,128,240.0,1924.0,3060747634,3060757618,3060758122,3060761706,0,92510,92510,-1,1,9984,3584,32,32,32,1
12,3,"[4, 240, 0, 0, 0, 0, 0, 0, 0, 0, 0, 0, 0, 0, 0, 4, 240, 0, 0, 0, 0, 0, 0, 0, 0, 0, 0, 0, 0, 0]",1,128,240.0,2880.0,3060844214,3060855770,3060854216,3060857769,0,97054,97054,-1,1,11556,3553,32,32,32,1
12,3,"[4, 240, 0, 0, 0, 0, 0, 0, 0, 0, 0, 0, 0, 0, 0, 4, 240, 0, 0, 0, 0, 0, 0, 0, 0, 0, 0, 0, 0, 0]",1,128,240.0,2880.0,3060944510,3060954073,3060954823,3060958375,0,94975,94975,-1,1,9563,3552,32,32,32,1
16,3,"[4, 40, 240, 1, 1, 0, 0, 0, 0, 0, 0, 0, 0, 0, 0, 4, 0, 0, 0, 0, 0, 0, 0, 0, 0, 0, 0, 0, 0, 0]",19,128,9600.0,76804.0,3061043011,3061052742,3061053350,3061057126,0,92831,92831,-1,1,9731,3776,32,32,32,1
12,3,"[4, 40, 240, 1, 1, 0, 0, 0, 0, 0, 0, 0, 0, 0, 0, 4, 40, 240, 1, 1, 0, 0, 0, 0, 0, 0, 0, 0, 0, 0]",19,128,9600.0,115200.0,3061139978,3061149287,3061149957,3061153829,0,93855,93855,-1,1,9309,3872,32,32,32,1
12,3,"[4, 40, 240, 1, 1, 0, 0, 0, 0, 0, 0, 0, 0, 0, 0, 4, 40, 240, 1, 1, 0, 0, 0, 0, 0, 0, 0, 0, 0, 0]",19,128,9600.0,115200.0,3061238010,3061246974,3061247684,3061251332,0,92542,92542,-1,1,8964,3648,32,32,32,1
16,3,"[4, 40, 0, 0, 0, 0, 0, 0, 0, 0, 0, 0, 0, 0, 0, 4, 0, 0, 0, 0, 0, 0, 0, 0, 0, 0, 0, 0, 0, 0]",1,128,40.0,324.0,3061333960,3061343301,3061343874,3061347298,0,92127,92127,-1,1,9341,3424,32,32,32,1
12,3,"[4, 40, 0, 0, 0, 0, 0, 0, 0, 0, 0, 0, 0, 0, 0, 4, 40, 0, 0, 0, 0, 0, 0, 0, 0, 0, 0, 0, 0, 0]",1,128,40.0,480.0,3061429633,3061438721,3061439425,3061442913,0,94623,94623,-1,1,9088,3488,32,32,32,1
12,3,"[4, 40, 0, 0, 0, 0, 0, 0, 0, 0, 0, 0, 0, 0, 0, 4, 40, 0, 0, 0, 0, 0, 0, 0, 0, 0, 0, 0, 0, 0]",1,128,40.0,480.0,3061527819,3061536757,3061537536,3061540992,0,92799,92799,-1,1,8938,3456,32,32,32,1
16,3,"[4, 40, 0, 0, 0, 0, 0, 0, 0, 0, 0, 0, 0, 0, 0, 4, 0, 0, 0, 0, 0, 0, 0, 0, 0, 0, 0, 0, 0, 0]",1,128,40.0,324.0,3061623469,3061633237,3061633791,3061637471,0,94303,94303,-1,1,9768,3680,32,32,32,1
12,3,"[4, 40, 0, 0, 0, 0, 0, 0, 0, 0, 0, 0, 0, 0, 0, 4, 40, 0, 0, 0, 0, 0, 0, 0, 0, 0, 0, 0, 0, 0]",1,128,40.0,480.0,3061721885,3061731032,3061731774,3061735293,0,93567,93567,-1,1,9147,3519,32,32,32,1
12,3,"[4, 40, 0, 0, 0, 0, 0, 0, 0, 0, 0, 0, 0, 0, 0, 4, 40, 0, 0, 0, 0, 0, 0, 0, 0, 0, 0, 0, 0, 0]",1,128,40.0,480.0,3061818957,3061828103,3061828860,3061832348,0,94431,94431,-1,1,9146,3488,32,32,32,1
16,3,"[4, 240, 40, 1, 1, 0, 0, 0, 0, 0, 0, 0, 0, 0, 0, 4, 0, 0, 0, 0, 0, 0, 0, 0, 0, 0, 0, 0, 0, 0]",19,128,9600.0,76804.0,3061916736,3061928373,3061926779,3061930331,0,97535,97535,-1,1,11637,3552,32,32,32,1
12,3,"[4, 240, 40, 1, 1, 0, 0, 0, 0, 0, 0, 0, 0, 0, 0, 4, 240, 40, 1, 1, 0, 0, 0, 0, 0, 0, 0, 0, 0, 0]",19,128,9600.0,115200.0,3062017928,3062027153,3062027866,3062031770,0,93535,93535,-1,1,9225,3904,32,32,32,1
12,3,"[4, 240, 40, 1, 1, 0, 0, 0, 0, 0, 0, 0, 0, 0, 0, 4, 240, 40, 1, 1, 0, 0, 0, 0, 0, 0, 0, 0, 0, 0]",19,128,9600.0,115200.0,3062115538,3062124562,3062125305,3062128889,0,92606,92606,-1,1,9024,3584,32,32,32,1
16,3,"[4, 240, 0, 0, 0, 0, 0, 0, 0, 0, 0, 0, 0, 0, 0, 4, 0, 0, 0, 0, 0, 0, 0, 0, 0, 0, 0, 0, 0, 0]",1,128,240.0,1924.0,3062211335,3062220912,3062221495,3062225016,0,92478,92478,-1,1,9577,3521,32,32,32,1
12,3,"[4, 240, 0, 0, 0, 0, 0, 0, 0, 0, 0, 0, 0, 0, 0, 4, 240, 0, 0, 0, 0, 0, 0, 0, 0, 0, 0, 0, 0, 0]",1,128,240.0,2880.0,3062307670,3062316832,3062317494,3062321014,0,92607,92607,-1,1,9162,3520,32,32,32,1
12,3,"[4, 240, 0, 0, 0, 0, 0, 0, 0, 0, 0, 0, 0, 0, 0, 4, 240, 0, 0, 0, 0, 0, 0, 0, 0, 0, 0, 0, 0, 0]",1,128,240.0,2880.0,3062403958,3062412892,3062413621,3062417141,0,92063,92063,-1,1,8934,3520,32,32,32,1
16,3,"[4, 240, 0, 0, 0, 0, 0, 0, 0, 0, 0, 0, 0, 0, 0, 4, 0, 0, 0, 0, 0, 0, 0, 0, 0, 0, 0, 0, 0, 0]",1,128,240.0,1924.0,3062499319,3062508514,3062509204,3062512660,0,94719,94719,-1,1,9195,3456,32,32,32,1
12,3,"[4, 240, 0, 0, 0, 0, 0, 0, 0, 0, 0, 0, 0, 0, 0, 4, 240, 0, 0, 0, 0, 0, 0, 0, 0, 0, 0, 0, 0, 0]",1,128,240.0,2880.0,3062597244,3062606594,3062607379,3062610962,0,92959,92959,-1,1,9350,3583,32,32,32,1
12,3,"[4, 240, 0, 0, 0, 0, 0, 0, 0, 0, 0, 0, 0, 0, 0, 4, 240, 0, 0, 0, 0, 0, 0, 0, 0, 0, 0, 0, 0, 0]",1,128,240.0,2880.0,3062693998,3062703061,3062703921,3062707441,0,96287,96287,-1,1,9063,3520,32,32,32,1
16,3,"[4, 240, 1, 3, 3, 0, 0, 0, 0, 0, 0, 0, 0, 0, 0, 4, 0, 0, 0, 0, 0, 0, 0, 0, 0, 0, 0, 0, 0, 0]",5,128,2160.0,17284.0,3062793007,3062802746,3062803728,3062807184,0,94239,94239,-1,1,9739,3456,32,32,32,1
12,3,"[4, 240, 1, 3, 3, 0, 0, 0, 0, 0, 0, 0, 0, 0, 0, 4, 240, 1, 3, 3, 0, 0, 0, 0, 0, 0, 0, 0, 0, 0]",5,128,2160.0,25920.0,3062891049,3062900406,3062901423,3062905167,0,93727,93727,-1,1,9357,3744,32,32,32,1
12,3,"[4, 240, 1, 3, 3, 0, 0, 0, 0, 0, 0, 0, 0, 0, 0, 4, 240, 1, 3, 3, 0, 0, 0, 0, 0, 0, 0, 0, 0, 0]",5,128,2160.0,25920.0,3062989234,3063000245,3062998894,3063002350,0,97022,97022,-1,1,11011,3456,32,32,32,1
16,3,"[4, 240, 0, 0, 0, 0, 0, 0, 0, 0, 0, 0, 0, 0, 0, 4, 0, 0, 0, 0, 0, 0, 0, 0, 0, 0, 0, 0, 0, 0]",1,128,240.0,1924.0,3063088564,3063098286,3063099372,3063102797,0,93022,93022,-1,1,9722,3425,32,32,32,1
12,3,"[4, 240, 0, 0, 0, 0, 0, 0, 0, 0, 0, 0, 0, 0, 0, 4, 240, 0, 0, 0, 0, 0, 0, 0, 0, 0, 0, 0, 0, 0]",1,128,240.0,2880.0,3063185829,3063195022,3063195819,3063199307,0,93983,93983,-1,1,9193,3488,32,32,32,1
12,3,"[4, 240, 0, 0, 0, 0, 0, 0, 0, 0, 0, 0, 0, 0, 0, 4, 240, 0, 0, 0, 0, 0, 0, 0, 0, 0, 0, 0, 0, 0]",1,128,240.0,2880.0,3063282980,3063291791,3063293290,3063296842,0,92831,92831,-1,1,8811,3552,32,32,32,1
16,3,"[4, 240, 0, 0, 0, 0, 0, 0, 0, 0, 0, 0, 0, 0, 0, 4, 0, 0, 0, 0, 0, 0, 0, 0, 0, 0, 0, 0, 0, 0]",1,128,240.0,1924.0,3063379584,3063388992,3063389673,3063393193,0,92831,92831,-1,1,9408,3520,32,32,32,1
12,3,"[4, 240, 0, 0, 0, 0, 0, 0, 0, 0, 0, 0, 0, 0, 0, 4, 240, 0, 0, 0, 0, 0, 0, 0, 0, 0, 0, 0, 0, 0]",1,128,240.0,2880.0,3063476301,3063485425,3063486024,3063489735,0,94560,94560,-1,1,9124,3711,32,32,32,1
12,3,"[4, 240, 0, 0, 0, 0, 0, 0, 0, 0, 0, 0, 0, 0, 0, 4, 240, 0, 0, 0, 0, 0, 0, 0, 0, 0, 0, 0, 0, 0]",1,128,240.0,2880.0,3063574542,3063583901,3063584295,3063587846,0,104287,104287,-1,1,9359,3551,32,32,32,1
16,3,"[4, 10, 240, 1, 1, 0, 0, 0, 0, 0, 0, 0, 0, 0, 0, 4, 0, 0, 0, 0, 0, 0, 0, 0, 0, 0, 0, 0, 0, 0]",5,128,2400.0,19204.0,3063681702,3063691826,3063692133,3063695749,0,95583,95583,-1,1,10124,3616,32,32,32,1
12,3,"[4, 10, 240, 1, 1, 0, 0, 0, 0, 0, 0, 0, 0, 0, 0, 4, 10, 240, 1, 1, 0, 0, 0, 0, 0, 0, 0, 0, 0, 0]",5,128,2400.0,28800.0,3063781329,3063790515,3063791332,3063794948,0,93919,93919,-1,1,9186,3616,32,32,32,1
12,3,"[4, 10, 240, 1, 1, 0, 0, 0, 0, 0, 0, 0, 0, 0, 0, 4, 10, 240, 1, 1, 0, 0, 0, 0, 0, 0, 0, 0, 0, 0]",5,128,2400.0,28800.0,3063879027,3063888035,3063888867,3063892418,0,93855,93855,-1,1,9008,3551,32,32,32,1
16,3,"[4, 10, 0, 0, 0, 0, 0, 0, 0, 0, 0, 0, 0, 0, 0, 4, 0, 0, 0, 0, 0, 0, 0, 0, 0, 0, 0, 0, 0, 0]",1,128,10.0,84.0,3063975972,3063985622,3063986273,3063989633,0,95519,95519,-1,1,9650,3360,32,32,32,1
12,3,"[4, 10, 0, 0, 0, 0, 0, 0, 0, 0, 0, 0, 0, 0, 0, 4, 10, 0, 0, 0, 0, 0, 0, 0, 0, 0, 0, 0, 0, 0]",1,128,10.0,120.0,3064074834,3064084256,3064085152,3064088640,0,92895,92895,-1,1,9422,3488,32,32,32,1
12,3,"[4, 10, 0, 0, 0, 0, 0, 0, 0, 0, 0, 0, 0, 0, 0, 4, 10, 0, 0, 0, 0, 0, 0, 0, 0, 0, 0, 0, 0, 0]",1,128,10.0,120.0,3064171652,3064180757,3064181535,3064184991,0,93887,93887,-1,1,9105,3456,32,32,32,1
16,3,"[4, 240, 10, 1, 1, 0, 0, 0, 0, 0, 0, 0, 0, 0, 0, 4, 0, 0, 0, 0, 0, 0, 0, 0, 0, 0, 0, 0, 0, 0]",5,128,2400.0,19204.0,3064268808,3064278225,3064278878,3064282365,0,92383,92383,-1,1,9417,3487,32,32,32,1
12,3,"[4, 240, 10, 1, 1, 0, 0, 0, 0, 0, 0, 0, 0, 0, 0, 4, 240, 10, 1, 1, 0, 0, 0, 0, 0, 0, 0, 0, 0, 0]",5,128,2400.0,28800.0,3064365032,3064374054,3064374748,3064378365,0,94462,94462,-1,1,9022,3617,32,32,32,1
12,3,"[4, 240, 10, 1, 1, 0, 0, 0, 0, 0, 0, 0, 0, 0, 0, 4, 240, 10, 1, 1, 0, 0, 0, 0, 0, 0, 0, 0, 0, 0]",5,128,2400.0,28800.0,3064463152,3064472007,3064472827,3064476379,0,94015,94015,-1,1,8855,3552,32,32,32,1
16,3,"[4, 240, 0, 0, 0, 0, 0, 0, 0, 0, 0, 0, 0, 0, 0, 4, 0, 0, 0, 0, 0, 0, 0, 0, 0, 0, 0, 0, 0, 0]",1,128,240.0,1924.0,3064560277,3064569734,3064570394,3064573882,0,245405,245405,-1,1,9457,3488,32,32,32,1
12,3,"[4, 240, 0, 0, 0, 0, 0, 0, 0, 0, 0, 0, 0, 0, 0, 4, 240, 0, 0, 0, 0, 0, 0, 0, 0, 0, 0, 0, 0, 0]",1,128,240.0,2880.0,3064806086,3064818727,3064819287,3064822871,0,100319,100319,-1,1,12641,3584,32,32,32,1
12,3,"[4, 240, 0, 0, 0, 0, 0, 0, 0, 0, 0, 0, 0, 0, 0, 4, 240, 0, 0, 0, 0, 0, 0, 0, 0, 0, 0, 0, 0, 0]",1,128,240.0,2880.0,3064912709,3064922566,3064923190,3064926710,0,98719,98719,-1,1,9857,3520,32,32,32,1
16,3,"[4, 40, 240, 1, 1, 0, 0, 0, 0, 0, 0, 0, 0, 0, 0, 4, 0, 0, 0, 0, 0, 0, 0, 0, 0, 0, 0, 0, 0, 0]",19,128,9600.0,76804.0,3065014805,3065024787,3065025429,3065029204,0,94783,94783,-1,1,9982,3775,32,32,32,1
12,3,"[4, 40, 240, 1, 1, 0, 0, 0, 0, 0, 0, 0, 0, 0, 0, 4, 40, 240, 1, 1, 0, 0, 0, 0, 0, 0, 0, 0, 0, 0]",19,128,9600.0,115200.0,3065113953,3065123367,3065123987,3065127923,0,93247,93247,-1,1,9414,3936,32,32,32,1
12,3,"[4, 40, 240, 1, 1, 0, 0, 0, 0, 0, 0, 0, 0, 0, 0, 4, 40, 240, 1, 1, 0, 0, 0, 0, 0, 0, 0, 0, 0, 0]",19,128,9600.0,115200.0,3065211253,3065220380,3065221170,3065224786,0,96446,96446,-1,1,9127,3616,32,32,32,1
16,3,"[4, 40, 0, 0, 0, 0, 0, 0, 0, 0, 0, 0, 0, 0, 0, 4, 0, 0, 0, 0, 0, 0, 0, 0, 0, 0, 0, 0, 0, 0]",1,128,40.0,324.0,3065310793,3065320730,3065321232,3065324721,0,94686,94686,-1,1,9937,3489,32,32,32,1
12,3,"[4, 40, 0, 0, 0, 0, 0, 0, 0, 0, 0, 0, 0, 0, 0, 4, 40, 0, 0, 0, 0, 0, 0, 0, 0, 0, 0, 0, 0, 0]",1,128,40.0,480.0,3065409369,3065418706,3065419407,3065422960,0,92830,92830,-1,1,9337,3553,32,32,32,1
12,3,"[4, 40, 0, 0, 0, 0, 0, 0, 0, 0, 0, 0, 0, 0, 0, 4, 40, 0, 0, 0, 0, 0, 0, 0, 0, 0, 0, 0, 0, 0]",1,128,40.0,480.0,3065506069,3065515047,3065515790,3065519310,0,91967,91967,-1,1,8978,3520,32,32,32,1
16,3,"[4, 40, 0, 0, 0, 0, 0, 0, 0, 0, 0, 0, 0, 0, 0, 4, 0, 0, 0, 0, 0, 0, 0, 0, 0, 0, 0, 0, 0, 0]",1,128,40.0,324.0,3065601571,3065610725,3065611277,3065614701,0,91551,91551,-1,1,9154,3424,32,32,32,1
12,3,"[4, 40, 0, 0, 0, 0, 0, 0, 0, 0, 0, 0, 0, 0, 0, 4, 40, 0, 0, 0, 0, 0, 0, 0, 0, 0, 0, 0, 0, 0]",1,128,40.0,480.0,3065696550,3065705561,3065706252,3065709740,0,93343,93343,-1,1,9011,3488,32,32,32,1
12,3,"[4, 40, 0, 0, 0, 0, 0, 0, 0, 0, 0, 0, 0, 0, 0, 4, 40, 0, 0, 0, 0, 0, 0, 0, 0, 0, 0, 0, 0, 0]",1,128,40.0,480.0,3065793174,3065802315,3065803083,3065806538,0,94783,94783,-1,1,9141,3455,32,32,32,1
16,3,"[4, 240, 40, 1, 1, 0, 0, 0, 0, 0, 0, 0, 0, 0, 0, 4, 0, 0, 0, 0, 0, 0, 0, 0, 0, 0, 0, 0, 0, 0]",19,128,9600.0,76804.0,3065891222,3065900681,3065901321,3065905129,0,94207,94207,-1,1,9459,3808,32,32,32,1
12,3,"[4, 240, 40, 1, 1, 0, 0, 0, 0, 0, 0, 0, 0, 0, 0, 4, 240, 40, 1, 1, 0, 0, 0, 0, 0, 0, 0, 0, 0, 0]",19,128,9600.0,115200.0,3065989435,3065998493,3065999336,3066003208,0,94015,94015,-1,1,9058,3872,32,32,32,1
12,3,"[4, 240, 40, 1, 1, 0, 0, 0, 0, 0, 0, 0, 0, 0, 0, 4, 240, 40, 1, 1, 0, 0, 0, 0, 0, 0, 0, 0, 0, 0]",19,128,9600.0,115200.0,3066087511,3066096386,3066097223,3066100903,0,93023,93023,-1,1,8875,3680,32,32,32,1
16,3,"[4, 240, 0, 0, 0, 0, 0, 0, 0, 0, 0, 0, 0, 0, 0, 4, 0, 0, 0, 0, 0, 0, 0, 0, 0, 0, 0, 0, 0, 0]",1,128,240.0,1924.0,3066184003,3066193356,3066193926,3066197414,0,92767,92767,-1,1,9353,3488,32,32,32,1
12,3,"[4, 240, 0, 0, 0, 0, 0, 0, 0, 0, 0, 0, 0, 0, 0, 4, 240, 0, 0, 0, 0, 0, 0, 0, 0, 0, 0, 0, 0, 0]",1,128,240.0,2880.0,3066279877,3066289362,3066290181,3066293796,0,95711,95711,-1,1,9485,3615,32,32,32,1
12,3,"[4, 240, 0, 0, 0, 0, 0, 0, 0, 0, 0, 0, 0, 0, 0, 4, 240, 0, 0, 0, 0, 0, 0, 0, 0, 0, 0, 0, 0, 0]",1,128,240.0,2880.0,3066379629,3066388805,3066389507,3066393091,0,93055,93055,-1,1,9176,3584,32,32,32,1
16,3,"[4, 240, 0, 0, 0, 0, 0, 0, 0, 0, 0, 0, 0, 0, 0, 4, 0, 0, 0, 0, 0, 0, 0, 0, 0, 0, 0, 0, 0, 0]",1,128,240.0,1924.0,3066475974,3066485418,3066486146,3066489602,0,92607,92607,-1,1,9444,3456,32,32,32,1
12,3,"[4, 240, 0, 0, 0, 0, 0, 0, 0, 0, 0, 0, 0, 0, 0, 4, 240, 0, 0, 0, 0, 0, 0, 0, 0, 0, 0, 0, 0, 0]",1,128,240.0,2880.0,3066572202,3066581464,3066582209,3066585761,0,92959,92959,-1,1,9262,3552,32,32,32,1
12,3,"[4, 240, 0, 0, 0, 0, 0, 0, 0, 0, 0, 0, 0, 0, 0, 4, 240, 0, 0, 0, 0, 0, 0, 0, 0, 0, 0, 0, 0, 0]",1,128,240.0,2880.0,3066668890,3066677793,3066678720,3066682240,0,95166,95166,-1,1,8903,3520,32,32,32,1
16,3,"[4, 240, 1, 5, 5, 0, 0, 0, 0, 0, 0, 0, 0, 0, 0, 4, 0, 0, 0, 0, 0, 0, 0, 0, 0, 0, 0, 0, 0, 0]",12,128,6000.0,48004.0,3066767396,3066776769,3066777406,3066781150,0,94367,94367,-1,1,9373,3744,32,32,32,1
12,3,"[4, 240, 1, 5, 5, 0, 0, 0, 0, 0, 0, 0, 0, 0, 0, 4, 240, 1, 5, 5, 0, 0, 0, 0, 0, 0, 0, 0, 0, 0]",12,128,6000.0,72000.0,3066865618,3066874830,3066875517,3066879389,0,96799,96799,-1,1,9212,3872,32,32,32,1
12,3,"[4, 240, 1, 5, 5, 0, 0, 0, 0, 0, 0, 0, 0, 0, 0, 4, 240, 1, 5, 5, 0, 0, 0, 0, 0, 0, 0, 0, 0, 0]",12,128,6000.0,72000.0,3066966316,3066975473,3066976188,3066979804,0,93887,93887,-1,1,9157,3616,32,32,32,1
16,3,"[4, 240, 0, 0, 0, 0, 0, 0, 0, 0, 0, 0, 0, 0, 0, 4, 0, 0, 0, 0, 0, 0, 0, 0, 0, 0, 0, 0, 0, 0]",1,128,240.0,1924.0,3067063576,3067073060,3067073691,3067077147,0,92063,92063,-1,1,9484,3456,32,32,32,1
12,3,"[4, 240, 0, 0, 0, 0, 0, 0, 0, 0, 0, 0, 0, 0, 0, 4, 240, 0, 0, 0, 0, 0, 0, 0, 0, 0, 0, 0, 0, 0]",1,128,240.0,2880.0,3067159347,3067168529,3067169210,3067172730,0,93951,93951,-1,1,9182,3520,32,32,32,1
12,3,"[4, 240, 0, 0, 0, 0, 0, 0, 0, 0, 0, 0, 0, 0, 0, 4, 240, 0, 0, 0, 0, 0, 0, 0, 0, 0, 0, 0, 0, 0]",1,128,240.0,2880.0,3067256673,3067265913,3067266681,3067270200,0,92223,92223,-1,1,9240,3519,32,32,32,1
16,3,"[4, 240, 0, 0, 0, 0, 0, 0, 0, 0, 0, 0, 0, 0, 0, 4, 0, 0, 0, 0, 0, 0, 0, 0, 0, 0, 0, 0, 0, 0]",1,128,240.0,1924.0,3067352454,3067361831,3067362423,3067365879,0,94975,94975,-1,1,9377,3456,32,32,32,1
12,3,"[4, 240, 0, 0, 0, 0, 0, 0, 0, 0, 0, 0, 0, 0, 0, 4, 240, 0, 0, 0, 0, 0, 0, 0, 0, 0, 0, 0, 0, 0]",1,128,240.0,2880.0,3067450714,3067460159,3067460854,3067464406,0,93151,93151,-1,1,9445,3552,32,32,32,1
12,3,"[4, 240, 0, 0, 0, 0, 0, 0, 0, 0, 0, 0, 0, 0, 0, 4, 240, 0, 0, 0, 0, 0, 0, 0, 0, 0, 0, 0, 0, 0]",1,128,240.0,2880.0,3067547729,3067556830,3067557557,3067561109,0,100638,100638,-1,1,9101,3552,32,32,32,1
16,3,"[4, 10, 240, 1, 1, 0, 0, 0, 0, 0, 0, 0, 0, 0, 0, 4, 0, 0, 0, 0, 0, 0, 0, 0, 0, 0, 0, 0, 0, 0]",5,128,2400.0,19204.0,3067651347,3067661249,3067661747,3067665235,0,95903,95903,-1,1,9902,3488,32,32,32,1
12,3,"[4, 10, 240, 1, 1, 0, 0, 0, 0, 0, 0, 0, 0, 0, 0, 4, 10, 240, 1, 1, 0, 0, 0, 0, 0, 0, 0, 0, 0, 0]",5,128,2400.0,28800.0,3067751182,3067760545,3067761138,3067764754,0,95519,95519,-1,1,9363,3616,32,32,32,1
12,3,"[4, 10, 240, 1, 1, 0, 0, 0, 0, 0, 0, 0, 0, 0, 0, 4, 10, 240, 1, 1, 0, 0, 0, 0, 0, 0, 0, 0, 0, 0]",5,128,2400.0,28800.0,3067850237,3067859342,3067860273,3067863825,0,93023,93023,-1,1,9105,3552,32,32,32,1
16,3,"[4, 10, 0, 0, 0, 0, 0, 0, 0, 0, 0, 0, 0, 0, 0, 4, 0, 0, 0, 0, 0, 0, 0, 0, 0, 0, 0, 0, 0, 0]",1,128,10.0,84.0,3067946665,3067956261,3067956848,3067960240,0,92254,92254,-1,1,9596,3392,32,32,32,1
12,3,"[4, 10, 0, 0, 0, 0, 0, 0, 0, 0, 0, 0, 0, 0, 0, 4, 10, 0, 0, 0, 0, 0, 0, 0, 0, 0, 0, 0, 0, 0]",1,128,10.0,120.0,3068042657,3068051776,3068052494,3068055919,0,92350,92350,-1,1,9119,3425,32,32,32,1
12,3,"[4, 10, 0, 0, 0, 0, 0, 0, 0, 0, 0, 0, 0, 0, 0, 4, 10, 0, 0, 0, 0, 0, 0, 0, 0, 0, 0, 0, 0, 0]",1,128,10.0,120.0,3068138250,3068147371,3068148269,3068151725,0,93311,93311,-1,1,9121,3456,32,32,32,1
16,3,"[4, 240, 10, 1, 1, 0, 0, 0, 0, 0, 0, 0, 0, 0, 0, 4, 0, 0, 0, 0, 0, 0, 0, 0, 0, 0, 0, 0, 0, 0]",5,128,2400.0,19204.0,3068234813,3068244439,3068245036,3068248524,0,94047,94047,-1,1,9626,3488,32,32,32,1
12,3,"[4, 240, 10, 1, 1, 0, 0, 0, 0, 0, 0, 0, 0, 0, 0, 4, 240, 10, 1, 1, 0, 0, 0, 0, 0, 0, 0, 0, 0, 0]",5,128,2400.0,28800.0,3068332563,3068341860,3068342571,3068346283,0,93375,93375,-1,1,9297,3712,32,32,32,1
12,3,"[4, 240, 10, 1, 1, 0, 0, 0, 0, 0, 0, 0, 0, 0, 0, 4, 240, 10, 1, 1, 0, 0, 0, 0, 0, 0, 0, 0, 0, 0]",5,128,2400.0,28800.0,3068429832,3068441024,3068439658,3068443210,0,96607,96607,-1,1,11192,3552,32,32,32,1
16,3,"[4, 240, 0, 0, 0, 0, 0, 0, 0, 0, 0, 0, 0, 0, 0, 4, 0, 0, 0, 0, 0, 0, 0, 0, 0, 0, 0, 0, 0, 0]",1,128,240.0,1924.0,3068529592,3068539253,3068539817,3068543272,0,93023,93023,-1,1,9661,3455,32,32,32,1
12,3,"[4, 240, 0, 0, 0, 0, 0, 0, 0, 0, 0, 0, 0, 0, 0, 4, 240, 0, 0, 0, 0, 0, 0, 0, 0, 0, 0, 0, 0, 0]",1,128,240.0,2880.0,3068626273,3068635453,3068636295,3068639879,0,93183,93183,-1,1,9180,3584,32,32,32,1
12,3,"[4, 240, 0, 0, 0, 0, 0, 0, 0, 0, 0, 0, 0, 0, 0, 4, 240, 0, 0, 0, 0, 0, 0, 0, 0, 0, 0, 0, 0, 0]",1,128,240.0,2880.0,3068723273,3068732249,3068733062,3068736582,0,237277,237277,-1,1,8976,3520,32,32,32,1
16,3,"[4, 64, 240, 1, 1, 0, 0, 0, 0, 0, 0, 0, 0, 0, 0, 4, 0, 0, 0, 0, 0, 0, 0, 0, 0, 0, 0, 0, 0, 0]",30,128,15360.0,122884.0,3068961051,3068973618,3068973859,3068977475,0,107679,107679,-1,1,12567,3616,32,32,32,1
12,3,"[4, 64, 240, 1, 1, 0, 0, 0, 0, 0, 0, 0, 0, 0, 0, 4, 64, 240, 1, 1, 0, 0, 0, 0, 0, 0, 0, 0, 0, 0]",30,128,15360.0,184320.0,3069074140,3069084686,3069085154,3069089121,0,99263,99263,-1,1,10546,3967,32,32,32,1
12,3,"[4, 64, 240, 1, 1, 0, 0, 0, 0, 0, 0, 0, 0, 0, 0, 4, 64, 240, 1, 1, 0, 0, 0, 0, 0, 0, 0, 0, 0, 0]",30,128,15360.0,184320.0,3069178265,3069187584,3069188384,3069192096,0,95359,95359,-1,1,9319,3712,32,32,32,1
16,3,"[4, 64, 0, 0, 0, 0, 0, 0, 0, 0, 0, 0, 0, 0, 0, 4, 0, 0, 0, 0, 0, 0, 0, 0, 0, 0, 0, 0, 0, 0]",1,128,64.0,516.0,3069277315,3069286867,3069287455,3069290847,0,92223,92223,-1,1,9552,3392,32,32,32,1
12,3,"[4, 64, 0, 0, 0, 0, 0, 0, 0, 0, 0, 0, 0, 0, 0, 4, 64, 0, 0, 0, 0, 0, 0, 0, 0, 0, 0, 0, 0, 0]",1,128,64.0,768.0,3069373096,3069382336,3069383070,3069386526,0,92895,92895,-1,1,9240,3456,32,32,32,1
12,3,"[4, 64, 0, 0, 0, 0, 0, 0, 0, 0, 0, 0, 0, 0, 0, 4, 64, 0, 0, 0, 0, 0, 0, 0, 0, 0, 0, 0, 0, 0]",1,128,64.0,768.0,3069469717,3069478653,3069479421,3069482909,0,93247,93247,-1,1,8936,3488,32,32,32,1
16,3,"[4, 64, 0, 0, 0, 0, 0, 0, 0, 0, 0, 0, 0, 0, 0, 4, 0, 0, 0, 0, 0, 0, 0, 0, 0, 0, 0, 0, 0, 0]",1,128,64.0,516.0,3069565955,3069575440,3069576156,3069579579,0,92383,92383,-1,1,9485,3423,32,32,32,1
12,3,"[4, 64, 0, 0, 0, 0, 0, 0, 0, 0, 0, 0, 0, 0, 0, 4, 64, 0, 0, 0, 0, 0, 0, 0, 0, 0, 0, 0, 0, 0]",1,128,64.0,768.0,3069662007,3069673073,3069671962,3069675451,0,94910,94910,-1,1,11066,3489,32,32,32,1
12,3,"[4, 64, 0, 0, 0, 0, 0, 0, 0, 0, 0, 0, 0, 0, 0, 4, 64, 0, 0, 0, 0, 0, 0, 0, 0, 0, 0, 0, 0, 0]",1,128,64.0,768.0,3069760427,3069769570,3069770361,3069773849,0,94655,94655,-1,1,9143,3488,32,32,32,1
16,3,"[4, 384, 64, 1, 1, 0, 0, 0, 0, 0, 0, 0, 0, 0, 0, 4, 0, 0, 0, 0, 0, 0, 0, 0, 0, 0, 0, 0, 0, 0]",48,128,24576.0,196612.0,3069858294,3069867786,3069868504,3069872536,0,93279,93279,-1,1,9492,4032,32,32,32,1
12,3,"[4, 384, 64, 1, 1, 0, 0, 0, 0, 0, 0, 0, 0, 0, 0, 4, 384, 64, 1, 1, 0, 0, 0, 0, 0, 0, 0, 0, 0, 0]",48,128,24576.0,294912.0,3069955965,3069965074,3069965815,3069970039,0,94558,94558,-1,1,9109,4224,32,32,32,1
12,3,"[4, 384, 64, 1, 1, 0, 0, 0, 0, 0, 0, 0, 0, 0, 0, 4, 384, 64, 1, 1, 0, 0, 0, 0, 0, 0, 0, 0, 0, 0]",48,128,24576.0,294912.0,3070054553,3070063908,3070064597,3070068470,0,94462,94462,-1,1,9355,3873,32,32,32,1
16,3,"[4, 384, 0, 0, 0, 0, 0, 0, 0, 0, 0, 0, 0, 0, 0, 4, 0, 0, 0, 0, 0, 0, 0, 0, 0, 0, 0, 0, 0, 0]",1,128,384.0,3076.0,3070152808,3070162184,3070162932,3070166452,0,94239,94239,-1,1,9376,3520,32,32,32,1
12,3,"[4, 384, 0, 0, 0, 0, 0, 0, 0, 0, 0, 0, 0, 0, 0, 4, 384, 0, 0, 0, 0, 0, 0, 0, 0, 0, 0, 0, 0, 0]",1,128,384.0,4608.0,3070250643,3070259996,3070260691,3070264307,0,92799,92799,-1,1,9353,3616,32,32,32,1
12,3,"[4, 384, 0, 0, 0, 0, 0, 0, 0, 0, 0, 0, 0, 0, 0, 4, 384, 0, 0, 0, 0, 0, 0, 0, 0, 0, 0, 0, 0, 0]",1,128,384.0,4608.0,3070346991,3070356361,3070357106,3070360722,0,92415,92415,-1,1,9370,3616,32,32,32,1
16,3,"[4, 384, 0, 0, 0, 0, 0, 0, 0, 0, 0, 0, 0, 0, 0, 4, 0, 0, 0, 0, 0, 0, 0, 0, 0, 0, 0, 0, 0, 0]",1,128,384.0,3076.0,3070443131,3070452532,3070453137,3070456721,0,91902,91902,-1,1,9401,3584,32,32,32,1
12,3,"[4, 384, 0, 0, 0, 0, 0, 0, 0, 0, 0, 0, 0, 0, 0, 4, 384, 0, 0, 0, 0, 0, 0, 0, 0, 0, 0, 0, 0, 0]",1,128,384.0,4608.0,3070538724,3070547891,3070548623,3070552463,0,92767,92767,-1,1,9167,3840,32,32,32,1
12,3,"[4, 384, 0, 0, 0, 0, 0, 0, 0, 0, 0, 0, 0, 0, 0, 4, 384, 0, 0, 0, 0, 0, 0, 0, 0, 0, 0, 0, 0, 0]",1,128,384.0,4608.0,3070635082,3070644420,3070645230,3070648974,0,93119,93119,-1,1,9338,3744,32,32,32,1
16,3,"[4, 384, 1, 5, 5, 0, 0, 0, 0, 0, 0, 0, 0, 0, 0, 4, 0, 0, 0, 0, 0, 0, 0, 0, 0, 0, 0, 0, 0, 0]",19,128,9600.0,76804.0,3070732087,3070743573,3070742093,3070745837,0,96159,96159,-1,1,11486,3744,32,32,32,1
12,3,"[4, 384, 1, 5, 5, 0, 0, 0, 0, 0, 0, 0, 0, 0, 0, 4, 384, 1, 5, 5, 0, 0, 0, 0, 0, 0, 0, 0, 0, 0]",19,128,9600.0,115200.0,3070831968,3070841387,3070841996,3070845932,0,92926,92926,-1,1,9419,3936,32,32,32,1
12,3,"[4, 384, 1, 5, 5, 0, 0, 0, 0, 0, 0, 0, 0, 0, 0, 4, 384, 1, 5, 5, 0, 0, 0, 0, 0, 0, 0, 0, 0, 0]",19,128,9600.0,115200.0,3070928901,3070938099,3070938858,3070942634,0,95103,95103,-1,1,9198,3776,32,32,32,1
16,3,"[4, 384, 0, 0, 0, 0, 0, 0, 0, 0, 0, 0, 0, 0, 0, 4, 0, 0, 0, 0, 0, 0, 0, 0, 0, 0, 0, 0, 0, 0]",1,128,384.0,3076.0,3071027707,3071037174,3071037737,3071041353,0,93695,93695,-1,1,9467,3616,32,32,32,1
12,3,"[4, 384, 0, 0, 0, 0, 0, 0, 0, 0, 0, 0, 0, 0, 0, 4, 384, 0, 0, 0, 0, 0, 0, 0, 0, 0, 0, 0, 0, 0]",1,128,384.0,4608.0,3071125309,3071134448,3071135048,3071138664,0,95423,95423,-1,1,9139,3616,32,32,32,1
12,3,"[4, 384, 0, 0, 0, 0, 0, 0, 0, 0, 0, 0, 0, 0, 0, 4, 384, 0, 0, 0, 0, 0, 0, 0, 0, 0, 0, 0, 0, 0]",1,128,384.0,4608.0,3071224301,3071233321,3071234087,3071237703,0,92382,92382,-1,1,9020,3616,32,32,32,1
16,3,"[4, 384, 0, 0, 0, 0, 0, 0, 0, 0, 0, 0, 0, 0, 0, 4, 0, 0, 0, 0, 0, 0, 0, 0, 0, 0, 0, 0, 0, 0]",1,128,384.0,3076.0,3071319946,3071329408,3071330085,3071333542,0,93022,93022,-1,1,9462,3457,32,32,32,1
12,3,"[4, 384, 0, 0, 0, 0, 0, 0, 0, 0, 0, 0, 0, 0, 0, 4, 384, 0, 0, 0, 0, 0, 0, 0, 0, 0, 0, 0, 0, 0]",1,128,384.0,4608.0,3071416723,3071425833,3071426564,3071430180,0,93631,93631,-1,1,9110,3616,32,32,32,1
12,3,"[4, 384, 0, 0, 0, 0, 0, 0, 0, 0, 0, 0, 0, 0, 0, 4, 384, 0, 0, 0, 0, 0, 0, 0, 0, 0, 0, 0, 0, 0]",1,128,384.0,4608.0,3071513959,3071523062,3071523811,3071527395,0,94111,94111,-1,1,9103,3584,32,32,32,1
16,3,"[4, 16, 384, 1, 1, 0, 0, 0, 0, 0, 0, 0, 0, 0, 0, 4, 0, 0, 0, 0, 0, 0, 0, 0, 0, 0, 0, 0, 0, 0]",12,128,6144.0,49156.0,3071611337,3071620948,3071621506,3071625250,0,102655,102655,-1,1,9611,3744,32,32,32,1
12,3,"[4, 16, 384, 1, 1, 0, 0, 0, 0, 0, 0, 0, 0, 0, 0, 4, 16, 384, 1, 1, 0, 0, 0, 0, 0, 0, 0, 0, 0, 0]",12,128,6144.0,73728.0,3071717766,3071727246,3071727905,3071731808,0,95295,95295,-1,1,9480,3903,32,32,32,1
12,3,"[4, 16, 384, 1, 1, 0, 0, 0, 0, 0, 0, 0, 0, 0, 0, 4, 16, 384, 1, 1, 0, 0, 0, 0, 0, 0, 0, 0, 0, 0]",12,128,6144.0,73728.0,3071817173,3071828233,3071827103,3071830783,0,97535,97535,-1,1,11060,3680,32,32,32,1
16,3,"[4, 16, 0, 0, 0, 0, 0, 0, 0, 0, 0, 0, 0, 0, 0, 4, 0, 0, 0, 0, 0, 0, 0, 0, 0, 0, 0, 0, 0, 0]",1,128,16.0,132.0,3071918009,3071927782,3071928318,3071931710,0,94623,94623,-1,1,9773,3392,32,32,32,1
12,3,"[4, 16, 0, 0, 0, 0, 0, 0, 0, 0, 0, 0, 0, 0, 0, 4, 16, 0, 0, 0, 0, 0, 0, 0, 0, 0, 0, 0, 0, 0]",1,128,16.0,192.0,3072016590,3072025689,3072026333,3072029789,0,93119,93119,-1,1,9099,3456,32,32,32,1
12,3,"[4, 16, 0, 0, 0, 0, 0, 0, 0, 0, 0, 0, 0, 0, 0, 4, 16, 0, 0, 0, 0, 0, 0, 0, 0, 0, 0, 0, 0, 0]",1,128,16.0,192.0,3072113250,3072122207,3072122908,3072126364,0,94942,94942,-1,1,8957,3456,32,32,32,1
16,3,"[4, 384, 16, 1, 1, 0, 0, 0, 0, 0, 0, 0, 0, 0, 0, 4, 0, 0, 0, 0, 0, 0, 0, 0, 0, 0, 0, 0, 0, 0]",12,128,6144.0,49156.0,3072211395,3072220742,3072221306,3072224922,0,93279,93279,-1,1,9347,3616,32,32,32,1
12,3,"[4, 384, 16, 1, 1, 0, 0, 0, 0, 0, 0, 0, 0, 0, 0, 4, 384, 16, 1, 1, 0, 0, 0, 0, 0, 0, 0, 0, 0, 0]",12,128,6144.0,73728.0,3072308365,3072317573,3072318201,3072322137,0,93407,93407,-1,1,9208,3936,32,32,32,1
12,3,"[4, 384, 16, 1, 1, 0, 0, 0, 0, 0, 0, 0, 0, 0, 0, 4, 384, 16, 1, 1, 0, 0, 0, 0, 0, 0, 0, 0, 0, 0]",12,128,6144.0,73728.0,3072405629,3072414828,3072415544,3072419096,0,93471,93471,-1,1,9199,3552,32,32,32,1
16,3,"[4, 384, 0, 0, 0, 0, 0, 0, 0, 0, 0, 0, 0, 0, 0, 4, 0, 0, 0, 0, 0, 0, 0, 0, 0, 0, 0, 0, 0, 0]",1,128,384.0,3076.0,3072502882,3072512034,3072512567,3072516087,0,92415,92415,-1,1,9152,3520,32,32,32,1
12,3,"[4, 384, 0, 0, 0, 0, 0, 0, 0, 0, 0, 0, 0, 0, 0, 4, 384, 0, 0, 0, 0, 0, 0, 0, 0, 0, 0, 0, 0, 0]",1,128,384.0,4608.0,3072598692,3072607811,3072608502,3072612118,0,92798,92798,-1,1,9119,3616,32,32,32,1
12,3,"[4, 384, 0, 0, 0, 0, 0, 0, 0, 0, 0, 0, 0, 0, 0, 4, 384, 0, 0, 0, 0, 0, 0, 0, 0, 0, 0, 0, 0, 0]",1,128,384.0,4608.0,3072695184,3072704136,3072704916,3072708469,0,94078,94078,-1,1,8952,3553,32,32,32,1
16,3,"[4, 64, 384, 1, 1, 0, 0, 0, 0, 0, 0, 0, 0, 0, 0, 4, 0, 0, 0, 0, 0, 0, 0, 0, 0, 0, 0, 0, 0, 0]",48,128,24576.0,196612.0,3072792590,3072801894,3072802547,3072806675,0,92639,92639,-1,1,9304,4128,32,32,32,1
12,3,"[4, 64, 384, 1, 1, 0, 0, 0, 0, 0, 0, 0, 0, 0, 0, 4, 64, 384, 1, 1, 0, 0, 0, 0, 0, 0, 0, 0, 0, 0]",48,128,24576.0,294912.0,3072889423,3072900670,3072899314,3072903666,0,240573,240573,-1,1,11247,4352,32,32,32,1
12,3,"[4, 64, 384, 1, 1, 0, 0, 0, 0, 0, 0, 0, 0, 0, 0, 4, 64, 384, 1, 1, 0, 0, 0, 0, 0, 0, 0, 0, 0, 0]",48,128,24576.0,294912.0,3073131873,3073143782,3073144239,3073148111,0,109151,109151,-1,1,11909,3872,32,32,32,1
16,3,"[4, 64, 0, 0, 0, 0, 0, 0, 0, 0, 0, 0, 0, 0, 0, 4, 0, 0, 0, 0, 0, 0, 0, 0, 0, 0, 0, 0, 0, 0]",1,128,64.0,516.0,3073245881,3073256863,3073257262,3073260654,0,96126,96126,-1,1,10982,3392,32,32,32,1
12,3,"[4, 64, 0, 0, 0, 0, 0, 0, 0, 0, 0, 0, 0, 0, 0, 4, 64, 0, 0, 0, 0, 0, 0, 0, 0, 0, 0, 0, 0, 0]",1,128,64.0,768.0,3073346556,3073356085,3073356780,3073360300,0,94527,94527,-1,1,9529,3520,32,32,32,1
12,3,"[4, 64, 0, 0, 0, 0, 0, 0, 0, 0, 0, 0, 0, 0, 0, 4, 64, 0, 0, 0, 0, 0, 0, 0, 0, 0, 0, 0, 0, 0]",1,128,64.0,768.0,3073444821,3073454116,3073454827,3073458283,0,97151,97151,-1,1,9295,3456,32,32,32,1
16,3,"[4, 64, 0, 0, 0, 0, 0, 0, 0, 0, 0, 0, 0, 0, 0, 4, 0, 0, 0, 0, 0, 0, 0, 0, 0, 0, 0, 0, 0, 0]",1,128,64.0,516.0,3073545352,3073554938,3073555434,3073558858,0,92767,92767,-1,1,9586,3424,32,32,32,1
12,3,"[4, 64, 0, 0, 0, 0, 0, 0, 0, 0, 0, 0, 0, 0, 0, 4, 64, 0, 0, 0, 0, 0, 0, 0, 0, 0, 0, 0, 0, 0]",1,128,64.0,768.0,3073641750,3073650952,3073651625,3073655273,0,92798,92798,-1,1,9202,3648,32,32,32,1
12,3,"[4, 64, 0, 0, 0, 0, 0, 0, 0, 0, 0, 0, 0, 0, 0, 4, 64, 0, 0, 0, 0, 0, 0, 0, 0, 0, 0, 0, 0, 0]",1,128,64.0,768.0,3073738315,3073747345,3073748071,3073751591,0,94911,94911,-1,1,9030,3520,32,32,32,1
16,3,"[4, 384, 64, 1, 1, 0, 0, 0, 0, 0, 0, 0, 0, 0, 0, 4, 0, 0, 0, 0, 0, 0, 0, 0, 0, 0, 0, 0, 0, 0]",48,128,24576.0,196612.0,3073836058,3073845843,3073846502,3073850758,0,93599,93599,-1,1,9785,4256,32,32,32,1
12,3,"[4, 384, 64, 1, 1, 0, 0, 0, 0, 0, 0, 0, 0, 0, 0, 4, 384, 64, 1, 1, 0, 0, 0, 0, 0, 0, 0, 0, 0, 0]",48,128,24576.0,294912.0,3073934449,3073943527,3073944357,3073948549,0,95263,95263,-1,1,9078,4192,32,32,32,1
12,3,"[4, 384, 64, 1, 1, 0, 0, 0, 0, 0, 0, 0, 0, 0, 0, 4, 384, 64, 1, 1, 0, 0, 0, 0, 0, 0, 0, 0, 0, 0]",48,128,24576.0,294912.0,3074033605,3074043112,3074043812,3074047812,0,93983,93983,-1,1,9507,4000,32,32,32,1
16,3,"[4, 384, 0, 0, 0, 0, 0, 0, 0, 0, 0, 0, 0, 0, 0, 4, 0, 0, 0, 0, 0, 0, 0, 0, 0, 0, 0, 0, 0, 0]",1,128,384.0,3076.0,3074131360,3074143336,3074141795,3074145314,0,97215,97215,-1,1,11976,3519,32,32,32,1
12,3,"[4, 384, 0, 0, 0, 0, 0, 0, 0, 0, 0, 0, 0, 0, 0, 4, 384, 0, 0, 0, 0, 0, 0, 0, 0, 0, 0, 0, 0, 0]",1,128,384.0,4608.0,3074232606,3074241791,3074242529,3074246177,0,93695,93695,-1,1,9185,3648,32,32,32,1
12,3,"[4, 384, 0, 0, 0, 0, 0, 0, 0, 0, 0, 0, 0, 0, 0, 4, 384, 0, 0, 0, 0, 0, 0, 0, 0, 0, 0, 0, 0, 0]",1,128,384.0,4608.0,3074330215,3074339105,3074339872,3074343552,0,93919,93919,-1,1,8890,3680,32,32,32,1
16,3,"[4, 384, 0, 0, 0, 0, 0, 0, 0, 0, 0, 0, 0, 0, 0, 4, 0, 0, 0, 0, 0, 0, 0, 0, 0, 0, 0, 0, 0, 0]",1,128,384.0,3076.0,3074427653,3074436910,3074437471,3074441023,0,91423,91423,-1,1,9257,3552,32,32,32,1
12,3,"[4, 384, 0, 0, 0, 0, 0, 0, 0, 0, 0, 0, 0, 0, 0, 4, 384, 0, 0, 0, 0, 0, 0, 0, 0, 0, 0, 0, 0, 0]",1,128,384.0,4608.0,3074522842,3074531661,3074532446,3074536094,0,92927,92927,-1,1,8819,3648,32,32,32,1
12,3,"[4, 384, 0, 0, 0, 0, 0, 0, 0, 0, 0, 0, 0, 0, 0, 4, 384, 0, 0, 0, 0, 0, 0, 0, 0, 0, 0, 0, 0, 0]",1,128,384.0,4608.0,3074619235,3074628292,3074629021,3074632669,0,94142,94142,-1,1,9057,3648,32,32,32,1
16,3,"[4, 384, 1, 5, 5, 0, 0, 0, 0, 0, 0, 0, 0, 0, 0, 4, 0, 0, 0, 0, 0, 0, 0, 0, 0, 0, 0, 0, 0, 0]",19,128,9600.0,76804.0,3074716779,3074726199,3074726811,3074730619,0,92607,92607,-1,1,9420,3808,32,32,32,1
12,3,"[4, 384, 1, 5, 5, 0, 0, 0, 0, 0, 0, 0, 0, 0, 0, 4, 384, 1, 5, 5, 0, 0, 0, 0, 0, 0, 0, 0, 0, 0]",19,128,9600.0,115200.0,3074813456,3074822494,3074823226,3074827002,0,92959,92959,-1,1,9038,3776,32,32,32,1
12,3,"[4, 384, 1, 5, 5, 0, 0, 0, 0, 0, 0, 0, 0, 0, 0, 4, 384, 1, 5, 5, 0, 0, 0, 0, 0, 0, 0, 0, 0, 0]",19,128,9600.0,115200.0,3074910113,3074919204,3074919961,3074923577,0,92575,92575,-1,1,9091,3616,32,32,32,1
16,3,"[4, 384, 0, 0, 0, 0, 0, 0, 0, 0, 0, 0, 0, 0, 0, 4, 0, 0, 0, 0, 0, 0, 0, 0, 0, 0, 0, 0, 0, 0]",1,128,384.0,3076.0,3075006139,3075015543,3075016152,3075019672,0,92543,92543,-1,1,9404,3520,32,32,32,1
12,3,"[4, 384, 0, 0, 0, 0, 0, 0, 0, 0, 0, 0, 0, 0, 0, 4, 384, 0, 0, 0, 0, 0, 0, 0, 0, 0, 0, 0, 0, 0]",1,128,384.0,4608.0,3075102300,3075111557,3075112215,3075115830,0,95967,95967,-1,1,9257,3615,32,32,32,1
12,3,"[4, 384, 0, 0, 0, 0, 0, 0, 0, 0, 0, 0, 0, 0, 0, 4, 384, 0, 0, 0, 0, 0, 0, 0, 0, 0, 0, 0, 0, 0]",1,128,384.0,4608.0,3075201800,3075211091,3075211797,3075215381,0,96479,96479,-1,1,9291,3584,32,32,32,1
16,3,"[4, 384, 0, 0, 0, 0, 0, 0, 0, 0, 0, 0, 0, 0, 0, 4, 0, 0, 0, 0, 0, 0, 0, 0, 0, 0, 0, 0, 0, 0]",1,128,384.0,3076.0,3075301654,3075311226,3075311860,3075315348,0,92927,92927,-1,1,9572,3488,32,32,32,1
12,3,"[4, 384, 0, 0, 0, 0, 0, 0, 0, 0, 0, 0, 0, 0, 0, 4, 384, 0, 0, 0, 0, 0, 0, 0, 0, 0, 0, 0, 0, 0]",1,128,384.0,4608.0,3075398188,3075407531,3075408275,3075411987,0,95582,95582,-1,1,9343,3712,32,32,32,1
12,3,"[4, 384, 0, 0, 0, 0, 0, 0, 0, 0, 0, 0, 0, 0, 0, 4, 384, 0, 0, 0, 0, 0, 0, 0, 0, 0, 0, 0, 0, 0]",1,128,384.0,4608.0,3075497674,3075506634,3075507569,3075511185,0,98207,98207,-1,1,8960,3616,32,32,32,1
16,3,"[4, 16, 384, 1, 1, 0, 0, 0, 0, 0, 0, 0, 0, 0, 0, 4, 0, 0, 0, 0, 0, 0, 0, 0, 0, 0, 0, 0, 0, 0]",12,128,6144.0,49156.0,3075599072,3075608772,3075609392,3075612912,0,106591,106591,-1,1,9700,3520,32,32,32,1
12,3,"[4, 16, 384, 1, 1, 0, 0, 0, 0, 0, 0, 0, 0, 0, 0, 4, 16, 384, 1, 1, 0, 0, 0, 0, 0, 0, 0, 0, 0, 0]",12,128,6144.0,73728.0,3075709220,3075718893,3075719503,3075723407,0,95935,95935,-1,1,9673,3904,32,32,32,1
12,3,"[4, 16, 384, 1, 1, 0, 0, 0, 0, 0, 0, 0, 0, 0, 0, 4, 16, 384, 1, 1, 0, 0, 0, 0, 0, 0, 0, 0, 0, 0]",12,128,6144.0,73728.0,3075809457,3075818732,3075819342,3075823021,0,96159,96159,-1,1,9275,3679,32,32,32,1
16,3,"[4, 16, 0, 0, 0, 0, 0, 0, 0, 0, 0, 0, 0, 0, 0, 4, 0, 0, 0, 0, 0, 0, 0, 0, 0, 0, 0, 0, 0, 0]",1,128,16.0,132.0,3075908634,3075918564,3075919180,3075922796,0,93247,93247,-1,1,9930,3616,32,32,32,1
12,3,"[4, 16, 0, 0, 0, 0, 0, 0, 0, 0, 0, 0, 0, 0, 0, 4, 16, 0, 0, 0, 0, 0, 0, 0, 0, 0, 0, 0, 0, 0]",1,128,16.0,192.0,3076006182,3076015295,3076016043,3076019499,0,93983,93983,-1,1,9113,3456,32,32,32,1
12,3,"[4, 16, 0, 0, 0, 0, 0, 0, 0, 0, 0, 0, 0, 0, 0, 4, 16, 0, 0, 0, 0, 0, 0, 0, 0, 0, 0, 0, 0, 0]",1,128,16.0,192.0,3076103554,3076112594,3076113482,3076116970,0,94111,94111,-1,1,9040,3488,32,32,32,1
16,3,"[4, 384, 16, 1, 1, 0, 0, 0, 0, 0, 0, 0, 0, 0, 0, 4, 0, 0, 0, 0, 0, 0, 0, 0, 0, 0, 0, 0, 0, 0]",12,128,6144.0,49156.0,3076200554,3076210077,3076211081,3076214761,0,96798,96798,-1,1,9523,3680,32,32,32,1
12,3,"[4, 384, 16, 1, 1, 0, 0, 0, 0, 0, 0, 0, 0, 0, 0, 4, 384, 16, 1, 1, 0, 0, 0, 0, 0, 0, 0, 0, 0, 0]",12,128,6144.0,73728.0,3076301121,3076310742,3076311559,3076315303,0,95967,95967,-1,1,9621,3744,32,32,32,1
12,3,"[4, 384, 16, 1, 1, 0, 0, 0, 0, 0, 0, 0, 0, 0, 0, 4, 384, 16, 1, 1, 0, 0, 0, 0, 0, 0, 0, 0, 0, 0]",12,128,6144.0,73728.0,3076401410,3076410493,3076411270,3076414822,0,93983,93983,-1,1,9083,3552,32,32,32,1
16,3,"[4, 384, 0, 0, 0, 0, 0, 0, 0, 0, 0, 0, 0, 0, 0, 4, 0, 0, 0, 0, 0, 0, 0, 0, 0, 0, 0, 0, 0, 0]",1,128,384.0,3076.0,3076498680,3076508082,3076508805,3076512293,0,93151,93151,-1,1,9402,3488,32,32,32,1
12,3,"[4, 384, 0, 0, 0, 0, 0, 0, 0, 0, 0, 0, 0, 0, 0, 4, 384, 0, 0, 0, 0, 0, 0, 0, 0, 0, 0, 0, 0, 0]",1,128,384.0,4608.0,3076595559,3076604730,3076605444,3076609060,0,92318,92318,-1,1,9171,3616,32,32,32,1
12,3,"[4, 384, 0, 0, 0, 0, 0, 0, 0, 0, 0, 0, 0, 0, 0, 4, 384, 0, 0, 0, 0, 0, 0, 0, 0, 0, 0, 0, 0, 0]",1,128,384.0,4608.0,3076691614,3076700584,3076701378,3076704994,0,94047,94047,-1,1,8970,3616,32,32,32,1
16,3,"[4, 64, 384, 1, 1, 0, 0, 0, 0, 0, 0, 0, 0, 0, 0, 4, 0, 0, 0, 0, 0, 0, 0, 0, 0, 0, 0, 0, 0, 0]",48,128,24576.0,196612.0,3076789069,3076798404,3076799041,3076803169,0,92767,92767,-1,1,9335,4128,32,32,32,1
12,3,"[4, 64, 384, 1, 1, 0, 0, 0, 0, 0, 0, 0, 0, 0, 0, 4, 64, 384, 1, 1, 0, 0, 0, 0, 0, 0, 0, 0, 0, 0]",48,128,24576.0,294912.0,3076886287,3076895233,3076895936,3076900192,0,93663,93663,-1,1,8946,4256,32,32,32,1
12,3,"[4, 64, 384, 1, 1, 0, 0, 0, 0, 0, 0, 0, 0, 0, 0, 4, 64, 384, 1, 1, 0, 0, 0, 0, 0, 0, 0, 0, 0, 0]",48,128,24576.0,294912.0,3076984098,3076993044,3076993855,3076997727,0,95006,95006,-1,1,8946,3872,32,32,32,1
16,3,"[4, 64, 0, 0, 0, 0, 0, 0, 0, 0, 0, 0, 0, 0, 0, 4, 0, 0, 0, 0, 0, 0, 0, 0, 0, 0, 0, 0, 0, 0]",1,128,64.0,516.0,3077082730,3077092074,3077092733,3077096158,0,233629,233629,-1,1,9344,3425,32,32,32,1
12,3,"[4, 64, 0, 0, 0, 0, 0, 0, 0, 0, 0, 0, 0, 0, 0, 4, 64, 0, 0, 0, 0, 0, 0, 0, 0, 0, 0, 0, 0, 0]",1,128,64.0,768.0,3077317498,3077329274,3077329787,3077333243,0,106302,106302,-1,1,11776,3456,32,32,32,1
12,3,"[4, 64, 0, 0, 0, 0, 0, 0, 0, 0, 0, 0, 0, 0, 0, 4, 64, 0, 0, 0, 0, 0, 0, 0, 0, 0, 0, 0, 0, 0]",1,128,64.0,768.0,3077428789,3077438919,3077439545,3077443033,0,101215,101215,-1,1,10130,3488,32,32,32,1
16,3,"[4, 64, 0, 0, 0, 0, 0, 0, 0, 0, 0, 0, 0, 0, 0, 4, 0, 0, 0, 0, 0, 0, 0, 0, 0, 0, 0, 0, 0, 0]",1,128,64.0,516.0,3077533709,3077543765,3077544248,3077547640,0,93951,93951,-1,1,10056,3392,32,32,32,1
12,3,"[4, 64, 0, 0, 0, 0, 0, 0, 0, 0, 0, 0, 0, 0, 0, 4, 64, 0, 0, 0, 0, 0, 0, 0, 0, 0, 0, 0, 0, 0]",1,128,64.0,768.0,3077631594,3077640854,3077641591,3077645047,0,94078,94078,-1,1,9260,3456,32,32,32,1
12,3,"[4, 64, 0, 0, 0, 0, 0, 0, 0, 0, 0, 0, 0, 0, 0, 4, 64, 0, 0, 0, 0, 0, 0, 0, 0, 0, 0, 0, 0, 0]",1,128,64.0,768.0,3077729327,3077738320,3077739125,3077742613,0,98335,98335,-1,1,8993,3488,32,32,32,1
16,3,"[4, 384, 64, 1, 1, 0, 0, 0, 0, 0, 0, 0, 0, 0, 0, 4, 0, 0, 0, 0, 0, 0, 0, 0, 0, 0, 0, 0, 0, 0]",48,128,24576.0,196612.0,3077830852,3077840417,3077840948,3077844948,0,94623,94623,-1,1,9565,4000,32,32,32,1
12,3,"[4, 384, 64, 1, 1, 0, 0, 0, 0, 0, 0, 0, 0, 0, 0, 4, 384, 64, 1, 1, 0, 0, 0, 0, 0, 0, 0, 0, 0, 0]",48,128,24576.0,294912.0,3077929690,3077938828,3077939571,3077943763,0,95967,95967,-1,1,9138,4192,32,32,32,1
12,3,"[4, 384, 64, 1, 1, 0, 0, 0, 0, 0, 0, 0, 0, 0, 0, 4, 384, 64, 1, 1, 0, 0, 0, 0, 0, 0, 0, 0, 0, 0]",48,128,24576.0,294912.0,3078029940,3078038881,3078039730,3078043602,0,93247,93247,-1,1,8941,3872,32,32,32,1
16,3,"[4, 384, 0, 0, 0, 0, 0, 0, 0, 0, 0, 0, 0, 0, 0, 4, 0, 0, 0, 0, 0, 0, 0, 0, 0, 0, 0, 0, 0, 0]",1,128,384.0,3076.0,3078126790,3078136135,3078136849,3078140465,0,91774,91774,-1,1,9345,3616,32,32,32,1
12,3,"[4, 384, 0, 0, 0, 0, 0, 0, 0, 0, 0, 0, 0, 0, 0, 4, 384, 0, 0, 0, 0, 0, 0, 0, 0, 0, 0, 0, 0, 0]",1,128,384.0,4608.0,3078222582,3078231543,3078232239,3078235855,0,92831,92831,-1,1,8961,3616,32,32,32,1
12,3,"[4, 384, 0, 0, 0, 0, 0, 0, 0, 0, 0, 0, 0, 0, 0, 4, 384, 0, 0, 0, 0, 0, 0, 0, 0, 0, 0, 0, 0, 0]",1,128,384.0,4608.0,3078318389,3078327667,3078328686,3078332270,0,93439,93439,-1,1,9278,3584,32,32,32,1
16,3,"[4, 384, 0, 0, 0, 0, 0, 0, 0, 0, 0, 0, 0, 0, 0, 4, 0, 0, 0, 0, 0, 0, 0, 0, 0, 0, 0, 0, 0, 0]",1,128,384.0,3076.0,3078415470,3078425030,3078425709,3078429261,0,92383,92383,-1,1,9560,3552,32,32,32,1
12,3,"[4, 384, 0, 0, 0, 0, 0, 0, 0, 0, 0, 0, 0, 0, 0, 4, 384, 0, 0, 0, 0, 0, 0, 0, 0, 0, 0, 0, 0, 0]",1,128,384.0,4608.0,3078511778,3078520929,3078521644,3078525324,0,96734,96734,-1,1,9151,3680,32,32,32,1
12,3,"[4, 384, 0, 0, 0, 0, 0, 0, 0, 0, 0, 0, 0, 0, 0, 4, 384, 0, 0, 0, 0, 0, 0, 0, 0, 0, 0, 0, 0, 0]",1,128,384.0,4608.0,3078612198,3078621355,3078622058,3078625674,0,94879,94879,-1,1,9157,3616,32,32,32,1
16,3,"[4, 384, 1, 5, 5, 0, 0, 0, 0, 0, 0, 0, 0, 0, 0, 4, 0, 0, 0, 0, 0, 0, 0, 0, 0, 0, 0, 0, 0, 0]",19,128,9600.0,76804.0,3078710490,3078719868,3078720553,3078724265,0,94463,94463,-1,1,9378,3712,32,32,32,1
12,3,"[4, 384, 1, 5, 5, 0, 0, 0, 0, 0, 0, 0, 0, 0, 0, 4, 384, 1, 5, 5, 0, 0, 0, 0, 0, 0, 0, 0, 0, 0]",19,128,9600.0,115200.0,3078808611,3078817822,3078818728,3078822632,0,92927,92927,-1,1,9211,3904,32,32,32,1
12,3,"[4, 384, 1, 5, 5, 0, 0, 0, 0, 0, 0, 0, 0, 0, 0, 4, 384, 1, 5, 5, 0, 0, 0, 0, 0, 0, 0, 0, 0, 0]",19,128,9600.0,115200.0,3078905959,3078915040,3078915559,3078919175,0,93279,93279,-1,1,9081,3616,32,32,32,1
16,3,"[4, 384, 0, 0, 0, 0, 0, 0, 0, 0, 0, 0, 0, 0, 0, 4, 0, 0, 0, 0, 0, 0, 0, 0, 0, 0, 0, 0, 0, 0]",1,128,384.0,3076.0,3079002392,3079011810,3079012454,3079016069,0,93024,93024,-1,1,9418,3615,32,32,32,1
12,3,"[4, 384, 0, 0, 0, 0, 0, 0, 0, 0, 0, 0, 0, 0, 0, 4, 384, 0, 0, 0, 0, 0, 0, 0, 0, 0, 0, 0, 0, 0]",1,128,384.0,4608.0,3079099361,3079108419,3079109093,3079112964,0,91871,91871,-1,1,9058,3871,32,32,32,1
12,3,"[4, 384, 0, 0, 0, 0, 0, 0, 0, 0, 0, 0, 0, 0, 0, 4, 384, 0, 0, 0, 0, 0, 0, 0, 0, 0, 0, 0, 0, 0]",1,128,384.0,4608.0,3079195085,3079204348,3079204835,3079208419,0,93951,93951,-1,1,9263,3584,32,32,32,1
16,3,"[4, 384, 0, 0, 0, 0, 0, 0, 0, 0, 0, 0, 0, 0, 0, 4, 0, 0, 0, 0, 0, 0, 0, 0, 0, 0, 0, 0, 0, 0]",1,128,384.0,3076.0,3079291907,3079301793,3079302370,3079305922,0,100510,100510,-1,1,9886,3552,32,32,32,1
12,3,"[4, 384, 0, 0, 0, 0, 0, 0, 0, 0, 0, 0, 0, 0, 0, 4, 384, 0, 0, 0, 0, 0, 0, 0, 0, 0, 0, 0, 0, 0]",1,128,384.0,4608.0,3079396425,3079405683,3079406432,3079410080,0,94399,94399,-1,1,9258,3648,32,32,32,1
12,3,"[4, 384, 0, 0, 0, 0, 0, 0, 0, 0, 0, 0, 0, 0, 0, 4, 384, 0, 0, 0, 0, 0, 0, 0, 0, 0, 0, 0, 0, 0]",1,128,384.0,4608.0,3079494710,3079503725,3079504479,3079508032,0,98494,98494,-1,1,9015,3553,32,32,32,1
16,3,"[4, 16, 384, 1, 1, 0, 0, 0, 0, 0, 0, 0, 0, 0, 0, 4, 0, 0, 0, 0, 0, 0, 0, 0, 0, 0, 0, 0, 0, 0]",12,128,6144.0,49156.0,3079596164,3079608168,3079606526,3079610174,0,114399,114399,-1,1,12004,3648,32,32,32,1
12,3,"[4, 16, 384, 1, 1, 0, 0, 0, 0, 0, 0, 0, 0, 0, 0, 4, 16, 384, 1, 1, 0, 0, 0, 0, 0, 0, 0, 0, 0, 0]",12,128,6144.0,73728.0,3079713748,3079724090,3079724573,3079728413,0,97087,97087,-1,1,10342,3840,32,32,32,1
12,3,"[4, 16, 384, 1, 1, 0, 0, 0, 0, 0, 0, 0, 0, 0, 0, 4, 16, 384, 1, 1, 0, 0, 0, 0, 0, 0, 0, 0, 0, 0]",12,128,6144.0,73728.0,3079815554,3079824786,3079825500,3079829019,0,97311,97311,-1,1,9232,3519,32,32,32,1
16,3,"[4, 16, 0, 0, 0, 0, 0, 0, 0, 0, 0, 0, 0, 0, 0, 4, 0, 0, 0, 0, 0, 0, 0, 0, 0, 0, 0, 0, 0, 0]",1,128,16.0,132.0,3079916215,3079925769,3079926330,3079929722,0,98911,98911,-1,1,9554,3392,32,32,32,1
12,3,"[4, 16, 0, 0, 0, 0, 0, 0, 0, 0, 0, 0, 0, 0, 0, 4, 16, 0, 0, 0, 0, 0, 0, 0, 0, 0, 0, 0, 0, 0]",1,128,16.0,192.0,3080018455,3080028037,3080028633,3080032153,0,96319,96319,-1,1,9582,3520,32,32,32,1
12,3,"[4, 16, 0, 0, 0, 0, 0, 0, 0, 0, 0, 0, 0, 0, 0, 4, 16, 0, 0, 0, 0, 0, 0, 0, 0, 0, 0, 0, 0, 0]",1,128,16.0,192.0,3080118639,3080127740,3080128472,3080131927,0,96287,96287,-1,1,9101,3455,32,32,32,1
16,3,"[4, 384, 16, 1, 1, 0, 0, 0, 0, 0, 0, 0, 0, 0, 0, 4, 0, 0, 0, 0, 0, 0, 0, 0, 0, 0, 0, 0, 0, 0]",12,128,6144.0,49156.0,3080218304,3080227931,3080228214,3080231734,0,95647,95647,-1,1,9627,3520,32,32,32,1
12,3,"[4, 384, 16, 1, 1, 0, 0, 0, 0, 0, 0, 0, 0, 0, 0, 4, 384, 16, 1, 1, 0, 0, 0, 0, 0, 0, 0, 0, 0, 0]",12,128,6144.0,73728.0,3080317564,3080326722,3080327381,3080331157,0,97279,97279,-1,1,9158,3776,32,32,32,1
12,3,"[4, 384, 16, 1, 1, 0, 0, 0, 0, 0, 0, 0, 0, 0, 0, 4, 384, 16, 1, 1, 0, 0, 0, 0, 0, 0, 0, 0, 0, 0]",12,128,6144.0,73728.0,3080418534,3080427679,3080428436,3080432020,0,95295,95295,-1,1,9145,3584,32,32,32,1
16,3,"[4, 384, 0, 0, 0, 0, 0, 0, 0, 0, 0, 0, 0, 0, 0, 4, 0, 0, 0, 0, 0, 0, 0, 0, 0, 0, 0, 0, 0, 0]",1,128,384.0,3076.0,3080517164,3080526677,3080527315,3080530899,0,93919,93919,-1,1,9513,3584,32,32,32,1
12,3,"[4, 384, 0, 0, 0, 0, 0, 0, 0, 0, 0, 0, 0, 0, 0, 4, 384, 0, 0, 0, 0, 0, 0, 0, 0, 0, 0, 0, 0, 0]",1,128,384.0,4608.0,3080614842,3080624139,3080624818,3080628465,0,94751,94751,-1,1,9297,3647,32,32,32,1
12,3,"[4, 384, 0, 0, 0, 0, 0, 0, 0, 0, 0, 0, 0, 0, 0, 4, 384, 0, 0, 0, 0, 0, 0, 0, 0, 0, 0, 0, 0, 0]",1,128,384.0,4608.0,3080713110,3080724610,3080723216,3080726832,0,99039,99039,-1,1,11500,3616,32,32,32,1
16,3,"[4, 64, 384, 1, 1, 0, 0, 0, 0, 0, 0, 0, 0, 0, 0, 4, 0, 0, 0, 0, 0, 0, 0, 0, 0, 0, 0, 0, 0, 0]",48,128,24576.0,196612.0,3080815652,3080825383,3080825871,3080829775,0,94719,94719,-1,1,9731,3904,32,32,32,1
12,3,"[4, 64, 384, 1, 1, 0, 0, 0, 0, 0, 0, 0, 0, 0, 0, 4, 64, 384, 1, 1, 0, 0, 0, 0, 0, 0, 0, 0, 0, 0]",48,128,24576.0,294912.0,3080914519,3080923863,3080924494,3080928654,0,95135,95135,-1,1,9344,4160,32,32,32,1
12,3,"[4, 64, 384, 1, 1, 0, 0, 0, 0, 0, 0, 0, 0, 0, 0, 4, 64, 384, 1, 1, 0, 0, 0, 0, 0, 0, 0, 0, 0, 0]",48,128,24576.0,294912.0,3081013897,3081023006,3081023789,3081027660,0,93951,93951,-1,1,9109,3871,32,32,32,1
16,3,"[4, 64, 0, 0, 0, 0, 0, 0, 0, 0, 0, 0, 0, 0, 0, 4, 0, 0, 0, 0, 0, 0, 0, 0, 0, 0, 0, 0, 0, 0]",1,128,64.0,516.0,3081111486,3081121031,3081121611,3081125003,0,94079,94079,-1,1,9545,3392,32,32,32,1
12,3,"[4, 64, 0, 0, 0, 0, 0, 0, 0, 0, 0, 0, 0, 0, 0, 4, 64, 0, 0, 0, 0, 0, 0, 0, 0, 0, 0, 0, 0, 0]",1,128,64.0,768.0,3081209310,3081218339,3081219082,3081222666,0,93247,93247,-1,1,9029,3584,32,32,32,1
12,3,"[4, 64, 0, 0, 0, 0, 0, 0, 0, 0, 0, 0, 0, 0, 0, 4, 64, 0, 0, 0, 0, 0, 0, 0, 0, 0, 0, 0, 0, 0]",1,128,64.0,768.0,3081306126,3081315155,3081315913,3081319433,0,93183,93183,-1,1,9029,3520,32,32,32,1
16,3,"[4, 64, 0, 0, 0, 0, 0, 0, 0, 0, 0, 0, 0, 0, 0, 4, 0, 0, 0, 0, 0, 0, 0, 0, 0, 0, 0, 0, 0, 0]",1,128,64.0,516.0,3081402332,3081412072,3081412616,3081416007,0,260190,260190,-1,1,9740,3391,32,32,32,1
12,3,"[4, 64, 0, 0, 0, 0, 0, 0, 0, 0, 0, 0, 0, 0, 0, 4, 64, 0, 0, 0, 0, 0, 0, 0, 0, 0, 0, 0, 0, 0]",1,128,64.0,768.0,3081662511,3081675796,3081676197,3081679652,0,100479,100479,-1,1,13285,3455,32,32,32,1
12,3,"[4, 64, 0, 0, 0, 0, 0, 0, 0, 0, 0, 0, 0, 0, 0, 4, 64, 0, 0, 0, 0, 0, 0, 0, 0, 0, 0, 0, 0, 0]",1,128,64.0,768.0,3081769556,3081779564,3081780131,3081783651,0,99231,99231,-1,1,10008,3520,32,32,32,1
16,3,"[4, 384, 64, 1, 1, 0, 0, 0, 0, 0, 0, 0, 0, 0, 0, 4, 0, 0, 0, 0, 0, 0, 0, 0, 0, 0, 0, 0, 0, 0]",48,128,24576.0,196612.0,3081872163,3081882481,3081882882,3081886946,0,95519,95519,-1,1,10318,4064,32,32,32,1
12,3,"[4, 384, 64, 1, 1, 0, 0, 0, 0, 0, 0, 0, 0, 0, 0, 4, 384, 64, 1, 1, 0, 0, 0, 0, 0, 0, 0, 0, 0, 0]",48,128,24576.0,294912.0,3081972364,3081985043,3081982465,3081986753,0,97566,97566,-1,1,12679,4288,32,32,32,1
12,3,"[4, 384, 64, 1, 1, 0, 0, 0, 0, 0, 0, 0, 0, 0, 0, 4, 384, 64, 1, 1, 0, 0, 0, 0, 0, 0, 0, 0, 0, 0]",48,128,24576.0,294912.0,3082074329,3082083548,3082084319,3082088159,0,95327,95327,-1,1,9219,3840,32,32,32,1
16,3,"[4, 384, 0, 0, 0, 0, 0, 0, 0, 0, 0, 0, 0, 0, 0, 4, 0, 0, 0, 0, 0, 0, 0, 0, 0, 0, 0, 0, 0, 0]",1,128,384.0,3076.0,3082173189,3082182895,3082183486,3082187038,0,95839,95839,-1,1,9706,3552,32,32,32,1
12,3,"[4, 384, 0, 0, 0, 0, 0, 0, 0, 0, 0, 0, 0, 0, 0, 4, 384, 0, 0, 0, 0, 0, 0, 0, 0, 0, 0, 0, 0, 0]",1,128,384.0,4608.0,3082272598,3082282176,3082282877,3082286461,0,92734,92734,-1,1,9578,3584,32,32,32,1
12,3,"[4, 384, 0, 0, 0, 0, 0, 0, 0, 0, 0, 0, 0, 0, 0, 4, 384, 0, 0, 0, 0, 0, 0, 0, 0, 0, 0, 0, 0, 0]",1,128,384.0,4608.0,3082369415,3082378878,3082379195,3082382811,0,93503,93503,-1,1,9463,3616,32,32,32,1
16,3,"[4, 384, 0, 0, 0, 0, 0, 0, 0, 0, 0, 0, 0, 0, 0, 4, 0, 0, 0, 0, 0, 0, 0, 0, 0, 0, 0, 0, 0, 0]",1,128,384.0,3076.0,3082466104,3082475674,3082476314,3082479866,0,92735,92735,-1,1,9570,3552,32,32,32,1
12,3,"[4, 384, 0, 0, 0, 0, 0, 0, 0, 0, 0, 0, 0, 0, 0, 4, 384, 0, 0, 0, 0, 0, 0, 0, 0, 0, 0, 0, 0, 0]",1,128,384.0,4608.0,3082562875,3082572040,3082572601,3082576217,0,97887,97887,-1,1,9165,3616,32,32,32,1
12,3,"[4, 384, 0, 0, 0, 0, 0, 0, 0, 0, 0, 0, 0, 0, 0, 4, 384, 0, 0, 0, 0, 0, 0, 0, 0, 0, 0, 0, 0, 0]",1,128,384.0,4608.0,3082664269,3082673332,3082674104,3082677688,0,102975,102975,-1,1,9063,3584,32,32,32,1
16,3,"[4, 384, 1, 5, 5, 0, 0, 0, 0, 0, 0, 0, 0, 0, 0, 4, 0, 0, 0, 0, 0, 0, 0, 0, 0, 0, 0, 0, 0, 0]",19,128,9600.0,76804.0,3082770701,3082780042,3082780663,3082784215,0,101630,101630,-1,1,9341,3552,32,32,32,1
12,3,"[4, 384, 1, 5, 5, 0, 0, 0, 0, 0, 0, 0, 0, 0, 0, 4, 384, 1, 5, 5, 0, 0, 0, 0, 0, 0, 0, 0, 0, 0]",19,128,9600.0,115200.0,3082875799,3082885093,3082885845,3082889621,0,101087,101087,-1,1,9294,3776,32,32,32,1
12,3,"[4, 384, 1, 5, 5, 0, 0, 0, 0, 0, 0, 0, 0, 0, 0, 4, 384, 1, 5, 5, 0, 0, 0, 0, 0, 0, 0, 0, 0, 0]",19,128,9600.0,115200.0,3082981101,3082990132,3082990708,3082994452,0,100127,100127,-1,1,9031,3744,32,32,32,1
16,3,"[4, 384, 0, 0, 0, 0, 0, 0, 0, 0, 0, 0, 0, 0, 0, 4, 0, 0, 0, 0, 0, 0, 0, 0, 0, 0, 0, 0, 0, 0]",1,128,384.0,3076.0,3083084379,3083096504,3083094579,3083098131,0,101214,101214,-1,1,12125,3552,32,32,32,1
12,3,"[4, 384, 0, 0, 0, 0, 0, 0, 0, 0, 0, 0, 0, 0, 0, 4, 384, 0, 0, 0, 0, 0, 0, 0, 0, 0, 0, 0, 0, 0]",1,128,384.0,4608.0,3083189271,3083198504,3083199345,3083202961,0,91039,91039,-1,1,9233,3616,32,32,32,1
12,3,"[4, 384, 0, 0, 0, 0, 0, 0, 0, 0, 0, 0, 0, 0, 0, 4, 384, 0, 0, 0, 0, 0, 0, 0, 0, 0, 0, 0, 0, 0]",1,128,384.0,4608.0,3083284511,3083293435,3083294000,3083297648,0,91935,91935,-1,1,8924,3648,32,32,32,1
16,3,"[4, 384, 0, 0, 0, 0, 0, 0, 0, 0, 0, 0, 0, 0, 0, 4, 0, 0, 0, 0, 0, 0, 0, 0, 0, 0, 0, 0, 0, 0]",1,128,384.0,3076.0,3083379815,3083389013,3083389583,3083393167,0,92255,92255,-1,1,9198,3584,32,32,32,1
12,3,"[4, 384, 0, 0, 0, 0, 0, 0, 0, 0, 0, 0, 0, 0, 0, 4, 384, 0, 0, 0, 0, 0, 0, 0, 0, 0, 0, 0, 0, 0]",1,128,384.0,4608.0,3083475309,3083484343,3083485422,3083489198,0,92478,92478,-1,1,9034,3776,32,32,32,1
12,3,"[4, 384, 0, 0, 0, 0, 0, 0, 0, 0, 0, 0, 0, 0, 0, 4, 384, 0, 0, 0, 0, 0, 0, 0, 0, 0, 0, 0, 0, 0]",1,128,384.0,4608.0,3083571652,3083580652,3083581676,3083585452,0,104895,104895,-1,1,9000,3776,32,32,32,1
16,3,"[4, 16, 384, 1, 1, 0, 0, 0, 0, 0, 0, 0, 0, 0, 0, 4, 0, 0, 0, 0, 0, 0, 0, 0, 0, 0, 0, 0, 0, 0]",12,128,6144.0,49156.0,3083679047,3083689248,3083690347,3083693995,0,96703,96703,-1,1,10201,3648,32,32,32,1
12,3,"[4, 16, 384, 1, 1, 0, 0, 0, 0, 0, 0, 0, 0, 0, 0, 4, 16, 384, 1, 1, 0, 0, 0, 0, 0, 0, 0, 0, 0, 0]",12,128,6144.0,73728.0,3083779763,3083789291,3083790698,3083794538,0,95359,95359,-1,1,9528,3840,32,32,32,1
12,3,"[4, 16, 384, 1, 1, 0, 0, 0, 0, 0, 0, 0, 0, 0, 0, 4, 16, 384, 1, 1, 0, 0, 0, 0, 0, 0, 0, 0, 0, 0]",12,128,6144.0,73728.0,3083880227,3083889251,3083889897,3083893384,0,94367,94367,-1,1,9024,3487,32,32,32,1
16,3,"[4, 16, 0, 0, 0, 0, 0, 0, 0, 0, 0, 0, 0, 0, 0, 4, 0, 0, 0, 0, 0, 0, 0, 0, 0, 0, 0, 0, 0, 0]",1,128,16.0,132.0,3083977754,3083987152,3083987751,3083991143,0,92959,92959,-1,1,9398,3392,32,32,32,1
12,3,"[4, 16, 0, 0, 0, 0, 0, 0, 0, 0, 0, 0, 0, 0, 0, 4, 16, 0, 0, 0, 0, 0, 0, 0, 0, 0, 0, 0, 0, 0]",1,128,16.0,192.0,3084074123,3084083345,3084084102,3084087558,0,94047,94047,-1,1,9222,3456,32,32,32,1
12,3,"[4, 16, 0, 0, 0, 0, 0, 0, 0, 0, 0, 0, 0, 0, 0, 4, 16, 0, 0, 0, 0, 0, 0, 0, 0, 0, 0, 0, 0, 0]",1,128,16.0,192.0,3084171673,3084183151,3084181605,3084185061,0,99455,99455,-1,1,11478,3456,32,32,32,1
16,3,"[4, 384, 16, 1, 1, 0, 0, 0, 0, 0, 0, 0, 0, 0, 0, 4, 0, 0, 0, 0, 0, 0, 0, 0, 0, 0, 0, 0, 0, 0]",12,128,6144.0,49156.0,3084274187,3084283977,3084284516,3084288132,0,96607,96607,-1,1,9790,3616,32,32,32,1
12,3,"[4, 384, 16, 1, 1, 0, 0, 0, 0, 0, 0, 0, 0, 0, 0, 4, 384, 16, 1, 1, 0, 0, 0, 0, 0, 0, 0, 0, 0, 0]",12,128,6144.0,73728.0,3084374337,3084383969,3084384739,3084388482,0,94879,94879,-1,1,9632,3743,32,32,32,1
12,3,"[4, 384, 16, 1, 1, 0, 0, 0, 0, 0, 0, 0, 0, 0, 0, 4, 384, 16, 1, 1, 0, 0, 0, 0, 0, 0, 0, 0, 0, 0]",12,128,6144.0,73728.0,3084473657,3084482559,3084483361,3084486913,0,95071,95071,-1,1,8902,3552,32,32,32,1
16,3,"[4, 384, 0, 0, 0, 0, 0, 0, 0, 0, 0, 0, 0, 0, 0, 4, 0, 0, 0, 0, 0, 0, 0, 0, 0, 0, 0, 0, 0, 0]",1,128,384.0,3076.0,3084571912,3084581323,3084581984,3084585504,0,92351,92351,-1,1,9411,3520,32,32,32,1
12,3,"[4, 384, 0, 0, 0, 0, 0, 0, 0, 0, 0, 0, 0, 0, 0, 4, 384, 0, 0, 0, 0, 0, 0, 0, 0, 0, 0, 0, 0, 0]",1,128,384.0,4608.0,3084668233,3084677091,3084677855,3084681471,0,91871,91871,-1,1,8858,3616,32,32,32,1
12,3,"[4, 384, 0, 0, 0, 0, 0, 0, 0, 0, 0, 0, 0, 0, 0, 4, 384, 0, 0, 0, 0, 0, 0, 0, 0, 0, 0, 0, 0, 0]",1,128,384.0,4608.0,3084763764,3084772686,3084773342,3084777021,0,93440,93440,-1,1,8922,3679,32,32,32,1
16,3,"[4, 64, 384, 1, 1, 0, 0, 0, 0, 0, 0, 0, 0, 0, 0, 4, 0, 0, 0, 0, 0, 0, 0, 0, 0, 0, 0, 0, 0, 0]",48,128,24576.0,196612.0,3084860546,3084869808,3084870461,3084874780,0,93183,93183,-1,1,9262,4319,32,32,32,1
12,3,"[4, 64, 384, 1, 1, 0, 0, 0, 0, 0, 0, 0, 0, 0, 0, 4, 64, 384, 1, 1, 0, 0, 0, 0, 0, 0, 0, 0, 0, 0]",48,128,24576.0,294912.0,3084958158,3084967184,3084967963,3084972123,0,93439,93439,-1,1,9026,4160,32,32,32,1
12,3,"[4, 64, 384, 1, 1, 0, 0, 0, 0, 0, 0, 0, 0, 0, 0, 4, 64, 384, 1, 1, 0, 0, 0, 0, 0, 0, 0, 0, 0, 0]",48,128,24576.0,294912.0,3085055840,3085064812,3085065562,3085069530,0,93151,93151,-1,1,8972,3968,32,32,32,1
16,3,"[4, 64, 0, 0, 0, 0, 0, 0, 0, 0, 0, 0, 0, 0, 0, 4, 0, 0, 0, 0, 0, 0, 0, 0, 0, 0, 0, 0, 0, 0]",1,128,64.0,516.0,3085152794,3085162362,3085162681,3085166073,0,95550,95550,-1,1,9568,3392,32,32,32,1
12,3,"[4, 64, 0, 0, 0, 0, 0, 0, 0, 0, 0, 0, 0, 0, 0, 4, 64, 0, 0, 0, 0, 0, 0, 0, 0, 0, 0, 0, 0, 0]",1,128,64.0,768.0,3085251578,3085260986,3085261623,3085265080,0,95006,95006,-1,1,9408,3457,32,32,32,1
12,3,"[4, 64, 0, 0, 0, 0, 0, 0, 0, 0, 0, 0, 0, 0, 0, 4, 64, 0, 0, 0, 0, 0, 0, 0, 0, 0, 0, 0, 0, 0]",1,128,64.0,768.0,3085350383,3085359351,3085360086,3085363574,0,93727,93727,-1,1,8968,3488,32,32,32,1
16,3,"[4, 64, 0, 0, 0, 0, 0, 0, 0, 0, 0, 0, 0, 0, 0, 4, 0, 0, 0, 0, 0, 0, 0, 0, 0, 0, 0, 0, 0, 0]",1,128,64.0,516.0,3085447211,3085456657,3085457301,3085460693,0,92223,92223,-1,1,9446,3392,32,32,32,1
12,3,"[4, 64, 0, 0, 0, 0, 0, 0, 0, 0, 0, 0, 0, 0, 0, 4, 64, 0, 0, 0, 0, 0, 0, 0, 0, 0, 0, 0, 0, 0]",1,128,64.0,768.0,3085543056,3085552592,3085552916,3085556340,0,93919,93919,-1,1,9536,3424,32,32,32,1
12,3,"[4, 64, 0, 0, 0, 0, 0, 0, 0, 0, 0, 0, 0, 0, 0, 4, 64, 0, 0, 0, 0, 0, 0, 0, 0, 0, 0, 0, 0, 0]",1,128,64.0,768.0,3085639736,3085649459,3085650259,3085653715,0,236541,236541,-1,1,9723,3456,32,32,32,1
16,3,"[4, 384, 64, 1, 1, 0, 0, 0, 0, 0, 0, 0, 0, 0, 0, 4, 0, 0, 0, 0, 0, 0, 0, 0, 0, 0, 0, 0, 0, 0]",48,128,24576.0,196612.0,3085877790,3085890059,3085890256,3085894352,0,107006,107006,-1,1,12269,4096,32,32,32,1
12,3,"[4, 384, 64, 1, 1, 0, 0, 0, 0, 0, 0, 0, 0, 0, 0, 4, 384, 64, 1, 1, 0, 0, 0, 0, 0, 0, 0, 0, 0, 0]",48,128,24576.0,294912.0,3085990418,3086000917,3086001358,3086005518,0,98623,98623,-1,1,10499,4160,32,32,32,1
12,3,"[4, 384, 64, 1, 1, 0, 0, 0, 0, 0, 0, 0, 0, 0, 0, 4, 384, 64, 1, 1, 0, 0, 0, 0, 0, 0, 0, 0, 0, 0]",48,128,24576.0,294912.0,3086093801,3086103473,3086104141,3086108237,0,95743,95743,-1,1,9672,4096,32,32,32,1
16,3,"[4, 384, 0, 0, 0, 0, 0, 0, 0, 0, 0, 0, 0, 0, 0, 4, 0, 0, 0, 0, 0, 0, 0, 0, 0, 0, 0, 0, 0, 0]",1,128,384.0,3076.0,3086193696,3086203307,3086203980,3086207532,0,94622,94622,-1,1,9611,3552,32,32,32,1
12,3,"[4, 384, 0, 0, 0, 0, 0, 0, 0, 0, 0, 0, 0, 0, 0, 4, 384, 0, 0, 0, 0, 0, 0, 0, 0, 0, 0, 0, 0, 0]",1,128,384.0,4608.0,3086292209,3086301390,3086302154,3086305770,0,93151,93151,-1,1,9181,3616,32,32,32,1
12,3,"[4, 384, 0, 0, 0, 0, 0, 0, 0, 0, 0, 0, 0, 0, 0, 4, 384, 0, 0, 0, 0, 0, 0, 0, 0, 0, 0, 0, 0, 0]",1,128,384.0,4608.0,3086388887,3086398455,3086398921,3086402473,0,96479,96479,-1,1,9568,3552,32,32,32,1
16,3,"[4, 384, 0, 0, 0, 0, 0, 0, 0, 0, 0, 0, 0, 0, 0, 4, 0, 0, 0, 0, 0, 0, 0, 0, 0, 0, 0, 0, 0, 0]",1,128,384.0,3076.0,3086488293,3086498134,3086498952,3086502504,0,95039,95039,-1,1,9841,3552,32,32,32,1
12,3,"[4, 384, 0, 0, 0, 0, 0, 0, 0, 0, 0, 0, 0, 0, 0, 4, 384, 0, 0, 0, 0, 0, 0, 0, 0, 0, 0, 0, 0, 0]",1,128,384.0,4608.0,3086587214,3086596825,3086597543,3086601223,0,94463,94463,-1,1,9611,3680,32,32,32,1
12,3,"[4, 384, 0, 0, 0, 0, 0, 0, 0, 0, 0, 0, 0, 0, 0, 4, 384, 0, 0, 0, 0, 0, 0, 0, 0, 0, 0, 0, 0, 0]",1,128,384.0,4608.0,3086685761,3086694943,3086695686,3086699302,0,94174,94174,-1,1,9182,3616,32,32,32,1
16,3,"[4, 384, 1, 3, 3, 0, 0, 0, 0, 0, 0, 0, 0, 0, 0, 4, 0, 0, 0, 0, 0, 0, 0, 0, 0, 0, 0, 0, 0, 0]",7,128,3456.0,27652.0,3086783281,3086792881,3086793476,3086796996,0,93375,93375,-1,1,9600,3520,32,32,32,1
12,3,"[4, 384, 1, 3, 3, 0, 0, 0, 0, 0, 0, 0, 0, 0, 0, 4, 384, 1, 3, 3, 0, 0, 0, 0, 0, 0, 0, 0, 0, 0]",7,128,3456.0,41472.0,3086880394,3086889816,3086890371,3086894147,0,94335,94335,-1,1,9422,3776,32,32,32,1
12,3,"[4, 384, 1, 3, 3, 0, 0, 0, 0, 0, 0, 0, 0, 0, 0, 4, 384, 1, 3, 3, 0, 0, 0, 0, 0, 0, 0, 0, 0, 0]",7,128,3456.0,41472.0,3086978370,3086987657,3086988482,3086992034,0,93503,93503,-1,1,9287,3552,32,32,32,1
16,3,"[4, 384, 0, 0, 0, 0, 0, 0, 0, 0, 0, 0, 0, 0, 0, 4, 0, 0, 0, 0, 0, 0, 0, 0, 0, 0, 0, 0, 0, 0]",1,128,384.0,3076.0,3087075615,3087084852,3087085537,3087089056,0,92383,92383,-1,1,9237,3519,32,32,32,1
12,3,"[4, 384, 0, 0, 0, 0, 0, 0, 0, 0, 0, 0, 0, 0, 0, 4, 384, 0, 0, 0, 0, 0, 0, 0, 0, 0, 0, 0, 0, 0]",1,128,384.0,4608.0,3087171510,3087180709,3087181439,3087185024,0,91711,91711,-1,1,9199,3585,32,32,32,1
12,3,"[4, 384, 0, 0, 0, 0, 0, 0, 0, 0, 0, 0, 0, 0, 0, 4, 384, 0, 0, 0, 0, 0, 0, 0, 0, 0, 0, 0, 0, 0]",1,128,384.0,4608.0,3087267111,3087275964,3087276735,3087280350,0,92255,92255,-1,1,8853,3615,32,32,32,1
16,3,"[4, 384, 0, 0, 0, 0, 0, 0, 0, 0, 0, 0, 0, 0, 0, 4, 0, 0, 0, 0, 0, 0, 0, 0, 0, 0, 0, 0, 0, 0]",1,128,384.0,3076.0,3087362372,3087371974,3087372605,3087376221,0,91615,91615,-1,1,9602,3616,32,32,32,1
12,3,"[4, 384, 0, 0, 0, 0, 0, 0, 0, 0, 0, 0, 0, 0, 0, 4, 384, 0, 0, 0, 0, 0, 0, 0, 0, 0, 0, 0, 0, 0]",1,128,384.0,4608.0,3087457850,3087467090,3087467836,3087471516,0,94495,94495,-1,1,9240,3680,32,32,32,1
12,3,"[4, 384, 0, 0, 0, 0, 0, 0, 0, 0, 0, 0, 0, 0, 0, 4, 384, 0, 0, 0, 0, 0, 0, 0, 0, 0, 0, 0, 0, 0]",1,128,384.0,4608.0,3087556216,3087565332,3087566011,3087569691,0,101502,101502,-1,1,9116,3680,32,32,32,1
16,3,"[4, 16, 384, 1, 1, 0, 0, 0, 0, 0, 0, 0, 0, 0, 0, 4, 0, 0, 0, 0, 0, 0, 0, 0, 0, 0, 0, 0, 0, 0]",12,128,6144.0,49156.0,3087660761,3087670640,3087671193,3087674841,0,94591,94591,-1,1,9879,3648,32,32,32,1
12,3,"[4, 16, 384, 1, 1, 0, 0, 0, 0, 0, 0, 0, 0, 0, 0, 4, 16, 384, 1, 1, 0, 0, 0, 0, 0, 0, 0, 0, 0, 0]",12,128,6144.0,73728.0,3087759518,3087768754,3087769432,3087773080,0,94367,94367,-1,1,9236,3648,32,32,32,1
12,3,"[4, 16, 384, 1, 1, 0, 0, 0, 0, 0, 0, 0, 0, 0, 0, 4, 16, 384, 1, 1, 0, 0, 0, 0, 0, 0, 0, 0, 0, 0]",12,128,6144.0,73728.0,3087857609,3087866604,3087867447,3087870999,0,93887,93887,-1,1,8995,3552,32,32,32,1
16,3,"[4, 16, 0, 0, 0, 0, 0, 0, 0, 0, 0, 0, 0, 0, 0, 4, 0, 0, 0, 0, 0, 0, 0, 0, 0, 0, 0, 0, 0, 0]",1,128,16.0,132.0,3087954729,3087964161,3087964886,3087968278,0,93598,93598,-1,1,9432,3392,32,32,32,1
12,3,"[4, 16, 0, 0, 0, 0, 0, 0, 0, 0, 0, 0, 0, 0, 0, 4, 16, 0, 0, 0, 0, 0, 0, 0, 0, 0, 0, 0, 0, 0]",1,128,16.0,192.0,3088051967,3088061165,3088061876,3088065396,0,93856,93856,-1,1,9198,3520,32,32,32,1
12,3,"[4, 16, 0, 0, 0, 0, 0, 0, 0, 0, 0, 0, 0, 0, 0, 4, 16, 0, 0, 0, 0, 0, 0, 0, 0, 0, 0, 0, 0, 0]",1,128,16.0,192.0,3088149501,3088158490,3088159252,3088162675,0,94911,94911,-1,1,8989,3423,32,32,32,1
16,3,"[4, 384, 16, 1, 1, 0, 0, 0, 0, 0, 0, 0, 0, 0, 0, 4, 0, 0, 0, 0, 0, 0, 0, 0, 0, 0, 0, 0, 0, 0]",12,128,6144.0,49156.0,3088247186,3088256968,3088257586,3088261234,0,93599,93599,-1,1,9782,3648,32,32,32,1
12,3,"[4, 384, 16, 1, 1, 0, 0, 0, 0, 0, 0, 0, 0, 0, 0, 4, 384, 16, 1, 1, 0, 0, 0, 0, 0, 0, 0, 0, 0, 0]",12,128,6144.0,73728.0,3088345017,3088353932,3088354833,3088358673,0,93023,93023,-1,1,8915,3840,32,32,32,1
12,3,"[4, 384, 16, 1, 1, 0, 0, 0, 0, 0, 0, 0, 0, 0, 0, 4, 384, 16, 1, 1, 0, 0, 0, 0, 0, 0, 0, 0, 0, 0]",12,128,6144.0,73728.0,3088441820,3088450926,3088451696,3088455248,0,92287,92287,-1,1,9106,3552,32,32,32,1
16,3,"[4, 384, 0, 0, 0, 0, 0, 0, 0, 0, 0, 0, 0, 0, 0, 4, 0, 0, 0, 0, 0, 0, 0, 0, 0, 0, 0, 0, 0, 0]",1,128,384.0,3076.0,3088537625,3088546899,3088547535,3088551054,0,96735,96735,-1,1,9274,3519,32,32,32,1
12,3,"[4, 384, 0, 0, 0, 0, 0, 0, 0, 0, 0, 0, 0, 0, 0, 4, 384, 0, 0, 0, 0, 0, 0, 0, 0, 0, 0, 0, 0, 0]",1,128,384.0,4608.0,3088637502,3088647091,3088647789,3088651437,0,95615,95615,-1,1,9589,3648,32,32,32,1
12,3,"[4, 384, 0, 0, 0, 0, 0, 0, 0, 0, 0, 0, 0, 0, 0, 4, 384, 0, 0, 0, 0, 0, 0, 0, 0, 0, 0, 0, 0, 0]",1,128,384.0,4608.0,3088737243,3088746320,3088747052,3088750668,0,93535,93535,-1,1,9077,3616,32,32,32,1
16,3,"[4, 128, 384, 1, 1, 0, 0, 0, 0, 0, 0, 0, 0, 0, 0, 4, 0, 0, 0, 0, 0, 0, 0, 0, 0, 0, 0, 0, 0, 0]",96,128,49152.0,393220.0,3088834183,3088843579,3088844203,3088848715,0,93215,93215,-1,1,9396,4512,32,32,32,1
12,3,"[4, 128, 384, 1, 1, 0, 0, 0, 0, 0, 0, 0, 0, 0, 0, 4, 128, 384, 1, 1, 0, 0, 0, 0, 0, 0, 0, 0, 0, 0]",96,128,49152.0,589824.0,3088932063,3088941267,3088941930,3088946986,0,91999,91999,-1,1,9204,5056,32,32,32,1
12,3,"[4, 128, 384, 1, 1, 0, 0, 0, 0, 0, 0, 0, 0, 0, 0, 4, 128, 384, 1, 1, 0, 0, 0, 0, 0, 0, 0, 0, 0, 0]",96,128,49152.0,589824.0,3089029110,3089038244,3089038985,3089043272,0,91967,91967,-1,1,9134,4287,32,32,32,1
16,3,"[4, 128, 0, 0, 0, 0, 0, 0, 0, 0, 0, 0, 0, 0, 0, 4, 0, 0, 0, 0, 0, 0, 0, 0, 0, 0, 0, 0, 0, 0]",1,128,128.0,1028.0,3089125265,3089134625,3089135239,3089138631,0,93599,93599,-1,1,9360,3392,32,32,32,1
12,3,"[4, 128, 0, 0, 0, 0, 0, 0, 0, 0, 0, 0, 0, 0, 0, 4, 128, 0, 0, 0, 0, 0, 0, 0, 0, 0, 0, 0, 0, 0]",1,128,128.0,1536.0,3089222352,3089231478,3089232230,3089235718,0,92255,92255,-1,1,9126,3488,32,32,32,1
12,3,"[4, 128, 0, 0, 0, 0, 0, 0, 0, 0, 0, 0, 0, 0, 0, 4, 128, 0, 0, 0, 0, 0, 0, 0, 0, 0, 0, 0, 0, 0]",1,128,128.0,1536.0,3089318394,3089327199,3089327973,3089331429,0,91327,91327,-1,1,8805,3456,32,32,32,1
16,3,"[4, 128, 0, 0, 0, 0, 0, 0, 0, 0, 0, 0, 0, 0, 0, 4, 0, 0, 0, 0, 0, 0, 0, 0, 0, 0, 0, 0, 0, 0]",1,128,128.0,1028.0,3089412893,3089422089,3089422756,3089426276,0,92414,92414,-1,1,9196,3520,32,32,32,1
12,3,"[4, 128, 0, 0, 0, 0, 0, 0, 0, 0, 0, 0, 0, 0, 0, 4, 128, 0, 0, 0, 0, 0, 0, 0, 0, 0, 0, 0, 0, 0]",1,128,128.0,1536.0,3089508758,3089517958,3089518690,3089522210,0,92735,92735,-1,1,9200,3520,32,32,32,1
12,3,"[4, 128, 0, 0, 0, 0, 0, 0, 0, 0, 0, 0, 0, 0, 0, 4, 128, 0, 0, 0, 0, 0, 0, 0, 0, 0, 0, 0, 0, 0]",1,128,128.0,1536.0,3089604973,3089616192,3089614945,3089618433,0,96927,96927,-1,1,11219,3488,32,32,32,1
16,3,"[4, 768, 128, 1, 1, 0, 0, 0, 0, 0, 0, 0, 0, 0, 0, 4, 0, 0, 0, 0, 0, 0, 0, 0, 0, 0, 0, 0, 0, 0]",192,128,98304.0,786436.0,3089705266,3089714773,3089715360,3089721536,0,91359,91359,-1,1,9507,6176,32,32,32,1
12,3,"[4, 768, 128, 1, 1, 0, 0, 0, 0, 0, 0, 0, 0, 0, 0, 4, 768, 128, 1, 1, 0, 0, 0, 0, 0, 0, 0, 0, 0, 0]",192,128,98304.0,1179648.0,3089802872,3089812122,3089812895,3089818782,0,233086,233086,-1,1,9250,5887,32,32,32,1
12,3,"[4, 768, 128, 1, 1, 0, 0, 0, 0, 0, 0, 0, 0, 0, 0, 4, 768, 128, 1, 1, 0, 0, 0, 0, 0, 0, 0, 0, 0, 0]",192,128,98304.0,1179648.0,3090039893,3090051355,3090051868,3090057148,0,105310,105310,-1,1,11462,5280,32,32,32,1
16,3,"[4, 768, 0, 0, 0, 0, 0, 0, 0, 0, 0, 0, 0, 0, 0, 4, 0, 0, 0, 0, 0, 0, 0, 0, 0, 0, 0, 0, 0, 0]",2,128,768.0,6148.0,3090151532,3090161946,3090162458,3090166170,0,94399,94399,-1,1,10414,3712,32,32,32,1
12,3,"[4, 768, 0, 0, 0, 0, 0, 0, 0, 0, 0, 0, 0, 0, 0, 4, 768, 0, 0, 0, 0, 0, 0, 0, 0, 0, 0, 0, 0, 0]",2,128,768.0,9216.0,3090250534,3090260182,3090260569,3090264121,0,94367,94367,-1,1,9648,3552,32,32,32,1
12,3,"[4, 768, 0, 0, 0, 0, 0, 0, 0, 0, 0, 0, 0, 0, 0, 4, 768, 0, 0, 0, 0, 0, 0, 0, 0, 0, 0, 0, 0, 0]",2,128,768.0,9216.0,3090348017,3090357651,3090358488,3090362040,0,92703,92703,-1,1,9634,3552,32,32,32,1
16,3,"[4, 768, 0, 0, 0, 0, 0, 0, 0, 0, 0, 0, 0, 0, 0, 4, 0, 0, 0, 0, 0, 0, 0, 0, 0, 0, 0, 0, 0, 0]",2,128,768.0,6148.0,3090444811,3090454175,3090454743,3090458359,0,91934,91934,-1,1,9364,3616,32,32,32,1
12,3,"[4, 768, 0, 0, 0, 0, 0, 0, 0, 0, 0, 0, 0, 0, 0, 4, 768, 0, 0, 0, 0, 0, 0, 0, 0, 0, 0, 0, 0, 0]",2,128,768.0,9216.0,3090540448,3090549646,3090550293,3090553973,0,92831,92831,-1,1,9198,3680,32,32,32,1
12,3,"[4, 768, 0, 0, 0, 0, 0, 0, 0, 0, 0, 0, 0, 0, 0, 4, 768, 0, 0, 0, 0, 0, 0, 0, 0, 0, 0, 0, 0, 0]",2,128,768.0,9216.0,3090637091,3090646040,3090646804,3090650356,0,94271,94271,-1,1,8949,3552,32,32,32,1
16,3,"[4, 768, 1, 3, 3, 0, 0, 0, 0, 0, 0, 0, 0, 0, 0, 4, 0, 0, 0, 0, 0, 0, 0, 0, 0, 0, 0, 0, 0, 0]",14,128,6912.0,55300.0,3090734544,3090743993,3090744627,3090748275,0,92511,92511,-1,1,9449,3648,32,32,32,1
12,3,"[4, 768, 1, 3, 3, 0, 0, 0, 0, 0, 0, 0, 0, 0, 0, 4, 768, 1, 3, 3, 0, 0, 0, 0, 0, 0, 0, 0, 0, 0]",14,128,6912.0,82944.0,3090831071,3090842341,3090840786,3090844658,0,97247,97247,-1,1,11270,3872,32,32,32,1
12,3,"[4, 768, 1, 3, 3, 0, 0, 0, 0, 0, 0, 0, 0, 0, 0, 4, 768, 1, 3, 3, 0, 0, 0, 0, 0, 0, 0, 0, 0, 0]",14,128,6912.0,82944.0,3090932240,3090941180,3090941905,3090945649,0,92446,92446,-1,1,8940,3744,32,32,32,1
16,3,"[4, 768, 0, 0, 0, 0, 0, 0, 0, 0, 0, 0, 0, 0, 0, 4, 0, 0, 0, 0, 0, 0, 0, 0, 0, 0, 0, 0, 0, 0]",2,128,768.0,6148.0,3091028177,3091037482,3091038095,3091041583,0,92799,92799,-1,1,9305,3488,32,32,32,1
12,3,"[4, 768, 0, 0, 0, 0, 0, 0, 0, 0, 0, 0, 0, 0, 0, 4, 768, 0, 0, 0, 0, 0, 0, 0, 0, 0, 0, 0, 0, 0]",2,128,768.0,9216.0,3091124632,3091133647,3091134382,3091137966,0,94239,94239,-1,1,9015,3584,32,32,32,1
12,3,"[4, 768, 0, 0, 0, 0, 0, 0, 0, 0, 0, 0, 0, 0, 0, 4, 768, 0, 0, 0, 0, 0, 0, 0, 0, 0, 0, 0, 0, 0]",2,128,768.0,9216.0,3091222561,3091231411,3091232205,3091235757,0,93407,93407,-1,1,8850,3552,32,32,32,1
16,3,"[4, 768, 0, 0, 0, 0, 0, 0, 0, 0, 0, 0, 0, 0, 0, 4, 0, 0, 0, 0, 0, 0, 0, 0, 0, 0, 0, 0, 0, 0]",2,128,768.0,6148.0,3091318965,3091328531,3091329164,3091332715,0,92831,92831,-1,1,9566,3551,32,32,32,1
12,3,"[4, 768, 0, 0, 0, 0, 0, 0, 0, 0, 0, 0, 0, 0, 0, 4, 768, 0, 0, 0, 0, 0, 0, 0, 0, 0, 0, 0, 0, 0]",2,128,768.0,9216.0,3091415808,3091424906,3091425546,3091429162,0,95391,95391,-1,1,9098,3616,32,32,32,1
12,3,"[4, 768, 0, 0, 0, 0, 0, 0, 0, 0, 0, 0, 0, 0, 0, 4, 768, 0, 0, 0, 0, 0, 0, 0, 0, 0, 0, 0, 0, 0]",2,128,768.0,9216.0,3091514465,3091523799,3091524553,3091528105,0,94623,94623,-1,1,9334,3552,32,32,32,1
16,3,"[4, 32, 768, 1, 1, 0, 0, 0, 0, 0, 0, 0, 0, 0, 0, 4, 0, 0, 0, 0, 0, 0, 0, 0, 0, 0, 0, 0, 0, 0]",48,128,24576.0,196612.0,3091612756,3091629405,3091622728,3091626952,0,103935,103935,-1,1,16649,4224,32,32,32,1
12,3,"[4, 32, 768, 1, 1, 0, 0, 0, 0, 0, 0, 0, 0, 0, 0, 4, 32, 768, 1, 1, 0, 0, 0, 0, 0, 0, 0, 0, 0, 0]",48,128,24576.0,294912.0,3091720584,3091730446,3091730887,3091735111,0,93822,93822,-1,1,9862,4224,32,32,32,1
12,3,"[4, 32, 768, 1, 1, 0, 0, 0, 0, 0, 0, 0, 0, 0, 0, 4, 32, 768, 1, 1, 0, 0, 0, 0, 0, 0, 0, 0, 0, 0]",48,128,24576.0,294912.0,3091819184,3091828114,3091828933,3091833094,0,92926,92926,-1,1,8930,4161,32,32,32,1
16,3,"[4, 32, 0, 0, 0, 0, 0, 0, 0, 0, 0, 0, 0, 0, 0, 4, 0, 0, 0, 0, 0, 0, 0, 0, 0, 0, 0, 0, 0, 0]",1,128,32.0,260.0,3091915844,3091927565,3091926020,3091929444,0,96447,96447,-1,1,11721,3424,32,32,32,1
12,3,"[4, 32, 0, 0, 0, 0, 0, 0, 0, 0, 0, 0, 0, 0, 0, 4, 32, 0, 0, 0, 0, 0, 0, 0, 0, 0, 0, 0, 0, 0]",1,128,32.0,384.0,3092015839,3092025194,3092025891,3092029347,0,94303,94303,-1,1,9355,3456,32,32,32,1
12,3,"[4, 32, 0, 0, 0, 0, 0, 0, 0, 0, 0, 0, 0, 0, 0, 4, 32, 0, 0, 0, 0, 0, 0, 0, 0, 0, 0, 0, 0, 0]",1,128,32.0,384.0,3092113892,3092122889,3092123650,3092127106,0,94911,94911,-1,1,8997,3456,32,32,32,1
16,3,"[4, 768, 32, 1, 1, 0, 0, 0, 0, 0, 0, 0, 0, 0, 0, 4, 0, 0, 0, 0, 0, 0, 0, 0, 0, 0, 0, 0, 0, 0]",48,128,24576.0,196612.0,3092211996,3092221419,3092222017,3092226145,0,94047,94047,-1,1,9423,4128,32,32,32,1
12,3,"[4, 768, 32, 1, 1, 0, 0, 0, 0, 0, 0, 0, 0, 0, 0, 4, 768, 32, 1, 1, 0, 0, 0, 0, 0, 0, 0, 0, 0, 0]",48,128,24576.0,294912.0,3092310192,3092319464,3092320192,3092324447,0,94047,94047,-1,1,9272,4255,32,32,32,1
12,3,"[4, 768, 32, 1, 1, 0, 0, 0, 0, 0, 0, 0, 0, 0, 0, 4, 768, 32, 1, 1, 0, 0, 0, 0, 0, 0, 0, 0, 0, 0]",48,128,24576.0,294912.0,3092408619,3092417800,3092418494,3092422334,0,95167,95167,-1,1,9181,3840,32,32,32,1
16,3,"[4, 768, 0, 0, 0, 0, 0, 0, 0, 0, 0, 0, 0, 0, 0, 4, 0, 0, 0, 0, 0, 0, 0, 0, 0, 0, 0, 0, 0, 0]",2,128,768.0,6148.0,3092507423,3092516910,3092517501,3092521053,0,93183,93183,-1,1,9487,3552,32,32,32,1
12,3,"[4, 768, 0, 0, 0, 0, 0, 0, 0, 0, 0, 0, 0, 0, 0, 4, 768, 0, 0, 0, 0, 0, 0, 0, 0, 0, 0, 0, 0, 0]",2,128,768.0,9216.0,3092604312,3092613680,3092614236,3092617819,0,94367,94367,-1,1,9368,3583,32,32,32,1
12,3,"[4, 768, 0, 0, 0, 0, 0, 0, 0, 0, 0, 0, 0, 0, 0, 4, 768, 0, 0, 0, 0, 0, 0, 0, 0, 0, 0, 0, 0, 0]",2,128,768.0,9216.0,3092702339,3092711348,3092712186,3092715674,0,94431,94431,-1,1,9009,3488,32,32,32,1
16,3,"[4, 128, 768, 1, 1, 0, 0, 0, 0, 0, 0, 0, 0, 0, 0, 4, 0, 0, 0, 0, 0, 0, 0, 0, 0, 0, 0, 0, 0, 0]",192,128,98304.0,786436.0,3092799980,3092809471,3092810105,3092815673,0,90623,90623,-1,1,9491,5568,32,32,32,1
12,3,"[4, 128, 768, 1, 1, 0, 0, 0, 0, 0, 0, 0, 0, 0, 0, 4, 128, 768, 1, 1, 0, 0, 0, 0, 0, 0, 0, 0, 0, 0]",192,128,98304.0,1179648.0,3092896567,3092905603,3092906296,3092912216,0,92127,92127,-1,1,9036,5920,32,32,32,1
12,3,"[4, 128, 768, 1, 1, 0, 0, 0, 0, 0, 0, 0, 0, 0, 0, 4, 128, 768, 1, 1, 0, 0, 0, 0, 0, 0, 0, 0, 0, 0]",192,128,98304.0,1179648.0,3092994337,3093005400,3093004343,3093009367,0,97374,97374,-1,1,11063,5024,32,32,32,1
16,3,"[4, 128, 0, 0, 0, 0, 0, 0, 0, 0, 0, 0, 0, 0, 0, 4, 0, 0, 0, 0, 0, 0, 0, 0, 0, 0, 0, 0, 0, 0]",1,128,128.0,1028.0,3093096392,3093106104,3093106741,3093110166,0,92702,92702,-1,1,9712,3425,32,32,32,1
12,3,"[4, 128, 0, 0, 0, 0, 0, 0, 0, 0, 0, 0, 0, 0, 0, 4, 128, 0, 0, 0, 0, 0, 0, 0, 0, 0, 0, 0, 0, 0]",1,128,128.0,1536.0,3093193055,3093202020,3093202868,3093206388,0,93151,93151,-1,1,8965,3520,32,32,32,1
12,3,"[4, 128, 0, 0, 0, 0, 0, 0, 0, 0, 0, 0, 0, 0, 0, 4, 128, 0, 0, 0, 0, 0, 0, 0, 0, 0, 0, 0, 0, 0]",1,128,128.0,1536.0,3093289795,3093298732,3093299539,3093303027,0,92031,92031,-1,1,8937,3488,32,32,32,1
16,3,"[4, 128, 0, 0, 0, 0, 0, 0, 0, 0, 0, 0, 0, 0, 0, 4, 0, 0, 0, 0, 0, 0, 0, 0, 0, 0, 0, 0, 0, 0]",1,128,128.0,1028.0,3093384970,3093394385,3093395058,3093398482,0,91231,91231,-1,1,9415,3424,32,32,32,1
12,3,"[4, 128, 0, 0, 0, 0, 0, 0, 0, 0, 0, 0, 0, 0, 0, 4, 128, 0, 0, 0, 0, 0, 0, 0, 0, 0, 0, 0, 0, 0]",1,128,128.0,1536.0,3093480020,3093488835,3093489713,3093493201,0,93279,93279,-1,1,8815,3488,32,32,32,1
12,3,"[4, 128, 0, 0, 0, 0, 0, 0, 0, 0, 0, 0, 0, 0, 0, 4, 128, 0, 0, 0, 0, 0, 0, 0, 0, 0, 0, 0, 0, 0]",1,128,128.0,1536.0,3093576720,3093585745,3093586480,3093589967,0,94431,94431,-1,1,9025,3487,32,32,32,1
16,3,"[4, 768, 128, 1, 1, 0, 0, 0, 0, 0, 0, 0, 0, 0, 0, 4, 0, 0, 0, 0, 0, 0, 0, 0, 0, 0, 0, 0, 0, 0]",192,128,98304.0,786436.0,3093674513,3093683784,3093684398,3093690286,0,91711,91711,-1,1,9271,5888,32,32,32,1
12,3,"[4, 768, 128, 1, 1, 0, 0, 0, 0, 0, 0, 0, 0, 0, 0, 4, 768, 128, 1, 1, 0, 0, 0, 0, 0, 0, 0, 0, 0, 0]",192,128,98304.0,1179648.0,3093771889,3093781284,3093781997,3093787917,0,91071,91071,-1,1,9395,5920,32,32,32,1
12,3,"[4, 768, 128, 1, 1, 0, 0, 0, 0, 0, 0, 0, 0, 0, 0, 4, 768, 128, 1, 1, 0, 0, 0, 0, 0, 0, 0, 0, 0, 0]",192,128,98304.0,1179648.0,3093869301,3093878198,3093878988,3093883948,0,92863,92863,-1,1,8897,4960,32,32,32,1
16,3,"[4, 768, 0, 0, 0, 0, 0, 0, 0, 0, 0, 0, 0, 0, 0, 4, 0, 0, 0, 0, 0, 0, 0, 0, 0, 0, 0, 0, 0, 0]",2,128,768.0,6148.0,3093966923,3093976095,3093976811,3093980426,0,232670,232670,-1,1,9172,3615,32,32,32,1
12,3,"[4, 768, 0, 0, 0, 0, 0, 0, 0, 0, 0, 0, 0, 0, 0, 4, 768, 0, 0, 0, 0, 0, 0, 0, 0, 0, 0, 0, 0, 0]",2,128,768.0,9216.0,3094201015,3094215535,3094213096,3094216776,0,109086,109086,-1,1,14520,3680,32,32,32,1
12,3,"[4, 768, 0, 0, 0, 0, 0, 0, 0, 0, 0, 0, 0, 0, 0, 4, 768, 0, 0, 0, 0, 0, 0, 0, 0, 0, 0, 0, 0, 0]",2,128,768.0,9216.0,3094315095,3094325189,3094325862,3094329478,0,98847,98847,-1,1,10094,3616,32,32,32,1
16,3,"[4, 768, 0, 0, 0, 0, 0, 0, 0, 0, 0, 0, 0, 0, 0, 4, 0, 0, 0, 0, 0, 0, 0, 0, 0, 0, 0, 0, 0, 0]",2,128,768.0,6148.0,3094417677,3094427680,3094428325,3094432005,0,94623,94623,-1,1,10003,3680,32,32,32,1
12,3,"[4, 768, 0, 0, 0, 0, 0, 0, 0, 0, 0, 0, 0, 0, 0, 4, 768, 0, 0, 0, 0, 0, 0, 0, 0, 0, 0, 0, 0, 0]",2,128,768.0,9216.0,3094516465,3094525842,3094526628,3094530116,0,93470,93470,-1,1,9377,3488,32,32,32,1
12,3,"[4, 768, 0, 0, 0, 0, 0, 0, 0, 0, 0, 0, 0, 0, 0, 4, 768, 0, 0, 0, 0, 0, 0, 0, 0, 0, 0, 0, 0, 0]",2,128,768.0,9216.0,3094613798,3094622845,3094623586,3094627203,0,94814,94814,-1,1,9047,3617,32,32,32,1
16,3,"[4, 768, 1, 3, 3, 0, 0, 0, 0, 0, 0, 0, 0, 0, 0, 4, 0, 0, 0, 0, 0, 0, 0, 0, 0, 0, 0, 0, 0, 0]",14,128,6912.0,55300.0,3094711670,3094721297,3094722017,3094725665,0,94335,94335,-1,1,9627,3648,32,32,32,1
12,3,"[4, 768, 1, 3, 3, 0, 0, 0, 0, 0, 0, 0, 0, 0, 0, 4, 768, 1, 3, 3, 0, 0, 0, 0, 0, 0, 0, 0, 0, 0]",14,128,6912.0,82944.0,3094809958,3094819289,3094820000,3094823744,0,95167,95167,-1,1,9331,3744,32,32,32,1
12,3,"[4, 768, 1, 3, 3, 0, 0, 0, 0, 0, 0, 0, 0, 0, 0, 4, 768, 1, 3, 3, 0, 0, 0, 0, 0, 0, 0, 0, 0, 0]",14,128,6912.0,82944.0,3094909080,3094918162,3094918911,3094922655,0,94463,94463,-1,1,9082,3744,32,32,32,1
16,3,"[4, 768, 0, 0, 0, 0, 0, 0, 0, 0, 0, 0, 0, 0, 0, 4, 0, 0, 0, 0, 0, 0, 0, 0, 0, 0, 0, 0, 0, 0]",2,128,768.0,6148.0,3095006603,3095016433,3095017118,3095020542,0,91902,91902,-1,1,9830,3424,32,32,32,1
12,3,"[4, 768, 0, 0, 0, 0, 0, 0, 0, 0, 0, 0, 0, 0, 0, 4, 768, 0, 0, 0, 0, 0, 0, 0, 0, 0, 0, 0, 0, 0]",2,128,768.0,9216.0,3095102518,3095111711,3095112444,3095115997,0,94206,94206,-1,1,9193,3553,32,32,32,1
12,3,"[4, 768, 0, 0, 0, 0, 0, 0, 0, 0, 0, 0, 0, 0, 0, 4, 768, 0, 0, 0, 0, 0, 0, 0, 0, 0, 0, 0, 0, 0]",2,128,768.0,9216.0,3095199841,3095209228,3095210203,3095213755,0,95871,95871,-1,1,9387,3552,32,32,32,1
16,3,"[4, 768, 0, 0, 0, 0, 0, 0, 0, 0, 0, 0, 0, 0, 0, 4, 0, 0, 0, 0, 0, 0, 0, 0, 0, 0, 0, 0, 0, 0]",2,128,768.0,6148.0,3095299306,3095310376,3095309626,3095313082,0,95391,95391,-1,1,11070,3456,32,32,32,1
12,3,"[4, 768, 0, 0, 0, 0, 0, 0, 0, 0, 0, 0, 0, 0, 0, 4, 768, 0, 0, 0, 0, 0, 0, 0, 0, 0, 0, 0, 0, 0]",2,128,768.0,9216.0,3095397727,3095406977,3095408473,3095412089,0,93886,93886,-1,1,9250,3616,32,32,32,1
12,3,"[4, 768, 0, 0, 0, 0, 0, 0, 0, 0, 0, 0, 0, 0, 0, 4, 768, 0, 0, 0, 0, 0, 0, 0, 0, 0, 0, 0, 0, 0]",2,128,768.0,9216.0,3095496066,3095505117,3095505975,3095509464,0,94782,94782,-1,1,9051,3489,32,32,32,1
16,3,"[4, 32, 768, 1, 1, 0, 0, 0, 0, 0, 0, 0, 0, 0, 0, 4, 0, 0, 0, 0, 0, 0, 0, 0, 0, 0, 0, 0, 0, 0]",48,128,24576.0,196612.0,3095593722,3095603149,3095604246,3095608310,0,102111,102111,-1,1,9427,4064,32,32,32,1
12,3,"[4, 32, 768, 1, 1, 0, 0, 0, 0, 0, 0, 0, 0, 0, 0, 4, 32, 768, 1, 1, 0, 0, 0, 0, 0, 0, 0, 0, 0, 0]",48,128,24576.0,294912.0,3095700016,3095709715,3095710421,3095714549,0,93663,93663,-1,1,9699,4128,32,32,32,1
12,3,"[4, 32, 768, 1, 1, 0, 0, 0, 0, 0, 0, 0, 0, 0, 0, 4, 32, 768, 1, 1, 0, 0, 0, 0, 0, 0, 0, 0, 0, 0]",48,128,24576.0,294912.0,3095798433,3095807359,3095808212,3095812468,0,92383,92383,-1,1,8926,4256,32,32,32,1
16,3,"[4, 32, 0, 0, 0, 0, 0, 0, 0, 0, 0, 0, 0, 0, 0, 4, 0, 0, 0, 0, 0, 0, 0, 0, 0, 0, 0, 0, 0, 0]",1,128,32.0,260.0,3095894610,3095904130,3095904851,3095908274,0,93535,93535,-1,1,9520,3423,32,32,32,1
12,3,"[4, 32, 0, 0, 0, 0, 0, 0, 0, 0, 0, 0, 0, 0, 0, 4, 32, 0, 0, 0, 0, 0, 0, 0, 0, 0, 0, 0, 0, 0]",1,128,32.0,384.0,3095991820,3096000846,3096001809,3096005297,0,91327,91327,-1,1,9026,3488,32,32,32,1
12,3,"[4, 32, 0, 0, 0, 0, 0, 0, 0, 0, 0, 0, 0, 0, 0, 4, 32, 0, 0, 0, 0, 0, 0, 0, 0, 0, 0, 0, 0, 0]",1,128,32.0,384.0,3096087131,3096095934,3096096624,3096100080,0,94431,94431,-1,1,8803,3456,32,32,32,1
16,3,"[4, 768, 32, 1, 1, 0, 0, 0, 0, 0, 0, 0, 0, 0, 0, 4, 0, 0, 0, 0, 0, 0, 0, 0, 0, 0, 0, 0, 0, 0]",48,128,24576.0,196612.0,3096183756,3096193276,3096194511,3096198351,0,94207,94207,-1,1,9520,3840,32,32,32,1
12,3,"[4, 768, 32, 1, 1, 0, 0, 0, 0, 0, 0, 0, 0, 0, 0, 4, 768, 32, 1, 1, 0, 0, 0, 0, 0, 0, 0, 0, 0, 0]",48,128,24576.0,294912.0,3096281951,3096291174,3096292558,3096296718,0,96191,96191,-1,1,9223,4160,32,32,32,1
12,3,"[4, 768, 32, 1, 1, 0, 0, 0, 0, 0, 0, 0, 0, 0, 0, 4, 768, 32, 1, 1, 0, 0, 0, 0, 0, 0, 0, 0, 0, 0]",48,128,24576.0,294912.0,3096382769,3096392046,3096392909,3096397100,0,94559,94559,-1,1,9277,4191,32,32,32,1
16,3,"[4, 768, 0, 0, 0, 0, 0, 0, 0, 0, 0, 0, 0, 0, 0, 4, 0, 0, 0, 0, 0, 0, 0, 0, 0, 0, 0, 0, 0, 0]",2,128,768.0,6148.0,3096481588,3096491050,3096491659,3096495147,0,92703,92703,-1,1,9462,3488,32,32,32,1
12,3,"[4, 768, 0, 0, 0, 0, 0, 0, 0, 0, 0, 0, 0, 0, 0, 4, 768, 0, 0, 0, 0, 0, 0, 0, 0, 0, 0, 0, 0, 0]",2,128,768.0,9216.0,3096578120,3096587100,3096587850,3096591402,0,92543,92543,-1,1,8980,3552,32,32,32,1
12,3,"[4, 768, 0, 0, 0, 0, 0, 0, 0, 0, 0, 0, 0, 0, 0, 4, 768, 0, 0, 0, 0, 0, 0, 0, 0, 0, 0, 0, 0, 0]",2,128,768.0,9216.0,3096674087,3096683238,3096683945,3096687465,0,93151,93151,-1,1,9151,3520,32,32,32,1
16,3,"[4, 128, 768, 1, 1, 0, 0, 0, 0, 0, 0, 0, 0, 0, 0, 4, 0, 0, 0, 0, 0, 0, 0, 0, 0, 0, 0, 0, 0, 0]",192,128,98304.0,786436.0,3096770477,3096779999,3096780616,3096786151,0,92064,92064,-1,1,9522,5535,32,32,32,1
12,3,"[4, 128, 768, 1, 1, 0, 0, 0, 0, 0, 0, 0, 0, 0, 0, 4, 128, 768, 1, 1, 0, 0, 0, 0, 0, 0, 0, 0, 0, 0]",192,128,98304.0,1179648.0,3096868156,3096877367,3096878215,3096884454,0,90495,90495,-1,1,9211,6239,32,32,32,1
12,3,"[4, 128, 768, 1, 1, 0, 0, 0, 0, 0, 0, 0, 0, 0, 0, 4, 128, 768, 1, 1, 0, 0, 0, 0, 0, 0, 0, 0, 0, 0]",192,128,98304.0,1179648.0,3096965219,3096974134,3096974949,3096980037,0,92863,92863,-1,1,8915,5088,32,32,32,1
16,3,"[4, 128, 0, 0, 0, 0, 0, 0, 0, 0, 0, 0, 0, 0, 0, 4, 0, 0, 0, 0, 0, 0, 0, 0, 0, 0, 0, 0, 0, 0]",1,128,128.0,1028.0,3097062654,3097072330,3097072900,3097076356,0,91775,91775,-1,1,9676,3456,32,32,32,1
12,3,"[4, 128, 0, 0, 0, 0, 0, 0, 0, 0, 0, 0, 0, 0, 0, 4, 128, 0, 0, 0, 0, 0, 0, 0, 0, 0, 0, 0, 0, 0]",1,128,128.0,1536.0,3097158445,3097167379,3097168131,3097171619,0,92063,92063,-1,1,8934,3488,32,32,32,1
12,3,"[4, 128, 0, 0, 0, 0, 0, 0, 0, 0, 0, 0, 0, 0, 0, 4, 128, 0, 0, 0, 0, 0, 0, 0, 0, 0, 0, 0, 0, 0]",1,128,128.0,1536.0,3097254002,3097262874,3097263682,3097267170,0,95838,95838,-1,1,8872,3488,32,32,32,1
16,3,"[4, 128, 0, 0, 0, 0, 0, 0, 0, 0, 0, 0, 0, 0, 0, 4, 0, 0, 0, 0, 0, 0, 0, 0, 0, 0, 0, 0, 0, 0]",1,128,128.0,1028.0,3097352352,3097362313,3097363008,3097366464,0,94271,94271,-1,1,9961,3456,32,32,32,1
12,3,"[4, 128, 0, 0, 0, 0, 0, 0, 0, 0, 0, 0, 0, 0, 0, 4, 128, 0, 0, 0, 0, 0, 0, 0, 0, 0, 0, 0, 0, 0]",1,128,128.0,1536.0,3097450690,3097459912,3097460735,3097464223,0,92959,92959,-1,1,9222,3488,32,32,32,1
12,3,"[4, 128, 0, 0, 0, 0, 0, 0, 0, 0, 0, 0, 0, 0, 0, 4, 128, 0, 0, 0, 0, 0, 0, 0, 0, 0, 0, 0, 0, 0]",1,128,128.0,1536.0,3097547276,3097556330,3097557182,3097560702,0,94143,94143,-1,1,9054,3520,32,32,32,1
16,3,"[4, 768, 128, 1, 1, 0, 0, 0, 0, 0, 0, 0, 0, 0, 0, 4, 0, 0, 0, 0, 0, 0, 0, 0, 0, 0, 0, 0, 0, 0]",192,128,98304.0,786436.0,3097644801,3097654118,3097654845,3097661053,0,90238,90238,-1,1,9317,6208,32,32,32,1
12,3,"[4, 768, 128, 1, 1, 0, 0, 0, 0, 0, 0, 0, 0, 0, 0, 4, 768, 128, 1, 1, 0, 0, 0, 0, 0, 0, 0, 0, 0, 0]",192,128,98304.0,1179648.0,3097741435,3097750550,3097751291,3097757211,0,92127,92127,-1,1,9115,5920,32,32,32,1
12,3,"[4, 768, 128, 1, 1, 0, 0, 0, 0, 0, 0, 0, 0, 0, 0, 4, 768, 128, 1, 1, 0, 0, 0, 0, 0, 0, 0, 0, 0, 0]",192,128,98304.0,1179648.0,3097839585,3097848512,3097849338,3097854266,0,92479,92479,-1,1,8927,4928,32,32,32,1
16,3,"[4, 768, 0, 0, 0, 0, 0, 0, 0, 0, 0, 0, 0, 0, 0, 4, 0, 0, 0, 0, 0, 0, 0, 0, 0, 0, 0, 0, 0, 0]",2,128,768.0,6148.0,3097936708,3097946076,3097946745,3097950201,0,92223,92223,-1,1,9368,3456,32,32,32,1
12,3,"[4, 768, 0, 0, 0, 0, 0, 0, 0, 0, 0, 0, 0, 0, 0, 4, 768, 0, 0, 0, 0, 0, 0, 0, 0, 0, 0, 0, 0, 0]",2,128,768.0,9216.0,3098032689,3098041564,3098042424,3098046104,0,92831,92831,-1,1,8875,3680,32,32,32,1
12,3,"[4, 768, 0, 0, 0, 0, 0, 0, 0, 0, 0, 0, 0, 0, 0, 4, 768, 0, 0, 0, 0, 0, 0, 0, 0, 0, 0, 0, 0, 0]",2,128,768.0,9216.0,3098129159,3098138153,3098138935,3098142486,0,94623,94623,-1,1,8994,3551,32,32,32,1
16,3,"[4, 768, 0, 0, 0, 0, 0, 0, 0, 0, 0, 0, 0, 0, 0, 4, 0, 0, 0, 0, 0, 0, 0, 0, 0, 0, 0, 0, 0, 0]",2,128,768.0,6148.0,3098227011,3098236400,3098237109,3098240629,0,271805,271805,-1,1,9389,3520,32,32,32,1
12,3,"[4, 768, 0, 0, 0, 0, 0, 0, 0, 0, 0, 0, 0, 0, 0, 4, 768, 0, 0, 0, 0, 0, 0, 0, 0, 0, 0, 0, 0, 0]",2,128,768.0,9216.0,3098499126,3098512164,3098512434,3098515986,0,101119,101119,-1,1,13038,3552,32,32,32,1
12,3,"[4, 768, 0, 0, 0, 0, 0, 0, 0, 0, 0, 0, 0, 0, 0, 4, 768, 0, 0, 0, 0, 0, 0, 0, 0, 0, 0, 0, 0, 0]",2,128,768.0,9216.0,3098606260,3098616427,3098617105,3098620657,0,104318,104318,-1,1,10167,3552,32,32,32,1
16,3,"[4, 768, 1, 3, 3, 0, 0, 0, 0, 0, 0, 0, 0, 0, 0, 4, 0, 0, 0, 0, 0, 0, 0, 0, 0, 0, 0, 0, 0, 0]",14,128,6912.0,55300.0,3098714293,3098724401,3098724975,3098728623,0,95487,95487,-1,1,10108,3648,32,32,32,1
12,3,"[4, 768, 1, 3, 3, 0, 0, 0, 0, 0, 0, 0, 0, 0, 0, 4, 768, 1, 3, 3, 0, 0, 0, 0, 0, 0, 0, 0, 0, 0]",14,128,6912.0,82944.0,3098813918,3098823472,3098824110,3098827982,0,94175,94175,-1,1,9554,3872,32,32,32,1
12,3,"[4, 768, 1, 3, 3, 0, 0, 0, 0, 0, 0, 0, 0, 0, 0, 4, 768, 1, 3, 3, 0, 0, 0, 0, 0, 0, 0, 0, 0, 0]",14,128,6912.0,82944.0,3098911884,3098921343,3098922157,3098925901,0,93567,93567,-1,1,9459,3744,32,32,32,1
16,3,"[4, 768, 0, 0, 0, 0, 0, 0, 0, 0, 0, 0, 0, 0, 0, 4, 0, 0, 0, 0, 0, 0, 0, 0, 0, 0, 0, 0, 0, 0]",2,128,768.0,6148.0,3099009459,3099018840,3099019468,3099022923,0,93471,93471,-1,1,9381,3455,32,32,32,1
12,3,"[4, 768, 0, 0, 0, 0, 0, 0, 0, 0, 0, 0, 0, 0, 0, 4, 768, 0, 0, 0, 0, 0, 0, 0, 0, 0, 0, 0, 0, 0]",2,128,768.0,9216.0,3099106202,3099115607,3099116394,3099120042,0,92415,92415,-1,1,9405,3648,32,32,32,1
12,3,"[4, 768, 0, 0, 0, 0, 0, 0, 0, 0, 0, 0, 0, 0, 0, 4, 768, 0, 0, 0, 0, 0, 0, 0, 0, 0, 0, 0, 0, 0]",2,128,768.0,9216.0,3099202625,3099211572,3099212457,3099215945,0,92383,92383,-1,1,8947,3488,32,32,32,1
16,3,"[4, 768, 0, 0, 0, 0, 0, 0, 0, 0, 0, 0, 0, 0, 0, 4, 0, 0, 0, 0, 0, 0, 0, 0, 0, 0, 0, 0, 0, 0]",2,128,768.0,6148.0,3099298203,3099307268,3099308328,3099311816,0,91807,91807,-1,1,9065,3488,32,32,32,1
12,3,"[4, 768, 0, 0, 0, 0, 0, 0, 0, 0, 0, 0, 0, 0, 0, 4, 768, 0, 0, 0, 0, 0, 0, 0, 0, 0, 0, 0, 0, 0]",2,128,768.0,9216.0,3099393916,3099402740,3099403623,3099407207,0,93566,93566,-1,1,8824,3584,32,32,32,1
12,3,"[4, 768, 0, 0, 0, 0, 0, 0, 0, 0, 0, 0, 0, 0, 0, 4, 768, 0, 0, 0, 0, 0, 0, 0, 0, 0, 0, 0, 0, 0]",2,128,768.0,9216.0,3099491105,3099500014,3099500773,3099504454,0,95103,95103,-1,1,8909,3681,32,32,32,1
16,3,"[4, 32, 768, 1, 1, 0, 0, 0, 0, 0, 0, 0, 0, 0, 0, 4, 0, 0, 0, 0, 0, 0, 0, 0, 0, 0, 0, 0, 0, 0]",48,128,24576.0,196612.0,3099589662,3099599013,3099599557,3099603684,0,104479,104479,-1,1,9351,4127,32,32,32,1
12,3,"[4, 32, 768, 1, 1, 0, 0, 0, 0, 0, 0, 0, 0, 0, 0, 4, 32, 768, 1, 1, 0, 0, 0, 0, 0, 0, 0, 0, 0, 0]",48,128,24576.0,294912.0,3099697739,3099707649,3099708163,3099712355,0,96863,96863,-1,1,9910,4192,32,32,32,1
12,3,"[4, 32, 768, 1, 1, 0, 0, 0, 0, 0, 0, 0, 0, 0, 0, 4, 32, 768, 1, 1, 0, 0, 0, 0, 0, 0, 0, 0, 0, 0]",48,128,24576.0,294912.0,3099799391,3099808462,3099809218,3099813378,0,93022,93022,-1,1,9071,4160,32,32,32,1
16,3,"[4, 32, 0, 0, 0, 0, 0, 0, 0, 0, 0, 0, 0, 0, 0, 4, 0, 0, 0, 0, 0, 0, 0, 0, 0, 0, 0, 0, 0, 0]",1,128,32.0,260.0,3099896544,3099905742,3099906400,3099909792,0,92415,92415,-1,1,9198,3392,32,32,32,1
12,3,"[4, 32, 0, 0, 0, 0, 0, 0, 0, 0, 0, 0, 0, 0, 0, 4, 32, 0, 0, 0, 0, 0, 0, 0, 0, 0, 0, 0, 0, 0]",1,128,32.0,384.0,3099992430,3100001480,3100002207,3100005663,0,91263,91263,-1,1,9050,3456,32,32,32,1
12,3,"[4, 32, 0, 0, 0, 0, 0, 0, 0, 0, 0, 0, 0, 0, 0, 4, 32, 0, 0, 0, 0, 0, 0, 0, 0, 0, 0, 0, 0, 0]",1,128,32.0,384.0,3100087268,3100096036,3100096926,3100100382,0,94367,94367,-1,1,8768,3456,32,32,32,1
16,3,"[4, 768, 32, 1, 1, 0, 0, 0, 0, 0, 0, 0, 0, 0, 0, 4, 0, 0, 0, 0, 0, 0, 0, 0, 0, 0, 0, 0, 0, 0]",48,128,24576.0,196612.0,3100184391,3100194095,3100194749,3100198781,0,92255,92255,-1,1,9704,4032,32,32,32,1
12,3,"[4, 768, 32, 1, 1, 0, 0, 0, 0, 0, 0, 0, 0, 0, 0, 4, 768, 32, 1, 1, 0, 0, 0, 0, 0, 0, 0, 0, 0, 0]",48,128,24576.0,294912.0,3100280949,3100290245,3100291036,3100295260,0,92735,92735,-1,1,9296,4224,32,32,32,1
12,3,"[4, 768, 32, 1, 1, 0, 0, 0, 0, 0, 0, 0, 0, 0, 0, 4, 768, 32, 1, 1, 0, 0, 0, 0, 0, 0, 0, 0, 0, 0]",48,128,24576.0,294912.0,3100378358,3100387177,3100387995,3100391866,0,92959,92959,-1,1,8819,3871,32,32,32,1
16,3,"[4, 768, 0, 0, 0, 0, 0, 0, 0, 0, 0, 0, 0, 0, 0, 4, 0, 0, 0, 0, 0, 0, 0, 0, 0, 0, 0, 0, 0, 0]",2,128,768.0,6148.0,3100474609,3100484103,3100484825,3100488281,0,92799,92799,-1,1,9494,3456,32,32,32,1
12,3,"[4, 768, 0, 0, 0, 0, 0, 0, 0, 0, 0, 0, 0, 0, 0, 4, 768, 0, 0, 0, 0, 0, 0, 0, 0, 0, 0, 0, 0, 0]",2,128,768.0,9216.0,3100571254,3100580697,3100581080,3100584728,0,94655,94655,-1,1,9443,3648,32,32,32,1
12,3,"[4, 768, 0, 0, 0, 0, 0, 0, 0, 0, 0, 0, 0, 0, 0, 4, 768, 0, 0, 0, 0, 0, 0, 0, 0, 0, 0, 0, 0, 0]",2,128,768.0,9216.0,3100669681,3100678548,3100679383,3100682871,0,93727,93727,-1,1,8867,3488,32,32,32,1
16,3,"[4, 128, 768, 1, 1, 0, 0, 0, 0, 0, 0, 0, 0, 0, 0, 4, 0, 0, 0, 0, 0, 0, 0, 0, 0, 0, 0, 0, 0, 0]",192,128,98304.0,786436.0,3100766731,3100778107,3100776598,3100782229,0,94783,94783,-1,1,11376,5631,32,32,32,1
12,3,"[4, 128, 768, 1, 1, 0, 0, 0, 0, 0, 0, 0, 0, 0, 0, 4, 128, 768, 1, 1, 0, 0, 0, 0, 0, 0, 0, 0, 0, 0]",192,128,98304.0,1179648.0,3100866702,3100876261,3100877012,3100882836,0,92159,92159,-1,1,9559,5824,32,32,32,1
12,3,"[4, 128, 768, 1, 1, 0, 0, 0, 0, 0, 0, 0, 0, 0, 0, 4, 128, 768, 1, 1, 0, 0, 0, 0, 0, 0, 0, 0, 0, 0]",192,128,98304.0,1179648.0,3100965190,3100974267,3100974995,3100979955,0,92607,92607,-1,1,9077,4960,32,32,32,1
16,3,"[4, 128, 0, 0, 0, 0, 0, 0, 0, 0, 0, 0, 0, 0, 0, 4, 0, 0, 0, 0, 0, 0, 0, 0, 0, 0, 0, 0, 0, 0]",1,128,128.0,1028.0,3101062463,3101072059,3101072562,3101075954,0,94687,94687,-1,1,9596,3392,32,32,32,1
12,3,"[4, 128, 0, 0, 0, 0, 0, 0, 0, 0, 0, 0, 0, 0, 0, 4, 128, 0, 0, 0, 0, 0, 0, 0, 0, 0, 0, 0, 0, 0]",1,128,128.0,1536.0,3101160486,3101169734,3101170641,3101174097,0,92799,92799,-1,1,9248,3456,32,32,32,1
12,3,"[4, 128, 0, 0, 0, 0, 0, 0, 0, 0, 0, 0, 0, 0, 0, 4, 128, 0, 0, 0, 0, 0, 0, 0, 0, 0, 0, 0, 0, 0]",1,128,128.0,1536.0,3101257253,3101266113,3101266896,3101270416,0,93182,93182,-1,1,8860,3520,32,32,32,1
16,3,"[4, 128, 0, 0, 0, 0, 0, 0, 0, 0, 0, 0, 0, 0, 0, 4, 0, 0, 0, 0, 0, 0, 0, 0, 0, 0, 0, 0, 0, 0]",1,128,128.0,1028.0,3101353690,3101362960,3101363598,3101367022,0,94111,94111,-1,1,9270,3424,32,32,32,1
12,3,"[4, 128, 0, 0, 0, 0, 0, 0, 0, 0, 0, 0, 0, 0, 0, 4, 128, 0, 0, 0, 0, 0, 0, 0, 0, 0, 0, 0, 0, 0]",1,128,128.0,1536.0,3101451282,3101460408,3101461133,3101464621,0,94367,94367,-1,1,9126,3488,32,32,32,1
12,3,"[4, 128, 0, 0, 0, 0, 0, 0, 0, 0, 0, 0, 0, 0, 0, 4, 128, 0, 0, 0, 0, 0, 0, 0, 0, 0, 0, 0, 0, 0]",1,128,128.0,1536.0,3101548871,3101558194,3101558988,3101562508,0,93759,93759,-1,1,9323,3520,32,32,32,1
16,3,"[4, 768, 128, 1, 1, 0, 0, 0, 0, 0, 0, 0, 0, 0, 0, 4, 0, 0, 0, 0, 0, 0, 0, 0, 0, 0, 0, 0, 0, 0]",192,128,98304.0,786436.0,3101646254,3101655510,3101656267,3101662346,0,94367,94367,-1,1,9256,6079,32,32,32,1
12,3,"[4, 768, 128, 1, 1, 0, 0, 0, 0, 0, 0, 0, 0, 0, 0, 4, 768, 128, 1, 1, 0, 0, 0, 0, 0, 0, 0, 0, 0, 0]",192,128,98304.0,1179648.0,3101746486,3101755926,3101756713,3101762697,0,92031,92031,-1,1,9440,5984,32,32,32,1
12,3,"[4, 768, 128, 1, 1, 0, 0, 0, 0, 0, 0, 0, 0, 0, 0, 4, 768, 128, 1, 1, 0, 0, 0, 0, 0, 0, 0, 0, 0, 0]",192,128,98304.0,1179648.0,3101844605,3101855561,3101854728,3101859880,0,94239,94239,-1,1,10956,5152,32,32,32,1
16,3,"[4, 768, 0, 0, 0, 0, 0, 0, 0, 0, 0, 0, 0, 0, 0, 4, 0, 0, 0, 0, 0, 0, 0, 0, 0, 0, 0, 0, 0, 0]",2,128,768.0,6148.0,3101943639,3101953447,3101954119,3101957639,0,92351,92351,-1,1,9808,3520,32,32,32,1
12,3,"[4, 768, 0, 0, 0, 0, 0, 0, 0, 0, 0, 0, 0, 0, 0, 4, 768, 0, 0, 0, 0, 0, 0, 0, 0, 0, 0, 0, 0, 0]",2,128,768.0,9216.0,3102040080,3102049170,3102049990,3102053606,0,93119,93119,-1,1,9090,3616,32,32,32,1
12,3,"[4, 768, 0, 0, 0, 0, 0, 0, 0, 0, 0, 0, 0, 0, 0, 4, 768, 0, 0, 0, 0, 0, 0, 0, 0, 0, 0, 0, 0, 0]",2,128,768.0,9216.0,3102137010,3102145900,3102146725,3102150340,0,93375,93375,-1,1,8890,3615,32,32,32,1
16,3,"[4, 768, 0, 0, 0, 0, 0, 0, 0, 0, 0, 0, 0, 0, 0, 4, 0, 0, 0, 0, 0, 0, 0, 0, 0, 0, 0, 0, 0, 0]",2,128,768.0,6148.0,3102233838,3102243025,3102243715,3102247268,0,92318,92318,-1,1,9187,3553,32,32,32,1
12,3,"[4, 768, 0, 0, 0, 0, 0, 0, 0, 0, 0, 0, 0, 0, 0, 4, 768, 0, 0, 0, 0, 0, 0, 0, 0, 0, 0, 0, 0, 0]",2,128,768.0,9216.0,3102329798,3102338733,3102339586,3102343298,0,92671,92671,-1,1,8935,3712,32,32,32,1
12,3,"[4, 768, 0, 0, 0, 0, 0, 0, 0, 0, 0, 0, 0, 0, 0, 4, 768, 0, 0, 0, 0, 0, 0, 0, 0, 0, 0, 0, 0, 0]",2,128,768.0,9216.0,3102426161,3102434996,3102435969,3102439681,0,238205,238205,-1,1,8835,3712,32,32,32,1
16,3,"[4, 768, 1, 3, 3, 0, 0, 0, 0, 0, 0, 0, 0, 0, 0, 4, 0, 0, 0, 0, 0, 0, 0, 0, 0, 0, 0, 0, 0, 0]",14,128,6912.0,55300.0,3102665013,3102677695,3102677886,3102681502,0,107551,107551,-1,1,12682,3616,32,32,32,1
12,3,"[4, 768, 1, 3, 3, 0, 0, 0, 0, 0, 0, 0, 0, 0, 0, 4, 768, 1, 3, 3, 0, 0, 0, 0, 0, 0, 0, 0, 0, 0]",14,128,6912.0,82944.0,3102778101,3102788471,3102789053,3102792924,0,96319,96319,-1,1,10370,3871,32,32,32,1
12,3,"[4, 768, 1, 3, 3, 0, 0, 0, 0, 0, 0, 0, 0, 0, 0, 4, 768, 1, 3, 3, 0, 0, 0, 0, 0, 0, 0, 0, 0, 0]",14,128,6912.0,82944.0,3102879094,3102888222,3102889243,3102892987,0,94271,94271,-1,1,9128,3744,32,32,32,1
16,3,"[4, 768, 0, 0, 0, 0, 0, 0, 0, 0, 0, 0, 0, 0, 0, 4, 0, 0, 0, 0, 0, 0, 0, 0, 0, 0, 0, 0, 0, 0]",2,128,768.0,6148.0,3102976622,3102986154,3102987258,3102990714,0,93407,93407,-1,1,9532,3456,32,32,32,1
12,3,"[4, 768, 0, 0, 0, 0, 0, 0, 0, 0, 0, 0, 0, 0, 0, 4, 768, 0, 0, 0, 0, 0, 0, 0, 0, 0, 0, 0, 0, 0]",2,128,768.0,9216.0,3103073926,3103085561,3103084121,3103087737,0,96382,96382,-1,1,11635,3616,32,32,32,1
12,3,"[4, 768, 0, 0, 0, 0, 0, 0, 0, 0, 0, 0, 0, 0, 0, 4, 768, 0, 0, 0, 0, 0, 0, 0, 0, 0, 0, 0, 0, 0]",2,128,768.0,9216.0,3103174393,3103183566,3103184119,3103187736,0,118238,118238,-1,1,9173,3617,32,32,32,1
16,3,"[4, 768, 0, 0, 0, 0, 0, 0, 0, 0, 0, 0, 0, 0, 0, 4, 0, 0, 0, 0, 0, 0, 0, 0, 0, 0, 0, 0, 0, 0]",2,128,768.0,6148.0,3103295019,3103305585,3103305974,3103309462,0,99935,99935,-1,1,10566,3488,32,32,32,1
12,3,"[4, 768, 0, 0, 0, 0, 0, 0, 0, 0, 0, 0, 0, 0, 0, 4, 768, 0, 0, 0, 0, 0, 0, 0, 0, 0, 0, 0, 0, 0]",2,128,768.0,9216.0,3103398484,3103408351,3103409397,3103412981,0,100895,100895,-1,1,9867,3584,32,32,32,1
12,3,"[4, 768, 0, 0, 0, 0, 0, 0, 0, 0, 0, 0, 0, 0, 0, 4, 768, 0, 0, 0, 0, 0, 0, 0, 0, 0, 0, 0, 0, 0]",2,128,768.0,9216.0,3103503535,3103513150,3103513876,3103517395,0,103007,103007,-1,1,9615,3519,32,32,32,1
16,3,"[4, 32, 768, 1, 1, 0, 0, 0, 0, 0, 0, 0, 0, 0, 0, 4, 0, 0, 0, 0, 0, 0, 0, 0, 0, 0, 0, 0, 0, 0]",48,128,24576.0,196612.0,3103609800,3103619928,3103620402,3103624434,0,111487,111487,-1,1,10128,4032,32,32,32,1
12,3,"[4, 32, 768, 1, 1, 0, 0, 0, 0, 0, 0, 0, 0, 0, 0, 4, 32, 768, 1, 1, 0, 0, 0, 0, 0, 0, 0, 0, 0, 0]",48,128,24576.0,294912.0,3103725001,3103735264,3103735921,3103740240,0,102367,102367,-1,1,10263,4319,32,32,32,1
12,3,"[4, 32, 768, 1, 1, 0, 0, 0, 0, 0, 0, 0, 0, 0, 0, 4, 32, 768, 1, 1, 0, 0, 0, 0, 0, 0, 0, 0, 0, 0]",48,128,24576.0,294912.0,3103832611,3103842122,3103842607,3103846576,0,101950,101950,-1,1,9511,3969,32,32,32,1
16,3,"[4, 32, 0, 0, 0, 0, 0, 0, 0, 0, 0, 0, 0, 0, 0, 4, 0, 0, 0, 0, 0, 0, 0, 0, 0, 0, 0, 0, 0, 0]",1,128,32.0,260.0,3103938088,3103948019,3103948526,3103951950,0,104543,104543,-1,1,9931,3424,32,32,32,1
12,3,"[4, 32, 0, 0, 0, 0, 0, 0, 0, 0, 0, 0, 0, 0, 0, 4, 32, 0, 0, 0, 0, 0, 0, 0, 0, 0, 0, 0, 0, 0]",1,128,32.0,384.0,3104046030,3104055808,3104056493,3104059949,0,100863,100863,-1,1,9778,3456,32,32,32,1
12,3,"[4, 32, 0, 0, 0, 0, 0, 0, 0, 0, 0, 0, 0, 0, 0, 4, 32, 0, 0, 0, 0, 0, 0, 0, 0, 0, 0, 0, 0, 0]",1,128,32.0,384.0,3104150520,3104160112,3104160812,3104164300,0,100766,100766,-1,1,9592,3488,32,32,32,1
16,3,"[4, 768, 32, 1, 1, 0, 0, 0, 0, 0, 0, 0, 0, 0, 0, 4, 0, 0, 0, 0, 0, 0, 0, 0, 0, 0, 0, 0, 0, 0]",48,128,24576.0,196612.0,3104254495,3104266362,3104265066,3104269034,0,103679,103679,-1,1,11867,3968,32,32,32,1
12,3,"[4, 768, 32, 1, 1, 0, 0, 0, 0, 0, 0, 0, 0, 0, 0, 4, 768, 32, 1, 1, 0, 0, 0, 0, 0, 0, 0, 0, 0, 0]",48,128,24576.0,294912.0,3104362106,3104372123,3104372713,3104377289,0,108734,108734,-1,1,10017,4576,32,32,32,1
12,3,"[4, 768, 32, 1, 1, 0, 0, 0, 0, 0, 0, 0, 0, 0, 0, 4, 768, 32, 1, 1, 0, 0, 0, 0, 0, 0, 0, 0, 0, 0]",48,128,24576.0,294912.0,3104476225,3104485258,3104486023,3104489863,0,94111,94111,-1,1,9033,3840,32,32,32,1
16,3,"[4, 768, 0, 0, 0, 0, 0, 0, 0, 0, 0, 0, 0, 0, 0, 4, 0, 0, 0, 0, 0, 0, 0, 0, 0, 0, 0, 0, 0, 0]",2,128,768.0,6148.0,3104573761,3104583263,3104583974,3104587398,0,92063,92063,-1,1,9502,3424,32,32,32,1
12,3,"[4, 768, 0, 0, 0, 0, 0, 0, 0, 0, 0, 0, 0, 0, 0, 4, 768, 0, 0, 0, 0, 0, 0, 0, 0, 0, 0, 0, 0, 0]",2,128,768.0,9216.0,3104669713,3104678693,3104679461,3104682949,0,92767,92767,-1,1,8980,3488,32,32,32,1
12,3,"[4, 768, 0, 0, 0, 0, 0, 0, 0, 0, 0, 0, 0, 0, 0, 4, 768, 0, 0, 0, 0, 0, 0, 0, 0, 0, 0, 0, 0, 0]",2,128,768.0,9216.0,3104766019,3104774846,3104775716,3104779235,0,97983,97983,-1,1,8827,3519,32,32,32,1
16,3,"[4, 128, 768, 1, 1, 0, 0, 0, 0, 0, 0, 0, 0, 0, 0, 4, 0, 0, 0, 0, 0, 0, 0, 0, 0, 0, 0, 0, 0, 0]",192,128,98304.0,786436.0,3104863455,3104877491,3104877218,3104882659,0,105854,105854,-1,1,14036,5441,32,32,32,1
12,3,"[4, 128, 768, 1, 1, 0, 0, 0, 0, 0, 0, 0, 0, 0, 0, 4, 128, 768, 1, 1, 0, 0, 0, 0, 0, 0, 0, 0, 0, 0]",192,128,98304.0,1179648.0,3104977972,3104987868,3104988513,3104994305,0,100319,100319,-1,1,9896,5792,32,32,32,1
12,3,"[4, 128, 768, 1, 1, 0, 0, 0, 0, 0, 0, 0, 0, 0, 0, 4, 128, 768, 1, 1, 0, 0, 0, 0, 0, 0, 0, 0, 0, 0]",192,128,98304.0,1179648.0,3105084878,3105093770,3105094624,3105099648,0,99294,99294,-1,1,8892,5024,32,32,32,1
16,3,"[4, 128, 0, 0, 0, 0, 0, 0, 0, 0, 0, 0, 0, 0, 0, 4, 0, 0, 0, 0, 0, 0, 0, 0, 0, 0, 0, 0, 0, 0]",1,128,128.0,1028.0,3105188597,3105198423,3105198942,3105202335,0,95358,95358,-1,1,9826,3393,32,32,32,1
12,3,"[4, 128, 0, 0, 0, 0, 0, 0, 0, 0, 0, 0, 0, 0, 0, 4, 128, 0, 0, 0, 0, 0, 0, 0, 0, 0, 0, 0, 0, 0]",1,128,128.0,1536.0,3105287762,3105296923,3105297693,3105301181,0,94495,94495,-1,1,9161,3488,32,32,32,1
12,3,"[4, 128, 0, 0, 0, 0, 0, 0, 0, 0, 0, 0, 0, 0, 0, 4, 128, 0, 0, 0, 0, 0, 0, 0, 0, 0, 0, 0, 0, 0]",1,128,128.0,1536.0,3105386065,3105397909,3105395676,3105399228,0,97951,97951,-1,1,11844,3552,32,32,32,1
16,3,"[4, 128, 0, 0, 0, 0, 0, 0, 0, 0, 0, 0, 0, 0, 0, 4, 0, 0, 0, 0, 0, 0, 0, 0, 0, 0, 0, 0, 0, 0]",1,128,128.0,1028.0,3105487005,3105496595,3105497179,3105500571,0,92222,92222,-1,1,9590,3392,32,32,32,1
12,3,"[4, 128, 0, 0, 0, 0, 0, 0, 0, 0, 0, 0, 0, 0, 0, 4, 128, 0, 0, 0, 0, 0, 0, 0, 0, 0, 0, 0, 0, 0]",1,128,128.0,1536.0,3105583056,3105592190,3105592793,3105596281,0,93728,93728,-1,1,9134,3488,32,32,32,1
12,3,"[4, 128, 0, 0, 0, 0, 0, 0, 0, 0, 0, 0, 0, 0, 0, 4, 128, 0, 0, 0, 0, 0, 0, 0, 0, 0, 0, 0, 0, 0]",1,128,128.0,1536.0,3105680153,3105689161,3105690009,3105693528,0,94367,94367,-1,1,9008,3519,32,32,32,1
16,3,"[4, 768, 128, 1, 1, 0, 0, 0, 0, 0, 0, 0, 0, 0, 0, 4, 0, 0, 0, 0, 0, 0, 0, 0, 0, 0, 0, 0, 0, 0]",192,128,98304.0,786436.0,3105777891,3105787313,3105787895,3105793655,0,92127,92127,-1,1,9422,5760,32,32,32,1
12,3,"[4, 768, 128, 1, 1, 0, 0, 0, 0, 0, 0, 0, 0, 0, 0, 4, 768, 128, 1, 1, 0, 0, 0, 0, 0, 0, 0, 0, 0, 0]",192,128,98304.0,1179648.0,3105875910,3105884995,3105885782,3105891766,0,90911,90911,-1,1,9085,5984,32,32,32,1
12,3,"[4, 768, 128, 1, 1, 0, 0, 0, 0, 0, 0, 0, 0, 0, 0, 4, 768, 128, 1, 1, 0, 0, 0, 0, 0, 0, 0, 0, 0, 0]",192,128,98304.0,1179648.0,3105972862,3105981841,3105982677,3105987829,0,90654,90654,-1,1,8979,5152,32,32,32,1
16,3,"[4, 768, 0, 0, 0, 0, 0, 0, 0, 0, 0, 0, 0, 0, 0, 4, 0, 0, 0, 0, 0, 0, 0, 0, 0, 0, 0, 0, 0, 0]",2,128,768.0,6148.0,3106068328,3106078204,3106078483,3106082035,0,92223,92223,-1,1,9876,3552,32,32,32,1
12,3,"[4, 768, 0, 0, 0, 0, 0, 0, 0, 0, 0, 0, 0, 0, 0, 4, 768, 0, 0, 0, 0, 0, 0, 0, 0, 0, 0, 0, 0, 0]",2,128,768.0,9216.0,3106164542,3106173473,3106174258,3106177842,0,96479,96479,-1,1,8931,3584,32,32,32,1
12,3,"[4, 768, 0, 0, 0, 0, 0, 0, 0, 0, 0, 0, 0, 0, 0, 4, 768, 0, 0, 0, 0, 0, 0, 0, 0, 0, 0, 0, 0, 0]",2,128,768.0,9216.0,3106264342,3106273774,3106274321,3106277873,0,93023,93023,-1,1,9432,3552,32,32,32,1
16,3,"[4, 768, 0, 0, 0, 0, 0, 0, 0, 0, 0, 0, 0, 0, 0, 4, 0, 0, 0, 0, 0, 0, 0, 0, 0, 0, 0, 0, 0, 0]",2,128,768.0,6148.0,3106361206,3106370352,3106370896,3106374448,0,93150,93150,-1,1,9146,3552,32,32,32,1
12,3,"[4, 768, 0, 0, 0, 0, 0, 0, 0, 0, 0, 0, 0, 0, 0, 4, 768, 0, 0, 0, 0, 0, 0, 0, 0, 0, 0, 0, 0, 0]",2,128,768.0,9216.0,3106457673,3106466904,3106467598,3106471214,0,93919,93919,-1,1,9231,3616,32,32,32,1
12,3,"[4, 768, 0, 0, 0, 0, 0, 0, 0, 0, 0, 0, 0, 0, 0, 4, 768, 0, 0, 0, 0, 0, 0, 0, 0, 0, 0, 0, 0, 0]",2,128,768.0,9216.0,3106555413,3106564470,3106565133,3106568781,0,93759,93759,-1,1,9057,3648,32,32,32,1
16,3,"[4, 768, 1, 3, 3, 0, 0, 0, 0, 0, 0, 0, 0, 0, 0, 4, 0, 0, 0, 0, 0, 0, 0, 0, 0, 0, 0, 0, 0, 0]",14,128,6912.0,55300.0,3106652570,3106661870,3106662540,3106666348,0,94815,94815,-1,1,9300,3808,32,32,32,1
12,3,"[4, 768, 1, 3, 3, 0, 0, 0, 0, 0, 0, 0, 0, 0, 0, 4, 768, 1, 3, 3, 0, 0, 0, 0, 0, 0, 0, 0, 0, 0]",14,128,6912.0,82944.0,3106751153,3106760395,3106761163,3106765099,0,237597,237597,-1,1,9242,3936,32,32,32,1
12,3,"[4, 768, 1, 3, 3, 0, 0, 0, 0, 0, 0, 0, 0, 0, 0, 4, 768, 1, 3, 3, 0, 0, 0, 0, 0, 0, 0, 0, 0, 0]",14,128,6912.0,82944.0,3106990243,3107002210,3107002696,3107006408,0,107775,107775,-1,1,11967,3712,32,32,32,1
16,3,"[4, 768, 0, 0, 0, 0, 0, 0, 0, 0, 0, 0, 0, 0, 0, 4, 0, 0, 0, 0, 0, 0, 0, 0, 0, 0, 0, 0, 0, 0]",2,128,768.0,6148.0,3107103082,3107113769,3107114183,3107117670,0,95199,95199,-1,1,10687,3487,32,32,32,1
12,3,"[4, 768, 0, 0, 0, 0, 0, 0, 0, 0, 0, 0, 0, 0, 0, 4, 768, 0, 0, 0, 0, 0, 0, 0, 0, 0, 0, 0, 0, 0]",2,128,768.0,9216.0,3107202700,3107212564,3107212869,3107216581,0,92895,92895,-1,1,9864,3712,32,32,32,1
12,3,"[4, 768, 0, 0, 0, 0, 0, 0, 0, 0, 0, 0, 0, 0, 0, 4, 768, 0, 0, 0, 0, 0, 0, 0, 0, 0, 0, 0, 0, 0]",2,128,768.0,9216.0,3107299699,3107308708,3107309476,3107313028,0,92863,92863,-1,1,9009,3552,32,32,32,1
16,3,"[4, 768, 0, 0, 0, 0, 0, 0, 0, 0, 0, 0, 0, 0, 0, 4, 0, 0, 0, 0, 0, 0, 0, 0, 0, 0, 0, 0, 0, 0]",2,128,768.0,6148.0,3107395978,3107405318,3107405891,3107409379,0,92255,92255,-1,1,9340,3488,32,32,32,1
12,3,"[4, 768, 0, 0, 0, 0, 0, 0, 0, 0, 0, 0, 0, 0, 0, 4, 768, 0, 0, 0, 0, 0, 0, 0, 0, 0, 0, 0, 0, 0]",2,128,768.0,9216.0,3107491908,3107500837,3107501634,3107505314,0,91359,91359,-1,1,8929,3680,32,32,32,1
12,3,"[4, 768, 0, 0, 0, 0, 0, 0, 0, 0, 0, 0, 0, 0, 0, 4, 768, 0, 0, 0, 0, 0, 0, 0, 0, 0, 0, 0, 0, 0]",2,128,768.0,9216.0,3107587133,3107595800,3107596673,3107600321,0,106270,106270,-1,1,8667,3648,32,32,32,1
16,3,"[4, 32, 768, 1, 1, 0, 0, 0, 0, 0, 0, 0, 0, 0, 0, 4, 0, 0, 0, 0, 0, 0, 0, 0, 0, 0, 0, 0, 0, 0]",48,128,24576.0,196612.0,3107695468,3107706083,3107706591,3107710623,0,95263,95263,-1,1,10615,4032,32,32,32,1
12,3,"[4, 32, 768, 1, 1, 0, 0, 0, 0, 0, 0, 0, 0, 0, 0, 4, 32, 768, 1, 1, 0, 0, 0, 0, 0, 0, 0, 0, 0, 0]",48,128,24576.0,294912.0,3107795780,3107805338,3107805886,3107810174,0,95231,95231,-1,1,9558,4288,32,32,32,1
12,3,"[4, 32, 768, 1, 1, 0, 0, 0, 0, 0, 0, 0, 0, 0, 0, 4, 32, 768, 1, 1, 0, 0, 0, 0, 0, 0, 0, 0, 0, 0]",48,128,24576.0,294912.0,3107895330,3107904655,3107905405,3107909501,0,93758,93758,-1,1,9325,4096,32,32,32,1
16,3,"[4, 32, 0, 0, 0, 0, 0, 0, 0, 0, 0, 0, 0, 0, 0, 4, 0, 0, 0, 0, 0, 0, 0, 0, 0, 0, 0, 0, 0, 0]",1,128,32.0,260.0,3107993254,3108002682,3108003259,3108006619,0,92127,92127,-1,1,9428,3360,32,32,32,1
12,3,"[4, 32, 0, 0, 0, 0, 0, 0, 0, 0, 0, 0, 0, 0, 0, 4, 32, 0, 0, 0, 0, 0, 0, 0, 0, 0, 0, 0, 0, 0]",1,128,32.0,384.0,3108088918,3108098116,3108098746,3108102234,0,93151,93151,-1,1,9198,3488,32,32,32,1
12,3,"[4, 32, 0, 0, 0, 0, 0, 0, 0, 0, 0, 0, 0, 0, 0, 4, 32, 0, 0, 0, 0, 0, 0, 0, 0, 0, 0, 0, 0, 0]",1,128,32.0,384.0,3108185561,3108194575,3108195385,3108198841,0,92959,92959,-1,1,9014,3456,32,32,32,1
16,3,"[4, 768, 32, 1, 1, 0, 0, 0, 0, 0, 0, 0, 0, 0, 0, 4, 0, 0, 0, 0, 0, 0, 0, 0, 0, 0, 0, 0, 0, 0]",48,128,24576.0,196612.0,3108281856,3108291174,3108291800,3108295960,0,92511,92511,-1,1,9318,4160,32,32,32,1
12,3,"[4, 768, 32, 1, 1, 0, 0, 0, 0, 0, 0, 0, 0, 0, 0, 4, 768, 32, 1, 1, 0, 0, 0, 0, 0, 0, 0, 0, 0, 0]",48,128,24576.0,294912.0,3108378698,3108387650,3108388471,3108392758,0,94687,94687,-1,1,8952,4287,32,32,32,1
12,3,"[4, 768, 32, 1, 1, 0, 0, 0, 0, 0, 0, 0, 0, 0, 0, 4, 768, 32, 1, 1, 0, 0, 0, 0, 0, 0, 0, 0, 0, 0]",48,128,24576.0,294912.0,3108477531,3108486704,3108487445,3108491285,0,93215,93215,-1,1,9173,3840,32,32,32,1
16,3,"[4, 768, 0, 0, 0, 0, 0, 0, 0, 0, 0, 0, 0, 0, 0, 4, 0, 0, 0, 0, 0, 0, 0, 0, 0, 0, 0, 0, 0, 0]",2,128,768.0,6148.0,3108574495,3108583975,3108584500,3108588052,0,92063,92063,-1,1,9480,3552,32,32,32,1
12,3,"[4, 768, 0, 0, 0, 0, 0, 0, 0, 0, 0, 0, 0, 0, 0, 4, 768, 0, 0, 0, 0, 0, 0, 0, 0, 0, 0, 0, 0, 0]",2,128,768.0,9216.0,3108670328,3108679464,3108680115,3108683699,0,95935,95935,-1,1,9136,3584,32,32,32,1
12,3,"[4, 768, 0, 0, 0, 0, 0, 0, 0, 0, 0, 0, 0, 0, 0, 4, 768, 0, 0, 0, 0, 0, 0, 0, 0, 0, 0, 0, 0, 0]",2,128,768.0,9216.0,3108769842,3108778904,3108779634,3108783186,0,93854,93854,-1,1,9062,3552,32,32,32,1
16,3,"[4, 128, 768, 1, 1, 0, 0, 0, 0, 0, 0, 0, 0, 0, 0, 4, 0, 0, 0, 0, 0, 0, 0, 0, 0, 0, 0, 0, 0, 0]",192,128,98304.0,786436.0,3108866982,3108876504,3108877040,3108882448,0,91999,91999,-1,1,9522,5408,32,32,32,1
12,3,"[4, 128, 768, 1, 1, 0, 0, 0, 0, 0, 0, 0, 0, 0, 0, 4, 128, 768, 1, 1, 0, 0, 0, 0, 0, 0, 0, 0, 0, 0]",192,128,98304.0,1179648.0,3108964428,3108973765,3108974447,3108980303,0,92671,92671,-1,1,9337,5856,32,32,32,1
12,3,"[4, 128, 768, 1, 1, 0, 0, 0, 0, 0, 0, 0, 0, 0, 0, 4, 128, 768, 1, 1, 0, 0, 0, 0, 0, 0, 0, 0, 0, 0]",192,128,98304.0,1179648.0,3109063095,3109072149,3109072974,3109077934,0,91903,91903,-1,1,9054,4960,32,32,32,1
16,3,"[4, 128, 0, 0, 0, 0, 0, 0, 0, 0, 0, 0, 0, 0, 0, 4, 0, 0, 0, 0, 0, 0, 0, 0, 0, 0, 0, 0, 0, 0]",1,128,128.0,1028.0,3109159675,3109169115,3109169837,3109173261,0,93342,93342,-1,1,9440,3424,32,32,32,1
12,3,"[4, 128, 0, 0, 0, 0, 0, 0, 0, 0, 0, 0, 0, 0, 0, 4, 128, 0, 0, 0, 0, 0, 0, 0, 0, 0, 0, 0, 0, 0]",1,128,128.0,1536.0,3109256613,3109265781,3109266603,3109270091,0,92255,92255,-1,1,9168,3488,32,32,32,1
12,3,"[4, 128, 0, 0, 0, 0, 0, 0, 0, 0, 0, 0, 0, 0, 0, 4, 128, 0, 0, 0, 0, 0, 0, 0, 0, 0, 0, 0, 0, 0]",1,128,128.0,1536.0,3109352848,3109361591,3109362346,3109365834,0,93535,93535,-1,1,8743,3488,32,32,32,1
16,3,"[4, 128, 0, 0, 0, 0, 0, 0, 0, 0, 0, 0, 0, 0, 0, 4, 0, 0, 0, 0, 0, 0, 0, 0, 0, 0, 0, 0, 0, 0]",1,128,128.0,1028.0,3109449082,3109458593,3109459369,3109462825,0,92543,92543,-1,1,9511,3456,32,32,32,1
12,3,"[4, 128, 0, 0, 0, 0, 0, 0, 0, 0, 0, 0, 0, 0, 0, 4, 128, 0, 0, 0, 0, 0, 0, 0, 0, 0, 0, 0, 0, 0]",1,128,128.0,1536.0,3109545468,3109554629,3109555368,3109558888,0,93631,93631,-1,1,9161,3520,32,32,32,1
12,3,"[4, 128, 0, 0, 0, 0, 0, 0, 0, 0, 0, 0, 0, 0, 0, 4, 128, 0, 0, 0, 0, 0, 0, 0, 0, 0, 0, 0, 0, 0]",1,128,128.0,1536.0,3109642837,3109651986,3109652519,3109656007,0,96030,96030,-1,1,9149,3488,32,32,32,1
16,3,"[4, 768, 128, 1, 1, 0, 0, 0, 0, 0, 0, 0, 0, 0, 0, 4, 0, 0, 0, 0, 0, 0, 0, 0, 0, 0, 0, 0, 0, 0]",192,128,98304.0,786436.0,3109741962,3109751370,3109752037,3109757797,0,94527,94527,-1,1,9408,5760,32,32,32,1
12,3,"[4, 768, 128, 1, 1, 0, 0, 0, 0, 0, 0, 0, 0, 0, 0, 4, 768, 128, 1, 1, 0, 0, 0, 0, 0, 0, 0, 0, 0, 0]",192,128,98304.0,1179648.0,3109842417,3109851595,3109852324,3109858084,0,92703,92703,-1,1,9178,5760,32,32,32,1
12,3,"[4, 768, 128, 1, 1, 0, 0, 0, 0, 0, 0, 0, 0, 0, 0, 4, 768, 128, 1, 1, 0, 0, 0, 0, 0, 0, 0, 0, 0, 0]",192,128,98304.0,1179648.0,3109940994,3109949951,3109950787,3109955939,0,92031,92031,-1,1,8957,5152,32,32,32,1
16,3,"[4, 768, 0, 0, 0, 0, 0, 0, 0, 0, 0, 0, 0, 0, 0, 4, 0, 0, 0, 0, 0, 0, 0, 0, 0, 0, 0, 0, 0, 0]",2,128,768.0,6148.0,3110037698,3110047351,3110047970,3110051394,0,92895,92895,-1,1,9653,3424,32,32,32,1
12,3,"[4, 768, 0, 0, 0, 0, 0, 0, 0, 0, 0, 0, 0, 0, 0, 4, 768, 0, 0, 0, 0, 0, 0, 0, 0, 0, 0, 0, 0, 0]",2,128,768.0,9216.0,3110134107,3110143597,3110144289,3110147937,0,93375,93375,-1,1,9490,3648,32,32,32,1
12,3,"[4, 768, 0, 0, 0, 0, 0, 0, 0, 0, 0, 0, 0, 0, 0, 4, 768, 0, 0, 0, 0, 0, 0, 0, 0, 0, 0, 0, 0, 0]",2,128,768.0,9216.0,3110231510,3110240476,3110241312,3110244832,0,92414,92414,-1,1,8966,3520,32,32,32,1
16,3,"[4, 768, 0, 0, 0, 0, 0, 0, 0, 0, 0, 0, 0, 0, 0, 4, 0, 0, 0, 0, 0, 0, 0, 0, 0, 0, 0, 0, 0, 0]",2,128,768.0,6148.0,3110326971,3110336603,3110337246,3110340830,0,92799,92799,-1,1,9632,3584,32,32,32,1
12,3,"[4, 768, 0, 0, 0, 0, 0, 0, 0, 0, 0, 0, 0, 0, 0, 4, 768, 0, 0, 0, 0, 0, 0, 0, 0, 0, 0, 0, 0, 0]",2,128,768.0,9216.0,3110423455,3110432760,3110433629,3110437309,0,93983,93983,-1,1,9305,3680,32,32,32,1
12,3,"[4, 768, 0, 0, 0, 0, 0, 0, 0, 0, 0, 0, 0, 0, 0, 4, 768, 0, 0, 0, 0, 0, 0, 0, 0, 0, 0, 0, 0, 0]",2,128,768.0,9216.0,3110521515,3110530454,3110531292,3110534876,0,94782,94782,-1,1,8939,3584,32,32,32,1
16,3,"[4, 768, 1, 3, 3, 0, 0, 0, 0, 0, 0, 0, 0, 0, 0, 4, 0, 0, 0, 0, 0, 0, 0, 0, 0, 0, 0, 0, 0, 0]",14,128,6912.0,55300.0,3110619341,3110628733,3110629658,3110633467,0,92830,92830,-1,1,9392,3809,32,32,32,1
12,3,"[4, 768, 1, 3, 3, 0, 0, 0, 0, 0, 0, 0, 0, 0, 0, 4, 768, 1, 3, 3, 0, 0, 0, 0, 0, 0, 0, 0, 0, 0]",14,128,6912.0,82944.0,3110716521,3110725576,3110726297,3110730233,0,93663,93663,-1,1,9055,3936,32,32,32,1
12,3,"[4, 768, 1, 3, 3, 0, 0, 0, 0, 0, 0, 0, 0, 0, 0, 4, 768, 1, 3, 3, 0, 0, 0, 0, 0, 0, 0, 0, 0, 0]",14,128,6912.0,82944.0,3110813791,3110824726,3110823896,3110827576,0,95647,95647,-1,1,10935,3680,32,32,32,1
16,3,"[4, 768, 0, 0, 0, 0, 0, 0, 0, 0, 0, 0, 0, 0, 0, 4, 0, 0, 0, 0, 0, 0, 0, 0, 0, 0, 0, 0, 0, 0]",2,128,768.0,6148.0,3110912956,3110922643,3110923223,3110926647,0,232477,232477,-1,1,9687,3424,32,32,32,1
12,3,"[4, 768, 0, 0, 0, 0, 0, 0, 0, 0, 0, 0, 0, 0, 0, 4, 768, 0, 0, 0, 0, 0, 0, 0, 0, 0, 0, 0, 0, 0]",2,128,768.0,9216.0,3111146856,3111158741,3111159124,3111162580,0,104383,104383,-1,1,11885,3456,32,32,32,1
12,3,"[4, 768, 0, 0, 0, 0, 0, 0, 0, 0, 0, 0, 0, 0, 0, 4, 768, 0, 0, 0, 0, 0, 0, 0, 0, 0, 0, 0, 0, 0]",2,128,768.0,9216.0,3111256557,3111266297,3111266963,3111270515,0,98078,98078,-1,1,9740,3552,32,32,32,1
16,3,"[4, 768, 0, 0, 0, 0, 0, 0, 0, 0, 0, 0, 0, 0, 0, 4, 0, 0, 0, 0, 0, 0, 0, 0, 0, 0, 0, 0, 0, 0]",2,128,768.0,6148.0,3111358252,3111368110,3111368593,3111372081,0,92959,92959,-1,1,9858,3488,32,32,32,1
12,3,"[4, 768, 0, 0, 0, 0, 0, 0, 0, 0, 0, 0, 0, 0, 0, 4, 768, 0, 0, 0, 0, 0, 0, 0, 0, 0, 0, 0, 0, 0]",2,128,768.0,9216.0,3111455153,3111464374,3111465040,3111468656,0,94239,94239,-1,1,9221,3616,32,32,32,1
12,3,"[4, 768, 0, 0, 0, 0, 0, 0, 0, 0, 0, 0, 0, 0, 0, 4, 768, 0, 0, 0, 0, 0, 0, 0, 0, 0, 0, 0, 0, 0]",2,128,768.0,9216.0,3111553236,3111562209,3111562895,3111566447,0,103519,103519,-1,1,8973,3552,32,32,32,1
16,3,"[4, 32, 768, 1, 1, 0, 0, 0, 0, 0, 0, 0, 0, 0, 0, 4, 0, 0, 0, 0, 0, 0, 0, 0, 0, 0, 0, 0, 0, 0]",48,128,24576.0,196612.0,3111659269,3111669409,3111669966,3111674030,0,94430,94430,-1,1,10140,4064,32,32,32,1
12,3,"[4, 32, 768, 1, 1, 0, 0, 0, 0, 0, 0, 0, 0, 0, 0, 4, 32, 768, 1, 1, 0, 0, 0, 0, 0, 0, 0, 0, 0, 0]",48,128,24576.0,294912.0,3111758463,3111767802,3111768460,3111772621,0,92254,92254,-1,1,9339,4161,32,32,32,1
12,3,"[4, 32, 768, 1, 1, 0, 0, 0, 0, 0, 0, 0, 0, 0, 0, 4, 32, 768, 1, 1, 0, 0, 0, 0, 0, 0, 0, 0, 0, 0]",48,128,24576.0,294912.0,3111855120,3111864236,3111864875,3111868971,0,91743,91743,-1,1,9116,4096,32,32,32,1
16,3,"[4, 32, 0, 0, 0, 0, 0, 0, 0, 0, 0, 0, 0, 0, 0, 4, 0, 0, 0, 0, 0, 0, 0, 0, 0, 0, 0, 0, 0, 0]",1,128,32.0,260.0,3111950899,3111960162,3111960714,3111964138,0,91551,91551,-1,1,9263,3424,32,32,32,1
12,3,"[4, 32, 0, 0, 0, 0, 0, 0, 0, 0, 0, 0, 0, 0, 0, 4, 32, 0, 0, 0, 0, 0, 0, 0, 0, 0, 0, 0, 0, 0]",1,128,32.0,384.0,3112045755,3112057339,3112055689,3112059145,0,96062,96062,-1,1,11584,3456,32,32,32,1
12,3,"[4, 32, 0, 0, 0, 0, 0, 0, 0, 0, 0, 0, 0, 0, 0, 4, 32, 0, 0, 0, 0, 0, 0, 0, 0, 0, 0, 0, 0, 0]",1,128,32.0,384.0,3112145310,3112154400,3112155207,3112158664,0,93758,93758,-1,1,9090,3457,32,32,32,1
16,3,"[4, 768, 32, 1, 1, 0, 0, 0, 0, 0, 0, 0, 0, 0, 0, 4, 0, 0, 0, 0, 0, 0, 0, 0, 0, 0, 0, 0, 0, 0]",48,128,24576.0,196612.0,3112242419,3112251825,3112252422,3112256614,0,94687,94687,-1,1,9406,4192,32,32,32,1
12,3,"[4, 768, 32, 1, 1, 0, 0, 0, 0, 0, 0, 0, 0, 0, 0, 4, 768, 32, 1, 1, 0, 0, 0, 0, 0, 0, 0, 0, 0, 0]",48,128,24576.0,294912.0,3112341532,3112350531,3112351301,3112355493,0,93471,93471,-1,1,8999,4192,32,32,32,1
12,3,"[4, 768, 32, 1, 1, 0, 0, 0, 0, 0, 0, 0, 0, 0, 0, 4, 768, 32, 1, 1, 0, 0, 0, 0, 0, 0, 0, 0, 0, 0]",48,128,24576.0,294912.0,3112438879,3112448099,3112448964,3112453284,0,91423,91423,-1,1,9220,4320,32,32,32,1
16,3,"[4, 768, 0, 0, 0, 0, 0, 0, 0, 0, 0, 0, 0, 0, 0, 4, 0, 0, 0, 0, 0, 0, 0, 0, 0, 0, 0, 0, 0, 0]",2,128,768.0,6148.0,3112534722,3112544148,3112544707,3112548195,0,92671,92671,-1,1,9426,3488,32,32,32,1
12,3,"[4, 768, 0, 0, 0, 0, 0, 0, 0, 0, 0, 0, 0, 0, 0, 4, 768, 0, 0, 0, 0, 0, 0, 0, 0, 0, 0, 0, 0, 0]",2,128,768.0,9216.0,3112631072,3112640207,3112640866,3112644577,0,92959,92959,-1,1,9135,3711,32,32,32,1
12,3,"[4, 768, 0, 0, 0, 0, 0, 0, 0, 0, 0, 0, 0, 0, 0, 4, 768, 0, 0, 0, 0, 0, 0, 0, 0, 0, 0, 0, 0, 0]",2,128,768.0,9216.0,3112727726,3112736752,3112737536,3112741088,0,96383,96383,-1,1,9026,3552,32,32,32,1
16,3,"[4, 128, 768, 1, 1, 0, 0, 0, 0, 0, 0, 0, 0, 0, 0, 4, 0, 0, 0, 0, 0, 0, 0, 0, 0, 0, 0, 0, 0, 0]",192,128,98304.0,786436.0,3112827222,3112836896,3112837471,3112842911,0,91359,91359,-1,1,9674,5440,32,32,32,1
12,3,"[4, 128, 768, 1, 1, 0, 0, 0, 0, 0, 0, 0, 0, 0, 0, 4, 128, 768, 1, 1, 0, 0, 0, 0, 0, 0, 0, 0, 0, 0]",192,128,98304.0,1179648.0,3112924382,3112933603,3112934270,3112940222,0,91454,91454,-1,1,9221,5952,32,32,32,1
12,3,"[4, 128, 768, 1, 1, 0, 0, 0, 0, 0, 0, 0, 0, 0, 0, 4, 128, 768, 1, 1, 0, 0, 0, 0, 0, 0, 0, 0, 0, 0]",192,128,98304.0,1179648.0,3113021668,3113030983,3113031676,3113036636,0,91231,91231,-1,1,9315,4960,32,32,32,1
16,3,"[4, 128, 0, 0, 0, 0, 0, 0, 0, 0, 0, 0, 0, 0, 0, 4, 0, 0, 0, 0, 0, 0, 0, 0, 0, 0, 0, 0, 0, 0]",1,128,128.0,1028.0,3113117702,3113129285,3113127867,3113131324,0,96574,96574,-1,1,11583,3457,32,32,32,1
12,3,"[4, 128, 0, 0, 0, 0, 0, 0, 0, 0, 0, 0, 0, 0, 0, 4, 128, 0, 0, 0, 0, 0, 0, 0, 0, 0, 0, 0, 0, 0]",1,128,128.0,1536.0,3113217694,3113227094,3113227898,3113231386,0,92703,92703,-1,1,9400,3488,32,32,32,1
12,3,"[4, 128, 0, 0, 0, 0, 0, 0, 0, 0, 0, 0, 0, 0, 0, 4, 128, 0, 0, 0, 0, 0, 0, 0, 0, 0, 0, 0, 0, 0]",1,128,128.0,1536.0,3113314324,3113323381,3113324089,3113327577,0,93790,93790,-1,1,9057,3488,32,32,32,1
16,3,"[4, 128, 0, 0, 0, 0, 0, 0, 0, 0, 0, 0, 0, 0, 0, 4, 0, 0, 0, 0, 0, 0, 0, 0, 0, 0, 0, 0, 0, 0]",1,128,128.0,1028.0,3113411209,3113420845,3113421367,3113424727,0,94943,94943,-1,1,9636,3360,32,32,32,1
12,3,"[4, 128, 0, 0, 0, 0, 0, 0, 0, 0, 0, 0, 0, 0, 0, 4, 128, 0, 0, 0, 0, 0, 0, 0, 0, 0, 0, 0, 0, 0]",1,128,128.0,1536.0,3113509713,3113518993,3113519670,3113523126,0,92671,92671,-1,1,9280,3456,32,32,32,1
12,3,"[4, 128, 0, 0, 0, 0, 0, 0, 0, 0, 0, 0, 0, 0, 0, 4, 128, 0, 0, 0, 0, 0, 0, 0, 0, 0, 0, 0, 0, 0]",1,128,128.0,1536.0,3113605828,3113615121,3113615797,3113619317,0,94079,94079,-1,1,9293,3520,32,32,32,1
16,3,"[4, 768, 128, 1, 1, 0, 0, 0, 0, 0, 0, 0, 0, 0, 0, 4, 0, 0, 0, 0, 0, 0, 0, 0, 0, 0, 0, 0, 0, 0]",192,128,98304.0,786436.0,3113703306,3113712832,3113713396,3113719124,0,91039,91039,-1,1,9526,5728,32,32,32,1
12,3,"[4, 768, 128, 1, 1, 0, 0, 0, 0, 0, 0, 0, 0, 0, 0, 4, 768, 128, 1, 1, 0, 0, 0, 0, 0, 0, 0, 0, 0, 0]",192,128,98304.0,1179648.0,3113800439,3113809501,3113810163,3113816051,0,91775,91775,-1,1,9062,5888,32,32,32,1
12,3,"[4, 768, 128, 1, 1, 0, 0, 0, 0, 0, 0, 0, 0, 0, 0, 4, 768, 128, 1, 1, 0, 0, 0, 0, 0, 0, 0, 0, 0, 0]",192,128,98304.0,1179648.0,3113897674,3113906854,3113907826,3113912850,0,90654,90654,-1,1,9180,5024,32,32,32,1
16,3,"[4, 768, 0, 0, 0, 0, 0, 0, 0, 0, 0, 0, 0, 0, 0, 4, 0, 0, 0, 0, 0, 0, 0, 0, 0, 0, 0, 0, 0, 0]",2,128,768.0,6148.0,3113993385,3114002795,3114003504,3114006961,0,92766,92766,-1,1,9410,3457,32,32,32,1
12,3,"[4, 768, 0, 0, 0, 0, 0, 0, 0, 0, 0, 0, 0, 0, 0, 4, 768, 0, 0, 0, 0, 0, 0, 0, 0, 0, 0, 0, 0, 0]",2,128,768.0,9216.0,3114090030,3114099036,3114099727,3114103343,0,93951,93951,-1,1,9006,3616,32,32,32,1
12,3,"[4, 768, 0, 0, 0, 0, 0, 0, 0, 0, 0, 0, 0, 0, 0, 4, 768, 0, 0, 0, 0, 0, 0, 0, 0, 0, 0, 0, 0, 0]",2,128,768.0,9216.0,3114187365,3114198544,3114197294,3114200878,0,96831,96831,-1,1,11179,3584,32,32,32,1
16,3,"[4, 768, 0, 0, 0, 0, 0, 0, 0, 0, 0, 0, 0, 0, 0, 4, 0, 0, 0, 0, 0, 0, 0, 0, 0, 0, 0, 0, 0, 0]",2,128,768.0,6148.0,3114287462,3114297114,3114297709,3114301261,0,93535,93535,-1,1,9652,3552,32,32,32,1
12,3,"[4, 768, 0, 0, 0, 0, 0, 0, 0, 0, 0, 0, 0, 0, 0, 4, 768, 0, 0, 0, 0, 0, 0, 0, 0, 0, 0, 0, 0, 0]",2,128,768.0,9216.0,3114384862,3114394157,3114394796,3114398476,0,92383,92383,-1,1,9295,3680,32,32,32,1
12,3,"[4, 768, 0, 0, 0, 0, 0, 0, 0, 0, 0, 0, 0, 0, 0, 4, 768, 0, 0, 0, 0, 0, 0, 0, 0, 0, 0, 0, 0, 0]",2,128,768.0,9216.0,3114480965,3114490411,3114490859,3114494538,0,93855,93855,-1,1,9446,3679,32,32,32,1
16,3,"[4, 768, 1, 5, 5, 0, 0, 0, 0, 0, 0, 0, 0, 0, 0, 4, 0, 0, 0, 0, 0, 0, 0, 0, 0, 0, 0, 0, 0, 0]",38,128,19200.0,153604.0,3114578333,3114587790,3114588393,3114592457,0,92095,92095,-1,1,9457,4064,32,32,32,1
12,3,"[4, 768, 1, 5, 5, 0, 0, 0, 0, 0, 0, 0, 0, 0, 0, 4, 768, 1, 5, 5, 0, 0, 0, 0, 0, 0, 0, 0, 0, 0]",38,128,19200.0,230400.0,3114674388,3114683901,3114684552,3114688584,0,92447,92447,-1,1,9513,4032,32,32,32,1
12,3,"[4, 768, 1, 5, 5, 0, 0, 0, 0, 0, 0, 0, 0, 0, 0, 4, 768, 1, 5, 5, 0, 0, 0, 0, 0, 0, 0, 0, 0, 0]",38,128,19200.0,230400.0,3114771245,3114780214,3114781031,3114784775,0,95966,95966,-1,1,8969,3744,32,32,32,1
16,3,"[4, 768, 0, 0, 0, 0, 0, 0, 0, 0, 0, 0, 0, 0, 0, 4, 0, 0, 0, 0, 0, 0, 0, 0, 0, 0, 0, 0, 0, 0]",2,128,768.0,6148.0,3114870460,3114880177,3114880741,3114884229,0,93215,93215,-1,1,9717,3488,32,32,32,1
12,3,"[4, 768, 0, 0, 0, 0, 0, 0, 0, 0, 0, 0, 0, 0, 0, 4, 768, 0, 0, 0, 0, 0, 0, 0, 0, 0, 0, 0, 0, 0]",2,128,768.0,9216.0,3114967175,3114977058,3114977444,3114981252,0,94367,94367,-1,1,9883,3808,32,32,32,1
12,3,"[4, 768, 0, 0, 0, 0, 0, 0, 0, 0, 0, 0, 0, 0, 0, 4, 768, 0, 0, 0, 0, 0, 0, 0, 0, 0, 0, 0, 0, 0]",2,128,768.0,9216.0,3115065894,3115074867,3115075619,3115079171,0,92383,92383,-1,1,8973,3552,32,32,32,1
16,3,"[4, 768, 0, 0, 0, 0, 0, 0, 0, 0, 0, 0, 0, 0, 0, 4, 0, 0, 0, 0, 0, 0, 0, 0, 0, 0, 0, 0, 0, 0]",2,128,768.0,6148.0,3115161527,3115171230,3115171554,3115175074,0,241981,241981,-1,1,9703,3520,32,32,32,1
12,3,"[4, 768, 0, 0, 0, 0, 0, 0, 0, 0, 0, 0, 0, 0, 0, 4, 768, 0, 0, 0, 0, 0, 0, 0, 0, 0, 0, 0, 0, 0]",2,128,768.0,9216.0,3115404466,3115419023,3115417055,3115420543,0,102751,102751,-1,1,14557,3488,32,32,32,1
12,3,"[4, 768, 0, 0, 0, 0, 0, 0, 0, 0, 0, 0, 0, 0, 0, 4, 768, 0, 0, 0, 0, 0, 0, 0, 0, 0, 0, 0, 0, 0]",2,128,768.0,9216.0,3115512716,3115522663,3115523294,3115526845,0,105631,105631,-1,1,9947,3551,32,32,32,1
16,3,"[4, 32, 768, 1, 1, 0, 0, 0, 0, 0, 0, 0, 0, 0, 0, 4, 0, 0, 0, 0, 0, 0, 0, 0, 0, 0, 0, 0, 0, 0]",48,128,24576.0,196612.0,3115614830,3115632055,3115632476,3115636572,0,96799,96799,-1,1,17225,4096,32,32,32,1
12,3,"[4, 32, 768, 1, 1, 0, 0, 0, 0, 0, 0, 0, 0, 0, 0, 4, 32, 768, 1, 1, 0, 0, 0, 0, 0, 0, 0, 0, 0, 0]",48,128,24576.0,294912.0,3115722944,3115732486,3115733371,3115737659,0,94302,94302,-1,1,9542,4288,32,32,32,1
12,3,"[4, 32, 768, 1, 1, 0, 0, 0, 0, 0, 0, 0, 0, 0, 0, 4, 32, 768, 1, 1, 0, 0, 0, 0, 0, 0, 0, 0, 0, 0]",48,128,24576.0,294912.0,3115822010,3115831223,3115831961,3115835897,0,93919,93919,-1,1,9213,3936,32,32,32,1
16,3,"[4, 32, 0, 0, 0, 0, 0, 0, 0, 0, 0, 0, 0, 0, 0, 4, 0, 0, 0, 0, 0, 0, 0, 0, 0, 0, 0, 0, 0, 0]",1,128,32.0,260.0,3115919734,3115929225,3115929816,3115933208,0,93855,93855,-1,1,9491,3392,32,32,32,1
12,3,"[4, 32, 0, 0, 0, 0, 0, 0, 0, 0, 0, 0, 0, 0, 0, 4, 32, 0, 0, 0, 0, 0, 0, 0, 0, 0, 0, 0, 0, 0]",1,128,32.0,384.0,3116017327,3116026331,3116027063,3116030519,0,93343,93343,-1,1,9004,3456,32,32,32,1
12,3,"[4, 32, 0, 0, 0, 0, 0, 0, 0, 0, 0, 0, 0, 0, 0, 4, 32, 0, 0, 0, 0, 0, 0, 0, 0, 0, 0, 0, 0, 0]",1,128,32.0,384.0,3116113944,3116123121,3116123862,3116127350,0,93151,93151,-1,1,9177,3488,32,32,32,1
16,3,"[4, 768, 32, 1, 1, 0, 0, 0, 0, 0, 0, 0, 0, 0, 0, 4, 0, 0, 0, 0, 0, 0, 0, 0, 0, 0, 0, 0, 0, 0]",48,128,24576.0,196612.0,3116210519,3116219984,3116220501,3116224501,0,92062,92062,-1,1,9465,4000,32,32,32,1
12,3,"[4, 768, 32, 1, 1, 0, 0, 0, 0, 0, 0, 0, 0, 0, 0, 4, 768, 32, 1, 1, 0, 0, 0, 0, 0, 0, 0, 0, 0, 0]",48,128,24576.0,294912.0,3116306793,3116315759,3116316563,3116320787,0,92095,92095,-1,1,8966,4224,32,32,32,1
12,3,"[4, 768, 32, 1, 1, 0, 0, 0, 0, 0, 0, 0, 0, 0, 0, 4, 768, 32, 1, 1, 0, 0, 0, 0, 0, 0, 0, 0, 0, 0]",48,128,24576.0,294912.0,3116403252,3116412117,3116412882,3116416786,0,94271,94271,-1,1,8865,3904,32,32,32,1
16,3,"[4, 768, 0, 0, 0, 0, 0, 0, 0, 0, 0, 0, 0, 0, 0, 4, 0, 0, 0, 0, 0, 0, 0, 0, 0, 0, 0, 0, 0, 0]",2,128,768.0,6148.0,3116500935,3116510467,3116511057,3116514609,0,92511,92511,-1,1,9532,3552,32,32,32,1
12,3,"[4, 768, 0, 0, 0, 0, 0, 0, 0, 0, 0, 0, 0, 0, 0, 4, 768, 0, 0, 0, 0, 0, 0, 0, 0, 0, 0, 0, 0, 0]",2,128,768.0,9216.0,3116597383,3116606357,3116607120,3116610672,0,92767,92767,-1,1,8974,3552,32,32,32,1
12,3,"[4, 768, 0, 0, 0, 0, 0, 0, 0, 0, 0, 0, 0, 0, 0, 4, 768, 0, 0, 0, 0, 0, 0, 0, 0, 0, 0, 0, 0, 0]",2,128,768.0,9216.0,3116693626,3116702760,3116703439,3116706959,0,94622,94622,-1,1,9134,3520,32,32,32,1
16,3,"[4, 176, 768, 1, 1, 0, 0, 0, 0, 0, 0, 0, 0, 0, 0, 4, 0, 0, 0, 0, 0, 0, 0, 0, 0, 0, 0, 0, 0, 0]",264,128,135168.0,1081348.0,3116791510,3116801015,3116801581,3116807822,0,90238,90238,-1,1,9505,6241,32,32,32,1
12,3,"[4, 176, 768, 1, 1, 0, 0, 0, 0, 0, 0, 0, 0, 0, 0, 4, 176, 768, 1, 1, 0, 0, 0, 0, 0, 0, 0, 0, 0, 0]",264,128,135168.0,1622016.0,3116888363,3116897395,3116898060,3116904620,0,90911,90911,-1,1,9032,6560,32,32,32,1
12,3,"[4, 176, 768, 1, 1, 0, 0, 0, 0, 0, 0, 0, 0, 0, 0, 4, 176, 768, 1, 1, 0, 0, 0, 0, 0, 0, 0, 0, 0, 0]",264,128,135168.0,1622016.0,3116985740,3116994833,3116995531,3117001739,0,92223,92223,-1,1,9093,6208,32,32,32,1
16,3,"[4, 176, 0, 0, 0, 0, 0, 0, 0, 0, 0, 0, 0, 0, 0, 4, 0, 0, 0, 0, 0, 0, 0, 0, 0, 0, 0, 0, 0, 0]",1,128,176.0,1412.0,3117083944,3117093433,3117093962,3117097802,0,92351,92351,-1,1,9489,3840,32,32,32,1
12,3,"[4, 176, 0, 0, 0, 0, 0, 0, 0, 0, 0, 0, 0, 0, 0, 4, 176, 0, 0, 0, 0, 0, 0, 0, 0, 0, 0, 0, 0, 0]",1,128,176.0,2112.0,3117180472,3117189462,3117190153,3117193736,0,92607,92607,-1,1,8990,3583,32,32,32,1
12,3,"[4, 176, 0, 0, 0, 0, 0, 0, 0, 0, 0, 0, 0, 0, 0, 4, 176, 0, 0, 0, 0, 0, 0, 0, 0, 0, 0, 0, 0, 0]",1,128,176.0,2112.0,3117276458,3117285563,3117286343,3117289895,0,93215,93215,-1,1,9105,3552,32,32,32,1
16,3,"[4, 176, 0, 0, 0, 0, 0, 0, 0, 0, 0, 0, 0, 0, 0, 4, 0, 0, 0, 0, 0, 0, 0, 0, 0, 0, 0, 0, 0, 0]",1,128,176.0,1412.0,3117372777,3117382500,3117383110,3117386598,0,91295,91295,-1,1,9723,3488,32,32,32,1
12,3,"[4, 176, 0, 0, 0, 0, 0, 0, 0, 0, 0, 0, 0, 0, 0, 4, 176, 0, 0, 0, 0, 0, 0, 0, 0, 0, 0, 0, 0, 0]",1,128,176.0,2112.0,3117468145,3117477174,3117477893,3117481413,0,95103,95103,-1,1,9029,3520,32,32,32,1
12,3,"[4, 176, 0, 0, 0, 0, 0, 0, 0, 0, 0, 0, 0, 0, 0, 4, 176, 0, 0, 0, 0, 0, 0, 0, 0, 0, 0, 0, 0, 0]",1,128,176.0,2112.0,3117566553,3117575867,3117576516,3117580068,0,94687,94687,-1,1,9314,3552,32,32,32,1
16,3,"[4, 1056, 176, 1, 1, 0, 0, 0, 0, 0, 0, 0, 0, 0, 0, 4, 0, 0, 0, 0, 0, 0, 0, 0, 0, 0, 0, 0, 0, 0]",363,128,185856.0,1486852.0,3117664778,3117674434,3117674755,3117682787,0,89758,89758,-1,1,9656,8032,32,32,32,1
12,3,"[4, 1056, 176, 1, 1, 0, 0, 0, 0, 0, 0, 0, 0, 0, 0, 4, 1056, 176, 1, 1, 0, 0, 0, 0, 0, 0, 0, 0, 0, 0]",363,128,185856.0,2230272.0,3117762752,3117771716,3117772545,3117779809,0,90463,90463,-1,1,8964,7264,32,32,32,1
12,3,"[4, 1056, 176, 1, 1, 0, 0, 0, 0, 0, 0, 0, 0, 0, 0, 4, 1056, 176, 1, 1, 0, 0, 0, 0, 0, 0, 0, 0, 0, 0]",363,128,185856.0,2230272.0,3117860473,3117869490,3117870272,3117877152,0,91871,91871,-1,1,9017,6880,32,32,32,1
16,3,"[4, 1056, 0, 0, 0, 0, 0, 0, 0, 0, 0, 0, 0, 0, 0, 4, 0, 0, 0, 0, 0, 0, 0, 0, 0, 0, 0, 0, 0, 0]",3,128,1056.0,8452.0,3117958999,3117968345,3117969023,3117972479,0,93279,93279,-1,1,9346,3456,32,32,32,1
12,3,"[4, 1056, 0, 0, 0, 0, 0, 0, 0, 0, 0, 0, 0, 0, 0, 4, 1056, 0, 0, 0, 0, 0, 0, 0, 0, 0, 0, 0, 0, 0]",3,128,1056.0,12672.0,3118055967,3118064915,3118065758,3118069277,0,93535,93535,-1,1,8948,3519,32,32,32,1
12,3,"[4, 1056, 0, 0, 0, 0, 0, 0, 0, 0, 0, 0, 0, 0, 0, 4, 1056, 0, 0, 0, 0, 0, 0, 0, 0, 0, 0, 0, 0, 0]",3,128,1056.0,12672.0,3118152762,3118162063,3118162812,3118166300,0,94399,94399,-1,1,9301,3488,32,32,32,1
16,3,"[4, 1056, 0, 0, 0, 0, 0, 0, 0, 0, 0, 0, 0, 0, 0, 4, 0, 0, 0, 0, 0, 0, 0, 0, 0, 0, 0, 0, 0, 0]",3,128,1056.0,8452.0,3118250756,3118260302,3118260699,3118264187,0,93951,93951,-1,1,9546,3488,32,32,32,1
12,3,"[4, 1056, 0, 0, 0, 0, 0, 0, 0, 0, 0, 0, 0, 0, 0, 4, 1056, 0, 0, 0, 0, 0, 0, 0, 0, 0, 0, 0, 0, 0]",3,128,1056.0,12672.0,3118348289,3118357499,3118358138,3118361786,0,92223,92223,-1,1,9210,3648,32,32,32,1
12,3,"[4, 1056, 0, 0, 0, 0, 0, 0, 0, 0, 0, 0, 0, 0, 0, 4, 1056, 0, 0, 0, 0, 0, 0, 0, 0, 0, 0, 0, 0, 0]",3,128,1056.0,12672.0,3118444265,3118453259,3118454009,3118457593,0,92799,92799,-1,1,8994,3584,32,32,32,1
16,3,"[4, 1056, 1, 5, 5, 0, 0, 0, 0, 0, 0, 0, 0, 0, 0, 4, 0, 0, 0, 0, 0, 0, 0, 0, 0, 0, 0, 0, 0, 0]",52,128,26400.0,211204.0,3118540479,3118549810,3118550392,3118554456,0,96351,96351,-1,1,9331,4064,32,32,32,1
12,3,"[4, 1056, 1, 5, 5, 0, 0, 0, 0, 0, 0, 0, 0, 0, 0, 4, 1056, 1, 5, 5, 0, 0, 0, 0, 0, 0, 0, 0, 0, 0]",52,128,26400.0,316800.0,3118640745,3118650141,3118650807,3118654966,0,94207,94207,-1,1,9396,4159,32,32,32,1
12,3,"[4, 1056, 1, 5, 5, 0, 0, 0, 0, 0, 0, 0, 0, 0, 0, 4, 1056, 1, 5, 5, 0, 0, 0, 0, 0, 0, 0, 0, 0, 0]",52,128,26400.0,316800.0,3118739233,3118748406,3118749173,3118753333,0,93247,93247,-1,1,9173,4160,32,32,32,1
16,3,"[4, 1056, 0, 0, 0, 0, 0, 0, 0, 0, 0, 0, 0, 0, 0, 4, 0, 0, 0, 0, 0, 0, 0, 0, 0, 0, 0, 0, 0, 0]",3,128,1056.0,8452.0,3118836393,3118845858,3118846580,3118850068,0,92639,92639,-1,1,9465,3488,32,32,32,1
12,3,"[4, 1056, 0, 0, 0, 0, 0, 0, 0, 0, 0, 0, 0, 0, 0, 4, 1056, 0, 0, 0, 0, 0, 0, 0, 0, 0, 0, 0, 0, 0]",3,128,1056.0,12672.0,3118932764,3118941913,3118942707,3118946387,0,92447,92447,-1,1,9149,3680,32,32,32,1
12,3,"[4, 1056, 0, 0, 0, 0, 0, 0, 0, 0, 0, 0, 0, 0, 0, 4, 1056, 0, 0, 0, 0, 0, 0, 0, 0, 0, 0, 0, 0, 0]",3,128,1056.0,12672.0,3119028952,3119038033,3119038834,3119042322,0,93246,93246,-1,1,9081,3488,32,32,32,1
16,3,"[4, 1056, 0, 0, 0, 0, 0, 0, 0, 0, 0, 0, 0, 0, 0, 4, 0, 0, 0, 0, 0, 0, 0, 0, 0, 0, 0, 0, 0, 0]",3,128,1056.0,8452.0,3119125285,3119134894,3119135568,3119139024,0,96159,96159,-1,1,9609,3456,32,32,32,1
12,3,"[4, 1056, 0, 0, 0, 0, 0, 0, 0, 0, 0, 0, 0, 0, 0, 4, 1056, 0, 0, 0, 0, 0, 0, 0, 0, 0, 0, 0, 0, 0]",3,128,1056.0,12672.0,3119225172,3119234446,3119235183,3119238703,0,92319,92319,-1,1,9274,3520,32,32,32,1
12,3,"[4, 1056, 0, 0, 0, 0, 0, 0, 0, 0, 0, 0, 0, 0, 0, 4, 1056, 0, 0, 0, 0, 0, 0, 0, 0, 0, 0, 0, 0, 0]",3,128,1056.0,12672.0,3119321328,3119330212,3119331022,3119334542,0,238077,238077,-1,1,8884,3520,32,32,32,1
16,3,"[4, 44, 1056, 1, 1, 0, 0, 0, 0, 0, 0, 0, 0, 0, 0, 4, 0, 0, 0, 0, 0, 0, 0, 0, 0, 0, 0, 0, 0, 0]",91,128,46464.0,371716.0,3119560133,3119572306,3119572619,3119577291,0,115615,115615,-1,1,12173,4672,32,32,32,1
12,3,"[4, 44, 1056, 1, 1, 0, 0, 0, 0, 0, 0, 0, 0, 0, 0, 4, 44, 1056, 1, 1, 0, 0, 0, 0, 0, 0, 0, 0, 0, 0]",91,128,46464.0,557568.0,3119681177,3119692437,3119692906,3119697705,0,97471,97471,-1,1,11260,4799,32,32,32,1
12,3,"[4, 44, 1056, 1, 1, 0, 0, 0, 0, 0, 0, 0, 0, 0, 0, 4, 44, 1056, 1, 1, 0, 0, 0, 0, 0, 0, 0, 0, 0, 0]",91,128,46464.0,557568.0,3119784544,3119794384,3119795176,3119799560,0,98335,98335,-1,1,9840,4384,32,32,32,1
16,3,"[4, 44, 0, 0, 0, 0, 0, 0, 0, 0, 0, 0, 0, 0, 0, 4, 0, 0, 0, 0, 0, 0, 0, 0, 0, 0, 0, 0, 0, 0]",1,128,44.0,356.0,3119887429,3119897312,3119897895,3119901415,0,93886,93886,-1,1,9883,3520,32,32,32,1
12,3,"[4, 44, 0, 0, 0, 0, 0, 0, 0, 0, 0, 0, 0, 0, 0, 4, 44, 0, 0, 0, 0, 0, 0, 0, 0, 0, 0, 0, 0, 0]",1,128,44.0,528.0,3119985310,3119994530,3119995301,3119998789,0,93983,93983,-1,1,9220,3488,32,32,32,1
12,3,"[4, 44, 0, 0, 0, 0, 0, 0, 0, 0, 0, 0, 0, 0, 0, 4, 44, 0, 0, 0, 0, 0, 0, 0, 0, 0, 0, 0, 0, 0]",1,128,44.0,528.0,3120082659,3120092011,3120092772,3120096260,0,95647,95647,-1,1,9352,3488,32,32,32,1
16,3,"[4, 1056, 44, 1, 1, 0, 0, 0, 0, 0, 0, 0, 0, 0, 0, 4, 0, 0, 0, 0, 0, 0, 0, 0, 0, 0, 0, 0, 0, 0]",91,128,46464.0,371716.0,3120181936,3120191366,3120191907,3120196515,0,95679,95679,-1,1,9430,4608,32,32,32,1
12,3,"[4, 1056, 44, 1, 1, 0, 0, 0, 0, 0, 0, 0, 0, 0, 0, 4, 1056, 44, 1, 1, 0, 0, 0, 0, 0, 0, 0, 0, 0, 0]",91,128,46464.0,557568.0,3120282252,3120291497,3120292194,3120297186,0,92831,92831,-1,1,9245,4992,32,32,32,1
12,3,"[4, 1056, 44, 1, 1, 0, 0, 0, 0, 0, 0, 0, 0, 0, 0, 4, 1056, 44, 1, 1, 0, 0, 0, 0, 0, 0, 0, 0, 0, 0]",91,128,46464.0,557568.0,3120380189,3120389256,3120390017,3120394305,0,93950,93950,-1,1,9067,4288,32,32,32,1
16,3,"[4, 1056, 0, 0, 0, 0, 0, 0, 0, 0, 0, 0, 0, 0, 0, 4, 0, 0, 0, 0, 0, 0, 0, 0, 0, 0, 0, 0, 0, 0]",3,128,1056.0,8452.0,3120478077,3120487621,3120488255,3120491775,0,93087,93087,-1,1,9544,3520,32,32,32,1
12,3,"[4, 1056, 0, 0, 0, 0, 0, 0, 0, 0, 0, 0, 0, 0, 0, 4, 1056, 0, 0, 0, 0, 0, 0, 0, 0, 0, 0, 0, 0, 0]",3,128,1056.0,12672.0,3120574642,3120584049,3120584862,3120588478,0,93151,93151,-1,1,9407,3616,32,32,32,1
12,3,"[4, 1056, 0, 0, 0, 0, 0, 0, 0, 0, 0, 0, 0, 0, 0, 4, 1056, 0, 0, 0, 0, 0, 0, 0, 0, 0, 0, 0, 0, 0]",3,128,1056.0,12672.0,3120671838,3120680842,3120681629,3120685117,0,95071,95071,-1,1,9004,3488,32,32,32,1
16,3,"[4, 176, 1056, 1, 1, 0, 0, 0, 0, 0, 0, 0, 0, 0, 0, 4, 0, 0, 0, 0, 0, 0, 0, 0, 0, 0, 0, 0, 0, 0]",363,128,185856.0,1486852.0,3120770109,3120779610,3120780188,3120787803,0,89920,89920,-1,1,9501,7615,32,32,32,1
12,3,"[4, 176, 1056, 1, 1, 0, 0, 0, 0, 0, 0, 0, 0, 0, 0, 4, 176, 1056, 1, 1, 0, 0, 0, 0, 0, 0, 0, 0, 0, 0]",363,128,185856.0,2230272.0,3120867926,3120878886,3120877723,3120885210,0,94623,94623,-1,1,10960,7487,32,32,32,1
12,3,"[4, 176, 1056, 1, 1, 0, 0, 0, 0, 0, 0, 0, 0, 0, 0, 4, 176, 1056, 1, 1, 0, 0, 0, 0, 0, 0, 0, 0, 0, 0]",363,128,185856.0,2230272.0,3120969789,3120979120,3120979833,3120987097,0,91743,91743,-1,1,9331,7264,32,32,32,1
16,3,"[4, 176, 0, 0, 0, 0, 0, 0, 0, 0, 0, 0, 0, 0, 0, 4, 0, 0, 0, 0, 0, 0, 0, 0, 0, 0, 0, 0, 0, 0]",1,128,176.0,1412.0,3121068608,3121078258,3121078840,3121082328,0,92223,92223,-1,1,9650,3488,32,32,32,1
12,3,"[4, 176, 0, 0, 0, 0, 0, 0, 0, 0, 0, 0, 0, 0, 0, 4, 176, 0, 0, 0, 0, 0, 0, 0, 0, 0, 0, 0, 0, 0]",1,128,176.0,2112.0,3121164637,3121173754,3121174551,3121178199,0,92735,92735,-1,1,9117,3648,32,32,32,1
12,3,"[4, 176, 0, 0, 0, 0, 0, 0, 0, 0, 0, 0, 0, 0, 0, 4, 176, 0, 0, 0, 0, 0, 0, 0, 0, 0, 0, 0, 0, 0]",1,128,176.0,2112.0,3121261183,3121270254,3121270934,3121274454,0,93055,93055,-1,1,9071,3520,32,32,32,1
16,3,"[4, 176, 0, 0, 0, 0, 0, 0, 0, 0, 0, 0, 0, 0, 0, 4, 0, 0, 0, 0, 0, 0, 0, 0, 0, 0, 0, 0, 0, 0]",1,128,176.0,1412.0,3121357448,3121366757,3121367509,3121370932,0,95487,95487,-1,1,9309,3423,32,32,32,1
12,3,"[4, 176, 0, 0, 0, 0, 0, 0, 0, 0, 0, 0, 0, 0, 0, 4, 176, 0, 0, 0, 0, 0, 0, 0, 0, 0, 0, 0, 0, 0]",1,128,176.0,2112.0,3121456147,3121465715,3121466419,3121470003,0,92959,92959,-1,1,9568,3584,32,32,32,1
12,3,"[4, 176, 0, 0, 0, 0, 0, 0, 0, 0, 0, 0, 0, 0, 0, 4, 176, 0, 0, 0, 0, 0, 0, 0, 0, 0, 0, 0, 0, 0]",1,128,176.0,2112.0,3121553047,3121562302,3121562962,3121566482,0,94687,94687,-1,1,9255,3520,32,32,32,1
16,3,"[4, 1056, 176, 1, 1, 0, 0, 0, 0, 0, 0, 0, 0, 0, 0, 4, 0, 0, 0, 0, 0, 0, 0, 0, 0, 0, 0, 0, 0, 0]",363,128,185856.0,1486852.0,3121650899,3121660569,3121661169,3121668849,0,89118,89118,-1,1,9670,7680,32,32,32,1
12,3,"[4, 1056, 176, 1, 1, 0, 0, 0, 0, 0, 0, 0, 0, 0, 0, 4, 1056, 176, 1, 1, 0, 0, 0, 0, 0, 0, 0, 0, 0, 0]",363,128,185856.0,2230272.0,3121748006,3121757234,3121757967,3121765231,0,90207,90207,-1,1,9228,7264,32,32,32,1
12,3,"[4, 1056, 176, 1, 1, 0, 0, 0, 0, 0, 0, 0, 0, 0, 0, 4, 1056, 176, 1, 1, 0, 0, 0, 0, 0, 0, 0, 0, 0, 0]",363,128,185856.0,2230272.0,3121845681,3121854656,3121855438,3121862350,0,90495,90495,-1,1,8975,6912,32,32,32,1
16,3,"[4, 1056, 0, 0, 0, 0, 0, 0, 0, 0, 0, 0, 0, 0, 0, 4, 0, 0, 0, 0, 0, 0, 0, 0, 0, 0, 0, 0, 0, 0]",3,128,1056.0,8452.0,3121942793,3121954100,3121952845,3121956365,0,95743,95743,-1,1,11307,3520,32,32,32,1
12,3,"[4, 1056, 0, 0, 0, 0, 0, 0, 0, 0, 0, 0, 0, 0, 0, 4, 1056, 0, 0, 0, 0, 0, 0, 0, 0, 0, 0, 0, 0, 0]",3,128,1056.0,12672.0,3122042158,3122051325,3122052108,3122055660,0,94206,94206,-1,1,9167,3552,32,32,32,1
12,3,"[4, 1056, 0, 0, 0, 0, 0, 0, 0, 0, 0, 0, 0, 0, 0, 4, 1056, 0, 0, 0, 0, 0, 0, 0, 0, 0, 0, 0, 0, 0]",3,128,1056.0,12672.0,3122140082,3122148893,3122149866,3122153386,0,93183,93183,-1,1,8811,3520,32,32,32,1
16,3,"[4, 1056, 0, 0, 0, 0, 0, 0, 0, 0, 0, 0, 0, 0, 0, 4, 0, 0, 0, 0, 0, 0, 0, 0, 0, 0, 0, 0, 0, 0]",3,128,1056.0,8452.0,3122236430,3122245835,3122246569,3122250025,0,92575,92575,-1,1,9405,3456,32,32,32,1
12,3,"[4, 1056, 0, 0, 0, 0, 0, 0, 0, 0, 0, 0, 0, 0, 0, 4, 1056, 0, 0, 0, 0, 0, 0, 0, 0, 0, 0, 0, 0, 0]",3,128,1056.0,12672.0,3122332454,3122341437,3122342600,3122346280,0,91935,91935,-1,1,8983,3680,32,32,32,1
12,3,"[4, 1056, 0, 0, 0, 0, 0, 0, 0, 0, 0, 0, 0, 0, 0, 4, 1056, 0, 0, 0, 0, 0, 0, 0, 0, 0, 0, 0, 0, 0]",3,128,1056.0,12672.0,3122428491,3122437439,3122438215,3122441767,0,96095,96095,-1,1,8948,3552,32,32,32,1
16,3,"[4, 1056, 1, 5, 5, 0, 0, 0, 0, 0, 0, 0, 0, 0, 0, 4, 0, 0, 0, 0, 0, 0, 0, 0, 0, 0, 0, 0, 0, 0]",52,128,26400.0,211204.0,3122527714,3122537254,3122537862,3122542086,0,93023,93023,-1,1,9540,4224,32,32,32,1
12,3,"[4, 1056, 1, 5, 5, 0, 0, 0, 0, 0, 0, 0, 0, 0, 0, 4, 1056, 1, 5, 5, 0, 0, 0, 0, 0, 0, 0, 0, 0, 0]",52,128,26400.0,316800.0,3122624902,3122634291,3122635109,3122639557,0,93823,93823,-1,1,9389,4448,32,32,32,1
12,3,"[4, 1056, 1, 5, 5, 0, 0, 0, 0, 0, 0, 0, 0, 0, 0, 4, 1056, 1, 5, 5, 0, 0, 0, 0, 0, 0, 0, 0, 0, 0]",52,128,26400.0,316800.0,3122723578,3122732596,3122733380,3122737251,0,93567,93567,-1,1,9018,3871,32,32,32,1
16,3,"[4, 1056, 0, 0, 0, 0, 0, 0, 0, 0, 0, 0, 0, 0, 0, 4, 0, 0, 0, 0, 0, 0, 0, 0, 0, 0, 0, 0, 0, 0]",3,128,1056.0,8452.0,3122820700,3122830192,3122830818,3122834242,0,92735,92735,-1,1,9492,3424,32,32,32,1
12,3,"[4, 1056, 0, 0, 0, 0, 0, 0, 0, 0, 0, 0, 0, 0, 0, 4, 1056, 0, 0, 0, 0, 0, 0, 0, 0, 0, 0, 0, 0, 0]",3,128,1056.0,12672.0,3122917122,3122926124,3122926977,3122930785,0,92831,92831,-1,1,9002,3808,32,32,32,1
12,3,"[4, 1056, 0, 0, 0, 0, 0, 0, 0, 0, 0, 0, 0, 0, 0, 4, 1056, 0, 0, 0, 0, 0, 0, 0, 0, 0, 0, 0, 0, 0]",3,128,1056.0,12672.0,3123013865,3123024863,3123023616,3123027072,0,96446,96446,-1,1,10998,3456,32,32,32,1
16,3,"[4, 1056, 0, 0, 0, 0, 0, 0, 0, 0, 0, 0, 0, 0, 0, 4, 0, 0, 0, 0, 0, 0, 0, 0, 0, 0, 0, 0, 0, 0]",3,128,1056.0,8452.0,3123113222,3123122607,3123123518,3123127038,0,93055,93055,-1,1,9385,3520,32,32,32,1
12,3,"[4, 1056, 0, 0, 0, 0, 0, 0, 0, 0, 0, 0, 0, 0, 0, 4, 1056, 0, 0, 0, 0, 0, 0, 0, 0, 0, 0, 0, 0, 0]",3,128,1056.0,12672.0,3123210154,3123219507,3123220093,3123223581,0,93343,93343,-1,1,9353,3488,32,32,32,1
12,3,"[4, 1056, 0, 0, 0, 0, 0, 0, 0, 0, 0, 0, 0, 0, 0, 4, 1056, 0, 0, 0, 0, 0, 0, 0, 0, 0, 0, 0, 0, 0]",3,128,1056.0,12672.0,3123307000,3123315978,3123316924,3123320412,0,94495,94495,-1,1,8978,3488,32,32,32,1
16,3,"[4, 44, 1056, 1, 1, 0, 0, 0, 0, 0, 0, 0, 0, 0, 0, 4, 0, 0, 0, 0, 0, 0, 0, 0, 0, 0, 0, 0, 0, 0]",91,128,46464.0,371716.0,3123404479,3123413782,3123414907,3123419515,0,94911,94911,-1,1,9303,4608,32,32,32,1
12,3,"[4, 44, 1056, 1, 1, 0, 0, 0, 0, 0, 0, 0, 0, 0, 0, 4, 44, 1056, 1, 1, 0, 0, 0, 0, 0, 0, 0, 0, 0, 0]",91,128,46464.0,557568.0,3123503796,3123512906,3123514426,3123519290,0,245692,245692,-1,1,9110,4864,32,32,32,1
12,3,"[4, 44, 1056, 1, 1, 0, 0, 0, 0, 0, 0, 0, 0, 0, 0, 4, 44, 1056, 1, 1, 0, 0, 0, 0, 0, 0, 0, 0, 0, 0]",91,128,46464.0,557568.0,3123751397,3123764077,3123764982,3123769494,0,110367,110367,-1,1,12680,4512,32,32,32,1
16,3,"[4, 44, 0, 0, 0, 0, 0, 0, 0, 0, 0, 0, 0, 0, 0, 4, 0, 0, 0, 0, 0, 0, 0, 0, 0, 0, 0, 0, 0, 0]",1,128,44.0,356.0,3123868293,3123879451,3123879861,3123883253,0,97407,97407,-1,1,11158,3392,32,32,32,1
12,3,"[4, 44, 0, 0, 0, 0, 0, 0, 0, 0, 0, 0, 0, 0, 0, 4, 44, 0, 0, 0, 0, 0, 0, 0, 0, 0, 0, 0, 0, 0]",1,128,44.0,528.0,3123969656,3123979404,3123980660,3123984148,0,92895,92895,-1,1,9748,3488,32,32,32,1
12,3,"[4, 44, 0, 0, 0, 0, 0, 0, 0, 0, 0, 0, 0, 0, 0, 4, 44, 0, 0, 0, 0, 0, 0, 0, 0, 0, 0, 0, 0, 0]",1,128,44.0,528.0,3124067039,3124076210,3124077043,3124080467,0,94302,94302,-1,1,9171,3424,32,32,32,1
16,3,"[4, 1056, 44, 1, 1, 0, 0, 0, 0, 0, 0, 0, 0, 0, 0, 4, 0, 0, 0, 0, 0, 0, 0, 0, 0, 0, 0, 0, 0, 0]",91,128,46464.0,371716.0,3124164512,3124174161,3124174769,3124179281,0,94431,94431,-1,1,9649,4512,32,32,32,1
12,3,"[4, 1056, 44, 1, 1, 0, 0, 0, 0, 0, 0, 0, 0, 0, 0, 4, 1056, 44, 1, 1, 0, 0, 0, 0, 0, 0, 0, 0, 0, 0]",91,128,46464.0,557568.0,3124263781,3124275304,3124273712,3124278640,0,97151,97151,-1,1,11523,4928,32,32,32,1
12,3,"[4, 1056, 44, 1, 1, 0, 0, 0, 0, 0, 0, 0, 0, 0, 0, 4, 1056, 44, 1, 1, 0, 0, 0, 0, 0, 0, 0, 0, 0, 0]",91,128,46464.0,557568.0,3124365689,3124375028,3124375791,3124380207,0,93567,93567,-1,1,9339,4416,32,32,32,1
16,3,"[4, 1056, 0, 0, 0, 0, 0, 0, 0, 0, 0, 0, 0, 0, 0, 4, 0, 0, 0, 0, 0, 0, 0, 0, 0, 0, 0, 0, 0, 0]",3,128,1056.0,8452.0,3124463948,3124473327,3124473774,3124477262,0,93215,93215,-1,1,9379,3488,32,32,32,1
12,3,"[4, 1056, 0, 0, 0, 0, 0, 0, 0, 0, 0, 0, 0, 0, 0, 4, 1056, 0, 0, 0, 0, 0, 0, 0, 0, 0, 0, 0, 0, 0]",3,128,1056.0,12672.0,3124560562,3124569613,3124570477,3124574028,0,91391,91391,-1,1,9051,3551,32,32,32,1
12,3,"[4, 1056, 0, 0, 0, 0, 0, 0, 0, 0, 0, 0, 0, 0, 0, 4, 1056, 0, 0, 0, 0, 0, 0, 0, 0, 0, 0, 0, 0, 0]",3,128,1056.0,12672.0,3124655692,3124664536,3124665419,3124668939,0,95135,95135,-1,1,8844,3520,32,32,32,1
16,3,"[4, 176, 1056, 1, 1, 0, 0, 0, 0, 0, 0, 0, 0, 0, 0, 4, 0, 0, 0, 0, 0, 0, 0, 0, 0, 0, 0, 0, 0, 0]",363,128,185856.0,1486852.0,3124753889,3124763419,3124764074,3124771530,0,89439,89439,-1,1,9530,7456,32,32,32,1
12,3,"[4, 176, 1056, 1, 1, 0, 0, 0, 0, 0, 0, 0, 0, 0, 0, 4, 176, 1056, 1, 1, 0, 0, 0, 0, 0, 0, 0, 0, 0, 0]",363,128,185856.0,2230272.0,3124851134,3124860353,3124860969,3124868169,0,97630,97630,-1,1,9219,7200,32,32,32,1
12,3,"[4, 176, 1056, 1, 1, 0, 0, 0, 0, 0, 0, 0, 0, 0, 0, 4, 176, 1056, 1, 1, 0, 0, 0, 0, 0, 0, 0, 0, 0, 0]",363,128,185856.0,2230272.0,3124955484,3124965018,3124965799,3124972967,0,92607,92607,-1,1,9534,7168,32,32,32,1
16,3,"[4, 176, 0, 0, 0, 0, 0, 0, 0, 0, 0, 0, 0, 0, 0, 4, 0, 0, 0, 0, 0, 0, 0, 0, 0, 0, 0, 0, 0, 0]",1,128,176.0,1412.0,3125055439,3125064771,3125065574,3125069030,0,95935,95935,-1,1,9332,3456,32,32,32,1
12,3,"[4, 176, 0, 0, 0, 0, 0, 0, 0, 0, 0, 0, 0, 0, 0, 4, 176, 0, 0, 0, 0, 0, 0, 0, 0, 0, 0, 0, 0, 0]",1,128,176.0,2112.0,3125155085,3125164199,3125164965,3125168517,0,94687,94687,-1,1,9114,3552,32,32,32,1
12,3,"[4, 176, 0, 0, 0, 0, 0, 0, 0, 0, 0, 0, 0, 0, 0, 4, 176, 0, 0, 0, 0, 0, 0, 0, 0, 0, 0, 0, 0, 0]",1,128,176.0,2112.0,3125253243,3125262446,3125263204,3125266724,0,93631,93631,-1,1,9203,3520,32,32,32,1
16,3,"[4, 176, 0, 0, 0, 0, 0, 0, 0, 0, 0, 0, 0, 0, 0, 4, 0, 0, 0, 0, 0, 0, 0, 0, 0, 0, 0, 0, 0, 0]",1,128,176.0,1412.0,3125350337,3125362099,3125360355,3125363843,0,98590,98590,-1,1,11762,3488,32,32,32,1
12,3,"[4, 176, 0, 0, 0, 0, 0, 0, 0, 0, 0, 0, 0, 0, 0, 4, 176, 0, 0, 0, 0, 0, 0, 0, 0, 0, 0, 0, 0, 0]",1,128,176.0,2112.0,3125452328,3125461638,3125462433,3125465985,0,93599,93599,-1,1,9310,3552,32,32,32,1
12,3,"[4, 176, 0, 0, 0, 0, 0, 0, 0, 0, 0, 0, 0, 0, 0, 4, 176, 0, 0, 0, 0, 0, 0, 0, 0, 0, 0, 0, 0, 0]",1,128,176.0,2112.0,3125549760,3125558837,3125559584,3125563200,0,96031,96031,-1,1,9077,3616,32,32,32,1
16,3,"[4, 1056, 176, 1, 1, 0, 0, 0, 0, 0, 0, 0, 0, 0, 0, 4, 0, 0, 0, 0, 0, 0, 0, 0, 0, 0, 0, 0, 0, 0]",363,128,185856.0,1486852.0,3125648917,3125658389,3125659231,3125667007,0,90399,90399,-1,1,9472,7776,32,32,32,1
12,3,"[4, 1056, 176, 1, 1, 0, 0, 0, 0, 0, 0, 0, 0, 0, 0, 4, 1056, 176, 1, 1, 0, 0, 0, 0, 0, 0, 0, 0, 0, 0]",363,128,185856.0,2230272.0,3125747337,3125756671,3125757406,3125764637,0,94079,94079,-1,1,9334,7231,32,32,32,1
12,3,"[4, 1056, 176, 1, 1, 0, 0, 0, 0, 0, 0, 0, 0, 0, 0, 4, 1056, 176, 1, 1, 0, 0, 0, 0, 0, 0, 0, 0, 0, 0]",363,128,185856.0,2230272.0,3125848713,3125857948,3125858716,3125865212,0,91487,91487,-1,1,9235,6496,32,32,32,1
16,3,"[4, 1056, 0, 0, 0, 0, 0, 0, 0, 0, 0, 0, 0, 0, 0, 4, 0, 0, 0, 0, 0, 0, 0, 0, 0, 0, 0, 0, 0, 0]",3,128,1056.0,8452.0,3125946596,3125956292,3125956699,3125960155,0,93823,93823,-1,1,9696,3456,32,32,32,1
12,3,"[4, 1056, 0, 0, 0, 0, 0, 0, 0, 0, 0, 0, 0, 0, 0, 4, 1056, 0, 0, 0, 0, 0, 0, 0, 0, 0, 0, 0, 0, 0]",3,128,1056.0,12672.0,3126043896,3126053258,3126053978,3126057690,0,92223,92223,-1,1,9362,3712,32,32,32,1
12,3,"[4, 1056, 0, 0, 0, 0, 0, 0, 0, 0, 0, 0, 0, 0, 0, 4, 1056, 0, 0, 0, 0, 0, 0, 0, 0, 0, 0, 0, 0, 0]",3,128,1056.0,12672.0,3126140179,3126149094,3126149913,3126153369,0,95519,95519,-1,1,8915,3456,32,32,32,1
16,3,"[4, 1056, 0, 0, 0, 0, 0, 0, 0, 0, 0, 0, 0, 0, 0, 4, 0, 0, 0, 0, 0, 0, 0, 0, 0, 0, 0, 0, 0, 0]",3,128,1056.0,8452.0,3126238765,3126248233,3126248888,3126252375,0,94079,94079,-1,1,9468,3487,32,32,32,1
12,3,"[4, 1056, 0, 0, 0, 0, 0, 0, 0, 0, 0, 0, 0, 0, 0, 4, 1056, 0, 0, 0, 0, 0, 0, 0, 0, 0, 0, 0, 0, 0]",3,128,1056.0,12672.0,3126336601,3126345637,3126346454,3126349942,0,93023,93023,-1,1,9036,3488,32,32,32,1
12,3,"[4, 1056, 0, 0, 0, 0, 0, 0, 0, 0, 0, 0, 0, 0, 0, 4, 1056, 0, 0, 0, 0, 0, 0, 0, 0, 0, 0, 0, 0, 0]",3,128,1056.0,12672.0,3126433207,3126444580,3126442965,3126446453,0,99039,99039,-1,1,11373,3488,32,32,32,1
16,3,"[4, 1056, 1, 5, 5, 0, 0, 0, 0, 0, 0, 0, 0, 0, 0, 4, 0, 0, 0, 0, 0, 0, 0, 0, 0, 0, 0, 0, 0, 0]",52,128,26400.0,211204.0,3126535012,3126544966,3126545492,3126549716,0,98462,98462,-1,1,9954,4224,32,32,32,1
12,3,"[4, 1056, 1, 5, 5, 0, 0, 0, 0, 0, 0, 0, 0, 0, 0, 4, 1056, 1, 5, 5, 0, 0, 0, 0, 0, 0, 0, 0, 0, 0]",52,128,26400.0,316800.0,3126638314,3126647447,3126648178,3126652690,0,100223,100223,-1,1,9133,4512,32,32,32,1
12,3,"[4, 1056, 1, 5, 5, 0, 0, 0, 0, 0, 0, 0, 0, 0, 0, 4, 1056, 1, 5, 5, 0, 0, 0, 0, 0, 0, 0, 0, 0, 0]",52,128,26400.0,316800.0,3126743167,3126752154,3126752913,3126756785,0,99551,99551,-1,1,8987,3872,32,32,32,1
16,3,"[4, 1056, 0, 0, 0, 0, 0, 0, 0, 0, 0, 0, 0, 0, 0, 4, 0, 0, 0, 0, 0, 0, 0, 0, 0, 0, 0, 0, 0, 0]",3,128,1056.0,8452.0,3126846258,3126855746,3126856336,3126859824,0,94751,94751,-1,1,9488,3488,32,32,32,1
12,3,"[4, 1056, 0, 0, 0, 0, 0, 0, 0, 0, 0, 0, 0, 0, 0, 4, 1056, 0, 0, 0, 0, 0, 0, 0, 0, 0, 0, 0, 0, 0]",3,128,1056.0,12672.0,3126944564,3126953806,3126954575,3126958062,0,94976,94976,-1,1,9242,3487,32,32,32,1
12,3,"[4, 1056, 0, 0, 0, 0, 0, 0, 0, 0, 0, 0, 0, 0, 0, 4, 1056, 0, 0, 0, 0, 0, 0, 0, 0, 0, 0, 0, 0, 0]",3,128,1056.0,12672.0,3127043064,3127052147,3127053038,3127056557,0,93791,93791,-1,1,9083,3519,32,32,32,1
16,3,"[4, 1056, 0, 0, 0, 0, 0, 0, 0, 0, 0, 0, 0, 0, 0, 4, 0, 0, 0, 0, 0, 0, 0, 0, 0, 0, 0, 0, 0, 0]",3,128,1056.0,8452.0,3127140313,3127149678,3127150348,3127153836,0,92575,92575,-1,1,9365,3488,32,32,32,1
12,3,"[4, 1056, 0, 0, 0, 0, 0, 0, 0, 0, 0, 0, 0, 0, 0, 4, 1056, 0, 0, 0, 0, 0, 0, 0, 0, 0, 0, 0, 0, 0]",3,128,1056.0,12672.0,3127236359,3127245437,3127246411,3127249995,0,92607,92607,-1,1,9078,3584,32,32,32,1
12,3,"[4, 1056, 0, 0, 0, 0, 0, 0, 0, 0, 0, 0, 0, 0, 0, 4, 1056, 0, 0, 0, 0, 0, 0, 0, 0, 0, 0, 0, 0, 0]",3,128,1056.0,12672.0,3127332864,3127341839,3127342602,3127346154,0,93055,93055,-1,1,8975,3552,32,32,32,1
16,3,"[4, 44, 1056, 1, 1, 0, 0, 0, 0, 0, 0, 0, 0, 0, 0, 4, 0, 0, 0, 0, 0, 0, 0, 0, 0, 0, 0, 0, 0, 0]",91,128,46464.0,371716.0,3127429344,3127438607,3127439209,3127443880,0,95039,95039,-1,1,9263,4671,32,32,32,1
12,3,"[4, 44, 1056, 1, 1, 0, 0, 0, 0, 0, 0, 0, 0, 0, 0, 4, 44, 1056, 1, 1, 0, 0, 0, 0, 0, 0, 0, 0, 0, 0]",91,128,46464.0,557568.0,3127528712,3127538177,3127538919,3127544007,0,100735,100735,-1,1,9465,5088,32,32,32,1
12,3,"[4, 44, 1056, 1, 1, 0, 0, 0, 0, 0, 0, 0, 0, 0, 0, 4, 44, 1056, 1, 1, 0, 0, 0, 0, 0, 0, 0, 0, 0, 0]",91,128,46464.0,557568.0,3127634344,3127644029,3127644742,3127649030,0,97119,97119,-1,1,9685,4288,32,32,32,1
16,3,"[4, 44, 0, 0, 0, 0, 0, 0, 0, 0, 0, 0, 0, 0, 0, 4, 0, 0, 0, 0, 0, 0, 0, 0, 0, 0, 0, 0, 0, 0]",1,128,44.0,356.0,3127735683,3127745407,3127746149,3127749541,0,235197,235197,-1,1,9724,3392,32,32,32,1
12,3,"[4, 44, 0, 0, 0, 0, 0, 0, 0, 0, 0, 0, 0, 0, 0, 4, 44, 0, 0, 0, 0, 0, 0, 0, 0, 0, 0, 0, 0, 0]",1,128,44.0,528.0,3127972848,3127984311,3127984738,3127988226,0,108990,108990,-1,1,11463,3488,32,32,32,1
12,3,"[4, 44, 0, 0, 0, 0, 0, 0, 0, 0, 0, 0, 0, 0, 0, 4, 44, 0, 0, 0, 0, 0, 0, 0, 0, 0, 0, 0, 0, 0]",1,128,44.0,528.0,3128086290,3128096549,3128097216,3128100704,0,99487,99487,-1,1,10259,3488,32,32,32,1
16,3,"[4, 1056, 44, 1, 1, 0, 0, 0, 0, 0, 0, 0, 0, 0, 0, 4, 0, 0, 0, 0, 0, 0, 0, 0, 0, 0, 0, 0, 0, 0]",91,128,46464.0,371716.0,3128189591,3128199560,3128200191,3128204607,0,93631,93631,-1,1,9969,4416,32,32,32,1
12,3,"[4, 1056, 44, 1, 1, 0, 0, 0, 0, 0, 0, 0, 0, 0, 0, 4, 1056, 44, 1, 1, 0, 0, 0, 0, 0, 0, 0, 0, 0, 0]",91,128,46464.0,557568.0,3128288437,3128297489,3128298238,3128302878,0,93279,93279,-1,1,9052,4640,32,32,32,1
12,3,"[4, 1056, 44, 1, 1, 0, 0, 0, 0, 0, 0, 0, 0, 0, 0, 4, 1056, 44, 1, 1, 0, 0, 0, 0, 0, 0, 0, 0, 0, 0]",91,128,46464.0,557568.0,3128386430,3128395534,3128396157,3128400669,0,93278,93278,-1,1,9104,4512,32,32,32,1
16,3,"[4, 1056, 0, 0, 0, 0, 0, 0, 0, 0, 0, 0, 0, 0, 0, 4, 0, 0, 0, 0, 0, 0, 0, 0, 0, 0, 0, 0, 0, 0]",3,128,1056.0,8452.0,3128483964,3128493268,3128493947,3128497404,0,92670,92670,-1,1,9304,3457,32,32,32,1
12,3,"[4, 1056, 0, 0, 0, 0, 0, 0, 0, 0, 0, 0, 0, 0, 0, 4, 1056, 0, 0, 0, 0, 0, 0, 0, 0, 0, 0, 0, 0, 0]",3,128,1056.0,12672.0,3128580213,3128589324,3128590074,3128593562,0,92063,92063,-1,1,9111,3488,32,32,32,1
12,3,"[4, 1056, 0, 0, 0, 0, 0, 0, 0, 0, 0, 0, 0, 0, 0, 4, 1056, 0, 0, 0, 0, 0, 0, 0, 0, 0, 0, 0, 0, 0]",3,128,1056.0,12672.0,3128675955,3128684776,3128685625,3128689113,0,96351,96351,-1,1,8821,3488,32,32,32,1
16,3,"[4, 176, 1056, 1, 1, 0, 0, 0, 0, 0, 0, 0, 0, 0, 0, 4, 0, 0, 0, 0, 0, 0, 0, 0, 0, 0, 0, 0, 0, 0]",363,128,185856.0,1486852.0,3128775153,3128784879,3128785464,3128792824,0,91839,91839,-1,1,9726,7360,32,32,32,1
12,3,"[4, 176, 1056, 1, 1, 0, 0, 0, 0, 0, 0, 0, 0, 0, 0, 4, 176, 1056, 1, 1, 0, 0, 0, 0, 0, 0, 0, 0, 0, 0]",363,128,185856.0,2230272.0,3128874348,3128883878,3128884663,3128891894,0,89535,89535,-1,1,9530,7231,32,32,32,1
12,3,"[4, 176, 1056, 1, 1, 0, 0, 0, 0, 0, 0, 0, 0, 0, 0, 4, 176, 1056, 1, 1, 0, 0, 0, 0, 0, 0, 0, 0, 0, 0]",363,128,185856.0,2230272.0,3128971519,3128980654,3128981429,3128988757,0,90079,90079,-1,1,9135,7328,32,32,32,1
16,3,"[4, 176, 0, 0, 0, 0, 0, 0, 0, 0, 0, 0, 0, 0, 0, 4, 0, 0, 0, 0, 0, 0, 0, 0, 0, 0, 0, 0, 0, 0]",1,128,176.0,1412.0,3129068775,3129078178,3129078836,3129082388,0,92959,92959,-1,1,9403,3552,32,32,32,1
12,3,"[4, 176, 0, 0, 0, 0, 0, 0, 0, 0, 0, 0, 0, 0, 0, 4, 176, 0, 0, 0, 0, 0, 0, 0, 0, 0, 0, 0, 0, 0]",1,128,176.0,2112.0,3129165548,3129174574,3129175347,3129179091,0,92191,92191,-1,1,9026,3744,32,32,32,1
12,3,"[4, 176, 0, 0, 0, 0, 0, 0, 0, 0, 0, 0, 0, 0, 0, 4, 176, 0, 0, 0, 0, 0, 0, 0, 0, 0, 0, 0, 0, 0]",1,128,176.0,2112.0,3129261457,3129270526,3129271282,3129274833,0,93024,93024,-1,1,9069,3551,32,32,32,1
16,3,"[4, 176, 0, 0, 0, 0, 0, 0, 0, 0, 0, 0, 0, 0, 0, 4, 0, 0, 0, 0, 0, 0, 0, 0, 0, 0, 0, 0, 0, 0]",1,128,176.0,1412.0,3129357738,3129367317,3129367857,3129371408,0,93087,93087,-1,1,9579,3551,32,32,32,1
12,3,"[4, 176, 0, 0, 0, 0, 0, 0, 0, 0, 0, 0, 0, 0, 0, 4, 176, 0, 0, 0, 0, 0, 0, 0, 0, 0, 0, 0, 0, 0]",1,128,176.0,2112.0,3129454378,3129463712,3129464495,3129468079,0,93695,93695,-1,1,9334,3584,32,32,32,1
12,3,"[4, 176, 0, 0, 0, 0, 0, 0, 0, 0, 0, 0, 0, 0, 0, 4, 176, 0, 0, 0, 0, 0, 0, 0, 0, 0, 0, 0, 0, 0]",1,128,176.0,2112.0,3129551886,3129561027,3129561774,3129565326,0,94495,94495,-1,1,9141,3552,32,32,32,1
16,3,"[4, 1056, 176, 1, 1, 0, 0, 0, 0, 0, 0, 0, 0, 0, 0, 4, 0, 0, 0, 0, 0, 0, 0, 0, 0, 0, 0, 0, 0, 0]",363,128,185856.0,1486852.0,3129649571,3129659172,3129659821,3129667533,0,89695,89695,-1,1,9601,7712,32,32,32,1
12,3,"[4, 1056, 176, 1, 1, 0, 0, 0, 0, 0, 0, 0, 0, 0, 0, 4, 1056, 176, 1, 1, 0, 0, 0, 0, 0, 0, 0, 0, 0, 0]",363,128,185856.0,2230272.0,3129747110,3129756479,3129757228,3129764619,0,94111,94111,-1,1,9369,7391,32,32,32,1
12,3,"[4, 1056, 176, 1, 1, 0, 0, 0, 0, 0, 0, 0, 0, 0, 0, 4, 1056, 176, 1, 1, 0, 0, 0, 0, 0, 0, 0, 0, 0, 0]",363,128,185856.0,2230272.0,3129848781,3129858003,3129858730,3129865610,0,90175,90175,-1,1,9222,6880,32,32,32,1
16,3,"[4, 1056, 0, 0, 0, 0, 0, 0, 0, 0, 0, 0, 0, 0, 0, 4, 0, 0, 0, 0, 0, 0, 0, 0, 0, 0, 0, 0, 0, 0]",3,128,1056.0,8452.0,3129945705,3129955179,3129955785,3129959305,0,92319,92319,-1,1,9474,3520,32,32,32,1
12,3,"[4, 1056, 0, 0, 0, 0, 0, 0, 0, 0, 0, 0, 0, 0, 0, 4, 1056, 0, 0, 0, 0, 0, 0, 0, 0, 0, 0, 0, 0, 0]",3,128,1056.0,12672.0,3130041805,3130050981,3130051624,3130055336,0,94559,94559,-1,1,9176,3712,32,32,32,1
12,3,"[4, 1056, 0, 0, 0, 0, 0, 0, 0, 0, 0, 0, 0, 0, 0, 4, 1056, 0, 0, 0, 0, 0, 0, 0, 0, 0, 0, 0, 0, 0]",3,128,1056.0,12672.0,3130140103,3130149219,3130149895,3130153415,0,93982,93982,-1,1,9116,3520,32,32,32,1
16,3,"[4, 1056, 0, 0, 0, 0, 0, 0, 0, 0, 0, 0, 0, 0, 0, 4, 0, 0, 0, 0, 0, 0, 0, 0, 0, 0, 0, 0, 0, 0]",3,128,1056.0,8452.0,3130237260,3130246734,3130247397,3130250885,0,94751,94751,-1,1,9474,3488,32,32,32,1
12,3,"[4, 1056, 0, 0, 0, 0, 0, 0, 0, 0, 0, 0, 0, 0, 0, 4, 1056, 0, 0, 0, 0, 0, 0, 0, 0, 0, 0, 0, 0, 0]",3,128,1056.0,12672.0,3130335287,3130344792,3130345636,3130349220,0,93695,93695,-1,1,9505,3584,32,32,32,1
12,3,"[4, 1056, 0, 0, 0, 0, 0, 0, 0, 0, 0, 0, 0, 0, 0, 4, 1056, 0, 0, 0, 0, 0, 0, 0, 0, 0, 0, 0, 0, 0]",3,128,1056.0,12672.0,3130432996,3130442395,3130442915,3130446435,0,96959,96959,-1,1,9399,3520,32,32,32,1
16,3,"[4, 1056, 1, 5, 5, 0, 0, 0, 0, 0, 0, 0, 0, 0, 0, 4, 0, 0, 0, 0, 0, 0, 0, 0, 0, 0, 0, 0, 0, 0]",52,128,26400.0,211204.0,3130533237,3130542780,3130543394,3130547810,0,92415,92415,-1,1,9543,4416,32,32,32,1
12,3,"[4, 1056, 1, 5, 5, 0, 0, 0, 0, 0, 0, 0, 0, 0, 0, 4, 1056, 1, 5, 5, 0, 0, 0, 0, 0, 0, 0, 0, 0, 0]",52,128,26400.0,316800.0,3130630337,3130639510,3130640225,3130644512,0,92288,92288,-1,1,9173,4287,32,32,32,1
12,3,"[4, 1056, 1, 5, 5, 0, 0, 0, 0, 0, 0, 0, 0, 0, 0, 4, 1056, 1, 5, 5, 0, 0, 0, 0, 0, 0, 0, 0, 0, 0]",52,128,26400.0,316800.0,3130727034,3130736018,3130736800,3130740671,0,94239,94239,-1,1,8984,3871,32,32,32,1
16,3,"[4, 1056, 0, 0, 0, 0, 0, 0, 0, 0, 0, 0, 0, 0, 0, 4, 0, 0, 0, 0, 0, 0, 0, 0, 0, 0, 0, 0, 0, 0]",3,128,1056.0,8452.0,3130824868,3130834464,3130834910,3130838398,0,95519,95519,-1,1,9596,3488,32,32,32,1
12,3,"[4, 1056, 0, 0, 0, 0, 0, 0, 0, 0, 0, 0, 0, 0, 0, 4, 1056, 0, 0, 0, 0, 0, 0, 0, 0, 0, 0, 0, 0, 0]",3,128,1056.0,12672.0,3130924009,3130933293,3130933917,3130937661,0,92287,92287,-1,1,9284,3744,32,32,32,1
12,3,"[4, 1056, 0, 0, 0, 0, 0, 0, 0, 0, 0, 0, 0, 0, 0, 4, 1056, 0, 0, 0, 0, 0, 0, 0, 0, 0, 0, 0, 0, 0]",3,128,1056.0,12672.0,3131020199,3131029162,3131029948,3131033435,0,92736,92736,-1,1,8963,3487,32,32,32,1
16,3,"[4, 1056, 0, 0, 0, 0, 0, 0, 0, 0, 0, 0, 0, 0, 0, 4, 0, 0, 0, 0, 0, 0, 0, 0, 0, 0, 0, 0, 0, 0]",3,128,1056.0,8452.0,3131115861,3131125469,3131126171,3131129626,0,92159,92159,-1,1,9608,3455,32,32,32,1
12,3,"[4, 1056, 0, 0, 0, 0, 0, 0, 0, 0, 0, 0, 0, 0, 0, 4, 1056, 0, 0, 0, 0, 0, 0, 0, 0, 0, 0, 0, 0, 0]",3,128,1056.0,12672.0,3131211925,3131221054,3131221785,3131225305,0,92799,92799,-1,1,9129,3520,32,32,32,1
12,3,"[4, 1056, 0, 0, 0, 0, 0, 0, 0, 0, 0, 0, 0, 0, 0, 4, 1056, 0, 0, 0, 0, 0, 0, 0, 0, 0, 0, 0, 0, 0]",3,128,1056.0,12672.0,3131308315,3131317572,3131318104,3131321624,0,93311,93311,-1,1,9257,3520,32,32,32,1
16,3,"[4, 44, 1056, 1, 1, 0, 0, 0, 0, 0, 0, 0, 0, 0, 0, 4, 0, 0, 0, 0, 0, 0, 0, 0, 0, 0, 0, 0, 0, 0]",91,128,46464.0,371716.0,3131404704,3131414210,3131414935,3131419575,0,93118,93118,-1,1,9506,4640,32,32,32,1
12,3,"[4, 44, 1056, 1, 1, 0, 0, 0, 0, 0, 0, 0, 0, 0, 0, 4, 44, 1056, 1, 1, 0, 0, 0, 0, 0, 0, 0, 0, 0, 0]",91,128,46464.0,557568.0,3131502891,3131511939,3131512693,3131517366,0,94239,94239,-1,1,9048,4673,32,32,32,1
12,3,"[4, 44, 1056, 1, 1, 0, 0, 0, 0, 0, 0, 0, 0, 0, 0, 4, 44, 1056, 1, 1, 0, 0, 0, 0, 0, 0, 0, 0, 0, 0]",91,128,46464.0,557568.0,3131601404,3131610921,3131611605,3131615892,0,103263,103263,-1,1,9517,4287,32,32,32,1
16,3,"[4, 44, 0, 0, 0, 0, 0, 0, 0, 0, 0, 0, 0, 0, 0, 4, 0, 0, 0, 0, 0, 0, 0, 0, 0, 0, 0, 0, 0, 0]",1,128,44.0,356.0,3131708639,3131718607,3131719155,3131722547,0,95263,95263,-1,1,9968,3392,32,32,32,1
12,3,"[4, 44, 0, 0, 0, 0, 0, 0, 0, 0, 0, 0, 0, 0, 0, 4, 44, 0, 0, 0, 0, 0, 0, 0, 0, 0, 0, 0, 0, 0]",1,128,44.0,528.0,3131807680,3131817096,3131817810,3131821298,0,93406,93406,-1,1,9416,3488,32,32,32,1
12,3,"[4, 44, 0, 0, 0, 0, 0, 0, 0, 0, 0, 0, 0, 0, 0, 4, 44, 0, 0, 0, 0, 0, 0, 0, 0, 0, 0, 0, 0, 0]",1,128,44.0,528.0,3131904824,3131915514,3131914704,3131918192,0,96447,96447,-1,1,10690,3488,32,32,32,1
16,3,"[4, 1056, 44, 1, 1, 0, 0, 0, 0, 0, 0, 0, 0, 0, 0, 4, 0, 0, 0, 0, 0, 0, 0, 0, 0, 0, 0, 0, 0, 0]",91,128,46464.0,371716.0,3132004306,3132014039,3132014639,3132019119,0,244285,244285,-1,1,9733,4480,32,32,32,1
12,3,"[4, 1056, 44, 1, 1, 0, 0, 0, 0, 0, 0, 0, 0, 0, 0, 4, 1056, 44, 1, 1, 0, 0, 0, 0, 0, 0, 0, 0, 0, 0]",91,128,46464.0,557568.0,3132250813,3132263053,3132263404,3132268428,0,99071,99071,-1,1,12240,5024,32,32,32,1
12,3,"[4, 1056, 44, 1, 1, 0, 0, 0, 0, 0, 0, 0, 0, 0, 0, 4, 1056, 44, 1, 1, 0, 0, 0, 0, 0, 0, 0, 0, 0, 0]",91,128,46464.0,557568.0,3132357142,3132366910,3132367499,3132371723,0,99967,99967,-1,1,9768,4224,32,32,32,1
16,3,"[4, 1056, 0, 0, 0, 0, 0, 0, 0, 0, 0, 0, 0, 0, 0, 4, 0, 0, 0, 0, 0, 0, 0, 0, 0, 0, 0, 0, 0, 0]",3,128,1056.0,8452.0,3132461319,3132471230,3132471690,3132475178,0,94687,94687,-1,1,9911,3488,32,32,32,1
12,3,"[4, 1056, 0, 0, 0, 0, 0, 0, 0, 0, 0, 0, 0, 0, 0, 4, 1056, 0, 0, 0, 0, 0, 0, 0, 0, 0, 0, 0, 0, 0]",3,128,1056.0,12672.0,3132559862,3132569225,3132569865,3132573513,0,93566,93566,-1,1,9363,3648,32,32,32,1
12,3,"[4, 1056, 0, 0, 0, 0, 0, 0, 0, 0, 0, 0, 0, 0, 0, 4, 1056, 0, 0, 0, 0, 0, 0, 0, 0, 0, 0, 0, 0, 0]",3,128,1056.0,12672.0,3132657244,3132666382,3132667079,3132670567,0,94751,94751,-1,1,9138,3488,32,32,32,1
16,3,"[4, 176, 1056, 1, 1, 0, 0, 0, 0, 0, 0, 0, 0, 0, 0, 4, 0, 0, 0, 0, 0, 0, 0, 0, 0, 0, 0, 0, 0, 0]",363,128,185856.0,1486852.0,3132755137,3132764839,3132765318,3132772742,0,89535,89535,-1,1,9702,7424,32,32,32,1
12,3,"[4, 176, 1056, 1, 1, 0, 0, 0, 0, 0, 0, 0, 0, 0, 0, 4, 176, 1056, 1, 1, 0, 0, 0, 0, 0, 0, 0, 0, 0, 0]",363,128,185856.0,2230272.0,3132852446,3132861584,3132862277,3132869605,0,89631,89631,-1,1,9138,7328,32,32,32,1
12,3,"[4, 176, 1056, 1, 1, 0, 0, 0, 0, 0, 0, 0, 0, 0, 0, 4, 176, 1056, 1, 1, 0, 0, 0, 0, 0, 0, 0, 0, 0, 0]",363,128,185856.0,2230272.0,3132949384,3132958403,3132959236,3132966148,0,89855,89855,-1,1,9019,6912,32,32,32,1
16,3,"[4, 176, 0, 0, 0, 0, 0, 0, 0, 0, 0, 0, 0, 0, 0, 4, 0, 0, 0, 0, 0, 0, 0, 0, 0, 0, 0, 0, 0, 0]",1,128,176.0,1412.0,3133046083,3133055443,3133056003,3133059490,0,91839,91839,-1,1,9360,3487,32,32,32,1
12,3,"[4, 176, 0, 0, 0, 0, 0, 0, 0, 0, 0, 0, 0, 0, 0, 4, 176, 0, 0, 0, 0, 0, 0, 0, 0, 0, 0, 0, 0, 0]",1,128,176.0,2112.0,3133141621,3133152763,3133151329,3133154977,0,95455,95455,-1,1,11142,3648,32,32,32,1
12,3,"[4, 176, 0, 0, 0, 0, 0, 0, 0, 0, 0, 0, 0, 0, 0, 4, 176, 0, 0, 0, 0, 0, 0, 0, 0, 0, 0, 0, 0, 0]",1,128,176.0,2112.0,3133240673,3133249900,3133250432,3133254048,0,93855,93855,-1,1,9227,3616,32,32,32,1
16,3,"[4, 176, 0, 0, 0, 0, 0, 0, 0, 0, 0, 0, 0, 0, 0, 4, 0, 0, 0, 0, 0, 0, 0, 0, 0, 0, 0, 0, 0, 0]",1,128,176.0,1412.0,3133337784,3133347262,3133347903,3133351327,0,92639,92639,-1,1,9478,3424,32,32,32,1
12,3,"[4, 176, 0, 0, 0, 0, 0, 0, 0, 0, 0, 0, 0, 0, 0, 4, 176, 0, 0, 0, 0, 0, 0, 0, 0, 0, 0, 0, 0, 0]",1,128,176.0,2112.0,3133434116,3133443249,3133443966,3133447614,0,92702,92702,-1,1,9133,3648,32,32,32,1
12,3,"[4, 176, 0, 0, 0, 0, 0, 0, 0, 0, 0, 0, 0, 0, 0, 4, 176, 0, 0, 0, 0, 0, 0, 0, 0, 0, 0, 0, 0, 0]",1,128,176.0,2112.0,3133530666,3133539655,3133540316,3133543900,0,92703,92703,-1,1,8989,3584,32,32,32,1
16,3,"[4, 1056, 176, 1, 1, 0, 0, 0, 0, 0, 0, 0, 0, 0, 0, 4, 0, 0, 0, 0, 0, 0, 0, 0, 0, 0, 0, 0, 0, 0]",363,128,185856.0,1486852.0,3133626633,3133635939,3133636603,3133644411,0,88639,88639,-1,1,9306,7808,32,32,32,1
12,3,"[4, 1056, 176, 1, 1, 0, 0, 0, 0, 0, 0, 0, 0, 0, 0, 4, 1056, 176, 1, 1, 0, 0, 0, 0, 0, 0, 0, 0, 0, 0]",363,128,185856.0,2230272.0,3133722916,3133732277,3133733050,3133740378,0,88351,88351,-1,1,9361,7328,32,32,32,1
12,3,"[4, 1056, 176, 1, 1, 0, 0, 0, 0, 0, 0, 0, 0, 0, 0, 4, 1056, 176, 1, 1, 0, 0, 0, 0, 0, 0, 0, 0, 0, 0]",363,128,185856.0,2230272.0,3133819038,3133828032,3133828729,3133835737,0,89118,89118,-1,1,8994,7008,32,32,32,1
16,3,"[4, 1056, 0, 0, 0, 0, 0, 0, 0, 0, 0, 0, 0, 0, 0, 4, 0, 0, 0, 0, 0, 0, 0, 0, 0, 0, 0, 0, 0, 0]",3,128,1056.0,8452.0,3133914860,3133924119,3133924855,3133928343,0,91551,91551,-1,1,9259,3488,32,32,32,1
12,3,"[4, 1056, 0, 0, 0, 0, 0, 0, 0, 0, 0, 0, 0, 0, 0, 4, 1056, 0, 0, 0, 0, 0, 0, 0, 0, 0, 0, 0, 0, 0]",3,128,1056.0,12672.0,3134009652,3134019144,3134019894,3134023446,0,95455,95455,-1,1,9492,3552,32,32,32,1
12,3,"[4, 1056, 0, 0, 0, 0, 0, 0, 0, 0, 0, 0, 0, 0, 0, 4, 1056, 0, 0, 0, 0, 0, 0, 0, 0, 0, 0, 0, 0, 0]",3,128,1056.0,12672.0,3134107513,3134118162,3134118901,3134122421,0,95039,95039,-1,1,10649,3520,32,32,32,1
16,3,"[4, 1056, 0, 0, 0, 0, 0, 0, 0, 0, 0, 0, 0, 0, 0, 4, 0, 0, 0, 0, 0, 0, 0, 0, 0, 0, 0, 0, 0, 0]",3,128,1056.0,8452.0,3134207269,3134218769,3134217460,3134220916,0,96126,96126,-1,1,11500,3456,32,32,32,1
12,3,"[4, 1056, 0, 0, 0, 0, 0, 0, 0, 0, 0, 0, 0, 0, 0, 4, 1056, 0, 0, 0, 0, 0, 0, 0, 0, 0, 0, 0, 0, 0]",3,128,1056.0,12672.0,3134306888,3134316276,3134317042,3134320723,0,95262,95262,-1,1,9388,3681,32,32,32,1
12,3,"[4, 1056, 0, 0, 0, 0, 0, 0, 0, 0, 0, 0, 0, 0, 0, 4, 1056, 0, 0, 0, 0, 0, 0, 0, 0, 0, 0, 0, 0, 0]",3,128,1056.0,12672.0,3134406121,3134415187,3134415985,3134419474,0,99038,99038,-1,1,9066,3489,32,32,32,1
16,3,"[4, 1056, 1, 5, 5, 0, 0, 0, 0, 0, 0, 0, 0, 0, 0, 4, 0, 0, 0, 0, 0, 0, 0, 0, 0, 0, 0, 0, 0, 0]",52,128,26400.0,211204.0,3134508202,3134517975,3134518512,3134522800,0,94271,94271,-1,1,9773,4288,32,32,32,1
12,3,"[4, 1056, 1, 5, 5, 0, 0, 0, 0, 0, 0, 0, 0, 0, 0, 4, 1056, 1, 5, 5, 0, 0, 0, 0, 0, 0, 0, 0, 0, 0]",52,128,26400.0,316800.0,3134606935,3134616362,3134617071,3134621615,0,93502,93502,-1,1,9427,4544,32,32,32,1
12,3,"[4, 1056, 1, 5, 5, 0, 0, 0, 0, 0, 0, 0, 0, 0, 0, 4, 1056, 1, 5, 5, 0, 0, 0, 0, 0, 0, 0, 0, 0, 0]",52,128,26400.0,316800.0,3134705254,3134714415,3134715117,3134719053,0,93600,93600,-1,1,9161,3936,32,32,32,1
16,3,"[4, 1056, 0, 0, 0, 0, 0, 0, 0, 0, 0, 0, 0, 0, 0, 4, 0, 0, 0, 0, 0, 0, 0, 0, 0, 0, 0, 0, 0, 0]",3,128,1056.0,8452.0,3134802576,3134812030,3134812653,3134816141,0,92350,92350,-1,1,9454,3488,32,32,32,1
12,3,"[4, 1056, 0, 0, 0, 0, 0, 0, 0, 0, 0, 0, 0, 0, 0, 4, 1056, 0, 0, 0, 0, 0, 0, 0, 0, 0, 0, 0, 0, 0]",3,128,1056.0,12672.0,3134898353,3134907524,3134908491,3134912011,0,92991,92991,-1,1,9171,3520,32,32,32,1
12,3,"[4, 1056, 0, 0, 0, 0, 0, 0, 0, 0, 0, 0, 0, 0, 0, 4, 1056, 0, 0, 0, 0, 0, 0, 0, 0, 0, 0, 0, 0, 0]",3,128,1056.0,12672.0,3134995154,3135004191,3135005002,3135008458,0,93727,93727,-1,1,9037,3456,32,32,32,1
16,3,"[4, 1056, 0, 0, 0, 0, 0, 0, 0, 0, 0, 0, 0, 0, 0, 4, 0, 0, 0, 0, 0, 0, 0, 0, 0, 0, 0, 0, 0, 0]",3,128,1056.0,8452.0,3135092172,3135101530,3135102185,3135105673,0,92766,92766,-1,1,9358,3488,32,32,32,1
12,3,"[4, 1056, 0, 0, 0, 0, 0, 0, 0, 0, 0, 0, 0, 0, 0, 4, 1056, 0, 0, 0, 0, 0, 0, 0, 0, 0, 0, 0, 0, 0]",3,128,1056.0,12672.0,3135188276,3135197619,3135198439,3135202087,0,92736,92736,-1,1,9343,3648,32,32,32,1
12,3,"[4, 1056, 0, 0, 0, 0, 0, 0, 0, 0, 0, 0, 0, 0, 0, 4, 1056, 0, 0, 0, 0, 0, 0, 0, 0, 0, 0, 0, 0, 0]",3,128,1056.0,12672.0,3135285032,3135296236,3135294823,3135298310,0,98335,98335,-1,1,11204,3487,32,32,32,1
16,3,"[4, 44, 1056, 1, 1, 0, 0, 0, 0, 0, 0, 0, 0, 0, 0, 4, 0, 0, 0, 0, 0, 0, 0, 0, 0, 0, 0, 0, 0, 0]",91,128,46464.0,371716.0,3135386035,3135396018,3135396645,3135401189,0,91999,91999,-1,1,9983,4544,32,32,32,1
12,3,"[4, 44, 1056, 1, 1, 0, 0, 0, 0, 0, 0, 0, 0, 0, 0, 4, 44, 1056, 1, 1, 0, 0, 0, 0, 0, 0, 0, 0, 0, 0]",91,128,46464.0,557568.0,3135483131,3135492416,3135493188,3135497892,0,92799,92799,-1,1,9285,4704,32,32,32,1
12,3,"[4, 44, 1056, 1, 1, 0, 0, 0, 0, 0, 0, 0, 0, 0, 0, 4, 44, 1056, 1, 1, 0, 0, 0, 0, 0, 0, 0, 0, 0, 0]",91,128,46464.0,557568.0,3135580588,3135589919,3135590691,3135594978,0,100736,100736,-1,1,9331,4287,32,32,32,1
16,3,"[4, 44, 0, 0, 0, 0, 0, 0, 0, 0, 0, 0, 0, 0, 0, 4, 0, 0, 0, 0, 0, 0, 0, 0, 0, 0, 0, 0, 0, 0]",1,128,44.0,356.0,3135685088,3135695227,3135695714,3135699265,0,94879,94879,-1,1,10139,3551,32,32,32,1
12,3,"[4, 44, 0, 0, 0, 0, 0, 0, 0, 0, 0, 0, 0, 0, 0, 4, 44, 0, 0, 0, 0, 0, 0, 0, 0, 0, 0, 0, 0, 0]",1,128,44.0,528.0,3135784103,3135793420,3135794144,3135797664,0,93567,93567,-1,1,9317,3520,32,32,32,1
12,3,"[4, 44, 0, 0, 0, 0, 0, 0, 0, 0, 0, 0, 0, 0, 0, 4, 44, 0, 0, 0, 0, 0, 0, 0, 0, 0, 0, 0, 0, 0]",1,128,44.0,528.0,3135881414,3135890428,3135891231,3135894751,0,94911,94911,-1,1,9014,3520,32,32,32,1
16,3,"[4, 1056, 44, 1, 1, 0, 0, 0, 0, 0, 0, 0, 0, 0, 0, 4, 0, 0, 0, 0, 0, 0, 0, 0, 0, 0, 0, 0, 0, 0]",91,128,46464.0,371716.0,3135979438,3135988907,3135989662,3135994142,0,91839,91839,-1,1,9469,4480,32,32,32,1
12,3,"[4, 1056, 44, 1, 1, 0, 0, 0, 0, 0, 0, 0, 0, 0, 0, 4, 1056, 44, 1, 1, 0, 0, 0, 0, 0, 0, 0, 0, 0, 0]",91,128,46464.0,557568.0,3136076127,3136085307,3136085981,3136090908,0,92927,92927,-1,1,9180,4927,32,32,32,1
12,3,"[4, 1056, 44, 1, 1, 0, 0, 0, 0, 0, 0, 0, 0, 0, 0, 4, 1056, 44, 1, 1, 0, 0, 0, 0, 0, 0, 0, 0, 0, 0]",91,128,46464.0,557568.0,3136173552,3136183014,3136183835,3136188091,0,237789,237789,-1,1,9462,4256,32,32,32,1
16,3,"[4, 1056, 0, 0, 0, 0, 0, 0, 0, 0, 0, 0, 0, 0, 0, 4, 0, 0, 0, 0, 0, 0, 0, 0, 0, 0, 0, 0, 0, 0]",3,128,1056.0,8452.0,3136413591,3136425673,3136425880,3136429432,0,106495,106495,-1,1,12082,3552,32,32,32,1
12,3,"[4, 1056, 0, 0, 0, 0, 0, 0, 0, 0, 0, 0, 0, 0, 0, 4, 1056, 0, 0, 0, 0, 0, 0, 0, 0, 0, 0, 0, 0, 0]",3,128,1056.0,12672.0,3136524989,3136537883,3136535927,3136539447,0,100447,100447,-1,1,12894,3520,32,32,32,1
12,3,"[4, 1056, 0, 0, 0, 0, 0, 0, 0, 0, 0, 0, 0, 0, 0, 4, 1056, 0, 0, 0, 0, 0, 0, 0, 0, 0, 0, 0, 0, 0]",3,128,1056.0,12672.0,3136629738,3136639179,3136639894,3136643381,0,99359,99359,-1,1,9441,3487,32,32,32,1
16,3,"[4, 176, 1056, 1, 1, 0, 0, 0, 0, 0, 0, 0, 0, 0, 0, 4, 0, 0, 0, 0, 0, 0, 0, 0, 0, 0, 0, 0, 0, 0]",363,128,185856.0,1486852.0,3136732126,3136742133,3136742740,3136750388,0,90463,90463,-1,1,10007,7648,32,32,32,1
12,3,"[4, 176, 1056, 1, 1, 0, 0, 0, 0, 0, 0, 0, 0, 0, 0, 4, 176, 1056, 1, 1, 0, 0, 0, 0, 0, 0, 0, 0, 0, 0]",363,128,185856.0,2230272.0,3136830955,3136840178,3136840851,3136848019,0,91487,91487,-1,1,9223,7168,32,32,32,1
12,3,"[4, 176, 1056, 1, 1, 0, 0, 0, 0, 0, 0, 0, 0, 0, 0, 4, 176, 1056, 1, 1, 0, 0, 0, 0, 0, 0, 0, 0, 0, 0]",363,128,185856.0,2230272.0,3136929629,3136938658,3136939506,3136946418,0,91102,91102,-1,1,9029,6912,32,32,32,1
16,3,"[4, 176, 0, 0, 0, 0, 0, 0, 0, 0, 0, 0, 0, 0, 0, 4, 0, 0, 0, 0, 0, 0, 0, 0, 0, 0, 0, 0, 0, 0]",1,128,176.0,1412.0,3137027608,3137036900,3137037520,3137041009,0,92798,92798,-1,1,9292,3489,32,32,32,1
12,3,"[4, 176, 0, 0, 0, 0, 0, 0, 0, 0, 0, 0, 0, 0, 0, 4, 176, 0, 0, 0, 0, 0, 0, 0, 0, 0, 0, 0, 0, 0]",1,128,176.0,2112.0,3137123932,3137133092,3137133807,3137137327,0,92703,92703,-1,1,9160,3520,32,32,32,1
12,3,"[4, 176, 0, 0, 0, 0, 0, 0, 0, 0, 0, 0, 0, 0, 0, 4, 176, 0, 0, 0, 0, 0, 0, 0, 0, 0, 0, 0, 0, 0]",1,128,176.0,2112.0,3137220401,3137229321,3137230030,3137233614,0,93183,93183,-1,1,8920,3584,32,32,32,1
16,3,"[4, 176, 0, 0, 0, 0, 0, 0, 0, 0, 0, 0, 0, 0, 0, 4, 0, 0, 0, 0, 0, 0, 0, 0, 0, 0, 0, 0, 0, 0]",1,128,176.0,1412.0,3137316727,3137326035,3137326797,3137330285,0,92511,92511,-1,1,9308,3488,32,32,32,1
12,3,"[4, 176, 0, 0, 0, 0, 0, 0, 0, 0, 0, 0, 0, 0, 0, 4, 176, 0, 0, 0, 0, 0, 0, 0, 0, 0, 0, 0, 0, 0]",1,128,176.0,2112.0,3137412692,3137422012,3137422796,3137426348,0,93919,93919,-1,1,9320,3552,32,32,32,1
12,3,"[4, 176, 0, 0, 0, 0, 0, 0, 0, 0, 0, 0, 0, 0, 0, 4, 176, 0, 0, 0, 0, 0, 0, 0, 0, 0, 0, 0, 0, 0]",1,128,176.0,2112.0,3137510504,3137519532,3137520267,3137523818,0,97504,97504,-1,1,9028,3551,32,32,32,1
16,3,"[4, 1056, 176, 1, 1, 0, 0, 0, 0, 0, 0, 0, 0, 0, 0, 4, 0, 0, 0, 0, 0, 0, 0, 0, 0, 0, 0, 0, 0, 0]",363,128,185856.0,1486852.0,3137611072,3137620775,3137621322,3137629129,0,91263,91263,-1,1,9703,7807,32,32,32,1
12,3,"[4, 1056, 176, 1, 1, 0, 0, 0, 0, 0, 0, 0, 0, 0, 0, 4, 1056, 176, 1, 1, 0, 0, 0, 0, 0, 0, 0, 0, 0, 0]",363,128,185856.0,2230272.0,3137710376,3137719501,3137720392,3137727528,0,89791,89791,-1,1,9125,7136,32,32,32,1
12,3,"[4, 1056, 176, 1, 1, 0, 0, 0, 0, 0, 0, 0, 0, 0, 0, 4, 1056, 176, 1, 1, 0, 0, 0, 0, 0, 0, 0, 0, 0, 0]",363,128,185856.0,2230272.0,3137807465,3137816735,3137817319,3137824231,0,88735,88735,-1,1,9270,6912,32,32,32,1
16,3,"[4, 1056, 0, 0, 0, 0, 0, 0, 0, 0, 0, 0, 0, 0, 0, 4, 0, 0, 0, 0, 0, 0, 0, 0, 0, 0, 0, 0, 0, 0]",3,128,1056.0,8452.0,3137902955,3137912291,3137912966,3137916454,0,92159,92159,-1,1,9336,3488,32,32,32,1
12,3,"[4, 1056, 0, 0, 0, 0, 0, 0, 0, 0, 0, 0, 0, 0, 0, 4, 1056, 0, 0, 0, 0, 0, 0, 0, 0, 0, 0, 0, 0, 0]",3,128,1056.0,12672.0,3137998746,3138007705,3138008613,3138012164,0,91711,91711,-1,1,8959,3551,32,32,32,1
12,3,"[4, 1056, 0, 0, 0, 0, 0, 0, 0, 0, 0, 0, 0, 0, 0, 4, 1056, 0, 0, 0, 0, 0, 0, 0, 0, 0, 0, 0, 0, 0]",3,128,1056.0,12672.0,3138094200,3138103067,3138103875,3138107523,0,90175,90175,-1,1,8867,3648,32,32,32,1
16,3,"[4, 1056, 0, 0, 0, 0, 0, 0, 0, 0, 0, 0, 0, 0, 0, 4, 0, 0, 0, 0, 0, 0, 0, 0, 0, 0, 0, 0, 0, 0]",3,128,1056.0,8452.0,3138187821,3138197073,3138197698,3138201346,0,91327,91327,-1,1,9252,3648,32,32,32,1
12,3,"[4, 1056, 0, 0, 0, 0, 0, 0, 0, 0, 0, 0, 0, 0, 0, 4, 1056, 0, 0, 0, 0, 0, 0, 0, 0, 0, 0, 0, 0, 0]",3,128,1056.0,12672.0,3138282737,3138292052,3138292673,3138296193,0,92095,92095,-1,1,9315,3520,32,32,32,1
12,3,"[4, 1056, 0, 0, 0, 0, 0, 0, 0, 0, 0, 0, 0, 0, 0, 4, 1056, 0, 0, 0, 0, 0, 0, 0, 0, 0, 0, 0, 0, 0]",3,128,1056.0,12672.0,3138378764,3138387570,3138388288,3138391840,0,93791,93791,-1,1,8806,3552,32,32,32,1
16,3,"[4, 1056, 1, 5, 5, 0, 0, 0, 0, 0, 0, 0, 0, 0, 0, 4, 0, 0, 0, 0, 0, 0, 0, 0, 0, 0, 0, 0, 0, 0]",52,128,26400.0,211204.0,3138475547,3138484881,3138485631,3138489726,0,93631,93631,-1,1,9334,4095,32,32,32,1
12,3,"[4, 1056, 1, 5, 5, 0, 0, 0, 0, 0, 0, 0, 0, 0, 0, 4, 1056, 1, 5, 5, 0, 0, 0, 0, 0, 0, 0, 0, 0, 0]",52,128,26400.0,316800.0,3138573353,3138582612,3138583357,3138587645,0,97343,97343,-1,1,9259,4288,32,32,32,1
12,3,"[4, 1056, 1, 5, 5, 0, 0, 0, 0, 0, 0, 0, 0, 0, 0, 4, 1056, 1, 5, 5, 0, 0, 0, 0, 0, 0, 0, 0, 0, 0]",52,128,26400.0,316800.0,3138674852,3138684499,3138684988,3138689148,0,96447,96447,-1,1,9647,4160,32,32,32,1
16,3,"[4, 1056, 0, 0, 0, 0, 0, 0, 0, 0, 0, 0, 0, 0, 0, 4, 0, 0, 0, 0, 0, 0, 0, 0, 0, 0, 0, 0, 0, 0]",3,128,1056.0,8452.0,3138775392,3138785024,3138785595,3138789083,0,95135,95135,-1,1,9632,3488,32,32,32,1
12,3,"[4, 1056, 0, 0, 0, 0, 0, 0, 0, 0, 0, 0, 0, 0, 0, 4, 1056, 0, 0, 0, 0, 0, 0, 0, 0, 0, 0, 0, 0, 0]",3,128,1056.0,12672.0,3138874108,3138883386,3138884218,3138887705,0,91807,91807,-1,1,9278,3487,32,32,32,1
12,3,"[4, 1056, 0, 0, 0, 0, 0, 0, 0, 0, 0, 0, 0, 0, 0, 4, 1056, 0, 0, 0, 0, 0, 0, 0, 0, 0, 0, 0, 0, 0]",3,128,1056.0,12672.0,3138969875,3138978797,3138979512,3138983256,0,94367,94367,-1,1,8922,3744,32,32,32,1
16,3,"[4, 1056, 0, 0, 0, 0, 0, 0, 0, 0, 0, 0, 0, 0, 0, 4, 0, 0, 0, 0, 0, 0, 0, 0, 0, 0, 0, 0, 0, 0]",3,128,1056.0,8452.0,3139067489,3139076936,3139077623,3139081079,0,92159,92159,-1,1,9447,3456,32,32,32,1
12,3,"[4, 1056, 0, 0, 0, 0, 0, 0, 0, 0, 0, 0, 0, 0, 0, 4, 1056, 0, 0, 0, 0, 0, 0, 0, 0, 0, 0, 0, 0, 0]",3,128,1056.0,12672.0,3139163356,3139172558,3139173238,3139176758,0,92927,92927,-1,1,9202,3520,32,32,32,1
12,3,"[4, 1056, 0, 0, 0, 0, 0, 0, 0, 0, 0, 0, 0, 0, 0, 4, 1056, 0, 0, 0, 0, 0, 0, 0, 0, 0, 0, 0, 0, 0]",3,128,1056.0,12672.0,3139259878,3139268897,3139269685,3139273173,0,94303,94303,-1,1,9019,3488,32,32,32,1
16,3,"[4, 44, 1056, 1, 1, 0, 0, 0, 0, 0, 0, 0, 0, 0, 0, 4, 0, 0, 0, 0, 0, 0, 0, 0, 0, 0, 0, 0, 0, 0]",91,128,46464.0,371716.0,3139357358,3139366828,3139367476,3139371987,0,91551,91551,-1,1,9470,4511,32,32,32,1
12,3,"[4, 44, 1056, 1, 1, 0, 0, 0, 0, 0, 0, 0, 0, 0, 0, 4, 44, 1056, 1, 1, 0, 0, 0, 0, 0, 0, 0, 0, 0, 0]",91,128,46464.0,557568.0,3139453660,3139462837,3139463538,3139468402,0,93503,93503,-1,1,9177,4864,32,32,32,1
12,3,"[4, 44, 1056, 1, 1, 0, 0, 0, 0, 0, 0, 0, 0, 0, 0, 4, 44, 1056, 1, 1, 0, 0, 0, 0, 0, 0, 0, 0, 0, 0]",91,128,46464.0,557568.0,3139552186,3139561337,3139561905,3139566097,0,101663,101663,-1,1,9151,4192,32,32,32,1
16,3,"[4, 44, 0, 0, 0, 0, 0, 0, 0, 0, 0, 0, 0, 0, 0, 4, 0, 0, 0, 0, 0, 0, 0, 0, 0, 0, 0, 0, 0, 0]",1,128,44.0,356.0,3139657067,3139667189,3139667760,3139671312,0,97183,97183,-1,1,10122,3552,32,32,32,1
12,3,"[4, 44, 0, 0, 0, 0, 0, 0, 0, 0, 0, 0, 0, 0, 0, 4, 44, 0, 0, 0, 0, 0, 0, 0, 0, 0, 0, 0, 0, 0]",1,128,44.0,528.0,3139758426,3139767873,3139768495,3139771951,0,94142,94142,-1,1,9447,3456,32,32,32,1
12,3,"[4, 44, 0, 0, 0, 0, 0, 0, 0, 0, 0, 0, 0, 0, 0, 4, 44, 0, 0, 0, 0, 0, 0, 0, 0, 0, 0, 0, 0, 0]",1,128,44.0,528.0,3139856373,3139865718,3139866093,3139869549,0,93951,93951,-1,1,9345,3456,32,32,32,1
16,3,"[4, 1056, 44, 1, 1, 0, 0, 0, 0, 0, 0, 0, 0, 0, 0, 4, 0, 0, 0, 0, 0, 0, 0, 0, 0, 0, 0, 0, 0, 0]",91,128,46464.0,371716.0,3139953331,3139962883,3139963500,3139967628,0,92831,92831,-1,1,9552,4128,32,32,32,1
12,3,"[4, 1056, 44, 1, 1, 0, 0, 0, 0, 0, 0, 0, 0, 0, 0, 4, 1056, 44, 1, 1, 0, 0, 0, 0, 0, 0, 0, 0, 0, 0]",91,128,46464.0,557568.0,3140050521,3140059579,3140060459,3140065515,0,93534,93534,-1,1,9058,5056,32,32,32,1
12,3,"[4, 1056, 44, 1, 1, 0, 0, 0, 0, 0, 0, 0, 0, 0, 0, 4, 1056, 44, 1, 1, 0, 0, 0, 0, 0, 0, 0, 0, 0, 0]",91,128,46464.0,557568.0,3140148907,3140158198,3140159049,3140163241,0,92223,92223,-1,1,9291,4192,32,32,32,1
16,3,"[4, 1056, 0, 0, 0, 0, 0, 0, 0, 0, 0, 0, 0, 0, 0, 4, 0, 0, 0, 0, 0, 0, 0, 0, 0, 0, 0, 0, 0, 0]",3,128,1056.0,8452.0,3140245339,3140254786,3140255464,3140258921,0,92862,92862,-1,1,9447,3457,32,32,32,1
12,3,"[4, 1056, 0, 0, 0, 0, 0, 0, 0, 0, 0, 0, 0, 0, 0, 4, 1056, 0, 0, 0, 0, 0, 0, 0, 0, 0, 0, 0, 0, 0]",3,128,1056.0,12672.0,3140341838,3140351096,3140351783,3140355431,0,236797,236797,-1,1,9258,3648,32,32,32,1
12,3,"[4, 1056, 0, 0, 0, 0, 0, 0, 0, 0, 0, 0, 0, 0, 0, 4, 1056, 0, 0, 0, 0, 0, 0, 0, 0, 0, 0, 0, 0, 0]",3,128,1056.0,12672.0,3140579970,3140591716,3140592228,3140595812,0,108895,108895,-1,1,11746,3584,32,32,32,1
16,3,"[4, 176, 1056, 1, 1, 0, 0, 0, 0, 0, 0, 0, 0, 0, 0, 4, 0, 0, 0, 0, 0, 0, 0, 0, 0, 0, 0, 0, 0, 0]",363,128,185856.0,1486852.0,3140693526,3140704244,3140704707,3140712035,0,92542,92542,-1,1,10718,7328,32,32,32,1
12,3,"[4, 176, 1056, 1, 1, 0, 0, 0, 0, 0, 0, 0, 0, 0, 0, 4, 176, 1056, 1, 1, 0, 0, 0, 0, 0, 0, 0, 0, 0, 0]",363,128,185856.0,2230272.0,3140794378,3140803900,3140804577,3140811617,0,90719,90719,-1,1,9522,7040,32,32,32,1
12,3,"[4, 176, 1056, 1, 1, 0, 0, 0, 0, 0, 0, 0, 0, 0, 0, 4, 176, 1056, 1, 1, 0, 0, 0, 0, 0, 0, 0, 0, 0, 0]",363,128,185856.0,2230272.0,3140892611,3140901528,3140902336,3140909248,0,93535,93535,-1,1,8917,6912,32,32,32,1
16,3,"[4, 176, 0, 0, 0, 0, 0, 0, 0, 0, 0, 0, 0, 0, 0, 4, 0, 0, 0, 0, 0, 0, 0, 0, 0, 0, 0, 0, 0, 0]",1,128,176.0,1412.0,3140992422,3141002117,3141002783,3141006239,0,94111,94111,-1,1,9695,3456,32,32,32,1
12,3,"[4, 176, 0, 0, 0, 0, 0, 0, 0, 0, 0, 0, 0, 0, 0, 4, 176, 0, 0, 0, 0, 0, 0, 0, 0, 0, 0, 0, 0, 0]",1,128,176.0,2112.0,3141090375,3141099610,3141100350,3141103870,0,92638,92638,-1,1,9235,3520,32,32,32,1
12,3,"[4, 176, 0, 0, 0, 0, 0, 0, 0, 0, 0, 0, 0, 0, 0, 4, 176, 0, 0, 0, 0, 0, 0, 0, 0, 0, 0, 0, 0, 0]",1,128,176.0,2112.0,3141186577,3141195618,3141196508,3141200029,0,92094,92094,-1,1,9041,3521,32,32,32,1
16,3,"[4, 176, 0, 0, 0, 0, 0, 0, 0, 0, 0, 0, 0, 0, 0, 4, 0, 0, 0, 0, 0, 0, 0, 0, 0, 0, 0, 0, 0, 0]",1,128,176.0,1412.0,3141282117,3141291486,3141292123,3141295580,0,90462,90462,-1,1,9369,3457,32,32,32,1
12,3,"[4, 176, 0, 0, 0, 0, 0, 0, 0, 0, 0, 0, 0, 0, 0, 4, 176, 0, 0, 0, 0, 0, 0, 0, 0, 0, 0, 0, 0, 0]",1,128,176.0,2112.0,3141376278,3141385260,3141386042,3141389626,0,91999,91999,-1,1,8982,3584,32,32,32,1
12,3,"[4, 176, 0, 0, 0, 0, 0, 0, 0, 0, 0, 0, 0, 0, 0, 4, 176, 0, 0, 0, 0, 0, 0, 0, 0, 0, 0, 0, 0, 0]",1,128,176.0,2112.0,3141471948,3141480788,3141481625,3141485305,0,93855,93855,-1,1,8840,3680,32,32,32,1
16,3,"[4, 1056, 176, 1, 1, 0, 0, 0, 0, 0, 0, 0, 0, 0, 0, 4, 0, 0, 0, 0, 0, 0, 0, 0, 0, 0, 0, 0, 0, 0]",363,128,185856.0,1486852.0,3141569277,3141578597,3141579160,3141587000,0,89407,89407,-1,1,9320,7840,32,32,32,1
12,3,"[4, 1056, 176, 1, 1, 0, 0, 0, 0, 0, 0, 0, 0, 0, 0, 4, 1056, 176, 1, 1, 0, 0, 0, 0, 0, 0, 0, 0, 0, 0]",363,128,185856.0,2230272.0,3141666269,3141675659,3141676407,3141683606,0,89088,89088,-1,1,9390,7199,32,32,32,1
12,3,"[4, 1056, 176, 1, 1, 0, 0, 0, 0, 0, 0, 0, 0, 0, 0, 4, 1056, 176, 1, 1, 0, 0, 0, 0, 0, 0, 0, 0, 0, 0]",363,128,185856.0,2230272.0,3141762927,3141771894,3141772694,3141779829,0,89791,89791,-1,1,8967,7135,32,32,32,1
16,3,"[4, 1056, 0, 0, 0, 0, 0, 0, 0, 0, 0, 0, 0, 0, 0, 4, 0, 0, 0, 0, 0, 0, 0, 0, 0, 0, 0, 0, 0, 0]",3,128,1056.0,8452.0,3141859535,3141868957,3141869620,3141873140,0,91999,91999,-1,1,9422,3520,32,32,32,1
12,3,"[4, 1056, 0, 0, 0, 0, 0, 0, 0, 0, 0, 0, 0, 0, 0, 4, 1056, 0, 0, 0, 0, 0, 0, 0, 0, 0, 0, 0, 0, 0]",3,128,1056.0,12672.0,3141955083,3141966262,3141965139,3141968691,0,96543,96543,-1,1,11179,3552,32,32,32,1
12,3,"[4, 1056, 0, 0, 0, 0, 0, 0, 0, 0, 0, 0, 0, 0, 0, 4, 1056, 0, 0, 0, 0, 0, 0, 0, 0, 0, 0, 0, 0, 0]",3,128,1056.0,12672.0,3142055333,3142064420,3142065234,3142068722,0,93215,93215,-1,1,9087,3488,32,32,32,1
16,3,"[4, 1056, 0, 0, 0, 0, 0, 0, 0, 0, 0, 0, 0, 0, 0, 4, 0, 0, 0, 0, 0, 0, 0, 0, 0, 0, 0, 0, 0, 0]",3,128,1056.0,8452.0,3142151904,3142161211,3142161937,3142165585,0,91518,91518,-1,1,9307,3648,32,32,32,1
12,3,"[4, 1056, 0, 0, 0, 0, 0, 0, 0, 0, 0, 0, 0, 0, 0, 4, 1056, 0, 0, 0, 0, 0, 0, 0, 0, 0, 0, 0, 0, 0]",3,128,1056.0,12672.0,3142247405,3142256414,3142257103,3142260783,0,92703,92703,-1,1,9009,3680,32,32,32,1
12,3,"[4, 1056, 0, 0, 0, 0, 0, 0, 0, 0, 0, 0, 0, 0, 0, 4, 1056, 0, 0, 0, 0, 0, 0, 0, 0, 0, 0, 0, 0, 0]",3,128,1056.0,12672.0,3142343863,3142353070,3142353486,3142357230,0,94623,94623,-1,1,9207,3744,32,32,32,1
16,3,"[4, 1056, 1, 5, 5, 0, 0, 0, 0, 0, 0, 0, 0, 0, 0, 4, 0, 0, 0, 0, 0, 0, 0, 0, 0, 0, 0, 0, 0, 0]",52,128,26400.0,211204.0,3142441759,3142451106,3142451853,3142456013,0,92127,92127,-1,1,9347,4160,32,32,32,1
12,3,"[4, 1056, 1, 5, 5, 0, 0, 0, 0, 0, 0, 0, 0, 0, 0, 4, 1056, 1, 5, 5, 0, 0, 0, 0, 0, 0, 0, 0, 0, 0]",52,128,26400.0,316800.0,3142537974,3142547243,3142548140,3142552492,0,91807,91807,-1,1,9269,4352,32,32,32,1
12,3,"[4, 1056, 1, 5, 5, 0, 0, 0, 0, 0, 0, 0, 0, 0, 0, 4, 1056, 1, 5, 5, 0, 0, 0, 0, 0, 0, 0, 0, 0, 0]",52,128,26400.0,316800.0,3142634576,3142643454,3142644299,3142648170,0,95199,95199,-1,1,8878,3871,32,32,32,1
16,3,"[4, 1056, 0, 0, 0, 0, 0, 0, 0, 0, 0, 0, 0, 0, 0, 4, 0, 0, 0, 0, 0, 0, 0, 0, 0, 0, 0, 0, 0, 0]",3,128,1056.0,8452.0,3142733096,3142742742,3142743369,3142746857,0,93407,93407,-1,1,9646,3488,32,32,32,1
12,3,"[4, 1056, 0, 0, 0, 0, 0, 0, 0, 0, 0, 0, 0, 0, 0, 4, 1056, 0, 0, 0, 0, 0, 0, 0, 0, 0, 0, 0, 0, 0]",3,128,1056.0,12672.0,3142830253,3142839531,3142840264,3142843784,0,92095,92095,-1,1,9278,3520,32,32,32,1
12,3,"[4, 1056, 0, 0, 0, 0, 0, 0, 0, 0, 0, 0, 0, 0, 0, 4, 1056, 0, 0, 0, 0, 0, 0, 0, 0, 0, 0, 0, 0, 0]",3,128,1056.0,12672.0,3142926173,3142935089,3142935879,3142939687,0,93983,93983,-1,1,8916,3808,32,32,32,1
16,3,"[4, 1056, 0, 0, 0, 0, 0, 0, 0, 0, 0, 0, 0, 0, 0, 4, 0, 0, 0, 0, 0, 0, 0, 0, 0, 0, 0, 0, 0, 0]",3,128,1056.0,8452.0,3143023432,3143034719,3143033670,3143037125,0,97439,97439,-1,1,11287,3455,32,32,32,1
12,3,"[4, 1056, 0, 0, 0, 0, 0, 0, 0, 0, 0, 0, 0, 0, 0, 4, 1056, 0, 0, 0, 0, 0, 0, 0, 0, 0, 0, 0, 0, 0]",3,128,1056.0,12672.0,3143124425,3143133760,3143134564,3143138116,0,93759,93759,-1,1,9335,3552,32,32,32,1
12,3,"[4, 1056, 0, 0, 0, 0, 0, 0, 0, 0, 0, 0, 0, 0, 0, 4, 1056, 0, 0, 0, 0, 0, 0, 0, 0, 0, 0, 0, 0, 0]",3,128,1056.0,12672.0,3143221542,3143230563,3143231875,3143235363,0,94111,94111,-1,1,9021,3488,32,32,32,1
16,3,"[4, 44, 1056, 1, 1, 0, 0, 0, 0, 0, 0, 0, 0, 0, 0, 4, 0, 0, 0, 0, 0, 0, 0, 0, 0, 0, 0, 0, 0, 0]",91,128,46464.0,371716.0,3143319326,3143328899,3143329474,3143334114,0,93535,93535,-1,1,9573,4640,32,32,32,1
12,3,"[4, 44, 1056, 1, 1, 0, 0, 0, 0, 0, 0, 0, 0, 0, 0, 4, 44, 1056, 1, 1, 0, 0, 0, 0, 0, 0, 0, 0, 0, 0]",91,128,46464.0,557568.0,3143417729,3143426826,3143427649,3143432641,0,91391,91391,-1,1,9097,4992,32,32,32,1
12,3,"[4, 44, 1056, 1, 1, 0, 0, 0, 0, 0, 0, 0, 0, 0, 0, 4, 44, 1056, 1, 1, 0, 0, 0, 0, 0, 0, 0, 0, 0, 0]",91,128,46464.0,557568.0,3143514324,3143523180,3143524032,3143528352,0,92062,92062,-1,1,8856,4320,32,32,32,1
16,3,"[4, 44, 0, 0, 0, 0, 0, 0, 0, 0, 0, 0, 0, 0, 0, 4, 0, 0, 0, 0, 0, 0, 0, 0, 0, 0, 0, 0, 0, 0]",1,128,44.0,356.0,3143610633,3143619779,3143620414,3143623838,0,101951,101951,-1,1,9146,3424,32,32,32,1
12,3,"[4, 44, 0, 0, 0, 0, 0, 0, 0, 0, 0, 0, 0, 0, 0, 4, 44, 0, 0, 0, 0, 0, 0, 0, 0, 0, 0, 0, 0, 0]",1,128,44.0,528.0,3143715580,3143725056,3143725789,3143729405,0,93791,93791,-1,1,9476,3616,32,32,32,1
12,3,"[4, 44, 0, 0, 0, 0, 0, 0, 0, 0, 0, 0, 0, 0, 0, 4, 44, 0, 0, 0, 0, 0, 0, 0, 0, 0, 0, 0, 0, 0]",1,128,44.0,528.0,3143813262,3143822249,3143823196,3143826684,0,95871,95871,-1,1,8987,3488,32,32,32,1
16,3,"[4, 1056, 44, 1, 1, 0, 0, 0, 0, 0, 0, 0, 0, 0, 0, 4, 0, 0, 0, 0, 0, 0, 0, 0, 0, 0, 0, 0, 0, 0]",91,128,46464.0,371716.0,3143912048,3143922057,3143922555,3143927098,0,94015,94015,-1,1,10009,4543,32,32,32,1
12,3,"[4, 1056, 44, 1, 1, 0, 0, 0, 0, 0, 0, 0, 0, 0, 0, 4, 1056, 44, 1, 1, 0, 0, 0, 0, 0, 0, 0, 0, 0, 0]",91,128,46464.0,557568.0,3144010774,3144020289,3144021113,3144025849,0,92095,92095,-1,1,9515,4736,32,32,32,1
12,3,"[4, 1056, 44, 1, 1, 0, 0, 0, 0, 0, 0, 0, 0, 0, 0, 4, 1056, 44, 1, 1, 0, 0, 0, 0, 0, 0, 0, 0, 0, 0]",91,128,46464.0,557568.0,3144108018,3144119186,3144117944,3144122136,0,96287,96287,-1,1,11168,4192,32,32,32,1
16,3,"[4, 1056, 0, 0, 0, 0, 0, 0, 0, 0, 0, 0, 0, 0, 0, 4, 0, 0, 0, 0, 0, 0, 0, 0, 0, 0, 0, 0, 0, 0]",3,128,1056.0,8452.0,3144208227,3144217816,3144218423,3144221975,0,93151,93151,-1,1,9589,3552,32,32,32,1
12,3,"[4, 1056, 0, 0, 0, 0, 0, 0, 0, 0, 0, 0, 0, 0, 0, 4, 1056, 0, 0, 0, 0, 0, 0, 0, 0, 0, 0, 0, 0, 0]",3,128,1056.0,12672.0,3144304952,3144314678,3144315126,3144318709,0,92991,92991,-1,1,9726,3583,32,32,32,1
12,3,"[4, 1056, 0, 0, 0, 0, 0, 0, 0, 0, 0, 0, 0, 0, 0, 4, 1056, 0, 0, 0, 0, 0, 0, 0, 0, 0, 0, 0, 0, 0]",3,128,1056.0,12672.0,3144401930,3144410954,3144411700,3144415188,0,93983,93983,-1,1,9024,3488,32,32,32,1
16,3,"[4, 304, 1056, 1, 1, 0, 0, 0, 0, 0, 0, 0, 0, 0, 0, 4, 0, 0, 0, 0, 0, 0, 0, 0, 0, 0, 0, 0, 0, 0]",627,128,321024.0,2568196.0,3144499132,3144508500,3144509171,3144520915,0,226333,226333,-1,1,9368,11744,32,32,32,1
12,3,"[4, 304, 1056, 1, 1, 0, 0, 0, 0, 0, 0, 0, 0, 0, 0, 4, 304, 1056, 1, 1, 0, 0, 0, 0, 0, 0, 0, 0, 0, 0]",627,128,321024.0,3852288.0,3144735251,3144746881,3144747248,3144756688,0,101599,101599,-1,1,11630,9440,32,32,32,1
12,3,"[4, 304, 1056, 1, 1, 0, 0, 0, 0, 0, 0, 0, 0, 0, 0, 4, 304, 1056, 1, 1, 0, 0, 0, 0, 0, 0, 0, 0, 0, 0]",627,128,321024.0,3852288.0,3144847613,3144857676,3144858287,3144869135,0,91935,91935,-1,1,10063,10848,32,32,32,1
16,3,"[4, 304, 0, 0, 0, 0, 0, 0, 0, 0, 0, 0, 0, 0, 0, 4, 0, 0, 0, 0, 0, 0, 0, 0, 0, 0, 0, 0, 0, 0]",1,128,304.0,2436.0,3144950517,3144960537,3144961070,3144964813,0,94880,94880,-1,1,10020,3743,32,32,32,1
12,3,"[4, 304, 0, 0, 0, 0, 0, 0, 0, 0, 0, 0, 0, 0, 0, 4, 304, 0, 0, 0, 0, 0, 0, 0, 0, 0, 0, 0, 0, 0]",1,128,304.0,3648.0,3145049526,3145058917,3145059693,3145063340,0,92351,92351,-1,1,9391,3647,32,32,32,1
12,3,"[4, 304, 0, 0, 0, 0, 0, 0, 0, 0, 0, 0, 0, 0, 0, 4, 304, 0, 0, 0, 0, 0, 0, 0, 0, 0, 0, 0, 0, 0]",1,128,304.0,3648.0,3145145737,3145154816,3145155691,3145159307,0,92959,92959,-1,1,9079,3616,32,32,32,1
16,3,"[4, 304, 0, 0, 0, 0, 0, 0, 0, 0, 0, 0, 0, 0, 0, 4, 0, 0, 0, 0, 0, 0, 0, 0, 0, 0, 0, 0, 0, 0]",1,128,304.0,2436.0,3145241951,3145251594,3145252266,3145255818,0,93791,93791,-1,1,9643,3552,32,32,32,1
12,3,"[4, 304, 0, 0, 0, 0, 0, 0, 0, 0, 0, 0, 0, 0, 0, 4, 304, 0, 0, 0, 0, 0, 0, 0, 0, 0, 0, 0, 0, 0]",1,128,304.0,3648.0,3145339669,3145351241,3145349609,3145353257,0,96671,96671,-1,1,11572,3648,32,32,32,1
12,3,"[4, 304, 0, 0, 0, 0, 0, 0, 0, 0, 0, 0, 0, 0, 0, 4, 304, 0, 0, 0, 0, 0, 0, 0, 0, 0, 0, 0, 0, 0]",1,128,304.0,3648.0,3145440162,3145449447,3145449928,3145453576,0,94878,94878,-1,1,9285,3648,32,32,32,1
16,3,"[4, 1824, 304, 1, 1, 0, 0, 0, 0, 0, 0, 0, 0, 0, 0, 4, 0, 0, 0, 0, 0, 0, 0, 0, 0, 0, 0, 0, 0, 0]",1083,128,554496.0,4435972.0,3145538389,3145547908,3145548454,3145567302,0,79263,79263,-1,1,9519,18848,32,32,32,1
12,3,"[4, 1824, 304, 1, 1, 0, 0, 0, 0, 0, 0, 0, 0, 0, 0, 4, 1824, 304, 1, 1, 0, 0, 0, 0, 0, 0, 0, 0, 0, 0]",1083,128,554496.0,6653952.0,3145636578,3145645834,3145646565,3145661893,0,82911,82911,-1,1,9256,15328,32,32,32,1
12,3,"[4, 1824, 304, 1, 1, 0, 0, 0, 0, 0, 0, 0, 0, 0, 0, 4, 1824, 304, 1, 1, 0, 0, 0, 0, 0, 0, 0, 0, 0, 0]",1083,128,554496.0,6653952.0,3145734862,3145744097,3145744804,3145763428,0,78207,78207,-1,1,9235,18624,32,32,32,1
16,3,"[4, 1824, 0, 0, 0, 0, 0, 0, 0, 0, 0, 0, 0, 0, 0, 4, 0, 0, 0, 0, 0, 0, 0, 0, 0, 0, 0, 0, 0, 0]",4,128,1824.0,14596.0,3145831569,3145840953,3145841635,3145845571,0,91871,91871,-1,1,9384,3936,32,32,32,1
12,3,"[4, 1824, 0, 0, 0, 0, 0, 0, 0, 0, 0, 0, 0, 0, 0, 4, 1824, 0, 0, 0, 0, 0, 0, 0, 0, 0, 0, 0, 0, 0]",4,128,1824.0,21888.0,3145927501,3145936733,3145937442,3145941378,0,91614,91614,-1,1,9232,3936,32,32,32,1
12,3,"[4, 1824, 0, 0, 0, 0, 0, 0, 0, 0, 0, 0, 0, 0, 0, 4, 1824, 0, 0, 0, 0, 0, 0, 0, 0, 0, 0, 0, 0, 0]",4,128,1824.0,21888.0,3146023229,3146032191,3146032992,3146036672,0,92735,92735,-1,1,8962,3680,32,32,32,1
16,3,"[4, 1824, 0, 0, 0, 0, 0, 0, 0, 0, 0, 0, 0, 0, 0, 4, 0, 0, 0, 0, 0, 0, 0, 0, 0, 0, 0, 0, 0, 0]",4,128,1824.0,14596.0,3146119251,3146128752,3146129407,3146132927,0,92767,92767,-1,1,9501,3520,32,32,32,1
12,3,"[4, 1824, 0, 0, 0, 0, 0, 0, 0, 0, 0, 0, 0, 0, 0, 4, 1824, 0, 0, 0, 0, 0, 0, 0, 0, 0, 0, 0, 0, 0]",4,128,1824.0,21888.0,3146215664,3146224933,3146225694,3146229406,0,92158,92158,-1,1,9269,3712,32,32,32,1
12,3,"[4, 1824, 0, 0, 0, 0, 0, 0, 0, 0, 0, 0, 0, 0, 0, 4, 1824, 0, 0, 0, 0, 0, 0, 0, 0, 0, 0, 0, 0, 0]",4,128,1824.0,21888.0,3146311844,3146320800,3146321564,3146325309,0,93598,93598,-1,1,8956,3745,32,32,32,1
16,3,"[4, 1824, 1, 5, 5, 0, 0, 0, 0, 0, 0, 0, 0, 0, 0, 4, 0, 0, 0, 0, 0, 0, 0, 0, 0, 0, 0, 0, 0, 0]",90,128,45600.0,364804.0,3146408827,3146420340,3146418907,3146423515,0,96063,96063,-1,1,11513,4608,32,32,32,1
12,3,"[4, 1824, 1, 5, 5, 0, 0, 0, 0, 0, 0, 0, 0, 0, 0, 4, 1824, 1, 5, 5, 0, 0, 0, 0, 0, 0, 0, 0, 0, 0]",90,128,45600.0,547200.0,3146509370,3146518879,3146519578,3146524538,0,93023,93023,-1,1,9509,4960,32,32,32,1
12,3,"[4, 1824, 1, 5, 5, 0, 0, 0, 0, 0, 0, 0, 0, 0, 0, 4, 1824, 1, 5, 5, 0, 0, 0, 0, 0, 0, 0, 0, 0, 0]",90,128,45600.0,547200.0,3146607622,3146616685,3146617561,3146621753,0,91423,91423,-1,1,9063,4192,32,32,32,1
16,3,"[4, 1824, 0, 0, 0, 0, 0, 0, 0, 0, 0, 0, 0, 0, 0, 4, 0, 0, 0, 0, 0, 0, 0, 0, 0, 0, 0, 0, 0, 0]",4,128,1824.0,14596.0,3146703239,3146712406,3146713176,3146716600,0,91678,91678,-1,1,9167,3424,32,32,32,1
12,3,"[4, 1824, 0, 0, 0, 0, 0, 0, 0, 0, 0, 0, 0, 0, 0, 4, 1824, 0, 0, 0, 0, 0, 0, 0, 0, 0, 0, 0, 0, 0]",4,128,1824.0,21888.0,3146798416,3146807523,3146808278,3146812054,0,92799,92799,-1,1,9107,3776,32,32,32,1
12,3,"[4, 1824, 0, 0, 0, 0, 0, 0, 0, 0, 0, 0, 0, 0, 0, 4, 1824, 0, 0, 0, 0, 0, 0, 0, 0, 0, 0, 0, 0, 0]",4,128,1824.0,21888.0,3146894997,3146904333,3146904853,3146908405,0,92383,92383,-1,1,9336,3552,32,32,32,1
16,3,"[4, 1824, 0, 0, 0, 0, 0, 0, 0, 0, 0, 0, 0, 0, 0, 4, 0, 0, 0, 0, 0, 0, 0, 0, 0, 0, 0, 0, 0, 0]",4,128,1824.0,14596.0,3146990904,3147000052,3147000788,3147004276,0,93055,93055,-1,1,9148,3488,32,32,32,1
12,3,"[4, 1824, 0, 0, 0, 0, 0, 0, 0, 0, 0, 0, 0, 0, 0, 4, 1824, 0, 0, 0, 0, 0, 0, 0, 0, 0, 0, 0, 0, 0]",4,128,1824.0,21888.0,3147087376,3147096473,3147097331,3147101043,0,92767,92767,-1,1,9097,3712,32,32,32,1
12,3,"[4, 1824, 0, 0, 0, 0, 0, 0, 0, 0, 0, 0, 0, 0, 0, 4, 1824, 0, 0, 0, 0, 0, 0, 0, 0, 0, 0, 0, 0, 0]",4,128,1824.0,21888.0,3147184018,3147193055,3147193810,3147197361,0,93600,93600,-1,1,9037,3551,32,32,32,1
16,3,"[4, 76, 1824, 1, 1, 0, 0, 0, 0, 0, 0, 0, 0, 0, 0, 4, 0, 0, 0, 0, 0, 0, 0, 0, 0, 0, 0, 0, 0, 0]",271,128,138624.0,1108996.0,3147280831,3147290376,3147290961,3147297553,0,89470,89470,-1,1,9545,6592,32,32,32,1
12,3,"[4, 76, 1824, 1, 1, 0, 0, 0, 0, 0, 0, 0, 0, 0, 0, 4, 76, 1824, 1, 1, 0, 0, 0, 0, 0, 0, 0, 0, 0, 0]",271,128,138624.0,1663488.0,3147376908,3147386295,3147387023,3147393775,0,93471,93471,-1,1,9387,6752,32,32,32,1
12,3,"[4, 76, 1824, 1, 1, 0, 0, 0, 0, 0, 0, 0, 0, 0, 0, 4, 76, 1824, 1, 1, 0, 0, 0, 0, 0, 0, 0, 0, 0, 0]",271,128,138624.0,1663488.0,3147477086,3147488135,3147487246,3147493070,0,92863,92863,-1,1,11049,5824,32,32,32,1
16,3,"[4, 76, 0, 0, 0, 0, 0, 0, 0, 0, 0, 0, 0, 0, 0, 4, 0, 0, 0, 0, 0, 0, 0, 0, 0, 0, 0, 0, 0, 0]",1,128,76.0,612.0,3147575827,3147585336,3147585933,3147589357,0,101663,101663,-1,1,9509,3424,32,32,32,1
12,3,"[4, 76, 0, 0, 0, 0, 0, 0, 0, 0, 0, 0, 0, 0, 0, 4, 76, 0, 0, 0, 0, 0, 0, 0, 0, 0, 0, 0, 0, 0]",1,128,76.0,912.0,3147680607,3147690366,3147691020,3147694571,0,95391,95391,-1,1,9759,3551,32,32,32,1
12,3,"[4, 76, 0, 0, 0, 0, 0, 0, 0, 0, 0, 0, 0, 0, 0, 4, 76, 0, 0, 0, 0, 0, 0, 0, 0, 0, 0, 0, 0, 0]",1,128,76.0,912.0,3147779751,3147789157,3147789962,3147793482,0,95711,95711,-1,1,9406,3520,32,32,32,1
16,3,"[4, 1824, 76, 1, 1, 0, 0, 0, 0, 0, 0, 0, 0, 0, 0, 4, 0, 0, 0, 0, 0, 0, 0, 0, 0, 0, 0, 0, 0, 0]",271,128,138624.0,1108996.0,3147879018,3147888526,3147889193,3147896521,0,89855,89855,-1,1,9508,7328,32,32,32,1
12,3,"[4, 1824, 76, 1, 1, 0, 0, 0, 0, 0, 0, 0, 0, 0, 0, 4, 1824, 76, 1, 1, 0, 0, 0, 0, 0, 0, 0, 0, 0, 0]",271,128,138624.0,1663488.0,3147976520,3147985677,3147986376,3147992936,0,93215,93215,-1,1,9157,6560,32,32,32,1
12,3,"[4, 1824, 76, 1, 1, 0, 0, 0, 0, 0, 0, 0, 0, 0, 0, 4, 1824, 76, 1, 1, 0, 0, 0, 0, 0, 0, 0, 0, 0, 0]",271,128,138624.0,1663488.0,3148076111,3148085362,3148086151,3148092390,0,90399,90399,-1,1,9251,6239,32,32,32,1
16,3,"[4, 1824, 0, 0, 0, 0, 0, 0, 0, 0, 0, 0, 0, 0, 0, 4, 0, 0, 0, 0, 0, 0, 0, 0, 0, 0, 0, 0, 0, 0]",4,128,1824.0,14596.0,3148172666,3148182020,3148182789,3148186341,0,91551,91551,-1,1,9354,3552,32,32,32,1
12,3,"[4, 1824, 0, 0, 0, 0, 0, 0, 0, 0, 0, 0, 0, 0, 0, 4, 1824, 0, 0, 0, 0, 0, 0, 0, 0, 0, 0, 0, 0, 0]",4,128,1824.0,21888.0,3148268075,3148277129,3148277892,3148281636,0,94047,94047,-1,1,9054,3744,32,32,32,1
12,3,"[4, 1824, 0, 0, 0, 0, 0, 0, 0, 0, 0, 0, 0, 0, 0, 4, 1824, 0, 0, 0, 0, 0, 0, 0, 0, 0, 0, 0, 0, 0]",4,128,1824.0,21888.0,3148365763,3148374862,3148375683,3148379235,0,94111,94111,-1,1,9099,3552,32,32,32,1
16,3,"[4, 304, 1824, 1, 1, 0, 0, 0, 0, 0, 0, 0, 0, 0, 0, 4, 0, 0, 0, 0, 0, 0, 0, 0, 0, 0, 0, 0, 0, 0]",1083,128,554496.0,4435972.0,3148463198,3148472692,3148473346,3148492513,0,79967,79967,-1,1,9494,19167,32,32,32,1
12,3,"[4, 304, 1824, 1, 1, 0, 0, 0, 0, 0, 0, 0, 0, 0, 0, 4, 304, 1824, 1, 1, 0, 0, 0, 0, 0, 0, 0, 0, 0, 0]",1083,128,554496.0,6653952.0,3148562306,3148571693,3148572480,3148588576,0,84063,84063,-1,1,9387,16096,32,32,32,1
12,3,"[4, 304, 1824, 1, 1, 0, 0, 0, 0, 0, 0, 0, 0, 0, 0, 4, 304, 1824, 1, 1, 0, 0, 0, 0, 0, 0, 0, 0, 0, 0]",1083,128,554496.0,6653952.0,3148662845,3148671864,3148672639,3148691007,0,79231,79231,-1,1,9019,18368,32,32,32,1
16,3,"[4, 304, 0, 0, 0, 0, 0, 0, 0, 0, 0, 0, 0, 0, 0, 4, 0, 0, 0, 0, 0, 0, 0, 0, 0, 0, 0, 0, 0, 0]",1,128,304.0,2436.0,3148760067,3148769551,3148770238,3148774174,0,272348,272348,-1,1,9484,3936,32,32,32,1
12,3,"[4, 304, 0, 0, 0, 0, 0, 0, 0, 0, 0, 0, 0, 0, 0, 4, 304, 0, 0, 0, 0, 0, 0, 0, 0, 0, 0, 0, 0, 0]",1,128,304.0,3648.0,3149033236,3149046137,3149046522,3149050298,0,100127,100127,-1,1,12901,3776,32,32,32,1
12,3,"[4, 304, 0, 0, 0, 0, 0, 0, 0, 0, 0, 0, 0, 0, 0, 4, 304, 0, 0, 0, 0, 0, 0, 0, 0, 0, 0, 0, 0, 0]",1,128,304.0,3648.0,3149139624,3149149669,3149150425,3149154073,0,96703,96703,-1,1,10045,3648,32,32,32,1
16,3,"[4, 304, 0, 0, 0, 0, 0, 0, 0, 0, 0, 0, 0, 0, 0, 4, 0, 0, 0, 0, 0, 0, 0, 0, 0, 0, 0, 0, 0, 0]",1,128,304.0,2436.0,3149240416,3149250350,3149250776,3149254296,0,93407,93407,-1,1,9934,3520,32,32,32,1
12,3,"[4, 304, 0, 0, 0, 0, 0, 0, 0, 0, 0, 0, 0, 0, 0, 4, 304, 0, 0, 0, 0, 0, 0, 0, 0, 0, 0, 0, 0, 0]",1,128,304.0,3648.0,3149337211,3149347045,3149347703,3149351383,0,92319,92319,-1,1,9834,3680,32,32,32,1
12,3,"[4, 304, 0, 0, 0, 0, 0, 0, 0, 0, 0, 0, 0, 0, 0, 4, 304, 0, 0, 0, 0, 0, 0, 0, 0, 0, 0, 0, 0, 0]",1,128,304.0,3648.0,3149434027,3149442938,3149443702,3149447350,0,93119,93119,-1,1,8911,3648,32,32,32,1
16,3,"[4, 1824, 304, 1, 1, 0, 0, 0, 0, 0, 0, 0, 0, 0, 0, 4, 0, 0, 0, 0, 0, 0, 0, 0, 0, 0, 0, 0, 0, 0]",1083,128,554496.0,4435972.0,3149530089,3149539902,3149540469,3149558964,0,78271,78271,-1,1,9813,18495,32,32,32,1
12,3,"[4, 1824, 304, 1, 1, 0, 0, 0, 0, 0, 0, 0, 0, 0, 0, 4, 1824, 304, 1, 1, 0, 0, 0, 0, 0, 0, 0, 0, 0, 0]",1083,128,554496.0,6653952.0,3149627292,3149636547,3149637235,3149652915,0,86623,86623,-1,1,9255,15680,32,32,32,1
12,3,"[4, 1824, 304, 1, 1, 0, 0, 0, 0, 0, 0, 0, 0, 0, 0, 4, 1824, 304, 1, 1, 0, 0, 0, 0, 0, 0, 0, 0, 0, 0]",1083,128,554496.0,6653952.0,3149729481,3149738701,3149739538,3149757970,0,82079,82079,-1,1,9220,18432,32,32,32,1
16,3,"[4, 1824, 0, 0, 0, 0, 0, 0, 0, 0, 0, 0, 0, 0, 0, 4, 0, 0, 0, 0, 0, 0, 0, 0, 0, 0, 0, 0, 0, 0]",4,128,1824.0,14596.0,3149829628,3149839415,3149840049,3149844049,0,93278,93278,-1,1,9787,4000,32,32,32,1
12,3,"[4, 1824, 0, 0, 0, 0, 0, 0, 0, 0, 0, 0, 0, 0, 0, 4, 1824, 0, 0, 0, 0, 0, 0, 0, 0, 0, 0, 0, 0, 0]",4,128,1824.0,21888.0,3149927065,3149936605,3149937327,3149941103,0,93055,93055,-1,1,9540,3776,32,32,32,1
12,3,"[4, 1824, 0, 0, 0, 0, 0, 0, 0, 0, 0, 0, 0, 0, 0, 4, 1824, 0, 0, 0, 0, 0, 0, 0, 0, 0, 0, 0, 0, 0]",4,128,1824.0,21888.0,3150024377,3150033399,3150034158,3150037774,0,94271,94271,-1,1,9022,3616,32,32,32,1
16,3,"[4, 1824, 0, 0, 0, 0, 0, 0, 0, 0, 0, 0, 0, 0, 0, 4, 0, 0, 0, 0, 0, 0, 0, 0, 0, 0, 0, 0, 0, 0]",4,128,1824.0,14596.0,3150121582,3150131219,3150132045,3150135725,0,92351,92351,-1,1,9637,3680,32,32,32,1
12,3,"[4, 1824, 0, 0, 0, 0, 0, 0, 0, 0, 0, 0, 0, 0, 0, 4, 1824, 0, 0, 0, 0, 0, 0, 0, 0, 0, 0, 0, 0, 0]",4,128,1824.0,21888.0,3150218143,3150227279,3150228076,3150231724,0,92799,92799,-1,1,9136,3648,32,32,32,1
12,3,"[4, 1824, 0, 0, 0, 0, 0, 0, 0, 0, 0, 0, 0, 0, 0, 4, 1824, 0, 0, 0, 0, 0, 0, 0, 0, 0, 0, 0, 0, 0]",4,128,1824.0,21888.0,3150314721,3150323677,3150324523,3150328203,0,96542,96542,-1,1,8956,3680,32,32,32,1
16,3,"[4, 1824, 1, 5, 5, 0, 0, 0, 0, 0, 0, 0, 0, 0, 0, 4, 0, 0, 0, 0, 0, 0, 0, 0, 0, 0, 0, 0, 0, 0]",90,128,45600.0,364804.0,3150414298,3150424098,3150424745,3150429290,0,93342,93342,-1,1,9800,4545,32,32,32,1
12,3,"[4, 1824, 1, 5, 5, 0, 0, 0, 0, 0, 0, 0, 0, 0, 0, 4, 1824, 1, 5, 5, 0, 0, 0, 0, 0, 0, 0, 0, 0, 0]",90,128,45600.0,547200.0,3150512666,3150521954,3150522632,3150527944,0,91743,91743,-1,1,9288,5312,32,32,32,1
12,3,"[4, 1824, 1, 5, 5, 0, 0, 0, 0, 0, 0, 0, 0, 0, 0, 4, 1824, 1, 5, 5, 0, 0, 0, 0, 0, 0, 0, 0, 0, 0]",90,128,45600.0,547200.0,3150609853,3150618960,3150619687,3150623879,0,92255,92255,-1,1,9107,4192,32,32,32,1
16,3,"[4, 1824, 0, 0, 0, 0, 0, 0, 0, 0, 0, 0, 0, 0, 0, 4, 0, 0, 0, 0, 0, 0, 0, 0, 0, 0, 0, 0, 0, 0]",4,128,1824.0,14596.0,3150706099,3150715350,3150716134,3150719718,0,92318,92318,-1,1,9251,3584,32,32,32,1
12,3,"[4, 1824, 0, 0, 0, 0, 0, 0, 0, 0, 0, 0, 0, 0, 0, 4, 1824, 0, 0, 0, 0, 0, 0, 0, 0, 0, 0, 0, 0, 0]",4,128,1824.0,21888.0,3150801972,3150811289,3150812036,3150815684,0,95455,95455,-1,1,9317,3648,32,32,32,1
12,3,"[4, 1824, 0, 0, 0, 0, 0, 0, 0, 0, 0, 0, 0, 0, 0, 4, 1824, 0, 0, 0, 0, 0, 0, 0, 0, 0, 0, 0, 0, 0]",4,128,1824.0,21888.0,3150901124,3150910476,3150911139,3150914691,0,93183,93183,-1,1,9352,3552,32,32,32,1
16,3,"[4, 1824, 0, 0, 0, 0, 0, 0, 0, 0, 0, 0, 0, 0, 0, 4, 0, 0, 0, 0, 0, 0, 0, 0, 0, 0, 0, 0, 0, 0]",4,128,1824.0,14596.0,3150997897,3151007288,3151007874,3151011330,0,93599,93599,-1,1,9391,3456,32,32,32,1
12,3,"[4, 1824, 0, 0, 0, 0, 0, 0, 0, 0, 0, 0, 0, 0, 0, 4, 1824, 0, 0, 0, 0, 0, 0, 0, 0, 0, 0, 0, 0, 0]",4,128,1824.0,21888.0,3151094684,3151104219,3151104929,3151108705,0,93503,93503,-1,1,9535,3776,32,32,32,1
12,3,"[4, 1824, 0, 0, 0, 0, 0, 0, 0, 0, 0, 0, 0, 0, 0, 4, 1824, 0, 0, 0, 0, 0, 0, 0, 0, 0, 0, 0, 0, 0]",4,128,1824.0,21888.0,3151192152,3151201430,3151202208,3151205727,0,95359,95359,-1,1,9278,3519,32,32,32,1
16,3,"[4, 76, 1824, 1, 1, 0, 0, 0, 0, 0, 0, 0, 0, 0, 0, 4, 0, 0, 0, 0, 0, 0, 0, 0, 0, 0, 0, 0, 0, 0]",271,128,138624.0,1108996.0,3151290847,3151300521,3151301086,3151307486,0,92543,92543,-1,1,9674,6400,32,32,32,1
12,3,"[4, 76, 1824, 1, 1, 0, 0, 0, 0, 0, 0, 0, 0, 0, 0, 4, 76, 1824, 1, 1, 0, 0, 0, 0, 0, 0, 0, 0, 0, 0]",271,128,138624.0,1663488.0,3151389731,3151399199,3151400029,3151406493,0,91071,91071,-1,1,9468,6464,32,32,32,1
12,3,"[4, 76, 1824, 1, 1, 0, 0, 0, 0, 0, 0, 0, 0, 0, 0, 4, 76, 1824, 1, 1, 0, 0, 0, 0, 0, 0, 0, 0, 0, 0]",271,128,138624.0,1663488.0,3151487842,3151496953,3151497564,3151503228,0,92095,92095,-1,1,9111,5664,32,32,32,1
16,3,"[4, 76, 0, 0, 0, 0, 0, 0, 0, 0, 0, 0, 0, 0, 0, 4, 0, 0, 0, 0, 0, 0, 0, 0, 0, 0, 0, 0, 0, 0]",1,128,76.0,612.0,3151585183,3151594678,3151595323,3151598715,0,101982,101982,-1,1,9495,3392,32,32,32,1
12,3,"[4, 76, 0, 0, 0, 0, 0, 0, 0, 0, 0, 0, 0, 0, 0, 4, 76, 0, 0, 0, 0, 0, 0, 0, 0, 0, 0, 0, 0, 0]",1,128,76.0,912.0,3151690182,3151700086,3151700697,3151704185,0,93599,93599,-1,1,9904,3488,32,32,32,1
12,3,"[4, 76, 0, 0, 0, 0, 0, 0, 0, 0, 0, 0, 0, 0, 0, 4, 76, 0, 0, 0, 0, 0, 0, 0, 0, 0, 0, 0, 0, 0]",1,128,76.0,912.0,3151787863,3151797042,3151797784,3151801272,0,96991,96991,-1,1,9179,3488,32,32,32,1
16,3,"[4, 1824, 76, 1, 1, 0, 0, 0, 0, 0, 0, 0, 0, 0, 0, 4, 0, 0, 0, 0, 0, 0, 0, 0, 0, 0, 0, 0, 0, 0]",271,128,138624.0,1108996.0,3151888127,3151897683,3151898263,3151905047,0,92927,92927,-1,1,9556,6784,32,32,32,1
12,3,"[4, 1824, 76, 1, 1, 0, 0, 0, 0, 0, 0, 0, 0, 0, 0, 4, 1824, 76, 1, 1, 0, 0, 0, 0, 0, 0, 0, 0, 0, 0]",271,128,138624.0,1663488.0,3151987981,3151997304,3151997974,3152004630,0,91198,91198,-1,1,9323,6656,32,32,32,1
12,3,"[4, 1824, 76, 1, 1, 0, 0, 0, 0, 0, 0, 0, 0, 0, 0, 4, 1824, 76, 1, 1, 0, 0, 0, 0, 0, 0, 0, 0, 0, 0]",271,128,138624.0,1663488.0,3152086123,3152095096,3152095828,3152101332,0,92415,92415,-1,1,8973,5504,32,32,32,1
16,3,"[4, 1824, 0, 0, 0, 0, 0, 0, 0, 0, 0, 0, 0, 0, 0, 4, 0, 0, 0, 0, 0, 0, 0, 0, 0, 0, 0, 0, 0, 0]",4,128,1824.0,14596.0,3152183466,3152193198,3152193747,3152197395,0,93439,93439,-1,1,9732,3648,32,32,32,1
12,3,"[4, 1824, 0, 0, 0, 0, 0, 0, 0, 0, 0, 0, 0, 0, 0, 4, 1824, 0, 0, 0, 0, 0, 0, 0, 0, 0, 0, 0, 0, 0]",4,128,1824.0,21888.0,3152281042,3152290067,3152290834,3152294610,0,93471,93471,-1,1,9025,3776,32,32,32,1
12,3,"[4, 1824, 0, 0, 0, 0, 0, 0, 0, 0, 0, 0, 0, 0, 0, 4, 1824, 0, 0, 0, 0, 0, 0, 0, 0, 0, 0, 0, 0, 0]",4,128,1824.0,21888.0,3152378224,3152387340,3152388081,3152391697,0,94078,94078,-1,1,9116,3616,32,32,32,1
16,3,"[4, 304, 1824, 1, 1, 0, 0, 0, 0, 0, 0, 0, 0, 0, 0, 4, 0, 0, 0, 0, 0, 0, 0, 0, 0, 0, 0, 0, 0, 0]",1083,128,554496.0,4435972.0,3152475793,3152485552,3152485775,3152504463,0,78463,78463,-1,1,9759,18688,32,32,32,1
12,3,"[4, 304, 1824, 1, 1, 0, 0, 0, 0, 0, 0, 0, 0, 0, 0, 4, 304, 1824, 1, 1, 0, 0, 0, 0, 0, 0, 0, 0, 0, 0]",1083,128,554496.0,6653952.0,3152572850,3152582229,3152582926,3152598510,0,83391,83391,-1,1,9379,15584,32,32,32,1
12,3,"[4, 304, 1824, 1, 1, 0, 0, 0, 0, 0, 0, 0, 0, 0, 0, 4, 304, 1824, 1, 1, 0, 0, 0, 0, 0, 0, 0, 0, 0, 0]",1083,128,554496.0,6653952.0,3152671958,3152681197,3152681901,3152700525,0,78239,78239,-1,1,9239,18624,32,32,32,1
16,3,"[4, 304, 0, 0, 0, 0, 0, 0, 0, 0, 0, 0, 0, 0, 0, 4, 0, 0, 0, 0, 0, 0, 0, 0, 0, 0, 0, 0, 0, 0]",1,128,304.0,2436.0,3152768529,3152778166,3152778764,3152782700,0,92575,92575,-1,1,9637,3936,32,32,32,1
12,3,"[4, 304, 0, 0, 0, 0, 0, 0, 0, 0, 0, 0, 0, 0, 0, 4, 304, 0, 0, 0, 0, 0, 0, 0, 0, 0, 0, 0, 0, 0]",1,128,304.0,3648.0,3152865519,3152874511,3152875275,3152879115,0,92542,92542,-1,1,8992,3840,32,32,32,1
12,3,"[4, 304, 0, 0, 0, 0, 0, 0, 0, 0, 0, 0, 0, 0, 0, 4, 304, 0, 0, 0, 0, 0, 0, 0, 0, 0, 0, 0, 0, 0]",1,128,304.0,3648.0,3152961673,3152972820,3152971657,3152975370,0,240764,240764,-1,1,11147,3713,32,32,32,1
16,3,"[4, 304, 0, 0, 0, 0, 0, 0, 0, 0, 0, 0, 0, 0, 0, 4, 0, 0, 0, 0, 0, 0, 0, 0, 0, 0, 0, 0, 0, 0]",1,128,304.0,2436.0,3153203075,3153215865,3153216134,3153219686,0,103551,103551,-1,1,12790,3552,32,32,32,1
12,3,"[4, 304, 0, 0, 0, 0, 0, 0, 0, 0, 0, 0, 0, 0, 0, 4, 304, 0, 0, 0, 0, 0, 0, 0, 0, 0, 0, 0, 0, 0]",1,128,304.0,3648.0,3153312189,3153322729,3153323237,3153326821,0,95775,95775,-1,1,10540,3584,32,32,32,1
12,3,"[4, 304, 0, 0, 0, 0, 0, 0, 0, 0, 0, 0, 0, 0, 0, 4, 304, 0, 0, 0, 0, 0, 0, 0, 0, 0, 0, 0, 0, 0]",1,128,304.0,3648.0,3153412172,3153421804,3153422596,3153426276,0,96735,96735,-1,1,9632,3680,32,32,32,1
16,3,"[4, 1824, 304, 1, 1, 0, 0, 0, 0, 0, 0, 0, 0, 0, 0, 4, 0, 0, 0, 0, 0, 0, 0, 0, 0, 0, 0, 0, 0, 0]",1083,128,554496.0,4435972.0,3153512769,3153522389,3153523011,3153542274,0,78431,78431,-1,1,9620,19263,32,32,32,1
12,3,"[4, 1824, 304, 1, 1, 0, 0, 0, 0, 0, 0, 0, 0, 0, 0, 4, 1824, 304, 1, 1, 0, 0, 0, 0, 0, 0, 0, 0, 0, 0]",1083,128,554496.0,6653952.0,3153610459,3153619951,3153620705,3153636513,0,83199,83199,-1,1,9492,15808,32,32,32,1
12,3,"[4, 1824, 304, 1, 1, 0, 0, 0, 0, 0, 0, 0, 0, 0, 0, 4, 1824, 304, 1, 1, 0, 0, 0, 0, 0, 0, 0, 0, 0, 0]",1083,128,554496.0,6653952.0,3153709396,3153718921,3153719712,3153738976,0,79327,79327,-1,1,9525,19264,32,32,32,1
16,3,"[4, 1824, 0, 0, 0, 0, 0, 0, 0, 0, 0, 0, 0, 0, 0, 4, 0, 0, 0, 0, 0, 0, 0, 0, 0, 0, 0, 0, 0, 0]",4,128,1824.0,14596.0,3153807940,3153817668,3153818303,3153822207,0,92607,92607,-1,1,9728,3904,32,32,32,1
12,3,"[4, 1824, 0, 0, 0, 0, 0, 0, 0, 0, 0, 0, 0, 0, 0, 4, 1824, 0, 0, 0, 0, 0, 0, 0, 0, 0, 0, 0, 0, 0]",4,128,1824.0,21888.0,3153904814,3153914138,3153914814,3153918590,0,94590,94590,-1,1,9324,3776,32,32,32,1
12,3,"[4, 1824, 0, 0, 0, 0, 0, 0, 0, 0, 0, 0, 0, 0, 0, 4, 1824, 0, 0, 0, 0, 0, 0, 0, 0, 0, 0, 0, 0, 0]",4,128,1824.0,21888.0,3154002631,3154012335,3154013180,3154016796,0,97631,97631,-1,1,9704,3616,32,32,32,1
16,3,"[4, 1824, 0, 0, 0, 0, 0, 0, 0, 0, 0, 0, 0, 0, 0, 4, 0, 0, 0, 0, 0, 0, 0, 0, 0, 0, 0, 0, 0, 0]",4,128,1824.0,14596.0,3154103913,3154113720,3154114427,3154117979,0,93087,93087,-1,1,9807,3552,32,32,32,1
12,3,"[4, 1824, 0, 0, 0, 0, 0, 0, 0, 0, 0, 0, 0, 0, 0, 4, 1824, 0, 0, 0, 0, 0, 0, 0, 0, 0, 0, 0, 0, 0]",4,128,1824.0,21888.0,3154200967,3154211971,3154211066,3154214714,0,96639,96639,-1,1,11004,3648,32,32,32,1
12,3,"[4, 1824, 0, 0, 0, 0, 0, 0, 0, 0, 0, 0, 0, 0, 0, 4, 1824, 0, 0, 0, 0, 0, 0, 0, 0, 0, 0, 0, 0, 0]",4,128,1824.0,21888.0,3154301257,3154310584,3154311353,3154315001,0,95359,95359,-1,1,9327,3648,32,32,32,1
16,3,"[4, 1824, 1, 5, 5, 0, 0, 0, 0, 0, 0, 0, 0, 0, 0, 4, 0, 0, 0, 0, 0, 0, 0, 0, 0, 0, 0, 0, 0, 0]",90,128,45600.0,364804.0,3154400188,3154409666,3154410360,3154414903,0,92799,92799,-1,1,9478,4543,32,32,32,1
12,3,"[4, 1824, 1, 5, 5, 0, 0, 0, 0, 0, 0, 0, 0, 0, 0, 4, 1824, 1, 5, 5, 0, 0, 0, 0, 0, 0, 0, 0, 0, 0]",90,128,45600.0,547200.0,3154497557,3154506948,3154507702,3154512502,0,92735,92735,-1,1,9391,4800,32,32,32,1
12,3,"[4, 1824, 1, 5, 5, 0, 0, 0, 0, 0, 0, 0, 0, 0, 0, 4, 1824, 1, 5, 5, 0, 0, 0, 0, 0, 0, 0, 0, 0, 0]",90,128,45600.0,547200.0,3154595249,3154604357,3154605237,3154609429,0,93151,93151,-1,1,9108,4192,32,32,32,1
16,3,"[4, 1824, 0, 0, 0, 0, 0, 0, 0, 0, 0, 0, 0, 0, 0, 4, 0, 0, 0, 0, 0, 0, 0, 0, 0, 0, 0, 0, 0, 0]",4,128,1824.0,14596.0,3154692407,3154701962,3154702580,3154706132,0,92895,92895,-1,1,9555,3552,32,32,32,1
12,3,"[4, 1824, 0, 0, 0, 0, 0, 0, 0, 0, 0, 0, 0, 0, 0, 4, 1824, 0, 0, 0, 0, 0, 0, 0, 0, 0, 0, 0, 0, 0]",4,128,1824.0,21888.0,3154789057,3154798211,3154799027,3154802643,0,92510,92510,-1,1,9154,3616,32,32,32,1
12,3,"[4, 1824, 0, 0, 0, 0, 0, 0, 0, 0, 0, 0, 0, 0, 0, 4, 1824, 0, 0, 0, 0, 0, 0, 0, 0, 0, 0, 0, 0, 0]",4,128,1824.0,21888.0,3154884990,3154894133,3154895153,3154898674,0,93182,93182,-1,1,9143,3521,32,32,32,1
16,3,"[4, 1824, 0, 0, 0, 0, 0, 0, 0, 0, 0, 0, 0, 0, 0, 4, 0, 0, 0, 0, 0, 0, 0, 0, 0, 0, 0, 0, 0, 0]",4,128,1824.0,14596.0,3154981650,3154991176,3154991856,3154995600,0,91615,91615,-1,1,9526,3744,32,32,32,1
12,3,"[4, 1824, 0, 0, 0, 0, 0, 0, 0, 0, 0, 0, 0, 0, 0, 4, 1824, 0, 0, 0, 0, 0, 0, 0, 0, 0, 0, 0, 0, 0]",4,128,1824.0,21888.0,3155077345,3155086426,3155087215,3155090831,0,92191,92191,-1,1,9081,3616,32,32,32,1
12,3,"[4, 1824, 0, 0, 0, 0, 0, 0, 0, 0, 0, 0, 0, 0, 0, 4, 1824, 0, 0, 0, 0, 0, 0, 0, 0, 0, 0, 0, 0, 0]",4,128,1824.0,21888.0,3155173108,3155182131,3155183022,3155186766,0,94942,94942,-1,1,9023,3744,32,32,32,1
16,3,"[4, 76, 1824, 1, 1, 0, 0, 0, 0, 0, 0, 0, 0, 0, 0, 4, 0, 0, 0, 0, 0, 0, 0, 0, 0, 0, 0, 0, 0, 0]",271,128,138624.0,1108996.0,3155271670,3155283122,3155281708,3155288269,0,94879,94879,-1,1,11452,6561,32,32,32,1
12,3,"[4, 76, 1824, 1, 1, 0, 0, 0, 0, 0, 0, 0, 0, 0, 0, 4, 76, 1824, 1, 1, 0, 0, 0, 0, 0, 0, 0, 0, 0, 0]",271,128,138624.0,1663488.0,3155372991,3155382434,3155383148,3155389707,0,90623,90623,-1,1,9443,6559,32,32,32,1
12,3,"[4, 76, 1824, 1, 1, 0, 0, 0, 0, 0, 0, 0, 0, 0, 0, 4, 76, 1824, 1, 1, 0, 0, 0, 0, 0, 0, 0, 0, 0, 0]",271,128,138624.0,1663488.0,3155470522,3155479535,3155480330,3155486410,0,92351,92351,-1,1,9013,6080,32,32,32,1
16,3,"[4, 76, 0, 0, 0, 0, 0, 0, 0, 0, 0, 0, 0, 0, 0, 4, 0, 0, 0, 0, 0, 0, 0, 0, 0, 0, 0, 0, 0, 0]",1,128,76.0,612.0,3155568554,3155578013,3155578761,3155582153,0,101151,101151,-1,1,9459,3392,32,32,32,1
12,3,"[4, 76, 0, 0, 0, 0, 0, 0, 0, 0, 0, 0, 0, 0, 0, 4, 76, 0, 0, 0, 0, 0, 0, 0, 0, 0, 0, 0, 0, 0]",1,128,76.0,912.0,3155672900,3155682689,3155683304,3155686791,0,95359,95359,-1,1,9789,3487,32,32,32,1
12,3,"[4, 76, 0, 0, 0, 0, 0, 0, 0, 0, 0, 0, 0, 0, 0, 4, 76, 0, 0, 0, 0, 0, 0, 0, 0, 0, 0, 0, 0, 0]",1,128,76.0,912.0,3155772320,3155781455,3155782150,3155785638,0,96639,96639,-1,1,9135,3488,32,32,32,1
16,3,"[4, 1824, 76, 1, 1, 0, 0, 0, 0, 0, 0, 0, 0, 0, 0, 4, 0, 0, 0, 0, 0, 0, 0, 0, 0, 0, 0, 0, 0, 0]",271,128,138624.0,1108996.0,3155871947,3155881749,3155882277,3155889061,0,90751,90751,-1,1,9802,6784,32,32,32,1
12,3,"[4, 1824, 76, 1, 1, 0, 0, 0, 0, 0, 0, 0, 0, 0, 0, 4, 1824, 76, 1, 1, 0, 0, 0, 0, 0, 0, 0, 0, 0, 0]",271,128,138624.0,1663488.0,3155969775,3155979151,3155979812,3155986596,0,90687,90687,-1,1,9376,6784,32,32,32,1
12,3,"[4, 1824, 76, 1, 1, 0, 0, 0, 0, 0, 0, 0, 0, 0, 0, 4, 1824, 76, 1, 1, 0, 0, 0, 0, 0, 0, 0, 0, 0, 0]",271,128,138624.0,1663488.0,3156067508,3156076521,3156077283,3156083458,0,95519,95519,-1,1,9013,6175,32,32,32,1
16,3,"[4, 1824, 0, 0, 0, 0, 0, 0, 0, 0, 0, 0, 0, 0, 0, 4, 0, 0, 0, 0, 0, 0, 0, 0, 0, 0, 0, 0, 0, 0]",4,128,1824.0,14596.0,3156168682,3156178431,3156178977,3156182465,0,94815,94815,-1,1,9749,3488,32,32,32,1
12,3,"[4, 1824, 0, 0, 0, 0, 0, 0, 0, 0, 0, 0, 0, 0, 0, 4, 1824, 0, 0, 0, 0, 0, 0, 0, 0, 0, 0, 0, 0, 0]",4,128,1824.0,21888.0,3156267193,3156276619,3156277280,3156280832,0,93503,93503,-1,1,9426,3552,32,32,32,1
12,3,"[4, 1824, 0, 0, 0, 0, 0, 0, 0, 0, 0, 0, 0, 0, 0, 4, 1824, 0, 0, 0, 0, 0, 0, 0, 0, 0, 0, 0, 0, 0]",4,128,1824.0,21888.0,3156364315,3156375205,3156374335,3156377951,0,98239,98239,-1,1,10890,3616,32,32,32,1
16,3,"[4, 304, 1824, 1, 1, 0, 0, 0, 0, 0, 0, 0, 0, 0, 0, 4, 0, 0, 0, 0, 0, 0, 0, 0, 0, 0, 0, 0, 0, 0]",1083,128,554496.0,4435972.0,3156465494,3156475633,3156476190,3156495293,0,79647,79647,-1,1,10139,19103,32,32,32,1
12,3,"[4, 304, 1824, 1, 1, 0, 0, 0, 0, 0, 0, 0, 0, 0, 0, 4, 304, 1824, 1, 1, 0, 0, 0, 0, 0, 0, 0, 0, 0, 0]",1083,128,554496.0,6653952.0,3156564720,3156574263,3156574940,3156590492,0,81471,81471,-1,1,9543,15552,32,32,32,1
12,3,"[4, 304, 1824, 1, 1, 0, 0, 0, 0, 0, 0, 0, 0, 0, 0, 4, 304, 1824, 1, 1, 0, 0, 0, 0, 0, 0, 0, 0, 0, 0]",1083,128,554496.0,6653952.0,3156662017,3156671219,3156671963,3156690075,0,79039,79039,-1,1,9202,18112,32,32,32,1
16,3,"[4, 304, 0, 0, 0, 0, 0, 0, 0, 0, 0, 0, 0, 0, 0, 4, 0, 0, 0, 0, 0, 0, 0, 0, 0, 0, 0, 0, 0, 0]",1,128,304.0,2436.0,3156758835,3156768555,3156769114,3156773050,0,92319,92319,-1,1,9720,3936,32,32,32,1
12,3,"[4, 304, 0, 0, 0, 0, 0, 0, 0, 0, 0, 0, 0, 0, 0, 4, 304, 0, 0, 0, 0, 0, 0, 0, 0, 0, 0, 0, 0, 0]",1,128,304.0,3648.0,3156855437,3156864590,3156865369,3156869241,0,92639,92639,-1,1,9153,3872,32,32,32,1
12,3,"[4, 304, 0, 0, 0, 0, 0, 0, 0, 0, 0, 0, 0, 0, 0, 4, 304, 0, 0, 0, 0, 0, 0, 0, 0, 0, 0, 0, 0, 0]",1,128,304.0,3648.0,3156951901,3156961051,3156961880,3156965624,0,92894,92894,-1,1,9150,3744,32,32,32,1
16,3,"[4, 304, 0, 0, 0, 0, 0, 0, 0, 0, 0, 0, 0, 0, 0, 4, 0, 0, 0, 0, 0, 0, 0, 0, 0, 0, 0, 0, 0, 0]",1,128,304.0,2436.0,3157047828,3157057893,3157058518,3157062134,0,93311,93311,-1,1,10065,3616,32,32,32,1
12,3,"[4, 304, 0, 0, 0, 0, 0, 0, 0, 0, 0, 0, 0, 0, 0, 4, 304, 0, 0, 0, 0, 0, 0, 0, 0, 0, 0, 0, 0, 0]",1,128,304.0,3648.0,3157145596,3157154619,3157155445,3157159125,0,236925,236925,-1,1,9023,3680,32,32,32,1
12,3,"[4, 304, 0, 0, 0, 0, 0, 0, 0, 0, 0, 0, 0, 0, 0, 4, 304, 0, 0, 0, 0, 0, 0, 0, 0, 0, 0, 0, 0, 0]",1,128,304.0,3648.0,3157383450,3157395655,3157396050,3157399666,0,109663,109663,-1,1,12205,3616,32,32,32,1
16,3,"[4, 1824, 304, 1, 1, 0, 0, 0, 0, 0, 0, 0, 0, 0, 0, 4, 0, 0, 0, 0, 0, 0, 0, 0, 0, 0, 0, 0, 0, 0]",1083,128,554496.0,4435972.0,3157498213,3157508887,3157509329,3157528112,0,82272,82272,-1,1,10674,18783,32,32,32,1
12,3,"[4, 1824, 304, 1, 1, 0, 0, 0, 0, 0, 0, 0, 0, 0, 0, 4, 1824, 304, 1, 1, 0, 0, 0, 0, 0, 0, 0, 0, 0, 0]",1083,128,554496.0,6653952.0,3157600153,3157612135,3157610384,3157625391,0,86431,86431,-1,1,11982,15007,32,32,32,1
12,3,"[4, 1824, 304, 1, 1, 0, 0, 0, 0, 0, 0, 0, 0, 0, 0, 4, 1824, 304, 1, 1, 0, 0, 0, 0, 0, 0, 0, 0, 0, 0]",1083,128,554496.0,6653952.0,3157701778,3157711101,3157711822,3157731086,0,77439,77439,-1,1,9323,19264,32,32,32,1
16,3,"[4, 1824, 0, 0, 0, 0, 0, 0, 0, 0, 0, 0, 0, 0, 0, 4, 0, 0, 0, 0, 0, 0, 0, 0, 0, 0, 0, 0, 0, 0]",4,128,1824.0,14596.0,3157798386,3157807907,3157808525,3157812461,0,92447,92447,-1,1,9521,3936,32,32,32,1
12,3,"[4, 1824, 0, 0, 0, 0, 0, 0, 0, 0, 0, 0, 0, 0, 0, 4, 1824, 0, 0, 0, 0, 0, 0, 0, 0, 0, 0, 0, 0, 0]",4,128,1824.0,21888.0,3157895047,3157904139,3157904908,3157908748,0,92031,92031,-1,1,9092,3840,32,32,32,1
12,3,"[4, 1824, 0, 0, 0, 0, 0, 0, 0, 0, 0, 0, 0, 0, 0, 4, 1824, 0, 0, 0, 0, 0, 0, 0, 0, 0, 0, 0, 0, 0]",4,128,1824.0,21888.0,3157991031,3157999998,3158000779,3158004426,0,91648,91648,-1,1,8967,3647,32,32,32,1
16,3,"[4, 1824, 0, 0, 0, 0, 0, 0, 0, 0, 0, 0, 0, 0, 0, 4, 0, 0, 0, 0, 0, 0, 0, 0, 0, 0, 0, 0, 0, 0]",4,128,1824.0,14596.0,3158085906,3158095338,3158096074,3158099625,0,93567,93567,-1,1,9432,3551,32,32,32,1
12,3,"[4, 1824, 0, 0, 0, 0, 0, 0, 0, 0, 0, 0, 0, 0, 0, 4, 1824, 0, 0, 0, 0, 0, 0, 0, 0, 0, 0, 0, 0, 0]",4,128,1824.0,21888.0,3158183248,3158192458,3158193192,3158196776,0,94175,94175,-1,1,9210,3584,32,32,32,1
12,3,"[4, 1824, 0, 0, 0, 0, 0, 0, 0, 0, 0, 0, 0, 0, 0, 4, 1824, 0, 0, 0, 0, 0, 0, 0, 0, 0, 0, 0, 0, 0]",4,128,1824.0,21888.0,3158281164,3158290201,3158290951,3158294631,0,94015,94015,-1,1,9037,3680,32,32,32,1
16,3,"[4, 1824, 1, 5, 5, 0, 0, 0, 0, 0, 0, 0, 0, 0, 0, 4, 0, 0, 0, 0, 0, 0, 0, 0, 0, 0, 0, 0, 0, 0]",90,128,45600.0,364804.0,3158378231,3158388377,3158388646,3158393158,0,97727,97727,-1,1,10146,4512,32,32,32,1
12,3,"[4, 1824, 1, 5, 5, 0, 0, 0, 0, 0, 0, 0, 0, 0, 0, 4, 1824, 1, 5, 5, 0, 0, 0, 0, 0, 0, 0, 0, 0, 0]",90,128,45600.0,547200.0,3158480709,3158490261,3158490885,3158495908,0,93535,93535,-1,1,9552,5023,32,32,32,1
12,3,"[4, 1824, 1, 5, 5, 0, 0, 0, 0, 0, 0, 0, 0, 0, 0, 4, 1824, 1, 5, 5, 0, 0, 0, 0, 0, 0, 0, 0, 0, 0]",90,128,45600.0,547200.0,3158579629,3158588688,3158589443,3158593891,0,95007,95007,-1,1,9059,4448,32,32,32,1
16,3,"[4, 1824, 0, 0, 0, 0, 0, 0, 0, 0, 0, 0, 0, 0, 0, 4, 0, 0, 0, 0, 0, 0, 0, 0, 0, 0, 0, 0, 0, 0]",4,128,1824.0,14596.0,3158678430,3158688341,3158688898,3158692642,0,93791,93791,-1,1,9911,3744,32,32,32,1
12,3,"[4, 1824, 0, 0, 0, 0, 0, 0, 0, 0, 0, 0, 0, 0, 0, 4, 1824, 0, 0, 0, 0, 0, 0, 0, 0, 0, 0, 0, 0, 0]",4,128,1824.0,21888.0,3158776394,3158785691,3158786433,3158790081,0,92863,92863,-1,1,9297,3648,32,32,32,1
12,3,"[4, 1824, 0, 0, 0, 0, 0, 0, 0, 0, 0, 0, 0, 0, 0, 4, 1824, 0, 0, 0, 0, 0, 0, 0, 0, 0, 0, 0, 0, 0]",4,128,1824.0,21888.0,3158873161,3158882182,3158882944,3158886624,0,92831,92831,-1,1,9021,3680,32,32,32,1
16,3,"[4, 1824, 0, 0, 0, 0, 0, 0, 0, 0, 0, 0, 0, 0, 0, 4, 0, 0, 0, 0, 0, 0, 0, 0, 0, 0, 0, 0, 0, 0]",4,128,1824.0,14596.0,3158969329,3158978838,3158979455,3158982974,0,93247,93247,-1,1,9509,3519,32,32,32,1
12,3,"[4, 1824, 0, 0, 0, 0, 0, 0, 0, 0, 0, 0, 0, 0, 0, 4, 1824, 0, 0, 0, 0, 0, 0, 0, 0, 0, 0, 0, 0, 0]",4,128,1824.0,21888.0,3159066301,3159075514,3159076221,3159079869,0,93535,93535,-1,1,9213,3648,32,32,32,1
12,3,"[4, 1824, 0, 0, 0, 0, 0, 0, 0, 0, 0, 0, 0, 0, 0, 4, 1824, 0, 0, 0, 0, 0, 0, 0, 0, 0, 0, 0, 0, 0]",4,128,1824.0,21888.0,3159163639,3159172722,3159173404,3159177020,0,94719,94719,-1,1,9083,3616,32,32,32,1
16,3,"[4, 76, 1824, 1, 1, 0, 0, 0, 0, 0, 0, 0, 0, 0, 0, 4, 0, 0, 0, 0, 0, 0, 0, 0, 0, 0, 0, 0, 0, 0]",271,128,138624.0,1108996.0,3159261685,3159271106,3159271739,3159278267,0,90879,90879,-1,1,9421,6528,32,32,32,1
12,3,"[4, 76, 1824, 1, 1, 0, 0, 0, 0, 0, 0, 0, 0, 0, 0, 4, 76, 1824, 1, 1, 0, 0, 0, 0, 0, 0, 0, 0, 0, 0]",271,128,138624.0,1663488.0,3159359403,3159368454,3159369146,3159375897,0,91103,91103,-1,1,9051,6751,32,32,32,1
12,3,"[4, 76, 1824, 1, 1, 0, 0, 0, 0, 0, 0, 0, 0, 0, 0, 4, 76, 1824, 1, 1, 0, 0, 0, 0, 0, 0, 0, 0, 0, 0]",271,128,138624.0,1663488.0,3159457165,3159466308,3159467000,3159472728,0,91743,91743,-1,1,9143,5728,32,32,32,1
16,3,"[4, 76, 0, 0, 0, 0, 0, 0, 0, 0, 0, 0, 0, 0, 0, 4, 0, 0, 0, 0, 0, 0, 0, 0, 0, 0, 0, 0, 0, 0]",1,128,76.0,612.0,3159554363,3159563841,3159564471,3159567895,0,102463,102463,-1,1,9478,3424,32,32,32,1
12,3,"[4, 76, 0, 0, 0, 0, 0, 0, 0, 0, 0, 0, 0, 0, 0, 4, 76, 0, 0, 0, 0, 0, 0, 0, 0, 0, 0, 0, 0, 0]",1,128,76.0,912.0,3159659740,3159669664,3159670358,3159673878,0,98398,98398,-1,1,9924,3520,32,32,32,1
12,3,"[4, 76, 0, 0, 0, 0, 0, 0, 0, 0, 0, 0, 0, 0, 0, 4, 76, 0, 0, 0, 0, 0, 0, 0, 0, 0, 0, 0, 0, 0]",1,128,76.0,912.0,3159761948,3159771561,3159772276,3159775733,0,98686,98686,-1,1,9613,3457,32,32,32,1
16,3,"[4, 1824, 76, 1, 1, 0, 0, 0, 0, 0, 0, 0, 0, 0, 0, 4, 0, 0, 0, 0, 0, 0, 0, 0, 0, 0, 0, 0, 0, 0]",271,128,138624.0,1108996.0,3159864034,3159873817,3159874419,3159881267,0,91711,91711,-1,1,9783,6848,32,32,32,1
12,3,"[4, 1824, 76, 1, 1, 0, 0, 0, 0, 0, 0, 0, 0, 0, 0, 4, 1824, 76, 1, 1, 0, 0, 0, 0, 0, 0, 0, 0, 0, 0]",271,128,138624.0,1663488.0,3159962887,3159972286,3159972978,3159979538,0,91359,91359,-1,1,9399,6560,32,32,32,1
12,3,"[4, 1824, 76, 1, 1, 0, 0, 0, 0, 0, 0, 0, 0, 0, 0, 4, 1824, 76, 1, 1, 0, 0, 0, 0, 0, 0, 0, 0, 0, 0]",271,128,138624.0,1663488.0,3160060940,3160070190,3160070897,3160076849,0,91775,91775,-1,1,9250,5952,32,32,32,1
16,3,"[4, 1824, 0, 0, 0, 0, 0, 0, 0, 0, 0, 0, 0, 0, 0, 4, 0, 0, 0, 0, 0, 0, 0, 0, 0, 0, 0, 0, 0, 0]",4,128,1824.0,14596.0,3160158301,3160168029,3160168624,3160172144,0,92734,92734,-1,1,9728,3520,32,32,32,1
12,3,"[4, 1824, 0, 0, 0, 0, 0, 0, 0, 0, 0, 0, 0, 0, 0, 4, 1824, 0, 0, 0, 0, 0, 0, 0, 0, 0, 0, 0, 0, 0]",4,128,1824.0,21888.0,3160255061,3160264124,3160264878,3160268494,0,93087,93087,-1,1,9063,3616,32,32,32,1
12,3,"[4, 1824, 0, 0, 0, 0, 0, 0, 0, 0, 0, 0, 0, 0, 0, 4, 1824, 0, 0, 0, 0, 0, 0, 0, 0, 0, 0, 0, 0, 0]",4,128,1824.0,21888.0,3160351622,3160360833,3160361581,3160365197,0,94879,94879,-1,1,9211,3616,32,32,32,1
16,3,"[4, 304, 1824, 1, 1, 0, 0, 0, 0, 0, 0, 0, 0, 0, 0, 4, 0, 0, 0, 0, 0, 0, 0, 0, 0, 0, 0, 0, 0, 0]",1083,128,554496.0,4435972.0,3160449782,3160459403,3160460076,3160479052,0,81919,81919,-1,1,9621,18976,32,32,32,1
12,3,"[4, 304, 1824, 1, 1, 0, 0, 0, 0, 0, 0, 0, 0, 0, 0, 4, 304, 1824, 1, 1, 0, 0, 0, 0, 0, 0, 0, 0, 0, 0]",1083,128,554496.0,6653952.0,3160550789,3160560252,3160560971,3160576907,0,83230,83230,-1,1,9463,15936,32,32,32,1
12,3,"[4, 304, 1824, 1, 1, 0, 0, 0, 0, 0, 0, 0, 0, 0, 0, 4, 304, 1824, 1, 1, 0, 0, 0, 0, 0, 0, 0, 0, 0, 0]",1083,128,554496.0,6653952.0,3160650194,3160659334,3160660137,3160678409,0,79071,79071,-1,1,9140,18272,32,32,32,1
16,3,"[4, 304, 0, 0, 0, 0, 0, 0, 0, 0, 0, 0, 0, 0, 0, 4, 0, 0, 0, 0, 0, 0, 0, 0, 0, 0, 0, 0, 0, 0]",1,128,304.0,2436.0,3160747064,3160756660,3160757480,3160761416,0,97215,97215,-1,1,9596,3936,32,32,32,1
12,3,"[4, 304, 0, 0, 0, 0, 0, 0, 0, 0, 0, 0, 0, 0, 0, 4, 304, 0, 0, 0, 0, 0, 0, 0, 0, 0, 0, 0, 0, 0]",1,128,304.0,3648.0,3160848229,3160857899,3160858631,3160862471,0,92703,92703,-1,1,9670,3840,32,32,32,1
12,3,"[4, 304, 0, 0, 0, 0, 0, 0, 0, 0, 0, 0, 0, 0, 0, 4, 304, 0, 0, 0, 0, 0, 0, 0, 0, 0, 0, 0, 0, 0]",1,128,304.0,3648.0,3160945151,3160954398,3160955174,3160958758,0,93951,93951,-1,1,9247,3584,32,32,32,1
16,3,"[4, 304, 0, 0, 0, 0, 0, 0, 0, 0, 0, 0, 0, 0, 0, 4, 0, 0, 0, 0, 0, 0, 0, 0, 0, 0, 0, 0, 0, 0]",1,128,304.0,2436.0,3161042492,3161052082,3161052709,3161056357,0,93374,93374,-1,1,9590,3648,32,32,32,1
12,3,"[4, 304, 0, 0, 0, 0, 0, 0, 0, 0, 0, 0, 0, 0, 0, 4, 304, 0, 0, 0, 0, 0, 0, 0, 0, 0, 0, 0, 0, 0]",1,128,304.0,3648.0,3161139750,3161148976,3161149731,3161153348,0,92318,92318,-1,1,9226,3617,32,32,32,1
12,3,"[4, 304, 0, 0, 0, 0, 0, 0, 0, 0, 0, 0, 0, 0, 0, 4, 304, 0, 0, 0, 0, 0, 0, 0, 0, 0, 0, 0, 0, 0]",1,128,304.0,3648.0,3161235703,3161244889,3161245666,3161249410,0,93983,93983,-1,1,9186,3744,32,32,32,1
16,3,"[4, 1824, 304, 1, 1, 0, 0, 0, 0, 0, 0, 0, 0, 0, 0, 4, 0, 0, 0, 0, 0, 0, 0, 0, 0, 0, 0, 0, 0, 0]",1083,128,554496.0,4435972.0,3161333195,3161342806,3161343393,3161361921,0,219805,219805,-1,1,9611,18528,32,32,32,1
12,3,"[4, 1824, 304, 1, 1, 0, 0, 0, 0, 0, 0, 0, 0, 0, 0, 4, 1824, 304, 1, 1, 0, 0, 0, 0, 0, 0, 0, 0, 0, 0]",1083,128,554496.0,6653952.0,3161569548,3161581450,3161581726,3161596862,0,95262,95262,-1,1,11902,15136,32,32,32,1
12,3,"[4, 1824, 304, 1, 1, 0, 0, 0, 0, 0, 0, 0, 0, 0, 0, 4, 1824, 304, 1, 1, 0, 0, 0, 0, 0, 0, 0, 0, 0, 0]",1083,128,554496.0,6653952.0,3161681012,3161691612,3161692124,3161710684,0,84287,84287,-1,1,10600,18560,32,32,32,1
16,3,"[4, 1824, 0, 0, 0, 0, 0, 0, 0, 0, 0, 0, 0, 0, 0, 4, 0, 0, 0, 0, 0, 0, 0, 0, 0, 0, 0, 0, 0, 0]",4,128,1824.0,14596.0,3161784409,3161794507,3161794971,3161799163,0,94751,94751,-1,1,10098,4192,32,32,32,1
12,3,"[4, 1824, 0, 0, 0, 0, 0, 0, 0, 0, 0, 0, 0, 0, 0, 4, 1824, 0, 0, 0, 0, 0, 0, 0, 0, 0, 0, 0, 0, 0]",4,128,1824.0,21888.0,3161883551,3161893241,3161893914,3161897690,0,95103,95103,-1,1,9690,3776,32,32,32,1
12,3,"[4, 1824, 0, 0, 0, 0, 0, 0, 0, 0, 0, 0, 0, 0, 0, 4, 1824, 0, 0, 0, 0, 0, 0, 0, 0, 0, 0, 0, 0, 0]",4,128,1824.0,21888.0,3161982300,3161992073,3161992793,3161996377,0,97598,97598,-1,1,9773,3584,32,32,32,1
16,3,"[4, 1824, 0, 0, 0, 0, 0, 0, 0, 0, 0, 0, 0, 0, 0, 4, 0, 0, 0, 0, 0, 0, 0, 0, 0, 0, 0, 0, 0, 0]",4,128,1824.0,14596.0,3162083590,3162093429,3162093975,3162097527,0,92831,92831,-1,1,9839,3552,32,32,32,1
12,3,"[4, 1824, 0, 0, 0, 0, 0, 0, 0, 0, 0, 0, 0, 0, 0, 4, 1824, 0, 0, 0, 0, 0, 0, 0, 0, 0, 0, 0, 0, 0]",4,128,1824.0,21888.0,3162180228,3162189559,3162190358,3162193974,0,92895,92895,-1,1,9331,3616,32,32,32,1
12,3,"[4, 1824, 0, 0, 0, 0, 0, 0, 0, 0, 0, 0, 0, 0, 0, 4, 1824, 0, 0, 0, 0, 0, 0, 0, 0, 0, 0, 0, 0, 0]",4,128,1824.0,21888.0,3162276841,3162286046,3162286869,3162290517,0,95263,95263,-1,1,9205,3648,32,32,32,1
16,3,"[4, 1824, 1, 5, 5, 0, 0, 0, 0, 0, 0, 0, 0, 0, 0, 4, 0, 0, 0, 0, 0, 0, 0, 0, 0, 0, 0, 0, 0, 0]",90,128,45600.0,364804.0,3162375544,3162385186,3162385780,3162390420,0,93183,93183,-1,1,9642,4640,32,32,32,1
12,3,"[4, 1824, 1, 5, 5, 0, 0, 0, 0, 0, 0, 0, 0, 0, 0, 4, 1824, 1, 5, 5, 0, 0, 0, 0, 0, 0, 0, 0, 0, 0]",90,128,45600.0,547200.0,3162473588,3162482936,3162483603,3162488691,0,93662,93662,-1,1,9348,5088,32,32,32,1
12,3,"[4, 1824, 1, 5, 5, 0, 0, 0, 0, 0, 0, 0, 0, 0, 0, 4, 1824, 1, 5, 5, 0, 0, 0, 0, 0, 0, 0, 0, 0, 0]",90,128,45600.0,547200.0,3162572262,3162581605,3162582353,3162586545,0,93343,93343,-1,1,9343,4192,32,32,32,1
16,3,"[4, 1824, 0, 0, 0, 0, 0, 0, 0, 0, 0, 0, 0, 0, 0, 4, 0, 0, 0, 0, 0, 0, 0, 0, 0, 0, 0, 0, 0, 0]",4,128,1824.0,14596.0,3162669817,3162679376,3162679888,3162683472,0,95647,95647,-1,1,9559,3584,32,32,32,1
12,3,"[4, 1824, 0, 0, 0, 0, 0, 0, 0, 0, 0, 0, 0, 0, 0, 4, 1824, 0, 0, 0, 0, 0, 0, 0, 0, 0, 0, 0, 0, 0]",4,128,1824.0,21888.0,3162768996,3162778316,3162779119,3162782767,0,92831,92831,-1,1,9320,3648,32,32,32,1
12,3,"[4, 1824, 0, 0, 0, 0, 0, 0, 0, 0, 0, 0, 0, 0, 0, 4, 1824, 0, 0, 0, 0, 0, 0, 0, 0, 0, 0, 0, 0, 0]",4,128,1824.0,21888.0,3162865813,3162874771,3162875598,3162879150,0,93438,93438,-1,1,8958,3552,32,32,32,1
16,3,"[4, 1824, 0, 0, 0, 0, 0, 0, 0, 0, 0, 0, 0, 0, 0, 4, 0, 0, 0, 0, 0, 0, 0, 0, 0, 0, 0, 0, 0, 0]",4,128,1824.0,14596.0,3162962262,3162971804,3162972588,3162976268,0,92095,92095,-1,1,9542,3680,32,32,32,1
12,3,"[4, 1824, 0, 0, 0, 0, 0, 0, 0, 0, 0, 0, 0, 0, 0, 4, 1824, 0, 0, 0, 0, 0, 0, 0, 0, 0, 0, 0, 0, 0]",4,128,1824.0,21888.0,3163058047,3163069481,3163068363,3163071979,0,95327,95327,-1,1,11434,3616,32,32,32,1
12,3,"[4, 1824, 0, 0, 0, 0, 0, 0, 0, 0, 0, 0, 0, 0, 0, 4, 1824, 0, 0, 0, 0, 0, 0, 0, 0, 0, 0, 0, 0, 0]",4,128,1824.0,21888.0,3163157409,3163166585,3163167306,3163170858,0,94111,94111,-1,1,9176,3552,32,32,32,1
16,3,"[4, 76, 1824, 1, 1, 0, 0, 0, 0, 0, 0, 0, 0, 0, 0, 4, 0, 0, 0, 0, 0, 0, 0, 0, 0, 0, 0, 0, 0, 0]",271,128,138624.0,1108996.0,3163254729,3163264470,3163264969,3163271625,0,90111,90111,-1,1,9741,6656,32,32,32,1
12,3,"[4, 76, 1824, 1, 1, 0, 0, 0, 0, 0, 0, 0, 0, 0, 0, 4, 76, 1824, 1, 1, 0, 0, 0, 0, 0, 0, 0, 0, 0, 0]",271,128,138624.0,1663488.0,3163351929,3163361189,3163361736,3163368040,0,90463,90463,-1,1,9260,6304,32,32,32,1
12,3,"[4, 76, 1824, 1, 1, 0, 0, 0, 0, 0, 0, 0, 0, 0, 0, 4, 76, 1824, 1, 1, 0, 0, 0, 0, 0, 0, 0, 0, 0, 0]",271,128,138624.0,1663488.0,3163448840,3163457719,3163458503,3163464614,0,90591,90591,-1,1,8879,6111,32,32,32,1
16,3,"[4, 76, 0, 0, 0, 0, 0, 0, 0, 0, 0, 0, 0, 0, 0, 4, 0, 0, 0, 0, 0, 0, 0, 0, 0, 0, 0, 0, 0, 0]",1,128,76.0,612.0,3163544671,3163554175,3163555205,3163558597,0,100159,100159,-1,1,9504,3392,32,32,32,1
12,3,"[4, 76, 0, 0, 0, 0, 0, 0, 0, 0, 0, 0, 0, 0, 0, 4, 76, 0, 0, 0, 0, 0, 0, 0, 0, 0, 0, 0, 0, 0]",1,128,76.0,912.0,3163647371,3163657236,3163658756,3163662276,0,94527,94527,-1,1,9865,3520,32,32,32,1
12,3,"[4, 76, 0, 0, 0, 0, 0, 0, 0, 0, 0, 0, 0, 0, 0, 4, 76, 0, 0, 0, 0, 0, 0, 0, 0, 0, 0, 0, 0, 0]",1,128,76.0,912.0,3163746340,3163755780,3163756803,3163760323,0,95967,95967,-1,1,9440,3520,32,32,32,1
16,3,"[4, 1824, 76, 1, 1, 0, 0, 0, 0, 0, 0, 0, 0, 0, 0, 4, 0, 0, 0, 0, 0, 0, 0, 0, 0, 0, 0, 0, 0, 0]",271,128,138624.0,1108996.0,3163845488,3163855241,3163856290,3163862977,0,90495,90495,-1,1,9753,6687,32,32,32,1
12,3,"[4, 1824, 76, 1, 1, 0, 0, 0, 0, 0, 0, 0, 0, 0, 0, 4, 1824, 76, 1, 1, 0, 0, 0, 0, 0, 0, 0, 0, 0, 0]",271,128,138624.0,1663488.0,3163943636,3163952680,3163953472,3163959968,0,91551,91551,-1,1,9044,6496,32,32,32,1
12,3,"[4, 1824, 76, 1, 1, 0, 0, 0, 0, 0, 0, 0, 0, 0, 0, 4, 1824, 76, 1, 1, 0, 0, 0, 0, 0, 0, 0, 0, 0, 0]",271,128,138624.0,1663488.0,3164041271,3164050272,3164051519,3164057151,0,91839,91839,-1,1,9001,5632,32,32,32,1
16,3,"[4, 1824, 0, 0, 0, 0, 0, 0, 0, 0, 0, 0, 0, 0, 0, 4, 0, 0, 0, 0, 0, 0, 0, 0, 0, 0, 0, 0, 0, 0]",4,128,1824.0,14596.0,3164138710,3164150427,3164148990,3164152670,0,96223,96223,-1,1,11717,3680,32,32,32,1
12,3,"[4, 1824, 0, 0, 0, 0, 0, 0, 0, 0, 0, 0, 0, 0, 0, 4, 1824, 0, 0, 0, 0, 0, 0, 0, 0, 0, 0, 0, 0, 0]",4,128,1824.0,21888.0,3164238538,3164248060,3164248893,3164252445,0,93087,93087,-1,1,9522,3552,32,32,32,1
12,3,"[4, 1824, 0, 0, 0, 0, 0, 0, 0, 0, 0, 0, 0, 0, 0, 4, 1824, 0, 0, 0, 0, 0, 0, 0, 0, 0, 0, 0, 0, 0]",4,128,1824.0,21888.0,3164335847,3164344808,3164345532,3164349180,0,93630,93630,-1,1,8961,3648,32,32,32,1
16,3,"[4, 304, 1824, 1, 1, 0, 0, 0, 0, 0, 0, 0, 0, 0, 0, 4, 0, 0, 0, 0, 0, 0, 0, 0, 0, 0, 0, 0, 0, 0]",1083,128,554496.0,4435972.0,3164432527,3164441868,3164442810,3164462042,0,78623,78623,-1,1,9341,19232,32,32,32,1
12,3,"[4, 304, 1824, 1, 1, 0, 0, 0, 0, 0, 0, 0, 0, 0, 0, 4, 304, 1824, 1, 1, 0, 0, 0, 0, 0, 0, 0, 0, 0, 0]",1083,128,554496.0,6653952.0,3164530720,3164539884,3164540665,3164556665,0,83647,83647,-1,1,9164,16000,32,32,32,1
12,3,"[4, 304, 1824, 1, 1, 0, 0, 0, 0, 0, 0, 0, 0, 0, 0, 4, 304, 1824, 1, 1, 0, 0, 0, 0, 0, 0, 0, 0, 0, 0]",1083,128,554496.0,6653952.0,3164630070,3164639588,3164640312,3164659480,0,76638,76638,-1,1,9518,19168,32,32,32,1
16,3,"[4, 304, 0, 0, 0, 0, 0, 0, 0, 0, 0, 0, 0, 0, 0, 4, 0, 0, 0, 0, 0, 0, 0, 0, 0, 0, 0, 0, 0, 0]",1,128,304.0,2436.0,3164725933,3164735462,3164736118,3164740022,0,92671,92671,-1,1,9529,3904,32,32,32,1
12,3,"[4, 304, 0, 0, 0, 0, 0, 0, 0, 0, 0, 0, 0, 0, 0, 4, 304, 0, 0, 0, 0, 0, 0, 0, 0, 0, 0, 0, 0, 0]",1,128,304.0,3648.0,3164822499,3164832056,3164832693,3164836469,0,96383,96383,-1,1,9557,3776,32,32,32,1
12,3,"[4, 304, 0, 0, 0, 0, 0, 0, 0, 0, 0, 0, 0, 0, 0, 4, 304, 0, 0, 0, 0, 0, 0, 0, 0, 0, 0, 0, 0, 0]",1,128,304.0,3648.0,3164922773,3164932027,3164932852,3164936468,0,92895,92895,-1,1,9254,3616,32,32,32,1
16,3,"[4, 304, 0, 0, 0, 0, 0, 0, 0, 0, 0, 0, 0, 0, 0, 4, 0, 0, 0, 0, 0, 0, 0, 0, 0, 0, 0, 0, 0, 0]",1,128,304.0,2436.0,3165019007,3165028817,3165029363,3165032915,0,91839,91839,-1,1,9810,3552,32,32,32,1
12,3,"[4, 304, 0, 0, 0, 0, 0, 0, 0, 0, 0, 0, 0, 0, 0, 4, 304, 0, 0, 0, 0, 0, 0, 0, 0, 0, 0, 0, 0, 0]",1,128,304.0,3648.0,3165114705,3165124091,3165124754,3165128498,0,92415,92415,-1,1,9386,3744,32,32,32,1
12,3,"[4, 304, 0, 0, 0, 0, 0, 0, 0, 0, 0, 0, 0, 0, 0, 4, 304, 0, 0, 0, 0, 0, 0, 0, 0, 0, 0, 0, 0, 0]",1,128,304.0,3648.0,3165211095,3165222238,3165220913,3165224561,0,96190,96190,-1,1,11143,3648,32,32,32,1
16,3,"[4, 1824, 304, 1, 1, 0, 0, 0, 0, 0, 0, 0, 0, 0, 0, 4, 0, 0, 0, 0, 0, 0, 0, 0, 0, 0, 0, 0, 0, 0]",1083,128,554496.0,4435972.0,3165310456,3165320046,3165320751,3165339375,0,78559,78559,-1,1,9590,18624,32,32,32,1
12,3,"[4, 1824, 304, 1, 1, 0, 0, 0, 0, 0, 0, 0, 0, 0, 0, 4, 1824, 304, 1, 1, 0, 0, 0, 0, 0, 0, 0, 0, 0, 0]",1083,128,554496.0,6653952.0,3165407984,3165417167,3165417934,3165433582,0,82431,82431,-1,1,9183,15648,32,32,32,1
12,3,"[4, 1824, 304, 1, 1, 0, 0, 0, 0, 0, 0, 0, 0, 0, 0, 4, 1824, 304, 1, 1, 0, 0, 0, 0, 0, 0, 0, 0, 0, 0]",1083,128,554496.0,6653952.0,3165506095,3165515302,3165516013,3165534764,0,77088,77088,-1,1,9207,18751,32,32,32,1
16,3,"[4, 1824, 0, 0, 0, 0, 0, 0, 0, 0, 0, 0, 0, 0, 0, 4, 0, 0, 0, 0, 0, 0, 0, 0, 0, 0, 0, 0, 0, 0]",4,128,1824.0,14596.0,3165601808,3165611148,3165611852,3165615788,0,240636,240636,-1,1,9340,3936,32,32,32,1
12,3,"[4, 1824, 0, 0, 0, 0, 0, 0, 0, 0, 0, 0, 0, 0, 0, 4, 1824, 0, 0, 0, 0, 0, 0, 0, 0, 0, 0, 0, 0, 0]",4,128,1824.0,21888.0,3165844155,3165856119,3165856424,3165860425,0,98142,98142,-1,1,11964,4001,32,32,32,1
12,3,"[4, 1824, 0, 0, 0, 0, 0, 0, 0, 0, 0, 0, 0, 0, 0, 4, 1824, 0, 0, 0, 0, 0, 0, 0, 0, 0, 0, 0, 0, 0]",4,128,1824.0,21888.0,3165948160,3165957873,3165958567,3165962279,0,96287,96287,-1,1,9713,3712,32,32,32,1
16,3,"[4, 1824, 0, 0, 0, 0, 0, 0, 0, 0, 0, 0, 0, 0, 0, 4, 0, 0, 0, 0, 0, 0, 0, 0, 0, 0, 0, 0, 0, 0]",4,128,1824.0,14596.0,3166048129,3166058038,3166058566,3166062118,0,91903,91903,-1,1,9909,3552,32,32,32,1
12,3,"[4, 1824, 0, 0, 0, 0, 0, 0, 0, 0, 0, 0, 0, 0, 0, 4, 1824, 0, 0, 0, 0, 0, 0, 0, 0, 0, 0, 0, 0, 0]",4,128,1824.0,21888.0,3166143995,3166153409,3166154021,3166157637,0,91871,91871,-1,1,9414,3616,32,32,32,1
12,3,"[4, 1824, 0, 0, 0, 0, 0, 0, 0, 0, 0, 0, 0, 0, 0, 4, 1824, 0, 0, 0, 0, 0, 0, 0, 0, 0, 0, 0, 0, 0]",4,128,1824.0,21888.0,3166239755,3166248624,3166249508,3166253123,0,94367,94367,-1,1,8869,3615,32,32,32,1
16,3,"[4, 1824, 1, 5, 5, 0, 0, 0, 0, 0, 0, 0, 0, 0, 0, 4, 0, 0, 0, 0, 0, 0, 0, 0, 0, 0, 0, 0, 0, 0]",90,128,45600.0,364804.0,3166337020,3166346988,3166347490,3166352035,0,92478,92478,-1,1,9968,4545,32,32,32,1
12,3,"[4, 1824, 1, 5, 5, 0, 0, 0, 0, 0, 0, 0, 0, 0, 0, 4, 1824, 1, 5, 5, 0, 0, 0, 0, 0, 0, 0, 0, 0, 0]",90,128,45600.0,547200.0,3166434464,3166446062,3166444513,3166449345,0,96479,96479,-1,1,11598,4832,32,32,32,1
12,3,"[4, 1824, 1, 5, 5, 0, 0, 0, 0, 0, 0, 0, 0, 0, 0, 4, 1824, 1, 5, 5, 0, 0, 0, 0, 0, 0, 0, 0, 0, 0]",90,128,45600.0,547200.0,3166535896,3166545149,3166545824,3166550176,0,93375,93375,-1,1,9253,4352,32,32,32,1
16,3,"[4, 1824, 0, 0, 0, 0, 0, 0, 0, 0, 0, 0, 0, 0, 0, 4, 0, 0, 0, 0, 0, 0, 0, 0, 0, 0, 0, 0, 0, 0]",4,128,1824.0,14596.0,3166633324,3166642931,3166643551,3166647167,0,92959,92959,-1,1,9607,3616,32,32,32,1
12,3,"[4, 1824, 0, 0, 0, 0, 0, 0, 0, 0, 0, 0, 0, 0, 0, 4, 1824, 0, 0, 0, 0, 0, 0, 0, 0, 0, 0, 0, 0, 0]",4,128,1824.0,21888.0,3166730175,3166739415,3166740126,3166743869,0,93151,93151,-1,1,9240,3743,32,32,32,1
12,3,"[4, 1824, 0, 0, 0, 0, 0, 0, 0, 0, 0, 0, 0, 0, 0, 4, 1824, 0, 0, 0, 0, 0, 0, 0, 0, 0, 0, 0, 0, 0]",4,128,1824.0,21888.0,3166827267,3166836191,3166837020,3166840700,0,92383,92383,-1,1,8924,3680,32,32,32,1
16,3,"[4, 1824, 0, 0, 0, 0, 0, 0, 0, 0, 0, 0, 0, 0, 0, 4, 0, 0, 0, 0, 0, 0, 0, 0, 0, 0, 0, 0, 0, 0]",4,128,1824.0,14596.0,3166922843,3166932363,3166933083,3166936571,0,92767,92767,-1,1,9520,3488,32,32,32,1
12,3,"[4, 1824, 0, 0, 0, 0, 0, 0, 0, 0, 0, 0, 0, 0, 0, 4, 1824, 0, 0, 0, 0, 0, 0, 0, 0, 0, 0, 0, 0, 0]",4,128,1824.0,21888.0,3167019369,3167028519,3167029338,3167032986,0,95455,95455,-1,1,9150,3648,32,32,32,1
12,3,"[4, 1824, 0, 0, 0, 0, 0, 0, 0, 0, 0, 0, 0, 0, 0, 4, 1824, 0, 0, 0, 0, 0, 0, 0, 0, 0, 0, 0, 0, 0]",4,128,1824.0,21888.0,3167118466,3167127649,3167128441,3167132057,0,94655,94655,-1,1,9183,3616,32,32,32,1
16,3,"[4, 76, 1824, 1, 1, 0, 0, 0, 0, 0, 0, 0, 0, 0, 0, 4, 0, 0, 0, 0, 0, 0, 0, 0, 0, 0, 0, 0, 0, 0]",271,128,138624.0,1108996.0,3167216185,3167226228,3167226712,3167233399,0,91391,91391,-1,1,10043,6687,32,32,32,1
12,3,"[4, 76, 1824, 1, 1, 0, 0, 0, 0, 0, 0, 0, 0, 0, 0, 4, 76, 1824, 1, 1, 0, 0, 0, 0, 0, 0, 0, 0, 0, 0]",271,128,138624.0,1663488.0,3167314639,3167323986,3167324790,3167331350,0,91007,91007,-1,1,9347,6560,32,32,32,1
12,3,"[4, 76, 1824, 1, 1, 0, 0, 0, 0, 0, 0, 0, 0, 0, 0, 4, 76, 1824, 1, 1, 0, 0, 0, 0, 0, 0, 0, 0, 0, 0]",271,128,138624.0,1663488.0,3167412654,3167421565,3167422357,3167428405,0,90303,90303,-1,1,8911,6048,32,32,32,1
16,3,"[4, 76, 0, 0, 0, 0, 0, 0, 0, 0, 0, 0, 0, 0, 0, 4, 0, 0, 0, 0, 0, 0, 0, 0, 0, 0, 0, 0, 0, 0]",1,128,76.0,612.0,3167508633,3167519884,3167518708,3167522100,0,95967,95967,-1,1,11251,3392,32,32,32,1
12,3,"[4, 76, 0, 0, 0, 0, 0, 0, 0, 0, 0, 0, 0, 0, 0, 4, 76, 0, 0, 0, 0, 0, 0, 0, 0, 0, 0, 0, 0, 0]",1,128,76.0,912.0,3167608020,3167617352,3167618067,3167621587,0,101374,101374,-1,1,9332,3520,32,32,32,1
12,3,"[4, 76, 0, 0, 0, 0, 0, 0, 0, 0, 0, 0, 0, 0, 0, 4, 76, 0, 0, 0, 0, 0, 0, 0, 0, 0, 0, 0, 0, 0]",1,128,76.0,912.0,3167712408,3167722036,3167722961,3167726449,0,96543,96543,-1,1,9628,3488,32,32,32,1
16,3,"[4, 1824, 76, 1, 1, 0, 0, 0, 0, 0, 0, 0, 0, 0, 0, 4, 0, 0, 0, 0, 0, 0, 0, 0, 0, 0, 0, 0, 0, 0]",271,128,138624.0,1108996.0,3167812714,3167822367,3167822992,3167829840,0,91583,91583,-1,1,9653,6848,32,32,32,1
12,3,"[4, 1824, 76, 1, 1, 0, 0, 0, 0, 0, 0, 0, 0, 0, 0, 4, 1824, 76, 1, 1, 0, 0, 0, 0, 0, 0, 0, 0, 0, 0]",271,128,138624.0,1663488.0,3167911137,3167920745,3167921423,3167927854,0,90719,90719,-1,1,9608,6431,32,32,32,1
12,3,"[4, 1824, 76, 1, 1, 0, 0, 0, 0, 0, 0, 0, 0, 0, 0, 4, 1824, 76, 1, 1, 0, 0, 0, 0, 0, 0, 0, 0, 0, 0]",271,128,138624.0,1663488.0,3168008685,3168017779,3168018573,3168024365,0,93407,93407,-1,1,9094,5792,32,32,32,1
16,3,"[4, 1824, 0, 0, 0, 0, 0, 0, 0, 0, 0, 0, 0, 0, 0, 4, 0, 0, 0, 0, 0, 0, 0, 0, 0, 0, 0, 0, 0, 0]",4,128,1824.0,14596.0,3168107565,3168117158,3168117772,3168121452,0,95391,95391,-1,1,9593,3680,32,32,32,1
12,3,"[4, 1824, 0, 0, 0, 0, 0, 0, 0, 0, 0, 0, 0, 0, 0, 4, 1824, 0, 0, 0, 0, 0, 0, 0, 0, 0, 0, 0, 0, 0]",4,128,1824.0,21888.0,3168206647,3168215918,3168216843,3168220459,0,94143,94143,-1,1,9271,3616,32,32,32,1
12,3,"[4, 1824, 0, 0, 0, 0, 0, 0, 0, 0, 0, 0, 0, 0, 0, 4, 1824, 0, 0, 0, 0, 0, 0, 0, 0, 0, 0, 0, 0, 0]",4,128,1824.0,21888.0,3168304862,3168313803,3168314602,3168318154,0,94846,94846,-1,1,8941,3552,32,32,32,1
16,3,"[4, 304, 1824, 1, 1, 0, 0, 0, 0, 0, 0, 0, 0, 0, 0, 4, 0, 0, 0, 0, 0, 0, 0, 0, 0, 0, 0, 0, 0, 0]",1083,128,554496.0,4435972.0,3168402742,3168412253,3168413000,3168432009,0,78239,78239,-1,1,9511,19009,32,32,32,1
12,3,"[4, 304, 1824, 1, 1, 0, 0, 0, 0, 0, 0, 0, 0, 0, 0, 4, 304, 1824, 1, 1, 0, 0, 0, 0, 0, 0, 0, 0, 0, 0]",1083,128,554496.0,6653952.0,3168500046,3168509509,3168510248,3168525639,0,83327,83327,-1,1,9463,15391,32,32,32,1
12,3,"[4, 304, 1824, 1, 1, 0, 0, 0, 0, 0, 0, 0, 0, 0, 0, 4, 304, 1824, 1, 1, 0, 0, 0, 0, 0, 0, 0, 0, 0, 0]",1083,128,554496.0,6653952.0,3168598940,3168608159,3168608966,3168627910,0,77631,77631,-1,1,9219,18944,32,32,32,1
16,3,"[4, 304, 0, 0, 0, 0, 0, 0, 0, 0, 0, 0, 0, 0, 0, 4, 0, 0, 0, 0, 0, 0, 0, 0, 0, 0, 0, 0, 0, 0]",1,128,304.0,2436.0,3168695579,3168704941,3168705541,3168709541,0,93087,93087,-1,1,9362,4000,32,32,32,1
12,3,"[4, 304, 0, 0, 0, 0, 0, 0, 0, 0, 0, 0, 0, 0, 0, 4, 304, 0, 0, 0, 0, 0, 0, 0, 0, 0, 0, 0, 0, 0]",1,128,304.0,3648.0,3168792945,3168801904,3168802628,3168806500,0,93151,93151,-1,1,8959,3872,32,32,32,1
12,3,"[4, 304, 0, 0, 0, 0, 0, 0, 0, 0, 0, 0, 0, 0, 0, 4, 304, 0, 0, 0, 0, 0, 0, 0, 0, 0, 0, 0, 0, 0]",1,128,304.0,3648.0,3168889859,3168898876,3168899651,3168903267,0,93598,93598,-1,1,9017,3616,32,32,32,1
16,3,"[4, 304, 0, 0, 0, 0, 0, 0, 0, 0, 0, 0, 0, 0, 0, 4, 0, 0, 0, 0, 0, 0, 0, 0, 0, 0, 0, 0, 0, 0]",1,128,304.0,2436.0,3168986759,3168996185,3168996865,3169000481,0,93983,93983,-1,1,9426,3616,32,32,32,1
12,3,"[4, 304, 0, 0, 0, 0, 0, 0, 0, 0, 0, 0, 0, 0, 0, 4, 304, 0, 0, 0, 0, 0, 0, 0, 0, 0, 0, 0, 0, 0]",1,128,304.0,3648.0,3169084422,3169093469,3169094464,3169098080,0,95647,95647,-1,1,9047,3616,32,32,32,1
12,3,"[4, 304, 0, 0, 0, 0, 0, 0, 0, 0, 0, 0, 0, 0, 0, 4, 304, 0, 0, 0, 0, 0, 0, 0, 0, 0, 0, 0, 0, 0]",1,128,304.0,3648.0,3169183652,3169192866,3169193727,3169197375,0,95103,95103,-1,1,9214,3648,32,32,32,1
16,3,"[4, 1824, 304, 1, 1, 0, 0, 0, 0, 0, 0, 0, 0, 0, 0, 4, 0, 0, 0, 0, 0, 0, 0, 0, 0, 0, 0, 0, 0, 0]",1083,128,554496.0,4435972.0,3169282479,3169291808,3169292478,3169311197,0,78239,78239,-1,1,9329,18719,32,32,32,1
12,3,"[4, 1824, 304, 1, 1, 0, 0, 0, 0, 0, 0, 0, 0, 0, 0, 4, 1824, 304, 1, 1, 0, 0, 0, 0, 0, 0, 0, 0, 0, 0]",1083,128,554496.0,6653952.0,3169379551,3169388670,3169389436,3169405244,0,82943,82943,-1,1,9119,15808,32,32,32,1
12,3,"[4, 1824, 304, 1, 1, 0, 0, 0, 0, 0, 0, 0, 0, 0, 0, 4, 1824, 304, 1, 1, 0, 0, 0, 0, 0, 0, 0, 0, 0, 0]",1083,128,554496.0,6653952.0,3169478230,3169487435,3169488187,3169507483,0,77087,77087,-1,1,9205,19296,32,32,32,1
16,3,"[4, 1824, 0, 0, 0, 0, 0, 0, 0, 0, 0, 0, 0, 0, 0, 4, 0, 0, 0, 0, 0, 0, 0, 0, 0, 0, 0, 0, 0, 0]",4,128,1824.0,14596.0,3169574726,3169584026,3169584570,3169588602,0,93887,93887,-1,1,9300,4032,32,32,32,1
12,3,"[4, 1824, 0, 0, 0, 0, 0, 0, 0, 0, 0, 0, 0, 0, 0, 4, 1824, 0, 0, 0, 0, 0, 0, 0, 0, 0, 0, 0, 0, 0]",4,128,1824.0,21888.0,3169672024,3169681757,3169682489,3169686297,0,93854,93854,-1,1,9733,3808,32,32,32,1
12,3,"[4, 1824, 0, 0, 0, 0, 0, 0, 0, 0, 0, 0, 0, 0, 0, 4, 1824, 0, 0, 0, 0, 0, 0, 0, 0, 0, 0, 0, 0, 0]",4,128,1824.0,21888.0,3169770243,3169779271,3169780151,3169783704,0,238621,238621,-1,1,9028,3553,32,32,32,1
16,3,"[4, 1824, 0, 0, 0, 0, 0, 0, 0, 0, 0, 0, 0, 0, 0, 4, 0, 0, 0, 0, 0, 0, 0, 0, 0, 0, 0, 0, 0, 0]",4,128,1824.0,14596.0,3170009794,3170022158,3170022325,3170025908,0,105215,105215,-1,1,12364,3583,32,32,32,1
12,3,"[4, 1824, 0, 0, 0, 0, 0, 0, 0, 0, 0, 0, 0, 0, 0, 4, 1824, 0, 0, 0, 0, 0, 0, 0, 0, 0, 0, 0, 0, 0]",4,128,1824.0,21888.0,3170120496,3170130607,3170131123,3170134867,0,97471,97471,-1,1,10111,3744,32,32,32,1
12,3,"[4, 1824, 0, 0, 0, 0, 0, 0, 0, 0, 0, 0, 0, 0, 0, 4, 1824, 0, 0, 0, 0, 0, 0, 0, 0, 0, 0, 0, 0, 0]",4,128,1824.0,21888.0,3170222320,3170231565,3170232338,3170235890,0,98623,98623,-1,1,9245,3552,32,32,32,1
16,3,"[4, 1824, 1, 5, 5, 0, 0, 0, 0, 0, 0, 0, 0, 0, 0, 4, 0, 0, 0, 0, 0, 0, 0, 0, 0, 0, 0, 0, 0, 0]",90,128,45600.0,364804.0,3170324049,3170333740,3170334513,3170339345,0,93854,93854,-1,1,9691,4832,32,32,32,1
12,3,"[4, 1824, 1, 5, 5, 0, 0, 0, 0, 0, 0, 0, 0, 0, 0, 4, 1824, 1, 5, 5, 0, 0, 0, 0, 0, 0, 0, 0, 0, 0]",90,128,45600.0,547200.0,3170423007,3170432554,3170433199,3170438223,0,99455,99455,-1,1,9547,5024,32,32,32,1
12,3,"[4, 1824, 1, 5, 5, 0, 0, 0, 0, 0, 0, 0, 0, 0, 0, 4, 1824, 1, 5, 5, 0, 0, 0, 0, 0, 0, 0, 0, 0, 0]",90,128,45600.0,547200.0,3170527468,3170536927,3170537678,3170541902,0,96415,96415,-1,1,9459,4224,32,32,32,1
16,3,"[4, 1824, 0, 0, 0, 0, 0, 0, 0, 0, 0, 0, 0, 0, 0, 4, 0, 0, 0, 0, 0, 0, 0, 0, 0, 0, 0, 0, 0, 0]",4,128,1824.0,14596.0,3170628172,3170637753,3170638317,3170641933,0,94687,94687,-1,1,9581,3616,32,32,32,1
12,3,"[4, 1824, 0, 0, 0, 0, 0, 0, 0, 0, 0, 0, 0, 0, 0, 4, 1824, 0, 0, 0, 0, 0, 0, 0, 0, 0, 0, 0, 0, 0]",4,128,1824.0,21888.0,3170726831,3170735883,3170736620,3170740236,0,96958,96958,-1,1,9052,3616,32,32,32,1
12,3,"[4, 1824, 0, 0, 0, 0, 0, 0, 0, 0, 0, 0, 0, 0, 0, 4, 1824, 0, 0, 0, 0, 0, 0, 0, 0, 0, 0, 0, 0, 0]",4,128,1824.0,21888.0,3170827016,3170836436,3170837194,3170840810,0,98623,98623,-1,1,9420,3616,32,32,32,1
16,3,"[4, 1824, 0, 0, 0, 0, 0, 0, 0, 0, 0, 0, 0, 0, 0, 4, 0, 0, 0, 0, 0, 0, 0, 0, 0, 0, 0, 0, 0, 0]",4,128,1824.0,14596.0,3170929326,3170938921,3170939433,3170942985,0,96863,96863,-1,1,9595,3552,32,32,32,1
12,3,"[4, 1824, 0, 0, 0, 0, 0, 0, 0, 0, 0, 0, 0, 0, 0, 4, 1824, 0, 0, 0, 0, 0, 0, 0, 0, 0, 0, 0, 0, 0]",4,128,1824.0,21888.0,3171029588,3171039222,3171039848,3171043592,0,95487,95487,-1,1,9634,3744,32,32,32,1
12,3,"[4, 1824, 0, 0, 0, 0, 0, 0, 0, 0, 0, 0, 0, 0, 0, 4, 1824, 0, 0, 0, 0, 0, 0, 0, 0, 0, 0, 0, 0, 0]",4,128,1824.0,21888.0,3171129161,3171138242,3171139079,3171142886,0,96767,96767,-1,1,9081,3807,32,32,32,1
16,3,"[4, 76, 1824, 1, 1, 0, 0, 0, 0, 0, 0, 0, 0, 0, 0, 4, 0, 0, 0, 0, 0, 0, 0, 0, 0, 0, 0, 0, 0, 0]",271,128,138624.0,1108996.0,3171229450,3171239010,3171239653,3171246341,0,92863,92863,-1,1,9560,6688,32,32,32,1
12,3,"[4, 76, 1824, 1, 1, 0, 0, 0, 0, 0, 0, 0, 0, 0, 0, 4, 76, 1824, 1, 1, 0, 0, 0, 0, 0, 0, 0, 0, 0, 0]",271,128,138624.0,1663488.0,3171329265,3171338291,3171339204,3171346212,0,91743,91743,-1,1,9026,7008,32,32,32,1
12,3,"[4, 76, 1824, 1, 1, 0, 0, 0, 0, 0, 0, 0, 0, 0, 0, 4, 76, 1824, 1, 1, 0, 0, 0, 0, 0, 0, 0, 0, 0, 0]",271,128,138624.0,1663488.0,3171427990,3171437136,3171437955,3171443715,0,96542,96542,-1,1,9146,5760,32,32,32,1
16,3,"[4, 76, 0, 0, 0, 0, 0, 0, 0, 0, 0, 0, 0, 0, 0, 4, 0, 0, 0, 0, 0, 0, 0, 0, 0, 0, 0, 0, 0, 0]",1,128,76.0,612.0,3171530269,3171539636,3171540257,3171543682,0,103102,103102,-1,1,9367,3425,32,32,32,1
12,3,"[4, 76, 0, 0, 0, 0, 0, 0, 0, 0, 0, 0, 0, 0, 0, 4, 76, 0, 0, 0, 0, 0, 0, 0, 0, 0, 0, 0, 0, 0]",1,128,76.0,912.0,3171636339,3171646043,3171646784,3171650240,0,97119,97119,-1,1,9704,3456,32,32,32,1
12,3,"[4, 76, 0, 0, 0, 0, 0, 0, 0, 0, 0, 0, 0, 0, 0, 4, 76, 0, 0, 0, 0, 0, 0, 0, 0, 0, 0, 0, 0, 0]",1,128,76.0,912.0,3171737298,3171746627,3171747359,3171750879,0,96606,96606,-1,1,9329,3520,32,32,32,1
16,3,"[4, 1824, 76, 1, 1, 0, 0, 0, 0, 0, 0, 0, 0, 0, 0, 4, 0, 0, 0, 0, 0, 0, 0, 0, 0, 0, 0, 0, 0, 0]",271,128,138624.0,1108996.0,3171837384,3171846876,3171847485,3171854430,0,92350,92350,-1,1,9492,6945,32,32,32,1
12,3,"[4, 1824, 76, 1, 1, 0, 0, 0, 0, 0, 0, 0, 0, 0, 0, 4, 1824, 76, 1, 1, 0, 0, 0, 0, 0, 0, 0, 0, 0, 0]",271,128,138624.0,1663488.0,3171936778,3171945955,3171946780,3171953277,0,95806,95806,-1,1,9177,6497,32,32,32,1
12,3,"[4, 1824, 76, 1, 1, 0, 0, 0, 0, 0, 0, 0, 0, 0, 0, 4, 1824, 76, 1, 1, 0, 0, 0, 0, 0, 0, 0, 0, 0, 0]",271,128,138624.0,1663488.0,3172039281,3172048550,3172049083,3172054747,0,91775,91775,-1,1,9269,5664,32,32,32,1
16,3,"[4, 1824, 0, 0, 0, 0, 0, 0, 0, 0, 0, 0, 0, 0, 0, 4, 0, 0, 0, 0, 0, 0, 0, 0, 0, 0, 0, 0, 0, 0]",4,128,1824.0,14596.0,3172136445,3172145766,3172146522,3172150170,0,93023,93023,-1,1,9321,3648,32,32,32,1
12,3,"[4, 1824, 0, 0, 0, 0, 0, 0, 0, 0, 0, 0, 0, 0, 0, 4, 1824, 0, 0, 0, 0, 0, 0, 0, 0, 0, 0, 0, 0, 0]",4,128,1824.0,21888.0,3172233292,3172242487,3172243193,3172246905,0,93343,93343,-1,1,9195,3712,32,32,32,1
12,3,"[4, 1824, 0, 0, 0, 0, 0, 0, 0, 0, 0, 0, 0, 0, 0, 4, 1824, 0, 0, 0, 0, 0, 0, 0, 0, 0, 0, 0, 0, 0]",4,128,1824.0,21888.0,3172330576,3172339503,3172340248,3172343928,0,93663,93663,-1,1,8927,3680,32,32,32,1
16,3,"[4, 304, 1824, 1, 1, 0, 0, 0, 0, 0, 0, 0, 0, 0, 0, 4, 0, 0, 0, 0, 0, 0, 0, 0, 0, 0, 0, 0, 0, 0]",1083,128,554496.0,4435972.0,3172427638,3172437028,3172437591,3172456566,0,78335,78335,-1,1,9390,18975,32,32,32,1
12,3,"[4, 304, 1824, 1, 1, 0, 0, 0, 0, 0, 0, 0, 0, 0, 0, 4, 304, 1824, 1, 1, 0, 0, 0, 0, 0, 0, 0, 0, 0, 0]",1083,128,554496.0,6653952.0,3172524961,3172534093,3172534901,3172550325,0,82975,82975,-1,1,9132,15424,32,32,32,1
12,3,"[4, 304, 1824, 1, 1, 0, 0, 0, 0, 0, 0, 0, 0, 0, 0, 4, 304, 1824, 1, 1, 0, 0, 0, 0, 0, 0, 0, 0, 0, 0]",1083,128,554496.0,6653952.0,3172623237,3172632500,3172633300,3172651988,0,79103,79103,-1,1,9263,18688,32,32,32,1
16,3,"[4, 304, 0, 0, 0, 0, 0, 0, 0, 0, 0, 0, 0, 0, 0, 4, 0, 0, 0, 0, 0, 0, 0, 0, 0, 0, 0, 0, 0, 0]",1,128,304.0,2436.0,3172720726,3172730385,3172731091,3172735058,0,91776,91776,-1,1,9659,3967,32,32,32,1
12,3,"[4, 304, 0, 0, 0, 0, 0, 0, 0, 0, 0, 0, 0, 0, 0, 4, 304, 0, 0, 0, 0, 0, 0, 0, 0, 0, 0, 0, 0, 0]",1,128,304.0,3648.0,3172817111,3172826145,3172826834,3172830673,0,92575,92575,-1,1,9034,3839,32,32,32,1
12,3,"[4, 304, 0, 0, 0, 0, 0, 0, 0, 0, 0, 0, 0, 0, 0, 4, 304, 0, 0, 0, 0, 0, 0, 0, 0, 0, 0, 0, 0, 0]",1,128,304.0,3648.0,3172913463,3172922485,3172923248,3172926928,0,96703,96703,-1,1,9022,3680,32,32,32,1
16,3,"[4, 304, 0, 0, 0, 0, 0, 0, 0, 0, 0, 0, 0, 0, 0, 4, 0, 0, 0, 0, 0, 0, 0, 0, 0, 0, 0, 0, 0, 0]",1,128,304.0,2436.0,3173009397,3173046535,3173023631,3173027311,0,133214,133214,-1,1,37138,3680,32,32,32,1
12,3,"[4, 304, 0, 0, 0, 0, 0, 0, 0, 0, 0, 0, 0, 0, 0, 4, 304, 0, 0, 0, 0, 0, 0, 0, 0, 0, 0, 0, 0, 0]",1,128,304.0,3648.0,3173148870,3173160027,3173160525,3173164205,0,95839,95839,-1,1,11157,3680,32,32,32,1
12,3,"[4, 304, 0, 0, 0, 0, 0, 0, 0, 0, 0, 0, 0, 0, 0, 4, 304, 0, 0, 0, 0, 0, 0, 0, 0, 0, 0, 0, 0, 0]",1,128,304.0,3648.0,3173250123,3173259351,3173260044,3173263628,0,96255,96255,-1,1,9228,3584,32,32,32,1
16,3,"[4, 1824, 304, 1, 1, 0, 0, 0, 0, 0, 0, 0, 0, 0, 0, 4, 0, 0, 0, 0, 0, 0, 0, 0, 0, 0, 0, 0, 0, 0]",1083,128,554496.0,4435972.0,3173349673,3173359397,3173359883,3173378731,0,79647,79647,-1,1,9724,18848,32,32,32,1
12,3,"[4, 1824, 304, 1, 1, 0, 0, 0, 0, 0, 0, 0, 0, 0, 0, 4, 1824, 304, 1, 1, 0, 0, 0, 0, 0, 0, 0, 0, 0, 0]",1083,128,554496.0,6653952.0,3173448198,3173457609,3173458378,3173473577,0,83135,83135,-1,1,9411,15199,32,32,32,1
12,3,"[4, 1824, 304, 1, 1, 0, 0, 0, 0, 0, 0, 0, 0, 0, 0, 4, 1824, 304, 1, 1, 0, 0, 0, 0, 0, 0, 0, 0, 0, 0]",1083,128,554496.0,6653952.0,3173546781,3173555892,3173556712,3173574856,0,83775,83775,-1,1,9111,18144,32,32,32,1
16,3,"[4, 1824, 0, 0, 0, 0, 0, 0, 0, 0, 0, 0, 0, 0, 0, 4, 0, 0, 0, 0, 0, 0, 0, 0, 0, 0, 0, 0, 0, 0]",4,128,1824.0,14596.0,3173648512,3173658032,3173658631,3173662663,0,93631,93631,-1,1,9520,4032,32,32,32,1
12,3,"[4, 1824, 0, 0, 0, 0, 0, 0, 0, 0, 0, 0, 0, 0, 0, 4, 1824, 0, 0, 0, 0, 0, 0, 0, 0, 0, 0, 0, 0, 0]",4,128,1824.0,21888.0,3173746292,3173755487,3173756294,3173760038,0,93151,93151,-1,1,9195,3744,32,32,32,1
12,3,"[4, 1824, 0, 0, 0, 0, 0, 0, 0, 0, 0, 0, 0, 0, 0, 4, 1824, 0, 0, 0, 0, 0, 0, 0, 0, 0, 0, 0, 0, 0]",4,128,1824.0,21888.0,3173843497,3173852432,3173853189,3173856965,0,98494,98494,-1,1,8935,3776,32,32,32,1
16,3,"[4, 1824, 0, 0, 0, 0, 0, 0, 0, 0, 0, 0, 0, 0, 0, 4, 0, 0, 0, 0, 0, 0, 0, 0, 0, 0, 0, 0, 0, 0]",4,128,1824.0,14596.0,3173945553,3173954766,3173955459,3173959076,0,97886,97886,-1,1,9213,3617,32,32,32,1
12,3,"[4, 1824, 0, 0, 0, 0, 0, 0, 0, 0, 0, 0, 0, 0, 0, 4, 1824, 0, 0, 0, 0, 0, 0, 0, 0, 0, 0, 0, 0, 0]",4,128,1824.0,21888.0,3174047010,3174056253,3174056962,3174060834,0,243613,243613,-1,1,9243,3872,32,32,32,1
12,3,"[4, 1824, 0, 0, 0, 0, 0, 0, 0, 0, 0, 0, 0, 0, 0, 4, 1824, 0, 0, 0, 0, 0, 0, 0, 0, 0, 0, 0, 0, 0]",4,128,1824.0,21888.0,3174292156,3174306953,3174304447,3174308031,0,121183,121183,-1,1,14797,3584,32,32,32,1
16,3,"[4, 1824, 1, 5, 5, 0, 0, 0, 0, 0, 0, 0, 0, 0, 0, 4, 0, 0, 0, 0, 0, 0, 0, 0, 0, 0, 0, 0, 0, 0]",90,128,45600.0,364804.0,3174417820,3174428753,3174429214,3174434013,0,98015,98015,-1,1,10933,4799,32,32,32,1
12,3,"[4, 1824, 1, 5, 5, 0, 0, 0, 0, 0, 0, 0, 0, 0, 0, 4, 1824, 1, 5, 5, 0, 0, 0, 0, 0, 0, 0, 0, 0, 0]",90,128,45600.0,547200.0,3174521536,3174531383,3174532028,3174536828,0,94911,94911,-1,1,9847,4800,32,32,32,1
12,3,"[4, 1824, 1, 5, 5, 0, 0, 0, 0, 0, 0, 0, 0, 0, 0, 4, 1824, 1, 5, 5, 0, 0, 0, 0, 0, 0, 0, 0, 0, 0]",90,128,45600.0,547200.0,3174621678,3174630960,3174631739,3174636219,0,93407,93407,-1,1,9282,4480,32,32,32,1
16,3,"[4, 1824, 0, 0, 0, 0, 0, 0, 0, 0, 0, 0, 0, 0, 0, 4, 0, 0, 0, 0, 0, 0, 0, 0, 0, 0, 0, 0, 0, 0]",4,128,1824.0,14596.0,3174719552,3174729035,3174729626,3174733114,0,94078,94078,-1,1,9483,3488,32,32,32,1
12,3,"[4, 1824, 0, 0, 0, 0, 0, 0, 0, 0, 0, 0, 0, 0, 0, 4, 1824, 0, 0, 0, 0, 0, 0, 0, 0, 0, 0, 0, 0, 0]",4,128,1824.0,21888.0,3174817423,3174826399,3174827192,3174830776,0,92959,92959,-1,1,8976,3584,32,32,32,1
12,3,"[4, 1824, 0, 0, 0, 0, 0, 0, 0, 0, 0, 0, 0, 0, 0, 4, 1824, 0, 0, 0, 0, 0, 0, 0, 0, 0, 0, 0, 0, 0]",4,128,1824.0,21888.0,3174913903,3174922920,3174923735,3174927319,0,92703,92703,-1,1,9017,3584,32,32,32,1
16,3,"[4, 1824, 0, 0, 0, 0, 0, 0, 0, 0, 0, 0, 0, 0, 0, 4, 0, 0, 0, 0, 0, 0, 0, 0, 0, 0, 0, 0, 0, 0]",4,128,1824.0,14596.0,3175010045,3175019385,3175020022,3175023606,0,93567,93567,-1,1,9340,3584,32,32,32,1
12,3,"[4, 1824, 0, 0, 0, 0, 0, 0, 0, 0, 0, 0, 0, 0, 0, 4, 1824, 0, 0, 0, 0, 0, 0, 0, 0, 0, 0, 0, 0, 0]",4,128,1824.0,21888.0,3175107221,3175116326,3175117173,3175120821,0,93278,93278,-1,1,9105,3648,32,32,32,1
12,3,"[4, 1824, 0, 0, 0, 0, 0, 0, 0, 0, 0, 0, 0, 0, 0, 4, 1824, 0, 0, 0, 0, 0, 0, 0, 0, 0, 0, 0, 0, 0]",4,128,1824.0,21888.0,3175204446,3175213364,3175214099,3175217652,0,94014,94014,-1,1,8918,3553,32,32,32,1
16,3,"[4, 76, 1824, 1, 1, 0, 0, 0, 0, 0, 0, 0, 0, 0, 0, 4, 0, 0, 0, 0, 0, 0, 0, 0, 0, 0, 0, 0, 0, 0]",271,128,138624.0,1108996.0,3175301438,3175310948,3175311666,3175318258,0,91551,91551,-1,1,9510,6592,32,32,32,1
12,3,"[4, 76, 1824, 1, 1, 0, 0, 0, 0, 0, 0, 0, 0, 0, 0, 4, 76, 1824, 1, 1, 0, 0, 0, 0, 0, 0, 0, 0, 0, 0]",271,128,138624.0,1663488.0,3175399647,3175411348,3175409809,3175416401,0,95199,95199,-1,1,11701,6592,32,32,32,1
12,3,"[4, 76, 1824, 1, 1, 0, 0, 0, 0, 0, 0, 0, 0, 0, 0, 4, 76, 1824, 1, 1, 0, 0, 0, 0, 0, 0, 0, 0, 0, 0]",271,128,138624.0,1663488.0,3175501673,3175510704,3175511600,3175517136,0,92510,92510,-1,1,9031,5536,32,32,32,1
16,3,"[4, 76, 0, 0, 0, 0, 0, 0, 0, 0, 0, 0, 0, 0, 0, 4, 0, 0, 0, 0, 0, 0, 0, 0, 0, 0, 0, 0, 0, 0]",1,128,76.0,612.0,3175599311,3175609052,3175609646,3175613071,0,105054,105054,-1,1,9741,3425,32,32,32,1
12,3,"[4, 76, 0, 0, 0, 0, 0, 0, 0, 0, 0, 0, 0, 0, 0, 4, 76, 0, 0, 0, 0, 0, 0, 0, 0, 0, 0, 0, 0, 0]",1,128,76.0,912.0,3175708006,3175717593,3175718125,3175721613,0,96287,96287,-1,1,9587,3488,32,32,32,1
12,3,"[4, 76, 0, 0, 0, 0, 0, 0, 0, 0, 0, 0, 0, 0, 0, 4, 76, 0, 0, 0, 0, 0, 0, 0, 0, 0, 0, 0, 0, 0]",1,128,76.0,912.0,3175807886,3175817137,3175817900,3175821356,0,98047,98047,-1,1,9251,3456,32,32,32,1
16,3,"[4, 1824, 76, 1, 1, 0, 0, 0, 0, 0, 0, 0, 0, 0, 0, 4, 0, 0, 0, 0, 0, 0, 0, 0, 0, 0, 0, 0, 0, 0]",271,128,138624.0,1108996.0,3175909118,3175918991,3175919403,3175926347,0,91423,91423,-1,1,9873,6944,32,32,32,1
12,3,"[4, 1824, 76, 1, 1, 0, 0, 0, 0, 0, 0, 0, 0, 0, 0, 4, 1824, 76, 1, 1, 0, 0, 0, 0, 0, 0, 0, 0, 0, 0]",271,128,138624.0,1663488.0,3176007865,3176017124,3176017770,3176024458,0,91102,91102,-1,1,9259,6688,32,32,32,1
12,3,"[4, 1824, 76, 1, 1, 0, 0, 0, 0, 0, 0, 0, 0, 0, 0, 4, 1824, 76, 1, 1, 0, 0, 0, 0, 0, 0, 0, 0, 0, 0]",271,128,138624.0,1663488.0,3176105629,3176114714,3176115560,3176121576,0,91327,91327,-1,1,9085,6016,32,32,32,1
16,3,"[4, 1824, 0, 0, 0, 0, 0, 0, 0, 0, 0, 0, 0, 0, 0, 4, 0, 0, 0, 0, 0, 0, 0, 0, 0, 0, 0, 0, 0, 0]",4,128,1824.0,14596.0,3176202845,3176212341,3176212903,3176216519,0,94143,94143,-1,1,9496,3616,32,32,32,1
12,3,"[4, 1824, 0, 0, 0, 0, 0, 0, 0, 0, 0, 0, 0, 0, 0, 4, 1824, 0, 0, 0, 0, 0, 0, 0, 0, 0, 0, 0, 0, 0]",4,128,1824.0,21888.0,3176300698,3176309928,3176310662,3176314534,0,95071,95071,-1,1,9230,3872,32,32,32,1
12,3,"[4, 1824, 0, 0, 0, 0, 0, 0, 0, 0, 0, 0, 0, 0, 0, 4, 1824, 0, 0, 0, 0, 0, 0, 0, 0, 0, 0, 0, 0, 0]",4,128,1824.0,21888.0,3176399663,3176408831,3176409605,3176413285,0,96798,96798,-1,1,9168,3680,32,32,32,1
16,3,"[4, 304, 1824, 1, 1, 0, 0, 0, 0, 0, 0, 0, 0, 0, 0, 4, 0, 0, 0, 0, 0, 0, 0, 0, 0, 0, 0, 0, 0, 0]",1083,128,554496.0,4435972.0,3176499979,3176511475,3176510083,3176528931,0,82623,82623,-1,1,11496,18848,32,32,32,1
12,3,"[4, 304, 1824, 1, 1, 0, 0, 0, 0, 0, 0, 0, 0, 0, 0, 4, 304, 1824, 1, 1, 0, 0, 0, 0, 0, 0, 0, 0, 0, 0]",1083,128,554496.0,6653952.0,3176601583,3176610834,3176611554,3176627074,0,83807,83807,-1,1,9251,15520,32,32,32,1
12,3,"[4, 304, 1824, 1, 1, 0, 0, 0, 0, 0, 0, 0, 0, 0, 0, 4, 304, 1824, 1, 1, 0, 0, 0, 0, 0, 0, 0, 0, 0, 0]",1083,128,554496.0,6653952.0,3176700655,3176710158,3176710881,3176729345,0,80095,80095,-1,1,9503,18464,32,32,32,1
16,3,"[4, 304, 0, 0, 0, 0, 0, 0, 0, 0, 0, 0, 0, 0, 0, 4, 0, 0, 0, 0, 0, 0, 0, 0, 0, 0, 0, 0, 0, 0]",1,128,304.0,2436.0,3176799533,3176808833,3176809440,3176813472,0,93630,93630,-1,1,9300,4032,32,32,32,1
12,3,"[4, 304, 0, 0, 0, 0, 0, 0, 0, 0, 0, 0, 0, 0, 0, 4, 304, 0, 0, 0, 0, 0, 0, 0, 0, 0, 0, 0, 0, 0]",1,128,304.0,3648.0,3176897002,3176906265,3176907102,3176910974,0,93151,93151,-1,1,9263,3872,32,32,32,1
12,3,"[4, 304, 0, 0, 0, 0, 0, 0, 0, 0, 0, 0, 0, 0, 0, 4, 304, 0, 0, 0, 0, 0, 0, 0, 0, 0, 0, 0, 0, 0]",1,128,304.0,3648.0,3176994038,3177003160,3177004125,3177007837,0,91647,91647,-1,1,9122,3712,32,32,32,1
16,3,"[4, 304, 0, 0, 0, 0, 0, 0, 0, 0, 0, 0, 0, 0, 0, 4, 0, 0, 0, 0, 0, 0, 0, 0, 0, 0, 0, 0, 0, 0]",1,128,304.0,2436.0,3177089625,3177098838,3177099484,3177103036,0,92255,92255,-1,1,9213,3552,32,32,32,1
12,3,"[4, 304, 0, 0, 0, 0, 0, 0, 0, 0, 0, 0, 0, 0, 0, 4, 304, 0, 0, 0, 0, 0, 0, 0, 0, 0, 0, 0, 0, 0]",1,128,304.0,3648.0,3177185136,3177194585,3177195291,3177198875,0,92991,92991,-1,1,9449,3584,32,32,32,1
12,3,"[4, 304, 0, 0, 0, 0, 0, 0, 0, 0, 0, 0, 0, 0, 0, 4, 304, 0, 0, 0, 0, 0, 0, 0, 0, 0, 0, 0, 0, 0]",1,128,304.0,3648.0,3177282010,3177291024,3177291866,3177295481,0,94400,94400,-1,1,9014,3615,32,32,32,1
16,3,"[4, 1824, 304, 1, 1, 0, 0, 0, 0, 0, 0, 0, 0, 0, 0, 4, 0, 0, 0, 0, 0, 0, 0, 0, 0, 0, 0, 0, 0, 0]",1083,128,554496.0,4435972.0,3177379647,3177389256,3177389881,3177408792,0,77791,77791,-1,1,9609,18911,32,32,32,1
12,3,"[4, 1824, 304, 1, 1, 0, 0, 0, 0, 0, 0, 0, 0, 0, 0, 4, 1824, 304, 1, 1, 0, 0, 0, 0, 0, 0, 0, 0, 0, 0]",1083,128,554496.0,6653952.0,3177476824,3177485846,3177486583,3177502583,0,84127,84127,-1,1,9022,16000,32,32,32,1
12,3,"[4, 1824, 304, 1, 1, 0, 0, 0, 0, 0, 0, 0, 0, 0, 0, 4, 1824, 304, 1, 1, 0, 0, 0, 0, 0, 0, 0, 0, 0, 0]",1083,128,554496.0,6653952.0,3177576787,3177588084,3177586710,3177605494,0,80607,80607,-1,1,11297,18784,32,32,32,1
16,3,"[4, 1824, 0, 0, 0, 0, 0, 0, 0, 0, 0, 0, 0, 0, 0, 4, 0, 0, 0, 0, 0, 0, 0, 0, 0, 0, 0, 0, 0, 0]",4,128,1824.0,14596.0,3177675810,3177685427,3177686101,3177689941,0,93311,93311,-1,1,9617,3840,32,32,32,1
12,3,"[4, 1824, 0, 0, 0, 0, 0, 0, 0, 0, 0, 0, 0, 0, 0, 4, 1824, 0, 0, 0, 0, 0, 0, 0, 0, 0, 0, 0, 0, 0]",4,128,1824.0,21888.0,3177773260,3177782602,3177783252,3177787028,0,92670,92670,-1,1,9342,3776,32,32,32,1
12,3,"[4, 1824, 0, 0, 0, 0, 0, 0, 0, 0, 0, 0, 0, 0, 0, 4, 1824, 0, 0, 0, 0, 0, 0, 0, 0, 0, 0, 0, 0, 0]",4,128,1824.0,21888.0,3177870037,3177879177,3177879698,3177883314,0,92959,92959,-1,1,9140,3616,32,32,32,1
16,3,"[4, 1824, 0, 0, 0, 0, 0, 0, 0, 0, 0, 0, 0, 0, 0, 4, 0, 0, 0, 0, 0, 0, 0, 0, 0, 0, 0, 0, 0, 0]",4,128,1824.0,14596.0,3177966332,3177975667,3177976273,3177979761,0,95071,95071,-1,1,9335,3488,32,32,32,1
12,3,"[4, 1824, 0, 0, 0, 0, 0, 0, 0, 0, 0, 0, 0, 0, 0, 4, 1824, 0, 0, 0, 0, 0, 0, 0, 0, 0, 0, 0, 0, 0]",4,128,1824.0,21888.0,3178064865,3178074162,3178074832,3178078448,0,93311,93311,-1,1,9297,3616,32,32,32,1
12,3,"[4, 1824, 0, 0, 0, 0, 0, 0, 0, 0, 0, 0, 0, 0, 0, 4, 1824, 0, 0, 0, 0, 0, 0, 0, 0, 0, 0, 0, 0, 0]",4,128,1824.0,21888.0,3178161821,3178170953,3178171759,3178175279,0,94846,94846,-1,1,9132,3520,32,32,32,1
16,3,"[4, 1824, 1, 3, 3, 0, 0, 0, 0, 0, 0, 0, 0, 0, 0, 4, 0, 0, 0, 0, 0, 0, 0, 0, 0, 0, 0, 0, 0, 0]",33,128,16416.0,131332.0,3178259951,3178269457,3178270125,3178274029,0,235070,235070,-1,1,9506,3904,32,32,32,1
12,3,"[4, 1824, 1, 3, 3, 0, 0, 0, 0, 0, 0, 0, 0, 0, 0, 4, 1824, 1, 3, 3, 0, 0, 0, 0, 0, 0, 0, 0, 0, 0]",33,128,16416.0,196992.0,3178496959,3178508675,3178509099,3178513066,0,104479,104479,-1,1,11716,3967,32,32,32,1
12,3,"[4, 1824, 1, 3, 3, 0, 0, 0, 0, 0, 0, 0, 0, 0, 0, 4, 1824, 1, 3, 3, 0, 0, 0, 0, 0, 0, 0, 0, 0, 0]",33,128,16416.0,196992.0,3178606803,3178616783,3178617545,3178621545,0,97375,97375,-1,1,9980,4000,32,32,32,1
16,3,"[4, 1824, 0, 0, 0, 0, 0, 0, 0, 0, 0, 0, 0, 0, 0, 4, 0, 0, 0, 0, 0, 0, 0, 0, 0, 0, 0, 0, 0, 0]",4,128,1824.0,14596.0,3178708494,3178718463,3178718920,3178722472,0,93279,93279,-1,1,9969,3552,32,32,32,1
12,3,"[4, 1824, 0, 0, 0, 0, 0, 0, 0, 0, 0, 0, 0, 0, 0, 4, 1824, 0, 0, 0, 0, 0, 0, 0, 0, 0, 0, 0, 0, 0]",4,128,1824.0,21888.0,3178805480,3178817558,3178815751,3178819366,0,96415,96415,-1,1,12078,3615,32,32,32,1
12,3,"[4, 1824, 0, 0, 0, 0, 0, 0, 0, 0, 0, 0, 0, 0, 0, 4, 1824, 0, 0, 0, 0, 0, 0, 0, 0, 0, 0, 0, 0, 0]",4,128,1824.0,21888.0,3178905503,3178914826,3178915781,3178919333,0,94239,94239,-1,1,9323,3552,32,32,32,1
16,3,"[4, 1824, 0, 0, 0, 0, 0, 0, 0, 0, 0, 0, 0, 0, 0, 4, 0, 0, 0, 0, 0, 0, 0, 0, 0, 0, 0, 0, 0, 0]",4,128,1824.0,14596.0,3179003687,3179012970,3179013572,3179017220,0,92127,92127,-1,1,9283,3648,32,32,32,1
12,3,"[4, 1824, 0, 0, 0, 0, 0, 0, 0, 0, 0, 0, 0, 0, 0, 4, 1824, 0, 0, 0, 0, 0, 0, 0, 0, 0, 0, 0, 0, 0]",4,128,1824.0,21888.0,3179099465,3179108629,3179109347,3179113027,0,93023,93023,-1,1,9164,3680,32,32,32,1
12,3,"[4, 1824, 0, 0, 0, 0, 0, 0, 0, 0, 0, 0, 0, 0, 0, 4, 1824, 0, 0, 0, 0, 0, 0, 0, 0, 0, 0, 0, 0, 0]",4,128,1824.0,21888.0,3179195727,3179205219,3179206050,3179209666,0,93759,93759,-1,1,9492,3616,32,32,32,1
16,3,"[4, 76, 1824, 1, 1, 0, 0, 0, 0, 0, 0, 0, 0, 0, 0, 4, 0, 0, 0, 0, 0, 0, 0, 0, 0, 0, 0, 0, 0, 0]",271,128,138624.0,1108996.0,3179292992,3179302887,3179303425,3179310272,0,90431,90431,-1,1,9895,6847,32,32,32,1
12,3,"[4, 76, 1824, 1, 1, 0, 0, 0, 0, 0, 0, 0, 0, 0, 0, 4, 76, 1824, 1, 1, 0, 0, 0, 0, 0, 0, 0, 0, 0, 0]",271,128,138624.0,1663488.0,3179390661,3179399940,3179400703,3179407135,0,92575,92575,-1,1,9279,6432,32,32,32,1
12,3,"[4, 76, 1824, 1, 1, 0, 0, 0, 0, 0, 0, 0, 0, 0, 0, 4, 76, 1824, 1, 1, 0, 0, 0, 0, 0, 0, 0, 0, 0, 0]",271,128,138624.0,1663488.0,3179489847,3179498972,3179499710,3179505726,0,93055,93055,-1,1,9125,6016,32,32,32,1
16,3,"[4, 76, 0, 0, 0, 0, 0, 0, 0, 0, 0, 0, 0, 0, 0, 4, 0, 0, 0, 0, 0, 0, 0, 0, 0, 0, 0, 0, 0, 0]",1,128,76.0,612.0,3179588422,3179598182,3179598781,3179602205,0,102078,102078,-1,1,9760,3424,32,32,32,1
12,3,"[4, 76, 0, 0, 0, 0, 0, 0, 0, 0, 0, 0, 0, 0, 0, 4, 76, 0, 0, 0, 0, 0, 0, 0, 0, 0, 0, 0, 0, 0]",1,128,76.0,912.0,3179693945,3179703707,3179704283,3179707771,0,95199,95199,-1,1,9762,3488,32,32,32,1
12,3,"[4, 76, 0, 0, 0, 0, 0, 0, 0, 0, 0, 0, 0, 0, 0, 4, 76, 0, 0, 0, 0, 0, 0, 0, 0, 0, 0, 0, 0, 0]",1,128,76.0,912.0,3179793043,3179802204,3179802970,3179806426,0,96927,96927,-1,1,9161,3456,32,32,32,1
16,3,"[4, 1824, 76, 1, 1, 0, 0, 0, 0, 0, 0, 0, 0, 0, 0, 4, 0, 0, 0, 0, 0, 0, 0, 0, 0, 0, 0, 0, 0, 0]",271,128,138624.0,1108996.0,3179892966,3179902790,3179903353,3179910201,0,92223,92223,-1,1,9824,6848,32,32,32,1
12,3,"[4, 1824, 76, 1, 1, 0, 0, 0, 0, 0, 0, 0, 0, 0, 0, 4, 1824, 76, 1, 1, 0, 0, 0, 0, 0, 0, 0, 0, 0, 0]",271,128,138624.0,1663488.0,3179992265,3180001708,3180002424,3180008856,0,91358,91358,-1,1,9443,6432,32,32,32,1
12,3,"[4, 1824, 76, 1, 1, 0, 0, 0, 0, 0, 0, 0, 0, 0, 0, 4, 1824, 76, 1, 1, 0, 0, 0, 0, 0, 0, 0, 0, 0, 0]",271,128,138624.0,1663488.0,3180090366,3180099489,3180100214,3180105655,0,92606,92606,-1,1,9123,5441,32,32,32,1
16,3,"[4, 1824, 0, 0, 0, 0, 0, 0, 0, 0, 0, 0, 0, 0, 0, 4, 0, 0, 0, 0, 0, 0, 0, 0, 0, 0, 0, 0, 0, 0]",4,128,1824.0,14596.0,3180188266,3180197595,3180198261,3180201877,0,94911,94911,-1,1,9329,3616,32,32,32,1
12,3,"[4, 1824, 0, 0, 0, 0, 0, 0, 0, 0, 0, 0, 0, 0, 0, 4, 1824, 0, 0, 0, 0, 0, 0, 0, 0, 0, 0, 0, 0, 0]",4,128,1824.0,21888.0,3180286516,3180296257,3180296788,3180300468,0,94143,94143,-1,1,9741,3680,32,32,32,1
12,3,"[4, 1824, 0, 0, 0, 0, 0, 0, 0, 0, 0, 0, 0, 0, 0, 4, 1824, 0, 0, 0, 0, 0, 0, 0, 0, 0, 0, 0, 0, 0]",4,128,1824.0,21888.0,3180384694,3180393833,3180394611,3180398195,0,93951,93951,-1,1,9139,3584,32,32,32,1
16,3,"[4, 512, 1824, 1, 1, 0, 0, 0, 0, 0, 0, 0, 0, 0, 0, 4, 0, 0, 0, 0, 0, 0, 0, 0, 0, 0, 0, 0, 0, 0]",1824,128,933888.0,7471108.0,3180482225,3180491502,3180492146,3180522770,0,67966,67966,-1,1,9277,30624,32,32,32,1
12,3,"[4, 512, 1824, 1, 1, 0, 0, 0, 0, 0, 0, 0, 0, 0, 0, 4, 512, 1824, 1, 1, 0, 0, 0, 0, 0, 0, 0, 0, 0, 0]",1824,128,933888.0,11206656.0,3180580507,3180590104,3180590736,3180637200,0,52351,52351,-1,1,9597,46464,32,32,32,1
12,3,"[4, 512, 1824, 1, 1, 0, 0, 0, 0, 0, 0, 0, 0, 0, 0, 4, 512, 1824, 1, 1, 0, 0, 0, 0, 0, 0, 0, 0, 0, 0]",1824,128,933888.0,11206656.0,3180679678,3180688790,3180689551,3180737071,0,49855,49855,-1,1,9112,47520,32,32,32,1
16,3,"[4, 512, 0, 0, 0, 0, 0, 0, 0, 0, 0, 0, 0, 0, 0, 4, 0, 0, 0, 0, 0, 0, 0, 0, 0, 0, 0, 0, 0, 0]",1,128,512.0,4100.0,3180776880,3180786266,3180786926,3180790798,0,92447,92447,-1,1,9386,3872,32,32,32,1
12,3,"[4, 512, 0, 0, 0, 0, 0, 0, 0, 0, 0, 0, 0, 0, 0, 4, 512, 0, 0, 0, 0, 0, 0, 0, 0, 0, 0, 0, 0, 0]",1,128,512.0,6144.0,3180873415,3180882511,3180883245,3180887149,0,96255,96255,-1,1,9096,3904,32,32,32,1
12,3,"[4, 512, 0, 0, 0, 0, 0, 0, 0, 0, 0, 0, 0, 0, 0, 4, 512, 0, 0, 0, 0, 0, 0, 0, 0, 0, 0, 0, 0, 0]",1,128,512.0,6144.0,3180973023,3180982563,3180983404,3180987052,0,94142,94142,-1,1,9540,3648,32,32,32,1
16,3,"[4, 512, 0, 0, 0, 0, 0, 0, 0, 0, 0, 0, 0, 0, 0, 4, 0, 0, 0, 0, 0, 0, 0, 0, 0, 0, 0, 0, 0, 0]",1,128,512.0,4100.0,3181071071,3181080583,3181081194,3181084682,0,92447,92447,-1,1,9512,3488,32,32,32,1
12,3,"[4, 512, 0, 0, 0, 0, 0, 0, 0, 0, 0, 0, 0, 0, 0, 4, 512, 0, 0, 0, 0, 0, 0, 0, 0, 0, 0, 0, 0, 0]",1,128,512.0,6144.0,3181167191,3181176381,3181177129,3181180649,0,93503,93503,-1,1,9190,3520,32,32,32,1
12,3,"[4, 512, 0, 0, 0, 0, 0, 0, 0, 0, 0, 0, 0, 0, 0, 4, 512, 0, 0, 0, 0, 0, 0, 0, 0, 0, 0, 0, 0, 0]",1,128,512.0,6144.0,3181264132,3181273342,3181274152,3181277640,0,94239,94239,-1,1,9210,3488,32,32,32,1
16,3,"[4, 3072, 512, 1, 1, 0, 0, 0, 0, 0, 0, 0, 0, 0, 0, 4, 0, 0, 0, 0, 0, 0, 0, 0, 0, 0, 0, 0, 0, 0]",3072,128,1572864.0,12582916.0,3181361720,3181371180,3181371879,3181422918,0,47103,47103,-1,1,9460,51039,32,32,32,1
12,3,"[4, 3072, 512, 1, 1, 0, 0, 0, 0, 0, 0, 0, 0, 0, 0, 4, 3072, 512, 1, 1, 0, 0, 0, 0, 0, 0, 0, 0, 0, 0]",3072,128,1572864.0,18874368.0,3181460079,3181469351,3181470021,3181548997,0,19487,19487,-1,1,9272,78976,32,32,32,1
12,3,"[4, 3072, 512, 1, 1, 0, 0, 0, 0, 0, 0, 0, 0, 0, 0, 4, 3072, 512, 1, 1, 0, 0, 0, 0, 0, 0, 0, 0, 0, 0]",3072,128,1572864.0,18874368.0,3181558487,3181567768,3181568484,3181648067,0,16192,16192,-1,1,9281,79583,32,32,32,1
16,3,"[4, 3072, 0, 0, 0, 0, 0, 0, 0, 0, 0, 0, 0, 0, 0, 4, 0, 0, 0, 0, 0, 0, 0, 0, 0, 0, 0, 0, 0, 0]",6,128,3072.0,24580.0,3181654324,3181663620,3181664259,3181668195,0,92223,92223,-1,1,9296,3936,32,32,32,1
12,3,"[4, 3072, 0, 0, 0, 0, 0, 0, 0, 0, 0, 0, 0, 0, 0, 4, 3072, 0, 0, 0, 0, 0, 0, 0, 0, 0, 0, 0, 0, 0]",6,128,3072.0,36864.0,3181750586,3181759616,3181760418,3181764450,0,92927,92927,-1,1,9030,4032,32,32,32,1
12,3,"[4, 3072, 0, 0, 0, 0, 0, 0, 0, 0, 0, 0, 0, 0, 0, 4, 3072, 0, 0, 0, 0, 0, 0, 0, 0, 0, 0, 0, 0, 0]",6,128,3072.0,36864.0,3181847506,3181856671,3181857377,3181861153,0,92671,92671,-1,1,9165,3776,32,32,32,1
16,3,"[4, 3072, 0, 0, 0, 0, 0, 0, 0, 0, 0, 0, 0, 0, 0, 4, 0, 0, 0, 0, 0, 0, 0, 0, 0, 0, 0, 0, 0, 0]",6,128,3072.0,24580.0,3181943809,3181953268,3181953824,3181957439,0,94623,94623,-1,1,9459,3615,32,32,32,1
12,3,"[4, 3072, 0, 0, 0, 0, 0, 0, 0, 0, 0, 0, 0, 0, 0, 4, 3072, 0, 0, 0, 0, 0, 0, 0, 0, 0, 0, 0, 0, 0]",6,128,3072.0,36864.0,3182042188,3182051283,3182052062,3182055774,0,92863,92863,-1,1,9095,3712,32,32,32,1
12,3,"[4, 3072, 0, 0, 0, 0, 0, 0, 0, 0, 0, 0, 0, 0, 0, 4, 3072, 0, 0, 0, 0, 0, 0, 0, 0, 0, 0, 0, 0, 0]",6,128,3072.0,36864.0,3182138778,3182147776,3182148637,3182152285,0,95423,95423,-1,1,8998,3648,32,32,32,1
16,3,"[4, 3072, 1, 3, 3, 0, 0, 0, 0, 0, 0, 0, 0, 0, 0, 4, 0, 0, 0, 0, 0, 0, 0, 0, 0, 0, 0, 0, 0, 0]",54,128,27648.0,221188.0,3182237600,3182247104,3182247708,3182251964,0,96094,96094,-1,1,9504,4256,32,32,32,1
12,3,"[4, 3072, 1, 3, 3, 0, 0, 0, 0, 0, 0, 0, 0, 0, 0, 4, 3072, 1, 3, 3, 0, 0, 0, 0, 0, 0, 0, 0, 0, 0]",54,128,27648.0,331776.0,3182337992,3182347278,3182348058,3182352346,0,93695,93695,-1,1,9286,4288,32,32,32,1
12,3,"[4, 3072, 1, 3, 3, 0, 0, 0, 0, 0, 0, 0, 0, 0, 0, 4, 3072, 1, 3, 3, 0, 0, 0, 0, 0, 0, 0, 0, 0, 0]",54,128,27648.0,331776.0,3182436134,3182445228,3182446041,3182449945,0,93887,93887,-1,1,9094,3904,32,32,32,1
16,3,"[4, 3072, 0, 0, 0, 0, 0, 0, 0, 0, 0, 0, 0, 0, 0, 4, 0, 0, 0, 0, 0, 0, 0, 0, 0, 0, 0, 0, 0, 0]",6,128,3072.0,24580.0,3182534000,3182543190,3182543832,3182547384,0,242909,242909,-1,1,9190,3552,32,32,32,1
12,3,"[4, 3072, 0, 0, 0, 0, 0, 0, 0, 0, 0, 0, 0, 0, 0, 4, 3072, 0, 0, 0, 0, 0, 0, 0, 0, 0, 0, 0, 0, 0]",6,128,3072.0,36864.0,3182777697,3182789975,3182790293,3182793973,0,99871,99871,-1,1,12278,3680,32,32,32,1
12,3,"[4, 3072, 0, 0, 0, 0, 0, 0, 0, 0, 0, 0, 0, 0, 0, 4, 3072, 0, 0, 0, 0, 0, 0, 0, 0, 0, 0, 0, 0, 0]",6,128,3072.0,36864.0,3182883274,3182893123,3182893844,3182897492,0,96031,96031,-1,1,9849,3648,32,32,32,1
16,3,"[4, 3072, 0, 0, 0, 0, 0, 0, 0, 0, 0, 0, 0, 0, 0, 4, 0, 0, 0, 0, 0, 0, 0, 0, 0, 0, 0, 0, 0, 0]",6,128,3072.0,24580.0,3182983140,3182992745,3182993523,3182996978,0,93215,93215,-1,1,9605,3455,32,32,32,1
12,3,"[4, 3072, 0, 0, 0, 0, 0, 0, 0, 0, 0, 0, 0, 0, 0, 4, 3072, 0, 0, 0, 0, 0, 0, 0, 0, 0, 0, 0, 0, 0]",6,128,3072.0,36864.0,3183080246,3183089383,3183090193,3183093873,0,95135,95135,-1,1,9137,3680,32,32,32,1
12,3,"[4, 3072, 0, 0, 0, 0, 0, 0, 0, 0, 0, 0, 0, 0, 0, 4, 3072, 0, 0, 0, 0, 0, 0, 0, 0, 0, 0, 0, 0, 0]",6,128,3072.0,36864.0,3183179107,3183188277,3183189008,3183192720,0,100095,100095,-1,1,9170,3712,32,32,32,1
16,3,"[4, 128, 3072, 1, 1, 0, 0, 0, 0, 0, 0, 0, 0, 0, 0, 4, 0, 0, 0, 0, 0, 0, 0, 0, 0, 0, 0, 0, 0, 0]",768,128,393216.0,3145732.0,3183282336,3183292435,3183292815,3183306158,0,84896,84896,-1,1,10099,13343,32,32,32,1
12,3,"[4, 128, 3072, 1, 1, 0, 0, 0, 0, 0, 0, 0, 0, 0, 0, 4, 128, 3072, 1, 1, 0, 0, 0, 0, 0, 0, 0, 0, 0, 0]",768,128,393216.0,4718592.0,3183380913,3183390366,3183391054,3183401165,0,88511,88511,-1,1,9453,10111,32,32,32,1
12,3,"[4, 128, 3072, 1, 1, 0, 0, 0, 0, 0, 0, 0, 0, 0, 0, 4, 128, 3072, 1, 1, 0, 0, 0, 0, 0, 0, 0, 0, 0, 0]",768,128,393216.0,4718592.0,3183479693,3183488722,3183489676,3183502892,0,83359,83359,-1,1,9029,13216,32,32,32,1
16,3,"[4, 128, 0, 0, 0, 0, 0, 0, 0, 0, 0, 0, 0, 0, 0, 4, 0, 0, 0, 0, 0, 0, 0, 0, 0, 0, 0, 0, 0, 0]",1,128,128.0,1028.0,3183576054,3183585826,3183586251,3183590059,0,100351,100351,-1,1,9772,3808,32,32,32,1
12,3,"[4, 128, 0, 0, 0, 0, 0, 0, 0, 0, 0, 0, 0, 0, 0, 4, 128, 0, 0, 0, 0, 0, 0, 0, 0, 0, 0, 0, 0, 0]",1,128,128.0,1536.0,3183679503,3183689456,3183690410,3183693930,0,94398,94398,-1,1,9953,3520,32,32,32,1
12,3,"[4, 128, 0, 0, 0, 0, 0, 0, 0, 0, 0, 0, 0, 0, 0, 4, 128, 0, 0, 0, 0, 0, 0, 0, 0, 0, 0, 0, 0, 0]",1,128,128.0,1536.0,3183777885,3183786996,3183788328,3183791785,0,94878,94878,-1,1,9111,3457,32,32,32,1
16,3,"[4, 3072, 128, 1, 1, 0, 0, 0, 0, 0, 0, 0, 0, 0, 0, 4, 0, 0, 0, 0, 0, 0, 0, 0, 0, 0, 0, 0, 0, 0]",768,128,393216.0,3145732.0,3183876007,3183885376,3183886663,3183900903,0,82719,82719,-1,1,9369,14240,32,32,32,1
12,3,"[4, 3072, 128, 1, 1, 0, 0, 0, 0, 0, 0, 0, 0, 0, 0, 4, 3072, 128, 1, 1, 0, 0, 0, 0, 0, 0, 0, 0, 0, 0]",768,128,393216.0,4718592.0,3183973185,3183982456,3183983622,3183993958,0,86911,86911,-1,1,9271,10336,32,32,32,1
12,3,"[4, 3072, 128, 1, 1, 0, 0, 0, 0, 0, 0, 0, 0, 0, 0, 4, 3072, 128, 1, 1, 0, 0, 0, 0, 0, 0, 0, 0, 0, 0]",768,128,393216.0,4718592.0,3184070943,3184079996,3184080869,3184094181,0,84575,84575,-1,1,9053,13312,32,32,32,1
16,3,"[4, 3072, 0, 0, 0, 0, 0, 0, 0, 0, 0, 0, 0, 0, 0, 4, 0, 0, 0, 0, 0, 0, 0, 0, 0, 0, 0, 0, 0, 0]",6,128,3072.0,24580.0,3184168342,3184177694,3184178756,3184182724,0,91326,91326,-1,1,9352,3968,32,32,32,1
12,3,"[4, 3072, 0, 0, 0, 0, 0, 0, 0, 0, 0, 0, 0, 0, 0, 4, 3072, 0, 0, 0, 0, 0, 0, 0, 0, 0, 0, 0, 0, 0]",6,128,3072.0,36864.0,3184264297,3184275203,3184274050,3184277730,0,95967,95967,-1,1,10906,3680,32,32,32,1
12,3,"[4, 3072, 0, 0, 0, 0, 0, 0, 0, 0, 0, 0, 0, 0, 0, 4, 3072, 0, 0, 0, 0, 0, 0, 0, 0, 0, 0, 0, 0, 0]",6,128,3072.0,36864.0,3184363673,3184372998,3184373697,3184377313,0,95199,95199,-1,1,9325,3616,32,32,32,1
16,3,"[4, 512, 3072, 1, 1, 0, 0, 0, 0, 0, 0, 0, 0, 0, 0, 4, 0, 0, 0, 0, 0, 0, 0, 0, 0, 0, 0, 0, 0, 0]",3072,128,1572864.0,12582916.0,3184462500,3184471863,3184472512,3184524063,0,46496,46496,-1,1,9363,51551,32,32,32,1
12,3,"[4, 512, 3072, 1, 1, 0, 0, 0, 0, 0, 0, 0, 0, 0, 0, 4, 512, 3072, 1, 1, 0, 0, 0, 0, 0, 0, 0, 0, 0, 0]",3072,128,1572864.0,18874368.0,3184560559,3184569879,3184570559,3184649246,0,22944,22944,-1,1,9320,78687,32,32,32,1
12,3,"[4, 512, 3072, 1, 1, 0, 0, 0, 0, 0, 0, 0, 0, 0, 0, 4, 512, 3072, 1, 1, 0, 0, 0, 0, 0, 0, 0, 0, 0, 0]",3072,128,1572864.0,18874368.0,3184661635,3184671526,3184672190,3184750461,0,19935,19935,-1,1,9891,78271,32,32,32,1
16,3,"[4, 512, 0, 0, 0, 0, 0, 0, 0, 0, 0, 0, 0, 0, 0, 4, 0, 0, 0, 0, 0, 0, 0, 0, 0, 0, 0, 0, 0, 0]",1,128,512.0,4100.0,3184760207,3184769793,3184770396,3184774236,0,92511,92511,-1,1,9586,3840,32,32,32,1
12,3,"[4, 512, 0, 0, 0, 0, 0, 0, 0, 0, 0, 0, 0, 0, 0, 4, 512, 0, 0, 0, 0, 0, 0, 0, 0, 0, 0, 0, 0, 0]",1,128,512.0,6144.0,3184856887,3184865990,3184866747,3184870779,0,92607,92607,-1,1,9103,4032,32,32,32,1
12,3,"[4, 512, 0, 0, 0, 0, 0, 0, 0, 0, 0, 0, 0, 0, 0, 4, 512, 0, 0, 0, 0, 0, 0, 0, 0, 0, 0, 0, 0, 0]",1,128,512.0,6144.0,3184953527,3184962595,3184963386,3184966938,0,93726,93726,-1,1,9068,3552,32,32,32,1
16,3,"[4, 512, 0, 0, 0, 0, 0, 0, 0, 0, 0, 0, 0, 0, 0, 4, 0, 0, 0, 0, 0, 0, 0, 0, 0, 0, 0, 0, 0, 0]",1,128,512.0,4100.0,3185050646,3185059947,3185060664,3185064121,0,92383,92383,-1,1,9301,3457,32,32,32,1
12,3,"[4, 512, 0, 0, 0, 0, 0, 0, 0, 0, 0, 0, 0, 0, 0, 4, 512, 0, 0, 0, 0, 0, 0, 0, 0, 0, 0, 0, 0, 0]",1,128,512.0,6144.0,3185146591,3185155805,3185156504,3185160024,0,93342,93342,-1,1,9214,3520,32,32,32,1
12,3,"[4, 512, 0, 0, 0, 0, 0, 0, 0, 0, 0, 0, 0, 0, 0, 4, 512, 0, 0, 0, 0, 0, 0, 0, 0, 0, 0, 0, 0, 0]",1,128,512.0,6144.0,3185243466,3185252616,3185253366,3185256854,0,94687,94687,-1,1,9150,3488,32,32,32,1
16,3,"[4, 3072, 512, 1, 1, 0, 0, 0, 0, 0, 0, 0, 0, 0, 0, 4, 0, 0, 0, 0, 0, 0, 0, 0, 0, 0, 0, 0, 0, 0]",3072,128,1572864.0,12582916.0,3185341595,3185352914,3185351541,3185403828,0,48896,48896,-1,1,11319,52287,32,32,32,1
12,3,"[4, 3072, 512, 1, 1, 0, 0, 0, 0, 0, 0, 0, 0, 0, 0, 4, 3072, 512, 1, 1, 0, 0, 0, 0, 0, 0, 0, 0, 0, 0]",3072,128,1572864.0,18874368.0,3185442362,3185451960,3185452724,3185532595,0,17599,17599,-1,1,9598,79871,32,32,32,1
12,3,"[4, 3072, 512, 1, 1, 0, 0, 0, 0, 0, 0, 0, 0, 0, 0, 4, 3072, 512, 1, 1, 0, 0, 0, 0, 0, 0, 0, 0, 0, 0]",3072,128,1572864.0,18874368.0,3185540368,3185549424,3185550194,3185627506,0,19391,19391,-1,1,9056,77312,32,32,32,1
16,3,"[4, 3072, 0, 0, 0, 0, 0, 0, 0, 0, 0, 0, 0, 0, 0, 4, 0, 0, 0, 0, 0, 0, 0, 0, 0, 0, 0, 0, 0, 0]",6,128,3072.0,24580.0,3185637008,3185646318,3185646897,3185650897,0,92319,92319,-1,1,9310,4000,32,32,32,1
12,3,"[4, 3072, 0, 0, 0, 0, 0, 0, 0, 0, 0, 0, 0, 0, 0, 4, 3072, 0, 0, 0, 0, 0, 0, 0, 0, 0, 0, 0, 0, 0]",6,128,3072.0,36864.0,3185733213,3185742588,3185743216,3185747152,0,92287,92287,-1,1,9375,3936,32,32,32,1
12,3,"[4, 3072, 0, 0, 0, 0, 0, 0, 0, 0, 0, 0, 0, 0, 0, 4, 3072, 0, 0, 0, 0, 0, 0, 0, 0, 0, 0, 0, 0, 0]",6,128,3072.0,36864.0,3185829669,3185838640,3185839439,3185842959,0,93086,93086,-1,1,8971,3520,32,32,32,1
16,3,"[4, 3072, 0, 0, 0, 0, 0, 0, 0, 0, 0, 0, 0, 0, 0, 4, 0, 0, 0, 0, 0, 0, 0, 0, 0, 0, 0, 0, 0, 0]",6,128,3072.0,24580.0,3185926173,3185935419,3185936045,3185939565,0,92287,92287,-1,1,9246,3520,32,32,32,1
12,3,"[4, 3072, 0, 0, 0, 0, 0, 0, 0, 0, 0, 0, 0, 0, 0, 4, 3072, 0, 0, 0, 0, 0, 0, 0, 0, 0, 0, 0, 0, 0]",6,128,3072.0,36864.0,3186021771,3186031171,3186031852,3186035468,0,94047,94047,-1,1,9400,3616,32,32,32,1
12,3,"[4, 3072, 0, 0, 0, 0, 0, 0, 0, 0, 0, 0, 0, 0, 0, 4, 3072, 0, 0, 0, 0, 0, 0, 0, 0, 0, 0, 0, 0, 0]",6,128,3072.0,36864.0,3186119377,3186128735,3186129515,3186133131,0,95135,95135,-1,1,9358,3616,32,32,32,1
16,3,"[4, 3072, 1, 3, 3, 0, 0, 0, 0, 0, 0, 0, 0, 0, 0, 4, 0, 0, 0, 0, 0, 0, 0, 0, 0, 0, 0, 0, 0, 0]",54,128,27648.0,221188.0,3186218224,3186227594,3186228266,3186232394,0,94623,94623,-1,1,9370,4128,32,32,32,1
12,3,"[4, 3072, 1, 3, 3, 0, 0, 0, 0, 0, 0, 0, 0, 0, 0, 4, 3072, 1, 3, 3, 0, 0, 0, 0, 0, 0, 0, 0, 0, 0]",54,128,27648.0,331776.0,3186317132,3186326218,3186327017,3186331337,0,93502,93502,-1,1,9086,4320,32,32,32,1
12,3,"[4, 3072, 1, 3, 3, 0, 0, 0, 0, 0, 0, 0, 0, 0, 0, 4, 3072, 1, 3, 3, 0, 0, 0, 0, 0, 0, 0, 0, 0, 0]",54,128,27648.0,331776.0,3186414736,3186426383,3186424839,3186429096,0,96639,96639,-1,1,11647,4257,32,32,32,1
16,3,"[4, 3072, 0, 0, 0, 0, 0, 0, 0, 0, 0, 0, 0, 0, 0, 4, 0, 0, 0, 0, 0, 0, 0, 0, 0, 0, 0, 0, 0, 0]",6,128,3072.0,24580.0,3186515584,3186525154,3186525735,3186529350,0,94079,94079,-1,1,9570,3615,32,32,32,1
12,3,"[4, 3072, 0, 0, 0, 0, 0, 0, 0, 0, 0, 0, 0, 0, 0, 4, 3072, 0, 0, 0, 0, 0, 0, 0, 0, 0, 0, 0, 0, 0]",6,128,3072.0,36864.0,3186613509,3186622669,3186623429,3186627045,0,95487,95487,-1,1,9160,3616,32,32,32,1
12,3,"[4, 3072, 0, 0, 0, 0, 0, 0, 0, 0, 0, 0, 0, 0, 0, 4, 3072, 0, 0, 0, 0, 0, 0, 0, 0, 0, 0, 0, 0, 0]",6,128,3072.0,36864.0,3186712575,3186721830,3186722532,3186726212,0,238301,238301,-1,1,9255,3680,32,32,32,1
16,3,"[4, 3072, 0, 0, 0, 0, 0, 0, 0, 0, 0, 0, 0, 0, 0, 4, 0, 0, 0, 0, 0, 0, 0, 0, 0, 0, 0, 0, 0, 0]",6,128,3072.0,24580.0,3186951863,3186964123,3186964513,3186968097,0,105790,105790,-1,1,12260,3584,32,32,32,1
12,3,"[4, 3072, 0, 0, 0, 0, 0, 0, 0, 0, 0, 0, 0, 0, 0, 4, 3072, 0, 0, 0, 0, 0, 0, 0, 0, 0, 0, 0, 0, 0]",6,128,3072.0,36864.0,3187062798,3187073344,3187073887,3187077504,0,97822,97822,-1,1,10546,3617,32,32,32,1
12,3,"[4, 3072, 0, 0, 0, 0, 0, 0, 0, 0, 0, 0, 0, 0, 0, 4, 3072, 0, 0, 0, 0, 0, 0, 0, 0, 0, 0, 0, 0, 0]",6,128,3072.0,36864.0,3187165371,3187174577,3187175326,3187179006,0,98047,98047,-1,1,9206,3680,32,32,32,1
16,3,"[4, 128, 3072, 1, 1, 0, 0, 0, 0, 0, 0, 0, 0, 0, 0, 4, 0, 0, 0, 0, 0, 0, 0, 0, 0, 0, 0, 0, 0, 0]",768,128,393216.0,3145732.0,3187266929,3187276400,3187277053,3187289917,0,87903,87903,-1,1,9471,12864,32,32,32,1
12,3,"[4, 128, 3072, 1, 1, 0, 0, 0, 0, 0, 0, 0, 0, 0, 0, 4, 128, 3072, 1, 1, 0, 0, 0, 0, 0, 0, 0, 0, 0, 0]",768,128,393216.0,4718592.0,3187367675,3187377057,3187377820,3187388060,0,88126,88126,-1,1,9382,10240,32,32,32,1
12,3,"[4, 128, 3072, 1, 1, 0, 0, 0, 0, 0, 0, 0, 0, 0, 0, 4, 128, 3072, 1, 1, 0, 0, 0, 0, 0, 0, 0, 0, 0, 0]",768,128,393216.0,4718592.0,3187466375,3187475458,3187476186,3187489338,0,84191,84191,-1,1,9083,13152,32,32,32,1
16,3,"[4, 128, 0, 0, 0, 0, 0, 0, 0, 0, 0, 0, 0, 0, 0, 4, 0, 0, 0, 0, 0, 0, 0, 0, 0, 0, 0, 0, 0, 0]",1,128,128.0,1028.0,3187563468,3187572793,3187573529,3187577337,0,101023,101023,-1,1,9325,3808,32,32,32,1
12,3,"[4, 128, 0, 0, 0, 0, 0, 0, 0, 0, 0, 0, 0, 0, 0, 4, 128, 0, 0, 0, 0, 0, 0, 0, 0, 0, 0, 0, 0, 0]",1,128,128.0,1536.0,3187667789,3187679735,3187678360,3187681848,0,98975,98975,-1,1,11946,3488,32,32,32,1
12,3,"[4, 128, 0, 0, 0, 0, 0, 0, 0, 0, 0, 0, 0, 0, 0, 4, 128, 0, 0, 0, 0, 0, 0, 0, 0, 0, 0, 0, 0, 0]",1,128,128.0,1536.0,3187770970,3187780021,3187780823,3187784311,0,95710,95710,-1,1,9051,3488,32,32,32,1
16,3,"[4, 3072, 128, 1, 1, 0, 0, 0, 0, 0, 0, 0, 0, 0, 0, 4, 0, 0, 0, 0, 0, 0, 0, 0, 0, 0, 0, 0, 0, 0]",768,128,393216.0,3145732.0,3187869987,3187879361,3187880021,3187893781,0,84223,84223,-1,1,9374,13760,32,32,32,1
12,3,"[4, 3072, 128, 1, 1, 0, 0, 0, 0, 0, 0, 0, 0, 0, 0, 4, 3072, 128, 1, 1, 0, 0, 0, 0, 0, 0, 0, 0, 0, 0]",768,128,393216.0,4718592.0,3187968188,3187977263,3187978004,3187988340,0,87999,87999,-1,1,9075,10336,32,32,32,1
12,3,"[4, 3072, 128, 1, 1, 0, 0, 0, 0, 0, 0, 0, 0, 0, 0, 4, 3072, 128, 1, 1, 0, 0, 0, 0, 0, 0, 0, 0, 0, 0]",768,128,393216.0,4718592.0,3188066384,3188075632,3188076339,3188089171,0,83711,83711,-1,1,9248,12832,32,32,32,1
16,3,"[4, 3072, 0, 0, 0, 0, 0, 0, 0, 0, 0, 0, 0, 0, 0, 4, 0, 0, 0, 0, 0, 0, 0, 0, 0, 0, 0, 0, 0, 0]",6,128,3072.0,24580.0,3188162892,3188172227,3188172882,3188176690,0,90206,90206,-1,1,9335,3808,32,32,32,1
12,3,"[4, 3072, 0, 0, 0, 0, 0, 0, 0, 0, 0, 0, 0, 0, 0, 4, 3072, 0, 0, 0, 0, 0, 0, 0, 0, 0, 0, 0, 0, 0]",6,128,3072.0,36864.0,3188257182,3188266154,3188266896,3188270609,0,92286,92286,-1,1,8972,3713,32,32,32,1
12,3,"[4, 3072, 0, 0, 0, 0, 0, 0, 0, 0, 0, 0, 0, 0, 0, 4, 3072, 0, 0, 0, 0, 0, 0, 0, 0, 0, 0, 0, 0, 0]",6,128,3072.0,36864.0,3188353170,3188361986,3188362895,3188366543,0,93183,93183,-1,1,8816,3648,32,32,32,1
16,3,"[4, 512, 3072, 1, 1, 0, 0, 0, 0, 0, 0, 0, 0, 0, 0, 4, 0, 0, 0, 0, 0, 0, 0, 0, 0, 0, 0, 0, 0, 0]",3072,128,1572864.0,12582916.0,3188449378,3188459050,3188459726,3188511342,0,46303,46303,-1,1,9672,51616,32,32,32,1
12,3,"[4, 512, 3072, 1, 1, 0, 0, 0, 0, 0, 0, 0, 0, 0, 0, 4, 512, 3072, 1, 1, 0, 0, 0, 0, 0, 0, 0, 0, 0, 0]",3072,128,1572864.0,18874368.0,3188547418,3188556830,3188557645,3188636716,0,18688,18688,-1,1,9412,79071,32,32,32,1
12,3,"[4, 512, 3072, 1, 1, 0, 0, 0, 0, 0, 0, 0, 0, 0, 0, 4, 512, 3072, 1, 1, 0, 0, 0, 0, 0, 0, 0, 0, 0, 0]",3072,128,1572864.0,18874368.0,3188645628,3188654669,3188655404,3188735147,0,17695,17695,-1,1,9041,79743,32,32,32,1
16,3,"[4, 512, 0, 0, 0, 0, 0, 0, 0, 0, 0, 0, 0, 0, 0, 4, 0, 0, 0, 0, 0, 0, 0, 0, 0, 0, 0, 0, 0, 0]",1,128,512.0,4100.0,3188742714,3188754512,3188752842,3188756715,0,95518,95518,-1,1,11798,3873,32,32,32,1
12,3,"[4, 512, 0, 0, 0, 0, 0, 0, 0, 0, 0, 0, 0, 0, 0, 4, 512, 0, 0, 0, 0, 0, 0, 0, 0, 0, 0, 0, 0, 0]",1,128,512.0,6144.0,3188842451,3188851679,3188852233,3188856233,0,96031,96031,-1,1,9228,4000,32,32,32,1
12,3,"[4, 512, 0, 0, 0, 0, 0, 0, 0, 0, 0, 0, 0, 0, 0, 4, 512, 0, 0, 0, 0, 0, 0, 0, 0, 0, 0, 0, 0, 0]",1,128,512.0,6144.0,3188942091,3188951530,3188952264,3188955784,0,94975,94975,-1,1,9439,3520,32,32,32,1
16,3,"[4, 512, 0, 0, 0, 0, 0, 0, 0, 0, 0, 0, 0, 0, 0, 4, 0, 0, 0, 0, 0, 0, 0, 0, 0, 0, 0, 0, 0, 0]",1,128,512.0,4100.0,3189040994,3189050143,3189050759,3189054183,0,93982,93982,-1,1,9149,3424,32,32,32,1
12,3,"[4, 512, 0, 0, 0, 0, 0, 0, 0, 0, 0, 0, 0, 0, 0, 4, 512, 0, 0, 0, 0, 0, 0, 0, 0, 0, 0, 0, 0, 0]",1,128,512.0,6144.0,3189138346,3189147262,3189148165,3189151653,0,93215,93215,-1,1,8916,3488,32,32,32,1
12,3,"[4, 512, 0, 0, 0, 0, 0, 0, 0, 0, 0, 0, 0, 0, 0, 4, 512, 0, 0, 0, 0, 0, 0, 0, 0, 0, 0, 0, 0, 0]",1,128,512.0,6144.0,3189234910,3189244420,3189244868,3189248356,0,94623,94623,-1,1,9510,3488,32,32,32,1
16,3,"[4, 2048, 512, 1, 1, 0, 0, 0, 0, 0, 0, 0, 0, 0, 0, 4, 0, 0, 0, 0, 0, 0, 0, 0, 0, 0, 0, 0, 0, 0]",2048,128,1048576.0,8388612.0,3189332844,3189342327,3189342979,3189377795,0,62207,62207,-1,1,9483,34816,32,32,32,1
12,3,"[4, 2048, 512, 1, 1, 0, 0, 0, 0, 0, 0, 0, 0, 0, 0, 4, 2048, 512, 1, 1, 0, 0, 0, 0, 0, 0, 0, 0, 0, 0]",2048,128,1048576.0,12582912.0,3189430126,3189439130,3189440002,3189493057,0,45439,45439,-1,1,9004,53055,32,32,32,1
12,3,"[4, 2048, 512, 1, 1, 0, 0, 0, 0, 0, 0, 0, 0, 0, 0, 4, 2048, 512, 1, 1, 0, 0, 0, 0, 0, 0, 0, 0, 0, 0]",2048,128,1048576.0,12582912.0,3189528417,3189537660,3189538496,3189591136,0,43648,43648,-1,1,9243,52640,32,32,32,1
16,3,"[4, 2048, 0, 0, 0, 0, 0, 0, 0, 0, 0, 0, 0, 0, 0, 4, 0, 0, 0, 0, 0, 0, 0, 0, 0, 0, 0, 0, 0, 0]",4,128,2048.0,16388.0,3189624760,3189634464,3189634784,3189638751,0,91679,91679,-1,1,9704,3967,32,32,32,1
12,3,"[4, 2048, 0, 0, 0, 0, 0, 0, 0, 0, 0, 0, 0, 0, 0, 4, 2048, 0, 0, 0, 0, 0, 0, 0, 0, 0, 0, 0, 0, 0]",4,128,2048.0,24576.0,3189720783,3189729688,3189730430,3189734302,0,95007,95007,-1,1,8905,3872,32,32,32,1
12,3,"[4, 2048, 0, 0, 0, 0, 0, 0, 0, 0, 0, 0, 0, 0, 0, 4, 2048, 0, 0, 0, 0, 0, 0, 0, 0, 0, 0, 0, 0, 0]",4,128,2048.0,24576.0,3189819499,3189828555,3189829309,3189832861,0,94335,94335,-1,1,9056,3552,32,32,32,1
16,3,"[4, 2048, 0, 0, 0, 0, 0, 0, 0, 0, 0, 0, 0, 0, 0, 4, 0, 0, 0, 0, 0, 0, 0, 0, 0, 0, 0, 0, 0, 0]",4,128,2048.0,16388.0,3189917165,3189926469,3189927196,3189930716,0,91678,91678,-1,1,9304,3520,32,32,32,1
12,3,"[4, 2048, 0, 0, 0, 0, 0, 0, 0, 0, 0, 0, 0, 0, 0, 4, 2048, 0, 0, 0, 0, 0, 0, 0, 0, 0, 0, 0, 0, 0]",4,128,2048.0,24576.0,3190012684,3190021598,3190022394,3190025947,0,92543,92543,-1,1,8914,3553,32,32,32,1
12,3,"[4, 2048, 0, 0, 0, 0, 0, 0, 0, 0, 0, 0, 0, 0, 0, 4, 2048, 0, 0, 0, 0, 0, 0, 0, 0, 0, 0, 0, 0, 0]",4,128,2048.0,24576.0,3190108774,3190117931,3190118490,3190122137,0,93727,93727,-1,1,9157,3647,32,32,32,1
16,3,"[4, 722, 2048, 0, 0, 0, 0, 0, 0, 0, 0, 0, 0, 0, 0, 4, 0, 0, 0, 0, 0, 0, 0, 0, 0, 0, 0, 0, 0, 0]",2888,128,1478656.0,11829252.0,3190205877,3190215224,3190215864,3190265367,0,47648,47648,-1,1,9347,49503,32,32,32,1
12,3,"[4, 722, 2048, 0, 0, 0, 0, 0, 0, 0, 0, 0, 0, 0, 0, 4, 722, 2048, 0, 0, 0, 0, 0, 0, 0, 0, 0, 0, 0, 0]",2888,128,1478656.0,17743872.0,3190303315,3190312242,3190313015,3190387638,0,22144,22144,-1,1,8927,74623,32,32,32,1
12,3,"[4, 722, 2048, 0, 0, 0, 0, 0, 0, 0, 0, 0, 0, 0, 0, 4, 722, 2048, 0, 0, 0, 0, 0, 0, 0, 0, 0, 0, 0, 0]",2888,128,1478656.0,17743872.0,3190399895,3190409069,3190409782,3190483765,0,22144,22144,-1,1,9174,73983,32,32,32,1
16,3,"[4, 722, 0, 0, 0, 0, 0, 0, 0, 0, 0, 0, 0, 0, 0, 4, 0, 0, 0, 0, 0, 0, 0, 0, 0, 0, 0, 0, 0, 0]",2,128,722.0,5780.0,3190496009,3190505300,3190505909,3190509812,0,91775,91775,-1,1,9291,3903,32,32,32,1
12,3,"[4, 722, 0, 0, 0, 0, 0, 0, 0, 0, 0, 0, 0, 0, 0, 4, 722, 0, 0, 0, 0, 0, 0, 0, 0, 0, 0, 0, 0, 0]",2,128,722.0,8664.0,3190591780,3190600790,3190601587,3190605491,0,92415,92415,-1,1,9010,3904,32,32,32,1
12,3,"[4, 722, 0, 0, 0, 0, 0, 0, 0, 0, 0, 0, 0, 0, 0, 4, 722, 0, 0, 0, 0, 0, 0, 0, 0, 0, 0, 0, 0, 0]",2,128,722.0,8664.0,3190688255,3190697041,3190697906,3190701650,0,0,0,-1,1,8786,3744,32,32,32,1
