op,dir,params,grid,block,flops,bytes,rStartTime,rEndTime,kStartTime,kEndTime,staticSharedMemory,space,space1,seq,kernels,rduration,kduration,batch,h,w,input_type
203,1,"[512, 3, 384, 384, 16, 192, 192, 3, 3, 1, 1, 2, 2, 1, 1, 1, 2, 0, 0, 0, 0, 0, 0, 0, 0, 0, 0, 0, 0, 0]",147456,256,16307453952.0,1056965472.0,4847801656,4847828438,5335489824,5344377453,5376,81439,80735,690202,2,24196,8886925,512,384,384,2
205,1,"[4, 0, 0, 0, 0, 0, 0, 0, 0, 0, 0, 0, 0, 0, 0, 4, 0, 0, 0, 0, 0, 0, 0, 0, 0, 0, 0, 0, 0, 0]",8192,512,2415919104.0,2415919104.0,5344445059,5344828048,5344458188,5367665350,640,5207138,4876676,690203,4,42446,22876700,512,384,384,2
243,1,"[2, 512, 16, 192, 192, 0, 0, 0, 0, 0, 0, 0, 0, 0, 0, 0, 0, 0, 0, 0, 0, 0, 0, 0, 0, 0, 0, 0, 0, 0]",589824,128,0.0,0.0,5345013730,5345022226,5372542026,5377366126,0,864,864,690204,1,8496,4824100,512,384,384,2
203,1,"[512, 16, 192, 192, 16, 96, 96, 3, 3, 1, 1, 2, 2, 1, 1, 16, 2, 0, 0, 0, 0, 0, 0, 0, 0, 0, 0, 0, 0, 0]",73728,1024,0.0,0.0,5345221311,5345234009,5377366990,5383177036,0,86624,86624,690206,1,12698,5810046,512,384,384,2
205,1,"[4, 0, 0, 0, 0, 0, 0, 0, 0, 0, 0, 0, 0, 0, 0, 4, 0, 0, 0, 0, 0, 0, 0, 0, 0, 0, 0, 0, 0, 0]",8192,512,603979776.0,603979776.0,5383249885,5383640513,5383263660,5389315625,640,341214,864,690207,4,41682,5711615,512,384,384,2
152,1,"[2, 512, 16, 96, 96, 0, 0, 0, 0, 0, 0, 0, 0, 0, 0, 0, 0, 0, 0, 0, 0, 0, 0, 0, 0, 0, 0, 0, 0, 0]",147456,128,75497472.0,301989888.0,5383882167,5383893773,5389316489,5390524738,0,896,896,690208,1,11606,1208249,512,384,384,2
199,1,"[2, 512, 16, 96, 96, 0, 0, 0, 0, 0, 0, 0, 0, 0, 0, 0, 0, 0, 0, 0, 0, 0, 0, 0, 0, 0, 0, 0, 0, 0]",8192,512,0.0,0.0,5384057548,5384069271,5390525634,5391106462,16,864,864,690209,1,11723,580828,512,384,384,2
203,1,"[512, 16, 1, 1, 8, 1, 1, 1, 1, 0, 0, 1, 1, 1, 1, 1, 2, 0, 0, 0, 0, 0, 0, 0, 0, 0, 0, 0, 0, 0]",8,128,0.0,0.0,5384488422,5384549107,5391107326,5391118558,0,2017,1185,690210,2,26509,10400,512,384,384,2
152,1,"[2, 512, 8, 1, 1, 0, 0, 0, 0, 0, 0, 0, 0, 0, 0, 0, 0, 0, 0, 0, 0, 0, 0, 0, 0, 0, 0, 0, 0, 0]",8,128,4096.0,16384.0,5384824484,5384837641,5391119743,5391122302,0,736,736,690211,1,13157,2559,512,384,384,2
203,1,"[512, 8, 1, 1, 16, 1, 1, 1, 1, 0, 0, 1, 1, 1, 1, 1, 2, 0, 0, 0, 0, 0, 0, 0, 0, 0, 0, 0, 0, 0]",16,128,0.0,0.0,5385104126,5385159363,5391123038,5391132958,0,1985,896,690212,2,23841,8831,512,384,384,2
244,1,"[2, 512, 16, 1, 1, 0, 0, 0, 0, 0, 0, 0, 0, 0, 0, 0, 0, 0, 0, 0, 0, 0, 0, 0, 0, 0, 0, 0, 0, 0]",16,128,0.0,0.0,5385332145,5385343931,5391133854,5391136350,0,864,864,690213,1,11786,2496,512,384,384,2
23,1,"[2, 512, 16, 1, 1, 0, 0, 0, 0, 0, 0, 0, 0, 0, 0, 2, 512, 16, 96, 96, 0, 0, 0, 0, 0, 0, 0, 0, 0, 0]",147456,128,75497472.0,302006272.0,5385466438,5385478862,5391137214,5392675189,0,768,768,690214,1,12424,1537975,512,384,384,2
203,1,"[512, 16, 96, 96, 16, 96, 96, 1, 1, 0, 0, 1, 1, 1, 1, 1, 2, 0, 0, 0, 0, 0, 0, 0, 0, 0, 0, 0, 0, 0]",36864,256,2415919104.0,301990400.0,5385728073,5385750855,5392675957,5394613418,5376,72800,71872,690215,2,20604,1936533,512,384,384,2
205,1,"[4, 0, 0, 0, 0, 0, 0, 0, 0, 0, 0, 0, 0, 0, 0, 4, 0, 0, 0, 0, 0, 0, 0, 0, 0, 0, 0, 0, 0, 0]",8192,512,603979776.0,603979776.0,5394674308,5395045975,5394685290,5400732519,640,326686,864,690216,4,37375,5721407,512,384,384,2
203,1,"[512, 16, 96, 96, 72, 96, 96, 1, 1, 0, 0, 1, 1, 1, 1, 1, 2, 0, 0, 0, 0, 0, 0, 0, 0, 0, 0, 0, 0, 0]",110592,256,10871635968.0,830474496.0,5395315506,5395337784,5400733383,5406709572,5376,64704,63968,690217,2,20268,5975453,512,384,384,2
205,1,"[4, 0, 0, 0, 0, 0, 0, 0, 0, 0, 0, 0, 0, 0, 0, 4, 0, 0, 0, 0, 0, 0, 0, 0, 0, 0, 0, 0, 0, 0]",36864,512,2717908992.0,2717908992.0,5406762371,5407131243,5406773540,5419757401,640,324222,928,690218,4,37426,12660567,512,384,384,2
152,1,"[2, 512, 72, 96, 96, 0, 0, 0, 0, 0, 0, 0, 0, 0, 0, 0, 0, 0, 0, 0, 0, 0, 0, 0, 0, 0, 0, 0, 0, 0]",663552,128,339738624.0,1358954496.0,5407365838,5407377408,5419758329,5425166138,0,896,896,690219,1,11570,5407809,512,384,384,2
203,1,"[512, 72, 96, 96, 72, 48, 48, 3, 3, 1, 1, 2, 2, 1, 1, 72, 2, 0, 0, 0, 0, 0, 0, 0, 0, 0, 0, 0, 0, 0]",82944,1024,0.0,0.0,5407560643,5407580134,5425167034,5432368848,0,63904,63904,690220,1,19491,7201814,512,384,384,2
205,1,"[4, 0, 0, 0, 0, 0, 0, 0, 0, 0, 0, 0, 0, 0, 0, 4, 0, 0, 0, 0, 0, 0, 0, 0, 0, 0, 0, 0, 0, 0]",36864,512,679477248.0,679477248.0,5432420474,5432792957,5432432752,5436490840,640,326526,896,690221,4,38275,3732458,512,384,384,2
152,1,"[2, 512, 72, 48, 48, 0, 0, 0, 0, 0, 0, 0, 0, 0, 0, 0, 0, 0, 0, 0, 0, 0, 0, 0, 0, 0, 0, 0, 0, 0]",165888,128,84934656.0,339738624.0,5433034731,5433046410,5436491736,5437839249,0,832,832,690222,1,11679,1347513,512,384,384,2
203,1,"[512, 72, 48, 48, 24, 48, 48, 1, 1, 0, 0, 1, 1, 1, 1, 1, 2, 0, 0, 0, 0, 0, 0, 0, 0, 0, 0, 0, 0, 0]",9216,256,4076863488.0,226495872.0,5433297741,5433319307,5437840081,5439200169,5376,60352,59391,690223,2,19601,1359127,512,384,384,2
205,1,"[4, 0, 0, 0, 0, 0, 0, 0, 0, 0, 0, 0, 0, 0, 0, 4, 0, 0, 0, 0, 0, 0, 0, 0, 0, 0, 0, 0, 0, 0]",12288,512,226492416.0,226492416.0,5439248682,5439613296,5439259560,5441595035,640,319807,960,690224,4,36724,2016628,512,384,384,2
203,1,"[512, 24, 48, 48, 88, 48, 48, 1, 1, 0, 0, 1, 1, 1, 1, 1, 2, 0, 0, 0, 0, 0, 0, 0, 0, 0, 0, 0, 0, 0]",27648,256,4982833152.0,264245376.0,5439877875,5439902379,5441595995,5443632527,5376,77119,76191,690225,2,22551,2035604,512,384,384,2
205,1,"[4, 0, 0, 0, 0, 0, 0, 0, 0, 0, 0, 0, 0, 0, 0, 4, 0, 0, 0, 0, 0, 0, 0, 0, 0, 0, 0, 0, 0, 0]",45056,512,830472192.0,830472192.0,5443696551,5444067798,5443708718,5449564205,640,326303,928,690226,4,37831,5530112,512,384,384,2
152,1,"[2, 512, 88, 48, 48, 0, 0, 0, 0, 0, 0, 0, 0, 0, 0, 0, 0, 0, 0, 0, 0, 0, 0, 0, 0, 0, 0, 0, 0, 0]",202752,128,103809024.0,415236096.0,5444301144,5444311804,5449565133,5451210659,0,928,928,690227,1,10660,1645526,512,384,384,2
203,1,"[512, 88, 48, 48, 88, 48, 48, 3, 3, 1, 1, 1, 1, 1, 1, 88, 2, 0, 0, 0, 0, 0, 0, 0, 0, 0, 0, 0, 0, 0]",56320,256,0.0,0.0,5444534672,5444551487,5451211587,5454093779,17536,63167,63167,690228,1,16815,2882192,512,384,384,2
205,1,"[4, 0, 0, 0, 0, 0, 0, 0, 0, 0, 0, 0, 0, 0, 0, 4, 0, 0, 0, 0, 0, 0, 0, 0, 0, 0, 0, 0, 0, 0]",45056,512,830472192.0,830472192.0,5454145350,5454655102,5454156946,5460159952,640,464318,1120,690229,4,39152,5539808,512,384,384,2
152,1,"[2, 512, 88, 48, 48, 0, 0, 0, 0, 0, 0, 0, 0, 0, 0, 0, 0, 0, 0, 0, 0, 0, 0, 0, 0, 0, 0, 0, 0, 0]",202752,128,103809024.0,415236096.0,5454894035,5454905156,5460161072,5461807174,0,960,960,690230,1,11121,1646102,512,384,384,2
203,1,"[512, 88, 48, 48, 24, 48, 48, 1, 1, 0, 0, 1, 1, 1, 1, 1, 2, 0, 0, 0, 0, 0, 0, 0, 0, 0, 0, 0, 0, 0]",9216,256,4982833152.0,264245376.0,5455150147,5455174614,5461808134,5463398749,5376,65280,64288,690231,2,22413,1589623,512,384,384,2
205,1,"[4, 0, 0, 0, 0, 0, 0, 0, 0, 0, 0, 0, 0, 0, 0, 4, 0, 0, 0, 0, 0, 0, 0, 0, 0, 0, 0, 0, 0, 0]",12288,512,226492416.0,226492416.0,5463451828,5463932055,5463463037,5465908078,640,435678,896,690232,4,37074,2010259,512,384,384,2
35,1,"[2, 512, 24, 48, 48, 0, 0, 0, 0, 0, 0, 0, 0, 0, 0, 2, 512, 24, 48, 48, 0, 0, 0, 0, 0, 0, 0, 0, 0, 0]",55296,128,28311552.0,169869312.0,5464061002,5464070953,5465908974,5466553931,0,1024,1024,690233,1,9951,644957,512,384,384,2
203,1,"[512, 24, 48, 48, 96, 48, 48, 1, 1, 0, 0, 1, 1, 1, 1, 1, 2, 0, 0, 0, 0, 0, 0, 0, 0, 0, 0, 0, 0, 0]",27648,256,5435817984.0,283120128.0,5464318370,5464343557,5466554955,5468563327,5376,60095,59040,690234,2,23303,2007317,512,384,384,2
205,1,"[4, 0, 0, 0, 0, 0, 0, 0, 0, 0, 0, 0, 0, 0, 0, 4, 0, 0, 0, 0, 0, 0, 0, 0, 0, 0, 0, 0, 0, 0]",49152,512,905969664.0,905969664.0,5468611094,5468983082,5468622367,5474693564,640,2148789,1822517,690235,4,36977,5744925,512,384,384,2
243,1,"[2, 512, 96, 48, 48, 0, 0, 0, 0, 0, 0, 0, 0, 0, 0, 0, 0, 0, 0, 0, 0, 0, 0, 0, 0, 0, 0, 0, 0, 0]",221184,128,0.0,0.0,5469166632,5469174524,5476516081,5478314759,0,1056,1056,690236,1,7892,1798678,512,384,384,2
203,1,"[512, 96, 48, 48, 96, 24, 24, 5, 5, 2, 2, 2, 2, 1, 1, 96, 2, 0, 0, 0, 0, 0, 0, 0, 0, 0, 0, 0, 0, 0]",27648,1024,0.0,0.0,5469360152,5469375239,5478315815,5483662408,0,62272,62272,690238,1,15087,5346593,512,384,384,2
205,1,"[4, 0, 0, 0, 0, 0, 0, 0, 0, 0, 0, 0, 0, 0, 0, 4, 0, 0, 0, 0, 0, 0, 0, 0, 0, 0, 0, 0, 0, 0]",49152,512,226492416.0,226492416.0,5483713320,5484080882,5483724680,5485906779,640,779324,460381,690239,4,37116,1863156,512,384,384,2
243,1,"[2, 512, 96, 24, 24, 0, 0, 0, 0, 0, 0, 0, 0, 0, 0, 0, 0, 0, 0, 0, 0, 0, 0, 0, 0, 0, 0, 0, 0, 0]",55296,128,0.0,0.0,5484380215,5484387922,5486367160,5486819798,0,832,832,690240,1,7707,452638,512,384,384,2
199,1,"[2, 512, 96, 24, 24, 0, 0, 0, 0, 0, 0, 0, 0, 0, 0, 0, 0, 0, 0, 0, 0, 0, 0, 0, 0, 0, 0, 0, 0, 0]",3072,512,0.0,0.0,5484546018,5484559496,5486820630,5487085428,16,928,928,690242,1,13478,264798,512,384,384,2
203,1,"[512, 96, 1, 1, 24, 1, 1, 1, 1, 0, 0, 1, 1, 1, 1, 1, 2, 0, 0, 0, 0, 0, 0, 0, 0, 0, 0, 0, 0, 0]",24,128,0.0,0.0,5484810899,5484866720,5487086356,5487100180,0,2144,1248,690243,2,23679,12928,512,384,384,2
152,1,"[2, 512, 24, 1, 1, 0, 0, 0, 0, 0, 0, 0, 0, 0, 0, 0, 0, 0, 0, 0, 0, 0, 0, 0, 0, 0, 0, 0, 0, 0]",24,128,12288.0,49152.0,5485140493,5485153222,5487101428,5487104308,0,992,992,690244,1,12729,2880,512,384,384,2
203,1,"[512, 24, 1, 1, 96, 1, 1, 1, 1, 0, 0, 1, 1, 1, 1, 1, 2, 0, 0, 0, 0, 0, 0, 0, 0, 0, 0, 0, 0, 0]",96,128,0.0,0.0,5485409602,5485464050,5487105300,5487116724,0,1728,832,690245,2,23042,10528,512,384,384,2
244,1,"[2, 512, 96, 1, 1, 0, 0, 0, 0, 0, 0, 0, 0, 0, 0, 0, 0, 0, 0, 0, 0, 0, 0, 0, 0, 0, 0, 0, 0, 0]",96,128,0.0,0.0,5485633038,5485644288,5487117556,5487120500,0,800,800,690246,1,11250,2944,512,384,384,2
23,1,"[2, 512, 96, 1, 1, 0, 0, 0, 0, 0, 0, 0, 0, 0, 0, 2, 512, 96, 24, 24, 0, 0, 0, 0, 0, 0, 0, 0, 0, 0]",55296,128,28311552.0,113344512.0,5485768025,5485778129,5487121300,5487740880,0,960,960,690247,1,10104,619580,512,384,384,2
203,1,"[512, 96, 24, 24, 40, 24, 24, 1, 1, 0, 0, 1, 1, 1, 1, 1, 2, 0, 0, 0, 0, 0, 0, 0, 0, 0, 0, 0, 0, 0]",1152,256,2264924160.0,80223744.0,5486022174,5486045112,5487741840,5488341549,49152,58527,57599,690248,2,20688,598781,512,384,384,2
205,1,"[4, 0, 0, 0, 0, 0, 0, 0, 0, 0, 0, 0, 0, 0, 0, 4, 0, 0, 0, 0, 0, 0, 0, 0, 0, 0, 0, 0, 0, 0]",20480,512,94371840.0,94371840.0,5488388408,5488756288,5488399148,5489586405,640,323552,832,690249,4,36797,864537,512,384,384,2
203,1,"[512, 40, 24, 24, 240, 24, 24, 1, 1, 0, 0, 1, 1, 1, 1, 1, 2, 0, 0, 0, 0, 0, 0, 0, 0, 0, 0, 0, 0, 0]",2304,256,5662310400.0,165169920.0,5489034027,5489056864,5489587237,5490690047,49152,66593,65664,690250,2,20725,1101881,512,384,384,2
205,1,"[4, 0, 0, 0, 0, 0, 0, 0, 0, 0, 0, 0, 0, 0, 0, 4, 0, 0, 0, 0, 0, 0, 0, 0, 0, 0, 0, 0, 0, 0]",122880,512,566231040.0,566231040.0,5490744653,5491113887,5490755711,5494949926,640,1466456,1142074,690251,4,37238,3869833,512,384,384,2
243,1,"[2, 512, 240, 24, 24, 0, 0, 0, 0, 0, 0, 0, 0, 0, 0, 0, 0, 0, 0, 0, 0, 0, 0, 0, 0, 0, 0, 0, 0, 0]",138240,128,0.0,0.0,5491300051,5491307818,5496092000,5497220185,0,1025,1025,690252,1,7767,1128185,512,384,384,2
203,1,"[512, 240, 24, 24, 240, 24, 24, 5, 5, 2, 2, 1, 1, 1, 1, 240, 2, 0, 0, 0, 0, 0, 0, 0, 0, 0, 0, 0, 0, 0]",46080,256,0.0,0.0,5491527116,5491540554,5497221210,5500288104,18944,62367,62367,690254,1,13438,3066894,512,384,384,2
205,1,"[4, 0, 0, 0, 0, 0, 0, 0, 0, 0, 0, 0, 0, 0, 0, 4, 0, 0, 0, 0, 0, 0, 0, 0, 0, 0, 0, 0, 0, 0]",122880,512,566231040.0,566231040.0,5500338875,5500865510,5500350471,5504654350,640,1623704,1144026,690255,4,39661,3824201,512,384,384,2
243,1,"[2, 512, 240, 24, 24, 0, 0, 0, 0, 0, 0, 0, 0, 0, 0, 0, 0, 0, 0, 0, 0, 0, 0, 0, 0, 0, 0, 0, 0, 0]",138240,128,0.0,0.0,5501060203,5501068042,5505798376,5506927969,0,928,928,690256,1,7839,1129593,512,384,384,2
199,1,"[2, 512, 240, 24, 24, 0, 0, 0, 0, 0, 0, 0, 0, 0, 0, 0, 0, 0, 0, 0, 0, 0, 0, 0, 0, 0, 0, 0, 0, 0]",7680,512,0.0,0.0,5501226075,5501237397,5506928897,5507542622,16,800,800,690258,1,11322,613725,512,384,384,2
203,1,"[512, 240, 1, 1, 64, 1, 1, 1, 1, 0, 0, 1, 1, 1, 1, 1, 2, 0, 0, 0, 0, 0, 0, 0, 0, 0, 0, 0, 0, 0]",64,128,0.0,0.0,5501505651,5501561847,5507543422,5507560190,0,2432,896,690259,2,23337,15232,512,384,384,2
152,1,"[2, 512, 64, 1, 1, 0, 0, 0, 0, 0, 0, 0, 0, 0, 0, 0, 0, 0, 0, 0, 0, 0, 0, 0, 0, 0, 0, 0, 0, 0]",64,128,32768.0,131072.0,5501832501,5501844818,5507561086,5507564062,0,896,896,690260,1,12317,2976,512,384,384,2
203,1,"[512, 64, 1, 1, 240, 1, 1, 1, 1, 0, 0, 1, 1, 1, 1, 1, 2, 0, 0, 0, 0, 0, 0, 0, 0, 0, 0, 0, 0, 0]",240,128,0.0,0.0,5502109549,5502167141,5507564958,5507579838,0,1887,895,690261,2,26628,13888,512,384,384,2
244,1,"[2, 512, 240, 1, 1, 0, 0, 0, 0, 0, 0, 0, 0, 0, 0, 0, 0, 0, 0, 0, 0, 0, 0, 0, 0, 0, 0, 0, 0, 0]",240,128,0.0,0.0,5502335808,5502347017,5507580733,5507583965,0,864,864,690262,1,11209,3232,512,384,384,2
23,1,"[2, 512, 240, 1, 1, 0, 0, 0, 0, 0, 0, 0, 0, 0, 0, 2, 512, 240, 24, 24, 0, 0, 0, 0, 0, 0, 0, 0, 0, 0]",138240,128,70778880.0,283361280.0,5502468534,5502478734,5507584829,5509098229,0,832,832,690263,1,10200,1513400,512,384,384,2
203,1,"[512, 240, 24, 24, 40, 24, 24, 1, 1, 0, 0, 1, 1, 1, 1, 1, 2, 0, 0, 0, 0, 0, 0, 0, 0, 0, 0, 0, 0, 0]",1152,256,5662310400.0,165169920.0,5502717582,5502739856,5509099061,5510023536,49152,70367,69567,690264,2,20235,923675,512,384,384,2
205,1,"[4, 0, 0, 0, 0, 0, 0, 0, 0, 0, 0, 0, 0, 0, 0, 4, 0, 0, 0, 0, 0, 0, 0, 0, 0, 0, 0, 0, 0, 0]",20480,512,94371840.0,94371840.0,5510081128,5510459566,5510093103,5511270185,640,332637,735,690265,4,38507,845180,512,384,384,2
35,1,"[2, 512, 40, 24, 24, 0, 0, 0, 0, 0, 0, 0, 0, 0, 0, 2, 512, 40, 24, 24, 0, 0, 0, 0, 0, 0, 0, 0, 0, 0]",23040,128,11796480.0,70778880.0,5510580428,5510590066,5511270920,5511542791,0,800,800,690266,1,9638,271871,512,384,384,2
203,1,"[512, 40, 24, 24, 240, 24, 24, 1, 1, 0, 0, 1, 1, 1, 1, 1, 2, 0, 0, 0, 0, 0, 0, 0, 0, 0, 0, 0, 0, 0]",2304,256,5662310400.0,165169920.0,5510839578,5510861314,5511543591,5512603200,49152,62912,62144,690267,2,19753,1058841,512,384,384,2
205,1,"[4, 0, 0, 0, 0, 0, 0, 0, 0, 0, 0, 0, 0, 0, 0, 4, 0, 0, 0, 0, 0, 0, 0, 0, 0, 0, 0, 0, 0, 0]",122880,512,566231040.0,566231040.0,5512654842,5513030998,5512665344,5516797225,640,1475095,1144089,690268,4,37149,3800875,512,384,384,2
243,1,"[2, 512, 240, 24, 24, 0, 0, 0, 0, 0, 0, 0, 0, 0, 0, 0, 0, 0, 0, 0, 0, 0, 0, 0, 0, 0, 0, 0, 0, 0]",138240,128,0.0,0.0,5513212744,5513220602,5517941314,5519070939,0,960,960,690269,1,7858,1129625,512,384,384,2
203,1,"[512, 240, 24, 24, 240, 24, 24, 5, 5, 2, 2, 1, 1, 1, 1, 240, 2, 0, 0, 0, 0, 0, 0, 0, 0, 0, 0, 0, 0, 0]",46080,256,0.0,0.0,5513435032,5513448078,5519071899,5522043370,18944,65216,65216,690271,1,13046,2971471,512,384,384,2
205,1,"[4, 0, 0, 0, 0, 0, 0, 0, 0, 0, 0, 0, 0, 0, 0, 4, 0, 0, 0, 0, 0, 0, 0, 0, 0, 0, 0, 0, 0, 0]",122880,512,566231040.0,566231040.0,5522097511,5522465543,5522108586,5526148882,640,1459866,1146618,690272,4,47350,3727048,512,384,384,2
243,1,"[2, 512, 240, 24, 24, 0, 0, 0, 0, 0, 0, 0, 0, 0, 0, 0, 0, 0, 0, 0, 0, 0, 0, 0, 0, 0, 0, 0, 0, 0]",138240,128,0.0,0.0,5522633457,5522640637,5527295500,5528427333,0,864,864,690273,1,7180,1131833,512,384,384,2
199,1,"[2, 512, 240, 24, 24, 0, 0, 0, 0, 0, 0, 0, 0, 0, 0, 0, 0, 0, 0, 0, 0, 0, 0, 0, 0, 0, 0, 0, 0, 0]",7680,512,0.0,0.0,5522783880,5522793779,5528428197,5529043522,16,896,896,690275,1,9899,615325,512,384,384,2
203,1,"[512, 240, 1, 1, 64, 1, 1, 1, 1, 0, 0, 1, 1, 1, 1, 1, 2, 0, 0, 0, 0, 0, 0, 0, 0, 0, 0, 0, 0, 0]",64,128,0.0,0.0,5523033650,5523088837,5529044418,5529060673,0,2176,801,690276,2,22260,14880,512,384,384,2
152,1,"[2, 512, 64, 1, 1, 0, 0, 0, 0, 0, 0, 0, 0, 0, 0, 0, 0, 0, 0, 0, 0, 0, 0, 0, 0, 0, 0, 0, 0, 0]",64,128,32768.0,131072.0,5523335415,5523346576,5529061474,5529064546,0,927,927,690277,1,11161,3072,512,384,384,2
203,1,"[512, 64, 1, 1, 240, 1, 1, 1, 1, 0, 0, 1, 1, 1, 1, 1, 2, 0, 0, 0, 0, 0, 0, 0, 0, 0, 0, 0, 0, 0]",240,128,0.0,0.0,5523588547,5523639387,5529065473,5529079905,0,1791,832,690278,2,21971,13473,512,384,384,2
244,1,"[2, 512, 240, 1, 1, 0, 0, 0, 0, 0, 0, 0, 0, 0, 0, 0, 0, 0, 0, 0, 0, 0, 0, 0, 0, 0, 0, 0, 0, 0]",240,128,0.0,0.0,5523793451,5523804046,5529080737,5529084065,0,832,832,690279,1,10595,3328,512,384,384,2
23,1,"[2, 512, 240, 1, 1, 0, 0, 0, 0, 0, 0, 0, 0, 0, 0, 2, 512, 240, 24, 24, 0, 0, 0, 0, 0, 0, 0, 0, 0, 0]",138240,128,70778880.0,283361280.0,5523914202,5523923367,5529084897,5530566169,0,896,896,690280,1,9165,1481272,512,384,384,2
203,1,"[512, 240, 24, 24, 40, 24, 24, 1, 1, 0, 0, 1, 1, 1, 1, 1, 2, 0, 0, 0, 0, 0, 0, 0, 0, 0, 0, 0, 0, 0]",1152,256,5662310400.0,165169920.0,5524148004,5524171433,5530567065,5531464212,49152,63391,62431,690281,2,21332,896187,512,384,384,2
205,1,"[4, 0, 0, 0, 0, 0, 0, 0, 0, 0, 0, 0, 0, 0, 0, 4, 0, 0, 0, 0, 0, 0, 0, 0, 0, 0, 0, 0, 0, 0]",20480,512,94371840.0,94371840.0,5531515126,5531992814,5531526643,5532783500,640,434174,768,690282,4,37723,823451,512,384,384,2
35,1,"[2, 512, 40, 24, 24, 0, 0, 0, 0, 0, 0, 0, 0, 0, 0, 2, 512, 40, 24, 24, 0, 0, 0, 0, 0, 0, 0, 0, 0, 0]",23040,128,11796480.0,70778880.0,5532110587,5532119241,5532784268,5533057130,0,864,864,690283,1,8654,272862,512,384,384,2
203,1,"[512, 40, 24, 24, 120, 24, 24, 1, 1, 0, 0, 1, 1, 1, 1, 1, 2, 0, 0, 0, 0, 0, 0, 0, 0, 0, 0, 0, 0, 0]",9216,256,2831155200.0,94381440.0,5532347942,5532370780,5533057994,5533898598,5376,60351,59487,690284,2,21010,839740,512,384,384,2
205,1,"[4, 0, 0, 0, 0, 0, 0, 0, 0, 0, 0, 0, 0, 0, 0, 4, 0, 0, 0, 0, 0, 0, 0, 0, 0, 0, 0, 0, 0, 0]",61440,512,283115520.0,283115520.0,5533947931,5534283379,5533958085,5536274776,640,868475,575196,690285,4,34142,2023412,512,384,384,2
243,1,"[2, 512, 120, 24, 24, 0, 0, 0, 0, 0, 0, 0, 0, 0, 0, 0, 0, 0, 0, 0, 0, 0, 0, 0, 0, 0, 0, 0, 0, 0]",69120,128,0.0,0.0,5534452240,5534459877,5536849972,5537417617,0,864,864,690286,1,7637,567645,512,384,384,2
203,1,"[512, 120, 24, 24, 120, 24, 24, 5, 5, 2, 2, 1, 1, 1, 1, 120, 2, 0, 0, 0, 0, 0, 0, 0, 0, 0, 0, 0, 0, 0]",23040,256,0.0,0.0,5534661570,5534673593,5537418481,5538857193,18944,59584,59584,690288,1,12023,1438712,512,384,384,2
205,1,"[4, 0, 0, 0, 0, 0, 0, 0, 0, 0, 0, 0, 0, 0, 0, 4, 0, 0, 0, 0, 0, 0, 0, 0, 0, 0, 0, 0, 0, 0]",61440,512,283115520.0,283115520.0,5538905772,5539243197,5538916777,5541231163,640,869530,576093,690289,4,34913,2020949,512,384,384,2
243,1,"[2, 512, 120, 24, 24, 0, 0, 0, 0, 0, 0, 0, 0, 0, 0, 0, 0, 0, 0, 0, 0, 0, 0, 0, 0, 0, 0, 0, 0, 0]",69120,128,0.0,0.0,5539406790,5539414034,5541807256,5542374709,0,800,800,690290,1,7244,567453,512,384,384,2
199,1,"[2, 512, 120, 24, 24, 0, 0, 0, 0, 0, 0, 0, 0, 0, 0, 0, 0, 0, 0, 0, 0, 0, 0, 0, 0, 0, 0, 0, 0, 0]",3840,512,0.0,0.0,5539558242,5539568100,5542375509,5542695347,16,832,832,690292,1,9858,319838,512,384,384,2
203,1,"[512, 120, 1, 1, 32, 1, 1, 1, 1, 0, 0, 1, 1, 1, 1, 1, 2, 0, 0, 0, 0, 0, 0, 0, 0, 0, 0, 0, 0, 0]",32,128,0.0,0.0,5539799492,5539851470,5542696179,5542709619,0,1888,1120,690293,2,22260,12672,512,384,384,2
152,1,"[2, 512, 32, 1, 1, 0, 0, 0, 0, 0, 0, 0, 0, 0, 0, 0, 0, 0, 0, 0, 0, 0, 0, 0, 0, 0, 0, 0, 0, 0]",32,128,16384.0,65536.0,5540097596,5540109154,5542710739,5542713459,0,896,896,690294,1,11558,2720,512,384,384,2
203,1,"[512, 32, 1, 1, 120, 1, 1, 1, 1, 0, 0, 1, 1, 1, 1, 1, 2, 0, 0, 0, 0, 0, 0, 0, 0, 0, 0, 0, 0, 0]",120,128,0.0,0.0,5540344517,5540397556,5542714355,5542725427,0,1695,927,690295,2,21554,10304,512,384,384,2
244,1,"[2, 512, 120, 1, 1, 0, 0, 0, 0, 0, 0, 0, 0, 0, 0, 0, 0, 0, 0, 0, 0, 0, 0, 0, 0, 0, 0, 0, 0, 0]",120,128,0.0,0.0,5540551441,5540562104,5542726354,5542729747,0,767,767,690296,1,10663,3393,512,384,384,2
23,1,"[2, 512, 120, 1, 1, 0, 0, 0, 0, 0, 0, 0, 0, 0, 0, 2, 512, 120, 24, 24, 0, 0, 0, 0, 0, 0, 0, 0, 0, 0]",69120,128,35389440.0,141680640.0,5540675350,5540685361,5542730514,5543471054,0,800,800,690297,1,10011,740540,512,384,384,2
203,1,"[512, 120, 24, 24, 48, 24, 24, 1, 1, 0, 0, 1, 1, 1, 1, 1, 2, 0, 0, 0, 0, 0, 0, 0, 0, 0, 0, 0, 0, 0]",2304,256,3397386240.0,99101952.0,5540913096,5540934872,5543471854,5544331593,16384,54752,53984,690298,2,19237,858971,512,384,384,2
205,1,"[4, 0, 0, 0, 0, 0, 0, 0, 0, 0, 0, 0, 0, 0, 0, 4, 0, 0, 0, 0, 0, 0, 0, 0, 0, 0, 0, 0, 0, 0]",24576,512,113246208.0,113246208.0,5544375761,5544715409,5544385577,5545624642,640,295934,960,690299,4,36240,944091,512,384,384,2
203,1,"[512, 48, 24, 24, 144, 24, 24, 1, 1, 0, 0, 1, 1, 1, 1, 1, 2, 0, 0, 0, 0, 0, 0, 0, 0, 0, 0, 0, 0, 0]",11520,256,4076863488.0,113260032.0,5544968787,5544990107,5545625602,5546828891,5376,61088,60320,690300,2,19216,1202521,512,384,384,2
205,1,"[4, 0, 0, 0, 0, 0, 0, 0, 0, 0, 0, 0, 0, 0, 0, 4, 0, 0, 0, 0, 0, 0, 0, 0, 0, 0, 0, 0, 0, 0]",73728,512,339738624.0,339738624.0,5546878534,5547218701,5546889211,5549512140,640,983450,688572,690301,4,34881,2328051,512,384,384,2
243,1,"[2, 512, 144, 24, 24, 0, 0, 0, 0, 0, 0, 0, 0, 0, 0, 0, 0, 0, 0, 0, 0, 0, 0, 0, 0, 0, 0, 0, 0, 0]",82944,128,0.0,0.0,5547385543,5547392843,5550200712,5550879748,0,864,864,690302,1,7300,679036,512,384,384,2
203,1,"[512, 144, 24, 24, 144, 24, 24, 5, 5, 2, 2, 1, 1, 1, 1, 144, 2, 0, 0, 0, 0, 0, 0, 0, 0, 0, 0, 0, 0, 0]",27648,256,0.0,0.0,5547590885,5547603247,5550880612,5552667705,18944,59552,59552,690304,1,12362,1787093,512,384,384,2
205,1,"[4, 0, 0, 0, 0, 0, 0, 0, 0, 0, 0, 0, 0, 0, 0, 4, 0, 0, 0, 0, 0, 0, 0, 0, 0, 0, 0, 0, 0, 0]",73728,512,339738624.0,339738624.0,5552716419,5553062166,5552727257,5555351401,640,992091,689117,690305,4,34793,2321170,512,384,384,2
243,1,"[2, 512, 144, 24, 24, 0, 0, 0, 0, 0, 0, 0, 0, 0, 0, 0, 0, 0, 0, 0, 0, 0, 0, 0, 0, 0, 0, 0, 0, 0]",82944,128,0.0,0.0,5553233761,5553241306,5556040518,5556718914,0,928,928,690306,1,7545,678396,512,384,384,2
199,1,"[2, 512, 144, 24, 24, 0, 0, 0, 0, 0, 0, 0, 0, 0, 0, 0, 0, 0, 0, 0, 0, 0, 0, 0, 0, 0, 0, 0, 0, 0]",4608,512,0.0,0.0,5553382706,5553392333,5556719842,5557099168,16,927,927,690308,1,9627,379326,512,384,384,2
203,1,"[512, 144, 1, 1, 40, 1, 1, 1, 1, 0, 0, 1, 1, 1, 1, 1, 2, 0, 0, 0, 0, 0, 0, 0, 0, 0, 0, 0, 0, 0]",40,128,0.0,0.0,5553622689,5553674017,5557100095,5557115391,0,2048,1216,690309,2,21643,14464,512,384,384,2
152,1,"[2, 512, 40, 1, 1, 0, 0, 0, 0, 0, 0, 0, 0, 0, 0, 0, 0, 0, 0, 0, 0, 0, 0, 0, 0, 0, 0, 0, 0, 0]",40,128,20480.0,81920.0,5554054250,5554067943,5557116607,5557119392,0,863,863,690310,1,13693,2785,512,384,384,2
203,1,"[512, 40, 1, 1, 144, 1, 1, 1, 1, 0, 0, 1, 1, 1, 1, 1, 2, 0, 0, 0, 0, 0, 0, 0, 0, 0, 0, 0, 0, 0]",144,128,0.0,0.0,5554314482,5554364875,5557120255,5557132383,0,1952,1056,690311,2,21344,11232,512,384,384,2
244,1,"[2, 512, 144, 1, 1, 0, 0, 0, 0, 0, 0, 0, 0, 0, 0, 0, 0, 0, 0, 0, 0, 0, 0, 0, 0, 0, 0, 0, 0, 0]",144,128,0.0,0.0,5554518967,5554529284,5557133439,5557136543,0,800,800,690312,1,10317,3104,512,384,384,2
23,1,"[2, 512, 144, 1, 1, 0, 0, 0, 0, 0, 0, 0, 0, 0, 0, 2, 512, 144, 24, 24, 0, 0, 0, 0, 0, 0, 0, 0, 0, 0]",82944,128,42467328.0,170016768.0,5554638911,5554647971,5557137343,5558047258,0,864,864,690313,1,9060,909915,512,384,384,2
203,1,"[512, 144, 24, 24, 48, 24, 24, 1, 1, 0, 0, 1, 1, 1, 1, 1, 2, 0, 0, 0, 0, 0, 0, 0, 0, 0, 0, 0, 0, 0]",2304,256,4076863488.0,113260032.0,5554867925,5554889099,5558048122,5559081556,16384,60064,59232,690314,2,19142,1032602,512,384,384,2
205,1,"[4, 0, 0, 0, 0, 0, 0, 0, 0, 0, 0, 0, 0, 0, 0, 4, 0, 0, 0, 0, 0, 0, 0, 0, 0, 0, 0, 0, 0, 0]",24576,512,113246208.0,113246208.0,5559130020,5559472128,5559140788,5560384461,640,300317,799,690315,4,34651,944155,512,384,384,2
35,1,"[2, 512, 48, 24, 24, 0, 0, 0, 0, 0, 0, 0, 0, 0, 0, 2, 512, 48, 24, 24, 0, 0, 0, 0, 0, 0, 0, 0, 0, 0]",27648,128,14155776.0,84934656.0,5559580978,5559589723,5560385260,5560711403,0,832,832,690316,1,8745,326143,512,384,384,2
203,1,"[512, 48, 24, 24, 288, 24, 24, 1, 1, 0, 0, 1, 1, 1, 1, 1, 2, 0, 0, 0, 0, 0, 0, 0, 0, 0, 0, 0, 0, 0]",3456,256,8153726976.0,198208512.0,5559819650,5559840095,5560712235,5562303106,49152,61631,60703,690317,2,18486,1589943,512,384,384,2
205,1,"[4, 0, 0, 0, 0, 0, 0, 0, 0, 0, 0, 0, 0, 0, 0, 4, 0, 0, 0, 0, 0, 0, 0, 0, 0, 0, 0, 0, 0, 0]",147456,512,679477248.0,679477248.0,5562353285,5562699781,5562363809,5567499107,640,1673686,1369720,690318,4,34829,4831332,512,384,384,2
243,1,"[2, 512, 288, 24, 24, 0, 0, 0, 0, 0, 0, 0, 0, 0, 0, 0, 0, 0, 0, 0, 0, 0, 0, 0, 0, 0, 0, 0, 0, 0]",165888,128,0.0,0.0,5562866433,5562873531,5568868827,5570220404,0,832,832,690319,1,7098,1351577,512,384,384,2
203,1,"[512, 288, 24, 24, 288, 12, 12, 5, 5, 2, 2, 2, 2, 1, 1, 288, 2, 0, 0, 0, 0, 0, 0, 0, 0, 0, 0, 0, 0, 0]",20736,1024,0.0,0.0,5563038184,5563049077,5570221236,5574123709,0,56000,56000,690321,1,10893,3902473,512,384,384,2
205,1,"[4, 0, 0, 0, 0, 0, 0, 0, 0, 0, 0, 0, 0, 0, 0, 4, 0, 0, 0, 0, 0, 0, 0, 0, 0, 0, 0, 0, 0, 0]",147456,512,169869312.0,169869312.0,5574168710,5574509308,5574179709,5575703284,640,642845,345662,690322,4,35411,1226392,512,384,384,2
243,1,"[2, 512, 288, 12, 12, 0, 0, 0, 0, 0, 0, 0, 0, 0, 0, 0, 0, 0, 0, 0, 0, 0, 0, 0, 0, 0, 0, 0, 0, 0]",41472,128,0.0,0.0,5574671539,5574678751,5576048946,5576389008,0,992,992,690323,1,7212,340062,512,384,384,2
199,1,"[2, 512, 288, 12, 12, 0, 0, 0, 0, 0, 0, 0, 0, 0, 0, 0, 0, 0, 0, 0, 0, 0, 0, 0, 0, 0, 0, 0, 0, 0]",9216,512,0.0,0.0,5574819115,5574828479,5576390000,5576710318,16,1024,1024,690325,1,9364,320318,512,384,384,2
203,1,"[512, 288, 1, 1, 72, 1, 1, 1, 1, 0, 0, 1, 1, 1, 1, 1, 2, 0, 0, 0, 0, 0, 0, 0, 0, 0, 0, 0, 0, 0]",72,128,0.0,0.0,5575066081,5575120222,5576711342,5576729742,0,2624,992,690326,2,24155,16768,512,384,384,2
152,1,"[2, 512, 72, 1, 1, 0, 0, 0, 0, 0, 0, 0, 0, 0, 0, 0, 0, 0, 0, 0, 0, 0, 0, 0, 0, 0, 0, 0, 0, 0]",72,128,36864.0,147456.0,5575363900,5575375030,5576730734,5576733806,0,960,960,690327,1,11130,3072,512,384,384,2
203,1,"[512, 72, 1, 1, 288, 1, 1, 1, 1, 0, 0, 1, 1, 1, 1, 1, 2, 0, 0, 0, 0, 0, 0, 0, 0, 0, 0, 0, 0, 0]",288,128,0.0,0.0,5575613274,5575663344,5576734766,5576750574,0,1984,1088,690328,2,21396,14912,512,384,384,2
244,1,"[2, 512, 288, 1, 1, 0, 0, 0, 0, 0, 0, 0, 0, 0, 0, 0, 0, 0, 0, 0, 0, 0, 0, 0, 0, 0, 0, 0, 0, 0]",288,128,0.0,0.0,5575816632,5575826695,5576751662,5576755470,0,992,992,690329,1,10063,3808,512,384,384,2
23,1,"[2, 512, 288, 1, 1, 0, 0, 0, 0, 0, 0, 0, 0, 0, 0, 2, 512, 288, 12, 12, 0, 0, 0, 0, 0, 0, 0, 0, 0, 0]",41472,128,21233664.0,85229568.0,5575935555,5575944953,5576756462,5577229547,0,864,864,690330,1,9398,473085,512,384,384,2
203,1,"[512, 288, 12, 12, 96, 12, 12, 1, 1, 0, 0, 1, 1, 1, 1, 1, 2, 0, 0, 0, 0, 0, 0, 0, 0, 0, 0, 0, 0, 0]",23040,256,0.0,0.0,5576181127,5576225831,5577230411,5578069670,2112,61984,59808,690331,3,34604,837083,512,384,384,2
205,1,"[4, 0, 0, 0, 0, 0, 0, 0, 0, 0, 0, 0, 0, 0, 0, 4, 0, 0, 0, 0, 0, 0, 0, 0, 0, 0, 0, 0, 0, 0]",49152,512,56623104.0,56623104.0,5578118954,5578460331,5578129478,5578928353,640,297917,960,690332,4,38694,501918,512,384,384,2
203,1,"[512, 96, 12, 12, 576, 12, 12, 1, 1, 0, 0, 1, 1, 1, 1, 1, 2, 0, 0, 0, 0, 0, 0, 0, 0, 0, 0, 0, 0, 0]",7680,256,8153726976.0,99201024.0,5578716414,5578750314,5578929313,5580148442,49152,60447,58592,690333,3,28148,1217274,512,384,384,2
205,1,"[4, 0, 0, 0, 0, 0, 0, 0, 0, 0, 0, 0, 0, 0, 0, 4, 0, 0, 0, 0, 0, 0, 0, 0, 0, 0, 0, 0, 0, 0]",262080,512,339738624.0,339738624.0,5580196536,5580528010,5580207034,5582959754,640,977818,687260,690334,4,33200,2462162,512,384,384,2
243,1,"[2, 512, 576, 12, 12, 0, 0, 0, 0, 0, 0, 0, 0, 0, 0, 0, 0, 0, 0, 0, 0, 0, 0, 0, 0, 0, 0, 0, 0, 0]",82944,128,0.0,0.0,5580689646,5580696552,5583647014,5584324354,0,864,864,690335,1,6906,677340,512,384,384,2
203,1,"[512, 576, 12, 12, 576, 12, 12, 5, 5, 2, 2, 1, 1, 1, 1, 576, 2, 0, 0, 0, 0, 0, 0, 0, 0, 0, 0, 0, 0, 0]",36864,256,0.0,0.0,5581069570,5581084206,5584325218,5586499190,16320,64095,64095,690337,1,14636,2173972,512,384,384,2
205,1,"[4, 0, 0, 0, 0, 0, 0, 0, 0, 0, 0, 0, 0, 0, 0, 4, 0, 0, 0, 0, 0, 0, 0, 0, 0, 0, 0, 0, 0, 0]",262080,512,339738624.0,339738624.0,5586551178,5586892413,5586563285,5589284006,640,985081,687804,690338,4,36472,2423444,512,384,384,2
243,1,"[2, 512, 576, 12, 12, 0, 0, 0, 0, 0, 0, 0, 0, 0, 0, 0, 0, 0, 0, 0, 0, 0, 0, 0, 0, 0, 0, 0, 0, 0]",82944,128,0.0,0.0,5587056284,5587063496,5589971810,5590649758,0,832,832,690339,1,7212,677948,512,384,384,2
199,1,"[2, 512, 576, 12, 12, 0, 0, 0, 0, 0, 0, 0, 0, 0, 0, 0, 0, 0, 0, 0, 0, 0, 0, 0, 0, 0, 0, 0, 0, 0]",18432,512,0.0,0.0,5587217657,5587228577,5590650590,5591269274,16,832,832,690341,1,10920,618684,512,384,384,2
203,1,"[512, 576, 1, 1, 144, 1, 1, 1, 1, 0, 0, 1, 1, 1, 1, 1, 2, 0, 0, 0, 0, 0, 0, 0, 0, 0, 0, 0, 0, 0]",144,128,0.0,0.0,5587469082,5587521853,5591270106,5591294202,0,2656,1184,690342,2,21754,22624,512,384,384,2
152,1,"[2, 512, 144, 1, 1, 0, 0, 0, 0, 0, 0, 0, 0, 0, 0, 0, 0, 0, 0, 0, 0, 0, 0, 0, 0, 0, 0, 0, 0, 0]",144,128,73728.0,294912.0,5587768265,5587779342,5591295386,5591298714,0,960,960,690343,1,11077,3328,512,384,384,2
203,1,"[512, 144, 1, 1, 576, 1, 1, 1, 1, 0, 0, 1, 1, 1, 1, 1, 2, 0, 0, 0, 0, 0, 0, 0, 0, 0, 0, 0, 0, 0]",576,128,0.0,0.0,5588018649,5588070013,5591299674,5591321722,0,1728,864,690344,2,22174,21184,512,384,384,2
244,1,"[2, 512, 576, 1, 1, 0, 0, 0, 0, 0, 0, 0, 0, 0, 0, 0, 0, 0, 0, 0, 0, 0, 0, 0, 0, 0, 0, 0, 0, 0]",576,128,0.0,0.0,5588224814,5588237378,5591322586,5591326874,0,928,928,690345,1,12564,4288,512,384,384,2
23,1,"[2, 512, 576, 1, 1, 0, 0, 0, 0, 0, 0, 0, 0, 0, 0, 2, 512, 576, 12, 12, 0, 0, 0, 0, 0, 0, 0, 0, 0, 0]",82944,128,42467328.0,170459136.0,5588346934,5588356176,5591327802,5592260820,0,832,832,690346,1,9242,933018,512,384,384,2
203,1,"[512, 576, 12, 12, 96, 12, 12, 1, 1, 0, 0, 1, 1, 1, 1, 1, 2, 0, 0, 0, 0, 0, 0, 0, 0, 0, 0, 0, 0, 0]",46080,256,0.0,0.0,5588581458,5588614851,5592261652,5593758252,2112,63328,61119,690347,3,25925,1494391,512,384,384,2
205,1,"[4, 0, 0, 0, 0, 0, 0, 0, 0, 0, 0, 0, 0, 0, 0, 4, 0, 0, 0, 0, 0, 0, 0, 0, 0, 0, 0, 0, 0, 0]",49152,512,56623104.0,56623104.0,5593808809,5594148727,5593819371,5594607815,640,295039,992,690348,4,37580,494397,512,384,384,2
35,1,"[2, 512, 96, 12, 12, 0, 0, 0, 0, 0, 0, 0, 0, 0, 0, 2, 512, 96, 12, 12, 0, 0, 0, 0, 0, 0, 0, 0, 0, 0]",13824,128,7077888.0,42467328.0,5594261501,5594270424,5594608807,5594771910,0,960,960,690349,1,8923,163103,512,384,384,2
203,1,"[512, 96, 12, 12, 576, 12, 12, 1, 1, 0, 0, 1, 1, 1, 1, 1, 2, 0, 0, 0, 0, 0, 0, 0, 0, 0, 0, 0, 0, 0]",7680,256,8153726976.0,99201024.0,5594501471,5594531184,5594772870,5595981951,49152,63072,61216,690350,3,24775,1207225,512,384,384,2
205,1,"[4, 0, 0, 0, 0, 0, 0, 0, 0, 0, 0, 0, 0, 0, 0, 4, 0, 0, 0, 0, 0, 0, 0, 0, 0, 0, 0, 0, 0, 0]",262080,512,339738624.0,339738624.0,5596032906,5596367865,5596043167,5598758447,640,978684,687644,690351,4,35854,2424240,512,384,384,2
243,1,"[2, 512, 576, 12, 12, 0, 0, 0, 0, 0, 0, 0, 0, 0, 0, 0, 0, 0, 0, 0, 0, 0, 0, 0, 0, 0, 0, 0, 0, 0]",82944,128,0.0,0.0,5596531632,5596538602,5599446091,5600124103,0,960,960,690352,1,6970,678012,512,384,384,2
203,1,"[512, 576, 12, 12, 576, 12, 12, 5, 5, 2, 2, 1, 1, 1, 1, 576, 2, 0, 0, 0, 0, 0, 0, 0, 0, 0, 0, 0, 0, 0]",36864,256,0.0,0.0,5596733590,5596745672,5600125063,5602294810,16320,62400,62400,690354,1,12082,2169747,512,384,384,2
205,1,"[4, 0, 0, 0, 0, 0, 0, 0, 0, 0, 0, 0, 0, 0, 0, 4, 0, 0, 0, 0, 0, 0, 0, 0, 0, 0, 0, 0, 0, 0]",262080,512,339738624.0,339738624.0,5602346614,5602681272,5602357210,5605080970,640,980858,688380,690355,4,34400,2431282,512,384,384,2
243,1,"[2, 512, 576, 12, 12, 0, 0, 0, 0, 0, 0, 0, 0, 0, 0, 0, 0, 0, 0, 0, 0, 0, 0, 0, 0, 0, 0, 0, 0, 0]",82944,128,0.0,0.0,5602846183,5602853001,5605769350,5606447778,0,928,928,690356,1,6818,678428,512,384,384,2
199,1,"[2, 512, 576, 12, 12, 0, 0, 0, 0, 0, 0, 0, 0, 0, 0, 0, 0, 0, 0, 0, 0, 0, 0, 0, 0, 0, 0, 0, 0, 0]",18432,512,0.0,0.0,5602993425,5603003266,5606448706,5607062207,16,992,992,690358,1,9841,613501,512,384,384,2
203,1,"[512, 576, 1, 1, 144, 1, 1, 1, 1, 0, 0, 1, 1, 1, 1, 1, 2, 0, 0, 0, 0, 0, 0, 0, 0, 0, 0, 0, 0, 0]",144,128,0.0,0.0,5603239892,5603291828,5607063199,5607086847,0,2368,896,690359,2,21605,22176,512,384,384,2
152,1,"[2, 512, 144, 1, 1, 0, 0, 0, 0, 0, 0, 0, 0, 0, 0, 0, 0, 0, 0, 0, 0, 0, 0, 0, 0, 0, 0, 0, 0, 0]",144,128,73728.0,294912.0,5603540089,5603551622,5607087743,5607090975,0,1023,1023,690360,1,11533,3232,512,384,384,2
203,1,"[512, 144, 1, 1, 576, 1, 1, 1, 1, 0, 0, 1, 1, 1, 1, 1, 2, 0, 0, 0, 0, 0, 0, 0, 0, 0, 0, 0, 0, 0]",576,128,0.0,0.0,5603791453,5603841972,5607091998,5607114014,0,1953,1057,690361,2,21253,21120,512,384,384,2
244,1,"[2, 512, 576, 1, 1, 0, 0, 0, 0, 0, 0, 0, 0, 0, 0, 0, 0, 0, 0, 0, 0, 0, 0, 0, 0, 0, 0, 0, 0, 0]",576,128,0.0,0.0,5603996477,5604006374,5607115071,5607119358,0,929,929,690362,1,9897,4287,512,384,384,2
23,1,"[2, 512, 576, 1, 1, 0, 0, 0, 0, 0, 0, 0, 0, 0, 0, 2, 512, 576, 12, 12, 0, 0, 0, 0, 0, 0, 0, 0, 0, 0]",82944,128,42467328.0,170459136.0,5604115748,5604124605,5607120287,5608049465,0,896,896,690363,1,8857,929178,512,384,384,2
203,1,"[512, 576, 12, 12, 96, 12, 12, 1, 1, 0, 0, 1, 1, 1, 1, 1, 2, 0, 0, 0, 0, 0, 0, 0, 0, 0, 0, 0, 0, 0]",46080,256,0.0,0.0,5604350567,5604384221,5608050361,5609536081,2112,61855,59807,690364,3,26336,1483672,512,384,384,2
205,1,"[4, 0, 0, 0, 0, 0, 0, 0, 0, 0, 0, 0, 0, 0, 0, 4, 0, 0, 0, 0, 0, 0, 0, 0, 0, 0, 0, 0, 0, 0]",49152,512,56623104.0,56623104.0,5609584656,5610073274,5609595888,5610532395,640,444766,896,690365,4,37966,492637,512,384,384,2
35,1,"[2, 512, 96, 12, 12, 0, 0, 0, 0, 0, 0, 0, 0, 0, 0, 2, 512, 96, 12, 12, 0, 0, 0, 0, 0, 0, 0, 0, 0, 0]",13824,128,7077888.0,42467328.0,5610185257,5610194333,5610533291,5610697290,0,928,928,690366,1,9076,163999,512,384,384,2
203,1,"[512, 96, 12, 12, 576, 12, 12, 1, 1, 0, 0, 1, 1, 1, 1, 1, 2, 0, 0, 0, 0, 0, 0, 0, 0, 0, 0, 0, 0, 0]",7680,256,8153726976.0,99201024.0,5610412432,5610443274,5610698218,5611909219,49152,59743,58015,690367,3,25970,1209273,512,384,384,2
205,1,"[4, 0, 0, 0, 0, 0, 0, 0, 0, 0, 0, 0, 0, 0, 0, 4, 0, 0, 0, 0, 0, 0, 0, 0, 0, 0, 0, 0, 0, 0]",262080,512,339738624.0,339738624.0,5611957060,5612270987,5611967234,5614666003,640,959835,688508,690368,4,33538,2427442,512,384,384,2
243,1,"[2, 512, 576, 12, 12, 0, 0, 0, 0, 0, 0, 0, 0, 0, 0, 0, 0, 0, 0, 0, 0, 0, 0, 0, 0, 0, 0, 0, 0, 0]",82944,128,0.0,0.0,5612424579,5612431501,5615354511,5616032491,0,768,768,690369,1,6922,677980,512,384,384,2
199,1,"[2, 512, 576, 12, 12, 0, 0, 0, 0, 0, 0, 0, 0, 0, 0, 0, 0, 0, 0, 0, 0, 0, 0, 0, 0, 0, 0, 0, 0, 0]",18432,512,0.0,0.0,5612543388,5612555172,5616033259,5616645768,16,927,927,690371,1,11784,612509,512,384,384,2
201,1,"[2, 512, 576, 0, 0, 0, 0, 0, 0, 0, 2, 1024, 576, 0, 0, 0, 0, 0, 0, 0, 2, 1024, 0, 0, 0, 0, 0, 0, 0, 0]",32,128,603979776.0,1703936.0,5612824372,5612840032,5616646695,5616678279,32768,7872,7872,690373,1,15660,31584,512,384,384,2
243,1,"[2, 512, 1024, 0, 0, 0, 0, 0, 0, 0, 0, 0, 0, 0, 0, 0, 0, 0, 0, 0, 0, 0, 0, 0, 0, 0, 0, 0, 0, 0]",1024,128,0.0,0.0,5613003661,5613011842,5616686151,5616692167,0,896,896,690375,1,8181,6016,512,384,384,2
212,1,"[2, 512, 1024, 0, 0, 0, 0, 0, 0, 0, 0, 0, 0, 0, 0, 0, 0, 0, 0, 0, 0, 0, 0, 0, 0, 0, 0, 0, 0, 0]",1024,256,2621440.0,2097152.0,5613154880,5613220890,5616693063,5616715271,0,2752,832,690377,3,29833,20288,512,384,384,2
201,1,"[2, 512, 1024, 0, 0, 0, 0, 0, 0, 0, 2, 159, 1024, 0, 0, 0, 0, 0, 0, 0, 2, 159, 0, 0, 0, 0, 0, 0, 0, 0]",32,128,166723584.0,1292800.0,5613410128,5613425601,5616716103,5616765895,0,1344,1344,690378,1,15473,49792,512,384,384,2
201,1,"[2, 512, 1024, 0, 0, 0, 0, 0, 0, 0, 2, 159, 1024, 0, 0, 0, 0, 0, 0, 0, 2, 159, 0, 0, 0, 0, 0, 0, 0, 0]",160,512,166723584.0,1292800.0,5613427872,5613435971,5616767239,5616774759,0,992,992,690379,1,8099,7520,512,384,384,2
181,1,"[2, 512, 159, 0, 0, 0, 0, 0, 0, 0, 0, 0, 0, 0, 0, 4, 512, 159, 0, 0, 0, 0, 0, 0, 0, 0, 0, 0, 0, 0]",159,512,0.0,0.0,5613634641,5613802431,5616775751,5616812262,16,524027,519838,690380,5,53142,32322,512,384,384,2
181,2,"[2, 512, 159, 0, 0, 0, 0, 0, 0, 0, 0, 0, 0, 0, 0, 4, 512, 159, 0, 0, 0, 0, 0, 0, 0, 0, 0, 0, 0, 0]",318,128,0.0,0.0,5617313146,5617521007,5617332100,5617524803,0,271966,93055,690380,4,47288,13792,512,384,384,2
201,2,"[2, 512, 1024, 0, 0, 0, 0, 0, 0, 0, 2, 159, 1024, 0, 0, 0, 0, 0, 0, 0, 2, 159, 0, 0, 0, 0, 0, 0, 0, 0]",320,512,166723584.0,1292800.0,5617607487,5617697085,5617617858,5617722625,0,255998,218623,690379,3,30543,67392,512,384,384,2
212,2,"[2, 512, 1024, 0, 0, 0, 0, 0, 0, 0, 0, 0, 0, 0, 0, 0, 0, 0, 0, 0, 0, 0, 0, 0, 0, 0, 0, 0, 0, 0]",1024,128,2621440.0,2097152.0,5617930968,5617941404,5617941248,5617954912,0,44256,44256,690377,1,10436,13664,512,384,384,2
243,2,"[2, 512, 1024, 0, 0, 0, 0, 0, 0, 0, 0, 0, 0, 0, 0, 0, 0, 0, 0, 0, 0, 0, 0, 0, 0, 0, 0, 0, 0, 0]",1024,128,0.0,0.0,5617989295,5617999936,5617999168,5618010688,0,401501,401501,690375,1,10641,11520,512,384,384,2
199,2,"[2, 512, 576, 12, 12, 0, 0, 0, 0, 0, 0, 0, 0, 0, 0, 0, 0, 0, 0, 0, 0, 0, 0, 0, 0, 0, 0, 0, 0, 0]",82944,128,0.0,0.0,5618401885,5618412726,5618412189,5618891674,0,832,832,690371,1,10841,479485,512,384,384,2
243,2,"[2, 512, 576, 12, 12, 0, 0, 0, 0, 0, 0, 0, 0, 0, 0, 0, 0, 0, 0, 0, 0, 0, 0, 0, 0, 0, 0, 0, 0, 0]",82944,128,0.0,0.0,5618458506,5618468461,5618892506,5619870773,0,800,800,690369,1,9955,978267,512,384,384,2
205,2,"[2, 512, 576, 12, 12, 0, 0, 0, 0, 0, 0, 0, 0, 0, 0, 0, 0, 0, 0, 0, 0, 0, 0, 0, 0, 0, 0, 0, 0, 0]",576,512,339738624.0,424673280.0,5618551284,5618562784,5619871573,5623467744,256,9280,9280,690368,1,11500,3596171,512,384,384,2
203,2,"[512, 96, 12, 12, 576, 12, 12, 1, 1, 0, 0, 1, 1, 1, 1, 1, 2, 0, 0, 0, 0, 0, 0, 0, 0, 0, 0, 0, 0, 0]",46080,256,8153726976.0,99201024.0,5618816519,5619021202,5623477024,5625460149,32768,36288,5472,690367,6,41916,1952309,512,384,384,2
205,2,"[2, 512, 96, 12, 12, 0, 0, 0, 0, 0, 0, 0, 0, 0, 0, 0, 0, 0, 0, 0, 0, 0, 0, 0, 0, 0, 0, 0, 0, 0]",96,512,56623104.0,70778880.0,5619147876,5619155488,5625465621,5626169937,256,8864,8864,690365,1,7612,704316,512,384,384,2
203,2,"[512, 576, 12, 12, 96, 12, 12, 1, 1, 0, 0, 1, 1, 1, 1, 1, 2, 0, 0, 0, 0, 0, 0, 0, 0, 0, 0, 0, 0, 0]",46080,256,8153726976.0,99201024.0,5619315964,5619480682,5626178801,5628594530,49152,23328,5377,690364,7,42870,2397778,512,384,384,2
23,2,"[2, 512, 576, 1, 1, 0, 0, 0, 0, 0, 0, 0, 0, 0, 0, 2, 512, 576, 12, 12, 0, 0, 0, 0, 0, 0, 0, 0, 0, 0]",82944,128,42467328.0,254803968.0,5619564708,5619586196,5628599907,5630488311,0,582557,581757,690363,2,11982,1887604,512,384,384,2
244,2,"[2, 512, 576, 1, 1, 0, 0, 0, 0, 0, 0, 0, 0, 0, 0, 0, 0, 0, 0, 0, 0, 0, 0, 0, 0, 0, 0, 0, 0, 0]",576,128,0.0,0.0,5619638759,5619645601,5631070068,5631078068,0,864,864,690362,1,6842,8000,512,384,384,2
203,2,"[512, 144, 1, 1, 576, 1, 1, 1, 1, 0, 0, 1, 1, 1, 1, 1, 2, 0, 0, 0, 0, 0, 0, 0, 0, 0, 0, 0, 0, 0]",40,128,0.0,0.0,5619761870,5619910464,5631078932,5631129652,16,12512,8992,690361,3,27091,47200,512,384,384,2
152,2,"[2, 512, 144, 1, 1, 0, 0, 0, 0, 0, 0, 0, 0, 0, 0, 0, 0, 0, 0, 0, 0, 0, 0, 0, 0, 0, 0, 0, 0, 0]",144,128,73728.0,442368.0,5620006356,5620013946,5631138644,5631141716,0,864,864,690360,1,7590,3072,512,384,384,2
203,2,"[512, 576, 1, 1, 144, 1, 1, 1, 1, 0, 0, 1, 1, 1, 1, 1, 2, 0, 0, 0, 0, 0, 0, 0, 0, 0, 0, 0, 0, 0]",54,128,0.0,0.0,5620112110,5620257850,5631142580,5631188756,16,10784,8959,690359,3,27408,44351,512,384,384,2
199,2,"[2, 512, 576, 12, 12, 0, 0, 0, 0, 0, 0, 0, 0, 0, 0, 0, 0, 0, 0, 0, 0, 0, 0, 0, 0, 0, 0, 0, 0, 0]",82944,128,0.0,0.0,5620364864,5620371723,5631197715,5631657009,0,990042,990042,690358,1,6859,459294,512,384,384,2
243,2,"[2, 512, 576, 12, 12, 0, 0, 0, 0, 0, 0, 0, 0, 0, 0, 0, 0, 0, 0, 0, 0, 0, 0, 0, 0, 0, 0, 0, 0, 0]",82944,128,0.0,0.0,5620421280,5620427580,5632647051,5633625029,0,800,800,690356,1,6300,977978,512,384,384,2
205,2,"[2, 512, 576, 12, 12, 0, 0, 0, 0, 0, 0, 0, 0, 0, 0, 0, 0, 0, 0, 0, 0, 0, 0, 0, 0, 0, 0, 0, 0, 0]",576,512,339738624.0,424673280.0,5620480870,5620487791,5633625829,5637169105,256,9152,9152,690355,1,6921,3543276,512,384,384,2
203,2,"[512, 576, 12, 12, 576, 12, 12, 5, 5, 2, 2, 1, 1, 1, 1, 576, 2, 0, 0, 0, 0, 0, 0, 0, 0, 0, 0, 0, 0, 0]",46080,256,0.0,0.0,5620607402,5620781421,5637178257,5642411443,16320,11745,4671,690354,6,44378,5226112,512,384,384,2
243,2,"[2, 512, 576, 12, 12, 0, 0, 0, 0, 0, 0, 0, 0, 0, 0, 0, 0, 0, 0, 0, 0, 0, 0, 0, 0, 0, 0, 0, 0, 0]",82944,128,0.0,0.0,5620865411,5620871851,5642416114,5643387085,0,896,896,690352,1,6440,970971,512,384,384,2
205,2,"[2, 512, 576, 12, 12, 0, 0, 0, 0, 0, 0, 0, 0, 0, 0, 0, 0, 0, 0, 0, 0, 0, 0, 0, 0, 0, 0, 0, 0, 0]",576,512,339738624.0,424673280.0,5620941699,5620949483,5643387981,5646930873,256,8991,8991,690351,1,7784,3542892,512,384,384,2
203,2,"[512, 96, 12, 12, 576, 12, 12, 1, 1, 0, 0, 1, 1, 1, 1, 1, 2, 0, 0, 0, 0, 0, 0, 0, 0, 0, 0, 0, 0, 0]",46080,256,8153726976.0,99201024.0,5621106398,5621264045,5646939864,5648896525,32768,201472,171167,690350,6,39147,1926356,512,384,384,2
205,2,"[2, 512, 96, 12, 12, 0, 0, 0, 0, 0, 0, 0, 0, 0, 0, 0, 0, 0, 0, 0, 0, 0, 0, 0, 0, 0, 0, 0, 0, 0]",96,512,56623104.0,70778880.0,5621412002,5621419550,5649067692,5649777160,256,8960,8960,690348,1,7548,709468,512,384,384,2
203,2,"[512, 576, 12, 12, 96, 12, 12, 1, 1, 0, 0, 1, 1, 1, 1, 1, 2, 0, 0, 0, 0, 0, 0, 0, 0, 0, 0, 0, 0, 0]",46080,256,8153726976.0,99201024.0,5621573498,5621731909,5649786120,5652205434,49152,23648,5632,690347,7,44539,2401298,512,384,384,2
23,2,"[2, 512, 576, 1, 1, 0, 0, 0, 0, 0, 0, 0, 0, 0, 0, 2, 512, 576, 12, 12, 0, 0, 0, 0, 0, 0, 0, 0, 0, 0]",82944,128,42467328.0,254803968.0,5621826784,5621847754,5652211066,5654114255,0,590620,589788,690346,2,11790,1902357,512,384,384,2
244,2,"[2, 512, 576, 1, 1, 0, 0, 0, 0, 0, 0, 0, 0, 0, 0, 0, 0, 0, 0, 0, 0, 0, 0, 0, 0, 0, 0, 0, 0, 0]",576,128,0.0,0.0,5621897238,5621903623,5654704043,5654711787,0,929,929,690345,1,6385,7744,512,384,384,2
203,2,"[512, 144, 1, 1, 576, 1, 1, 1, 1, 0, 0, 1, 1, 1, 1, 1, 2, 0, 0, 0, 0, 0, 0, 0, 0, 0, 0, 0, 0, 0]",40,128,0.0,0.0,5622004095,5622139922,5654712716,5654764331,16,12479,8992,690344,3,25786,48128,512,384,384,2
152,2,"[2, 512, 144, 1, 1, 0, 0, 0, 0, 0, 0, 0, 0, 0, 0, 0, 0, 0, 0, 0, 0, 0, 0, 0, 0, 0, 0, 0, 0, 0]",144,128,73728.0,442368.0,5622230720,5622237011,5654773323,5654776395,0,960,960,690343,1,6291,3072,512,384,384,2
203,2,"[512, 576, 1, 1, 144, 1, 1, 1, 1, 0, 0, 1, 1, 1, 1, 1, 2, 0, 0, 0, 0, 0, 0, 0, 0, 0, 0, 0, 0, 0]",54,128,0.0,0.0,5622333630,5622468929,5654777355,5654823947,16,11424,9088,690342,3,25461,44256,512,384,384,2
199,2,"[2, 512, 576, 12, 12, 0, 0, 0, 0, 0, 0, 0, 0, 0, 0, 0, 0, 0, 0, 0, 0, 0, 0, 0, 0, 0, 0, 0, 0, 0]",82944,128,0.0,0.0,5622573312,5622580202,5654833035,5655299368,0,983035,983035,690341,1,6890,466333,512,384,384,2
243,2,"[2, 512, 576, 12, 12, 0, 0, 0, 0, 0, 0, 0, 0, 0, 0, 0, 0, 0, 0, 0, 0, 0, 0, 0, 0, 0, 0, 0, 0, 0]",82944,128,0.0,0.0,5622630430,5622636895,5656282403,5657263581,0,928,928,690339,1,6465,981178,512,384,384,2
205,2,"[2, 512, 576, 12, 12, 0, 0, 0, 0, 0, 0, 0, 0, 0, 0, 0, 0, 0, 0, 0, 0, 0, 0, 0, 0, 0, 0, 0, 0, 0]",576,512,339738624.0,424673280.0,5622688750,5622695647,5657264509,5660825416,256,9120,9120,690338,1,6897,3560907,512,384,384,2
203,2,"[512, 576, 12, 12, 576, 12, 12, 5, 5, 2, 2, 1, 1, 1, 1, 576, 2, 0, 0, 0, 0, 0, 0, 0, 0, 0, 0, 0, 0, 0]",46080,256,0.0,0.0,5622810211,5622944022,5660834536,5666184681,16320,12224,4800,690337,6,37120,5342721,512,384,384,2
243,2,"[2, 512, 576, 12, 12, 0, 0, 0, 0, 0, 0, 0, 0, 0, 0, 0, 0, 0, 0, 0, 0, 0, 0, 0, 0, 0, 0, 0, 0, 0]",82944,128,0.0,0.0,5623022850,5623028849,5666189481,5667160388,0,928,928,690335,1,5999,970907,512,384,384,2
205,2,"[2, 512, 576, 12, 12, 0, 0, 0, 0, 0, 0, 0, 0, 0, 0, 0, 0, 0, 0, 0, 0, 0, 0, 0, 0, 0, 0, 0, 0, 0]",576,512,339738624.0,424673280.0,5623085241,5623092037,5667161316,5670750287,256,9088,9088,690334,1,6796,3588971,512,384,384,2
203,2,"[512, 96, 12, 12, 576, 12, 12, 1, 1, 0, 0, 1, 1, 1, 1, 1, 2, 0, 0, 0, 0, 0, 0, 0, 0, 0, 0, 0, 0, 0]",46080,256,8153726976.0,99201024.0,5623236794,5623386721,5670759375,5672761635,32768,201055,170879,690333,6,36344,1972084,512,384,384,2
205,2,"[2, 512, 96, 12, 12, 0, 0, 0, 0, 0, 0, 0, 0, 0, 0, 0, 0, 0, 0, 0, 0, 0, 0, 0, 0, 0, 0, 0, 0, 0]",96,512,56623104.0,70778880.0,5623517871,5623524777,5672932514,5673658046,256,9184,9184,690332,1,6906,725532,512,384,384,2
203,2,"[512, 288, 12, 12, 96, 12, 12, 1, 1, 0, 0, 1, 1, 1, 1, 1, 2, 0, 0, 0, 0, 0, 0, 0, 0, 0, 0, 0, 0, 0]",7680,256,4076863488.0,56678400.0,5623671774,5623811502,5673667230,5675219509,49152,10848,5536,690331,6,40591,1546967,512,384,384,2
23,2,"[2, 512, 288, 1, 1, 0, 0, 0, 0, 0, 0, 0, 0, 0, 0, 2, 512, 288, 12, 12, 0, 0, 0, 0, 0, 0, 0, 0, 0, 0]",41472,128,21233664.0,127401984.0,5623888810,5623909209,5675225045,5676183407,0,309663,308799,690330,2,11245,957498,512,384,384,2
244,2,"[2, 512, 288, 1, 1, 0, 0, 0, 0, 0, 0, 0, 0, 0, 0, 0, 0, 0, 0, 0, 0, 0, 0, 0, 0, 0, 0, 0, 0, 0]",288,128,0.0,0.0,5623961437,5623967537,5676492206,5676498030,0,960,960,690329,1,6100,5824,512,384,384,2
203,2,"[512, 72, 1, 1, 288, 1, 1, 1, 1, 0, 0, 1, 1, 1, 1, 1, 2, 0, 0, 0, 0, 0, 0, 0, 0, 0, 0, 0, 0, 0]",24,128,0.0,0.0,5624065389,5624206800,5676498990,5676541741,16,11104,8769,690328,3,25272,40416,512,384,384,2
152,2,"[2, 512, 72, 1, 1, 0, 0, 0, 0, 0, 0, 0, 0, 0, 0, 0, 0, 0, 0, 0, 0, 0, 0, 0, 0, 0, 0, 0, 0, 0]",72,128,36864.0,221184.0,5624300142,5624306339,5676550510,5676553485,0,833,833,690327,1,6197,2975,512,384,384,2
203,2,"[512, 288, 1, 1, 72, 1, 1, 1, 1, 0, 0, 1, 1, 1, 1, 1, 2, 0, 0, 0, 0, 0, 0, 0, 0, 0, 0, 0, 0, 0]",13824,256,0.0,0.0,5624401223,5624526548,5676554318,5676956139,1024,11808,9056,690326,4,32679,399069,512,384,384,2
199,2,"[2, 512, 288, 12, 12, 0, 0, 0, 0, 0, 0, 0, 0, 0, 0, 0, 0, 0, 0, 0, 0, 0, 0, 0, 0, 0, 0, 0, 0, 0]",41472,128,0.0,0.0,5624632337,5624639192,5676965195,5677205706,0,498301,498301,690325,1,6855,240511,512,384,384,2
243,2,"[2, 512, 288, 12, 12, 0, 0, 0, 0, 0, 0, 0, 0, 0, 0, 0, 0, 0, 0, 0, 0, 0, 0, 0, 0, 0, 0, 0, 0, 0]",41472,128,0.0,0.0,5624686577,5624692590,5677704007,5678195300,0,960,960,690323,1,6013,491293,512,384,384,2
205,2,"[2, 512, 288, 12, 12, 0, 0, 0, 0, 0, 0, 0, 0, 0, 0, 0, 0, 0, 0, 0, 0, 0, 0, 0, 0, 0, 0, 0, 0, 0]",288,512,169869312.0,212336640.0,5624744950,5624751928,5678196260,5680001562,256,9599,9599,690322,1,6978,1805302,512,384,384,2
203,2,"[512, 288, 24, 24, 288, 12, 12, 5, 5, 2, 2, 2, 2, 1, 1, 288, 2, 0, 0, 0, 0, 0, 0, 0, 0, 0, 0, 0, 0, 0]",82944,1024,0.0,0.0,5624843518,5624871287,5680011161,5705510406,0,6176,5184,690321,2,19747,25498253,512,384,384,2
243,2,"[2, 512, 288, 24, 24, 0, 0, 0, 0, 0, 0, 0, 0, 0, 0, 0, 0, 0, 0, 0, 0, 0, 0, 0, 0, 0, 0, 0, 0, 0]",165888,128,0.0,0.0,5624931197,5624937590,5705515590,5707476219,0,800,800,690319,1,6393,1960629,512,384,384,2
205,2,"[2, 512, 288, 24, 24, 0, 0, 0, 0, 0, 0, 0, 0, 0, 0, 0, 0, 0, 0, 0, 0, 0, 0, 0, 0, 0, 0, 0, 0, 0]",288,512,679477248.0,849346560.0,5624987365,5624993794,5707477019,5714696881,256,9120,9120,690318,1,6429,7219862,512,384,384,2
203,2,"[512, 48, 24, 24, 288, 24, 24, 1, 1, 0, 0, 1, 1, 1, 1, 1, 2, 0, 0, 0, 0, 0, 0, 0, 0, 0, 0, 0, 0, 0]",1536,256,8153726976.0,198208512.0,5625139277,5625254101,5714706001,5716848549,40960,8863,5247,690317,5,32315,2138932,512,384,384,2
205,2,"[2, 512, 48, 24, 24, 0, 0, 0, 0, 0, 0, 0, 0, 0, 0, 0, 0, 0, 0, 0, 0, 0, 0, 0, 0, 0, 0, 0, 0, 0]",48,512,113246208.0,141557760.0,5625370714,5625377719,5716853796,5718314908,256,9152,9152,690315,1,7005,1461112,512,384,384,2
203,2,"[512, 144, 24, 24, 48, 24, 24, 1, 1, 0, 0, 1, 1, 1, 1, 1, 2, 0, 0, 0, 0, 0, 0, 0, 0, 0, 0, 0, 0, 0]",4608,256,4076863488.0,113260032.0,5625518565,5625630441,5718324060,5719948467,40960,8640,5152,690314,5,31438,1620919,512,384,384,2
23,2,"[2, 512, 144, 1, 1, 0, 0, 0, 0, 0, 0, 0, 0, 0, 0, 2, 512, 144, 24, 24, 0, 0, 0, 0, 0, 0, 0, 0, 0, 0]",82944,128,42467328.0,254803968.0,5625708113,5625728706,5719953619,5721850376,0,382045,381149,690313,2,11562,1895861,512,384,384,2
244,2,"[2, 512, 144, 1, 1, 0, 0, 0, 0, 0, 0, 0, 0, 0, 0, 0, 0, 0, 0, 0, 0, 0, 0, 0, 0, 0, 0, 0, 0, 0]",144,128,0.0,0.0,5625778012,5625784195,5722231525,5722236454,0,927,927,690312,1,6183,4929,512,384,384,2
203,2,"[512, 40, 1, 1, 144, 1, 1, 1, 1, 0, 0, 1, 1, 1, 1, 1, 2, 0, 0, 0, 0, 0, 0, 0, 0, 0, 0, 0, 0, 0]",16,128,0.0,0.0,5625882827,5626020195,5722237381,5722277093,16,10752,8224,690311,3,24268,37184,512,384,384,2
152,2,"[2, 512, 40, 1, 1, 0, 0, 0, 0, 0, 0, 0, 0, 0, 0, 0, 0, 0, 0, 0, 0, 0, 0, 0, 0, 0, 0, 0, 0, 0]",40,128,20480.0,122880.0,5626112516,5626118656,5722285317,5722288037,0,960,960,690310,1,6140,2720,512,384,384,2
203,2,"[512, 144, 1, 1, 40, 1, 1, 1, 1, 0, 0, 1, 1, 1, 1, 1, 2, 0, 0, 0, 0, 0, 0, 0, 0, 0, 0, 0, 0, 0]",5120,256,0.0,0.0,5626197323,5626326945,5722288997,5722432133,2304,12159,8511,690309,5,39521,139488,512,384,384,2
199,2,"[2, 512, 144, 24, 24, 0, 0, 0, 0, 0, 0, 0, 0, 0, 0, 0, 0, 0, 0, 0, 0, 0, 0, 0, 0, 0, 0, 0, 0, 0]",82944,128,0.0,0.0,5626430342,5626437340,5722440644,5722923873,0,992411,992411,690308,1,6998,483229,512,384,384,2
243,2,"[2, 512, 144, 24, 24, 0, 0, 0, 0, 0, 0, 0, 0, 0, 0, 0, 0, 0, 0, 0, 0, 0, 0, 0, 0, 0, 0, 0, 0, 0]",82944,128,0.0,0.0,5626484002,5626490056,5723916284,5724895926,0,896,896,690306,1,6054,979642,512,384,384,2
205,2,"[2, 512, 144, 24, 24, 0, 0, 0, 0, 0, 0, 0, 0, 0, 0, 0, 0, 0, 0, 0, 0, 0, 0, 0, 0, 0, 0, 0, 0, 0]",144,512,339738624.0,424673280.0,5626543932,5626551187,5724896822,5728468737,256,8992,8992,690305,1,7255,3571915,512,384,384,2
203,2,"[512, 144, 24, 24, 144, 24, 24, 5, 5, 2, 2, 1, 1, 1, 1, 144, 2, 0, 0, 0, 0, 0, 0, 0, 0, 0, 0, 0, 0, 0]",46080,256,0.0,0.0,5626666599,5626802445,5728477729,5733399557,18944,12192,4576,690304,6,38841,4914212,512,384,384,2
243,2,"[2, 512, 144, 24, 24, 0, 0, 0, 0, 0, 0, 0, 0, 0, 0, 0, 0, 0, 0, 0, 0, 0, 0, 0, 0, 0, 0, 0, 0, 0]",82944,128,0.0,0.0,5626881944,5626888057,5733404133,5734372639,0,832,832,690302,1,6113,968506,512,384,384,2
205,2,"[2, 512, 144, 24, 24, 0, 0, 0, 0, 0, 0, 0, 0, 0, 0, 0, 0, 0, 0, 0, 0, 0, 0, 0, 0, 0, 0, 0, 0, 0]",144,512,339738624.0,424673280.0,5626944274,5626951308,5734373471,5737959563,256,8896,8896,690301,1,7034,3586092,512,384,384,2
203,2,"[512, 48, 24, 24, 144, 24, 24, 1, 1, 0, 0, 1, 1, 1, 1, 1, 2, 0, 0, 0, 0, 0, 0, 0, 0, 0, 0, 0, 0, 0]",1152,256,4076863488.0,113260032.0,5627092947,5627205487,5737968459,5739255331,40960,328253,324766,690300,5,31777,1283385,512,384,384,2
205,2,"[2, 512, 48, 24, 24, 0, 0, 0, 0, 0, 0, 0, 0, 0, 0, 0, 0, 0, 0, 0, 0, 0, 0, 0, 0, 0, 0, 0, 0, 0]",48,512,113246208.0,141557760.0,5627331181,5627338070,5739580097,5741053561,256,8992,8992,690299,1,6889,1473464,512,384,384,2
203,2,"[512, 120, 24, 24, 48, 24, 24, 1, 1, 0, 0, 1, 1, 1, 1, 1, 2, 0, 0, 0, 0, 0, 0, 0, 0, 0, 0, 0, 0, 0]",2304,256,3397386240.0,99101952.0,5627484598,5627588449,5741062553,5742183890,32768,9117,5120,690298,5,30140,1117340,512,384,384,2
23,2,"[2, 512, 120, 1, 1, 0, 0, 0, 0, 0, 0, 0, 0, 0, 0, 2, 512, 120, 24, 24, 0, 0, 0, 0, 0, 0, 0, 0, 0, 0]",69120,128,35389440.0,212336640.0,5627665040,5627687489,5742189010,5743769769,0,324958,324062,690297,2,13513,1579863,512,384,384,2
244,2,"[2, 512, 120, 1, 1, 0, 0, 0, 0, 0, 0, 0, 0, 0, 0, 0, 0, 0, 0, 0, 0, 0, 0, 0, 0, 0, 0, 0, 0, 0]",120,128,0.0,0.0,5627737096,5627743454,5744093831,5744098727,0,928,928,690296,1,6358,4896,512,384,384,2
203,2,"[512, 32, 1, 1, 120, 1, 1, 1, 1, 0, 0, 1, 1, 1, 1, 1, 2, 0, 0, 0, 0, 0, 0, 0, 0, 0, 0, 0, 0, 0]",8,128,0.0,0.0,5627838686,5627976157,5744099655,5744139047,16,11456,8544,690295,3,25589,36480,512,384,384,2
152,2,"[2, 512, 32, 1, 1, 0, 0, 0, 0, 0, 0, 0, 0, 0, 0, 0, 0, 0, 0, 0, 0, 0, 0, 0, 0, 0, 0, 0, 0, 0]",32,128,16384.0,98304.0,5628071794,5628077872,5744147591,5744150279,0,896,896,690294,1,6078,2688,512,384,384,2
203,2,"[512, 120, 1, 1, 32, 1, 1, 1, 1, 0, 0, 1, 1, 1, 1, 1, 2, 0, 0, 0, 0, 0, 0, 0, 0, 0, 0, 0, 0, 0]",2048,1024,3932160.0,163328.0,5628141794,5628253510,5744151175,5744274854,1024,10976,8320,690293,4,30732,121023,512,384,384,2
199,2,"[2, 512, 120, 24, 24, 0, 0, 0, 0, 0, 0, 0, 0, 0, 0, 0, 0, 0, 0, 0, 0, 0, 0, 0, 0, 0, 0, 0, 0, 0]",69120,128,0.0,0.0,5628352716,5628359454,5744283174,5744685540,0,826139,826139,690292,1,6738,402366,512,384,384,2
243,2,"[2, 512, 120, 24, 24, 0, 0, 0, 0, 0, 0, 0, 0, 0, 0, 0, 0, 0, 0, 0, 0, 0, 0, 0, 0, 0, 0, 0, 0, 0]",69120,128,0.0,0.0,5628409672,5628416207,5745511679,5746328122,0,896,896,690290,1,6535,816443,512,384,384,2
205,2,"[2, 512, 120, 24, 24, 0, 0, 0, 0, 0, 0, 0, 0, 0, 0, 0, 0, 0, 0, 0, 0, 0, 0, 0, 0, 0, 0, 0, 0, 0]",120,512,283115520.0,353894400.0,5628467939,5628474760,5746329018,5749512040,256,8992,8992,690289,1,6821,3183022,512,384,384,2
203,2,"[512, 120, 24, 24, 120, 24, 24, 5, 5, 2, 2, 1, 1, 1, 1, 120, 2, 0, 0, 0, 0, 0, 0, 0, 0, 0, 0, 0, 0, 0]",36864,256,0.0,0.0,5628590807,5628722408,5749521032,5753686960,18944,12191,4640,690288,6,36724,4158377,512,384,384,2
243,2,"[2, 512, 120, 24, 24, 0, 0, 0, 0, 0, 0, 0, 0, 0, 0, 0, 0, 0, 0, 0, 0, 0, 0, 0, 0, 0, 0, 0, 0, 0]",69120,128,0.0,0.0,5628804483,5628810380,5753691600,5754503755,0,832,832,690286,1,5897,812155,512,384,384,2
205,2,"[2, 512, 120, 24, 24, 0, 0, 0, 0, 0, 0, 0, 0, 0, 0, 0, 0, 0, 0, 0, 0, 0, 0, 0, 0, 0, 0, 0, 0, 0]",120,512,283115520.0,353894400.0,5628864736,5628871539,5754504587,5757680377,256,8960,8960,690285,1,6803,3175790,512,384,384,2
203,2,"[512, 40, 24, 24, 120, 24, 24, 1, 1, 0, 0, 1, 1, 1, 1, 1, 2, 0, 0, 0, 0, 0, 0, 0, 0, 0, 0, 0, 0, 0]",36864,256,0.0,0.0,5629056722,5629176782,5757689337,5759663373,32768,8767,4896,690284,5,35604,1970165,512,384,384,2
205,2,"[2, 512, 40, 24, 24, 0, 0, 0, 0, 0, 0, 0, 0, 0, 0, 0, 0, 0, 0, 0, 0, 0, 0, 0, 0, 0, 0, 0, 0, 0]",40,512,94371840.0,117964800.0,5629293595,5629301080,5759668269,5760933766,256,8864,8864,690282,1,7485,1265497,512,384,384,2
203,2,"[512, 240, 24, 24, 40, 24, 24, 1, 1, 0, 0, 1, 1, 1, 1, 1, 2, 0, 0, 0, 0, 0, 0, 0, 0, 0, 0, 0, 0, 0]",4608,256,5662310400.0,165169920.0,5629444745,5629549304,5760942630,5762911290,40960,8801,5121,690281,5,30279,1964980,512,384,384,2
23,2,"[2, 512, 240, 1, 1, 0, 0, 0, 0, 0, 0, 0, 0, 0, 0, 2, 512, 240, 24, 24, 0, 0, 0, 0, 0, 0, 0, 0, 0, 0]",138240,128,70778880.0,424673280.0,5629628411,5629650487,5762916411,5766051624,0,614557,613661,690280,2,12530,3134317,512,384,384,2
244,2,"[2, 512, 240, 1, 1, 0, 0, 0, 0, 0, 0, 0, 0, 0, 0, 0, 0, 0, 0, 0, 0, 0, 0, 0, 0, 0, 0, 0, 0, 0]",240,128,0.0,0.0,5629699415,5629706304,5766665285,5766670597,0,928,928,690279,1,6889,5312,512,384,384,2
203,2,"[512, 64, 1, 1, 240, 1, 1, 1, 1, 0, 0, 1, 1, 1, 1, 1, 2, 0, 0, 0, 0, 0, 0, 0, 0, 0, 0, 0, 0, 0]",16,128,0.0,0.0,5629802408,5629933453,5766671525,5766717509,16,11199,8128,690278,3,25214,42913,512,384,384,2
152,2,"[2, 512, 64, 1, 1, 0, 0, 0, 0, 0, 0, 0, 0, 0, 0, 0, 0, 0, 0, 0, 0, 0, 0, 0, 0, 0, 0, 0, 0, 0]",64,128,32768.0,196608.0,5630024727,5630030841,5766725637,5766728484,0,961,961,690277,1,6114,2847,512,384,384,2
203,2,"[512, 240, 1, 1, 64, 1, 1, 1, 1, 0, 0, 1, 1, 1, 1, 1, 2, 0, 0, 0, 0, 0, 0, 0, 0, 0, 0, 0, 0, 0]",8192,256,0.0,0.0,5630122860,5630244458,5766729445,5767031939,1024,11168,8575,690276,4,31442,299901,512,384,384,2
199,2,"[2, 512, 240, 24, 24, 0, 0, 0, 0, 0, 0, 0, 0, 0, 0, 0, 0, 0, 0, 0, 0, 0, 0, 0, 0, 0, 0, 0, 0, 0]",138240,128,0.0,0.0,5630349387,5630355996,5767040514,5767830494,0,1651222,1651222,690275,1,6609,789980,512,384,384,2
243,2,"[2, 512, 240, 24, 24, 0, 0, 0, 0, 0, 0, 0, 0, 0, 0, 0, 0, 0, 0, 0, 0, 0, 0, 0, 0, 0, 0, 0, 0, 0]",138240,128,0.0,0.0,5630403938,5630410018,5769481716,5771106827,0,768,768,690273,1,6080,1625111,512,384,384,2
205,2,"[2, 512, 240, 24, 24, 0, 0, 0, 0, 0, 0, 0, 0, 0, 0, 0, 0, 0, 0, 0, 0, 0, 0, 0, 0, 0, 0, 0, 0, 0]",240,512,566231040.0,707788800.0,5630463728,5630470720,5771107595,5776864810,256,9056,9056,690272,1,6992,5757215,512,384,384,2
203,2,"[512, 240, 24, 24, 240, 24, 24, 5, 5, 2, 2, 1, 1, 1, 1, 240, 2, 0, 0, 0, 0, 0, 0, 0, 0, 0, 0, 0, 0, 0]",73728,256,0.0,0.0,5630585374,5630717878,5776873866,5784750620,18944,11967,4928,690271,6,39027,7869715,512,384,384,2
243,2,"[2, 512, 240, 24, 24, 0, 0, 0, 0, 0, 0, 0, 0, 0, 0, 0, 0, 0, 0, 0, 0, 0, 0, 0, 0, 0, 0, 0, 0, 0]",138240,128,0.0,0.0,5630797837,5630804210,5784755548,5786379283,0,832,832,690269,1,6373,1623735,512,384,384,2
205,2,"[2, 512, 240, 24, 24, 0, 0, 0, 0, 0, 0, 0, 0, 0, 0, 0, 0, 0, 0, 0, 0, 0, 0, 0, 0, 0, 0, 0, 0, 0]",240,512,566231040.0,707788800.0,5630857722,5630864597,5786380115,5792201105,256,9600,9600,690268,1,6875,5820990,512,384,384,2
203,2,"[512, 40, 24, 24, 240, 24, 24, 1, 1, 0, 0, 1, 1, 1, 1, 1, 2, 0, 0, 0, 0, 0, 0, 0, 0, 0, 0, 0, 0, 0]",1152,256,5662310400.0,165169920.0,5631011596,5631119201,5792210705,5794015079,40960,276766,272062,690267,5,31388,1799670,512,384,384,2
205,2,"[2, 512, 40, 24, 24, 0, 0, 0, 0, 0, 0, 0, 0, 0, 0, 0, 0, 0, 0, 0, 0, 0, 0, 0, 0, 0, 0, 0, 0, 0]",40,512,94371840.0,117964800.0,5631255211,5631262485,5794287141,5795596670,256,9439,9439,690265,1,7274,1309529,512,384,384,2
203,2,"[512, 240, 24, 24, 40, 24, 24, 1, 1, 0, 0, 1, 1, 1, 1, 1, 2, 0, 0, 0, 0, 0, 0, 0, 0, 0, 0, 0, 0, 0]",4608,256,5662310400.0,165169920.0,5631402036,5631508847,5795606109,5797554611,40960,9534,5599,690264,5,31019,1944567,512,384,384,2
23,2,"[2, 512, 240, 1, 1, 0, 0, 0, 0, 0, 0, 0, 0, 0, 0, 2, 512, 240, 24, 24, 0, 0, 0, 0, 0, 0, 0, 0, 0, 0]",138240,128,70778880.0,424673280.0,5631584610,5631605429,5797560210,5800771264,0,617596,616604,690263,2,11529,3210062,512,384,384,2
244,2,"[2, 512, 240, 1, 1, 0, 0, 0, 0, 0, 0, 0, 0, 0, 0, 0, 0, 0, 0, 0, 0, 0, 0, 0, 0, 0, 0, 0, 0, 0]",240,128,0.0,0.0,5631654425,5631661072,5801387868,5801393276,0,1024,1024,690262,1,6647,5408,512,384,384,2
203,2,"[512, 64, 1, 1, 240, 1, 1, 1, 1, 0, 0, 1, 1, 1, 1, 1, 2, 0, 0, 0, 0, 0, 0, 0, 0, 0, 0, 0, 0, 0]",16,128,0.0,0.0,5631758789,5631886014,5801394300,5801443932,16,11904,8608,690261,3,24815,46336,512,384,384,2
152,2,"[2, 512, 64, 1, 1, 0, 0, 0, 0, 0, 0, 0, 0, 0, 0, 0, 0, 0, 0, 0, 0, 0, 0, 0, 0, 0, 0, 0, 0, 0]",64,128,32768.0,196608.0,5631979674,5631985962,5801452540,5801455516,0,928,928,690260,1,6288,2976,512,384,384,2
203,2,"[512, 240, 1, 1, 64, 1, 1, 1, 1, 0, 0, 1, 1, 1, 1, 1, 2, 0, 0, 0, 0, 0, 0, 0, 0, 0, 0, 0, 0, 0]",8192,256,0.0,0.0,5632079720,5632197221,5801456444,5801759226,1024,12032,9088,690259,4,29579,299838,512,384,384,2
199,2,"[2, 512, 240, 24, 24, 0, 0, 0, 0, 0, 0, 0, 0, 0, 0, 0, 0, 0, 0, 0, 0, 0, 0, 0, 0, 0, 0, 0, 0, 0]",138240,128,0.0,0.0,5632298817,5632305452,5801768314,5802605013,0,1644310,1644310,690258,1,6635,836699,512,384,384,2
243,2,"[2, 512, 240, 24, 24, 0, 0, 0, 0, 0, 0, 0, 0, 0, 0, 0, 0, 0, 0, 0, 0, 0, 0, 0, 0, 0, 0, 0, 0, 0]",138240,128,0.0,0.0,5632355390,5632361589,5804249323,5805873602,0,800,800,690256,1,6199,1624279,512,384,384,2
205,2,"[2, 512, 240, 24, 24, 0, 0, 0, 0, 0, 0, 0, 0, 0, 0, 0, 0, 0, 0, 0, 0, 0, 0, 0, 0, 0, 0, 0, 0, 0]",240,512,566231040.0,707788800.0,5632414084,5632420756,5805874402,5811718432,256,9408,9408,690255,1,6672,5844030,512,384,384,2
203,2,"[512, 240, 24, 24, 240, 24, 24, 5, 5, 2, 2, 1, 1, 1, 1, 240, 2, 0, 0, 0, 0, 0, 0, 0, 0, 0, 0, 0, 0, 0]",73728,256,0.0,0.0,5632532914,5632665247,5811727840,5819736626,18944,12032,4704,690254,6,36260,8001458,512,384,384,2
243,2,"[2, 512, 240, 24, 24, 0, 0, 0, 0, 0, 0, 0, 0, 0, 0, 0, 0, 0, 0, 0, 0, 0, 0, 0, 0, 0, 0, 0, 0, 0]",138240,128,0.0,0.0,5632746644,5632752865,5819741330,5821361993,0,1024,1024,690252,1,6221,1620663,512,384,384,2
205,2,"[2, 512, 240, 24, 24, 0, 0, 0, 0, 0, 0, 0, 0, 0, 0, 0, 0, 0, 0, 0, 0, 0, 0, 0, 0, 0, 0, 0, 0, 0]",240,512,566231040.0,707788800.0,5632805503,5632813993,5821363017,5827150183,256,9344,9344,690251,1,8490,5787166,512,384,384,2
203,2,"[512, 40, 24, 24, 240, 24, 24, 1, 1, 0, 0, 1, 1, 1, 1, 1, 2, 0, 0, 0, 0, 0, 0, 0, 0, 0, 0, 0, 0, 0]",1152,256,5662310400.0,165169920.0,5632964330,5633071861,5827159527,5828959805,40960,279454,275006,690250,5,31275,1795830,512,384,384,2
205,2,"[2, 512, 40, 24, 24, 0, 0, 0, 0, 0, 0, 0, 0, 0, 0, 0, 0, 0, 0, 0, 0, 0, 0, 0, 0, 0, 0, 0, 0, 0]",40,512,94371840.0,117964800.0,5633199919,5633206993,5829234811,5830571732,256,9311,9311,690249,1,7074,1336921,512,384,384,2
203,2,"[512, 96, 24, 24, 40, 24, 24, 1, 1, 0, 0, 1, 1, 1, 1, 1, 2, 0, 0, 0, 0, 0, 0, 0, 0, 0, 0, 0, 0, 0]",2304,256,2264924160.0,80223744.0,5633346393,5633453433,5830581043,5831517326,32768,9118,5248,690248,5,32700,932413,512,384,384,2
23,2,"[2, 512, 96, 1, 1, 0, 0, 0, 0, 0, 0, 0, 0, 0, 0, 2, 512, 96, 24, 24, 0, 0, 0, 0, 0, 0, 0, 0, 0, 0]",55296,128,28311552.0,169869312.0,5633528818,5633552240,5831522574,5832810150,0,264384,263487,690247,2,11691,1286679,512,384,384,2
244,2,"[2, 512, 96, 1, 1, 0, 0, 0, 0, 0, 0, 0, 0, 0, 0, 0, 0, 0, 0, 0, 0, 0, 0, 0, 0, 0, 0, 0, 0, 0]",96,128,0.0,0.0,5633601725,5633608168,5833073637,5833078405,0,992,992,690246,1,6443,4768,512,384,384,2
203,2,"[512, 24, 1, 1, 96, 1, 1, 1, 1, 0, 0, 1, 1, 1, 1, 1, 2, 0, 0, 0, 0, 0, 0, 0, 0, 0, 0, 0, 0, 0]",288,256,2359296.0,127488.0,5633705192,5633806831,5833079397,5833159717,16,10752,8384,690245,3,24336,77952,512,384,384,2
152,2,"[2, 512, 24, 1, 1, 0, 0, 0, 0, 0, 0, 0, 0, 0, 0, 0, 0, 0, 0, 0, 0, 0, 0, 0, 0, 0, 0, 0, 0, 0]",24,128,12288.0,73728.0,5633899726,5633906356,5833168101,5833170917,0,832,832,690244,1,6630,2816,512,384,384,2
203,2,"[512, 96, 1, 1, 24, 1, 1, 1, 1, 0, 0, 1, 1, 1, 1, 1, 2, 0, 0, 0, 0, 0, 0, 0, 0, 0, 0, 0, 0, 0]",48,1024,2359296.0,127488.0,5633966653,5634108736,5833171749,5833225252,16,14176,8768,690243,3,24752,48095,512,384,384,2
199,2,"[2, 512, 96, 24, 24, 0, 0, 0, 0, 0, 0, 0, 0, 0, 0, 0, 0, 0, 0, 0, 0, 0, 0, 0, 0, 0, 0, 0, 0, 0]",55296,128,0.0,0.0,5634213267,5634219811,5833234020,5833566786,0,662429,662429,690242,1,6544,332766,512,384,384,2
243,2,"[2, 512, 96, 24, 24, 0, 0, 0, 0, 0, 0, 0, 0, 0, 0, 0, 0, 0, 0, 0, 0, 0, 0, 0, 0, 0, 0, 0, 0, 0]",55296,128,0.0,0.0,5634267344,5634273846,5834229215,5834879067,0,832,832,690240,1,6502,649852,512,384,384,2
205,2,"[2, 512, 96, 24, 24, 0, 0, 0, 0, 0, 0, 0, 0, 0, 0, 0, 0, 0, 0, 0, 0, 0, 0, 0, 0, 0, 0, 0, 0, 0]",96,512,226492416.0,283115520.0,5634327272,5634334253,5834879899,5837819274,256,9407,9407,690239,1,6981,2939375,512,384,384,2
203,2,"[512, 96, 48, 48, 96, 24, 24, 5, 5, 2, 2, 2, 2, 1, 1, 96, 2, 0, 0, 0, 0, 0, 0, 0, 0, 0, 0, 0, 0, 0]",110592,1024,0.0,0.0,5634425415,5634444631,5837828681,5870610348,0,6688,5664,690238,2,12596,32780643,512,384,384,2
243,2,"[2, 512, 96, 48, 48, 0, 0, 0, 0, 0, 0, 0, 0, 0, 0, 0, 0, 0, 0, 0, 0, 0, 0, 0, 0, 0, 0, 0, 0, 0]",221184,128,0.0,0.0,5634492079,5634497972,5870616012,5873213597,0,960,960,690236,1,5893,2597585,512,384,384,2
205,2,"[2, 512, 96, 48, 48, 0, 0, 0, 0, 0, 0, 0, 0, 0, 0, 0, 0, 0, 0, 0, 0, 0, 0, 0, 0, 0, 0, 0, 0, 0]",96,512,905969664.0,1132462080.0,5634545729,5634552029,5873214557,5882940965,256,9920,9920,690235,1,6300,9726408,512,384,384,2
203,2,"[512, 24, 48, 48, 96, 48, 48, 1, 1, 0, 0, 1, 1, 1, 1, 1, 2, 0, 0, 0, 0, 0, 0, 0, 0, 0, 0, 0, 0, 0]",110592,256,0.0,0.0,5634699376,5634815246,5882950885,5888179271,32768,9631,5536,690234,5,32877,5224291,512,384,384,2
205,2,"[2, 512, 24, 48, 48, 0, 0, 0, 0, 0, 0, 0, 0, 0, 0, 0, 0, 0, 0, 0, 0, 0, 0, 0, 0, 0, 0, 0, 0, 0]",24,512,226492416.0,283115520.0,5634933572,5634940727,5888184807,5891424916,256,8992,8992,690232,1,7155,3240109,512,384,384,2
203,2,"[512, 88, 48, 48, 24, 48, 48, 1, 1, 0, 0, 1, 1, 1, 1, 1, 2, 0, 0, 0, 0, 0, 0, 0, 0, 0, 0, 0, 0, 0]",9216,256,4982833152.0,264245376.0,5635084238,5635191772,5891433908,5894044261,32768,9056,4928,690231,5,30420,2606225,512,384,384,2
152,2,"[2, 512, 88, 48, 48, 0, 0, 0, 0, 0, 0, 0, 0, 0, 0, 0, 0, 0, 0, 0, 0, 0, 0, 0, 0, 0, 0, 0, 0, 0]",202752,128,103809024.0,622854144.0,5635267345,5635273820,5894049189,5896461175,0,960,960,690230,1,6475,2411986,512,384,384,2
205,2,"[2, 512, 88, 48, 48, 0, 0, 0, 0, 0, 0, 0, 0, 0, 0, 0, 0, 0, 0, 0, 0, 0, 0, 0, 0, 0, 0, 0, 0, 0]",88,512,830472192.0,1038090240.0,5635325890,5635333108,5896462135,5905832481,256,9216,9216,690229,1,7218,9370346,512,384,384,2
203,2,"[512, 88, 48, 48, 88, 48, 48, 3, 3, 1, 1, 1, 1, 1, 1, 88, 2, 0, 0, 0, 0, 0, 0, 0, 0, 0, 0, 0, 0, 0]",56320,256,0.0,0.0,5635449059,5635510292,5905841697,5912394939,31456,6431,5504,690228,2,17944,6552315,512,384,384,2
152,2,"[2, 512, 88, 48, 48, 0, 0, 0, 0, 0, 0, 0, 0, 0, 0, 0, 0, 0, 0, 0, 0, 0, 0, 0, 0, 0, 0, 0, 0, 0]",202752,128,103809024.0,622854144.0,5635575497,5635581497,5912400443,5914802445,0,800,800,690227,1,6000,2402002,512,384,384,2
205,2,"[2, 512, 88, 48, 48, 0, 0, 0, 0, 0, 0, 0, 0, 0, 0, 0, 0, 0, 0, 0, 0, 0, 0, 0, 0, 0, 0, 0, 0, 0]",88,512,830472192.0,1038090240.0,5635633363,5635640509,5914803245,5924152151,256,8992,8992,690226,1,7146,9348906,512,384,384,2
203,2,"[512, 24, 48, 48, 88, 48, 48, 1, 1, 0, 0, 1, 1, 1, 1, 1, 2, 0, 0, 0, 0, 0, 0, 0, 0, 0, 0, 0, 0, 0]",110592,256,0.0,0.0,5635789712,5635898997,5924161143,5929189978,32768,657884,654492,690225,5,31371,5025443,512,384,384,2
205,2,"[2, 512, 24, 48, 48, 0, 0, 0, 0, 0, 0, 0, 0, 0, 0, 0, 0, 0, 0, 0, 0, 0, 0, 0, 0, 0, 0, 0, 0, 0]",24,512,226492416.0,283115520.0,5636025411,5636032114,5929844470,5933041283,256,8448,8448,690224,1,6703,3196813,512,384,384,2
203,2,"[512, 72, 48, 48, 24, 48, 48, 1, 1, 0, 0, 1, 1, 1, 1, 1, 2, 0, 0, 0, 0, 0, 0, 0, 0, 0, 0, 0, 0, 0]",9216,256,4076863488.0,226495872.0,5636173621,5636279317,5933049731,5935391318,32768,8640,4704,690223,5,30334,2337651,512,384,384,2
152,2,"[2, 512, 72, 48, 48, 0, 0, 0, 0, 0, 0, 0, 0, 0, 0, 0, 0, 0, 0, 0, 0, 0, 0, 0, 0, 0, 0, 0, 0, 0]",165888,128,84934656.0,509607936.0,5636355962,5636362128,5935396022,5937389259,0,927,927,690222,1,6166,1993237,512,384,384,2
205,2,"[2, 512, 72, 48, 48, 0, 0, 0, 0, 0, 0, 0, 0, 0, 0, 0, 0, 0, 0, 0, 0, 0, 0, 0, 0, 0, 0, 0, 0, 0]",72,512,679477248.0,849346560.0,5636415163,5636421970,5937390186,5943590086,256,8448,8448,690221,1,6807,6199900,512,384,384,2
203,2,"[512, 72, 96, 96, 72, 48, 48, 3, 3, 1, 1, 2, 2, 1, 1, 72, 2, 0, 0, 0, 0, 0, 0, 0, 0, 0, 0, 0, 0, 0]",331776,1024,0.0,0.0,5636515969,5636540931,5943598534,5982307559,0,5728,4960,690220,2,18017,38708257,512,384,384,2
152,2,"[2, 512, 72, 96, 96, 0, 0, 0, 0, 0, 0, 0, 0, 0, 0, 0, 0, 0, 0, 0, 0, 0, 0, 0, 0, 0, 0, 0, 0, 0]",663552,128,339738624.0,2038431744.0,5636588316,5636593938,5982312519,5990249113,0,768,768,690219,1,5622,7936594,512,384,384,2
205,2,"[2, 512, 72, 96, 96, 0, 0, 0, 0, 0, 0, 0, 0, 0, 0, 0, 0, 0, 0, 0, 0, 0, 0, 0, 0, 0, 0, 0, 0, 0]",72,512,2717908992.0,3397386240.0,5636642348,5636648924,5990249881,6016444930,256,8672,8672,690218,1,6576,26195049,512,384,384,2
203,2,"[512, 16, 96, 96, 72, 96, 96, 1, 1, 0, 0, 1, 1, 1, 1, 1, 2, 0, 0, 0, 0, 0, 0, 0, 0, 0, 0, 0, 0, 0]",18432,256,10871635968.0,830474496.0,5636788553,5636893377,6016453602,6025830284,40960,7969,4640,690217,5,30051,9373353,512,384,384,2
205,2,"[2, 512, 16, 96, 96, 0, 0, 0, 0, 0, 0, 0, 0, 0, 0, 0, 0, 0, 0, 0, 0, 0, 0, 0, 0, 0, 0, 0, 0, 0]",16,512,603979776.0,754974720.0,5637008197,5637015001,6025834924,6036621358,256,9664,9664,690216,1,6804,10786434,512,384,384,2
203,2,"[512, 16, 96, 96, 16, 96, 96, 1, 1, 0, 0, 1, 1, 1, 1, 1, 2, 0, 0, 0, 0, 0, 0, 0, 0, 0, 0, 0, 0, 0]",18432,256,2415919104.0,301990400.0,5637159678,5637264788,6036631022,6044625184,40960,8703,5120,690215,5,30396,7990579,512,384,384,2
23,2,"[2, 512, 16, 1, 1, 0, 0, 0, 0, 0, 0, 0, 0, 0, 0, 2, 512, 16, 96, 96, 0, 0, 0, 0, 0, 0, 0, 0, 0, 0]",147456,128,75497472.0,452984832.0,5637341888,5637362042,6044630304,6048054189,0,602044,601084,690214,2,11138,3422925,512,384,384,2
244,2,"[2, 512, 16, 1, 1, 0, 0, 0, 0, 0, 0, 0, 0, 0, 0, 0, 0, 0, 0, 0, 0, 0, 0, 0, 0, 0, 0, 0, 0, 0]",16,128,0.0,0.0,5637409862,5637416135,6048655273,6048658953,0,1024,1024,690213,1,6273,3680,512,384,384,2
203,2,"[512, 8, 1, 1, 16, 1, 1, 1, 1, 0, 0, 1, 1, 1, 1, 1, 2, 0, 0, 0, 0, 0, 0, 0, 0, 0, 0, 0, 0, 0]",16,1024,131072.0,24832.0,5637479992,5637568414,6048659977,6048689801,16,10688,8736,690212,3,22321,27872,512,384,384,2
152,2,"[2, 512, 8, 1, 1, 0, 0, 0, 0, 0, 0, 0, 0, 0, 0, 0, 0, 0, 0, 0, 0, 0, 0, 0, 0, 0, 0, 0, 0, 0]",8,128,4096.0,24576.0,5637656410,5637662402,6048698537,6048701257,0,896,896,690211,1,5992,2720,512,384,384,2
203,2,"[512, 16, 1, 1, 8, 1, 1, 1, 1, 0, 0, 1, 1, 1, 1, 1, 2, 0, 0, 0, 0, 0, 0, 0, 0, 0, 0, 0, 0, 0]",16,256,131072.0,24832.0,5637754359,5637848648,6048702153,6048725385,16,10848,8480,690210,3,23591,20864,512,384,384,2
199,2,"[2, 512, 16, 96, 96, 0, 0, 0, 0, 0, 0, 0, 0, 0, 0, 0, 0, 0, 0, 0, 0, 0, 0, 0, 0, 0, 0, 0, 0, 0]",147456,128,0.0,0.0,5637950150,5637956744,6048733865,6049475620,0,1760534,1760534,690209,1,6594,741755,512,384,384,2
152,2,"[2, 512, 16, 96, 96, 0, 0, 0, 0, 0, 0, 0, 0, 0, 0, 0, 0, 0, 0, 0, 0, 0, 0, 0, 0, 0, 0, 0, 0, 0]",147456,128,75497472.0,452984832.0,5638004302,5638010386,6051236154,6052996080,0,896,896,690208,1,6084,1759926,512,384,384,2
205,2,"[2, 512, 16, 96, 96, 0, 0, 0, 0, 0, 0, 0, 0, 0, 0, 0, 0, 0, 0, 0, 0, 0, 0, 0, 0, 0, 0, 0, 0, 0]",16,512,603979776.0,754974720.0,5638064006,5638071025,6052996976,6064005105,256,9216,9216,690207,1,7019,11008129,512,384,384,2
203,2,"[512, 16, 192, 192, 16, 96, 96, 3, 3, 1, 1, 2, 2, 1, 1, 16, 2, 0, 0, 0, 0, 0, 0, 0, 0, 0, 0, 0, 0, 0]",294912,1024,0.0,0.0,5638158930,5638179562,6064014321,6097461617,0,5952,5056,690206,2,12751,33446400,512,384,384,2
243,2,"[2, 512, 16, 192, 192, 0, 0, 0, 0, 0, 0, 0, 0, 0, 0, 0, 0, 0, 0, 0, 0, 0, 0, 0, 0, 0, 0, 0, 0, 0]",589824,128,0.0,0.0,5638230585,5638236711,6097466673,6104460842,0,767,767,690204,1,6126,6994169,512,384,384,2
205,2,"[2, 512, 16, 192, 192, 0, 0, 0, 0, 0, 0, 0, 0, 0, 0, 0, 0, 0, 0, 0, 0, 0, 0, 0, 0, 0, 0, 0, 0, 0]",16,512,2415919104.0,3019898880.0,5638283668,5638289983,6104461609,6146854039,256,10335,10335,690203,1,6315,42392430,512,384,384,2
203,2,"[512, 3, 384, 384, 16, 192, 192, 3, 3, 1, 1, 2, 2, 1, 1, 1, 2, 0, 0, 0, 0, 0, 0, 0, 0, 0, 0, 0, 0, 0]",512,64,0.0,0.0,5638434000,5638443121,6146864374,6167057251,2304,4544,4544,690202,1,9121,20192877,512,384,384,2
16,3,"[2, 16, 3, 3, 3, 0, 0, 0, 0, 0, 0, 0, 0, 0, 0, 4, 0, 0, 0, 0, 0, 0, 0, 0, 0, 0, 0, 0, 0, 0]",1,128,432.0,1732.0,5639213256,5639232634,6167061795,6167064610,0,833,833,-1,1,19378,2815,512,384,384,2
12,3,"[2, 16, 3, 3, 3, 0, 0, 0, 0, 0, 0, 0, 0, 0, 0, 2, 16, 3, 3, 3, 0, 0, 0, 0, 0, 0, 0, 0, 0, 0]",1,128,432.0,2592.0,5639329986,5639341262,6167065443,6167067683,0,767,767,-1,1,11276,2240,512,384,384,2
12,3,"[2, 16, 3, 3, 3, 0, 0, 0, 0, 0, 0, 0, 0, 0, 0, 2, 16, 3, 3, 3, 0, 0, 0, 0, 0, 0, 0, 0, 0, 0]",1,128,432.0,2592.0,5639426975,5639435969,6167068450,6167070915,0,767,767,-1,1,8994,2465,512,384,384,2
16,3,"[2, 16, 0, 0, 0, 0, 0, 0, 0, 0, 0, 0, 0, 0, 0, 4, 0, 0, 0, 0, 0, 0, 0, 0, 0, 0, 0, 0, 0, 0]",1,128,16.0,68.0,5639521914,5639531578,6167071682,6167074083,0,704,704,-1,1,9664,2401,512,384,384,2
12,3,"[2, 16, 0, 0, 0, 0, 0, 0, 0, 0, 0, 0, 0, 0, 0, 2, 16, 0, 0, 0, 0, 0, 0, 0, 0, 0, 0, 0, 0, 0]",1,128,16.0,96.0,5639609659,5639618124,6167074787,6167077122,0,736,736,-1,1,8465,2335,512,384,384,2
12,3,"[2, 16, 0, 0, 0, 0, 0, 0, 0, 0, 0, 0, 0, 0, 0, 2, 16, 0, 0, 0, 0, 0, 0, 0, 0, 0, 0, 0, 0, 0]",1,128,16.0,96.0,5639704355,5639711876,6167077858,6167080226,0,737,737,-1,1,7521,2368,512,384,384,2
16,3,"[2, 16, 0, 0, 0, 0, 0, 0, 0, 0, 0, 0, 0, 0, 0, 4, 0, 0, 0, 0, 0, 0, 0, 0, 0, 0, 0, 0, 0, 0]",1,128,16.0,68.0,5639783629,5639791938,6167080963,6167083266,0,768,768,-1,1,8309,2303,512,384,384,2
12,3,"[2, 16, 0, 0, 0, 0, 0, 0, 0, 0, 0, 0, 0, 0, 0, 2, 16, 0, 0, 0, 0, 0, 0, 0, 0, 0, 0, 0, 0, 0]",1,128,16.0,96.0,5639863205,5639870929,6167084034,6167086370,0,768,768,-1,1,7724,2336,512,384,384,2
12,3,"[2, 16, 0, 0, 0, 0, 0, 0, 0, 0, 0, 0, 0, 0, 0, 2, 16, 0, 0, 0, 0, 0, 0, 0, 0, 0, 0, 0, 0, 0]",1,128,16.0,96.0,5639945547,5639953170,6167087138,6167089442,0,768,768,-1,1,7623,2304,512,384,384,2
16,3,"[2, 16, 1, 3, 3, 0, 0, 0, 0, 0, 0, 0, 0, 0, 0, 4, 0, 0, 0, 0, 0, 0, 0, 0, 0, 0, 0, 0, 0, 0]",1,128,144.0,580.0,5640027051,5640035213,6167090210,6167092546,0,736,736,-1,1,8162,2336,512,384,384,2
12,3,"[2, 16, 1, 3, 3, 0, 0, 0, 0, 0, 0, 0, 0, 0, 0, 2, 16, 1, 3, 3, 0, 0, 0, 0, 0, 0, 0, 0, 0, 0]",1,128,144.0,864.0,5640108601,5640116165,6167093282,6167095650,0,672,672,-1,1,7564,2368,512,384,384,2
12,3,"[2, 16, 1, 3, 3, 0, 0, 0, 0, 0, 0, 0, 0, 0, 0, 2, 16, 1, 3, 3, 0, 0, 0, 0, 0, 0, 0, 0, 0, 0]",1,128,144.0,864.0,5640189390,5640196616,6167096322,6167098722,0,672,672,-1,1,7226,2400,512,384,384,2
16,3,"[2, 16, 0, 0, 0, 0, 0, 0, 0, 0, 0, 0, 0, 0, 0, 4, 0, 0, 0, 0, 0, 0, 0, 0, 0, 0, 0, 0, 0, 0]",1,128,16.0,68.0,5640268993,5640276782,6167099394,6167101730,0,768,768,-1,1,7789,2336,512,384,384,2
12,3,"[2, 16, 0, 0, 0, 0, 0, 0, 0, 0, 0, 0, 0, 0, 0, 2, 16, 0, 0, 0, 0, 0, 0, 0, 0, 0, 0, 0, 0, 0]",1,128,16.0,96.0,5640348310,5640355662,6167102498,6167104866,0,704,704,-1,1,7352,2368,512,384,384,2
12,3,"[2, 16, 0, 0, 0, 0, 0, 0, 0, 0, 0, 0, 0, 0, 0, 2, 16, 0, 0, 0, 0, 0, 0, 0, 0, 0, 0, 0, 0, 0]",1,128,16.0,96.0,5640427156,5640434468,6167105570,6167107906,0,768,768,-1,1,7312,2336,512,384,384,2
16,3,"[2, 16, 0, 0, 0, 0, 0, 0, 0, 0, 0, 0, 0, 0, 0, 4, 0, 0, 0, 0, 0, 0, 0, 0, 0, 0, 0, 0, 0, 0]",1,128,16.0,68.0,5640506038,5640513816,6167108674,6167111010,0,736,736,-1,1,7778,2336,512,384,384,2
12,3,"[2, 16, 0, 0, 0, 0, 0, 0, 0, 0, 0, 0, 0, 0, 0, 2, 16, 0, 0, 0, 0, 0, 0, 0, 0, 0, 0, 0, 0, 0]",1,128,16.0,96.0,5640595114,5640603927,6167111746,6167114082,0,768,768,-1,1,8813,2336,512,384,384,2
12,3,"[2, 16, 0, 0, 0, 0, 0, 0, 0, 0, 0, 0, 0, 0, 0, 2, 16, 0, 0, 0, 0, 0, 0, 0, 0, 0, 0, 0, 0, 0]",1,128,16.0,96.0,5640676366,5640684005,6167114850,6167117186,0,736,736,-1,1,7639,2336,512,384,384,2
16,3,"[2, 8, 16, 1, 1, 0, 0, 0, 0, 0, 0, 0, 0, 0, 0, 4, 0, 0, 0, 0, 0, 0, 0, 0, 0, 0, 0, 0, 0, 0]",1,128,128.0,516.0,5640757638,5640768094,6167117922,6167120226,0,736,736,-1,1,10456,2304,512,384,384,2
12,3,"[2, 8, 16, 1, 1, 0, 0, 0, 0, 0, 0, 0, 0, 0, 0, 2, 8, 16, 1, 1, 0, 0, 0, 0, 0, 0, 0, 0, 0, 0]",1,128,128.0,768.0,5640841761,5640849524,6167120962,6167123330,0,704,704,-1,1,7763,2368,512,384,384,2
12,3,"[2, 8, 16, 1, 1, 0, 0, 0, 0, 0, 0, 0, 0, 0, 0, 2, 8, 16, 1, 1, 0, 0, 0, 0, 0, 0, 0, 0, 0, 0]",1,128,128.0,768.0,5640931441,5640939347,6167124034,6167126402,0,736,736,-1,1,7906,2368,512,384,384,2
16,3,"[2, 8, 0, 0, 0, 0, 0, 0, 0, 0, 0, 0, 0, 0, 0, 4, 0, 0, 0, 0, 0, 0, 0, 0, 0, 0, 0, 0, 0, 0]",1,128,8.0,36.0,5641014819,5641022819,6167127138,6167129442,0,768,768,-1,1,8000,2304,512,384,384,2
12,3,"[2, 8, 0, 0, 0, 0, 0, 0, 0, 0, 0, 0, 0, 0, 0, 2, 8, 0, 0, 0, 0, 0, 0, 0, 0, 0, 0, 0, 0, 0]",1,128,8.0,48.0,5641096427,5641104003,6167130210,6167132546,0,736,736,-1,1,7576,2336,512,384,384,2
12,3,"[2, 8, 0, 0, 0, 0, 0, 0, 0, 0, 0, 0, 0, 0, 0, 2, 8, 0, 0, 0, 0, 0, 0, 0, 0, 0, 0, 0, 0, 0]",1,128,8.0,48.0,5641175759,5641183349,6167133282,6167135650,0,672,672,-1,1,7590,2368,512,384,384,2
16,3,"[2, 16, 8, 1, 1, 0, 0, 0, 0, 0, 0, 0, 0, 0, 0, 4, 0, 0, 0, 0, 0, 0, 0, 0, 0, 0, 0, 0, 0, 0]",1,128,128.0,516.0,5641258640,5641266840,6167136322,6167138690,0,768,768,-1,1,8200,2368,512,384,384,2
12,3,"[2, 16, 8, 1, 1, 0, 0, 0, 0, 0, 0, 0, 0, 0, 0, 2, 16, 8, 1, 1, 0, 0, 0, 0, 0, 0, 0, 0, 0, 0]",1,128,128.0,768.0,5641340159,5641347536,6167139458,6167142050,0,672,672,-1,1,7377,2592,512,384,384,2
12,3,"[2, 16, 8, 1, 1, 0, 0, 0, 0, 0, 0, 0, 0, 0, 0, 2, 16, 8, 1, 1, 0, 0, 0, 0, 0, 0, 0, 0, 0, 0]",1,128,128.0,768.0,5641421362,5641428693,6167142722,6167145058,0,736,736,-1,1,7331,2336,512,384,384,2
16,3,"[2, 16, 0, 0, 0, 0, 0, 0, 0, 0, 0, 0, 0, 0, 0, 4, 0, 0, 0, 0, 0, 0, 0, 0, 0, 0, 0, 0, 0, 0]",1,128,16.0,68.0,5641502042,5641509758,6167145794,6167148130,0,736,736,-1,1,7716,2336,512,384,384,2
12,3,"[2, 16, 0, 0, 0, 0, 0, 0, 0, 0, 0, 0, 0, 0, 0, 2, 16, 0, 0, 0, 0, 0, 0, 0, 0, 0, 0, 0, 0, 0]",1,128,16.0,96.0,5641582320,5641589549,6167148866,6167151202,0,736,736,-1,1,7229,2336,512,384,384,2
12,3,"[2, 16, 0, 0, 0, 0, 0, 0, 0, 0, 0, 0, 0, 0, 0, 2, 16, 0, 0, 0, 0, 0, 0, 0, 0, 0, 0, 0, 0, 0]",1,128,16.0,96.0,5641829912,5641843726,6167151938,6167154274,0,736,736,-1,1,13814,2336,512,384,384,2
16,3,"[2, 16, 16, 1, 1, 0, 0, 0, 0, 0, 0, 0, 0, 0, 0, 4, 0, 0, 0, 0, 0, 0, 0, 0, 0, 0, 0, 0, 0, 0]",1,128,256.0,1028.0,5641932480,5641942327,6167155010,6167157698,0,768,768,-1,1,9847,2688,512,384,384,2
12,3,"[2, 16, 16, 1, 1, 0, 0, 0, 0, 0, 0, 0, 0, 0, 0, 2, 16, 16, 1, 1, 0, 0, 0, 0, 0, 0, 0, 0, 0, 0]",1,128,256.0,1536.0,5642019158,5642027042,6167158466,6167160834,0,736,736,-1,1,7884,2368,512,384,384,2
12,3,"[2, 16, 16, 1, 1, 0, 0, 0, 0, 0, 0, 0, 0, 0, 0, 2, 16, 16, 1, 1, 0, 0, 0, 0, 0, 0, 0, 0, 0, 0]",1,128,256.0,1536.0,5642100680,5642108820,6167161570,6167163938,0,672,672,-1,1,8140,2368,512,384,384,2
16,3,"[2, 16, 0, 0, 0, 0, 0, 0, 0, 0, 0, 0, 0, 0, 0, 4, 0, 0, 0, 0, 0, 0, 0, 0, 0, 0, 0, 0, 0, 0]",1,128,16.0,68.0,5642181014,5642188889,6167164610,6167166946,0,736,736,-1,1,7875,2336,512,384,384,2
12,3,"[2, 16, 0, 0, 0, 0, 0, 0, 0, 0, 0, 0, 0, 0, 0, 2, 16, 0, 0, 0, 0, 0, 0, 0, 0, 0, 0, 0, 0, 0]",1,128,16.0,96.0,5642259934,5642267441,6167167682,6167170082,0,704,704,-1,1,7507,2400,512,384,384,2
12,3,"[2, 16, 0, 0, 0, 0, 0, 0, 0, 0, 0, 0, 0, 0, 0, 2, 16, 0, 0, 0, 0, 0, 0, 0, 0, 0, 0, 0, 0, 0]",1,128,16.0,96.0,5642338418,5642345723,6167170786,6167173346,0,672,672,-1,1,7305,2560,512,384,384,2
16,3,"[2, 16, 0, 0, 0, 0, 0, 0, 0, 0, 0, 0, 0, 0, 0, 4, 0, 0, 0, 0, 0, 0, 0, 0, 0, 0, 0, 0, 0, 0]",1,128,16.0,68.0,5642416860,5642424658,6167174018,6167176354,0,736,736,-1,1,7798,2336,512,384,384,2
12,3,"[2, 16, 0, 0, 0, 0, 0, 0, 0, 0, 0, 0, 0, 0, 0, 2, 16, 0, 0, 0, 0, 0, 0, 0, 0, 0, 0, 0, 0, 0]",1,128,16.0,96.0,5642495797,5642503147,6167177090,6167179458,0,736,736,-1,1,7350,2368,512,384,384,2
12,3,"[2, 16, 0, 0, 0, 0, 0, 0, 0, 0, 0, 0, 0, 0, 0, 2, 16, 0, 0, 0, 0, 0, 0, 0, 0, 0, 0, 0, 0, 0]",1,128,16.0,96.0,5642573496,5642580779,6167180194,6167182530,0,736,736,-1,1,7283,2336,512,384,384,2
16,3,"[2, 72, 16, 1, 1, 0, 0, 0, 0, 0, 0, 0, 0, 0, 0, 4, 0, 0, 0, 0, 0, 0, 0, 0, 0, 0, 0, 0, 0, 0]",3,128,1152.0,4612.0,5642652664,5642660483,6167183266,6167185954,0,736,736,-1,1,7819,2688,512,384,384,2
12,3,"[2, 72, 16, 1, 1, 0, 0, 0, 0, 0, 0, 0, 0, 0, 0, 2, 72, 16, 1, 1, 0, 0, 0, 0, 0, 0, 0, 0, 0, 0]",3,128,1152.0,6912.0,5642732672,5642742274,6167186690,6167189122,0,704,704,-1,1,9602,2432,512,384,384,2
12,3,"[2, 72, 16, 1, 1, 0, 0, 0, 0, 0, 0, 0, 0, 0, 0, 2, 72, 16, 1, 1, 0, 0, 0, 0, 0, 0, 0, 0, 0, 0]",3,128,1152.0,6912.0,5642816239,5642823614,6167189826,6167192194,0,704,704,-1,1,7375,2368,512,384,384,2
16,3,"[2, 72, 0, 0, 0, 0, 0, 0, 0, 0, 0, 0, 0, 0, 0, 4, 0, 0, 0, 0, 0, 0, 0, 0, 0, 0, 0, 0, 0, 0]",1,128,72.0,292.0,5642895663,5642903584,6167192898,6167195266,0,704,704,-1,1,7921,2368,512,384,384,2
12,3,"[2, 72, 0, 0, 0, 0, 0, 0, 0, 0, 0, 0, 0, 0, 0, 2, 72, 0, 0, 0, 0, 0, 0, 0, 0, 0, 0, 0, 0, 0]",1,128,72.0,432.0,5642974415,5642981641,6167195970,6167198306,0,736,736,-1,1,7226,2336,512,384,384,2
12,3,"[2, 72, 0, 0, 0, 0, 0, 0, 0, 0, 0, 0, 0, 0, 0, 2, 72, 0, 0, 0, 0, 0, 0, 0, 0, 0, 0, 0, 0, 0]",1,128,72.0,432.0,5643051543,5643058900,6167199042,6167201378,0,736,736,-1,1,7357,2336,512,384,384,2
16,3,"[2, 72, 0, 0, 0, 0, 0, 0, 0, 0, 0, 0, 0, 0, 0, 4, 0, 0, 0, 0, 0, 0, 0, 0, 0, 0, 0, 0, 0, 0]",1,128,72.0,292.0,5643131219,5643139126,6167202114,6167204610,0,768,768,-1,1,7907,2496,512,384,384,2
12,3,"[2, 72, 0, 0, 0, 0, 0, 0, 0, 0, 0, 0, 0, 0, 0, 2, 72, 0, 0, 0, 0, 0, 0, 0, 0, 0, 0, 0, 0, 0]",1,128,72.0,432.0,5643211021,5643218446,6167205378,6167207714,0,736,736,-1,1,7425,2336,512,384,384,2
12,3,"[2, 72, 0, 0, 0, 0, 0, 0, 0, 0, 0, 0, 0, 0, 0, 2, 72, 0, 0, 0, 0, 0, 0, 0, 0, 0, 0, 0, 0, 0]",1,128,72.0,432.0,5643288971,5643296111,6167208450,6167210818,0,736,736,-1,1,7140,2368,512,384,384,2
16,3,"[2, 72, 1, 3, 3, 0, 0, 0, 0, 0, 0, 0, 0, 0, 0, 4, 0, 0, 0, 0, 0, 0, 0, 0, 0, 0, 0, 0, 0, 0]",2,128,648.0,2596.0,5643367705,5643375418,6167211554,6167213890,0,736,736,-1,1,7713,2336,512,384,384,2
12,3,"[2, 72, 1, 3, 3, 0, 0, 0, 0, 0, 0, 0, 0, 0, 0, 2, 72, 1, 3, 3, 0, 0, 0, 0, 0, 0, 0, 0, 0, 0]",2,128,648.0,3888.0,5643448086,5643455620,6167214626,6167216994,0,672,672,-1,1,7534,2368,512,384,384,2
12,3,"[2, 72, 1, 3, 3, 0, 0, 0, 0, 0, 0, 0, 0, 0, 0, 2, 72, 1, 3, 3, 0, 0, 0, 0, 0, 0, 0, 0, 0, 0]",2,128,648.0,3888.0,5643527877,5643535166,6167217666,6167220258,0,704,704,-1,1,7289,2592,512,384,384,2
16,3,"[2, 72, 0, 0, 0, 0, 0, 0, 0, 0, 0, 0, 0, 0, 0, 4, 0, 0, 0, 0, 0, 0, 0, 0, 0, 0, 0, 0, 0, 0]",1,128,72.0,292.0,5643606673,5643616757,6167220962,6167223330,0,704,704,-1,1,10084,2368,512,384,384,2
12,3,"[2, 72, 0, 0, 0, 0, 0, 0, 0, 0, 0, 0, 0, 0, 0, 2, 72, 0, 0, 0, 0, 0, 0, 0, 0, 0, 0, 0, 0, 0]",1,128,72.0,432.0,5643690204,5643697797,6167224034,6167226402,0,736,736,-1,1,7593,2368,512,384,384,2
12,3,"[2, 72, 0, 0, 0, 0, 0, 0, 0, 0, 0, 0, 0, 0, 0, 2, 72, 0, 0, 0, 0, 0, 0, 0, 0, 0, 0, 0, 0, 0]",1,128,72.0,432.0,5643768810,5643776055,6167227138,6167229442,0,768,768,-1,1,7245,2304,512,384,384,2
16,3,"[2, 72, 0, 0, 0, 0, 0, 0, 0, 0, 0, 0, 0, 0, 0, 4, 0, 0, 0, 0, 0, 0, 0, 0, 0, 0, 0, 0, 0, 0]",1,128,72.0,292.0,5643847729,5643855513,6167230210,6167232546,0,736,736,-1,1,7784,2336,512,384,384,2
12,3,"[2, 72, 0, 0, 0, 0, 0, 0, 0, 0, 0, 0, 0, 0, 0, 2, 72, 0, 0, 0, 0, 0, 0, 0, 0, 0, 0, 0, 0, 0]",1,128,72.0,432.0,5643928109,5643935913,6167233282,6167235873,0,672,672,-1,1,7804,2591,512,384,384,2
12,3,"[2, 72, 0, 0, 0, 0, 0, 0, 0, 0, 0, 0, 0, 0, 0, 2, 72, 0, 0, 0, 0, 0, 0, 0, 0, 0, 0, 0, 0, 0]",1,128,72.0,432.0,5644006654,5644013823,6167236545,6167238850,0,768,768,-1,1,7169,2305,512,384,384,2
16,3,"[2, 24, 72, 1, 1, 0, 0, 0, 0, 0, 0, 0, 0, 0, 0, 4, 0, 0, 0, 0, 0, 0, 0, 0, 0, 0, 0, 0, 0, 0]",4,128,1728.0,6916.0,5644086459,5644094074,6167239618,6167242049,0,641,641,-1,1,7615,2431,512,384,384,2
12,3,"[2, 24, 72, 1, 1, 0, 0, 0, 0, 0, 0, 0, 0, 0, 0, 2, 24, 72, 1, 1, 0, 0, 0, 0, 0, 0, 0, 0, 0, 0]",4,128,1728.0,10368.0,5644167222,5644174704,6167242690,6167245186,0,799,799,-1,1,7482,2496,512,384,384,2
12,3,"[2, 24, 72, 1, 1, 0, 0, 0, 0, 0, 0, 0, 0, 0, 0, 2, 24, 72, 1, 1, 0, 0, 0, 0, 0, 0, 0, 0, 0, 0]",4,128,1728.0,10368.0,5644246602,5644253814,6167245985,6167248353,0,672,672,-1,1,7212,2368,512,384,384,2
16,3,"[2, 24, 0, 0, 0, 0, 0, 0, 0, 0, 0, 0, 0, 0, 0, 4, 0, 0, 0, 0, 0, 0, 0, 0, 0, 0, 0, 0, 0, 0]",1,128,24.0,100.0,5644325230,5644332906,6167249025,6167251522,0,799,799,-1,1,7676,2497,512,384,384,2
12,3,"[2, 24, 0, 0, 0, 0, 0, 0, 0, 0, 0, 0, 0, 0, 0, 2, 24, 0, 0, 0, 0, 0, 0, 0, 0, 0, 0, 0, 0, 0]",1,128,24.0,144.0,5644405931,5644413698,6167252321,6167254689,0,704,704,-1,1,7767,2368,512,384,384,2
12,3,"[2, 24, 0, 0, 0, 0, 0, 0, 0, 0, 0, 0, 0, 0, 0, 2, 24, 0, 0, 0, 0, 0, 0, 0, 0, 0, 0, 0, 0, 0]",1,128,24.0,144.0,5644485125,5644494273,6167255393,6167257729,0,704,704,-1,1,9148,2336,512,384,384,2
16,3,"[2, 24, 0, 0, 0, 0, 0, 0, 0, 0, 0, 0, 0, 0, 0, 4, 0, 0, 0, 0, 0, 0, 0, 0, 0, 0, 0, 0, 0, 0]",1,128,24.0,100.0,5644566180,5644574052,6167258433,6167260801,0,704,704,-1,1,7872,2368,512,384,384,2
12,3,"[2, 24, 0, 0, 0, 0, 0, 0, 0, 0, 0, 0, 0, 0, 0, 2, 24, 0, 0, 0, 0, 0, 0, 0, 0, 0, 0, 0, 0, 0]",1,128,24.0,144.0,5644645675,5644652988,6167261505,6167263905,0,704,704,-1,1,7313,2400,512,384,384,2
12,3,"[2, 24, 0, 0, 0, 0, 0, 0, 0, 0, 0, 0, 0, 0, 0, 2, 24, 0, 0, 0, 0, 0, 0, 0, 0, 0, 0, 0, 0, 0]",1,128,24.0,144.0,5644723640,5644730967,6167264609,6167267169,0,736,736,-1,1,7327,2560,512,384,384,2
16,3,"[2, 88, 24, 1, 1, 0, 0, 0, 0, 0, 0, 0, 0, 0, 0, 4, 0, 0, 0, 0, 0, 0, 0, 0, 0, 0, 0, 0, 0, 0]",5,128,2112.0,8452.0,5644803818,5644811434,6167267905,6167270273,0,640,640,-1,1,7616,2368,512,384,384,2
12,3,"[2, 88, 24, 1, 1, 0, 0, 0, 0, 0, 0, 0, 0, 0, 0, 2, 88, 24, 1, 1, 0, 0, 0, 0, 0, 0, 0, 0, 0, 0]",5,128,2112.0,12672.0,5644887259,5644894830,6167270913,6167273410,0,799,799,-1,1,7571,2497,512,384,384,2
12,3,"[2, 88, 24, 1, 1, 0, 0, 0, 0, 0, 0, 0, 0, 0, 0, 2, 88, 24, 1, 1, 0, 0, 0, 0, 0, 0, 0, 0, 0, 0]",5,128,2112.0,12672.0,5644976908,5644984970,6167274209,6167276577,0,736,736,-1,1,8062,2368,512,384,384,2
16,3,"[2, 88, 0, 0, 0, 0, 0, 0, 0, 0, 0, 0, 0, 0, 0, 4, 0, 0, 0, 0, 0, 0, 0, 0, 0, 0, 0, 0, 0, 0]",1,128,88.0,356.0,5645057613,5645065342,6167277313,6167279681,0,704,704,-1,1,7729,2368,512,384,384,2
12,3,"[2, 88, 0, 0, 0, 0, 0, 0, 0, 0, 0, 0, 0, 0, 0, 2, 88, 0, 0, 0, 0, 0, 0, 0, 0, 0, 0, 0, 0, 0]",1,128,88.0,528.0,5645265217,5645274631,6167280385,6167282785,0,704,704,-1,1,9414,2400,512,384,384,2
12,3,"[2, 88, 0, 0, 0, 0, 0, 0, 0, 0, 0, 0, 0, 0, 0, 2, 88, 0, 0, 0, 0, 0, 0, 0, 0, 0, 0, 0, 0, 0]",1,128,88.0,528.0,5645355452,5645363611,6167283489,6167285857,0,704,704,-1,1,8159,2368,512,384,384,2
16,3,"[2, 88, 0, 0, 0, 0, 0, 0, 0, 0, 0, 0, 0, 0, 0, 4, 0, 0, 0, 0, 0, 0, 0, 0, 0, 0, 0, 0, 0, 0]",1,128,88.0,356.0,5645437899,5645446156,6167286561,6167288929,0,704,704,-1,1,8257,2368,512,384,384,2
12,3,"[2, 88, 0, 0, 0, 0, 0, 0, 0, 0, 0, 0, 0, 0, 0, 2, 88, 0, 0, 0, 0, 0, 0, 0, 0, 0, 0, 0, 0, 0]",1,128,88.0,528.0,5645520042,5645527483,6167289633,6167292001,0,672,672,-1,1,7441,2368,512,384,384,2
12,3,"[2, 88, 0, 0, 0, 0, 0, 0, 0, 0, 0, 0, 0, 0, 0, 2, 88, 0, 0, 0, 0, 0, 0, 0, 0, 0, 0, 0, 0, 0]",1,128,88.0,528.0,5645599172,5645606508,6167292673,6167295137,0,832,832,-1,1,7336,2464,512,384,384,2
16,3,"[2, 88, 1, 3, 3, 0, 0, 0, 0, 0, 0, 0, 0, 0, 0, 4, 0, 0, 0, 0, 0, 0, 0, 0, 0, 0, 0, 0, 0, 0]",2,128,792.0,3172.0,5645678640,5645686581,6167295969,6167298433,0,768,768,-1,1,7941,2464,512,384,384,2
12,3,"[2, 88, 1, 3, 3, 0, 0, 0, 0, 0, 0, 0, 0, 0, 0, 2, 88, 1, 3, 3, 0, 0, 0, 0, 0, 0, 0, 0, 0, 0]",2,128,792.0,4752.0,5645759055,5645766494,6167299201,6167301601,0,672,672,-1,1,7439,2400,512,384,384,2
12,3,"[2, 88, 1, 3, 3, 0, 0, 0, 0, 0, 0, 0, 0, 0, 0, 2, 88, 1, 3, 3, 0, 0, 0, 0, 0, 0, 0, 0, 0, 0]",2,128,792.0,4752.0,5645838601,5645846031,6167302273,6167304673,0,704,704,-1,1,7430,2400,512,384,384,2
16,3,"[2, 88, 0, 0, 0, 0, 0, 0, 0, 0, 0, 0, 0, 0, 0, 4, 0, 0, 0, 0, 0, 0, 0, 0, 0, 0, 0, 0, 0, 0]",1,128,88.0,356.0,5645917235,5645924976,6167305377,6167307809,0,800,800,-1,1,7741,2432,512,384,384,2
12,3,"[2, 88, 0, 0, 0, 0, 0, 0, 0, 0, 0, 0, 0, 0, 0, 2, 88, 0, 0, 0, 0, 0, 0, 0, 0, 0, 0, 0, 0, 0]",1,128,88.0,528.0,5645996184,5646003495,6167308609,6167311073,0,672,672,-1,1,7311,2464,512,384,384,2
12,3,"[2, 88, 0, 0, 0, 0, 0, 0, 0, 0, 0, 0, 0, 0, 0, 2, 88, 0, 0, 0, 0, 0, 0, 0, 0, 0, 0, 0, 0, 0]",1,128,88.0,528.0,5646074558,5646081865,6167311745,6167314177,0,704,704,-1,1,7307,2432,512,384,384,2
16,3,"[2, 88, 0, 0, 0, 0, 0, 0, 0, 0, 0, 0, 0, 0, 0, 4, 0, 0, 0, 0, 0, 0, 0, 0, 0, 0, 0, 0, 0, 0]",1,128,88.0,356.0,5646153173,5646160851,6167314881,6167317249,0,832,832,-1,1,7678,2368,512,384,384,2
12,3,"[2, 88, 0, 0, 0, 0, 0, 0, 0, 0, 0, 0, 0, 0, 0, 2, 88, 0, 0, 0, 0, 0, 0, 0, 0, 0, 0, 0, 0, 0]",1,128,88.0,528.0,5646231602,5646238837,6167318081,6167320481,0,672,672,-1,1,7235,2400,512,384,384,2
12,3,"[2, 88, 0, 0, 0, 0, 0, 0, 0, 0, 0, 0, 0, 0, 0, 2, 88, 0, 0, 0, 0, 0, 0, 0, 0, 0, 0, 0, 0, 0]",1,128,88.0,528.0,5646309281,5646316366,6167321153,6167323553,0,672,672,-1,1,7085,2400,512,384,384,2
16,3,"[2, 24, 88, 1, 1, 0, 0, 0, 0, 0, 0, 0, 0, 0, 0, 4, 0, 0, 0, 0, 0, 0, 0, 0, 0, 0, 0, 0, 0, 0]",5,128,2112.0,8452.0,5646390629,5646398674,6167324225,6167326561,0,736,736,-1,1,8045,2336,512,384,384,2
12,3,"[2, 24, 88, 1, 1, 0, 0, 0, 0, 0, 0, 0, 0, 0, 0, 2, 24, 88, 1, 1, 0, 0, 0, 0, 0, 0, 0, 0, 0, 0]",5,128,2112.0,12672.0,5646471505,5646479027,6167327297,6167329729,0,640,640,-1,1,7522,2432,512,384,384,2
12,3,"[2, 24, 88, 1, 1, 0, 0, 0, 0, 0, 0, 0, 0, 0, 0, 2, 24, 88, 1, 1, 0, 0, 0, 0, 0, 0, 0, 0, 0, 0]",5,128,2112.0,12672.0,5646550068,5646557298,6167330369,6167332737,0,704,704,-1,1,7230,2368,512,384,384,2
16,3,"[2, 24, 0, 0, 0, 0, 0, 0, 0, 0, 0, 0, 0, 0, 0, 4, 0, 0, 0, 0, 0, 0, 0, 0, 0, 0, 0, 0, 0, 0]",1,128,24.0,100.0,5646627801,5646635533,6167333441,6167335809,0,704,704,-1,1,7732,2368,512,384,384,2
12,3,"[2, 24, 0, 0, 0, 0, 0, 0, 0, 0, 0, 0, 0, 0, 0, 2, 24, 0, 0, 0, 0, 0, 0, 0, 0, 0, 0, 0, 0, 0]",1,128,24.0,144.0,5646708267,5646715661,6167336513,6167338849,0,768,768,-1,1,7394,2336,512,384,384,2
12,3,"[2, 24, 0, 0, 0, 0, 0, 0, 0, 0, 0, 0, 0, 0, 0, 2, 24, 0, 0, 0, 0, 0, 0, 0, 0, 0, 0, 0, 0, 0]",1,128,24.0,144.0,5646786056,5646793243,6167339617,6167341953,0,736,736,-1,1,7187,2336,512,384,384,2
16,3,"[2, 24, 0, 0, 0, 0, 0, 0, 0, 0, 0, 0, 0, 0, 0, 4, 0, 0, 0, 0, 0, 0, 0, 0, 0, 0, 0, 0, 0, 0]",1,128,24.0,100.0,5646863474,5646871259,6167342689,6167345345,0,800,800,-1,1,7785,2656,512,384,384,2
12,3,"[2, 24, 0, 0, 0, 0, 0, 0, 0, 0, 0, 0, 0, 0, 0, 2, 24, 0, 0, 0, 0, 0, 0, 0, 0, 0, 0, 0, 0, 0]",1,128,24.0,144.0,5646941807,5647087011,6167346145,6167348513,0,704,704,-1,1,145204,2368,512,384,384,2
12,3,"[2, 24, 0, 0, 0, 0, 0, 0, 0, 0, 0, 0, 0, 0, 0, 2, 24, 0, 0, 0, 0, 0, 0, 0, 0, 0, 0, 0, 0, 0]",1,128,24.0,144.0,5647163844,5647172003,6167349217,6167351585,0,672,672,-1,1,8159,2368,512,384,384,2
16,3,"[2, 96, 24, 1, 1, 0, 0, 0, 0, 0, 0, 0, 0, 0, 0, 4, 0, 0, 0, 0, 0, 0, 0, 0, 0, 0, 0, 0, 0, 0]",5,128,2304.0,9220.0,5647248221,5647256250,6167352257,6167354657,0,672,672,-1,1,8029,2400,512,384,384,2
12,3,"[2, 96, 24, 1, 1, 0, 0, 0, 0, 0, 0, 0, 0, 0, 0, 2, 96, 24, 1, 1, 0, 0, 0, 0, 0, 0, 0, 0, 0, 0]",5,128,2304.0,13824.0,5647328991,5647336953,6167355329,6167357729,0,736,736,-1,1,7962,2400,512,384,384,2
12,3,"[2, 96, 24, 1, 1, 0, 0, 0, 0, 0, 0, 0, 0, 0, 0, 2, 96, 24, 1, 1, 0, 0, 0, 0, 0, 0, 0, 0, 0, 0]",5,128,2304.0,13824.0,5647412343,5647420160,6167358465,6167360993,0,736,736,-1,1,7817,2528,512,384,384,2
16,3,"[2, 96, 0, 0, 0, 0, 0, 0, 0, 0, 0, 0, 0, 0, 0, 4, 0, 0, 0, 0, 0, 0, 0, 0, 0, 0, 0, 0, 0, 0]",1,128,96.0,388.0,5647492817,5647500424,6167361729,6167364065,0,736,736,-1,1,7607,2336,512,384,384,2
12,3,"[2, 96, 0, 0, 0, 0, 0, 0, 0, 0, 0, 0, 0, 0, 0, 2, 96, 0, 0, 0, 0, 0, 0, 0, 0, 0, 0, 0, 0, 0]",1,128,96.0,576.0,5647573244,5647581148,6167364801,6167367137,0,768,768,-1,1,7904,2336,512,384,384,2
12,3,"[2, 96, 0, 0, 0, 0, 0, 0, 0, 0, 0, 0, 0, 0, 0, 2, 96, 0, 0, 0, 0, 0, 0, 0, 0, 0, 0, 0, 0, 0]",1,128,96.0,576.0,5647652003,5647659416,6167367905,6167370209,0,736,736,-1,1,7413,2304,512,384,384,2
16,3,"[2, 96, 0, 0, 0, 0, 0, 0, 0, 0, 0, 0, 0, 0, 0, 4, 0, 0, 0, 0, 0, 0, 0, 0, 0, 0, 0, 0, 0, 0]",1,128,96.0,388.0,5647730788,5647738635,6167370945,6167373281,0,736,736,-1,1,7847,2336,512,384,384,2
12,3,"[2, 96, 0, 0, 0, 0, 0, 0, 0, 0, 0, 0, 0, 0, 0, 2, 96, 0, 0, 0, 0, 0, 0, 0, 0, 0, 0, 0, 0, 0]",1,128,96.0,576.0,5647809632,5647816897,6167374017,6167376641,0,672,672,-1,1,7265,2624,512,384,384,2
12,3,"[2, 96, 0, 0, 0, 0, 0, 0, 0, 0, 0, 0, 0, 0, 0, 2, 96, 0, 0, 0, 0, 0, 0, 0, 0, 0, 0, 0, 0, 0]",1,128,96.0,576.0,5647887912,5647894950,6167377313,6167379617,0,768,768,-1,1,7038,2304,512,384,384,2
16,3,"[2, 96, 1, 5, 5, 0, 0, 0, 0, 0, 0, 0, 0, 0, 0, 4, 0, 0, 0, 0, 0, 0, 0, 0, 0, 0, 0, 0, 0, 0]",5,128,2400.0,9604.0,5647967297,5647974960,6167380385,6167382753,0,704,704,-1,1,7663,2368,512,384,384,2
12,3,"[2, 96, 1, 5, 5, 0, 0, 0, 0, 0, 0, 0, 0, 0, 0, 2, 96, 1, 5, 5, 0, 0, 0, 0, 0, 0, 0, 0, 0, 0]",5,128,2400.0,14400.0,5648047862,5648055446,6167383457,6167385889,0,608,608,-1,1,7584,2432,512,384,384,2
12,3,"[2, 96, 1, 5, 5, 0, 0, 0, 0, 0, 0, 0, 0, 0, 0, 2, 96, 1, 5, 5, 0, 0, 0, 0, 0, 0, 0, 0, 0, 0]",5,128,2400.0,14400.0,5648128401,5648135990,6167386497,6167388929,0,640,640,-1,1,7589,2432,512,384,384,2
16,3,"[2, 96, 0, 0, 0, 0, 0, 0, 0, 0, 0, 0, 0, 0, 0, 4, 0, 0, 0, 0, 0, 0, 0, 0, 0, 0, 0, 0, 0, 0]",1,128,96.0,388.0,5648207307,5648215035,6167389569,6167392257,0,768,768,-1,1,7728,2688,512,384,384,2
12,3,"[2, 96, 0, 0, 0, 0, 0, 0, 0, 0, 0, 0, 0, 0, 0, 2, 96, 0, 0, 0, 0, 0, 0, 0, 0, 0, 0, 0, 0, 0]",1,128,96.0,576.0,5648289485,5648296990,6167393025,6167395425,0,672,672,-1,1,7505,2400,512,384,384,2
12,3,"[2, 96, 0, 0, 0, 0, 0, 0, 0, 0, 0, 0, 0, 0, 0, 2, 96, 0, 0, 0, 0, 0, 0, 0, 0, 0, 0, 0, 0, 0]",1,128,96.0,576.0,5648367895,5648375419,6167396097,6167398497,0,704,704,-1,1,7524,2400,512,384,384,2
16,3,"[2, 96, 0, 0, 0, 0, 0, 0, 0, 0, 0, 0, 0, 0, 0, 4, 0, 0, 0, 0, 0, 0, 0, 0, 0, 0, 0, 0, 0, 0]",1,128,96.0,388.0,5648446510,5648454189,6167399201,6167401569,0,704,704,-1,1,7679,2368,512,384,384,2
12,3,"[2, 96, 0, 0, 0, 0, 0, 0, 0, 0, 0, 0, 0, 0, 0, 2, 96, 0, 0, 0, 0, 0, 0, 0, 0, 0, 0, 0, 0, 0]",1,128,96.0,576.0,5648527478,5648534898,6167402273,6167404641,0,736,736,-1,1,7420,2368,512,384,384,2
12,3,"[2, 96, 0, 0, 0, 0, 0, 0, 0, 0, 0, 0, 0, 0, 0, 2, 96, 0, 0, 0, 0, 0, 0, 0, 0, 0, 0, 0, 0, 0]",1,128,96.0,576.0,5648606726,5648614249,6167405377,6167407905,0,768,768,-1,1,7523,2528,512,384,384,2
16,3,"[2, 24, 96, 1, 1, 0, 0, 0, 0, 0, 0, 0, 0, 0, 0, 4, 0, 0, 0, 0, 0, 0, 0, 0, 0, 0, 0, 0, 0, 0]",5,128,2304.0,9220.0,5648686013,5648693818,6167408673,6167411008,0,704,704,-1,1,7805,2335,512,384,384,2
12,3,"[2, 24, 96, 1, 1, 0, 0, 0, 0, 0, 0, 0, 0, 0, 0, 2, 24, 96, 1, 1, 0, 0, 0, 0, 0, 0, 0, 0, 0, 0]",5,128,2304.0,13824.0,5648898506,5648914959,6167411712,6167414081,0,704,704,-1,1,16453,2369,512,384,384,2
12,3,"[2, 24, 96, 1, 1, 0, 0, 0, 0, 0, 0, 0, 0, 0, 0, 2, 24, 96, 1, 1, 0, 0, 0, 0, 0, 0, 0, 0, 0, 0]",5,128,2304.0,13824.0,5648993780,5649002258,6167414785,6167417184,0,673,673,-1,1,8478,2399,512,384,384,2
16,3,"[2, 24, 0, 0, 0, 0, 0, 0, 0, 0, 0, 0, 0, 0, 0, 4, 0, 0, 0, 0, 0, 0, 0, 0, 0, 0, 0, 0, 0, 0]",1,128,24.0,100.0,5649076886,5649084936,6167417857,6167420225,0,735,735,-1,1,8050,2368,512,384,384,2
12,3,"[2, 24, 0, 0, 0, 0, 0, 0, 0, 0, 0, 0, 0, 0, 0, 2, 24, 0, 0, 0, 0, 0, 0, 0, 0, 0, 0, 0, 0, 0]",1,128,24.0,144.0,5649156817,5649164550,6167420960,6167423552,0,640,640,-1,1,7733,2592,512,384,384,2
12,3,"[2, 24, 0, 0, 0, 0, 0, 0, 0, 0, 0, 0, 0, 0, 0, 2, 24, 0, 0, 0, 0, 0, 0, 0, 0, 0, 0, 0, 0, 0]",1,128,24.0,144.0,5649235903,5649245314,6167424192,6167426561,0,704,704,-1,1,9411,2369,512,384,384,2
16,3,"[2, 96, 24, 1, 1, 0, 0, 0, 0, 0, 0, 0, 0, 0, 0, 4, 0, 0, 0, 0, 0, 0, 0, 0, 0, 0, 0, 0, 0, 0]",5,128,2304.0,9220.0,5649319025,5649326900,6167427265,6167429664,0,704,704,-1,1,7875,2399,512,384,384,2
12,3,"[2, 96, 24, 1, 1, 0, 0, 0, 0, 0, 0, 0, 0, 0, 0, 2, 96, 24, 1, 1, 0, 0, 0, 0, 0, 0, 0, 0, 0, 0]",5,128,2304.0,13824.0,5649399855,5649407241,6167430368,6167432737,0,703,703,-1,1,7386,2369,512,384,384,2
12,3,"[2, 96, 24, 1, 1, 0, 0, 0, 0, 0, 0, 0, 0, 0, 0, 2, 96, 24, 1, 1, 0, 0, 0, 0, 0, 0, 0, 0, 0, 0]",5,128,2304.0,13824.0,5649479969,5649487420,6167433440,6167435840,0,673,673,-1,1,7451,2400,512,384,384,2
16,3,"[2, 96, 0, 0, 0, 0, 0, 0, 0, 0, 0, 0, 0, 0, 0, 4, 0, 0, 0, 0, 0, 0, 0, 0, 0, 0, 0, 0, 0, 0]",1,128,96.0,388.0,5649558151,5649565853,6167436513,6167439200,0,801,801,-1,1,7702,2687,512,384,384,2
12,3,"[2, 96, 0, 0, 0, 0, 0, 0, 0, 0, 0, 0, 0, 0, 0, 2, 96, 0, 0, 0, 0, 0, 0, 0, 0, 0, 0, 0, 0, 0]",1,128,96.0,576.0,5649636557,5649644039,6167440001,6167442336,0,736,736,-1,1,7482,2335,512,384,384,2
12,3,"[2, 96, 0, 0, 0, 0, 0, 0, 0, 0, 0, 0, 0, 0, 0, 2, 96, 0, 0, 0, 0, 0, 0, 0, 0, 0, 0, 0, 0, 0]",1,128,96.0,576.0,5649714285,5649721363,6167443072,6167445408,0,736,736,-1,1,7078,2336,512,384,384,2
16,3,"[2, 40, 96, 1, 1, 0, 0, 0, 0, 0, 0, 0, 0, 0, 0, 4, 0, 0, 0, 0, 0, 0, 0, 0, 0, 0, 0, 0, 0, 0]",8,128,3840.0,15364.0,5649792369,5649799995,6167446144,6167448512,0,704,704,-1,1,7626,2368,512,384,384,2
12,3,"[2, 40, 96, 1, 1, 0, 0, 0, 0, 0, 0, 0, 0, 0, 0, 2, 40, 96, 1, 1, 0, 0, 0, 0, 0, 0, 0, 0, 0, 0]",8,128,3840.0,23040.0,5649871878,5649879306,6167449216,6167451584,0,704,704,-1,1,7428,2368,512,384,384,2
12,3,"[2, 40, 96, 1, 1, 0, 0, 0, 0, 0, 0, 0, 0, 0, 0, 2, 40, 96, 1, 1, 0, 0, 0, 0, 0, 0, 0, 0, 0, 0]",8,128,3840.0,23040.0,5649949961,5649957133,6167452288,6167454816,0,736,736,-1,1,7172,2528,512,384,384,2
16,3,"[2, 40, 0, 0, 0, 0, 0, 0, 0, 0, 0, 0, 0, 0, 0, 4, 0, 0, 0, 0, 0, 0, 0, 0, 0, 0, 0, 0, 0, 0]",1,128,40.0,164.0,5650027333,5650035312,6167455552,6167457888,0,736,736,-1,1,7979,2336,512,384,384,2
12,3,"[2, 40, 0, 0, 0, 0, 0, 0, 0, 0, 0, 0, 0, 0, 0, 2, 40, 0, 0, 0, 0, 0, 0, 0, 0, 0, 0, 0, 0, 0]",1,128,40.0,240.0,5650107460,5650116853,6167458624,6167460960,0,768,768,-1,1,9393,2336,512,384,384,2
12,3,"[2, 40, 0, 0, 0, 0, 0, 0, 0, 0, 0, 0, 0, 0, 0, 2, 40, 0, 0, 0, 0, 0, 0, 0, 0, 0, 0, 0, 0, 0]",1,128,40.0,240.0,5650188320,5650195676,6167461728,6167464032,0,768,768,-1,1,7356,2304,512,384,384,2
16,3,"[2, 40, 0, 0, 0, 0, 0, 0, 0, 0, 0, 0, 0, 0, 0, 4, 0, 0, 0, 0, 0, 0, 0, 0, 0, 0, 0, 0, 0, 0]",1,128,40.0,164.0,5650266600,5650274118,6167464800,6167467136,0,704,704,-1,1,7518,2336,512,384,384,2
12,3,"[2, 40, 0, 0, 0, 0, 0, 0, 0, 0, 0, 0, 0, 0, 0, 2, 40, 0, 0, 0, 0, 0, 0, 0, 0, 0, 0, 0, 0, 0]",1,128,40.0,240.0,5650344777,5650352136,6167467840,6167470464,0,672,672,-1,1,7359,2624,512,384,384,2
12,3,"[2, 40, 0, 0, 0, 0, 0, 0, 0, 0, 0, 0, 0, 0, 0, 2, 40, 0, 0, 0, 0, 0, 0, 0, 0, 0, 0, 0, 0, 0]",1,128,40.0,240.0,5650424932,5650432306,6167471136,6167473472,0,736,736,-1,1,7374,2336,512,384,384,2
16,3,"[2, 240, 40, 1, 1, 0, 0, 0, 0, 0, 0, 0, 0, 0, 0, 4, 0, 0, 0, 0, 0, 0, 0, 0, 0, 0, 0, 0, 0, 0]",19,128,9600.0,38404.0,5650504081,5650511831,6167474208,6167476768,0,672,672,-1,1,7750,2560,512,384,384,2
12,3,"[2, 240, 40, 1, 1, 0, 0, 0, 0, 0, 0, 0, 0, 0, 0, 2, 240, 40, 1, 1, 0, 0, 0, 0, 0, 0, 0, 0, 0, 0]",19,128,9600.0,57600.0,5650584361,5650591748,6167477440,6167479968,0,768,768,-1,1,7387,2528,512,384,384,2
12,3,"[2, 240, 40, 1, 1, 0, 0, 0, 0, 0, 0, 0, 0, 0, 0, 2, 240, 40, 1, 1, 0, 0, 0, 0, 0, 0, 0, 0, 0, 0]",19,128,9600.0,57600.0,5650664555,5650671774,6167480736,6167483168,0,672,672,-1,1,7219,2432,512,384,384,2
16,3,"[2, 240, 0, 0, 0, 0, 0, 0, 0, 0, 0, 0, 0, 0, 0, 4, 0, 0, 0, 0, 0, 0, 0, 0, 0, 0, 0, 0, 0, 0]",1,128,240.0,964.0,5650743167,5650750844,6167483840,6167486176,0,736,736,-1,1,7677,2336,512,384,384,2
12,3,"[2, 240, 0, 0, 0, 0, 0, 0, 0, 0, 0, 0, 0, 0, 0, 2, 240, 0, 0, 0, 0, 0, 0, 0, 0, 0, 0, 0, 0, 0]",1,128,240.0,1440.0,5650822567,5650829907,6167486912,6167489312,0,704,704,-1,1,7340,2400,512,384,384,2
12,3,"[2, 240, 0, 0, 0, 0, 0, 0, 0, 0, 0, 0, 0, 0, 0, 2, 240, 0, 0, 0, 0, 0, 0, 0, 0, 0, 0, 0, 0, 0]",1,128,240.0,1440.0,5650901522,5650908606,6167490016,6167492352,0,736,736,-1,1,7084,2336,512,384,384,2
16,3,"[2, 240, 0, 0, 0, 0, 0, 0, 0, 0, 0, 0, 0, 0, 0, 4, 0, 0, 0, 0, 0, 0, 0, 0, 0, 0, 0, 0, 0, 0]",1,128,240.0,964.0,5650979355,5650989104,6167493088,6167495424,0,736,736,-1,1,9749,2336,512,384,384,2
12,3,"[2, 240, 0, 0, 0, 0, 0, 0, 0, 0, 0, 0, 0, 0, 0, 2, 240, 0, 0, 0, 0, 0, 0, 0, 0, 0, 0, 0, 0, 0]",1,128,240.0,1440.0,5651062419,5651069920,6167496160,6167498496,0,704,704,-1,1,7501,2336,512,384,384,2
12,3,"[2, 240, 0, 0, 0, 0, 0, 0, 0, 0, 0, 0, 0, 0, 0, 2, 240, 0, 0, 0, 0, 0, 0, 0, 0, 0, 0, 0, 0, 0]",1,128,240.0,1440.0,5651141184,5651148407,6167499200,6167501728,0,768,768,-1,1,7223,2528,512,384,384,2
16,3,"[2, 240, 1, 5, 5, 0, 0, 0, 0, 0, 0, 0, 0, 0, 0, 4, 0, 0, 0, 0, 0, 0, 0, 0, 0, 0, 0, 0, 0, 0]",12,128,6000.0,24004.0,5651221954,5651229701,6167502496,6167504928,0,800,800,-1,1,7747,2432,512,384,384,2
12,3,"[2, 240, 1, 5, 5, 0, 0, 0, 0, 0, 0, 0, 0, 0, 0, 2, 240, 1, 5, 5, 0, 0, 0, 0, 0, 0, 0, 0, 0, 0]",12,128,6000.0,36000.0,5651302667,5651310219,6167505728,6167508128,0,736,736,-1,1,7552,2400,512,384,384,2
12,3,"[2, 240, 1, 5, 5, 0, 0, 0, 0, 0, 0, 0, 0, 0, 0, 2, 240, 1, 5, 5, 0, 0, 0, 0, 0, 0, 0, 0, 0, 0]",12,128,6000.0,36000.0,5651382891,5651389951,6167508864,6167511296,0,672,672,-1,1,7060,2432,512,384,384,2
16,3,"[2, 240, 0, 0, 0, 0, 0, 0, 0, 0, 0, 0, 0, 0, 0, 4, 0, 0, 0, 0, 0, 0, 0, 0, 0, 0, 0, 0, 0, 0]",1,128,240.0,964.0,5651462397,5651469898,6167511968,6167514336,0,704,704,-1,1,7501,2368,512,384,384,2
12,3,"[2, 240, 0, 0, 0, 0, 0, 0, 0, 0, 0, 0, 0, 0, 0, 2, 240, 0, 0, 0, 0, 0, 0, 0, 0, 0, 0, 0, 0, 0]",1,128,240.0,1440.0,5651541222,5651548620,6167515040,6167517440,0,704,704,-1,1,7398,2400,512,384,384,2
12,3,"[2, 240, 0, 0, 0, 0, 0, 0, 0, 0, 0, 0, 0, 0, 0, 2, 240, 0, 0, 0, 0, 0, 0, 0, 0, 0, 0, 0, 0, 0]",1,128,240.0,1440.0,5651618260,5651625347,6167518144,6167520512,0,704,704,-1,1,7087,2368,512,384,384,2
16,3,"[2, 240, 0, 0, 0, 0, 0, 0, 0, 0, 0, 0, 0, 0, 0, 4, 0, 0, 0, 0, 0, 0, 0, 0, 0, 0, 0, 0, 0, 0]",1,128,240.0,964.0,5651696316,5651703980,6167521216,6167523552,0,736,736,-1,1,7664,2336,512,384,384,2
12,3,"[2, 240, 0, 0, 0, 0, 0, 0, 0, 0, 0, 0, 0, 0, 0, 2, 240, 0, 0, 0, 0, 0, 0, 0, 0, 0, 0, 0, 0, 0]",1,128,240.0,1440.0,5651774738,5651782181,6167524288,6167526656,0,704,704,-1,1,7443,2368,512,384,384,2
12,3,"[2, 240, 0, 0, 0, 0, 0, 0, 0, 0, 0, 0, 0, 0, 0, 2, 240, 0, 0, 0, 0, 0, 0, 0, 0, 0, 0, 0, 0, 0]",1,128,240.0,1440.0,5651852870,5651862199,6167527360,6167529728,0,704,704,-1,1,9329,2368,512,384,384,2
16,3,"[2, 64, 240, 1, 1, 0, 0, 0, 0, 0, 0, 0, 0, 0, 0, 4, 0, 0, 0, 0, 0, 0, 0, 0, 0, 0, 0, 0, 0, 0]",30,128,15360.0,61444.0,5651935294,5651943389,6167530432,6167533024,0,704,704,-1,1,8095,2592,512,384,384,2
12,3,"[2, 64, 240, 1, 1, 0, 0, 0, 0, 0, 0, 0, 0, 0, 0, 2, 64, 240, 1, 1, 0, 0, 0, 0, 0, 0, 0, 0, 0, 0]",30,128,15360.0,92160.0,5652015709,5652022956,6167533728,6167536160,0,800,800,-1,1,7247,2432,512,384,384,2
12,3,"[2, 64, 240, 1, 1, 0, 0, 0, 0, 0, 0, 0, 0, 0, 0, 2, 64, 240, 1, 1, 0, 0, 0, 0, 0, 0, 0, 0, 0, 0]",30,128,15360.0,92160.0,5652096703,5652104072,6167536960,6167539424,0,672,672,-1,1,7369,2464,512,384,384,2
16,3,"[2, 64, 0, 0, 0, 0, 0, 0, 0, 0, 0, 0, 0, 0, 0, 4, 0, 0, 0, 0, 0, 0, 0, 0, 0, 0, 0, 0, 0, 0]",1,128,64.0,260.0,5652302599,5652313144,6167540096,6167542432,0,768,768,-1,1,10545,2336,512,384,384,2
12,3,"[2, 64, 0, 0, 0, 0, 0, 0, 0, 0, 0, 0, 0, 0, 0, 2, 64, 0, 0, 0, 0, 0, 0, 0, 0, 0, 0, 0, 0, 0]",1,128,64.0,384.0,5652394393,5652403125,6167543200,6167545600,0,672,672,-1,1,8732,2400,512,384,384,2
12,3,"[2, 64, 0, 0, 0, 0, 0, 0, 0, 0, 0, 0, 0, 0, 0, 2, 64, 0, 0, 0, 0, 0, 0, 0, 0, 0, 0, 0, 0, 0]",1,128,64.0,384.0,5652476079,5652483500,6167546272,6167548640,0,672,672,-1,1,7421,2368,512,384,384,2
16,3,"[2, 240, 64, 1, 1, 0, 0, 0, 0, 0, 0, 0, 0, 0, 0, 4, 0, 0, 0, 0, 0, 0, 0, 0, 0, 0, 0, 0, 0, 0]",30,128,15360.0,61444.0,5652556815,5652564665,6167549312,6167551808,0,800,800,-1,1,7850,2496,512,384,384,2
12,3,"[2, 240, 64, 1, 1, 0, 0, 0, 0, 0, 0, 0, 0, 0, 0, 2, 240, 64, 1, 1, 0, 0, 0, 0, 0, 0, 0, 0, 0, 0]",30,128,15360.0,92160.0,5652637955,5652645370,6167552608,6167555104,0,672,672,-1,1,7415,2496,512,384,384,2
12,3,"[2, 240, 64, 1, 1, 0, 0, 0, 0, 0, 0, 0, 0, 0, 0, 2, 240, 64, 1, 1, 0, 0, 0, 0, 0, 0, 0, 0, 0, 0]",30,128,15360.0,92160.0,5652716775,5652724211,6167555776,6167558208,0,832,832,-1,1,7436,2432,512,384,384,2
16,3,"[2, 240, 0, 0, 0, 0, 0, 0, 0, 0, 0, 0, 0, 0, 0, 4, 0, 0, 0, 0, 0, 0, 0, 0, 0, 0, 0, 0, 0, 0]",1,128,240.0,964.0,5652796520,5652804347,6167559040,6167561440,0,704,704,-1,1,7827,2400,512,384,384,2
12,3,"[2, 240, 0, 0, 0, 0, 0, 0, 0, 0, 0, 0, 0, 0, 0, 2, 240, 0, 0, 0, 0, 0, 0, 0, 0, 0, 0, 0, 0, 0]",1,128,240.0,1440.0,5652874885,5652884337,6167562144,6167564480,0,736,736,-1,1,9452,2336,512,384,384,2
12,3,"[2, 240, 0, 0, 0, 0, 0, 0, 0, 0, 0, 0, 0, 0, 0, 2, 240, 0, 0, 0, 0, 0, 0, 0, 0, 0, 0, 0, 0, 0]",1,128,240.0,1440.0,5652963078,5652970954,6167565216,6167567584,0,672,672,-1,1,7876,2368,512,384,384,2
16,3,"[2, 40, 240, 1, 1, 0, 0, 0, 0, 0, 0, 0, 0, 0, 0, 4, 0, 0, 0, 0, 0, 0, 0, 0, 0, 0, 0, 0, 0, 0]",19,128,9600.0,38404.0,5653044195,5653052540,6167568256,6167570656,0,671,671,-1,1,8345,2400,512,384,384,2
12,3,"[2, 40, 240, 1, 1, 0, 0, 0, 0, 0, 0, 0, 0, 0, 0, 2, 40, 240, 1, 1, 0, 0, 0, 0, 0, 0, 0, 0, 0, 0]",19,128,9600.0,57600.0,5653124843,5653132497,6167571327,6167573760,0,672,672,-1,1,7654,2433,512,384,384,2
12,3,"[2, 40, 240, 1, 1, 0, 0, 0, 0, 0, 0, 0, 0, 0, 0, 2, 40, 240, 1, 1, 0, 0, 0, 0, 0, 0, 0, 0, 0, 0]",19,128,9600.0,57600.0,5653204083,5653211113,6167574432,6167576864,0,800,800,-1,1,7030,2432,512,384,384,2
16,3,"[2, 40, 0, 0, 0, 0, 0, 0, 0, 0, 0, 0, 0, 0, 0, 4, 0, 0, 0, 0, 0, 0, 0, 0, 0, 0, 0, 0, 0, 0]",1,128,40.0,164.0,5653281822,5653289663,6167577664,6167580031,0,641,641,-1,1,7841,2367,512,384,384,2
12,3,"[2, 40, 0, 0, 0, 0, 0, 0, 0, 0, 0, 0, 0, 0, 0, 2, 40, 0, 0, 0, 0, 0, 0, 0, 0, 0, 0, 0, 0, 0]",1,128,40.0,240.0,5653360972,5653368136,6167580672,6167583040,0,767,767,-1,1,7164,2368,512,384,384,2
12,3,"[2, 40, 0, 0, 0, 0, 0, 0, 0, 0, 0, 0, 0, 0, 0, 2, 40, 0, 0, 0, 0, 0, 0, 0, 0, 0, 0, 0, 0, 0]",1,128,40.0,240.0,5653439586,5653446669,6167583807,6167586144,0,735,735,-1,1,7083,2337,512,384,384,2
16,3,"[2, 40, 0, 0, 0, 0, 0, 0, 0, 0, 0, 0, 0, 0, 0, 4, 0, 0, 0, 0, 0, 0, 0, 0, 0, 0, 0, 0, 0, 0]",1,128,40.0,164.0,5653517335,5653524762,6167586879,6167589184,0,767,767,-1,1,7427,2305,512,384,384,2
12,3,"[2, 40, 0, 0, 0, 0, 0, 0, 0, 0, 0, 0, 0, 0, 0, 2, 40, 0, 0, 0, 0, 0, 0, 0, 0, 0, 0, 0, 0, 0]",1,128,40.0,240.0,5653595655,5653603376,6167589951,6167592320,0,704,704,-1,1,7721,2369,512,384,384,2
12,3,"[2, 40, 0, 0, 0, 0, 0, 0, 0, 0, 0, 0, 0, 0, 0, 2, 40, 0, 0, 0, 0, 0, 0, 0, 0, 0, 0, 0, 0, 0]",1,128,40.0,240.0,5653673846,5653680947,6167593024,6167595583,0,704,704,-1,1,7101,2559,512,384,384,2
16,3,"[2, 240, 40, 1, 1, 0, 0, 0, 0, 0, 0, 0, 0, 0, 0, 4, 0, 0, 0, 0, 0, 0, 0, 0, 0, 0, 0, 0, 0, 0]",19,128,9600.0,38404.0,5653754278,5653762304,6167596287,6167598687,0,672,672,-1,1,8026,2400,512,384,384,2
12,3,"[2, 240, 40, 1, 1, 0, 0, 0, 0, 0, 0, 0, 0, 0, 0, 2, 240, 40, 1, 1, 0, 0, 0, 0, 0, 0, 0, 0, 0, 0]",19,128,9600.0,57600.0,5653834851,5653842218,6167599359,6167601759,0,672,672,-1,1,7367,2400,512,384,384,2
12,3,"[2, 240, 40, 1, 1, 0, 0, 0, 0, 0, 0, 0, 0, 0, 0, 2, 240, 40, 1, 1, 0, 0, 0, 0, 0, 0, 0, 0, 0, 0]",19,128,9600.0,57600.0,5653916755,5653924104,6167602431,6167604959,0,736,736,-1,1,7349,2528,512,384,384,2
16,3,"[2, 240, 0, 0, 0, 0, 0, 0, 0, 0, 0, 0, 0, 0, 0, 4, 0, 0, 0, 0, 0, 0, 0, 0, 0, 0, 0, 0, 0, 0]",1,128,240.0,964.0,5653996246,5654003844,6167605695,6167608032,0,767,767,-1,1,7598,2337,512,384,384,2
12,3,"[2, 240, 0, 0, 0, 0, 0, 0, 0, 0, 0, 0, 0, 0, 0, 2, 240, 0, 0, 0, 0, 0, 0, 0, 0, 0, 0, 0, 0, 0]",1,128,240.0,1440.0,5654075493,5654082650,6167608799,6167611199,0,640,640,-1,1,7157,2400,512,384,384,2
12,3,"[2, 240, 0, 0, 0, 0, 0, 0, 0, 0, 0, 0, 0, 0, 0, 2, 240, 0, 0, 0, 0, 0, 0, 0, 0, 0, 0, 0, 0, 0]",1,128,240.0,1440.0,5654154366,5654161849,6167611839,6167614239,0,672,672,-1,1,7483,2400,512,384,384,2
16,3,"[2, 240, 0, 0, 0, 0, 0, 0, 0, 0, 0, 0, 0, 0, 0, 4, 0, 0, 0, 0, 0, 0, 0, 0, 0, 0, 0, 0, 0, 0]",1,128,240.0,964.0,5654232667,5654240266,6167614911,6167617311,0,704,704,-1,1,7599,2400,512,384,384,2
12,3,"[2, 240, 0, 0, 0, 0, 0, 0, 0, 0, 0, 0, 0, 0, 0, 2, 240, 0, 0, 0, 0, 0, 0, 0, 0, 0, 0, 0, 0, 0]",1,128,240.0,1440.0,5654312893,5654320023,6167618015,6167620447,0,640,640,-1,1,7130,2432,512,384,384,2
12,3,"[2, 240, 0, 0, 0, 0, 0, 0, 0, 0, 0, 0, 0, 0, 0, 2, 240, 0, 0, 0, 0, 0, 0, 0, 0, 0, 0, 0, 0, 0]",1,128,240.0,1440.0,5654390481,5654397700,6167621087,6167623487,0,704,704,-1,1,7219,2400,512,384,384,2
16,3,"[2, 240, 1, 5, 5, 0, 0, 0, 0, 0, 0, 0, 0, 0, 0, 4, 0, 0, 0, 0, 0, 0, 0, 0, 0, 0, 0, 0, 0, 0]",12,128,6000.0,24004.0,5654469204,5654477100,6167624191,6167626847,0,768,768,-1,1,7896,2656,512,384,384,2
12,3,"[2, 240, 1, 5, 5, 0, 0, 0, 0, 0, 0, 0, 0, 0, 0, 2, 240, 1, 5, 5, 0, 0, 0, 0, 0, 0, 0, 0, 0, 0]",12,128,6000.0,36000.0,5654550005,5654557309,6167627615,6167630015,0,672,672,-1,1,7304,2400,512,384,384,2
12,3,"[2, 240, 1, 5, 5, 0, 0, 0, 0, 0, 0, 0, 0, 0, 0, 2, 240, 1, 5, 5, 0, 0, 0, 0, 0, 0, 0, 0, 0, 0]",12,128,6000.0,36000.0,5654632055,5654639659,6167630687,6167633119,0,672,672,-1,1,7604,2432,512,384,384,2
16,3,"[2, 240, 0, 0, 0, 0, 0, 0, 0, 0, 0, 0, 0, 0, 0, 4, 0, 0, 0, 0, 0, 0, 0, 0, 0, 0, 0, 0, 0, 0]",1,128,240.0,964.0,5654713325,5654721199,6167633791,6167636127,0,736,736,-1,1,7874,2336,512,384,384,2
12,3,"[2, 240, 0, 0, 0, 0, 0, 0, 0, 0, 0, 0, 0, 0, 0, 2, 240, 0, 0, 0, 0, 0, 0, 0, 0, 0, 0, 0, 0, 0]",1,128,240.0,1440.0,5654794083,5654801360,6167636863,6167639231,0,736,736,-1,1,7277,2368,512,384,384,2
12,3,"[2, 240, 0, 0, 0, 0, 0, 0, 0, 0, 0, 0, 0, 0, 0, 2, 240, 0, 0, 0, 0, 0, 0, 0, 0, 0, 0, 0, 0, 0]",1,128,240.0,1440.0,5654872780,5654880229,6167639967,6167642463,0,736,736,-1,1,7449,2496,512,384,384,2
16,3,"[2, 240, 0, 0, 0, 0, 0, 0, 0, 0, 0, 0, 0, 0, 0, 4, 0, 0, 0, 0, 0, 0, 0, 0, 0, 0, 0, 0, 0, 0]",1,128,240.0,964.0,5654950204,5654957744,6167643199,6167645567,0,704,704,-1,1,7540,2368,512,384,384,2
12,3,"[2, 240, 0, 0, 0, 0, 0, 0, 0, 0, 0, 0, 0, 0, 0, 2, 240, 0, 0, 0, 0, 0, 0, 0, 0, 0, 0, 0, 0, 0]",1,128,240.0,1440.0,5655028365,5655035436,6167646271,6167648639,0,736,736,-1,1,7071,2368,512,384,384,2
12,3,"[2, 240, 0, 0, 0, 0, 0, 0, 0, 0, 0, 0, 0, 0, 0, 2, 240, 0, 0, 0, 0, 0, 0, 0, 0, 0, 0, 0, 0, 0]",1,128,240.0,1440.0,5655105954,5655113010,6167649375,6167651743,0,704,704,-1,1,7056,2368,512,384,384,2
16,3,"[2, 64, 240, 1, 1, 0, 0, 0, 0, 0, 0, 0, 0, 0, 0, 4, 0, 0, 0, 0, 0, 0, 0, 0, 0, 0, 0, 0, 0, 0]",30,128,15360.0,61444.0,5655185047,5655192406,6167652447,6167654879,0,800,800,-1,1,7359,2432,512,384,384,2
12,3,"[2, 64, 240, 1, 1, 0, 0, 0, 0, 0, 0, 0, 0, 0, 0, 2, 64, 240, 1, 1, 0, 0, 0, 0, 0, 0, 0, 0, 0, 0]",30,128,15360.0,92160.0,5655264190,5655271641,6167655679,6167658111,0,672,672,-1,1,7451,2432,512,384,384,2
12,3,"[2, 64, 240, 1, 1, 0, 0, 0, 0, 0, 0, 0, 0, 0, 0, 2, 64, 240, 1, 1, 0, 0, 0, 0, 0, 0, 0, 0, 0, 0]",30,128,15360.0,92160.0,5655343319,5655350487,6167658783,6167661247,0,768,768,-1,1,7168,2464,512,384,384,2
16,3,"[2, 64, 0, 0, 0, 0, 0, 0, 0, 0, 0, 0, 0, 0, 0, 4, 0, 0, 0, 0, 0, 0, 0, 0, 0, 0, 0, 0, 0, 0]",1,128,64.0,260.0,5655422184,5655429991,6167662015,6167664383,0,768,768,-1,1,7807,2368,512,384,384,2
12,3,"[2, 64, 0, 0, 0, 0, 0, 0, 0, 0, 0, 0, 0, 0, 0, 2, 64, 0, 0, 0, 0, 0, 0, 0, 0, 0, 0, 0, 0, 0]",1,128,64.0,384.0,5655503819,5655511351,6167665151,6167667487,0,704,704,-1,1,7532,2336,512,384,384,2
12,3,"[2, 64, 0, 0, 0, 0, 0, 0, 0, 0, 0, 0, 0, 0, 0, 2, 64, 0, 0, 0, 0, 0, 0, 0, 0, 0, 0, 0, 0, 0]",1,128,64.0,384.0,5655707207,5655716495,6167668191,6167670559,0,704,704,-1,1,9288,2368,512,384,384,2
16,3,"[2, 240, 64, 1, 1, 0, 0, 0, 0, 0, 0, 0, 0, 0, 0, 4, 0, 0, 0, 0, 0, 0, 0, 0, 0, 0, 0, 0, 0, 0]",30,128,15360.0,61444.0,5655801069,5655809980,6167671263,6167673887,0,608,608,-1,1,8911,2624,512,384,384,2
12,3,"[2, 240, 64, 1, 1, 0, 0, 0, 0, 0, 0, 0, 0, 0, 0, 2, 240, 64, 1, 1, 0, 0, 0, 0, 0, 0, 0, 0, 0, 0]",30,128,15360.0,92160.0,5655883982,5655891691,6167674495,6167677023,0,768,768,-1,1,7709,2528,512,384,384,2
12,3,"[2, 240, 64, 1, 1, 0, 0, 0, 0, 0, 0, 0, 0, 0, 0, 2, 240, 64, 1, 1, 0, 0, 0, 0, 0, 0, 0, 0, 0, 0]",30,128,15360.0,92160.0,5655963073,5655970225,6167677791,6167680255,0,768,768,-1,1,7152,2464,512,384,384,2
16,3,"[2, 240, 0, 0, 0, 0, 0, 0, 0, 0, 0, 0, 0, 0, 0, 4, 0, 0, 0, 0, 0, 0, 0, 0, 0, 0, 0, 0, 0, 0]",1,128,240.0,964.0,5656042452,5656050024,6167681023,6167683423,0,800,800,-1,1,7572,2400,512,384,384,2
12,3,"[2, 240, 0, 0, 0, 0, 0, 0, 0, 0, 0, 0, 0, 0, 0, 2, 240, 0, 0, 0, 0, 0, 0, 0, 0, 0, 0, 0, 0, 0]",1,128,240.0,1440.0,5656122437,5656129551,6167684223,6167686591,0,704,704,-1,1,7114,2368,512,384,384,2
12,3,"[2, 240, 0, 0, 0, 0, 0, 0, 0, 0, 0, 0, 0, 0, 0, 2, 240, 0, 0, 0, 0, 0, 0, 0, 0, 0, 0, 0, 0, 0]",1,128,240.0,1440.0,5656200302,5656207465,6167687295,6167689663,0,704,704,-1,1,7163,2368,512,384,384,2
16,3,"[2, 40, 240, 1, 1, 0, 0, 0, 0, 0, 0, 0, 0, 0, 0, 4, 0, 0, 0, 0, 0, 0, 0, 0, 0, 0, 0, 0, 0, 0]",19,128,9600.0,38404.0,5656280565,5656288415,6167690367,6167692767,0,672,672,-1,1,7850,2400,512,384,384,2
12,3,"[2, 40, 240, 1, 1, 0, 0, 0, 0, 0, 0, 0, 0, 0, 0, 2, 40, 240, 1, 1, 0, 0, 0, 0, 0, 0, 0, 0, 0, 0]",19,128,9600.0,57600.0,5656360534,5656367637,6167693439,6167695839,0,672,672,-1,1,7103,2400,512,384,384,2
12,3,"[2, 40, 240, 1, 1, 0, 0, 0, 0, 0, 0, 0, 0, 0, 0, 2, 40, 240, 1, 1, 0, 0, 0, 0, 0, 0, 0, 0, 0, 0]",19,128,9600.0,57600.0,5656439647,5656446552,6167696511,6167698943,0,672,672,-1,1,6905,2432,512,384,384,2
16,3,"[2, 40, 0, 0, 0, 0, 0, 0, 0, 0, 0, 0, 0, 0, 0, 4, 0, 0, 0, 0, 0, 0, 0, 0, 0, 0, 0, 0, 0, 0]",1,128,40.0,164.0,5656520228,5656527997,6167699615,6167701919,0,768,768,-1,1,7769,2304,512,384,384,2
12,3,"[2, 40, 0, 0, 0, 0, 0, 0, 0, 0, 0, 0, 0, 0, 0, 2, 40, 0, 0, 0, 0, 0, 0, 0, 0, 0, 0, 0, 0, 0]",1,128,40.0,240.0,5656599537,5656606871,6167702687,6167705023,0,1408,1408,-1,1,7334,2336,512,384,384,2
12,3,"[2, 40, 0, 0, 0, 0, 0, 0, 0, 0, 0, 0, 0, 0, 0, 2, 40, 0, 0, 0, 0, 0, 0, 0, 0, 0, 0, 0, 0, 0]",1,128,40.0,240.0,5656677503,5656684637,6167706431,6167708799,0,704,704,-1,1,7134,2368,512,384,384,2
16,3,"[2, 40, 0, 0, 0, 0, 0, 0, 0, 0, 0, 0, 0, 0, 0, 4, 0, 0, 0, 0, 0, 0, 0, 0, 0, 0, 0, 0, 0, 0]",1,128,40.0,164.0,5656754405,5656762004,6167709503,6167711839,0,768,768,-1,1,7599,2336,512,384,384,2
12,3,"[2, 40, 0, 0, 0, 0, 0, 0, 0, 0, 0, 0, 0, 0, 0, 2, 40, 0, 0, 0, 0, 0, 0, 0, 0, 0, 0, 0, 0, 0]",1,128,40.0,240.0,5656832821,5656840309,6167712607,6167714975,0,704,704,-1,1,7488,2368,512,384,384,2
12,3,"[2, 40, 0, 0, 0, 0, 0, 0, 0, 0, 0, 0, 0, 0, 0, 2, 40, 0, 0, 0, 0, 0, 0, 0, 0, 0, 0, 0, 0, 0]",1,128,40.0,240.0,5656917407,5656925099,6167715679,6167718047,0,704,704,-1,1,7692,2368,512,384,384,2
16,3,"[2, 120, 40, 1, 1, 0, 0, 0, 0, 0, 0, 0, 0, 0, 0, 4, 0, 0, 0, 0, 0, 0, 0, 0, 0, 0, 0, 0, 0, 0]",10,128,4800.0,19204.0,5656999464,5657007214,6167718751,6167721151,0,640,640,-1,1,7750,2400,512,384,384,2
12,3,"[2, 120, 40, 1, 1, 0, 0, 0, 0, 0, 0, 0, 0, 0, 0, 2, 120, 40, 1, 1, 0, 0, 0, 0, 0, 0, 0, 0, 0, 0]",10,128,4800.0,28800.0,5657080486,5657087889,6167721791,6167724223,0,640,640,-1,1,7403,2432,512,384,384,2
12,3,"[2, 120, 40, 1, 1, 0, 0, 0, 0, 0, 0, 0, 0, 0, 0, 2, 120, 40, 1, 1, 0, 0, 0, 0, 0, 0, 0, 0, 0, 0]",10,128,4800.0,28800.0,5657160117,5657167671,6167724863,6167727263,0,704,704,-1,1,7554,2400,512,384,384,2
16,3,"[2, 120, 0, 0, 0, 0, 0, 0, 0, 0, 0, 0, 0, 0, 0, 4, 0, 0, 0, 0, 0, 0, 0, 0, 0, 0, 0, 0, 0, 0]",1,128,120.0,484.0,5657239083,5657246626,6167727967,6167730335,0,703,703,-1,1,7543,2368,512,384,384,2
12,3,"[2, 120, 0, 0, 0, 0, 0, 0, 0, 0, 0, 0, 0, 0, 0, 2, 120, 0, 0, 0, 0, 0, 0, 0, 0, 0, 0, 0, 0, 0]",1,128,120.0,720.0,5657316763,5657325954,6167731038,6167733407,0,672,672,-1,1,9191,2369,512,384,384,2
12,3,"[2, 120, 0, 0, 0, 0, 0, 0, 0, 0, 0, 0, 0, 0, 0, 2, 120, 0, 0, 0, 0, 0, 0, 0, 0, 0, 0, 0, 0, 0]",1,128,120.0,720.0,5657398189,5657405720,6167734079,6167736510,0,641,641,-1,1,7531,2431,512,384,384,2
16,3,"[2, 120, 0, 0, 0, 0, 0, 0, 0, 0, 0, 0, 0, 0, 0, 4, 0, 0, 0, 0, 0, 0, 0, 0, 0, 0, 0, 0, 0, 0]",1,128,120.0,484.0,5657479371,5657487418,6167737151,6167739551,0,704,704,-1,1,8047,2400,512,384,384,2
12,3,"[2, 120, 0, 0, 0, 0, 0, 0, 0, 0, 0, 0, 0, 0, 0, 2, 120, 0, 0, 0, 0, 0, 0, 0, 0, 0, 0, 0, 0, 0]",1,128,120.0,720.0,5657559696,5657567058,6167740255,6167742751,0,736,736,-1,1,7362,2496,512,384,384,2
12,3,"[2, 120, 0, 0, 0, 0, 0, 0, 0, 0, 0, 0, 0, 0, 0, 2, 120, 0, 0, 0, 0, 0, 0, 0, 0, 0, 0, 0, 0, 0]",1,128,120.0,720.0,5657638614,5657645674,6167743487,6167745918,0,641,641,-1,1,7060,2431,512,384,384,2
16,3,"[2, 120, 1, 5, 5, 0, 0, 0, 0, 0, 0, 0, 0, 0, 0, 4, 0, 0, 0, 0, 0, 0, 0, 0, 0, 0, 0, 0, 0, 0]",6,128,3000.0,12004.0,5657717297,5657724869,6167746559,6167748990,0,673,673,-1,1,7572,2431,512,384,384,2
12,3,"[2, 120, 1, 5, 5, 0, 0, 0, 0, 0, 0, 0, 0, 0, 0, 2, 120, 1, 5, 5, 0, 0, 0, 0, 0, 0, 0, 0, 0, 0]",6,128,3000.0,18000.0,5657798089,5657805201,6167749663,6167752094,0,641,641,-1,1,7112,2431,512,384,384,2
12,3,"[2, 120, 1, 5, 5, 0, 0, 0, 0, 0, 0, 0, 0, 0, 0, 2, 120, 1, 5, 5, 0, 0, 0, 0, 0, 0, 0, 0, 0, 0]",6,128,3000.0,18000.0,5657875800,5657883178,6167752735,6167755198,0,769,769,-1,1,7378,2463,512,384,384,2
16,3,"[2, 120, 0, 0, 0, 0, 0, 0, 0, 0, 0, 0, 0, 0, 0, 4, 0, 0, 0, 0, 0, 0, 0, 0, 0, 0, 0, 0, 0, 0]",1,128,120.0,484.0,5657954494,5657962263,6167755967,6167758367,0,735,735,-1,1,7769,2400,512,384,384,2
12,3,"[2, 120, 0, 0, 0, 0, 0, 0, 0, 0, 0, 0, 0, 0, 0, 2, 120, 0, 0, 0, 0, 0, 0, 0, 0, 0, 0, 0, 0, 0]",1,128,120.0,720.0,5658034128,5658041269,6167759102,6167761502,0,672,672,-1,1,7141,2400,512,384,384,2
12,3,"[2, 120, 0, 0, 0, 0, 0, 0, 0, 0, 0, 0, 0, 0, 0, 2, 120, 0, 0, 0, 0, 0, 0, 0, 0, 0, 0, 0, 0, 0]",1,128,120.0,720.0,5658112824,5658120176,6167762174,6167764543,0,704,704,-1,1,7352,2369,512,384,384,2
16,3,"[2, 120, 0, 0, 0, 0, 0, 0, 0, 0, 0, 0, 0, 0, 0, 4, 0, 0, 0, 0, 0, 0, 0, 0, 0, 0, 0, 0, 0, 0]",1,128,120.0,484.0,5658190646,5658200141,6167765247,6167767646,0,673,673,-1,1,9495,2399,512,384,384,2
12,3,"[2, 120, 0, 0, 0, 0, 0, 0, 0, 0, 0, 0, 0, 0, 0, 2, 120, 0, 0, 0, 0, 0, 0, 0, 0, 0, 0, 0, 0, 0]",1,128,120.0,720.0,5658271509,5658279438,6167768319,6167770687,0,704,704,-1,1,7929,2368,512,384,384,2
12,3,"[2, 120, 0, 0, 0, 0, 0, 0, 0, 0, 0, 0, 0, 0, 0, 2, 120, 0, 0, 0, 0, 0, 0, 0, 0, 0, 0, 0, 0, 0]",1,128,120.0,720.0,5658349622,5658357023,6167771391,6167773791,0,672,672,-1,1,7401,2400,512,384,384,2
16,3,"[2, 32, 120, 1, 1, 0, 0, 0, 0, 0, 0, 0, 0, 0, 0, 4, 0, 0, 0, 0, 0, 0, 0, 0, 0, 0, 0, 0, 0, 0]",8,128,3840.0,15364.0,5658428834,5658436517,6167774463,6167776863,0,671,671,-1,1,7683,2400,512,384,384,2
12,3,"[2, 32, 120, 1, 1, 0, 0, 0, 0, 0, 0, 0, 0, 0, 0, 2, 32, 120, 1, 1, 0, 0, 0, 0, 0, 0, 0, 0, 0, 0]",8,128,3840.0,23040.0,5658508278,5658515523,6167777534,6167779935,0,671,671,-1,1,7245,2401,512,384,384,2
12,3,"[2, 32, 120, 1, 1, 0, 0, 0, 0, 0, 0, 0, 0, 0, 0, 2, 32, 120, 1, 1, 0, 0, 0, 0, 0, 0, 0, 0, 0, 0]",8,128,3840.0,23040.0,5658587459,5658594635,6167780606,6167783230,0,832,832,-1,1,7176,2624,512,384,384,2
16,3,"[2, 32, 0, 0, 0, 0, 0, 0, 0, 0, 0, 0, 0, 0, 0, 4, 0, 0, 0, 0, 0, 0, 0, 0, 0, 0, 0, 0, 0, 0]",1,128,32.0,132.0,5658666751,5658674429,6167784062,6167786366,0,768,768,-1,1,7678,2304,512,384,384,2
12,3,"[2, 32, 0, 0, 0, 0, 0, 0, 0, 0, 0, 0, 0, 0, 0, 2, 32, 0, 0, 0, 0, 0, 0, 0, 0, 0, 0, 0, 0, 0]",1,128,32.0,192.0,5658745283,5658752478,6167787134,6167789470,0,737,737,-1,1,7195,2336,512,384,384,2
12,3,"[2, 32, 0, 0, 0, 0, 0, 0, 0, 0, 0, 0, 0, 0, 0, 2, 32, 0, 0, 0, 0, 0, 0, 0, 0, 0, 0, 0, 0, 0]",1,128,32.0,192.0,5658823385,5658830443,6167790207,6167792575,0,735,735,-1,1,7058,2368,512,384,384,2
16,3,"[2, 120, 32, 1, 1, 0, 0, 0, 0, 0, 0, 0, 0, 0, 0, 4, 0, 0, 0, 0, 0, 0, 0, 0, 0, 0, 0, 0, 0, 0]",8,128,3840.0,15364.0,5658902955,5658910810,6167793310,6167795679,0,703,703,-1,1,7855,2369,512,384,384,2
12,3,"[2, 120, 32, 1, 1, 0, 0, 0, 0, 0, 0, 0, 0, 0, 0, 2, 120, 32, 1, 1, 0, 0, 0, 0, 0, 0, 0, 0, 0, 0]",8,128,3840.0,23040.0,5659106455,5659116114,6167796382,6167798846,0,768,768,-1,1,9659,2464,512,384,384,2
12,3,"[2, 120, 32, 1, 1, 0, 0, 0, 0, 0, 0, 0, 0, 0, 0, 2, 120, 32, 1, 1, 0, 0, 0, 0, 0, 0, 0, 0, 0, 0]",8,128,3840.0,23040.0,5659196313,5659206376,6167799614,6167802014,0,673,673,-1,1,10063,2400,512,384,384,2
16,3,"[2, 120, 0, 0, 0, 0, 0, 0, 0, 0, 0, 0, 0, 0, 0, 4, 0, 0, 0, 0, 0, 0, 0, 0, 0, 0, 0, 0, 0, 0]",1,128,120.0,484.0,5659282902,5659291056,6167802687,6167805086,0,704,704,-1,1,8154,2399,512,384,384,2
12,3,"[2, 120, 0, 0, 0, 0, 0, 0, 0, 0, 0, 0, 0, 0, 0, 2, 120, 0, 0, 0, 0, 0, 0, 0, 0, 0, 0, 0, 0, 0]",1,128,120.0,720.0,5659364404,5659372035,6167805790,6167808190,0,672,672,-1,1,7631,2400,512,384,384,2
12,3,"[2, 120, 0, 0, 0, 0, 0, 0, 0, 0, 0, 0, 0, 0, 0, 2, 120, 0, 0, 0, 0, 0, 0, 0, 0, 0, 0, 0, 0, 0]",1,128,120.0,720.0,5659443060,5659450127,6167808862,6167811294,0,608,608,-1,1,7067,2432,512,384,384,2
16,3,"[2, 48, 120, 1, 1, 0, 0, 0, 0, 0, 0, 0, 0, 0, 0, 4, 0, 0, 0, 0, 0, 0, 0, 0, 0, 0, 0, 0, 0, 0]",12,128,5760.0,23044.0,5659522917,5659530754,6167811902,6167814494,0,736,736,-1,1,7837,2592,512,384,384,2
12,3,"[2, 48, 120, 1, 1, 0, 0, 0, 0, 0, 0, 0, 0, 0, 0, 2, 48, 120, 1, 1, 0, 0, 0, 0, 0, 0, 0, 0, 0, 0]",12,128,5760.0,34560.0,5659605201,5659612796,6167815230,6167817630,0,672,672,-1,1,7595,2400,512,384,384,2
12,3,"[2, 48, 120, 1, 1, 0, 0, 0, 0, 0, 0, 0, 0, 0, 0, 2, 48, 120, 1, 1, 0, 0, 0, 0, 0, 0, 0, 0, 0, 0]",12,128,5760.0,34560.0,5659684201,5659691752,6167818302,6167820702,0,672,672,-1,1,7551,2400,512,384,384,2
16,3,"[2, 48, 0, 0, 0, 0, 0, 0, 0, 0, 0, 0, 0, 0, 0, 4, 0, 0, 0, 0, 0, 0, 0, 0, 0, 0, 0, 0, 0, 0]",1,128,48.0,196.0,5659762520,5659770224,6167821374,6167823710,0,736,736,-1,1,7704,2336,512,384,384,2
12,3,"[2, 48, 0, 0, 0, 0, 0, 0, 0, 0, 0, 0, 0, 0, 0, 2, 48, 0, 0, 0, 0, 0, 0, 0, 0, 0, 0, 0, 0, 0]",1,128,48.0,288.0,5659841864,5659849116,6167824446,6167826782,0,736,736,-1,1,7252,2336,512,384,384,2
12,3,"[2, 48, 0, 0, 0, 0, 0, 0, 0, 0, 0, 0, 0, 0, 0, 2, 48, 0, 0, 0, 0, 0, 0, 0, 0, 0, 0, 0, 0, 0]",1,128,48.0,288.0,5659918916,5659925878,6167827518,6167830110,0,672,672,-1,1,6962,2592,512,384,384,2
16,3,"[2, 48, 0, 0, 0, 0, 0, 0, 0, 0, 0, 0, 0, 0, 0, 4, 0, 0, 0, 0, 0, 0, 0, 0, 0, 0, 0, 0, 0, 0]",1,128,48.0,196.0,5659996392,5660004062,6167830782,6167833118,0,736,736,-1,1,7670,2336,512,384,384,2
12,3,"[2, 48, 0, 0, 0, 0, 0, 0, 0, 0, 0, 0, 0, 0, 0, 2, 48, 0, 0, 0, 0, 0, 0, 0, 0, 0, 0, 0, 0, 0]",1,128,48.0,288.0,5660075711,5660084920,6167833854,6167836222,0,736,736,-1,1,9209,2368,512,384,384,2
12,3,"[2, 48, 0, 0, 0, 0, 0, 0, 0, 0, 0, 0, 0, 0, 0, 2, 48, 0, 0, 0, 0, 0, 0, 0, 0, 0, 0, 0, 0, 0]",1,128,48.0,288.0,5660155659,5660162860,6167836958,6167839262,0,768,768,-1,1,7201,2304,512,384,384,2
16,3,"[2, 144, 48, 1, 1, 0, 0, 0, 0, 0, 0, 0, 0, 0, 0, 4, 0, 0, 0, 0, 0, 0, 0, 0, 0, 0, 0, 0, 0, 0]",14,128,6912.0,27652.0,5660234841,5660242617,6167840030,6167842430,0,672,672,-1,1,7776,2400,512,384,384,2
12,3,"[2, 144, 48, 1, 1, 0, 0, 0, 0, 0, 0, 0, 0, 0, 0, 2, 144, 48, 1, 1, 0, 0, 0, 0, 0, 0, 0, 0, 0, 0]",14,128,6912.0,41472.0,5660313826,5660321018,6167843102,6167845790,0,768,768,-1,1,7192,2688,512,384,384,2
12,3,"[2, 144, 48, 1, 1, 0, 0, 0, 0, 0, 0, 0, 0, 0, 0, 2, 144, 48, 1, 1, 0, 0, 0, 0, 0, 0, 0, 0, 0, 0]",14,128,6912.0,41472.0,5660391836,5660398822,6167846558,6167848958,0,672,672,-1,1,6986,2400,512,384,384,2
16,3,"[2, 144, 0, 0, 0, 0, 0, 0, 0, 0, 0, 0, 0, 0, 0, 4, 0, 0, 0, 0, 0, 0, 0, 0, 0, 0, 0, 0, 0, 0]",1,128,144.0,580.0,5660469190,5660477053,6167849630,6167851966,0,704,704,-1,1,7863,2336,512,384,384,2
12,3,"[2, 144, 0, 0, 0, 0, 0, 0, 0, 0, 0, 0, 0, 0, 0, 2, 144, 0, 0, 0, 0, 0, 0, 0, 0, 0, 0, 0, 0, 0]",1,128,144.0,864.0,5660549102,5660556353,6167852670,6167855070,0,672,672,-1,1,7251,2400,512,384,384,2
12,3,"[2, 144, 0, 0, 0, 0, 0, 0, 0, 0, 0, 0, 0, 0, 0, 2, 144, 0, 0, 0, 0, 0, 0, 0, 0, 0, 0, 0, 0, 0]",1,128,144.0,864.0,5660625964,5660632920,6167855742,6167858174,0,672,672,-1,1,6956,2432,512,384,384,2
16,3,"[2, 144, 0, 0, 0, 0, 0, 0, 0, 0, 0, 0, 0, 0, 0, 4, 0, 0, 0, 0, 0, 0, 0, 0, 0, 0, 0, 0, 0, 0]",1,128,144.0,580.0,5660702662,5660710294,6167858846,6167861406,0,672,672,-1,1,7632,2560,512,384,384,2
12,3,"[2, 144, 0, 0, 0, 0, 0, 0, 0, 0, 0, 0, 0, 0, 0, 2, 144, 0, 0, 0, 0, 0, 0, 0, 0, 0, 0, 0, 0, 0]",1,128,144.0,864.0,5660780585,5660787733,6167862078,6167864478,0,736,736,-1,1,7148,2400,512,384,384,2
12,3,"[2, 144, 0, 0, 0, 0, 0, 0, 0, 0, 0, 0, 0, 0, 0, 2, 144, 0, 0, 0, 0, 0, 0, 0, 0, 0, 0, 0, 0, 0]",1,128,144.0,864.0,5660858550,5660865503,6167865214,6167867550,0,736,736,-1,1,6953,2336,512,384,384,2
16,3,"[2, 144, 1, 5, 5, 0, 0, 0, 0, 0, 0, 0, 0, 0, 0, 4, 0, 0, 0, 0, 0, 0, 0, 0, 0, 0, 0, 0, 0, 0]",8,128,3600.0,14404.0,5660944490,5660954398,6167868286,6167870654,0,704,704,-1,1,9908,2368,512,384,384,2
12,3,"[2, 144, 1, 5, 5, 0, 0, 0, 0, 0, 0, 0, 0, 0, 0, 2, 144, 1, 5, 5, 0, 0, 0, 0, 0, 0, 0, 0, 0, 0]",8,128,3600.0,21600.0,5661030442,5661038102,6167871358,6167873758,0,672,672,-1,1,7660,2400,512,384,384,2
12,3,"[2, 144, 1, 5, 5, 0, 0, 0, 0, 0, 0, 0, 0, 0, 0, 2, 144, 1, 5, 5, 0, 0, 0, 0, 0, 0, 0, 0, 0, 0]",8,128,3600.0,21600.0,5661110385,5661117486,6167874430,6167877054,0,832,832,-1,1,7101,2624,512,384,384,2
16,3,"[2, 144, 0, 0, 0, 0, 0, 0, 0, 0, 0, 0, 0, 0, 0, 4, 0, 0, 0, 0, 0, 0, 0, 0, 0, 0, 0, 0, 0, 0]",1,128,144.0,580.0,5661188718,5661196345,6167877886,6167880222,0,736,736,-1,1,7627,2336,512,384,384,2
12,3,"[2, 144, 0, 0, 0, 0, 0, 0, 0, 0, 0, 0, 0, 0, 0, 2, 144, 0, 0, 0, 0, 0, 0, 0, 0, 0, 0, 0, 0, 0]",1,128,144.0,864.0,5661268350,5661275722,6167880958,6167883326,0,704,704,-1,1,7372,2368,512,384,384,2
12,3,"[2, 144, 0, 0, 0, 0, 0, 0, 0, 0, 0, 0, 0, 0, 0, 2, 144, 0, 0, 0, 0, 0, 0, 0, 0, 0, 0, 0, 0, 0]",1,128,144.0,864.0,5661346515,5661353656,6167884030,6167886430,0,704,704,-1,1,7141,2400,512,384,384,2
16,3,"[2, 144, 0, 0, 0, 0, 0, 0, 0, 0, 0, 0, 0, 0, 0, 4, 0, 0, 0, 0, 0, 0, 0, 0, 0, 0, 0, 0, 0, 0]",1,128,144.0,580.0,5661424287,5661431856,6167887134,6167889470,0,736,736,-1,1,7569,2336,512,384,384,2
12,3,"[2, 144, 0, 0, 0, 0, 0, 0, 0, 0, 0, 0, 0, 0, 0, 2, 144, 0, 0, 0, 0, 0, 0, 0, 0, 0, 0, 0, 0, 0]",1,128,144.0,864.0,5661504067,5661511243,6167890206,6167892670,0,768,768,-1,1,7176,2464,512,384,384,2
12,3,"[2, 144, 0, 0, 0, 0, 0, 0, 0, 0, 0, 0, 0, 0, 0, 2, 144, 0, 0, 0, 0, 0, 0, 0, 0, 0, 0, 0, 0, 0]",1,128,144.0,864.0,5661582366,5661589644,6167893438,6167895838,0,672,672,-1,1,7278,2400,512,384,384,2
16,3,"[2, 40, 144, 1, 1, 0, 0, 0, 0, 0, 0, 0, 0, 0, 0, 4, 0, 0, 0, 0, 0, 0, 0, 0, 0, 0, 0, 0, 0, 0]",12,128,5760.0,23044.0,5661659856,5661667506,6167896510,6167898910,0,704,704,-1,1,7650,2400,512,384,384,2
12,3,"[2, 40, 144, 1, 1, 0, 0, 0, 0, 0, 0, 0, 0, 0, 0, 2, 40, 144, 1, 1, 0, 0, 0, 0, 0, 0, 0, 0, 0, 0]",12,128,5760.0,34560.0,5661740325,5661747509,6167899614,6167902046,0,640,640,-1,1,7184,2432,512,384,384,2
12,3,"[2, 40, 144, 1, 1, 0, 0, 0, 0, 0, 0, 0, 0, 0, 0, 2, 40, 144, 1, 1, 0, 0, 0, 0, 0, 0, 0, 0, 0, 0]",12,128,5760.0,34560.0,5661818700,5661827860,6167902686,6167905118,0,672,672,-1,1,9160,2432,512,384,384,2
16,3,"[2, 40, 0, 0, 0, 0, 0, 0, 0, 0, 0, 0, 0, 0, 0, 4, 0, 0, 0, 0, 0, 0, 0, 0, 0, 0, 0, 0, 0, 0]",1,128,40.0,164.0,5661899394,5661907164,6167905790,6167908318,0,736,736,-1,1,7770,2528,512,384,384,2
12,3,"[2, 40, 0, 0, 0, 0, 0, 0, 0, 0, 0, 0, 0, 0, 0, 2, 40, 0, 0, 0, 0, 0, 0, 0, 0, 0, 0, 0, 0, 0]",1,128,40.0,240.0,5661977913,5661985310,6167909054,6167911389,0,737,737,-1,1,7397,2335,512,384,384,2
12,3,"[2, 40, 0, 0, 0, 0, 0, 0, 0, 0, 0, 0, 0, 0, 0, 2, 40, 0, 0, 0, 0, 0, 0, 0, 0, 0, 0, 0, 0, 0]",1,128,40.0,240.0,5662056465,5662063674,6167912126,6167914462,0,736,736,-1,1,7209,2336,512,384,384,2
16,3,"[2, 144, 40, 1, 1, 0, 0, 0, 0, 0, 0, 0, 0, 0, 0, 4, 0, 0, 0, 0, 0, 0, 0, 0, 0, 0, 0, 0, 0, 0]",12,128,5760.0,23044.0,5662135490,5662143102,6167915198,6167917598,0,671,671,-1,1,7612,2400,512,384,384,2
12,3,"[2, 144, 40, 1, 1, 0, 0, 0, 0, 0, 0, 0, 0, 0, 0, 2, 144, 40, 1, 1, 0, 0, 0, 0, 0, 0, 0, 0, 0, 0]",12,128,5760.0,34560.0,5662215302,5662222557,6167918269,6167920669,0,704,704,-1,1,7255,2400,512,384,384,2
12,3,"[2, 144, 40, 1, 1, 0, 0, 0, 0, 0, 0, 0, 0, 0, 0, 2, 144, 40, 1, 1, 0, 0, 0, 0, 0, 0, 0, 0, 0, 0]",12,128,5760.0,34560.0,5662297893,5662305448,6167921373,6167923966,0,639,639,-1,1,7555,2593,512,384,384,2
16,3,"[2, 144, 0, 0, 0, 0, 0, 0, 0, 0, 0, 0, 0, 0, 0, 4, 0, 0, 0, 0, 0, 0, 0, 0, 0, 0, 0, 0, 0, 0]",1,128,144.0,580.0,5662377220,5662384684,6167924605,6167926942,0,735,735,-1,1,7464,2337,512,384,384,2
12,3,"[2, 144, 0, 0, 0, 0, 0, 0, 0, 0, 0, 0, 0, 0, 0, 2, 144, 0, 0, 0, 0, 0, 0, 0, 0, 0, 0, 0, 0, 0]",1,128,144.0,864.0,5662585465,5662595220,6167927677,6167930077,0,704,704,-1,1,9755,2400,512,384,384,2
12,3,"[2, 144, 0, 0, 0, 0, 0, 0, 0, 0, 0, 0, 0, 0, 0, 2, 144, 0, 0, 0, 0, 0, 0, 0, 0, 0, 0, 0, 0, 0]",1,128,144.0,864.0,5662669245,5662677009,6167930781,6167933118,0,735,735,-1,1,7764,2337,512,384,384,2
16,3,"[2, 48, 144, 1, 1, 0, 0, 0, 0, 0, 0, 0, 0, 0, 0, 4, 0, 0, 0, 0, 0, 0, 0, 0, 0, 0, 0, 0, 0, 0]",14,128,6912.0,27652.0,5662749990,5662757836,6167933853,6167936253,0,672,672,-1,1,7846,2400,512,384,384,2
12,3,"[2, 48, 144, 1, 1, 0, 0, 0, 0, 0, 0, 0, 0, 0, 0, 2, 48, 144, 1, 1, 0, 0, 0, 0, 0, 0, 0, 0, 0, 0]",14,128,6912.0,41472.0,5662834863,5662842438,6167936925,6167939613,0,769,769,-1,1,7575,2688,512,384,384,2
12,3,"[2, 48, 144, 1, 1, 0, 0, 0, 0, 0, 0, 0, 0, 0, 0, 2, 48, 144, 1, 1, 0, 0, 0, 0, 0, 0, 0, 0, 0, 0]",14,128,6912.0,41472.0,5662914904,5662921875,6167940382,6167942813,0,673,673,-1,1,6971,2431,512,384,384,2
16,3,"[2, 48, 0, 0, 0, 0, 0, 0, 0, 0, 0, 0, 0, 0, 0, 4, 0, 0, 0, 0, 0, 0, 0, 0, 0, 0, 0, 0, 0, 0]",1,128,48.0,196.0,5662992986,5663000730,6167943486,6167945822,0,736,736,-1,1,7744,2336,512,384,384,2
12,3,"[2, 48, 0, 0, 0, 0, 0, 0, 0, 0, 0, 0, 0, 0, 0, 2, 48, 0, 0, 0, 0, 0, 0, 0, 0, 0, 0, 0, 0, 0]",1,128,48.0,288.0,5663072432,5663079827,6167946558,6167948958,0,672,672,-1,1,7395,2400,512,384,384,2
12,3,"[2, 48, 0, 0, 0, 0, 0, 0, 0, 0, 0, 0, 0, 0, 0, 2, 48, 0, 0, 0, 0, 0, 0, 0, 0, 0, 0, 0, 0, 0]",1,128,48.0,288.0,5663150440,5663157552,6167949630,6167951965,0,737,737,-1,1,7112,2335,512,384,384,2
16,3,"[2, 48, 0, 0, 0, 0, 0, 0, 0, 0, 0, 0, 0, 0, 0, 4, 0, 0, 0, 0, 0, 0, 0, 0, 0, 0, 0, 0, 0, 0]",1,128,48.0,196.0,5663228340,5663236011,6167952702,6167955230,0,736,736,-1,1,7671,2528,512,384,384,2
12,3,"[2, 48, 0, 0, 0, 0, 0, 0, 0, 0, 0, 0, 0, 0, 0, 2, 48, 0, 0, 0, 0, 0, 0, 0, 0, 0, 0, 0, 0, 0]",1,128,48.0,288.0,5663307860,5663315032,6167955966,6167958301,0,737,737,-1,1,7172,2335,512,384,384,2
12,3,"[2, 48, 0, 0, 0, 0, 0, 0, 0, 0, 0, 0, 0, 0, 0, 2, 48, 0, 0, 0, 0, 0, 0, 0, 0, 0, 0, 0, 0, 0]",1,128,48.0,288.0,5663385105,5663392193,6167959038,6167961405,0,737,737,-1,1,7088,2367,512,384,384,2
16,3,"[2, 288, 48, 1, 1, 0, 0, 0, 0, 0, 0, 0, 0, 0, 0, 4, 0, 0, 0, 0, 0, 0, 0, 0, 0, 0, 0, 0, 0, 0]",27,128,13824.0,55300.0,5663464045,5663471589,6167962142,6167964573,0,641,641,-1,1,7544,2431,512,384,384,2
12,3,"[2, 288, 48, 1, 1, 0, 0, 0, 0, 0, 0, 0, 0, 0, 0, 2, 288, 48, 1, 1, 0, 0, 0, 0, 0, 0, 0, 0, 0, 0]",27,128,13824.0,82944.0,5663544019,5663551353,6167965214,6167967709,0,800,800,-1,1,7334,2495,512,384,384,2
12,3,"[2, 288, 48, 1, 1, 0, 0, 0, 0, 0, 0, 0, 0, 0, 0, 2, 288, 48, 1, 1, 0, 0, 0, 0, 0, 0, 0, 0, 0, 0]",27,128,13824.0,82944.0,5663622091,5663629104,6167968509,6167970974,0,799,799,-1,1,7013,2465,512,384,384,2
16,3,"[2, 288, 0, 0, 0, 0, 0, 0, 0, 0, 0, 0, 0, 0, 0, 4, 0, 0, 0, 0, 0, 0, 0, 0, 0, 0, 0, 0, 0, 0]",1,128,288.0,1156.0,5663701510,5663709152,6167971773,6167974141,0,704,704,-1,1,7642,2368,512,384,384,2
12,3,"[2, 288, 0, 0, 0, 0, 0, 0, 0, 0, 0, 0, 0, 0, 0, 2, 288, 0, 0, 0, 0, 0, 0, 0, 0, 0, 0, 0, 0, 0]",1,128,288.0,1728.0,5663780348,5663787782,6167974845,6167977245,0,672,672,-1,1,7434,2400,512,384,384,2
12,3,"[2, 288, 0, 0, 0, 0, 0, 0, 0, 0, 0, 0, 0, 0, 0, 2, 288, 0, 0, 0, 0, 0, 0, 0, 0, 0, 0, 0, 0, 0]",1,128,288.0,1728.0,5663858254,5663865523,6167977917,6167980317,0,672,672,-1,1,7269,2400,512,384,384,2
16,3,"[2, 288, 0, 0, 0, 0, 0, 0, 0, 0, 0, 0, 0, 0, 0, 4, 0, 0, 0, 0, 0, 0, 0, 0, 0, 0, 0, 0, 0, 0]",1,128,288.0,1156.0,5663936159,5663943874,6167980989,6167983357,0,736,736,-1,1,7715,2368,512,384,384,2
12,3,"[2, 288, 0, 0, 0, 0, 0, 0, 0, 0, 0, 0, 0, 0, 0, 2, 288, 0, 0, 0, 0, 0, 0, 0, 0, 0, 0, 0, 0, 0]",1,128,288.0,1728.0,5664015829,5664023154,6167984093,6167986525,0,800,800,-1,1,7325,2432,512,384,384,2
12,3,"[2, 288, 0, 0, 0, 0, 0, 0, 0, 0, 0, 0, 0, 0, 0, 2, 288, 0, 0, 0, 0, 0, 0, 0, 0, 0, 0, 0, 0, 0]",1,128,288.0,1728.0,5664094113,5664101340,6167987325,6167989725,0,704,704,-1,1,7227,2400,512,384,384,2
16,3,"[2, 288, 1, 5, 5, 0, 0, 0, 0, 0, 0, 0, 0, 0, 0, 4, 0, 0, 0, 0, 0, 0, 0, 0, 0, 0, 0, 0, 0, 0]",15,128,7200.0,28804.0,5664173432,5664180968,6167990429,6167992797,0,704,704,-1,1,7536,2368,512,384,384,2
12,3,"[2, 288, 1, 5, 5, 0, 0, 0, 0, 0, 0, 0, 0, 0, 0, 2, 288, 1, 5, 5, 0, 0, 0, 0, 0, 0, 0, 0, 0, 0]",15,128,7200.0,43200.0,5664253777,5664261066,6167993501,6167995869,0,704,704,-1,1,7289,2368,512,384,384,2
12,3,"[2, 288, 1, 5, 5, 0, 0, 0, 0, 0, 0, 0, 0, 0, 0, 2, 288, 1, 5, 5, 0, 0, 0, 0, 0, 0, 0, 0, 0, 0]",15,128,7200.0,43200.0,5664333377,5664340469,6167996573,6167999005,0,832,832,-1,1,7092,2432,512,384,384,2
16,3,"[2, 288, 0, 0, 0, 0, 0, 0, 0, 0, 0, 0, 0, 0, 0, 4, 0, 0, 0, 0, 0, 0, 0, 0, 0, 0, 0, 0, 0, 0]",1,128,288.0,1156.0,5664411393,5664418942,6167999837,6168002205,0,768,768,-1,1,7549,2368,512,384,384,2
12,3,"[2, 288, 0, 0, 0, 0, 0, 0, 0, 0, 0, 0, 0, 0, 0, 2, 288, 0, 0, 0, 0, 0, 0, 0, 0, 0, 0, 0, 0, 0]",1,128,288.0,1728.0,5664492599,5664499863,6168002973,6168005373,0,640,640,-1,1,7264,2400,512,384,384,2
12,3,"[2, 288, 0, 0, 0, 0, 0, 0, 0, 0, 0, 0, 0, 0, 0, 2, 288, 0, 0, 0, 0, 0, 0, 0, 0, 0, 0, 0, 0, 0]",1,128,288.0,1728.0,5664572633,5664580005,6168006013,6168008477,0,672,672,-1,1,7372,2464,512,384,384,2
16,3,"[2, 288, 0, 0, 0, 0, 0, 0, 0, 0, 0, 0, 0, 0, 0, 4, 0, 0, 0, 0, 0, 0, 0, 0, 0, 0, 0, 0, 0, 0]",1,128,288.0,1156.0,5664650857,5664658992,6168009149,6168011517,0,704,704,-1,1,8135,2368,512,384,384,2
12,3,"[2, 288, 0, 0, 0, 0, 0, 0, 0, 0, 0, 0, 0, 0, 0, 2, 288, 0, 0, 0, 0, 0, 0, 0, 0, 0, 0, 0, 0, 0]",1,128,288.0,1728.0,5664729769,5664737096,6168012221,6168014621,0,704,704,-1,1,7327,2400,512,384,384,2
12,3,"[2, 288, 0, 0, 0, 0, 0, 0, 0, 0, 0, 0, 0, 0, 0, 2, 288, 0, 0, 0, 0, 0, 0, 0, 0, 0, 0, 0, 0, 0]",1,128,288.0,1728.0,5664807255,5664814615,6168015325,6168017789,0,768,768,-1,1,7360,2464,512,384,384,2
16,3,"[2, 72, 288, 1, 1, 0, 0, 0, 0, 0, 0, 0, 0, 0, 0, 4, 0, 0, 0, 0, 0, 0, 0, 0, 0, 0, 0, 0, 0, 0]",41,128,20736.0,82948.0,5664886585,5664894128,6168018557,6168021085,0,768,768,-1,1,7543,2528,512,384,384,2
12,3,"[2, 72, 288, 1, 1, 0, 0, 0, 0, 0, 0, 0, 0, 0, 0, 2, 72, 288, 1, 1, 0, 0, 0, 0, 0, 0, 0, 0, 0, 0]",41,128,20736.0,124416.0,5664973493,5664981336,6168021853,6168024349,0,736,736,-1,1,7843,2496,512,384,384,2
12,3,"[2, 72, 288, 1, 1, 0, 0, 0, 0, 0, 0, 0, 0, 0, 0, 2, 72, 288, 1, 1, 0, 0, 0, 0, 0, 0, 0, 0, 0, 0]",41,128,20736.0,124416.0,5665053674,5665060597,6168025085,6168027613,0,768,768,-1,1,6923,2528,512,384,384,2
16,3,"[2, 72, 0, 0, 0, 0, 0, 0, 0, 0, 0, 0, 0, 0, 0, 4, 0, 0, 0, 0, 0, 0, 0, 0, 0, 0, 0, 0, 0, 0]",1,128,72.0,292.0,5665131901,5665139307,6168028381,6168030749,0,704,704,-1,1,7406,2368,512,384,384,2
12,3,"[2, 72, 0, 0, 0, 0, 0, 0, 0, 0, 0, 0, 0, 0, 0, 2, 72, 0, 0, 0, 0, 0, 0, 0, 0, 0, 0, 0, 0, 0]",1,128,72.0,432.0,5665210346,5665217681,6168031453,6168033821,0,736,736,-1,1,7335,2368,512,384,384,2
12,3,"[2, 72, 0, 0, 0, 0, 0, 0, 0, 0, 0, 0, 0, 0, 0, 2, 72, 0, 0, 0, 0, 0, 0, 0, 0, 0, 0, 0, 0, 0]",1,128,72.0,432.0,5665287954,5665294996,6168034557,6168036893,0,736,736,-1,1,7042,2336,512,384,384,2
16,3,"[2, 288, 72, 1, 1, 0, 0, 0, 0, 0, 0, 0, 0, 0, 0, 4, 0, 0, 0, 0, 0, 0, 0, 0, 0, 0, 0, 0, 0, 0]",41,128,20736.0,82948.0,5665366437,5665374139,6168037629,6168040093,0,832,832,-1,1,7702,2464,512,384,384,2
12,3,"[2, 288, 72, 1, 1, 0, 0, 0, 0, 0, 0, 0, 0, 0, 0, 2, 288, 72, 1, 1, 0, 0, 0, 0, 0, 0, 0, 0, 0, 0]",41,128,20736.0,124416.0,5665449316,5665456703,6168040925,6168043421,0,768,768,-1,1,7387,2496,512,384,384,2
12,3,"[2, 288, 72, 1, 1, 0, 0, 0, 0, 0, 0, 0, 0, 0, 0, 2, 288, 72, 1, 1, 0, 0, 0, 0, 0, 0, 0, 0, 0, 0]",41,128,20736.0,124416.0,5665528658,5665536261,6168044189,6168046685,0,768,768,-1,1,7603,2496,512,384,384,2
16,3,"[2, 288, 0, 0, 0, 0, 0, 0, 0, 0, 0, 0, 0, 0, 0, 4, 0, 0, 0, 0, 0, 0, 0, 0, 0, 0, 0, 0, 0, 0]",1,128,288.0,1156.0,5665606919,5665614521,6168047453,6168049853,0,640,640,-1,1,7602,2400,512,384,384,2
12,3,"[2, 288, 0, 0, 0, 0, 0, 0, 0, 0, 0, 0, 0, 0, 0, 2, 288, 0, 0, 0, 0, 0, 0, 0, 0, 0, 0, 0, 0, 0]",1,128,288.0,1728.0,5665686029,5665693351,6168050493,6168052893,0,672,672,-1,1,7322,2400,512,384,384,2
12,3,"[2, 288, 0, 0, 0, 0, 0, 0, 0, 0, 0, 0, 0, 0, 0, 2, 288, 0, 0, 0, 0, 0, 0, 0, 0, 0, 0, 0, 0, 0]",1,128,288.0,1728.0,5665764425,5665771655,6168053565,6168056029,0,640,640,-1,1,7230,2464,512,384,384,2
16,3,"[2, 96, 288, 1, 1, 0, 0, 0, 0, 0, 0, 0, 0, 0, 0, 4, 0, 0, 0, 0, 0, 0, 0, 0, 0, 0, 0, 0, 0, 0]",54,128,27648.0,110596.0,5665971119,5665981635,6168056669,6168059229,0,736,736,-1,1,10516,2560,512,384,384,2
12,3,"[2, 96, 288, 1, 1, 0, 0, 0, 0, 0, 0, 0, 0, 0, 0, 2, 96, 288, 1, 1, 0, 0, 0, 0, 0, 0, 0, 0, 0, 0]",54,128,27648.0,165888.0,5666065307,5666074070,6168059965,6168062525,0,736,736,-1,1,8763,2560,512,384,384,2
12,3,"[2, 96, 288, 1, 1, 0, 0, 0, 0, 0, 0, 0, 0, 0, 0, 2, 96, 288, 1, 1, 0, 0, 0, 0, 0, 0, 0, 0, 0, 0]",54,128,27648.0,165888.0,5666148290,5666155883,6168063261,6168065853,0,640,640,-1,1,7593,2592,512,384,384,2
16,3,"[2, 96, 0, 0, 0, 0, 0, 0, 0, 0, 0, 0, 0, 0, 0, 4, 0, 0, 0, 0, 0, 0, 0, 0, 0, 0, 0, 0, 0, 0]",1,128,96.0,388.0,5666228854,5666237038,6168066493,6168068861,0,704,704,-1,1,8184,2368,512,384,384,2
12,3,"[2, 96, 0, 0, 0, 0, 0, 0, 0, 0, 0, 0, 0, 0, 0, 2, 96, 0, 0, 0, 0, 0, 0, 0, 0, 0, 0, 0, 0, 0]",1,128,96.0,576.0,5666308510,5666315943,6168069565,6168071933,0,736,736,-1,1,7433,2368,512,384,384,2
12,3,"[2, 96, 0, 0, 0, 0, 0, 0, 0, 0, 0, 0, 0, 0, 0, 2, 96, 0, 0, 0, 0, 0, 0, 0, 0, 0, 0, 0, 0, 0]",1,128,96.0,576.0,5666390703,5666399649,6168072669,6168075037,0,704,704,-1,1,8946,2368,512,384,384,2
16,3,"[2, 96, 0, 0, 0, 0, 0, 0, 0, 0, 0, 0, 0, 0, 0, 4, 0, 0, 0, 0, 0, 0, 0, 0, 0, 0, 0, 0, 0, 0]",1,128,96.0,388.0,5666471111,5666478968,6168075741,6168078077,0,768,768,-1,1,7857,2336,512,384,384,2
12,3,"[2, 96, 0, 0, 0, 0, 0, 0, 0, 0, 0, 0, 0, 0, 0, 2, 96, 0, 0, 0, 0, 0, 0, 0, 0, 0, 0, 0, 0, 0]",1,128,96.0,576.0,5666550182,5666557618,6168078845,6168081181,0,736,736,-1,1,7436,2336,512,384,384,2
12,3,"[2, 96, 0, 0, 0, 0, 0, 0, 0, 0, 0, 0, 0, 0, 0, 2, 96, 0, 0, 0, 0, 0, 0, 0, 0, 0, 0, 0, 0, 0]",1,128,96.0,576.0,5666627747,5666635001,6168081917,6168084316,0,673,673,-1,1,7254,2399,512,384,384,2
16,3,"[2, 576, 96, 1, 1, 0, 0, 0, 0, 0, 0, 0, 0, 0, 0, 4, 0, 0, 0, 0, 0, 0, 0, 0, 0, 0, 0, 0, 0, 0]",108,128,55296.0,221188.0,5666707200,5666714962,6168084989,6168088157,0,704,704,-1,1,7762,3168,512,384,384,2
12,3,"[2, 576, 96, 1, 1, 0, 0, 0, 0, 0, 0, 0, 0, 0, 0, 2, 576, 96, 1, 1, 0, 0, 0, 0, 0, 0, 0, 0, 0, 0]",108,128,55296.0,331776.0,5666787291,5666794728,6168088861,6168091612,0,704,704,-1,1,7437,2751,512,384,384,2
12,3,"[2, 576, 96, 1, 1, 0, 0, 0, 0, 0, 0, 0, 0, 0, 0, 2, 576, 96, 1, 1, 0, 0, 0, 0, 0, 0, 0, 0, 0, 0]",108,128,55296.0,331776.0,5666867096,5666874222,6168092316,6168095132,0,672,672,-1,1,7126,2816,512,384,384,2
16,3,"[2, 576, 0, 0, 0, 0, 0, 0, 0, 0, 0, 0, 0, 0, 0, 4, 0, 0, 0, 0, 0, 0, 0, 0, 0, 0, 0, 0, 0, 0]",2,128,576.0,2308.0,5667205287,5667214280,6168095804,6168098141,0,736,736,-1,1,8993,2337,512,384,384,2
12,3,"[2, 576, 0, 0, 0, 0, 0, 0, 0, 0, 0, 0, 0, 0, 0, 2, 576, 0, 0, 0, 0, 0, 0, 0, 0, 0, 0, 0, 0, 0]",2,128,576.0,3456.0,5667292956,5667300838,6168098877,6168101245,0,704,704,-1,1,7882,2368,512,384,384,2
12,3,"[2, 576, 0, 0, 0, 0, 0, 0, 0, 0, 0, 0, 0, 0, 0, 2, 576, 0, 0, 0, 0, 0, 0, 0, 0, 0, 0, 0, 0, 0]",2,128,576.0,3456.0,5667374410,5667381801,6168101949,6168104317,0,704,704,-1,1,7391,2368,512,384,384,2
16,3,"[2, 576, 0, 0, 0, 0, 0, 0, 0, 0, 0, 0, 0, 0, 0, 4, 0, 0, 0, 0, 0, 0, 0, 0, 0, 0, 0, 0, 0, 0]",2,128,576.0,2308.0,5667455097,5667462508,6168105021,6168107389,0,704,704,-1,1,7411,2368,512,384,384,2
12,3,"[2, 576, 0, 0, 0, 0, 0, 0, 0, 0, 0, 0, 0, 0, 0, 2, 576, 0, 0, 0, 0, 0, 0, 0, 0, 0, 0, 0, 0, 0]",2,128,576.0,3456.0,5667534847,5667543789,6168108093,6168110493,0,704,704,-1,1,8942,2400,512,384,384,2
12,3,"[2, 576, 0, 0, 0, 0, 0, 0, 0, 0, 0, 0, 0, 0, 0, 2, 576, 0, 0, 0, 0, 0, 0, 0, 0, 0, 0, 0, 0, 0]",2,128,576.0,3456.0,5667615483,5667623012,6168111197,6168113565,0,704,704,-1,1,7529,2368,512,384,384,2
16,3,"[2, 576, 1, 5, 5, 0, 0, 0, 0, 0, 0, 0, 0, 0, 0, 4, 0, 0, 0, 0, 0, 0, 0, 0, 0, 0, 0, 0, 0, 0]",29,128,14400.0,57604.0,5667695217,5667702985,6168114269,6168116700,0,673,673,-1,1,7768,2431,512,384,384,2
12,3,"[2, 576, 1, 5, 5, 0, 0, 0, 0, 0, 0, 0, 0, 0, 0, 2, 576, 1, 5, 5, 0, 0, 0, 0, 0, 0, 0, 0, 0, 0]",29,128,14400.0,86400.0,5667775674,5667783093,6168117373,6168119836,0,800,800,-1,1,7419,2463,512,384,384,2
12,3,"[2, 576, 1, 5, 5, 0, 0, 0, 0, 0, 0, 0, 0, 0, 0, 2, 576, 1, 5, 5, 0, 0, 0, 0, 0, 0, 0, 0, 0, 0]",29,128,14400.0,86400.0,5667855704,5667863249,6168120636,6168123068,0,832,832,-1,1,7545,2432,512,384,384,2
16,3,"[2, 576, 0, 0, 0, 0, 0, 0, 0, 0, 0, 0, 0, 0, 0, 4, 0, 0, 0, 0, 0, 0, 0, 0, 0, 0, 0, 0, 0, 0]",2,128,576.0,2308.0,5667934733,5667942343,6168123900,6168126268,0,704,704,-1,1,7610,2368,512,384,384,2
12,3,"[2, 576, 0, 0, 0, 0, 0, 0, 0, 0, 0, 0, 0, 0, 0, 2, 576, 0, 0, 0, 0, 0, 0, 0, 0, 0, 0, 0, 0, 0]",2,128,576.0,3456.0,5668013970,5668021432,6168126972,6168129340,0,704,704,-1,1,7462,2368,512,384,384,2
12,3,"[2, 576, 0, 0, 0, 0, 0, 0, 0, 0, 0, 0, 0, 0, 0, 2, 576, 0, 0, 0, 0, 0, 0, 0, 0, 0, 0, 0, 0, 0]",2,128,576.0,3456.0,5668092656,5668099794,6168130044,6168132381,0,735,735,-1,1,7138,2337,512,384,384,2
16,3,"[2, 576, 0, 0, 0, 0, 0, 0, 0, 0, 0, 0, 0, 0, 0, 4, 0, 0, 0, 0, 0, 0, 0, 0, 0, 0, 0, 0, 0, 0]",2,128,576.0,2308.0,5668171241,5668179066,6168133116,6168135516,0,672,672,-1,1,7825,2400,512,384,384,2
12,3,"[2, 576, 0, 0, 0, 0, 0, 0, 0, 0, 0, 0, 0, 0, 0, 2, 576, 0, 0, 0, 0, 0, 0, 0, 0, 0, 0, 0, 0, 0]",2,128,576.0,3456.0,5668251435,5668258753,6168136188,6168138557,0,704,704,-1,1,7318,2369,512,384,384,2
12,3,"[2, 576, 0, 0, 0, 0, 0, 0, 0, 0, 0, 0, 0, 0, 0, 2, 576, 0, 0, 0, 0, 0, 0, 0, 0, 0, 0, 0, 0, 0]",2,128,576.0,3456.0,5668332068,5668339856,6168139261,6168141629,0,735,735,-1,1,7788,2368,512,384,384,2
16,3,"[2, 144, 576, 1, 1, 0, 0, 0, 0, 0, 0, 0, 0, 0, 0, 4, 0, 0, 0, 0, 0, 0, 0, 0, 0, 0, 0, 0, 0, 0]",162,128,82944.0,331780.0,5668415100,5668423973,6168142364,6168145404,0,800,800,-1,1,8873,3040,512,384,384,2
12,3,"[2, 144, 576, 1, 1, 0, 0, 0, 0, 0, 0, 0, 0, 0, 0, 2, 144, 576, 1, 1, 0, 0, 0, 0, 0, 0, 0, 0, 0, 0]",162,128,82944.0,497664.0,5668497261,5668504703,6168146204,6168149276,0,736,736,-1,1,7442,3072,512,384,384,2
12,3,"[2, 144, 576, 1, 1, 0, 0, 0, 0, 0, 0, 0, 0, 0, 0, 2, 144, 576, 1, 1, 0, 0, 0, 0, 0, 0, 0, 0, 0, 0]",162,128,82944.0,497664.0,5668575981,5668583183,6168150012,6168153116,0,737,737,-1,1,7202,3104,512,384,384,2
16,3,"[2, 144, 0, 0, 0, 0, 0, 0, 0, 0, 0, 0, 0, 0, 0, 4, 0, 0, 0, 0, 0, 0, 0, 0, 0, 0, 0, 0, 0, 0]",1,128,144.0,580.0,5668655108,5668662838,6168153853,6168156220,0,736,736,-1,1,7730,2367,512,384,384,2
12,3,"[2, 144, 0, 0, 0, 0, 0, 0, 0, 0, 0, 0, 0, 0, 0, 2, 144, 0, 0, 0, 0, 0, 0, 0, 0, 0, 0, 0, 0, 0]",1,128,144.0,864.0,5668734695,5668742049,6168156956,6168159324,0,640,640,-1,1,7354,2368,512,384,384,2
12,3,"[2, 144, 0, 0, 0, 0, 0, 0, 0, 0, 0, 0, 0, 0, 0, 2, 144, 0, 0, 0, 0, 0, 0, 0, 0, 0, 0, 0, 0, 0]",1,128,144.0,864.0,5668813139,5668820344,6168159964,6168162332,0,736,736,-1,1,7205,2368,512,384,384,2
16,3,"[2, 576, 144, 1, 1, 0, 0, 0, 0, 0, 0, 0, 0, 0, 0, 4, 0, 0, 0, 0, 0, 0, 0, 0, 0, 0, 0, 0, 0, 0]",162,128,82944.0,331780.0,5668892805,5668900472,6168163068,6168166364,0,768,768,-1,1,7667,3296,512,384,384,2
12,3,"[2, 576, 144, 1, 1, 0, 0, 0, 0, 0, 0, 0, 0, 0, 0, 2, 576, 144, 1, 1, 0, 0, 0, 0, 0, 0, 0, 0, 0, 0]",162,128,82944.0,497664.0,5668981553,5668989801,6168167132,6168170460,0,672,672,-1,1,8248,3328,512,384,384,2
12,3,"[2, 576, 144, 1, 1, 0, 0, 0, 0, 0, 0, 0, 0, 0, 0, 2, 576, 144, 1, 1, 0, 0, 0, 0, 0, 0, 0, 0, 0, 0]",162,128,82944.0,497664.0,5669062951,5669070509,6168171132,6168174236,0,736,736,-1,1,7558,3104,512,384,384,2
16,3,"[2, 576, 0, 0, 0, 0, 0, 0, 0, 0, 0, 0, 0, 0, 0, 4, 0, 0, 0, 0, 0, 0, 0, 0, 0, 0, 0, 0, 0, 0]",2,128,576.0,2308.0,5669142604,5669150301,6168174972,6168177372,0,704,704,-1,1,7697,2400,512,384,384,2
12,3,"[2, 576, 0, 0, 0, 0, 0, 0, 0, 0, 0, 0, 0, 0, 0, 2, 576, 0, 0, 0, 0, 0, 0, 0, 0, 0, 0, 0, 0, 0]",2,128,576.0,3456.0,5669221078,5669228347,6168178076,6168180476,0,704,704,-1,1,7269,2400,512,384,384,2
12,3,"[2, 576, 0, 0, 0, 0, 0, 0, 0, 0, 0, 0, 0, 0, 0, 2, 576, 0, 0, 0, 0, 0, 0, 0, 0, 0, 0, 0, 0, 0]",2,128,576.0,3456.0,5669299628,5669308786,6168181180,6168183548,0,704,704,-1,1,9158,2368,512,384,384,2
16,3,"[2, 96, 576, 1, 1, 0, 0, 0, 0, 0, 0, 0, 0, 0, 0, 4, 0, 0, 0, 0, 0, 0, 0, 0, 0, 0, 0, 0, 0, 0]",108,128,55296.0,221188.0,5669383038,5669391109,6168184252,6168187292,0,736,736,-1,1,8071,3040,512,384,384,2
12,3,"[2, 96, 576, 1, 1, 0, 0, 0, 0, 0, 0, 0, 0, 0, 0, 2, 96, 576, 1, 1, 0, 0, 0, 0, 0, 0, 0, 0, 0, 0]",108,128,55296.0,331776.0,5669464206,5669471583,6168188028,6168191516,0,800,800,-1,1,7377,3488,512,384,384,2
12,3,"[2, 96, 576, 1, 1, 0, 0, 0, 0, 0, 0, 0, 0, 0, 0, 2, 96, 576, 1, 1, 0, 0, 0, 0, 0, 0, 0, 0, 0, 0]",108,128,55296.0,331776.0,5669671155,5669681201,6168192316,6168195228,0,736,736,-1,1,10046,2912,512,384,384,2
16,3,"[2, 96, 0, 0, 0, 0, 0, 0, 0, 0, 0, 0, 0, 0, 0, 4, 0, 0, 0, 0, 0, 0, 0, 0, 0, 0, 0, 0, 0, 0]",1,128,96.0,388.0,5669762637,5669771617,6168195964,6168198300,0,736,736,-1,1,8980,2336,512,384,384,2
12,3,"[2, 96, 0, 0, 0, 0, 0, 0, 0, 0, 0, 0, 0, 0, 0, 2, 96, 0, 0, 0, 0, 0, 0, 0, 0, 0, 0, 0, 0, 0]",1,128,96.0,576.0,5669844917,5669852564,6168199036,6168201436,0,704,704,-1,1,7647,2400,512,384,384,2
12,3,"[2, 96, 0, 0, 0, 0, 0, 0, 0, 0, 0, 0, 0, 0, 0, 2, 96, 0, 0, 0, 0, 0, 0, 0, 0, 0, 0, 0, 0, 0]",1,128,96.0,576.0,5669923611,5669930830,6168202140,6168204444,0,768,768,-1,1,7219,2304,512,384,384,2
16,3,"[2, 96, 0, 0, 0, 0, 0, 0, 0, 0, 0, 0, 0, 0, 0, 4, 0, 0, 0, 0, 0, 0, 0, 0, 0, 0, 0, 0, 0, 0]",1,128,96.0,388.0,5670001921,5670009716,6168205212,6168207548,0,704,704,-1,1,7795,2336,512,384,384,2
12,3,"[2, 96, 0, 0, 0, 0, 0, 0, 0, 0, 0, 0, 0, 0, 0, 2, 96, 0, 0, 0, 0, 0, 0, 0, 0, 0, 0, 0, 0, 0]",1,128,96.0,576.0,5670080785,5670088151,6168208252,6168210620,0,704,704,-1,1,7366,2368,512,384,384,2
12,3,"[2, 96, 0, 0, 0, 0, 0, 0, 0, 0, 0, 0, 0, 0, 0, 2, 96, 0, 0, 0, 0, 0, 0, 0, 0, 0, 0, 0, 0, 0]",1,128,96.0,576.0,5670161729,5670169405,6168211324,6168213692,0,736,736,-1,1,7676,2368,512,384,384,2
16,3,"[2, 576, 96, 1, 1, 0, 0, 0, 0, 0, 0, 0, 0, 0, 0, 4, 0, 0, 0, 0, 0, 0, 0, 0, 0, 0, 0, 0, 0, 0]",108,128,55296.0,221188.0,5670241401,5670249122,6168214428,6168217468,0,800,800,-1,1,7721,3040,512,384,384,2
12,3,"[2, 576, 96, 1, 1, 0, 0, 0, 0, 0, 0, 0, 0, 0, 0, 2, 576, 96, 1, 1, 0, 0, 0, 0, 0, 0, 0, 0, 0, 0]",108,128,55296.0,331776.0,5670321391,5670330465,6168218268,6168221436,0,768,768,-1,1,9074,3168,512,384,384,2
12,3,"[2, 576, 96, 1, 1, 0, 0, 0, 0, 0, 0, 0, 0, 0, 0, 2, 576, 96, 1, 1, 0, 0, 0, 0, 0, 0, 0, 0, 0, 0]",108,128,55296.0,331776.0,5670404559,5670412014,6168222204,6168224956,0,704,704,-1,1,7455,2752,512,384,384,2
16,3,"[2, 576, 0, 0, 0, 0, 0, 0, 0, 0, 0, 0, 0, 0, 0, 4, 0, 0, 0, 0, 0, 0, 0, 0, 0, 0, 0, 0, 0, 0]",2,128,576.0,2308.0,5670484342,5670492200,6168225660,6168228028,0,704,704,-1,1,7858,2368,512,384,384,2
12,3,"[2, 576, 0, 0, 0, 0, 0, 0, 0, 0, 0, 0, 0, 0, 0, 2, 576, 0, 0, 0, 0, 0, 0, 0, 0, 0, 0, 0, 0, 0]",2,128,576.0,3456.0,5670565275,5670572586,6168228732,6168231132,0,704,704,-1,1,7311,2400,512,384,384,2
12,3,"[2, 576, 0, 0, 0, 0, 0, 0, 0, 0, 0, 0, 0, 0, 0, 2, 576, 0, 0, 0, 0, 0, 0, 0, 0, 0, 0, 0, 0, 0]",2,128,576.0,3456.0,5670644553,5670651865,6168231836,6168234204,0,704,704,-1,1,7312,2368,512,384,384,2
16,3,"[2, 576, 0, 0, 0, 0, 0, 0, 0, 0, 0, 0, 0, 0, 0, 4, 0, 0, 0, 0, 0, 0, 0, 0, 0, 0, 0, 0, 0, 0]",2,128,576.0,2308.0,5670722764,5670730791,6168234908,6168237244,0,736,736,-1,1,8027,2336,512,384,384,2
12,3,"[2, 576, 0, 0, 0, 0, 0, 0, 0, 0, 0, 0, 0, 0, 0, 2, 576, 0, 0, 0, 0, 0, 0, 0, 0, 0, 0, 0, 0, 0]",2,128,576.0,3456.0,5670802530,5670810043,6168237980,6168240412,0,608,608,-1,1,7513,2432,512,384,384,2
12,3,"[2, 576, 0, 0, 0, 0, 0, 0, 0, 0, 0, 0, 0, 0, 0, 2, 576, 0, 0, 0, 0, 0, 0, 0, 0, 0, 0, 0, 0, 0]",2,128,576.0,3456.0,5670881359,5670888740,6168241020,6168243420,0,736,736,-1,1,7381,2400,512,384,384,2
16,3,"[2, 576, 1, 5, 5, 0, 0, 0, 0, 0, 0, 0, 0, 0, 0, 4, 0, 0, 0, 0, 0, 0, 0, 0, 0, 0, 0, 0, 0, 0]",29,128,14400.0,57604.0,5670961088,5670968725,6168244156,6168246588,0,832,832,-1,1,7637,2432,512,384,384,2
12,3,"[2, 576, 1, 5, 5, 0, 0, 0, 0, 0, 0, 0, 0, 0, 0, 2, 576, 1, 5, 5, 0, 0, 0, 0, 0, 0, 0, 0, 0, 0]",29,128,14400.0,86400.0,5671040651,5671047761,6168247420,6168250012,0,672,672,-1,1,7110,2592,512,384,384,2
12,3,"[2, 576, 1, 5, 5, 0, 0, 0, 0, 0, 0, 0, 0, 0, 0, 2, 576, 1, 5, 5, 0, 0, 0, 0, 0, 0, 0, 0, 0, 0]",29,128,14400.0,86400.0,5671120029,5671127264,6168250684,6168253212,0,704,704,-1,1,7235,2528,512,384,384,2
16,3,"[2, 576, 0, 0, 0, 0, 0, 0, 0, 0, 0, 0, 0, 0, 0, 4, 0, 0, 0, 0, 0, 0, 0, 0, 0, 0, 0, 0, 0, 0]",2,128,576.0,2308.0,5671199533,5671207256,6168253916,6168256252,0,704,704,-1,1,7723,2336,512,384,384,2
12,3,"[2, 576, 0, 0, 0, 0, 0, 0, 0, 0, 0, 0, 0, 0, 0, 2, 576, 0, 0, 0, 0, 0, 0, 0, 0, 0, 0, 0, 0, 0]",2,128,576.0,3456.0,5671279894,5671287145,6168256956,6168259324,0,703,703,-1,1,7251,2368,512,384,384,2
12,3,"[2, 576, 0, 0, 0, 0, 0, 0, 0, 0, 0, 0, 0, 0, 0, 2, 576, 0, 0, 0, 0, 0, 0, 0, 0, 0, 0, 0, 0, 0]",2,128,576.0,3456.0,5671359444,5671366795,6168260027,6168262396,0,736,736,-1,1,7351,2369,512,384,384,2
16,3,"[2, 576, 0, 0, 0, 0, 0, 0, 0, 0, 0, 0, 0, 0, 0, 4, 0, 0, 0, 0, 0, 0, 0, 0, 0, 0, 0, 0, 0, 0]",2,128,576.0,2308.0,5671438001,5671446092,6168263132,6168265468,0,735,735,-1,1,8091,2336,512,384,384,2
12,3,"[2, 576, 0, 0, 0, 0, 0, 0, 0, 0, 0, 0, 0, 0, 0, 2, 576, 0, 0, 0, 0, 0, 0, 0, 0, 0, 0, 0, 0, 0]",2,128,576.0,3456.0,5671517217,5671524486,6168266203,6168268572,0,704,704,-1,1,7269,2369,512,384,384,2
12,3,"[2, 576, 0, 0, 0, 0, 0, 0, 0, 0, 0, 0, 0, 0, 0, 2, 576, 0, 0, 0, 0, 0, 0, 0, 0, 0, 0, 0, 0, 0]",2,128,576.0,3456.0,5671594989,5671602090,6168269276,6168271644,0,672,672,-1,1,7101,2368,512,384,384,2
16,3,"[2, 144, 576, 1, 1, 0, 0, 0, 0, 0, 0, 0, 0, 0, 0, 4, 0, 0, 0, 0, 0, 0, 0, 0, 0, 0, 0, 0, 0, 0]",162,128,82944.0,331780.0,5671674181,5671681889,6168272316,6168275836,0,736,736,-1,1,7708,3520,512,384,384,2
12,3,"[2, 144, 576, 1, 1, 0, 0, 0, 0, 0, 0, 0, 0, 0, 0, 2, 144, 576, 1, 1, 0, 0, 0, 0, 0, 0, 0, 0, 0, 0]",162,128,82944.0,497664.0,5671755989,5671763553,6168276572,6168280251,0,672,672,-1,1,7564,3679,512,384,384,2
12,3,"[2, 144, 576, 1, 1, 0, 0, 0, 0, 0, 0, 0, 0, 0, 0, 2, 144, 576, 1, 1, 0, 0, 0, 0, 0, 0, 0, 0, 0, 0]",162,128,82944.0,497664.0,5671836089,5671843460,6168280923,6168283996,0,800,800,-1,1,7371,3073,512,384,384,2
16,3,"[2, 144, 0, 0, 0, 0, 0, 0, 0, 0, 0, 0, 0, 0, 0, 4, 0, 0, 0, 0, 0, 0, 0, 0, 0, 0, 0, 0, 0, 0]",1,128,144.0,580.0,5671917526,5671925911,6168284796,6168287131,0,737,737,-1,1,8385,2335,512,384,384,2
12,3,"[2, 144, 0, 0, 0, 0, 0, 0, 0, 0, 0, 0, 0, 0, 0, 2, 144, 0, 0, 0, 0, 0, 0, 0, 0, 0, 0, 0, 0, 0]",1,128,144.0,864.0,5671997538,5672004971,6168287868,6168290235,0,737,737,-1,1,7433,2367,512,384,384,2
12,3,"[2, 144, 0, 0, 0, 0, 0, 0, 0, 0, 0, 0, 0, 0, 0, 2, 144, 0, 0, 0, 0, 0, 0, 0, 0, 0, 0, 0, 0, 0]",1,128,144.0,864.0,5672078544,5672086520,6168290972,6168293307,0,704,704,-1,1,7976,2335,512,384,384,2
16,3,"[2, 576, 144, 1, 1, 0, 0, 0, 0, 0, 0, 0, 0, 0, 0, 4, 0, 0, 0, 0, 0, 0, 0, 0, 0, 0, 0, 0, 0, 0]",162,128,82944.0,331780.0,5672159149,5672166926,6168294011,6168297308,0,735,735,-1,1,7777,3297,512,384,384,2
12,3,"[2, 576, 144, 1, 1, 0, 0, 0, 0, 0, 0, 0, 0, 0, 0, 2, 576, 144, 1, 1, 0, 0, 0, 0, 0, 0, 0, 0, 0, 0]",162,128,82944.0,497664.0,5672239414,5672246987,6168298043,6168301660,0,832,832,-1,1,7573,3617,512,384,384,2
12,3,"[2, 576, 144, 1, 1, 0, 0, 0, 0, 0, 0, 0, 0, 0, 0, 2, 576, 144, 1, 1, 0, 0, 0, 0, 0, 0, 0, 0, 0, 0]",162,128,82944.0,497664.0,5672318610,5672325899,6168302492,6168305564,0,671,671,-1,1,7289,3072,512,384,384,2
16,3,"[2, 576, 0, 0, 0, 0, 0, 0, 0, 0, 0, 0, 0, 0, 0, 4, 0, 0, 0, 0, 0, 0, 0, 0, 0, 0, 0, 0, 0, 0]",2,128,576.0,2308.0,5672396751,5672404570,6168306235,6168308603,0,672,672,-1,1,7819,2368,512,384,384,2
12,3,"[2, 576, 0, 0, 0, 0, 0, 0, 0, 0, 0, 0, 0, 0, 0, 2, 576, 0, 0, 0, 0, 0, 0, 0, 0, 0, 0, 0, 0, 0]",2,128,576.0,3456.0,5672476081,5672483214,6168309275,6168311707,0,609,609,-1,1,7133,2432,512,384,384,2
12,3,"[2, 576, 0, 0, 0, 0, 0, 0, 0, 0, 0, 0, 0, 0, 0, 2, 576, 0, 0, 0, 0, 0, 0, 0, 0, 0, 0, 0, 0, 0]",2,128,576.0,3456.0,5672554016,5672561211,6168312316,6168314907,0,704,704,-1,1,7195,2591,512,384,384,2
16,3,"[2, 96, 576, 1, 1, 0, 0, 0, 0, 0, 0, 0, 0, 0, 0, 4, 0, 0, 0, 0, 0, 0, 0, 0, 0, 0, 0, 0, 0, 0]",108,128,55296.0,221188.0,5672633151,5672641143,6168315611,6168318683,0,800,800,-1,1,7992,3072,512,384,384,2
12,3,"[2, 96, 576, 1, 1, 0, 0, 0, 0, 0, 0, 0, 0, 0, 0, 2, 96, 576, 1, 1, 0, 0, 0, 0, 0, 0, 0, 0, 0, 0]",108,128,55296.0,331776.0,5672713099,5672720317,6168319483,6168322715,0,768,768,-1,1,7218,3232,512,384,384,2
12,3,"[2, 96, 576, 1, 1, 0, 0, 0, 0, 0, 0, 0, 0, 0, 0, 2, 96, 576, 1, 1, 0, 0, 0, 0, 0, 0, 0, 0, 0, 0]",108,128,55296.0,331776.0,5672793084,5672800187,6168323483,6168326427,0,736,736,-1,1,7103,2944,512,384,384,2
16,3,"[2, 96, 0, 0, 0, 0, 0, 0, 0, 0, 0, 0, 0, 0, 0, 4, 0, 0, 0, 0, 0, 0, 0, 0, 0, 0, 0, 0, 0, 0]",1,128,96.0,388.0,5672872496,5672879970,6168327163,6168329467,0,768,768,-1,1,7474,2304,512,384,384,2
12,3,"[2, 96, 0, 0, 0, 0, 0, 0, 0, 0, 0, 0, 0, 0, 0, 2, 96, 0, 0, 0, 0, 0, 0, 0, 0, 0, 0, 0, 0, 0]",1,128,96.0,576.0,5673086033,5673096822,6168330235,6168332571,0,736,736,-1,1,10789,2336,512,384,384,2
12,3,"[2, 96, 0, 0, 0, 0, 0, 0, 0, 0, 0, 0, 0, 0, 0, 2, 96, 0, 0, 0, 0, 0, 0, 0, 0, 0, 0, 0, 0, 0]",1,128,96.0,576.0,5673177070,5673186152,6168333307,6168335643,0,800,800,-1,1,9082,2336,512,384,384,2
16,3,"[2, 96, 0, 0, 0, 0, 0, 0, 0, 0, 0, 0, 0, 0, 0, 4, 0, 0, 0, 0, 0, 0, 0, 0, 0, 0, 0, 0, 0, 0]",1,128,96.0,388.0,5673260246,5673268747,6168336443,6168338811,0,736,736,-1,1,8501,2368,512,384,384,2
12,3,"[2, 96, 0, 0, 0, 0, 0, 0, 0, 0, 0, 0, 0, 0, 0, 2, 96, 0, 0, 0, 0, 0, 0, 0, 0, 0, 0, 0, 0, 0]",1,128,96.0,576.0,5673340628,5673348200,6168339547,6168341915,0,704,704,-1,1,7572,2368,512,384,384,2
12,3,"[2, 96, 0, 0, 0, 0, 0, 0, 0, 0, 0, 0, 0, 0, 0, 2, 96, 0, 0, 0, 0, 0, 0, 0, 0, 0, 0, 0, 0, 0]",1,128,96.0,576.0,5673417371,5673425844,6168342619,6168344987,0,736,736,-1,1,8473,2368,512,384,384,2
16,3,"[2, 576, 96, 1, 1, 0, 0, 0, 0, 0, 0, 0, 0, 0, 0, 4, 0, 0, 0, 0, 0, 0, 0, 0, 0, 0, 0, 0, 0, 0]",108,128,55296.0,221188.0,5673498375,5673506471,6168345723,6168348475,0,704,704,-1,1,8096,2752,512,384,384,2
12,3,"[2, 576, 96, 1, 1, 0, 0, 0, 0, 0, 0, 0, 0, 0, 0, 2, 576, 96, 1, 1, 0, 0, 0, 0, 0, 0, 0, 0, 0, 0]",108,128,55296.0,331776.0,5673578440,5673585880,6168349179,6168352603,0,800,800,-1,1,7440,3424,512,384,384,2
12,3,"[2, 576, 96, 1, 1, 0, 0, 0, 0, 0, 0, 0, 0, 0, 0, 2, 576, 96, 1, 1, 0, 0, 0, 0, 0, 0, 0, 0, 0, 0]",108,128,55296.0,331776.0,5673657248,5673664633,6168353403,6168356379,0,672,672,-1,1,7385,2976,512,384,384,2
16,3,"[2, 576, 0, 0, 0, 0, 0, 0, 0, 0, 0, 0, 0, 0, 0, 4, 0, 0, 0, 0, 0, 0, 0, 0, 0, 0, 0, 0, 0, 0]",2,128,576.0,2308.0,5673738517,5673746424,6168357051,6168359387,0,768,768,-1,1,7907,2336,512,384,384,2
12,3,"[2, 576, 0, 0, 0, 0, 0, 0, 0, 0, 0, 0, 0, 0, 0, 2, 576, 0, 0, 0, 0, 0, 0, 0, 0, 0, 0, 0, 0, 0]",2,128,576.0,3456.0,5673818516,5673825821,6168360155,6168362523,0,800,800,-1,1,7305,2368,512,384,384,2
12,3,"[2, 576, 0, 0, 0, 0, 0, 0, 0, 0, 0, 0, 0, 0, 0, 2, 576, 0, 0, 0, 0, 0, 0, 0, 0, 0, 0, 0, 0, 0]",2,128,576.0,3456.0,5673897927,5673904865,6168363323,6168365691,0,704,704,-1,1,6938,2368,512,384,384,2
16,3,"[2, 576, 0, 0, 0, 0, 0, 0, 0, 0, 0, 0, 0, 0, 0, 4, 0, 0, 0, 0, 0, 0, 0, 0, 0, 0, 0, 0, 0, 0]",2,128,576.0,2308.0,5673979675,5673987959,6168366395,6168368731,0,736,736,-1,1,8284,2336,512,384,384,2
12,3,"[2, 576, 0, 0, 0, 0, 0, 0, 0, 0, 0, 0, 0, 0, 0, 2, 576, 0, 0, 0, 0, 0, 0, 0, 0, 0, 0, 0, 0, 0]",2,128,576.0,3456.0,5674060308,5674067442,6168369467,6168371867,0,672,672,-1,1,7134,2400,512,384,384,2
12,3,"[2, 576, 0, 0, 0, 0, 0, 0, 0, 0, 0, 0, 0, 0, 0, 2, 576, 0, 0, 0, 0, 0, 0, 0, 0, 0, 0, 0, 0, 0]",2,128,576.0,3456.0,5674139336,5674146662,6168372539,6168374907,0,704,704,-1,1,7326,2368,512,384,384,2
16,3,"[2, 1024, 576, 0, 0, 0, 0, 0, 0, 0, 0, 0, 0, 0, 0, 4, 0, 0, 0, 0, 0, 0, 0, 0, 0, 0, 0, 0, 0, 0]",1152,128,589824.0,2359300.0,5674218513,5674226253,6168375611,6168386139,0,736,736,-1,1,7740,10528,512,384,384,2
12,3,"[2, 1024, 576, 0, 0, 0, 0, 0, 0, 0, 0, 0, 0, 0, 0, 2, 1024, 576, 0, 0, 0, 0, 0, 0, 0, 0, 0, 0, 0, 0]",1152,128,589824.0,3538944.0,5674299925,5674307691,6168386875,6168394779,0,704,704,-1,1,7766,7904,512,384,384,2
12,3,"[2, 1024, 576, 0, 0, 0, 0, 0, 0, 0, 0, 0, 0, 0, 0, 2, 1024, 576, 0, 0, 0, 0, 0, 0, 0, 0, 0, 0, 0, 0]",1152,128,589824.0,3538944.0,5674379449,5674386921,6168395483,6168405659,0,608,608,-1,1,7472,10176,512,384,384,2
16,3,"[2, 1024, 0, 0, 0, 0, 0, 0, 0, 0, 0, 0, 0, 0, 0, 4, 0, 0, 0, 0, 0, 0, 0, 0, 0, 0, 0, 0, 0, 0]",2,128,1024.0,4100.0,5674457981,5674465768,6168406267,6168408731,0,832,832,-1,1,7787,2464,512,384,384,2
12,3,"[2, 1024, 0, 0, 0, 0, 0, 0, 0, 0, 0, 0, 0, 0, 0, 2, 1024, 0, 0, 0, 0, 0, 0, 0, 0, 0, 0, 0, 0, 0]",2,128,1024.0,6144.0,5674536568,5674543751,6168409563,6168411899,0,704,704,-1,1,7183,2336,512,384,384,2
12,3,"[2, 1024, 0, 0, 0, 0, 0, 0, 0, 0, 0, 0, 0, 0, 0, 2, 1024, 0, 0, 0, 0, 0, 0, 0, 0, 0, 0, 0, 0, 0]",2,128,1024.0,6144.0,5674614468,5674621628,6168412603,6168415131,0,768,768,-1,1,7160,2528,512,384,384,2
16,3,"[2, 159, 1024, 0, 0, 0, 0, 0, 0, 0, 0, 0, 0, 0, 0, 4, 0, 0, 0, 0, 0, 0, 0, 0, 0, 0, 0, 0, 0, 0]",318,128,162816.0,651268.0,5674691570,5674699576,6168415899,6168420411,0,640,640,-1,1,8006,4512,512,384,384,2
12,3,"[2, 159, 1024, 0, 0, 0, 0, 0, 0, 0, 0, 0, 0, 0, 0, 2, 159, 1024, 0, 0, 0, 0, 0, 0, 0, 0, 0, 0, 0, 0]",318,128,162816.0,976896.0,5674771586,5674780744,6168421051,6168425595,0,704,704,-1,1,9158,4544,512,384,384,2
12,3,"[2, 159, 1024, 0, 0, 0, 0, 0, 0, 0, 0, 0, 0, 0, 0, 2, 159, 1024, 0, 0, 0, 0, 0, 0, 0, 0, 0, 0, 0, 0]",318,128,162816.0,976896.0,5674853392,5674860874,6168426299,6168429851,0,704,704,-1,1,7482,3552,512,384,384,2
16,3,"[2, 159, 0, 0, 0, 0, 0, 0, 0, 0, 0, 0, 0, 0, 0, 4, 0, 0, 0, 0, 0, 0, 0, 0, 0, 0, 0, 0, 0, 0]",1,128,159.0,640.0,5674933298,5674941009,6168430555,6168433019,0,767,767,-1,1,7711,2464,512,384,384,2
12,3,"[2, 159, 0, 0, 0, 0, 0, 0, 0, 0, 0, 0, 0, 0, 0, 2, 159, 0, 0, 0, 0, 0, 0, 0, 0, 0, 0, 0, 0, 0]",1,128,159.0,954.0,5675012465,5675019856,6168433786,6168436251,0,704,704,-1,1,7391,2465,512,384,384,2
12,3,"[2, 159, 0, 0, 0, 0, 0, 0, 0, 0, 0, 0, 0, 0, 0, 2, 159, 0, 0, 0, 0, 0, 0, 0, 0, 0, 0, 0, 0, 0]",1,128,159.0,954.0,5675090936,5675098116,6168436955,6168439323,0,0,0,-1,1,7180,2368,512,384,384,2
