op,dir,params,grid,block,flops,bytes,rStartTime,rEndTime,kStartTime,kEndTime,staticSharedMemory,space,space1,seq,kernels,rduration,kduration,batch,h,w,input_type
203,1,"[256, 3, 16, 16, 32, 8, 8, 3, 3, 1, 1, 2, 2, 1, 1, 1, 8, 0, 0, 0, 0, 0, 0, 0, 0, 0, 0, 0, 0, 0]",512,64,0.0,0.0,2687371129,2687388664,2806730255,2806890191,4352,115712,115712,741374,1,17535,159936,256,16,16,3
205,1,"[4, 0, 0, 0, 0, 0, 0, 0, 0, 0, 0, 0, 0, 0, 0, 4, 0, 0, 0, 0, 0, 0, 0, 0, 0, 0, 0, 0, 0, 0]",32,512,4194304.0,16777216.0,2806989527,2807473242,2807005903,2807580141,272,591551,127904,741375,2,35592,110591,256,16,16,3
152,1,"[8, 256, 32, 8, 8, 0, 0, 0, 0, 0, 0, 0, 0, 0, 0, 0, 0, 0, 0, 0, 0, 0, 0, 0, 0, 0, 0, 0, 0, 0]",1024,128,524288.0,8388608.0,2807691129,2807709167,2807708045,2807741805,0,333279,333279,741376,1,18038,33760,256,16,16,3
203,1,"[256, 32, 8, 8, 96, 4, 4, 1, 1, 0, 0, 2, 2, 1, 1, 1, 8, 0, 0, 0, 0, 0, 0, 0, 0, 0, 0, 0, 0, 0]",128,256,0.0,0.0,2808060868,2808076392,2808075084,2808255948,10496,61951,61951,741377,1,15524,180864,256,16,16,3
205,1,"[4, 0, 0, 0, 0, 0, 0, 0, 0, 0, 0, 0, 0, 0, 0, 4, 0, 0, 0, 0, 0, 0, 0, 0, 0, 0, 0, 0, 0, 0]",96,512,3145728.0,12582912.0,2808305665,2808655932,2808317899,2808800714,272,494976,160192,741378,2,26470,148031,256,16,16,3
203,1,"[256, 32, 8, 8, 96, 8, 8, 1, 1, 0, 0, 1, 1, 1, 1, 1, 8, 0, 0, 0, 0, 0, 0, 0, 0, 0, 0, 0, 0, 0]",256,256,0.0,0.0,2808947753,2808975331,2808960906,2812268866,20736,72832,63552,741379,2,24302,3298680,256,16,16,3
205,1,"[4, 0, 0, 0, 0, 0, 0, 0, 0, 0, 0, 0, 0, 0, 0, 4, 0, 0, 0, 0, 0, 0, 0, 0, 0, 0, 0, 0, 0, 0]",96,512,12582912.0,50331648.0,2812319742,2812697067,2812332418,2813009536,272,362367,640,741380,2,42589,315391,256,16,16,3
152,1,"[8, 256, 96, 8, 8, 0, 0, 0, 0, 0, 0, 0, 0, 0, 0, 0, 0, 0, 0, 0, 0, 0, 0, 0, 0, 0, 0, 0, 0, 0]",3072,128,1572864.0,25165824.0,2812941539,2812955809,2813010176,2813117599,0,170976,170976,741381,1,14270,107423,256,16,16,3
203,1,"[256, 96, 8, 8, 96, 4, 4, 3, 3, 1, 1, 2, 2, 1, 1, 2, 8, 0, 0, 0, 0, 0, 0, 0, 0, 0, 0, 0, 0, 0]",48,256,0.0,0.0,2813274640,2813366968,2813288575,2826549919,20736,-16163769,60672,741382,8,57846,29485785,256,16,16,3
205,1,"[4, 0, 0, 0, 0, 0, 0, 0, 0, 0, 0, 0, 0, 0, 0, 4, 0, 0, 0, 0, 0, 0, 0, 0, 0, 0, 0, 0, 0, 0]",96,512,3145728.0,12582912.0,2826599476,2826947852,2826610591,2827095646,272,420318,86207,741383,2,24117,150944,256,16,16,3
152,1,"[8, 256, 96, 4, 4, 0, 0, 0, 0, 0, 0, 0, 0, 0, 0, 0, 0, 0, 0, 0, 0, 0, 0, 0, 0, 0, 0, 0, 0, 0]",768,128,393216.0,6291456.0,2827170383,2827182347,2827181853,2827195773,0,248160,248160,741384,1,11964,13920,256,16,16,3
203,1,"[256, 96, 4, 4, 96, 4, 4, 1, 1, 0, 0, 1, 1, 1, 1, 1, 8, 0, 0, 0, 0, 0, 0, 0, 0, 0, 0, 0, 0, 0]",384,64,0.0,0.0,2827430762,2827445283,2827443933,2827809244,4352,58368,58368,741385,1,14521,365311,256,16,16,3
205,1,"[4, 0, 0, 0, 0, 0, 0, 0, 0, 0, 0, 0, 0, 0, 0, 4, 0, 0, 0, 0, 0, 0, 0, 0, 0, 0, 0, 0, 0, 0]",96,512,3145728.0,12582912.0,2827856825,2828199935,2827867612,2828348666,272,337119,7712,741386,2,24299,151647,256,16,16,3
21,1,"[8, 256, 96, 4, 4, 0, 0, 0, 0, 0, 0, 0, 0, 0, 0, 8, 256, 96, 4, 4, 0, 0, 0, 0, 0, 0, 0, 0, 0, 0]",768,128,393216.0,9437184.0,2828344496,2828356985,2828356378,2828404763,0,174335,174335,741387,1,12489,48385,256,16,16,3
152,1,"[8, 256, 96, 4, 4, 0, 0, 0, 0, 0, 0, 0, 0, 0, 0, 0, 0, 0, 0, 0, 0, 0, 0, 0, 0, 0, 0, 0, 0, 0]",768,128,393216.0,6291456.0,2828568184,2828579791,2828579098,2828594042,0,269535,269535,741388,1,11607,14944,256,16,16,3
203,1,"[256, 96, 4, 4, 96, 4, 4, 1, 1, 0, 0, 1, 1, 1, 1, 1, 8, 0, 0, 0, 0, 0, 0, 0, 0, 0, 0, 0, 0, 0]",384,64,0.0,0.0,2828849971,2828864484,2828863577,2829228376,4352,63680,63680,741389,1,14513,364799,256,16,16,3
205,1,"[4, 0, 0, 0, 0, 0, 0, 0, 0, 0, 0, 0, 0, 0, 0, 4, 0, 0, 0, 0, 0, 0, 0, 0, 0, 0, 0, 0, 0, 0]",96,512,3145728.0,12582912.0,2829280567,2829670308,2829292056,2829818615,272,484383,109280,741390,2,25315,151456,256,16,16,3
152,1,"[8, 256, 96, 4, 4, 0, 0, 0, 0, 0, 0, 0, 0, 0, 0, 0, 0, 0, 0, 0, 0, 0, 0, 0, 0, 0, 0, 0, 0, 0]",768,128,393216.0,6291456.0,2829916449,2829928896,2829927895,2829941750,0,292064,292064,741391,1,12447,13855,256,16,16,3
203,1,"[256, 96, 4, 4, 96, 4, 4, 3, 3, 1, 1, 1, 1, 1, 1, 2, 8, 0, 0, 0, 0, 0, 0, 0, 0, 0, 0, 0, 0, 0]",64,256,0.0,0.0,2830220363,2830246557,2830233814,2834820299,12544,-1087709,61312,741392,2,24272,5735506,256,16,16,3
205,1,"[4, 0, 0, 0, 0, 0, 0, 0, 0, 0, 0, 0, 0, 0, 0, 4, 0, 0, 0, 0, 0, 0, 0, 0, 0, 0, 0, 0, 0, 0]",96,512,3145728.0,12582912.0,2834870971,2835215191,2834881611,2835363561,272,420192,89504,741393,2,24110,151262,256,16,16,3
152,1,"[8, 256, 96, 4, 4, 0, 0, 0, 0, 0, 0, 0, 0, 0, 0, 0, 0, 0, 0, 0, 0, 0, 0, 0, 0, 0, 0, 0, 0, 0]",768,128,393216.0,6291456.0,2835441544,2835453633,2835453065,2835467145,0,248896,248896,741394,1,12089,14080,256,16,16,3
203,1,"[256, 96, 4, 4, 96, 4, 4, 1, 1, 0, 0, 1, 1, 1, 1, 1, 8, 0, 0, 0, 0, 0, 0, 0, 0, 0, 0, 0, 0, 0]",384,64,0.0,0.0,2835702914,2835719927,2835716041,2836080743,4352,60768,60768,741395,1,17013,364702,256,16,16,3
205,1,"[4, 0, 0, 0, 0, 0, 0, 0, 0, 0, 0, 0, 0, 0, 0, 4, 0, 0, 0, 0, 0, 0, 0, 0, 0, 0, 0, 0, 0, 0]",96,512,3145728.0,12582912.0,2836130224,2836476103,2836141511,2836624615,272,332383,671,741396,2,24884,151392,256,16,16,3
21,1,"[8, 256, 96, 4, 4, 0, 0, 0, 0, 0, 0, 0, 0, 0, 0, 8, 256, 96, 4, 4, 0, 0, 0, 0, 0, 0, 0, 0, 0, 0]",768,128,393216.0,9437184.0,2836595081,2836606732,2836625286,2836672806,0,275296,275296,741397,1,11651,47520,256,16,16,3
152,1,"[8, 256, 96, 4, 4, 0, 0, 0, 0, 0, 0, 0, 0, 0, 0, 0, 0, 0, 0, 0, 0, 0, 0, 0, 0, 0, 0, 0, 0, 0]",768,128,393216.0,6291456.0,2836935429,2836948746,2836948102,2836963205,0,281408,281408,741398,1,13317,15103,256,16,16,3
203,1,"[256, 96, 4, 4, 192, 2, 2, 1, 1, 0, 0, 2, 2, 1, 1, 1, 8, 0, 0, 0, 0, 0, 0, 0, 0, 0, 0, 0, 0, 0]",96,256,0.0,0.0,2837231815,2837252528,2837244613,2837820483,20736,61696,55744,741399,2,19340,569918,256,16,16,3
205,1,"[4, 0, 0, 0, 0, 0, 0, 0, 0, 0, 0, 0, 0, 0, 0, 4, 0, 0, 0, 0, 0, 0, 0, 0, 0, 0, 0, 0, 0, 0]",192,512,1572864.0,6291456.0,2837865265,2838208627,2837876227,2838453538,272,402623,73248,741400,2,24126,247936,256,16,16,3
203,1,"[256, 96, 4, 4, 192, 4, 4, 1, 1, 0, 0, 1, 1, 1, 1, 1, 8, 0, 0, 0, 0, 0, 0, 0, 0, 0, 0, 0, 0, 0]",96,256,0.0,0.0,2838513767,2838534886,2838526786,2840953980,20736,63840,57472,741401,2,19692,2420826,256,16,16,3
205,1,"[4, 0, 0, 0, 0, 0, 0, 0, 0, 0, 0, 0, 0, 0, 0, 4, 0, 0, 0, 0, 0, 0, 0, 0, 0, 0, 0, 0, 0, 0]",192,512,6291456.0,25165824.0,2841000667,2841341373,2841011452,2841588090,272,328095,704,741402,2,23119,249247,256,16,16,3
152,1,"[8, 256, 192, 4, 4, 0, 0, 0, 0, 0, 0, 0, 0, 0, 0, 0, 0, 0, 0, 0, 0, 0, 0, 0, 0, 0, 0, 0, 0, 0]",1536,128,786432.0,12582912.0,2841562544,2841574801,2841588794,2841637978,0,174048,174048,741403,1,12257,49184,256,16,16,3
203,1,"[256, 192, 4, 4, 192, 2, 2, 3, 3, 1, 1, 2, 2, 1, 1, 4, 8, 0, 0, 0, 0, 0, 0, 0, 0, 0, 0, 0, 0, 0]",16,256,0.0,0.0,2841799562,2841838269,2841812026,2844121428,12544,-3373656,68256,741404,4,34330,5751314,256,16,16,3
205,1,"[4, 0, 0, 0, 0, 0, 0, 0, 0, 0, 0, 0, 0, 0, 0, 4, 0, 0, 0, 0, 0, 0, 0, 0, 0, 0, 0, 0, 0, 0]",192,512,1572864.0,6291456.0,2844178992,2844524931,2844189684,2844769938,272,333119,736,741405,2,23699,247871,256,16,16,3
152,1,"[8, 256, 192, 2, 2, 0, 0, 0, 0, 0, 0, 0, 0, 0, 0, 0, 0, 0, 0, 0, 0, 0, 0, 0, 0, 0, 0, 0, 0, 0]",384,128,196608.0,3145728.0,2844752143,2844766263,2844770674,2844777203,0,239231,239231,741406,1,14120,6529,256,16,16,3
203,1,"[256, 192, 2, 2, 192, 2, 2, 1, 1, 0, 0, 1, 1, 1, 1, 1, 8, 0, 0, 0, 0, 0, 0, 0, 0, 0, 0, 0, 0, 0]",192,64,0.0,0.0,2845003609,2845017267,2845016434,2845347185,4352,58368,58368,741407,1,13658,330751,256,16,16,3
205,1,"[4, 0, 0, 0, 0, 0, 0, 0, 0, 0, 0, 0, 0, 0, 0, 4, 0, 0, 0, 0, 0, 0, 0, 0, 0, 0, 0, 0, 0, 0]",192,512,1572864.0,6291456.0,2845394461,2845733193,2845405553,2845978128,272,325599,672,741408,2,23966,247648,256,16,16,3
21,1,"[8, 256, 192, 2, 2, 0, 0, 0, 0, 0, 0, 0, 0, 0, 0, 8, 256, 192, 2, 2, 0, 0, 0, 0, 0, 0, 0, 0, 0, 0]",384,128,196608.0,4718592.0,2845850526,2845862622,2845978800,2845994096,0,77567,77567,741409,1,12096,15296,256,16,16,3
152,1,"[8, 256, 192, 2, 2, 0, 0, 0, 0, 0, 0, 0, 0, 0, 0, 0, 0, 0, 0, 0, 0, 0, 0, 0, 0, 0, 0, 0, 0, 0]",384,128,196608.0,3145728.0,2846060687,2846072365,2846071663,2846078447,0,260991,260991,741410,1,11678,6784,256,16,16,3
203,1,"[256, 192, 2, 2, 192, 2, 2, 1, 1, 0, 0, 1, 1, 1, 1, 1, 8, 0, 0, 0, 0, 0, 0, 0, 0, 0, 0, 0, 0, 0]",192,64,0.0,0.0,2846326328,2846340345,2846339438,2846667694,4352,60992,60992,741411,1,14017,328256,256,16,16,3
205,1,"[4, 0, 0, 0, 0, 0, 0, 0, 0, 0, 0, 0, 0, 0, 0, 4, 0, 0, 0, 0, 0, 0, 0, 0, 0, 0, 0, 0, 0, 0]",192,512,1572864.0,6291456.0,2846717197,2847055863,2846728686,2847298796,272,325279,576,741412,2,24406,245407,256,16,16,3
152,1,"[8, 256, 192, 2, 2, 0, 0, 0, 0, 0, 0, 0, 0, 0, 0, 0, 0, 0, 0, 0, 0, 0, 0, 0, 0, 0, 0, 0, 0, 0]",384,128,196608.0,3145728.0,2847281047,2847295412,2847299372,2847305836,0,256064,256064,741413,1,14365,6464,256,16,16,3
203,1,"[256, 192, 2, 2, 192, 2, 2, 3, 3, 1, 1, 1, 1, 1, 1, 4, 8, 0, 0, 0, 0, 0, 0, 0, 0, 0, 0, 0, 0, 0]",64,64,0.0,0.0,2847548721,2847584588,2847561900,2848576521,4352,-2217562,63008,741414,4,31391,3295191,256,16,16,3
205,1,"[4, 0, 0, 0, 0, 0, 0, 0, 0, 0, 0, 0, 0, 0, 0, 4, 0, 0, 0, 0, 0, 0, 0, 0, 0, 0, 0, 0, 0, 0]",192,512,1572864.0,6291456.0,2848628828,2848997661,2848639529,2849240360,272,501662,146623,741415,2,24076,245792,256,16,16,3
152,1,"[8, 256, 192, 2, 2, 0, 0, 0, 0, 0, 0, 0, 0, 0, 0, 0, 0, 0, 0, 0, 0, 0, 0, 0, 0, 0, 0, 0, 0, 0]",384,128,196608.0,3145728.0,2849373231,2849387828,2849386983,2849393479,0,262880,262880,741416,1,14597,6496,256,16,16,3
203,1,"[256, 192, 2, 2, 192, 2, 2, 1, 1, 0, 0, 1, 1, 1, 1, 1, 8, 0, 0, 0, 0, 0, 0, 0, 0, 0, 0, 0, 0, 0]",192,64,0.0,0.0,2849642862,2849657282,2849656359,2849984710,4352,59296,59296,741417,1,14420,328351,256,16,16,3
205,1,"[4, 0, 0, 0, 0, 0, 0, 0, 0, 0, 0, 0, 0, 0, 0, 4, 0, 0, 0, 0, 0, 0, 0, 0, 0, 0, 0, 0, 0, 0]",192,512,1572864.0,6291456.0,2850032654,2850384998,2850044006,2850627556,272,338783,576,741418,2,24938,245343,256,16,16,3
21,1,"[8, 256, 192, 2, 2, 0, 0, 0, 0, 0, 0, 0, 0, 0, 0, 8, 256, 192, 2, 2, 0, 0, 0, 0, 0, 0, 0, 0, 0, 0]",384,128,196608.0,4718592.0,2850505402,2850517233,2850628132,2850643716,0,100000,100000,741419,1,11831,15584,256,16,16,3
152,1,"[8, 256, 192, 2, 2, 0, 0, 0, 0, 0, 0, 0, 0, 0, 0, 0, 0, 0, 0, 0, 0, 0, 0, 0, 0, 0, 0, 0, 0, 0]",384,128,196608.0,3145728.0,2850732650,2850744153,2850743716,2850750468,0,264223,264223,741420,1,11503,6752,256,16,16,3
203,1,"[256, 192, 2, 2, 192, 2, 2, 1, 1, 0, 0, 1, 1, 1, 1, 1, 8, 0, 0, 0, 0, 0, 0, 0, 0, 0, 0, 0, 0, 0]",192,64,0.0,0.0,2851001500,2851015771,2851014691,2851342978,4352,60000,60000,741421,1,14271,328287,256,16,16,3
205,1,"[4, 0, 0, 0, 0, 0, 0, 0, 0, 0, 0, 0, 0, 0, 0, 4, 0, 0, 0, 0, 0, 0, 0, 0, 0, 0, 0, 0, 0, 0]",192,512,1572864.0,6291456.0,2851391127,2851762304,2851402978,2852004769,272,367839,11264,741422,2,25756,245216,256,16,16,3
152,1,"[8, 256, 192, 2, 2, 0, 0, 0, 0, 0, 0, 0, 0, 0, 0, 0, 0, 0, 0, 0, 0, 0, 0, 0, 0, 0, 0, 0, 0, 0]",384,128,196608.0,3145728.0,2852003812,2852016655,2852016033,2852022465,0,281375,281375,741423,1,12843,6432,256,16,16,3
203,1,"[256, 192, 2, 2, 192, 2, 2, 3, 3, 1, 1, 1, 1, 1, 1, 4, 8, 0, 0, 0, 0, 0, 0, 0, 0, 0, 0, 0, 0, 0]",64,64,0.0,0.0,2852290684,2852326772,2852303840,2853318238,4352,-2199995,80640,741424,4,30940,3295033,256,16,16,3
205,1,"[4, 0, 0, 0, 0, 0, 0, 0, 0, 0, 0, 0, 0, 0, 0, 4, 0, 0, 0, 0, 0, 0, 0, 0, 0, 0, 0, 0, 0, 0]",192,512,1572864.0,6291456.0,2853387465,2853796662,2853398878,2854039228,272,414943,20704,741425,2,25801,246111,256,16,16,3
152,1,"[8, 256, 192, 2, 2, 0, 0, 0, 0, 0, 0, 0, 0, 0, 0, 0, 0, 0, 0, 0, 0, 0, 0, 0, 0, 0, 0, 0, 0, 0]",384,128,196608.0,3145728.0,2854047849,2854060604,2854059932,2854066428,0,266143,266143,741426,1,12755,6496,256,16,16,3
203,1,"[256, 192, 2, 2, 192, 2, 2, 1, 1, 0, 0, 1, 1, 1, 1, 1, 8, 0, 0, 0, 0, 0, 0, 0, 0, 0, 0, 0, 0, 0]",192,64,0.0,0.0,2854319165,2854333522,2854332571,2854660602,4352,65312,65312,741427,1,14357,328031,256,16,16,3
205,1,"[4, 0, 0, 0, 0, 0, 0, 0, 0, 0, 0, 0, 0, 0, 0, 4, 0, 0, 0, 0, 0, 0, 0, 0, 0, 0, 0, 0, 0, 0]",192,512,1572864.0,6291456.0,2854714244,2855093663,2854725914,2855336313,272,365695,608,741428,2,25912,245312,256,16,16,3
21,1,"[8, 256, 192, 2, 2, 0, 0, 0, 0, 0, 0, 0, 0, 0, 0, 8, 256, 192, 2, 2, 0, 0, 0, 0, 0, 0, 0, 0, 0, 0]",384,128,196608.0,4718592.0,2855237464,2855250356,2855336921,2855353017,0,133599,133599,741429,1,12892,16096,256,16,16,3
152,1,"[8, 256, 192, 2, 2, 0, 0, 0, 0, 0, 0, 0, 0, 0, 0, 0, 0, 0, 0, 0, 0, 0, 0, 0, 0, 0, 0, 0, 0, 0]",384,128,196608.0,3145728.0,2855474632,2855487263,2855486616,2855493400,0,286208,286208,741430,1,12631,6784,256,16,16,3
203,1,"[256, 192, 2, 2, 192, 2, 2, 1, 1, 0, 0, 1, 1, 1, 1, 1, 8, 0, 0, 0, 0, 0, 0, 0, 0, 0, 0, 0, 0, 0]",192,64,0.0,0.0,2855765969,2855780650,2855779608,2856108055,4352,61888,61888,741431,1,14681,328447,256,16,16,3
205,1,"[4, 0, 0, 0, 0, 0, 0, 0, 0, 0, 0, 0, 0, 0, 0, 4, 0, 0, 0, 0, 0, 0, 0, 0, 0, 0, 0, 0, 0, 0]",192,512,1572864.0,6291456.0,2856157658,2856522336,2856169943,2856765141,272,350528,640,741432,2,26195,245310,256,16,16,3
152,1,"[8, 256, 192, 2, 2, 0, 0, 0, 0, 0, 0, 0, 0, 0, 0, 0, 0, 0, 0, 0, 0, 0, 0, 0, 0, 0, 0, 0, 0, 0]",384,128,196608.0,3145728.0,2856742305,2856754757,2856765781,2856772181,0,248447,248447,741433,1,12452,6400,256,16,16,3
203,1,"[256, 192, 2, 2, 192, 2, 2, 3, 3, 1, 1, 1, 1, 1, 1, 4, 8, 0, 0, 0, 0, 0, 0, 0, 0, 0, 0, 0, 0, 0]",64,64,0.0,0.0,2857007841,2857044191,2857020628,2858034834,4352,-2217561,57344,741434,4,29238,3289111,256,16,16,3
205,1,"[4, 0, 0, 0, 0, 0, 0, 0, 0, 0, 0, 0, 0, 0, 0, 4, 0, 0, 0, 0, 0, 0, 0, 0, 0, 0, 0, 0, 0, 0]",192,512,1572864.0,6291456.0,2858081258,2858591669,2858092178,2858834384,272,504863,8384,741435,2,25315,245727,256,16,16,3
152,1,"[8, 256, 192, 2, 2, 0, 0, 0, 0, 0, 0, 0, 0, 0, 0, 0, 0, 0, 0, 0, 0, 0, 0, 0, 0, 0, 0, 0, 0, 0]",384,128,196608.0,3145728.0,2858830077,2858846082,2858842768,2858849232,0,254912,254912,741436,1,16005,6464,256,16,16,3
203,1,"[256, 192, 2, 2, 192, 2, 2, 1, 1, 0, 0, 1, 1, 1, 1, 1, 8, 0, 0, 0, 0, 0, 0, 0, 0, 0, 0, 0, 0, 0]",192,64,0.0,0.0,2859091315,2859104915,2859104144,2859432175,4352,57248,57248,741437,1,13600,328031,256,16,16,3
205,1,"[4, 0, 0, 0, 0, 0, 0, 0, 0, 0, 0, 0, 0, 0, 0, 4, 0, 0, 0, 0, 0, 0, 0, 0, 0, 0, 0, 0, 0, 0]",192,512,1572864.0,6291456.0,2859478016,2859815687,2859489423,2860058157,272,324191,608,741438,2,23934,245151,256,16,16,3
21,1,"[8, 256, 192, 2, 2, 0, 0, 0, 0, 0, 0, 0, 0, 0, 0, 8, 256, 192, 2, 2, 0, 0, 0, 0, 0, 0, 0, 0, 0, 0]",384,128,196608.0,4718592.0,2859931079,2859942968,2860058765,2860073869,0,71808,71808,741439,1,11889,15104,256,16,16,3
152,1,"[8, 256, 192, 2, 2, 0, 0, 0, 0, 0, 0, 0, 0, 0, 0, 0, 0, 0, 0, 0, 0, 0, 0, 0, 0, 0, 0, 0, 0, 0]",384,128,196608.0,3145728.0,2860135201,2860146456,2860145677,2860152429,0,247327,247327,741440,1,11255,6752,256,16,16,3
203,1,"[256, 192, 2, 2, 192, 2, 2, 1, 1, 0, 0, 1, 1, 1, 1, 1, 8, 0, 0, 0, 0, 0, 0, 0, 0, 0, 0, 0, 0, 0]",192,64,0.0,0.0,2860387075,2860400559,2860399756,2860728108,4352,58783,58783,741441,1,13484,328352,256,16,16,3
205,1,"[4, 0, 0, 0, 0, 0, 0, 0, 0, 0, 0, 0, 0, 0, 0, 4, 0, 0, 0, 0, 0, 0, 0, 0, 0, 0, 0, 0, 0, 0]",192,512,1572864.0,6291456.0,2860775621,2861109907,2860786891,2861352938,272,321216,672,741442,2,24170,245503,256,16,16,3
152,1,"[8, 256, 192, 2, 2, 0, 0, 0, 0, 0, 0, 0, 0, 0, 0, 0, 0, 0, 0, 0, 0, 0, 0, 0, 0, 0, 0, 0, 0, 0]",384,128,196608.0,3145728.0,2861328081,2861340526,2861353610,2861360074,0,246079,246079,741443,1,12445,6464,256,16,16,3
203,1,"[256, 192, 2, 2, 192, 2, 2, 3, 3, 1, 1, 1, 1, 1, 1, 4, 8, 0, 0, 0, 0, 0, 0, 0, 0, 0, 0, 0, 0, 0]",64,64,0.0,0.0,2861593502,2861627193,2861606153,2862620135,4352,-2217595,64160,741444,4,29243,3295737,256,16,16,3
205,1,"[4, 0, 0, 0, 0, 0, 0, 0, 0, 0, 0, 0, 0, 0, 0, 4, 0, 0, 0, 0, 0, 0, 0, 0, 0, 0, 0, 0, 0, 0]",192,512,1572864.0,6291456.0,2862673139,2863031722,2862684295,2863274309,272,345247,704,741445,2,23793,245471,256,16,16,3
152,1,"[8, 256, 192, 2, 2, 0, 0, 0, 0, 0, 0, 0, 0, 0, 0, 0, 0, 0, 0, 0, 0, 0, 0, 0, 0, 0, 0, 0, 0, 0]",384,128,196608.0,3145728.0,2863252928,2863265598,2863275013,2863281445,0,250784,250784,741446,1,12670,6432,256,16,16,3
203,1,"[256, 192, 2, 2, 192, 2, 2, 1, 1, 0, 0, 1, 1, 1, 1, 1, 8, 0, 0, 0, 0, 0, 0, 0, 0, 0, 0, 0, 0, 0]",192,64,0.0,0.0,2863519338,2863533066,2863532229,2863860164,4352,59264,59264,741447,1,13728,327935,256,16,16,3
205,1,"[4, 0, 0, 0, 0, 0, 0, 0, 0, 0, 0, 0, 0, 0, 0, 4, 0, 0, 0, 0, 0, 0, 0, 0, 0, 0, 0, 0, 0, 0]",192,512,1572864.0,6291456.0,2863907936,2864263344,2863919428,2864505986,272,341952,641,741448,2,24692,245247,256,16,16,3
21,1,"[8, 256, 192, 2, 2, 0, 0, 0, 0, 0, 0, 0, 0, 0, 0, 8, 256, 192, 2, 2, 0, 0, 0, 0, 0, 0, 0, 0, 0, 0]",384,128,196608.0,4718592.0,2864385716,2864397620,2864506627,2864525122,0,88064,88064,741449,1,11904,18495,256,16,16,3
152,1,"[8, 256, 192, 2, 2, 0, 0, 0, 0, 0, 0, 0, 0, 0, 0, 0, 0, 0, 0, 0, 0, 0, 0, 0, 0, 0, 0, 0, 0, 0]",384,128,196608.0,3145728.0,2864602243,2864613722,2864613186,2864619970,0,261311,261311,741450,1,11479,6784,256,16,16,3
203,1,"[256, 192, 2, 2, 192, 2, 2, 1, 1, 0, 0, 1, 1, 1, 1, 1, 8, 0, 0, 0, 0, 0, 0, 0, 0, 0, 0, 0, 0, 0]",192,64,0.0,0.0,2864868434,2864881927,2864881281,2865209568,4352,59041,59041,741451,1,13493,328287,256,16,16,3
205,1,"[4, 0, 0, 0, 0, 0, 0, 0, 0, 0, 0, 0, 0, 0, 0, 4, 0, 0, 0, 0, 0, 0, 0, 0, 0, 0, 0, 0, 0, 0]",192,512,1572864.0,6291456.0,2865257317,2865600413,2865268609,2865842975,272,329504,672,741452,2,24462,245534,256,16,16,3
152,1,"[8, 256, 192, 2, 2, 0, 0, 0, 0, 0, 0, 0, 0, 0, 0, 0, 0, 0, 0, 0, 0, 0, 0, 0, 0, 0, 0, 0, 0, 0]",384,128,196608.0,3145728.0,2865819965,2865831936,2865843647,2865850047,0,246591,246591,741453,1,11971,6400,256,16,16,3
203,1,"[256, 192, 2, 2, 192, 2, 2, 3, 3, 1, 1, 1, 1, 1, 1, 4, 8, 0, 0, 0, 0, 0, 0, 0, 0, 0, 0, 0, 0, 0]",64,64,0.0,0.0,2866083735,2866117584,2866096638,2867110652,4352,-2224506,60864,741454,4,29288,3299384,256,16,16,3
205,1,"[4, 0, 0, 0, 0, 0, 0, 0, 0, 0, 0, 0, 0, 0, 0, 4, 0, 0, 0, 0, 0, 0, 0, 0, 0, 0, 0, 0, 0, 0]",192,512,1572864.0,6291456.0,2867159384,2867728521,2867171516,2867971034,272,554462,608,741455,2,37587,245664,256,16,16,3
152,1,"[8, 256, 192, 2, 2, 0, 0, 0, 0, 0, 0, 0, 0, 0, 0, 0, 0, 0, 0, 0, 0, 0, 0, 0, 0, 0, 0, 0, 0, 0]",384,128,196608.0,3145728.0,2867950037,2867962663,2867971642,2867978106,0,230783,230783,741456,1,12626,6464,256,16,16,3
203,1,"[256, 192, 2, 2, 192, 2, 2, 1, 1, 0, 0, 1, 1, 1, 1, 1, 8, 0, 0, 0, 0, 0, 0, 0, 0, 0, 0, 0, 0, 0]",192,64,0.0,0.0,2868196219,2868209787,2868208889,2868536761,4352,60543,60543,741457,1,13568,327872,256,16,16,3
205,1,"[4, 0, 0, 0, 0, 0, 0, 0, 0, 0, 0, 0, 0, 0, 0, 4, 0, 0, 0, 0, 0, 0, 0, 0, 0, 0, 0, 0, 0, 0]",192,512,1572864.0,6291456.0,2868586071,2868923816,2868597304,2869166551,272,324703,672,741458,2,24445,245216,256,16,16,3
21,1,"[8, 256, 192, 2, 2, 0, 0, 0, 0, 0, 0, 0, 0, 0, 0, 8, 256, 192, 2, 2, 0, 0, 0, 0, 0, 0, 0, 0, 0, 0]",384,128,196608.0,4718592.0,2869039312,2869051340,2869167223,2869182199,0,70464,70464,741459,1,12028,14976,256,16,16,3
152,1,"[8, 256, 192, 2, 2, 0, 0, 0, 0, 0, 0, 0, 0, 0, 0, 0, 0, 0, 0, 0, 0, 0, 0, 0, 0, 0, 0, 0, 0, 0]",384,128,196608.0,3145728.0,2869241991,2869253008,2869252663,2869259479,0,249695,249695,741460,1,11017,6816,256,16,16,3
203,1,"[256, 192, 2, 2, 432, 1, 1, 1, 1, 0, 0, 2, 2, 1, 1, 1, 8, 0, 0, 0, 0, 0, 0, 0, 0, 0, 0, 0, 0, 0]",112,64,0.0,0.0,2869496494,2869510049,2869509174,2869709302,4352,59072,59072,741461,1,13555,200128,256,16,16,3
205,1,"[4, 0, 0, 0, 0, 0, 0, 0, 0, 0, 0, 0, 0, 0, 0, 4, 0, 0, 0, 0, 0, 0, 0, 0, 0, 0, 0, 0, 0, 0]",432,512,884736.0,3538944.0,2869757164,2870104932,2869768374,2870634516,272,334398,543,741462,2,24944,532287,256,16,16,3
203,1,"[256, 192, 2, 2, 432, 2, 2, 1, 1, 0, 0, 1, 1, 1, 1, 1, 8, 0, 0, 0, 0, 0, 0, 0, 0, 0, 0, 0, 0, 0]",192,256,0.0,0.0,2870403490,2870425791,2870635059,2872379023,20736,59777,59168,741463,2,20850,1743355,256,16,16,3
205,1,"[4, 0, 0, 0, 0, 0, 0, 0, 0, 0, 0, 0, 0, 0, 0, 4, 0, 0, 0, 0, 0, 0, 0, 0, 0, 0, 0, 0, 0, 0]",432,512,3538944.0,14155776.0,2872427363,2872787591,2872438191,2873317325,272,347935,1376,741464,2,26393,532575,256,16,16,3
152,1,"[8, 256, 432, 2, 2, 0, 0, 0, 0, 0, 0, 0, 0, 0, 0, 0, 0, 0, 0, 0, 0, 0, 0, 0, 0, 0, 0, 0, 0, 0]",864,128,442368.0,7077888.0,2873024988,2873037576,2873318701,2873336685,0,1216,1216,741465,1,12588,17984,256,16,16,3
203,1,"[256, 432, 2, 2, 432, 1, 1, 3, 3, 1, 1, 2, 2, 1, 1, 9, 8, 0, 0, 0, 0, 0, 0, 0, 0, 0, 0, 0, 0, 0]",4,256,0.0,0.0,2873267950,2873340193,2873337901,2875628231,12544,-7930059,64096,741466,9,58891,10284485,256,16,16,3
205,1,"[4, 0, 0, 0, 0, 0, 0, 0, 0, 0, 0, 0, 0, 0, 0, 4, 0, 0, 0, 0, 0, 0, 0, 0, 0, 0, 0, 0, 0, 0]",432,512,884736.0,3538944.0,2875681302,2876024504,2875692327,2876553509,272,329856,640,741467,2,23594,531966,256,16,16,3
152,1,"[8, 256, 432, 1, 1, 0, 0, 0, 0, 0, 0, 0, 0, 0, 0, 0, 0, 0, 0, 0, 0, 0, 0, 0, 0, 0, 0, 0, 0, 0]",216,128,110592.0,1769472.0,2876242800,2876255083,2876554149,2876559045,0,704,704,741468,1,12283,4896,256,16,16,3
203,1,"[256, 432, 1, 1, 432, 1, 1, 1, 1, 0, 0, 1, 1, 1, 1, 1, 8, 0, 0, 0, 0, 0, 0, 0, 0, 0, 0, 0, 0, 0]",112,64,0.0,0.0,2876467959,2876481380,2876559749,2877001284,4352,58080,58080,741469,1,13421,441535,256,16,16,3
205,1,"[4, 0, 0, 0, 0, 0, 0, 0, 0, 0, 0, 0, 0, 0, 0, 4, 0, 0, 0, 0, 0, 0, 0, 0, 0, 0, 0, 0, 0, 0]",432,512,884736.0,3538944.0,2877048181,2877436525,2877059364,2877966146,272,375134,671,741470,2,24985,532319,256,16,16,3
21,1,"[8, 256, 432, 1, 1, 0, 0, 0, 0, 0, 0, 0, 0, 0, 0, 8, 256, 432, 1, 1, 0, 0, 0, 0, 0, 0, 0, 0, 0, 0]",216,128,110592.0,2654208.0,2877564412,2877577301,2877966817,2877973634,0,544,544,741471,1,12889,6817,256,16,16,3
152,1,"[8, 256, 432, 1, 1, 0, 0, 0, 0, 0, 0, 0, 0, 0, 0, 0, 0, 0, 0, 0, 0, 0, 0, 0, 0, 0, 0, 0, 0, 0]",216,128,110592.0,1769472.0,2877788453,2877800684,2877974178,2877982081,0,69472,69472,741472,1,12231,7903,256,16,16,3
203,1,"[256, 432, 1, 1, 432, 1, 1, 1, 1, 0, 0, 1, 1, 1, 1, 1, 8, 0, 0, 0, 0, 0, 0, 0, 0, 0, 0, 0, 0, 0]",112,64,0.0,0.0,2878038380,2878052585,2878051553,2878493120,4352,60448,60448,741473,1,14205,441567,256,16,16,3
205,1,"[4, 0, 0, 0, 0, 0, 0, 0, 0, 0, 0, 0, 0, 0, 0, 4, 0, 0, 0, 0, 0, 0, 0, 0, 0, 0, 0, 0, 0, 0]",432,512,884736.0,3538944.0,2878541635,2879071838,2878553568,2879601277,272,516032,737,741474,2,27110,532414,256,16,16,3
152,1,"[8, 256, 432, 1, 1, 0, 0, 0, 0, 0, 0, 0, 0, 0, 0, 0, 0, 0, 0, 0, 0, 0, 0, 0, 0, 0, 0, 0, 0, 0]",216,128,110592.0,1769472.0,2879317421,2879330324,2879602014,2879606782,0,608,608,741475,1,12903,4768,256,16,16,3
203,1,"[256, 432, 1, 1, 432, 1, 1, 3, 3, 1, 1, 1, 1, 1, 1, 9, 8, 0, 0, 0, 0, 0, 0, 0, 0, 0, 0, 0, 0, 0]",16,64,0.0,0.0,2879588164,2879657017,2879607390,2880204412,4352,-3203320,66976,741476,9,57923,3867318,256,16,16,3
205,1,"[4, 0, 0, 0, 0, 0, 0, 0, 0, 0, 0, 0, 0, 0, 0, 4, 0, 0, 0, 0, 0, 0, 0, 0, 0, 0, 0, 0, 0, 0]",432,512,884736.0,3538944.0,2880260239,2880620548,2880271388,2881150234,272,346719,640,741477,2,24856,532767,256,16,16,3
152,1,"[8, 256, 432, 1, 1, 0, 0, 0, 0, 0, 0, 0, 0, 0, 0, 0, 0, 0, 0, 0, 0, 0, 0, 0, 0, 0, 0, 0, 0, 0]",216,128,110592.0,1769472.0,2880866491,2880880598,2881150874,2881155706,0,736,736,741478,1,14107,4832,256,16,16,3
203,1,"[256, 432, 1, 1, 432, 1, 1, 1, 1, 0, 0, 1, 1, 1, 1, 1, 8, 0, 0, 0, 0, 0, 0, 0, 0, 0, 0, 0, 0, 0]",112,64,0.0,0.0,2881105431,2881119694,2881156442,2881597305,4352,60960,60960,741479,1,14263,440863,256,16,16,3
205,1,"[4, 0, 0, 0, 0, 0, 0, 0, 0, 0, 0, 0, 0, 0, 0, 4, 0, 0, 0, 0, 0, 0, 0, 0, 0, 0, 0, 0, 0, 0]",432,512,884736.0,3538944.0,2881646630,2882004936,2881658265,2882534230,272,344704,641,741480,2,24849,531902,256,16,16,3
21,1,"[8, 256, 432, 1, 1, 0, 0, 0, 0, 0, 0, 0, 0, 0, 0, 8, 256, 432, 1, 1, 0, 0, 0, 0, 0, 0, 0, 0, 0, 0]",216,128,110592.0,2654208.0,2882127991,2882140097,2882534871,2882541558,0,576,576,741481,1,12106,6687,256,16,16,3
152,1,"[8, 256, 432, 1, 1, 0, 0, 0, 0, 0, 0, 0, 0, 0, 0, 0, 0, 0, 0, 0, 0, 0, 0, 0, 0, 0, 0, 0, 0, 0]",216,128,110592.0,1769472.0,2882353653,2882365800,2882542134,2882549782,0,59392,59392,741482,1,12147,7648,256,16,16,3
203,1,"[256, 432, 1, 1, 432, 1, 1, 1, 1, 0, 0, 1, 1, 1, 1, 1, 8, 0, 0, 0, 0, 0, 0, 0, 0, 0, 0, 0, 0, 0]",112,64,0.0,0.0,2882595876,2882610098,2882609174,2883050581,4352,61888,61888,741483,1,14222,441407,256,16,16,3
205,1,"[4, 0, 0, 0, 0, 0, 0, 0, 0, 0, 0, 0, 0, 0, 0, 4, 0, 0, 0, 0, 0, 0, 0, 0, 0, 0, 0, 0, 0, 0]",432,512,884736.0,3538944.0,2883100913,2883466481,2883112469,2883995475,272,352703,1376,741484,2,25024,531679,256,16,16,3
152,1,"[8, 256, 432, 1, 1, 0, 0, 0, 0, 0, 0, 0, 0, 0, 0, 0, 0, 0, 0, 0, 0, 0, 0, 0, 0, 0, 0, 0, 0, 0]",216,128,110592.0,1769472.0,2883689099,2883701829,2883996851,2884001779,0,1056,1056,741485,1,12730,4928,256,16,16,3
203,1,"[256, 432, 1, 1, 432, 1, 1, 3, 3, 1, 1, 1, 1, 1, 1, 9, 8, 0, 0, 0, 0, 0, 0, 0, 0, 0, 0, 0, 0, 0]",16,64,0.0,0.0,2883958527,2884027342,2884002835,2884585873,4352,-3421847,64320,741486,9,58077,4069205,256,16,16,3
205,1,"[4, 0, 0, 0, 0, 0, 0, 0, 0, 0, 0, 0, 0, 0, 0, 4, 0, 0, 0, 0, 0, 0, 0, 0, 0, 0, 0, 0, 0, 0]",432,512,884736.0,3538944.0,2884639755,2884981917,2884650193,2885508271,272,327072,608,741487,2,26239,531614,256,16,16,3
152,1,"[8, 256, 432, 1, 1, 0, 0, 0, 0, 0, 0, 0, 0, 0, 0, 0, 0, 0, 0, 0, 0, 0, 0, 0, 0, 0, 0, 0, 0, 0]",216,128,110592.0,1769472.0,2885204482,2885216710,2885508879,2885513775,0,672,672,741488,1,12228,4896,256,16,16,3
203,1,"[256, 432, 1, 1, 432, 1, 1, 1, 1, 0, 0, 1, 1, 1, 1, 1, 8, 0, 0, 0, 0, 0, 0, 0, 0, 0, 0, 0, 0, 0]",112,64,0.0,0.0,2885429657,2885443046,2885514447,2885955566,4352,57312,57312,741489,1,13389,441119,256,16,16,3
205,1,"[4, 0, 0, 0, 0, 0, 0, 0, 0, 0, 0, 0, 0, 0, 0, 4, 0, 0, 0, 0, 0, 0, 0, 0, 0, 0, 0, 0, 0, 0]",432,512,884736.0,3538944.0,2886002148,2886351971,2886012878,2886881388,272,337055,608,741490,2,23948,532063,256,16,16,3
21,1,"[8, 256, 432, 1, 1, 0, 0, 0, 0, 0, 0, 0, 0, 0, 0, 8, 256, 432, 1, 1, 0, 0, 0, 0, 0, 0, 0, 0, 0, 0]",216,128,110592.0,2654208.0,2886470097,2886481809,2886881996,2886888620,0,608,608,741491,1,11712,6624,256,16,16,3
152,1,"[8, 256, 432, 1, 1, 0, 0, 0, 0, 0, 0, 0, 0, 0, 0, 0, 0, 0, 0, 0, 0, 0, 0, 0, 0, 0, 0, 0, 0, 0]",216,128,110592.0,1769472.0,2886677817,2886688706,2886889228,2886897228,0,22336,22336,741492,1,10889,8000,256,16,16,3
203,1,"[256, 432, 1, 1, 432, 1, 1, 1, 1, 0, 0, 1, 1, 1, 1, 1, 8, 0, 0, 0, 0, 0, 0, 0, 0, 0, 0, 0, 0, 0]",112,64,0.0,0.0,2886906634,2886920352,2886919564,2887361099,4352,63103,63103,741493,1,13718,441535,256,16,16,3
205,1,"[4, 0, 0, 0, 0, 0, 0, 0, 0, 0, 0, 0, 0, 0, 0, 4, 0, 0, 0, 0, 0, 0, 0, 0, 0, 0, 0, 0, 0, 0]",432,512,884736.0,3538944.0,2887411967,2887765229,2887424202,2888295080,272,341407,2976,741494,2,25483,532447,256,16,16,3
152,1,"[8, 256, 432, 1, 1, 0, 0, 0, 0, 0, 0, 0, 0, 0, 0, 0, 0, 0, 0, 0, 0, 0, 0, 0, 0, 0, 0, 0, 0, 0]",216,128,110592.0,1769472.0,2887992394,2888005241,2888298056,2888302984,0,1217,1217,741495,1,12847,4928,256,16,16,3
203,1,"[256, 432, 1, 1, 432, 1, 1, 3, 3, 1, 1, 1, 1, 1, 1, 9, 8, 0, 0, 0, 0, 0, 0, 0, 0, 0, 0, 0, 0, 0]",16,64,0.0,0.0,2888261395,2888329780,2888304201,2888897415,4352,-3288922,63616,741496,9,57345,3945752,256,16,16,3
205,1,"[4, 0, 0, 0, 0, 0, 0, 0, 0, 0, 0, 0, 0, 0, 0, 4, 0, 0, 0, 0, 0, 0, 0, 0, 0, 0, 0, 0, 0, 0]",432,512,884736.0,3538944.0,2888950421,2889290283,2888961031,2889820101,272,327071,640,741497,2,23085,532639,256,16,16,3
152,1,"[8, 256, 432, 1, 1, 0, 0, 0, 0, 0, 0, 0, 0, 0, 0, 0, 0, 0, 0, 0, 0, 0, 0, 0, 0, 0, 0, 0, 0, 0]",216,128,110592.0,1769472.0,2889513341,2889525541,2889820741,2889825637,0,608,608,741498,1,12200,4896,256,16,16,3
203,1,"[256, 432, 1, 1, 432, 1, 1, 1, 1, 0, 0, 1, 1, 1, 1, 1, 8, 0, 0, 0, 0, 0, 0, 0, 0, 0, 0, 0, 0, 0]",112,64,0.0,0.0,2889744162,2889757347,2889826245,2890267364,4352,66528,66528,741499,1,13185,441119,256,16,16,3
205,1,"[4, 0, 0, 0, 0, 0, 0, 0, 0, 0, 0, 0, 0, 0, 0, 4, 0, 0, 0, 0, 0, 0, 0, 0, 0, 0, 0, 0, 0, 0]",432,512,884736.0,3538944.0,2890321900,2890700073,2890333892,2891228865,272,363648,640,741500,2,26086,531965,256,16,16,3
21,1,"[8, 256, 432, 1, 1, 0, 0, 0, 0, 0, 0, 0, 0, 0, 0, 8, 256, 432, 1, 1, 0, 0, 0, 0, 0, 0, 0, 0, 0, 0]",216,128,110592.0,2654208.0,2890838741,2890851778,2891229505,2891236321,0,608,608,741501,1,13037,6816,256,16,16,3
152,1,"[8, 256, 432, 1, 1, 0, 0, 0, 0, 0, 0, 0, 0, 0, 0, 0, 0, 0, 0, 0, 0, 0, 0, 0, 0, 0, 0, 0, 0, 0]",216,128,110592.0,1769472.0,2891065557,2891080524,2891236929,2891244737,0,100160,100160,741502,1,14967,7808,256,16,16,3
203,1,"[256, 432, 1, 1, 432, 1, 1, 1, 1, 0, 0, 1, 1, 1, 1, 1, 8, 0, 0, 0, 0, 0, 0, 0, 0, 0, 0, 0, 0, 0]",112,64,0.0,0.0,2891332094,2891345919,2891344897,2891786336,4352,62496,62496,741503,1,13825,441439,256,16,16,3
205,1,"[4, 0, 0, 0, 0, 0, 0, 0, 0, 0, 0, 0, 0, 0, 0, 4, 0, 0, 0, 0, 0, 0, 0, 0, 0, 0, 0, 0, 0, 0]",432,512,884736.0,3538944.0,2891837586,2892217813,2891848832,2892747453,272,366912,609,741504,2,24669,532318,256,16,16,3
152,1,"[8, 256, 432, 1, 1, 0, 0, 0, 0, 0, 0, 0, 0, 0, 0, 0, 0, 0, 0, 0, 0, 0, 0, 0, 0, 0, 0, 0, 0, 0]",216,128,110592.0,1769472.0,2892459764,2892472664,2892748062,2892752925,0,11297,11297,741505,1,12900,4863,256,16,16,3
203,1,"[256, 432, 1, 1, 432, 1, 1, 3, 3, 1, 1, 1, 1, 1, 1, 9, 8, 0, 0, 0, 0, 0, 0, 0, 0, 0, 0, 0, 0, 0]",16,64,0.0,0.0,2892750499,2892820585,2892764222,2893365916,4352,-3185752,59488,741506,9,58528,3846934,256,16,16,3
205,1,"[4, 0, 0, 0, 0, 0, 0, 0, 0, 0, 0, 0, 0, 0, 0, 4, 0, 0, 0, 0, 0, 0, 0, 0, 0, 0, 0, 0, 0, 0]",432,512,884736.0,3538944.0,2893414923,2893780047,2893425404,2894309818,272,352223,576,741507,2,24071,532767,256,16,16,3
152,1,"[8, 256, 432, 1, 1, 0, 0, 0, 0, 0, 0, 0, 0, 0, 0, 0, 0, 0, 0, 0, 0, 0, 0, 0, 0, 0, 0, 0, 0, 0]",216,128,110592.0,1769472.0,2894015406,2894028354,2894310394,2894315322,0,640,640,741508,1,12948,4928,256,16,16,3
203,1,"[256, 432, 1, 1, 432, 1, 1, 1, 1, 0, 0, 1, 1, 1, 1, 1, 8, 0, 0, 0, 0, 0, 0, 0, 0, 0, 0, 0, 0, 0]",112,64,0.0,0.0,2894285753,2894300369,2894315962,2894757145,4352,59167,59167,741509,1,14616,441183,256,16,16,3
205,1,"[4, 0, 0, 0, 0, 0, 0, 0, 0, 0, 0, 0, 0, 0, 0, 4, 0, 0, 0, 0, 0, 0, 0, 0, 0, 0, 0, 0, 0, 0]",432,512,884736.0,3538944.0,2894804372,2895173928,2894816312,2895703382,272,355551,736,741510,2,25412,532255,256,16,16,3
21,1,"[8, 256, 432, 1, 1, 0, 0, 0, 0, 0, 0, 0, 0, 0, 0, 8, 256, 432, 1, 1, 0, 0, 0, 0, 0, 0, 0, 0, 0, 0]",216,128,110592.0,2654208.0,2895300972,2895313218,2895704118,2895710998,0,672,672,741511,1,12246,6880,256,16,16,3
152,1,"[8, 256, 432, 1, 1, 0, 0, 0, 0, 0, 0, 0, 0, 0, 0, 0, 0, 0, 0, 0, 0, 0, 0, 0, 0, 0, 0, 0, 0, 0]",216,128,110592.0,1769472.0,2895671790,2895685370,2895711670,2895719190,0,216672,216672,741512,1,13580,7520,256,16,16,3
203,1,"[256, 432, 1, 1, 432, 1, 1, 1, 1, 0, 0, 1, 1, 1, 1, 1, 8, 0, 0, 0, 0, 0, 0, 0, 0, 0, 0, 0, 0, 0]",112,64,0.0,0.0,2895922956,2895936596,2895935862,2896377173,4352,58976,58976,741513,1,13640,441311,256,16,16,3
205,1,"[4, 0, 0, 0, 0, 0, 0, 0, 0, 0, 0, 0, 0, 0, 0, 4, 0, 0, 0, 0, 0, 0, 0, 0, 0, 0, 0, 0, 0, 0]",432,512,884736.0,3538944.0,2896424973,2896761949,2896436149,2897291379,272,325695,2368,741514,2,23875,531903,256,16,16,3
152,1,"[8, 256, 432, 1, 1, 0, 0, 0, 0, 0, 0, 0, 0, 0, 0, 0, 0, 0, 0, 0, 0, 0, 0, 0, 0, 0, 0, 0, 0, 0]",216,128,110592.0,1769472.0,2896981664,2896993651,2897293747,2897298643,0,1183,1183,741515,1,11987,4896,256,16,16,3
203,1,"[256, 432, 1, 1, 432, 1, 1, 3, 3, 1, 1, 1, 1, 1, 1, 9, 8, 0, 0, 0, 0, 0, 0, 0, 0, 0, 0, 0, 0, 0]",16,64,0.0,0.0,2897251583,2897316592,2897299826,2897892593,4352,-3311675,64128,741516,9,54158,3968570,256,16,16,3
205,1,"[4, 0, 0, 0, 0, 0, 0, 0, 0, 0, 0, 0, 0, 0, 0, 4, 0, 0, 0, 0, 0, 0, 0, 0, 0, 0, 0, 0, 0, 0]",432,512,884736.0,3538944.0,2897945826,2898330360,2897956721,2898859471,272,370943,608,741517,2,25498,532415,256,16,16,3
152,1,"[8, 256, 432, 1, 1, 0, 0, 0, 0, 0, 0, 0, 0, 0, 0, 0, 0, 0, 0, 0, 0, 0, 0, 0, 0, 0, 0, 0, 0, 0]",216,128,110592.0,1769472.0,2898572755,2898597307,2898860079,2898865039,0,608,608,741518,1,24552,4960,256,16,16,3
203,1,"[256, 432, 1, 1, 432, 1, 1, 1, 1, 0, 0, 1, 1, 1, 1, 1, 8, 0, 0, 0, 0, 0, 0, 0, 0, 0, 0, 0, 0, 0]",112,64,0.0,0.0,2898819686,2898834197,2898865647,2899306606,4352,61887,61887,741519,1,14511,440959,256,16,16,3
205,1,"[4, 0, 0, 0, 0, 0, 0, 0, 0, 0, 0, 0, 0, 0, 0, 4, 0, 0, 0, 0, 0, 0, 0, 0, 0, 0, 0, 0, 0, 0]",432,512,884736.0,3538944.0,2899356773,2899714934,2899368493,2900244555,272,344256,608,741520,2,25610,532414,256,16,16,3
21,1,"[8, 256, 432, 1, 1, 0, 0, 0, 0, 0, 0, 0, 0, 0, 0, 8, 256, 432, 1, 1, 0, 0, 0, 0, 0, 0, 0, 0, 0, 0]",216,128,110592.0,2654208.0,2899838514,2899850863,2900245163,2900252139,0,640,640,741521,1,12349,6976,256,16,16,3
152,1,"[8, 256, 432, 1, 1, 0, 0, 0, 0, 0, 0, 0, 0, 0, 0, 0, 0, 0, 0, 0, 0, 0, 0, 0, 0, 0, 0, 0, 0, 0]",216,128,110592.0,1769472.0,2900059554,2900071348,2900252779,2900260491,0,57568,57568,741522,1,11794,7712,256,16,16,3
203,1,"[256, 432, 1, 1, 432, 1, 1, 1, 1, 0, 0, 1, 1, 1, 1, 1, 8, 0, 0, 0, 0, 0, 0, 0, 0, 0, 0, 0, 0, 0]",112,64,0.0,0.0,2900304815,2900318988,2900318059,2900759530,4352,60992,60992,741523,1,14173,441471,256,16,16,3
205,1,"[4, 0, 0, 0, 0, 0, 0, 0, 0, 0, 0, 0, 0, 0, 0, 4, 0, 0, 0, 0, 0, 0, 0, 0, 0, 0, 0, 0, 0, 0]",432,512,884736.0,3538944.0,2900808838,2901174564,2900820522,2901704232,272,351839,704,741524,2,25255,532575,256,16,16,3
152,1,"[8, 256, 432, 1, 1, 0, 0, 0, 0, 0, 0, 0, 0, 0, 0, 0, 0, 0, 0, 0, 0, 0, 0, 0, 0, 0, 0, 0, 0, 0]",216,128,110592.0,1769472.0,2901411293,2901424114,2901704936,2901709864,0,8064,8064,741525,1,12821,4928,256,16,16,3
203,1,"[256, 432, 1, 1, 432, 1, 1, 3, 3, 1, 1, 1, 1, 1, 1, 9, 8, 0, 0, 0, 0, 0, 0, 0, 0, 0, 0, 0, 0, 0]",16,64,0.0,0.0,2901705419,2901769502,2901717928,2902313414,4352,-3194101,71776,741526,9,53555,3861363,256,16,16,3
205,1,"[4, 0, 0, 0, 0, 0, 0, 0, 0, 0, 0, 0, 0, 0, 0, 4, 0, 0, 0, 0, 0, 0, 0, 0, 0, 0, 0, 0, 0, 0]",432,512,884736.0,3538944.0,2902374273,2902739655,2902385190,2903267908,272,352383,672,741527,2,26413,531007,256,16,16,3
152,1,"[8, 256, 432, 1, 1, 0, 0, 0, 0, 0, 0, 0, 0, 0, 0, 0, 0, 0, 0, 0, 0, 0, 0, 0, 0, 0, 0, 0, 0, 0]",216,128,110592.0,1769472.0,2902962554,2902975152,2903268580,2903273476,0,608,608,741528,1,12598,4896,256,16,16,3
203,1,"[256, 432, 1, 1, 432, 1, 1, 1, 1, 0, 0, 1, 1, 1, 1, 1, 8, 0, 0, 0, 0, 0, 0, 0, 0, 0, 0, 0, 0, 0]",112,64,0.0,0.0,2903188016,2903201177,2903274084,2903714979,4352,59584,59584,741529,1,13161,440895,256,16,16,3
205,1,"[4, 0, 0, 0, 0, 0, 0, 0, 0, 0, 0, 0, 0, 0, 0, 4, 0, 0, 0, 0, 0, 0, 0, 0, 0, 0, 0, 0, 0, 0]",432,512,884736.0,3538944.0,2903763398,2904248193,2903774563,2904777696,272,471519,640,741530,2,25131,532254,256,16,16,3
21,1,"[8, 256, 432, 1, 1, 0, 0, 0, 0, 0, 0, 0, 0, 0, 0, 8, 256, 432, 1, 1, 0, 0, 0, 0, 0, 0, 0, 0, 0, 0]",216,128,110592.0,2654208.0,2904369992,2904381777,2904778336,2904785120,0,576,576,741531,1,11785,6784,256,16,16,3
152,1,"[8, 256, 432, 1, 1, 0, 0, 0, 0, 0, 0, 0, 0, 0, 0, 0, 0, 0, 0, 0, 0, 0, 0, 0, 0, 0, 0, 0, 0, 0]",216,128,110592.0,1769472.0,2904575205,2904586407,2904785696,2904793536,0,24960,24960,741532,1,11202,7840,256,16,16,3
203,1,"[256, 432, 1, 1, 432, 1, 1, 1, 1, 0, 0, 1, 1, 1, 1, 1, 8, 0, 0, 0, 0, 0, 0, 0, 0, 0, 0, 0, 0, 0]",112,64,0.0,0.0,2904805729,2904819328,2904818496,2905259807,4352,59008,59008,741533,1,13599,441311,256,16,16,3
205,1,"[4, 0, 0, 0, 0, 0, 0, 0, 0, 0, 0, 0, 0, 0, 0, 4, 0, 0, 0, 0, 0, 0, 0, 0, 0, 0, 0, 0, 0, 0]",432,512,884736.0,3538944.0,2905308020,2905671202,2905318815,2906201021,272,350431,672,741534,2,26543,532447,256,16,16,3
152,1,"[8, 256, 432, 1, 1, 0, 0, 0, 0, 0, 0, 0, 0, 0, 0, 0, 0, 0, 0, 0, 0, 0, 0, 0, 0, 0, 0, 0, 0, 0]",216,128,110592.0,1769472.0,2905901643,2905914256,2906201693,2906206589,0,1184,1184,741535,1,12613,4896,256,16,16,3
203,1,"[256, 432, 1, 1, 432, 1, 1, 3, 3, 1, 1, 1, 1, 1, 1, 9, 8, 0, 0, 0, 0, 0, 0, 0, 0, 0, 0, 0, 0, 0]",16,64,0.0,0.0,2906177760,2906263621,2906207773,2906810363,4352,-3174777,66080,741536,9,72385,3843447,256,16,16,3
205,1,"[4, 0, 0, 0, 0, 0, 0, 0, 0, 0, 0, 0, 0, 0, 0, 4, 0, 0, 0, 0, 0, 0, 0, 0, 0, 0, 0, 0, 0, 0]",432,512,884736.0,3538944.0,2906865227,2907243789,2906876443,2907772793,272,365087,672,741537,2,25320,531935,256,16,16,3
152,1,"[8, 256, 432, 1, 1, 0, 0, 0, 0, 0, 0, 0, 0, 0, 0, 0, 0, 0, 0, 0, 0, 0, 0, 0, 0, 0, 0, 0, 0, 0]",216,128,110592.0,1769472.0,2907488777,2907502210,2907773465,2907778361,0,608,608,741538,1,13433,4896,256,16,16,3
203,1,"[256, 432, 1, 1, 432, 1, 1, 1, 1, 0, 0, 1, 1, 1, 1, 1, 8, 0, 0, 0, 0, 0, 0, 0, 0, 0, 0, 0, 0, 0]",112,64,0.0,0.0,2907732465,2907746780,2907778969,2908219800,4352,63872,63872,741539,1,14315,440831,256,16,16,3
205,1,"[4, 0, 0, 0, 0, 0, 0, 0, 0, 0, 0, 0, 0, 0, 0, 4, 0, 0, 0, 0, 0, 0, 0, 0, 0, 0, 0, 0, 0, 0]",432,512,884736.0,3538944.0,2908272011,2908626797,2908283672,2909156661,272,341312,609,741540,2,24219,532286,256,16,16,3
21,1,"[8, 256, 432, 1, 1, 0, 0, 0, 0, 0, 0, 0, 0, 0, 0, 8, 256, 432, 1, 1, 0, 0, 0, 0, 0, 0, 0, 0, 0, 0]",216,128,110592.0,2654208.0,2908746848,2908758278,2909157270,2909163862,0,704,704,741541,1,11430,6592,256,16,16,3
152,1,"[8, 256, 432, 1, 1, 0, 0, 0, 0, 0, 0, 0, 0, 0, 0, 0, 0, 0, 0, 0, 0, 0, 0, 0, 0, 0, 0, 0, 0, 0]",216,128,110592.0,1769472.0,2908949559,2908960591,2909164566,2909172629,0,20928,20928,741542,1,11032,8063,256,16,16,3
203,1,"[256, 432, 1, 1, 432, 1, 1, 1, 1, 0, 0, 1, 1, 1, 1, 1, 8, 0, 0, 0, 0, 0, 0, 0, 0, 0, 0, 0, 0, 0]",112,64,0.0,0.0,2909180738,2909194369,2909193557,2909634420,4352,65312,65312,741543,1,13631,440863,256,16,16,3
205,1,"[4, 0, 0, 0, 0, 0, 0, 0, 0, 0, 0, 0, 0, 0, 0, 4, 0, 0, 0, 0, 0, 0, 0, 0, 0, 0, 0, 0, 0, 0]",432,512,884736.0,3538944.0,2909687713,2910056185,2909699732,2910585682,272,354144,640,741544,2,25661,532446,256,16,16,3
152,1,"[8, 256, 432, 1, 1, 0, 0, 0, 0, 0, 0, 0, 0, 0, 0, 0, 0, 0, 0, 0, 0, 0, 0, 0, 0, 0, 0, 0, 0, 0]",216,128,110592.0,1769472.0,2910302964,2910316482,2910586322,2910591154,0,10336,10336,741545,1,13518,4832,256,16,16,3
203,1,"[256, 432, 1, 1, 432, 1, 1, 3, 3, 1, 1, 1, 1, 1, 1, 9, 8, 0, 0, 0, 0, 0, 0, 0, 0, 0, 0, 0, 0, 0]",16,64,0.0,0.0,2910588353,2910657062,2910601490,2911323568,4352,-3203289,59936,741546,9,57463,3985303,256,16,16,3
205,1,"[4, 0, 0, 0, 0, 0, 0, 0, 0, 0, 0, 0, 0, 0, 0, 4, 0, 0, 0, 0, 0, 0, 0, 0, 0, 0, 0, 0, 0, 0]",432,512,884736.0,3538944.0,2911373525,2911714408,2911383504,2912243054,272,328511,672,741547,2,23163,531711,256,16,16,3
152,1,"[8, 256, 432, 1, 1, 0, 0, 0, 0, 0, 0, 0, 0, 0, 0, 0, 0, 0, 0, 0, 0, 0, 0, 0, 0, 0, 0, 0, 0, 0]",216,128,110592.0,1769472.0,2911938099,2911950447,2912243726,2912248686,0,608,608,741548,1,12348,4960,256,16,16,3
203,1,"[256, 432, 1, 1, 432, 1, 1, 1, 1, 0, 0, 1, 1, 1, 1, 1, 8, 0, 0, 0, 0, 0, 0, 0, 0, 0, 0, 0, 0, 0]",112,64,0.0,0.0,2912165067,2912178478,2912249294,2912690061,4352,195967,195967,741549,1,13411,440767,256,16,16,3
205,1,"[4, 0, 0, 0, 0, 0, 0, 0, 0, 0, 0, 0, 0, 0, 0, 4, 0, 0, 0, 0, 0, 0, 0, 0, 0, 0, 0, 0, 0, 0]",432,512,884736.0,3538944.0,2912873396,2913229949,2912886028,2913759403,272,341983,671,741550,2,26405,532063,256,16,16,3
21,1,"[8, 256, 432, 1, 1, 0, 0, 0, 0, 0, 0, 0, 0, 0, 0, 8, 256, 432, 1, 1, 0, 0, 0, 0, 0, 0, 0, 0, 0, 0]",216,128,110592.0,2654208.0,2913348872,2913360733,2913760074,2913766922,0,704,704,741551,1,11861,6848,256,16,16,3
152,1,"[8, 256, 432, 1, 1, 0, 0, 0, 0, 0, 0, 0, 0, 0, 0, 0, 0, 0, 0, 0, 0, 0, 0, 0, 0, 0, 0, 0, 0, 0]",216,128,110592.0,1769472.0,2913574961,2913586547,2913767626,2913774794,0,79808,79808,741552,1,11586,7168,256,16,16,3
203,1,"[256, 432, 1, 1, 432, 1, 1, 1, 1, 0, 0, 1, 1, 1, 1, 1, 8, 0, 0, 0, 0, 0, 0, 0, 0, 0, 0, 0, 0, 0]",112,64,0.0,0.0,2913841497,2913855483,2913854602,2914296201,4352,64832,64832,741553,1,13986,441599,256,16,16,3
205,1,"[4, 0, 0, 0, 0, 0, 0, 0, 0, 0, 0, 0, 0, 0, 0, 4, 0, 0, 0, 0, 0, 0, 0, 0, 0, 0, 0, 0, 0, 0]",432,512,884736.0,3538944.0,2914348803,2914735533,2914361033,2915265223,272,372447,640,741554,2,26028,532383,256,16,16,3
152,1,"[8, 256, 432, 1, 1, 0, 0, 0, 0, 0, 0, 0, 0, 0, 0, 0, 0, 0, 0, 0, 0, 0, 0, 0, 0, 0, 0, 0, 0, 0]",216,128,110592.0,1769472.0,2914980258,2914992874,2915265863,2915270727,0,960,960,741555,1,12616,4864,256,16,16,3
203,1,"[256, 432, 1, 1, 432, 1, 1, 3, 3, 1, 1, 1, 1, 1, 1, 9, 8, 0, 0, 0, 0, 0, 0, 0, 0, 0, 0, 0, 0, 0]",16,64,0.0,0.0,2915247392,2915315067,2915271687,2915865477,4352,-3213846,65536,741556,9,56986,3873172,256,16,16,3
205,1,"[4, 0, 0, 0, 0, 0, 0, 0, 0, 0, 0, 0, 0, 0, 0, 4, 0, 0, 0, 0, 0, 0, 0, 0, 0, 0, 0, 0, 0, 0]",432,512,884736.0,3538944.0,2915920735,2916266222,2915931013,2916792899,272,330335,704,741557,2,25820,532255,256,16,16,3
152,1,"[8, 256, 432, 1, 1, 0, 0, 0, 0, 0, 0, 0, 0, 0, 0, 0, 0, 0, 0, 0, 0, 0, 0, 0, 0, 0, 0, 0, 0, 0]",216,128,110592.0,1769472.0,2916489796,2916501734,2916793603,2916798467,0,704,704,741558,1,11938,4864,256,16,16,3
203,1,"[256, 432, 1, 1, 432, 1, 1, 1, 1, 0, 0, 1, 1, 1, 1, 1, 8, 0, 0, 0, 0, 0, 0, 0, 0, 0, 0, 0, 0, 0]",112,64,0.0,0.0,2916712884,2916726248,2916799171,2917239810,4352,56640,56640,741559,1,13364,440639,256,16,16,3
205,1,"[4, 0, 0, 0, 0, 0, 0, 0, 0, 0, 0, 0, 0, 0, 0, 4, 0, 0, 0, 0, 0, 0, 0, 0, 0, 0, 0, 0, 0, 0]",432,512,884736.0,3538944.0,2917285295,2917649526,2917296450,2918178752,272,351167,704,741560,2,23881,531839,256,16,16,3
21,1,"[8, 256, 432, 1, 1, 0, 0, 0, 0, 0, 0, 0, 0, 0, 0, 8, 256, 432, 1, 1, 0, 0, 0, 0, 0, 0, 0, 0, 0, 0]",216,128,110592.0,2654208.0,2917781501,2917792986,2918179456,2918186112,0,704,704,741561,1,11485,6656,256,16,16,3
152,1,"[8, 256, 432, 1, 1, 0, 0, 0, 0, 0, 0, 0, 0, 0, 0, 0, 0, 0, 0, 0, 0, 0, 0, 0, 0, 0, 0, 0, 0, 0]",216,128,110592.0,1769472.0,2917987819,2917999275,2918186816,2918194400,0,44063,44063,741562,1,11456,7584,256,16,16,3
203,1,"[256, 432, 1, 1, 432, 1, 1, 1, 1, 0, 0, 1, 1, 1, 1, 1, 8, 0, 0, 0, 0, 0, 0, 0, 0, 0, 0, 0, 0, 0]",112,64,0.0,0.0,2918225357,2918239366,2918238463,2918679838,4352,60000,60000,741563,1,14009,441375,256,16,16,3
205,1,"[4, 0, 0, 0, 0, 0, 0, 0, 0, 0, 0, 0, 0, 0, 0, 4, 0, 0, 0, 0, 0, 0, 0, 0, 0, 0, 0, 0, 0, 0]",432,512,884736.0,3538944.0,2918728843,2919072049,2918739838,2919601820,272,331167,1568,741564,2,23817,532383,256,16,16,3
152,1,"[8, 256, 432, 1, 1, 0, 0, 0, 0, 0, 0, 0, 0, 0, 0, 0, 0, 0, 0, 0, 0, 0, 0, 0, 0, 0, 0, 0, 0, 0]",216,128,110592.0,1769472.0,2919298403,2919310830,2919603388,2919608284,0,928,928,741565,1,12427,4896,256,16,16,3
203,1,"[256, 432, 1, 1, 432, 1, 1, 3, 3, 1, 1, 1, 1, 1, 1, 9, 8, 0, 0, 0, 0, 0, 0, 0, 0, 0, 0, 0, 0, 0]",16,64,0.0,0.0,2919565061,2919634141,2919609212,2920203771,4352,-3297593,61311,741566,9,57879,3953463,256,16,16,3
205,1,"[4, 0, 0, 0, 0, 0, 0, 0, 0, 0, 0, 0, 0, 0, 0, 4, 0, 0, 0, 0, 0, 0, 0, 0, 0, 0, 0, 0, 0, 0]",432,512,884736.0,3538944.0,2920254779,2920601193,2920265082,2921130777,272,334110,607,741567,2,23200,532192,256,16,16,3
152,1,"[8, 256, 432, 1, 1, 0, 0, 0, 0, 0, 0, 0, 0, 0, 0, 0, 0, 0, 0, 0, 0, 0, 0, 0, 0, 0, 0, 0, 0, 0]",216,128,110592.0,1769472.0,2920962367,2920976344,2921131384,2921136249,0,77439,77439,741568,1,13977,4865,256,16,16,3
203,1,"[256, 432, 1, 1, 432, 1, 1, 1, 1, 0, 0, 1, 1, 1, 1, 1, 8, 0, 0, 0, 0, 0, 0, 0, 0, 0, 0, 0, 0, 0]",112,64,0.0,0.0,2921200931,2921214591,2921213688,2921654679,4352,59680,59680,741569,1,13660,440991,256,16,16,3
205,1,"[4, 0, 0, 0, 0, 0, 0, 0, 0, 0, 0, 0, 0, 0, 0, 4, 0, 0, 0, 0, 0, 0, 0, 0, 0, 0, 0, 0, 0, 0]",432,512,884736.0,3538944.0,2921703308,2922044432,2921714359,2922573269,272,327807,608,741570,2,24081,531711,256,16,16,3
21,1,"[8, 256, 432, 1, 1, 0, 0, 0, 0, 0, 0, 0, 0, 0, 0, 8, 256, 432, 1, 1, 0, 0, 0, 0, 0, 0, 0, 0, 0, 0]",216,128,110592.0,2654208.0,2922170193,2922182281,2922573877,2922580597,0,640,640,741571,1,12088,6720,256,16,16,3
152,1,"[8, 256, 432, 1, 1, 0, 0, 0, 0, 0, 0, 0, 0, 0, 0, 0, 0, 0, 0, 0, 0, 0, 0, 0, 0, 0, 0, 0, 0, 0]",216,128,110592.0,1769472.0,2922376732,2922390395,2922581237,2922588981,0,60864,60864,741572,1,13663,7744,256,16,16,3
203,1,"[256, 432, 1, 1, 432, 1, 1, 1, 1, 0, 0, 1, 1, 1, 1, 1, 8, 0, 0, 0, 0, 0, 0, 0, 0, 0, 0, 0, 0, 0]",112,64,0.0,0.0,2922636701,2922650677,2922649845,2923090643,4352,61088,61088,741573,1,13976,440798,256,16,16,3
205,1,"[4, 0, 0, 0, 0, 0, 0, 0, 0, 0, 0, 0, 0, 0, 0, 4, 0, 0, 0, 0, 0, 0, 0, 0, 0, 0, 0, 0, 0, 0]",432,512,884736.0,3538944.0,2923140346,2923504001,2923151731,2924032881,272,350272,704,741574,2,25118,531582,256,16,16,3
152,1,"[8, 256, 432, 1, 1, 0, 0, 0, 0, 0, 0, 0, 0, 0, 0, 0, 0, 0, 0, 0, 0, 0, 0, 0, 0, 0, 0, 0, 0, 0]",216,128,110592.0,1769472.0,2923747626,2923759970,2924033585,2924038481,0,1376,1376,741575,1,12344,4896,256,16,16,3
203,1,"[256, 432, 1, 1, 432, 1, 1, 3, 3, 1, 1, 1, 1, 1, 1, 9, 8, 0, 0, 0, 0, 0, 0, 0, 0, 0, 0, 0, 0, 0]",16,64,0.0,0.0,2924016361,2924080473,2924039857,2924762672,4352,-3232794,61695,741576,9,52849,4017304,256,16,16,3
205,1,"[4, 0, 0, 0, 0, 0, 0, 0, 0, 0, 0, 0, 0, 0, 0, 4, 0, 0, 0, 0, 0, 0, 0, 0, 0, 0, 0, 0, 0, 0]",432,512,884736.0,3538944.0,2924813534,2925173170,2924824367,2925702701,272,346400,640,741577,2,24114,532574,256,16,16,3
152,1,"[8, 256, 432, 1, 1, 0, 0, 0, 0, 0, 0, 0, 0, 0, 0, 0, 0, 0, 0, 0, 0, 0, 0, 0, 0, 0, 0, 0, 0, 0]",216,128,110592.0,1769472.0,2925427813,2925440805,2925703341,2925708301,0,608,608,741578,1,12992,4960,256,16,16,3
203,1,"[256, 432, 1, 1, 432, 1, 1, 1, 1, 0, 0, 1, 1, 1, 1, 1, 8, 0, 0, 0, 0, 0, 0, 0, 0, 0, 0, 0, 0, 0]",112,64,0.0,0.0,2925673105,2925688082,2925708909,2926149932,4352,67136,67136,741579,1,14977,441023,256,16,16,3
205,1,"[4, 0, 0, 0, 0, 0, 0, 0, 0, 0, 0, 0, 0, 0, 0, 4, 0, 0, 0, 0, 0, 0, 0, 0, 0, 0, 0, 0, 0, 0]",432,512,884736.0,3538944.0,2926205017,2926574680,2926217068,2927100490,272,355487,608,741580,2,25981,528543,256,16,16,3
21,1,"[8, 256, 432, 1, 1, 0, 0, 0, 0, 0, 0, 0, 0, 0, 0, 8, 256, 432, 1, 1, 0, 0, 0, 0, 0, 0, 0, 0, 0, 0]",216,128,110592.0,2654208.0,2926712900,2926725334,2927101098,2927107946,0,736,736,741581,1,12434,6848,256,16,16,3
152,1,"[8, 256, 432, 1, 1, 0, 0, 0, 0, 0, 0, 0, 0, 0, 0, 0, 0, 0, 0, 0, 0, 0, 0, 0, 0, 0, 0, 0, 0, 0]",216,128,110592.0,1769472.0,2926929761,2926941489,2927108682,2927116170,0,71872,71872,741582,1,11728,7488,256,16,16,3
203,1,"[256, 432, 1, 1, 432, 1, 1, 1, 1, 0, 0, 1, 1, 1, 1, 1, 8, 0, 0, 0, 0, 0, 0, 0, 0, 0, 0, 0, 0, 0]",112,64,0.0,0.0,2927174925,2927189012,2927188042,2927625001,4352,55487,55487,741583,1,14087,436959,256,16,16,3
205,1,"[4, 0, 0, 0, 0, 0, 0, 0, 0, 0, 0, 0, 0, 0, 0, 4, 0, 0, 0, 0, 0, 0, 0, 0, 0, 0, 0, 0, 0, 0]",432,512,884736.0,3538944.0,2927669347,2928009978,2927680488,2928534054,272,327232,576,741584,2,24390,526910,256,16,16,3
152,1,"[8, 256, 432, 1, 1, 0, 0, 0, 0, 0, 0, 0, 0, 0, 0, 0, 0, 0, 0, 0, 0, 0, 0, 0, 0, 0, 0, 0, 0, 0]",216,128,110592.0,1769472.0,2928232704,2928245118,2928534630,2928539526,0,608,608,741585,1,12414,4896,256,16,16,3
203,1,"[256, 432, 1, 1, 432, 1, 1, 3, 3, 1, 1, 1, 1, 1, 1, 9, 8, 0, 0, 0, 0, 0, 0, 0, 0, 0, 0, 0, 0, 0]",16,64,0.0,0.0,2928520083,2928587986,2928540134,2929125893,4352,-3162649,66144,741586,9,56650,3814552,256,16,16,3
205,1,"[4, 0, 0, 0, 0, 0, 0, 0, 0, 0, 0, 0, 0, 0, 0, 4, 0, 0, 0, 0, 0, 0, 0, 0, 0, 0, 0, 0, 0, 0]",432,512,884736.0,3538944.0,2929181043,2929720342,2929192037,2930244386,272,525630,576,741587,2,26013,527295,256,16,16,3
152,1,"[8, 256, 432, 1, 1, 0, 0, 0, 0, 0, 0, 0, 0, 0, 0, 0, 0, 0, 0, 0, 0, 0, 0, 0, 0, 0, 0, 0, 0, 0]",216,128,110592.0,1769472.0,2929960839,2929974431,2930244962,2930249890,0,608,608,741588,1,13592,4928,256,16,16,3
203,1,"[256, 432, 1, 1, 432, 1, 1, 1, 1, 0, 0, 1, 1, 1, 1, 1, 8, 0, 0, 0, 0, 0, 0, 0, 0, 0, 0, 0, 0, 0]",112,64,0.0,0.0,2930210932,2930225499,2930250498,2930687137,4352,62432,62432,741589,1,14567,436639,256,16,16,3
205,1,"[4, 0, 0, 0, 0, 0, 0, 0, 0, 0, 0, 0, 0, 0, 0, 4, 0, 0, 0, 0, 0, 0, 0, 0, 0, 0, 0, 0, 0, 0]",432,512,884736.0,3538944.0,2930737829,2931095896,2930749569,2931620319,272,344383,704,741590,2,25088,527071,256,16,16,3
21,1,"[8, 256, 432, 1, 1, 0, 0, 0, 0, 0, 0, 0, 0, 0, 0, 8, 256, 432, 1, 1, 0, 0, 0, 0, 0, 0, 0, 0, 0, 0]",216,128,110592.0,2654208.0,2931213552,2931225241,2931621023,2931627519,0,672,672,741591,1,11689,6496,256,16,16,3
152,1,"[8, 256, 432, 1, 1, 0, 0, 0, 0, 0, 0, 0, 0, 0, 0, 0, 0, 0, 0, 0, 0, 0, 0, 0, 0, 0, 0, 0, 0, 0]",216,128,110592.0,1769472.0,2931418057,2931429104,2931628191,2931635999,0,24000,24000,741592,1,11047,7808,256,16,16,3
203,1,"[256, 432, 1, 1, 432, 1, 1, 1, 1, 0, 0, 1, 1, 1, 1, 1, 8, 0, 0, 0, 0, 0, 0, 0, 0, 0, 0, 0, 0, 0]",112,64,0.0,0.0,2931647475,2931660940,2931659999,2932097566,4352,59072,59072,741593,1,13465,437567,256,16,16,3
205,1,"[4, 0, 0, 0, 0, 0, 0, 0, 0, 0, 0, 0, 0, 0, 0, 4, 0, 0, 0, 0, 0, 0, 0, 0, 0, 0, 0, 0, 0, 0]",432,512,884736.0,3538944.0,2932144842,2932483775,2932156638,2933008155,272,325248,704,741594,2,25094,526973,256,16,16,3
152,1,"[8, 256, 432, 1, 1, 0, 0, 0, 0, 0, 0, 0, 0, 0, 0, 0, 0, 0, 0, 0, 0, 0, 0, 0, 0, 0, 0, 0, 0, 0]",216,128,110592.0,1769472.0,2932748635,2932761864,2933008859,2933013692,0,40799,40799,741595,1,13229,4833,256,16,16,3
203,1,"[256, 432, 1, 1, 432, 1, 1, 3, 3, 1, 1, 1, 1, 1, 1, 9, 8, 0, 0, 0, 0, 0, 0, 0, 0, 0, 0, 0, 0, 0]",16,64,0.0,0.0,2933041171,2933108695,2933054491,2933770137,4352,-3171289,67425,741596,9,56113,3954360,256,16,16,3
205,1,"[4, 0, 0, 0, 0, 0, 0, 0, 0, 0, 0, 0, 0, 0, 0, 4, 0, 0, 0, 0, 0, 0, 0, 0, 0, 0, 0, 0, 0, 0]",432,512,884736.0,3538944.0,2933826560,2934208118,2933837562,2934731639,272,368256,608,741597,2,24101,526429,256,16,16,3
152,1,"[8, 256, 432, 1, 1, 0, 0, 0, 0, 0, 0, 0, 0, 0, 0, 0, 0, 0, 0, 0, 0, 0, 0, 0, 0, 0, 0, 0, 0, 0]",216,128,110592.0,1769472.0,2934431844,2934444135,2934732247,2934737015,0,736,736,741598,1,12291,4768,256,16,16,3
203,1,"[256, 432, 1, 1, 432, 1, 1, 1, 1, 0, 0, 1, 1, 1, 1, 1, 8, 0, 0, 0, 0, 0, 0, 0, 0, 0, 0, 0, 0, 0]",112,64,0.0,0.0,2934656565,2934669707,2934737751,2935174326,4352,60000,60000,741599,1,13142,436575,256,16,16,3
205,1,"[4, 0, 0, 0, 0, 0, 0, 0, 0, 0, 0, 0, 0, 0, 0, 4, 0, 0, 0, 0, 0, 0, 0, 0, 0, 0, 0, 0, 0, 0]",432,512,884736.0,3538944.0,2935223202,2935565563,2935234326,2936088948,272,329311,672,741600,2,24054,525983,256,16,16,3
21,1,"[8, 256, 432, 1, 1, 0, 0, 0, 0, 0, 0, 0, 0, 0, 0, 8, 256, 432, 1, 1, 0, 0, 0, 0, 0, 0, 0, 0, 0, 0]",216,128,110592.0,2654208.0,2935683609,2935694996,2936089620,2936096468,0,704,704,741601,1,11387,6848,256,16,16,3
152,1,"[8, 256, 432, 1, 1, 0, 0, 0, 0, 0, 0, 0, 0, 0, 0, 0, 0, 0, 0, 0, 0, 0, 0, 0, 0, 0, 0, 0, 0, 0]",216,128,110592.0,1769472.0,2935887675,2935898747,2936097172,2936105140,0,23328,23328,741602,1,11072,7968,256,16,16,3
203,1,"[256, 432, 1, 1, 432, 1, 1, 1, 1, 0, 0, 1, 1, 1, 1, 1, 8, 0, 0, 0, 0, 0, 0, 0, 0, 0, 0, 0, 0, 0]",112,64,0.0,0.0,2936115707,2936129310,2936128468,2936565587,4352,61663,61663,741603,1,13603,437119,256,16,16,3
205,1,"[4, 0, 0, 0, 0, 0, 0, 0, 0, 0, 0, 0, 0, 0, 0, 4, 0, 0, 0, 0, 0, 0, 0, 0, 0, 0, 0, 0, 0, 0]",432,512,884736.0,3538944.0,2936616246,2936961803,2936627250,2937485489,272,332607,576,741604,2,26447,526208,256,16,16,3
152,1,"[8, 256, 432, 1, 1, 0, 0, 0, 0, 0, 0, 0, 0, 0, 0, 0, 0, 0, 0, 0, 0, 0, 0, 0, 0, 0, 0, 0, 0, 0]",216,128,110592.0,1769472.0,2937183791,2937196570,2937486065,2937490993,0,1120,1120,741605,1,12779,4928,256,16,16,3
203,1,"[256, 432, 1, 1, 432, 1, 1, 3, 3, 1, 1, 1, 1, 1, 1, 9, 8, 0, 0, 0, 0, 0, 0, 0, 0, 0, 0, 0, 0, 0]",16,64,0.0,0.0,2937453816,2937521340,2937492113,2938077807,4352,-3249750,59552,741606,9,56807,3894996,256,16,16,3
205,1,"[4, 0, 0, 0, 0, 0, 0, 0, 0, 0, 0, 0, 0, 0, 0, 4, 0, 0, 0, 0, 0, 0, 0, 0, 0, 0, 0, 0, 0, 0]",432,512,884736.0,3538944.0,2938126874,2938624767,2938137359,2939148365,272,485503,704,741607,2,25179,526207,256,16,16,3
152,1,"[8, 256, 432, 1, 1, 0, 0, 0, 0, 0, 0, 0, 0, 0, 0, 0, 0, 0, 0, 0, 0, 0, 0, 0, 0, 0, 0, 0, 0, 0]",216,128,110592.0,1769472.0,2938868267,2938881802,2939149069,2939153965,0,639,639,741608,1,13535,4896,256,16,16,3
203,1,"[256, 432, 1, 1, 432, 1, 1, 1, 1, 0, 0, 1, 1, 1, 1, 1, 8, 0, 0, 0, 0, 0, 0, 0, 0, 0, 0, 0, 0, 0]",112,64,0.0,0.0,2939109411,2939123337,2939154604,2939591659,4352,67456,67456,741609,1,13926,437055,256,16,16,3
205,1,"[4, 0, 0, 0, 0, 0, 0, 0, 0, 0, 0, 0, 0, 0, 0, 4, 0, 0, 0, 0, 0, 0, 0, 0, 0, 0, 0, 0, 0, 0]",432,512,884736.0,3538944.0,2939647908,2939989749,2939659115,2940514249,272,328543,640,741610,2,24133,527231,256,16,16,3
21,1,"[8, 256, 432, 1, 1, 0, 0, 0, 0, 0, 0, 0, 0, 0, 0, 8, 256, 432, 1, 1, 0, 0, 0, 0, 0, 0, 0, 0, 0, 0]",216,128,110592.0,2654208.0,2940108347,2940119825,2940514889,2940521673,0,512,512,741611,1,11478,6784,256,16,16,3
152,1,"[8, 256, 432, 1, 1, 0, 0, 0, 0, 0, 0, 0, 0, 0, 0, 0, 0, 0, 0, 0, 0, 0, 0, 0, 0, 0, 0, 0, 0, 0]",216,128,110592.0,1769472.0,2940314206,2940325672,2940522185,2940530217,0,54784,54784,741612,1,11466,8032,256,16,16,3
203,1,"[256, 432, 1, 1, 1008, 1, 1, 1, 1, 0, 0, 2, 2, 1, 1, 1, 8, 0, 0, 0, 0, 0, 0, 0, 0, 0, 0, 0, 0, 0]",32,256,0.0,0.0,2940571994,2940585733,2940585001,2941725414,18688,56224,56224,741613,1,13739,1140413,256,16,16,3
205,1,"[4, 0, 0, 0, 0, 0, 0, 0, 0, 0, 0, 0, 0, 0, 0, 4, 0, 0, 0, 0, 0, 0, 0, 0, 0, 0, 0, 0, 0, 0]",1008,512,2064384.0,8257536.0,2941770398,2942104816,2941781638,2943333474,272,320895,576,741614,2,24030,1231517,256,16,16,3
203,1,"[256, 432, 1, 1, 1008, 1, 1, 1, 1, 0, 0, 1, 1, 1, 1, 1, 8, 0, 0, 0, 0, 0, 0, 0, 0, 0, 0, 0, 0, 0]",32,256,0.0,0.0,2942387527,2942402087,2943334050,2944474015,18688,60768,60768,741615,1,14560,1139965,256,16,16,3
205,1,"[4, 0, 0, 0, 0, 0, 0, 0, 0, 0, 0, 0, 0, 0, 0, 4, 0, 0, 0, 0, 0, 0, 0, 0, 0, 0, 0, 0, 0, 0]",1008,512,2064384.0,8257536.0,2944522618,2944893704,2944534783,2946121756,272,356734,927,741616,2,25576,1231166,256,16,16,3
152,1,"[8, 256, 1008, 1, 1, 0, 0, 0, 0, 0, 0, 0, 0, 0, 0, 0, 0, 0, 0, 0, 0, 0, 0, 0, 0, 0, 0, 0, 0, 0]",504,128,258048.0,4128768.0,2945128746,2945141658,2946122683,2946130395,0,1120,1120,741617,1,12912,7712,256,16,16,3
203,1,"[256, 1008, 1, 1, 1008, 1, 1, 3, 3, 1, 1, 2, 2, 1, 1, 21, 8, 0, 0, 0, 0, 0, 0, 0, 0, 0, 0, 0, 0, 0]",16,64,0.0,0.0,2945385148,2945526641,2946131515,2947567448,4352,-6997742,72800,741618,21,114423,8506475,256,16,16,3
205,1,"[4, 0, 0, 0, 0, 0, 0, 0, 0, 0, 0, 0, 0, 0, 0, 4, 0, 0, 0, 0, 0, 0, 0, 0, 0, 0, 0, 0, 0, 0]",1008,512,2064384.0,8257536.0,2947627872,2948002070,2947640248,2949230100,272,359391,608,741619,2,26542,1231069,256,16,16,3
152,1,"[8, 256, 1008, 1, 1, 0, 0, 0, 0, 0, 0, 0, 0, 0, 0, 0, 0, 0, 0, 0, 0, 0, 0, 0, 0, 0, 0, 0, 0, 0]",504,128,258048.0,4128768.0,2948246205,2948258596,2949230708,2949238292,0,608,608,741620,1,12391,7584,256,16,16,3
203,1,"[256, 1008, 1, 1, 1008, 1, 1, 1, 1, 0, 0, 1, 1, 1, 1, 1, 8, 0, 0, 0, 0, 0, 0, 0, 0, 0, 0, 0, 0, 0]",32,256,0.0,0.0,2948499232,2948513089,2949238900,2951884814,18688,60639,60639,741621,1,13857,2645914,256,16,16,3
205,1,"[4, 0, 0, 0, 0, 0, 0, 0, 0, 0, 0, 0, 0, 0, 0, 4, 0, 0, 0, 0, 0, 0, 0, 0, 0, 0, 0, 0, 0, 0]",1008,512,2064384.0,8257536.0,2951933682,2952295828,2951945453,2953523594,272,347711,608,741622,2,25674,1231038,256,16,16,3
21,1,"[8, 256, 1008, 1, 1, 0, 0, 0, 0, 0, 0, 0, 0, 0, 0, 8, 256, 1008, 1, 1, 0, 0, 0, 0, 0, 0, 0, 0, 0, 0]",504,128,258048.0,6193152.0,2952419854,2952432003,2953524202,2953551881,0,673,673,741623,1,12149,27679,256,16,16,3
152,1,"[8, 256, 1008, 1, 1, 0, 0, 0, 0, 0, 0, 0, 0, 0, 0, 0, 0, 0, 0, 0, 0, 0, 0, 0, 0, 0, 0, 0, 0, 0]",504,128,258048.0,4128768.0,2952639879,2952651736,2953552554,2953560585,0,544,544,741624,1,11857,8031,256,16,16,3
203,1,"[256, 1008, 1, 1, 1008, 1, 1, 1, 1, 0, 0, 1, 1, 1, 1, 1, 8, 0, 0, 0, 0, 0, 0, 0, 0, 0, 0, 0, 0, 0]",32,256,0.0,0.0,2952914731,2952928649,2953561129,2956204419,18688,75200,75200,741625,1,13918,2643290,256,16,16,3
205,1,"[4, 0, 0, 0, 0, 0, 0, 0, 0, 0, 0, 0, 0, 0, 0, 4, 0, 0, 0, 0, 0, 0, 0, 0, 0, 0, 0, 0, 0, 0]",1008,512,2064384.0,8257536.0,2956267996,2956759855,2956279619,2957987934,272,478687,1408,741626,2,26505,1231036,256,16,16,3
152,1,"[8, 256, 1008, 1, 1, 0, 0, 0, 0, 0, 0, 0, 0, 0, 0, 0, 0, 0, 0, 0, 0, 0, 0, 0, 0, 0, 0, 0, 0, 0]",504,128,258048.0,4128768.0,2956984936,2956997807,2957989342,2957997023,0,960,960,741627,1,12871,7681,256,16,16,3
203,1,"[256, 1008, 1, 1, 1008, 1, 1, 3, 3, 1, 1, 1, 1, 1, 1, 21, 8, 0, 0, 0, 0, 0, 0, 0, 0, 0, 0, 0, 0, 0]",16,64,0.0,0.0,2957235292,2957368228,2957997983,2959433211,4352,-6956622,62304,741628,21,108159,8454154,256,16,16,3
205,1,"[4, 0, 0, 0, 0, 0, 0, 0, 0, 0, 0, 0, 0, 0, 0, 4, 0, 0, 0, 0, 0, 0, 0, 0, 0, 0, 0, 0, 0, 0]",1008,512,2064384.0,8257536.0,2959484422,2959862457,2959495515,2961079479,272,353503,672,741629,2,35753,1231133,256,16,16,3
152,1,"[8, 256, 1008, 1, 1, 0, 0, 0, 0, 0, 0, 0, 0, 0, 0, 0, 0, 0, 0, 0, 0, 0, 0, 0, 0, 0, 0, 0, 0, 0]",504,128,258048.0,4128768.0,2960087159,2960099228,2961080151,2961087831,0,576,576,741630,1,12069,7680,256,16,16,3
203,1,"[256, 1008, 1, 1, 1008, 1, 1, 1, 1, 0, 0, 1, 1, 1, 1, 1, 8, 0, 0, 0, 0, 0, 0, 0, 0, 0, 0, 0, 0, 0]",32,256,0.0,0.0,2960336836,2960349846,2961088407,2963732272,18688,56544,56544,741631,1,13010,2643865,256,16,16,3
205,1,"[4, 0, 0, 0, 0, 0, 0, 0, 0, 0, 0, 0, 0, 0, 0, 4, 0, 0, 0, 0, 0, 0, 0, 0, 0, 0, 0, 0, 0, 0]",1008,512,2064384.0,8257536.0,2963777858,2964119695,2963788816,2965347757,272,328512,672,741632,2,24573,1231101,256,16,16,3
21,1,"[8, 256, 1008, 1, 1, 0, 0, 0, 0, 0, 0, 0, 0, 0, 0, 8, 256, 1008, 1, 1, 0, 0, 0, 0, 0, 0, 0, 0, 0, 0]",504,128,258048.0,6193152.0,2964238631,2964250099,2965348429,2965375341,0,671,671,741633,1,11468,26912,256,16,16,3
152,1,"[8, 256, 1008, 1, 1, 0, 0, 0, 0, 0, 0, 0, 0, 0, 0, 0, 0, 0, 0, 0, 0, 0, 0, 0, 0, 0, 0, 0, 0, 0]",504,128,258048.0,4128768.0,2964442453,2964453537,2965376012,2965384109,0,544,544,741634,1,11084,8097,256,16,16,3
199,1,"[8, 256, 1008, 1, 1, 0, 0, 0, 0, 0, 0, 0, 0, 0, 0, 0, 0, 0, 0, 0, 0, 0, 0, 0, 0, 0, 0, 0, 0, 0]",504,128,0.0,0.0,2964600506,2964613433,2965384653,2965404332,16,2720,2720,741635,1,12927,19679,256,16,16,3
201,1,"[8, 256, 1008, 0, 0, 0, 0, 0, 0, 0, 8, 273, 1008, 0, 0, 0, 0, 0, 0, 0, 8, 273, 0, 0, 0, 0, 0, 0, 0, 0]",120,64,140894208.0,2409456.0,2964906142,2964918681,2965407052,2966107339,17408,1024,1024,741637,1,12539,700287,256,16,16,3
181,1,"[8, 256, 273, 0, 0, 0, 0, 0, 0, 0, 0, 0, 0, 0, 0, 4, 256, 273, 0, 0, 0, 0, 0, 0, 0, 0, 0, 0, 0, 0]",137,512,0.0,0.0,2965069812,2965226351,2966108363,2966193899,16,633503,630430,741639,5,50919,82463,256,16,16,3
181,2,"[8, 256, 273, 0, 0, 0, 0, 0, 0, 0, 0, 0, 0, 0, 0, 4, 256, 273, 0, 0, 0, 0, 0, 0, 0, 0, 0, 0, 0, 0]",137,128,0.0,0.0,2966803695,2966988148,2966824329,2967009768,0,1720860,1567389,741639,4,56201,31968,256,16,16,3
199,2,"[8, 256, 1008, 1, 1, 0, 0, 0, 0, 0, 0, 0, 0, 0, 0, 0, 0, 0, 0, 0, 0, 0, 0, 0, 0, 0, 0, 0, 0, 0]",504,128,0.0,0.0,2967376617,2967384416,2968577157,2968602949,0,2560,2560,741635,1,7799,25792,256,16,16,3
152,2,"[8, 256, 1008, 1, 1, 0, 0, 0, 0, 0, 0, 0, 0, 0, 0, 0, 0, 0, 0, 0, 0, 0, 0, 0, 0, 0, 0, 0, 0, 0]",504,128,258048.0,6193152.0,2967421052,2967432987,2968605509,2968627045,0,4128,4128,741634,1,11935,21536,256,16,16,3
205,2,"[8, 256, 1008, 1, 1, 0, 0, 0, 0, 0, 0, 0, 0, 0, 0, 0, 0, 0, 0, 0, 0, 0, 0, 0, 0, 0, 0, 0, 0, 0]",1008,512,2064384.0,10321920.0,2967524248,2967547168,2968631173,2968945668,800,11648,11648,741632,1,22920,314495,256,16,16,3
203,2,"[256, 1008, 1, 1, 1008, 1, 1, 1, 1, 0, 0, 1, 1, 1, 1, 1, 8, 0, 0, 0, 0, 0, 0, 0, 0, 0, 0, 0, 0, 0]",1008,256,0.0,0.0,2967714152,2967876071,2968957316,2973705496,6404,160320,113888,741631,3,32904,4701748,256,16,16,3
152,2,"[8, 256, 1008, 1, 1, 0, 0, 0, 0, 0, 0, 0, 0, 0, 0, 0, 0, 0, 0, 0, 0, 0, 0, 0, 0, 0, 0, 0, 0, 0]",504,128,258048.0,6193152.0,2967977781,2967996218,2973819384,2973851512,0,2560,2560,741630,1,18437,32128,256,16,16,3
205,2,"[8, 256, 1008, 1, 1, 0, 0, 0, 0, 0, 0, 0, 0, 0, 0, 0, 0, 0, 0, 0, 0, 0, 0, 0, 0, 0, 0, 0, 0, 0]",1008,512,2064384.0,10321920.0,2968075178,2968083299,2973854072,2974169879,800,10272,10272,741629,1,8121,315807,256,16,16,3
203,2,"[256, 1008, 1, 1, 1008, 1, 1, 3, 3, 1, 1, 1, 1, 1, 1, 21, 8, 0, 0, 0, 0, 0, 0, 0, 0, 0, 0, 0, 0, 0]",12288,256,0.0,0.0,2968239952,2968891814,2974180151,2978042990,4356,-16413300,55232,741628,63,304110,20331371,256,16,16,3
152,2,"[8, 256, 1008, 1, 1, 0, 0, 0, 0, 0, 0, 0, 0, 0, 0, 0, 0, 0, 0, 0, 0, 0, 0, 0, 0, 0, 0, 0, 0, 0]",504,128,258048.0,6193152.0,2968997125,2969004941,2978098222,2978128494,0,1663,1663,741627,1,7816,30272,256,16,16,3
205,2,"[8, 256, 1008, 1, 1, 0, 0, 0, 0, 0, 0, 0, 0, 0, 0, 0, 0, 0, 0, 0, 0, 0, 0, 0, 0, 0, 0, 0, 0, 0]",1008,512,2064384.0,10321920.0,2969069207,2969077716,2978130157,2978445005,800,11328,11328,741626,1,8509,314848,256,16,16,3
203,2,"[256, 1008, 1, 1, 1008, 1, 1, 1, 1, 0, 0, 1, 1, 1, 1, 1, 8, 0, 0, 0, 0, 0, 0, 0, 0, 0, 0, 0, 0, 0]",1008,256,0.0,0.0,2969242936,2969369274,2978456333,2983205345,6404,189215,144128,741625,3,33222,4703925,256,16,16,3
152,2,"[8, 256, 1008, 1, 1, 0, 0, 0, 0, 0, 0, 0, 0, 0, 0, 0, 0, 0, 0, 0, 0, 0, 0, 0, 0, 0, 0, 0, 0, 0]",504,128,258048.0,6193152.0,2969470951,2969477769,2983349473,2983381345,0,2560,2560,741624,1,6818,31872,256,16,16,3
205,2,"[8, 256, 1008, 1, 1, 0, 0, 0, 0, 0, 0, 0, 0, 0, 0, 0, 0, 0, 0, 0, 0, 0, 0, 0, 0, 0, 0, 0, 0, 0]",1008,512,2064384.0,10321920.0,2969549300,2969557178,2983383905,2983698048,800,14176,14176,741622,1,7878,314143,256,16,16,3
203,2,"[256, 1008, 1, 1, 1008, 1, 1, 1, 1, 0, 0, 1, 1, 1, 1, 1, 8, 0, 0, 0, 0, 0, 0, 0, 0, 0, 0, 0, 0, 0]",1008,256,0.0,0.0,2969689942,2969784074,2983712224,2988461493,6404,155071,111263,741621,3,20681,4705461,256,16,16,3
152,2,"[8, 256, 1008, 1, 1, 0, 0, 0, 0, 0, 0, 0, 0, 0, 0, 0, 0, 0, 0, 0, 0, 0, 0, 0, 0, 0, 0, 0, 0, 0]",504,128,258048.0,6193152.0,2969860307,2969867286,2988572756,2988603732,0,3040,3040,741620,1,6979,30976,256,16,16,3
205,2,"[8, 256, 1008, 1, 1, 0, 0, 0, 0, 0, 0, 0, 0, 0, 0, 0, 0, 0, 0, 0, 0, 0, 0, 0, 0, 0, 0, 0, 0, 0]",1008,512,2064384.0,10321920.0,2969926093,2969936740,2988606772,2988921139,800,11808,11808,741619,1,10647,314367,256,16,16,3
203,2,"[256, 1008, 1, 1, 1008, 1, 1, 3, 3, 1, 1, 2, 2, 1, 1, 21, 8, 0, 0, 0, 0, 0, 0, 0, 0, 0, 0, 0, 0, 0]",12288,256,10616832.0,362496.0,2970082716,2970785772,2988932947,3020786534,6404,-11939526,57280,741618,63,333948,43850393,256,16,16,3
152,2,"[8, 256, 1008, 1, 1, 0, 0, 0, 0, 0, 0, 0, 0, 0, 0, 0, 0, 0, 0, 0, 0, 0, 0, 0, 0, 0, 0, 0, 0, 0]",504,128,258048.0,6193152.0,2970940670,2970952804,3020843814,3020874053,0,2625,2625,741617,1,12134,30239,256,16,16,3
205,2,"[8, 256, 1008, 1, 1, 0, 0, 0, 0, 0, 0, 0, 0, 0, 0, 0, 0, 0, 0, 0, 0, 0, 0, 0, 0, 0, 0, 0, 0, 0]",1008,512,2064384.0,10321920.0,2971049568,2971061676,3020876678,3021191909,800,11263,11263,741616,1,12108,315231,256,16,16,3
203,2,"[256, 432, 1, 1, 1008, 1, 1, 1, 1, 0, 0, 1, 1, 1, 1, 1, 8, 0, 0, 0, 0, 0, 0, 0, 0, 0, 0, 0, 0, 0]",432,256,0.0,0.0,2971257902,2971398168,3021203172,3023275871,6404,71361,51168,741615,3,30400,2052506,256,16,16,3
205,2,"[8, 256, 1008, 1, 1, 0, 0, 0, 0, 0, 0, 0, 0, 0, 0, 0, 0, 0, 0, 0, 0, 0, 0, 0, 0, 0, 0, 0, 0, 0]",1008,512,2064384.0,10321920.0,2971556135,2971568989,3023327039,3023642622,800,14464,14464,741614,1,12854,315583,256,16,16,3
203,2,"[256, 432, 1, 1, 1008, 1, 1, 1, 1, 0, 0, 2, 2, 1, 1, 1, 8, 0, 0, 0, 0, 0, 0, 0, 0, 0, 0, 0, 0, 0]",1792,256,222953472.0,6432768.0,2971765567,2971908490,3023657086,3054995186,12548,87841,70336,741613,3,36289,31320595,256,16,16,3
152,2,"[8, 256, 432, 1, 1, 0, 0, 0, 0, 0, 0, 0, 0, 0, 0, 0, 0, 0, 0, 0, 0, 0, 0, 0, 0, 0, 0, 0, 0, 0]",216,128,110592.0,2654208.0,2972060578,2972068560,3055065522,3055078482,0,1888,1888,741612,1,7982,12960,256,16,16,3
205,2,"[8, 256, 432, 1, 1, 0, 0, 0, 0, 0, 0, 0, 0, 0, 0, 0, 0, 0, 0, 0, 0, 0, 0, 0, 0, 0, 0, 0, 0, 0]",432,512,884736.0,4423680.0,2972151809,2972160567,3055080370,3055215058,800,12544,12544,741610,1,8758,134688,256,16,16,3
203,2,"[256, 432, 1, 1, 432, 1, 1, 1, 1, 0, 0, 1, 1, 1, 1, 1, 8, 0, 0, 0, 0, 0, 0, 0, 0, 0, 0, 0, 0, 0]",432,256,0.0,0.0,2972382975,2972522000,3055227602,3056890573,12544,29472,15393,741609,3,33157,1648892,256,16,16,3
152,2,"[8, 256, 432, 1, 1, 0, 0, 0, 0, 0, 0, 0, 0, 0, 0, 0, 0, 0, 0, 0, 0, 0, 0, 0, 0, 0, 0, 0, 0, 0]",216,128,110592.0,2654208.0,2972614261,2972621453,3056905966,3056918862,0,1696,1696,741608,1,7192,12896,256,16,16,3
205,2,"[8, 256, 432, 1, 1, 0, 0, 0, 0, 0, 0, 0, 0, 0, 0, 0, 0, 0, 0, 0, 0, 0, 0, 0, 0, 0, 0, 0, 0, 0]",432,512,884736.0,4423680.0,2972688128,2972696225,3056920558,3057056589,800,11872,11872,741607,1,8097,136031,256,16,16,3
203,2,"[256, 432, 1, 1, 432, 1, 1, 3, 3, 1, 1, 1, 1, 1, 1, 9, 8, 0, 0, 0, 0, 0, 0, 0, 0, 0, 0, 0, 0, 0]",12288,256,0.0,0.0,2972852442,2973196105,3057068461,3059212168,4356,-6000657,20960,741606,27,139913,8165324,256,16,16,3
152,2,"[8, 256, 432, 1, 1, 0, 0, 0, 0, 0, 0, 0, 0, 0, 0, 0, 0, 0, 0, 0, 0, 0, 0, 0, 0, 0, 0, 0, 0, 0]",216,128,110592.0,2654208.0,2973300559,2973308147,3059233128,3059244584,0,2048,2048,741605,1,7588,11456,256,16,16,3
205,2,"[8, 256, 432, 1, 1, 0, 0, 0, 0, 0, 0, 0, 0, 0, 0, 0, 0, 0, 0, 0, 0, 0, 0, 0, 0, 0, 0, 0, 0, 0]",432,512,884736.0,4423680.0,2973373107,2973381104,3059246632,3059381288,800,12031,12031,741604,1,7997,134656,256,16,16,3
203,2,"[256, 432, 1, 1, 432, 1, 1, 1, 1, 0, 0, 1, 1, 1, 1, 1, 8, 0, 0, 0, 0, 0, 0, 0, 0, 0, 0, 0, 0, 0]",432,256,0.0,0.0,2973535455,2973634885,3059393319,3061056163,12544,47584,34016,741603,3,22190,1649276,256,16,16,3
152,2,"[8, 256, 432, 1, 1, 0, 0, 0, 0, 0, 0, 0, 0, 0, 0, 0, 0, 0, 0, 0, 0, 0, 0, 0, 0, 0, 0, 0, 0, 0]",216,128,110592.0,2654208.0,2973751198,2973758180,3061090179,3061100868,0,1887,1887,741602,1,6982,10689,256,16,16,3
205,2,"[8, 256, 432, 1, 1, 0, 0, 0, 0, 0, 0, 0, 0, 0, 0, 0, 0, 0, 0, 0, 0, 0, 0, 0, 0, 0, 0, 0, 0, 0]",432,512,884736.0,4423680.0,2973831868,2973839735,3061102755,3061237315,800,11040,11040,741600,1,7867,134560,256,16,16,3
203,2,"[256, 432, 1, 1, 432, 1, 1, 1, 1, 0, 0, 1, 1, 1, 1, 1, 8, 0, 0, 0, 0, 0, 0, 0, 0, 0, 0, 0, 0, 0]",432,256,0.0,0.0,2974009180,2974111955,3061248355,3062911615,12544,29952,16096,741599,3,22895,1649404,256,16,16,3
152,2,"[8, 256, 432, 1, 1, 0, 0, 0, 0, 0, 0, 0, 0, 0, 0, 0, 0, 0, 0, 0, 0, 0, 0, 0, 0, 0, 0, 0, 0, 0]",216,128,110592.0,2654208.0,2974211446,2974219517,3062927711,3062939039,0,2752,2752,741598,1,8071,11328,256,16,16,3
205,2,"[8, 256, 432, 1, 1, 0, 0, 0, 0, 0, 0, 0, 0, 0, 0, 0, 0, 0, 0, 0, 0, 0, 0, 0, 0, 0, 0, 0, 0, 0]",432,512,884736.0,4423680.0,2974288874,2974297813,3062941791,3063076703,800,11839,11839,741597,1,8939,134912,256,16,16,3
203,2,"[256, 432, 1, 1, 432, 1, 1, 3, 3, 1, 1, 1, 1, 1, 1, 9, 8, 0, 0, 0, 0, 0, 0, 0, 0, 0, 0, 0, 0, 0]",12288,256,0.0,0.0,2974454706,2974807574,3063088542,3064934778,4356,-6289550,21472,741596,27,143965,8157258,256,16,16,3
152,2,"[8, 256, 432, 1, 1, 0, 0, 0, 0, 0, 0, 0, 0, 0, 0, 0, 0, 0, 0, 0, 0, 0, 0, 0, 0, 0, 0, 0, 0, 0]",216,128,110592.0,2654208.0,2974917106,2974924857,3064956250,3064968314,0,1504,1504,741595,1,7751,12064,256,16,16,3
205,2,"[8, 256, 432, 1, 1, 0, 0, 0, 0, 0, 0, 0, 0, 0, 0, 0, 0, 0, 0, 0, 0, 0, 0, 0, 0, 0, 0, 0, 0, 0]",432,512,884736.0,4423680.0,2974992927,2975001508,3064969818,3065104410,800,11392,11392,741594,1,8581,134592,256,16,16,3
203,2,"[256, 432, 1, 1, 432, 1, 1, 1, 1, 0, 0, 1, 1, 1, 1, 1, 8, 0, 0, 0, 0, 0, 0, 0, 0, 0, 0, 0, 0, 0]",432,256,0.0,0.0,2975172221,2975271414,3065115802,3066777845,12544,48736,36096,741593,3,23551,1649403,256,16,16,3
152,2,"[8, 256, 432, 1, 1, 0, 0, 0, 0, 0, 0, 0, 0, 0, 0, 0, 0, 0, 0, 0, 0, 0, 0, 0, 0, 0, 0, 0, 0, 0]",216,128,110592.0,2654208.0,2975370470,2975377382,3066813941,3066824181,0,4192,4192,741592,1,6912,10240,256,16,16,3
205,2,"[8, 256, 432, 1, 1, 0, 0, 0, 0, 0, 0, 0, 0, 0, 0, 0, 0, 0, 0, 0, 0, 0, 0, 0, 0, 0, 0, 0, 0, 0]",432,512,884736.0,4423680.0,2975453366,2975461558,3066828373,3066963093,800,11200,11200,741590,1,8192,134720,256,16,16,3
203,2,"[256, 432, 1, 1, 432, 1, 1, 1, 1, 0, 0, 1, 1, 1, 1, 1, 8, 0, 0, 0, 0, 0, 0, 0, 0, 0, 0, 0, 0, 0]",432,256,0.0,0.0,2975610891,2975707108,3066974293,3068638321,12544,29632,14912,741589,3,21028,1649308,256,16,16,3
152,2,"[8, 256, 432, 1, 1, 0, 0, 0, 0, 0, 0, 0, 0, 0, 0, 0, 0, 0, 0, 0, 0, 0, 0, 0, 0, 0, 0, 0, 0, 0]",216,128,110592.0,2654208.0,2975787352,2975794615,3068653233,3068665201,0,1664,1664,741588,1,7263,11968,256,16,16,3
205,2,"[8, 256, 432, 1, 1, 0, 0, 0, 0, 0, 0, 0, 0, 0, 0, 0, 0, 0, 0, 0, 0, 0, 0, 0, 0, 0, 0, 0, 0, 0]",432,512,884736.0,4423680.0,2975856144,2975864372,3068666865,3068801584,800,13760,13760,741587,1,8228,134719,256,16,16,3
203,2,"[256, 432, 1, 1, 432, 1, 1, 3, 3, 1, 1, 1, 1, 1, 1, 9, 8, 0, 0, 0, 0, 0, 0, 0, 0, 0, 0, 0, 0, 0]",12288,256,0.0,0.0,2976013706,2976346971,3068815344,3070744844,4356,-6022289,22656,741586,27,138637,7974445,256,16,16,3
152,2,"[8, 256, 432, 1, 1, 0, 0, 0, 0, 0, 0, 0, 0, 0, 0, 0, 0, 0, 0, 0, 0, 0, 0, 0, 0, 0, 0, 0, 0, 0]",216,128,110592.0,2654208.0,2976448825,2976456444,3070767500,3070778732,0,1120,1120,741585,1,7619,11232,256,16,16,3
205,2,"[8, 256, 432, 1, 1, 0, 0, 0, 0, 0, 0, 0, 0, 0, 0, 0, 0, 0, 0, 0, 0, 0, 0, 0, 0, 0, 0, 0, 0, 0]",432,512,884736.0,4423680.0,2976519225,2976527277,3070779852,3070914892,800,12479,12479,741584,1,8052,135040,256,16,16,3
203,2,"[256, 432, 1, 1, 432, 1, 1, 1, 1, 0, 0, 1, 1, 1, 1, 1, 8, 0, 0, 0, 0, 0, 0, 0, 0, 0, 0, 0, 0, 0]",432,256,0.0,0.0,2976683166,2976783484,3070927371,3072590855,12544,48574,34464,741583,3,22277,1649374,256,16,16,3
152,2,"[8, 256, 432, 1, 1, 0, 0, 0, 0, 0, 0, 0, 0, 0, 0, 0, 0, 0, 0, 0, 0, 0, 0, 0, 0, 0, 0, 0, 0, 0]",216,128,110592.0,2654208.0,2976908255,2976917382,3072625319,3072635015,0,3648,3648,741582,1,9127,9696,256,16,16,3
205,2,"[8, 256, 432, 1, 1, 0, 0, 0, 0, 0, 0, 0, 0, 0, 0, 0, 0, 0, 0, 0, 0, 0, 0, 0, 0, 0, 0, 0, 0, 0]",432,512,884736.0,4423680.0,2976994916,2977003389,3072638663,3072773543,800,10496,10496,741580,1,8473,134880,256,16,16,3
203,2,"[256, 432, 1, 1, 432, 1, 1, 1, 1, 0, 0, 1, 1, 1, 1, 1, 8, 0, 0, 0, 0, 0, 0, 0, 0, 0, 0, 0, 0, 0]",432,256,0.0,0.0,2977160885,2977264745,3072784039,3074446787,12544,29856,16448,741579,3,24753,1649340,256,16,16,3
152,2,"[8, 256, 432, 1, 1, 0, 0, 0, 0, 0, 0, 0, 0, 0, 0, 0, 0, 0, 0, 0, 0, 0, 0, 0, 0, 0, 0, 0, 0, 0]",216,128,110592.0,2654208.0,2977349891,2977357590,3074463235,3074474723,0,1888,1888,741578,1,7699,11488,256,16,16,3
205,2,"[8, 256, 432, 1, 1, 0, 0, 0, 0, 0, 0, 0, 0, 0, 0, 0, 0, 0, 0, 0, 0, 0, 0, 0, 0, 0, 0, 0, 0, 0]",432,512,884736.0,4423680.0,2977422084,2977432237,3074476611,3074611554,800,11073,11073,741577,1,10153,134943,256,16,16,3
203,2,"[256, 432, 1, 1, 432, 1, 1, 3, 3, 1, 1, 1, 1, 1, 1, 9, 8, 0, 0, 0, 0, 0, 0, 0, 0, 0, 0, 0, 0, 0]",12288,256,0.0,0.0,2977585154,2977933692,3074622627,3076714365,4356,-5858963,21248,741576,27,140995,7971949,256,16,16,3
152,2,"[8, 256, 432, 1, 1, 0, 0, 0, 0, 0, 0, 0, 0, 0, 0, 0, 0, 0, 0, 0, 0, 0, 0, 0, 0, 0, 0, 0, 0, 0]",216,128,110592.0,2654208.0,2978040730,2978048365,3076735613,3076747165,0,2720,2720,741575,1,7635,11552,256,16,16,3
205,2,"[8, 256, 432, 1, 1, 0, 0, 0, 0, 0, 0, 0, 0, 0, 0, 0, 0, 0, 0, 0, 0, 0, 0, 0, 0, 0, 0, 0, 0, 0]",432,512,884736.0,4423680.0,2978126624,2978134924,3076749885,3076884893,800,12000,12000,741574,1,8300,135008,256,16,16,3
203,2,"[256, 432, 1, 1, 432, 1, 1, 1, 1, 0, 0, 1, 1, 1, 1, 1, 8, 0, 0, 0, 0, 0, 0, 0, 0, 0, 0, 0, 0, 0]",432,256,0.0,0.0,2978301526,2978401431,3076896893,3078560185,12544,48384,35008,741573,3,21166,1649916,256,16,16,3
152,2,"[8, 256, 432, 1, 1, 0, 0, 0, 0, 0, 0, 0, 0, 0, 0, 0, 0, 0, 0, 0, 0, 0, 0, 0, 0, 0, 0, 0, 0, 0]",216,128,110592.0,2654208.0,2978501251,2978508242,3078595193,3078605273,0,3616,3616,741572,1,6991,10080,256,16,16,3
205,2,"[8, 256, 432, 1, 1, 0, 0, 0, 0, 0, 0, 0, 0, 0, 0, 0, 0, 0, 0, 0, 0, 0, 0, 0, 0, 0, 0, 0, 0, 0]",432,512,884736.0,4423680.0,2978583040,2978591036,3078608889,3078743640,800,10848,10848,741570,1,7996,134751,256,16,16,3
203,2,"[256, 432, 1, 1, 432, 1, 1, 1, 1, 0, 0, 1, 1, 1, 1, 1, 8, 0, 0, 0, 0, 0, 0, 0, 0, 0, 0, 0, 0, 0]",432,256,0.0,0.0,2978743744,2978839585,3078754488,3080417108,12544,31168,17376,741569,3,20917,1648828,256,16,16,3
152,2,"[8, 256, 432, 1, 1, 0, 0, 0, 0, 0, 0, 0, 0, 0, 0, 0, 0, 0, 0, 0, 0, 0, 0, 0, 0, 0, 0, 0, 0, 0]",216,128,110592.0,2654208.0,2978921523,2978928483,3080434484,3080448052,0,1152,1152,741568,1,6960,13568,256,16,16,3
205,2,"[8, 256, 432, 1, 1, 0, 0, 0, 0, 0, 0, 0, 0, 0, 0, 0, 0, 0, 0, 0, 0, 0, 0, 0, 0, 0, 0, 0, 0, 0]",432,512,884736.0,4423680.0,2978989901,2978997675,3080449204,3080584116,800,12608,12608,741567,1,7774,134912,256,16,16,3
203,2,"[256, 432, 1, 1, 432, 1, 1, 3, 3, 1, 1, 1, 1, 1, 1, 9, 8, 0, 0, 0, 0, 0, 0, 0, 0, 0, 0, 0, 0, 0]",12288,256,0.0,0.0,2979142968,2979481987,3080596724,3082406735,4356,-6375151,20704,741566,27,134884,8205866,256,16,16,3
152,2,"[8, 256, 432, 1, 1, 0, 0, 0, 0, 0, 0, 0, 0, 0, 0, 0, 0, 0, 0, 0, 0, 0, 0, 0, 0, 0, 0, 0, 0, 0]",216,128,110592.0,2654208.0,2979582569,2979589842,3082427439,3082440847,0,2464,2464,741565,1,7273,13408,256,16,16,3
205,2,"[8, 256, 432, 1, 1, 0, 0, 0, 0, 0, 0, 0, 0, 0, 0, 0, 0, 0, 0, 0, 0, 0, 0, 0, 0, 0, 0, 0, 0, 0]",432,512,884736.0,4423680.0,2979652087,2979659813,3082443311,3082578063,800,10304,10304,741564,1,7726,134752,256,16,16,3
203,2,"[256, 432, 1, 1, 432, 1, 1, 1, 1, 0, 0, 1, 1, 1, 1, 1, 8, 0, 0, 0, 0, 0, 0, 0, 0, 0, 0, 0, 0, 0]",432,256,0.0,0.0,2979810648,2979904731,3082588367,3084251595,12544,48736,34656,741563,3,21054,1649148,256,16,16,3
152,2,"[8, 256, 432, 1, 1, 0, 0, 0, 0, 0, 0, 0, 0, 0, 0, 0, 0, 0, 0, 0, 0, 0, 0, 0, 0, 0, 0, 0, 0, 0]",216,128,110592.0,2654208.0,2980001713,2980010915,3084286251,3084297771,0,2432,2432,741562,1,9202,11520,256,16,16,3
205,2,"[8, 256, 432, 1, 1, 0, 0, 0, 0, 0, 0, 0, 0, 0, 0, 0, 0, 0, 0, 0, 0, 0, 0, 0, 0, 0, 0, 0, 0, 0]",432,512,884736.0,4423680.0,2980081096,2980088851,3084300203,3084434858,800,11617,11617,741560,1,7755,134655,256,16,16,3
203,2,"[256, 432, 1, 1, 432, 1, 1, 1, 1, 0, 0, 1, 1, 1, 1, 1, 8, 0, 0, 0, 0, 0, 0, 0, 0, 0, 0, 0, 0, 0]",432,256,0.0,0.0,2980232331,2980327021,3084446475,3086110342,12544,32832,17952,741559,3,20743,1648987,256,16,16,3
152,2,"[8, 256, 432, 1, 1, 0, 0, 0, 0, 0, 0, 0, 0, 0, 0, 0, 0, 0, 0, 0, 0, 0, 0, 0, 0, 0, 0, 0, 0, 0]",216,128,110592.0,2654208.0,2980404198,2980410718,3086128294,3086141158,0,4544,4544,741558,1,6520,12864,256,16,16,3
205,2,"[8, 256, 432, 1, 1, 0, 0, 0, 0, 0, 0, 0, 0, 0, 0, 0, 0, 0, 0, 0, 0, 0, 0, 0, 0, 0, 0, 0, 0, 0]",432,512,884736.0,4423680.0,2980470412,2980477724,3086145702,3086280550,800,11776,11776,741557,1,7312,134848,256,16,16,3
203,2,"[256, 432, 1, 1, 432, 1, 1, 3, 3, 1, 1, 1, 1, 1, 1, 9, 8, 0, 0, 0, 0, 0, 0, 0, 0, 0, 0, 0, 0, 0]",12288,256,0.0,0.0,2980619441,2980963498,3086292326,3088248385,4356,-5849843,21248,741556,27,133012,7827150,256,16,16,3
152,2,"[8, 256, 432, 1, 1, 0, 0, 0, 0, 0, 0, 0, 0, 0, 0, 0, 0, 0, 0, 0, 0, 0, 0, 0, 0, 0, 0, 0, 0, 0]",216,128,110592.0,2654208.0,2981065429,2981073264,3088269633,3088282209,0,2688,2688,741555,1,7835,12576,256,16,16,3
205,2,"[8, 256, 432, 1, 1, 0, 0, 0, 0, 0, 0, 0, 0, 0, 0, 0, 0, 0, 0, 0, 0, 0, 0, 0, 0, 0, 0, 0, 0, 0]",432,512,884736.0,4423680.0,2981137192,2981145469,3088284897,3088420065,800,12736,12736,741554,1,8277,135168,256,16,16,3
203,2,"[256, 432, 1, 1, 432, 1, 1, 1, 1, 0, 0, 1, 1, 1, 1, 1, 8, 0, 0, 0, 0, 0, 0, 0, 0, 0, 0, 0, 0, 0]",432,256,0.0,0.0,2981295965,2981394178,3088432801,3090096668,12544,49697,35265,741553,3,23463,1649435,256,16,16,3
152,2,"[8, 256, 432, 1, 1, 0, 0, 0, 0, 0, 0, 0, 0, 0, 0, 0, 0, 0, 0, 0, 0, 0, 0, 0, 0, 0, 0, 0, 0, 0]",216,128,110592.0,2654208.0,2981494389,2981501587,3090131933,3090141789,0,4287,4287,741552,1,7198,9856,256,16,16,3
205,2,"[8, 256, 432, 1, 1, 0, 0, 0, 0, 0, 0, 0, 0, 0, 0, 0, 0, 0, 0, 0, 0, 0, 0, 0, 0, 0, 0, 0, 0, 0]",432,512,884736.0,4423680.0,2981573875,2981581800,3090146076,3090280668,800,10496,10496,741550,1,7925,134592,256,16,16,3
203,2,"[256, 432, 1, 1, 432, 1, 1, 1, 1, 0, 0, 1, 1, 1, 1, 1, 8, 0, 0, 0, 0, 0, 0, 0, 0, 0, 0, 0, 0, 0]",432,256,0.0,0.0,2981732816,2981827759,3090291164,3091955512,12544,32192,17120,741549,3,21205,1649276,256,16,16,3
152,2,"[8, 256, 432, 1, 1, 0, 0, 0, 0, 0, 0, 0, 0, 0, 0, 0, 0, 0, 0, 0, 0, 0, 0, 0, 0, 0, 0, 0, 0, 0]",216,128,110592.0,2654208.0,2981907018,2981914281,3091972632,3091983832,0,2368,2368,741548,1,7263,11200,256,16,16,3
205,2,"[8, 256, 432, 1, 1, 0, 0, 0, 0, 0, 0, 0, 0, 0, 0, 0, 0, 0, 0, 0, 0, 0, 0, 0, 0, 0, 0, 0, 0, 0]",432,512,884736.0,4423680.0,2981977245,2981985066,3091986200,3092121016,800,12000,12000,741547,1,7821,134816,256,16,16,3
203,2,"[256, 432, 1, 1, 432, 1, 1, 3, 3, 1, 1, 1, 1, 1, 1, 9, 8, 0, 0, 0, 0, 0, 0, 0, 0, 0, 0, 0, 0, 0]",12288,256,0.0,0.0,2982130830,2982478795,3092133016,3094226419,4356,-5848403,22176,741546,27,135223,7963982,256,16,16,3
152,2,"[8, 256, 432, 1, 1, 0, 0, 0, 0, 0, 0, 0, 0, 0, 0, 0, 0, 0, 0, 0, 0, 0, 0, 0, 0, 0, 0, 0, 0, 0]",216,128,110592.0,2654208.0,2982587428,2982597602,3094248595,3094260306,0,1569,1569,741545,1,10174,11711,256,16,16,3
205,2,"[8, 256, 432, 1, 1, 0, 0, 0, 0, 0, 0, 0, 0, 0, 0, 0, 0, 0, 0, 0, 0, 0, 0, 0, 0, 0, 0, 0, 0, 0]",432,512,884736.0,4423680.0,2982665201,2982674229,3094261875,3094396402,800,11232,11232,741544,1,9028,134527,256,16,16,3
203,2,"[256, 432, 1, 1, 432, 1, 1, 1, 1, 0, 0, 1, 1, 1, 1, 1, 8, 0, 0, 0, 0, 0, 0, 0, 0, 0, 0, 0, 0, 0]",432,256,0.0,0.0,2982830737,2982928871,3094407634,3096068846,12544,47104,34912,741543,3,21935,1649020,256,16,16,3
152,2,"[8, 256, 432, 1, 1, 0, 0, 0, 0, 0, 0, 0, 0, 0, 0, 0, 0, 0, 0, 0, 0, 0, 0, 0, 0, 0, 0, 0, 0, 0]",216,128,110592.0,2654208.0,2983038506,2983045303,3096103758,3096115758,0,4096,4096,741542,1,6797,12000,256,16,16,3
205,2,"[8, 256, 432, 1, 1, 0, 0, 0, 0, 0, 0, 0, 0, 0, 0, 0, 0, 0, 0, 0, 0, 0, 0, 0, 0, 0, 0, 0, 0, 0]",432,512,884736.0,4423680.0,2983142389,2983154209,3096119854,3096254574,800,13280,13280,741540,1,11820,134720,256,16,16,3
203,2,"[256, 432, 1, 1, 432, 1, 1, 1, 1, 0, 0, 1, 1, 1, 1, 1, 8, 0, 0, 0, 0, 0, 0, 0, 0, 0, 0, 0, 0, 0]",432,256,0.0,0.0,2983396801,2983521001,3096267854,3097930762,12544,30496,16832,741539,3,34199,1649244,256,16,16,3
152,2,"[8, 256, 432, 1, 1, 0, 0, 0, 0, 0, 0, 0, 0, 0, 0, 0, 0, 0, 0, 0, 0, 0, 0, 0, 0, 0, 0, 0, 0, 0]",216,128,110592.0,2654208.0,2983610499,2983617564,3097947594,3097959082,0,3488,3488,741538,1,7065,11488,256,16,16,3
205,2,"[8, 256, 432, 1, 1, 0, 0, 0, 0, 0, 0, 0, 0, 0, 0, 0, 0, 0, 0, 0, 0, 0, 0, 0, 0, 0, 0, 0, 0, 0]",432,512,884736.0,4423680.0,2983693850,2983705332,3097962570,3098097545,800,11712,11712,741537,1,11482,134975,256,16,16,3
203,2,"[256, 432, 1, 1, 432, 1, 1, 3, 3, 1, 1, 1, 1, 1, 1, 9, 8, 0, 0, 0, 0, 0, 0, 0, 0, 0, 0, 0, 0, 0]",12288,256,0.0,0.0,2983953754,2984331958,3098109257,3099946212,4356,-6291473,22945,741536,27,148802,8151373,256,16,16,3
152,2,"[8, 256, 432, 1, 1, 0, 0, 0, 0, 0, 0, 0, 0, 0, 0, 0, 0, 0, 0, 0, 0, 0, 0, 0, 0, 0, 0, 0, 0, 0]",216,128,110592.0,2654208.0,2984453371,2984460900,3099969157,3099980805,0,1856,1856,741535,1,7529,11648,256,16,16,3
205,2,"[8, 256, 432, 1, 1, 0, 0, 0, 0, 0, 0, 0, 0, 0, 0, 0, 0, 0, 0, 0, 0, 0, 0, 0, 0, 0, 0, 0, 0, 0]",432,512,884736.0,4423680.0,2984526537,2984536528,3099982661,3100117796,800,11232,11232,741534,1,9991,135135,256,16,16,3
203,2,"[256, 432, 1, 1, 432, 1, 1, 1, 1, 0, 0, 1, 1, 1, 1, 1, 8, 0, 0, 0, 0, 0, 0, 0, 0, 0, 0, 0, 0, 0]",432,256,0.0,0.0,2984691942,2984789017,3100129028,3101790368,12544,47841,36064,741533,3,21172,1649563,256,16,16,3
152,2,"[8, 256, 432, 1, 1, 0, 0, 0, 0, 0, 0, 0, 0, 0, 0, 0, 0, 0, 0, 0, 0, 0, 0, 0, 0, 0, 0, 0, 0, 0]",216,128,110592.0,2654208.0,2984891821,2984898497,3101826432,3101836288,0,2016,2016,741532,1,6676,9856,256,16,16,3
205,2,"[8, 256, 432, 1, 1, 0, 0, 0, 0, 0, 0, 0, 0, 0, 0, 0, 0, 0, 0, 0, 0, 0, 0, 0, 0, 0, 0, 0, 0, 0]",432,512,884736.0,4423680.0,2984972286,2984980484,3101838304,3101973504,800,11936,11936,741530,1,8198,135200,256,16,16,3
203,2,"[256, 432, 1, 1, 432, 1, 1, 1, 1, 0, 0, 1, 1, 1, 1, 1, 8, 0, 0, 0, 0, 0, 0, 0, 0, 0, 0, 0, 0, 0]",432,256,0.0,0.0,2985130241,2985227947,3101985440,3103649884,12544,33728,18560,741529,3,21620,1649276,256,16,16,3
152,2,"[8, 256, 432, 1, 1, 0, 0, 0, 0, 0, 0, 0, 0, 0, 0, 0, 0, 0, 0, 0, 0, 0, 0, 0, 0, 0, 0, 0, 0, 0]",216,128,110592.0,2654208.0,2985319412,2985326058,3103668444,3103680347,0,2977,2977,741528,1,6646,11903,256,16,16,3
205,2,"[8, 256, 432, 1, 1, 0, 0, 0, 0, 0, 0, 0, 0, 0, 0, 0, 0, 0, 0, 0, 0, 0, 0, 0, 0, 0, 0, 0, 0, 0]",432,512,884736.0,4423680.0,2985389019,2985396926,3103683324,3103818331,800,11360,11360,741527,1,7907,135007,256,16,16,3
203,2,"[256, 432, 1, 1, 432, 1, 1, 3, 3, 1, 1, 1, 1, 1, 1, 9, 8, 0, 0, 0, 0, 0, 0, 0, 0, 0, 0, 0, 0, 0]",12288,256,0.0,0.0,2985538422,2985860296,3103829691,3105670487,4356,-6072948,21920,741526,27,131688,7935664,256,16,16,3
152,2,"[8, 256, 432, 1, 1, 0, 0, 0, 0, 0, 0, 0, 0, 0, 0, 0, 0, 0, 0, 0, 0, 0, 0, 0, 0, 0, 0, 0, 0, 0]",216,128,110592.0,2654208.0,2985960024,2985967422,3105692407,3105704599,0,3232,3232,741525,1,7398,12192,256,16,16,3
205,2,"[8, 256, 432, 1, 1, 0, 0, 0, 0, 0, 0, 0, 0, 0, 0, 0, 0, 0, 0, 0, 0, 0, 0, 0, 0, 0, 0, 0, 0, 0]",432,512,884736.0,4423680.0,2986029422,2986037267,3105707831,3105842614,800,12032,12032,741524,1,7845,134783,256,16,16,3
203,2,"[256, 432, 1, 1, 432, 1, 1, 1, 1, 0, 0, 1, 1, 1, 1, 1, 8, 0, 0, 0, 0, 0, 0, 0, 0, 0, 0, 0, 0, 0]",432,256,0.0,0.0,2986216740,2986320992,3105854646,3107519538,12544,50272,35456,741523,3,22491,1650076,256,16,16,3
152,2,"[8, 256, 432, 1, 1, 0, 0, 0, 0, 0, 0, 0, 0, 0, 0, 0, 0, 0, 0, 0, 0, 0, 0, 0, 0, 0, 0, 0, 0, 0]",216,128,110592.0,2654208.0,2986422694,2986429392,3107554994,3107565458,0,2592,2592,741522,1,6698,10464,256,16,16,3
205,2,"[8, 256, 432, 1, 1, 0, 0, 0, 0, 0, 0, 0, 0, 0, 0, 0, 0, 0, 0, 0, 0, 0, 0, 0, 0, 0, 0, 0, 0, 0]",432,512,884736.0,4423680.0,2986501809,2986512390,3107568050,3107702802,800,11936,11936,741520,1,10581,134752,256,16,16,3
203,2,"[256, 432, 1, 1, 432, 1, 1, 1, 1, 0, 0, 1, 1, 1, 1, 1, 8, 0, 0, 0, 0, 0, 0, 0, 0, 0, 0, 0, 0, 0]",432,256,0.0,0.0,2986662506,2986759067,3107714738,3109378190,12544,30943,16543,741519,3,21436,1649052,256,16,16,3
152,2,"[8, 256, 432, 1, 1, 0, 0, 0, 0, 0, 0, 0, 0, 0, 0, 0, 0, 0, 0, 0, 0, 0, 0, 0, 0, 0, 0, 0, 0, 0]",216,128,110592.0,2654208.0,2986841974,2986848813,3109394733,3109408142,0,1376,1376,741518,1,6839,13409,256,16,16,3
205,2,"[8, 256, 432, 1, 1, 0, 0, 0, 0, 0, 0, 0, 0, 0, 0, 0, 0, 0, 0, 0, 0, 0, 0, 0, 0, 0, 0, 0, 0, 0]",432,512,884736.0,4423680.0,2986910386,2986918539,3109409518,3109544237,800,11648,11648,741517,1,8153,134719,256,16,16,3
203,2,"[256, 432, 1, 1, 432, 1, 1, 3, 3, 1, 1, 1, 1, 1, 1, 9, 8, 0, 0, 0, 0, 0, 0, 0, 0, 0, 0, 0, 0, 0]",12288,256,0.0,0.0,2987066746,2987404641,3109555885,3111288361,4356,-6095794,28672,741516,27,131514,7856942,256,16,16,3
152,2,"[8, 256, 432, 1, 1, 0, 0, 0, 0, 0, 0, 0, 0, 0, 0, 0, 0, 0, 0, 0, 0, 0, 0, 0, 0, 0, 0, 0, 0, 0]",216,128,110592.0,2654208.0,2987507647,2987514612,3111317033,3111329289,0,1760,1760,741515,1,6965,12256,256,16,16,3
205,2,"[8, 256, 432, 1, 1, 0, 0, 0, 0, 0, 0, 0, 0, 0, 0, 0, 0, 0, 0, 0, 0, 0, 0, 0, 0, 0, 0, 0, 0, 0]",432,512,884736.0,4423680.0,2987576772,2987584808,3111331049,3111465608,800,11265,11265,741514,1,8036,134559,256,16,16,3
203,2,"[256, 432, 1, 1, 432, 1, 1, 1, 1, 0, 0, 1, 1, 1, 1, 1, 8, 0, 0, 0, 0, 0, 0, 0, 0, 0, 0, 0, 0, 0]",432,256,0.0,0.0,2987753700,2987852023,3111476873,3113141413,12544,51520,36512,741513,3,21317,1649532,256,16,16,3
152,2,"[8, 256, 432, 1, 1, 0, 0, 0, 0, 0, 0, 0, 0, 0, 0, 0, 0, 0, 0, 0, 0, 0, 0, 0, 0, 0, 0, 0, 0, 0]",216,128,110592.0,2654208.0,2987976965,2987984304,3113177925,3113188100,0,3296,3296,741512,1,7339,10175,256,16,16,3
205,2,"[8, 256, 432, 1, 1, 0, 0, 0, 0, 0, 0, 0, 0, 0, 0, 0, 0, 0, 0, 0, 0, 0, 0, 0, 0, 0, 0, 0, 0, 0]",432,512,884736.0,4423680.0,2988063960,2988072543,3113191396,3113326148,800,10656,10656,741510,1,8583,134752,256,16,16,3
203,2,"[256, 432, 1, 1, 432, 1, 1, 1, 1, 0, 0, 1, 1, 1, 1, 1, 8, 0, 0, 0, 0, 0, 0, 0, 0, 0, 0, 0, 0, 0]",432,256,0.0,0.0,2988231015,2988334641,3113336804,3115000128,12544,30816,16992,741509,3,22165,1649500,256,16,16,3
152,2,"[8, 256, 432, 1, 1, 0, 0, 0, 0, 0, 0, 0, 0, 0, 0, 0, 0, 0, 0, 0, 0, 0, 0, 0, 0, 0, 0, 0, 0, 0]",216,128,110592.0,2654208.0,2988418533,2988425800,3115017120,3115028064,0,3232,3232,741508,1,7267,10944,256,16,16,3
205,2,"[8, 256, 432, 1, 1, 0, 0, 0, 0, 0, 0, 0, 0, 0, 0, 0, 0, 0, 0, 0, 0, 0, 0, 0, 0, 0, 0, 0, 0, 0]",432,512,884736.0,4423680.0,2988493906,2988502353,3115031296,3115165792,800,12031,12031,741507,1,8447,134496,256,16,16,3
203,2,"[256, 432, 1, 1, 432, 1, 1, 3, 3, 1, 1, 1, 1, 1, 1, 9, 8, 0, 0, 0, 0, 0, 0, 0, 0, 0, 0, 0, 0, 0]",12288,256,0.0,0.0,2988658789,2989007804,3115177823,3117324858,4356,-6002737,21664,741506,27,139849,8171436,256,16,16,3
152,2,"[8, 256, 432, 1, 1, 0, 0, 0, 0, 0, 0, 0, 0, 0, 0, 0, 0, 0, 0, 0, 0, 0, 0, 0, 0, 0, 0, 0, 0, 0]",216,128,110592.0,2654208.0,2989116512,2989123966,3117346522,3117358074,0,2272,2272,741505,1,7454,11552,256,16,16,3
205,2,"[8, 256, 432, 1, 1, 0, 0, 0, 0, 0, 0, 0, 0, 0, 0, 0, 0, 0, 0, 0, 0, 0, 0, 0, 0, 0, 0, 0, 0, 0]",432,512,884736.0,4423680.0,2989211739,2989219675,3117360346,3117495162,800,18336,18336,741504,1,7936,134816,256,16,16,3
203,2,"[256, 432, 1, 1, 432, 1, 1, 1, 1, 0, 0, 1, 1, 1, 1, 1, 8, 0, 0, 0, 0, 0, 0, 0, 0, 0, 0, 0, 0, 0]",432,256,0.0,0.0,2989367856,2989463651,3117513498,3119176854,12544,49632,35456,741503,3,20546,1649180,256,16,16,3
152,2,"[8, 256, 432, 1, 1, 0, 0, 0, 0, 0, 0, 0, 0, 0, 0, 0, 0, 0, 0, 0, 0, 0, 0, 0, 0, 0, 0, 0, 0, 0]",216,128,110592.0,2654208.0,2989561072,2989567432,3119212310,3119222486,0,4480,4480,741502,1,6360,10176,256,16,16,3
205,2,"[8, 256, 432, 1, 1, 0, 0, 0, 0, 0, 0, 0, 0, 0, 0, 0, 0, 0, 0, 0, 0, 0, 0, 0, 0, 0, 0, 0, 0, 0]",432,512,884736.0,4423680.0,2989638152,2989645973,3119226966,3119361621,800,11264,11264,741500,1,7821,134655,256,16,16,3
203,2,"[256, 432, 1, 1, 432, 1, 1, 1, 1, 0, 0, 1, 1, 1, 1, 1, 8, 0, 0, 0, 0, 0, 0, 0, 0, 0, 0, 0, 0, 0]",432,256,0.0,0.0,2989793982,2989885757,3119372885,3121037073,12544,32257,17536,741499,3,20631,1649467,256,16,16,3
152,2,"[8, 256, 432, 1, 1, 0, 0, 0, 0, 0, 0, 0, 0, 0, 0, 0, 0, 0, 0, 0, 0, 0, 0, 0, 0, 0, 0, 0, 0, 0]",216,128,110592.0,2654208.0,2989963255,2989970142,3121054609,3121066481,0,3104,3104,741498,1,6887,11872,256,16,16,3
205,2,"[8, 256, 432, 1, 1, 0, 0, 0, 0, 0, 0, 0, 0, 0, 0, 0, 0, 0, 0, 0, 0, 0, 0, 0, 0, 0, 0, 0, 0, 0]",432,512,884736.0,4423680.0,2990032283,2990040193,3121069585,3121204529,800,12448,12448,741497,1,7910,134944,256,16,16,3
203,2,"[256, 432, 1, 1, 432, 1, 1, 3, 3, 1, 1, 1, 1, 1, 1, 9, 8, 0, 0, 0, 0, 0, 0, 0, 0, 0, 0, 0, 0, 0]",12288,256,0.0,0.0,2990220015,2990555684,3121216977,3122935373,4356,-6206320,20703,741496,27,137843,7945419,256,16,16,3
152,2,"[8, 256, 432, 1, 1, 0, 0, 0, 0, 0, 0, 0, 0, 0, 0, 0, 0, 0, 0, 0, 0, 0, 0, 0, 0, 0, 0, 0, 0, 0]",216,128,110592.0,2654208.0,2990659566,2990666908,3122956076,3122968941,0,2847,2847,741495,1,7342,12865,256,16,16,3
205,2,"[8, 256, 432, 1, 1, 0, 0, 0, 0, 0, 0, 0, 0, 0, 0, 0, 0, 0, 0, 0, 0, 0, 0, 0, 0, 0, 0, 0, 0, 0]",432,512,884736.0,4423680.0,2990731284,2990739135,3122971788,3123106636,800,12288,12288,741494,1,7851,134848,256,16,16,3
203,2,"[256, 432, 1, 1, 432, 1, 1, 1, 1, 0, 0, 1, 1, 1, 1, 1, 8, 0, 0, 0, 0, 0, 0, 0, 0, 0, 0, 0, 0, 0]",432,256,0.0,0.0,2990902533,2991002652,3123118924,3124779592,12544,48031,36480,741493,3,21986,1649117,256,16,16,3
152,2,"[8, 256, 432, 1, 1, 0, 0, 0, 0, 0, 0, 0, 0, 0, 0, 0, 0, 0, 0, 0, 0, 0, 0, 0, 0, 0, 0, 0, 0, 0]",216,128,110592.0,2654208.0,2991109233,2991115891,3124816072,3124826312,0,3488,3488,741492,1,6658,10240,256,16,16,3
205,2,"[8, 256, 432, 1, 1, 0, 0, 0, 0, 0, 0, 0, 0, 0, 0, 0, 0, 0, 0, 0, 0, 0, 0, 0, 0, 0, 0, 0, 0, 0]",432,512,884736.0,4423680.0,2991190223,2991198023,3124829800,3124964520,800,11296,11296,741490,1,7800,134720,256,16,16,3
203,2,"[256, 432, 1, 1, 432, 1, 1, 1, 1, 0, 0, 1, 1, 1, 1, 1, 8, 0, 0, 0, 0, 0, 0, 0, 0, 0, 0, 0, 0, 0]",432,256,0.0,0.0,2991347344,2991444310,3124975816,3126638724,12544,31808,17408,741489,3,20912,1648508,256,16,16,3
152,2,"[8, 256, 432, 1, 1, 0, 0, 0, 0, 0, 0, 0, 0, 0, 0, 0, 0, 0, 0, 0, 0, 0, 0, 0, 0, 0, 0, 0, 0, 0]",216,128,110592.0,2654208.0,2991523653,2991530458,3126656132,3126668323,0,3585,3585,741488,1,6805,12191,256,16,16,3
205,2,"[8, 256, 432, 1, 1, 0, 0, 0, 0, 0, 0, 0, 0, 0, 0, 0, 0, 0, 0, 0, 0, 0, 0, 0, 0, 0, 0, 0, 0, 0]",432,512,884736.0,4423680.0,2991591501,2991599418,3126671908,3126806531,800,12864,12864,741487,1,7917,134623,256,16,16,3
203,2,"[256, 432, 1, 1, 432, 1, 1, 3, 3, 1, 1, 1, 1, 1, 1, 9, 8, 0, 0, 0, 0, 0, 0, 0, 0, 0, 0, 0, 0, 0]",12288,256,0.0,0.0,2991746356,2992081867,3126819395,3128965726,4356,-6033106,22304,741486,27,136926,8201741,256,16,16,3
152,2,"[8, 256, 432, 1, 1, 0, 0, 0, 0, 0, 0, 0, 0, 0, 0, 0, 0, 0, 0, 0, 0, 0, 0, 0, 0, 0, 0, 0, 0, 0]",216,128,110592.0,2654208.0,2992183731,2992190966,3128988030,3128998558,0,2816,2816,741485,1,7235,10528,256,16,16,3
205,2,"[8, 256, 432, 1, 1, 0, 0, 0, 0, 0, 0, 0, 0, 0, 0, 0, 0, 0, 0, 0, 0, 0, 0, 0, 0, 0, 0, 0, 0, 0]",432,512,884736.0,4423680.0,2992255953,2992263821,3129001374,3129136030,800,11423,11423,741484,1,7868,134656,256,16,16,3
203,2,"[256, 432, 1, 1, 432, 1, 1, 1, 1, 0, 0, 1, 1, 1, 1, 1, 8, 0, 0, 0, 0, 0, 0, 0, 0, 0, 0, 0, 0, 0]",432,256,0.0,0.0,2992416085,2992513899,3129147453,3130812058,12544,47679,32607,741483,3,22104,1649533,256,16,16,3
152,2,"[8, 256, 432, 1, 1, 0, 0, 0, 0, 0, 0, 0, 0, 0, 0, 0, 0, 0, 0, 0, 0, 0, 0, 0, 0, 0, 0, 0, 0, 0]",216,128,110592.0,2654208.0,2992615815,2992622407,3130844665,3130855545,0,1536,1536,741482,1,6592,10880,256,16,16,3
205,2,"[8, 256, 432, 1, 1, 0, 0, 0, 0, 0, 0, 0, 0, 0, 0, 0, 0, 0, 0, 0, 0, 0, 0, 0, 0, 0, 0, 0, 0, 0]",432,512,884736.0,4423680.0,2992694805,2992702427,3130857081,3130991929,800,11584,11584,741480,1,7622,134848,256,16,16,3
203,2,"[256, 432, 1, 1, 432, 1, 1, 1, 1, 0, 0, 1, 1, 1, 1, 1, 8, 0, 0, 0, 0, 0, 0, 0, 0, 0, 0, 0, 0, 0]",432,256,0.0,0.0,2992852525,2992946662,3131003513,3132667893,12544,30592,15552,741479,3,20894,1649340,256,16,16,3
152,2,"[8, 256, 432, 1, 1, 0, 0, 0, 0, 0, 0, 0, 0, 0, 0, 0, 0, 0, 0, 0, 0, 0, 0, 0, 0, 0, 0, 0, 0, 0]",216,128,110592.0,2654208.0,2993025610,2993032318,3132683445,3132694901,0,3200,3200,741478,1,6708,11456,256,16,16,3
205,2,"[8, 256, 432, 1, 1, 0, 0, 0, 0, 0, 0, 0, 0, 0, 0, 0, 0, 0, 0, 0, 0, 0, 0, 0, 0, 0, 0, 0, 0, 0]",432,512,884736.0,4423680.0,2993095444,2993103619,3132698101,3132833044,800,21024,21024,741477,1,8175,134943,256,16,16,3
203,2,"[256, 432, 1, 1, 432, 1, 1, 3, 3, 1, 1, 1, 1, 1, 1, 9, 8, 0, 0, 0, 0, 0, 0, 0, 0, 0, 0, 0, 0, 0]",12288,256,0.0,0.0,2993249472,2993578496,3132854068,3134642064,4356,-6265614,19744,741476,27,134117,8073354,256,16,16,3
152,2,"[8, 256, 432, 1, 1, 0, 0, 0, 0, 0, 0, 0, 0, 0, 0, 0, 0, 0, 0, 0, 0, 0, 0, 0, 0, 0, 0, 0, 0, 0]",216,128,110592.0,2654208.0,2993681515,2993688788,3134661808,3134672944,0,3520,3520,741475,1,7273,11136,256,16,16,3
205,2,"[8, 256, 432, 1, 1, 0, 0, 0, 0, 0, 0, 0, 0, 0, 0, 0, 0, 0, 0, 0, 0, 0, 0, 0, 0, 0, 0, 0, 0, 0]",432,512,884736.0,4423680.0,2993751747,2993759501,3134676464,3134811536,800,11104,11104,741474,1,7754,135072,256,16,16,3
203,2,"[256, 432, 1, 1, 432, 1, 1, 1, 1, 0, 0, 1, 1, 1, 1, 1, 8, 0, 0, 0, 0, 0, 0, 0, 0, 0, 0, 0, 0, 0]",432,256,0.0,0.0,2993909755,2994007374,3134822640,3136485131,12544,48607,35392,741473,3,23007,1649276,256,16,16,3
152,2,"[8, 256, 432, 1, 1, 0, 0, 0, 0, 0, 0, 0, 0, 0, 0, 0, 0, 0, 0, 0, 0, 0, 0, 0, 0, 0, 0, 0, 0, 0]",216,128,110592.0,2654208.0,2994107982,2994114849,3136520523,3136532587,0,3585,3585,741472,1,6867,12064,256,16,16,3
205,2,"[8, 256, 432, 1, 1, 0, 0, 0, 0, 0, 0, 0, 0, 0, 0, 0, 0, 0, 0, 0, 0, 0, 0, 0, 0, 0, 0, 0, 0, 0]",432,512,884736.0,4423680.0,2994218295,2994227240,3136536172,3136671115,800,10400,10400,741470,1,8945,134943,256,16,16,3
203,2,"[256, 432, 1, 1, 432, 1, 1, 1, 1, 0, 0, 1, 1, 1, 1, 1, 8, 0, 0, 0, 0, 0, 0, 0, 0, 0, 0, 0, 0, 0]",432,256,0.0,0.0,2994388382,2994489561,3136681515,3138345703,12544,31968,17280,741469,3,22194,1649500,256,16,16,3
152,2,"[8, 256, 432, 1, 1, 0, 0, 0, 0, 0, 0, 0, 0, 0, 0, 0, 0, 0, 0, 0, 0, 0, 0, 0, 0, 0, 0, 0, 0, 0]",216,128,110592.0,2654208.0,2994575376,2994582552,3138362983,3138375143,0,1664,1664,741468,1,7176,12160,256,16,16,3
205,2,"[8, 256, 432, 1, 1, 0, 0, 0, 0, 0, 0, 0, 0, 0, 0, 0, 0, 0, 0, 0, 0, 0, 0, 0, 0, 0, 0, 0, 0, 0]",432,512,884736.0,4423680.0,2994649322,2994657379,3138376807,3138511303,800,11232,11232,741467,1,8057,134496,256,16,16,3
203,2,"[256, 432, 2, 2, 432, 1, 1, 3, 3, 1, 1, 2, 2, 1, 1, 9, 8, 0, 0, 0, 0, 0, 0, 0, 0, 0, 0, 0, 0, 0]",12288,256,10616832.0,657408.0,2994812493,2995159740,3138522535,3152210565,6404,-4757718,23040,741466,27,137475,18468788,256,16,16,3
152,2,"[8, 256, 432, 2, 2, 0, 0, 0, 0, 0, 0, 0, 0, 0, 0, 0, 0, 0, 0, 0, 0, 0, 0, 0, 0, 0, 0, 0, 0, 0]",864,128,442368.0,10616832.0,2995258739,2995265925,3152233605,3152285957,0,1664,1664,741465,1,7186,52352,256,16,16,3
205,2,"[8, 256, 432, 2, 2, 0, 0, 0, 0, 0, 0, 0, 0, 0, 0, 0, 0, 0, 0, 0, 0, 0, 0, 0, 0, 0, 0, 0, 0, 0]",432,512,3538944.0,17694720.0,2995328431,2995336340,3152287621,3152445029,800,10144,10144,741464,1,7909,157408,256,16,16,3
203,2,"[256, 192, 2, 2, 432, 2, 2, 1, 1, 0, 0, 1, 1, 1, 1, 1, 8, 0, 0, 0, 0, 0, 0, 0, 0, 0, 0, 0, 0, 0]",768,256,169869312.0,5775360.0,2995473442,2995573624,3152455173,3158942869,6404,20576,9120,741463,3,21318,6476240,256,16,16,3
205,2,"[8, 256, 432, 1, 1, 0, 0, 0, 0, 0, 0, 0, 0, 0, 0, 0, 0, 0, 0, 0, 0, 0, 0, 0, 0, 0, 0, 0, 0, 0]",432,512,884736.0,4423680.0,2995682779,2995690791,3158951989,3159087700,800,8960,8960,741462,1,8012,135711,256,16,16,3
203,2,"[256, 192, 2, 2, 432, 1, 1, 1, 1, 0, 0, 2, 2, 1, 1, 1, 8, 0, 0, 0, 0, 0, 0, 0, 0, 0, 0, 0, 0, 0]",768,256,42467328.0,3121152.0,2995824960,2995921027,3159096660,3165377029,12548,47551,36064,741461,3,23057,6268882,256,16,16,3
152,2,"[8, 256, 192, 2, 2, 0, 0, 0, 0, 0, 0, 0, 0, 0, 0, 0, 0, 0, 0, 0, 0, 0, 0, 0, 0, 0, 0, 0, 0, 0]",384,128,196608.0,4718592.0,2996020617,2996027636,3165413093,3165429349,0,1920,1920,741460,1,7019,16256,256,16,16,3
205,2,"[8, 256, 192, 2, 2, 0, 0, 0, 0, 0, 0, 0, 0, 0, 0, 0, 0, 0, 0, 0, 0, 0, 0, 0, 0, 0, 0, 0, 0, 0]",192,512,1572864.0,7864320.0,2996099483,2996107398,3165431269,3165504293,800,10368,10368,741458,1,7915,73024,256,16,16,3
203,2,"[256, 192, 2, 2, 192, 2, 2, 1, 1, 0, 0, 1, 1, 1, 1, 1, 8, 0, 0, 0, 0, 0, 0, 0, 0, 0, 0, 0, 0, 0]",768,256,0.0,0.0,2996264819,2996373393,3165514661,3166415619,12544,20224,8096,741457,3,21523,888830,256,16,16,3
152,2,"[8, 256, 192, 2, 2, 0, 0, 0, 0, 0, 0, 0, 0, 0, 0, 0, 0, 0, 0, 0, 0, 0, 0, 0, 0, 0, 0, 0, 0, 0]",384,128,196608.0,4718592.0,2996451019,2996457750,3166423715,3166437603,0,1728,1728,741456,1,6731,13888,256,16,16,3
205,2,"[8, 256, 192, 2, 2, 0, 0, 0, 0, 0, 0, 0, 0, 0, 0, 0, 0, 0, 0, 0, 0, 0, 0, 0, 0, 0, 0, 0, 0, 0]",192,512,1572864.0,7864320.0,2996519639,2996527099,3166439331,3166512418,800,11328,11328,741455,1,7460,73087,256,16,16,3
203,2,"[256, 192, 2, 2, 192, 2, 2, 3, 3, 1, 1, 1, 1, 1, 1, 4, 8, 0, 0, 0, 0, 0, 0, 0, 0, 0, 0, 0, 0, 0]",12288,256,0.0,0.0,2996667165,2996849524,3166523746,3169975930,6400,-3607383,11808,741454,12,66934,7071375,256,16,16,3
152,2,"[8, 256, 192, 2, 2, 0, 0, 0, 0, 0, 0, 0, 0, 0, 0, 0, 0, 0, 0, 0, 0, 0, 0, 0, 0, 0, 0, 0, 0, 0]",384,128,196608.0,4718592.0,2996940689,2996947713,3169987738,3170004186,0,1536,1536,741453,1,7024,16448,256,16,16,3
205,2,"[8, 256, 192, 2, 2, 0, 0, 0, 0, 0, 0, 0, 0, 0, 0, 0, 0, 0, 0, 0, 0, 0, 0, 0, 0, 0, 0, 0, 0, 0]",192,512,1572864.0,7864320.0,2997008077,2997015835,3170005722,3170078618,800,10464,10464,741452,1,7758,72896,256,16,16,3
203,2,"[256, 192, 2, 2, 192, 2, 2, 1, 1, 0, 0, 1, 1, 1, 1, 1, 8, 0, 0, 0, 0, 0, 0, 0, 0, 0, 0, 0, 0, 0]",768,256,0.0,0.0,2997166273,2997260187,3170089082,3170987576,12544,43359,32159,741451,3,20031,887294,256,16,16,3
152,2,"[8, 256, 192, 2, 2, 0, 0, 0, 0, 0, 0, 0, 0, 0, 0, 0, 0, 0, 0, 0, 0, 0, 0, 0, 0, 0, 0, 0, 0, 0]",384,128,196608.0,4718592.0,2997357204,2997366718,3171019735,3171032375,0,1888,1888,741450,1,9514,12640,256,16,16,3
205,2,"[8, 256, 192, 2, 2, 0, 0, 0, 0, 0, 0, 0, 0, 0, 0, 0, 0, 0, 0, 0, 0, 0, 0, 0, 0, 0, 0, 0, 0, 0]",192,512,1572864.0,7864320.0,2997435985,2997443627,3171034263,3171107927,800,11904,11904,741448,1,7642,73664,256,16,16,3
203,2,"[256, 192, 2, 2, 192, 2, 2, 1, 1, 0, 0, 1, 1, 1, 1, 1, 8, 0, 0, 0, 0, 0, 0, 0, 0, 0, 0, 0, 0, 0]",768,256,0.0,0.0,2997586193,2997699582,3171119831,3172018357,12544,17280,6432,741447,3,20865,887678,256,16,16,3
152,2,"[8, 256, 192, 2, 2, 0, 0, 0, 0, 0, 0, 0, 0, 0, 0, 0, 0, 0, 0, 0, 0, 0, 0, 0, 0, 0, 0, 0, 0, 0]",384,128,196608.0,4718592.0,2997778270,2997785217,3172024789,3172039829,0,1216,1216,741446,1,6947,15040,256,16,16,3
205,2,"[8, 256, 192, 2, 2, 0, 0, 0, 0, 0, 0, 0, 0, 0, 0, 0, 0, 0, 0, 0, 0, 0, 0, 0, 0, 0, 0, 0, 0, 0]",192,512,1572864.0,7864320.0,2997847832,2997855674,3172041045,3172114901,800,11776,11776,741445,1,7842,73856,256,16,16,3
203,2,"[256, 192, 2, 2, 192, 2, 2, 3, 3, 1, 1, 1, 1, 1, 1, 4, 8, 0, 0, 0, 0, 0, 0, 0, 0, 0, 0, 0, 0, 0]",12288,256,0.0,0.0,2997997043,2998187750,3172126677,3176745770,6400,-2713500,11999,741444,12,74896,7344592,256,16,16,3
152,2,"[8, 256, 192, 2, 2, 0, 0, 0, 0, 0, 0, 0, 0, 0, 0, 0, 0, 0, 0, 0, 0, 0, 0, 0, 0, 0, 0, 0, 0, 0]",384,128,196608.0,4718592.0,2998285521,2998292864,3176757769,3176774921,0,1792,1792,741443,1,7343,17152,256,16,16,3
205,2,"[8, 256, 192, 2, 2, 0, 0, 0, 0, 0, 0, 0, 0, 0, 0, 0, 0, 0, 0, 0, 0, 0, 0, 0, 0, 0, 0, 0, 0, 0]",192,512,1572864.0,7864320.0,2998355426,2998363512,3176776713,3176850889,800,10112,10112,741442,1,8086,74176,256,16,16,3
203,2,"[256, 192, 2, 2, 192, 2, 2, 1, 1, 0, 0, 1, 1, 1, 1, 1, 8, 0, 0, 0, 0, 0, 0, 0, 0, 0, 0, 0, 0, 0]",768,256,0.0,0.0,2998514578,2998617068,3176861001,3177759047,12544,46976,35616,741441,3,21057,886686,256,16,16,3
152,2,"[8, 256, 192, 2, 2, 0, 0, 0, 0, 0, 0, 0, 0, 0, 0, 0, 0, 0, 0, 0, 0, 0, 0, 0, 0, 0, 0, 0, 0, 0]",384,128,196608.0,4718592.0,2998716871,2998723855,3177794663,3177808615,0,1248,1248,741440,1,6984,13952,256,16,16,3
205,2,"[8, 256, 192, 2, 2, 0, 0, 0, 0, 0, 0, 0, 0, 0, 0, 0, 0, 0, 0, 0, 0, 0, 0, 0, 0, 0, 0, 0, 0, 0]",192,512,1572864.0,7864320.0,2998794459,2998804649,3177809863,3177882759,800,10752,10752,741438,1,10190,72896,256,16,16,3
203,2,"[256, 192, 2, 2, 192, 2, 2, 1, 1, 0, 0, 1, 1, 1, 1, 1, 8, 0, 0, 0, 0, 0, 0, 0, 0, 0, 0, 0, 0, 0]",768,256,0.0,0.0,2998952762,2999047351,3177893511,3178791716,12544,17824,7008,741437,3,20577,887389,256,16,16,3
152,2,"[8, 256, 192, 2, 2, 0, 0, 0, 0, 0, 0, 0, 0, 0, 0, 0, 0, 0, 0, 0, 0, 0, 0, 0, 0, 0, 0, 0, 0, 0]",384,128,196608.0,4718592.0,2999128650,2999135468,3178798724,3178811812,0,1504,1504,741436,1,6818,13088,256,16,16,3
205,2,"[8, 256, 192, 2, 2, 0, 0, 0, 0, 0, 0, 0, 0, 0, 0, 0, 0, 0, 0, 0, 0, 0, 0, 0, 0, 0, 0, 0, 0, 0]",192,512,1572864.0,7864320.0,2999196154,2999204285,3178813316,3178888100,800,11168,11168,741435,1,8131,74784,256,16,16,3
203,2,"[256, 192, 2, 2, 192, 2, 2, 3, 3, 1, 1, 1, 1, 1, 1, 4, 8, 0, 0, 0, 0, 0, 0, 0, 0, 0, 0, 0, 0, 0]",12288,256,0.0,0.0,2999346984,2999518724,3178899268,3182931066,6400,-2697145,11936,741434,12,61220,6740879,256,16,16,3
152,2,"[8, 256, 192, 2, 2, 0, 0, 0, 0, 0, 0, 0, 0, 0, 0, 0, 0, 0, 0, 0, 0, 0, 0, 0, 0, 0, 0, 0, 0, 0]",384,128,196608.0,4718592.0,2999609026,2999616132,3182943002,3182959195,0,2399,2399,741433,1,7106,16193,256,16,16,3
205,2,"[8, 256, 192, 2, 2, 0, 0, 0, 0, 0, 0, 0, 0, 0, 0, 0, 0, 0, 0, 0, 0, 0, 0, 0, 0, 0, 0, 0, 0, 0]",192,512,1572864.0,7864320.0,2999677460,2999687382,3182961594,3183034362,800,10816,10816,741432,1,9922,72768,256,16,16,3
203,2,"[256, 192, 2, 2, 192, 2, 2, 1, 1, 0, 0, 1, 1, 1, 1, 1, 8, 0, 0, 0, 0, 0, 0, 0, 0, 0, 0, 0, 0, 0]",768,256,0.0,0.0,2999844807,2999938690,3183045178,3183945976,12544,44736,32384,741431,3,21484,888446,256,16,16,3
152,2,"[8, 256, 192, 2, 2, 0, 0, 0, 0, 0, 0, 0, 0, 0, 0, 0, 0, 0, 0, 0, 0, 0, 0, 0, 0, 0, 0, 0, 0, 0]",384,128,196608.0,4718592.0,3000037716,3000044718,3183978360,3183992920,0,1888,1888,741430,1,7002,14560,256,16,16,3
205,2,"[8, 256, 192, 2, 2, 0, 0, 0, 0, 0, 0, 0, 0, 0, 0, 0, 0, 0, 0, 0, 0, 0, 0, 0, 0, 0, 0, 0, 0, 0]",192,512,1572864.0,7864320.0,3000114463,3000122402,3183994808,3184067544,800,10080,10080,741428,1,7939,72736,256,16,16,3
203,2,"[256, 192, 2, 2, 192, 2, 2, 1, 1, 0, 0, 1, 1, 1, 1, 1, 8, 0, 0, 0, 0, 0, 0, 0, 0, 0, 0, 0, 0, 0]",768,256,0.0,0.0,3000266830,3000360461,3184077624,3184977814,12544,19806,8095,741427,3,20488,888479,256,16,16,3
152,2,"[8, 256, 192, 2, 2, 0, 0, 0, 0, 0, 0, 0, 0, 0, 0, 0, 0, 0, 0, 0, 0, 0, 0, 0, 0, 0, 0, 0, 0, 0]",384,128,196608.0,4718592.0,3000454913,3000461724,3184985909,3185000533,0,1824,1824,741426,1,6811,14624,256,16,16,3
205,2,"[8, 256, 192, 2, 2, 0, 0, 0, 0, 0, 0, 0, 0, 0, 0, 0, 0, 0, 0, 0, 0, 0, 0, 0, 0, 0, 0, 0, 0, 0]",192,512,1572864.0,7864320.0,3000524517,3000532442,3185002357,3185076789,800,12864,12864,741425,1,7925,74432,256,16,16,3
203,2,"[256, 192, 2, 2, 192, 2, 2, 3, 3, 1, 1, 1, 1, 1, 1, 4, 8, 0, 0, 0, 0, 0, 0, 0, 0, 0, 0, 0, 0, 0]",12288,256,0.0,0.0,3000671207,3000847190,3185089653,3189126475,6400,-2832025,9440,741424,12,65385,6878287,256,16,16,3
152,2,"[8, 256, 192, 2, 2, 0, 0, 0, 0, 0, 0, 0, 0, 0, 0, 0, 0, 0, 0, 0, 0, 0, 0, 0, 0, 0, 0, 0, 0, 0]",384,128,196608.0,4718592.0,3000937288,3000944321,3189135915,3189153771,0,2240,2240,741423,1,7033,17856,256,16,16,3
205,2,"[8, 256, 192, 2, 2, 0, 0, 0, 0, 0, 0, 0, 0, 0, 0, 0, 0, 0, 0, 0, 0, 0, 0, 0, 0, 0, 0, 0, 0, 0]",192,512,1572864.0,7864320.0,3001005743,3001013373,3189156011,3189229899,800,10336,10336,741422,1,7630,73888,256,16,16,3
203,2,"[256, 192, 2, 2, 192, 2, 2, 1, 1, 0, 0, 1, 1, 1, 1, 1, 8, 0, 0, 0, 0, 0, 0, 0, 0, 0, 0, 0, 0, 0]",768,256,0.0,0.0,3001166941,3001263838,3189240235,3190138377,12544,43808,32736,741421,3,21560,887070,256,16,16,3
152,2,"[8, 256, 192, 2, 2, 0, 0, 0, 0, 0, 0, 0, 0, 0, 0, 0, 0, 0, 0, 0, 0, 0, 0, 0, 0, 0, 0, 0, 0, 0]",384,128,196608.0,4718592.0,3001362975,3001369763,3190171113,3190185897,0,2624,2624,741420,1,6788,14784,256,16,16,3
205,2,"[8, 256, 192, 2, 2, 0, 0, 0, 0, 0, 0, 0, 0, 0, 0, 0, 0, 0, 0, 0, 0, 0, 0, 0, 0, 0, 0, 0, 0, 0]",192,512,1572864.0,7864320.0,3001442545,3001450529,3190188521,3190261897,800,10848,10848,741418,1,7984,73376,256,16,16,3
203,2,"[256, 192, 2, 2, 192, 2, 2, 1, 1, 0, 0, 1, 1, 1, 1, 1, 8, 0, 0, 0, 0, 0, 0, 0, 0, 0, 0, 0, 0, 0]",768,256,0.0,0.0,3001597988,3001696901,3190272745,3191171398,12544,19584,8032,741417,3,21699,887101,256,16,16,3
152,2,"[8, 256, 192, 2, 2, 0, 0, 0, 0, 0, 0, 0, 0, 0, 0, 0, 0, 0, 0, 0, 0, 0, 0, 0, 0, 0, 0, 0, 0, 0]",384,128,196608.0,4718592.0,3001786206,3001792768,3191179430,3191192966,0,1888,1888,741416,1,6562,13536,256,16,16,3
205,2,"[8, 256, 192, 2, 2, 0, 0, 0, 0, 0, 0, 0, 0, 0, 0, 0, 0, 0, 0, 0, 0, 0, 0, 0, 0, 0, 0, 0, 0, 0]",192,512,1572864.0,7864320.0,3001851911,3001859236,3191194854,3191269542,800,12352,12352,741415,1,7325,74688,256,16,16,3
203,2,"[256, 192, 2, 2, 192, 2, 2, 3, 3, 1, 1, 1, 1, 1, 1, 4, 8, 0, 0, 0, 0, 0, 0, 0, 0, 0, 0, 0, 0, 0]",12288,256,0.0,0.0,3001997627,3002175851,3191281894,3195586396,6400,-2702776,11039,741414,12,69925,7018317,256,16,16,3
152,2,"[8, 256, 192, 2, 2, 0, 0, 0, 0, 0, 0, 0, 0, 0, 0, 0, 0, 0, 0, 0, 0, 0, 0, 0, 0, 0, 0, 0, 0, 0]",384,128,196608.0,4718592.0,3002289038,3002296305,3195597435,3195613820,0,1248,1248,741413,1,7267,16385,256,16,16,3
205,2,"[8, 256, 192, 2, 2, 0, 0, 0, 0, 0, 0, 0, 0, 0, 0, 0, 0, 0, 0, 0, 0, 0, 0, 0, 0, 0, 0, 0, 0, 0]",192,512,1572864.0,7864320.0,3002360249,3002367969,3195615068,3195689468,800,10335,10335,741412,1,7720,74400,256,16,16,3
203,2,"[256, 192, 2, 2, 192, 2, 2, 1, 1, 0, 0, 1, 1, 1, 1, 1, 8, 0, 0, 0, 0, 0, 0, 0, 0, 0, 0, 0, 0, 0]",768,256,0.0,0.0,3002517969,3002617661,3195699803,3196600697,12544,42176,30816,741411,3,22080,889534,256,16,16,3
152,2,"[8, 256, 192, 2, 2, 0, 0, 0, 0, 0, 0, 0, 0, 0, 0, 0, 0, 0, 0, 0, 0, 0, 0, 0, 0, 0, 0, 0, 0, 0]",384,128,196608.0,4718592.0,3002717278,3002723961,3196631513,3196645753,0,2912,2912,741410,1,6683,14240,256,16,16,3
205,2,"[8, 256, 192, 2, 2, 0, 0, 0, 0, 0, 0, 0, 0, 0, 0, 0, 0, 0, 0, 0, 0, 0, 0, 0, 0, 0, 0, 0, 0, 0]",192,512,1572864.0,7864320.0,3002794798,3002802459,3196648665,3196722361,800,10976,10976,741408,1,7661,73696,256,16,16,3
203,2,"[256, 192, 2, 2, 192, 2, 2, 1, 1, 0, 0, 1, 1, 1, 1, 1, 8, 0, 0, 0, 0, 0, 0, 0, 0, 0, 0, 0, 0, 0]",768,256,0.0,0.0,3002953648,3003049199,3196733337,3197632567,12544,18528,8032,741407,3,21234,888734,256,16,16,3
152,2,"[8, 256, 192, 2, 2, 0, 0, 0, 0, 0, 0, 0, 0, 0, 0, 0, 0, 0, 0, 0, 0, 0, 0, 0, 0, 0, 0, 0, 0, 0]",384,128,196608.0,4718592.0,3003128275,3003135107,3197640599,3197653623,0,1568,1568,741406,1,6832,13024,256,16,16,3
205,2,"[8, 256, 192, 2, 2, 0, 0, 0, 0, 0, 0, 0, 0, 0, 0, 0, 0, 0, 0, 0, 0, 0, 0, 0, 0, 0, 0, 0, 0, 0]",192,512,1572864.0,7864320.0,3003199377,3003207278,3197655191,3197727958,800,12001,12001,741405,1,7901,72767,256,16,16,3
203,2,"[256, 192, 4, 4, 192, 2, 2, 3, 3, 1, 1, 2, 2, 1, 1, 4, 8, 0, 0, 0, 0, 0, 0, 0, 0, 0, 0, 0, 0, 0]",12288,512,42467328.0,2131968.0,3003354172,3003556573,3197739959,3216303881,25600,-2914073,14752,741404,12,77767,21492747,256,16,16,3
152,2,"[8, 256, 192, 4, 4, 0, 0, 0, 0, 0, 0, 0, 0, 0, 0, 0, 0, 0, 0, 0, 0, 0, 0, 0, 0, 0, 0, 0, 0, 0]",1536,128,786432.0,18874368.0,3003663387,3003670512,3216318633,3216408201,0,1248,1248,741403,1,7125,89568,256,16,16,3
205,2,"[8, 256, 192, 4, 4, 0, 0, 0, 0, 0, 0, 0, 0, 0, 0, 0, 0, 0, 0, 0, 0, 0, 0, 0, 0, 0, 0, 0, 0, 0]",192,512,6291456.0,31457280.0,3003732939,3003741215,3216409449,3216573865,800,9727,9727,741402,1,8276,164416,256,16,16,3
203,2,"[256, 96, 4, 4, 192, 4, 4, 1, 1, 0, 0, 1, 1, 1, 1, 1, 8, 0, 0, 0, 0, 0, 0, 0, 0, 0, 0, 0, 0, 0]",1536,256,150994944.0,9584640.0,3003877962,3003966996,3216583592,3219451969,18688,15009,6880,741401,3,22851,2860248,256,16,16,3
205,2,"[8, 256, 192, 2, 2, 0, 0, 0, 0, 0, 0, 0, 0, 0, 0, 0, 0, 0, 0, 0, 0, 0, 0, 0, 0, 0, 0, 0, 0, 0]",192,512,1572864.0,7864320.0,3004073528,3004081157,3219458849,3219531745,800,9792,9792,741400,1,7629,72896,256,16,16,3
203,2,"[256, 96, 4, 4, 192, 2, 2, 1, 1, 0, 0, 2, 2, 1, 1, 1, 8, 0, 0, 0, 0, 0, 0, 0, 0, 0, 0, 0, 0, 0]",1536,256,37748736.0,4866048.0,3004211915,3004310447,3219541537,3222010875,12548,60800,50560,741399,3,21028,2459098,256,16,16,3
152,2,"[8, 256, 96, 4, 4, 0, 0, 0, 0, 0, 0, 0, 0, 0, 0, 0, 0, 0, 0, 0, 0, 0, 0, 0, 0, 0, 0, 0, 0, 0]",768,128,393216.0,9437184.0,3004409536,3004416406,3222061435,3222106843,0,1824,1824,741398,1,6870,45408,256,16,16,3
205,2,"[8, 256, 96, 4, 4, 0, 0, 0, 0, 0, 0, 0, 0, 0, 0, 0, 0, 0, 0, 0, 0, 0, 0, 0, 0, 0, 0, 0, 0, 0]",96,512,3145728.0,15728640.0,3004486729,3004494445,3222108667,3222193307,800,9952,9952,741396,1,7716,84640,256,16,16,3
203,2,"[256, 96, 4, 4, 96, 4, 4, 1, 1, 0, 0, 1, 1, 1, 1, 1, 8, 0, 0, 0, 0, 0, 0, 0, 0, 0, 0, 0, 0, 0]",1536,256,0.0,0.0,3004644075,3004732022,3222203259,3223055353,10496,14656,6496,741395,3,20983,843934,256,16,16,3
152,2,"[8, 256, 96, 4, 4, 0, 0, 0, 0, 0, 0, 0, 0, 0, 0, 0, 0, 0, 0, 0, 0, 0, 0, 0, 0, 0, 0, 0, 0, 0]",768,128,393216.0,9437184.0,3004820570,3004827210,3223061849,3223100025,0,1632,1632,741394,1,6640,38176,256,16,16,3
205,2,"[8, 256, 96, 4, 4, 0, 0, 0, 0, 0, 0, 0, 0, 0, 0, 0, 0, 0, 0, 0, 0, 0, 0, 0, 0, 0, 0, 0, 0, 0]",96,512,3145728.0,15728640.0,3004889123,3004896992,3223101657,3223202616,800,10176,10176,741393,1,7869,100959,256,16,16,3
203,2,"[256, 96, 4, 4, 96, 4, 4, 3, 3, 1, 1, 1, 1, 1, 1, 2, 8, 0, 0, 0, 0, 0, 0, 0, 0, 0, 0, 0, 0, 0]",12288,256,0.0,0.0,3005032522,3005153461,3223212792,3227648109,6400,-2062139,7584,741392,6,34387,6505040,256,16,16,3
152,2,"[8, 256, 96, 4, 4, 0, 0, 0, 0, 0, 0, 0, 0, 0, 0, 0, 0, 0, 0, 0, 0, 0, 0, 0, 0, 0, 0, 0, 0, 0]",768,128,393216.0,9437184.0,3005236465,3005243441,3227655693,3227694382,0,1215,1215,741391,1,6976,38689,256,16,16,3
205,2,"[8, 256, 96, 4, 4, 0, 0, 0, 0, 0, 0, 0, 0, 0, 0, 0, 0, 0, 0, 0, 0, 0, 0, 0, 0, 0, 0, 0, 0, 0]",96,512,3145728.0,15728640.0,3005306490,3005314094,3227695597,3227780461,800,9312,9312,741390,1,7604,84864,256,16,16,3
203,2,"[256, 96, 4, 4, 96, 4, 4, 1, 1, 0, 0, 1, 1, 1, 1, 1, 8, 0, 0, 0, 0, 0, 0, 0, 0, 0, 0, 0, 0, 0]",1536,256,0.0,0.0,3005460273,3005561446,3227789773,3228656811,10496,57664,49952,741389,3,20592,859326,256,16,16,3
152,2,"[8, 256, 96, 4, 4, 0, 0, 0, 0, 0, 0, 0, 0, 0, 0, 0, 0, 0, 0, 0, 0, 0, 0, 0, 0, 0, 0, 0, 0, 0]",768,128,393216.0,9437184.0,3005660816,3005667499,3228706763,3228751979,0,992,992,741388,1,6683,45216,256,16,16,3
205,2,"[8, 256, 96, 4, 4, 0, 0, 0, 0, 0, 0, 0, 0, 0, 0, 0, 0, 0, 0, 0, 0, 0, 0, 0, 0, 0, 0, 0, 0, 0]",96,512,3145728.0,15728640.0,3005737748,3005745732,3228752971,3228836971,800,9856,9856,741386,1,7984,84000,256,16,16,3
203,2,"[256, 96, 4, 4, 96, 4, 4, 1, 1, 0, 0, 1, 1, 1, 1, 1, 8, 0, 0, 0, 0, 0, 0, 0, 0, 0, 0, 0, 0, 0]",1536,256,0.0,0.0,3005895187,3005981094,3228846827,3229717097,10496,13855,6207,741385,3,21092,862622,256,16,16,3
152,2,"[8, 256, 96, 4, 4, 0, 0, 0, 0, 0, 0, 0, 0, 0, 0, 0, 0, 0, 0, 0, 0, 0, 0, 0, 0, 0, 0, 0, 0, 0]",768,128,393216.0,9437184.0,3006058936,3006065937,3229723304,3229761096,0,1440,1440,741384,1,7001,37792,256,16,16,3
205,2,"[8, 256, 96, 4, 4, 0, 0, 0, 0, 0, 0, 0, 0, 0, 0, 0, 0, 0, 0, 0, 0, 0, 0, 0, 0, 0, 0, 0, 0, 0]",96,512,3145728.0,15728640.0,3006128150,3006135727,3229762536,3229846888,800,9632,9632,741383,1,7577,84352,256,16,16,3
203,2,"[256, 96, 8, 8, 96, 4, 4, 3, 3, 1, 1, 2, 2, 1, 1, 2, 8, 0, 0, 0, 0, 0, 0, 0, 0, 0, 0, 0, 0, 0]",12288,512,169869312.0,8030208.0,3006291130,3006425369,3229856520,3241071821,25600,-1733562,7328,741382,6,36075,12956191,256,16,16,3
152,2,"[8, 256, 96, 8, 8, 0, 0, 0, 0, 0, 0, 0, 0, 0, 0, 0, 0, 0, 0, 0, 0, 0, 0, 0, 0, 0, 0, 0, 0, 0]",3072,128,1572864.0,37748736.0,3006512230,3006519217,3241079149,3241259596,0,544,544,741381,1,6987,180447,256,16,16,3
205,2,"[8, 256, 96, 8, 8, 0, 0, 0, 0, 0, 0, 0, 0, 0, 0, 0, 0, 0, 0, 0, 0, 0, 0, 0, 0, 0, 0, 0, 0, 0]",96,512,12582912.0,62914560.0,3006582033,3006589978,3241260140,3241550795,800,7521,7521,741380,1,7945,290655,256,16,16,3
203,2,"[256, 32, 8, 8, 96, 8, 8, 1, 1, 0, 0, 1, 1, 1, 1, 1, 8, 0, 0, 0, 0, 0, 0, 0, 0, 0, 0, 0, 0, 0]",2048,256,100663296.0,16801792.0,3006724181,3006811855,3241558316,3243117064,10496,8768,4192,741379,3,21471,1554172,256,16,16,3
205,2,"[8, 256, 96, 4, 4, 0, 0, 0, 0, 0, 0, 0, 0, 0, 0, 0, 0, 0, 0, 0, 0, 0, 0, 0, 0, 0, 0, 0, 0, 0]",96,512,3145728.0,15728640.0,3006919912,3006927600,3243121256,3243198440,800,7743,7743,741378,1,7688,77184,256,16,16,3
203,2,"[256, 32, 8, 8, 96, 4, 4, 1, 1, 0, 0, 2, 2, 1, 1, 1, 8, 0, 0, 0, 0, 0, 0, 0, 0, 0, 0, 0, 0, 0]",2048,256,25165824.0,7364608.0,3007062532,3007151386,3243206183,3244047205,6400,66272,61600,741377,3,22466,836350,256,16,16,3
152,2,"[8, 256, 32, 8, 8, 0, 0, 0, 0, 0, 0, 0, 0, 0, 0, 0, 0, 0, 0, 0, 0, 0, 0, 0, 0, 0, 0, 0, 0, 0]",1024,128,524288.0,12582912.0,3007249316,3007256018,3244108805,3244171141,0,544,544,741376,1,6702,62336,256,16,16,3
205,2,"[8, 256, 32, 8, 8, 0, 0, 0, 0, 0, 0, 0, 0, 0, 0, 0, 0, 0, 0, 0, 0, 0, 0, 0, 0, 0, 0, 0, 0, 0]",32,512,4194304.0,20971520.0,3007317207,3007325101,3244171685,3244270277,800,10176,10176,741375,1,7894,98592,256,16,16,3
203,2,"[256, 3, 16, 16, 32, 8, 8, 3, 3, 1, 1, 2, 2, 1, 1, 1, 8, 0, 0, 0, 0, 0, 0, 0, 0, 0, 0, 0, 0, 0]",256,64,0.0,0.0,3007472977,3007479638,3244280453,3244631044,4352,4736,4736,741374,1,6661,350591,256,16,16,3
16,3,"[8, 32, 3, 3, 3, 0, 0, 0, 0, 0, 0, 0, 0, 0, 0, 4, 0, 0, 0, 0, 0, 0, 0, 0, 0, 0, 0, 0, 0, 0]",2,128,864.0,13828.0,3008600669,3008622482,3244635780,3244638532,0,608,608,-1,1,21813,2752,256,16,16,3
12,3,"[8, 32, 3, 3, 3, 0, 0, 0, 0, 0, 0, 0, 0, 0, 0, 8, 32, 3, 3, 3, 0, 0, 0, 0, 0, 0, 0, 0, 0, 0]",2,128,864.0,20736.0,3008739975,3008751124,3244639140,3244641540,0,544,544,-1,1,11149,2400,256,16,16,3
12,3,"[8, 32, 3, 3, 3, 0, 0, 0, 0, 0, 0, 0, 0, 0, 0, 8, 32, 3, 3, 3, 0, 0, 0, 0, 0, 0, 0, 0, 0, 0]",2,128,864.0,20736.0,3008842958,3008852234,3244642084,3244644612,0,672,672,-1,1,9276,2528,256,16,16,3
16,3,"[8, 32, 0, 0, 0, 0, 0, 0, 0, 0, 0, 0, 0, 0, 0, 4, 0, 0, 0, 0, 0, 0, 0, 0, 0, 0, 0, 0, 0, 0]",1,128,32.0,516.0,3008947929,3008957382,3244645284,3244647460,0,736,736,-1,1,9453,2176,256,16,16,3
12,3,"[8, 32, 0, 0, 0, 0, 0, 0, 0, 0, 0, 0, 0, 0, 0, 8, 32, 0, 0, 0, 0, 0, 0, 0, 0, 0, 0, 0, 0, 0]",1,128,32.0,768.0,3009039936,3009052384,3244648196,3244650564,0,672,672,-1,1,12448,2368,256,16,16,3
12,3,"[8, 32, 0, 0, 0, 0, 0, 0, 0, 0, 0, 0, 0, 0, 0, 8, 32, 0, 0, 0, 0, 0, 0, 0, 0, 0, 0, 0, 0, 0]",1,128,32.0,768.0,3009135872,3009160591,3244651236,3244653924,0,640,640,-1,1,24719,2688,256,16,16,3
16,3,"[8, 32, 0, 0, 0, 0, 0, 0, 0, 0, 0, 0, 0, 0, 0, 4, 0, 0, 0, 0, 0, 0, 0, 0, 0, 0, 0, 0, 0, 0]",1,128,32.0,516.0,3009248152,3009256975,3244654564,3244656740,0,704,704,-1,1,8823,2176,256,16,16,3
12,3,"[8, 32, 0, 0, 0, 0, 0, 0, 0, 0, 0, 0, 0, 0, 0, 8, 32, 0, 0, 0, 0, 0, 0, 0, 0, 0, 0, 0, 0, 0]",1,128,32.0,768.0,3009339557,3009347675,3244657444,3244659812,0,704,704,-1,1,8118,2368,256,16,16,3
12,3,"[8, 32, 0, 0, 0, 0, 0, 0, 0, 0, 0, 0, 0, 0, 0, 8, 32, 0, 0, 0, 0, 0, 0, 0, 0, 0, 0, 0, 0, 0]",1,128,32.0,768.0,3009428861,3009436928,3244660516,3244662820,0,704,704,-1,1,8067,2304,256,16,16,3
16,3,"[8, 96, 32, 1, 1, 0, 0, 0, 0, 0, 0, 0, 0, 0, 0, 4, 0, 0, 0, 0, 0, 0, 0, 0, 0, 0, 0, 0, 0, 0]",6,128,3072.0,49156.0,3009530828,3009541519,3244663524,3244666116,0,608,608,-1,1,10691,2592,256,16,16,3
12,3,"[8, 96, 32, 1, 1, 0, 0, 0, 0, 0, 0, 0, 0, 0, 0, 8, 96, 32, 1, 1, 0, 0, 0, 0, 0, 0, 0, 0, 0, 0]",6,128,3072.0,73728.0,3009630121,3009638619,3244666724,3244669188,0,544,544,-1,1,8498,2464,256,16,16,3
12,3,"[8, 96, 32, 1, 1, 0, 0, 0, 0, 0, 0, 0, 0, 0, 0, 8, 96, 32, 1, 1, 0, 0, 0, 0, 0, 0, 0, 0, 0, 0]",6,128,3072.0,73728.0,3009722308,3009730415,3244669732,3244672196,0,608,608,-1,1,8107,2464,256,16,16,3
16,3,"[8, 96, 0, 0, 0, 0, 0, 0, 0, 0, 0, 0, 0, 0, 0, 4, 0, 0, 0, 0, 0, 0, 0, 0, 0, 0, 0, 0, 0, 0]",1,128,96.0,1540.0,3009810271,3009818799,3244672804,3244675012,0,608,608,-1,1,8528,2208,256,16,16,3
12,3,"[8, 96, 0, 0, 0, 0, 0, 0, 0, 0, 0, 0, 0, 0, 0, 8, 96, 0, 0, 0, 0, 0, 0, 0, 0, 0, 0, 0, 0, 0]",1,128,96.0,2304.0,3009899570,3009907705,3244675620,3244678020,0,704,704,-1,1,8135,2400,256,16,16,3
12,3,"[8, 96, 0, 0, 0, 0, 0, 0, 0, 0, 0, 0, 0, 0, 0, 8, 96, 0, 0, 0, 0, 0, 0, 0, 0, 0, 0, 0, 0, 0]",1,128,96.0,2304.0,3009987950,3009996106,3244678724,3244681092,0,640,640,-1,1,8156,2368,256,16,16,3
16,3,"[8, 96, 0, 0, 0, 0, 0, 0, 0, 0, 0, 0, 0, 0, 0, 4, 0, 0, 0, 0, 0, 0, 0, 0, 0, 0, 0, 0, 0, 0]",1,128,96.0,1540.0,3010076736,3010088057,3244681732,3244683908,0,704,704,-1,1,11321,2176,256,16,16,3
12,3,"[8, 96, 0, 0, 0, 0, 0, 0, 0, 0, 0, 0, 0, 0, 0, 8, 96, 0, 0, 0, 0, 0, 0, 0, 0, 0, 0, 0, 0, 0]",1,128,96.0,2304.0,3012108444,3012124513,3244684612,3244686980,0,672,672,-1,1,16069,2368,256,16,16,3
12,3,"[8, 96, 0, 0, 0, 0, 0, 0, 0, 0, 0, 0, 0, 0, 0, 8, 96, 0, 0, 0, 0, 0, 0, 0, 0, 0, 0, 0, 0, 0]",1,128,96.0,2304.0,3012246461,3012257270,3244687652,3244690020,0,640,640,-1,1,10809,2368,256,16,16,3
16,3,"[8, 96, 32, 1, 1, 0, 0, 0, 0, 0, 0, 0, 0, 0, 0, 4, 0, 0, 0, 0, 0, 0, 0, 0, 0, 0, 0, 0, 0, 0]",6,128,3072.0,49156.0,3012343886,3012352893,3244690660,3244693092,0,576,576,-1,1,9007,2432,256,16,16,3
12,3,"[8, 96, 32, 1, 1, 0, 0, 0, 0, 0, 0, 0, 0, 0, 0, 8, 96, 32, 1, 1, 0, 0, 0, 0, 0, 0, 0, 0, 0, 0]",6,128,3072.0,73728.0,3012436366,3012444403,3244693668,3244696164,0,576,576,-1,1,8037,2496,256,16,16,3
12,3,"[8, 96, 32, 1, 1, 0, 0, 0, 0, 0, 0, 0, 0, 0, 0, 8, 96, 32, 1, 1, 0, 0, 0, 0, 0, 0, 0, 0, 0, 0]",6,128,3072.0,73728.0,3012524496,3012532407,3244696740,3244699204,0,608,608,-1,1,7911,2464,256,16,16,3
16,3,"[8, 96, 0, 0, 0, 0, 0, 0, 0, 0, 0, 0, 0, 0, 0, 4, 0, 0, 0, 0, 0, 0, 0, 0, 0, 0, 0, 0, 0, 0]",1,128,96.0,1540.0,3012610753,3012618978,3244699812,3244701956,0,672,672,-1,1,8225,2144,256,16,16,3
12,3,"[8, 96, 0, 0, 0, 0, 0, 0, 0, 0, 0, 0, 0, 0, 0, 8, 96, 0, 0, 0, 0, 0, 0, 0, 0, 0, 0, 0, 0, 0]",1,128,96.0,2304.0,3012699015,3012707121,3244702628,3244705060,0,640,640,-1,1,8106,2432,256,16,16,3
12,3,"[8, 96, 0, 0, 0, 0, 0, 0, 0, 0, 0, 0, 0, 0, 0, 8, 96, 0, 0, 0, 0, 0, 0, 0, 0, 0, 0, 0, 0, 0]",1,128,96.0,2304.0,3012785123,3012792887,3244705700,3244708068,0,672,672,-1,1,7764,2368,256,16,16,3
16,3,"[8, 96, 0, 0, 0, 0, 0, 0, 0, 0, 0, 0, 0, 0, 0, 4, 0, 0, 0, 0, 0, 0, 0, 0, 0, 0, 0, 0, 0, 0]",1,128,96.0,1540.0,3013102562,3013115303,3244708740,3244710916,0,672,672,-1,1,12741,2176,256,16,16,3
12,3,"[8, 96, 0, 0, 0, 0, 0, 0, 0, 0, 0, 0, 0, 0, 0, 8, 96, 0, 0, 0, 0, 0, 0, 0, 0, 0, 0, 0, 0, 0]",1,128,96.0,2304.0,3013214847,3013225690,3244711588,3244713988,0,640,640,-1,1,10843,2400,256,16,16,3
12,3,"[8, 96, 0, 0, 0, 0, 0, 0, 0, 0, 0, 0, 0, 0, 0, 8, 96, 0, 0, 0, 0, 0, 0, 0, 0, 0, 0, 0, 0, 0]",1,128,96.0,2304.0,3013309376,3013318003,3244714628,3244716996,0,672,672,-1,1,8627,2368,256,16,16,3
16,3,"[8, 96, 48, 3, 3, 0, 0, 0, 0, 0, 0, 0, 0, 0, 0, 4, 0, 0, 0, 0, 0, 0, 0, 0, 0, 0, 0, 0, 0, 0]",81,128,41472.0,663556.0,3013398894,3013407387,3244717668,3244721604,0,608,608,-1,1,8493,3936,256,16,16,3
12,3,"[8, 96, 48, 3, 3, 0, 0, 0, 0, 0, 0, 0, 0, 0, 0, 8, 96, 48, 3, 3, 0, 0, 0, 0, 0, 0, 0, 0, 0, 0]",81,128,41472.0,995328.0,3013487281,3013495714,3244722212,3244726244,0,608,608,-1,1,8433,4032,256,16,16,3
12,3,"[8, 96, 48, 3, 3, 0, 0, 0, 0, 0, 0, 0, 0, 0, 0, 8, 96, 48, 3, 3, 0, 0, 0, 0, 0, 0, 0, 0, 0, 0]",81,128,41472.0,995328.0,3013574759,3013582781,3244726852,3244731044,0,640,640,-1,1,8022,4192,256,16,16,3
16,3,"[8, 96, 0, 0, 0, 0, 0, 0, 0, 0, 0, 0, 0, 0, 0, 4, 0, 0, 0, 0, 0, 0, 0, 0, 0, 0, 0, 0, 0, 0]",1,128,96.0,1540.0,3013660372,3013669009,3244731684,3244733860,0,704,704,-1,1,8637,2176,256,16,16,3
12,3,"[8, 96, 0, 0, 0, 0, 0, 0, 0, 0, 0, 0, 0, 0, 0, 8, 96, 0, 0, 0, 0, 0, 0, 0, 0, 0, 0, 0, 0, 0]",1,128,96.0,2304.0,3013745566,3013753770,3244734564,3244736932,0,576,576,-1,1,8204,2368,256,16,16,3
12,3,"[8, 96, 0, 0, 0, 0, 0, 0, 0, 0, 0, 0, 0, 0, 0, 8, 96, 0, 0, 0, 0, 0, 0, 0, 0, 0, 0, 0, 0, 0]",1,128,96.0,2304.0,3013848516,3013856700,3244737508,3244739940,0,608,608,-1,1,8184,2432,256,16,16,3
16,3,"[8, 96, 0, 0, 0, 0, 0, 0, 0, 0, 0, 0, 0, 0, 0, 4, 0, 0, 0, 0, 0, 0, 0, 0, 0, 0, 0, 0, 0, 0]",1,128,96.0,1540.0,3013935978,3013944683,3244740548,3244742756,0,736,736,-1,1,8705,2208,256,16,16,3
12,3,"[8, 96, 0, 0, 0, 0, 0, 0, 0, 0, 0, 0, 0, 0, 0, 8, 96, 0, 0, 0, 0, 0, 0, 0, 0, 0, 0, 0, 0, 0]",1,128,96.0,2304.0,3014022826,3014031117,3244743492,3244745860,0,672,672,-1,1,8291,2368,256,16,16,3
12,3,"[8, 96, 0, 0, 0, 0, 0, 0, 0, 0, 0, 0, 0, 0, 0, 8, 96, 0, 0, 0, 0, 0, 0, 0, 0, 0, 0, 0, 0, 0]",1,128,96.0,2304.0,3014109602,3014117724,3244746532,3244748900,0,640,640,-1,1,8122,2368,256,16,16,3
16,3,"[8, 96, 96, 1, 1, 0, 0, 0, 0, 0, 0, 0, 0, 0, 0, 4, 0, 0, 0, 0, 0, 0, 0, 0, 0, 0, 0, 0, 0, 0]",18,128,9216.0,147460.0,3014207386,3014216706,3244749540,3244752100,0,640,640,-1,1,9320,2560,256,16,16,3
12,3,"[8, 96, 96, 1, 1, 0, 0, 0, 0, 0, 0, 0, 0, 0, 0, 8, 96, 96, 1, 1, 0, 0, 0, 0, 0, 0, 0, 0, 0, 0]",18,128,9216.0,221184.0,3014301167,3014309760,3244752740,3244755588,0,544,544,-1,1,8593,2848,256,16,16,3
12,3,"[8, 96, 96, 1, 1, 0, 0, 0, 0, 0, 0, 0, 0, 0, 0, 8, 96, 96, 1, 1, 0, 0, 0, 0, 0, 0, 0, 0, 0, 0]",18,128,9216.0,221184.0,3014394751,3014402958,3244756132,3244758852,0,672,672,-1,1,8207,2720,256,16,16,3
16,3,"[8, 96, 0, 0, 0, 0, 0, 0, 0, 0, 0, 0, 0, 0, 0, 4, 0, 0, 0, 0, 0, 0, 0, 0, 0, 0, 0, 0, 0, 0]",1,128,96.0,1540.0,3014483023,3014491758,3244759524,3244762916,0,576,576,-1,1,8735,3392,256,16,16,3
12,3,"[8, 96, 0, 0, 0, 0, 0, 0, 0, 0, 0, 0, 0, 0, 0, 8, 96, 0, 0, 0, 0, 0, 0, 0, 0, 0, 0, 0, 0, 0]",1,128,96.0,2304.0,3014571264,3014579355,3244763492,3244765924,0,640,640,-1,1,8091,2432,256,16,16,3
12,3,"[8, 96, 0, 0, 0, 0, 0, 0, 0, 0, 0, 0, 0, 0, 0, 8, 96, 0, 0, 0, 0, 0, 0, 0, 0, 0, 0, 0, 0, 0]",1,128,96.0,2304.0,3014658877,3014666925,3244766564,3244768964,0,640,640,-1,1,8048,2400,256,16,16,3
16,3,"[8, 96, 0, 0, 0, 0, 0, 0, 0, 0, 0, 0, 0, 0, 0, 4, 0, 0, 0, 0, 0, 0, 0, 0, 0, 0, 0, 0, 0, 0]",1,128,96.0,1540.0,3014745576,3014753925,3244769604,3244771780,0,672,672,-1,1,8349,2176,256,16,16,3
12,3,"[8, 96, 0, 0, 0, 0, 0, 0, 0, 0, 0, 0, 0, 0, 0, 8, 96, 0, 0, 0, 0, 0, 0, 0, 0, 0, 0, 0, 0, 0]",1,128,96.0,2304.0,3014832159,3014840214,3244772452,3244774852,0,672,672,-1,1,8055,2400,256,16,16,3
12,3,"[8, 96, 0, 0, 0, 0, 0, 0, 0, 0, 0, 0, 0, 0, 0, 8, 96, 0, 0, 0, 0, 0, 0, 0, 0, 0, 0, 0, 0, 0]",1,128,96.0,2304.0,3014917544,3014925429,3244775524,3244777860,0,672,672,-1,1,7885,2336,256,16,16,3
16,3,"[8, 96, 96, 1, 1, 0, 0, 0, 0, 0, 0, 0, 0, 0, 0, 4, 0, 0, 0, 0, 0, 0, 0, 0, 0, 0, 0, 0, 0, 0]",18,128,9216.0,147460.0,3015004497,3015012847,3244778532,3244781156,0,640,640,-1,1,8350,2624,256,16,16,3
12,3,"[8, 96, 96, 1, 1, 0, 0, 0, 0, 0, 0, 0, 0, 0, 0, 8, 96, 96, 1, 1, 0, 0, 0, 0, 0, 0, 0, 0, 0, 0]",18,128,9216.0,221184.0,3015092564,3015100500,3244781796,3244784356,0,672,672,-1,1,7936,2560,256,16,16,3
12,3,"[8, 96, 96, 1, 1, 0, 0, 0, 0, 0, 0, 0, 0, 0, 0, 8, 96, 96, 1, 1, 0, 0, 0, 0, 0, 0, 0, 0, 0, 0]",18,128,9216.0,221184.0,3015180105,3015188072,3244785028,3244787652,0,544,544,-1,1,7967,2624,256,16,16,3
16,3,"[8, 96, 0, 0, 0, 0, 0, 0, 0, 0, 0, 0, 0, 0, 0, 4, 0, 0, 0, 0, 0, 0, 0, 0, 0, 0, 0, 0, 0, 0]",1,128,96.0,1540.0,3015269947,3015278546,3244788196,3244790403,0,673,673,-1,1,8599,2207,256,16,16,3
12,3,"[8, 96, 0, 0, 0, 0, 0, 0, 0, 0, 0, 0, 0, 0, 0, 8, 96, 0, 0, 0, 0, 0, 0, 0, 0, 0, 0, 0, 0, 0]",1,128,96.0,2304.0,3015367563,3015375592,3244791076,3244793476,0,608,608,-1,1,8029,2400,256,16,16,3
12,3,"[8, 96, 0, 0, 0, 0, 0, 0, 0, 0, 0, 0, 0, 0, 0, 8, 96, 0, 0, 0, 0, 0, 0, 0, 0, 0, 0, 0, 0, 0]",1,128,96.0,2304.0,3015450940,3015458684,3244794084,3244796484,0,608,608,-1,1,7744,2400,256,16,16,3
16,3,"[8, 96, 0, 0, 0, 0, 0, 0, 0, 0, 0, 0, 0, 0, 0, 4, 0, 0, 0, 0, 0, 0, 0, 0, 0, 0, 0, 0, 0, 0]",1,128,96.0,1540.0,3015534941,3015543108,3244797092,3244799300,0,672,672,-1,1,8167,2208,256,16,16,3
12,3,"[8, 96, 0, 0, 0, 0, 0, 0, 0, 0, 0, 0, 0, 0, 0, 8, 96, 0, 0, 0, 0, 0, 0, 0, 0, 0, 0, 0, 0, 0]",1,128,96.0,2304.0,3015620139,3015627979,3244799972,3244802467,0,737,737,-1,1,7840,2495,256,16,16,3
12,3,"[8, 96, 0, 0, 0, 0, 0, 0, 0, 0, 0, 0, 0, 0, 0, 8, 96, 0, 0, 0, 0, 0, 0, 0, 0, 0, 0, 0, 0, 0]",1,128,96.0,2304.0,3015703741,3015711515,3244803204,3244805571,0,673,673,-1,1,7774,2367,256,16,16,3
16,3,"[8, 96, 48, 3, 3, 0, 0, 0, 0, 0, 0, 0, 0, 0, 0, 4, 0, 0, 0, 0, 0, 0, 0, 0, 0, 0, 0, 0, 0, 0]",81,128,41472.0,663556.0,3015787823,3015796239,3244806244,3244810308,0,672,672,-1,1,8416,4064,256,16,16,3
12,3,"[8, 96, 48, 3, 3, 0, 0, 0, 0, 0, 0, 0, 0, 0, 0, 8, 96, 48, 3, 3, 0, 0, 0, 0, 0, 0, 0, 0, 0, 0]",81,128,41472.0,995328.0,3015874481,3015882467,3244810980,3244815107,0,609,609,-1,1,7986,4127,256,16,16,3
12,3,"[8, 96, 48, 3, 3, 0, 0, 0, 0, 0, 0, 0, 0, 0, 0, 8, 96, 48, 3, 3, 0, 0, 0, 0, 0, 0, 0, 0, 0, 0]",81,128,41472.0,995328.0,3015960194,3015967734,3244815716,3244819908,0,608,608,-1,1,7540,4192,256,16,16,3
16,3,"[8, 96, 0, 0, 0, 0, 0, 0, 0, 0, 0, 0, 0, 0, 0, 4, 0, 0, 0, 0, 0, 0, 0, 0, 0, 0, 0, 0, 0, 0]",1,128,96.0,1540.0,3016043273,3016051485,3244820516,3244822660,0,607,607,-1,1,8212,2144,256,16,16,3
12,3,"[8, 96, 0, 0, 0, 0, 0, 0, 0, 0, 0, 0, 0, 0, 0, 8, 96, 0, 0, 0, 0, 0, 0, 0, 0, 0, 0, 0, 0, 0]",1,128,96.0,2304.0,3016127916,3016135693,3244823267,3244825923,0,737,737,-1,1,7777,2656,256,16,16,3
12,3,"[8, 96, 0, 0, 0, 0, 0, 0, 0, 0, 0, 0, 0, 0, 0, 8, 96, 0, 0, 0, 0, 0, 0, 0, 0, 0, 0, 0, 0, 0]",1,128,96.0,2304.0,3016215152,3016222978,3244826660,3244828995,0,673,673,-1,1,7826,2335,256,16,16,3
16,3,"[8, 96, 0, 0, 0, 0, 0, 0, 0, 0, 0, 0, 0, 0, 0, 4, 0, 0, 0, 0, 0, 0, 0, 0, 0, 0, 0, 0, 0, 0]",1,128,96.0,1540.0,3016299335,3016307438,3244829668,3244831876,0,672,672,-1,1,8103,2208,256,16,16,3
12,3,"[8, 96, 0, 0, 0, 0, 0, 0, 0, 0, 0, 0, 0, 0, 0, 8, 96, 0, 0, 0, 0, 0, 0, 0, 0, 0, 0, 0, 0, 0]",1,128,96.0,2304.0,3016384627,3016392538,3244832548,3244834948,0,608,608,-1,1,7911,2400,256,16,16,3
12,3,"[8, 96, 0, 0, 0, 0, 0, 0, 0, 0, 0, 0, 0, 0, 0, 8, 96, 0, 0, 0, 0, 0, 0, 0, 0, 0, 0, 0, 0, 0]",1,128,96.0,2304.0,3016469388,3016477265,3244835556,3244837987,0,641,641,-1,1,7877,2431,256,16,16,3
16,3,"[8, 96, 96, 1, 1, 0, 0, 0, 0, 0, 0, 0, 0, 0, 0, 4, 0, 0, 0, 0, 0, 0, 0, 0, 0, 0, 0, 0, 0, 0]",18,128,9216.0,147460.0,3016554839,3016562989,3244838628,3244841188,0,640,640,-1,1,8150,2560,256,16,16,3
12,3,"[8, 96, 96, 1, 1, 0, 0, 0, 0, 0, 0, 0, 0, 0, 0, 8, 96, 96, 1, 1, 0, 0, 0, 0, 0, 0, 0, 0, 0, 0]",18,128,9216.0,221184.0,3016640939,3016648758,3244841828,3244844420,0,607,607,-1,1,7819,2592,256,16,16,3
12,3,"[8, 96, 96, 1, 1, 0, 0, 0, 0, 0, 0, 0, 0, 0, 0, 8, 96, 96, 1, 1, 0, 0, 0, 0, 0, 0, 0, 0, 0, 0]",18,128,9216.0,221184.0,3016863258,3016873756,3244845027,3244847652,0,607,607,-1,1,10498,2625,256,16,16,3
16,3,"[8, 96, 0, 0, 0, 0, 0, 0, 0, 0, 0, 0, 0, 0, 0, 4, 0, 0, 0, 0, 0, 0, 0, 0, 0, 0, 0, 0, 0, 0]",1,128,96.0,1540.0,3016962470,3016972427,3244848259,3244850404,0,704,704,-1,1,9957,2145,256,16,16,3
12,3,"[8, 96, 0, 0, 0, 0, 0, 0, 0, 0, 0, 0, 0, 0, 0, 8, 96, 0, 0, 0, 0, 0, 0, 0, 0, 0, 0, 0, 0, 0]",1,128,96.0,2304.0,3017051767,3017059951,3244851108,3244853508,0,672,672,-1,1,8184,2400,256,16,16,3
12,3,"[8, 96, 0, 0, 0, 0, 0, 0, 0, 0, 0, 0, 0, 0, 0, 8, 96, 0, 0, 0, 0, 0, 0, 0, 0, 0, 0, 0, 0, 0]",1,128,96.0,2304.0,3017137399,3017145213,3244854180,3244856547,0,641,641,-1,1,7814,2367,256,16,16,3
16,3,"[8, 96, 0, 0, 0, 0, 0, 0, 0, 0, 0, 0, 0, 0, 0, 4, 0, 0, 0, 0, 0, 0, 0, 0, 0, 0, 0, 0, 0, 0]",1,128,96.0,1540.0,3017221516,3017232179,3244857188,3244859396,0,704,704,-1,1,10663,2208,256,16,16,3
12,3,"[8, 96, 0, 0, 0, 0, 0, 0, 0, 0, 0, 0, 0, 0, 0, 8, 96, 0, 0, 0, 0, 0, 0, 0, 0, 0, 0, 0, 0, 0]",1,128,96.0,2304.0,3017309369,3017317748,3244860100,3244862435,0,641,641,-1,1,8379,2335,256,16,16,3
12,3,"[8, 96, 0, 0, 0, 0, 0, 0, 0, 0, 0, 0, 0, 0, 0, 8, 96, 0, 0, 0, 0, 0, 0, 0, 0, 0, 0, 0, 0, 0]",1,128,96.0,2304.0,3017394738,3017402408,3244863076,3244865635,0,576,576,-1,1,7670,2559,256,16,16,3
16,3,"[8, 192, 96, 1, 1, 0, 0, 0, 0, 0, 0, 0, 0, 0, 0, 4, 0, 0, 0, 0, 0, 0, 0, 0, 0, 0, 0, 0, 0, 0]",36,128,18432.0,294916.0,3017480311,3017488428,3244866211,3244869059,0,672,672,-1,1,8117,2848,256,16,16,3
12,3,"[8, 192, 96, 1, 1, 0, 0, 0, 0, 0, 0, 0, 0, 0, 0, 8, 192, 96, 1, 1, 0, 0, 0, 0, 0, 0, 0, 0, 0, 0]",36,128,18432.0,442368.0,3017566055,3017573931,3244869731,3244872868,0,576,576,-1,1,7876,3137,256,16,16,3
12,3,"[8, 192, 96, 1, 1, 0, 0, 0, 0, 0, 0, 0, 0, 0, 0, 8, 192, 96, 1, 1, 0, 0, 0, 0, 0, 0, 0, 0, 0, 0]",36,128,18432.0,442368.0,3017651481,3017659297,3244873444,3244876483,0,544,544,-1,1,7816,3039,256,16,16,3
16,3,"[8, 192, 0, 0, 0, 0, 0, 0, 0, 0, 0, 0, 0, 0, 0, 4, 0, 0, 0, 0, 0, 0, 0, 0, 0, 0, 0, 0, 0, 0]",1,128,192.0,3076.0,3017736331,3017744854,3244877027,3244879299,0,609,609,-1,1,8523,2272,256,16,16,3
12,3,"[8, 192, 0, 0, 0, 0, 0, 0, 0, 0, 0, 0, 0, 0, 0, 8, 192, 0, 0, 0, 0, 0, 0, 0, 0, 0, 0, 0, 0, 0]",1,128,192.0,4608.0,3017821150,3017829256,3244879908,3244882371,0,609,609,-1,1,8106,2463,256,16,16,3
12,3,"[8, 192, 0, 0, 0, 0, 0, 0, 0, 0, 0, 0, 0, 0, 0, 8, 192, 0, 0, 0, 0, 0, 0, 0, 0, 0, 0, 0, 0, 0]",1,128,192.0,4608.0,3017905803,3017914327,3244882980,3244885443,0,736,736,-1,1,8524,2463,256,16,16,3
16,3,"[8, 192, 0, 0, 0, 0, 0, 0, 0, 0, 0, 0, 0, 0, 0, 4, 0, 0, 0, 0, 0, 0, 0, 0, 0, 0, 0, 0, 0, 0]",1,128,192.0,3076.0,3017990507,3017998720,3244886179,3244888484,0,704,704,-1,1,8213,2305,256,16,16,3
12,3,"[8, 192, 0, 0, 0, 0, 0, 0, 0, 0, 0, 0, 0, 0, 0, 8, 192, 0, 0, 0, 0, 0, 0, 0, 0, 0, 0, 0, 0, 0]",1,128,192.0,4608.0,3018073752,3018081587,3244889188,3244891619,0,641,641,-1,1,7835,2431,256,16,16,3
12,3,"[8, 192, 0, 0, 0, 0, 0, 0, 0, 0, 0, 0, 0, 0, 0, 8, 192, 0, 0, 0, 0, 0, 0, 0, 0, 0, 0, 0, 0, 0]",1,128,192.0,4608.0,3018159390,3018173815,3244892260,3244894755,0,577,577,-1,1,14425,2495,256,16,16,3
16,3,"[8, 192, 96, 1, 1, 0, 0, 0, 0, 0, 0, 0, 0, 0, 0, 4, 0, 0, 0, 0, 0, 0, 0, 0, 0, 0, 0, 0, 0, 0]",36,128,18432.0,294916.0,3018273509,3018282350,3244895332,3244898211,0,704,704,-1,1,8841,2879,256,16,16,3
12,3,"[8, 192, 96, 1, 1, 0, 0, 0, 0, 0, 0, 0, 0, 0, 0, 8, 192, 96, 1, 1, 0, 0, 0, 0, 0, 0, 0, 0, 0, 0]",36,128,18432.0,442368.0,3018361677,3018369710,3244898915,3244901923,0,640,640,-1,1,8033,3008,256,16,16,3
12,3,"[8, 192, 96, 1, 1, 0, 0, 0, 0, 0, 0, 0, 0, 0, 0, 8, 192, 96, 1, 1, 0, 0, 0, 0, 0, 0, 0, 0, 0, 0]",36,128,18432.0,442368.0,3018450244,3018458266,3244902563,3244905699,0,640,640,-1,1,8022,3136,256,16,16,3
16,3,"[8, 192, 0, 0, 0, 0, 0, 0, 0, 0, 0, 0, 0, 0, 0, 4, 0, 0, 0, 0, 0, 0, 0, 0, 0, 0, 0, 0, 0, 0]",1,128,192.0,3076.0,3018537390,3018545811,3244906339,3244908548,0,671,671,-1,1,8421,2209,256,16,16,3
12,3,"[8, 192, 0, 0, 0, 0, 0, 0, 0, 0, 0, 0, 0, 0, 0, 8, 192, 0, 0, 0, 0, 0, 0, 0, 0, 0, 0, 0, 0, 0]",1,128,192.0,4608.0,3018624664,3018632964,3244909219,3244911971,0,641,641,-1,1,8300,2752,256,16,16,3
12,3,"[8, 192, 0, 0, 0, 0, 0, 0, 0, 0, 0, 0, 0, 0, 0, 8, 192, 0, 0, 0, 0, 0, 0, 0, 0, 0, 0, 0, 0, 0]",1,128,192.0,4608.0,3018713557,3018721436,3244912612,3244915075,0,544,544,-1,1,7879,2463,256,16,16,3
16,3,"[8, 192, 0, 0, 0, 0, 0, 0, 0, 0, 0, 0, 0, 0, 0, 4, 0, 0, 0, 0, 0, 0, 0, 0, 0, 0, 0, 0, 0, 0]",1,128,192.0,3076.0,3018799048,3018807098,3244915619,3244917891,0,608,608,-1,1,8050,2272,256,16,16,3
12,3,"[8, 192, 0, 0, 0, 0, 0, 0, 0, 0, 0, 0, 0, 0, 0, 8, 192, 0, 0, 0, 0, 0, 0, 0, 0, 0, 0, 0, 0, 0]",1,128,192.0,4608.0,3018885450,3018893653,3244918499,3244920963,0,608,608,-1,1,8203,2464,256,16,16,3
12,3,"[8, 192, 0, 0, 0, 0, 0, 0, 0, 0, 0, 0, 0, 0, 0, 8, 192, 0, 0, 0, 0, 0, 0, 0, 0, 0, 0, 0, 0, 0]",1,128,192.0,4608.0,3018973487,3018981376,3244921571,3244923971,0,608,608,-1,1,7889,2400,256,16,16,3
16,3,"[8, 192, 48, 3, 3, 0, 0, 0, 0, 0, 0, 0, 0, 0, 0, 4, 0, 0, 0, 0, 0, 0, 0, 0, 0, 0, 0, 0, 0, 0]",162,128,82944.0,1327108.0,3019061631,3019069921,3244924579,3244930531,0,672,672,-1,1,8290,5952,256,16,16,3
12,3,"[8, 192, 48, 3, 3, 0, 0, 0, 0, 0, 0, 0, 0, 0, 0, 8, 192, 48, 3, 3, 0, 0, 0, 0, 0, 0, 0, 0, 0, 0]",162,128,82944.0,1990656.0,3019149564,3019159818,3244931203,3244936963,0,544,544,-1,1,10254,5760,256,16,16,3
12,3,"[8, 192, 48, 3, 3, 0, 0, 0, 0, 0, 0, 0, 0, 0, 0, 8, 192, 48, 3, 3, 0, 0, 0, 0, 0, 0, 0, 0, 0, 0]",162,128,82944.0,1990656.0,3019241839,3019250121,3244937507,3244943236,0,671,671,-1,1,8282,5729,256,16,16,3
16,3,"[8, 192, 0, 0, 0, 0, 0, 0, 0, 0, 0, 0, 0, 0, 0, 4, 0, 0, 0, 0, 0, 0, 0, 0, 0, 0, 0, 0, 0, 0]",1,128,192.0,3076.0,3019328678,3019337254,3244943907,3244946180,0,607,607,-1,1,8576,2273,256,16,16,3
12,3,"[8, 192, 0, 0, 0, 0, 0, 0, 0, 0, 0, 0, 0, 0, 0, 8, 192, 0, 0, 0, 0, 0, 0, 0, 0, 0, 0, 0, 0, 0]",1,128,192.0,4608.0,3019425794,3019433760,3244946787,3244949347,0,704,704,-1,1,7966,2560,256,16,16,3
12,3,"[8, 192, 0, 0, 0, 0, 0, 0, 0, 0, 0, 0, 0, 0, 0, 8, 192, 0, 0, 0, 0, 0, 0, 0, 0, 0, 0, 0, 0, 0]",1,128,192.0,4608.0,3019509882,3019517694,3244950051,3244952451,0,609,609,-1,1,7812,2400,256,16,16,3
16,3,"[8, 192, 0, 0, 0, 0, 0, 0, 0, 0, 0, 0, 0, 0, 0, 4, 0, 0, 0, 0, 0, 0, 0, 0, 0, 0, 0, 0, 0, 0]",1,128,192.0,3076.0,3019593369,3019601611,3244953060,3244955299,0,640,640,-1,1,8242,2239,256,16,16,3
12,3,"[8, 192, 0, 0, 0, 0, 0, 0, 0, 0, 0, 0, 0, 0, 0, 8, 192, 0, 0, 0, 0, 0, 0, 0, 0, 0, 0, 0, 0, 0]",1,128,192.0,4608.0,3019678145,3019686050,3244955939,3244958371,0,608,608,-1,1,7905,2432,256,16,16,3
12,3,"[8, 192, 0, 0, 0, 0, 0, 0, 0, 0, 0, 0, 0, 0, 0, 8, 192, 0, 0, 0, 0, 0, 0, 0, 0, 0, 0, 0, 0, 0]",1,128,192.0,4608.0,3019762793,3019770503,3244958979,3244961411,0,544,544,-1,1,7710,2432,256,16,16,3
16,3,"[8, 192, 192, 1, 1, 0, 0, 0, 0, 0, 0, 0, 0, 0, 0, 4, 0, 0, 0, 0, 0, 0, 0, 0, 0, 0, 0, 0, 0, 0]",72,128,36864.0,589828.0,3019846801,3019854961,3244961955,3244966051,0,576,576,-1,1,8160,4096,256,16,16,3
12,3,"[8, 192, 192, 1, 1, 0, 0, 0, 0, 0, 0, 0, 0, 0, 0, 8, 192, 192, 1, 1, 0, 0, 0, 0, 0, 0, 0, 0, 0, 0]",72,128,36864.0,884736.0,3019932297,3019940331,3244966627,3244970627,0,608,608,-1,1,8034,4000,256,16,16,3
12,3,"[8, 192, 192, 1, 1, 0, 0, 0, 0, 0, 0, 0, 0, 0, 0, 8, 192, 192, 1, 1, 0, 0, 0, 0, 0, 0, 0, 0, 0, 0]",72,128,36864.0,884736.0,3020015595,3020023254,3244971235,3244975299,0,672,672,-1,1,7659,4064,256,16,16,3
16,3,"[8, 192, 0, 0, 0, 0, 0, 0, 0, 0, 0, 0, 0, 0, 0, 4, 0, 0, 0, 0, 0, 0, 0, 0, 0, 0, 0, 0, 0, 0]",1,128,192.0,3076.0,3020101526,3020111489,3244975971,3244978211,0,640,640,-1,1,9963,2240,256,16,16,3
12,3,"[8, 192, 0, 0, 0, 0, 0, 0, 0, 0, 0, 0, 0, 0, 0, 8, 192, 0, 0, 0, 0, 0, 0, 0, 0, 0, 0, 0, 0, 0]",1,128,192.0,4608.0,3020188250,3020196489,3244978851,3244981379,0,672,672,-1,1,8239,2528,256,16,16,3
12,3,"[8, 192, 0, 0, 0, 0, 0, 0, 0, 0, 0, 0, 0, 0, 0, 8, 192, 0, 0, 0, 0, 0, 0, 0, 0, 0, 0, 0, 0, 0]",1,128,192.0,4608.0,3020273099,3020280857,3244982051,3244984515,0,576,576,-1,1,7758,2464,256,16,16,3
16,3,"[8, 192, 0, 0, 0, 0, 0, 0, 0, 0, 0, 0, 0, 0, 0, 4, 0, 0, 0, 0, 0, 0, 0, 0, 0, 0, 0, 0, 0, 0]",1,128,192.0,3076.0,3020356817,3020364765,3244985091,3244987427,0,576,576,-1,1,7948,2336,256,16,16,3
12,3,"[8, 192, 0, 0, 0, 0, 0, 0, 0, 0, 0, 0, 0, 0, 0, 8, 192, 0, 0, 0, 0, 0, 0, 0, 0, 0, 0, 0, 0, 0]",1,128,192.0,4608.0,3020618847,3020630872,3244988003,3244990595,0,608,608,-1,1,12025,2592,256,16,16,3
12,3,"[8, 192, 0, 0, 0, 0, 0, 0, 0, 0, 0, 0, 0, 0, 0, 8, 192, 0, 0, 0, 0, 0, 0, 0, 0, 0, 0, 0, 0, 0]",1,128,192.0,4608.0,3020724306,3020733810,3244991203,3244993699,0,576,576,-1,1,9504,2496,256,16,16,3
16,3,"[8, 192, 192, 1, 1, 0, 0, 0, 0, 0, 0, 0, 0, 0, 0, 4, 0, 0, 0, 0, 0, 0, 0, 0, 0, 0, 0, 0, 0, 0]",72,128,36864.0,589828.0,3020817269,3020826210,3244994275,3244998275,0,608,608,-1,1,8941,4000,256,16,16,3
12,3,"[8, 192, 192, 1, 1, 0, 0, 0, 0, 0, 0, 0, 0, 0, 0, 8, 192, 192, 1, 1, 0, 0, 0, 0, 0, 0, 0, 0, 0, 0]",72,128,36864.0,884736.0,3020906206,3020914782,3244998883,3245002787,0,704,704,-1,1,8576,3904,256,16,16,3
12,3,"[8, 192, 192, 1, 1, 0, 0, 0, 0, 0, 0, 0, 0, 0, 0, 8, 192, 192, 1, 1, 0, 0, 0, 0, 0, 0, 0, 0, 0, 0]",72,128,36864.0,884736.0,3020993128,3021001136,3245003491,3245007427,0,672,672,-1,1,8008,3936,256,16,16,3
16,3,"[8, 192, 0, 0, 0, 0, 0, 0, 0, 0, 0, 0, 0, 0, 0, 4, 0, 0, 0, 0, 0, 0, 0, 0, 0, 0, 0, 0, 0, 0]",1,128,192.0,3076.0,3021078930,3021087352,3245008099,3245010307,0,608,608,-1,1,8422,2208,256,16,16,3
12,3,"[8, 192, 0, 0, 0, 0, 0, 0, 0, 0, 0, 0, 0, 0, 0, 8, 192, 0, 0, 0, 0, 0, 0, 0, 0, 0, 0, 0, 0, 0]",1,128,192.0,4608.0,3021163665,3021171523,3245010915,3245013571,0,608,608,-1,1,7858,2656,256,16,16,3
12,3,"[8, 192, 0, 0, 0, 0, 0, 0, 0, 0, 0, 0, 0, 0, 0, 8, 192, 0, 0, 0, 0, 0, 0, 0, 0, 0, 0, 0, 0, 0]",1,128,192.0,4608.0,3021248470,3021258878,3245014179,3245016611,0,704,704,-1,1,10408,2432,256,16,16,3
16,3,"[8, 192, 0, 0, 0, 0, 0, 0, 0, 0, 0, 0, 0, 0, 0, 4, 0, 0, 0, 0, 0, 0, 0, 0, 0, 0, 0, 0, 0, 0]",1,128,192.0,3076.0,3021336257,3021344666,3245017315,3245019523,0,672,672,-1,1,8409,2208,256,16,16,3
12,3,"[8, 192, 0, 0, 0, 0, 0, 0, 0, 0, 0, 0, 0, 0, 0, 8, 192, 0, 0, 0, 0, 0, 0, 0, 0, 0, 0, 0, 0, 0]",1,128,192.0,4608.0,3021419798,3021427884,3245020195,3245022659,0,736,736,-1,1,8086,2464,256,16,16,3
12,3,"[8, 192, 0, 0, 0, 0, 0, 0, 0, 0, 0, 0, 0, 0, 0, 8, 192, 0, 0, 0, 0, 0, 0, 0, 0, 0, 0, 0, 0, 0]",1,128,192.0,4608.0,3021505168,3021513551,3245023395,3245025827,0,608,608,-1,1,8383,2432,256,16,16,3
16,3,"[8, 192, 48, 3, 3, 0, 0, 0, 0, 0, 0, 0, 0, 0, 0, 4, 0, 0, 0, 0, 0, 0, 0, 0, 0, 0, 0, 0, 0, 0]",162,128,82944.0,1327108.0,3021590488,3021598495,3245026435,3245032931,0,672,672,-1,1,8007,6496,256,16,16,3
12,3,"[8, 192, 48, 3, 3, 0, 0, 0, 0, 0, 0, 0, 0, 0, 0, 8, 192, 48, 3, 3, 0, 0, 0, 0, 0, 0, 0, 0, 0, 0]",162,128,82944.0,1990656.0,3021674478,3021682349,3245033603,3245039395,0,640,640,-1,1,7871,5792,256,16,16,3
12,3,"[8, 192, 48, 3, 3, 0, 0, 0, 0, 0, 0, 0, 0, 0, 0, 8, 192, 48, 3, 3, 0, 0, 0, 0, 0, 0, 0, 0, 0, 0]",162,128,82944.0,1990656.0,3021759487,3021767354,3245040035,3245046147,0,704,704,-1,1,7867,6112,256,16,16,3
16,3,"[8, 192, 0, 0, 0, 0, 0, 0, 0, 0, 0, 0, 0, 0, 0, 4, 0, 0, 0, 0, 0, 0, 0, 0, 0, 0, 0, 0, 0, 0]",1,128,192.0,3076.0,3021843402,3021851680,3245046851,3245049091,0,608,608,-1,1,8278,2240,256,16,16,3
12,3,"[8, 192, 0, 0, 0, 0, 0, 0, 0, 0, 0, 0, 0, 0, 0, 8, 192, 0, 0, 0, 0, 0, 0, 0, 0, 0, 0, 0, 0, 0]",1,128,192.0,4608.0,3021927824,3021935817,3245049699,3245052163,0,640,640,-1,1,7993,2464,256,16,16,3
12,3,"[8, 192, 0, 0, 0, 0, 0, 0, 0, 0, 0, 0, 0, 0, 0, 8, 192, 0, 0, 0, 0, 0, 0, 0, 0, 0, 0, 0, 0, 0]",1,128,192.0,4608.0,3022012475,3022020292,3245052803,3245055235,0,544,544,-1,1,7817,2432,256,16,16,3
16,3,"[8, 192, 0, 0, 0, 0, 0, 0, 0, 0, 0, 0, 0, 0, 0, 4, 0, 0, 0, 0, 0, 0, 0, 0, 0, 0, 0, 0, 0, 0]",1,128,192.0,3076.0,3022099208,3022107900,3245055779,3245058083,0,576,576,-1,1,8692,2304,256,16,16,3
12,3,"[8, 192, 0, 0, 0, 0, 0, 0, 0, 0, 0, 0, 0, 0, 0, 8, 192, 0, 0, 0, 0, 0, 0, 0, 0, 0, 0, 0, 0, 0]",1,128,192.0,4608.0,3022191050,3022201543,3245058659,3245061123,0,608,608,-1,1,10493,2464,256,16,16,3
12,3,"[8, 192, 0, 0, 0, 0, 0, 0, 0, 0, 0, 0, 0, 0, 0, 8, 192, 0, 0, 0, 0, 0, 0, 0, 0, 0, 0, 0, 0, 0]",1,128,192.0,4608.0,3022280248,3022288791,3245061731,3245064163,0,576,576,-1,1,8543,2432,256,16,16,3
16,3,"[8, 192, 192, 1, 1, 0, 0, 0, 0, 0, 0, 0, 0, 0, 0, 4, 0, 0, 0, 0, 0, 0, 0, 0, 0, 0, 0, 0, 0, 0]",72,128,36864.0,589828.0,3022366466,3022374702,3245064739,3245068867,0,640,640,-1,1,8236,4128,256,16,16,3
12,3,"[8, 192, 192, 1, 1, 0, 0, 0, 0, 0, 0, 0, 0, 0, 0, 8, 192, 192, 1, 1, 0, 0, 0, 0, 0, 0, 0, 0, 0, 0]",72,128,36864.0,884736.0,3022452782,3022460761,3245069507,3245073731,0,704,704,-1,1,7979,4224,256,16,16,3
12,3,"[8, 192, 192, 1, 1, 0, 0, 0, 0, 0, 0, 0, 0, 0, 0, 8, 192, 192, 1, 1, 0, 0, 0, 0, 0, 0, 0, 0, 0, 0]",72,128,36864.0,884736.0,3022538396,3022546483,3245074435,3245078307,0,576,576,-1,1,8087,3872,256,16,16,3
16,3,"[8, 192, 0, 0, 0, 0, 0, 0, 0, 0, 0, 0, 0, 0, 0, 4, 0, 0, 0, 0, 0, 0, 0, 0, 0, 0, 0, 0, 0, 0]",1,128,192.0,3076.0,3022622527,3022630804,3245078883,3245081091,0,544,544,-1,1,8277,2208,256,16,16,3
12,3,"[8, 192, 0, 0, 0, 0, 0, 0, 0, 0, 0, 0, 0, 0, 0, 8, 192, 0, 0, 0, 0, 0, 0, 0, 0, 0, 0, 0, 0, 0]",1,128,192.0,4608.0,3022709972,3022718117,3245081635,3245084131,0,608,608,-1,1,8145,2496,256,16,16,3
12,3,"[8, 192, 0, 0, 0, 0, 0, 0, 0, 0, 0, 0, 0, 0, 0, 8, 192, 0, 0, 0, 0, 0, 0, 0, 0, 0, 0, 0, 0, 0]",1,128,192.0,4608.0,3022794539,3022802395,3245084739,3245087267,0,640,640,-1,1,7856,2528,256,16,16,3
16,3,"[8, 192, 0, 0, 0, 0, 0, 0, 0, 0, 0, 0, 0, 0, 0, 4, 0, 0, 0, 0, 0, 0, 0, 0, 0, 0, 0, 0, 0, 0]",1,128,192.0,3076.0,3022879001,3022887155,3245087907,3245090179,0,608,608,-1,1,8154,2272,256,16,16,3
12,3,"[8, 192, 0, 0, 0, 0, 0, 0, 0, 0, 0, 0, 0, 0, 0, 8, 192, 0, 0, 0, 0, 0, 0, 0, 0, 0, 0, 0, 0, 0]",1,128,192.0,4608.0,3022963571,3022971123,3245090787,3245093315,0,704,704,-1,1,7552,2528,256,16,16,3
12,3,"[8, 192, 0, 0, 0, 0, 0, 0, 0, 0, 0, 0, 0, 0, 0, 8, 192, 0, 0, 0, 0, 0, 0, 0, 0, 0, 0, 0, 0, 0]",1,128,192.0,4608.0,3023048524,3023056178,3245094019,3245096611,0,576,576,-1,1,7654,2592,256,16,16,3
16,3,"[8, 192, 192, 1, 1, 0, 0, 0, 0, 0, 0, 0, 0, 0, 0, 4, 0, 0, 0, 0, 0, 0, 0, 0, 0, 0, 0, 0, 0, 0]",72,128,36864.0,589828.0,3023135563,3023143700,3245097187,3245101155,0,640,640,-1,1,8137,3968,256,16,16,3
12,3,"[8, 192, 192, 1, 1, 0, 0, 0, 0, 0, 0, 0, 0, 0, 0, 8, 192, 192, 1, 1, 0, 0, 0, 0, 0, 0, 0, 0, 0, 0]",72,128,36864.0,884736.0,3023222070,3023230155,3245101795,3245105859,0,672,672,-1,1,8085,4064,256,16,16,3
12,3,"[8, 192, 192, 1, 1, 0, 0, 0, 0, 0, 0, 0, 0, 0, 0, 8, 192, 192, 1, 1, 0, 0, 0, 0, 0, 0, 0, 0, 0, 0]",72,128,36864.0,884736.0,3023308298,3023316060,3245106531,3245110403,0,608,608,-1,1,7762,3872,256,16,16,3
16,3,"[8, 192, 0, 0, 0, 0, 0, 0, 0, 0, 0, 0, 0, 0, 0, 4, 0, 0, 0, 0, 0, 0, 0, 0, 0, 0, 0, 0, 0, 0]",1,128,192.0,3076.0,3023391708,3023399630,3245111011,3245113283,0,608,608,-1,1,7922,2272,256,16,16,3
12,3,"[8, 192, 0, 0, 0, 0, 0, 0, 0, 0, 0, 0, 0, 0, 0, 8, 192, 0, 0, 0, 0, 0, 0, 0, 0, 0, 0, 0, 0, 0]",1,128,192.0,4608.0,3023475503,3023483156,3245113891,3245116547,0,544,544,-1,1,7653,2656,256,16,16,3
12,3,"[8, 192, 0, 0, 0, 0, 0, 0, 0, 0, 0, 0, 0, 0, 0, 8, 192, 0, 0, 0, 0, 0, 0, 0, 0, 0, 0, 0, 0, 0]",1,128,192.0,4608.0,3023559145,3023566931,3245117091,3245119555,0,608,608,-1,1,7786,2464,256,16,16,3
16,3,"[8, 192, 0, 0, 0, 0, 0, 0, 0, 0, 0, 0, 0, 0, 0, 4, 0, 0, 0, 0, 0, 0, 0, 0, 0, 0, 0, 0, 0, 0]",1,128,192.0,3076.0,3023641919,3023650076,3245120163,3245122403,0,672,672,-1,1,8157,2240,256,16,16,3
12,3,"[8, 192, 0, 0, 0, 0, 0, 0, 0, 0, 0, 0, 0, 0, 0, 8, 192, 0, 0, 0, 0, 0, 0, 0, 0, 0, 0, 0, 0, 0]",1,128,192.0,4608.0,3023725714,3023733398,3245123075,3245125571,0,704,704,-1,1,7684,2496,256,16,16,3
12,3,"[8, 192, 0, 0, 0, 0, 0, 0, 0, 0, 0, 0, 0, 0, 0, 8, 192, 0, 0, 0, 0, 0, 0, 0, 0, 0, 0, 0, 0, 0]",1,128,192.0,4608.0,3023809454,3023817493,3245126275,3245128707,0,608,608,-1,1,8039,2432,256,16,16,3
16,3,"[8, 192, 48, 3, 3, 0, 0, 0, 0, 0, 0, 0, 0, 0, 0, 4, 0, 0, 0, 0, 0, 0, 0, 0, 0, 0, 0, 0, 0, 0]",162,128,82944.0,1327108.0,3023896462,3023904867,3245129315,3245135651,0,608,608,-1,1,8405,6336,256,16,16,3
12,3,"[8, 192, 48, 3, 3, 0, 0, 0, 0, 0, 0, 0, 0, 0, 0, 8, 192, 48, 3, 3, 0, 0, 0, 0, 0, 0, 0, 0, 0, 0]",162,128,82944.0,1990656.0,3023981719,3023989753,3245136259,3245141763,0,672,672,-1,1,8034,5504,256,16,16,3
12,3,"[8, 192, 48, 3, 3, 0, 0, 0, 0, 0, 0, 0, 0, 0, 0, 8, 192, 48, 3, 3, 0, 0, 0, 0, 0, 0, 0, 0, 0, 0]",162,128,82944.0,1990656.0,3024068446,3024076363,3245142435,3245148035,0,576,576,-1,1,7917,5600,256,16,16,3
16,3,"[8, 192, 0, 0, 0, 0, 0, 0, 0, 0, 0, 0, 0, 0, 0, 4, 0, 0, 0, 0, 0, 0, 0, 0, 0, 0, 0, 0, 0, 0]",1,128,192.0,3076.0,3024153337,3024161539,3245148611,3245150819,0,640,640,-1,1,8202,2208,256,16,16,3
12,3,"[8, 192, 0, 0, 0, 0, 0, 0, 0, 0, 0, 0, 0, 0, 0, 8, 192, 0, 0, 0, 0, 0, 0, 0, 0, 0, 0, 0, 0, 0]",1,128,192.0,4608.0,3024378622,3024389549,3245151459,3245153923,0,640,640,-1,1,10927,2464,256,16,16,3
12,3,"[8, 192, 0, 0, 0, 0, 0, 0, 0, 0, 0, 0, 0, 0, 0, 8, 192, 0, 0, 0, 0, 0, 0, 0, 0, 0, 0, 0, 0, 0]",1,128,192.0,4608.0,3024470971,3024479494,3245154563,3245157123,0,608,608,-1,1,8523,2560,256,16,16,3
16,3,"[8, 192, 0, 0, 0, 0, 0, 0, 0, 0, 0, 0, 0, 0, 0, 4, 0, 0, 0, 0, 0, 0, 0, 0, 0, 0, 0, 0, 0, 0]",1,128,192.0,3076.0,3024558389,3024567129,3245157731,3245159939,0,672,672,-1,1,8740,2208,256,16,16,3
12,3,"[8, 192, 0, 0, 0, 0, 0, 0, 0, 0, 0, 0, 0, 0, 0, 8, 192, 0, 0, 0, 0, 0, 0, 0, 0, 0, 0, 0, 0, 0]",1,128,192.0,4608.0,3024643890,3024651846,3245160611,3245163043,0,576,576,-1,1,7956,2432,256,16,16,3
12,3,"[8, 192, 0, 0, 0, 0, 0, 0, 0, 0, 0, 0, 0, 0, 0, 8, 192, 0, 0, 0, 0, 0, 0, 0, 0, 0, 0, 0, 0, 0]",1,128,192.0,4608.0,3024727653,3024735360,3245163619,3245166083,0,544,544,-1,1,7707,2464,256,16,16,3
16,3,"[8, 192, 192, 1, 1, 0, 0, 0, 0, 0, 0, 0, 0, 0, 0, 4, 0, 0, 0, 0, 0, 0, 0, 0, 0, 0, 0, 0, 0, 0]",72,128,36864.0,589828.0,3024829900,3024838307,3245166627,3245170627,0,640,640,-1,1,8407,4000,256,16,16,3
12,3,"[8, 192, 192, 1, 1, 0, 0, 0, 0, 0, 0, 0, 0, 0, 0, 8, 192, 192, 1, 1, 0, 0, 0, 0, 0, 0, 0, 0, 0, 0]",72,128,36864.0,884736.0,3024924512,3024932581,3245171267,3245175203,0,640,640,-1,1,8069,3936,256,16,16,3
12,3,"[8, 192, 192, 1, 1, 0, 0, 0, 0, 0, 0, 0, 0, 0, 0, 8, 192, 192, 1, 1, 0, 0, 0, 0, 0, 0, 0, 0, 0, 0]",72,128,36864.0,884736.0,3025013083,3025021042,3245175843,3245179811,0,640,640,-1,1,7959,3968,256,16,16,3
16,3,"[8, 192, 0, 0, 0, 0, 0, 0, 0, 0, 0, 0, 0, 0, 0, 4, 0, 0, 0, 0, 0, 0, 0, 0, 0, 0, 0, 0, 0, 0]",1,128,192.0,3076.0,3025100835,3025109614,3245180451,3245182755,0,576,576,-1,1,8779,2304,256,16,16,3
12,3,"[8, 192, 0, 0, 0, 0, 0, 0, 0, 0, 0, 0, 0, 0, 0, 8, 192, 0, 0, 0, 0, 0, 0, 0, 0, 0, 0, 0, 0, 0]",1,128,192.0,4608.0,3025191988,3025200427,3245183331,3245185955,0,608,608,-1,1,8439,2624,256,16,16,3
12,3,"[8, 192, 0, 0, 0, 0, 0, 0, 0, 0, 0, 0, 0, 0, 0, 8, 192, 0, 0, 0, 0, 0, 0, 0, 0, 0, 0, 0, 0, 0]",1,128,192.0,4608.0,3025278309,3025286608,3245186563,3245188995,0,608,608,-1,1,8299,2432,256,16,16,3
16,3,"[8, 192, 0, 0, 0, 0, 0, 0, 0, 0, 0, 0, 0, 0, 0, 4, 0, 0, 0, 0, 0, 0, 0, 0, 0, 0, 0, 0, 0, 0]",1,128,192.0,3076.0,3025367049,3025375473,3245189603,3245191843,0,608,608,-1,1,8424,2240,256,16,16,3
12,3,"[8, 192, 0, 0, 0, 0, 0, 0, 0, 0, 0, 0, 0, 0, 0, 8, 192, 0, 0, 0, 0, 0, 0, 0, 0, 0, 0, 0, 0, 0]",1,128,192.0,4608.0,3025455313,3025463129,3245192451,3245194979,0,639,639,-1,1,7816,2528,256,16,16,3
12,3,"[8, 192, 0, 0, 0, 0, 0, 0, 0, 0, 0, 0, 0, 0, 0, 8, 192, 0, 0, 0, 0, 0, 0, 0, 0, 0, 0, 0, 0, 0]",1,128,192.0,4608.0,3025542213,3025550171,3245195618,3245198115,0,576,576,-1,1,7958,2497,256,16,16,3
16,3,"[8, 192, 192, 1, 1, 0, 0, 0, 0, 0, 0, 0, 0, 0, 0, 4, 0, 0, 0, 0, 0, 0, 0, 0, 0, 0, 0, 0, 0, 0]",72,128,36864.0,589828.0,3025629859,3025638980,3245198691,3245202659,0,640,640,-1,1,9121,3968,256,16,16,3
12,3,"[8, 192, 192, 1, 1, 0, 0, 0, 0, 0, 0, 0, 0, 0, 0, 8, 192, 192, 1, 1, 0, 0, 0, 0, 0, 0, 0, 0, 0, 0]",72,128,36864.0,884736.0,3025719098,3025727141,3245203299,3245207235,0,672,672,-1,1,8043,3936,256,16,16,3
12,3,"[8, 192, 192, 1, 1, 0, 0, 0, 0, 0, 0, 0, 0, 0, 0, 8, 192, 192, 1, 1, 0, 0, 0, 0, 0, 0, 0, 0, 0, 0]",72,128,36864.0,884736.0,3025806794,3025814619,3245207907,3245211971,0,672,672,-1,1,7825,4064,256,16,16,3
16,3,"[8, 192, 0, 0, 0, 0, 0, 0, 0, 0, 0, 0, 0, 0, 0, 4, 0, 0, 0, 0, 0, 0, 0, 0, 0, 0, 0, 0, 0, 0]",1,128,192.0,3076.0,3025894491,3025902783,3245212643,3245214947,0,576,576,-1,1,8292,2304,256,16,16,3
12,3,"[8, 192, 0, 0, 0, 0, 0, 0, 0, 0, 0, 0, 0, 0, 0, 8, 192, 0, 0, 0, 0, 0, 0, 0, 0, 0, 0, 0, 0, 0]",1,128,192.0,4608.0,3025983552,3025991514,3245215523,3245218082,0,641,641,-1,1,7962,2559,256,16,16,3
12,3,"[8, 192, 0, 0, 0, 0, 0, 0, 0, 0, 0, 0, 0, 0, 0, 8, 192, 0, 0, 0, 0, 0, 0, 0, 0, 0, 0, 0, 0, 0]",1,128,192.0,4608.0,3026070301,3026078219,3245218723,3245221187,0,608,608,-1,1,7918,2464,256,16,16,3
16,3,"[8, 192, 0, 0, 0, 0, 0, 0, 0, 0, 0, 0, 0, 0, 0, 4, 0, 0, 0, 0, 0, 0, 0, 0, 0, 0, 0, 0, 0, 0]",1,128,192.0,3076.0,3026158079,3026173984,3245221795,3245224035,0,639,639,-1,1,15905,2240,256,16,16,3
12,3,"[8, 192, 0, 0, 0, 0, 0, 0, 0, 0, 0, 0, 0, 0, 0, 8, 192, 0, 0, 0, 0, 0, 0, 0, 0, 0, 0, 0, 0, 0]",1,128,192.0,4608.0,3026256530,3026264771,3245224674,3245227107,0,576,576,-1,1,8241,2433,256,16,16,3
12,3,"[8, 192, 0, 0, 0, 0, 0, 0, 0, 0, 0, 0, 0, 0, 0, 8, 192, 0, 0, 0, 0, 0, 0, 0, 0, 0, 0, 0, 0, 0]",1,128,192.0,4608.0,3026344616,3026352719,3245227683,3245230146,0,609,609,-1,1,8103,2463,256,16,16,3
16,3,"[8, 192, 48, 3, 3, 0, 0, 0, 0, 0, 0, 0, 0, 0, 0, 4, 0, 0, 0, 0, 0, 0, 0, 0, 0, 0, 0, 0, 0, 0]",162,128,82944.0,1327108.0,3026434150,3026442588,3245230755,3245237411,0,640,640,-1,1,8438,6656,256,16,16,3
12,3,"[8, 192, 48, 3, 3, 0, 0, 0, 0, 0, 0, 0, 0, 0, 0, 8, 192, 48, 3, 3, 0, 0, 0, 0, 0, 0, 0, 0, 0, 0]",162,128,82944.0,1990656.0,3026522229,3026530206,3245238051,3245243555,0,639,639,-1,1,7977,5504,256,16,16,3
12,3,"[8, 192, 48, 3, 3, 0, 0, 0, 0, 0, 0, 0, 0, 0, 0, 8, 192, 48, 3, 3, 0, 0, 0, 0, 0, 0, 0, 0, 0, 0]",162,128,82944.0,1990656.0,3026611286,3026619515,3245244194,3245249826,0,577,577,-1,1,8229,5632,256,16,16,3
16,3,"[8, 192, 0, 0, 0, 0, 0, 0, 0, 0, 0, 0, 0, 0, 0, 4, 0, 0, 0, 0, 0, 0, 0, 0, 0, 0, 0, 0, 0, 0]",1,128,192.0,3076.0,3026699511,3026708002,3245250403,3245252610,0,673,673,-1,1,8491,2207,256,16,16,3
12,3,"[8, 192, 0, 0, 0, 0, 0, 0, 0, 0, 0, 0, 0, 0, 0, 8, 192, 0, 0, 0, 0, 0, 0, 0, 0, 0, 0, 0, 0, 0]",1,128,192.0,4608.0,3026787648,3026795535,3245253283,3245255970,0,704,704,-1,1,7887,2687,256,16,16,3
12,3,"[8, 192, 0, 0, 0, 0, 0, 0, 0, 0, 0, 0, 0, 0, 0, 8, 192, 0, 0, 0, 0, 0, 0, 0, 0, 0, 0, 0, 0, 0]",1,128,192.0,4608.0,3026873644,3026881323,3245256674,3245259107,0,576,576,-1,1,7679,2433,256,16,16,3
16,3,"[8, 192, 0, 0, 0, 0, 0, 0, 0, 0, 0, 0, 0, 0, 0, 4, 0, 0, 0, 0, 0, 0, 0, 0, 0, 0, 0, 0, 0, 0]",1,128,192.0,3076.0,3026960115,3026968494,3245259683,3245261987,0,575,575,-1,1,8379,2304,256,16,16,3
12,3,"[8, 192, 0, 0, 0, 0, 0, 0, 0, 0, 0, 0, 0, 0, 0, 8, 192, 0, 0, 0, 0, 0, 0, 0, 0, 0, 0, 0, 0, 0]",1,128,192.0,4608.0,3027045787,3027056269,3245262562,3245265219,0,575,575,-1,1,10482,2657,256,16,16,3
12,3,"[8, 192, 0, 0, 0, 0, 0, 0, 0, 0, 0, 0, 0, 0, 0, 8, 192, 0, 0, 0, 0, 0, 0, 0, 0, 0, 0, 0, 0, 0]",1,128,192.0,4608.0,3027134577,3027142535,3245265794,3245268226,0,609,609,-1,1,7958,2432,256,16,16,3
16,3,"[8, 192, 192, 1, 1, 0, 0, 0, 0, 0, 0, 0, 0, 0, 0, 4, 0, 0, 0, 0, 0, 0, 0, 0, 0, 0, 0, 0, 0, 0]",72,128,36864.0,589828.0,3027222516,3027231173,3245268835,3245272866,0,704,704,-1,1,8657,4031,256,16,16,3
12,3,"[8, 192, 192, 1, 1, 0, 0, 0, 0, 0, 0, 0, 0, 0, 0, 8, 192, 192, 1, 1, 0, 0, 0, 0, 0, 0, 0, 0, 0, 0]",72,128,36864.0,884736.0,3027311498,3027319602,3245273570,3245277474,0,704,704,-1,1,8104,3904,256,16,16,3
12,3,"[8, 192, 192, 1, 1, 0, 0, 0, 0, 0, 0, 0, 0, 0, 0, 8, 192, 192, 1, 1, 0, 0, 0, 0, 0, 0, 0, 0, 0, 0]",72,128,36864.0,884736.0,3027398374,3027405991,3245278178,3245282210,0,641,641,-1,1,7617,4032,256,16,16,3
16,3,"[8, 192, 0, 0, 0, 0, 0, 0, 0, 0, 0, 0, 0, 0, 0, 4, 0, 0, 0, 0, 0, 0, 0, 0, 0, 0, 0, 0, 0, 0]",1,128,192.0,3076.0,3027483757,3027491934,3245282851,3245285123,0,607,607,-1,1,8177,2272,256,16,16,3
12,3,"[8, 192, 0, 0, 0, 0, 0, 0, 0, 0, 0, 0, 0, 0, 0, 8, 192, 0, 0, 0, 0, 0, 0, 0, 0, 0, 0, 0, 0, 0]",1,128,192.0,4608.0,3027570873,3027578858,3245285730,3245288258,0,704,704,-1,1,7985,2528,256,16,16,3
12,3,"[8, 192, 0, 0, 0, 0, 0, 0, 0, 0, 0, 0, 0, 0, 0, 8, 192, 0, 0, 0, 0, 0, 0, 0, 0, 0, 0, 0, 0, 0]",1,128,192.0,4608.0,3027657928,3027665676,3245288962,3245291394,0,609,609,-1,1,7748,2432,256,16,16,3
16,3,"[8, 192, 0, 0, 0, 0, 0, 0, 0, 0, 0, 0, 0, 0, 0, 4, 0, 0, 0, 0, 0, 0, 0, 0, 0, 0, 0, 0, 0, 0]",1,128,192.0,3076.0,3027743549,3027751749,3245292003,3245294243,0,639,639,-1,1,8200,2240,256,16,16,3
12,3,"[8, 192, 0, 0, 0, 0, 0, 0, 0, 0, 0, 0, 0, 0, 0, 8, 192, 0, 0, 0, 0, 0, 0, 0, 0, 0, 0, 0, 0, 0]",1,128,192.0,4608.0,3027833984,3027842055,3245294882,3245297442,0,640,640,-1,1,8071,2560,256,16,16,3
12,3,"[8, 192, 0, 0, 0, 0, 0, 0, 0, 0, 0, 0, 0, 0, 0, 8, 192, 0, 0, 0, 0, 0, 0, 0, 0, 0, 0, 0, 0, 0]",1,128,192.0,4608.0,3027921258,3027929140,3245298082,3245300514,0,576,576,-1,1,7882,2432,256,16,16,3
16,3,"[8, 192, 192, 1, 1, 0, 0, 0, 0, 0, 0, 0, 0, 0, 0, 4, 0, 0, 0, 0, 0, 0, 0, 0, 0, 0, 0, 0, 0, 0]",72,128,36864.0,589828.0,3028147954,3028161340,3245301090,3245305059,0,607,607,-1,1,13386,3969,256,16,16,3
12,3,"[8, 192, 192, 1, 1, 0, 0, 0, 0, 0, 0, 0, 0, 0, 0, 8, 192, 192, 1, 1, 0, 0, 0, 0, 0, 0, 0, 0, 0, 0]",72,128,36864.0,884736.0,3028255458,3028264759,3245305666,3245309571,0,704,704,-1,1,9301,3905,256,16,16,3
12,3,"[8, 192, 192, 1, 1, 0, 0, 0, 0, 0, 0, 0, 0, 0, 0, 8, 192, 192, 1, 1, 0, 0, 0, 0, 0, 0, 0, 0, 0, 0]",72,128,36864.0,884736.0,3028348127,3028356434,3245310275,3245314179,0,671,671,-1,1,8307,3904,256,16,16,3
16,3,"[8, 192, 0, 0, 0, 0, 0, 0, 0, 0, 0, 0, 0, 0, 0, 4, 0, 0, 0, 0, 0, 0, 0, 0, 0, 0, 0, 0, 0, 0]",1,128,192.0,3076.0,3028436865,3028445365,3245314850,3245317090,0,640,640,-1,1,8500,2240,256,16,16,3
12,3,"[8, 192, 0, 0, 0, 0, 0, 0, 0, 0, 0, 0, 0, 0, 0, 8, 192, 0, 0, 0, 0, 0, 0, 0, 0, 0, 0, 0, 0, 0]",1,128,192.0,4608.0,3028524626,3028533524,3245317730,3245320162,0,576,576,-1,1,8898,2432,256,16,16,3
12,3,"[8, 192, 0, 0, 0, 0, 0, 0, 0, 0, 0, 0, 0, 0, 0, 8, 192, 0, 0, 0, 0, 0, 0, 0, 0, 0, 0, 0, 0, 0]",1,128,192.0,4608.0,3028612296,3028620289,3245320738,3245323234,0,576,576,-1,1,7993,2496,256,16,16,3
16,3,"[8, 192, 0, 0, 0, 0, 0, 0, 0, 0, 0, 0, 0, 0, 0, 4, 0, 0, 0, 0, 0, 0, 0, 0, 0, 0, 0, 0, 0, 0]",1,128,192.0,3076.0,3028700645,3028708969,3245323810,3245326338,0,672,672,-1,1,8324,2528,256,16,16,3
12,3,"[8, 192, 0, 0, 0, 0, 0, 0, 0, 0, 0, 0, 0, 0, 0, 8, 192, 0, 0, 0, 0, 0, 0, 0, 0, 0, 0, 0, 0, 0]",1,128,192.0,4608.0,3028790266,3028798361,3245327010,3245329475,0,607,607,-1,1,8095,2465,256,16,16,3
12,3,"[8, 192, 0, 0, 0, 0, 0, 0, 0, 0, 0, 0, 0, 0, 0, 8, 192, 0, 0, 0, 0, 0, 0, 0, 0, 0, 0, 0, 0, 0]",1,128,192.0,4608.0,3028876813,3028884696,3245330082,3245332514,0,576,576,-1,1,7883,2432,256,16,16,3
16,3,"[8, 192, 48, 3, 3, 0, 0, 0, 0, 0, 0, 0, 0, 0, 0, 4, 0, 0, 0, 0, 0, 0, 0, 0, 0, 0, 0, 0, 0, 0]",162,128,82944.0,1327108.0,3028964969,3028973253,3245333090,3245339074,0,673,673,-1,1,8284,5984,256,16,16,3
12,3,"[8, 192, 48, 3, 3, 0, 0, 0, 0, 0, 0, 0, 0, 0, 0, 8, 192, 48, 3, 3, 0, 0, 0, 0, 0, 0, 0, 0, 0, 0]",162,128,82944.0,1990656.0,3029053692,3029061598,3245339747,3245345442,0,576,576,-1,1,7906,5695,256,16,16,3
12,3,"[8, 192, 48, 3, 3, 0, 0, 0, 0, 0, 0, 0, 0, 0, 0, 8, 192, 48, 3, 3, 0, 0, 0, 0, 0, 0, 0, 0, 0, 0]",162,128,82944.0,1990656.0,3029141633,3029151758,3245346018,3245352002,0,672,672,-1,1,10125,5984,256,16,16,3
16,3,"[8, 192, 0, 0, 0, 0, 0, 0, 0, 0, 0, 0, 0, 0, 0, 4, 0, 0, 0, 0, 0, 0, 0, 0, 0, 0, 0, 0, 0, 0]",1,128,192.0,3076.0,3029232275,3029240628,3245352674,3245354914,0,640,640,-1,1,8353,2240,256,16,16,3
12,3,"[8, 192, 0, 0, 0, 0, 0, 0, 0, 0, 0, 0, 0, 0, 0, 8, 192, 0, 0, 0, 0, 0, 0, 0, 0, 0, 0, 0, 0, 0]",1,128,192.0,4608.0,3029320650,3029328842,3245355554,3245358050,0,576,576,-1,1,8192,2496,256,16,16,3
12,3,"[8, 192, 0, 0, 0, 0, 0, 0, 0, 0, 0, 0, 0, 0, 0, 8, 192, 0, 0, 0, 0, 0, 0, 0, 0, 0, 0, 0, 0, 0]",1,128,192.0,4608.0,3029407894,3029415862,3245358626,3245361122,0,704,704,-1,1,7968,2496,256,16,16,3
16,3,"[8, 192, 0, 0, 0, 0, 0, 0, 0, 0, 0, 0, 0, 0, 0, 4, 0, 0, 0, 0, 0, 0, 0, 0, 0, 0, 0, 0, 0, 0]",1,128,192.0,3076.0,3029496596,3029505391,3245361826,3245364066,0,704,704,-1,1,8795,2240,256,16,16,3
12,3,"[8, 192, 0, 0, 0, 0, 0, 0, 0, 0, 0, 0, 0, 0, 0, 8, 192, 0, 0, 0, 0, 0, 0, 0, 0, 0, 0, 0, 0, 0]",1,128,192.0,4608.0,3029584465,3029592462,3245364770,3245367234,0,544,544,-1,1,7997,2464,256,16,16,3
12,3,"[8, 192, 0, 0, 0, 0, 0, 0, 0, 0, 0, 0, 0, 0, 0, 8, 192, 0, 0, 0, 0, 0, 0, 0, 0, 0, 0, 0, 0, 0]",1,128,192.0,4608.0,3029670365,3029678457,3245367778,3245370242,0,608,608,-1,1,8092,2464,256,16,16,3
16,3,"[8, 192, 192, 1, 1, 0, 0, 0, 0, 0, 0, 0, 0, 0, 0, 4, 0, 0, 0, 0, 0, 0, 0, 0, 0, 0, 0, 0, 0, 0]",72,128,36864.0,589828.0,3029758885,3029767162,3245370850,3245374818,0,640,640,-1,1,8277,3968,256,16,16,3
12,3,"[8, 192, 192, 1, 1, 0, 0, 0, 0, 0, 0, 0, 0, 0, 0, 8, 192, 192, 1, 1, 0, 0, 0, 0, 0, 0, 0, 0, 0, 0]",72,128,36864.0,884736.0,3029848780,3029857114,3245375458,3245379586,0,608,608,-1,1,8334,4128,256,16,16,3
12,3,"[8, 192, 192, 1, 1, 0, 0, 0, 0, 0, 0, 0, 0, 0, 0, 8, 192, 192, 1, 1, 0, 0, 0, 0, 0, 0, 0, 0, 0, 0]",72,128,36864.0,884736.0,3029937947,3029945925,3245380194,3245384162,0,704,704,-1,1,7978,3968,256,16,16,3
16,3,"[8, 192, 0, 0, 0, 0, 0, 0, 0, 0, 0, 0, 0, 0, 0, 4, 0, 0, 0, 0, 0, 0, 0, 0, 0, 0, 0, 0, 0, 0]",1,128,192.0,3076.0,3030025067,3030033360,3245384866,3245387074,0,608,608,-1,1,8293,2208,256,16,16,3
12,3,"[8, 192, 0, 0, 0, 0, 0, 0, 0, 0, 0, 0, 0, 0, 0, 8, 192, 0, 0, 0, 0, 0, 0, 0, 0, 0, 0, 0, 0, 0]",1,128,192.0,4608.0,3030113450,3030123728,3245387682,3245390210,0,736,736,-1,1,10278,2528,256,16,16,3
12,3,"[8, 192, 0, 0, 0, 0, 0, 0, 0, 0, 0, 0, 0, 0, 0, 8, 192, 0, 0, 0, 0, 0, 0, 0, 0, 0, 0, 0, 0, 0]",1,128,192.0,4608.0,3030211882,3030220300,3245390946,3245393378,0,576,576,-1,1,8418,2432,256,16,16,3
16,3,"[8, 192, 0, 0, 0, 0, 0, 0, 0, 0, 0, 0, 0, 0, 0, 4, 0, 0, 0, 0, 0, 0, 0, 0, 0, 0, 0, 0, 0, 0]",1,128,192.0,3076.0,3030300834,3030309533,3245393954,3245396194,0,608,608,-1,1,8699,2240,256,16,16,3
12,3,"[8, 192, 0, 0, 0, 0, 0, 0, 0, 0, 0, 0, 0, 0, 0, 8, 192, 0, 0, 0, 0, 0, 0, 0, 0, 0, 0, 0, 0, 0]",1,128,192.0,4608.0,3030390311,3030398530,3245396802,3245399234,0,544,544,-1,1,8219,2432,256,16,16,3
12,3,"[8, 192, 0, 0, 0, 0, 0, 0, 0, 0, 0, 0, 0, 0, 0, 8, 192, 0, 0, 0, 0, 0, 0, 0, 0, 0, 0, 0, 0, 0]",1,128,192.0,4608.0,3030477699,3030485431,3245399778,3245402242,0,608,608,-1,1,7732,2464,256,16,16,3
16,3,"[8, 192, 192, 1, 1, 0, 0, 0, 0, 0, 0, 0, 0, 0, 0, 4, 0, 0, 0, 0, 0, 0, 0, 0, 0, 0, 0, 0, 0, 0]",72,128,36864.0,589828.0,3030564232,3030572513,3245402850,3245406818,0,608,608,-1,1,8281,3968,256,16,16,3
12,3,"[8, 192, 192, 1, 1, 0, 0, 0, 0, 0, 0, 0, 0, 0, 0, 8, 192, 192, 1, 1, 0, 0, 0, 0, 0, 0, 0, 0, 0, 0]",72,128,36864.0,884736.0,3030652629,3030660573,3245407426,3245411330,0,672,672,-1,1,7944,3904,256,16,16,3
12,3,"[8, 192, 192, 1, 1, 0, 0, 0, 0, 0, 0, 0, 0, 0, 0, 8, 192, 192, 1, 1, 0, 0, 0, 0, 0, 0, 0, 0, 0, 0]",72,128,36864.0,884736.0,3030740646,3030748558,3245412002,3245415874,0,576,576,-1,1,7912,3872,256,16,16,3
16,3,"[8, 192, 0, 0, 0, 0, 0, 0, 0, 0, 0, 0, 0, 0, 0, 4, 0, 0, 0, 0, 0, 0, 0, 0, 0, 0, 0, 0, 0, 0]",1,128,192.0,3076.0,3030826541,3030834796,3245416450,3245418690,0,640,640,-1,1,8255,2240,256,16,16,3
12,3,"[8, 192, 0, 0, 0, 0, 0, 0, 0, 0, 0, 0, 0, 0, 0, 8, 192, 0, 0, 0, 0, 0, 0, 0, 0, 0, 0, 0, 0, 0]",1,128,192.0,4608.0,3030913451,3030921387,3245419330,3245421762,0,608,608,-1,1,7936,2432,256,16,16,3
12,3,"[8, 192, 0, 0, 0, 0, 0, 0, 0, 0, 0, 0, 0, 0, 0, 8, 192, 0, 0, 0, 0, 0, 0, 0, 0, 0, 0, 0, 0, 0]",1,128,192.0,4608.0,3030999581,3031007620,3245422370,3245424834,0,672,672,-1,1,8039,2464,256,16,16,3
16,3,"[8, 192, 0, 0, 0, 0, 0, 0, 0, 0, 0, 0, 0, 0, 0, 4, 0, 0, 0, 0, 0, 0, 0, 0, 0, 0, 0, 0, 0, 0]",1,128,192.0,3076.0,3031085988,3031096445,3245425506,3245428034,0,672,672,-1,1,10457,2528,256,16,16,3
12,3,"[8, 192, 0, 0, 0, 0, 0, 0, 0, 0, 0, 0, 0, 0, 0, 8, 192, 0, 0, 0, 0, 0, 0, 0, 0, 0, 0, 0, 0, 0]",1,128,192.0,4608.0,3031181957,3031191717,3245428706,3245431138,0,576,576,-1,1,9760,2432,256,16,16,3
12,3,"[8, 192, 0, 0, 0, 0, 0, 0, 0, 0, 0, 0, 0, 0, 0, 8, 192, 0, 0, 0, 0, 0, 0, 0, 0, 0, 0, 0, 0, 0]",1,128,192.0,4608.0,3031280581,3031289678,3245431714,3245434178,0,608,608,-1,1,9097,2464,256,16,16,3
16,3,"[8, 192, 48, 3, 3, 0, 0, 0, 0, 0, 0, 0, 0, 0, 0, 4, 0, 0, 0, 0, 0, 0, 0, 0, 0, 0, 0, 0, 0, 0]",162,128,82944.0,1327108.0,3031416256,3031426467,3245434786,3245441154,0,608,608,-1,1,10211,6368,256,16,16,3
12,3,"[8, 192, 48, 3, 3, 0, 0, 0, 0, 0, 0, 0, 0, 0, 0, 8, 192, 48, 3, 3, 0, 0, 0, 0, 0, 0, 0, 0, 0, 0]",162,128,82944.0,1990656.0,3031517722,3031527106,3245441762,3245447394,0,640,640,-1,1,9384,5632,256,16,16,3
12,3,"[8, 192, 48, 3, 3, 0, 0, 0, 0, 0, 0, 0, 0, 0, 0, 8, 192, 48, 3, 3, 0, 0, 0, 0, 0, 0, 0, 0, 0, 0]",162,128,82944.0,1990656.0,3031617530,3031628257,3245448034,3245453826,0,544,544,-1,1,10727,5792,256,16,16,3
16,3,"[8, 192, 0, 0, 0, 0, 0, 0, 0, 0, 0, 0, 0, 0, 0, 4, 0, 0, 0, 0, 0, 0, 0, 0, 0, 0, 0, 0, 0, 0]",1,128,192.0,3076.0,3031717619,3031727551,3245454370,3245456642,0,608,608,-1,1,9932,2272,256,16,16,3
12,3,"[8, 192, 0, 0, 0, 0, 0, 0, 0, 0, 0, 0, 0, 0, 0, 8, 192, 0, 0, 0, 0, 0, 0, 0, 0, 0, 0, 0, 0, 0]",1,128,192.0,4608.0,3031816671,3031825607,3245457250,3245459746,0,640,640,-1,1,8936,2496,256,16,16,3
12,3,"[8, 192, 0, 0, 0, 0, 0, 0, 0, 0, 0, 0, 0, 0, 0, 8, 192, 0, 0, 0, 0, 0, 0, 0, 0, 0, 0, 0, 0, 0]",1,128,192.0,4608.0,3032048739,3032059267,3245460386,3245462818,0,608,608,-1,1,10528,2432,256,16,16,3
16,3,"[8, 192, 0, 0, 0, 0, 0, 0, 0, 0, 0, 0, 0, 0, 0, 4, 0, 0, 0, 0, 0, 0, 0, 0, 0, 0, 0, 0, 0, 0]",1,128,192.0,3076.0,3032151801,3032161444,3245463426,3245465666,0,608,608,-1,1,9643,2240,256,16,16,3
12,3,"[8, 192, 0, 0, 0, 0, 0, 0, 0, 0, 0, 0, 0, 0, 0, 8, 192, 0, 0, 0, 0, 0, 0, 0, 0, 0, 0, 0, 0, 0]",1,128,192.0,4608.0,3032241526,3032249690,3245466274,3245468738,0,736,736,-1,1,8164,2464,256,16,16,3
12,3,"[8, 192, 0, 0, 0, 0, 0, 0, 0, 0, 0, 0, 0, 0, 0, 8, 192, 0, 0, 0, 0, 0, 0, 0, 0, 0, 0, 0, 0, 0]",1,128,192.0,4608.0,3032331533,3032339865,3245469474,3245471906,0,576,576,-1,1,8332,2432,256,16,16,3
16,3,"[8, 192, 192, 1, 1, 0, 0, 0, 0, 0, 0, 0, 0, 0, 0, 4, 0, 0, 0, 0, 0, 0, 0, 0, 0, 0, 0, 0, 0, 0]",72,128,36864.0,589828.0,3032420928,3032429504,3245472482,3245476546,0,608,608,-1,1,8576,4064,256,16,16,3
12,3,"[8, 192, 192, 1, 1, 0, 0, 0, 0, 0, 0, 0, 0, 0, 0, 8, 192, 192, 1, 1, 0, 0, 0, 0, 0, 0, 0, 0, 0, 0]",72,128,36864.0,884736.0,3032508365,3032516269,3245477154,3245481154,0,608,608,-1,1,7904,4000,256,16,16,3
12,3,"[8, 192, 192, 1, 1, 0, 0, 0, 0, 0, 0, 0, 0, 0, 0, 8, 192, 192, 1, 1, 0, 0, 0, 0, 0, 0, 0, 0, 0, 0]",72,128,36864.0,884736.0,3032595724,3032603978,3245481762,3245485634,0,672,672,-1,1,8254,3872,256,16,16,3
16,3,"[8, 192, 0, 0, 0, 0, 0, 0, 0, 0, 0, 0, 0, 0, 0, 4, 0, 0, 0, 0, 0, 0, 0, 0, 0, 0, 0, 0, 0, 0]",1,128,192.0,3076.0,3032682384,3032690975,3245486306,3245488578,0,608,608,-1,1,8591,2272,256,16,16,3
12,3,"[8, 192, 0, 0, 0, 0, 0, 0, 0, 0, 0, 0, 0, 0, 0, 8, 192, 0, 0, 0, 0, 0, 0, 0, 0, 0, 0, 0, 0, 0]",1,128,192.0,4608.0,3032771625,3032780208,3245489186,3245491586,0,608,608,-1,1,8583,2400,256,16,16,3
12,3,"[8, 192, 0, 0, 0, 0, 0, 0, 0, 0, 0, 0, 0, 0, 0, 8, 192, 0, 0, 0, 0, 0, 0, 0, 0, 0, 0, 0, 0, 0]",1,128,192.0,4608.0,3032860219,3032868384,3245492194,3245494658,0,608,608,-1,1,8165,2464,256,16,16,3
16,3,"[8, 192, 0, 0, 0, 0, 0, 0, 0, 0, 0, 0, 0, 0, 0, 4, 0, 0, 0, 0, 0, 0, 0, 0, 0, 0, 0, 0, 0, 0]",1,128,192.0,3076.0,3032948197,3032956674,3245495266,3245497474,0,608,608,-1,1,8477,2208,256,16,16,3
12,3,"[8, 192, 0, 0, 0, 0, 0, 0, 0, 0, 0, 0, 0, 0, 0, 8, 192, 0, 0, 0, 0, 0, 0, 0, 0, 0, 0, 0, 0, 0]",1,128,192.0,4608.0,3033036037,3033045393,3245498082,3245500546,0,608,608,-1,1,9356,2464,256,16,16,3
12,3,"[8, 192, 0, 0, 0, 0, 0, 0, 0, 0, 0, 0, 0, 0, 0, 8, 192, 0, 0, 0, 0, 0, 0, 0, 0, 0, 0, 0, 0, 0]",1,128,192.0,4608.0,3033136640,3033145659,3245501154,3245503586,0,576,576,-1,1,9019,2432,256,16,16,3
16,3,"[8, 432, 192, 1, 1, 0, 0, 0, 0, 0, 0, 0, 0, 0, 0, 4, 0, 0, 0, 0, 0, 0, 0, 0, 0, 0, 0, 0, 0, 0]",162,128,82944.0,1327108.0,3033232047,3033241100,3245504162,3245510562,0,576,576,-1,1,9053,6400,256,16,16,3
12,3,"[8, 432, 192, 1, 1, 0, 0, 0, 0, 0, 0, 0, 0, 0, 0, 8, 432, 192, 1, 1, 0, 0, 0, 0, 0, 0, 0, 0, 0, 0]",162,128,82944.0,1990656.0,3033324839,3033333310,3245511138,3245516834,0,640,640,-1,1,8471,5696,256,16,16,3
12,3,"[8, 432, 192, 1, 1, 0, 0, 0, 0, 0, 0, 0, 0, 0, 0, 8, 432, 192, 1, 1, 0, 0, 0, 0, 0, 0, 0, 0, 0, 0]",162,128,82944.0,1990656.0,3033414962,3033423362,3245517474,3245522946,0,544,544,-1,1,8400,5472,256,16,16,3
16,3,"[8, 432, 0, 0, 0, 0, 0, 0, 0, 0, 0, 0, 0, 0, 0, 4, 0, 0, 0, 0, 0, 0, 0, 0, 0, 0, 0, 0, 0, 0]",1,128,432.0,6916.0,3033509633,3033519473,3245523490,3245525890,0,672,672,-1,1,9840,2400,256,16,16,3
12,3,"[8, 432, 0, 0, 0, 0, 0, 0, 0, 0, 0, 0, 0, 0, 0, 8, 432, 0, 0, 0, 0, 0, 0, 0, 0, 0, 0, 0, 0, 0]",1,128,432.0,10368.0,3033630689,3033640194,3245526562,3245529666,0,608,608,-1,1,9505,3104,256,16,16,3
12,3,"[8, 432, 0, 0, 0, 0, 0, 0, 0, 0, 0, 0, 0, 0, 0, 8, 432, 0, 0, 0, 0, 0, 0, 0, 0, 0, 0, 0, 0, 0]",1,128,432.0,10368.0,3033731693,3033741018,3245530274,3245532930,0,672,672,-1,1,9325,2656,256,16,16,3
16,3,"[8, 432, 0, 0, 0, 0, 0, 0, 0, 0, 0, 0, 0, 0, 0, 4, 0, 0, 0, 0, 0, 0, 0, 0, 0, 0, 0, 0, 0, 0]",1,128,432.0,6916.0,3033836243,3033846649,3245533602,3245536002,0,672,672,-1,1,10406,2400,256,16,16,3
12,3,"[8, 432, 0, 0, 0, 0, 0, 0, 0, 0, 0, 0, 0, 0, 0, 8, 432, 0, 0, 0, 0, 0, 0, 0, 0, 0, 0, 0, 0, 0]",1,128,432.0,10368.0,3033941892,3033952840,3245536674,3245539362,0,704,704,-1,1,10948,2688,256,16,16,3
12,3,"[8, 432, 0, 0, 0, 0, 0, 0, 0, 0, 0, 0, 0, 0, 0, 8, 432, 0, 0, 0, 0, 0, 0, 0, 0, 0, 0, 0, 0, 0]",1,128,432.0,10368.0,3034046171,3034055754,3245540066,3245542754,0,576,576,-1,1,9583,2688,256,16,16,3
16,3,"[8, 432, 192, 1, 1, 0, 0, 0, 0, 0, 0, 0, 0, 0, 0, 4, 0, 0, 0, 0, 0, 0, 0, 0, 0, 0, 0, 0, 0, 0]",162,128,82944.0,1327108.0,3034143410,3034153065,3245543330,3245550242,0,576,576,-1,1,9655,6912,256,16,16,3
12,3,"[8, 432, 192, 1, 1, 0, 0, 0, 0, 0, 0, 0, 0, 0, 0, 8, 432, 192, 1, 1, 0, 0, 0, 0, 0, 0, 0, 0, 0, 0]",162,128,82944.0,1990656.0,3034249715,3034258920,3245550818,3245556482,0,736,736,-1,1,9205,5664,256,16,16,3
12,3,"[8, 432, 192, 1, 1, 0, 0, 0, 0, 0, 0, 0, 0, 0, 0, 8, 432, 192, 1, 1, 0, 0, 0, 0, 0, 0, 0, 0, 0, 0]",162,128,82944.0,1990656.0,3034345433,3034354056,3245557218,3245563010,0,672,672,-1,1,8623,5792,256,16,16,3
16,3,"[8, 432, 0, 0, 0, 0, 0, 0, 0, 0, 0, 0, 0, 0, 0, 4, 0, 0, 0, 0, 0, 0, 0, 0, 0, 0, 0, 0, 0, 0]",1,128,432.0,6916.0,3034443945,3034453017,3245563682,3245566082,0,608,608,-1,1,9072,2400,256,16,16,3
12,3,"[8, 432, 0, 0, 0, 0, 0, 0, 0, 0, 0, 0, 0, 0, 0, 8, 432, 0, 0, 0, 0, 0, 0, 0, 0, 0, 0, 0, 0, 0]",1,128,432.0,10368.0,3034538455,3034547216,3245566690,3245569346,0,608,608,-1,1,8761,2656,256,16,16,3
12,3,"[8, 432, 0, 0, 0, 0, 0, 0, 0, 0, 0, 0, 0, 0, 0, 8, 432, 0, 0, 0, 0, 0, 0, 0, 0, 0, 0, 0, 0, 0]",1,128,432.0,10368.0,3034631431,3034639583,3245569954,3245572546,0,672,672,-1,1,8152,2592,256,16,16,3
16,3,"[8, 432, 0, 0, 0, 0, 0, 0, 0, 0, 0, 0, 0, 0, 0, 4, 0, 0, 0, 0, 0, 0, 0, 0, 0, 0, 0, 0, 0, 0]",1,128,432.0,6916.0,3034724843,3034734343,3245573218,3245575618,0,704,704,-1,1,9500,2400,256,16,16,3
12,3,"[8, 432, 0, 0, 0, 0, 0, 0, 0, 0, 0, 0, 0, 0, 0, 8, 432, 0, 0, 0, 0, 0, 0, 0, 0, 0, 0, 0, 0, 0]",1,128,432.0,10368.0,3034818492,3034826900,3245576322,3245578882,0,608,608,-1,1,8408,2560,256,16,16,3
12,3,"[8, 432, 0, 0, 0, 0, 0, 0, 0, 0, 0, 0, 0, 0, 0, 8, 432, 0, 0, 0, 0, 0, 0, 0, 0, 0, 0, 0, 0, 0]",1,128,432.0,10368.0,3034909986,3034918303,3245579490,3245582114,0,608,608,-1,1,8317,2624,256,16,16,3
16,3,"[8, 432, 48, 3, 3, 0, 0, 0, 0, 0, 0, 0, 0, 0, 0, 4, 0, 0, 0, 0, 0, 0, 0, 0, 0, 0, 0, 0, 0, 0]",365,128,186624.0,2985988.0,3035004589,3035013310,3245582722,3245594306,0,608,608,-1,1,8721,11584,256,16,16,3
12,3,"[8, 432, 48, 3, 3, 0, 0, 0, 0, 0, 0, 0, 0, 0, 0, 8, 432, 48, 3, 3, 0, 0, 0, 0, 0, 0, 0, 0, 0, 0]",365,128,186624.0,4478976.0,3035099368,3035107775,3245594914,3245603490,0,640,640,-1,1,8407,8576,256,16,16,3
12,3,"[8, 432, 48, 3, 3, 0, 0, 0, 0, 0, 0, 0, 0, 0, 0, 8, 432, 48, 3, 3, 0, 0, 0, 0, 0, 0, 0, 0, 0, 0]",365,128,186624.0,4478976.0,3035193363,3035201815,3245604130,3245615682,0,608,608,-1,1,8452,11552,256,16,16,3
16,3,"[8, 432, 0, 0, 0, 0, 0, 0, 0, 0, 0, 0, 0, 0, 0, 4, 0, 0, 0, 0, 0, 0, 0, 0, 0, 0, 0, 0, 0, 0]",1,128,432.0,6916.0,3035286505,3035295452,3245616290,3245618657,0,641,641,-1,1,8947,2367,256,16,16,3
12,3,"[8, 432, 0, 0, 0, 0, 0, 0, 0, 0, 0, 0, 0, 0, 0, 8, 432, 0, 0, 0, 0, 0, 0, 0, 0, 0, 0, 0, 0, 0]",1,128,432.0,10368.0,3035389775,3035398184,3245619298,3245621889,0,673,673,-1,1,8409,2591,256,16,16,3
12,3,"[8, 432, 0, 0, 0, 0, 0, 0, 0, 0, 0, 0, 0, 0, 0, 8, 432, 0, 0, 0, 0, 0, 0, 0, 0, 0, 0, 0, 0, 0]",1,128,432.0,10368.0,3035479958,3035487729,3245622562,3245625090,0,640,640,-1,1,7771,2528,256,16,16,3
16,3,"[8, 432, 0, 0, 0, 0, 0, 0, 0, 0, 0, 0, 0, 0, 0, 4, 0, 0, 0, 0, 0, 0, 0, 0, 0, 0, 0, 0, 0, 0]",1,128,432.0,6916.0,3035589050,3035599128,3245625730,3245628162,0,640,640,-1,1,10078,2432,256,16,16,3
12,3,"[8, 432, 0, 0, 0, 0, 0, 0, 0, 0, 0, 0, 0, 0, 0, 8, 432, 0, 0, 0, 0, 0, 0, 0, 0, 0, 0, 0, 0, 0]",1,128,432.0,10368.0,3035685473,3035694162,3245628802,3245631394,0,576,576,-1,1,8689,2592,256,16,16,3
12,3,"[8, 432, 0, 0, 0, 0, 0, 0, 0, 0, 0, 0, 0, 0, 0, 8, 432, 0, 0, 0, 0, 0, 0, 0, 0, 0, 0, 0, 0, 0]",1,128,432.0,10368.0,3035778737,3035787666,3245631970,3245634690,0,671,671,-1,1,8929,2720,256,16,16,3
16,3,"[8, 432, 432, 1, 1, 0, 0, 0, 0, 0, 0, 0, 0, 0, 0, 4, 0, 0, 0, 0, 0, 0, 0, 0, 0, 0, 0, 0, 0, 0]",365,128,186624.0,2985988.0,3035875238,3035884314,3245635361,3245647297,0,673,673,-1,1,9076,11936,256,16,16,3
12,3,"[8, 432, 432, 1, 1, 0, 0, 0, 0, 0, 0, 0, 0, 0, 0, 8, 432, 432, 1, 1, 0, 0, 0, 0, 0, 0, 0, 0, 0, 0]",365,128,186624.0,4478976.0,3036115240,3036126233,3245647970,3245656577,0,672,672,-1,1,10993,8607,256,16,16,3
12,3,"[8, 432, 432, 1, 1, 0, 0, 0, 0, 0, 0, 0, 0, 0, 0, 8, 432, 432, 1, 1, 0, 0, 0, 0, 0, 0, 0, 0, 0, 0]",365,128,186624.0,4478976.0,3036225445,3036235366,3245657249,3245668641,0,704,704,-1,1,9921,11392,256,16,16,3
16,3,"[8, 432, 0, 0, 0, 0, 0, 0, 0, 0, 0, 0, 0, 0, 0, 4, 0, 0, 0, 0, 0, 0, 0, 0, 0, 0, 0, 0, 0, 0]",1,128,432.0,6916.0,3036323345,3036332527,3245669345,3245671745,0,672,672,-1,1,9182,2400,256,16,16,3
12,3,"[8, 432, 0, 0, 0, 0, 0, 0, 0, 0, 0, 0, 0, 0, 0, 8, 432, 0, 0, 0, 0, 0, 0, 0, 0, 0, 0, 0, 0, 0]",1,128,432.0,10368.0,3036417369,3036425879,3245672417,3245675042,0,576,576,-1,1,8510,2625,256,16,16,3
12,3,"[8, 432, 0, 0, 0, 0, 0, 0, 0, 0, 0, 0, 0, 0, 0, 8, 432, 0, 0, 0, 0, 0, 0, 0, 0, 0, 0, 0, 0, 0]",1,128,432.0,10368.0,3036510681,3036519065,3245675618,3245678305,0,673,673,-1,1,8384,2687,256,16,16,3
16,3,"[8, 432, 0, 0, 0, 0, 0, 0, 0, 0, 0, 0, 0, 0, 0, 4, 0, 0, 0, 0, 0, 0, 0, 0, 0, 0, 0, 0, 0, 0]",1,128,432.0,6916.0,3036602604,3036613679,3245678978,3245681474,0,671,671,-1,1,11075,2496,256,16,16,3
12,3,"[8, 432, 0, 0, 0, 0, 0, 0, 0, 0, 0, 0, 0, 0, 0, 8, 432, 0, 0, 0, 0, 0, 0, 0, 0, 0, 0, 0, 0, 0]",1,128,432.0,10368.0,3036699718,3036708111,3245682145,3245684866,0,672,672,-1,1,8393,2721,256,16,16,3
12,3,"[8, 432, 0, 0, 0, 0, 0, 0, 0, 0, 0, 0, 0, 0, 0, 8, 432, 0, 0, 0, 0, 0, 0, 0, 0, 0, 0, 0, 0, 0]",1,128,432.0,10368.0,3036810926,3036818852,3245685538,3245688226,0,704,704,-1,1,7926,2688,256,16,16,3
16,3,"[8, 432, 432, 1, 1, 0, 0, 0, 0, 0, 0, 0, 0, 0, 0, 4, 0, 0, 0, 0, 0, 0, 0, 0, 0, 0, 0, 0, 0, 0]",365,128,186624.0,2985988.0,3036896479,3036904552,3245688930,3245701026,0,639,639,-1,1,8073,12096,256,16,16,3
12,3,"[8, 432, 432, 1, 1, 0, 0, 0, 0, 0, 0, 0, 0, 0, 0, 8, 432, 432, 1, 1, 0, 0, 0, 0, 0, 0, 0, 0, 0, 0]",365,128,186624.0,4478976.0,3036982220,3036989973,3245701665,3245710850,0,639,639,-1,1,7753,9185,256,16,16,3
12,3,"[8, 432, 432, 1, 1, 0, 0, 0, 0, 0, 0, 0, 0, 0, 0, 8, 432, 432, 1, 1, 0, 0, 0, 0, 0, 0, 0, 0, 0, 0]",365,128,186624.0,4478976.0,3037066310,3037074164,3245711489,3245722786,0,639,639,-1,1,7854,11297,256,16,16,3
16,3,"[8, 432, 0, 0, 0, 0, 0, 0, 0, 0, 0, 0, 0, 0, 0, 4, 0, 0, 0, 0, 0, 0, 0, 0, 0, 0, 0, 0, 0, 0]",1,128,432.0,6916.0,3037149763,3037158214,3245723425,3245725858,0,639,639,-1,1,8451,2433,256,16,16,3
12,3,"[8, 432, 0, 0, 0, 0, 0, 0, 0, 0, 0, 0, 0, 0, 0, 8, 432, 0, 0, 0, 0, 0, 0, 0, 0, 0, 0, 0, 0, 0]",1,128,432.0,10368.0,3037234999,3037242891,3245726497,3245729153,0,736,736,-1,1,7892,2656,256,16,16,3
12,3,"[8, 432, 0, 0, 0, 0, 0, 0, 0, 0, 0, 0, 0, 0, 0, 8, 432, 0, 0, 0, 0, 0, 0, 0, 0, 0, 0, 0, 0, 0]",1,128,432.0,10368.0,3037320983,3037328661,3245729889,3245732513,0,641,641,-1,1,7678,2624,256,16,16,3
16,3,"[8, 432, 0, 0, 0, 0, 0, 0, 0, 0, 0, 0, 0, 0, 0, 4, 0, 0, 0, 0, 0, 0, 0, 0, 0, 0, 0, 0, 0, 0]",1,128,432.0,6916.0,3037405185,3037413185,3245733154,3245735521,0,577,577,-1,1,8000,2367,256,16,16,3
12,3,"[8, 432, 0, 0, 0, 0, 0, 0, 0, 0, 0, 0, 0, 0, 0, 8, 432, 0, 0, 0, 0, 0, 0, 0, 0, 0, 0, 0, 0, 0]",1,128,432.0,10368.0,3037489391,3037497169,3245736098,3245738786,0,704,704,-1,1,7778,2688,256,16,16,3
12,3,"[8, 432, 0, 0, 0, 0, 0, 0, 0, 0, 0, 0, 0, 0, 0, 8, 432, 0, 0, 0, 0, 0, 0, 0, 0, 0, 0, 0, 0, 0]",1,128,432.0,10368.0,3037573461,3037583162,3245739490,3245742081,0,608,608,-1,1,9701,2591,256,16,16,3
16,3,"[8, 432, 48, 3, 3, 0, 0, 0, 0, 0, 0, 0, 0, 0, 0, 4, 0, 0, 0, 0, 0, 0, 0, 0, 0, 0, 0, 0, 0, 0]",365,128,186624.0,2985988.0,3037660842,3037668725,3245742689,3245754177,0,609,609,-1,1,7883,11488,256,16,16,3
12,3,"[8, 432, 48, 3, 3, 0, 0, 0, 0, 0, 0, 0, 0, 0, 0, 8, 432, 48, 3, 3, 0, 0, 0, 0, 0, 0, 0, 0, 0, 0]",365,128,186624.0,4478976.0,3037764946,3037773127,3245754786,3245763297,0,609,609,-1,1,8181,8511,256,16,16,3
12,3,"[8, 432, 48, 3, 3, 0, 0, 0, 0, 0, 0, 0, 0, 0, 0, 8, 432, 48, 3, 3, 0, 0, 0, 0, 0, 0, 0, 0, 0, 0]",365,128,186624.0,4478976.0,3037854220,3037862704,3245763906,3245775297,0,545,545,-1,1,8484,11391,256,16,16,3
16,3,"[8, 432, 0, 0, 0, 0, 0, 0, 0, 0, 0, 0, 0, 0, 0, 4, 0, 0, 0, 0, 0, 0, 0, 0, 0, 0, 0, 0, 0, 0]",1,128,432.0,6916.0,3037943590,3037951797,3245775842,3245778370,0,703,703,-1,1,8207,2528,256,16,16,3
12,3,"[8, 432, 0, 0, 0, 0, 0, 0, 0, 0, 0, 0, 0, 0, 0, 8, 432, 0, 0, 0, 0, 0, 0, 0, 0, 0, 0, 0, 0, 0]",1,128,432.0,10368.0,3038029865,3038037743,3245779073,3245781633,0,640,640,-1,1,7878,2560,256,16,16,3
12,3,"[8, 432, 0, 0, 0, 0, 0, 0, 0, 0, 0, 0, 0, 0, 0, 8, 432, 0, 0, 0, 0, 0, 0, 0, 0, 0, 0, 0, 0, 0]",1,128,432.0,10368.0,3038115484,3038123993,3245782273,3245784833,0,608,608,-1,1,8509,2560,256,16,16,3
16,3,"[8, 432, 0, 0, 0, 0, 0, 0, 0, 0, 0, 0, 0, 0, 0, 4, 0, 0, 0, 0, 0, 0, 0, 0, 0, 0, 0, 0, 0, 0]",1,128,432.0,6916.0,3038232049,3038241533,3245785441,3245788033,0,640,640,-1,1,9484,2592,256,16,16,3
12,3,"[8, 432, 0, 0, 0, 0, 0, 0, 0, 0, 0, 0, 0, 0, 0, 8, 432, 0, 0, 0, 0, 0, 0, 0, 0, 0, 0, 0, 0, 0]",1,128,432.0,10368.0,3038328223,3038336700,3245788673,3245791329,0,704,704,-1,1,8477,2656,256,16,16,3
12,3,"[8, 432, 0, 0, 0, 0, 0, 0, 0, 0, 0, 0, 0, 0, 0, 8, 432, 0, 0, 0, 0, 0, 0, 0, 0, 0, 0, 0, 0, 0]",1,128,432.0,10368.0,3038422266,3038430570,3245792033,3245794593,0,640,640,-1,1,8304,2560,256,16,16,3
16,3,"[8, 432, 432, 1, 1, 0, 0, 0, 0, 0, 0, 0, 0, 0, 0, 4, 0, 0, 0, 0, 0, 0, 0, 0, 0, 0, 0, 0, 0, 0]",365,128,186624.0,2985988.0,3038516468,3038525269,3245795233,3245807137,0,704,704,-1,1,8801,11904,256,16,16,3
12,3,"[8, 432, 432, 1, 1, 0, 0, 0, 0, 0, 0, 0, 0, 0, 0, 8, 432, 432, 1, 1, 0, 0, 0, 0, 0, 0, 0, 0, 0, 0]",365,128,186624.0,4478976.0,3038610736,3038621323,3245807841,3245816353,0,672,672,-1,1,10587,8512,256,16,16,3
12,3,"[8, 432, 432, 1, 1, 0, 0, 0, 0, 0, 0, 0, 0, 0, 0, 8, 432, 432, 1, 1, 0, 0, 0, 0, 0, 0, 0, 0, 0, 0]",365,128,186624.0,4478976.0,3038705890,3038714531,3245817025,3245828705,0,608,608,-1,1,8641,11680,256,16,16,3
16,3,"[8, 432, 0, 0, 0, 0, 0, 0, 0, 0, 0, 0, 0, 0, 0, 4, 0, 0, 0, 0, 0, 0, 0, 0, 0, 0, 0, 0, 0, 0]",1,128,432.0,6916.0,3038799300,3038808052,3245829313,3245831681,0,672,672,-1,1,8752,2368,256,16,16,3
12,3,"[8, 432, 0, 0, 0, 0, 0, 0, 0, 0, 0, 0, 0, 0, 0, 8, 432, 0, 0, 0, 0, 0, 0, 0, 0, 0, 0, 0, 0, 0]",1,128,432.0,10368.0,3038893310,3038901701,3245832353,3245834977,0,576,576,-1,1,8391,2624,256,16,16,3
12,3,"[8, 432, 0, 0, 0, 0, 0, 0, 0, 0, 0, 0, 0, 0, 0, 8, 432, 0, 0, 0, 0, 0, 0, 0, 0, 0, 0, 0, 0, 0]",1,128,432.0,10368.0,3038984905,3038993553,3245835553,3245838145,0,640,640,-1,1,8648,2592,256,16,16,3
16,3,"[8, 432, 0, 0, 0, 0, 0, 0, 0, 0, 0, 0, 0, 0, 0, 4, 0, 0, 0, 0, 0, 0, 0, 0, 0, 0, 0, 0, 0, 0]",1,128,432.0,6916.0,3039077544,3039086276,3245838785,3245841185,0,640,640,-1,1,8732,2400,256,16,16,3
12,3,"[8, 432, 0, 0, 0, 0, 0, 0, 0, 0, 0, 0, 0, 0, 0, 8, 432, 0, 0, 0, 0, 0, 0, 0, 0, 0, 0, 0, 0, 0]",1,128,432.0,10368.0,3039171523,3039180077,3245841825,3245844385,0,640,640,-1,1,8554,2560,256,16,16,3
12,3,"[8, 432, 0, 0, 0, 0, 0, 0, 0, 0, 0, 0, 0, 0, 0, 8, 432, 0, 0, 0, 0, 0, 0, 0, 0, 0, 0, 0, 0, 0]",1,128,432.0,10368.0,3039265910,3039274473,3245845025,3245847617,0,608,608,-1,1,8563,2592,256,16,16,3
16,3,"[8, 432, 432, 1, 1, 0, 0, 0, 0, 0, 0, 0, 0, 0, 0, 4, 0, 0, 0, 0, 0, 0, 0, 0, 0, 0, 0, 0, 0, 0]",365,128,186624.0,2985988.0,3039369233,3039377509,3245848225,3245860065,0,704,704,-1,1,8276,11840,256,16,16,3
12,3,"[8, 432, 432, 1, 1, 0, 0, 0, 0, 0, 0, 0, 0, 0, 0, 8, 432, 432, 1, 1, 0, 0, 0, 0, 0, 0, 0, 0, 0, 0]",365,128,186624.0,4478976.0,3039457770,3039465987,3245860769,3245868993,0,608,608,-1,1,8217,8224,256,16,16,3
12,3,"[8, 432, 432, 1, 1, 0, 0, 0, 0, 0, 0, 0, 0, 0, 0, 8, 432, 432, 1, 1, 0, 0, 0, 0, 0, 0, 0, 0, 0, 0]",365,128,186624.0,4478976.0,3039545177,3039552921,3245869601,3245880609,0,640,640,-1,1,7744,11008,256,16,16,3
16,3,"[8, 432, 0, 0, 0, 0, 0, 0, 0, 0, 0, 0, 0, 0, 0, 4, 0, 0, 0, 0, 0, 0, 0, 0, 0, 0, 0, 0, 0, 0]",1,128,432.0,6916.0,3039632157,3039642462,3245881249,3245883649,0,672,672,-1,1,10305,2400,256,16,16,3
12,3,"[8, 432, 0, 0, 0, 0, 0, 0, 0, 0, 0, 0, 0, 0, 0, 8, 432, 0, 0, 0, 0, 0, 0, 0, 0, 0, 0, 0, 0, 0]",1,128,432.0,10368.0,3039722060,3039730097,3245884321,3245887009,0,704,704,-1,1,8037,2688,256,16,16,3
12,3,"[8, 432, 0, 0, 0, 0, 0, 0, 0, 0, 0, 0, 0, 0, 0, 8, 432, 0, 0, 0, 0, 0, 0, 0, 0, 0, 0, 0, 0, 0]",1,128,432.0,10368.0,3039809862,3039817845,3245887713,3245890305,0,672,672,-1,1,7983,2592,256,16,16,3
16,3,"[8, 432, 0, 0, 0, 0, 0, 0, 0, 0, 0, 0, 0, 0, 0, 4, 0, 0, 0, 0, 0, 0, 0, 0, 0, 0, 0, 0, 0, 0]",1,128,432.0,6916.0,3039897876,3039906088,3245890977,3245893377,0,672,672,-1,1,8212,2400,256,16,16,3
12,3,"[8, 432, 0, 0, 0, 0, 0, 0, 0, 0, 0, 0, 0, 0, 0, 8, 432, 0, 0, 0, 0, 0, 0, 0, 0, 0, 0, 0, 0, 0]",1,128,432.0,10368.0,3040131207,3040141777,3245894049,3245896609,0,576,576,-1,1,10570,2560,256,16,16,3
12,3,"[8, 432, 0, 0, 0, 0, 0, 0, 0, 0, 0, 0, 0, 0, 0, 8, 432, 0, 0, 0, 0, 0, 0, 0, 0, 0, 0, 0, 0, 0]",1,128,432.0,10368.0,3040225607,3040234142,3245897185,3245899809,0,576,576,-1,1,8535,2624,256,16,16,3
16,3,"[8, 432, 48, 3, 3, 0, 0, 0, 0, 0, 0, 0, 0, 0, 0, 4, 0, 0, 0, 0, 0, 0, 0, 0, 0, 0, 0, 0, 0, 0]",365,128,186624.0,2985988.0,3040320177,3053624751,3245900385,3245912353,0,576,576,-1,1,13304574,11968,256,16,16,3
12,3,"[8, 432, 48, 3, 3, 0, 0, 0, 0, 0, 0, 0, 0, 0, 0, 8, 432, 48, 3, 3, 0, 0, 0, 0, 0, 0, 0, 0, 0, 0]",365,128,186624.0,4478976.0,3053734031,3053744852,3245912929,3245921441,0,576,576,-1,1,10821,8512,256,16,16,3
12,3,"[8, 432, 48, 3, 3, 0, 0, 0, 0, 0, 0, 0, 0, 0, 0, 8, 432, 48, 3, 3, 0, 0, 0, 0, 0, 0, 0, 0, 0, 0]",365,128,186624.0,4478976.0,3053829299,3053837604,3245922017,3245933313,0,608,608,-1,1,8305,11296,256,16,16,3
16,3,"[8, 432, 0, 0, 0, 0, 0, 0, 0, 0, 0, 0, 0, 0, 0, 4, 0, 0, 0, 0, 0, 0, 0, 0, 0, 0, 0, 0, 0, 0]",1,128,432.0,6916.0,3053936378,3055003174,3245933921,3245936289,0,672,672,-1,1,1066796,2368,256,16,16,3
12,3,"[8, 432, 0, 0, 0, 0, 0, 0, 0, 0, 0, 0, 0, 0, 0, 8, 432, 0, 0, 0, 0, 0, 0, 0, 0, 0, 0, 0, 0, 0]",1,128,432.0,10368.0,3055089613,3055098488,3245936961,3245939617,0,704,704,-1,1,8875,2656,256,16,16,3
12,3,"[8, 432, 0, 0, 0, 0, 0, 0, 0, 0, 0, 0, 0, 0, 0, 8, 432, 0, 0, 0, 0, 0, 0, 0, 0, 0, 0, 0, 0, 0]",1,128,432.0,10368.0,3055179497,3055189974,3245940321,3245943073,0,608,608,-1,1,10477,2752,256,16,16,3
16,3,"[8, 432, 0, 0, 0, 0, 0, 0, 0, 0, 0, 0, 0, 0, 0, 4, 0, 0, 0, 0, 0, 0, 0, 0, 0, 0, 0, 0, 0, 0]",1,128,432.0,6916.0,3055273578,3055282318,3245943681,3245946049,0,672,672,-1,1,8740,2368,256,16,16,3
12,3,"[8, 432, 0, 0, 0, 0, 0, 0, 0, 0, 0, 0, 0, 0, 0, 8, 432, 0, 0, 0, 0, 0, 0, 0, 0, 0, 0, 0, 0, 0]",1,128,432.0,10368.0,3055363122,3055371560,3245946721,3245949345,0,608,608,-1,1,8438,2624,256,16,16,3
12,3,"[8, 432, 0, 0, 0, 0, 0, 0, 0, 0, 0, 0, 0, 0, 0, 8, 432, 0, 0, 0, 0, 0, 0, 0, 0, 0, 0, 0, 0, 0]",1,128,432.0,10368.0,3055460879,3055468727,3245949953,3245952577,0,576,576,-1,1,7848,2624,256,16,16,3
16,3,"[8, 432, 432, 1, 1, 0, 0, 0, 0, 0, 0, 0, 0, 0, 0, 4, 0, 0, 0, 0, 0, 0, 0, 0, 0, 0, 0, 0, 0, 0]",365,128,186624.0,2985988.0,3055545823,3055554046,3245953153,3245965505,0,640,640,-1,1,8223,12352,256,16,16,3
12,3,"[8, 432, 432, 1, 1, 0, 0, 0, 0, 0, 0, 0, 0, 0, 0, 8, 432, 432, 1, 1, 0, 0, 0, 0, 0, 0, 0, 0, 0, 0]",365,128,186624.0,4478976.0,3055631317,3055639053,3245966145,3245974785,0,608,608,-1,1,7736,8640,256,16,16,3
12,3,"[8, 432, 432, 1, 1, 0, 0, 0, 0, 0, 0, 0, 0, 0, 0, 8, 432, 432, 1, 1, 0, 0, 0, 0, 0, 0, 0, 0, 0, 0]",365,128,186624.0,4478976.0,3055716713,3056370925,3245975393,3245986945,0,672,672,-1,1,654212,11552,256,16,16,3
16,3,"[8, 432, 0, 0, 0, 0, 0, 0, 0, 0, 0, 0, 0, 0, 0, 4, 0, 0, 0, 0, 0, 0, 0, 0, 0, 0, 0, 0, 0, 0]",1,128,432.0,6916.0,3056450028,3056458521,3245987617,3245990049,0,640,640,-1,1,8493,2432,256,16,16,3
12,3,"[8, 432, 0, 0, 0, 0, 0, 0, 0, 0, 0, 0, 0, 0, 0, 8, 432, 0, 0, 0, 0, 0, 0, 0, 0, 0, 0, 0, 0, 0]",1,128,432.0,10368.0,3056536496,3056544499,3245990689,3245993313,0,576,576,-1,1,8003,2624,256,16,16,3
12,3,"[8, 432, 0, 0, 0, 0, 0, 0, 0, 0, 0, 0, 0, 0, 0, 8, 432, 0, 0, 0, 0, 0, 0, 0, 0, 0, 0, 0, 0, 0]",1,128,432.0,10368.0,3056621684,3056897985,3245993889,3245996481,0,672,672,-1,1,276301,2592,256,16,16,3
16,3,"[8, 432, 0, 0, 0, 0, 0, 0, 0, 0, 0, 0, 0, 0, 0, 4, 0, 0, 0, 0, 0, 0, 0, 0, 0, 0, 0, 0, 0, 0]",1,128,432.0,6916.0,3056977932,3056986666,3245997153,3245999553,0,672,672,-1,1,8734,2400,256,16,16,3
12,3,"[8, 432, 0, 0, 0, 0, 0, 0, 0, 0, 0, 0, 0, 0, 0, 8, 432, 0, 0, 0, 0, 0, 0, 0, 0, 0, 0, 0, 0, 0]",1,128,432.0,10368.0,3057066454,3057074566,3246000225,3246002977,0,576,576,-1,1,8112,2752,256,16,16,3
12,3,"[8, 432, 0, 0, 0, 0, 0, 0, 0, 0, 0, 0, 0, 0, 0, 8, 432, 0, 0, 0, 0, 0, 0, 0, 0, 0, 0, 0, 0, 0]",1,128,432.0,10368.0,3057151955,3057159808,3246003553,3246006145,0,640,640,-1,1,7853,2592,256,16,16,3
16,3,"[8, 432, 432, 1, 1, 0, 0, 0, 0, 0, 0, 0, 0, 0, 0, 4, 0, 0, 0, 0, 0, 0, 0, 0, 0, 0, 0, 0, 0, 0]",365,128,186624.0,2985988.0,3057237133,3057245011,3246006785,3246018081,0,576,576,-1,1,7878,11296,256,16,16,3
12,3,"[8, 432, 432, 1, 1, 0, 0, 0, 0, 0, 0, 0, 0, 0, 0, 8, 432, 432, 1, 1, 0, 0, 0, 0, 0, 0, 0, 0, 0, 0]",365,128,186624.0,4478976.0,3057321854,3057329742,3246018657,3246027201,0,640,640,-1,1,7888,8544,256,16,16,3
12,3,"[8, 432, 432, 1, 1, 0, 0, 0, 0, 0, 0, 0, 0, 0, 0, 8, 432, 432, 1, 1, 0, 0, 0, 0, 0, 0, 0, 0, 0, 0]",365,128,186624.0,4478976.0,3057407553,3057415496,3246027841,3246039617,0,640,640,-1,1,7943,11776,256,16,16,3
16,3,"[8, 432, 0, 0, 0, 0, 0, 0, 0, 0, 0, 0, 0, 0, 0, 4, 0, 0, 0, 0, 0, 0, 0, 0, 0, 0, 0, 0, 0, 0]",1,128,432.0,6916.0,3057494203,3058531563,3246040257,3246042657,0,607,607,-1,1,1037360,2400,256,16,16,3
12,3,"[8, 432, 0, 0, 0, 0, 0, 0, 0, 0, 0, 0, 0, 0, 0, 8, 432, 0, 0, 0, 0, 0, 0, 0, 0, 0, 0, 0, 0, 0]",1,128,432.0,10368.0,3058624027,3058633539,3246043264,3246045920,0,577,577,-1,1,9512,2656,256,16,16,3
12,3,"[8, 432, 0, 0, 0, 0, 0, 0, 0, 0, 0, 0, 0, 0, 0, 8, 432, 0, 0, 0, 0, 0, 0, 0, 0, 0, 0, 0, 0, 0]",1,128,432.0,10368.0,3058717138,3058725448,3246046497,3246049121,0,575,575,-1,1,8310,2624,256,16,16,3
16,3,"[8, 432, 0, 0, 0, 0, 0, 0, 0, 0, 0, 0, 0, 0, 0, 4, 0, 0, 0, 0, 0, 0, 0, 0, 0, 0, 0, 0, 0, 0]",1,128,432.0,6916.0,3058806716,3059225476,3246049696,3246052096,0,641,641,-1,1,418760,2400,256,16,16,3
12,3,"[8, 432, 0, 0, 0, 0, 0, 0, 0, 0, 0, 0, 0, 0, 0, 8, 432, 0, 0, 0, 0, 0, 0, 0, 0, 0, 0, 0, 0, 0]",1,128,432.0,10368.0,3059307115,3059315524,3246052737,3246055297,0,607,607,-1,1,8409,2560,256,16,16,3
12,3,"[8, 432, 0, 0, 0, 0, 0, 0, 0, 0, 0, 0, 0, 0, 0, 8, 432, 0, 0, 0, 0, 0, 0, 0, 0, 0, 0, 0, 0, 0]",1,128,432.0,10368.0,3059394011,3059402058,3246055904,3246058529,0,640,640,-1,1,8047,2625,256,16,16,3
16,3,"[8, 432, 48, 3, 3, 0, 0, 0, 0, 0, 0, 0, 0, 0, 0, 4, 0, 0, 0, 0, 0, 0, 0, 0, 0, 0, 0, 0, 0, 0]",365,128,186624.0,2985988.0,3059485987,3059494987,3246059169,3246070881,0,735,735,-1,1,9000,11712,256,16,16,3
12,3,"[8, 432, 48, 3, 3, 0, 0, 0, 0, 0, 0, 0, 0, 0, 0, 8, 432, 48, 3, 3, 0, 0, 0, 0, 0, 0, 0, 0, 0, 0]",365,128,186624.0,4478976.0,3059576563,3059584538,3246071616,3246080257,0,639,639,-1,1,7975,8641,256,16,16,3
12,3,"[8, 432, 48, 3, 3, 0, 0, 0, 0, 0, 0, 0, 0, 0, 0, 8, 432, 48, 3, 3, 0, 0, 0, 0, 0, 0, 0, 0, 0, 0]",365,128,186624.0,4478976.0,3059664192,3059672085,3246080896,3246092161,0,639,639,-1,1,7893,11265,256,16,16,3
16,3,"[8, 432, 0, 0, 0, 0, 0, 0, 0, 0, 0, 0, 0, 0, 0, 4, 0, 0, 0, 0, 0, 0, 0, 0, 0, 0, 0, 0, 0, 0]",1,128,432.0,6916.0,3059750372,3059758507,3246092800,3246095168,0,673,673,-1,1,8135,2368,256,16,16,3
12,3,"[8, 432, 0, 0, 0, 0, 0, 0, 0, 0, 0, 0, 0, 0, 0, 8, 432, 0, 0, 0, 0, 0, 0, 0, 0, 0, 0, 0, 0, 0]",1,128,432.0,10368.0,3059837985,3060536429,3246095841,3246098560,0,673,673,-1,1,698444,2719,256,16,16,3
12,3,"[8, 432, 0, 0, 0, 0, 0, 0, 0, 0, 0, 0, 0, 0, 0, 8, 432, 0, 0, 0, 0, 0, 0, 0, 0, 0, 0, 0, 0, 0]",1,128,432.0,10368.0,3060611142,3060618633,3246099233,3246101792,0,641,641,-1,1,7491,2559,256,16,16,3
16,3,"[8, 432, 0, 0, 0, 0, 0, 0, 0, 0, 0, 0, 0, 0, 0, 4, 0, 0, 0, 0, 0, 0, 0, 0, 0, 0, 0, 0, 0, 0]",1,128,432.0,6916.0,3060692128,3060700207,3246102433,3246104801,0,639,639,-1,1,8079,2368,256,16,16,3
12,3,"[8, 432, 0, 0, 0, 0, 0, 0, 0, 0, 0, 0, 0, 0, 0, 8, 432, 0, 0, 0, 0, 0, 0, 0, 0, 0, 0, 0, 0, 0]",1,128,432.0,10368.0,3060771982,3061062656,3246105440,3246108288,0,672,672,-1,1,290674,2848,256,16,16,3
12,3,"[8, 432, 0, 0, 0, 0, 0, 0, 0, 0, 0, 0, 0, 0, 0, 8, 432, 0, 0, 0, 0, 0, 0, 0, 0, 0, 0, 0, 0, 0]",1,128,432.0,10368.0,3061136027,3061143572,3246108960,3246111553,0,639,639,-1,1,7545,2593,256,16,16,3
16,3,"[8, 432, 432, 1, 1, 0, 0, 0, 0, 0, 0, 0, 0, 0, 0, 4, 0, 0, 0, 0, 0, 0, 0, 0, 0, 0, 0, 0, 0, 0]",365,128,186624.0,2985988.0,3061217143,3061225199,3246112192,3246124288,0,544,544,-1,1,8056,12096,256,16,16,3
12,3,"[8, 432, 432, 1, 1, 0, 0, 0, 0, 0, 0, 0, 0, 0, 0, 8, 432, 432, 1, 1, 0, 0, 0, 0, 0, 0, 0, 0, 0, 0]",365,128,186624.0,4478976.0,3061298275,3061305643,3246124832,3246133185,0,607,607,-1,1,7368,8353,256,16,16,3
12,3,"[8, 432, 432, 1, 1, 0, 0, 0, 0, 0, 0, 0, 0, 0, 0, 8, 432, 432, 1, 1, 0, 0, 0, 0, 0, 0, 0, 0, 0, 0]",365,128,186624.0,4478976.0,3061381558,3061389210,3246133792,3246145056,0,672,672,-1,1,7652,11264,256,16,16,3
16,3,"[8, 432, 0, 0, 0, 0, 0, 0, 0, 0, 0, 0, 0, 0, 0, 4, 0, 0, 0, 0, 0, 0, 0, 0, 0, 0, 0, 0, 0, 0]",1,128,432.0,6916.0,3061593461,3061603689,3246145728,3246148096,0,673,673,-1,1,10228,2368,256,16,16,3
12,3,"[8, 432, 0, 0, 0, 0, 0, 0, 0, 0, 0, 0, 0, 0, 0, 8, 432, 0, 0, 0, 0, 0, 0, 0, 0, 0, 0, 0, 0, 0]",1,128,432.0,10368.0,3061687033,3061695737,3246148769,3246151360,0,608,608,-1,1,8704,2591,256,16,16,3
12,3,"[8, 432, 0, 0, 0, 0, 0, 0, 0, 0, 0, 0, 0, 0, 0, 8, 432, 0, 0, 0, 0, 0, 0, 0, 0, 0, 0, 0, 0, 0]",1,128,432.0,10368.0,3061769040,3061776458,3246151968,3246154560,0,673,673,-1,1,7418,2592,256,16,16,3
16,3,"[8, 432, 0, 0, 0, 0, 0, 0, 0, 0, 0, 0, 0, 0, 0, 4, 0, 0, 0, 0, 0, 0, 0, 0, 0, 0, 0, 0, 0, 0]",1,128,432.0,6916.0,3061848256,3062391951,3246155233,3246157568,0,609,609,-1,1,543695,2335,256,16,16,3
12,3,"[8, 432, 0, 0, 0, 0, 0, 0, 0, 0, 0, 0, 0, 0, 0, 8, 432, 0, 0, 0, 0, 0, 0, 0, 0, 0, 0, 0, 0, 0]",1,128,432.0,10368.0,3062478172,3062486834,3246158177,3246160736,0,640,640,-1,1,8662,2559,256,16,16,3
12,3,"[8, 432, 0, 0, 0, 0, 0, 0, 0, 0, 0, 0, 0, 0, 0, 8, 432, 0, 0, 0, 0, 0, 0, 0, 0, 0, 0, 0, 0, 0]",1,128,432.0,10368.0,3062566157,3062574054,3246161376,3246163968,0,608,608,-1,1,7897,2592,256,16,16,3
16,3,"[8, 432, 432, 1, 1, 0, 0, 0, 0, 0, 0, 0, 0, 0, 0, 4, 0, 0, 0, 0, 0, 0, 0, 0, 0, 0, 0, 0, 0, 0]",365,128,186624.0,2985988.0,3062652654,3062919805,3246164576,3246176480,0,608,608,-1,1,267151,11904,256,16,16,3
12,3,"[8, 432, 432, 1, 1, 0, 0, 0, 0, 0, 0, 0, 0, 0, 0, 8, 432, 432, 1, 1, 0, 0, 0, 0, 0, 0, 0, 0, 0, 0]",365,128,186624.0,4478976.0,3063003372,3063011821,3246177088,3246185472,0,608,608,-1,1,8449,8384,256,16,16,3
12,3,"[8, 432, 432, 1, 1, 0, 0, 0, 0, 0, 0, 0, 0, 0, 0, 8, 432, 432, 1, 1, 0, 0, 0, 0, 0, 0, 0, 0, 0, 0]",365,128,186624.0,4478976.0,3063093710,3063101707,3246186080,3246197280,0,576,576,-1,1,7997,11200,256,16,16,3
16,3,"[8, 432, 0, 0, 0, 0, 0, 0, 0, 0, 0, 0, 0, 0, 0, 4, 0, 0, 0, 0, 0, 0, 0, 0, 0, 0, 0, 0, 0, 0]",1,128,432.0,6916.0,3063181738,3063190383,3246197856,3246200256,0,704,704,-1,1,8645,2400,256,16,16,3
12,3,"[8, 432, 0, 0, 0, 0, 0, 0, 0, 0, 0, 0, 0, 0, 0, 8, 432, 0, 0, 0, 0, 0, 0, 0, 0, 0, 0, 0, 0, 0]",1,128,432.0,10368.0,3063272875,3063281305,3246200960,3246203520,0,608,608,-1,1,8430,2560,256,16,16,3
12,3,"[8, 432, 0, 0, 0, 0, 0, 0, 0, 0, 0, 0, 0, 0, 0, 8, 432, 0, 0, 0, 0, 0, 0, 0, 0, 0, 0, 0, 0, 0]",1,128,432.0,10368.0,3063360387,3063368334,3246204128,3246206848,0,576,576,-1,1,7947,2720,256,16,16,3
16,3,"[8, 432, 0, 0, 0, 0, 0, 0, 0, 0, 0, 0, 0, 0, 0, 4, 0, 0, 0, 0, 0, 0, 0, 0, 0, 0, 0, 0, 0, 0]",1,128,432.0,6916.0,3063446631,3063455113,3246207424,3246209920,0,704,704,-1,1,8482,2496,256,16,16,3
12,3,"[8, 432, 0, 0, 0, 0, 0, 0, 0, 0, 0, 0, 0, 0, 0, 8, 432, 0, 0, 0, 0, 0, 0, 0, 0, 0, 0, 0, 0, 0]",1,128,432.0,10368.0,3063534179,3064191269,3246210624,3246213216,0,576,576,-1,1,657090,2592,256,16,16,3
12,3,"[8, 432, 0, 0, 0, 0, 0, 0, 0, 0, 0, 0, 0, 0, 0, 8, 432, 0, 0, 0, 0, 0, 0, 0, 0, 0, 0, 0, 0, 0]",1,128,432.0,10368.0,3064264717,3064272329,3246213792,3246216512,0,672,672,-1,1,7612,2720,256,16,16,3
16,3,"[8, 432, 48, 3, 3, 0, 0, 0, 0, 0, 0, 0, 0, 0, 0, 4, 0, 0, 0, 0, 0, 0, 0, 0, 0, 0, 0, 0, 0, 0]",365,128,186624.0,2985988.0,3064346561,3064354229,3246217184,3246228928,0,672,672,-1,1,7668,11744,256,16,16,3
12,3,"[8, 432, 48, 3, 3, 0, 0, 0, 0, 0, 0, 0, 0, 0, 0, 8, 432, 48, 3, 3, 0, 0, 0, 0, 0, 0, 0, 0, 0, 0]",365,128,186624.0,4478976.0,3064426688,3064946596,3246229600,3246238336,0,544,544,-1,1,519908,8736,256,16,16,3
12,3,"[8, 432, 48, 3, 3, 0, 0, 0, 0, 0, 0, 0, 0, 0, 0, 8, 432, 48, 3, 3, 0, 0, 0, 0, 0, 0, 0, 0, 0, 0]",365,128,186624.0,4478976.0,3065021008,3065028673,3246238880,3246250208,0,704,704,-1,1,7665,11328,256,16,16,3
16,3,"[8, 432, 0, 0, 0, 0, 0, 0, 0, 0, 0, 0, 0, 0, 0, 4, 0, 0, 0, 0, 0, 0, 0, 0, 0, 0, 0, 0, 0, 0]",1,128,432.0,6916.0,3065120924,3065129526,3246250912,3246253280,0,672,672,-1,1,8602,2368,256,16,16,3
12,3,"[8, 432, 0, 0, 0, 0, 0, 0, 0, 0, 0, 0, 0, 0, 0, 8, 432, 0, 0, 0, 0, 0, 0, 0, 0, 0, 0, 0, 0, 0]",1,128,432.0,10368.0,3065228267,3065237039,3246253952,3246256832,0,672,672,-1,1,8772,2880,256,16,16,3
12,3,"[8, 432, 0, 0, 0, 0, 0, 0, 0, 0, 0, 0, 0, 0, 0, 8, 432, 0, 0, 0, 0, 0, 0, 0, 0, 0, 0, 0, 0, 0]",1,128,432.0,10368.0,3065316878,3065327235,3246257504,3246260128,0,576,576,-1,1,10357,2624,256,16,16,3
16,3,"[8, 432, 0, 0, 0, 0, 0, 0, 0, 0, 0, 0, 0, 0, 0, 4, 0, 0, 0, 0, 0, 0, 0, 0, 0, 0, 0, 0, 0, 0]",1,128,432.0,6916.0,3065407341,3065416626,3246260704,3246263104,0,608,608,-1,1,9285,2400,256,16,16,3
12,3,"[8, 432, 0, 0, 0, 0, 0, 0, 0, 0, 0, 0, 0, 0, 0, 8, 432, 0, 0, 0, 0, 0, 0, 0, 0, 0, 0, 0, 0, 0]",1,128,432.0,10368.0,3065496243,3065504639,3246263712,3246266432,0,672,672,-1,1,8396,2720,256,16,16,3
12,3,"[8, 432, 0, 0, 0, 0, 0, 0, 0, 0, 0, 0, 0, 0, 0, 8, 432, 0, 0, 0, 0, 0, 0, 0, 0, 0, 0, 0, 0, 0]",1,128,432.0,10368.0,3065603540,3066258801,3246267104,3246269696,0,608,608,-1,1,655261,2592,256,16,16,3
16,3,"[8, 432, 432, 1, 1, 0, 0, 0, 0, 0, 0, 0, 0, 0, 0, 4, 0, 0, 0, 0, 0, 0, 0, 0, 0, 0, 0, 0, 0, 0]",365,128,186624.0,2985988.0,3066366475,3066376910,3246270304,3246282624,0,608,608,-1,1,10435,12320,256,16,16,3
12,3,"[8, 432, 432, 1, 1, 0, 0, 0, 0, 0, 0, 0, 0, 0, 0, 8, 432, 432, 1, 1, 0, 0, 0, 0, 0, 0, 0, 0, 0, 0]",365,128,186624.0,4478976.0,3066469218,3066477924,3246283232,3246291712,0,608,608,-1,1,8706,8480,256,16,16,3
12,3,"[8, 432, 432, 1, 1, 0, 0, 0, 0, 0, 0, 0, 0, 0, 0, 8, 432, 432, 1, 1, 0, 0, 0, 0, 0, 0, 0, 0, 0, 0]",365,128,186624.0,4478976.0,3066563949,3066786006,3246292320,3246303808,0,576,576,-1,1,222057,11488,256,16,16,3
16,3,"[8, 432, 0, 0, 0, 0, 0, 0, 0, 0, 0, 0, 0, 0, 0, 4, 0, 0, 0, 0, 0, 0, 0, 0, 0, 0, 0, 0, 0, 0]",1,128,432.0,6916.0,3066868654,3066877434,3246304384,3246306848,0,640,640,-1,1,8780,2464,256,16,16,3
12,3,"[8, 432, 0, 0, 0, 0, 0, 0, 0, 0, 0, 0, 0, 0, 0, 8, 432, 0, 0, 0, 0, 0, 0, 0, 0, 0, 0, 0, 0, 0]",1,128,432.0,10368.0,3066956786,3066965128,3246307488,3246310144,0,736,736,-1,1,8342,2656,256,16,16,3
12,3,"[8, 432, 0, 0, 0, 0, 0, 0, 0, 0, 0, 0, 0, 0, 0, 8, 432, 0, 0, 0, 0, 0, 0, 0, 0, 0, 0, 0, 0, 0]",1,128,432.0,10368.0,3067043695,3067052129,3246310880,3246313472,0,544,544,-1,1,8434,2592,256,16,16,3
16,3,"[8, 432, 0, 0, 0, 0, 0, 0, 0, 0, 0, 0, 0, 0, 0, 4, 0, 0, 0, 0, 0, 0, 0, 0, 0, 0, 0, 0, 0, 0]",1,128,432.0,6916.0,3067131470,3067139877,3246314016,3246316416,0,672,672,-1,1,8407,2400,256,16,16,3
12,3,"[8, 432, 0, 0, 0, 0, 0, 0, 0, 0, 0, 0, 0, 0, 0, 8, 432, 0, 0, 0, 0, 0, 0, 0, 0, 0, 0, 0, 0, 0]",1,128,432.0,10368.0,3067217660,3067227634,3246317088,3246319840,0,640,640,-1,1,9974,2752,256,16,16,3
12,3,"[8, 432, 0, 0, 0, 0, 0, 0, 0, 0, 0, 0, 0, 0, 0, 8, 432, 0, 0, 0, 0, 0, 0, 0, 0, 0, 0, 0, 0, 0]",1,128,432.0,10368.0,3067307770,3067316231,3246320480,3246323104,0,736,736,-1,1,8461,2624,256,16,16,3
16,3,"[8, 432, 432, 1, 1, 0, 0, 0, 0, 0, 0, 0, 0, 0, 0, 4, 0, 0, 0, 0, 0, 0, 0, 0, 0, 0, 0, 0, 0, 0]",365,128,186624.0,2985988.0,3067395880,3067404532,3246323840,3246335872,0,608,608,-1,1,8652,12032,256,16,16,3
12,3,"[8, 432, 432, 1, 1, 0, 0, 0, 0, 0, 0, 0, 0, 0, 0, 8, 432, 432, 1, 1, 0, 0, 0, 0, 0, 0, 0, 0, 0, 0]",365,128,186624.0,4478976.0,3067483385,3068119456,3246336480,3246344832,0,608,608,-1,1,636071,8352,256,16,16,3
12,3,"[8, 432, 432, 1, 1, 0, 0, 0, 0, 0, 0, 0, 0, 0, 0, 8, 432, 432, 1, 1, 0, 0, 0, 0, 0, 0, 0, 0, 0, 0]",365,128,186624.0,4478976.0,3068208290,3068217434,3246345440,3246356992,0,544,544,-1,1,9144,11552,256,16,16,3
16,3,"[8, 432, 0, 0, 0, 0, 0, 0, 0, 0, 0, 0, 0, 0, 0, 4, 0, 0, 0, 0, 0, 0, 0, 0, 0, 0, 0, 0, 0, 0]",1,128,432.0,6916.0,3068297694,3068306451,3246357536,3246360000,0,608,608,-1,1,8757,2464,256,16,16,3
12,3,"[8, 432, 0, 0, 0, 0, 0, 0, 0, 0, 0, 0, 0, 0, 0, 8, 432, 0, 0, 0, 0, 0, 0, 0, 0, 0, 0, 0, 0, 0]",1,128,432.0,10368.0,3068391417,3068644523,3246360608,3246363232,0,736,736,-1,1,253106,2624,256,16,16,3
12,3,"[8, 432, 0, 0, 0, 0, 0, 0, 0, 0, 0, 0, 0, 0, 0, 8, 432, 0, 0, 0, 0, 0, 0, 0, 0, 0, 0, 0, 0, 0]",1,128,432.0,10368.0,3068720129,3068727841,3246363968,3246366560,0,576,576,-1,1,7712,2592,256,16,16,3
16,3,"[8, 432, 0, 0, 0, 0, 0, 0, 0, 0, 0, 0, 0, 0, 0, 4, 0, 0, 0, 0, 0, 0, 0, 0, 0, 0, 0, 0, 0, 0]",1,128,432.0,6916.0,3068800694,3068808613,3246367136,3246369536,0,608,608,-1,1,7919,2400,256,16,16,3
12,3,"[8, 432, 0, 0, 0, 0, 0, 0, 0, 0, 0, 0, 0, 0, 0, 8, 432, 0, 0, 0, 0, 0, 0, 0, 0, 0, 0, 0, 0, 0]",1,128,432.0,10368.0,3068880136,3068887751,3246370144,3246372736,0,608,608,-1,1,7615,2592,256,16,16,3
12,3,"[8, 432, 0, 0, 0, 0, 0, 0, 0, 0, 0, 0, 0, 0, 0, 8, 432, 0, 0, 0, 0, 0, 0, 0, 0, 0, 0, 0, 0, 0]",1,128,432.0,10368.0,3069090369,3069100346,3246373344,3246375936,0,608,608,-1,1,9977,2592,256,16,16,3
16,3,"[8, 432, 48, 3, 3, 0, 0, 0, 0, 0, 0, 0, 0, 0, 0, 4, 0, 0, 0, 0, 0, 0, 0, 0, 0, 0, 0, 0, 0, 0]",365,128,186624.0,2985988.0,3069186114,3069197245,3246376544,3246388224,0,608,608,-1,1,11131,11680,256,16,16,3
12,3,"[8, 432, 48, 3, 3, 0, 0, 0, 0, 0, 0, 0, 0, 0, 0, 8, 432, 48, 3, 3, 0, 0, 0, 0, 0, 0, 0, 0, 0, 0]",365,128,186624.0,4478976.0,3069273956,3069281846,3246388832,3246397568,0,640,640,-1,1,7890,8736,256,16,16,3
12,3,"[8, 432, 48, 3, 3, 0, 0, 0, 0, 0, 0, 0, 0, 0, 0, 8, 432, 48, 3, 3, 0, 0, 0, 0, 0, 0, 0, 0, 0, 0]",365,128,186624.0,4478976.0,3069357610,3070135776,3246398208,3246409664,0,544,544,-1,1,778166,11456,256,16,16,3
16,3,"[8, 432, 0, 0, 0, 0, 0, 0, 0, 0, 0, 0, 0, 0, 0, 4, 0, 0, 0, 0, 0, 0, 0, 0, 0, 0, 0, 0, 0, 0]",1,128,432.0,6916.0,3070245346,3070255192,3246410208,3246412768,0,672,672,-1,1,9846,2560,256,16,16,3
12,3,"[8, 432, 0, 0, 0, 0, 0, 0, 0, 0, 0, 0, 0, 0, 0, 8, 432, 0, 0, 0, 0, 0, 0, 0, 0, 0, 0, 0, 0, 0]",1,128,432.0,10368.0,3070339621,3070348069,3246413440,3246416000,0,608,608,-1,1,8448,2560,256,16,16,3
12,3,"[8, 432, 0, 0, 0, 0, 0, 0, 0, 0, 0, 0, 0, 0, 0, 8, 432, 0, 0, 0, 0, 0, 0, 0, 0, 0, 0, 0, 0, 0]",1,128,432.0,10368.0,3070428455,3070757548,3246416608,3246419200,0,672,672,-1,1,329093,2592,256,16,16,3
16,3,"[8, 432, 0, 0, 0, 0, 0, 0, 0, 0, 0, 0, 0, 0, 0, 4, 0, 0, 0, 0, 0, 0, 0, 0, 0, 0, 0, 0, 0, 0]",1,128,432.0,6916.0,3070839674,3070848862,3246419872,3246422272,0,639,639,-1,1,9188,2400,256,16,16,3
12,3,"[8, 432, 0, 0, 0, 0, 0, 0, 0, 0, 0, 0, 0, 0, 0, 8, 432, 0, 0, 0, 0, 0, 0, 0, 0, 0, 0, 0, 0, 0]",1,128,432.0,10368.0,3070930133,3070938183,3246422911,3246425472,0,608,608,-1,1,8050,2561,256,16,16,3
12,3,"[8, 432, 0, 0, 0, 0, 0, 0, 0, 0, 0, 0, 0, 0, 0, 8, 432, 0, 0, 0, 0, 0, 0, 0, 0, 0, 0, 0, 0, 0]",1,128,432.0,10368.0,3071035697,3071044478,3246426080,3246428864,0,608,608,-1,1,8781,2784,256,16,16,3
16,3,"[8, 432, 432, 1, 1, 0, 0, 0, 0, 0, 0, 0, 0, 0, 0, 4, 0, 0, 0, 0, 0, 0, 0, 0, 0, 0, 0, 0, 0, 0]",365,128,186624.0,2985988.0,3071134224,3071143264,3246429472,3246440896,0,543,543,-1,1,9040,11424,256,16,16,3
12,3,"[8, 432, 432, 1, 1, 0, 0, 0, 0, 0, 0, 0, 0, 0, 0, 8, 432, 432, 1, 1, 0, 0, 0, 0, 0, 0, 0, 0, 0, 0]",365,128,186624.0,4478976.0,3071229222,3071237749,3246441439,3246449952,0,576,576,-1,1,8527,8513,256,16,16,3
12,3,"[8, 432, 432, 1, 1, 0, 0, 0, 0, 0, 0, 0, 0, 0, 0, 8, 432, 432, 1, 1, 0, 0, 0, 0, 0, 0, 0, 0, 0, 0]",365,128,186624.0,4478976.0,3071334603,3071344354,3246450528,3246461696,0,608,608,-1,1,9751,11168,256,16,16,3
16,3,"[8, 432, 0, 0, 0, 0, 0, 0, 0, 0, 0, 0, 0, 0, 0, 4, 0, 0, 0, 0, 0, 0, 0, 0, 0, 0, 0, 0, 0, 0]",1,128,432.0,6916.0,3071434289,3072071085,3246462304,3246464672,0,639,639,-1,1,636796,2368,256,16,16,3
12,3,"[8, 432, 0, 0, 0, 0, 0, 0, 0, 0, 0, 0, 0, 0, 0, 8, 432, 0, 0, 0, 0, 0, 0, 0, 0, 0, 0, 0, 0, 0]",1,128,432.0,10368.0,3072162566,3072170504,3246465311,3246467999,0,577,577,-1,1,7938,2688,256,16,16,3
12,3,"[8, 432, 0, 0, 0, 0, 0, 0, 0, 0, 0, 0, 0, 0, 0, 8, 432, 0, 0, 0, 0, 0, 0, 0, 0, 0, 0, 0, 0, 0]",1,128,432.0,10368.0,3072243063,3072251000,3246468576,3246471136,0,639,639,-1,1,7937,2560,256,16,16,3
16,3,"[8, 432, 0, 0, 0, 0, 0, 0, 0, 0, 0, 0, 0, 0, 0, 4, 0, 0, 0, 0, 0, 0, 0, 0, 0, 0, 0, 0, 0, 0]",1,128,432.0,6916.0,3072323041,3072597697,3246471775,3246474143,0,641,641,-1,1,274656,2368,256,16,16,3
12,3,"[8, 432, 0, 0, 0, 0, 0, 0, 0, 0, 0, 0, 0, 0, 0, 8, 432, 0, 0, 0, 0, 0, 0, 0, 0, 0, 0, 0, 0, 0]",1,128,432.0,10368.0,3072672504,3072680442,3246474784,3246477407,0,609,609,-1,1,7938,2623,256,16,16,3
12,3,"[8, 432, 0, 0, 0, 0, 0, 0, 0, 0, 0, 0, 0, 0, 0, 8, 432, 0, 0, 0, 0, 0, 0, 0, 0, 0, 0, 0, 0, 0]",1,128,432.0,10368.0,3072754259,3072761539,3246478016,3246480576,0,607,607,-1,1,7280,2560,256,16,16,3
16,3,"[8, 432, 432, 1, 1, 0, 0, 0, 0, 0, 0, 0, 0, 0, 0, 4, 0, 0, 0, 0, 0, 0, 0, 0, 0, 0, 0, 0, 0, 0]",365,128,186624.0,2985988.0,3072834472,3072842369,3246481183,3246492831,0,544,544,-1,1,7897,11648,256,16,16,3
12,3,"[8, 432, 432, 1, 1, 0, 0, 0, 0, 0, 0, 0, 0, 0, 0, 8, 432, 432, 1, 1, 0, 0, 0, 0, 0, 0, 0, 0, 0, 0]",365,128,186624.0,4478976.0,3072915011,3072922880,3246493375,3246501823,0,672,672,-1,1,7869,8448,256,16,16,3
12,3,"[8, 432, 432, 1, 1, 0, 0, 0, 0, 0, 0, 0, 0, 0, 0, 8, 432, 432, 1, 1, 0, 0, 0, 0, 0, 0, 0, 0, 0, 0]",365,128,186624.0,4478976.0,3072995207,3073002575,3246502495,3246514175,0,672,672,-1,1,7368,11680,256,16,16,3
16,3,"[8, 432, 0, 0, 0, 0, 0, 0, 0, 0, 0, 0, 0, 0, 0, 4, 0, 0, 0, 0, 0, 0, 0, 0, 0, 0, 0, 0, 0, 0]",1,128,432.0,6916.0,3073074477,3073082136,3246514847,3246517247,0,608,608,-1,1,7659,2400,256,16,16,3
12,3,"[8, 432, 0, 0, 0, 0, 0, 0, 0, 0, 0, 0, 0, 0, 0, 8, 432, 0, 0, 0, 0, 0, 0, 0, 0, 0, 0, 0, 0, 0]",1,128,432.0,10368.0,3073154948,3073164312,3246517855,3246520576,0,672,672,-1,1,9364,2721,256,16,16,3
12,3,"[8, 432, 0, 0, 0, 0, 0, 0, 0, 0, 0, 0, 0, 0, 0, 8, 432, 0, 0, 0, 0, 0, 0, 0, 0, 0, 0, 0, 0, 0]",1,128,432.0,10368.0,3073238355,3073926378,3246521248,3246523871,0,576,576,-1,1,688023,2623,256,16,16,3
16,3,"[8, 432, 0, 0, 0, 0, 0, 0, 0, 0, 0, 0, 0, 0, 0, 4, 0, 0, 0, 0, 0, 0, 0, 0, 0, 0, 0, 0, 0, 0]",1,128,432.0,6916.0,3074008194,3074016870,3246524447,3246526847,0,672,672,-1,1,8676,2400,256,16,16,3
12,3,"[8, 432, 0, 0, 0, 0, 0, 0, 0, 0, 0, 0, 0, 0, 0, 8, 432, 0, 0, 0, 0, 0, 0, 0, 0, 0, 0, 0, 0, 0]",1,128,432.0,10368.0,3074095058,3074103156,3246527519,3246530112,0,607,607,-1,1,8098,2593,256,16,16,3
12,3,"[8, 432, 0, 0, 0, 0, 0, 0, 0, 0, 0, 0, 0, 0, 0, 8, 432, 0, 0, 0, 0, 0, 0, 0, 0, 0, 0, 0, 0, 0]",1,128,432.0,10368.0,3074208364,3074454389,3246530719,3246533344,0,576,576,-1,1,246025,2625,256,16,16,3
16,3,"[8, 432, 48, 3, 3, 0, 0, 0, 0, 0, 0, 0, 0, 0, 0, 4, 0, 0, 0, 0, 0, 0, 0, 0, 0, 0, 0, 0, 0, 0]",365,128,186624.0,2985988.0,3074544132,3074553934,3246533920,3246545599,0,608,608,-1,1,9802,11679,256,16,16,3
12,3,"[8, 432, 48, 3, 3, 0, 0, 0, 0, 0, 0, 0, 0, 0, 0, 8, 432, 48, 3, 3, 0, 0, 0, 0, 0, 0, 0, 0, 0, 0]",365,128,186624.0,4478976.0,3074642624,3074651579,3246546207,3246554816,0,543,543,-1,1,8955,8609,256,16,16,3
12,3,"[8, 432, 48, 3, 3, 0, 0, 0, 0, 0, 0, 0, 0, 0, 0, 8, 432, 48, 3, 3, 0, 0, 0, 0, 0, 0, 0, 0, 0, 0]",365,128,186624.0,4478976.0,3074737335,3074745849,3246555359,3246566431,0,704,704,-1,1,8514,11072,256,16,16,3
16,3,"[8, 432, 0, 0, 0, 0, 0, 0, 0, 0, 0, 0, 0, 0, 0, 4, 0, 0, 0, 0, 0, 0, 0, 0, 0, 0, 0, 0, 0, 0]",1,128,432.0,6916.0,3074829948,3074839207,3246567135,3246569599,0,673,673,-1,1,9259,2464,256,16,16,3
12,3,"[8, 432, 0, 0, 0, 0, 0, 0, 0, 0, 0, 0, 0, 0, 0, 8, 432, 0, 0, 0, 0, 0, 0, 0, 0, 0, 0, 0, 0, 0]",1,128,432.0,10368.0,3074924167,3074932522,3246570272,3246572831,0,640,640,-1,1,8355,2559,256,16,16,3
12,3,"[8, 432, 0, 0, 0, 0, 0, 0, 0, 0, 0, 0, 0, 0, 0, 8, 432, 0, 0, 0, 0, 0, 0, 0, 0, 0, 0, 0, 0, 0]",1,128,432.0,10368.0,3075017791,3075026709,3246573471,3246576127,0,672,672,-1,1,8918,2656,256,16,16,3
16,3,"[8, 432, 0, 0, 0, 0, 0, 0, 0, 0, 0, 0, 0, 0, 0, 4, 0, 0, 0, 0, 0, 0, 0, 0, 0, 0, 0, 0, 0, 0]",1,128,432.0,6916.0,3075110527,3076081099,3246576799,3246579359,0,704,704,-1,1,970572,2560,256,16,16,3
12,3,"[8, 432, 0, 0, 0, 0, 0, 0, 0, 0, 0, 0, 0, 0, 0, 8, 432, 0, 0, 0, 0, 0, 0, 0, 0, 0, 0, 0, 0, 0]",1,128,432.0,10368.0,3076170993,3076180309,3246580063,3246582687,0,576,576,-1,1,9316,2624,256,16,16,3
12,3,"[8, 432, 0, 0, 0, 0, 0, 0, 0, 0, 0, 0, 0, 0, 0, 8, 432, 0, 0, 0, 0, 0, 0, 0, 0, 0, 0, 0, 0, 0]",1,128,432.0,10368.0,3076259214,3076266984,3246583263,3246585856,0,607,607,-1,1,7770,2593,256,16,16,3
16,3,"[8, 432, 432, 1, 1, 0, 0, 0, 0, 0, 0, 0, 0, 0, 0, 4, 0, 0, 0, 0, 0, 0, 0, 0, 0, 0, 0, 0, 0, 0]",365,128,186624.0,2985988.0,3076346507,3076727442,3246586463,3246598463,0,608,608,-1,1,380935,12000,256,16,16,3
12,3,"[8, 432, 432, 1, 1, 0, 0, 0, 0, 0, 0, 0, 0, 0, 0, 8, 432, 432, 1, 1, 0, 0, 0, 0, 0, 0, 0, 0, 0, 0]",365,128,186624.0,4478976.0,3076807035,3076815431,3246599071,3246607391,0,640,640,-1,1,8396,8320,256,16,16,3
12,3,"[8, 432, 432, 1, 1, 0, 0, 0, 0, 0, 0, 0, 0, 0, 0, 8, 432, 432, 1, 1, 0, 0, 0, 0, 0, 0, 0, 0, 0, 0]",365,128,186624.0,4478976.0,3076892227,3076900110,3246608031,3246619615,0,576,576,-1,1,7883,11584,256,16,16,3
16,3,"[8, 432, 0, 0, 0, 0, 0, 0, 0, 0, 0, 0, 0, 0, 0, 4, 0, 0, 0, 0, 0, 0, 0, 0, 0, 0, 0, 0, 0, 0]",1,128,432.0,6916.0,3076977676,3076986382,3246620191,3246622591,0,672,672,-1,1,8706,2400,256,16,16,3
12,3,"[8, 432, 0, 0, 0, 0, 0, 0, 0, 0, 0, 0, 0, 0, 0, 8, 432, 0, 0, 0, 0, 0, 0, 0, 0, 0, 0, 0, 0, 0]",1,128,432.0,10368.0,3077202705,3077212679,3246623263,3246625919,0,736,736,-1,1,9974,2656,256,16,16,3
12,3,"[8, 432, 0, 0, 0, 0, 0, 0, 0, 0, 0, 0, 0, 0, 0, 8, 432, 0, 0, 0, 0, 0, 0, 0, 0, 0, 0, 0, 0, 0]",1,128,432.0,10368.0,3077296200,3077304461,3246626655,3246629183,0,672,672,-1,1,8261,2528,256,16,16,3
16,3,"[8, 432, 0, 0, 0, 0, 0, 0, 0, 0, 0, 0, 0, 0, 0, 4, 0, 0, 0, 0, 0, 0, 0, 0, 0, 0, 0, 0, 0, 0]",1,128,432.0,6916.0,3077378429,3077386361,3246629855,3246632319,0,608,608,-1,1,7932,2464,256,16,16,3
12,3,"[8, 432, 0, 0, 0, 0, 0, 0, 0, 0, 0, 0, 0, 0, 0, 8, 432, 0, 0, 0, 0, 0, 0, 0, 0, 0, 0, 0, 0, 0]",1,128,432.0,10368.0,3077457818,3078038930,3246632927,3246635487,0,640,640,-1,1,581112,2560,256,16,16,3
12,3,"[8, 432, 0, 0, 0, 0, 0, 0, 0, 0, 0, 0, 0, 0, 0, 8, 432, 0, 0, 0, 0, 0, 0, 0, 0, 0, 0, 0, 0, 0]",1,128,432.0,10368.0,3078122039,3078130788,3246636127,3246638687,0,640,640,-1,1,8749,2560,256,16,16,3
16,3,"[8, 432, 432, 1, 1, 0, 0, 0, 0, 0, 0, 0, 0, 0, 0, 4, 0, 0, 0, 0, 0, 0, 0, 0, 0, 0, 0, 0, 0, 0]",365,128,186624.0,2985988.0,3078239820,3078249426,3246639327,3246651167,0,576,576,-1,1,9606,11840,256,16,16,3
12,3,"[8, 432, 432, 1, 1, 0, 0, 0, 0, 0, 0, 0, 0, 0, 0, 8, 432, 432, 1, 1, 0, 0, 0, 0, 0, 0, 0, 0, 0, 0]",365,128,186624.0,4478976.0,3078338232,3078568233,3246651743,3246660415,0,672,672,-1,1,230001,8672,256,16,16,3
12,3,"[8, 432, 432, 1, 1, 0, 0, 0, 0, 0, 0, 0, 0, 0, 0, 8, 432, 432, 1, 1, 0, 0, 0, 0, 0, 0, 0, 0, 0, 0]",365,128,186624.0,4478976.0,3078660451,3078669763,3246661087,3246672639,0,608,608,-1,1,9312,11552,256,16,16,3
16,3,"[8, 432, 0, 0, 0, 0, 0, 0, 0, 0, 0, 0, 0, 0, 0, 4, 0, 0, 0, 0, 0, 0, 0, 0, 0, 0, 0, 0, 0, 0]",1,128,432.0,6916.0,3078756279,3078765557,3246673247,3246675647,0,672,672,-1,1,9278,2400,256,16,16,3
12,3,"[8, 432, 0, 0, 0, 0, 0, 0, 0, 0, 0, 0, 0, 0, 0, 8, 432, 0, 0, 0, 0, 0, 0, 0, 0, 0, 0, 0, 0, 0]",1,128,432.0,10368.0,3078850636,3078859242,3246676319,3246679071,0,576,576,-1,1,8606,2752,256,16,16,3
12,3,"[8, 432, 0, 0, 0, 0, 0, 0, 0, 0, 0, 0, 0, 0, 0, 8, 432, 0, 0, 0, 0, 0, 0, 0, 0, 0, 0, 0, 0, 0]",1,128,432.0,10368.0,3078944747,3078953310,3246679647,3246682271,0,576,576,-1,1,8563,2624,256,16,16,3
16,3,"[8, 432, 0, 0, 0, 0, 0, 0, 0, 0, 0, 0, 0, 0, 0, 4, 0, 0, 0, 0, 0, 0, 0, 0, 0, 0, 0, 0, 0, 0]",1,128,432.0,6916.0,3079038021,3079047044,3246682847,3246685343,0,704,704,-1,1,9023,2496,256,16,16,3
12,3,"[8, 432, 0, 0, 0, 0, 0, 0, 0, 0, 0, 0, 0, 0, 0, 8, 432, 0, 0, 0, 0, 0, 0, 0, 0, 0, 0, 0, 0, 0]",1,128,432.0,10368.0,3079130503,3079139106,3246686047,3246688703,0,608,608,-1,1,8603,2656,256,16,16,3
12,3,"[8, 432, 0, 0, 0, 0, 0, 0, 0, 0, 0, 0, 0, 0, 0, 8, 432, 0, 0, 0, 0, 0, 0, 0, 0, 0, 0, 0, 0, 0]",1,128,432.0,10368.0,3079223007,3079231270,3246689311,3246691935,0,576,576,-1,1,8263,2624,256,16,16,3
16,3,"[8, 432, 48, 3, 3, 0, 0, 0, 0, 0, 0, 0, 0, 0, 0, 4, 0, 0, 0, 0, 0, 0, 0, 0, 0, 0, 0, 0, 0, 0]",365,128,186624.0,2985988.0,3079325762,3079897684,3246692511,3246704095,0,640,640,-1,1,571922,11584,256,16,16,3
12,3,"[8, 432, 48, 3, 3, 0, 0, 0, 0, 0, 0, 0, 0, 0, 0, 8, 432, 48, 3, 3, 0, 0, 0, 0, 0, 0, 0, 0, 0, 0]",365,128,186624.0,4478976.0,3079974141,3079982251,3246704735,3246713151,0,704,704,-1,1,8110,8416,256,16,16,3
12,3,"[8, 432, 48, 3, 3, 0, 0, 0, 0, 0, 0, 0, 0, 0, 0, 8, 432, 48, 3, 3, 0, 0, 0, 0, 0, 0, 0, 0, 0, 0]",365,128,186624.0,4478976.0,3080056574,3080064055,3246713855,3246725983,0,576,576,-1,1,7481,12128,256,16,16,3
16,3,"[8, 432, 0, 0, 0, 0, 0, 0, 0, 0, 0, 0, 0, 0, 0, 4, 0, 0, 0, 0, 0, 0, 0, 0, 0, 0, 0, 0, 0, 0]",1,128,432.0,6916.0,3080136066,3080424790,3246726559,3246728991,0,608,608,-1,1,288724,2432,256,16,16,3
12,3,"[8, 432, 0, 0, 0, 0, 0, 0, 0, 0, 0, 0, 0, 0, 0, 8, 432, 0, 0, 0, 0, 0, 0, 0, 0, 0, 0, 0, 0, 0]",1,128,432.0,10368.0,3080498753,3080506937,3246729599,3246732287,0,672,672,-1,1,8184,2688,256,16,16,3
12,3,"[8, 432, 0, 0, 0, 0, 0, 0, 0, 0, 0, 0, 0, 0, 0, 8, 432, 0, 0, 0, 0, 0, 0, 0, 0, 0, 0, 0, 0, 0]",1,128,432.0,10368.0,3080579175,3080586494,3246732959,3246735551,0,608,608,-1,1,7319,2592,256,16,16,3
16,3,"[8, 432, 0, 0, 0, 0, 0, 0, 0, 0, 0, 0, 0, 0, 0, 4, 0, 0, 0, 0, 0, 0, 0, 0, 0, 0, 0, 0, 0, 0]",1,128,432.0,6916.0,3080659181,3080667049,3246736159,3246738559,0,640,640,-1,1,7868,2400,256,16,16,3
12,3,"[8, 432, 0, 0, 0, 0, 0, 0, 0, 0, 0, 0, 0, 0, 0, 8, 432, 0, 0, 0, 0, 0, 0, 0, 0, 0, 0, 0, 0, 0]",1,128,432.0,10368.0,3080738403,3080745776,3246739199,3246741855,0,704,704,-1,1,7373,2656,256,16,16,3
12,3,"[8, 432, 0, 0, 0, 0, 0, 0, 0, 0, 0, 0, 0, 0, 0, 8, 432, 0, 0, 0, 0, 0, 0, 0, 0, 0, 0, 0, 0, 0]",1,128,432.0,10368.0,3080816777,3080824072,3246742559,3246745151,0,608,608,-1,1,7295,2592,256,16,16,3
16,3,"[8, 432, 432, 1, 1, 0, 0, 0, 0, 0, 0, 0, 0, 0, 0, 4, 0, 0, 0, 0, 0, 0, 0, 0, 0, 0, 0, 0, 0, 0]",365,128,186624.0,2985988.0,3080898458,3080906309,3246745759,3246758111,0,704,704,-1,1,7851,12352,256,16,16,3
12,3,"[8, 432, 432, 1, 1, 0, 0, 0, 0, 0, 0, 0, 0, 0, 0, 8, 432, 432, 1, 1, 0, 0, 0, 0, 0, 0, 0, 0, 0, 0]",365,128,186624.0,4478976.0,3080980350,3081781945,3246758815,3246767199,0,576,576,-1,1,801595,8384,256,16,16,3
12,3,"[8, 432, 432, 1, 1, 0, 0, 0, 0, 0, 0, 0, 0, 0, 0, 8, 432, 432, 1, 1, 0, 0, 0, 0, 0, 0, 0, 0, 0, 0]",365,128,186624.0,4478976.0,3081858231,3081865918,3246767775,3246779167,0,608,608,-1,1,7687,11392,256,16,16,3
16,3,"[8, 432, 0, 0, 0, 0, 0, 0, 0, 0, 0, 0, 0, 0, 0, 4, 0, 0, 0, 0, 0, 0, 0, 0, 0, 0, 0, 0, 0, 0]",1,128,432.0,6916.0,3081942516,3081950306,3246779775,3246782207,0,608,608,-1,1,7790,2432,256,16,16,3
12,3,"[8, 432, 0, 0, 0, 0, 0, 0, 0, 0, 0, 0, 0, 0, 0, 8, 432, 0, 0, 0, 0, 0, 0, 0, 0, 0, 0, 0, 0, 0]",1,128,432.0,10368.0,3082023724,3082420452,3246782815,3246785471,0,672,672,-1,1,396728,2656,256,16,16,3
12,3,"[8, 432, 0, 0, 0, 0, 0, 0, 0, 0, 0, 0, 0, 0, 0, 8, 432, 0, 0, 0, 0, 0, 0, 0, 0, 0, 0, 0, 0, 0]",1,128,432.0,10368.0,3082506424,3082515161,3246786143,3246788799,0,608,608,-1,1,8737,2656,256,16,16,3
16,3,"[8, 432, 0, 0, 0, 0, 0, 0, 0, 0, 0, 0, 0, 0, 0, 4, 0, 0, 0, 0, 0, 0, 0, 0, 0, 0, 0, 0, 0, 0]",1,128,432.0,6916.0,3082595812,3082604366,3246789407,3246791903,0,576,576,-1,1,8554,2496,256,16,16,3
12,3,"[8, 432, 0, 0, 0, 0, 0, 0, 0, 0, 0, 0, 0, 0, 0, 8, 432, 0, 0, 0, 0, 0, 0, 0, 0, 0, 0, 0, 0, 0]",1,128,432.0,10368.0,3082683969,3082692270,3246792479,3246795135,0,640,640,-1,1,8301,2656,256,16,16,3
12,3,"[8, 432, 0, 0, 0, 0, 0, 0, 0, 0, 0, 0, 0, 0, 0, 8, 432, 0, 0, 0, 0, 0, 0, 0, 0, 0, 0, 0, 0, 0]",1,128,432.0,10368.0,3082770785,3082778603,3246795775,3246798399,0,576,576,-1,1,7818,2624,256,16,16,3
16,3,"[8, 432, 432, 1, 1, 0, 0, 0, 0, 0, 0, 0, 0, 0, 0, 4, 0, 0, 0, 0, 0, 0, 0, 0, 0, 0, 0, 0, 0, 0]",365,128,186624.0,2985988.0,3082859777,3082868183,3246798975,3246811231,0,672,672,-1,1,8406,12256,256,16,16,3
12,3,"[8, 432, 432, 1, 1, 0, 0, 0, 0, 0, 0, 0, 0, 0, 0, 8, 432, 432, 1, 1, 0, 0, 0, 0, 0, 0, 0, 0, 0, 0]",365,128,186624.0,4478976.0,3082948295,3082956148,3246811903,3246820671,0,704,704,-1,1,7853,8768,256,16,16,3
12,3,"[8, 432, 432, 1, 1, 0, 0, 0, 0, 0, 0, 0, 0, 0, 0, 8, 432, 432, 1, 1, 0, 0, 0, 0, 0, 0, 0, 0, 0, 0]",365,128,186624.0,4478976.0,3083036374,3083732504,3246821375,3246832895,0,704,704,-1,1,696130,11520,256,16,16,3
16,3,"[8, 432, 0, 0, 0, 0, 0, 0, 0, 0, 0, 0, 0, 0, 0, 4, 0, 0, 0, 0, 0, 0, 0, 0, 0, 0, 0, 0, 0, 0]",1,128,432.0,6916.0,3083814408,3083823041,3246833599,3246835967,0,672,672,-1,1,8633,2368,256,16,16,3
12,3,"[8, 432, 0, 0, 0, 0, 0, 0, 0, 0, 0, 0, 0, 0, 0, 8, 432, 0, 0, 0, 0, 0, 0, 0, 0, 0, 0, 0, 0, 0]",1,128,432.0,10368.0,3083903478,3083911472,3246836639,3246839231,0,608,608,-1,1,7994,2592,256,16,16,3
12,3,"[8, 432, 0, 0, 0, 0, 0, 0, 0, 0, 0, 0, 0, 0, 0, 8, 432, 0, 0, 0, 0, 0, 0, 0, 0, 0, 0, 0, 0, 0]",1,128,432.0,10368.0,3083993797,3084259045,3246839839,3246842431,0,672,672,-1,1,265248,2592,256,16,16,3
16,3,"[8, 432, 0, 0, 0, 0, 0, 0, 0, 0, 0, 0, 0, 0, 0, 4, 0, 0, 0, 0, 0, 0, 0, 0, 0, 0, 0, 0, 0, 0]",1,128,432.0,6916.0,3084340697,3084349175,3246843103,3246845471,0,672,672,-1,1,8478,2368,256,16,16,3
12,3,"[8, 432, 0, 0, 0, 0, 0, 0, 0, 0, 0, 0, 0, 0, 0, 8, 432, 0, 0, 0, 0, 0, 0, 0, 0, 0, 0, 0, 0, 0]",1,128,432.0,10368.0,3084428006,3084435803,3246846143,3246848766,0,545,545,-1,1,7797,2623,256,16,16,3
12,3,"[8, 432, 0, 0, 0, 0, 0, 0, 0, 0, 0, 0, 0, 0, 0, 8, 432, 0, 0, 0, 0, 0, 0, 0, 0, 0, 0, 0, 0, 0]",1,128,432.0,10368.0,3084515964,3084523971,3246849311,3246851903,0,640,640,-1,1,8007,2592,256,16,16,3
16,3,"[8, 432, 48, 3, 3, 0, 0, 0, 0, 0, 0, 0, 0, 0, 0, 4, 0, 0, 0, 0, 0, 0, 0, 0, 0, 0, 0, 0, 0, 0]",365,128,186624.0,2985988.0,3084604446,3084613145,3246852543,3246864831,0,736,736,-1,1,8699,12288,256,16,16,3
12,3,"[8, 432, 48, 3, 3, 0, 0, 0, 0, 0, 0, 0, 0, 0, 0, 8, 432, 48, 3, 3, 0, 0, 0, 0, 0, 0, 0, 0, 0, 0]",365,128,186624.0,4478976.0,3084840311,3084851237,3246865567,3246874559,0,607,607,-1,1,10926,8992,256,16,16,3
12,3,"[8, 432, 48, 3, 3, 0, 0, 0, 0, 0, 0, 0, 0, 0, 0, 8, 432, 48, 3, 3, 0, 0, 0, 0, 0, 0, 0, 0, 0, 0]",365,128,186624.0,4478976.0,3084937466,3084946313,3246875166,3246886335,0,607,607,-1,1,8847,11169,256,16,16,3
16,3,"[8, 432, 0, 0, 0, 0, 0, 0, 0, 0, 0, 0, 0, 0, 0, 4, 0, 0, 0, 0, 0, 0, 0, 0, 0, 0, 0, 0, 0, 0]",1,128,432.0,6916.0,3085028611,3085038127,3246886942,3246889311,0,640,640,-1,1,9516,2369,256,16,16,3
12,3,"[8, 432, 0, 0, 0, 0, 0, 0, 0, 0, 0, 0, 0, 0, 0, 8, 432, 0, 0, 0, 0, 0, 0, 0, 0, 0, 0, 0, 0, 0]",1,128,432.0,10368.0,3085118834,3085589427,3246889951,3246892607,0,608,608,-1,1,470593,2656,256,16,16,3
12,3,"[8, 432, 0, 0, 0, 0, 0, 0, 0, 0, 0, 0, 0, 0, 0, 8, 432, 0, 0, 0, 0, 0, 0, 0, 0, 0, 0, 0, 0, 0]",1,128,432.0,10368.0,3085713080,3085724148,3246893215,3246895774,0,641,641,-1,1,11068,2559,256,16,16,3
16,3,"[8, 432, 0, 0, 0, 0, 0, 0, 0, 0, 0, 0, 0, 0, 0, 4, 0, 0, 0, 0, 0, 0, 0, 0, 0, 0, 0, 0, 0, 0]",1,128,432.0,6916.0,3085814610,3085837349,3246896415,3246898783,0,640,640,-1,1,22739,2368,256,16,16,3
12,3,"[8, 432, 0, 0, 0, 0, 0, 0, 0, 0, 0, 0, 0, 0, 0, 8, 432, 0, 0, 0, 0, 0, 0, 0, 0, 0, 0, 0, 0, 0]",1,128,432.0,10368.0,3085919070,3086118288,3246899423,3246902110,0,704,704,-1,1,199218,2687,256,16,16,3
12,3,"[8, 432, 0, 0, 0, 0, 0, 0, 0, 0, 0, 0, 0, 0, 0, 8, 432, 0, 0, 0, 0, 0, 0, 0, 0, 0, 0, 0, 0, 0]",1,128,432.0,10368.0,3086227734,3086237393,3246902814,3246905439,0,576,576,-1,1,9659,2625,256,16,16,3
16,3,"[8, 432, 432, 1, 1, 0, 0, 0, 0, 0, 0, 0, 0, 0, 0, 4, 0, 0, 0, 0, 0, 0, 0, 0, 0, 0, 0, 0, 0, 0]",365,128,186624.0,2985988.0,3086330051,3086339610,3246906015,3246918526,0,673,673,-1,1,9559,12511,256,16,16,3
12,3,"[8, 432, 432, 1, 1, 0, 0, 0, 0, 0, 0, 0, 0, 0, 0, 8, 432, 432, 1, 1, 0, 0, 0, 0, 0, 0, 0, 0, 0, 0]",365,128,186624.0,4478976.0,3086428215,3086437165,3246919199,3246927774,0,704,704,-1,1,8950,8575,256,16,16,3
12,3,"[8, 432, 432, 1, 1, 0, 0, 0, 0, 0, 0, 0, 0, 0, 0, 8, 432, 432, 1, 1, 0, 0, 0, 0, 0, 0, 0, 0, 0, 0]",365,128,186624.0,4478976.0,3086523665,3086532166,3246928478,3246940190,0,609,609,-1,1,8501,11712,256,16,16,3
16,3,"[8, 432, 0, 0, 0, 0, 0, 0, 0, 0, 0, 0, 0, 0, 0, 4, 0, 0, 0, 0, 0, 0, 0, 0, 0, 0, 0, 0, 0, 0]",1,128,432.0,6916.0,3086617412,3086626532,3246940799,3246943199,0,704,704,-1,1,9120,2400,256,16,16,3
12,3,"[8, 432, 0, 0, 0, 0, 0, 0, 0, 0, 0, 0, 0, 0, 0, 8, 432, 0, 0, 0, 0, 0, 0, 0, 0, 0, 0, 0, 0, 0]",1,128,432.0,10368.0,3086711278,3086719783,3246943903,3246946559,0,704,704,-1,1,8505,2656,256,16,16,3
12,3,"[8, 432, 0, 0, 0, 0, 0, 0, 0, 0, 0, 0, 0, 0, 0, 8, 432, 0, 0, 0, 0, 0, 0, 0, 0, 0, 0, 0, 0, 0]",1,128,432.0,10368.0,3086806690,3087620017,3246947263,3246949919,0,704,704,-1,1,813327,2656,256,16,16,3
16,3,"[8, 432, 0, 0, 0, 0, 0, 0, 0, 0, 0, 0, 0, 0, 0, 4, 0, 0, 0, 0, 0, 0, 0, 0, 0, 0, 0, 0, 0, 0]",1,128,432.0,6916.0,3087701376,3087710408,3246950623,3246953054,0,608,608,-1,1,9032,2431,256,16,16,3
12,3,"[8, 432, 0, 0, 0, 0, 0, 0, 0, 0, 0, 0, 0, 0, 0, 8, 432, 0, 0, 0, 0, 0, 0, 0, 0, 0, 0, 0, 0, 0]",1,128,432.0,10368.0,3087789318,3087797348,3246953662,3246956286,0,544,544,-1,1,8030,2624,256,16,16,3
12,3,"[8, 432, 0, 0, 0, 0, 0, 0, 0, 0, 0, 0, 0, 0, 0, 8, 432, 0, 0, 0, 0, 0, 0, 0, 0, 0, 0, 0, 0, 0]",1,128,432.0,10368.0,3087877560,3088263017,3246956830,3246959422,0,609,609,-1,1,385457,2592,256,16,16,3
16,3,"[8, 432, 432, 1, 1, 0, 0, 0, 0, 0, 0, 0, 0, 0, 0, 4, 0, 0, 0, 0, 0, 0, 0, 0, 0, 0, 0, 0, 0, 0]",365,128,186624.0,2985988.0,3088346574,3088355381,3246960031,3246972126,0,608,608,-1,1,8807,12095,256,16,16,3
12,3,"[8, 432, 432, 1, 1, 0, 0, 0, 0, 0, 0, 0, 0, 0, 0, 8, 432, 432, 1, 1, 0, 0, 0, 0, 0, 0, 0, 0, 0, 0]",365,128,186624.0,4478976.0,3088436417,3088444928,3246972734,3246981118,0,673,673,-1,1,8511,8384,256,16,16,3
12,3,"[8, 432, 432, 1, 1, 0, 0, 0, 0, 0, 0, 0, 0, 0, 0, 8, 432, 432, 1, 1, 0, 0, 0, 0, 0, 0, 0, 0, 0, 0]",365,128,186624.0,4478976.0,3088526095,3088534616,3246981791,3246993054,0,640,640,-1,1,8521,11263,256,16,16,3
16,3,"[8, 432, 0, 0, 0, 0, 0, 0, 0, 0, 0, 0, 0, 0, 0, 4, 0, 0, 0, 0, 0, 0, 0, 0, 0, 0, 0, 0, 0, 0]",1,128,432.0,6916.0,3088614414,3088622782,3246993694,3246996062,0,640,640,-1,1,8368,2368,256,16,16,3
12,3,"[8, 432, 0, 0, 0, 0, 0, 0, 0, 0, 0, 0, 0, 0, 0, 8, 432, 0, 0, 0, 0, 0, 0, 0, 0, 0, 0, 0, 0, 0]",1,128,432.0,10368.0,3088701456,3088709619,3246996702,3246999646,0,640,640,-1,1,8163,2944,256,16,16,3
12,3,"[8, 432, 0, 0, 0, 0, 0, 0, 0, 0, 0, 0, 0, 0, 0, 8, 432, 0, 0, 0, 0, 0, 0, 0, 0, 0, 0, 0, 0, 0]",1,128,432.0,10368.0,3088790268,3088798152,3247000286,3247002942,0,672,672,-1,1,7884,2656,256,16,16,3
16,3,"[8, 432, 0, 0, 0, 0, 0, 0, 0, 0, 0, 0, 0, 0, 0, 4, 0, 0, 0, 0, 0, 0, 0, 0, 0, 0, 0, 0, 0, 0]",1,128,432.0,6916.0,3088877390,3089575609,3247003614,3247006110,0,640,640,-1,1,698219,2496,256,16,16,3
12,3,"[8, 432, 0, 0, 0, 0, 0, 0, 0, 0, 0, 0, 0, 0, 0, 8, 432, 0, 0, 0, 0, 0, 0, 0, 0, 0, 0, 0, 0, 0]",1,128,432.0,10368.0,3089678421,3089689882,3247006750,3247009470,0,608,608,-1,1,11461,2720,256,16,16,3
12,3,"[8, 432, 0, 0, 0, 0, 0, 0, 0, 0, 0, 0, 0, 0, 0, 8, 432, 0, 0, 0, 0, 0, 0, 0, 0, 0, 0, 0, 0, 0]",1,128,432.0,10368.0,3089783286,3089792174,3247010078,3247012798,0,672,672,-1,1,8888,2720,256,16,16,3
16,3,"[8, 432, 48, 3, 3, 0, 0, 0, 0, 0, 0, 0, 0, 0, 0, 4, 0, 0, 0, 0, 0, 0, 0, 0, 0, 0, 0, 0, 0, 0]",365,128,186624.0,2985988.0,3089880479,3090106577,3247013470,3247025438,0,640,640,-1,1,226098,11968,256,16,16,3
12,3,"[8, 432, 48, 3, 3, 0, 0, 0, 0, 0, 0, 0, 0, 0, 0, 8, 432, 48, 3, 3, 0, 0, 0, 0, 0, 0, 0, 0, 0, 0]",365,128,186624.0,4478976.0,3090215192,3090228810,3247026078,3247034718,0,576,576,-1,1,13618,8640,256,16,16,3
12,3,"[8, 432, 48, 3, 3, 0, 0, 0, 0, 0, 0, 0, 0, 0, 0, 8, 432, 48, 3, 3, 0, 0, 0, 0, 0, 0, 0, 0, 0, 0]",365,128,186624.0,4478976.0,3090331843,3090343310,3247035294,3247047070,0,640,640,-1,1,11467,11776,256,16,16,3
16,3,"[8, 432, 0, 0, 0, 0, 0, 0, 0, 0, 0, 0, 0, 0, 0, 4, 0, 0, 0, 0, 0, 0, 0, 0, 0, 0, 0, 0, 0, 0]",1,128,432.0,6916.0,3090444984,3090456015,3247047710,3247050142,0,640,640,-1,1,11031,2432,256,16,16,3
12,3,"[8, 432, 0, 0, 0, 0, 0, 0, 0, 0, 0, 0, 0, 0, 0, 8, 432, 0, 0, 0, 0, 0, 0, 0, 0, 0, 0, 0, 0, 0]",1,128,432.0,10368.0,3090555266,3090569040,3247050782,3247053470,0,704,704,-1,1,13774,2688,256,16,16,3
12,3,"[8, 432, 0, 0, 0, 0, 0, 0, 0, 0, 0, 0, 0, 0, 0, 8, 432, 0, 0, 0, 0, 0, 0, 0, 0, 0, 0, 0, 0, 0]",1,128,432.0,10368.0,3090666385,3090676076,3247054174,3247056702,0,672,672,-1,1,9691,2528,256,16,16,3
16,3,"[8, 432, 0, 0, 0, 0, 0, 0, 0, 0, 0, 0, 0, 0, 0, 4, 0, 0, 0, 0, 0, 0, 0, 0, 0, 0, 0, 0, 0, 0]",1,128,432.0,6916.0,3090774931,3090787553,3247057374,3247059902,0,704,704,-1,1,12622,2528,256,16,16,3
12,3,"[8, 432, 0, 0, 0, 0, 0, 0, 0, 0, 0, 0, 0, 0, 0, 8, 432, 0, 0, 0, 0, 0, 0, 0, 0, 0, 0, 0, 0, 0]",1,128,432.0,10368.0,3090884202,3090894707,3247060606,3247063230,0,736,736,-1,1,10505,2624,256,16,16,3
12,3,"[8, 432, 0, 0, 0, 0, 0, 0, 0, 0, 0, 0, 0, 0, 0, 8, 432, 0, 0, 0, 0, 0, 0, 0, 0, 0, 0, 0, 0, 0]",1,128,432.0,10368.0,3090990385,3091442477,3247063966,3247066526,0,640,640,-1,1,452092,2560,256,16,16,3
16,3,"[8, 432, 432, 1, 1, 0, 0, 0, 0, 0, 0, 0, 0, 0, 0, 4, 0, 0, 0, 0, 0, 0, 0, 0, 0, 0, 0, 0, 0, 0]",365,128,186624.0,2985988.0,3091548592,3091561412,3247067166,3247078686,0,640,640,-1,1,12820,11520,256,16,16,3
12,3,"[8, 432, 432, 1, 1, 0, 0, 0, 0, 0, 0, 0, 0, 0, 0, 8, 432, 432, 1, 1, 0, 0, 0, 0, 0, 0, 0, 0, 0, 0]",365,128,186624.0,4478976.0,3091661656,3091672800,3247079326,3247088062,0,608,608,-1,1,11144,8736,256,16,16,3
12,3,"[8, 432, 432, 1, 1, 0, 0, 0, 0, 0, 0, 0, 0, 0, 0, 8, 432, 432, 1, 1, 0, 0, 0, 0, 0, 0, 0, 0, 0, 0]",365,128,186624.0,4478976.0,3091771732,3091964932,3247088670,3247100254,0,576,576,-1,1,193200,11584,256,16,16,3
16,3,"[8, 432, 0, 0, 0, 0, 0, 0, 0, 0, 0, 0, 0, 0, 0, 4, 0, 0, 0, 0, 0, 0, 0, 0, 0, 0, 0, 0, 0, 0]",1,128,432.0,6916.0,3092068743,3092081846,3247100830,3247103230,0,608,608,-1,1,13103,2400,256,16,16,3
12,3,"[8, 432, 0, 0, 0, 0, 0, 0, 0, 0, 0, 0, 0, 0, 0, 8, 432, 0, 0, 0, 0, 0, 0, 0, 0, 0, 0, 0, 0, 0]",1,128,432.0,10368.0,3092181617,3092191532,3247103838,3247106590,0,736,736,-1,1,9915,2752,256,16,16,3
12,3,"[8, 432, 0, 0, 0, 0, 0, 0, 0, 0, 0, 0, 0, 0, 0, 8, 432, 0, 0, 0, 0, 0, 0, 0, 0, 0, 0, 0, 0, 0]",1,128,432.0,10368.0,3092287901,3092298519,3247107326,3247109886,0,608,608,-1,1,10618,2560,256,16,16,3
16,3,"[8, 432, 0, 0, 0, 0, 0, 0, 0, 0, 0, 0, 0, 0, 0, 4, 0, 0, 0, 0, 0, 0, 0, 0, 0, 0, 0, 0, 0, 0]",1,128,432.0,6916.0,3092561559,3092575753,3247110494,3247112894,0,672,672,-1,1,14194,2400,256,16,16,3
12,3,"[8, 432, 0, 0, 0, 0, 0, 0, 0, 0, 0, 0, 0, 0, 0, 8, 432, 0, 0, 0, 0, 0, 0, 0, 0, 0, 0, 0, 0, 0]",1,128,432.0,10368.0,3092684061,3092695248,3247113566,3247116222,0,672,672,-1,1,11187,2656,256,16,16,3
12,3,"[8, 432, 0, 0, 0, 0, 0, 0, 0, 0, 0, 0, 0, 0, 0, 8, 432, 0, 0, 0, 0, 0, 0, 0, 0, 0, 0, 0, 0, 0]",1,128,432.0,10368.0,3092793223,3092803596,3247116894,3247119486,0,608,608,-1,1,10373,2592,256,16,16,3
16,3,"[8, 432, 432, 1, 1, 0, 0, 0, 0, 0, 0, 0, 0, 0, 0, 4, 0, 0, 0, 0, 0, 0, 0, 0, 0, 0, 0, 0, 0, 0]",365,128,186624.0,2985988.0,3092917876,3093593756,3247120094,3247131966,0,704,704,-1,1,675880,11872,256,16,16,3
12,3,"[8, 432, 432, 1, 1, 0, 0, 0, 0, 0, 0, 0, 0, 0, 0, 8, 432, 432, 1, 1, 0, 0, 0, 0, 0, 0, 0, 0, 0, 0]",365,128,186624.0,4478976.0,3093705733,3093716243,3247132670,3247140990,0,608,608,-1,1,10510,8320,256,16,16,3
12,3,"[8, 432, 432, 1, 1, 0, 0, 0, 0, 0, 0, 0, 0, 0, 0, 8, 432, 432, 1, 1, 0, 0, 0, 0, 0, 0, 0, 0, 0, 0]",365,128,186624.0,4478976.0,3093808512,3093819127,3247141598,3247152734,0,704,704,-1,1,10615,11136,256,16,16,3
16,3,"[8, 432, 0, 0, 0, 0, 0, 0, 0, 0, 0, 0, 0, 0, 0, 4, 0, 0, 0, 0, 0, 0, 0, 0, 0, 0, 0, 0, 0, 0]",1,128,432.0,6916.0,3093916126,3094242188,3247153438,3247156094,0,544,544,-1,1,326062,2656,256,16,16,3
12,3,"[8, 432, 0, 0, 0, 0, 0, 0, 0, 0, 0, 0, 0, 0, 0, 8, 432, 0, 0, 0, 0, 0, 0, 0, 0, 0, 0, 0, 0, 0]",1,128,432.0,10368.0,3094341445,3094352645,3247156638,3247159326,0,704,704,-1,1,11200,2688,256,16,16,3
12,3,"[8, 432, 0, 0, 0, 0, 0, 0, 0, 0, 0, 0, 0, 0, 0, 8, 432, 0, 0, 0, 0, 0, 0, 0, 0, 0, 0, 0, 0, 0]",1,128,432.0,10368.0,3094441400,3094453395,3247160030,3247162654,0,608,608,-1,1,11995,2624,256,16,16,3
16,3,"[8, 432, 0, 0, 0, 0, 0, 0, 0, 0, 0, 0, 0, 0, 0, 4, 0, 0, 0, 0, 0, 0, 0, 0, 0, 0, 0, 0, 0, 0]",1,128,432.0,6916.0,3094543133,3094553234,3247163262,3247165790,0,640,640,-1,1,10101,2528,256,16,16,3
12,3,"[8, 432, 0, 0, 0, 0, 0, 0, 0, 0, 0, 0, 0, 0, 0, 8, 432, 0, 0, 0, 0, 0, 0, 0, 0, 0, 0, 0, 0, 0]",1,128,432.0,10368.0,3094640516,3094649387,3247166430,3247169150,0,672,672,-1,1,8871,2720,256,16,16,3
12,3,"[8, 432, 0, 0, 0, 0, 0, 0, 0, 0, 0, 0, 0, 0, 0, 8, 432, 0, 0, 0, 0, 0, 0, 0, 0, 0, 0, 0, 0, 0]",1,128,432.0,10368.0,3094735712,3094744193,3247169822,3247172382,0,640,640,-1,1,8481,2560,256,16,16,3
16,3,"[8, 432, 48, 3, 3, 0, 0, 0, 0, 0, 0, 0, 0, 0, 0, 4, 0, 0, 0, 0, 0, 0, 0, 0, 0, 0, 0, 0, 0, 0]",365,128,186624.0,2985988.0,3094829964,3094838765,3247173022,3247184958,0,736,736,-1,1,8801,11936,256,16,16,3
12,3,"[8, 432, 48, 3, 3, 0, 0, 0, 0, 0, 0, 0, 0, 0, 0, 8, 432, 48, 3, 3, 0, 0, 0, 0, 0, 0, 0, 0, 0, 0]",365,128,186624.0,4478976.0,3094925130,3095549655,3247185694,3247194270,0,640,640,-1,1,624525,8576,256,16,16,3
12,3,"[8, 432, 48, 3, 3, 0, 0, 0, 0, 0, 0, 0, 0, 0, 0, 8, 432, 48, 3, 3, 0, 0, 0, 0, 0, 0, 0, 0, 0, 0]",365,128,186624.0,4478976.0,3095638770,3095647771,3247194910,3247206206,0,608,608,-1,1,9001,11296,256,16,16,3
16,3,"[8, 432, 0, 0, 0, 0, 0, 0, 0, 0, 0, 0, 0, 0, 0, 4, 0, 0, 0, 0, 0, 0, 0, 0, 0, 0, 0, 0, 0, 0]",1,128,432.0,6916.0,3095734524,3095743601,3247206814,3247209246,0,608,608,-1,1,9077,2432,256,16,16,3
12,3,"[8, 432, 0, 0, 0, 0, 0, 0, 0, 0, 0, 0, 0, 0, 0, 8, 432, 0, 0, 0, 0, 0, 0, 0, 0, 0, 0, 0, 0, 0]",1,128,432.0,10368.0,3095828745,3096076107,3247209854,3247212414,0,608,608,-1,1,247362,2560,256,16,16,3
12,3,"[8, 432, 0, 0, 0, 0, 0, 0, 0, 0, 0, 0, 0, 0, 0, 8, 432, 0, 0, 0, 0, 0, 0, 0, 0, 0, 0, 0, 0, 0]",1,128,432.0,10368.0,3096164821,3096173871,3247213022,3247215614,0,640,640,-1,1,9050,2592,256,16,16,3
16,3,"[8, 432, 0, 0, 0, 0, 0, 0, 0, 0, 0, 0, 0, 0, 0, 4, 0, 0, 0, 0, 0, 0, 0, 0, 0, 0, 0, 0, 0, 0]",1,128,432.0,6916.0,3096267504,3096276520,3247216254,3247218622,0,704,704,-1,1,9016,2368,256,16,16,3
12,3,"[8, 432, 0, 0, 0, 0, 0, 0, 0, 0, 0, 0, 0, 0, 0, 8, 432, 0, 0, 0, 0, 0, 0, 0, 0, 0, 0, 0, 0, 0]",1,128,432.0,10368.0,3096358069,3096366672,3247219326,3247222046,0,640,640,-1,1,8603,2720,256,16,16,3
12,3,"[8, 432, 0, 0, 0, 0, 0, 0, 0, 0, 0, 0, 0, 0, 0, 8, 432, 0, 0, 0, 0, 0, 0, 0, 0, 0, 0, 0, 0, 0]",1,128,432.0,10368.0,3096446255,3096454562,3247222686,3247225278,0,608,608,-1,1,8307,2592,256,16,16,3
16,3,"[8, 432, 432, 1, 1, 0, 0, 0, 0, 0, 0, 0, 0, 0, 0, 4, 0, 0, 0, 0, 0, 0, 0, 0, 0, 0, 0, 0, 0, 0]",365,128,186624.0,2985988.0,3096534811,3096543235,3247225886,3247237598,0,576,576,-1,1,8424,11712,256,16,16,3
12,3,"[8, 432, 432, 1, 1, 0, 0, 0, 0, 0, 0, 0, 0, 0, 0, 8, 432, 432, 1, 1, 0, 0, 0, 0, 0, 0, 0, 0, 0, 0]",365,128,186624.0,4478976.0,3096623846,3096631954,3247238174,3247246238,0,672,672,-1,1,8108,8064,256,16,16,3
12,3,"[8, 432, 432, 1, 1, 0, 0, 0, 0, 0, 0, 0, 0, 0, 0, 8, 432, 432, 1, 1, 0, 0, 0, 0, 0, 0, 0, 0, 0, 0]",365,128,186624.0,4478976.0,3096712119,3096719956,3247246910,3247258366,0,608,608,-1,1,7837,11456,256,16,16,3
16,3,"[8, 432, 0, 0, 0, 0, 0, 0, 0, 0, 0, 0, 0, 0, 0, 4, 0, 0, 0, 0, 0, 0, 0, 0, 0, 0, 0, 0, 0, 0]",1,128,432.0,6916.0,3096799939,3097410474,3247258974,3247261438,0,608,608,-1,1,610535,2464,256,16,16,3
12,3,"[8, 432, 0, 0, 0, 0, 0, 0, 0, 0, 0, 0, 0, 0, 0, 8, 432, 0, 0, 0, 0, 0, 0, 0, 0, 0, 0, 0, 0, 0]",1,128,432.0,10368.0,3097497473,3097506299,3247262046,3247264606,0,640,640,-1,1,8826,2560,256,16,16,3
12,3,"[8, 432, 0, 0, 0, 0, 0, 0, 0, 0, 0, 0, 0, 0, 0, 8, 432, 0, 0, 0, 0, 0, 0, 0, 0, 0, 0, 0, 0, 0]",1,128,432.0,10368.0,3097592517,3097601058,3247265246,3247267838,0,672,672,-1,1,8541,2592,256,16,16,3
16,3,"[8, 432, 0, 0, 0, 0, 0, 0, 0, 0, 0, 0, 0, 0, 0, 4, 0, 0, 0, 0, 0, 0, 0, 0, 0, 0, 0, 0, 0, 0]",1,128,432.0,6916.0,3097685639,3097938348,3247268510,3247270878,0,639,639,-1,1,252709,2368,256,16,16,3
12,3,"[8, 432, 0, 0, 0, 0, 0, 0, 0, 0, 0, 0, 0, 0, 0, 8, 432, 0, 0, 0, 0, 0, 0, 0, 0, 0, 0, 0, 0, 0]",1,128,432.0,10368.0,3098023975,3098032698,3247271517,3247274174,0,672,672,-1,1,8723,2657,256,16,16,3
12,3,"[8, 432, 0, 0, 0, 0, 0, 0, 0, 0, 0, 0, 0, 0, 0, 8, 432, 0, 0, 0, 0, 0, 0, 0, 0, 0, 0, 0, 0, 0]",1,128,432.0,10368.0,3098117111,3098125283,3247274846,3247277470,0,608,608,-1,1,8172,2624,256,16,16,3
16,3,"[8, 432, 432, 1, 1, 0, 0, 0, 0, 0, 0, 0, 0, 0, 0, 4, 0, 0, 0, 0, 0, 0, 0, 0, 0, 0, 0, 0, 0, 0]",365,128,186624.0,2985988.0,3098222173,3098232048,3247278078,3247289629,0,704,704,-1,1,9875,11551,256,16,16,3
12,3,"[8, 432, 432, 1, 1, 0, 0, 0, 0, 0, 0, 0, 0, 0, 0, 8, 432, 432, 1, 1, 0, 0, 0, 0, 0, 0, 0, 0, 0, 0]",365,128,186624.0,4478976.0,3098323330,3098332192,3247290333,3247298526,0,704,704,-1,1,8862,8193,256,16,16,3
12,3,"[8, 432, 432, 1, 1, 0, 0, 0, 0, 0, 0, 0, 0, 0, 0, 8, 432, 432, 1, 1, 0, 0, 0, 0, 0, 0, 0, 0, 0, 0]",365,128,186624.0,4478976.0,3098419215,3098427634,3247299230,3247310334,0,639,639,-1,1,8419,11104,256,16,16,3
16,3,"[8, 432, 0, 0, 0, 0, 0, 0, 0, 0, 0, 0, 0, 0, 0, 4, 0, 0, 0, 0, 0, 0, 0, 0, 0, 0, 0, 0, 0, 0]",1,128,432.0,6916.0,3098511958,3098520988,3247310973,3247313342,0,672,672,-1,1,9030,2369,256,16,16,3
12,3,"[8, 432, 0, 0, 0, 0, 0, 0, 0, 0, 0, 0, 0, 0, 0, 8, 432, 0, 0, 0, 0, 0, 0, 0, 0, 0, 0, 0, 0, 0]",1,128,432.0,10368.0,3098605071,3099218011,3247314014,3247316702,0,672,672,-1,1,612940,2688,256,16,16,3
12,3,"[8, 432, 0, 0, 0, 0, 0, 0, 0, 0, 0, 0, 0, 0, 0, 8, 432, 0, 0, 0, 0, 0, 0, 0, 0, 0, 0, 0, 0, 0]",1,128,432.0,10368.0,3099328978,3099337708,3247317374,3247320221,0,641,641,-1,1,8730,2847,256,16,16,3
16,3,"[8, 432, 0, 0, 0, 0, 0, 0, 0, 0, 0, 0, 0, 0, 0, 4, 0, 0, 0, 0, 0, 0, 0, 0, 0, 0, 0, 0, 0, 0]",1,128,432.0,6916.0,3099418892,3099427532,3247320862,3247323262,0,671,671,-1,1,8640,2400,256,16,16,3
12,3,"[8, 432, 0, 0, 0, 0, 0, 0, 0, 0, 0, 0, 0, 0, 0, 8, 432, 0, 0, 0, 0, 0, 0, 0, 0, 0, 0, 0, 0, 0]",1,128,432.0,10368.0,3099507204,3099960889,3247323933,3247326526,0,607,607,-1,1,453685,2593,256,16,16,3
12,3,"[8, 432, 0, 0, 0, 0, 0, 0, 0, 0, 0, 0, 0, 0, 0, 8, 432, 0, 0, 0, 0, 0, 0, 0, 0, 0, 0, 0, 0, 0]",1,128,432.0,10368.0,3100044033,3100052508,3247327133,3247329726,0,639,639,-1,1,8475,2593,256,16,16,3
16,3,"[8, 432, 48, 3, 3, 0, 0, 0, 0, 0, 0, 0, 0, 0, 0, 4, 0, 0, 0, 0, 0, 0, 0, 0, 0, 0, 0, 0, 0, 0]",365,128,186624.0,2985988.0,3100134910,3100143456,3247330365,3247342334,0,576,576,-1,1,8546,11969,256,16,16,3
12,3,"[8, 432, 48, 3, 3, 0, 0, 0, 0, 0, 0, 0, 0, 0, 0, 8, 432, 48, 3, 3, 0, 0, 0, 0, 0, 0, 0, 0, 0, 0]",365,128,186624.0,4478976.0,3100225058,3100233444,3247342910,3247351517,0,576,576,-1,1,8386,8607,256,16,16,3
12,3,"[8, 432, 48, 3, 3, 0, 0, 0, 0, 0, 0, 0, 0, 0, 0, 8, 432, 48, 3, 3, 0, 0, 0, 0, 0, 0, 0, 0, 0, 0]",365,128,186624.0,4478976.0,3100489927,3100503770,3247352093,3247363645,0,609,609,-1,1,13843,11552,256,16,16,3
16,3,"[8, 432, 0, 0, 0, 0, 0, 0, 0, 0, 0, 0, 0, 0, 0, 4, 0, 0, 0, 0, 0, 0, 0, 0, 0, 0, 0, 0, 0, 0]",1,128,432.0,6916.0,3100598865,3100609026,3247364254,3247366654,0,607,607,-1,1,10161,2400,256,16,16,3
12,3,"[8, 432, 0, 0, 0, 0, 0, 0, 0, 0, 0, 0, 0, 0, 0, 8, 432, 0, 0, 0, 0, 0, 0, 0, 0, 0, 0, 0, 0, 0]",1,128,432.0,10368.0,3100691337,3100700174,3247367261,3247369886,0,607,607,-1,1,8837,2625,256,16,16,3
12,3,"[8, 432, 0, 0, 0, 0, 0, 0, 0, 0, 0, 0, 0, 0, 0, 8, 432, 0, 0, 0, 0, 0, 0, 0, 0, 0, 0, 0, 0, 0]",1,128,432.0,10368.0,3100781705,3101270423,3247370493,3247373053,0,609,609,-1,1,488718,2560,256,16,16,3
16,3,"[8, 432, 0, 0, 0, 0, 0, 0, 0, 0, 0, 0, 0, 0, 0, 4, 0, 0, 0, 0, 0, 0, 0, 0, 0, 0, 0, 0, 0, 0]",1,128,432.0,6916.0,3101352196,3101360921,3247373662,3247376093,0,640,640,-1,1,8725,2431,256,16,16,3
12,3,"[8, 432, 0, 0, 0, 0, 0, 0, 0, 0, 0, 0, 0, 0, 0, 8, 432, 0, 0, 0, 0, 0, 0, 0, 0, 0, 0, 0, 0, 0]",1,128,432.0,10368.0,3101442042,3101450282,3247376733,3247379357,0,576,576,-1,1,8240,2624,256,16,16,3
12,3,"[8, 432, 0, 0, 0, 0, 0, 0, 0, 0, 0, 0, 0, 0, 0, 8, 432, 0, 0, 0, 0, 0, 0, 0, 0, 0, 0, 0, 0, 0]",1,128,432.0,10368.0,3101530707,3101798439,3247379933,3247382781,0,672,672,-1,1,267732,2848,256,16,16,3
16,3,"[8, 432, 432, 1, 1, 0, 0, 0, 0, 0, 0, 0, 0, 0, 0, 4, 0, 0, 0, 0, 0, 0, 0, 0, 0, 0, 0, 0, 0, 0]",365,128,186624.0,2985988.0,3101882143,3101891083,3247383453,3247395485,0,576,576,-1,1,8940,12032,256,16,16,3
12,3,"[8, 432, 432, 1, 1, 0, 0, 0, 0, 0, 0, 0, 0, 0, 0, 8, 432, 432, 1, 1, 0, 0, 0, 0, 0, 0, 0, 0, 0, 0]",365,128,186624.0,4478976.0,3101972620,3101980945,3247396061,3247404317,0,576,576,-1,1,8325,8256,256,16,16,3
12,3,"[8, 432, 432, 1, 1, 0, 0, 0, 0, 0, 0, 0, 0, 0, 0, 8, 432, 432, 1, 1, 0, 0, 0, 0, 0, 0, 0, 0, 0, 0]",365,128,186624.0,4478976.0,3102062602,3102070500,3247404893,3247416189,0,672,672,-1,1,7898,11296,256,16,16,3
16,3,"[8, 432, 0, 0, 0, 0, 0, 0, 0, 0, 0, 0, 0, 0, 0, 4, 0, 0, 0, 0, 0, 0, 0, 0, 0, 0, 0, 0, 0, 0]",1,128,432.0,6916.0,3102149576,3102158280,3247416861,3247419389,0,672,672,-1,1,8704,2528,256,16,16,3
12,3,"[8, 432, 0, 0, 0, 0, 0, 0, 0, 0, 0, 0, 0, 0, 0, 8, 432, 0, 0, 0, 0, 0, 0, 0, 0, 0, 0, 0, 0, 0]",1,128,432.0,10368.0,3102276672,3102286219,3247420061,3247422685,0,576,576,-1,1,9547,2624,256,16,16,3
12,3,"[8, 432, 0, 0, 0, 0, 0, 0, 0, 0, 0, 0, 0, 0, 0, 8, 432, 0, 0, 0, 0, 0, 0, 0, 0, 0, 0, 0, 0, 0]",1,128,432.0,10368.0,3102370157,3102378789,3247423261,3247425981,0,672,672,-1,1,8632,2720,256,16,16,3
16,3,"[8, 432, 0, 0, 0, 0, 0, 0, 0, 0, 0, 0, 0, 0, 0, 4, 0, 0, 0, 0, 0, 0, 0, 0, 0, 0, 0, 0, 0, 0]",1,128,432.0,6916.0,3102462915,3102471696,3247426653,3247429117,0,736,736,-1,1,8781,2464,256,16,16,3
12,3,"[8, 432, 0, 0, 0, 0, 0, 0, 0, 0, 0, 0, 0, 0, 0, 8, 432, 0, 0, 0, 0, 0, 0, 0, 0, 0, 0, 0, 0, 0]",1,128,432.0,10368.0,3102554296,3103129457,3247429853,3247432477,0,576,576,-1,1,575161,2624,256,16,16,3
12,3,"[8, 432, 0, 0, 0, 0, 0, 0, 0, 0, 0, 0, 0, 0, 0, 8, 432, 0, 0, 0, 0, 0, 0, 0, 0, 0, 0, 0, 0, 0]",1,128,432.0,10368.0,3103216297,3103225292,3247433053,3247435645,0,608,608,-1,1,8995,2592,256,16,16,3
16,3,"[8, 432, 432, 1, 1, 0, 0, 0, 0, 0, 0, 0, 0, 0, 0, 4, 0, 0, 0, 0, 0, 0, 0, 0, 0, 0, 0, 0, 0, 0]",365,128,186624.0,2985988.0,3103337870,3103346596,3247436253,3247448029,0,704,704,-1,1,8726,11776,256,16,16,3
12,3,"[8, 432, 432, 1, 1, 0, 0, 0, 0, 0, 0, 0, 0, 0, 0, 8, 432, 432, 1, 1, 0, 0, 0, 0, 0, 0, 0, 0, 0, 0]",365,128,186624.0,4478976.0,3103438618,3103657148,3247448733,3247457085,0,608,608,-1,1,218530,8352,256,16,16,3
12,3,"[8, 432, 432, 1, 1, 0, 0, 0, 0, 0, 0, 0, 0, 0, 0, 8, 432, 432, 1, 1, 0, 0, 0, 0, 0, 0, 0, 0, 0, 0]",365,128,186624.0,4478976.0,3103737237,3103745413,3247457693,3247469117,0,608,608,-1,1,8176,11424,256,16,16,3
16,3,"[8, 432, 0, 0, 0, 0, 0, 0, 0, 0, 0, 0, 0, 0, 0, 4, 0, 0, 0, 0, 0, 0, 0, 0, 0, 0, 0, 0, 0, 0]",1,128,432.0,6916.0,3103841766,3103850181,3247469725,3247472125,0,672,672,-1,1,8415,2400,256,16,16,3
12,3,"[8, 432, 0, 0, 0, 0, 0, 0, 0, 0, 0, 0, 0, 0, 0, 8, 432, 0, 0, 0, 0, 0, 0, 0, 0, 0, 0, 0, 0, 0]",1,128,432.0,10368.0,3103929632,3103937973,3247472797,3247475389,0,608,608,-1,1,8341,2592,256,16,16,3
12,3,"[8, 432, 0, 0, 0, 0, 0, 0, 0, 0, 0, 0, 0, 0, 0, 8, 432, 0, 0, 0, 0, 0, 0, 0, 0, 0, 0, 0, 0, 0]",1,128,432.0,10368.0,3104017121,3104027444,3247475997,3247478589,0,608,608,-1,1,10323,2592,256,16,16,3
16,3,"[8, 432, 0, 0, 0, 0, 0, 0, 0, 0, 0, 0, 0, 0, 0, 4, 0, 0, 0, 0, 0, 0, 0, 0, 0, 0, 0, 0, 0, 0]",1,128,432.0,6916.0,3104107097,3104115323,3247479197,3247481565,0,640,640,-1,1,8226,2368,256,16,16,3
12,3,"[8, 432, 0, 0, 0, 0, 0, 0, 0, 0, 0, 0, 0, 0, 0, 8, 432, 0, 0, 0, 0, 0, 0, 0, 0, 0, 0, 0, 0, 0]",1,128,432.0,10368.0,3104194596,3104202581,3247482205,3247484861,0,672,672,-1,1,7985,2656,256,16,16,3
12,3,"[8, 432, 0, 0, 0, 0, 0, 0, 0, 0, 0, 0, 0, 0, 0, 8, 432, 0, 0, 0, 0, 0, 0, 0, 0, 0, 0, 0, 0, 0]",1,128,432.0,10368.0,3104280830,3104930657,3247485533,3247488317,0,640,640,-1,1,649827,2784,256,16,16,3
16,3,"[8, 432, 48, 3, 3, 0, 0, 0, 0, 0, 0, 0, 0, 0, 0, 4, 0, 0, 0, 0, 0, 0, 0, 0, 0, 0, 0, 0, 0, 0]",365,128,186624.0,2985988.0,3105022723,3105031074,3247488957,3247500733,0,736,736,-1,1,8351,11776,256,16,16,3
12,3,"[8, 432, 48, 3, 3, 0, 0, 0, 0, 0, 0, 0, 0, 0, 0, 8, 432, 48, 3, 3, 0, 0, 0, 0, 0, 0, 0, 0, 0, 0]",365,128,186624.0,4478976.0,3105110551,3105118374,3247501469,3247509693,0,576,576,-1,1,7823,8224,256,16,16,3
12,3,"[8, 432, 48, 3, 3, 0, 0, 0, 0, 0, 0, 0, 0, 0, 0, 8, 432, 48, 3, 3, 0, 0, 0, 0, 0, 0, 0, 0, 0, 0]",365,128,186624.0,4478976.0,3105196334,3105683184,3247510269,3247521917,0,608,608,-1,1,486850,11648,256,16,16,3
16,3,"[8, 432, 0, 0, 0, 0, 0, 0, 0, 0, 0, 0, 0, 0, 0, 4, 0, 0, 0, 0, 0, 0, 0, 0, 0, 0, 0, 0, 0, 0]",1,128,432.0,6916.0,3105762909,3105773592,3247522525,3247524925,0,608,608,-1,1,10683,2400,256,16,16,3
12,3,"[8, 432, 0, 0, 0, 0, 0, 0, 0, 0, 0, 0, 0, 0, 0, 8, 432, 0, 0, 0, 0, 0, 0, 0, 0, 0, 0, 0, 0, 0]",1,128,432.0,10368.0,3105860394,3105869462,3247525533,3247528221,0,736,736,-1,1,9068,2688,256,16,16,3
12,3,"[8, 432, 0, 0, 0, 0, 0, 0, 0, 0, 0, 0, 0, 0, 0, 8, 432, 0, 0, 0, 0, 0, 0, 0, 0, 0, 0, 0, 0, 0]",1,128,432.0,10368.0,3105947608,3105955810,3247528957,3247531549,0,576,576,-1,1,8202,2592,256,16,16,3
16,3,"[8, 432, 0, 0, 0, 0, 0, 0, 0, 0, 0, 0, 0, 0, 0, 4, 0, 0, 0, 0, 0, 0, 0, 0, 0, 0, 0, 0, 0, 0]",1,128,432.0,6916.0,3106033722,3106041838,3247532125,3247534493,0,640,640,-1,1,8116,2368,256,16,16,3
12,3,"[8, 432, 0, 0, 0, 0, 0, 0, 0, 0, 0, 0, 0, 0, 0, 8, 432, 0, 0, 0, 0, 0, 0, 0, 0, 0, 0, 0, 0, 0]",1,128,432.0,10368.0,3106121084,3106130165,3247535133,3247537789,0,576,576,-1,1,9081,2656,256,16,16,3
12,3,"[8, 432, 0, 0, 0, 0, 0, 0, 0, 0, 0, 0, 0, 0, 0, 8, 432, 0, 0, 0, 0, 0, 0, 0, 0, 0, 0, 0, 0, 0]",1,128,432.0,10368.0,3106251260,3106260284,3247538365,3247540957,0,576,576,-1,1,9024,2592,256,16,16,3
16,3,"[8, 432, 432, 1, 1, 0, 0, 0, 0, 0, 0, 0, 0, 0, 0, 4, 0, 0, 0, 0, 0, 0, 0, 0, 0, 0, 0, 0, 0, 0]",365,128,186624.0,2985988.0,3106347885,3106999890,3247541533,3247553469,0,608,608,-1,1,652005,11936,256,16,16,3
12,3,"[8, 432, 432, 1, 1, 0, 0, 0, 0, 0, 0, 0, 0, 0, 0, 8, 432, 432, 1, 1, 0, 0, 0, 0, 0, 0, 0, 0, 0, 0]",365,128,186624.0,4478976.0,3107091142,3107100482,3247554077,3247562621,0,576,576,-1,1,9340,8544,256,16,16,3
12,3,"[8, 432, 432, 1, 1, 0, 0, 0, 0, 0, 0, 0, 0, 0, 0, 8, 432, 432, 1, 1, 0, 0, 0, 0, 0, 0, 0, 0, 0, 0]",365,128,186624.0,4478976.0,3107189300,3107197933,3247563197,3247574461,0,608,608,-1,1,8633,11264,256,16,16,3
16,3,"[8, 432, 0, 0, 0, 0, 0, 0, 0, 0, 0, 0, 0, 0, 0, 4, 0, 0, 0, 0, 0, 0, 0, 0, 0, 0, 0, 0, 0, 0]",1,128,432.0,6916.0,3107283394,3107527703,3247575069,3247577469,0,736,736,-1,1,244309,2400,256,16,16,3
12,3,"[8, 432, 0, 0, 0, 0, 0, 0, 0, 0, 0, 0, 0, 0, 0, 8, 432, 0, 0, 0, 0, 0, 0, 0, 0, 0, 0, 0, 0, 0]",1,128,432.0,10368.0,3107609256,3107617760,3247578205,3247580797,0,608,608,-1,1,8504,2592,256,16,16,3
12,3,"[8, 432, 0, 0, 0, 0, 0, 0, 0, 0, 0, 0, 0, 0, 0, 8, 432, 0, 0, 0, 0, 0, 0, 0, 0, 0, 0, 0, 0, 0]",1,128,432.0,10368.0,3107697362,3107705049,3247581405,3247584093,0,640,640,-1,1,7687,2688,256,16,16,3
16,3,"[8, 432, 0, 0, 0, 0, 0, 0, 0, 0, 0, 0, 0, 0, 0, 4, 0, 0, 0, 0, 0, 0, 0, 0, 0, 0, 0, 0, 0, 0]",1,128,432.0,6916.0,3107785243,3107793547,3247584733,3247587229,0,576,576,-1,1,8304,2496,256,16,16,3
12,3,"[8, 432, 0, 0, 0, 0, 0, 0, 0, 0, 0, 0, 0, 0, 0, 8, 432, 0, 0, 0, 0, 0, 0, 0, 0, 0, 0, 0, 0, 0]",1,128,432.0,10368.0,3108076720,3108088083,3247587805,3247590397,0,608,608,-1,1,11363,2592,256,16,16,3
12,3,"[8, 432, 0, 0, 0, 0, 0, 0, 0, 0, 0, 0, 0, 0, 0, 8, 432, 0, 0, 0, 0, 0, 0, 0, 0, 0, 0, 0, 0, 0]",1,128,432.0,10368.0,3108180038,3108189211,3247591005,3247593917,0,608,608,-1,1,9173,2912,256,16,16,3
16,3,"[8, 432, 432, 1, 1, 0, 0, 0, 0, 0, 0, 0, 0, 0, 0, 4, 0, 0, 0, 0, 0, 0, 0, 0, 0, 0, 0, 0, 0, 0]",365,128,186624.0,2985988.0,3108273228,3108284628,3247594525,3247606685,0,704,704,-1,1,11400,12160,256,16,16,3
12,3,"[8, 432, 432, 1, 1, 0, 0, 0, 0, 0, 0, 0, 0, 0, 0, 8, 432, 432, 1, 1, 0, 0, 0, 0, 0, 0, 0, 0, 0, 0]",365,128,186624.0,4478976.0,3108366200,3108374639,3247607389,3247615837,0,640,640,-1,1,8439,8448,256,16,16,3
12,3,"[8, 432, 432, 1, 1, 0, 0, 0, 0, 0, 0, 0, 0, 0, 0, 8, 432, 432, 1, 1, 0, 0, 0, 0, 0, 0, 0, 0, 0, 0]",365,128,186624.0,4478976.0,3108454880,3108858818,3247616477,3247627997,0,640,640,-1,1,403938,11520,256,16,16,3
16,3,"[8, 432, 0, 0, 0, 0, 0, 0, 0, 0, 0, 0, 0, 0, 0, 4, 0, 0, 0, 0, 0, 0, 0, 0, 0, 0, 0, 0, 0, 0]",1,128,432.0,6916.0,3108940771,3108949854,3247628637,3247631037,0,608,608,-1,1,9083,2400,256,16,16,3
12,3,"[8, 432, 0, 0, 0, 0, 0, 0, 0, 0, 0, 0, 0, 0, 0, 8, 432, 0, 0, 0, 0, 0, 0, 0, 0, 0, 0, 0, 0, 0]",1,128,432.0,10368.0,3109029815,3109038078,3247631645,3247634365,0,672,672,-1,1,8263,2720,256,16,16,3
12,3,"[8, 432, 0, 0, 0, 0, 0, 0, 0, 0, 0, 0, 0, 0, 0, 8, 432, 0, 0, 0, 0, 0, 0, 0, 0, 0, 0, 0, 0, 0]",1,128,432.0,10368.0,3109116301,3109385255,3247635037,3247637629,0,608,608,-1,1,268954,2592,256,16,16,3
16,3,"[8, 432, 0, 0, 0, 0, 0, 0, 0, 0, 0, 0, 0, 0, 0, 4, 0, 0, 0, 0, 0, 0, 0, 0, 0, 0, 0, 0, 0, 0]",1,128,432.0,6916.0,3109466084,3109474769,3247638237,3247640829,0,672,672,-1,1,8685,2592,256,16,16,3
12,3,"[8, 432, 0, 0, 0, 0, 0, 0, 0, 0, 0, 0, 0, 0, 0, 8, 432, 0, 0, 0, 0, 0, 0, 0, 0, 0, 0, 0, 0, 0]",1,128,432.0,10368.0,3109552115,3109560192,3247641501,3247644285,0,544,544,-1,1,8077,2784,256,16,16,3
12,3,"[8, 432, 0, 0, 0, 0, 0, 0, 0, 0, 0, 0, 0, 0, 0, 8, 432, 0, 0, 0, 0, 0, 0, 0, 0, 0, 0, 0, 0, 0]",1,128,432.0,10368.0,3109652208,3109661770,3247644829,3247647421,0,608,608,-1,1,9562,2592,256,16,16,3
16,3,"[8, 432, 48, 3, 3, 0, 0, 0, 0, 0, 0, 0, 0, 0, 0, 4, 0, 0, 0, 0, 0, 0, 0, 0, 0, 0, 0, 0, 0, 0]",365,128,186624.0,2985988.0,3109745695,3109754551,3247648029,3247659773,0,672,672,-1,1,8856,11744,256,16,16,3
12,3,"[8, 432, 48, 3, 3, 0, 0, 0, 0, 0, 0, 0, 0, 0, 0, 8, 432, 48, 3, 3, 0, 0, 0, 0, 0, 0, 0, 0, 0, 0]",365,128,186624.0,4478976.0,3109834619,3109842539,3247660445,3247668861,0,672,672,-1,1,7920,8416,256,16,16,3
12,3,"[8, 432, 48, 3, 3, 0, 0, 0, 0, 0, 0, 0, 0, 0, 0, 8, 432, 48, 3, 3, 0, 0, 0, 0, 0, 0, 0, 0, 0, 0]",365,128,186624.0,4478976.0,3109926273,3109936689,3247669533,3247680989,0,671,671,-1,1,10416,11456,256,16,16,3
16,3,"[8, 432, 0, 0, 0, 0, 0, 0, 0, 0, 0, 0, 0, 0, 0, 4, 0, 0, 0, 0, 0, 0, 0, 0, 0, 0, 0, 0, 0, 0]",1,128,432.0,6916.0,3110016210,3110668958,3247681660,3247684061,0,640,640,-1,1,652748,2401,256,16,16,3
12,3,"[8, 432, 0, 0, 0, 0, 0, 0, 0, 0, 0, 0, 0, 0, 0, 8, 432, 0, 0, 0, 0, 0, 0, 0, 0, 0, 0, 0, 0, 0]",1,128,432.0,10368.0,3110759603,3110768539,3247684701,3247687229,0,672,672,-1,1,8936,2528,256,16,16,3
12,3,"[8, 432, 0, 0, 0, 0, 0, 0, 0, 0, 0, 0, 0, 0, 0, 8, 432, 0, 0, 0, 0, 0, 0, 0, 0, 0, 0, 0, 0, 0]",1,128,432.0,10368.0,3110855032,3110863776,3247687901,3247690525,0,640,640,-1,1,8744,2624,256,16,16,3
16,3,"[8, 432, 0, 0, 0, 0, 0, 0, 0, 0, 0, 0, 0, 0, 0, 4, 0, 0, 0, 0, 0, 0, 0, 0, 0, 0, 0, 0, 0, 0]",1,128,432.0,6916.0,3110947458,3111313155,3247691165,3247693565,0,640,640,-1,1,365697,2400,256,16,16,3
12,3,"[8, 432, 0, 0, 0, 0, 0, 0, 0, 0, 0, 0, 0, 0, 0, 8, 432, 0, 0, 0, 0, 0, 0, 0, 0, 0, 0, 0, 0, 0]",1,128,432.0,10368.0,3111395094,3111403423,3247694205,3247696828,0,544,544,-1,1,8329,2623,256,16,16,3
12,3,"[8, 432, 0, 0, 0, 0, 0, 0, 0, 0, 0, 0, 0, 0, 0, 8, 432, 0, 0, 0, 0, 0, 0, 0, 0, 0, 0, 0, 0, 0]",1,128,432.0,10368.0,3111483685,3111491891,3247697372,3247700060,0,704,704,-1,1,8206,2688,256,16,16,3
16,3,"[8, 432, 432, 1, 1, 0, 0, 0, 0, 0, 0, 0, 0, 0, 0, 4, 0, 0, 0, 0, 0, 0, 0, 0, 0, 0, 0, 0, 0, 0]",365,128,186624.0,2985988.0,3111571648,3111580382,3247700764,3247712573,0,543,543,-1,1,8734,11809,256,16,16,3
12,3,"[8, 432, 432, 1, 1, 0, 0, 0, 0, 0, 0, 0, 0, 0, 0, 8, 432, 432, 1, 1, 0, 0, 0, 0, 0, 0, 0, 0, 0, 0]",365,128,186624.0,4478976.0,3111660576,3111668433,3247713116,3247721660,0,673,673,-1,1,7857,8544,256,16,16,3
12,3,"[8, 432, 432, 1, 1, 0, 0, 0, 0, 0, 0, 0, 0, 0, 0, 8, 432, 432, 1, 1, 0, 0, 0, 0, 0, 0, 0, 0, 0, 0]",365,128,186624.0,4478976.0,3111748423,3111756435,3247722333,3247733565,0,704,704,-1,1,8012,11232,256,16,16,3
16,3,"[8, 432, 0, 0, 0, 0, 0, 0, 0, 0, 0, 0, 0, 0, 0, 4, 0, 0, 0, 0, 0, 0, 0, 0, 0, 0, 0, 0, 0, 0]",1,128,432.0,6916.0,3111833938,3111842597,3247734269,3247736733,0,576,576,-1,1,8659,2464,256,16,16,3
12,3,"[8, 432, 0, 0, 0, 0, 0, 0, 0, 0, 0, 0, 0, 0, 0, 8, 432, 0, 0, 0, 0, 0, 0, 0, 0, 0, 0, 0, 0, 0]",1,128,432.0,10368.0,3111920687,3112622466,3247737309,3247739869,0,576,576,-1,1,701779,2560,256,16,16,3
12,3,"[8, 432, 0, 0, 0, 0, 0, 0, 0, 0, 0, 0, 0, 0, 0, 8, 432, 0, 0, 0, 0, 0, 0, 0, 0, 0, 0, 0, 0, 0]",1,128,432.0,10368.0,3112703001,3112711585,3247740445,3247743069,0,576,576,-1,1,8584,2624,256,16,16,3
16,3,"[8, 432, 0, 0, 0, 0, 0, 0, 0, 0, 0, 0, 0, 0, 0, 4, 0, 0, 0, 0, 0, 0, 0, 0, 0, 0, 0, 0, 0, 0]",1,128,432.0,6916.0,3112791289,3112799697,3247743645,3247746013,0,639,639,-1,1,8408,2368,256,16,16,3
12,3,"[8, 432, 0, 0, 0, 0, 0, 0, 0, 0, 0, 0, 0, 0, 0, 8, 432, 0, 0, 0, 0, 0, 0, 0, 0, 0, 0, 0, 0, 0]",1,128,432.0,10368.0,3112876951,3113147831,3247746652,3247749308,0,545,545,-1,1,270880,2656,256,16,16,3
12,3,"[8, 432, 0, 0, 0, 0, 0, 0, 0, 0, 0, 0, 0, 0, 0, 8, 432, 0, 0, 0, 0, 0, 0, 0, 0, 0, 0, 0, 0, 0]",1,128,432.0,10368.0,3113227776,3113235913,3247749853,3247752637,0,607,607,-1,1,8137,2784,256,16,16,3
16,3,"[8, 432, 432, 1, 1, 0, 0, 0, 0, 0, 0, 0, 0, 0, 0, 4, 0, 0, 0, 0, 0, 0, 0, 0, 0, 0, 0, 0, 0, 0]",365,128,186624.0,2985988.0,3113316292,3113324623,3247753244,3247765117,0,671,671,-1,1,8331,11873,256,16,16,3
12,3,"[8, 432, 432, 1, 1, 0, 0, 0, 0, 0, 0, 0, 0, 0, 0, 8, 432, 432, 1, 1, 0, 0, 0, 0, 0, 0, 0, 0, 0, 0]",365,128,186624.0,4478976.0,3113404535,3113412529,3247765788,3247774332,0,576,576,-1,1,7994,8544,256,16,16,3
12,3,"[8, 432, 432, 1, 1, 0, 0, 0, 0, 0, 0, 0, 0, 0, 0, 8, 432, 432, 1, 1, 0, 0, 0, 0, 0, 0, 0, 0, 0, 0]",365,128,186624.0,4478976.0,3113491591,3113499698,3247774908,3247786909,0,575,575,-1,1,8107,12001,256,16,16,3
16,3,"[8, 432, 0, 0, 0, 0, 0, 0, 0, 0, 0, 0, 0, 0, 0, 4, 0, 0, 0, 0, 0, 0, 0, 0, 0, 0, 0, 0, 0, 0]",1,128,432.0,6916.0,3113579863,3113588394,3247787484,3247789884,0,544,544,-1,1,8531,2400,256,16,16,3
12,3,"[8, 432, 0, 0, 0, 0, 0, 0, 0, 0, 0, 0, 0, 0, 0, 8, 432, 0, 0, 0, 0, 0, 0, 0, 0, 0, 0, 0, 0, 0]",1,128,432.0,10368.0,3113666748,3113674770,3247790428,3247793020,0,640,640,-1,1,8022,2592,256,16,16,3
12,3,"[8, 432, 0, 0, 0, 0, 0, 0, 0, 0, 0, 0, 0, 0, 0, 8, 432, 0, 0, 0, 0, 0, 0, 0, 0, 0, 0, 0, 0, 0]",1,128,432.0,10368.0,3113757645,3113765662,3247793660,3247796252,0,576,576,-1,1,8017,2592,256,16,16,3
16,3,"[8, 432, 0, 0, 0, 0, 0, 0, 0, 0, 0, 0, 0, 0, 0, 4, 0, 0, 0, 0, 0, 0, 0, 0, 0, 0, 0, 0, 0, 0]",1,128,432.0,6916.0,3113844252,3114482206,3247796828,3247799260,0,640,640,-1,1,637954,2432,256,16,16,3
12,3,"[8, 432, 0, 0, 0, 0, 0, 0, 0, 0, 0, 0, 0, 0, 0, 8, 432, 0, 0, 0, 0, 0, 0, 0, 0, 0, 0, 0, 0, 0]",1,128,432.0,10368.0,3114590838,3114601834,3247799900,3247802524,0,608,608,-1,1,10996,2624,256,16,16,3
12,3,"[8, 432, 0, 0, 0, 0, 0, 0, 0, 0, 0, 0, 0, 0, 0, 8, 432, 0, 0, 0, 0, 0, 0, 0, 0, 0, 0, 0, 0, 0]",1,128,432.0,10368.0,3114691317,3114699914,3247803132,3247805692,0,608,608,-1,1,8597,2560,256,16,16,3
16,3,"[8, 432, 48, 3, 3, 0, 0, 0, 0, 0, 0, 0, 0, 0, 0, 4, 0, 0, 0, 0, 0, 0, 0, 0, 0, 0, 0, 0, 0, 0]",365,128,186624.0,2985988.0,3114791072,3115008014,3247806300,3247818044,0,608,608,-1,1,216942,11744,256,16,16,3
12,3,"[8, 432, 48, 3, 3, 0, 0, 0, 0, 0, 0, 0, 0, 0, 0, 8, 432, 48, 3, 3, 0, 0, 0, 0, 0, 0, 0, 0, 0, 0]",365,128,186624.0,4478976.0,3115097541,3115106485,3247818652,3247827100,0,512,512,-1,1,8944,8448,256,16,16,3
12,3,"[8, 432, 48, 3, 3, 0, 0, 0, 0, 0, 0, 0, 0, 0, 0, 8, 432, 48, 3, 3, 0, 0, 0, 0, 0, 0, 0, 0, 0, 0]",365,128,186624.0,4478976.0,3115193616,3115202076,3247827612,3247839260,0,576,576,-1,1,8460,11648,256,16,16,3
16,3,"[8, 432, 0, 0, 0, 0, 0, 0, 0, 0, 0, 0, 0, 0, 0, 4, 0, 0, 0, 0, 0, 0, 0, 0, 0, 0, 0, 0, 0, 0]",1,128,432.0,6916.0,3115287565,3115296638,3247839836,3247842236,0,608,608,-1,1,9073,2400,256,16,16,3
12,3,"[8, 432, 0, 0, 0, 0, 0, 0, 0, 0, 0, 0, 0, 0, 0, 8, 432, 0, 0, 0, 0, 0, 0, 0, 0, 0, 0, 0, 0, 0]",1,128,432.0,10368.0,3115549766,3115560239,3247842844,3247845500,0,608,608,-1,1,10473,2656,256,16,16,3
12,3,"[8, 432, 0, 0, 0, 0, 0, 0, 0, 0, 0, 0, 0, 0, 0, 8, 432, 0, 0, 0, 0, 0, 0, 0, 0, 0, 0, 0, 0, 0]",1,128,432.0,10368.0,3115642587,3115650910,3247846108,3247848700,0,608,608,-1,1,8323,2592,256,16,16,3
16,3,"[8, 432, 0, 0, 0, 0, 0, 0, 0, 0, 0, 0, 0, 0, 0, 4, 0, 0, 0, 0, 0, 0, 0, 0, 0, 0, 0, 0, 0, 0]",1,128,432.0,6916.0,3115729267,3115738189,3247849308,3247851932,0,704,704,-1,1,8922,2624,256,16,16,3
12,3,"[8, 432, 0, 0, 0, 0, 0, 0, 0, 0, 0, 0, 0, 0, 0, 8, 432, 0, 0, 0, 0, 0, 0, 0, 0, 0, 0, 0, 0, 0]",1,128,432.0,10368.0,3115814464,3116638770,3247852636,3247855324,0,576,576,-1,1,824306,2688,256,16,16,3
12,3,"[8, 432, 0, 0, 0, 0, 0, 0, 0, 0, 0, 0, 0, 0, 0, 8, 432, 0, 0, 0, 0, 0, 0, 0, 0, 0, 0, 0, 0, 0]",1,128,432.0,10368.0,3116720137,3116728780,3247855900,3247858524,0,576,576,-1,1,8643,2624,256,16,16,3
16,3,"[8, 432, 432, 1, 1, 0, 0, 0, 0, 0, 0, 0, 0, 0, 0, 4, 0, 0, 0, 0, 0, 0, 0, 0, 0, 0, 0, 0, 0, 0]",365,128,186624.0,2985988.0,3116808416,3116817196,3247859100,3247870652,0,672,672,-1,1,8780,11552,256,16,16,3
12,3,"[8, 432, 432, 1, 1, 0, 0, 0, 0, 0, 0, 0, 0, 0, 0, 8, 432, 432, 1, 1, 0, 0, 0, 0, 0, 0, 0, 0, 0, 0]",365,128,186624.0,4478976.0,3116896899,3117337207,3247871324,3247879836,0,576,576,-1,1,440308,8512,256,16,16,3
12,3,"[8, 432, 432, 1, 1, 0, 0, 0, 0, 0, 0, 0, 0, 0, 0, 8, 432, 432, 1, 1, 0, 0, 0, 0, 0, 0, 0, 0, 0, 0]",365,128,186624.0,4478976.0,3117417514,3117425808,3247880412,3247891644,0,608,608,-1,1,8294,11232,256,16,16,3
16,3,"[8, 432, 0, 0, 0, 0, 0, 0, 0, 0, 0, 0, 0, 0, 0, 4, 0, 0, 0, 0, 0, 0, 0, 0, 0, 0, 0, 0, 0, 0]",1,128,432.0,6916.0,3117503061,3117511577,3247892252,3247894652,0,608,608,-1,1,8516,2400,256,16,16,3
12,3,"[8, 432, 0, 0, 0, 0, 0, 0, 0, 0, 0, 0, 0, 0, 0, 8, 432, 0, 0, 0, 0, 0, 0, 0, 0, 0, 0, 0, 0, 0]",1,128,432.0,10368.0,3117588158,3117596312,3247895260,3247897980,0,672,672,-1,1,8154,2720,256,16,16,3
12,3,"[8, 432, 0, 0, 0, 0, 0, 0, 0, 0, 0, 0, 0, 0, 0, 8, 432, 0, 0, 0, 0, 0, 0, 0, 0, 0, 0, 0, 0, 0]",1,128,432.0,10368.0,3117672490,3117680159,3247898652,3247901308,0,704,704,-1,1,7669,2656,256,16,16,3
16,3,"[8, 432, 0, 0, 0, 0, 0, 0, 0, 0, 0, 0, 0, 0, 0, 4, 0, 0, 0, 0, 0, 0, 0, 0, 0, 0, 0, 0, 0, 0]",1,128,432.0,6916.0,3117756098,3117764561,3247902012,3247904412,0,640,640,-1,1,8463,2400,256,16,16,3
12,3,"[8, 432, 0, 0, 0, 0, 0, 0, 0, 0, 0, 0, 0, 0, 0, 8, 432, 0, 0, 0, 0, 0, 0, 0, 0, 0, 0, 0, 0, 0]",1,128,432.0,10368.0,3117840270,3117848035,3247905052,3247907676,0,576,576,-1,1,7765,2624,256,16,16,3
12,3,"[8, 432, 0, 0, 0, 0, 0, 0, 0, 0, 0, 0, 0, 0, 0, 8, 432, 0, 0, 0, 0, 0, 0, 0, 0, 0, 0, 0, 0, 0]",1,128,432.0,10368.0,3117926660,3118657407,3247908252,3247910908,0,704,704,-1,1,730747,2656,256,16,16,3
16,3,"[8, 1008, 432, 1, 1, 0, 0, 0, 0, 0, 0, 0, 0, 0, 0, 4, 0, 0, 0, 0, 0, 0, 0, 0, 0, 0, 0, 0, 0, 0]",851,128,435456.0,6967300.0,3118744008,3118753648,3247911612,3247942172,0,704,704,-1,1,9640,30560,256,16,16,3
12,3,"[8, 1008, 432, 1, 1, 0, 0, 0, 0, 0, 0, 0, 0, 0, 0, 8, 1008, 432, 1, 1, 0, 0, 0, 0, 0, 0, 0, 0, 0, 0]",851,128,435456.0,10450944.0,3118837141,3118845608,3247942876,3247983996,0,608,608,-1,1,8467,41120,256,16,16,3
12,3,"[8, 1008, 432, 1, 1, 0, 0, 0, 0, 0, 0, 0, 0, 0, 0, 8, 1008, 432, 1, 1, 0, 0, 0, 0, 0, 0, 0, 0, 0, 0]",851,128,435456.0,10450944.0,3118925192,3119184827,3247984604,3248030300,0,576,576,-1,1,259635,45696,256,16,16,3
16,3,"[8, 1008, 0, 0, 0, 0, 0, 0, 0, 0, 0, 0, 0, 0, 0, 4, 0, 0, 0, 0, 0, 0, 0, 0, 0, 0, 0, 0, 0, 0]",2,128,1008.0,16132.0,3119265727,3119274494,3248030876,3248033852,0,736,736,-1,1,8767,2976,256,16,16,3
12,3,"[8, 1008, 0, 0, 0, 0, 0, 0, 0, 0, 0, 0, 0, 0, 0, 8, 1008, 0, 0, 0, 0, 0, 0, 0, 0, 0, 0, 0, 0, 0]",2,128,1008.0,24192.0,3119353477,3119361371,3248034588,3248037500,0,672,672,-1,1,7894,2912,256,16,16,3
12,3,"[8, 1008, 0, 0, 0, 0, 0, 0, 0, 0, 0, 0, 0, 0, 0, 8, 1008, 0, 0, 0, 0, 0, 0, 0, 0, 0, 0, 0, 0, 0]",2,128,1008.0,24192.0,3119468991,3119477695,3248038172,3248040764,0,544,544,-1,1,8704,2592,256,16,16,3
16,3,"[8, 1008, 0, 0, 0, 0, 0, 0, 0, 0, 0, 0, 0, 0, 0, 4, 0, 0, 0, 0, 0, 0, 0, 0, 0, 0, 0, 0, 0, 0]",2,128,1008.0,16132.0,3119565503,3119576678,3248041308,3248043740,0,640,640,-1,1,11175,2432,256,16,16,3
12,3,"[8, 1008, 0, 0, 0, 0, 0, 0, 0, 0, 0, 0, 0, 0, 0, 8, 1008, 0, 0, 0, 0, 0, 0, 0, 0, 0, 0, 0, 0, 0]",2,128,1008.0,24192.0,3119663048,3119672125,3248044380,3248046940,0,640,640,-1,1,9077,2560,256,16,16,3
12,3,"[8, 1008, 0, 0, 0, 0, 0, 0, 0, 0, 0, 0, 0, 0, 0, 8, 1008, 0, 0, 0, 0, 0, 0, 0, 0, 0, 0, 0, 0, 0]",2,128,1008.0,24192.0,3119757317,3119766220,3248047580,3248050140,0,576,576,-1,1,8903,2560,256,16,16,3
16,3,"[8, 1008, 432, 1, 1, 0, 0, 0, 0, 0, 0, 0, 0, 0, 0, 4, 0, 0, 0, 0, 0, 0, 0, 0, 0, 0, 0, 0, 0, 0]",851,128,435456.0,6967300.0,3119852909,3119862549,3248050716,3248080188,0,608,608,-1,1,9640,29472,256,16,16,3
12,3,"[8, 1008, 432, 1, 1, 0, 0, 0, 0, 0, 0, 0, 0, 0, 0, 8, 1008, 432, 1, 1, 0, 0, 0, 0, 0, 0, 0, 0, 0, 0]",851,128,435456.0,10450944.0,3119950358,3120517762,3248080796,3248122588,0,671,671,-1,1,567404,41792,256,16,16,3
12,3,"[8, 1008, 432, 1, 1, 0, 0, 0, 0, 0, 0, 0, 0, 0, 0, 8, 1008, 432, 1, 1, 0, 0, 0, 0, 0, 0, 0, 0, 0, 0]",851,128,435456.0,10450944.0,3120604169,3120613174,3248123259,3248169212,0,671,671,-1,1,9005,45953,256,16,16,3
16,3,"[8, 1008, 0, 0, 0, 0, 0, 0, 0, 0, 0, 0, 0, 0, 0, 4, 0, 0, 0, 0, 0, 0, 0, 0, 0, 0, 0, 0, 0, 0]",2,128,1008.0,16132.0,3120695659,3120704576,3248169883,3248172795,0,608,608,-1,1,8917,2912,256,16,16,3
12,3,"[8, 1008, 0, 0, 0, 0, 0, 0, 0, 0, 0, 0, 0, 0, 0, 8, 1008, 0, 0, 0, 0, 0, 0, 0, 0, 0, 0, 0, 0, 0]",2,128,1008.0,24192.0,3120782761,3121044995,3248173403,3248176347,0,640,640,-1,1,262234,2944,256,16,16,3
12,3,"[8, 1008, 0, 0, 0, 0, 0, 0, 0, 0, 0, 0, 0, 0, 0, 8, 1008, 0, 0, 0, 0, 0, 0, 0, 0, 0, 0, 0, 0, 0]",2,128,1008.0,24192.0,3121122565,3121130989,3248176987,3248179579,0,609,609,-1,1,8424,2592,256,16,16,3
16,3,"[8, 1008, 0, 0, 0, 0, 0, 0, 0, 0, 0, 0, 0, 0, 0, 4, 0, 0, 0, 0, 0, 0, 0, 0, 0, 0, 0, 0, 0, 0]",2,128,1008.0,16132.0,3121208605,3121216787,3248180188,3248182556,0,639,639,-1,1,8182,2368,256,16,16,3
12,3,"[8, 1008, 0, 0, 0, 0, 0, 0, 0, 0, 0, 0, 0, 0, 0, 8, 1008, 0, 0, 0, 0, 0, 0, 0, 0, 0, 0, 0, 0, 0]",2,128,1008.0,24192.0,3121293455,3121301648,3248183195,3248185788,0,607,607,-1,1,8193,2593,256,16,16,3
12,3,"[8, 1008, 0, 0, 0, 0, 0, 0, 0, 0, 0, 0, 0, 0, 0, 8, 1008, 0, 0, 0, 0, 0, 0, 0, 0, 0, 0, 0, 0, 0]",2,128,1008.0,24192.0,3121379650,3121387303,3248186395,3248188955,0,641,641,-1,1,7653,2560,256,16,16,3
16,3,"[8, 1008, 48, 3, 3, 0, 0, 0, 0, 0, 0, 0, 0, 0, 0, 4, 0, 0, 0, 0, 0, 0, 0, 0, 0, 0, 0, 0, 0, 0]",851,128,435456.0,6967300.0,3121465269,3121473794,3248189596,3248219547,0,704,704,-1,1,8525,29951,256,16,16,3
12,3,"[8, 1008, 48, 3, 3, 0, 0, 0, 0, 0, 0, 0, 0, 0, 0, 8, 1008, 48, 3, 3, 0, 0, 0, 0, 0, 0, 0, 0, 0, 0]",851,128,435456.0,10450944.0,3121550648,3121558656,3248220251,3248261851,0,576,576,-1,1,8008,41600,256,16,16,3
12,3,"[8, 1008, 48, 3, 3, 0, 0, 0, 0, 0, 0, 0, 0, 0, 0, 8, 1008, 48, 3, 3, 0, 0, 0, 0, 0, 0, 0, 0, 0, 0]",851,128,435456.0,10450944.0,3121637342,3122317743,3248262427,3248307611,0,640,640,-1,1,680401,45184,256,16,16,3
16,3,"[8, 1008, 0, 0, 0, 0, 0, 0, 0, 0, 0, 0, 0, 0, 0, 4, 0, 0, 0, 0, 0, 0, 0, 0, 0, 0, 0, 0, 0, 0]",2,128,1008.0,16132.0,3122404290,3122413397,3248308251,3248311131,0,640,640,-1,1,9107,2880,256,16,16,3
12,3,"[8, 1008, 0, 0, 0, 0, 0, 0, 0, 0, 0, 0, 0, 0, 0, 8, 1008, 0, 0, 0, 0, 0, 0, 0, 0, 0, 0, 0, 0, 0]",2,128,1008.0,24192.0,3122493826,3122501927,3248311771,3248314683,0,640,640,-1,1,8101,2912,256,16,16,3
12,3,"[8, 1008, 0, 0, 0, 0, 0, 0, 0, 0, 0, 0, 0, 0, 0, 8, 1008, 0, 0, 0, 0, 0, 0, 0, 0, 0, 0, 0, 0, 0]",2,128,1008.0,24192.0,3122582181,3122947754,3248315323,3248317979,0,704,704,-1,1,365573,2656,256,16,16,3
16,3,"[8, 1008, 0, 0, 0, 0, 0, 0, 0, 0, 0, 0, 0, 0, 0, 4, 0, 0, 0, 0, 0, 0, 0, 0, 0, 0, 0, 0, 0, 0]",2,128,1008.0,16132.0,3123028253,3123037565,3248318683,3248321051,0,672,672,-1,1,9312,2368,256,16,16,3
12,3,"[8, 1008, 0, 0, 0, 0, 0, 0, 0, 0, 0, 0, 0, 0, 0, 8, 1008, 0, 0, 0, 0, 0, 0, 0, 0, 0, 0, 0, 0, 0]",2,128,1008.0,24192.0,3123115919,3123124216,3248321723,3248324283,0,608,608,-1,1,8297,2560,256,16,16,3
12,3,"[8, 1008, 0, 0, 0, 0, 0, 0, 0, 0, 0, 0, 0, 0, 0, 8, 1008, 0, 0, 0, 0, 0, 0, 0, 0, 0, 0, 0, 0, 0]",2,128,1008.0,24192.0,3123203115,3123211491,3248324891,3248327515,0,576,576,-1,1,8376,2624,256,16,16,3
16,3,"[8, 1008, 1008, 1, 1, 0, 0, 0, 0, 0, 0, 0, 0, 0, 0, 4, 0, 0, 0, 0, 0, 0, 0, 0, 0, 0, 0, 0, 0, 0]",1985,128,1016064.0,16257028.0,3123433727,3123444882,3248328091,3248396859,0,640,640,-1,1,11155,68768,256,16,16,3
12,3,"[8, 1008, 1008, 1, 1, 0, 0, 0, 0, 0, 0, 0, 0, 0, 0, 8, 1008, 1008, 1, 1, 0, 0, 0, 0, 0, 0, 0, 0, 0, 0]",1985,128,1016064.0,24385536.0,3123538017,3123547811,3248397499,3248504442,0,704,704,-1,1,9794,106943,256,16,16,3
12,3,"[8, 1008, 1008, 1, 1, 0, 0, 0, 0, 0, 0, 0, 0, 0, 0, 8, 1008, 1008, 1, 1, 0, 0, 0, 0, 0, 0, 0, 0, 0, 0]",1985,128,1016064.0,24385536.0,3123629601,3123637839,3248505146,3248610682,0,673,673,-1,1,8238,105536,256,16,16,3
16,3,"[8, 1008, 0, 0, 0, 0, 0, 0, 0, 0, 0, 0, 0, 0, 0, 4, 0, 0, 0, 0, 0, 0, 0, 0, 0, 0, 0, 0, 0, 0]",2,128,1008.0,16132.0,3123718376,3124260244,3248611355,3248614299,0,639,639,-1,1,541868,2944,256,16,16,3
12,3,"[8, 1008, 0, 0, 0, 0, 0, 0, 0, 0, 0, 0, 0, 0, 0, 8, 1008, 0, 0, 0, 0, 0, 0, 0, 0, 0, 0, 0, 0, 0]",2,128,1008.0,24192.0,3124343051,3124351666,3248614938,3248618202,0,576,576,-1,1,8615,3264,256,16,16,3
12,3,"[8, 1008, 0, 0, 0, 0, 0, 0, 0, 0, 0, 0, 0, 0, 0, 8, 1008, 0, 0, 0, 0, 0, 0, 0, 0, 0, 0, 0, 0, 0]",2,128,1008.0,24192.0,3124430116,3124438225,3248618778,3248621370,0,704,704,-1,1,8109,2592,256,16,16,3
16,3,"[8, 1008, 0, 0, 0, 0, 0, 0, 0, 0, 0, 0, 0, 0, 0, 4, 0, 0, 0, 0, 0, 0, 0, 0, 0, 0, 0, 0, 0, 0]",2,128,1008.0,16132.0,3124515965,3124788441,3248622074,3248624506,0,609,609,-1,1,272476,2432,256,16,16,3
12,3,"[8, 1008, 0, 0, 0, 0, 0, 0, 0, 0, 0, 0, 0, 0, 0, 8, 1008, 0, 0, 0, 0, 0, 0, 0, 0, 0, 0, 0, 0, 0]",2,128,1008.0,24192.0,3124869637,3124878357,3248625115,3248627674,0,704,704,-1,1,8720,2559,256,16,16,3
12,3,"[8, 1008, 0, 0, 0, 0, 0, 0, 0, 0, 0, 0, 0, 0, 0, 8, 1008, 0, 0, 0, 0, 0, 0, 0, 0, 0, 0, 0, 0, 0]",2,128,1008.0,24192.0,3124955907,3124963988,3248628378,3248631066,0,640,640,-1,1,8081,2688,256,16,16,3
16,3,"[8, 1008, 1008, 1, 1, 0, 0, 0, 0, 0, 0, 0, 0, 0, 0, 4, 0, 0, 0, 0, 0, 0, 0, 0, 0, 0, 0, 0, 0, 0]",1985,128,1016064.0,16257028.0,3125040788,3125049635,3248631706,3248700794,0,640,640,-1,1,8847,69088,256,16,16,3
12,3,"[8, 1008, 1008, 1, 1, 0, 0, 0, 0, 0, 0, 0, 0, 0, 0, 8, 1008, 1008, 1, 1, 0, 0, 0, 0, 0, 0, 0, 0, 0, 0]",1985,128,1016064.0,24385536.0,3125127545,3125135489,3248701434,3248808410,0,608,608,-1,1,7944,106976,256,16,16,3
12,3,"[8, 1008, 1008, 1, 1, 0, 0, 0, 0, 0, 0, 0, 0, 0, 0, 8, 1008, 1008, 1, 1, 0, 0, 0, 0, 0, 0, 0, 0, 0, 0]",1985,128,1016064.0,24385536.0,3125212877,3125220580,3248809018,3248915514,0,672,672,-1,1,7703,106496,256,16,16,3
16,3,"[8, 1008, 0, 0, 0, 0, 0, 0, 0, 0, 0, 0, 0, 0, 0, 4, 0, 0, 0, 0, 0, 0, 0, 0, 0, 0, 0, 0, 0, 0]",2,128,1008.0,16132.0,3125297749,3125305863,3248916186,3248919065,0,641,641,-1,1,8114,2879,256,16,16,3
12,3,"[8, 1008, 0, 0, 0, 0, 0, 0, 0, 0, 0, 0, 0, 0, 0, 8, 1008, 0, 0, 0, 0, 0, 0, 0, 0, 0, 0, 0, 0, 0]",2,128,1008.0,24192.0,3125382125,3125390142,3248919706,3248922746,0,576,576,-1,1,8017,3040,256,16,16,3
12,3,"[8, 1008, 0, 0, 0, 0, 0, 0, 0, 0, 0, 0, 0, 0, 0, 8, 1008, 0, 0, 0, 0, 0, 0, 0, 0, 0, 0, 0, 0, 0]",2,128,1008.0,24192.0,3125465912,3126118341,3248923322,3248925882,0,607,607,-1,1,652429,2560,256,16,16,3
16,3,"[8, 1008, 0, 0, 0, 0, 0, 0, 0, 0, 0, 0, 0, 0, 0, 4, 0, 0, 0, 0, 0, 0, 0, 0, 0, 0, 0, 0, 0, 0]",2,128,1008.0,16132.0,3126226772,3126236715,3248926489,3248928889,0,673,673,-1,1,9943,2400,256,16,16,3
12,3,"[8, 1008, 0, 0, 0, 0, 0, 0, 0, 0, 0, 0, 0, 0, 0, 8, 1008, 0, 0, 0, 0, 0, 0, 0, 0, 0, 0, 0, 0, 0]",2,128,1008.0,24192.0,3126317850,3126326055,3248929562,3248932186,0,704,704,-1,1,8205,2624,256,16,16,3
12,3,"[8, 1008, 0, 0, 0, 0, 0, 0, 0, 0, 0, 0, 0, 0, 0, 8, 1008, 0, 0, 0, 0, 0, 0, 0, 0, 0, 0, 0, 0, 0]",2,128,1008.0,24192.0,3126405376,3126648651,3248932890,3248935481,0,737,737,-1,1,243275,2591,256,16,16,3
16,3,"[8, 1008, 48, 3, 3, 0, 0, 0, 0, 0, 0, 0, 0, 0, 0, 4, 0, 0, 0, 0, 0, 0, 0, 0, 0, 0, 0, 0, 0, 0]",851,128,435456.0,6967300.0,3126731644,3126740649,3248936218,3248966233,0,704,704,-1,1,9005,30015,256,16,16,3
12,3,"[8, 1008, 48, 3, 3, 0, 0, 0, 0, 0, 0, 0, 0, 0, 0, 8, 1008, 48, 3, 3, 0, 0, 0, 0, 0, 0, 0, 0, 0, 0]",851,128,435456.0,10450944.0,3126821035,3126829145,3248966937,3249008537,0,577,577,-1,1,8110,41600,256,16,16,3
12,3,"[8, 1008, 48, 3, 3, 0, 0, 0, 0, 0, 0, 0, 0, 0, 0, 8, 1008, 48, 3, 3, 0, 0, 0, 0, 0, 0, 0, 0, 0, 0]",851,128,435456.0,10450944.0,3126910737,3126919204,3249009114,3249054585,0,672,672,-1,1,8467,45471,256,16,16,3
16,3,"[8, 1008, 0, 0, 0, 0, 0, 0, 0, 0, 0, 0, 0, 0, 0, 4, 0, 0, 0, 0, 0, 0, 0, 0, 0, 0, 0, 0, 0, 0]",2,128,1008.0,16132.0,3126998363,3127007044,3249055257,3249058233,0,544,544,-1,1,8681,2976,256,16,16,3
12,3,"[8, 1008, 0, 0, 0, 0, 0, 0, 0, 0, 0, 0, 0, 0, 0, 8, 1008, 0, 0, 0, 0, 0, 0, 0, 0, 0, 0, 0, 0, 0]",2,128,1008.0,24192.0,3127085628,3127093860,3249058777,3249061817,0,672,672,-1,1,8232,3040,256,16,16,3
12,3,"[8, 1008, 0, 0, 0, 0, 0, 0, 0, 0, 0, 0, 0, 0, 0, 8, 1008, 0, 0, 0, 0, 0, 0, 0, 0, 0, 0, 0, 0, 0]",2,128,1008.0,24192.0,3127171827,3127179972,3249062489,3249065081,0,640,640,-1,1,8145,2592,256,16,16,3
16,3,"[8, 1008, 0, 0, 0, 0, 0, 0, 0, 0, 0, 0, 0, 0, 0, 4, 0, 0, 0, 0, 0, 0, 0, 0, 0, 0, 0, 0, 0, 0]",2,128,1008.0,16132.0,3127275630,3128284283,3249065721,3249068153,0,608,608,-1,1,1008653,2432,256,16,16,3
12,3,"[8, 1008, 0, 0, 0, 0, 0, 0, 0, 0, 0, 0, 0, 0, 0, 8, 1008, 0, 0, 0, 0, 0, 0, 0, 0, 0, 0, 0, 0, 0]",2,128,1008.0,24192.0,3128367778,3128376390,3249068761,3249071737,0,576,576,-1,1,8612,2976,256,16,16,3
12,3,"[8, 1008, 0, 0, 0, 0, 0, 0, 0, 0, 0, 0, 0, 0, 0, 8, 1008, 0, 0, 0, 0, 0, 0, 0, 0, 0, 0, 0, 0, 0]",2,128,1008.0,24192.0,3128452884,3128460916,3249072313,3249074905,0,576,576,-1,1,8032,2592,256,16,16,3
16,3,"[8, 1008, 1008, 1, 1, 0, 0, 0, 0, 0, 0, 0, 0, 0, 0, 4, 0, 0, 0, 0, 0, 0, 0, 0, 0, 0, 0, 0, 0, 0]",1985,128,1016064.0,16257028.0,3128539665,3128980125,3249075481,3249144921,0,576,576,-1,1,440460,69440,256,16,16,3
12,3,"[8, 1008, 1008, 1, 1, 0, 0, 0, 0, 0, 0, 0, 0, 0, 0, 8, 1008, 1008, 1, 1, 0, 0, 0, 0, 0, 0, 0, 0, 0, 0]",1985,128,1016064.0,24385536.0,3129063756,3129074965,3249145497,3249251865,0,704,704,-1,1,11209,106368,256,16,16,3
12,3,"[8, 1008, 1008, 1, 1, 0, 0, 0, 0, 0, 0, 0, 0, 0, 0, 8, 1008, 1008, 1, 1, 0, 0, 0, 0, 0, 0, 0, 0, 0, 0]",1985,128,1016064.0,24385536.0,3129156692,3129165301,3249252569,3249359289,0,736,736,-1,1,8609,106720,256,16,16,3
16,3,"[8, 1008, 0, 0, 0, 0, 0, 0, 0, 0, 0, 0, 0, 0, 0, 4, 0, 0, 0, 0, 0, 0, 0, 0, 0, 0, 0, 0, 0, 0]",2,128,1008.0,16132.0,3129245418,3129254123,3249360025,3249362904,0,641,641,-1,1,8705,2879,256,16,16,3
12,3,"[8, 1008, 0, 0, 0, 0, 0, 0, 0, 0, 0, 0, 0, 0, 0, 8, 1008, 0, 0, 0, 0, 0, 0, 0, 0, 0, 0, 0, 0, 0]",2,128,1008.0,24192.0,3129334614,3129342514,3249363545,3249366552,0,704,704,-1,1,7900,3007,256,16,16,3
12,3,"[8, 1008, 0, 0, 0, 0, 0, 0, 0, 0, 0, 0, 0, 0, 0, 8, 1008, 0, 0, 0, 0, 0, 0, 0, 0, 0, 0, 0, 0, 0]",2,128,1008.0,24192.0,3129422641,3129430840,3249367256,3249369880,0,576,576,-1,1,8199,2624,256,16,16,3
16,3,"[8, 1008, 0, 0, 0, 0, 0, 0, 0, 0, 0, 0, 0, 0, 0, 4, 0, 0, 0, 0, 0, 0, 0, 0, 0, 0, 0, 0, 0, 0]",2,128,1008.0,16132.0,3129509852,3129519066,3249370456,3249372856,0,641,641,-1,1,9214,2400,256,16,16,3
12,3,"[8, 1008, 0, 0, 0, 0, 0, 0, 0, 0, 0, 0, 0, 0, 0, 8, 1008, 0, 0, 0, 0, 0, 0, 0, 0, 0, 0, 0, 0, 0]",2,128,1008.0,24192.0,3129599618,3130291062,3249373497,3249376185,0,672,672,-1,1,691444,2688,256,16,16,3
12,3,"[8, 1008, 0, 0, 0, 0, 0, 0, 0, 0, 0, 0, 0, 0, 0, 8, 1008, 0, 0, 0, 0, 0, 0, 0, 0, 0, 0, 0, 0, 0]",2,128,1008.0,24192.0,3130378144,3130387083,3249376857,3249379417,0,640,640,-1,1,8939,2560,256,16,16,3
16,3,"[8, 273, 1008, 0, 0, 0, 0, 0, 0, 0, 0, 0, 0, 0, 0, 4, 0, 0, 0, 0, 0, 0, 0, 0, 0, 0, 0, 0, 0, 0]",538,128,275184.0,4402948.0,3130471233,3130480120,3249380057,3249397272,0,641,641,-1,1,8887,17215,256,16,16,3
12,3,"[8, 273, 1008, 0, 0, 0, 0, 0, 0, 0, 0, 0, 0, 0, 0, 8, 273, 1008, 0, 0, 0, 0, 0, 0, 0, 0, 0, 0, 0, 0]",538,128,275184.0,6604416.0,3130561977,3130818761,3249397913,3249412377,0,639,639,-1,1,256784,14464,256,16,16,3
12,3,"[8, 273, 1008, 0, 0, 0, 0, 0, 0, 0, 0, 0, 0, 0, 0, 8, 273, 1008, 0, 0, 0, 0, 0, 0, 0, 0, 0, 0, 0, 0]",538,128,275184.0,6604416.0,3130899614,3130908091,3249413016,3249430808,0,673,673,-1,1,8477,17792,256,16,16,3
16,3,"[8, 273, 0, 0, 0, 0, 0, 0, 0, 0, 0, 0, 0, 0, 0, 4, 0, 0, 0, 0, 0, 0, 0, 0, 0, 0, 0, 0, 0, 0]",1,128,273.0,4372.0,3130988475,3130998747,3249431481,3249434392,0,576,576,-1,1,10272,2911,256,16,16,3
12,3,"[8, 273, 0, 0, 0, 0, 0, 0, 0, 0, 0, 0, 0, 0, 0, 8, 273, 0, 0, 0, 0, 0, 0, 0, 0, 0, 0, 0, 0, 0]",1,128,273.0,6552.0,3131078598,3131087051,3249434968,3249437912,0,640,640,-1,1,8453,2944,256,16,16,3
12,3,"[8, 273, 0, 0, 0, 0, 0, 0, 0, 0, 0, 0, 0, 0, 0, 8, 273, 0, 0, 0, 0, 0, 0, 0, 0, 0, 0, 0, 0, 0]",1,128,273.0,6552.0,3131307525,3131318236,3249438552,3249441112,0,0,0,-1,1,10711,2560,256,16,16,3
