op,dir,params,grid,block,flops,bytes,rStartTime,rEndTime,kStartTime,kEndTime,staticSharedMemory,space,space1,seq,kernels,rduration,kduration,batch,h,w,input_type
203,1,"[512, 3, 64, 64, 64, 32, 32, 7, 7, 3, 3, 2, 2, 1, 1, 1, 2, 0, 0, 0, 0, 0, 0, 0, 0, 0, 0, 0, 0, 0]",65536,256,0.0,0.0,526288731,526337846,547350348,549721132,46464,74173,67486,264124,4,28275,2364097,512,64,64,2
205,1,"[4, 0, 0, 0, 0, 0, 0, 0, 0, 0, 0, 0, 0, 0, 0, 4, 0, 0, 0, 0, 0, 0, 0, 0, 0, 0, 0, 0, 0, 0]",32768,512,268435456.0,268435456.0,549776563,550096609,549788618,551458621,640,274105,768,264125,4,37934,1396666,512,64,64,2
152,1,"[2, 512, 64, 32, 32, 0, 0, 0, 0, 0, 0, 0, 0, 0, 0, 0, 0, 0, 0, 0, 0, 0, 0, 0, 0, 0, 0, 0, 0, 0]",65536,128,33554432.0,134217728.0,550278367,550291280,551459389,551999919,0,672,672,264126,1,12913,540530,512,64,64,2
183,1,"[2, 512, 64, 32, 32, 0, 0, 0, 0, 0, 0, 0, 0, 0, 0, 0, 0, 0, 0, 0, 0, 0, 0, 0, 0, 0, 0, 0, 0, 0]",32768,256,0.0,0.0,550501392,550513626,552000591,552854936,0,768,768,264127,1,12234,854345,512,64,64,2
203,1,"[512, 64, 16, 16, 64, 16, 16, 3, 3, 1, 1, 1, 1, 1, 1, 1, 2, 0, 0, 0, 0, 0, 0, 0, 0, 0, 0, 0, 0, 0]",8192,256,0.0,0.0,550747465,550788308,552855704,553517478,2112,60607,57791,264128,4,31149,658958,512,64,64,2
205,1,"[4, 0, 0, 0, 0, 0, 0, 0, 0, 0, 0, 0, 0, 0, 0, 4, 0, 0, 0, 0, 0, 0, 0, 0, 0, 0, 0, 0, 0, 0]",32768,512,67108864.0,67108864.0,553564107,553903397,553575269,554244146,640,294585,801,264129,4,35774,375093,512,64,64,2
152,1,"[2, 512, 64, 16, 16, 0, 0, 0, 0, 0, 0, 0, 0, 0, 0, 0, 0, 0, 0, 0, 0, 0, 0, 0, 0, 0, 0, 0, 0, 0]",16384,128,8388608.0,33554432.0,554106188,554116962,554244947,554381423,0,832,832,264130,1,10774,136476,512,64,64,2
203,1,"[512, 64, 16, 16, 64, 16, 16, 3, 3, 1, 1, 1, 1, 1, 1, 1, 2, 0, 0, 0, 0, 0, 0, 0, 0, 0, 0, 0, 0, 0]",8192,256,0.0,0.0,554347040,554396064,554382255,555041469,2112,64669,61822,264131,4,39383,656367,512,64,64,2
205,1,"[4, 0, 0, 0, 0, 0, 0, 0, 0, 0, 0, 0, 0, 0, 0, 4, 0, 0, 0, 0, 0, 0, 0, 0, 0, 0, 0, 0, 0, 0]",32768,512,67108864.0,67108864.0,555092184,555429725,555103291,555770249,640,293209,800,264132,4,36166,374549,512,64,64,2
35,1,"[2, 512, 64, 16, 16, 0, 0, 0, 0, 0, 0, 0, 0, 0, 0, 2, 512, 64, 16, 16, 0, 0, 0, 0, 0, 0, 0, 0, 0, 0]",16384,128,8388608.0,50331648.0,555541979,555550680,555771049,555966820,0,736,736,264133,1,8701,195771,512,64,64,2
152,1,"[2, 512, 64, 16, 16, 0, 0, 0, 0, 0, 0, 0, 0, 0, 0, 0, 0, 0, 0, 0, 0, 0, 0, 0, 0, 0, 0, 0, 0, 0]",16384,128,8388608.0,33554432.0,555731828,555741811,555967556,556104832,0,897,897,264134,1,9983,137276,512,64,64,2
203,1,"[512, 64, 16, 16, 64, 16, 16, 3, 3, 1, 1, 1, 1, 1, 1, 1, 2, 0, 0, 0, 0, 0, 0, 0, 0, 0, 0, 0, 0, 0]",8192,256,0.0,0.0,555973224,556016976,556105729,556767183,2112,61629,58750,264135,4,34393,658575,512,64,64,2
205,1,"[4, 0, 0, 0, 0, 0, 0, 0, 0, 0, 0, 0, 0, 0, 0, 4, 0, 0, 0, 0, 0, 0, 0, 0, 0, 0, 0, 0, 0, 0]",32768,512,67108864.0,67108864.0,556814679,557147177,556825933,557492987,640,289049,896,264136,4,36416,378901,512,64,64,2
152,1,"[2, 512, 64, 16, 16, 0, 0, 0, 0, 0, 0, 0, 0, 0, 0, 0, 0, 0, 0, 0, 0, 0, 0, 0, 0, 0, 0, 0, 0, 0]",16384,128,8388608.0,33554432.0,557350934,557361433,557493883,557630423,0,896,896,264137,1,10499,136540,512,64,64,2
203,1,"[512, 64, 16, 16, 64, 16, 16, 3, 3, 1, 1, 1, 1, 1, 1, 1, 2, 0, 0, 0, 0, 0, 0, 0, 0, 0, 0, 0, 0, 0]",8192,256,0.0,0.0,557592496,557636468,557631319,558293029,2112,60127,57855,264138,4,34112,659438,512,64,64,2
205,1,"[4, 0, 0, 0, 0, 0, 0, 0, 0, 0, 0, 0, 0, 0, 0, 4, 0, 0, 0, 0, 0, 0, 0, 0, 0, 0, 0, 0, 0, 0]",32768,512,67108864.0,67108864.0,558339610,558820560,558350884,559161646,640,435347,928,264139,4,38773,376343,512,64,64,2
35,1,"[2, 512, 64, 16, 16, 0, 0, 0, 0, 0, 0, 0, 0, 0, 0, 2, 512, 64, 16, 16, 0, 0, 0, 0, 0, 0, 0, 0, 0, 0]",16384,128,8388608.0,50331648.0,558934056,558943465,559162574,559358569,0,896,896,264140,1,9409,195995,512,64,64,2
152,1,"[2, 512, 64, 16, 16, 0, 0, 0, 0, 0, 0, 0, 0, 0, 0, 0, 0, 0, 0, 0, 0, 0, 0, 0, 0, 0, 0, 0, 0, 0]",16384,128,8388608.0,33554432.0,559125670,559138448,559359465,559496773,0,864,864,264141,1,12778,137308,512,64,64,2
203,1,"[512, 64, 16, 16, 128, 8, 8, 3, 3, 1, 1, 2, 2, 1, 1, 1, 2, 0, 0, 0, 0, 0, 0, 0, 0, 0, 0, 0, 0, 0]",8192,256,0.0,0.0,559376787,559416916,559497637,559922842,2112,63711,61086,264142,4,30761,422580,512,64,64,2
205,1,"[4, 0, 0, 0, 0, 0, 0, 0, 0, 0, 0, 0, 0, 0, 0, 4, 0, 0, 0, 0, 0, 0, 0, 0, 0, 0, 0, 0, 0, 0]",65536,512,33554432.0,33554432.0,559972812,560305163,559983928,560498186,640,307287,23487,264143,4,36088,230458,512,64,64,2
152,1,"[2, 512, 128, 8, 8, 0, 0, 0, 0, 0, 0, 0, 0, 0, 0, 0, 0, 0, 0, 0, 0, 0, 0, 0, 0, 0, 0, 0, 0, 0]",8192,128,4194304.0,16777216.0,560511171,560521648,560521673,560590824,0,172187,172187,264144,1,10477,69151,512,64,64,2
203,1,"[512, 128, 8, 8, 128, 8, 8, 3, 3, 1, 1, 1, 1, 1, 1, 1, 2, 0, 0, 0, 0, 0, 0, 0, 0, 0, 0, 0, 0, 0]",4096,256,0.0,0.0,560749798,560790248,560763011,561216823,2112,64862,62174,264145,4,30896,451124,512,64,64,2
205,1,"[4, 0, 0, 0, 0, 0, 0, 0, 0, 0, 0, 0, 0, 0, 0, 4, 0, 0, 0, 0, 0, 0, 0, 0, 0, 0, 0, 0, 0, 0]",65536,512,33554432.0,33554432.0,561268216,561604864,561278997,561800903,640,359989,68926,264146,4,36486,230843,512,64,64,2
203,1,"[512, 64, 16, 16, 128, 8, 8, 1, 1, 0, 0, 2, 2, 1, 1, 1, 2, 0, 0, 0, 0, 0, 0, 0, 0, 0, 0, 0, 0, 0]",512,256,536870912.0,25182208.0,561856162,561878963,561869829,562067200,16384,63551,56415,264147,2,20633,190235,512,64,64,2
205,1,"[4, 0, 0, 0, 0, 0, 0, 0, 0, 0, 0, 0, 0, 0, 0, 4, 0, 0, 0, 0, 0, 0, 0, 0, 0, 0, 0, 0, 0, 0]",65536,512,33554432.0,33554432.0,562112646,562461804,562123615,562657776,640,303255,768,264148,4,36407,231674,512,64,64,2
35,1,"[2, 512, 128, 8, 8, 0, 0, 0, 0, 0, 0, 0, 0, 0, 0, 2, 512, 128, 8, 8, 0, 0, 0, 0, 0, 0, 0, 0, 0, 0]",8192,128,4194304.0,25165824.0,562577736,562586770,562658544,562757070,0,21535,21535,264149,1,9034,98526,512,64,64,2
152,1,"[2, 512, 128, 8, 8, 0, 0, 0, 0, 0, 0, 0, 0, 0, 0, 0, 0, 0, 0, 0, 0, 0, 0, 0, 0, 0, 0, 0, 0, 0]",8192,128,4194304.0,16777216.0,562769217,562778774,562778605,562848267,0,182139,182139,264150,1,9557,69662,512,64,64,2
203,1,"[512, 128, 8, 8, 128, 8, 8, 3, 3, 1, 1, 1, 1, 1, 1, 1, 2, 0, 0, 0, 0, 0, 0, 0, 0, 0, 0, 0, 0, 0]",4096,256,0.0,0.0,563016195,563057340,563030406,563483450,2112,64158,61182,264151,4,31745,450068,512,64,64,2
205,1,"[4, 0, 0, 0, 0, 0, 0, 0, 0, 0, 0, 0, 0, 0, 0, 4, 0, 0, 0, 0, 0, 0, 0, 0, 0, 0, 0, 0, 0, 0]",65536,512,33554432.0,33554432.0,563533862,563871992,563544632,564068074,640,311256,17952,264152,4,36474,230138,512,64,64,2
152,1,"[2, 512, 128, 8, 8, 0, 0, 0, 0, 0, 0, 0, 0, 0, 0, 0, 0, 0, 0, 0, 0, 0, 0, 0, 0, 0, 0, 0, 0, 0]",8192,128,4194304.0,16777216.0,564075476,564085951,564086026,564154792,0,172539,172539,264153,1,10475,68766,512,64,64,2
203,1,"[512, 128, 8, 8, 128, 8, 8, 3, 3, 1, 1, 1, 1, 1, 1, 1, 2, 0, 0, 0, 0, 0, 0, 0, 0, 0, 0, 0, 0, 0]",4096,256,0.0,0.0,564314105,564355899,564327331,564780183,2112,61983,59199,264154,4,31878,450068,512,64,64,2
205,1,"[4, 0, 0, 0, 0, 0, 0, 0, 0, 0, 0, 0, 0, 0, 0, 4, 0, 0, 0, 0, 0, 0, 0, 0, 0, 0, 0, 0, 0, 0]",65536,512,33554432.0,33554432.0,564828382,565163882,564839382,565359496,640,291192,735,264155,4,36336,229657,512,64,64,2
35,1,"[2, 512, 128, 8, 8, 0, 0, 0, 0, 0, 0, 0, 0, 0, 0, 2, 512, 128, 8, 8, 0, 0, 0, 0, 0, 0, 0, 0, 0, 0]",8192,128,4194304.0,25165824.0,565274583,565283670,565360231,565459333,0,13951,13951,264156,1,9087,99102,512,64,64,2
152,1,"[2, 512, 128, 8, 8, 0, 0, 0, 0, 0, 0, 0, 0, 0, 0, 0, 0, 0, 0, 0, 0, 0, 0, 0, 0, 0, 0, 0, 0, 0]",8192,128,4194304.0,16777216.0,565463726,565473185,565473284,565542627,0,177723,177723,264157,1,9459,69343,512,64,64,2
203,1,"[512, 128, 8, 8, 256, 4, 4, 3, 3, 1, 1, 2, 2, 1, 1, 1, 2, 0, 0, 0, 0, 0, 0, 0, 0, 0, 0, 0, 0, 0]",4096,256,0.0,0.0,565707203,565750532,565720350,566033685,2112,59839,57119,264158,4,33834,310615,512,64,64,2
205,1,"[4, 0, 0, 0, 0, 0, 0, 0, 0, 0, 0, 0, 0, 0, 0, 4, 0, 0, 0, 0, 0, 0, 0, 0, 0, 0, 0, 0, 0, 0]",65536,512,16777216.0,16777216.0,566079853,566562022,566090804,566738562,640,475762,40767,264159,4,38807,212763,512,64,64,2
152,1,"[2, 512, 256, 4, 4, 0, 0, 0, 0, 0, 0, 0, 0, 0, 0, 0, 0, 0, 0, 0, 0, 0, 0, 0, 0, 0, 0, 0, 0, 0]",4096,128,2097152.0,8388608.0,566768717,566779221,566779329,566813504,0,211451,211451,264160,1,10504,34175,512,64,64,2
203,1,"[512, 256, 4, 4, 256, 4, 4, 3, 3, 1, 1, 1, 1, 1, 1, 1, 2, 0, 0, 0, 0, 0, 0, 0, 0, 0, 0, 0, 0, 0]",4096,256,0.0,0.0,567011385,567060992,567024955,567491054,2112,68669,63550,264161,4,32306,460980,512,64,64,2
205,1,"[4, 0, 0, 0, 0, 0, 0, 0, 0, 0, 0, 0, 0, 0, 0, 4, 0, 0, 0, 0, 0, 0, 0, 0, 0, 0, 0, 0, 0, 0]",65536,512,16777216.0,16777216.0,567543471,567875200,567554604,568052319,640,376726,90718,264162,4,36346,211707,512,64,64,2
203,1,"[512, 128, 8, 8, 256, 4, 4, 1, 1, 0, 0, 2, 2, 1, 1, 1, 2, 0, 0, 0, 0, 0, 0, 0, 0, 0, 0, 0, 0, 0]",4096,256,0.0,0.0,568129417,568164507,568143037,568313048,2112,63966,62206,264163,3,27130,168251,512,64,64,2
205,1,"[4, 0, 0, 0, 0, 0, 0, 0, 0, 0, 0, 0, 0, 0, 0, 4, 0, 0, 0, 0, 0, 0, 0, 0, 0, 0, 0, 0, 0, 0]",65536,512,16777216.0,16777216.0,568364270,568702587,568375254,568881161,640,294680,832,264164,4,35655,212059,512,64,64,2
35,1,"[2, 512, 256, 4, 4, 0, 0, 0, 0, 0, 0, 0, 0, 0, 0, 2, 512, 256, 4, 4, 0, 0, 0, 0, 0, 0, 0, 0, 0, 0]",4096,128,2097152.0,12582912.0,568813464,568825786,568881993,568932007,0,86366,86366,264165,1,12322,50014,512,64,64,2
152,1,"[2, 512, 256, 4, 4, 0, 0, 0, 0, 0, 0, 0, 0, 0, 0, 0, 0, 0, 0, 0, 0, 0, 0, 0, 0, 0, 0, 0, 0, 0]",4096,128,2097152.0,8388608.0,569008420,569018308,569018373,569051652,0,215482,215482,264166,1,9888,33279,512,64,64,2
203,1,"[512, 256, 4, 4, 256, 4, 4, 3, 3, 1, 1, 1, 1, 1, 1, 1, 2, 0, 0, 0, 0, 0, 0, 0, 0, 0, 0, 0, 0, 0]",4096,256,0.0,0.0,569253648,569302474,569267134,569730994,2112,62590,57310,264167,4,31691,458580,512,64,64,2
205,1,"[4, 0, 0, 0, 0, 0, 0, 0, 0, 0, 0, 0, 0, 0, 0, 4, 0, 0, 0, 0, 0, 0, 0, 0, 0, 0, 0, 0, 0, 0]",65536,512,16777216.0,16777216.0,569777256,570113377,569788304,570291107,640,329272,38815,264168,4,37237,212346,512,64,64,2
152,1,"[2, 512, 256, 4, 4, 0, 0, 0, 0, 0, 0, 0, 0, 0, 0, 0, 0, 0, 0, 0, 0, 0, 0, 0, 0, 0, 0, 0, 0, 0]",4096,128,2097152.0,8388608.0,570319100,570329358,570329922,570363937,0,216762,216762,264169,1,10258,34015,512,64,64,2
203,1,"[512, 256, 4, 4, 256, 4, 4, 3, 3, 1, 1, 1, 1, 1, 1, 1, 2, 0, 0, 0, 0, 0, 0, 0, 0, 0, 0, 0, 0, 0]",4096,256,0.0,0.0,570566494,570614738,570580699,571044495,2112,69534,64190,264170,4,31587,458452,512,64,64,2
205,1,"[4, 0, 0, 0, 0, 0, 0, 0, 0, 0, 0, 0, 0, 0, 0, 4, 0, 0, 0, 0, 0, 0, 0, 0, 0, 0, 0, 0, 0, 0]",65536,512,16777216.0,16777216.0,571097444,571440067,571108685,571617567,640,297304,864,264171,4,36450,212442,512,64,64,2
35,1,"[2, 512, 256, 4, 4, 0, 0, 0, 0, 0, 0, 0, 0, 0, 0, 2, 512, 256, 4, 4, 0, 0, 0, 0, 0, 0, 0, 0, 0, 0]",4096,128,2097152.0,12582912.0,571550977,571559821,571618431,571668574,0,83422,83422,264172,1,8844,50143,512,64,64,2
152,1,"[2, 512, 256, 4, 4, 0, 0, 0, 0, 0, 0, 0, 0, 0, 0, 0, 0, 0, 0, 0, 0, 0, 0, 0, 0, 0, 0, 0, 0, 0]",4096,128,2097152.0,8388608.0,571742383,571751891,571751996,571785403,0,231961,231961,264173,1,9508,33407,512,64,64,2
203,1,"[512, 256, 4, 4, 512, 2, 2, 3, 3, 1, 1, 2, 2, 1, 1, 1, 2, 0, 0, 0, 0, 0, 0, 0, 0, 0, 0, 0, 0, 0]",8192,256,0.0,0.0,572003620,572055747,572017364,572419146,2112,63518,58014,264174,4,35333,396278,512,64,64,2
205,1,"[4, 0, 0, 0, 0, 0, 0, 0, 0, 0, 0, 0, 0, 0, 0, 4, 0, 0, 0, 0, 0, 0, 0, 0, 0, 0, 0, 0, 0, 0]",131072,512,8388608.0,8388608.0,572466411,572803336,572477160,573087511,640,291641,801,264175,4,37610,319511,512,64,64,2
152,1,"[2, 512, 512, 2, 2, 0, 0, 0, 0, 0, 0, 0, 0, 0, 0, 0, 0, 0, 0, 0, 0, 0, 0, 0, 0, 0, 0, 0, 0, 0]",2048,128,1048576.0,4194304.0,573012406,573023089,573088312,573095479,0,172764,172764,264176,1,10683,7167,512,64,64,2
203,1,"[512, 512, 2, 2, 512, 2, 2, 3, 3, 1, 1, 1, 1, 1, 1, 1, 2, 0, 0, 0, 0, 0, 0, 0, 0, 0, 0, 0, 0, 0]",8192,256,0.0,0.0,573254463,573306425,573268243,573817380,2112,68542,63326,264177,4,34875,543921,512,64,64,2
205,1,"[4, 0, 0, 0, 0, 0, 0, 0, 0, 0, 0, 0, 0, 0, 0, 4, 0, 0, 0, 0, 0, 0, 0, 0, 0, 0, 0, 0, 0, 0]",131072,512,8388608.0,8388608.0,573869734,574349317,573880706,574630798,640,434901,1120,264178,4,38132,316311,512,64,64,2
203,1,"[512, 256, 4, 4, 512, 2, 2, 1, 1, 0, 0, 2, 2, 1, 1, 1, 2, 0, 0, 0, 0, 0, 0, 0, 0, 0, 0, 0, 0, 0]",8192,256,0.0,0.0,574617436,574652042,574631918,574785034,2112,73470,71486,264179,3,26607,151132,512,64,64,2
205,1,"[4, 0, 0, 0, 0, 0, 0, 0, 0, 0, 0, 0, 0, 0, 0, 4, 0, 0, 0, 0, 0, 0, 0, 0, 0, 0, 0, 0, 0, 0]",131072,512,8388608.0,8388608.0,574845605,575184132,574856520,575470903,640,294711,704,264180,4,34906,320376,512,64,64,2
35,1,"[2, 512, 512, 2, 2, 0, 0, 0, 0, 0, 0, 0, 0, 0, 0, 2, 512, 512, 2, 2, 0, 0, 0, 0, 0, 0, 0, 0, 0, 0]",2048,128,1048576.0,6291456.0,575297564,575307068,575471607,575490999,0,11200,11200,264181,1,9504,19392,512,64,64,2
152,1,"[2, 512, 512, 2, 2, 0, 0, 0, 0, 0, 0, 0, 0, 0, 0, 0, 0, 0, 0, 0, 0, 0, 0, 0, 0, 0, 0, 0, 0, 0]",2048,128,1048576.0,4194304.0,575492064,575502140,575502199,575509751,0,243097,243097,264182,1,10076,7552,512,64,64,2
203,1,"[512, 512, 2, 2, 512, 2, 2, 3, 3, 1, 1, 1, 1, 1, 1, 1, 2, 0, 0, 0, 0, 0, 0, 0, 0, 0, 0, 0, 0, 0]",8192,256,0.0,0.0,575739515,575787984,575752848,576300161,2112,64799,59775,264183,4,31832,542289,512,64,64,2
205,1,"[4, 0, 0, 0, 0, 0, 0, 0, 0, 0, 0, 0, 0, 0, 0, 4, 0, 0, 0, 0, 0, 0, 0, 0, 0, 0, 0, 0, 0, 0]",131072,512,8388608.0,8388608.0,576348923,576694197,576359936,576960623,640,297944,768,264184,4,37791,303511,512,64,64,2
152,1,"[2, 512, 512, 2, 2, 0, 0, 0, 0, 0, 0, 0, 0, 0, 0, 0, 0, 0, 0, 0, 0, 0, 0, 0, 0, 0, 0, 0, 0, 0]",2048,128,1048576.0,4194304.0,576900368,576911149,576961391,576968271,0,188123,188123,264185,1,10781,6880,512,64,64,2
203,1,"[512, 512, 2, 2, 512, 2, 2, 3, 3, 1, 1, 1, 1, 1, 1, 1, 2, 0, 0, 0, 0, 0, 0, 0, 0, 0, 0, 0, 0, 0]",8192,256,0.0,0.0,577142941,577191515,577156394,577683964,2112,63038,58078,264186,4,31467,522610,512,64,64,2
205,1,"[4, 0, 0, 0, 0, 0, 0, 0, 0, 0, 0, 0, 0, 0, 0, 4, 0, 0, 0, 0, 0, 0, 0, 0, 0, 0, 0, 0, 0, 0]",131072,512,8388608.0,8388608.0,577730829,578070178,577742042,578342858,640,295384,736,264187,4,36417,306168,512,64,64,2
35,1,"[2, 512, 512, 2, 2, 0, 0, 0, 0, 0, 0, 0, 0, 0, 0, 2, 512, 512, 2, 2, 0, 0, 0, 0, 0, 0, 0, 0, 0, 0]",2048,128,1048576.0,6291456.0,578182924,578192301,578343594,578361066,0,31359,31359,264188,1,9377,17472,512,64,64,2
152,1,"[2, 512, 512, 2, 2, 0, 0, 0, 0, 0, 0, 0, 0, 0, 0, 0, 0, 0, 0, 0, 0, 0, 0, 0, 0, 0, 0, 0, 0, 0]",2048,128,1048576.0,4194304.0,578375848,578392412,578392425,578399689,0,133308,133308,264189,1,16564,7264,512,64,64,2
199,1,"[2, 512, 512, 2, 2, 0, 0, 0, 0, 0, 0, 0, 0, 0, 0, 0, 0, 0, 0, 0, 0, 0, 0, 0, 0, 0, 0, 0, 0, 0]",2048,512,0.0,0.0,578521730,578533031,578532997,578576644,16,215002,215002,264190,1,11301,43647,512,64,64,2
201,1,"[2, 512, 512, 0, 0, 0, 0, 0, 0, 0, 2, 192, 512, 0, 0, 0, 0, 0, 0, 0, 2, 192, 0, 0, 0, 0, 0, 0, 0, 0]",24,128,100663296.0,720896.0,578777849,578792346,578791646,578806846,32768,144508,144508,264192,1,14497,15200,512,64,64,2
181,1,"[2, 512, 192, 0, 0, 0, 0, 0, 0, 0, 0, 0, 0, 0, 0, 4, 512, 192, 0, 0, 0, 0, 0, 0, 0, 0, 0, 0, 0, 0]",192,512,0.0,0.0,578938446,579064618,578951354,579067607,16,597710,511666,264194,5,42343,30209,512,64,64,2
181,2,"[2, 512, 192, 0, 0, 0, 0, 0, 0, 0, 0, 0, 0, 0, 0, 4, 512, 192, 0, 0, 0, 0, 0, 0, 0, 0, 0, 0, 0, 0]",384,128,0.0,0.0,579561264,579763797,579579273,579767972,0,621168,444916,264194,4,47685,12447,512,64,64,2
199,2,"[2, 512, 512, 2, 2, 0, 0, 0, 0, 0, 0, 0, 0, 0, 0, 0, 0, 0, 0, 0, 0, 0, 0, 0, 0, 0, 0, 0, 0, 0]",2048,128,0.0,0.0,580201166,580213244,580212888,580233495,0,37759,37759,264190,1,12078,20607,512,64,64,2
152,2,"[2, 512, 512, 2, 2, 0, 0, 0, 0, 0, 0, 0, 0, 0, 0, 0, 0, 0, 0, 0, 0, 0, 0, 0, 0, 0, 0, 0, 0, 0]",2048,128,1048576.0,6291456.0,580260572,580271615,580271254,580290774,0,101117,101117,264189,1,11043,19520,512,64,64,2
205,2,"[2, 512, 512, 2, 2, 0, 0, 0, 0, 0, 0, 0, 0, 0, 0, 0, 0, 0, 0, 0, 0, 0, 0, 0, 0, 0, 0, 0, 0, 0]",512,512,8388608.0,10485760.0,580380740,580392207,580391891,580615149,256,41727,41727,264187,1,11467,223258,512,64,64,2
203,2,"[512, 512, 2, 2, 512, 2, 2, 3, 3, 1, 1, 1, 1, 1, 1, 1, 2, 0, 0, 0, 0, 0, 0, 0, 0, 0, 0, 0, 0, 0]",8192,256,0.0,0.0,580647058,580815999,580656876,581739087,2112,65981,57662,264186,8,52096,1073892,512,64,64,2
152,2,"[2, 512, 512, 2, 2, 0, 0, 0, 0, 0, 0, 0, 0, 0, 0, 0, 0, 0, 0, 0, 0, 0, 0, 0, 0, 0, 0, 0, 0, 0]",2048,128,1048576.0,6291456.0,580909362,580916008,581796749,581823917,0,768,768,264185,1,6646,27168,512,64,64,2
205,2,"[2, 512, 512, 2, 2, 0, 0, 0, 0, 0, 0, 0, 0, 0, 0, 0, 0, 0, 0, 0, 0, 0, 0, 0, 0, 0, 0, 0, 0, 0]",512,512,8388608.0,10485760.0,580972497,580979409,581824685,582049222,256,8224,8224,264184,1,6912,224537,512,64,64,2
203,2,"[512, 512, 2, 2, 512, 2, 2, 3, 3, 1, 1, 1, 1, 1, 1, 1, 2, 0, 0, 0, 0, 0, 0, 0, 0, 0, 0, 0, 0, 0]",8192,256,0.0,0.0,581135038,581289388,582057446,583141033,2112,93598,85374,264183,8,46728,1075363,512,64,64,2
152,2,"[2, 512, 512, 2, 2, 0, 0, 0, 0, 0, 0, 0, 0, 0, 0, 0, 0, 0, 0, 0, 0, 0, 0, 0, 0, 0, 0, 0, 0, 0]",2048,128,1048576.0,6291456.0,581389693,581396252,583226407,583253862,0,768,768,264182,1,6559,27455,512,64,64,2
205,2,"[2, 512, 512, 2, 2, 0, 0, 0, 0, 0, 0, 0, 0, 0, 0, 0, 0, 0, 0, 0, 0, 0, 0, 0, 0, 0, 0, 0, 0, 0]",512,512,8388608.0,10485760.0,581462842,581469846,583254630,583478048,256,8064,8064,264180,1,7004,223418,512,64,64,2
203,2,"[512, 256, 4, 4, 512, 2, 2, 1, 1, 0, 0, 2, 2, 1, 1, 1, 2, 0, 0, 0, 0, 0, 0, 0, 0, 0, 0, 0, 0, 0]",8192,256,0.0,0.0,581621972,581815648,583486112,583836694,2112,19457,5632,264179,10,61832,336757,512,64,64,2
205,2,"[2, 512, 512, 2, 2, 0, 0, 0, 0, 0, 0, 0, 0, 0, 0, 0, 0, 0, 0, 0, 0, 0, 0, 0, 0, 0, 0, 0, 0, 0]",512,512,8388608.0,10485760.0,581925862,581934862,583842326,584066128,256,8128,8128,264178,1,9000,223802,512,64,64,2
203,2,"[512, 512, 2, 2, 512, 2, 2, 3, 3, 1, 1, 1, 1, 1, 1, 1, 2, 0, 0, 0, 0, 0, 0, 0, 0, 0, 0, 0, 0, 0]",8192,256,0.0,0.0,582087499,582245327,584074256,585156563,2112,65917,57598,264177,8,48385,1073988,512,64,64,2
152,2,"[2, 512, 512, 2, 2, 0, 0, 0, 0, 0, 0, 0, 0, 0, 0, 0, 0, 0, 0, 0, 0, 0, 0, 0, 0, 0, 0, 0, 0, 0]",2048,128,1048576.0,6291456.0,582325564,582331893,585214161,585241809,0,832,832,264176,1,6329,27648,512,64,64,2
205,2,"[2, 512, 512, 2, 2, 0, 0, 0, 0, 0, 0, 0, 0, 0, 0, 0, 0, 0, 0, 0, 0, 0, 0, 0, 0, 0, 0, 0, 0, 0]",512,512,8388608.0,10485760.0,582398120,582405822,585242641,585467530,256,7936,7936,264175,1,7702,224889,512,64,64,2
203,2,"[512, 256, 4, 4, 512, 2, 2, 3, 3, 1, 1, 2, 2, 1, 1, 1, 2, 0, 0, 0, 0, 0, 0, 0, 0, 0, 0, 0, 0, 0]",8192,256,0.0,0.0,582563539,582733657,585475466,586084250,2112,91645,82462,264174,12,66745,599601,512,64,64,2
152,2,"[2, 512, 256, 4, 4, 0, 0, 0, 0, 0, 0, 0, 0, 0, 0, 0, 0, 0, 0, 0, 0, 0, 0, 0, 0, 0, 0, 0, 0, 0]",4096,128,2097152.0,12582912.0,582842366,582848654,586166712,586217942,0,960,960,264173,1,6288,51230,512,64,64,2
205,2,"[2, 512, 256, 4, 4, 0, 0, 0, 0, 0, 0, 0, 0, 0, 0, 0, 0, 0, 0, 0, 0, 0, 0, 0, 0, 0, 0, 0, 0, 0]",256,512,16777216.0,20971520.0,582914872,582921883,586218902,586379794,256,8000,8000,264171,1,7011,160892,512,64,64,2
203,2,"[512, 256, 4, 4, 256, 4, 4, 3, 3, 1, 1, 1, 1, 1, 1, 1, 2, 0, 0, 0, 0, 0, 0, 0, 0, 0, 0, 0, 0, 0]",4096,256,0.0,0.0,583071592,583236663,586387794,587376535,2112,111197,10624,264170,8,49863,888168,512,64,64,2
152,2,"[2, 512, 256, 4, 4, 0, 0, 0, 0, 0, 0, 0, 0, 0, 0, 0, 0, 0, 0, 0, 0, 0, 0, 0, 0, 0, 0, 0, 0, 0]",4096,128,2097152.0,12582912.0,583318659,583325203,587387159,587439669,0,673,673,264169,1,6544,52510,512,64,64,2
205,2,"[2, 512, 256, 4, 4, 0, 0, 0, 0, 0, 0, 0, 0, 0, 0, 0, 0, 0, 0, 0, 0, 0, 0, 0, 0, 0, 0, 0, 0, 0]",256,512,16777216.0,20971520.0,583380419,583387363,587440342,587600625,256,8128,8128,264168,1,6944,160283,512,64,64,2
203,2,"[512, 256, 4, 4, 256, 4, 4, 3, 3, 1, 1, 1, 1, 1, 1, 1, 2, 0, 0, 0, 0, 0, 0, 0, 0, 0, 0, 0, 0, 0]",4096,256,0.0,0.0,583533469,583705131,587608753,588600822,2112,170138,68990,264167,8,48133,890921,512,64,64,2
152,2,"[2, 512, 256, 4, 4, 0, 0, 0, 0, 0, 0, 0, 0, 0, 0, 0, 0, 0, 0, 0, 0, 0, 0, 0, 0, 0, 0, 0, 0, 0]",4096,128,2097152.0,12582912.0,583803997,583810357,588669812,588723027,0,704,704,264166,1,6360,53215,512,64,64,2
205,2,"[2, 512, 256, 4, 4, 0, 0, 0, 0, 0, 0, 0, 0, 0, 0, 0, 0, 0, 0, 0, 0, 0, 0, 0, 0, 0, 0, 0, 0, 0]",256,512,16777216.0,20971520.0,583877486,583884922,588723731,588875247,256,8320,8320,264164,1,7436,151516,512,64,64,2
203,2,"[512, 128, 8, 8, 256, 4, 4, 1, 1, 0, 0, 2, 2, 1, 1, 1, 2, 0, 0, 0, 0, 0, 0, 0, 0, 0, 0, 0, 0, 0]",4096,256,0.0,0.0,584037057,584219811,588883567,589285700,2112,25662,4544,264163,11,63790,381015,512,64,64,2
205,2,"[2, 512, 256, 4, 4, 0, 0, 0, 0, 0, 0, 0, 0, 0, 0, 0, 0, 0, 0, 0, 0, 0, 0, 0, 0, 0, 0, 0, 0, 0]",256,512,16777216.0,20971520.0,584327468,584334159,589290244,589442944,256,8128,8128,264162,1,6691,152700,512,64,64,2
203,2,"[512, 256, 4, 4, 256, 4, 4, 3, 3, 1, 1, 1, 1, 1, 1, 1, 2, 0, 0, 0, 0, 0, 0, 0, 0, 0, 0, 0, 0, 0]",4096,256,0.0,0.0,584485214,584652740,589451072,590421605,2112,112764,10656,264161,8,46155,868425,512,64,64,2
152,2,"[2, 512, 256, 4, 4, 0, 0, 0, 0, 0, 0, 0, 0, 0, 0, 0, 0, 0, 0, 0, 0, 0, 0, 0, 0, 0, 0, 0, 0, 0]",4096,128,2097152.0,12582912.0,584735449,584741898,590432261,590485124,0,799,799,264160,1,6449,52863,512,64,64,2
205,2,"[2, 512, 256, 4, 4, 0, 0, 0, 0, 0, 0, 0, 0, 0, 0, 0, 0, 0, 0, 0, 0, 0, 0, 0, 0, 0, 0, 0, 0, 0]",256,512,16777216.0,20971520.0,584798323,584805443,590485923,590635168,256,7968,7968,264159,1,7120,149245,512,64,64,2
203,2,"[512, 128, 8, 8, 256, 4, 4, 3, 3, 1, 1, 2, 2, 1, 1, 1, 2, 0, 0, 0, 0, 0, 0, 0, 0, 0, 0, 0, 0, 0]",4096,256,0.0,0.0,584956268,585147947,590643136,591380684,2112,171065,106077,264158,12,72005,672560,512,64,64,2
152,2,"[2, 512, 128, 8, 8, 0, 0, 0, 0, 0, 0, 0, 0, 0, 0, 0, 0, 0, 0, 0, 0, 0, 0, 0, 0, 0, 0, 0, 0, 0]",8192,128,4194304.0,25165824.0,585250114,585256605,591486761,591587046,0,768,768,264157,1,6491,100285,512,64,64,2
205,2,"[2, 512, 128, 8, 8, 0, 0, 0, 0, 0, 0, 0, 0, 0, 0, 0, 0, 0, 0, 0, 0, 0, 0, 0, 0, 0, 0, 0, 0, 0]",128,512,33554432.0,41943040.0,585321953,585329009,591587814,591835519,256,7840,7840,264155,1,7056,247705,512,64,64,2
203,2,"[512, 128, 8, 8, 128, 8, 8, 3, 3, 1, 1, 1, 1, 1, 1, 1, 2, 0, 0, 0, 0, 0, 0, 0, 0, 0, 0, 0, 0, 0]",4096,256,0.0,0.0,585488796,585660499,591843359,592828805,2112,68733,5567,264154,9,54900,922280,512,64,64,2
152,2,"[2, 512, 128, 8, 8, 0, 0, 0, 0, 0, 0, 0, 0, 0, 0, 0, 0, 0, 0, 0, 0, 0, 0, 0, 0, 0, 0, 0, 0, 0]",8192,128,4194304.0,25165824.0,585741488,585750106,592834372,592929186,0,832,832,264153,1,8618,94814,512,64,64,2
205,2,"[2, 512, 128, 8, 8, 0, 0, 0, 0, 0, 0, 0, 0, 0, 0, 0, 0, 0, 0, 0, 0, 0, 0, 0, 0, 0, 0, 0, 0, 0]",128,512,33554432.0,41943040.0,585806919,585813926,592930018,593179131,256,8000,8000,264152,1,7007,249113,512,64,64,2
203,2,"[512, 128, 8, 8, 128, 8, 8, 3, 3, 1, 1, 1, 1, 1, 1, 1, 2, 0, 0, 0, 0, 0, 0, 0, 0, 0, 0, 0, 0, 0]",4096,256,0.0,0.0,585962526,586131049,593187131,594175808,2112,165245,101182,264151,9,52305,924614,512,64,64,2
152,2,"[2, 512, 128, 8, 8, 0, 0, 0, 0, 0, 0, 0, 0, 0, 0, 0, 0, 0, 0, 0, 0, 0, 0, 0, 0, 0, 0, 0, 0, 0]",8192,128,4194304.0,25165824.0,586230064,586236688,594276990,594376539,0,672,672,264150,1,6624,99549,512,64,64,2
205,2,"[2, 512, 128, 8, 8, 0, 0, 0, 0, 0, 0, 0, 0, 0, 0, 0, 0, 0, 0, 0, 0, 0, 0, 0, 0, 0, 0, 0, 0, 0]",128,512,33554432.0,41943040.0,586304380,586311663,594377211,594626292,256,7936,7936,264148,1,7283,249081,512,64,64,2
203,2,"[512, 64, 16, 16, 128, 8, 8, 1, 1, 0, 0, 2, 2, 1, 1, 1, 2, 0, 0, 0, 0, 0, 0, 0, 0, 0, 0, 0, 0, 0]",8192,1024,536870912.0,25182208.0,586444430,586582155,594634228,606010658,2112,15070,4416,264147,5,33198,11365776,512,64,64,2
205,2,"[2, 512, 128, 8, 8, 0, 0, 0, 0, 0, 0, 0, 0, 0, 0, 0, 0, 0, 0, 0, 0, 0, 0, 0, 0, 0, 0, 0, 0, 0]",128,512,33554432.0,41943040.0,586688006,586695139,606015074,606263163,256,7904,7904,264146,1,7133,248089,512,64,64,2
203,2,"[512, 128, 8, 8, 128, 8, 8, 3, 3, 1, 1, 1, 1, 1, 1, 1, 2, 0, 0, 0, 0, 0, 0, 0, 0, 0, 0, 0, 0, 0]",4096,256,0.0,0.0,586845376,587015257,606271067,607255520,2112,70431,5344,264145,9,54747,919366,512,64,64,2
152,2,"[2, 512, 128, 8, 8, 0, 0, 0, 0, 0, 0, 0, 0, 0, 0, 0, 0, 0, 0, 0, 0, 0, 0, 0, 0, 0, 0, 0, 0, 0]",8192,128,4194304.0,25165824.0,587095582,587101949,607260864,607354622,0,832,832,264144,1,6367,93758,512,64,64,2
205,2,"[2, 512, 128, 8, 8, 0, 0, 0, 0, 0, 0, 0, 0, 0, 0, 0, 0, 0, 0, 0, 0, 0, 0, 0, 0, 0, 0, 0, 0, 0]",128,512,33554432.0,41943040.0,587160178,587167621,607355454,607606135,256,7840,7840,264143,1,7443,250681,512,64,64,2
203,2,"[512, 64, 16, 16, 128, 8, 8, 3, 3, 1, 1, 2, 2, 1, 1, 1, 2, 0, 0, 0, 0, 0, 0, 0, 0, 0, 0, 0, 0, 0]",8192,256,0.0,0.0,587329066,587528184,607613975,608672986,2112,268632,199323,264142,13,75695,989702,512,64,64,2
152,2,"[2, 512, 64, 16, 16, 0, 0, 0, 0, 0, 0, 0, 0, 0, 0, 0, 0, 0, 0, 0, 0, 0, 0, 0, 0, 0, 0, 0, 0, 0]",16384,128,8388608.0,50331648.0,587629289,587636029,608872309,609068752,0,768,768,264141,1,6740,196443,512,64,64,2
205,2,"[2, 512, 64, 16, 16, 0, 0, 0, 0, 0, 0, 0, 0, 0, 0, 0, 0, 0, 0, 0, 0, 0, 0, 0, 0, 0, 0, 0, 0, 0]",64,512,67108864.0,83886080.0,587700763,587708010,609069520,609564835,256,7743,7743,264139,1,7247,495315,512,64,64,2
203,2,"[512, 64, 16, 16, 64, 16, 16, 3, 3, 1, 1, 1, 1, 1, 1, 1, 2, 0, 0, 0, 0, 0, 0, 0, 0, 0, 0, 0, 0, 0]",8192,256,0.0,0.0,587856107,588029750,609572578,610924638,2112,43168,4448,264138,9,53625,1313340,512,64,64,2
152,2,"[2, 512, 64, 16, 16, 0, 0, 0, 0, 0, 0, 0, 0, 0, 0, 0, 0, 0, 0, 0, 0, 0, 0, 0, 0, 0, 0, 0, 0, 0]",16384,128,8388608.0,50331648.0,588111034,588117637,610929086,611117689,0,672,672,264137,1,6603,188603,512,64,64,2
205,2,"[2, 512, 64, 16, 16, 0, 0, 0, 0, 0, 0, 0, 0, 0, 0, 0, 0, 0, 0, 0, 0, 0, 0, 0, 0, 0, 0, 0, 0, 0]",64,512,67108864.0,83886080.0,588174912,588181943,611118361,611617547,256,7680,7680,264136,1,7031,499186,512,64,64,2
203,2,"[512, 64, 16, 16, 64, 16, 16, 3, 3, 1, 1, 1, 1, 1, 1, 1, 2, 0, 0, 0, 0, 0, 0, 0, 0, 0, 0, 0, 0, 0]",8192,256,0.0,0.0,588339446,588507389,611625227,612971207,2112,231609,193914,264135,9,54056,1308285,512,64,64,2
152,2,"[2, 512, 64, 16, 16, 0, 0, 0, 0, 0, 0, 0, 0, 0, 0, 0, 0, 0, 0, 0, 0, 0, 0, 0, 0, 0, 0, 0, 0, 0]",16384,128,8388608.0,50331648.0,588606272,588613173,613165121,613361596,0,768,768,264134,1,6901,196475,512,64,64,2
205,2,"[2, 512, 64, 16, 16, 0, 0, 0, 0, 0, 0, 0, 0, 0, 0, 0, 0, 0, 0, 0, 0, 0, 0, 0, 0, 0, 0, 0, 0, 0]",64,512,67108864.0,83886080.0,588677187,588684495,613362364,613857551,256,7840,7840,264132,1,7308,495187,512,64,64,2
203,2,"[512, 64, 16, 16, 64, 16, 16, 3, 3, 1, 1, 1, 1, 1, 1, 1, 2, 0, 0, 0, 0, 0, 0, 0, 0, 0, 0, 0, 0, 0]",8192,256,0.0,0.0,588834743,589004721,613865391,615237322,2112,42144,4384,264131,9,55960,1334171,512,64,64,2
152,2,"[2, 512, 64, 16, 16, 0, 0, 0, 0, 0, 0, 0, 0, 0, 0, 0, 0, 0, 0, 0, 0, 0, 0, 0, 0, 0, 0, 0, 0, 0]",16384,128,8388608.0,50331648.0,589085686,589092686,615241706,615429413,0,704,704,264130,1,7000,187707,512,64,64,2
205,2,"[2, 512, 64, 16, 16, 0, 0, 0, 0, 0, 0, 0, 0, 0, 0, 0, 0, 0, 0, 0, 0, 0, 0, 0, 0, 0, 0, 0, 0, 0]",64,512,67108864.0,83886080.0,589147885,589155257,615430117,615925559,256,8096,8096,264129,1,7372,495442,512,64,64,2
203,2,"[512, 64, 16, 16, 64, 16, 16, 3, 3, 1, 1, 1, 1, 1, 1, 1, 2, 0, 0, 0, 0, 0, 0, 0, 0, 0, 0, 0, 0, 0]",8192,256,0.0,0.0,589314494,589478768,615933655,617274355,2112,234682,197115,264128,9,52095,1303133,512,64,64,2
183,2,"[2, 512, 64, 32, 32, 0, 0, 0, 0, 0, 0, 0, 0, 0, 0, 0, 0, 0, 0, 0, 0, 0, 0, 0, 0, 0, 0, 0, 0, 0]",131072,256,0.0,0.0,589586403,589604327,617471470,620160774,0,1535,735,264127,2,12437,2688504,512,64,64,2
152,2,"[2, 512, 64, 32, 32, 0, 0, 0, 0, 0, 0, 0, 0, 0, 0, 0, 0, 0, 0, 0, 0, 0, 0, 0, 0, 0, 0, 0, 0, 0]",65536,128,33554432.0,201326592.0,589630911,589637536,620161509,620950480,0,800,800,264126,1,6625,788971,512,64,64,2
205,2,"[2, 512, 64, 32, 32, 0, 0, 0, 0, 0, 0, 0, 0, 0, 0, 0, 0, 0, 0, 0, 0, 0, 0, 0, 0, 0, 0, 0, 0, 0]",64,512,268435456.0,335544320.0,589692226,589699033,620951280,623077431,256,80318,80318,264125,1,6807,2126151,512,64,64,2
203,2,"[512, 3, 64, 64, 64, 32, 32, 7, 7, 3, 3, 2, 2, 1, 1, 1, 2, 0, 0, 0, 0, 0, 0, 0, 0, 0, 0, 0, 0, 0]",65536,256,0.0,0.0,589866115,589903117,623157749,624757226,42944,10336,4352,264124,4,22489,1593493,512,64,64,2
16,3,"[2, 64, 3, 7, 7, 0, 0, 0, 0, 0, 0, 0, 0, 0, 0, 4, 0, 0, 0, 0, 0, 0, 0, 0, 0, 0, 0, 0, 0, 0]",19,128,9408.0,37636.0,590399223,590418866,624761578,624764041,0,769,769,-1,1,19643,2463,512,64,64,2
12,3,"[2, 64, 3, 7, 7, 0, 0, 0, 0, 0, 0, 0, 0, 0, 0, 2, 64, 3, 7, 7, 0, 0, 0, 0, 0, 0, 0, 0, 0, 0]",19,128,9408.0,56448.0,590513319,590525156,624764810,624767050,0,736,736,-1,1,11837,2240,512,64,64,2
12,3,"[2, 64, 3, 7, 7, 0, 0, 0, 0, 0, 0, 0, 0, 0, 0, 2, 64, 3, 7, 7, 0, 0, 0, 0, 0, 0, 0, 0, 0, 0]",19,128,9408.0,56448.0,590612650,590622440,624767786,624770505,0,864,864,-1,1,9790,2719,512,64,64,2
16,3,"[2, 64, 0, 0, 0, 0, 0, 0, 0, 0, 0, 0, 0, 0, 0, 4, 0, 0, 0, 0, 0, 0, 0, 0, 0, 0, 0, 0, 0, 0]",1,128,64.0,260.0,590707500,590720474,624771369,624773705,0,736,736,-1,1,12974,2336,512,64,64,2
12,3,"[2, 64, 0, 0, 0, 0, 0, 0, 0, 0, 0, 0, 0, 0, 0, 2, 64, 0, 0, 0, 0, 0, 0, 0, 0, 0, 0, 0, 0, 0]",1,128,64.0,384.0,590803031,590812504,624774441,624776777,0,864,864,-1,1,9473,2336,512,64,64,2
12,3,"[2, 64, 0, 0, 0, 0, 0, 0, 0, 0, 0, 0, 0, 0, 0, 2, 64, 0, 0, 0, 0, 0, 0, 0, 0, 0, 0, 0, 0, 0]",1,128,64.0,384.0,590891538,590900319,624777641,624779977,0,672,672,-1,1,8781,2336,512,64,64,2
16,3,"[2, 64, 0, 0, 0, 0, 0, 0, 0, 0, 0, 0, 0, 0, 0, 4, 0, 0, 0, 0, 0, 0, 0, 0, 0, 0, 0, 0, 0, 0]",1,128,64.0,260.0,590980028,590989017,624780649,624782985,0,864,864,-1,1,8989,2336,512,64,64,2
12,3,"[2, 64, 0, 0, 0, 0, 0, 0, 0, 0, 0, 0, 0, 0, 0, 2, 64, 0, 0, 0, 0, 0, 0, 0, 0, 0, 0, 0, 0, 0]",1,128,64.0,384.0,591067909,591076405,624783849,624786185,0,736,736,-1,1,8496,2336,512,64,64,2
12,3,"[2, 64, 0, 0, 0, 0, 0, 0, 0, 0, 0, 0, 0, 0, 0, 2, 64, 0, 0, 0, 0, 0, 0, 0, 0, 0, 0, 0, 0, 0]",1,128,64.0,384.0,591154787,591162846,624786921,624789289,0,832,832,-1,1,8059,2368,512,64,64,2
16,3,"[2, 64, 64, 3, 3, 0, 0, 0, 0, 0, 0, 0, 0, 0, 0, 4, 0, 0, 0, 0, 0, 0, 0, 0, 0, 0, 0, 0, 0, 0]",72,128,36864.0,147460.0,591244076,591252769,624790121,624792777,0,736,736,-1,1,8693,2656,512,64,64,2
12,3,"[2, 64, 64, 3, 3, 0, 0, 0, 0, 0, 0, 0, 0, 0, 0, 2, 64, 64, 3, 3, 0, 0, 0, 0, 0, 0, 0, 0, 0, 0]",72,128,36864.0,221184.0,591337679,591346153,624793513,624796169,0,768,768,-1,1,8474,2656,512,64,64,2
12,3,"[2, 64, 64, 3, 3, 0, 0, 0, 0, 0, 0, 0, 0, 0, 0, 2, 64, 64, 3, 3, 0, 0, 0, 0, 0, 0, 0, 0, 0, 0]",72,128,36864.0,221184.0,591425070,591433176,624796937,624799721,0,800,800,-1,1,8106,2784,512,64,64,2
16,3,"[2, 64, 0, 0, 0, 0, 0, 0, 0, 0, 0, 0, 0, 0, 0, 4, 0, 0, 0, 0, 0, 0, 0, 0, 0, 0, 0, 0, 0, 0]",1,128,64.0,260.0,591513037,591521581,624800521,624802857,0,671,671,-1,1,8544,2336,512,64,64,2
12,3,"[2, 64, 0, 0, 0, 0, 0, 0, 0, 0, 0, 0, 0, 0, 0, 2, 64, 0, 0, 0, 0, 0, 0, 0, 0, 0, 0, 0, 0, 0]",1,128,64.0,384.0,591759974,591771642,624803528,624805896,0,800,800,-1,1,11668,2368,512,64,64,2
12,3,"[2, 64, 0, 0, 0, 0, 0, 0, 0, 0, 0, 0, 0, 0, 0, 2, 64, 0, 0, 0, 0, 0, 0, 0, 0, 0, 0, 0, 0, 0]",1,128,64.0,384.0,591857592,591869346,624806696,624809064,0,704,704,-1,1,11754,2368,512,64,64,2
16,3,"[2, 64, 0, 0, 0, 0, 0, 0, 0, 0, 0, 0, 0, 0, 0, 4, 0, 0, 0, 0, 0, 0, 0, 0, 0, 0, 0, 0, 0, 0]",1,128,64.0,260.0,591949346,591958208,624809768,624812136,0,864,864,-1,1,8862,2368,512,64,64,2
12,3,"[2, 64, 0, 0, 0, 0, 0, 0, 0, 0, 0, 0, 0, 0, 0, 2, 64, 0, 0, 0, 0, 0, 0, 0, 0, 0, 0, 0, 0, 0]",1,128,64.0,384.0,592034345,592042566,624813000,624815368,0,672,672,-1,1,8221,2368,512,64,64,2
12,3,"[2, 64, 0, 0, 0, 0, 0, 0, 0, 0, 0, 0, 0, 0, 0, 2, 64, 0, 0, 0, 0, 0, 0, 0, 0, 0, 0, 0, 0, 0]",1,128,64.0,384.0,592115811,592123365,624816040,624818408,0,832,832,-1,1,7554,2368,512,64,64,2
16,3,"[2, 64, 64, 3, 3, 0, 0, 0, 0, 0, 0, 0, 0, 0, 0, 4, 0, 0, 0, 0, 0, 0, 0, 0, 0, 0, 0, 0, 0, 0]",72,128,36864.0,147460.0,592198357,592206859,624819240,624821960,0,736,736,-1,1,8502,2720,512,64,64,2
12,3,"[2, 64, 64, 3, 3, 0, 0, 0, 0, 0, 0, 0, 0, 0, 0, 2, 64, 64, 3, 3, 0, 0, 0, 0, 0, 0, 0, 0, 0, 0]",72,128,36864.0,221184.0,592281430,592289225,624822696,624825384,0,832,832,-1,1,7795,2688,512,64,64,2
12,3,"[2, 64, 64, 3, 3, 0, 0, 0, 0, 0, 0, 0, 0, 0, 0, 2, 64, 64, 3, 3, 0, 0, 0, 0, 0, 0, 0, 0, 0, 0]",72,128,36864.0,221184.0,592362097,592369706,624826216,624828872,0,832,832,-1,1,7609,2656,512,64,64,2
16,3,"[2, 64, 0, 0, 0, 0, 0, 0, 0, 0, 0, 0, 0, 0, 0, 4, 0, 0, 0, 0, 0, 0, 0, 0, 0, 0, 0, 0, 0, 0]",1,128,64.0,260.0,592443184,592451115,624829704,624832072,0,800,800,-1,1,7931,2368,512,64,64,2
12,3,"[2, 64, 0, 0, 0, 0, 0, 0, 0, 0, 0, 0, 0, 0, 0, 2, 64, 0, 0, 0, 0, 0, 0, 0, 0, 0, 0, 0, 0, 0]",1,128,64.0,384.0,592523789,592531542,624832872,624835272,0,672,672,-1,1,7753,2400,512,64,64,2
12,3,"[2, 64, 0, 0, 0, 0, 0, 0, 0, 0, 0, 0, 0, 0, 0, 2, 64, 0, 0, 0, 0, 0, 0, 0, 0, 0, 0, 0, 0, 0]",1,128,64.0,384.0,592603787,592611195,624835944,624838343,0,864,864,-1,1,7408,2399,512,64,64,2
16,3,"[2, 64, 0, 0, 0, 0, 0, 0, 0, 0, 0, 0, 0, 0, 0, 4, 0, 0, 0, 0, 0, 0, 0, 0, 0, 0, 0, 0, 0, 0]",1,128,64.0,260.0,592682791,592690525,624839207,624841543,0,673,673,-1,1,7734,2336,512,64,64,2
12,3,"[2, 64, 0, 0, 0, 0, 0, 0, 0, 0, 0, 0, 0, 0, 0, 2, 64, 0, 0, 0, 0, 0, 0, 0, 0, 0, 0, 0, 0, 0]",1,128,64.0,384.0,592764890,592772539,624842216,624844551,0,865,865,-1,1,7649,2335,512,64,64,2
12,3,"[2, 64, 0, 0, 0, 0, 0, 0, 0, 0, 0, 0, 0, 0, 0, 2, 64, 0, 0, 0, 0, 0, 0, 0, 0, 0, 0, 0, 0, 0]",1,128,64.0,384.0,592845305,592853548,624845416,624847751,0,832,832,-1,1,8243,2335,512,64,64,2
16,3,"[2, 64, 64, 3, 3, 0, 0, 0, 0, 0, 0, 0, 0, 0, 0, 4, 0, 0, 0, 0, 0, 0, 0, 0, 0, 0, 0, 0, 0, 0]",72,128,36864.0,147460.0,592928518,592936347,624848583,624851239,0,864,864,-1,1,7829,2656,512,64,64,2
12,3,"[2, 64, 64, 3, 3, 0, 0, 0, 0, 0, 0, 0, 0, 0, 0, 2, 64, 64, 3, 3, 0, 0, 0, 0, 0, 0, 0, 0, 0, 0]",72,128,36864.0,221184.0,593011024,593018592,624852103,624854695,0,768,768,-1,1,7568,2592,512,64,64,2
12,3,"[2, 64, 64, 3, 3, 0, 0, 0, 0, 0, 0, 0, 0, 0, 0, 2, 64, 64, 3, 3, 0, 0, 0, 0, 0, 0, 0, 0, 0, 0]",72,128,36864.0,221184.0,593093828,593101276,624855463,624858119,0,768,768,-1,1,7448,2656,512,64,64,2
16,3,"[2, 64, 0, 0, 0, 0, 0, 0, 0, 0, 0, 0, 0, 0, 0, 4, 0, 0, 0, 0, 0, 0, 0, 0, 0, 0, 0, 0, 0, 0]",1,128,64.0,260.0,593175238,593183438,624858887,624861191,0,672,672,-1,1,8200,2304,512,64,64,2
12,3,"[2, 64, 0, 0, 0, 0, 0, 0, 0, 0, 0, 0, 0, 0, 0, 2, 64, 0, 0, 0, 0, 0, 0, 0, 0, 0, 0, 0, 0, 0]",1,128,64.0,384.0,593258907,593266768,624861863,624864359,0,832,832,-1,1,7861,2496,512,64,64,2
12,3,"[2, 64, 0, 0, 0, 0, 0, 0, 0, 0, 0, 0, 0, 0, 0, 2, 64, 0, 0, 0, 0, 0, 0, 0, 0, 0, 0, 0, 0, 0]",1,128,64.0,384.0,593338775,593346320,624865191,624867527,0,672,672,-1,1,7545,2336,512,64,64,2
16,3,"[2, 64, 0, 0, 0, 0, 0, 0, 0, 0, 0, 0, 0, 0, 0, 4, 0, 0, 0, 0, 0, 0, 0, 0, 0, 0, 0, 0, 0, 0]",1,128,64.0,260.0,593419052,593427386,624868199,624870567,0,832,832,-1,1,8334,2368,512,64,64,2
12,3,"[2, 64, 0, 0, 0, 0, 0, 0, 0, 0, 0, 0, 0, 0, 0, 2, 64, 0, 0, 0, 0, 0, 0, 0, 0, 0, 0, 0, 0, 0]",1,128,64.0,384.0,593499898,593507537,624871399,624873766,0,832,832,-1,1,7639,2367,512,64,64,2
12,3,"[2, 64, 0, 0, 0, 0, 0, 0, 0, 0, 0, 0, 0, 0, 0, 2, 64, 0, 0, 0, 0, 0, 0, 0, 0, 0, 0, 0, 0, 0]",1,128,64.0,384.0,593581231,593588977,624874598,624876935,0,832,832,-1,1,7746,2337,512,64,64,2
16,3,"[2, 64, 64, 3, 3, 0, 0, 0, 0, 0, 0, 0, 0, 0, 0, 4, 0, 0, 0, 0, 0, 0, 0, 0, 0, 0, 0, 0, 0, 0]",72,128,36864.0,147460.0,593666081,593674459,624877767,624880391,0,704,704,-1,1,8378,2624,512,64,64,2
12,3,"[2, 64, 64, 3, 3, 0, 0, 0, 0, 0, 0, 0, 0, 0, 0, 2, 64, 64, 3, 3, 0, 0, 0, 0, 0, 0, 0, 0, 0, 0]",72,128,36864.0,221184.0,593750094,593757938,624881095,624883751,0,704,704,-1,1,7844,2656,512,64,64,2
12,3,"[2, 64, 64, 3, 3, 0, 0, 0, 0, 0, 0, 0, 0, 0, 0, 2, 64, 64, 3, 3, 0, 0, 0, 0, 0, 0, 0, 0, 0, 0]",72,128,36864.0,221184.0,593830778,593838460,624884455,624887174,0,736,736,-1,1,7682,2719,512,64,64,2
16,3,"[2, 64, 0, 0, 0, 0, 0, 0, 0, 0, 0, 0, 0, 0, 0, 4, 0, 0, 0, 0, 0, 0, 0, 0, 0, 0, 0, 0, 0, 0]",1,128,64.0,260.0,593913042,593921070,624887910,624890278,0,832,832,-1,1,8028,2368,512,64,64,2
12,3,"[2, 64, 0, 0, 0, 0, 0, 0, 0, 0, 0, 0, 0, 0, 0, 2, 64, 0, 0, 0, 0, 0, 0, 0, 0, 0, 0, 0, 0, 0]",1,128,64.0,384.0,593995356,594003371,624891110,624893510,0,800,800,-1,1,8015,2400,512,64,64,2
12,3,"[2, 64, 0, 0, 0, 0, 0, 0, 0, 0, 0, 0, 0, 0, 0, 2, 64, 0, 0, 0, 0, 0, 0, 0, 0, 0, 0, 0, 0, 0]",1,128,64.0,384.0,594076123,594083814,624894310,624896646,0,864,864,-1,1,7691,2336,512,64,64,2
16,3,"[2, 64, 0, 0, 0, 0, 0, 0, 0, 0, 0, 0, 0, 0, 0, 4, 0, 0, 0, 0, 0, 0, 0, 0, 0, 0, 0, 0, 0, 0]",1,128,64.0,260.0,594158025,594166091,624897510,624899846,0,736,736,-1,1,8066,2336,512,64,64,2
12,3,"[2, 64, 0, 0, 0, 0, 0, 0, 0, 0, 0, 0, 0, 0, 0, 2, 64, 0, 0, 0, 0, 0, 0, 0, 0, 0, 0, 0, 0, 0]",1,128,64.0,384.0,594239734,594247317,624900582,624902950,0,800,800,-1,1,7583,2368,512,64,64,2
12,3,"[2, 64, 0, 0, 0, 0, 0, 0, 0, 0, 0, 0, 0, 0, 0, 2, 64, 0, 0, 0, 0, 0, 0, 0, 0, 0, 0, 0, 0, 0]",1,128,64.0,384.0,594320702,594328313,624903750,624906118,0,800,800,-1,1,7611,2368,512,64,64,2
16,3,"[2, 128, 64, 3, 3, 0, 0, 0, 0, 0, 0, 0, 0, 0, 0, 4, 0, 0, 0, 0, 0, 0, 0, 0, 0, 0, 0, 0, 0, 0]",144,128,73728.0,294916.0,594412058,594421150,624906918,624910054,0,704,704,-1,1,9092,3136,512,64,64,2
12,3,"[2, 128, 64, 3, 3, 0, 0, 0, 0, 0, 0, 0, 0, 0, 0, 2, 128, 64, 3, 3, 0, 0, 0, 0, 0, 0, 0, 0, 0, 0]",144,128,73728.0,442368.0,594497536,594506154,624910758,624913734,0,672,672,-1,1,8618,2976,512,64,64,2
12,3,"[2, 128, 64, 3, 3, 0, 0, 0, 0, 0, 0, 0, 0, 0, 0, 2, 128, 64, 3, 3, 0, 0, 0, 0, 0, 0, 0, 0, 0, 0]",144,128,73728.0,442368.0,594583299,594591297,624914406,624917381,0,736,736,-1,1,7998,2975,512,64,64,2
16,3,"[2, 128, 0, 0, 0, 0, 0, 0, 0, 0, 0, 0, 0, 0, 0, 4, 0, 0, 0, 0, 0, 0, 0, 0, 0, 0, 0, 0, 0, 0]",1,128,128.0,516.0,594665567,594673489,624918117,624920453,0,864,864,-1,1,7922,2336,512,64,64,2
12,3,"[2, 128, 0, 0, 0, 0, 0, 0, 0, 0, 0, 0, 0, 0, 0, 2, 128, 0, 0, 0, 0, 0, 0, 0, 0, 0, 0, 0, 0, 0]",1,128,128.0,768.0,594746195,594754209,624921317,624923685,0,832,832,-1,1,8014,2368,512,64,64,2
12,3,"[2, 128, 0, 0, 0, 0, 0, 0, 0, 0, 0, 0, 0, 0, 0, 2, 128, 0, 0, 0, 0, 0, 0, 0, 0, 0, 0, 0, 0, 0]",1,128,128.0,768.0,594826175,594833752,624924517,624926917,0,800,800,-1,1,7577,2400,512,64,64,2
16,3,"[2, 128, 0, 0, 0, 0, 0, 0, 0, 0, 0, 0, 0, 0, 0, 4, 0, 0, 0, 0, 0, 0, 0, 0, 0, 0, 0, 0, 0, 0]",1,128,128.0,516.0,594907925,594916186,624927717,624930053,0,832,832,-1,1,8261,2336,512,64,64,2
12,3,"[2, 128, 0, 0, 0, 0, 0, 0, 0, 0, 0, 0, 0, 0, 0, 2, 128, 0, 0, 0, 0, 0, 0, 0, 0, 0, 0, 0, 0, 0]",1,128,128.0,768.0,594990875,594998585,624930885,624933253,0,672,672,-1,1,7710,2368,512,64,64,2
12,3,"[2, 128, 0, 0, 0, 0, 0, 0, 0, 0, 0, 0, 0, 0, 0, 2, 128, 0, 0, 0, 0, 0, 0, 0, 0, 0, 0, 0, 0, 0]",1,128,128.0,768.0,595071877,595079443,624933925,624936325,0,832,832,-1,1,7566,2400,512,64,64,2
16,3,"[2, 128, 128, 3, 3, 0, 0, 0, 0, 0, 0, 0, 0, 0, 0, 4, 0, 0, 0, 0, 0, 0, 0, 0, 0, 0, 0, 0, 0, 0]",288,128,147456.0,589828.0,595314249,595326510,624937157,624940901,0,800,800,-1,1,12261,3744,512,64,64,2
12,3,"[2, 128, 128, 3, 3, 0, 0, 0, 0, 0, 0, 0, 0, 0, 0, 2, 128, 128, 3, 3, 0, 0, 0, 0, 0, 0, 0, 0, 0, 0]",288,128,147456.0,884736.0,595415807,595425621,624941701,624945669,0,800,800,-1,1,9814,3968,512,64,64,2
12,3,"[2, 128, 128, 3, 3, 0, 0, 0, 0, 0, 0, 0, 0, 0, 0, 2, 128, 128, 3, 3, 0, 0, 0, 0, 0, 0, 0, 0, 0, 0]",288,128,147456.0,884736.0,595502616,595510475,624946469,624950341,0,832,832,-1,1,7859,3872,512,64,64,2
16,3,"[2, 128, 0, 0, 0, 0, 0, 0, 0, 0, 0, 0, 0, 0, 0, 4, 0, 0, 0, 0, 0, 0, 0, 0, 0, 0, 0, 0, 0, 0]",1,128,128.0,516.0,595585641,595594002,624951173,624953508,0,672,672,-1,1,8361,2335,512,64,64,2
12,3,"[2, 128, 0, 0, 0, 0, 0, 0, 0, 0, 0, 0, 0, 0, 0, 2, 128, 0, 0, 0, 0, 0, 0, 0, 0, 0, 0, 0, 0, 0]",1,128,128.0,768.0,595671045,595679205,624954180,624956580,0,769,769,-1,1,8160,2400,512,64,64,2
12,3,"[2, 128, 0, 0, 0, 0, 0, 0, 0, 0, 0, 0, 0, 0, 0, 2, 128, 0, 0, 0, 0, 0, 0, 0, 0, 0, 0, 0, 0, 0]",1,128,128.0,768.0,595752042,595759489,624957349,624959749,0,832,832,-1,1,7447,2400,512,64,64,2
16,3,"[2, 128, 0, 0, 0, 0, 0, 0, 0, 0, 0, 0, 0, 0, 0, 4, 0, 0, 0, 0, 0, 0, 0, 0, 0, 0, 0, 0, 0, 0]",1,128,128.0,516.0,595831536,595839800,624960581,624962948,0,704,704,-1,1,8264,2367,512,64,64,2
12,3,"[2, 128, 0, 0, 0, 0, 0, 0, 0, 0, 0, 0, 0, 0, 0, 2, 128, 0, 0, 0, 0, 0, 0, 0, 0, 0, 0, 0, 0, 0]",1,128,128.0,768.0,595912970,595920791,624963652,624966084,0,736,736,-1,1,7821,2432,512,64,64,2
12,3,"[2, 128, 0, 0, 0, 0, 0, 0, 0, 0, 0, 0, 0, 0, 0, 2, 128, 0, 0, 0, 0, 0, 0, 0, 0, 0, 0, 0, 0, 0]",1,128,128.0,768.0,595993241,596000659,624966820,624969252,0,800,800,-1,1,7418,2432,512,64,64,2
16,3,"[2, 128, 64, 1, 1, 0, 0, 0, 0, 0, 0, 0, 0, 0, 0, 4, 0, 0, 0, 0, 0, 0, 0, 0, 0, 0, 0, 0, 0, 0]",16,128,8192.0,32772.0,596074541,596082938,624970052,624972580,0,704,704,-1,1,8397,2528,512,64,64,2
12,3,"[2, 128, 64, 1, 1, 0, 0, 0, 0, 0, 0, 0, 0, 0, 0, 2, 128, 64, 1, 1, 0, 0, 0, 0, 0, 0, 0, 0, 0, 0]",16,128,8192.0,49152.0,596157810,596165527,624973284,624975812,0,832,832,-1,1,7717,2528,512,64,64,2
12,3,"[2, 128, 64, 1, 1, 0, 0, 0, 0, 0, 0, 0, 0, 0, 0, 2, 128, 64, 1, 1, 0, 0, 0, 0, 0, 0, 0, 0, 0, 0]",16,128,8192.0,49152.0,596238373,596245877,624976644,624979076,0,800,800,-1,1,7504,2432,512,64,64,2
16,3,"[2, 128, 0, 0, 0, 0, 0, 0, 0, 0, 0, 0, 0, 0, 0, 4, 0, 0, 0, 0, 0, 0, 0, 0, 0, 0, 0, 0, 0, 0]",1,128,128.0,516.0,596319147,596327075,624979876,624982244,0,799,799,-1,1,7928,2368,512,64,64,2
12,3,"[2, 128, 0, 0, 0, 0, 0, 0, 0, 0, 0, 0, 0, 0, 0, 2, 128, 0, 0, 0, 0, 0, 0, 0, 0, 0, 0, 0, 0, 0]",1,128,128.0,768.0,596400473,596408184,624983043,624985411,0,801,801,-1,1,7711,2368,512,64,64,2
12,3,"[2, 128, 0, 0, 0, 0, 0, 0, 0, 0, 0, 0, 0, 0, 0, 2, 128, 0, 0, 0, 0, 0, 0, 0, 0, 0, 0, 0, 0, 0]",1,128,128.0,768.0,596479674,596488989,624986212,624988612,0,800,800,-1,1,9315,2400,512,64,64,2
16,3,"[2, 128, 0, 0, 0, 0, 0, 0, 0, 0, 0, 0, 0, 0, 0, 4, 0, 0, 0, 0, 0, 0, 0, 0, 0, 0, 0, 0, 0, 0]",1,128,128.0,516.0,596563383,596571383,624989412,624991812,0,832,832,-1,1,8000,2400,512,64,64,2
12,3,"[2, 128, 0, 0, 0, 0, 0, 0, 0, 0, 0, 0, 0, 0, 0, 2, 128, 0, 0, 0, 0, 0, 0, 0, 0, 0, 0, 0, 0, 0]",1,128,128.0,768.0,596644829,596652509,624992644,624995012,0,799,799,-1,1,7680,2368,512,64,64,2
12,3,"[2, 128, 0, 0, 0, 0, 0, 0, 0, 0, 0, 0, 0, 0, 0, 2, 128, 0, 0, 0, 0, 0, 0, 0, 0, 0, 0, 0, 0, 0]",1,128,128.0,768.0,596724748,596732472,624995811,624998211,0,704,704,-1,1,7724,2400,512,64,64,2
16,3,"[2, 128, 128, 3, 3, 0, 0, 0, 0, 0, 0, 0, 0, 0, 0, 4, 0, 0, 0, 0, 0, 0, 0, 0, 0, 0, 0, 0, 0, 0]",288,128,147456.0,589828.0,596806005,596813841,624998915,625002755,0,672,672,-1,1,7836,3840,512,64,64,2
12,3,"[2, 128, 128, 3, 3, 0, 0, 0, 0, 0, 0, 0, 0, 0, 0, 2, 128, 128, 3, 3, 0, 0, 0, 0, 0, 0, 0, 0, 0, 0]",288,128,147456.0,884736.0,596886957,596894830,625003427,625007747,0,768,768,-1,1,7873,4320,512,64,64,2
12,3,"[2, 128, 128, 3, 3, 0, 0, 0, 0, 0, 0, 0, 0, 0, 0, 2, 128, 128, 3, 3, 0, 0, 0, 0, 0, 0, 0, 0, 0, 0]",288,128,147456.0,884736.0,596969902,596977709,625008515,625012003,0,832,832,-1,1,7807,3488,512,64,64,2
16,3,"[2, 128, 0, 0, 0, 0, 0, 0, 0, 0, 0, 0, 0, 0, 0, 4, 0, 0, 0, 0, 0, 0, 0, 0, 0, 0, 0, 0, 0, 0]",1,128,128.0,516.0,597051344,597059321,625012835,625015171,0,864,864,-1,1,7977,2336,512,64,64,2
12,3,"[2, 128, 0, 0, 0, 0, 0, 0, 0, 0, 0, 0, 0, 0, 0, 2, 128, 0, 0, 0, 0, 0, 0, 0, 0, 0, 0, 0, 0, 0]",1,128,128.0,768.0,597132116,597139922,625016035,625018403,0,704,704,-1,1,7806,2368,512,64,64,2
12,3,"[2, 128, 0, 0, 0, 0, 0, 0, 0, 0, 0, 0, 0, 0, 0, 2, 128, 0, 0, 0, 0, 0, 0, 0, 0, 0, 0, 0, 0, 0]",1,128,128.0,768.0,597213085,597220785,625019107,625021507,0,832,832,-1,1,7700,2400,512,64,64,2
16,3,"[2, 128, 0, 0, 0, 0, 0, 0, 0, 0, 0, 0, 0, 0, 0, 4, 0, 0, 0, 0, 0, 0, 0, 0, 0, 0, 0, 0, 0, 0]",1,128,128.0,516.0,597293605,597301554,625022339,625024643,0,864,864,-1,1,7949,2304,512,64,64,2
12,3,"[2, 128, 0, 0, 0, 0, 0, 0, 0, 0, 0, 0, 0, 0, 0, 2, 128, 0, 0, 0, 0, 0, 0, 0, 0, 0, 0, 0, 0, 0]",1,128,128.0,768.0,597373781,597383634,625025507,625027875,0,704,704,-1,1,9853,2368,512,64,64,2
12,3,"[2, 128, 0, 0, 0, 0, 0, 0, 0, 0, 0, 0, 0, 0, 0, 2, 128, 0, 0, 0, 0, 0, 0, 0, 0, 0, 0, 0, 0, 0]",1,128,128.0,768.0,597456794,597464711,625028579,625030979,0,832,832,-1,1,7917,2400,512,64,64,2
16,3,"[2, 128, 128, 3, 3, 0, 0, 0, 0, 0, 0, 0, 0, 0, 0, 4, 0, 0, 0, 0, 0, 0, 0, 0, 0, 0, 0, 0, 0, 0]",288,128,147456.0,589828.0,597538764,597546493,625031811,625035906,0,672,672,-1,1,7729,4095,512,64,64,2
12,3,"[2, 128, 128, 3, 3, 0, 0, 0, 0, 0, 0, 0, 0, 0, 0, 2, 128, 128, 3, 3, 0, 0, 0, 0, 0, 0, 0, 0, 0, 0]",288,128,147456.0,884736.0,597619554,597627330,625036578,625041058,0,832,832,-1,1,7776,4480,512,64,64,2
12,3,"[2, 128, 128, 3, 3, 0, 0, 0, 0, 0, 0, 0, 0, 0, 0, 2, 128, 128, 3, 3, 0, 0, 0, 0, 0, 0, 0, 0, 0, 0]",288,128,147456.0,884736.0,597700387,597708344,625041890,625045346,0,768,768,-1,1,7957,3456,512,64,64,2
16,3,"[2, 128, 0, 0, 0, 0, 0, 0, 0, 0, 0, 0, 0, 0, 0, 4, 0, 0, 0, 0, 0, 0, 0, 0, 0, 0, 0, 0, 0, 0]",1,128,128.0,516.0,597780646,597789114,625046114,625048514,0,832,832,-1,1,8468,2400,512,64,64,2
12,3,"[2, 128, 0, 0, 0, 0, 0, 0, 0, 0, 0, 0, 0, 0, 0, 2, 128, 0, 0, 0, 0, 0, 0, 0, 0, 0, 0, 0, 0, 0]",1,128,128.0,768.0,597861172,597869351,625049346,625052002,0,832,832,-1,1,8179,2656,512,64,64,2
12,3,"[2, 128, 0, 0, 0, 0, 0, 0, 0, 0, 0, 0, 0, 0, 0, 2, 128, 0, 0, 0, 0, 0, 0, 0, 0, 0, 0, 0, 0, 0]",1,128,128.0,768.0,597942223,597949635,625052834,625055202,0,832,832,-1,1,7412,2368,512,64,64,2
16,3,"[2, 128, 0, 0, 0, 0, 0, 0, 0, 0, 0, 0, 0, 0, 0, 4, 0, 0, 0, 0, 0, 0, 0, 0, 0, 0, 0, 0, 0, 0]",1,128,128.0,516.0,598024220,598032052,625056034,625058370,0,864,864,-1,1,7832,2336,512,64,64,2
12,3,"[2, 128, 0, 0, 0, 0, 0, 0, 0, 0, 0, 0, 0, 0, 0, 2, 128, 0, 0, 0, 0, 0, 0, 0, 0, 0, 0, 0, 0, 0]",1,128,128.0,768.0,598104506,598112074,625059234,625061570,0,831,831,-1,1,7568,2336,512,64,64,2
12,3,"[2, 128, 0, 0, 0, 0, 0, 0, 0, 0, 0, 0, 0, 0, 0, 2, 128, 0, 0, 0, 0, 0, 0, 0, 0, 0, 0, 0, 0, 0]",1,128,128.0,768.0,598185064,598192506,625062401,625064769,0,704,704,-1,1,7442,2368,512,64,64,2
16,3,"[2, 256, 128, 3, 3, 0, 0, 0, 0, 0, 0, 0, 0, 0, 0, 4, 0, 0, 0, 0, 0, 0, 0, 0, 0, 0, 0, 0, 0, 0]",576,128,294912.0,1179652.0,598266837,598277032,625065473,625071777,0,800,800,-1,1,10195,6304,512,64,64,2
12,3,"[2, 256, 128, 3, 3, 0, 0, 0, 0, 0, 0, 0, 0, 0, 0, 2, 256, 128, 3, 3, 0, 0, 0, 0, 0, 0, 0, 0, 0, 0]",576,128,294912.0,1769472.0,598352062,598360169,625072577,625078401,0,736,736,-1,1,8107,5824,512,64,64,2
12,3,"[2, 256, 128, 3, 3, 0, 0, 0, 0, 0, 0, 0, 0, 0, 0, 2, 256, 128, 3, 3, 0, 0, 0, 0, 0, 0, 0, 0, 0, 0]",576,128,294912.0,1769472.0,598442655,598450884,625079137,625084833,0,672,672,-1,1,8229,5696,512,64,64,2
16,3,"[2, 256, 0, 0, 0, 0, 0, 0, 0, 0, 0, 0, 0, 0, 0, 4, 0, 0, 0, 0, 0, 0, 0, 0, 0, 0, 0, 0, 0, 0]",1,128,256.0,1028.0,598525713,598533567,625085505,625087937,0,800,800,-1,1,7854,2432,512,64,64,2
12,3,"[2, 256, 0, 0, 0, 0, 0, 0, 0, 0, 0, 0, 0, 0, 0, 2, 256, 0, 0, 0, 0, 0, 0, 0, 0, 0, 0, 0, 0, 0]",1,128,256.0,1536.0,598606051,598613787,625088737,625091137,0,800,800,-1,1,7736,2400,512,64,64,2
12,3,"[2, 256, 0, 0, 0, 0, 0, 0, 0, 0, 0, 0, 0, 0, 0, 2, 256, 0, 0, 0, 0, 0, 0, 0, 0, 0, 0, 0, 0, 0]",1,128,256.0,1536.0,598814590,598824982,625091937,625094369,0,800,800,-1,1,10392,2432,512,64,64,2
16,3,"[2, 256, 0, 0, 0, 0, 0, 0, 0, 0, 0, 0, 0, 0, 0, 4, 0, 0, 0, 0, 0, 0, 0, 0, 0, 0, 0, 0, 0, 0]",1,128,256.0,1028.0,598910376,598919615,625095169,625097569,0,767,767,-1,1,9239,2400,512,64,64,2
12,3,"[2, 256, 0, 0, 0, 0, 0, 0, 0, 0, 0, 0, 0, 0, 0, 2, 256, 0, 0, 0, 0, 0, 0, 0, 0, 0, 0, 0, 0, 0]",1,128,256.0,1536.0,598994909,599002871,625098336,625100736,0,800,800,-1,1,7962,2400,512,64,64,2
12,3,"[2, 256, 0, 0, 0, 0, 0, 0, 0, 0, 0, 0, 0, 0, 0, 2, 256, 0, 0, 0, 0, 0, 0, 0, 0, 0, 0, 0, 0, 0]",1,128,256.0,1536.0,599075582,599083561,625101536,625103936,0,800,800,-1,1,7979,2400,512,64,64,2
16,3,"[2, 256, 256, 3, 3, 0, 0, 0, 0, 0, 0, 0, 0, 0, 0, 4, 0, 0, 0, 0, 0, 0, 0, 0, 0, 0, 0, 0, 0, 0]",1152,128,589824.0,2359300.0,599159649,599167654,625104736,625115552,0,736,736,-1,1,8005,10816,512,64,64,2
12,3,"[2, 256, 256, 3, 3, 0, 0, 0, 0, 0, 0, 0, 0, 0, 0, 2, 256, 256, 3, 3, 0, 0, 0, 0, 0, 0, 0, 0, 0, 0]",1152,128,589824.0,3538944.0,599242165,599249972,625116288,625123968,0,832,832,-1,1,7807,7680,512,64,64,2
12,3,"[2, 256, 256, 3, 3, 0, 0, 0, 0, 0, 0, 0, 0, 0, 0, 2, 256, 256, 3, 3, 0, 0, 0, 0, 0, 0, 0, 0, 0, 0]",1152,128,589824.0,3538944.0,599321493,599331178,625124800,625134688,0,832,832,-1,1,9685,9888,512,64,64,2
16,3,"[2, 256, 0, 0, 0, 0, 0, 0, 0, 0, 0, 0, 0, 0, 0, 4, 0, 0, 0, 0, 0, 0, 0, 0, 0, 0, 0, 0, 0, 0]",1,128,256.0,1028.0,599404643,599412487,625135520,625138016,0,704,704,-1,1,7844,2496,512,64,64,2
12,3,"[2, 256, 0, 0, 0, 0, 0, 0, 0, 0, 0, 0, 0, 0, 0, 2, 256, 0, 0, 0, 0, 0, 0, 0, 0, 0, 0, 0, 0, 0]",1,128,256.0,1536.0,599484621,599492626,625138720,625141183,0,737,737,-1,1,8005,2463,512,64,64,2
12,3,"[2, 256, 0, 0, 0, 0, 0, 0, 0, 0, 0, 0, 0, 0, 0, 2, 256, 0, 0, 0, 0, 0, 0, 0, 0, 0, 0, 0, 0, 0]",1,128,256.0,1536.0,599563690,599571363,625141920,625144351,0,801,801,-1,1,7673,2431,512,64,64,2
16,3,"[2, 256, 0, 0, 0, 0, 0, 0, 0, 0, 0, 0, 0, 0, 0, 4, 0, 0, 0, 0, 0, 0, 0, 0, 0, 0, 0, 0, 0, 0]",1,128,256.0,1028.0,599642674,599650892,625145152,625147583,0,736,736,-1,1,8218,2431,512,64,64,2
12,3,"[2, 256, 0, 0, 0, 0, 0, 0, 0, 0, 0, 0, 0, 0, 0, 2, 256, 0, 0, 0, 0, 0, 0, 0, 0, 0, 0, 0, 0, 0]",1,128,256.0,1536.0,599724314,599731934,625148319,625150751,0,768,768,-1,1,7620,2432,512,64,64,2
12,3,"[2, 256, 0, 0, 0, 0, 0, 0, 0, 0, 0, 0, 0, 0, 0, 2, 256, 0, 0, 0, 0, 0, 0, 0, 0, 0, 0, 0, 0, 0]",1,128,256.0,1536.0,599805908,599813883,625151519,625153919,0,768,768,-1,1,7975,2400,512,64,64,2
16,3,"[2, 256, 128, 1, 1, 0, 0, 0, 0, 0, 0, 0, 0, 0, 0, 4, 0, 0, 0, 0, 0, 0, 0, 0, 0, 0, 0, 0, 0, 0]",64,128,32768.0,131076.0,599887710,599895990,625154687,625157567,0,736,736,-1,1,8280,2880,512,64,64,2
12,3,"[2, 256, 128, 1, 1, 0, 0, 0, 0, 0, 0, 0, 0, 0, 0, 2, 256, 128, 1, 1, 0, 0, 0, 0, 0, 0, 0, 0, 0, 0]",64,128,32768.0,196608.0,599969695,599977389,625158303,625161471,0,800,800,-1,1,7694,3168,512,64,64,2
12,3,"[2, 256, 128, 1, 1, 0, 0, 0, 0, 0, 0, 0, 0, 0, 0, 2, 256, 128, 1, 1, 0, 0, 0, 0, 0, 0, 0, 0, 0, 0]",64,128,32768.0,196608.0,600049005,600056707,625162271,625164959,0,736,736,-1,1,7702,2688,512,64,64,2
16,3,"[2, 256, 0, 0, 0, 0, 0, 0, 0, 0, 0, 0, 0, 0, 0, 4, 0, 0, 0, 0, 0, 0, 0, 0, 0, 0, 0, 0, 0, 0]",1,128,256.0,1028.0,600128851,600136757,625165695,625168095,0,768,768,-1,1,7906,2400,512,64,64,2
12,3,"[2, 256, 0, 0, 0, 0, 0, 0, 0, 0, 0, 0, 0, 0, 0, 2, 256, 0, 0, 0, 0, 0, 0, 0, 0, 0, 0, 0, 0, 0]",1,128,256.0,1536.0,600208267,600217810,625168863,625171359,0,735,735,-1,1,9543,2496,512,64,64,2
12,3,"[2, 256, 0, 0, 0, 0, 0, 0, 0, 0, 0, 0, 0, 0, 0, 2, 256, 0, 0, 0, 0, 0, 0, 0, 0, 0, 0, 0, 0, 0]",1,128,256.0,1536.0,600290275,600297881,625172094,625174559,0,735,735,-1,1,7606,2465,512,64,64,2
16,3,"[2, 256, 0, 0, 0, 0, 0, 0, 0, 0, 0, 0, 0, 0, 0, 4, 0, 0, 0, 0, 0, 0, 0, 0, 0, 0, 0, 0, 0, 0]",1,128,256.0,1028.0,600370166,600377814,625175294,625177694,0,769,769,-1,1,7648,2400,512,64,64,2
12,3,"[2, 256, 0, 0, 0, 0, 0, 0, 0, 0, 0, 0, 0, 0, 0, 2, 256, 0, 0, 0, 0, 0, 0, 0, 0, 0, 0, 0, 0, 0]",1,128,256.0,1536.0,600450445,600458077,625178463,625180926,0,768,768,-1,1,7632,2463,512,64,64,2
12,3,"[2, 256, 0, 0, 0, 0, 0, 0, 0, 0, 0, 0, 0, 0, 0, 2, 256, 0, 0, 0, 0, 0, 0, 0, 0, 0, 0, 0, 0, 0]",1,128,256.0,1536.0,600531973,600539527,625181694,625184094,0,768,768,-1,1,7554,2400,512,64,64,2
16,3,"[2, 256, 256, 3, 3, 0, 0, 0, 0, 0, 0, 0, 0, 0, 0, 4, 0, 0, 0, 0, 0, 0, 0, 0, 0, 0, 0, 0, 0, 0]",1152,128,589824.0,2359300.0,600613360,600621202,625184862,625195998,0,864,864,-1,1,7842,11136,512,64,64,2
12,3,"[2, 256, 256, 3, 3, 0, 0, 0, 0, 0, 0, 0, 0, 0, 0, 2, 256, 256, 3, 3, 0, 0, 0, 0, 0, 0, 0, 0, 0, 0]",1152,128,589824.0,3538944.0,600694675,600702406,625196862,625204670,0,832,832,-1,1,7731,7808,512,64,64,2
12,3,"[2, 256, 256, 3, 3, 0, 0, 0, 0, 0, 0, 0, 0, 0, 0, 2, 256, 256, 3, 3, 0, 0, 0, 0, 0, 0, 0, 0, 0, 0]",1152,128,589824.0,3538944.0,600776534,600784303,625205502,625215806,0,832,832,-1,1,7769,10304,512,64,64,2
16,3,"[2, 256, 0, 0, 0, 0, 0, 0, 0, 0, 0, 0, 0, 0, 0, 4, 0, 0, 0, 0, 0, 0, 0, 0, 0, 0, 0, 0, 0, 0]",1,128,256.0,1028.0,600855114,600862770,625216638,625219197,0,673,673,-1,1,7656,2559,512,64,64,2
12,3,"[2, 256, 0, 0, 0, 0, 0, 0, 0, 0, 0, 0, 0, 0, 0, 2, 256, 0, 0, 0, 0, 0, 0, 0, 0, 0, 0, 0, 0, 0]",1,128,256.0,1536.0,600934983,600942458,625219870,625222333,0,768,768,-1,1,7475,2463,512,64,64,2
12,3,"[2, 256, 0, 0, 0, 0, 0, 0, 0, 0, 0, 0, 0, 0, 0, 2, 256, 0, 0, 0, 0, 0, 0, 0, 0, 0, 0, 0, 0, 0]",1,128,256.0,1536.0,601014424,601021832,625223101,625225533,0,736,736,-1,1,7408,2432,512,64,64,2
16,3,"[2, 256, 0, 0, 0, 0, 0, 0, 0, 0, 0, 0, 0, 0, 0, 4, 0, 0, 0, 0, 0, 0, 0, 0, 0, 0, 0, 0, 0, 0]",1,128,256.0,1028.0,601095300,601105044,625226269,625228797,0,704,704,-1,1,9744,2528,512,64,64,2
12,3,"[2, 256, 0, 0, 0, 0, 0, 0, 0, 0, 0, 0, 0, 0, 0, 2, 256, 0, 0, 0, 0, 0, 0, 0, 0, 0, 0, 0, 0, 0]",1,128,256.0,1536.0,601177685,601185178,625229501,625231997,0,672,672,-1,1,7493,2496,512,64,64,2
12,3,"[2, 256, 0, 0, 0, 0, 0, 0, 0, 0, 0, 0, 0, 0, 0, 2, 256, 0, 0, 0, 0, 0, 0, 0, 0, 0, 0, 0, 0, 0]",1,128,256.0,1536.0,601257023,601264196,625232669,625235101,0,768,768,-1,1,7173,2432,512,64,64,2
16,3,"[2, 256, 256, 3, 3, 0, 0, 0, 0, 0, 0, 0, 0, 0, 0, 4, 0, 0, 0, 0, 0, 0, 0, 0, 0, 0, 0, 0, 0, 0]",1152,128,589824.0,2359300.0,601338177,601346272,625235869,625247069,0,672,672,-1,1,8095,11200,512,64,64,2
12,3,"[2, 256, 256, 3, 3, 0, 0, 0, 0, 0, 0, 0, 0, 0, 0, 2, 256, 256, 3, 3, 0, 0, 0, 0, 0, 0, 0, 0, 0, 0]",1152,128,589824.0,3538944.0,601420412,601427894,625247741,625255677,0,799,799,-1,1,7482,7936,512,64,64,2
12,3,"[2, 256, 256, 3, 3, 0, 0, 0, 0, 0, 0, 0, 0, 0, 0, 2, 256, 256, 3, 3, 0, 0, 0, 0, 0, 0, 0, 0, 0, 0]",1152,128,589824.0,3538944.0,601502147,601509704,625256476,625266460,0,768,768,-1,1,7557,9984,512,64,64,2
16,3,"[2, 256, 0, 0, 0, 0, 0, 0, 0, 0, 0, 0, 0, 0, 0, 4, 0, 0, 0, 0, 0, 0, 0, 0, 0, 0, 0, 0, 0, 0]",1,128,256.0,1028.0,601582203,601589787,625267228,625269692,0,768,768,-1,1,7584,2464,512,64,64,2
12,3,"[2, 256, 0, 0, 0, 0, 0, 0, 0, 0, 0, 0, 0, 0, 0, 2, 256, 0, 0, 0, 0, 0, 0, 0, 0, 0, 0, 0, 0, 0]",1,128,256.0,1536.0,601662382,601670156,625270460,625272892,0,736,736,-1,1,7774,2432,512,64,64,2
12,3,"[2, 256, 0, 0, 0, 0, 0, 0, 0, 0, 0, 0, 0, 0, 0, 2, 256, 0, 0, 0, 0, 0, 0, 0, 0, 0, 0, 0, 0, 0]",1,128,256.0,1536.0,601744518,601752541,625273628,625276092,0,768,768,-1,1,8023,2464,512,64,64,2
16,3,"[2, 256, 0, 0, 0, 0, 0, 0, 0, 0, 0, 0, 0, 0, 0, 4, 0, 0, 0, 0, 0, 0, 0, 0, 0, 0, 0, 0, 0, 0]",1,128,256.0,1028.0,601824776,601832658,625276860,625279292,0,736,736,-1,1,7882,2432,512,64,64,2
12,3,"[2, 256, 0, 0, 0, 0, 0, 0, 0, 0, 0, 0, 0, 0, 0, 2, 256, 0, 0, 0, 0, 0, 0, 0, 0, 0, 0, 0, 0, 0]",1,128,256.0,1536.0,601905791,601913497,625280028,625282491,0,737,737,-1,1,7706,2463,512,64,64,2
12,3,"[2, 256, 0, 0, 0, 0, 0, 0, 0, 0, 0, 0, 0, 0, 0, 2, 256, 0, 0, 0, 0, 0, 0, 0, 0, 0, 0, 0, 0, 0]",1,128,256.0,1536.0,601988740,601996668,625283228,625285691,0,769,769,-1,1,7928,2463,512,64,64,2
16,3,"[2, 512, 256, 3, 3, 0, 0, 0, 0, 0, 0, 0, 0, 0, 0, 4, 0, 0, 0, 0, 0, 0, 0, 0, 0, 0, 0, 0, 0, 0]",2304,128,1179648.0,4718596.0,602071830,602080095,625286460,625307067,0,800,800,-1,1,8265,20607,512,64,64,2
12,3,"[2, 512, 256, 3, 3, 0, 0, 0, 0, 0, 0, 0, 0, 0, 0, 2, 512, 256, 3, 3, 0, 0, 0, 0, 0, 0, 0, 0, 0, 0]",2304,128,1179648.0,7077888.0,602276003,602285512,625307867,625328506,0,672,672,-1,1,9509,20639,512,64,64,2
12,3,"[2, 512, 256, 3, 3, 0, 0, 0, 0, 0, 0, 0, 0, 0, 0, 2, 512, 256, 3, 3, 0, 0, 0, 0, 0, 0, 0, 0, 0, 0]",2304,128,1179648.0,7077888.0,602369371,602384040,625329178,625352058,0,736,736,-1,1,14669,22880,512,64,64,2
16,3,"[2, 512, 0, 0, 0, 0, 0, 0, 0, 0, 0, 0, 0, 0, 0, 4, 0, 0, 0, 0, 0, 0, 0, 0, 0, 0, 0, 0, 0, 0]",1,128,512.0,2052.0,602465898,602474918,625352794,625355546,0,672,672,-1,1,9020,2752,512,64,64,2
12,3,"[2, 512, 0, 0, 0, 0, 0, 0, 0, 0, 0, 0, 0, 0, 0, 2, 512, 0, 0, 0, 0, 0, 0, 0, 0, 0, 0, 0, 0, 0]",1,128,512.0,3072.0,602548821,602557402,625356218,625359002,0,800,800,-1,1,8581,2784,512,64,64,2
12,3,"[2, 512, 0, 0, 0, 0, 0, 0, 0, 0, 0, 0, 0, 0, 0, 2, 512, 0, 0, 0, 0, 0, 0, 0, 0, 0, 0, 0, 0, 0]",1,128,512.0,3072.0,602630184,602637791,625359802,625362202,0,832,832,-1,1,7607,2400,512,64,64,2
16,3,"[2, 512, 0, 0, 0, 0, 0, 0, 0, 0, 0, 0, 0, 0, 0, 4, 0, 0, 0, 0, 0, 0, 0, 0, 0, 0, 0, 0, 0, 0]",1,128,512.0,2052.0,602711117,602718928,625363034,625365465,0,769,769,-1,1,7811,2431,512,64,64,2
12,3,"[2, 512, 0, 0, 0, 0, 0, 0, 0, 0, 0, 0, 0, 0, 0, 2, 512, 0, 0, 0, 0, 0, 0, 0, 0, 0, 0, 0, 0, 0]",1,128,512.0,3072.0,602792245,602800249,625366234,625368633,0,768,768,-1,1,8004,2399,512,64,64,2
12,3,"[2, 512, 0, 0, 0, 0, 0, 0, 0, 0, 0, 0, 0, 0, 0, 2, 512, 0, 0, 0, 0, 0, 0, 0, 0, 0, 0, 0, 0, 0]",1,128,512.0,3072.0,602873484,602881179,625369401,625371833,0,800,800,-1,1,7695,2432,512,64,64,2
16,3,"[2, 512, 512, 3, 3, 0, 0, 0, 0, 0, 0, 0, 0, 0, 0, 4, 0, 0, 0, 0, 0, 0, 0, 0, 0, 0, 0, 0, 0, 0]",4608,128,2359296.0,9437188.0,602955911,602964141,625372633,625412536,0,800,800,-1,1,8230,39903,512,64,64,2
12,3,"[2, 512, 512, 3, 3, 0, 0, 0, 0, 0, 0, 0, 0, 0, 0, 2, 512, 512, 3, 3, 0, 0, 0, 0, 0, 0, 0, 0, 0, 0]",4608,128,2359296.0,14155776.0,603040596,603048537,625413336,625470678,0,704,704,-1,1,7941,57342,512,64,64,2
12,3,"[2, 512, 512, 3, 3, 0, 0, 0, 0, 0, 0, 0, 0, 0, 0, 2, 512, 512, 3, 3, 0, 0, 0, 0, 0, 0, 0, 0, 0, 0]",4608,128,2359296.0,14155776.0,603123530,603131402,625471382,625528213,0,704,704,-1,1,7872,56831,512,64,64,2
16,3,"[2, 512, 0, 0, 0, 0, 0, 0, 0, 0, 0, 0, 0, 0, 0, 4, 0, 0, 0, 0, 0, 0, 0, 0, 0, 0, 0, 0, 0, 0]",1,128,512.0,2052.0,603205770,603214229,625528917,625531829,0,672,672,-1,1,8459,2912,512,64,64,2
12,3,"[2, 512, 0, 0, 0, 0, 0, 0, 0, 0, 0, 0, 0, 0, 0, 2, 512, 0, 0, 0, 0, 0, 0, 0, 0, 0, 0, 0, 0, 0]",1,128,512.0,3072.0,603287235,603294835,625532501,625535349,0,800,800,-1,1,7600,2848,512,64,64,2
12,3,"[2, 512, 0, 0, 0, 0, 0, 0, 0, 0, 0, 0, 0, 0, 0, 2, 512, 0, 0, 0, 0, 0, 0, 0, 0, 0, 0, 0, 0, 0]",1,128,512.0,3072.0,603367162,603374903,625536149,625538549,0,800,800,-1,1,7741,2400,512,64,64,2
16,3,"[2, 512, 0, 0, 0, 0, 0, 0, 0, 0, 0, 0, 0, 0, 0, 4, 0, 0, 0, 0, 0, 0, 0, 0, 0, 0, 0, 0, 0, 0]",1,128,512.0,2052.0,603447723,603455824,625539349,625541749,0,800,800,-1,1,8101,2400,512,64,64,2
12,3,"[2, 512, 0, 0, 0, 0, 0, 0, 0, 0, 0, 0, 0, 0, 0, 2, 512, 0, 0, 0, 0, 0, 0, 0, 0, 0, 0, 0, 0, 0]",1,128,512.0,3072.0,603528256,603535814,625542549,625544980,0,769,769,-1,1,7558,2431,512,64,64,2
12,3,"[2, 512, 0, 0, 0, 0, 0, 0, 0, 0, 0, 0, 0, 0, 0, 2, 512, 0, 0, 0, 0, 0, 0, 0, 0, 0, 0, 0, 0, 0]",1,128,512.0,3072.0,603608080,603615415,625545749,625548149,0,800,800,-1,1,7335,2400,512,64,64,2
16,3,"[2, 512, 256, 1, 1, 0, 0, 0, 0, 0, 0, 0, 0, 0, 0, 4, 0, 0, 0, 0, 0, 0, 0, 0, 0, 0, 0, 0, 0, 0]",256,128,131072.0,524292.0,603689486,603697780,625548949,625553268,0,768,768,-1,1,8294,4319,512,64,64,2
12,3,"[2, 512, 256, 1, 1, 0, 0, 0, 0, 0, 0, 0, 0, 0, 0, 2, 512, 256, 1, 1, 0, 0, 0, 0, 0, 0, 0, 0, 0, 0]",256,128,131072.0,786432.0,603771051,603778852,625554036,625558516,0,800,800,-1,1,7801,4480,512,64,64,2
12,3,"[2, 512, 256, 1, 1, 0, 0, 0, 0, 0, 0, 0, 0, 0, 0, 2, 512, 256, 1, 1, 0, 0, 0, 0, 0, 0, 0, 0, 0, 0]",256,128,131072.0,786432.0,603851175,603858906,625559316,625562708,0,672,672,-1,1,7731,3392,512,64,64,2
16,3,"[2, 512, 0, 0, 0, 0, 0, 0, 0, 0, 0, 0, 0, 0, 0, 4, 0, 0, 0, 0, 0, 0, 0, 0, 0, 0, 0, 0, 0, 0]",1,128,512.0,2052.0,603933799,603941983,625563380,625565844,0,704,704,-1,1,8184,2464,512,64,64,2
12,3,"[2, 512, 0, 0, 0, 0, 0, 0, 0, 0, 0, 0, 0, 0, 0, 2, 512, 0, 0, 0, 0, 0, 0, 0, 0, 0, 0, 0, 0, 0]",1,128,512.0,3072.0,604014779,604022534,625566548,625568980,0,832,832,-1,1,7755,2432,512,64,64,2
12,3,"[2, 512, 0, 0, 0, 0, 0, 0, 0, 0, 0, 0, 0, 0, 0, 2, 512, 0, 0, 0, 0, 0, 0, 0, 0, 0, 0, 0, 0, 0]",1,128,512.0,3072.0,604095432,604103244,625569812,625572276,0,704,704,-1,1,7812,2464,512,64,64,2
16,3,"[2, 512, 0, 0, 0, 0, 0, 0, 0, 0, 0, 0, 0, 0, 0, 4, 0, 0, 0, 0, 0, 0, 0, 0, 0, 0, 0, 0, 0, 0]",1,128,512.0,2052.0,604177558,604185918,625572980,625575380,0,768,768,-1,1,8360,2400,512,64,64,2
12,3,"[2, 512, 0, 0, 0, 0, 0, 0, 0, 0, 0, 0, 0, 0, 0, 2, 512, 0, 0, 0, 0, 0, 0, 0, 0, 0, 0, 0, 0, 0]",1,128,512.0,3072.0,604258357,604265910,625576148,625578612,0,768,768,-1,1,7553,2464,512,64,64,2
12,3,"[2, 512, 0, 0, 0, 0, 0, 0, 0, 0, 0, 0, 0, 0, 0, 2, 512, 0, 0, 0, 0, 0, 0, 0, 0, 0, 0, 0, 0, 0]",1,128,512.0,3072.0,604338225,604345765,625579380,625581876,0,672,672,-1,1,7540,2496,512,64,64,2
16,3,"[2, 512, 512, 3, 3, 0, 0, 0, 0, 0, 0, 0, 0, 0, 0, 4, 0, 0, 0, 0, 0, 0, 0, 0, 0, 0, 0, 0, 0, 0]",4608,128,2359296.0,9437188.0,604419467,604427245,625582548,625622802,0,832,832,-1,1,7778,40254,512,64,64,2
12,3,"[2, 512, 512, 3, 3, 0, 0, 0, 0, 0, 0, 0, 0, 0, 0, 2, 512, 512, 3, 3, 0, 0, 0, 0, 0, 0, 0, 0, 0, 0]",4608,128,2359296.0,14155776.0,604502192,604509606,625623634,625681393,0,800,800,-1,1,7414,57759,512,64,64,2
12,3,"[2, 512, 512, 3, 3, 0, 0, 0, 0, 0, 0, 0, 0, 0, 0, 2, 512, 512, 3, 3, 0, 0, 0, 0, 0, 0, 0, 0, 0, 0]",4608,128,2359296.0,14155776.0,604582388,604590350,625682193,625739311,0,768,768,-1,1,7962,57118,512,64,64,2
16,3,"[2, 512, 0, 0, 0, 0, 0, 0, 0, 0, 0, 0, 0, 0, 0, 4, 0, 0, 0, 0, 0, 0, 0, 0, 0, 0, 0, 0, 0, 0]",1,128,512.0,2052.0,604663948,604671700,625740079,625743119,0,736,736,-1,1,7752,3040,512,64,64,2
12,3,"[2, 512, 0, 0, 0, 0, 0, 0, 0, 0, 0, 0, 0, 0, 0, 2, 512, 0, 0, 0, 0, 0, 0, 0, 0, 0, 0, 0, 0, 0]",1,128,512.0,3072.0,604744839,604752248,625743855,625746607,0,832,832,-1,1,7409,2752,512,64,64,2
12,3,"[2, 512, 0, 0, 0, 0, 0, 0, 0, 0, 0, 0, 0, 0, 0, 2, 512, 0, 0, 0, 0, 0, 0, 0, 0, 0, 0, 0, 0, 0]",1,128,512.0,3072.0,604826462,604833800,625747439,625749839,0,832,832,-1,1,7338,2400,512,64,64,2
16,3,"[2, 512, 0, 0, 0, 0, 0, 0, 0, 0, 0, 0, 0, 0, 0, 4, 0, 0, 0, 0, 0, 0, 0, 0, 0, 0, 0, 0, 0, 0]",1,128,512.0,2052.0,604905855,604913866,625750671,625753071,0,800,800,-1,1,8011,2400,512,64,64,2
12,3,"[2, 512, 0, 0, 0, 0, 0, 0, 0, 0, 0, 0, 0, 0, 0, 2, 512, 0, 0, 0, 0, 0, 0, 0, 0, 0, 0, 0, 0, 0]",1,128,512.0,3072.0,604985394,604993000,625753871,625756271,0,800,800,-1,1,7606,2400,512,64,64,2
12,3,"[2, 512, 0, 0, 0, 0, 0, 0, 0, 0, 0, 0, 0, 0, 0, 2, 512, 0, 0, 0, 0, 0, 0, 0, 0, 0, 0, 0, 0, 0]",1,128,512.0,3072.0,605065396,605072668,625757071,625759439,0,768,768,-1,1,7272,2368,512,64,64,2
16,3,"[2, 512, 512, 3, 3, 0, 0, 0, 0, 0, 0, 0, 0, 0, 0, 4, 0, 0, 0, 0, 0, 0, 0, 0, 0, 0, 0, 0, 0, 0]",4608,128,2359296.0,9437188.0,605146603,605154394,625760207,625799918,0,736,736,-1,1,7791,39711,512,64,64,2
12,3,"[2, 512, 512, 3, 3, 0, 0, 0, 0, 0, 0, 0, 0, 0, 0, 2, 512, 512, 3, 3, 0, 0, 0, 0, 0, 0, 0, 0, 0, 0]",4608,128,2359296.0,14155776.0,605227694,605235105,625800654,625858348,0,800,800,-1,1,7411,57694,512,64,64,2
12,3,"[2, 512, 512, 3, 3, 0, 0, 0, 0, 0, 0, 0, 0, 0, 0, 2, 512, 512, 3, 3, 0, 0, 0, 0, 0, 0, 0, 0, 0, 0]",4608,128,2359296.0,14155776.0,605308827,605316120,625859148,625916522,0,801,801,-1,1,7293,57374,512,64,64,2
16,3,"[2, 512, 0, 0, 0, 0, 0, 0, 0, 0, 0, 0, 0, 0, 0, 4, 0, 0, 0, 0, 0, 0, 0, 0, 0, 0, 0, 0, 0, 0]",1,128,512.0,2052.0,605388322,605396522,625917323,625920235,0,672,672,-1,1,8200,2912,512,64,64,2
12,3,"[2, 512, 0, 0, 0, 0, 0, 0, 0, 0, 0, 0, 0, 0, 0, 2, 512, 0, 0, 0, 0, 0, 0, 0, 0, 0, 0, 0, 0, 0]",1,128,512.0,3072.0,605470837,605478615,625920907,625923723,0,767,767,-1,1,7778,2816,512,64,64,2
12,3,"[2, 512, 0, 0, 0, 0, 0, 0, 0, 0, 0, 0, 0, 0, 0, 2, 512, 0, 0, 0, 0, 0, 0, 0, 0, 0, 0, 0, 0, 0]",1,128,512.0,3072.0,605551597,605559098,625924490,625926923,0,799,799,-1,1,7501,2433,512,64,64,2
16,3,"[2, 512, 0, 0, 0, 0, 0, 0, 0, 0, 0, 0, 0, 0, 0, 4, 0, 0, 0, 0, 0, 0, 0, 0, 0, 0, 0, 0, 0, 0]",1,128,512.0,2052.0,605631661,605641553,625927722,625930090,0,800,800,-1,1,9892,2368,512,64,64,2
12,3,"[2, 512, 0, 0, 0, 0, 0, 0, 0, 0, 0, 0, 0, 0, 0, 2, 512, 0, 0, 0, 0, 0, 0, 0, 0, 0, 0, 0, 0, 0]",1,128,512.0,3072.0,605847013,605857599,625930890,625933322,0,864,864,-1,1,10586,2432,512,64,64,2
12,3,"[2, 512, 0, 0, 0, 0, 0, 0, 0, 0, 0, 0, 0, 0, 0, 2, 512, 0, 0, 0, 0, 0, 0, 0, 0, 0, 0, 0, 0, 0]",1,128,512.0,3072.0,605936450,605945264,625934186,625936586,0,672,672,-1,1,8814,2400,512,64,64,2
16,3,"[2, 192, 512, 0, 0, 0, 0, 0, 0, 0, 0, 0, 0, 0, 0, 4, 0, 0, 0, 0, 0, 0, 0, 0, 0, 0, 0, 0, 0, 0]",192,128,98304.0,393220.0,606024349,606032786,625937258,625941066,0,672,672,-1,1,8437,3808,512,64,64,2
12,3,"[2, 192, 512, 0, 0, 0, 0, 0, 0, 0, 0, 0, 0, 0, 0, 2, 192, 512, 0, 0, 0, 0, 0, 0, 0, 0, 0, 0, 0, 0]",192,128,98304.0,589824.0,606108102,606116370,625941738,625945898,0,768,768,-1,1,8268,4160,512,64,64,2
12,3,"[2, 192, 512, 0, 0, 0, 0, 0, 0, 0, 0, 0, 0, 0, 0, 2, 192, 512, 0, 0, 0, 0, 0, 0, 0, 0, 0, 0, 0, 0]",192,128,98304.0,589824.0,606190577,606198261,625946666,625949994,0,736,736,-1,1,7684,3328,512,64,64,2
16,3,"[2, 192, 0, 0, 0, 0, 0, 0, 0, 0, 0, 0, 0, 0, 0, 4, 0, 0, 0, 0, 0, 0, 0, 0, 0, 0, 0, 0, 0, 0]",1,128,192.0,772.0,606272384,606282591,625950730,625953258,0,767,767,-1,1,10207,2528,512,64,64,2
12,3,"[2, 192, 0, 0, 0, 0, 0, 0, 0, 0, 0, 0, 0, 0, 0, 2, 192, 0, 0, 0, 0, 0, 0, 0, 0, 0, 0, 0, 0, 0]",1,128,192.0,1152.0,606356885,606364734,625954025,625956458,0,735,735,-1,1,7849,2433,512,64,64,2
12,3,"[2, 192, 0, 0, 0, 0, 0, 0, 0, 0, 0, 0, 0, 0, 0, 2, 192, 0, 0, 0, 0, 0, 0, 0, 0, 0, 0, 0, 0, 0]",1,128,192.0,1152.0,606444730,606452959,625957193,625959625,0,0,0,-1,1,8229,2432,512,64,64,2
