op,dir,params,grid,block,flops,bytes,rStartTime,rEndTime,kStartTime,kEndTime,staticSharedMemory,space,space1,seq,kernels,rduration,kduration,batch,h,w,input_type
203,1,"[2, 3, 128, 128, 24, 64, 64, 3, 3, 1, 1, 2, 2, 1, 1, 1, 4, 0, 0, 0, 0, 0, 0, 0, 0, 0, 0, 0, 0, 0]",64,256,10616832.0,1182240.0,859116339,859142327,859132500,859168307,5376,187710,181790,34889,2,23328,29887,2,128,128,1
205,1,"[4, 0, 0, 0, 0, 0, 0, 0, 0, 0, 0, 0, 0, 0, 0, 4, 0, 0, 0, 0, 0, 0, 0, 0, 0, 0, 0, 0, 0, 0]",24,512,1572864.0,3145728.0,859337907,859666546,859350097,859684750,144,516762,203741,34890,2,24159,21632,2,128,128,1
152,1,"[4, 2, 24, 64, 64, 0, 0, 0, 0, 0, 0, 0, 0, 0, 0, 0, 0, 0, 0, 0, 0, 0, 0, 0, 0, 0, 0, 0, 0, 0]",384,128,196608.0,1572864.0,859875534,859897615,859888491,859895275,0,246878,246878,34891,1,22081,6784,2,128,128,1
183,1,"[4, 2, 24, 64, 64, 0, 0, 0, 0, 0, 0, 0, 0, 0, 0, 0, 0, 0, 0, 0, 0, 0, 0, 0, 0, 0, 0, 0, 0, 0]",192,256,0.0,0.0,860128562,860141769,860142153,860157128,0,179550,179550,34892,1,13207,14975,2,128,128,1
203,1,"[2, 24, 32, 32, 24, 16, 16, 3, 3, 1, 1, 2, 2, 1, 1, 24, 4, 0, 0, 0, 0, 0, 0, 0, 0, 0, 0, 0, 0, 0]",12,1024,0.0,0.0,860322991,860336378,860336678,860345351,0,168605,168605,34893,1,13387,8673,2,128,128,1
205,1,"[4, 0, 0, 0, 0, 0, 0, 0, 0, 0, 0, 0, 0, 0, 0, 4, 0, 0, 0, 0, 0, 0, 0, 0, 0, 0, 0, 0, 0, 0]",24,512,98304.0,196608.0,860501834,860851313,860513956,860861985,144,569561,235613,34894,2,24894,14081,2,128,128,1
203,1,"[2, 24, 16, 16, 58, 16, 16, 1, 1, 0, 0, 1, 1, 1, 1, 1, 4, 0, 0, 0, 0, 0, 0, 0, 0, 0, 0, 0, 0, 0]",32,64,0.0,0.0,861083175,861097391,861097598,861109470,2304,191198,191198,34895,1,14216,11872,2,128,128,1
205,1,"[4, 0, 0, 0, 0, 0, 0, 0, 0, 0, 0, 0, 0, 0, 0, 4, 0, 0, 0, 0, 0, 0, 0, 0, 0, 0, 0, 0, 0, 0]",58,512,237568.0,475136.0,861288200,861635093,861300668,861645816,144,707512,376540,34896,2,24556,14176,2,128,128,1
152,1,"[4, 2, 58, 16, 16, 0, 0, 0, 0, 0, 0, 0, 0, 0, 0, 0, 0, 0, 0, 0, 0, 0, 0, 0, 0, 0, 0, 0, 0, 0]",58,128,29696.0,237568.0,862007459,862022416,862022356,862026772,0,243965,243965,34897,1,14957,4416,2,128,128,1
203,1,"[2, 24, 32, 32, 58, 32, 32, 1, 1, 0, 0, 1, 1, 1, 1, 1, 4, 0, 0, 0, 0, 0, 0, 0, 0, 0, 0, 0, 0, 0]",128,64,0.0,0.0,862256228,862270574,862270737,862287985,2304,184286,184286,34898,1,14346,17248,2,128,128,1
205,1,"[4, 0, 0, 0, 0, 0, 0, 0, 0, 0, 0, 0, 0, 0, 0, 4, 0, 0, 0, 0, 0, 0, 0, 0, 0, 0, 0, 0, 0, 0]",58,512,950272.0,1900544.0,862460014,862814176,862472271,862827723,144,566139,227710,34899,2,25332,17023,2,128,128,1
152,1,"[4, 2, 58, 32, 32, 0, 0, 0, 0, 0, 0, 0, 0, 0, 0, 0, 0, 0, 0, 0, 0, 0, 0, 0, 0, 0, 0, 0, 0, 0]",232,128,118784.0,950272.0,863042129,863055166,863055433,863060777,0,178782,178782,34900,1,13037,5344,2,128,128,1
203,1,"[2, 58, 32, 32, 58, 16, 16, 3, 3, 1, 1, 2, 2, 1, 1, 58, 4, 0, 0, 0, 0, 0, 0, 0, 0, 0, 0, 0, 0, 0]",29,1024,0.0,0.0,863226180,863241924,863239559,863249543,0,172926,172926,34901,1,15744,9984,2,128,128,1
205,1,"[4, 0, 0, 0, 0, 0, 0, 0, 0, 0, 0, 0, 0, 0, 0, 4, 0, 0, 0, 0, 0, 0, 0, 0, 0, 0, 0, 0, 0, 0]",58,512,237568.0,475136.0,863410590,863750515,863422469,863761281,144,560602,235966,34902,2,23468,14176,2,128,128,1
203,1,"[2, 58, 16, 16, 58, 16, 16, 1, 1, 0, 0, 1, 1, 1, 1, 1, 4, 0, 0, 0, 0, 0, 0, 0, 0, 0, 0, 0, 0, 0]",32,64,0.0,0.0,863982965,863996987,863997247,864013183,2304,187326,187326,34903,1,14022,15936,2,128,128,1
205,1,"[4, 0, 0, 0, 0, 0, 0, 0, 0, 0, 0, 0, 0, 0, 0, 4, 0, 0, 0, 0, 0, 0, 0, 0, 0, 0, 0, 0, 0, 0]",58,512,237568.0,475136.0,864187634,864532722,864200509,864543641,144,563641,234813,34904,2,25044,14304,2,128,128,1
152,1,"[4, 2, 58, 16, 16, 0, 0, 0, 0, 0, 0, 0, 0, 0, 0, 0, 0, 0, 0, 0, 0, 0, 0, 0, 0, 0, 0, 0, 0, 0]",58,128,29696.0,237568.0,864764606,864778413,864778454,864782902,0,131775,131775,34905,1,13807,4448,2,128,128,1
213,1,"[4, 2, 58, 16, 16, 0, 0, 0, 0, 0, 0, 0, 0, 0, 0, 4, 2, 58, 16, 16, 0, 0, 0, 0, 0, 0, 0, 0, 0, 0]",160,512,0.0,475136.0,864901958,864914317,864914677,864924693,0,245725,245725,34906,1,12359,10016,2,128,128,1
239,1,"[0, 0, 0, 0, 0, 0, 0, 0, 0, 0, 0, 0, 0, 0, 0, 0, 0, 0, 0, 0, 0, 0, 0, 0, 0, 0, 0, 0, 0, 0]",232,128,0.0,0.0,865156182,865169980,865170418,865176914,0,387868,387868,34909,1,13798,6496,2,128,128,1
203,1,"[2, 58, 16, 16, 58, 16, 16, 1, 1, 0, 0, 1, 1, 1, 1, 1, 4, 0, 0, 0, 0, 0, 0, 0, 0, 0, 0, 0, 0, 0]",116,128,0.0,0.0,865548901,865644594,865564782,865661132,2304,267006,192031,34912,2,28892,21375,2,128,128,1
205,1,"[4, 0, 0, 0, 0, 0, 0, 0, 0, 0, 0, 0, 0, 0, 0, 4, 0, 0, 0, 0, 0, 0, 0, 0, 0, 0, 0, 0, 0, 0]",58,512,237568.0,475136.0,865840867,866187846,865853163,866198695,144,569946,238685,34913,2,24265,14271,2,128,128,1
152,1,"[4, 2, 58, 16, 16, 0, 0, 0, 0, 0, 0, 0, 0, 0, 0, 0, 0, 0, 0, 0, 0, 0, 0, 0, 0, 0, 0, 0, 0, 0]",58,128,29696.0,237568.0,866424050,866437136,866437380,866441860,0,186846,186846,34914,1,13086,4480,2,128,128,1
203,1,"[2, 58, 16, 16, 58, 16, 16, 3, 3, 1, 1, 1, 1, 1, 1, 58, 4, 0, 0, 0, 0, 0, 0, 0, 0, 0, 0, 0, 0, 0]",29,1024,0.0,0.0,866614558,866628406,866628706,866637506,0,175902,175902,34915,1,13848,8800,2,128,128,1
205,1,"[4, 0, 0, 0, 0, 0, 0, 0, 0, 0, 0, 0, 0, 0, 0, 4, 0, 0, 0, 0, 0, 0, 0, 0, 0, 0, 0, 0, 0, 0]",58,512,237568.0,475136.0,866801485,867153911,866813408,867164700,144,571258,234078,34916,2,24082,14112,2,128,128,1
203,1,"[2, 58, 16, 16, 58, 16, 16, 1, 1, 0, 0, 1, 1, 1, 1, 1, 4, 0, 0, 0, 0, 0, 0, 0, 0, 0, 0, 0, 0, 0]",32,64,0.0,0.0,867384759,867398581,867398778,867415034,2304,192573,192573,34917,1,13822,16256,2,128,128,1
205,1,"[4, 0, 0, 0, 0, 0, 0, 0, 0, 0, 0, 0, 0, 0, 0, 4, 0, 0, 0, 0, 0, 0, 0, 0, 0, 0, 0, 0, 0, 0]",58,512,237568.0,475136.0,867595191,868116418,867607607,868126834,144,746328,241245,34918,2,27092,14144,2,128,128,1
152,1,"[4, 2, 58, 16, 16, 0, 0, 0, 0, 0, 0, 0, 0, 0, 0, 0, 0, 0, 0, 0, 0, 0, 0, 0, 0, 0, 0, 0, 0, 0]",58,128,29696.0,237568.0,868354011,868367937,868368079,868372527,0,133215,133215,34919,1,13926,4448,2,128,128,1
213,1,"[4, 2, 58, 16, 16, 0, 0, 0, 0, 0, 0, 0, 0, 0, 0, 4, 2, 58, 16, 16, 0, 0, 0, 0, 0, 0, 0, 0, 0, 0]",160,512,0.0,475136.0,868492641,868505056,868505742,868517613,0,242078,242078,34920,1,12415,11871,2,128,128,1
239,1,"[0, 0, 0, 0, 0, 0, 0, 0, 0, 0, 0, 0, 0, 0, 0, 0, 0, 0, 0, 0, 0, 0, 0, 0, 0, 0, 0, 0, 0, 0]",232,128,0.0,0.0,868746057,868759393,868759691,868766027,0,409020,409020,34923,1,13336,6336,2,128,128,1
203,1,"[2, 58, 16, 16, 58, 16, 16, 1, 1, 0, 0, 1, 1, 1, 1, 1, 4, 0, 0, 0, 0, 0, 0, 0, 0, 0, 0, 0, 0, 0]",116,128,0.0,0.0,869159197,869256121,869175047,869272421,2304,279069,202910,34926,2,26523,21215,2,128,128,1
205,1,"[4, 0, 0, 0, 0, 0, 0, 0, 0, 0, 0, 0, 0, 0, 0, 4, 0, 0, 0, 0, 0, 0, 0, 0, 0, 0, 0, 0, 0, 0]",58,512,237568.0,475136.0,869463304,869813562,869475331,869824287,144,570779,235998,34927,2,23857,14175,2,128,128,1
152,1,"[4, 2, 58, 16, 16, 0, 0, 0, 0, 0, 0, 0, 0, 0, 0, 0, 0, 0, 0, 0, 0, 0, 0, 0, 0, 0, 0, 0, 0, 0]",58,128,29696.0,237568.0,870046633,870060150,870060285,870064797,0,183710,183710,34928,1,13517,4512,2,128,128,1
203,1,"[2, 58, 16, 16, 58, 16, 16, 3, 3, 1, 1, 1, 1, 1, 1, 58, 4, 0, 0, 0, 0, 0, 0, 0, 0, 0, 0, 0, 0, 0]",29,1024,0.0,0.0,870234972,870248207,870248507,870257243,0,168446,168446,34929,1,13235,8736,2,128,128,1
205,1,"[4, 0, 0, 0, 0, 0, 0, 0, 0, 0, 0, 0, 0, 0, 0, 4, 0, 0, 0, 0, 0, 0, 0, 0, 0, 0, 0, 0, 0, 0]",58,512,237568.0,475136.0,870414221,870754140,870425689,870764693,144,555642,230686,34930,2,23566,14048,2,128,128,1
203,1,"[2, 58, 16, 16, 58, 16, 16, 1, 1, 0, 0, 1, 1, 1, 1, 1, 4, 0, 0, 0, 0, 0, 0, 0, 0, 0, 0, 0, 0, 0]",32,64,0.0,0.0,870980939,870995245,870995379,871012115,2304,185277,185277,34931,1,14306,16736,2,128,128,1
205,1,"[4, 0, 0, 0, 0, 0, 0, 0, 0, 0, 0, 0, 0, 0, 0, 4, 0, 0, 0, 0, 0, 0, 0, 0, 0, 0, 0, 0, 0, 0]",58,512,237568.0,475136.0,871184522,871524767,871197392,871535565,144,546650,222685,34932,2,25259,14208,2,128,128,1
152,1,"[4, 2, 58, 16, 16, 0, 0, 0, 0, 0, 0, 0, 0, 0, 0, 0, 0, 0, 0, 0, 0, 0, 0, 0, 0, 0, 0, 0, 0, 0]",58,128,29696.0,237568.0,871745494,871758036,871758250,871762698,0,144479,144479,34933,1,12542,4448,2,128,128,1
213,1,"[4, 2, 58, 16, 16, 0, 0, 0, 0, 0, 0, 0, 0, 0, 0, 4, 2, 58, 16, 16, 0, 0, 0, 0, 0, 0, 0, 0, 0, 0]",160,512,0.0,475136.0,871886475,871906555,871907177,871918857,0,246397,246397,34934,1,20080,11680,2,128,128,1
239,1,"[0, 0, 0, 0, 0, 0, 0, 0, 0, 0, 0, 0, 0, 0, 0, 0, 0, 0, 0, 0, 0, 0, 0, 0, 0, 0, 0, 0, 0, 0]",232,128,0.0,0.0,872151290,872164791,872165254,872171590,0,390107,390107,34937,1,13501,6336,2,128,128,1
203,1,"[2, 58, 16, 16, 58, 16, 16, 1, 1, 0, 0, 1, 1, 1, 1, 1, 4, 0, 0, 0, 0, 0, 0, 0, 0, 0, 0, 0, 0, 0]",116,128,0.0,0.0,872546310,872638832,872561697,872655073,2304,269341,197117,34940,2,25470,21152,2,128,128,1
205,1,"[4, 0, 0, 0, 0, 0, 0, 0, 0, 0, 0, 0, 0, 0, 0, 4, 0, 0, 0, 0, 0, 0, 0, 0, 0, 0, 0, 0, 0, 0]",58,512,237568.0,475136.0,872839982,873205592,872852190,873216218,144,582938,233022,34941,2,25122,14112,2,128,128,1
152,1,"[4, 2, 58, 16, 16, 0, 0, 0, 0, 0, 0, 0, 0, 0, 0, 0, 0, 0, 0, 0, 0, 0, 0, 0, 0, 0, 0, 0, 0, 0]",58,128,29696.0,237568.0,873436248,873449199,873449240,873453688,0,188510,188510,34942,1,12951,4448,2,128,128,1
203,1,"[2, 58, 16, 16, 58, 16, 16, 3, 3, 1, 1, 1, 1, 1, 1, 58, 4, 0, 0, 0, 0, 0, 0, 0, 0, 0, 0, 0, 0, 0]",29,1024,0.0,0.0,873628753,873642037,873642198,873651030,0,169854,169854,34943,1,13284,8832,2,128,128,1
205,1,"[4, 0, 0, 0, 0, 0, 0, 0, 0, 0, 0, 0, 0, 0, 0, 4, 0, 0, 0, 0, 0, 0, 0, 0, 0, 0, 0, 0, 0, 0]",58,512,237568.0,475136.0,873809037,874330875,873820884,874341358,144,740632,234142,34944,2,25816,13984,2,128,128,1
203,1,"[2, 58, 16, 16, 58, 16, 16, 1, 1, 0, 0, 1, 1, 1, 1, 1, 4, 0, 0, 0, 0, 0, 0, 0, 0, 0, 0, 0, 0, 0]",32,64,0.0,0.0,874560912,874575322,874575500,874591788,2304,184893,184893,34945,1,14410,16288,2,128,128,1
205,1,"[4, 0, 0, 0, 0, 0, 0, 0, 0, 0, 0, 0, 0, 0, 0, 4, 0, 0, 0, 0, 0, 0, 0, 0, 0, 0, 0, 0, 0, 0]",58,512,237568.0,475136.0,874763920,875107079,874776681,875117734,144,555257,228413,34946,2,24903,14209,2,128,128,1
152,1,"[4, 2, 58, 16, 16, 0, 0, 0, 0, 0, 0, 0, 0, 0, 0, 0, 0, 0, 0, 0, 0, 0, 0, 0, 0, 0, 0, 0, 0, 0]",58,128,29696.0,237568.0,875332794,875345947,875346147,875350595,0,131199,131199,34947,1,13153,4448,2,128,128,1
213,1,"[4, 2, 58, 16, 16, 0, 0, 0, 0, 0, 0, 0, 0, 0, 0, 4, 2, 58, 16, 16, 0, 0, 0, 0, 0, 0, 0, 0, 0, 0]",160,512,0.0,475136.0,875468722,875484170,875481794,875493570,0,250813,250813,34948,1,15448,11776,2,128,128,1
239,1,"[0, 0, 0, 0, 0, 0, 0, 0, 0, 0, 0, 0, 0, 0, 0, 0, 0, 0, 0, 0, 0, 0, 0, 0, 0, 0, 0, 0, 0, 0]",232,128,0.0,0.0,875730087,875744247,875744383,875750751,0,303036,303036,34951,1,14160,6368,2,128,128,1
203,1,"[2, 116, 16, 16, 116, 8, 8, 3, 3, 1, 1, 2, 2, 1, 1, 116, 4, 0, 0, 0, 0, 0, 0, 0, 0, 0, 0, 0, 0, 0]",15,1024,0.0,0.0,876038463,876053885,876053787,876063195,0,170911,170911,34953,1,15422,9408,2,128,128,1
205,1,"[4, 0, 0, 0, 0, 0, 0, 0, 0, 0, 0, 0, 0, 0, 0, 4, 0, 0, 0, 0, 0, 0, 0, 0, 0, 0, 0, 0, 0, 0]",116,512,118784.0,237568.0,876222383,876561853,876234106,876578774,144,544473,220253,34954,2,23733,20448,2,128,128,1
203,1,"[2, 116, 8, 8, 116, 8, 8, 1, 1, 0, 0, 1, 1, 1, 1, 1, 4, 0, 0, 0, 0, 0, 0, 0, 0, 0, 0, 0, 0, 0]",16,64,0.0,0.0,876785205,876798846,876799027,876822483,2304,174302,174302,34955,1,13641,23456,2,128,128,1
205,1,"[4, 0, 0, 0, 0, 0, 0, 0, 0, 0, 0, 0, 0, 0, 0, 4, 0, 0, 0, 0, 0, 0, 0, 0, 0, 0, 0, 0, 0, 0]",116,512,118784.0,237568.0,876984464,877327507,876996785,877344237,144,555739,228478,34956,2,24612,20191,2,128,128,1
152,1,"[4, 2, 116, 8, 8, 0, 0, 0, 0, 0, 0, 0, 0, 0, 0, 0, 0, 0, 0, 0, 0, 0, 0, 0, 0, 0, 0, 0, 0, 0]",29,128,14848.0,118784.0,877558979,877572635,877572715,877576939,0,234846,234846,34957,1,13656,4224,2,128,128,1
203,1,"[2, 116, 16, 16, 116, 16, 16, 1, 1, 0, 0, 1, 1, 1, 1, 1, 4, 0, 0, 0, 0, 0, 0, 0, 0, 0, 0, 0, 0, 0]",64,64,0.0,0.0,877797724,877811482,877811785,877842824,2304,171806,171806,34958,1,13758,31039,2,128,128,1
205,1,"[4, 0, 0, 0, 0, 0, 0, 0, 0, 0, 0, 0, 0, 0, 0, 4, 0, 0, 0, 0, 0, 0, 0, 0, 0, 0, 0, 0, 0, 0]",116,512,475136.0,950272.0,878002295,878345490,878014630,878363779,144,547802,220285,34959,2,24499,21632,2,128,128,1
152,1,"[4, 2, 116, 16, 16, 0, 0, 0, 0, 0, 0, 0, 0, 0, 0, 0, 0, 0, 0, 0, 0, 0, 0, 0, 0, 0, 0, 0, 0, 0]",116,128,59392.0,475136.0,878571080,878583854,878584064,878588992,0,182558,182558,34960,1,12774,4928,2,128,128,1
203,1,"[2, 116, 16, 16, 116, 8, 8, 3, 3, 1, 1, 2, 2, 1, 1, 116, 4, 0, 0, 0, 0, 0, 0, 0, 0, 0, 0, 0, 0, 0]",15,1024,0.0,0.0,878758788,878774201,878771550,878780990,0,173822,173822,34961,1,15413,9440,2,128,128,1
205,1,"[4, 0, 0, 0, 0, 0, 0, 0, 0, 0, 0, 0, 0, 0, 0, 4, 0, 0, 0, 0, 0, 0, 0, 0, 0, 0, 0, 0, 0, 0]",116,512,118784.0,237568.0,878943190,879285399,878954812,879302136,144,555099,228062,34962,2,23124,20287,2,128,128,1
203,1,"[2, 116, 8, 8, 116, 8, 8, 1, 1, 0, 0, 1, 1, 1, 1, 1, 4, 0, 0, 0, 0, 0, 0, 0, 0, 0, 0, 0, 0, 0]",16,64,0.0,0.0,879516221,879529571,879530198,879553270,2304,180638,180638,34963,1,13350,23072,2,128,128,1
205,1,"[4, 0, 0, 0, 0, 0, 0, 0, 0, 0, 0, 0, 0, 0, 0, 4, 0, 0, 0, 0, 0, 0, 0, 0, 0, 0, 0, 0, 0, 0]",116,512,118784.0,237568.0,879721816,880233610,879733908,880250158,144,728600,232702,34964,2,26494,20352,2,128,128,1
152,1,"[4, 2, 116, 8, 8, 0, 0, 0, 0, 0, 0, 0, 0, 0, 0, 0, 0, 0, 0, 0, 0, 0, 0, 0, 0, 0, 0, 0, 0, 0]",29,128,14848.0,118784.0,880469095,880482856,880482860,880487019,0,132127,132127,34965,1,13761,4159,2,128,128,1
213,1,"[4, 2, 116, 8, 8, 0, 0, 0, 0, 0, 0, 0, 0, 0, 0, 4, 2, 116, 8, 8, 0, 0, 0, 0, 0, 0, 0, 0, 0, 0]",160,512,0.0,237568.0,880606350,880618622,880619146,880626986,0,245277,245277,34966,1,12272,7840,2,128,128,1
239,1,"[0, 0, 0, 0, 0, 0, 0, 0, 0, 0, 0, 0, 0, 0, 0, 0, 0, 0, 0, 0, 0, 0, 0, 0, 0, 0, 0, 0, 0, 0]",116,128,0.0,0.0,880858606,880871958,880872263,880878183,0,397148,397148,34969,1,13352,5920,2,128,128,1
203,1,"[2, 116, 8, 8, 116, 8, 8, 1, 1, 0, 0, 1, 1, 1, 1, 1, 4, 0, 0, 0, 0, 0, 0, 0, 0, 0, 0, 0, 0, 0]",58,128,0.0,0.0,881259549,881354657,881275331,881378498,2304,260061,185406,34972,2,28493,28512,2,128,128,1
205,1,"[4, 0, 0, 0, 0, 0, 0, 0, 0, 0, 0, 0, 0, 0, 0, 4, 0, 0, 0, 0, 0, 0, 0, 0, 0, 0, 0, 0, 0, 0]",116,512,118784.0,237568.0,881551366,881897430,881563904,881914460,144,554394,224446,34973,2,24638,20608,2,128,128,1
152,1,"[4, 2, 116, 8, 8, 0, 0, 0, 0, 0, 0, 0, 0, 0, 0, 0, 0, 0, 0, 0, 0, 0, 0, 0, 0, 0, 0, 0, 0, 0]",29,128,14848.0,118784.0,882126006,882138678,882138906,882143130,0,188413,188413,34974,1,12672,4224,2,128,128,1
203,1,"[2, 116, 8, 8, 116, 8, 8, 3, 3, 1, 1, 1, 1, 1, 1, 116, 4, 0, 0, 0, 0, 0, 0, 0, 0, 0, 0, 0, 0, 0]",15,1024,0.0,0.0,882318461,882331333,882331543,882339927,0,171678,171678,34975,1,12872,8384,2,128,128,1
205,1,"[4, 0, 0, 0, 0, 0, 0, 0, 0, 0, 0, 0, 0, 0, 0, 4, 0, 0, 0, 0, 0, 0, 0, 0, 0, 0, 0, 0, 0, 0]",116,512,118784.0,237568.0,882500043,882837921,882511605,882854834,144,548954,226109,34976,2,23251,20384,2,128,128,1
203,1,"[2, 116, 8, 8, 116, 8, 8, 1, 1, 0, 0, 1, 1, 1, 1, 1, 4, 0, 0, 0, 0, 0, 0, 0, 0, 0, 0, 0, 0, 0]",16,64,0.0,0.0,883066592,883080679,883080943,883104047,2304,183742,183742,34977,1,14087,23104,2,128,128,1
205,1,"[4, 0, 0, 0, 0, 0, 0, 0, 0, 0, 0, 0, 0, 0, 0, 4, 0, 0, 0, 0, 0, 0, 0, 0, 0, 0, 0, 0, 0, 0]",116,512,118784.0,237568.0,883275321,883621736,883287789,883638505,144,552667,222206,34978,2,24632,20255,2,128,128,1
152,1,"[4, 2, 116, 8, 8, 0, 0, 0, 0, 0, 0, 0, 0, 0, 0, 0, 0, 0, 0, 0, 0, 0, 0, 0, 0, 0, 0, 0, 0, 0]",29,128,14848.0,118784.0,883847595,883860659,883860711,883864967,0,144030,144030,34979,1,13064,4256,2,128,128,1
213,1,"[4, 2, 116, 8, 8, 0, 0, 0, 0, 0, 0, 0, 0, 0, 0, 4, 2, 116, 8, 8, 0, 0, 0, 0, 0, 0, 0, 0, 0, 0]",160,512,0.0,237568.0,883995453,884008442,884008997,884018117,0,242717,242717,34980,1,12989,9120,2,128,128,1
239,1,"[0, 0, 0, 0, 0, 0, 0, 0, 0, 0, 0, 0, 0, 0, 0, 0, 0, 0, 0, 0, 0, 0, 0, 0, 0, 0, 0, 0, 0, 0]",116,128,0.0,0.0,884247378,884260606,884260834,884267171,0,402811,402811,34983,1,13228,6337,2,128,128,1
203,1,"[2, 116, 8, 8, 116, 8, 8, 1, 1, 0, 0, 1, 1, 1, 1, 1, 4, 0, 0, 0, 0, 0, 0, 0, 0, 0, 0, 0, 0, 0]",58,128,0.0,0.0,884653604,884747538,884669982,884771165,2304,260445,187582,34986,2,26917,28320,2,128,128,1
205,1,"[4, 0, 0, 0, 0, 0, 0, 0, 0, 0, 0, 0, 0, 0, 0, 4, 0, 0, 0, 0, 0, 0, 0, 0, 0, 0, 0, 0, 0, 0]",116,512,118784.0,237568.0,884946426,885298525,884958747,885315543,144,562458,226494,34987,2,24652,20832,2,128,128,1
152,1,"[4, 2, 116, 8, 8, 0, 0, 0, 0, 0, 0, 0, 0, 0, 0, 0, 0, 0, 0, 0, 0, 0, 0, 0, 0, 0, 0, 0, 0, 0]",29,128,14848.0,118784.0,885528255,885541989,885542037,885546229,0,187165,187165,34988,1,13734,4192,2,128,128,1
203,1,"[2, 116, 8, 8, 116, 8, 8, 3, 3, 1, 1, 1, 1, 1, 1, 116, 4, 0, 0, 0, 0, 0, 0, 0, 0, 0, 0, 0, 0, 0]",15,1024,0.0,0.0,885720091,885733241,885733394,885741842,0,313853,313853,34989,1,13150,8448,2,128,128,1
205,1,"[4, 0, 0, 0, 0, 0, 0, 0, 0, 0, 0, 0, 0, 0, 0, 4, 0, 0, 0, 0, 0, 0, 0, 0, 0, 0, 0, 0, 0, 0]",116,512,118784.0,237568.0,886042423,886400716,886055695,886417483,144,568154,226494,34990,2,25628,20128,2,128,128,1
203,1,"[2, 116, 8, 8, 116, 8, 8, 1, 1, 0, 0, 1, 1, 1, 1, 1, 4, 0, 0, 0, 0, 0, 0, 0, 0, 0, 0, 0, 0, 0]",16,64,0.0,0.0,886629093,886643678,886643977,886667624,2304,183710,183710,34991,1,14585,23647,2,128,128,1
205,1,"[4, 0, 0, 0, 0, 0, 0, 0, 0, 0, 0, 0, 0, 0, 0, 4, 0, 0, 0, 0, 0, 0, 0, 0, 0, 0, 0, 0, 0, 0]",116,512,118784.0,237568.0,886839067,887184098,886851334,887200930,144,549563,220318,34992,2,25022,20351,2,128,128,1
152,1,"[4, 2, 116, 8, 8, 0, 0, 0, 0, 0, 0, 0, 0, 0, 0, 0, 0, 0, 0, 0, 0, 0, 0, 0, 0, 0, 0, 0, 0, 0]",29,128,14848.0,118784.0,887407987,887421024,887421248,887425440,0,129055,129055,34993,1,13037,4192,2,128,128,1
213,1,"[4, 2, 116, 8, 8, 0, 0, 0, 0, 0, 0, 0, 0, 0, 0, 4, 2, 116, 8, 8, 0, 0, 0, 0, 0, 0, 0, 0, 0, 0]",160,512,0.0,237568.0,887541757,887553891,887554495,887563615,0,242397,242397,34994,1,12134,9120,2,128,128,1
239,1,"[0, 0, 0, 0, 0, 0, 0, 0, 0, 0, 0, 0, 0, 0, 0, 0, 0, 0, 0, 0, 0, 0, 0, 0, 0, 0, 0, 0, 0, 0]",116,128,0.0,0.0,887792162,887805899,887806012,887811996,0,404187,404187,34997,1,13737,5984,2,128,128,1
203,1,"[2, 116, 8, 8, 116, 8, 8, 1, 1, 0, 0, 1, 1, 1, 1, 1, 4, 0, 0, 0, 0, 0, 0, 0, 0, 0, 0, 0, 0, 0]",58,128,0.0,0.0,888200271,888297427,888216183,888321110,2304,263422,186910,35000,2,26626,28415,2,128,128,1
205,1,"[4, 0, 0, 0, 0, 0, 0, 0, 0, 0, 0, 0, 0, 0, 0, 4, 0, 0, 0, 0, 0, 0, 0, 0, 0, 0, 0, 0, 0, 0]",116,512,118784.0,237568.0,888495764,888844626,888508020,888861616,144,555899,222782,35001,2,24725,20479,2,128,128,1
152,1,"[4, 2, 116, 8, 8, 0, 0, 0, 0, 0, 0, 0, 0, 0, 0, 0, 0, 0, 0, 0, 0, 0, 0, 0, 0, 0, 0, 0, 0, 0]",29,128,14848.0,118784.0,889071023,889084195,889084398,889088590,0,181054,181054,35002,1,13172,4192,2,128,128,1
203,1,"[2, 116, 8, 8, 116, 8, 8, 3, 3, 1, 1, 1, 1, 1, 1, 116, 4, 0, 0, 0, 0, 0, 0, 0, 0, 0, 0, 0, 0, 0]",15,1024,0.0,0.0,889256974,889269316,889269644,889278028,0,168382,168382,35003,1,12342,8384,2,128,128,1
205,1,"[4, 0, 0, 0, 0, 0, 0, 0, 0, 0, 0, 0, 0, 0, 0, 4, 0, 0, 0, 0, 0, 0, 0, 0, 0, 0, 0, 0, 0, 0]",116,512,118784.0,237568.0,889434856,889772391,889446410,889789126,144,547483,224926,35004,2,23354,20159,2,128,128,1
203,1,"[2, 116, 8, 8, 116, 8, 8, 1, 1, 0, 0, 1, 1, 1, 1, 1, 4, 0, 0, 0, 0, 0, 0, 0, 0, 0, 0, 0, 0, 0]",16,64,0.0,0.0,889999941,890013864,890014052,890037188,2304,180702,180702,35005,1,13923,23136,2,128,128,1
205,1,"[4, 0, 0, 0, 0, 0, 0, 0, 0, 0, 0, 0, 0, 0, 0, 4, 0, 0, 0, 0, 0, 0, 0, 0, 0, 0, 0, 0, 0, 0]",116,512,118784.0,237568.0,890205474,890545531,890217890,890562462,144,548601,224349,35006,2,24474,20320,2,128,128,1
152,1,"[4, 2, 116, 8, 8, 0, 0, 0, 0, 0, 0, 0, 0, 0, 0, 0, 0, 0, 0, 0, 0, 0, 0, 0, 0, 0, 0, 0, 0, 0]",29,128,14848.0,118784.0,890773658,890786691,890786811,890790940,0,131646,131646,35007,1,13033,4129,2,128,128,1
213,1,"[4, 2, 116, 8, 8, 0, 0, 0, 0, 0, 0, 0, 0, 0, 0, 4, 2, 116, 8, 8, 0, 0, 0, 0, 0, 0, 0, 0, 0, 0]",160,512,0.0,237568.0,890909828,890924786,890922586,890931674,0,248445,248445,35008,1,14958,9088,2,128,128,1
239,1,"[0, 0, 0, 0, 0, 0, 0, 0, 0, 0, 0, 0, 0, 0, 0, 0, 0, 0, 0, 0, 0, 0, 0, 0, 0, 0, 0, 0, 0, 0]",116,128,0.0,0.0,891166103,891179558,891180119,891186071,0,392188,392188,35011,1,13455,5952,2,128,128,1
203,1,"[2, 116, 8, 8, 116, 8, 8, 1, 1, 0, 0, 1, 1, 1, 1, 1, 4, 0, 0, 0, 0, 0, 0, 0, 0, 0, 0, 0, 0, 0]",58,128,0.0,0.0,891562131,891654421,891578259,891678162,2304,412411,340796,35014,2,25619,28288,2,128,128,1
205,1,"[4, 0, 0, 0, 0, 0, 0, 0, 0, 0, 0, 0, 0, 0, 0, 4, 0, 0, 0, 0, 0, 0, 0, 0, 0, 0, 0, 0, 0, 0]",116,512,118784.0,237568.0,892005584,892372661,892018958,892389642,144,578490,228158,35015,2,26316,20352,2,128,128,1
152,1,"[4, 2, 116, 8, 8, 0, 0, 0, 0, 0, 0, 0, 0, 0, 0, 0, 0, 0, 0, 0, 0, 0, 0, 0, 0, 0, 0, 0, 0, 0]",29,128,14848.0,118784.0,892604609,892617686,892617800,892621992,0,184222,184222,35016,1,13077,4192,2,128,128,1
203,1,"[2, 116, 8, 8, 116, 8, 8, 3, 3, 1, 1, 1, 1, 1, 1, 116, 4, 0, 0, 0, 0, 0, 0, 0, 0, 0, 0, 0, 0, 0]",15,1024,0.0,0.0,892792727,892805887,892806214,892814630,0,171741,171741,35017,1,13160,8416,2,128,128,1
205,1,"[4, 0, 0, 0, 0, 0, 0, 0, 0, 0, 0, 0, 0, 0, 0, 4, 0, 0, 0, 0, 0, 0, 0, 0, 0, 0, 0, 0, 0, 0]",116,512,118784.0,237568.0,892974591,893320334,892986371,893337280,144,554873,224445,35018,2,23870,20481,2,128,128,1
203,1,"[2, 116, 8, 8, 116, 8, 8, 1, 1, 0, 0, 1, 1, 1, 1, 1, 4, 0, 0, 0, 0, 0, 0, 0, 0, 0, 0, 0, 0, 0]",16,64,0.0,0.0,893547661,893561576,893561725,893585405,2304,175038,175038,35019,1,13915,23680,2,128,128,1
205,1,"[4, 0, 0, 0, 0, 0, 0, 0, 0, 0, 0, 0, 0, 0, 0, 4, 0, 0, 0, 0, 0, 0, 0, 0, 0, 0, 0, 0, 0, 0]",116,512,118784.0,237568.0,893748389,894095860,893760443,894112599,144,555066,223198,35020,2,24385,20288,2,128,128,1
152,1,"[4, 2, 116, 8, 8, 0, 0, 0, 0, 0, 0, 0, 0, 0, 0, 0, 0, 0, 0, 0, 0, 0, 0, 0, 0, 0, 0, 0, 0, 0]",29,128,14848.0,118784.0,894322476,894335631,894335797,894339957,0,134974,134974,35021,1,13155,4160,2,128,128,1
213,1,"[4, 2, 116, 8, 8, 0, 0, 0, 0, 0, 0, 0, 0, 0, 0, 4, 2, 116, 8, 8, 0, 0, 0, 0, 0, 0, 0, 0, 0, 0]",160,512,0.0,237568.0,894462146,894474348,894474931,894483987,0,240190,240190,35022,1,12202,9056,2,128,128,1
239,1,"[0, 0, 0, 0, 0, 0, 0, 0, 0, 0, 0, 0, 0, 0, 0, 0, 0, 0, 0, 0, 0, 0, 0, 0, 0, 0, 0, 0, 0, 0]",116,128,0.0,0.0,894710393,894723705,894724177,894730129,0,387932,387932,35025,1,13312,5952,2,128,128,1
203,1,"[2, 116, 8, 8, 116, 8, 8, 1, 1, 0, 0, 1, 1, 1, 1, 1, 4, 0, 0, 0, 0, 0, 0, 0, 0, 0, 0, 0, 0, 0]",58,128,0.0,0.0,895102408,895193931,895118061,895217483,2304,256095,184927,35028,2,25314,28254,2,128,128,1
205,1,"[4, 0, 0, 0, 0, 0, 0, 0, 0, 0, 0, 0, 0, 0, 0, 4, 0, 0, 0, 0, 0, 0, 0, 0, 0, 0, 0, 0, 0, 0]",116,512,118784.0,237568.0,895390072,895747973,895402410,895764805,144,577018,235038,35029,2,24884,20415,2,128,128,1
152,1,"[4, 2, 116, 8, 8, 0, 0, 0, 0, 0, 0, 0, 0, 0, 0, 0, 0, 0, 0, 0, 0, 0, 0, 0, 0, 0, 0, 0, 0, 0]",29,128,14848.0,118784.0,895985992,895999720,895999843,896004035,0,186782,186782,35030,1,13728,4192,2,128,128,1
203,1,"[2, 116, 8, 8, 116, 8, 8, 3, 3, 1, 1, 1, 1, 1, 1, 116, 4, 0, 0, 0, 0, 0, 0, 0, 0, 0, 0, 0, 0, 0]",15,1024,0.0,0.0,896177244,896190580,896190817,896199297,0,169630,169630,35031,1,13336,8480,2,128,128,1
205,1,"[4, 0, 0, 0, 0, 0, 0, 0, 0, 0, 0, 0, 0, 0, 0, 4, 0, 0, 0, 0, 0, 0, 0, 0, 0, 0, 0, 0, 0, 0]",116,512,118784.0,237568.0,896357271,896697776,896368927,896714651,144,546458,221118,35032,2,24130,20384,2,128,128,1
203,1,"[2, 116, 8, 8, 116, 8, 8, 1, 1, 0, 0, 1, 1, 1, 1, 1, 4, 0, 0, 0, 0, 0, 0, 0, 0, 0, 0, 0, 0, 0]",16,64,0.0,0.0,896921728,896935360,896935769,896959672,2304,173183,173183,35033,1,13632,23903,2,128,128,1
205,1,"[4, 0, 0, 0, 0, 0, 0, 0, 0, 0, 0, 0, 0, 0, 0, 4, 0, 0, 0, 0, 0, 0, 0, 0, 0, 0, 0, 0, 0, 0]",116,512,118784.0,237568.0,897120709,897466576,897132855,897483379,144,702232,371900,35034,2,24458,20192,2,128,128,1
152,1,"[4, 2, 116, 8, 8, 0, 0, 0, 0, 0, 0, 0, 0, 0, 0, 0, 0, 0, 0, 0, 0, 0, 0, 0, 0, 0, 0, 0, 0, 0]",29,128,14848.0,118784.0,897839863,897855410,897855279,897859503,0,140958,140958,35035,1,15547,4224,2,128,128,1
213,1,"[4, 2, 116, 8, 8, 0, 0, 0, 0, 0, 0, 0, 0, 0, 0, 4, 2, 116, 8, 8, 0, 0, 0, 0, 0, 0, 0, 0, 0, 0]",160,512,0.0,237568.0,897986775,897999729,898000461,898009485,0,242814,242814,35036,1,12954,9024,2,128,128,1
239,1,"[0, 0, 0, 0, 0, 0, 0, 0, 0, 0, 0, 0, 0, 0, 0, 0, 0, 0, 0, 0, 0, 0, 0, 0, 0, 0, 0, 0, 0, 0]",116,128,0.0,0.0,898238733,898251990,898252299,898258218,0,391004,391004,35039,1,13257,5919,2,128,128,1
203,1,"[2, 116, 8, 8, 116, 8, 8, 1, 1, 0, 0, 1, 1, 1, 1, 1, 4, 0, 0, 0, 0, 0, 0, 0, 0, 0, 0, 0, 0, 0]",58,128,0.0,0.0,898633447,898725311,898649222,898748741,2304,255005,183614,35042,2,25343,28128,2,128,128,1
205,1,"[4, 0, 0, 0, 0, 0, 0, 0, 0, 0, 0, 0, 0, 0, 0, 4, 0, 0, 0, 0, 0, 0, 0, 0, 0, 0, 0, 0, 0, 0]",116,512,118784.0,237568.0,898920138,899271423,898932355,899288447,144,562138,226622,35043,2,24731,20576,2,128,128,1
152,1,"[4, 2, 116, 8, 8, 0, 0, 0, 0, 0, 0, 0, 0, 0, 0, 0, 0, 0, 0, 0, 0, 0, 0, 0, 0, 0, 0, 0, 0, 0]",29,128,14848.0,118784.0,899501798,899514794,899515069,899519293,0,183614,183614,35044,1,12996,4224,2,128,128,1
203,1,"[2, 116, 8, 8, 116, 8, 8, 3, 3, 1, 1, 1, 1, 1, 1, 116, 4, 0, 0, 0, 0, 0, 0, 0, 0, 0, 0, 0, 0, 0]",15,1024,0.0,0.0,899689450,899702571,899702907,899711323,0,168798,168798,35045,1,13121,8416,2,128,128,1
205,1,"[4, 0, 0, 0, 0, 0, 0, 0, 0, 0, 0, 0, 0, 0, 0, 4, 0, 0, 0, 0, 0, 0, 0, 0, 0, 0, 0, 0, 0, 0]",116,512,118784.0,237568.0,899868608,900223730,899880121,900240437,144,562009,221853,35046,2,23787,20160,2,128,128,1
203,1,"[2, 116, 8, 8, 116, 8, 8, 1, 1, 0, 0, 1, 1, 1, 1, 1, 4, 0, 0, 0, 0, 0, 0, 0, 0, 0, 0, 0, 0, 0]",16,64,0.0,0.0,900448467,900462133,900462290,900485554,2304,177278,177278,35047,1,13666,23264,2,128,128,1
205,1,"[4, 0, 0, 0, 0, 0, 0, 0, 0, 0, 0, 0, 0, 0, 0, 4, 0, 0, 0, 0, 0, 0, 0, 0, 0, 0, 0, 0, 0, 0]",116,512,118784.0,237568.0,900650588,900997836,900662832,901014860,144,556123,224606,35048,2,24786,20511,2,128,128,1
152,1,"[4, 2, 116, 8, 8, 0, 0, 0, 0, 0, 0, 0, 0, 0, 0, 0, 0, 0, 0, 0, 0, 0, 0, 0, 0, 0, 0, 0, 0, 0]",29,128,14848.0,118784.0,901226494,901239278,901239466,901243658,0,132702,132702,35049,1,12784,4192,2,128,128,1
213,1,"[4, 2, 116, 8, 8, 0, 0, 0, 0, 0, 0, 0, 0, 0, 0, 4, 2, 116, 8, 8, 0, 0, 0, 0, 0, 0, 0, 0, 0, 0]",160,512,0.0,237568.0,901363731,901375741,901376360,901385417,0,240157,240157,35050,1,12010,9057,2,128,128,1
239,1,"[0, 0, 0, 0, 0, 0, 0, 0, 0, 0, 0, 0, 0, 0, 0, 0, 0, 0, 0, 0, 0, 0, 0, 0, 0, 0, 0, 0, 0, 0]",116,128,0.0,0.0,901612386,901625200,901625574,901631526,0,389691,389691,35053,1,12814,5952,2,128,128,1
203,1,"[2, 116, 8, 8, 116, 8, 8, 1, 1, 0, 0, 1, 1, 1, 1, 1, 4, 0, 0, 0, 0, 0, 0, 0, 0, 0, 0, 0, 0, 0]",58,128,0.0,0.0,902005464,902097983,902021217,902121472,2304,259582,187614,35056,2,26133,28287,2,128,128,1
205,1,"[4, 0, 0, 0, 0, 0, 0, 0, 0, 0, 0, 0, 0, 0, 0, 4, 0, 0, 0, 0, 0, 0, 0, 0, 0, 0, 0, 0, 0, 0]",116,512,118784.0,237568.0,902296974,902647470,902309086,902664379,144,557786,222941,35057,2,24752,20448,2,128,128,1
152,1,"[4, 2, 116, 8, 8, 0, 0, 0, 0, 0, 0, 0, 0, 0, 0, 0, 0, 0, 0, 0, 0, 0, 0, 0, 0, 0, 0, 0, 0, 0]",29,128,14848.0,118784.0,902874224,902887092,902887320,902891480,0,181822,181822,35058,1,12868,4160,2,128,128,1
203,1,"[2, 116, 8, 8, 116, 8, 8, 3, 3, 1, 1, 1, 1, 1, 1, 116, 4, 0, 0, 0, 0, 0, 0, 0, 0, 0, 0, 0, 0, 0]",15,1024,0.0,0.0,903059945,903073247,903073302,903081718,0,168606,168606,35059,1,13302,8416,2,128,128,1
205,1,"[4, 0, 0, 0, 0, 0, 0, 0, 0, 0, 0, 0, 0, 0, 0, 4, 0, 0, 0, 0, 0, 0, 0, 0, 0, 0, 0, 0, 0, 0]",116,512,118784.0,237568.0,903238905,903736190,903250324,903752879,144,715800,233565,35060,2,25230,20320,2,128,128,1
203,1,"[2, 116, 8, 8, 116, 8, 8, 1, 1, 0, 0, 1, 1, 1, 1, 1, 4, 0, 0, 0, 0, 0, 0, 0, 0, 0, 0, 0, 0, 0]",16,64,0.0,0.0,903971879,903986277,903986444,904009452,2304,179742,179742,35061,1,14398,23008,2,128,128,1
205,1,"[4, 0, 0, 0, 0, 0, 0, 0, 0, 0, 0, 0, 0, 0, 0, 4, 0, 0, 0, 0, 0, 0, 0, 0, 0, 0, 0, 0, 0, 0]",116,512,118784.0,237568.0,904176470,904525903,904189194,904542886,144,562233,229021,35062,2,25747,20480,2,128,128,1
152,1,"[4, 2, 116, 8, 8, 0, 0, 0, 0, 0, 0, 0, 0, 0, 0, 0, 0, 0, 0, 0, 0, 0, 0, 0, 0, 0, 0, 0, 0, 0]",29,128,14848.0,118784.0,904758592,904771707,904771907,904776100,0,132574,132574,35063,1,13115,4193,2,128,128,1
213,1,"[4, 2, 116, 8, 8, 0, 0, 0, 0, 0, 0, 0, 0, 0, 0, 4, 2, 116, 8, 8, 0, 0, 0, 0, 0, 0, 0, 0, 0, 0]",160,512,0.0,237568.0,904895092,904907782,904908674,904917794,0,241949,241949,35064,1,12690,9120,2,128,128,1
239,1,"[0, 0, 0, 0, 0, 0, 0, 0, 0, 0, 0, 0, 0, 0, 0, 0, 0, 0, 0, 0, 0, 0, 0, 0, 0, 0, 0, 0, 0, 0]",116,128,0.0,0.0,905146486,905159421,905159743,905165663,0,286813,286813,35067,1,12935,5920,2,128,128,1
203,1,"[2, 232, 8, 8, 232, 4, 4, 3, 3, 1, 1, 2, 2, 1, 1, 232, 4, 0, 0, 0, 0, 0, 0, 0, 0, 0, 0, 0, 0, 0]",8,1024,0.0,0.0,905437817,905452357,905452476,905462012,0,167934,167934,35069,1,14540,9536,2,128,128,1
205,1,"[4, 0, 0, 0, 0, 0, 0, 0, 0, 0, 0, 0, 0, 0, 0, 4, 0, 0, 0, 0, 0, 0, 0, 0, 0, 0, 0, 0, 0, 0]",232,512,59392.0,118784.0,905618179,905960463,905629946,905983926,144,542139,215198,35070,2,26693,27039,2,128,128,1
203,1,"[2, 232, 4, 4, 232, 4, 4, 1, 1, 0, 0, 1, 1, 1, 1, 1, 4, 0, 0, 0, 0, 0, 0, 0, 0, 0, 0, 0, 0, 0]",8,64,0.0,0.0,906184735,906198814,906199124,906237748,2304,160766,160766,35071,1,14079,38624,2,128,128,1
205,1,"[4, 0, 0, 0, 0, 0, 0, 0, 0, 0, 0, 0, 0, 0, 0, 4, 0, 0, 0, 0, 0, 0, 0, 0, 0, 0, 0, 0, 0, 0]",232,512,59392.0,118784.0,906385604,906738925,906398514,906762606,144,555610,218750,35072,2,24940,27232,2,128,128,1
152,1,"[4, 2, 232, 4, 4, 0, 0, 0, 0, 0, 0, 0, 0, 0, 0, 0, 0, 0, 0, 0, 0, 0, 0, 0, 0, 0, 0, 0, 0, 0]",15,128,7424.0,59392.0,906967675,906981149,906981356,906985484,0,233437,233437,35073,1,13474,4128,2,128,128,1
203,1,"[2, 232, 8, 8, 232, 8, 8, 1, 1, 0, 0, 1, 1, 1, 1, 1, 4, 0, 0, 0, 0, 0, 0, 0, 0, 0, 0, 0, 0, 0]",32,64,0.0,0.0,907204838,907218639,907218921,907257129,2304,159038,159038,35074,1,13801,38208,2,128,128,1
205,1,"[4, 0, 0, 0, 0, 0, 0, 0, 0, 0, 0, 0, 0, 0, 0, 4, 0, 0, 0, 0, 0, 0, 0, 0, 0, 0, 0, 0, 0, 0]",232,512,237568.0,475136.0,907403874,907749651,907416167,907773315,144,554393,224381,35075,2,24768,27136,2,128,128,1
152,1,"[4, 2, 232, 8, 8, 0, 0, 0, 0, 0, 0, 0, 0, 0, 0, 0, 0, 0, 0, 0, 0, 0, 0, 0, 0, 0, 0, 0, 0, 0]",58,128,29696.0,237568.0,907984160,907997461,907997696,908002176,0,181566,181566,35076,1,13301,4480,2,128,128,1
203,1,"[2, 232, 8, 8, 232, 4, 4, 3, 3, 1, 1, 2, 2, 1, 1, 232, 4, 0, 0, 0, 0, 0, 0, 0, 0, 0, 0, 0, 0, 0]",8,1024,0.0,0.0,908170576,908183373,908183742,908193470,0,166751,166751,35077,1,12797,9728,2,128,128,1
205,1,"[4, 0, 0, 0, 0, 0, 0, 0, 0, 0, 0, 0, 0, 0, 0, 4, 0, 0, 0, 0, 0, 0, 0, 0, 0, 0, 0, 0, 0, 0]",232,512,59392.0,118784.0,908348599,908694797,908360221,908718073,144,544410,213277,35078,2,24233,26719,2,128,128,1
203,1,"[2, 232, 4, 4, 232, 4, 4, 1, 1, 0, 0, 1, 1, 1, 1, 1, 4, 0, 0, 0, 0, 0, 0, 0, 0, 0, 0, 0, 0, 0]",8,64,0.0,0.0,908917302,908931020,908931350,908969110,2304,160094,160094,35079,1,13718,37760,2,128,128,1
205,1,"[4, 0, 0, 0, 0, 0, 0, 0, 0, 0, 0, 0, 0, 0, 0, 4, 0, 0, 0, 0, 0, 0, 0, 0, 0, 0, 0, 0, 0, 0]",232,512,59392.0,118784.0,909116606,909605866,909129204,909629135,144,702552,229341,35080,2,25481,26720,2,128,128,1
152,1,"[4, 2, 232, 4, 4, 0, 0, 0, 0, 0, 0, 0, 0, 0, 0, 0, 0, 0, 0, 0, 0, 0, 0, 0, 0, 0, 0, 0, 0, 0]",15,128,7424.0,59392.0,909844932,909858424,909858476,909862476,0,136543,136543,35081,1,13492,4000,2,128,128,1
213,1,"[4, 2, 232, 4, 4, 0, 0, 0, 0, 0, 0, 0, 0, 0, 0, 4, 2, 232, 4, 4, 0, 0, 0, 0, 0, 0, 0, 0, 0, 0]",160,512,0.0,118784.0,909985945,909998530,909999019,910006059,0,244893,244893,35082,1,12585,7040,2,128,128,1
239,1,"[0, 0, 0, 0, 0, 0, 0, 0, 0, 0, 0, 0, 0, 0, 0, 0, 0, 0, 0, 0, 0, 0, 0, 0, 0, 0, 0, 0, 0, 0]",58,128,0.0,0.0,910237490,910250614,910250952,910256648,0,395548,395548,35085,1,13124,5696,2,128,128,1
203,1,"[2, 232, 4, 4, 232, 4, 4, 1, 1, 0, 0, 1, 1, 1, 1, 1, 4, 0, 0, 0, 0, 0, 0, 0, 0, 0, 0, 0, 0, 0]",29,128,0.0,0.0,910636574,910729168,910652196,910768258,2304,241278,168639,35088,2,25663,43423,2,128,128,1
205,1,"[4, 0, 0, 0, 0, 0, 0, 0, 0, 0, 0, 0, 0, 0, 0, 4, 0, 0, 0, 0, 0, 0, 0, 0, 0, 0, 0, 0, 0, 0]",232,512,59392.0,118784.0,910924551,911271955,910936897,911295421,144,546041,214525,35089,2,24329,27008,2,128,128,1
152,1,"[4, 2, 232, 4, 4, 0, 0, 0, 0, 0, 0, 0, 0, 0, 0, 0, 0, 0, 0, 0, 0, 0, 0, 0, 0, 0, 0, 0, 0, 0]",15,128,7424.0,59392.0,911496942,911509788,911509946,911513979,0,180285,180285,35090,1,12846,4033,2,128,128,1
203,1,"[2, 232, 4, 4, 232, 4, 4, 3, 3, 1, 1, 1, 1, 1, 1, 232, 4, 0, 0, 0, 0, 0, 0, 0, 0, 0, 0, 0, 0, 0]",8,1024,0.0,0.0,911681493,911693943,911694264,911702712,0,166014,166014,35091,1,12450,8448,2,128,128,1
205,1,"[4, 0, 0, 0, 0, 0, 0, 0, 0, 0, 0, 0, 0, 0, 0, 4, 0, 0, 0, 0, 0, 0, 0, 0, 0, 0, 0, 0, 0, 0]",232,512,59392.0,118784.0,911857367,912215933,911868726,912239123,144,569146,225373,35092,2,24138,26624,2,128,128,1
203,1,"[2, 232, 4, 4, 232, 4, 4, 1, 1, 0, 0, 1, 1, 1, 1, 1, 4, 0, 0, 0, 0, 0, 0, 0, 0, 0, 0, 0, 0, 0]",8,64,0.0,0.0,912450156,912464229,912464496,912502351,2304,169311,169311,35093,1,14073,37855,2,128,128,1
205,1,"[4, 0, 0, 0, 0, 0, 0, 0, 0, 0, 0, 0, 0, 0, 0, 4, 0, 0, 0, 0, 0, 0, 0, 0, 0, 0, 0, 0, 0, 0]",232,512,59392.0,118784.0,912658888,913017953,912671662,913041290,144,569689,227229,35094,2,25061,27168,2,128,128,1
152,1,"[4, 2, 232, 4, 4, 0, 0, 0, 0, 0, 0, 0, 0, 0, 0, 0, 0, 0, 0, 0, 0, 0, 0, 0, 0, 0, 0, 0, 0, 0]",15,128,7424.0,59392.0,913255259,913268254,913268519,913272487,0,132543,132543,35095,1,12995,3968,2,128,128,1
213,1,"[4, 2, 232, 4, 4, 0, 0, 0, 0, 0, 0, 0, 0, 0, 0, 4, 2, 232, 4, 4, 0, 0, 0, 0, 0, 0, 0, 0, 0, 0]",160,512,0.0,118784.0,913392376,913404418,913405030,913414182,0,243901,243901,35096,1,12042,9152,2,128,128,1
239,1,"[0, 0, 0, 0, 0, 0, 0, 0, 0, 0, 0, 0, 0, 0, 0, 0, 0, 0, 0, 0, 0, 0, 0, 0, 0, 0, 0, 0, 0, 0]",58,128,0.0,0.0,913644718,913657847,913658083,913663779,0,397500,397500,35099,1,13129,5696,2,128,128,1
203,1,"[2, 232, 4, 4, 232, 4, 4, 1, 1, 0, 0, 1, 1, 1, 1, 1, 4, 0, 0, 0, 0, 0, 0, 0, 0, 0, 0, 0, 0, 0]",29,128,0.0,0.0,914045636,914137940,914061279,914176637,2304,241342,169119,35102,2,25677,43135,2,128,128,1
205,1,"[4, 0, 0, 0, 0, 0, 0, 0, 0, 0, 0, 0, 0, 0, 0, 4, 0, 0, 0, 0, 0, 0, 0, 0, 0, 0, 0, 0, 0, 0]",232,512,59392.0,118784.0,914333705,914701470,914345756,914724856,144,586713,234461,35103,2,23937,26848,2,128,128,1
152,1,"[4, 2, 232, 4, 4, 0, 0, 0, 0, 0, 0, 0, 0, 0, 0, 0, 0, 0, 0, 0, 0, 0, 0, 0, 0, 0, 0, 0, 0, 0]",15,128,7424.0,59392.0,914945784,914958943,914959317,914963413,0,180542,180542,35104,1,13159,4096,2,128,128,1
203,1,"[2, 232, 4, 4, 232, 4, 4, 3, 3, 1, 1, 1, 1, 1, 1, 232, 4, 0, 0, 0, 0, 0, 0, 0, 0, 0, 0, 0, 0, 0]",8,1024,0.0,0.0,915130784,915143646,915143955,915152435,0,169694,169694,35105,1,12862,8480,2,128,128,1
205,1,"[4, 0, 0, 0, 0, 0, 0, 0, 0, 0, 0, 0, 0, 0, 0, 4, 0, 0, 0, 0, 0, 0, 0, 0, 0, 0, 0, 0, 0, 0]",232,512,59392.0,118784.0,915310633,915811759,915322129,915834955,144,715289,229310,35106,2,25250,26847,2,128,128,1
203,1,"[2, 232, 4, 4, 232, 4, 4, 1, 1, 0, 0, 1, 1, 1, 1, 1, 4, 0, 0, 0, 0, 0, 0, 0, 0, 0, 0, 0, 0, 0]",8,64,0.0,0.0,916049099,916063782,916064265,916102025,2304,163678,163678,35107,1,14683,37760,2,128,128,1
205,1,"[4, 0, 0, 0, 0, 0, 0, 0, 0, 0, 0, 0, 0, 0, 0, 4, 0, 0, 0, 0, 0, 0, 0, 0, 0, 0, 0, 0, 0, 0]",232,512,59392.0,118784.0,916252522,916597888,916265703,916621219,144,545146,216478,35108,2,25496,26848,2,128,128,1
152,1,"[4, 2, 232, 4, 4, 0, 0, 0, 0, 0, 0, 0, 0, 0, 0, 0, 0, 0, 0, 0, 0, 0, 0, 0, 0, 0, 0, 0, 0, 0]",15,128,7424.0,59392.0,916824261,916837450,916837697,916841696,0,131359,131359,35109,1,13189,3999,2,128,128,1
213,1,"[4, 2, 232, 4, 4, 0, 0, 0, 0, 0, 0, 0, 0, 0, 0, 4, 2, 232, 4, 4, 0, 0, 0, 0, 0, 0, 0, 0, 0, 0]",160,512,0.0,118784.0,916960297,916972310,916973055,916982175,0,240765,240765,35110,1,12013,9120,2,128,128,1
239,1,"[0, 0, 0, 0, 0, 0, 0, 0, 0, 0, 0, 0, 0, 0, 0, 0, 0, 0, 0, 0, 0, 0, 0, 0, 0, 0, 0, 0, 0, 0]",58,128,0.0,0.0,917209500,917222818,917222940,917228636,0,396892,396892,35113,1,13318,5696,2,128,128,1
203,1,"[2, 232, 4, 4, 232, 4, 4, 1, 1, 0, 0, 1, 1, 1, 1, 1, 4, 0, 0, 0, 0, 0, 0, 0, 0, 0, 0, 0, 0, 0]",29,128,0.0,0.0,917609411,917701761,917625528,917740727,2304,243741,171902,35116,2,26277,43360,2,128,128,1
205,1,"[4, 0, 0, 0, 0, 0, 0, 0, 0, 0, 0, 0, 0, 0, 0, 4, 0, 0, 0, 0, 0, 0, 0, 0, 0, 0, 0, 0, 0, 0]",232,512,59392.0,118784.0,917900438,918245816,917912629,918269329,144,545082,215390,35117,2,24127,27008,2,128,128,1
152,1,"[4, 2, 232, 4, 4, 0, 0, 0, 0, 0, 0, 0, 0, 0, 0, 0, 0, 0, 0, 0, 0, 0, 0, 0, 0, 0, 0, 0, 0, 0]",15,128,7424.0,59392.0,918471657,918484532,918484719,918488815,0,179965,179965,35118,1,12875,4096,2,128,128,1
203,1,"[2, 232, 4, 4, 232, 4, 4, 3, 3, 1, 1, 1, 1, 1, 1, 232, 4, 0, 0, 0, 0, 0, 0, 0, 0, 0, 0, 0, 0, 0]",8,1024,0.0,0.0,918655900,918668500,918668780,918677164,0,168287,168287,35119,1,12600,8384,2,128,128,1
205,1,"[4, 0, 0, 0, 0, 0, 0, 0, 0, 0, 0, 0, 0, 0, 0, 4, 0, 0, 0, 0, 0, 0, 0, 0, 0, 0, 0, 0, 0, 0]",232,512,59392.0,118784.0,918833836,919180442,918845451,919204327,144,550778,218685,35120,2,23263,26783,2,128,128,1
203,1,"[2, 232, 4, 4, 232, 4, 4, 1, 1, 0, 0, 1, 1, 1, 1, 1, 4, 0, 0, 0, 0, 0, 0, 0, 0, 0, 0, 0, 0, 0]",8,64,0.0,0.0,919408749,919422582,919423012,919461476,2304,160638,160638,35121,1,13833,38464,2,128,128,1
205,1,"[4, 0, 0, 0, 0, 0, 0, 0, 0, 0, 0, 0, 0, 0, 0, 4, 0, 0, 0, 0, 0, 0, 0, 0, 0, 0, 0, 0, 0, 0]",232,512,59392.0,118784.0,919609629,919961487,919622114,919985598,144,554459,217950,35122,2,25026,26975,2,128,128,1
152,1,"[4, 2, 232, 4, 4, 0, 0, 0, 0, 0, 0, 0, 0, 0, 0, 0, 0, 0, 0, 0, 0, 0, 0, 0, 0, 0, 0, 0, 0, 0]",15,128,7424.0,59392.0,920190419,920203311,920203548,920207580,0,132319,132319,35123,1,12892,4032,2,128,128,1
213,1,"[4, 2, 232, 4, 4, 0, 0, 0, 0, 0, 0, 0, 0, 0, 0, 4, 2, 232, 4, 4, 0, 0, 0, 0, 0, 0, 0, 0, 0, 0]",160,512,0.0,118784.0,920326713,920339175,920339899,920348986,0,243998,243998,35124,1,12462,9087,2,128,128,1
239,1,"[0, 0, 0, 0, 0, 0, 0, 0, 0, 0, 0, 0, 0, 0, 0, 0, 0, 0, 0, 0, 0, 0, 0, 0, 0, 0, 0, 0, 0, 0]",58,128,0.0,0.0,920579027,920592798,920592984,920598648,0,318748,318748,35127,1,13771,5664,2,128,128,1
203,1,"[2, 464, 4, 4, 1024, 4, 4, 1, 1, 0, 0, 1, 1, 1, 1, 1, 4, 0, 0, 0, 0, 0, 0, 0, 0, 0, 0, 0, 0, 0]",464,64,0.0,0.0,920902360,920926147,920917396,920989939,4608,133407,127967,35129,2,22139,67103,2,128,128,1
205,1,"[4, 0, 0, 0, 0, 0, 0, 0, 0, 0, 0, 0, 0, 0, 0, 4, 0, 0, 0, 0, 0, 0, 0, 0, 0, 0, 0, 0, 0, 0]",1024,512,262144.0,524288.0,921106587,921588549,921117906,921672812,144,609945,142942,35130,2,24906,87903,2,128,128,1
152,1,"[4, 2, 1024, 4, 4, 0, 0, 0, 0, 0, 0, 0, 0, 0, 0, 0, 0, 0, 0, 0, 0, 0, 0, 0, 0, 0, 0, 0, 0, 0]",64,128,32768.0,262144.0,921802527,921815591,921815754,921820138,0,124959,124959,35131,1,13064,4384,2,128,128,1
210,1,"[4, 2, 1024, 4, 4, 0, 0, 0, 0, 0, 0, 0, 0, 0, 0, 0, 0, 0, 0, 0, 0, 0, 0, 0, 0, 0, 0, 0, 0, 0]",64,512,32769.0,131076.0,921932230,921944685,921945097,921956265,16,154910,154910,35132,1,12455,11168,2,128,128,1
201,1,"[4, 2, 1024, 0, 0, 0, 0, 0, 0, 0, 4, 92, 1024, 0, 0, 0, 0, 0, 0, 0, 4, 92, 0, 0, 0, 0, 0, 0, 0, 0]",12,128,376832.0,102584.0,922099220,922110757,922111175,922125735,3072,140382,140382,35133,1,11537,14560,2,128,128,1
181,1,"[4, 2, 92, 0, 0, 0, 0, 0, 0, 0, 0, 0, 0, 0, 0, 4, 2, 92, 0, 0, 0, 0, 0, 0, 0, 0, 0, 0, 0, 0]",1,128,0.0,0.0,922253558,922377781,922266117,922383012,16,757816,667865,35135,5,40770,26944,2,128,128,1
181,2,"[4, 2, 92, 0, 0, 0, 0, 0, 0, 0, 0, 0, 0, 0, 0, 4, 2, 92, 0, 0, 0, 0, 0, 0, 0, 0, 0, 0, 0, 0]",1,128,0.0,0.0,923029201,923239084,923050877,923244283,0,539226,363708,35135,4,54418,17888,2,128,128,1
210,2,"[4, 2, 1024, 4, 4, 0, 0, 0, 0, 0, 0, 0, 0, 0, 0, 0, 0, 0, 0, 0, 0, 0, 0, 0, 0, 0, 0, 0, 0, 0]",128,128,32769.0,131076.0,923597503,923607503,923607991,923613655,0,44063,44063,35132,1,10000,5664,2,128,128,1
152,2,"[4, 2, 1024, 4, 4, 0, 0, 0, 0, 0, 0, 0, 0, 0, 0, 0, 0, 0, 0, 0, 0, 0, 0, 0, 0, 0, 0, 0, 0, 0]",64,128,32768.0,393216.0,923647729,923657036,923657718,923662422,0,94687,94687,35131,1,9307,4704,2,128,128,1
205,2,"[4, 2, 1024, 4, 4, 0, 0, 0, 0, 0, 0, 0, 0, 0, 0, 0, 0, 0, 0, 0, 0, 0, 0, 0, 0, 0, 0, 0, 0, 0]",1024,512,262144.0,655360.0,923746939,923756154,923757109,923845908,272,121311,121311,35130,1,9215,88799,2,128,128,1
203,2,"[2, 464, 4, 4, 1024, 4, 4, 1, 1, 0, 0, 1, 1, 1, 1, 1, 4, 0, 0, 0, 0, 0, 0, 0, 0, 0, 0, 0, 0, 0]",512,256,30408704.0,2091008.0,923955326,924132693,923967219,924266928,9472,178014,153470,35129,5,45757,275165,2,128,128,1
152,2,"[4, 2, 232, 4, 4, 0, 0, 0, 0, 0, 0, 0, 0, 0, 0, 0, 0, 0, 0, 0, 0, 0, 0, 0, 0, 0, 0, 0, 0, 0]",29,128,7424.0,89088.0,924409851,924419572,924420398,924426510,0,80639,80639,35123,1,9721,6112,2,128,128,1
205,2,"[4, 2, 232, 4, 4, 0, 0, 0, 0, 0, 0, 0, 0, 0, 0, 0, 0, 0, 0, 0, 0, 0, 0, 0, 0, 0, 0, 0, 0, 0]",232,512,59392.0,148480.0,924497492,924506192,924507149,924532781,272,154206,154206,35122,1,8700,25632,2,128,128,1
203,2,"[2, 232, 4, 4, 232, 4, 4, 1, 1, 0, 0, 1, 1, 1, 1, 1, 4, 0, 0, 0, 0, 0, 0, 0, 0, 0, 0, 0, 0, 0]",64,256,0.0,0.0,924676248,924782451,924686987,924802986,2304,172927,124639,35121,3,26377,67711,2,128,128,1
205,2,"[4, 2, 232, 4, 4, 0, 0, 0, 0, 0, 0, 0, 0, 0, 0, 0, 0, 0, 0, 0, 0, 0, 0, 0, 0, 0, 0, 0, 0, 0]",232,512,59392.0,148480.0,924918056,924928987,924927625,924952648,272,118431,118431,35120,1,10931,25023,2,128,128,1
203,2,"[2, 232, 4, 4, 232, 4, 4, 3, 3, 1, 1, 1, 1, 1, 1, 232, 4, 0, 0, 0, 0, 0, 0, 0, 0, 0, 0, 0, 0, 0]",2088,1024,0.0,0.0,925061435,925088996,925071079,925103335,0,67839,66687,35119,2,17263,31104,2,128,128,1
152,2,"[4, 2, 232, 4, 4, 0, 0, 0, 0, 0, 0, 0, 0, 0, 0, 0, 0, 0, 0, 0, 0, 0, 0, 0, 0, 0, 0, 0, 0, 0]",15,128,7424.0,89088.0,925160152,925169152,925170022,925174246,0,80895,80895,35118,1,9000,4224,2,128,128,1
205,2,"[4, 2, 232, 4, 4, 0, 0, 0, 0, 0, 0, 0, 0, 0, 0, 0, 0, 0, 0, 0, 0, 0, 0, 0, 0, 0, 0, 0, 0, 0]",232,512,59392.0,148480.0,925245738,925254199,925255141,925280165,272,109694,109694,35117,1,8461,25024,2,128,128,1
203,2,"[2, 232, 4, 4, 232, 4, 4, 1, 1, 0, 0, 1, 1, 1, 1, 1, 4, 0, 0, 0, 0, 0, 0, 0, 0, 0, 0, 0, 0, 0]",64,256,0.0,0.0,925380081,925556402,925389859,925576706,2304,404987,290556,35116,4,34913,72416,2,128,128,1
152,2,"[4, 2, 232, 4, 4, 0, 0, 0, 0, 0, 0, 0, 0, 0, 0, 0, 0, 0, 0, 0, 0, 0, 0, 0, 0, 0, 0, 0, 0, 0]",29,128,7424.0,89088.0,925857285,925866657,925867262,925873310,0,86400,86400,35109,1,9372,6048,2,128,128,1
205,2,"[4, 2, 232, 4, 4, 0, 0, 0, 0, 0, 0, 0, 0, 0, 0, 0, 0, 0, 0, 0, 0, 0, 0, 0, 0, 0, 0, 0, 0, 0]",232,512,59392.0,148480.0,925949972,925958815,925959710,925985469,272,151006,151006,35108,1,8843,25759,2,128,128,1
203,2,"[2, 232, 4, 4, 232, 4, 4, 1, 1, 0, 0, 1, 1, 1, 1, 1, 4, 0, 0, 0, 0, 0, 0, 0, 0, 0, 0, 0, 0, 0]",64,256,0.0,0.0,926126044,926228793,926136475,926247162,2304,169599,125727,35107,3,28053,66815,2,128,128,1
205,2,"[4, 2, 232, 4, 4, 0, 0, 0, 0, 0, 0, 0, 0, 0, 0, 0, 0, 0, 0, 0, 0, 0, 0, 0, 0, 0, 0, 0, 0, 0]",232,512,59392.0,148480.0,926363272,926372002,926372889,926398105,272,114622,114622,35106,1,8730,25216,2,128,128,1
203,2,"[2, 232, 4, 4, 232, 4, 4, 3, 3, 1, 1, 1, 1, 1, 1, 232, 4, 0, 0, 0, 0, 0, 0, 0, 0, 0, 0, 0, 0, 0]",2088,1024,0.0,0.0,926502840,926531406,926512727,926544951,0,69887,68767,35105,2,18859,31104,2,128,128,1
152,2,"[4, 2, 232, 4, 4, 0, 0, 0, 0, 0, 0, 0, 0, 0, 0, 0, 0, 0, 0, 0, 0, 0, 0, 0, 0, 0, 0, 0, 0, 0]",15,128,7424.0,89088.0,926604439,926613029,926613718,926617974,0,75551,75551,35104,1,8590,4256,2,128,128,1
205,2,"[4, 2, 232, 4, 4, 0, 0, 0, 0, 0, 0, 0, 0, 0, 0, 0, 0, 0, 0, 0, 0, 0, 0, 0, 0, 0, 0, 0, 0, 0]",232,512,59392.0,148480.0,926684577,926692370,926693525,926718581,272,109791,109791,35103,1,7793,25056,2,128,128,1
203,2,"[2, 232, 4, 4, 232, 4, 4, 1, 1, 0, 0, 1, 1, 1, 1, 1, 4, 0, 0, 0, 0, 0, 0, 0, 0, 0, 0, 0, 0, 0]",64,256,0.0,0.0,926818614,926992439,926828372,927012722,2304,404892,293277,35102,4,34299,72735,2,128,128,1
152,2,"[4, 2, 232, 4, 4, 0, 0, 0, 0, 0, 0, 0, 0, 0, 0, 0, 0, 0, 0, 0, 0, 0, 0, 0, 0, 0, 0, 0, 0, 0]",29,128,7424.0,89088.0,927295920,927305284,927305999,927312110,0,80928,80928,35095,1,9364,6111,2,128,128,1
205,2,"[4, 2, 232, 4, 4, 0, 0, 0, 0, 0, 0, 0, 0, 0, 0, 0, 0, 0, 0, 0, 0, 0, 0, 0, 0, 0, 0, 0, 0, 0]",232,512,59392.0,148480.0,927383708,927392017,927393038,927418317,272,149855,149855,35094,1,8309,25279,2,128,128,1
203,2,"[2, 232, 4, 4, 232, 4, 4, 1, 1, 0, 0, 1, 1, 1, 1, 1, 4, 0, 0, 0, 0, 0, 0, 0, 0, 0, 0, 0, 0, 0]",64,256,0.0,0.0,927557740,927658538,927568172,927678666,2304,170367,126463,35093,3,25849,66590,2,128,128,1
205,2,"[4, 2, 232, 4, 4, 0, 0, 0, 0, 0, 0, 0, 0, 0, 0, 0, 0, 0, 0, 0, 0, 0, 0, 0, 0, 0, 0, 0, 0, 0]",232,512,59392.0,148480.0,927795768,927805515,927805129,927830249,272,120863,120863,35092,1,9747,25120,2,128,128,1
203,2,"[2, 232, 4, 4, 232, 4, 4, 3, 3, 1, 1, 1, 1, 1, 1, 232, 4, 0, 0, 0, 0, 0, 0, 0, 0, 0, 0, 0, 0, 0]",2088,1024,0.0,0.0,927941538,927968049,927951112,927983623,0,66080,64832,35091,2,17138,31263,2,128,128,1
152,2,"[4, 2, 232, 4, 4, 0, 0, 0, 0, 0, 0, 0, 0, 0, 0, 0, 0, 0, 0, 0, 0, 0, 0, 0, 0, 0, 0, 0, 0, 0]",15,128,7424.0,89088.0,928039078,928047593,928048455,928052647,0,77823,77823,35090,1,8515,4192,2,128,128,1
205,2,"[4, 2, 232, 4, 4, 0, 0, 0, 0, 0, 0, 0, 0, 0, 0, 0, 0, 0, 0, 0, 0, 0, 0, 0, 0, 0, 0, 0, 0, 0]",232,512,59392.0,148480.0,928121411,928129441,928130470,928155525,272,107391,107391,35089,1,8030,25055,2,128,128,1
203,2,"[2, 232, 4, 4, 232, 4, 4, 1, 1, 0, 0, 1, 1, 1, 1, 1, 4, 0, 0, 0, 0, 0, 0, 0, 0, 0, 0, 0, 0, 0]",64,256,0.0,0.0,928253264,928424647,928262916,928444930,2304,401052,291453,35088,4,34661,72415,2,128,128,1
152,2,"[4, 2, 232, 4, 4, 0, 0, 0, 0, 0, 0, 0, 0, 0, 0, 0, 0, 0, 0, 0, 0, 0, 0, 0, 0, 0, 0, 0, 0, 0]",29,128,7424.0,89088.0,928726552,928735623,928736383,928742527,0,81983,81983,35081,1,9071,6144,2,128,128,1
205,2,"[4, 2, 232, 4, 4, 0, 0, 0, 0, 0, 0, 0, 0, 0, 0, 0, 0, 0, 0, 0, 0, 0, 0, 0, 0, 0, 0, 0, 0, 0]",232,512,59392.0,148480.0,928814942,928823574,928824510,928850078,272,148254,148254,35080,1,8632,25568,2,128,128,1
203,2,"[2, 232, 4, 4, 232, 4, 4, 1, 1, 0, 0, 1, 1, 1, 1, 1, 4, 0, 0, 0, 0, 0, 0, 0, 0, 0, 0, 0, 0, 0]",64,256,0.0,0.0,928987744,929091946,928998332,929109563,2304,169214,125183,35079,3,28396,67200,2,128,128,1
205,2,"[4, 2, 232, 4, 4, 0, 0, 0, 0, 0, 0, 0, 0, 0, 0, 0, 0, 0, 0, 0, 0, 0, 0, 0, 0, 0, 0, 0, 0, 0]",232,512,59392.0,148480.0,929225451,929233735,929234746,929259994,272,114846,114846,35078,1,8284,25248,2,128,128,1
203,2,"[2, 232, 8, 8, 232, 4, 4, 3, 3, 1, 1, 2, 2, 1, 1, 232, 4, 0, 0, 0, 0, 0, 0, 0, 0, 0, 0, 0, 0, 0]",2088,1024,0.0,0.0,929365235,929397842,929374840,929409080,0,74015,71839,35077,2,19403,32064,2,128,128,1
152,2,"[4, 2, 232, 8, 8, 0, 0, 0, 0, 0, 0, 0, 0, 0, 0, 0, 0, 0, 0, 0, 0, 0, 0, 0, 0, 0, 0, 0, 0, 0]",58,128,29696.0,356352.0,929471542,929480074,929480919,929485655,0,76767,76767,35076,1,8532,4736,2,128,128,1
205,2,"[4, 2, 232, 8, 8, 0, 0, 0, 0, 0, 0, 0, 0, 0, 0, 0, 0, 0, 0, 0, 0, 0, 0, 0, 0, 0, 0, 0, 0, 0]",232,512,237568.0,593920.0,929553233,929561491,929562422,929587510,272,143295,143295,35075,1,8258,25088,2,128,128,1
203,2,"[2, 232, 8, 8, 232, 8, 8, 1, 1, 0, 0, 1, 1, 1, 1, 1, 4, 0, 0, 0, 0, 0, 0, 0, 0, 0, 0, 0, 0, 0]",116,256,0.0,0.0,929720233,929824518,929730805,929928882,10496,54271,7616,35074,3,26280,151422,2,128,128,1
152,2,"[4, 2, 232, 4, 4, 0, 0, 0, 0, 0, 0, 0, 0, 0, 0, 0, 0, 0, 0, 0, 0, 0, 0, 0, 0, 0, 0, 0, 0, 0]",29,128,7424.0,89088.0,929918091,929926829,929936498,929942706,0,72959,72959,35073,1,8738,6208,2,128,128,1
205,2,"[4, 2, 232, 4, 4, 0, 0, 0, 0, 0, 0, 0, 0, 0, 0, 0, 0, 0, 0, 0, 0, 0, 0, 0, 0, 0, 0, 0, 0, 0]",232,512,59392.0,148480.0,930006230,930014766,930015665,930041073,272,142846,142846,35072,1,8536,25408,2,128,128,1
203,2,"[2, 232, 4, 4, 232, 4, 4, 1, 1, 0, 0, 1, 1, 1, 1, 1, 4, 0, 0, 0, 0, 0, 0, 0, 0, 0, 0, 0, 0, 0]",64,256,0.0,0.0,930173462,930272181,930183919,930292238,2304,166718,124895,35071,3,25647,66496,2,128,128,1
205,2,"[4, 2, 232, 4, 4, 0, 0, 0, 0, 0, 0, 0, 0, 0, 0, 0, 0, 0, 0, 0, 0, 0, 0, 0, 0, 0, 0, 0, 0, 0]",232,512,59392.0,148480.0,930408015,930416229,930417133,930442445,272,118878,118878,35070,1,8214,25312,2,128,128,1
203,2,"[2, 232, 8, 8, 232, 4, 4, 3, 3, 1, 1, 2, 2, 1, 1, 232, 4, 0, 0, 0, 0, 0, 0, 0, 0, 0, 0, 0, 0, 0]",2088,1024,0.0,0.0,930551719,930580014,930561323,930594027,0,251229,249981,35069,2,16942,31456,2,128,128,1
152,2,"[4, 2, 116, 8, 8, 0, 0, 0, 0, 0, 0, 0, 0, 0, 0, 0, 0, 0, 0, 0, 0, 0, 0, 0, 0, 0, 0, 0, 0, 0]",58,128,14848.0,178176.0,930834045,930843267,930844008,930850440,0,78880,78880,35063,1,9222,6432,2,128,128,1
205,2,"[4, 2, 116, 8, 8, 0, 0, 0, 0, 0, 0, 0, 0, 0, 0, 0, 0, 0, 0, 0, 0, 0, 0, 0, 0, 0, 0, 0, 0, 0]",116,512,118784.0,296960.0,930919952,930928357,930929320,930947047,272,182398,182398,35062,1,8405,17727,2,128,128,1
203,2,"[2, 116, 8, 8, 116, 8, 8, 1, 1, 0, 0, 1, 1, 1, 1, 1, 4, 0, 0, 0, 0, 0, 0, 0, 0, 0, 0, 0, 0, 0]",4,256,3444736.0,172608.0,931117869,931238784,931129445,931281444,32768,160286,107646,35061,4,33253,99359,2,128,128,1
205,2,"[4, 2, 116, 8, 8, 0, 0, 0, 0, 0, 0, 0, 0, 0, 0, 0, 0, 0, 0, 0, 0, 0, 0, 0, 0, 0, 0, 0, 0, 0]",116,512,118784.0,296960.0,931379476,931388078,931389090,931405570,272,122015,122015,35060,1,8602,16480,2,128,128,1
203,2,"[2, 116, 8, 8, 116, 8, 8, 3, 3, 1, 1, 1, 1, 1, 1, 116, 4, 0, 0, 0, 0, 0, 0, 0, 0, 0, 0, 0, 0, 0]",1044,1024,0.0,0.0,931517880,931545879,931527585,931554880,0,75072,71264,35059,2,18323,23487,2,128,128,1
152,2,"[4, 2, 116, 8, 8, 0, 0, 0, 0, 0, 0, 0, 0, 0, 0, 0, 0, 0, 0, 0, 0, 0, 0, 0, 0, 0, 0, 0, 0, 0]",29,128,14848.0,178176.0,931616818,931625406,931626144,931630464,0,74847,74847,35058,1,8588,4320,2,128,128,1
205,2,"[4, 2, 116, 8, 8, 0, 0, 0, 0, 0, 0, 0, 0, 0, 0, 0, 0, 0, 0, 0, 0, 0, 0, 0, 0, 0, 0, 0, 0, 0]",116,512,118784.0,296960.0,931695325,931703352,931705311,931723007,272,113118,113118,35057,1,8027,17696,2,128,128,1
203,2,"[2, 116, 8, 8, 116, 8, 8, 1, 1, 0, 0, 1, 1, 1, 1, 1, 4, 0, 0, 0, 0, 0, 0, 0, 0, 0, 0, 0, 0, 0]",58,256,3444736.0,172608.0,931826560,932041370,931836125,932084667,32768,414939,271965,35056,5,41622,105568,2,128,128,1
152,2,"[4, 2, 116, 8, 8, 0, 0, 0, 0, 0, 0, 0, 0, 0, 0, 0, 0, 0, 0, 0, 0, 0, 0, 0, 0, 0, 0, 0, 0, 0]",58,128,14848.0,178176.0,932346786,932356096,932356632,932362584,0,77759,77759,35049,1,9310,5952,2,128,128,1
205,2,"[4, 2, 116, 8, 8, 0, 0, 0, 0, 0, 0, 0, 0, 0, 0, 0, 0, 0, 0, 0, 0, 0, 0, 0, 0, 0, 0, 0, 0, 0]",116,512,118784.0,296960.0,932430967,932439629,932440343,932458487,272,179806,179806,35048,1,8662,18144,2,128,128,1
203,2,"[2, 116, 8, 8, 116, 8, 8, 1, 1, 0, 0, 1, 1, 1, 1, 1, 4, 0, 0, 0, 0, 0, 0, 0, 0, 0, 0, 0, 0, 0]",4,256,3444736.0,172608.0,932626450,932737809,932638293,932781139,32768,147519,103615,35047,4,31009,98942,2,128,128,1
205,2,"[4, 2, 116, 8, 8, 0, 0, 0, 0, 0, 0, 0, 0, 0, 0, 0, 0, 0, 0, 0, 0, 0, 0, 0, 0, 0, 0, 0, 0, 0]",116,512,118784.0,296960.0,932875525,932883756,932884754,932901682,272,127967,127967,35046,1,8231,16928,2,128,128,1
203,2,"[2, 116, 8, 8, 116, 8, 8, 3, 3, 1, 1, 1, 1, 1, 1, 116, 4, 0, 0, 0, 0, 0, 0, 0, 0, 0, 0, 0, 0, 0]",1044,1024,0.0,0.0,933020183,933046410,933029649,933057456,0,73216,68640,35045,2,16510,23231,2,128,128,1
152,2,"[4, 2, 116, 8, 8, 0, 0, 0, 0, 0, 0, 0, 0, 0, 0, 0, 0, 0, 0, 0, 0, 0, 0, 0, 0, 0, 0, 0, 0, 0]",29,128,14848.0,178176.0,933116563,933125216,933126096,933130416,0,77022,77022,35044,1,8653,4320,2,128,128,1
205,2,"[4, 2, 116, 8, 8, 0, 0, 0, 0, 0, 0, 0, 0, 0, 0, 0, 0, 0, 0, 0, 0, 0, 0, 0, 0, 0, 0, 0, 0, 0]",116,512,118784.0,296960.0,933198242,933206687,933207438,933225070,272,116927,116927,35043,1,8445,17632,2,128,128,1
203,2,"[2, 116, 8, 8, 116, 8, 8, 1, 1, 0, 0, 1, 1, 1, 1, 1, 4, 0, 0, 0, 0, 0, 0, 0, 0, 0, 0, 0, 0, 0]",58,256,3444736.0,172608.0,933332099,933534710,933341997,933578251,32768,403004,272733,35042,5,38306,105983,2,128,128,1
152,2,"[4, 2, 116, 8, 8, 0, 0, 0, 0, 0, 0, 0, 0, 0, 0, 0, 0, 0, 0, 0, 0, 0, 0, 0, 0, 0, 0, 0, 0, 0]",58,128,14848.0,178176.0,933840712,933850290,933850984,933857319,0,80159,80159,35035,1,9578,6335,2,128,128,1
205,2,"[4, 2, 116, 8, 8, 0, 0, 0, 0, 0, 0, 0, 0, 0, 0, 0, 0, 0, 0, 0, 0, 0, 0, 0, 0, 0, 0, 0, 0, 0]",116,512,118784.0,296960.0,933928033,933936471,933937478,933955686,272,176959,176959,35034,1,8438,18208,2,128,128,1
203,2,"[2, 116, 8, 8, 116, 8, 8, 1, 1, 0, 0, 1, 1, 1, 1, 1, 4, 0, 0, 0, 0, 0, 0, 0, 0, 0, 0, 0, 0, 0]",4,256,3444736.0,172608.0,934121725,934234424,934132645,934277091,32768,149757,104479,35033,4,30231,99168,2,128,128,1
205,2,"[4, 2, 116, 8, 8, 0, 0, 0, 0, 0, 0, 0, 0, 0, 0, 0, 0, 0, 0, 0, 0, 0, 0, 0, 0, 0, 0, 0, 0, 0]",116,512,118784.0,296960.0,934371776,934380602,934381570,934399201,272,122911,122911,35032,1,8826,17631,2,128,128,1
203,2,"[2, 116, 8, 8, 116, 8, 8, 3, 3, 1, 1, 1, 1, 1, 1, 116, 4, 0, 0, 0, 0, 0, 0, 0, 0, 0, 0, 0, 0, 0]",1044,1024,0.0,0.0,934512565,934538551,934522112,934549088,0,72383,69247,35031,2,16642,23840,2,128,128,1
152,2,"[4, 2, 116, 8, 8, 0, 0, 0, 0, 0, 0, 0, 0, 0, 0, 0, 0, 0, 0, 0, 0, 0, 0, 0, 0, 0, 0, 0, 0, 0]",29,128,14848.0,178176.0,934608947,934617561,934618335,934622623,0,78687,78687,35030,1,8614,4288,2,128,128,1
205,2,"[4, 2, 116, 8, 8, 0, 0, 0, 0, 0, 0, 0, 0, 0, 0, 0, 0, 0, 0, 0, 0, 0, 0, 0, 0, 0, 0, 0, 0, 0]",116,512,118784.0,296960.0,934692047,934700131,934701310,934718878,272,117983,117983,35029,1,8084,17568,2,128,128,1
203,2,"[2, 116, 8, 8, 116, 8, 8, 1, 1, 0, 0, 1, 1, 1, 1, 1, 4, 0, 0, 0, 0, 0, 0, 0, 0, 0, 0, 0, 0, 0]",58,256,3444736.0,172608.0,934827359,935026972,934836861,935069722,32768,395773,267838,35028,5,37813,104926,2,128,128,1
152,2,"[4, 2, 116, 8, 8, 0, 0, 0, 0, 0, 0, 0, 0, 0, 0, 0, 0, 0, 0, 0, 0, 0, 0, 0, 0, 0, 0, 0, 0, 0]",58,128,14848.0,178176.0,935327577,935336760,935337560,935343863,0,77760,77760,35021,1,9183,6303,2,128,128,1
205,2,"[4, 2, 116, 8, 8, 0, 0, 0, 0, 0, 0, 0, 0, 0, 0, 0, 0, 0, 0, 0, 0, 0, 0, 0, 0, 0, 0, 0, 0, 0]",116,512,118784.0,296960.0,935412265,935420635,935421623,935439702,272,184158,184158,35020,1,8370,18079,2,128,128,1
203,2,"[2, 116, 8, 8, 116, 8, 8, 1, 1, 0, 0, 1, 1, 1, 1, 1, 4, 0, 0, 0, 0, 0, 0, 0, 0, 0, 0, 0, 0, 0]",4,256,3444736.0,172608.0,935613295,935723405,935623860,935766035,32768,148701,105630,35019,4,29530,99104,2,128,128,1
205,2,"[4, 2, 116, 8, 8, 0, 0, 0, 0, 0, 0, 0, 0, 0, 0, 0, 0, 0, 0, 0, 0, 0, 0, 0, 0, 0, 0, 0, 0, 0]",116,512,118784.0,296960.0,935862396,935870688,935871665,935889457,272,129087,129087,35018,1,8292,17792,2,128,128,1
203,2,"[2, 116, 8, 8, 116, 8, 8, 3, 3, 1, 1, 1, 1, 1, 1, 116, 4, 0, 0, 0, 0, 0, 0, 0, 0, 0, 0, 0, 0, 0]",1044,1024,0.0,0.0,936009091,936034882,936018544,936045456,0,73535,70111,35017,2,16386,23488,2,128,128,1
152,2,"[4, 2, 116, 8, 8, 0, 0, 0, 0, 0, 0, 0, 0, 0, 0, 0, 0, 0, 0, 0, 0, 0, 0, 0, 0, 0, 0, 0, 0, 0]",29,128,14848.0,178176.0,936106149,936116641,936115567,936119919,0,76415,76415,35016,1,10492,4352,2,128,128,1
205,2,"[4, 2, 116, 8, 8, 0, 0, 0, 0, 0, 0, 0, 0, 0, 0, 0, 0, 0, 0, 0, 0, 0, 0, 0, 0, 0, 0, 0, 0, 0]",116,512,118784.0,296960.0,936187253,936195206,936196334,936214062,272,114431,114431,35015,1,7953,17728,2,128,128,1
203,2,"[2, 116, 8, 8, 116, 8, 8, 1, 1, 0, 0, 1, 1, 1, 1, 1, 4, 0, 0, 0, 0, 0, 0, 0, 0, 0, 0, 0, 0, 0]",58,256,3444736.0,172608.0,936319006,936525391,936328493,936568394,32768,398652,264349,35014,5,39698,105598,2,128,128,1
152,2,"[4, 2, 116, 8, 8, 0, 0, 0, 0, 0, 0, 0, 0, 0, 0, 0, 0, 0, 0, 0, 0, 0, 0, 0, 0, 0, 0, 0, 0, 0]",58,128,14848.0,178176.0,936822833,936832040,936832743,936839079,0,78655,78655,35007,1,9207,6336,2,128,128,1
205,2,"[4, 2, 116, 8, 8, 0, 0, 0, 0, 0, 0, 0, 0, 0, 0, 0, 0, 0, 0, 0, 0, 0, 0, 0, 0, 0, 0, 0, 0, 0]",116,512,118784.0,296960.0,936908224,936916754,936917734,936935782,272,177982,177982,35006,1,8530,18048,2,128,128,1
203,2,"[2, 116, 8, 8, 116, 8, 8, 1, 1, 0, 0, 1, 1, 1, 1, 1, 4, 0, 0, 0, 0, 0, 0, 0, 0, 0, 0, 0, 0, 0]",4,256,3444736.0,172608.0,937103039,937216355,937113764,937259042,32768,166527,120511,35005,4,32590,99262,2,128,128,1
205,2,"[4, 2, 116, 8, 8, 0, 0, 0, 0, 0, 0, 0, 0, 0, 0, 0, 0, 0, 0, 0, 0, 0, 0, 0, 0, 0, 0, 0, 0, 0]",116,512,118784.0,296960.0,937369716,937378585,937379553,937397633,272,122527,122527,35004,1,8869,18080,2,128,128,1
203,2,"[2, 116, 8, 8, 116, 8, 8, 3, 3, 1, 1, 1, 1, 1, 1, 116, 4, 0, 0, 0, 0, 0, 0, 0, 0, 0, 0, 0, 0, 0]",1044,1024,0.0,0.0,937510532,937538721,937520160,937549279,0,77983,72320,35003,2,17179,23456,2,128,128,1
152,2,"[4, 2, 116, 8, 8, 0, 0, 0, 0, 0, 0, 0, 0, 0, 0, 0, 0, 0, 0, 0, 0, 0, 0, 0, 0, 0, 0, 0, 0, 0]",29,128,14848.0,178176.0,937612158,937620841,937621599,937625983,0,74527,74527,35002,1,8683,4384,2,128,128,1
205,2,"[4, 2, 116, 8, 8, 0, 0, 0, 0, 0, 0, 0, 0, 0, 0, 0, 0, 0, 0, 0, 0, 0, 0, 0, 0, 0, 0, 0, 0, 0]",116,512,118784.0,296960.0,937691116,937699238,937700510,937718397,272,116831,116831,35001,1,8122,17887,2,128,128,1
203,2,"[2, 116, 8, 8, 116, 8, 8, 1, 1, 0, 0, 1, 1, 1, 1, 1, 4, 0, 0, 0, 0, 0, 0, 0, 0, 0, 0, 0, 0, 0]",58,256,3444736.0,172608.0,937825602,938098333,937835228,938141337,32768,479069,278077,35000,5,39721,105117,2,128,128,1
152,2,"[4, 2, 116, 8, 8, 0, 0, 0, 0, 0, 0, 0, 0, 0, 0, 0, 0, 0, 0, 0, 0, 0, 0, 0, 0, 0, 0, 0, 0, 0]",58,128,14848.0,178176.0,938409265,938418748,938419414,938425878,0,79103,79103,34993,1,9483,6464,2,128,128,1
205,2,"[4, 2, 116, 8, 8, 0, 0, 0, 0, 0, 0, 0, 0, 0, 0, 0, 0, 0, 0, 0, 0, 0, 0, 0, 0, 0, 0, 0, 0, 0]",116,512,118784.0,296960.0,938495229,938504208,938504981,938523157,272,247037,247037,34992,1,8979,18176,2,128,128,1
203,2,"[2, 116, 8, 8, 116, 8, 8, 1, 1, 0, 0, 1, 1, 1, 1, 1, 4, 0, 0, 0, 0, 0, 0, 0, 0, 0, 0, 0, 0, 0]",4,256,3444736.0,172608.0,938758338,938879955,938770194,938922384,32768,169919,116799,34991,4,32034,99070,2,128,128,1
205,2,"[4, 2, 116, 8, 8, 0, 0, 0, 0, 0, 0, 0, 0, 0, 0, 0, 0, 0, 0, 0, 0, 0, 0, 0, 0, 0, 0, 0, 0, 0]",116,512,118784.0,296960.0,939029663,939038135,939039183,939055759,272,135230,135230,34990,1,8472,16576,2,128,128,1
203,2,"[2, 116, 8, 8, 116, 8, 8, 3, 3, 1, 1, 1, 1, 1, 1, 116, 4, 0, 0, 0, 0, 0, 0, 0, 0, 0, 0, 0, 0, 0]",1044,1024,0.0,0.0,939181247,939210266,939190989,939220781,0,85951,79903,34989,2,17435,23744,2,128,128,1
152,2,"[4, 2, 116, 8, 8, 0, 0, 0, 0, 0, 0, 0, 0, 0, 0, 0, 0, 0, 0, 0, 0, 0, 0, 0, 0, 0, 0, 0, 0, 0]",29,128,14848.0,178176.0,939290602,939299316,939300684,939304972,0,84096,84096,34988,1,8714,4288,2,128,128,1
205,2,"[4, 2, 116, 8, 8, 0, 0, 0, 0, 0, 0, 0, 0, 0, 0, 0, 0, 0, 0, 0, 0, 0, 0, 0, 0, 0, 0, 0, 0, 0]",116,512,118784.0,296960.0,939379352,939387453,939389068,939406635,272,124415,124415,34987,1,8101,17567,2,128,128,1
203,2,"[2, 116, 8, 8, 116, 8, 8, 1, 1, 0, 0, 1, 1, 1, 1, 1, 4, 0, 0, 0, 0, 0, 0, 0, 0, 0, 0, 0, 0, 0]",58,256,3444736.0,172608.0,939521510,939728689,939531050,939771303,32768,447548,312317,34986,5,38022,105022,2,128,128,1
152,2,"[4, 2, 116, 8, 8, 0, 0, 0, 0, 0, 0, 0, 0, 0, 0, 0, 0, 0, 0, 0, 0, 0, 0, 0, 0, 0, 0, 0, 0, 0]",58,128,14848.0,178176.0,940072476,940082447,940083620,940090116,0,87487,87487,34979,1,9971,6496,2,128,128,1
205,2,"[4, 2, 116, 8, 8, 0, 0, 0, 0, 0, 0, 0, 0, 0, 0, 0, 0, 0, 0, 0, 0, 0, 0, 0, 0, 0, 0, 0, 0, 0]",116,512,118784.0,296960.0,940168095,940176634,940177603,940195747,272,190109,190109,34978,1,8539,18144,2,128,128,1
203,2,"[2, 116, 8, 8, 116, 8, 8, 1, 1, 0, 0, 1, 1, 1, 1, 1, 4, 0, 0, 0, 0, 0, 0, 0, 0, 0, 0, 0, 0, 0]",4,256,3444736.0,172608.0,940375170,940490768,940385856,940530335,32768,162271,117215,34977,4,33062,99423,2,128,128,1
205,2,"[4, 2, 116, 8, 8, 0, 0, 0, 0, 0, 0, 0, 0, 0, 0, 0, 0, 0, 0, 0, 0, 0, 0, 0, 0, 0, 0, 0, 0, 0]",116,512,118784.0,296960.0,940638144,940646584,940647550,940665245,272,128735,128735,34976,1,8440,17695,2,128,128,1
203,2,"[2, 116, 8, 8, 116, 8, 8, 3, 3, 1, 1, 1, 1, 1, 1, 116, 4, 0, 0, 0, 0, 0, 0, 0, 0, 0, 0, 0, 0, 0]",1044,1024,0.0,0.0,940784127,940813577,940793980,940824156,0,80543,73887,34975,2,18566,23520,2,128,128,1
152,2,"[4, 2, 116, 8, 8, 0, 0, 0, 0, 0, 0, 0, 0, 0, 0, 0, 0, 0, 0, 0, 0, 0, 0, 0, 0, 0, 0, 0, 0, 0]",29,128,14848.0,178176.0,940888725,940897307,940898043,940902363,0,79839,79839,34974,1,8582,4320,2,128,128,1
205,2,"[4, 2, 116, 8, 8, 0, 0, 0, 0, 0, 0, 0, 0, 0, 0, 0, 0, 0, 0, 0, 0, 0, 0, 0, 0, 0, 0, 0, 0, 0]",116,512,118784.0,296960.0,940972604,940980935,940982202,940999898,272,130847,130847,34973,1,8331,17696,2,128,128,1
203,2,"[2, 116, 8, 8, 116, 8, 8, 1, 1, 0, 0, 1, 1, 1, 1, 1, 4, 0, 0, 0, 0, 0, 0, 0, 0, 0, 0, 0, 0, 0]",58,256,3444736.0,172608.0,941120968,941325717,941130745,941368662,32768,426937,294300,34972,5,38211,105280,2,128,128,1
152,2,"[4, 2, 116, 8, 8, 0, 0, 0, 0, 0, 0, 0, 0, 0, 0, 0, 0, 0, 0, 0, 0, 0, 0, 0, 0, 0, 0, 0, 0, 0]",58,128,14848.0,178176.0,941652719,941662242,941662962,941669171,0,84095,84095,34965,1,9523,6209,2,128,128,1
205,2,"[4, 2, 116, 8, 8, 0, 0, 0, 0, 0, 0, 0, 0, 0, 0, 0, 0, 0, 0, 0, 0, 0, 0, 0, 0, 0, 0, 0, 0, 0]",116,512,118784.0,296960.0,941743670,941752287,941753266,941771250,272,192413,192413,34964,1,8617,17984,2,128,128,1
203,2,"[2, 116, 8, 8, 116, 8, 8, 1, 1, 0, 0, 1, 1, 1, 1, 1, 4, 0, 0, 0, 0, 0, 0, 0, 0, 0, 0, 0, 0, 0]",4,256,3444736.0,172608.0,941952629,942063840,941963663,942106478,32768,159038,115198,34963,4,29939,98975,2,128,128,1
205,2,"[4, 2, 116, 8, 8, 0, 0, 0, 0, 0, 0, 0, 0, 0, 0, 0, 0, 0, 0, 0, 0, 0, 0, 0, 0, 0, 0, 0, 0, 0]",116,512,118784.0,296960.0,942212135,942220925,942221676,942238348,272,129503,129503,34962,1,8790,16672,2,128,128,1
203,2,"[2, 116, 16, 16, 116, 8, 8, 3, 3, 1, 1, 2, 2, 1, 1, 116, 4, 0, 0, 0, 0, 0, 0, 0, 0, 0, 0, 0, 0, 0]",1044,1024,0.0,0.0,942358269,942385665,942367851,942403627,0,70847,68095,34961,2,16756,33024,2,128,128,1
152,2,"[4, 2, 116, 16, 16, 0, 0, 0, 0, 0, 0, 0, 0, 0, 0, 0, 0, 0, 0, 0, 0, 0, 0, 0, 0, 0, 0, 0, 0, 0]",116,128,59392.0,712704.0,942461996,942470798,942471722,942476874,0,82847,82847,34960,1,8802,5152,2,128,128,1
205,2,"[4, 2, 116, 16, 16, 0, 0, 0, 0, 0, 0, 0, 0, 0, 0, 0, 0, 0, 0, 0, 0, 0, 0, 0, 0, 0, 0, 0, 0, 0]",116,512,475136.0,1187840.0,942550515,942558640,942559721,942578281,272,179198,179198,34959,1,8125,18560,2,128,128,1
203,2,"[2, 116, 16, 16, 116, 16, 16, 1, 1, 0, 0, 1, 1, 1, 1, 1, 4, 0, 0, 0, 0, 0, 0, 0, 0, 0, 0, 0, 0, 0]",8,256,13778944.0,528960.0,942747003,942862226,942757479,942979268,32768,54847,6848,34958,4,29525,173790,2,128,128,1
152,2,"[4, 2, 116, 8, 8, 0, 0, 0, 0, 0, 0, 0, 0, 0, 0, 0, 0, 0, 0, 0, 0, 0, 0, 0, 0, 0, 0, 0, 0, 0]",58,128,14848.0,178176.0,942965411,942974232,942986116,942992100,0,87871,87871,34957,1,8821,5984,2,128,128,1
205,2,"[4, 2, 116, 8, 8, 0, 0, 0, 0, 0, 0, 0, 0, 0, 0, 0, 0, 0, 0, 0, 0, 0, 0, 0, 0, 0, 0, 0, 0, 0]",116,512,118784.0,296960.0,943070486,943078851,943079971,943097923,272,192862,192862,34956,1,8365,17952,2,128,128,1
203,2,"[2, 116, 8, 8, 116, 8, 8, 1, 1, 0, 0, 1, 1, 1, 1, 1, 4, 0, 0, 0, 0, 0, 0, 0, 0, 0, 0, 0, 0, 0]",4,256,3444736.0,172608.0,943280264,943390190,943290785,943433024,32768,165406,122270,34955,4,28878,99103,2,128,128,1
205,2,"[4, 2, 116, 8, 8, 0, 0, 0, 0, 0, 0, 0, 0, 0, 0, 0, 0, 0, 0, 0, 0, 0, 0, 0, 0, 0, 0, 0, 0, 0]",116,512,118784.0,296960.0,943545898,943554269,943555294,943573214,272,137854,137854,34954,1,8371,17920,2,128,128,1
203,2,"[2, 116, 16, 16, 116, 8, 8, 3, 3, 1, 1, 2, 2, 1, 1, 116, 4, 0, 0, 0, 0, 0, 0, 0, 0, 0, 0, 0, 0, 0]",1044,1024,0.0,0.0,943701708,943730165,943711068,943748316,0,320892,316028,34953,2,16689,32384,2,128,128,1
152,2,"[4, 2, 58, 16, 16, 0, 0, 0, 0, 0, 0, 0, 0, 0, 0, 0, 0, 0, 0, 0, 0, 0, 0, 0, 0, 0, 0, 0, 0, 0]",116,128,29696.0,356352.0,944054300,944063608,944064344,944070648,0,89951,89951,34947,1,9308,6304,2,128,128,1
205,2,"[4, 2, 58, 16, 16, 0, 0, 0, 0, 0, 0, 0, 0, 0, 0, 0, 0, 0, 0, 0, 0, 0, 0, 0, 0, 0, 0, 0, 0, 0]",58,512,237568.0,593920.0,944150927,944159258,944160599,944171575,272,201630,201630,34946,1,8331,10976,2,128,128,1
203,2,"[2, 58, 16, 16, 58, 16, 16, 1, 1, 0, 0, 1, 1, 1, 1, 1, 4, 0, 0, 0, 0, 0, 0, 0, 0, 0, 0, 0, 0, 0]",8,256,3444736.0,251024.0,944362031,944478371,944373205,944528116,32768,177661,114846,34945,4,31169,92096,2,128,128,1
205,2,"[4, 2, 58, 16, 16, 0, 0, 0, 0, 0, 0, 0, 0, 0, 0, 0, 0, 0, 0, 0, 0, 0, 0, 0, 0, 0, 0, 0, 0, 0]",58,512,237568.0,593920.0,944633486,944641988,944642962,944654322,272,146398,146398,34944,1,8502,11360,2,128,128,1
203,2,"[2, 58, 16, 16, 58, 16, 16, 3, 3, 1, 1, 1, 1, 1, 1, 58, 4, 0, 0, 0, 0, 0, 0, 0, 0, 0, 0, 0, 0, 0]",522,1024,0.0,0.0,944791179,944818676,944800720,944829616,0,84446,78559,34943,2,16156,23009,2,128,128,1
152,2,"[4, 2, 58, 16, 16, 0, 0, 0, 0, 0, 0, 0, 0, 0, 0, 0, 0, 0, 0, 0, 0, 0, 0, 0, 0, 0, 0, 0, 0, 0]",58,128,29696.0,356352.0,944898593,944907226,944908175,944912847,0,91455,91455,34942,1,8633,4672,2,128,128,1
205,2,"[4, 2, 58, 16, 16, 0, 0, 0, 0, 0, 0, 0, 0, 0, 0, 0, 0, 0, 0, 0, 0, 0, 0, 0, 0, 0, 0, 0, 0, 0]",58,512,237568.0,593920.0,944995004,945003154,945004302,945015534,272,144030,144030,34941,1,8150,11232,2,128,128,1
203,2,"[2, 58, 16, 16, 58, 16, 16, 1, 1, 0, 0, 1, 1, 1, 1, 1, 4, 0, 0, 0, 0, 0, 0, 0, 0, 0, 0, 0, 0, 0]",116,256,3444736.0,251024.0,945150016,945361700,945159564,945409034,32768,468824,315004,34940,5,38604,95650,2,128,128,1
152,2,"[4, 2, 58, 16, 16, 0, 0, 0, 0, 0, 0, 0, 0, 0, 0, 0, 0, 0, 0, 0, 0, 0, 0, 0, 0, 0, 0, 0, 0, 0]",116,128,29696.0,356352.0,945713966,945723284,945724038,945730407,0,95230,95230,34933,1,9318,6369,2,128,128,1
205,2,"[4, 2, 58, 16, 16, 0, 0, 0, 0, 0, 0, 0, 0, 0, 0, 0, 0, 0, 0, 0, 0, 0, 0, 0, 0, 0, 0, 0, 0, 0]",58,512,237568.0,593920.0,945816075,945824590,945825637,945837125,272,203838,203838,34932,1,8515,11488,2,128,128,1
203,2,"[2, 58, 16, 16, 58, 16, 16, 1, 1, 0, 0, 1, 1, 1, 1, 1, 4, 0, 0, 0, 0, 0, 0, 0, 0, 0, 0, 0, 0, 0]",8,256,3444736.0,251024.0,946030308,946146306,946040963,946196257,32768,178494,115135,34931,4,30149,91935,2,128,128,1
205,2,"[4, 2, 58, 16, 16, 0, 0, 0, 0, 0, 0, 0, 0, 0, 0, 0, 0, 0, 0, 0, 0, 0, 0, 0, 0, 0, 0, 0, 0, 0]",58,512,237568.0,593920.0,946301731,946310381,946311392,946322816,272,148510,148510,34930,1,8650,11424,2,128,128,1
203,2,"[2, 58, 16, 16, 58, 16, 16, 3, 3, 1, 1, 1, 1, 1, 1, 58, 4, 0, 0, 0, 0, 0, 0, 0, 0, 0, 0, 0, 0, 0]",522,1024,0.0,0.0,946461145,946489397,946471326,946500254,0,85375,78815,34929,2,17097,22368,2,128,128,1
152,2,"[4, 2, 58, 16, 16, 0, 0, 0, 0, 0, 0, 0, 0, 0, 0, 0, 0, 0, 0, 0, 0, 0, 0, 0, 0, 0, 0, 0, 0, 0]",58,128,29696.0,356352.0,946569754,946578268,946579069,946583773,0,87775,87775,34928,1,8514,4704,2,128,128,1
205,2,"[4, 2, 58, 16, 16, 0, 0, 0, 0, 0, 0, 0, 0, 0, 0, 0, 0, 0, 0, 0, 0, 0, 0, 0, 0, 0, 0, 0, 0, 0]",58,512,237568.0,593920.0,946662257,946670289,946671548,946682652,272,144543,144543,34927,1,8032,11104,2,128,128,1
203,2,"[2, 58, 16, 16, 58, 16, 16, 1, 1, 0, 0, 1, 1, 1, 1, 1, 4, 0, 0, 0, 0, 0, 0, 0, 0, 0, 0, 0, 0, 0]",116,256,3444736.0,251024.0,946817572,947026847,946827195,947074168,32768,467643,315773,34926,5,38405,95103,2,128,128,1
152,2,"[4, 2, 58, 16, 16, 0, 0, 0, 0, 0, 0, 0, 0, 0, 0, 0, 0, 0, 0, 0, 0, 0, 0, 0, 0, 0, 0, 0, 0, 0]",116,128,29696.0,356352.0,947379832,947389236,947389941,947396340,0,77887,77887,34919,1,9404,6399,2,128,128,1
205,2,"[4, 2, 58, 16, 16, 0, 0, 0, 0, 0, 0, 0, 0, 0, 0, 0, 0, 0, 0, 0, 0, 0, 0, 0, 0, 0, 0, 0, 0, 0]",58,512,237568.0,593920.0,947464490,947473324,947474227,947485523,272,187262,187262,34918,1,8834,11296,2,128,128,1
203,2,"[2, 58, 16, 16, 58, 16, 16, 1, 1, 0, 0, 1, 1, 1, 1, 1, 4, 0, 0, 0, 0, 0, 0, 0, 0, 0, 0, 0, 0, 0]",8,256,3444736.0,251024.0,947661683,947773089,947672785,947822768,32768,171677,113470,34917,4,30475,91776,2,128,128,1
205,2,"[4, 2, 58, 16, 16, 0, 0, 0, 0, 0, 0, 0, 0, 0, 0, 0, 0, 0, 0, 0, 0, 0, 0, 0, 0, 0, 0, 0, 0, 0]",58,512,237568.0,593920.0,947926246,947935404,947936238,947947503,272,129406,129406,34916,1,9158,11265,2,128,128,1
203,2,"[2, 58, 16, 16, 58, 16, 16, 3, 3, 1, 1, 1, 1, 1, 1, 58, 4, 0, 0, 0, 0, 0, 0, 0, 0, 0, 0, 0, 0, 0]",522,1024,0.0,0.0,948067271,948093538,948076909,948104653,0,75839,70879,34915,2,16384,22784,2,128,128,1
152,2,"[4, 2, 58, 16, 16, 0, 0, 0, 0, 0, 0, 0, 0, 0, 0, 0, 0, 0, 0, 0, 0, 0, 0, 0, 0, 0, 0, 0, 0, 0]",58,128,29696.0,356352.0,948165576,948174669,948175532,948180268,0,75263,75263,34914,1,9093,4736,2,128,128,1
205,2,"[4, 2, 58, 16, 16, 0, 0, 0, 0, 0, 0, 0, 0, 0, 0, 0, 0, 0, 0, 0, 0, 0, 0, 0, 0, 0, 0, 0, 0, 0]",58,512,237568.0,593920.0,948246590,948254569,948255531,948266699,272,122463,122463,34913,1,7979,11168,2,128,128,1
203,2,"[2, 58, 16, 16, 58, 16, 16, 1, 1, 0, 0, 1, 1, 1, 1, 1, 4, 0, 0, 0, 0, 0, 0, 0, 0, 0, 0, 0, 0, 0]",116,256,3444736.0,251024.0,948379627,948625468,948389162,948672742,32768,466044,278206,34912,5,40537,95742,2,128,128,1
152,2,"[4, 2, 58, 16, 16, 0, 0, 0, 0, 0, 0, 0, 0, 0, 0, 0, 0, 0, 0, 0, 0, 0, 0, 0, 0, 0, 0, 0, 0, 0]",116,128,29696.0,356352.0,948940416,948950188,948950948,948957635,0,79328,79328,34905,1,9772,6687,2,128,128,1
205,2,"[4, 2, 58, 16, 16, 0, 0, 0, 0, 0, 0, 0, 0, 0, 0, 0, 0, 0, 0, 0, 0, 0, 0, 0, 0, 0, 0, 0, 0, 0]",58,512,237568.0,593920.0,949027192,949035877,949036963,949048290,272,185086,185086,34904,1,8685,11327,2,128,128,1
203,2,"[2, 58, 16, 16, 58, 16, 16, 1, 1, 0, 0, 1, 1, 1, 1, 1, 4, 0, 0, 0, 0, 0, 0, 0, 0, 0, 0, 0, 0, 0]",8,256,3444736.0,251024.0,949222142,949337149,949233376,949387007,32768,161086,99167,34903,4,33770,91712,2,128,128,1
205,2,"[4, 2, 58, 16, 16, 0, 0, 0, 0, 0, 0, 0, 0, 0, 0, 0, 0, 0, 0, 0, 0, 0, 0, 0, 0, 0, 0, 0, 0, 0]",58,512,237568.0,593920.0,949476362,949485176,949486174,949497726,272,133278,133278,34902,1,8814,11552,2,128,128,1
203,2,"[2, 58, 32, 32, 58, 16, 16, 3, 3, 1, 1, 2, 2, 1, 1, 58, 4, 0, 0, 0, 0, 0, 0, 0, 0, 0, 0, 0, 0, 0]",522,1024,0.0,0.0,949621003,949648000,949631004,949673564,0,63679,58815,34901,2,17088,37696,2,128,128,1
152,2,"[4, 2, 58, 32, 32, 0, 0, 0, 0, 0, 0, 0, 0, 0, 0, 0, 0, 0, 0, 0, 0, 0, 0, 0, 0, 0, 0, 0, 0, 0]",232,128,118784.0,1425408.0,949723050,949731561,949732379,949738619,0,84703,84703,34900,1,8511,6240,2,128,128,1
205,2,"[4, 2, 58, 32, 32, 0, 0, 0, 0, 0, 0, 0, 0, 0, 0, 0, 0, 0, 0, 0, 0, 0, 0, 0, 0, 0, 0, 0, 0, 0]",58,512,950272.0,2375680.0,949813097,949822377,949823322,949837786,272,160574,160574,34899,1,9280,14464,2,128,128,1
203,2,"[2, 24, 32, 32, 58, 32, 32, 1, 1, 0, 0, 1, 1, 1, 1, 1, 4, 0, 0, 0, 0, 0, 0, 0, 0, 0, 0, 0, 0, 0]",192,256,0.0,0.0,949987384,950091515,949998360,950175222,2304,89727,24672,34898,3,25674,111807,2,128,128,1
152,2,"[4, 2, 58, 16, 16, 0, 0, 0, 0, 0, 0, 0, 0, 0, 0, 0, 0, 0, 0, 0, 0, 0, 0, 0, 0, 0, 0, 0, 0, 0]",116,128,29696.0,356352.0,950189039,950199290,950199894,950206262,0,84031,84031,34897,1,10251,6368,2,128,128,1
205,2,"[4, 2, 58, 16, 16, 0, 0, 0, 0, 0, 0, 0, 0, 0, 0, 0, 0, 0, 0, 0, 0, 0, 0, 0, 0, 0, 0, 0, 0, 0]",58,512,237568.0,593920.0,950279708,950289452,950290293,950301557,272,185022,185022,34896,1,9744,11264,2,128,128,1
203,2,"[2, 24, 16, 16, 58, 16, 16, 1, 1, 0, 0, 1, 1, 1, 1, 1, 4, 0, 0, 0, 0, 0, 0, 0, 0, 0, 0, 0, 0, 0]",174,256,1425408.0,173504.0,950473028,950571027,950486579,950590450,2304,197278,135646,34895,3,34742,42239,2,128,128,1
205,2,"[4, 2, 24, 16, 16, 0, 0, 0, 0, 0, 0, 0, 0, 0, 0, 0, 0, 0, 0, 0, 0, 0, 0, 0, 0, 0, 0, 0, 0, 0]",24,512,98304.0,245760.0,950716571,950724915,950726096,950736240,272,154911,154911,34894,1,8344,10144,2,128,128,1
203,2,"[2, 24, 32, 32, 24, 16, 16, 3, 3, 1, 1, 2, 2, 1, 1, 24, 4, 0, 0, 0, 0, 0, 0, 0, 0, 0, 0, 0, 0, 0]",216,1024,0.0,0.0,950880880,950909603,950891151,950927406,0,129887,120575,34893,2,17131,26943,2,128,128,1
183,2,"[4, 2, 24, 64, 64, 0, 0, 0, 0, 0, 0, 0, 0, 0, 0, 0, 0, 0, 0, 0, 0, 0, 0, 0, 0, 0, 0, 0, 0, 0]",768,256,0.0,0.0,951037067,951065055,951047981,951104076,0,23776,11424,34892,2,19393,43743,2,128,128,1
152,2,"[4, 2, 24, 64, 64, 0, 0, 0, 0, 0, 0, 0, 0, 0, 0, 0, 0, 0, 0, 0, 0, 0, 0, 0, 0, 0, 0, 0, 0, 0]",384,128,196608.0,2359296.0,951105569,951116276,951115500,951123756,0,89759,89759,34891,1,10707,8256,2,128,128,1
205,2,"[4, 2, 24, 64, 64, 0, 0, 0, 0, 0, 0, 0, 0, 0, 0, 0, 0, 0, 0, 0, 0, 0, 0, 0, 0, 0, 0, 0, 0, 0]",24,512,1572864.0,3932160.0,951202568,951213734,951213515,951239659,400,176990,176990,34890,1,11166,26144,2,128,128,1
203,2,"[2, 3, 128, 128, 24, 64, 64, 3, 3, 1, 1, 2, 2, 1, 1, 1, 4, 0, 0, 0, 0, 0, 0, 0, 0, 0, 0, 0, 0, 0]",16,64,0.0,0.0,951405669,951415886,951416649,951488872,2304,1122772,1122772,34889,1,10217,72223,2,128,128,1
16,3,"[4, 24, 3, 3, 3, 0, 0, 0, 0, 0, 0, 0, 0, 0, 0, 4, 0, 0, 0, 0, 0, 0, 0, 0, 0, 0, 0, 0, 0, 0]",2,128,648.0,5188.0,952587089,952612451,952611644,952615804,0,119999,119999,-1,1,25362,4160,2,128,128,1
12,3,"[4, 24, 3, 3, 3, 0, 0, 0, 0, 0, 0, 0, 0, 0, 0, 4, 24, 3, 3, 3, 0, 0, 0, 0, 0, 0, 0, 0, 0, 0]",2,128,648.0,7776.0,952724761,952734971,952735803,952739802,0,100095,100095,-1,1,10210,3999,2,128,128,1
12,3,"[4, 24, 3, 3, 3, 0, 0, 0, 0, 0, 0, 0, 0, 0, 0, 4, 24, 3, 3, 3, 0, 0, 0, 0, 0, 0, 0, 0, 0, 0]",2,128,648.0,7776.0,952829983,952838789,952839897,952843993,0,97567,97567,-1,1,8806,4096,2,128,128,1
16,3,"[4, 24, 0, 0, 0, 0, 0, 0, 0, 0, 0, 0, 0, 0, 0, 4, 0, 0, 0, 0, 0, 0, 0, 0, 0, 0, 0, 0, 0, 0]",1,128,24.0,196.0,952931050,952940520,952941560,952945528,0,96383,96383,-1,1,9470,3968,2,128,128,1
12,3,"[4, 24, 0, 0, 0, 0, 0, 0, 0, 0, 0, 0, 0, 0, 0, 4, 24, 0, 0, 0, 0, 0, 0, 0, 0, 0, 0, 0, 0, 0]",1,128,24.0,288.0,953032435,953040897,953041911,953045879,0,90815,90815,-1,1,8462,3968,2,128,128,1
12,3,"[4, 24, 0, 0, 0, 0, 0, 0, 0, 0, 0, 0, 0, 0, 0, 4, 24, 0, 0, 0, 0, 0, 0, 0, 0, 0, 0, 0, 0, 0]",1,128,24.0,288.0,953127453,953135574,953136694,953140630,0,90911,90911,-1,1,8121,3936,2,128,128,1
16,3,"[4, 24, 0, 0, 0, 0, 0, 0, 0, 0, 0, 0, 0, 0, 0, 4, 0, 0, 0, 0, 0, 0, 0, 0, 0, 0, 0, 0, 0, 0]",1,128,24.0,196.0,953222035,953230360,953231541,953235509,0,91615,91615,-1,1,8325,3968,2,128,128,1
12,3,"[4, 24, 0, 0, 0, 0, 0, 0, 0, 0, 0, 0, 0, 0, 0, 4, 24, 0, 0, 0, 0, 0, 0, 0, 0, 0, 0, 0, 0, 0]",1,128,24.0,288.0,953317927,953325939,953327124,953330996,0,91615,91615,-1,1,8012,3872,2,128,128,1
12,3,"[4, 24, 0, 0, 0, 0, 0, 0, 0, 0, 0, 0, 0, 0, 0, 4, 24, 0, 0, 0, 0, 0, 0, 0, 0, 0, 0, 0, 0, 0]",1,128,24.0,288.0,953413563,953421388,953422611,953426739,0,93279,93279,-1,1,7825,4128,2,128,128,1
16,3,"[4, 24, 1, 3, 3, 0, 0, 0, 0, 0, 0, 0, 0, 0, 0, 4, 0, 0, 0, 0, 0, 0, 0, 0, 0, 0, 0, 0, 0, 0]",1,128,216.0,1732.0,953510804,953519081,953520018,953524114,0,91103,91103,-1,1,8277,4096,2,128,128,1
12,3,"[4, 24, 1, 3, 3, 0, 0, 0, 0, 0, 0, 0, 0, 0, 0, 4, 24, 1, 3, 3, 0, 0, 0, 0, 0, 0, 0, 0, 0, 0]",1,128,216.0,2592.0,953605917,953617673,953615217,953619441,0,94655,94655,-1,1,11756,4224,2,128,128,1
12,3,"[4, 24, 1, 3, 3, 0, 0, 0, 0, 0, 0, 0, 0, 0, 0, 4, 24, 1, 3, 3, 0, 0, 0, 0, 0, 0, 0, 0, 0, 0]",1,128,216.0,2592.0,953704664,953712892,953714096,953718288,0,87007,87007,-1,1,8228,4192,2,128,128,1
16,3,"[4, 24, 0, 0, 0, 0, 0, 0, 0, 0, 0, 0, 0, 0, 0, 4, 0, 0, 0, 0, 0, 0, 0, 0, 0, 0, 0, 0, 0, 0]",1,128,24.0,196.0,953795803,953804420,953805295,953809295,0,85119,85119,-1,1,8617,4000,2,128,128,1
12,3,"[4, 24, 0, 0, 0, 0, 0, 0, 0, 0, 0, 0, 0, 0, 0, 4, 24, 0, 0, 0, 0, 0, 0, 0, 0, 0, 0, 0, 0, 0]",1,128,24.0,288.0,953885439,953893155,953894414,953898478,0,84543,84543,-1,1,7716,4064,2,128,128,1
12,3,"[4, 24, 0, 0, 0, 0, 0, 0, 0, 0, 0, 0, 0, 0, 0, 4, 24, 0, 0, 0, 0, 0, 0, 0, 0, 0, 0, 0, 0, 0]",1,128,24.0,288.0,953974067,953981696,953983021,953987117,0,84671,84671,-1,1,7629,4096,2,128,128,1
16,3,"[4, 24, 0, 0, 0, 0, 0, 0, 0, 0, 0, 0, 0, 0, 0, 4, 0, 0, 0, 0, 0, 0, 0, 0, 0, 0, 0, 0, 0, 0]",1,128,24.0,196.0,954062530,954070845,954071788,954075756,0,86367,86367,-1,1,8315,3968,2,128,128,1
12,3,"[4, 24, 0, 0, 0, 0, 0, 0, 0, 0, 0, 0, 0, 0, 0, 4, 24, 0, 0, 0, 0, 0, 0, 0, 0, 0, 0, 0, 0, 0]",1,128,24.0,288.0,954152762,954160968,954162123,954166219,0,84799,84799,-1,1,8206,4096,2,128,128,1
12,3,"[4, 24, 0, 0, 0, 0, 0, 0, 0, 0, 0, 0, 0, 0, 0, 4, 24, 0, 0, 0, 0, 0, 0, 0, 0, 0, 0, 0, 0, 0]",1,128,24.0,288.0,954241976,954249792,954251018,954255146,0,86687,86687,-1,1,7816,4128,2,128,128,1
16,3,"[4, 58, 24, 1, 1, 0, 0, 0, 0, 0, 0, 0, 0, 0, 0, 4, 0, 0, 0, 0, 0, 0, 0, 0, 0, 0, 0, 0, 0, 0]",3,128,1392.0,11140.0,954332681,954340941,954341833,954346313,0,87583,87583,-1,1,8260,4480,2,128,128,1
12,3,"[4, 58, 24, 1, 1, 0, 0, 0, 0, 0, 0, 0, 0, 0, 0, 4, 58, 24, 1, 1, 0, 0, 0, 0, 0, 0, 0, 0, 0, 0]",3,128,1392.0,16704.0,954425046,954433066,954433896,954438152,0,86943,86943,-1,1,8020,4256,2,128,128,1
12,3,"[4, 58, 24, 1, 1, 0, 0, 0, 0, 0, 0, 0, 0, 0, 0, 4, 58, 24, 1, 1, 0, 0, 0, 0, 0, 0, 0, 0, 0, 0]",3,128,1392.0,16704.0,954516208,954523881,954525095,954529255,0,106815,106815,-1,1,7673,4160,2,128,128,1
16,3,"[4, 58, 0, 0, 0, 0, 0, 0, 0, 0, 0, 0, 0, 0, 0, 4, 0, 0, 0, 0, 0, 0, 0, 0, 0, 0, 0, 0, 0, 0]",1,128,58.0,468.0,954625288,954635458,954636070,954640102,0,89023,89023,-1,1,10170,4032,2,128,128,1
12,3,"[4, 58, 0, 0, 0, 0, 0, 0, 0, 0, 0, 0, 0, 0, 0, 4, 58, 0, 0, 0, 0, 0, 0, 0, 0, 0, 0, 0, 0, 0]",1,128,58.0,696.0,954719908,954727893,954729125,954733253,0,84575,84575,-1,1,7985,4128,2,128,128,1
12,3,"[4, 58, 0, 0, 0, 0, 0, 0, 0, 0, 0, 0, 0, 0, 0, 4, 58, 0, 0, 0, 0, 0, 0, 0, 0, 0, 0, 0, 0, 0]",1,128,58.0,696.0,954809073,954816687,954817828,954821956,0,84191,84191,-1,1,7614,4128,2,128,128,1
16,3,"[4, 58, 0, 0, 0, 0, 0, 0, 0, 0, 0, 0, 0, 0, 0, 4, 0, 0, 0, 0, 0, 0, 0, 0, 0, 0, 0, 0, 0, 0]",1,128,58.0,468.0,954897062,954905167,954906147,954910147,0,85599,85599,-1,1,8105,4000,2,128,128,1
12,3,"[4, 58, 0, 0, 0, 0, 0, 0, 0, 0, 0, 0, 0, 0, 0, 4, 58, 0, 0, 0, 0, 0, 0, 0, 0, 0, 0, 0, 0, 0]",1,128,58.0,696.0,954986887,954994562,954995746,954999874,0,83615,83615,-1,1,7675,4128,2,128,128,1
12,3,"[4, 58, 0, 0, 0, 0, 0, 0, 0, 0, 0, 0, 0, 0, 0, 4, 58, 0, 0, 0, 0, 0, 0, 0, 0, 0, 0, 0, 0, 0]",1,128,58.0,696.0,955074224,955082287,955083489,955087617,0,86623,86623,-1,1,8063,4128,2,128,128,1
16,3,"[4, 58, 24, 1, 1, 0, 0, 0, 0, 0, 0, 0, 0, 0, 0, 4, 0, 0, 0, 0, 0, 0, 0, 0, 0, 0, 0, 0, 0, 0]",3,128,1392.0,11140.0,955164842,955173312,955174240,955178336,0,84831,84831,-1,1,8470,4096,2,128,128,1
12,3,"[4, 58, 24, 1, 1, 0, 0, 0, 0, 0, 0, 0, 0, 0, 0, 4, 58, 24, 1, 1, 0, 0, 0, 0, 0, 0, 0, 0, 0, 0]",3,128,1392.0,16704.0,955254077,955261962,955263167,955267455,0,84831,84831,-1,1,7885,4288,2,128,128,1
12,3,"[4, 58, 24, 1, 1, 0, 0, 0, 0, 0, 0, 0, 0, 0, 0, 4, 58, 24, 1, 1, 0, 0, 0, 0, 0, 0, 0, 0, 0, 0]",3,128,1392.0,16704.0,955343424,955351168,955352286,955356446,0,86335,86335,-1,1,7744,4160,2,128,128,1
16,3,"[4, 58, 0, 0, 0, 0, 0, 0, 0, 0, 0, 0, 0, 0, 0, 4, 0, 0, 0, 0, 0, 0, 0, 0, 0, 0, 0, 0, 0, 0]",1,128,58.0,468.0,955433097,955441733,955442781,955446781,0,84767,84767,-1,1,8636,4000,2,128,128,1
12,3,"[4, 58, 0, 0, 0, 0, 0, 0, 0, 0, 0, 0, 0, 0, 0, 4, 58, 0, 0, 0, 0, 0, 0, 0, 0, 0, 0, 0, 0, 0]",1,128,58.0,696.0,955522725,955530391,955531548,955535644,0,86783,86783,-1,1,7666,4096,2,128,128,1
12,3,"[4, 58, 0, 0, 0, 0, 0, 0, 0, 0, 0, 0, 0, 0, 0, 4, 58, 0, 0, 0, 0, 0, 0, 0, 0, 0, 0, 0, 0, 0]",1,128,58.0,696.0,955613530,955621181,955622427,955626619,0,86559,86559,-1,1,7651,4192,2,128,128,1
16,3,"[4, 58, 0, 0, 0, 0, 0, 0, 0, 0, 0, 0, 0, 0, 0, 4, 0, 0, 0, 0, 0, 0, 0, 0, 0, 0, 0, 0, 0, 0]",1,128,58.0,468.0,955703603,955712168,955713178,955717178,0,83455,83455,-1,1,8565,4000,2,128,128,1
12,3,"[4, 58, 0, 0, 0, 0, 0, 0, 0, 0, 0, 0, 0, 0, 0, 4, 58, 0, 0, 0, 0, 0, 0, 0, 0, 0, 0, 0, 0, 0]",1,128,58.0,696.0,955792068,955799361,955800633,955804729,0,84127,84127,-1,1,7293,4096,2,128,128,1
12,3,"[4, 58, 0, 0, 0, 0, 0, 0, 0, 0, 0, 0, 0, 0, 0, 4, 58, 0, 0, 0, 0, 0, 0, 0, 0, 0, 0, 0, 0, 0]",1,128,58.0,696.0,955880187,955897971,955888856,955892952,0,110271,110271,-1,1,17784,4096,2,128,128,1
16,3,"[4, 58, 1, 3, 3, 0, 0, 0, 0, 0, 0, 0, 0, 0, 0, 4, 0, 0, 0, 0, 0, 0, 0, 0, 0, 0, 0, 0, 0, 0]",2,128,522.0,4180.0,955992228,956002461,956003223,956007319,0,87903,87903,-1,1,10233,4096,2,128,128,1
12,3,"[4, 58, 1, 3, 3, 0, 0, 0, 0, 0, 0, 0, 0, 0, 0, 4, 58, 1, 3, 3, 0, 0, 0, 0, 0, 0, 0, 0, 0, 0]",2,128,522.0,6264.0,956086233,956094104,956095222,956099318,0,300829,300829,-1,1,7871,4096,2,128,128,1
12,3,"[4, 58, 1, 3, 3, 0, 0, 0, 0, 0, 0, 0, 0, 0, 0, 4, 58, 1, 3, 3, 0, 0, 0, 0, 0, 0, 0, 0, 0, 0]",2,128,522.0,6264.0,956387712,956399403,956400147,956404274,0,94879,94879,-1,1,11691,4127,2,128,128,1
16,3,"[4, 58, 0, 0, 0, 0, 0, 0, 0, 0, 0, 0, 0, 0, 0, 4, 0, 0, 0, 0, 0, 0, 0, 0, 0, 0, 0, 0, 0, 0]",1,128,58.0,468.0,956488750,956498578,956499153,956503153,0,88672,88672,-1,1,9828,4000,2,128,128,1
12,3,"[4, 58, 0, 0, 0, 0, 0, 0, 0, 0, 0, 0, 0, 0, 0, 4, 58, 0, 0, 0, 0, 0, 0, 0, 0, 0, 0, 0, 0, 0]",1,128,58.0,696.0,956582655,956590704,956591825,956595952,0,82687,82687,-1,1,8049,4127,2,128,128,1
12,3,"[4, 58, 0, 0, 0, 0, 0, 0, 0, 0, 0, 0, 0, 0, 0, 4, 58, 0, 0, 0, 0, 0, 0, 0, 0, 0, 0, 0, 0, 0]",1,128,58.0,696.0,956669668,956677454,956678639,956682736,0,92063,92063,-1,1,7786,4097,2,128,128,1
16,3,"[4, 58, 0, 0, 0, 0, 0, 0, 0, 0, 0, 0, 0, 0, 0, 4, 0, 0, 0, 0, 0, 0, 0, 0, 0, 0, 0, 0, 0, 0]",1,128,58.0,468.0,956765339,956773936,956774799,956778830,0,87551,87551,-1,1,8597,4031,2,128,128,1
12,3,"[4, 58, 0, 0, 0, 0, 0, 0, 0, 0, 0, 0, 0, 0, 0, 4, 58, 0, 0, 0, 0, 0, 0, 0, 0, 0, 0, 0, 0, 0]",1,128,58.0,696.0,956857173,956865629,956866381,956870510,0,85215,85215,-1,1,8456,4129,2,128,128,1
12,3,"[4, 58, 0, 0, 0, 0, 0, 0, 0, 0, 0, 0, 0, 0, 0, 4, 58, 0, 0, 0, 0, 0, 0, 0, 0, 0, 0, 0, 0, 0]",1,128,58.0,696.0,956946751,956954565,956955725,956959852,0,86944,86944,-1,1,7814,4127,2,128,128,1
16,3,"[4, 58, 58, 1, 1, 0, 0, 0, 0, 0, 0, 0, 0, 0, 0, 4, 0, 0, 0, 0, 0, 0, 0, 0, 0, 0, 0, 0, 0, 0]",7,128,3364.0,26916.0,957037546,957045853,957046796,957051243,0,87391,87391,-1,1,8307,4447,2,128,128,1
12,3,"[4, 58, 58, 1, 1, 0, 0, 0, 0, 0, 0, 0, 0, 0, 0, 4, 58, 58, 1, 1, 0, 0, 0, 0, 0, 0, 0, 0, 0, 0]",7,128,3364.0,40368.0,957129902,957137432,957138634,957142890,0,87648,87648,-1,1,7530,4256,2,128,128,1
12,3,"[4, 58, 58, 1, 1, 0, 0, 0, 0, 0, 0, 0, 0, 0, 0, 4, 58, 58, 1, 1, 0, 0, 0, 0, 0, 0, 0, 0, 0, 0]",7,128,3364.0,40368.0,957221573,957229335,957230538,957234730,0,87230,87230,-1,1,7762,4192,2,128,128,1
16,3,"[4, 58, 0, 0, 0, 0, 0, 0, 0, 0, 0, 0, 0, 0, 0, 4, 0, 0, 0, 0, 0, 0, 0, 0, 0, 0, 0, 0, 0, 0]",1,128,58.0,468.0,957312799,957321106,957321960,957325992,0,86688,86688,-1,1,8307,4032,2,128,128,1
12,3,"[4, 58, 0, 0, 0, 0, 0, 0, 0, 0, 0, 0, 0, 0, 0, 4, 58, 0, 0, 0, 0, 0, 0, 0, 0, 0, 0, 0, 0, 0]",1,128,58.0,696.0,957403847,957411458,957412680,957416775,0,84480,84480,-1,1,7611,4095,2,128,128,1
12,3,"[4, 58, 0, 0, 0, 0, 0, 0, 0, 0, 0, 0, 0, 0, 0, 4, 58, 0, 0, 0, 0, 0, 0, 0, 0, 0, 0, 0, 0, 0]",1,128,58.0,696.0,957492412,957500248,957501255,957505382,0,86112,86112,-1,1,7836,4127,2,128,128,1
16,3,"[4, 58, 0, 0, 0, 0, 0, 0, 0, 0, 0, 0, 0, 0, 0, 4, 0, 0, 0, 0, 0, 0, 0, 0, 0, 0, 0, 0, 0, 0]",1,128,58.0,468.0,957582392,957590497,957591494,957595526,0,90239,90239,-1,1,8105,4032,2,128,128,1
12,3,"[4, 58, 0, 0, 0, 0, 0, 0, 0, 0, 0, 0, 0, 0, 0, 4, 58, 0, 0, 0, 0, 0, 0, 0, 0, 0, 0, 0, 0, 0]",1,128,58.0,696.0,957676573,957684292,957685765,957689892,0,88415,88415,-1,1,7719,4127,2,128,128,1
12,3,"[4, 58, 0, 0, 0, 0, 0, 0, 0, 0, 0, 0, 0, 0, 0, 4, 58, 0, 0, 0, 0, 0, 0, 0, 0, 0, 0, 0, 0, 0]",1,128,58.0,696.0,957769262,957777045,957778307,957782403,0,92511,92511,-1,1,7783,4096,2,128,128,1
16,3,"[4, 58, 58, 1, 1, 0, 0, 0, 0, 0, 0, 0, 0, 0, 0, 4, 0, 0, 0, 0, 0, 0, 0, 0, 0, 0, 0, 0, 0, 0]",7,128,3364.0,26916.0,957865433,957874009,957874914,957879011,0,89119,89119,-1,1,8576,4097,2,128,128,1
12,3,"[4, 58, 58, 1, 1, 0, 0, 0, 0, 0, 0, 0, 0, 0, 0, 4, 58, 58, 1, 1, 0, 0, 0, 0, 0, 0, 0, 0, 0, 0]",7,128,3364.0,40368.0,957958959,957967006,957968130,957972354,0,88383,88383,-1,1,8047,4224,2,128,128,1
12,3,"[4, 58, 58, 1, 1, 0, 0, 0, 0, 0, 0, 0, 0, 0, 0, 4, 58, 58, 1, 1, 0, 0, 0, 0, 0, 0, 0, 0, 0, 0]",7,128,3364.0,40368.0,958051903,958059621,958060737,958064961,0,89342,89342,-1,1,7718,4224,2,128,128,1
16,3,"[4, 58, 0, 0, 0, 0, 0, 0, 0, 0, 0, 0, 0, 0, 0, 4, 0, 0, 0, 0, 0, 0, 0, 0, 0, 0, 0, 0, 0, 0]",1,128,58.0,468.0,958144906,958153208,958154303,958158271,0,85504,85504,-1,1,8302,3968,2,128,128,1
12,3,"[4, 58, 0, 0, 0, 0, 0, 0, 0, 0, 0, 0, 0, 0, 0, 4, 58, 0, 0, 0, 0, 0, 0, 0, 0, 0, 0, 0, 0, 0]",1,128,58.0,696.0,958234417,958242525,958243775,958247902,0,86944,86944,-1,1,8108,4127,2,128,128,1
12,3,"[4, 58, 0, 0, 0, 0, 0, 0, 0, 0, 0, 0, 0, 0, 0, 4, 58, 0, 0, 0, 0, 0, 0, 0, 0, 0, 0, 0, 0, 0]",1,128,58.0,696.0,958325713,958333706,958334846,958339005,0,89152,89152,-1,1,7993,4159,2,128,128,1
16,3,"[4, 58, 0, 0, 0, 0, 0, 0, 0, 0, 0, 0, 0, 0, 0, 4, 0, 0, 0, 0, 0, 0, 0, 0, 0, 0, 0, 0, 0, 0]",1,128,58.0,468.0,958418889,958427125,958428157,958432156,0,88384,88384,-1,1,8236,3999,2,128,128,1
12,3,"[4, 58, 0, 0, 0, 0, 0, 0, 0, 0, 0, 0, 0, 0, 0, 4, 58, 0, 0, 0, 0, 0, 0, 0, 0, 0, 0, 0, 0, 0]",1,128,58.0,696.0,958511757,958519329,958520540,958524732,0,85311,85311,-1,1,7572,4192,2,128,128,1
12,3,"[4, 58, 0, 0, 0, 0, 0, 0, 0, 0, 0, 0, 0, 0, 0, 4, 58, 0, 0, 0, 0, 0, 0, 0, 0, 0, 0, 0, 0, 0]",1,128,58.0,696.0,958601176,958608870,958610043,958614139,0,93311,93311,-1,1,7694,4096,2,128,128,1
16,3,"[4, 58, 1, 3, 3, 0, 0, 0, 0, 0, 0, 0, 0, 0, 0, 4, 0, 0, 0, 0, 0, 0, 0, 0, 0, 0, 0, 0, 0, 0]",2,128,522.0,4180.0,958698175,958706478,958707450,958711514,0,89054,89054,-1,1,8303,4064,2,128,128,1
12,3,"[4, 58, 1, 3, 3, 0, 0, 0, 0, 0, 0, 0, 0, 0, 0, 4, 58, 1, 3, 3, 0, 0, 0, 0, 0, 0, 0, 0, 0, 0]",2,128,522.0,6264.0,958791736,958801043,958800568,958804664,0,89471,89471,-1,1,9307,4096,2,128,128,1
12,3,"[4, 58, 1, 3, 3, 0, 0, 0, 0, 0, 0, 0, 0, 0, 0, 4, 58, 1, 3, 3, 0, 0, 0, 0, 0, 0, 0, 0, 0, 0]",2,128,522.0,6264.0,958885070,958892925,958894135,958898295,0,88191,88191,-1,1,7855,4160,2,128,128,1
16,3,"[4, 58, 0, 0, 0, 0, 0, 0, 0, 0, 0, 0, 0, 0, 0, 4, 0, 0, 0, 0, 0, 0, 0, 0, 0, 0, 0, 0, 0, 0]",1,128,58.0,468.0,958977197,958985631,958986486,958990550,0,87008,87008,-1,1,8434,4064,2,128,128,1
12,3,"[4, 58, 0, 0, 0, 0, 0, 0, 0, 0, 0, 0, 0, 0, 0, 4, 58, 0, 0, 0, 0, 0, 0, 0, 0, 0, 0, 0, 0, 0]",1,128,58.0,696.0,959068790,959076298,959077558,959081685,0,89375,89375,-1,1,7508,4127,2,128,128,1
12,3,"[4, 58, 0, 0, 0, 0, 0, 0, 0, 0, 0, 0, 0, 0, 0, 4, 58, 0, 0, 0, 0, 0, 0, 0, 0, 0, 0, 0, 0, 0]",1,128,58.0,696.0,959161958,959169774,959171060,959175156,0,87039,87039,-1,1,7816,4096,2,128,128,1
16,3,"[4, 58, 0, 0, 0, 0, 0, 0, 0, 0, 0, 0, 0, 0, 0, 4, 0, 0, 0, 0, 0, 0, 0, 0, 0, 0, 0, 0, 0, 0]",1,128,58.0,468.0,959252316,959260628,959262195,959266227,0,83519,83519,-1,1,8312,4032,2,128,128,1
12,3,"[4, 58, 0, 0, 0, 0, 0, 0, 0, 0, 0, 0, 0, 0, 0, 4, 58, 0, 0, 0, 0, 0, 0, 0, 0, 0, 0, 0, 0, 0]",1,128,58.0,696.0,959341142,959348601,959349746,959353875,0,83039,83039,-1,1,7459,4129,2,128,128,1
12,3,"[4, 58, 0, 0, 0, 0, 0, 0, 0, 0, 0, 0, 0, 0, 0, 4, 58, 0, 0, 0, 0, 0, 0, 0, 0, 0, 0, 0, 0, 0]",1,128,58.0,696.0,959427411,959435026,959436914,959441042,0,84254,84254,-1,1,7615,4128,2,128,128,1
16,3,"[4, 58, 58, 1, 1, 0, 0, 0, 0, 0, 0, 0, 0, 0, 0, 4, 0, 0, 0, 0, 0, 0, 0, 0, 0, 0, 0, 0, 0, 0]",7,128,3364.0,26916.0,959516315,959524455,959525296,959529425,0,83807,83807,-1,1,8140,4129,2,128,128,1
12,3,"[4, 58, 58, 1, 1, 0, 0, 0, 0, 0, 0, 0, 0, 0, 0, 4, 58, 58, 1, 1, 0, 0, 0, 0, 0, 0, 0, 0, 0, 0]",7,128,3364.0,40368.0,959603893,959611702,959613232,959617519,0,83968,83968,-1,1,7809,4287,2,128,128,1
12,3,"[4, 58, 58, 1, 1, 0, 0, 0, 0, 0, 0, 0, 0, 0, 0, 4, 58, 58, 1, 1, 0, 0, 0, 0, 0, 0, 0, 0, 0, 0]",7,128,3364.0,40368.0,959691721,959699668,959701487,959705743,0,82911,82911,-1,1,7947,4256,2,128,128,1
16,3,"[4, 58, 0, 0, 0, 0, 0, 0, 0, 0, 0, 0, 0, 0, 0, 4, 0, 0, 0, 0, 0, 0, 0, 0, 0, 0, 0, 0, 0, 0]",1,128,58.0,468.0,959779711,959789737,959788654,959792686,0,86911,86911,-1,1,10026,4032,2,128,128,1
12,3,"[4, 58, 0, 0, 0, 0, 0, 0, 0, 0, 0, 0, 0, 0, 0, 4, 58, 0, 0, 0, 0, 0, 0, 0, 0, 0, 0, 0, 0, 0]",1,128,58.0,696.0,959870509,959878389,959879597,959883724,0,91616,91616,-1,1,7880,4127,2,128,128,1
12,3,"[4, 58, 0, 0, 0, 0, 0, 0, 0, 0, 0, 0, 0, 0, 0, 4, 58, 0, 0, 0, 0, 0, 0, 0, 0, 0, 0, 0, 0, 0]",1,128,58.0,696.0,959966092,959974152,959975340,959979500,0,96319,96319,-1,1,8060,4160,2,128,128,1
16,3,"[4, 58, 0, 0, 0, 0, 0, 0, 0, 0, 0, 0, 0, 0, 0, 4, 0, 0, 0, 0, 0, 0, 0, 0, 0, 0, 0, 0, 0, 0]",1,128,58.0,468.0,960065733,960075244,960075819,960079786,0,235518,235518,-1,1,9511,3967,2,128,128,1
12,3,"[4, 58, 0, 0, 0, 0, 0, 0, 0, 0, 0, 0, 0, 0, 0, 4, 58, 0, 0, 0, 0, 0, 0, 0, 0, 0, 0, 0, 0, 0]",1,128,58.0,696.0,960303758,960314446,960315304,960319432,0,92927,92927,-1,1,10688,4128,2,128,128,1
12,3,"[4, 58, 0, 0, 0, 0, 0, 0, 0, 0, 0, 0, 0, 0, 0, 4, 58, 0, 0, 0, 0, 0, 0, 0, 0, 0, 0, 0, 0, 0]",1,128,58.0,696.0,960402543,960411261,960412359,960416967,0,88671,88671,-1,1,8718,4608,2,128,128,1
16,3,"[4, 58, 58, 1, 1, 0, 0, 0, 0, 0, 0, 0, 0, 0, 0, 4, 0, 0, 0, 0, 0, 0, 0, 0, 0, 0, 0, 0, 0, 0]",7,128,3364.0,26916.0,960496105,960504800,960505638,960509798,0,86015,86015,-1,1,8695,4160,2,128,128,1
12,3,"[4, 58, 58, 1, 1, 0, 0, 0, 0, 0, 0, 0, 0, 0, 0, 4, 58, 58, 1, 1, 0, 0, 0, 0, 0, 0, 0, 0, 0, 0]",7,128,3364.0,40368.0,960586807,960594714,960595813,960600069,0,85279,85279,-1,1,7907,4256,2,128,128,1
12,3,"[4, 58, 58, 1, 1, 0, 0, 0, 0, 0, 0, 0, 0, 0, 0, 4, 58, 58, 1, 1, 0, 0, 0, 0, 0, 0, 0, 0, 0, 0]",7,128,3364.0,40368.0,960676466,960684086,960685348,960689540,0,84639,84639,-1,1,7620,4192,2,128,128,1
16,3,"[4, 58, 0, 0, 0, 0, 0, 0, 0, 0, 0, 0, 0, 0, 0, 4, 0, 0, 0, 0, 0, 0, 0, 0, 0, 0, 0, 0, 0, 0]",1,128,58.0,468.0,960765206,960773268,960774179,960778211,0,90719,90719,-1,1,8062,4032,2,128,128,1
12,3,"[4, 58, 0, 0, 0, 0, 0, 0, 0, 0, 0, 0, 0, 0, 0, 4, 58, 0, 0, 0, 0, 0, 0, 0, 0, 0, 0, 0, 0, 0]",1,128,58.0,696.0,960859911,960867657,960868930,960873058,0,83295,83295,-1,1,7746,4128,2,128,128,1
12,3,"[4, 58, 0, 0, 0, 0, 0, 0, 0, 0, 0, 0, 0, 0, 0, 4, 58, 0, 0, 0, 0, 0, 0, 0, 0, 0, 0, 0, 0, 0]",1,128,58.0,696.0,960947289,960957472,960956353,960960481,0,86655,86655,-1,1,10183,4128,2,128,128,1
16,3,"[4, 58, 0, 0, 0, 0, 0, 0, 0, 0, 0, 0, 0, 0, 0, 4, 0, 0, 0, 0, 0, 0, 0, 0, 0, 0, 0, 0, 0, 0]",1,128,58.0,468.0,961037844,961046229,961047136,961051168,0,83711,83711,-1,1,8385,4032,2,128,128,1
12,3,"[4, 58, 0, 0, 0, 0, 0, 0, 0, 0, 0, 0, 0, 0, 0, 4, 58, 0, 0, 0, 0, 0, 0, 0, 0, 0, 0, 0, 0, 0]",1,128,58.0,696.0,961126103,961133632,961134879,961139007,0,81823,81823,-1,1,7529,4128,2,128,128,1
12,3,"[4, 58, 0, 0, 0, 0, 0, 0, 0, 0, 0, 0, 0, 0, 0, 4, 58, 0, 0, 0, 0, 0, 0, 0, 0, 0, 0, 0, 0, 0]",1,128,58.0,696.0,961211941,961219690,961220830,961224926,0,88639,88639,-1,1,7749,4096,2,128,128,1
16,3,"[4, 58, 1, 3, 3, 0, 0, 0, 0, 0, 0, 0, 0, 0, 0, 4, 0, 0, 0, 0, 0, 0, 0, 0, 0, 0, 0, 0, 0, 0]",2,128,522.0,4180.0,961304535,961312721,961313565,961317629,0,87391,87391,-1,1,8186,4064,2,128,128,1
12,3,"[4, 58, 1, 3, 3, 0, 0, 0, 0, 0, 0, 0, 0, 0, 0, 4, 58, 1, 3, 3, 0, 0, 0, 0, 0, 0, 0, 0, 0, 0]",2,128,522.0,6264.0,961395889,961403858,961405020,961409276,0,85599,85599,-1,1,7969,4256,2,128,128,1
12,3,"[4, 58, 1, 3, 3, 0, 0, 0, 0, 0, 0, 0, 0, 0, 0, 4, 58, 1, 3, 3, 0, 0, 0, 0, 0, 0, 0, 0, 0, 0]",2,128,522.0,6264.0,961486068,961493618,961494875,961499003,0,85343,85343,-1,1,7550,4128,2,128,128,1
16,3,"[4, 58, 0, 0, 0, 0, 0, 0, 0, 0, 0, 0, 0, 0, 0, 4, 0, 0, 0, 0, 0, 0, 0, 0, 0, 0, 0, 0, 0, 0]",1,128,58.0,468.0,961575399,961583376,961584346,961588314,0,86399,86399,-1,1,7977,3968,2,128,128,1
12,3,"[4, 58, 0, 0, 0, 0, 0, 0, 0, 0, 0, 0, 0, 0, 0, 4, 58, 0, 0, 0, 0, 0, 0, 0, 0, 0, 0, 0, 0, 0]",1,128,58.0,696.0,961666137,961673766,961674713,961678809,0,86303,86303,-1,1,7629,4096,2,128,128,1
12,3,"[4, 58, 0, 0, 0, 0, 0, 0, 0, 0, 0, 0, 0, 0, 0, 4, 58, 0, 0, 0, 0, 0, 0, 0, 0, 0, 0, 0, 0, 0]",1,128,58.0,696.0,961755713,961763958,961765112,961769272,0,85599,85599,-1,1,8245,4160,2,128,128,1
16,3,"[4, 58, 0, 0, 0, 0, 0, 0, 0, 0, 0, 0, 0, 0, 0, 4, 0, 0, 0, 0, 0, 0, 0, 0, 0, 0, 0, 0, 0, 0]",1,128,58.0,468.0,961845885,961853786,961854871,961858839,0,83071,83071,-1,1,7901,3968,2,128,128,1
12,3,"[4, 58, 0, 0, 0, 0, 0, 0, 0, 0, 0, 0, 0, 0, 0, 4, 58, 0, 0, 0, 0, 0, 0, 0, 0, 0, 0, 0, 0, 0]",1,128,58.0,696.0,961933043,961942703,961941910,961946038,0,87007,87007,-1,1,9660,4128,2,128,128,1
12,3,"[4, 58, 0, 0, 0, 0, 0, 0, 0, 0, 0, 0, 0, 0, 0, 4, 58, 0, 0, 0, 0, 0, 0, 0, 0, 0, 0, 0, 0, 0]",1,128,58.0,696.0,962023987,962031839,962033045,962037205,0,86399,86399,-1,1,7852,4160,2,128,128,1
16,3,"[4, 58, 58, 1, 1, 0, 0, 0, 0, 0, 0, 0, 0, 0, 0, 4, 0, 0, 0, 0, 0, 0, 0, 0, 0, 0, 0, 0, 0, 0]",7,128,3364.0,26916.0,962114414,962122620,962123604,962127828,0,87967,87967,-1,1,8206,4224,2,128,128,1
12,3,"[4, 58, 58, 1, 1, 0, 0, 0, 0, 0, 0, 0, 0, 0, 0, 4, 58, 58, 1, 1, 0, 0, 0, 0, 0, 0, 0, 0, 0, 0]",7,128,3364.0,40368.0,962206618,962214616,962215795,962220083,0,85663,85663,-1,1,7998,4288,2,128,128,1
12,3,"[4, 58, 58, 1, 1, 0, 0, 0, 0, 0, 0, 0, 0, 0, 0, 4, 58, 58, 1, 1, 0, 0, 0, 0, 0, 0, 0, 0, 0, 0]",7,128,3364.0,40368.0,962296684,962304487,962305746,962309938,0,83807,83807,-1,1,7803,4192,2,128,128,1
16,3,"[4, 58, 0, 0, 0, 0, 0, 0, 0, 0, 0, 0, 0, 0, 0, 4, 0, 0, 0, 0, 0, 0, 0, 0, 0, 0, 0, 0, 0, 0]",1,128,58.0,468.0,962384867,962392725,962393745,962397809,0,83103,83103,-1,1,7858,4064,2,128,128,1
12,3,"[4, 58, 0, 0, 0, 0, 0, 0, 0, 0, 0, 0, 0, 0, 0, 4, 58, 0, 0, 0, 0, 0, 0, 0, 0, 0, 0, 0, 0, 0]",1,128,58.0,696.0,962471679,962479728,962480912,962485072,0,85152,85152,-1,1,8049,4160,2,128,128,1
12,3,"[4, 58, 0, 0, 0, 0, 0, 0, 0, 0, 0, 0, 0, 0, 0, 4, 58, 0, 0, 0, 0, 0, 0, 0, 0, 0, 0, 0, 0, 0]",1,128,58.0,696.0,962561346,962568950,962570224,962574351,0,84288,84288,-1,1,7604,4127,2,128,128,1
16,3,"[4, 58, 0, 0, 0, 0, 0, 0, 0, 0, 0, 0, 0, 0, 0, 4, 0, 0, 0, 0, 0, 0, 0, 0, 0, 0, 0, 0, 0, 0]",1,128,58.0,468.0,962649530,962657587,962658639,962662606,0,89728,89728,-1,1,8057,3967,2,128,128,1
12,3,"[4, 58, 0, 0, 0, 0, 0, 0, 0, 0, 0, 0, 0, 0, 0, 4, 58, 0, 0, 0, 0, 0, 0, 0, 0, 0, 0, 0, 0, 0]",1,128,58.0,696.0,962743311,962751166,962752334,962756462,0,83583,83583,-1,1,7855,4128,2,128,128,1
12,3,"[4, 58, 0, 0, 0, 0, 0, 0, 0, 0, 0, 0, 0, 0, 0, 4, 58, 0, 0, 0, 0, 0, 0, 0, 0, 0, 0, 0, 0, 0]",1,128,58.0,696.0,962831001,962838876,962840045,962844173,0,85055,85055,-1,1,7875,4128,2,128,128,1
16,3,"[4, 58, 58, 1, 1, 0, 0, 0, 0, 0, 0, 0, 0, 0, 0, 4, 0, 0, 0, 0, 0, 0, 0, 0, 0, 0, 0, 0, 0, 0]",7,128,3364.0,26916.0,962920240,962930228,962929228,962933483,0,85984,85984,-1,1,9988,4255,2,128,128,1
12,3,"[4, 58, 58, 1, 1, 0, 0, 0, 0, 0, 0, 0, 0, 0, 0, 4, 58, 58, 1, 1, 0, 0, 0, 0, 0, 0, 0, 0, 0, 0]",7,128,3364.0,40368.0,963010582,963018248,963019467,963023915,0,81470,81470,-1,1,7666,4448,2,128,128,1
12,3,"[4, 58, 58, 1, 1, 0, 0, 0, 0, 0, 0, 0, 0, 0, 0, 4, 58, 58, 1, 1, 0, 0, 0, 0, 0, 0, 0, 0, 0, 0]",7,128,3364.0,40368.0,963096725,963104117,963105385,963109674,0,82719,82719,-1,1,7392,4289,2,128,128,1
16,3,"[4, 58, 0, 0, 0, 0, 0, 0, 0, 0, 0, 0, 0, 0, 0, 4, 0, 0, 0, 0, 0, 0, 0, 0, 0, 0, 0, 0, 0, 0]",1,128,58.0,468.0,963183511,963191366,963192393,963196425,0,82559,82559,-1,1,7855,4032,2,128,128,1
12,3,"[4, 58, 0, 0, 0, 0, 0, 0, 0, 0, 0, 0, 0, 0, 0, 4, 58, 0, 0, 0, 0, 0, 0, 0, 0, 0, 0, 0, 0, 0]",1,128,58.0,696.0,963269999,963277421,963278984,963283112,0,82207,82207,-1,1,7422,4128,2,128,128,1
12,3,"[4, 58, 0, 0, 0, 0, 0, 0, 0, 0, 0, 0, 0, 0, 0, 4, 58, 0, 0, 0, 0, 0, 0, 0, 0, 0, 0, 0, 0, 0]",1,128,58.0,696.0,963356315,963364049,963365319,963369447,0,82975,82975,-1,1,7734,4128,2,128,128,1
16,3,"[4, 58, 0, 0, 0, 0, 0, 0, 0, 0, 0, 0, 0, 0, 0, 4, 0, 0, 0, 0, 0, 0, 0, 0, 0, 0, 0, 0, 0, 0]",1,128,58.0,468.0,963443261,963451419,963452422,963456422,0,82975,82975,-1,1,8158,4000,2,128,128,1
12,3,"[4, 58, 0, 0, 0, 0, 0, 0, 0, 0, 0, 0, 0, 0, 0, 4, 58, 0, 0, 0, 0, 0, 0, 0, 0, 0, 0, 0, 0, 0]",1,128,58.0,696.0,963530385,963538235,963539397,963543525,0,81887,81887,-1,1,7850,4128,2,128,128,1
12,3,"[4, 58, 0, 0, 0, 0, 0, 0, 0, 0, 0, 0, 0, 0, 0, 4, 58, 0, 0, 0, 0, 0, 0, 0, 0, 0, 0, 0, 0, 0]",1,128,58.0,696.0,963616168,963624092,963625412,963629572,0,83199,83199,-1,1,7924,4160,2,128,128,1
16,3,"[4, 58, 1, 3, 3, 0, 0, 0, 0, 0, 0, 0, 0, 0, 0, 4, 0, 0, 0, 0, 0, 0, 0, 0, 0, 0, 0, 0, 0, 0]",2,128,522.0,4180.0,963703858,963711856,963712771,963716835,0,83071,83071,-1,1,7998,4064,2,128,128,1
12,3,"[4, 58, 1, 3, 3, 0, 0, 0, 0, 0, 0, 0, 0, 0, 0, 4, 58, 1, 3, 3, 0, 0, 0, 0, 0, 0, 0, 0, 0, 0]",2,128,522.0,6264.0,963791223,963798705,963799906,963804034,0,83647,83647,-1,1,7482,4128,2,128,128,1
12,3,"[4, 58, 1, 3, 3, 0, 0, 0, 0, 0, 0, 0, 0, 0, 0, 4, 58, 1, 3, 3, 0, 0, 0, 0, 0, 0, 0, 0, 0, 0]",2,128,522.0,6264.0,963878917,963895074,963887681,963891809,0,241790,241790,-1,1,16157,4128,2,128,128,1
16,3,"[4, 58, 0, 0, 0, 0, 0, 0, 0, 0, 0, 0, 0, 0, 0, 4, 0, 0, 0, 0, 0, 0, 0, 0, 0, 0, 0, 0, 0, 0]",1,128,58.0,468.0,964120650,964132937,964133599,964137630,0,96736,96736,-1,1,12287,4031,2,128,128,1
12,3,"[4, 58, 0, 0, 0, 0, 0, 0, 0, 0, 0, 0, 0, 0, 0, 4, 58, 0, 0, 0, 0, 0, 0, 0, 0, 0, 0, 0, 0, 0]",1,128,58.0,696.0,964224142,964233340,964234366,964238525,0,84479,84479,-1,1,9198,4159,2,128,128,1
12,3,"[4, 58, 0, 0, 0, 0, 0, 0, 0, 0, 0, 0, 0, 0, 0, 4, 58, 0, 0, 0, 0, 0, 0, 0, 0, 0, 0, 0, 0, 0]",1,128,58.0,696.0,964313688,964321822,964323004,964327133,0,84351,84351,-1,1,8134,4129,2,128,128,1
16,3,"[4, 58, 0, 0, 0, 0, 0, 0, 0, 0, 0, 0, 0, 0, 0, 4, 0, 0, 0, 0, 0, 0, 0, 0, 0, 0, 0, 0, 0, 0]",1,128,58.0,468.0,964402082,964410407,964411484,964415515,0,82560,82560,-1,1,8325,4031,2,128,128,1
12,3,"[4, 58, 0, 0, 0, 0, 0, 0, 0, 0, 0, 0, 0, 0, 0, 4, 58, 0, 0, 0, 0, 0, 0, 0, 0, 0, 0, 0, 0, 0]",1,128,58.0,696.0,964489121,964496899,964498075,964502202,0,85887,85887,-1,1,7778,4127,2,128,128,1
12,3,"[4, 58, 0, 0, 0, 0, 0, 0, 0, 0, 0, 0, 0, 0, 0, 4, 58, 0, 0, 0, 0, 0, 0, 0, 0, 0, 0, 0, 0, 0]",1,128,58.0,696.0,964578430,964586811,964588089,964592313,0,85759,85759,-1,1,8381,4224,2,128,128,1
16,3,"[4, 58, 58, 1, 1, 0, 0, 0, 0, 0, 0, 0, 0, 0, 0, 4, 0, 0, 0, 0, 0, 0, 0, 0, 0, 0, 0, 0, 0, 0]",7,128,3364.0,26916.0,964668865,964677200,964678072,964682201,0,89631,89631,-1,1,8335,4129,2,128,128,1
12,3,"[4, 58, 58, 1, 1, 0, 0, 0, 0, 0, 0, 0, 0, 0, 0, 4, 58, 58, 1, 1, 0, 0, 0, 0, 0, 0, 0, 0, 0, 0]",7,128,3364.0,40368.0,964762494,964770646,964771832,964776216,0,83807,83807,-1,1,8152,4384,2,128,128,1
12,3,"[4, 58, 58, 1, 1, 0, 0, 0, 0, 0, 0, 0, 0, 0, 0, 4, 58, 58, 1, 1, 0, 0, 0, 0, 0, 0, 0, 0, 0, 0]",7,128,3364.0,40368.0,964850567,964858755,964860023,964864215,0,84702,84702,-1,1,8188,4192,2,128,128,1
16,3,"[4, 58, 0, 0, 0, 0, 0, 0, 0, 0, 0, 0, 0, 0, 0, 4, 0, 0, 0, 0, 0, 0, 0, 0, 0, 0, 0, 0, 0, 0]",1,128,58.0,468.0,964939720,964948012,964948917,964952886,0,85759,85759,-1,1,8292,3969,2,128,128,1
12,3,"[4, 58, 0, 0, 0, 0, 0, 0, 0, 0, 0, 0, 0, 0, 0, 4, 58, 0, 0, 0, 0, 0, 0, 0, 0, 0, 0, 0, 0, 0]",1,128,58.0,696.0,965029641,965037580,965038645,965042773,0,84255,84255,-1,1,7939,4128,2,128,128,1
12,3,"[4, 58, 0, 0, 0, 0, 0, 0, 0, 0, 0, 0, 0, 0, 0, 4, 58, 0, 0, 0, 0, 0, 0, 0, 0, 0, 0, 0, 0, 0]",1,128,58.0,696.0,965117628,965125756,965127028,965131124,0,83711,83711,-1,1,8128,4096,2,128,128,1
16,3,"[4, 58, 0, 0, 0, 0, 0, 0, 0, 0, 0, 0, 0, 0, 0, 4, 0, 0, 0, 0, 0, 0, 0, 0, 0, 0, 0, 0, 0, 0]",1,128,58.0,468.0,965205582,965214021,965214835,965218835,0,84063,84063,-1,1,8439,4000,2,128,128,1
12,3,"[4, 58, 0, 0, 0, 0, 0, 0, 0, 0, 0, 0, 0, 0, 0, 4, 58, 0, 0, 0, 0, 0, 0, 0, 0, 0, 0, 0, 0, 0]",1,128,58.0,696.0,965293905,965301663,965302898,965307026,0,81439,81439,-1,1,7758,4128,2,128,128,1
12,3,"[4, 58, 0, 0, 0, 0, 0, 0, 0, 0, 0, 0, 0, 0, 0, 4, 58, 0, 0, 0, 0, 0, 0, 0, 0, 0, 0, 0, 0, 0]",1,128,58.0,696.0,965379402,965387183,965388465,965392625,0,84031,84031,-1,1,7781,4160,2,128,128,1
16,3,"[4, 116, 1, 3, 3, 0, 0, 0, 0, 0, 0, 0, 0, 0, 0, 4, 0, 0, 0, 0, 0, 0, 0, 0, 0, 0, 0, 0, 0, 0]",3,128,1044.0,8356.0,965467558,965475673,965476656,965480752,0,83391,83391,-1,1,8115,4096,2,128,128,1
12,3,"[4, 116, 1, 3, 3, 0, 0, 0, 0, 0, 0, 0, 0, 0, 0, 4, 116, 1, 3, 3, 0, 0, 0, 0, 0, 0, 0, 0, 0, 0]",3,128,1044.0,12528.0,965554912,965562884,965564143,965568207,0,83999,83999,-1,1,7972,4064,2,128,128,1
12,3,"[4, 116, 1, 3, 3, 0, 0, 0, 0, 0, 0, 0, 0, 0, 0, 4, 116, 1, 3, 3, 0, 0, 0, 0, 0, 0, 0, 0, 0, 0]",3,128,1044.0,12528.0,965643164,965650901,965652206,965656334,0,82495,82495,-1,1,7737,4128,2,128,128,1
16,3,"[4, 116, 0, 0, 0, 0, 0, 0, 0, 0, 0, 0, 0, 0, 0, 4, 0, 0, 0, 0, 0, 0, 0, 0, 0, 0, 0, 0, 0, 0]",1,128,116.0,932.0,965729638,965737816,965738829,965742861,0,83903,83903,-1,1,8178,4032,2,128,128,1
12,3,"[4, 116, 0, 0, 0, 0, 0, 0, 0, 0, 0, 0, 0, 0, 0, 4, 116, 0, 0, 0, 0, 0, 0, 0, 0, 0, 0, 0, 0, 0]",1,128,116.0,1392.0,965817603,965825585,965826764,965830924,0,80415,80415,-1,1,7982,4160,2,128,128,1
12,3,"[4, 116, 0, 0, 0, 0, 0, 0, 0, 0, 0, 0, 0, 0, 0, 4, 116, 0, 0, 0, 0, 0, 0, 0, 0, 0, 0, 0, 0, 0]",1,128,116.0,1392.0,965902472,965910087,965911339,965915467,0,84383,84383,-1,1,7615,4128,2,128,128,1
16,3,"[4, 116, 0, 0, 0, 0, 0, 0, 0, 0, 0, 0, 0, 0, 0, 4, 0, 0, 0, 0, 0, 0, 0, 0, 0, 0, 0, 0, 0, 0]",1,128,116.0,932.0,965990821,965998939,965999850,966003882,0,83935,83935,-1,1,8118,4032,2,128,128,1
12,3,"[4, 116, 0, 0, 0, 0, 0, 0, 0, 0, 0, 0, 0, 0, 0, 4, 116, 0, 0, 0, 0, 0, 0, 0, 0, 0, 0, 0, 0, 0]",1,128,116.0,1392.0,966078730,966086611,966087817,966092009,0,83007,83007,-1,1,7881,4192,2,128,128,1
12,3,"[4, 116, 0, 0, 0, 0, 0, 0, 0, 0, 0, 0, 0, 0, 0, 4, 116, 0, 0, 0, 0, 0, 0, 0, 0, 0, 0, 0, 0, 0]",1,128,116.0,1392.0,966165737,966173807,966175016,966179112,0,84927,84927,-1,1,8070,4096,2,128,128,1
16,3,"[4, 116, 116, 1, 1, 0, 0, 0, 0, 0, 0, 0, 0, 0, 0, 4, 0, 0, 0, 0, 0, 0, 0, 0, 0, 0, 0, 0, 0, 0]",27,128,13456.0,107652.0,966254847,966262973,966264039,966268231,0,84223,84223,-1,1,8126,4192,2,128,128,1
12,3,"[4, 116, 116, 1, 1, 0, 0, 0, 0, 0, 0, 0, 0, 0, 0, 4, 116, 116, 1, 1, 0, 0, 0, 0, 0, 0, 0, 0, 0, 0]",27,128,13456.0,161472.0,966343547,966351270,966352454,966356966,0,82911,82911,-1,1,7723,4512,2,128,128,1
12,3,"[4, 116, 116, 1, 1, 0, 0, 0, 0, 0, 0, 0, 0, 0, 0, 4, 116, 116, 1, 1, 0, 0, 0, 0, 0, 0, 0, 0, 0, 0]",27,128,13456.0,161472.0,966431040,966438713,966439877,966444133,0,82623,82623,-1,1,7673,4256,2,128,128,1
16,3,"[4, 116, 0, 0, 0, 0, 0, 0, 0, 0, 0, 0, 0, 0, 0, 4, 0, 0, 0, 0, 0, 0, 0, 0, 0, 0, 0, 0, 0, 0]",1,128,116.0,932.0,966517477,966525779,966526756,966530917,0,82046,82046,-1,1,8302,4161,2,128,128,1
12,3,"[4, 116, 0, 0, 0, 0, 0, 0, 0, 0, 0, 0, 0, 0, 0, 4, 116, 0, 0, 0, 0, 0, 0, 0, 0, 0, 0, 0, 0, 0]",1,128,116.0,1392.0,966604157,966611763,966612963,966617092,0,86782,86782,-1,1,7606,4129,2,128,128,1
12,3,"[4, 116, 0, 0, 0, 0, 0, 0, 0, 0, 0, 0, 0, 0, 0, 4, 116, 0, 0, 0, 0, 0, 0, 0, 0, 0, 0, 0, 0, 0]",1,128,116.0,1392.0,966694665,966702765,966703874,966708003,0,84095,84095,-1,1,8100,4129,2,128,128,1
16,3,"[4, 116, 0, 0, 0, 0, 0, 0, 0, 0, 0, 0, 0, 0, 0, 4, 0, 0, 0, 0, 0, 0, 0, 0, 0, 0, 0, 0, 0, 0]",1,128,116.0,932.0,966782825,966790988,966792098,966796097,0,82144,82144,-1,1,8163,3999,2,128,128,1
12,3,"[4, 116, 0, 0, 0, 0, 0, 0, 0, 0, 0, 0, 0, 0, 0, 4, 116, 0, 0, 0, 0, 0, 0, 0, 0, 0, 0, 0, 0, 0]",1,128,116.0,1392.0,966869363,966877023,966878241,966882337,0,85662,85662,-1,1,7660,4096,2,128,128,1
12,3,"[4, 116, 0, 0, 0, 0, 0, 0, 0, 0, 0, 0, 0, 0, 0, 4, 116, 0, 0, 0, 0, 0, 0, 0, 0, 0, 0, 0, 0, 0]",1,128,116.0,1392.0,966958786,966966788,966967999,966972128,0,84990,84990,-1,1,8002,4129,2,128,128,1
16,3,"[4, 116, 116, 1, 1, 0, 0, 0, 0, 0, 0, 0, 0, 0, 0, 4, 0, 0, 0, 0, 0, 0, 0, 0, 0, 0, 0, 0, 0, 0]",27,128,13456.0,107652.0,967047565,967056142,967057118,967061279,0,84351,84351,-1,1,8577,4161,2,128,128,1
12,3,"[4, 116, 116, 1, 1, 0, 0, 0, 0, 0, 0, 0, 0, 0, 0, 4, 116, 116, 1, 1, 0, 0, 0, 0, 0, 0, 0, 0, 0, 0]",27,128,13456.0,161472.0,967136240,967144353,967145630,967150142,0,84319,84319,-1,1,8113,4512,2,128,128,1
12,3,"[4, 116, 116, 1, 1, 0, 0, 0, 0, 0, 0, 0, 0, 0, 0, 4, 116, 116, 1, 1, 0, 0, 0, 0, 0, 0, 0, 0, 0, 0]",27,128,13456.0,161472.0,967225292,967233266,967234461,967238717,0,84319,84319,-1,1,7974,4256,2,128,128,1
16,3,"[4, 116, 0, 0, 0, 0, 0, 0, 0, 0, 0, 0, 0, 0, 0, 4, 0, 0, 0, 0, 0, 0, 0, 0, 0, 0, 0, 0, 0, 0]",1,128,116.0,932.0,967313799,967322036,967323036,967327068,0,83615,83615,-1,1,8237,4032,2,128,128,1
12,3,"[4, 116, 0, 0, 0, 0, 0, 0, 0, 0, 0, 0, 0, 0, 0, 4, 116, 0, 0, 0, 0, 0, 0, 0, 0, 0, 0, 0, 0, 0]",1,128,116.0,1392.0,967401519,967409516,967410683,967415003,0,82623,82623,-1,1,7997,4320,2,128,128,1
12,3,"[4, 116, 0, 0, 0, 0, 0, 0, 0, 0, 0, 0, 0, 0, 0, 4, 116, 0, 0, 0, 0, 0, 0, 0, 0, 0, 0, 0, 0, 0]",1,128,116.0,1392.0,967488559,967496413,967497626,967501818,0,82271,82271,-1,1,7854,4192,2,128,128,1
16,3,"[4, 116, 0, 0, 0, 0, 0, 0, 0, 0, 0, 0, 0, 0, 0, 4, 0, 0, 0, 0, 0, 0, 0, 0, 0, 0, 0, 0, 0, 0]",1,128,116.0,932.0,967575018,967583024,967584089,967588089,0,84063,84063,-1,1,8006,4000,2,128,128,1
12,3,"[4, 116, 0, 0, 0, 0, 0, 0, 0, 0, 0, 0, 0, 0, 0, 4, 116, 0, 0, 0, 0, 0, 0, 0, 0, 0, 0, 0, 0, 0]",1,128,116.0,1392.0,967663286,967670913,967672152,967676280,0,266173,266173,-1,1,7627,4128,2,128,128,1
12,3,"[4, 116, 0, 0, 0, 0, 0, 0, 0, 0, 0, 0, 0, 0, 0, 4, 116, 0, 0, 0, 0, 0, 0, 0, 0, 0, 0, 0, 0, 0]",1,128,116.0,1392.0,967928788,967941632,967942453,967946709,0,108159,108159,-1,1,12844,4256,2,128,128,1
16,3,"[4, 116, 1, 3, 3, 0, 0, 0, 0, 0, 0, 0, 0, 0, 0, 4, 0, 0, 0, 0, 0, 0, 0, 0, 0, 0, 0, 0, 0, 0]",3,128,1044.0,8356.0,968044149,968054232,968054868,968058932,0,93215,93215,-1,1,10083,4064,2,128,128,1
12,3,"[4, 116, 1, 3, 3, 0, 0, 0, 0, 0, 0, 0, 0, 0, 0, 4, 116, 1, 3, 3, 0, 0, 0, 0, 0, 0, 0, 0, 0, 0]",3,128,1044.0,12528.0,968142378,968151120,968152147,968156563,0,83263,83263,-1,1,8742,4416,2,128,128,1
12,3,"[4, 116, 1, 3, 3, 0, 0, 0, 0, 0, 0, 0, 0, 0, 0, 4, 116, 1, 3, 3, 0, 0, 0, 0, 0, 0, 0, 0, 0, 0]",3,128,1044.0,12528.0,968230496,968238679,968239826,968243954,0,84895,84895,-1,1,8183,4128,2,128,128,1
16,3,"[4, 116, 0, 0, 0, 0, 0, 0, 0, 0, 0, 0, 0, 0, 0, 4, 0, 0, 0, 0, 0, 0, 0, 0, 0, 0, 0, 0, 0, 0]",1,128,116.0,932.0,968319362,968327845,968328849,968332913,0,84831,84831,-1,1,8483,4064,2,128,128,1
12,3,"[4, 116, 0, 0, 0, 0, 0, 0, 0, 0, 0, 0, 0, 0, 0, 4, 116, 0, 0, 0, 0, 0, 0, 0, 0, 0, 0, 0, 0, 0]",1,128,116.0,1392.0,968408581,968416542,968417744,968421872,0,84383,84383,-1,1,7961,4128,2,128,128,1
12,3,"[4, 116, 0, 0, 0, 0, 0, 0, 0, 0, 0, 0, 0, 0, 0, 4, 116, 0, 0, 0, 0, 0, 0, 0, 0, 0, 0, 0, 0, 0]",1,128,116.0,1392.0,968496895,968505063,968506255,968510415,0,84895,84895,-1,1,8168,4160,2,128,128,1
16,3,"[4, 116, 0, 0, 0, 0, 0, 0, 0, 0, 0, 0, 0, 0, 0, 4, 0, 0, 0, 0, 0, 0, 0, 0, 0, 0, 0, 0, 0, 0]",1,128,116.0,932.0,968585822,968594145,968595310,968599310,0,82719,82719,-1,1,8323,4000,2,128,128,1
12,3,"[4, 116, 0, 0, 0, 0, 0, 0, 0, 0, 0, 0, 0, 0, 0, 4, 116, 0, 0, 0, 0, 0, 0, 0, 0, 0, 0, 0, 0, 0]",1,128,116.0,1392.0,968673124,968680935,968682029,968686189,0,87967,87967,-1,1,7811,4160,2,128,128,1
12,3,"[4, 116, 0, 0, 0, 0, 0, 0, 0, 0, 0, 0, 0, 0, 0, 4, 116, 0, 0, 0, 0, 0, 0, 0, 0, 0, 0, 0, 0, 0]",1,128,116.0,1392.0,968764955,968772909,968774156,968778284,0,86815,86815,-1,1,7954,4128,2,128,128,1
16,3,"[4, 116, 116, 1, 1, 0, 0, 0, 0, 0, 0, 0, 0, 0, 0, 4, 0, 0, 0, 0, 0, 0, 0, 0, 0, 0, 0, 0, 0, 0]",27,128,13456.0,107652.0,968855314,968864080,968865099,968869355,0,83679,83679,-1,1,8766,4256,2,128,128,1
12,3,"[4, 116, 116, 1, 1, 0, 0, 0, 0, 0, 0, 0, 0, 0, 0, 4, 116, 116, 1, 1, 0, 0, 0, 0, 0, 0, 0, 0, 0, 0]",27,128,13456.0,161472.0,968944265,968952144,968953034,968957642,0,84095,84095,-1,1,7879,4608,2,128,128,1
12,3,"[4, 116, 116, 1, 1, 0, 0, 0, 0, 0, 0, 0, 0, 0, 0, 4, 116, 116, 1, 1, 0, 0, 0, 0, 0, 0, 0, 0, 0, 0]",27,128,13456.0,161472.0,969032879,969042367,969041737,969046281,0,86335,86335,-1,1,9488,4544,2,128,128,1
16,3,"[4, 116, 0, 0, 0, 0, 0, 0, 0, 0, 0, 0, 0, 0, 0, 4, 0, 0, 0, 0, 0, 0, 0, 0, 0, 0, 0, 0, 0, 0]",1,128,116.0,932.0,969123081,969131694,969132616,969136584,0,84095,84095,-1,1,8613,3968,2,128,128,1
12,3,"[4, 116, 0, 0, 0, 0, 0, 0, 0, 0, 0, 0, 0, 0, 0, 4, 116, 0, 0, 0, 0, 0, 0, 0, 0, 0, 0, 0, 0, 0]",1,128,116.0,1392.0,969211633,969219483,969220679,969224807,0,82527,82527,-1,1,7850,4128,2,128,128,1
12,3,"[4, 116, 0, 0, 0, 0, 0, 0, 0, 0, 0, 0, 0, 0, 0, 4, 116, 0, 0, 0, 0, 0, 0, 0, 0, 0, 0, 0, 0, 0]",1,128,116.0,1392.0,969298390,969306118,969307334,969311462,0,84607,84607,-1,1,7728,4128,2,128,128,1
16,3,"[4, 116, 0, 0, 0, 0, 0, 0, 0, 0, 0, 0, 0, 0, 0, 4, 0, 0, 0, 0, 0, 0, 0, 0, 0, 0, 0, 0, 0, 0]",1,128,116.0,932.0,969386913,969395029,969396069,969400037,0,82271,82271,-1,1,8116,3968,2,128,128,1
12,3,"[4, 116, 0, 0, 0, 0, 0, 0, 0, 0, 0, 0, 0, 0, 0, 4, 116, 0, 0, 0, 0, 0, 0, 0, 0, 0, 0, 0, 0, 0]",1,128,116.0,1392.0,969473248,969481118,969482308,969486468,0,81984,81984,-1,1,7870,4160,2,128,128,1
12,3,"[4, 116, 0, 0, 0, 0, 0, 0, 0, 0, 0, 0, 0, 0, 0, 4, 116, 0, 0, 0, 0, 0, 0, 0, 0, 0, 0, 0, 0, 0]",1,128,116.0,1392.0,969559374,969567194,969568452,969572611,0,86719,86719,-1,1,7820,4159,2,128,128,1
16,3,"[4, 116, 116, 1, 1, 0, 0, 0, 0, 0, 0, 0, 0, 0, 0, 4, 0, 0, 0, 0, 0, 0, 0, 0, 0, 0, 0, 0, 0, 0]",27,128,13456.0,107652.0,969650105,969658392,969659330,969663906,0,84223,84223,-1,1,8287,4576,2,128,128,1
12,3,"[4, 116, 116, 1, 1, 0, 0, 0, 0, 0, 0, 0, 0, 0, 0, 4, 116, 116, 1, 1, 0, 0, 0, 0, 0, 0, 0, 0, 0, 0]",27,128,13456.0,161472.0,969739326,969747011,969748129,969752897,0,82527,82527,-1,1,7685,4768,2,128,128,1
12,3,"[4, 116, 116, 1, 1, 0, 0, 0, 0, 0, 0, 0, 0, 0, 0, 4, 116, 116, 1, 1, 0, 0, 0, 0, 0, 0, 0, 0, 0, 0]",27,128,13456.0,161472.0,969826718,969834196,969835424,969839713,0,84479,84479,-1,1,7478,4289,2,128,128,1
16,3,"[4, 116, 0, 0, 0, 0, 0, 0, 0, 0, 0, 0, 0, 0, 0, 4, 0, 0, 0, 0, 0, 0, 0, 0, 0, 0, 0, 0, 0, 0]",1,128,116.0,932.0,969914939,969923242,969924192,969928191,0,83584,83584,-1,1,8303,3999,2,128,128,1
12,3,"[4, 116, 0, 0, 0, 0, 0, 0, 0, 0, 0, 0, 0, 0, 0, 4, 116, 0, 0, 0, 0, 0, 0, 0, 0, 0, 0, 0, 0, 0]",1,128,116.0,1392.0,970002790,970012793,970011775,970015903,0,87454,87454,-1,1,10003,4128,2,128,128,1
12,3,"[4, 116, 0, 0, 0, 0, 0, 0, 0, 0, 0, 0, 0, 0, 0, 4, 116, 0, 0, 0, 0, 0, 0, 0, 0, 0, 0, 0, 0, 0]",1,128,116.0,1392.0,970094364,970102384,970103357,970107486,0,84255,84255,-1,1,8020,4129,2,128,128,1
16,3,"[4, 116, 0, 0, 0, 0, 0, 0, 0, 0, 0, 0, 0, 0, 0, 4, 0, 0, 0, 0, 0, 0, 0, 0, 0, 0, 0, 0, 0, 0]",1,128,116.0,932.0,970182533,970190727,970191741,970195805,0,82142,82142,-1,1,8194,4064,2,128,128,1
12,3,"[4, 116, 0, 0, 0, 0, 0, 0, 0, 0, 0, 0, 0, 0, 0, 4, 116, 0, 0, 0, 0, 0, 0, 0, 0, 0, 0, 0, 0, 0]",1,128,116.0,1392.0,970269013,970276803,970277947,970282076,0,82111,82111,-1,1,7790,4129,2,128,128,1
12,3,"[4, 116, 0, 0, 0, 0, 0, 0, 0, 0, 0, 0, 0, 0, 0, 4, 116, 0, 0, 0, 0, 0, 0, 0, 0, 0, 0, 0, 0, 0]",1,128,116.0,1392.0,970355265,970363010,970364187,970368315,0,87583,87583,-1,1,7745,4128,2,128,128,1
16,3,"[4, 116, 1, 3, 3, 0, 0, 0, 0, 0, 0, 0, 0, 0, 0, 4, 0, 0, 0, 0, 0, 0, 0, 0, 0, 0, 0, 0, 0, 0]",3,128,1044.0,8356.0,970446744,970455153,970455898,970459962,0,84223,84223,-1,1,8409,4064,2,128,128,1
12,3,"[4, 116, 1, 3, 3, 0, 0, 0, 0, 0, 0, 0, 0, 0, 0, 4, 116, 1, 3, 3, 0, 0, 0, 0, 0, 0, 0, 0, 0, 0]",3,128,1044.0,12528.0,970534977,970543003,970544185,970548377,0,88415,88415,-1,1,8026,4192,2,128,128,1
12,3,"[4, 116, 1, 3, 3, 0, 0, 0, 0, 0, 0, 0, 0, 0, 0, 4, 116, 1, 3, 3, 0, 0, 0, 0, 0, 0, 0, 0, 0, 0]",3,128,1044.0,12528.0,970627364,970635599,970636792,970640920,0,86111,86111,-1,1,8235,4128,2,128,128,1
16,3,"[4, 116, 0, 0, 0, 0, 0, 0, 0, 0, 0, 0, 0, 0, 0, 4, 0, 0, 0, 0, 0, 0, 0, 0, 0, 0, 0, 0, 0, 0]",1,128,116.0,932.0,970717768,970725983,970727031,970731031,0,82207,82207,-1,1,8215,4000,2,128,128,1
12,3,"[4, 116, 0, 0, 0, 0, 0, 0, 0, 0, 0, 0, 0, 0, 0, 4, 116, 0, 0, 0, 0, 0, 0, 0, 0, 0, 0, 0, 0, 0]",1,128,116.0,1392.0,970804601,970812120,970813238,970817430,0,81759,81759,-1,1,7519,4192,2,128,128,1
12,3,"[4, 116, 0, 0, 0, 0, 0, 0, 0, 0, 0, 0, 0, 0, 0, 4, 116, 0, 0, 0, 0, 0, 0, 0, 0, 0, 0, 0, 0, 0]",1,128,116.0,1392.0,970890025,970897943,970899189,970903349,0,83583,83583,-1,1,7918,4160,2,128,128,1
16,3,"[4, 116, 0, 0, 0, 0, 0, 0, 0, 0, 0, 0, 0, 0, 0, 4, 0, 0, 0, 0, 0, 0, 0, 0, 0, 0, 0, 0, 0, 0]",1,128,116.0,932.0,970977577,970987714,970986932,970990964,0,84159,84159,-1,1,10137,4032,2,128,128,1
12,3,"[4, 116, 0, 0, 0, 0, 0, 0, 0, 0, 0, 0, 0, 0, 0, 4, 116, 0, 0, 0, 0, 0, 0, 0, 0, 0, 0, 0, 0, 0]",1,128,116.0,1392.0,971066286,971074012,971075123,971079283,0,81919,81919,-1,1,7726,4160,2,128,128,1
12,3,"[4, 116, 0, 0, 0, 0, 0, 0, 0, 0, 0, 0, 0, 0, 0, 4, 116, 0, 0, 0, 0, 0, 0, 0, 0, 0, 0, 0, 0, 0]",1,128,116.0,1392.0,971152296,971160111,971161202,971165298,0,85759,85759,-1,1,7815,4096,2,128,128,1
16,3,"[4, 116, 116, 1, 1, 0, 0, 0, 0, 0, 0, 0, 0, 0, 0, 4, 0, 0, 0, 0, 0, 0, 0, 0, 0, 0, 0, 0, 0, 0]",27,128,13456.0,107652.0,971241993,971249907,971251057,971255473,0,83391,83391,-1,1,7914,4416,2,128,128,1
12,3,"[4, 116, 116, 1, 1, 0, 0, 0, 0, 0, 0, 0, 0, 0, 0, 4, 116, 116, 1, 1, 0, 0, 0, 0, 0, 0, 0, 0, 0, 0]",27,128,13456.0,161472.0,971329927,971337696,971338864,971343344,0,84927,84927,-1,1,7769,4480,2,128,128,1
12,3,"[4, 116, 116, 1, 1, 0, 0, 0, 0, 0, 0, 0, 0, 0, 0, 4, 116, 116, 1, 1, 0, 0, 0, 0, 0, 0, 0, 0, 0, 0]",27,128,13456.0,161472.0,971419200,971426999,971428271,971432527,0,84383,84383,-1,1,7799,4256,2,128,128,1
16,3,"[4, 116, 0, 0, 0, 0, 0, 0, 0, 0, 0, 0, 0, 0, 0, 4, 0, 0, 0, 0, 0, 0, 0, 0, 0, 0, 0, 0, 0, 0]",1,128,116.0,932.0,971507724,971515941,971516910,971520942,0,219358,219358,-1,1,8217,4032,2,128,128,1
12,3,"[4, 116, 0, 0, 0, 0, 0, 0, 0, 0, 0, 0, 0, 0, 0, 4, 116, 0, 0, 0, 0, 0, 0, 0, 0, 0, 0, 0, 0, 0]",1,128,116.0,1392.0,971729180,971739317,971740300,971744428,0,99039,99039,-1,1,10137,4128,2,128,128,1
12,3,"[4, 116, 0, 0, 0, 0, 0, 0, 0, 0, 0, 0, 0, 0, 0, 4, 116, 0, 0, 0, 0, 0, 0, 0, 0, 0, 0, 0, 0, 0]",1,128,116.0,1392.0,971833399,971842368,971843467,971847563,0,97599,97599,-1,1,8969,4096,2,128,128,1
16,3,"[4, 116, 0, 0, 0, 0, 0, 0, 0, 0, 0, 0, 0, 0, 0, 4, 0, 0, 0, 0, 0, 0, 0, 0, 0, 0, 0, 0, 0, 0]",1,128,116.0,932.0,971935172,971944265,971945162,971949162,0,87071,87071,-1,1,9093,4000,2,128,128,1
12,3,"[4, 116, 0, 0, 0, 0, 0, 0, 0, 0, 0, 0, 0, 0, 0, 4, 116, 0, 0, 0, 0, 0, 0, 0, 0, 0, 0, 0, 0, 0]",1,128,116.0,1392.0,972027138,972035054,972036233,972040425,0,85087,85087,-1,1,7916,4192,2,128,128,1
12,3,"[4, 116, 0, 0, 0, 0, 0, 0, 0, 0, 0, 0, 0, 0, 0, 4, 116, 0, 0, 0, 0, 0, 0, 0, 0, 0, 0, 0, 0, 0]",1,128,116.0,1392.0,972116433,972126511,972125512,972129895,0,88831,88831,-1,1,10078,4383,2,128,128,1
16,3,"[4, 116, 116, 1, 1, 0, 0, 0, 0, 0, 0, 0, 0, 0, 0, 4, 0, 0, 0, 0, 0, 0, 0, 0, 0, 0, 0, 0, 0, 0]",27,128,13456.0,107652.0,972209211,972217744,972218726,972222887,0,84159,84159,-1,1,8533,4161,2,128,128,1
12,3,"[4, 116, 116, 1, 1, 0, 0, 0, 0, 0, 0, 0, 0, 0, 0, 4, 116, 116, 1, 1, 0, 0, 0, 0, 0, 0, 0, 0, 0, 0]",27,128,13456.0,161472.0,972297903,972305837,972307046,972311558,0,83775,83775,-1,1,7934,4512,2,128,128,1
12,3,"[4, 116, 116, 1, 1, 0, 0, 0, 0, 0, 0, 0, 0, 0, 0, 4, 116, 116, 1, 1, 0, 0, 0, 0, 0, 0, 0, 0, 0, 0]",27,128,13456.0,161472.0,972386200,972394103,972395333,972399525,0,84703,84703,-1,1,7903,4192,2,128,128,1
16,3,"[4, 116, 0, 0, 0, 0, 0, 0, 0, 0, 0, 0, 0, 0, 0, 4, 0, 0, 0, 0, 0, 0, 0, 0, 0, 0, 0, 0, 0, 0]",1,128,116.0,932.0,972474598,972483216,972484228,972488260,0,83007,83007,-1,1,8618,4032,2,128,128,1
12,3,"[4, 116, 0, 0, 0, 0, 0, 0, 0, 0, 0, 0, 0, 0, 0, 4, 116, 0, 0, 0, 0, 0, 0, 0, 0, 0, 0, 0, 0, 0]",1,128,116.0,1392.0,972561776,972570146,972571267,972575587,0,82239,82239,-1,1,8370,4320,2,128,128,1
12,3,"[4, 116, 0, 0, 0, 0, 0, 0, 0, 0, 0, 0, 0, 0, 0, 4, 116, 0, 0, 0, 0, 0, 0, 0, 0, 0, 0, 0, 0, 0]",1,128,116.0,1392.0,972648605,972656551,972657826,972661954,0,89119,89119,-1,1,7946,4128,2,128,128,1
16,3,"[4, 116, 0, 0, 0, 0, 0, 0, 0, 0, 0, 0, 0, 0, 0, 4, 0, 0, 0, 0, 0, 0, 0, 0, 0, 0, 0, 0, 0, 0]",1,128,116.0,932.0,972741797,972750056,972751073,972755425,0,82431,82431,-1,1,8259,4352,2,128,128,1
12,3,"[4, 116, 0, 0, 0, 0, 0, 0, 0, 0, 0, 0, 0, 0, 0, 4, 116, 0, 0, 0, 0, 0, 0, 0, 0, 0, 0, 0, 0, 0]",1,128,116.0,1392.0,972828860,972836757,972837856,972842016,0,83775,83775,-1,1,7897,4160,2,128,128,1
12,3,"[4, 116, 0, 0, 0, 0, 0, 0, 0, 0, 0, 0, 0, 0, 0, 4, 116, 0, 0, 0, 0, 0, 0, 0, 0, 0, 0, 0, 0, 0]",1,128,116.0,1392.0,972916690,972924547,972925791,972929887,0,86687,86687,-1,1,7857,4096,2,128,128,1
16,3,"[4, 116, 1, 3, 3, 0, 0, 0, 0, 0, 0, 0, 0, 0, 0, 4, 0, 0, 0, 0, 0, 0, 0, 0, 0, 0, 0, 0, 0, 0]",3,128,1044.0,8356.0,973007256,973015517,973016574,973020638,0,84671,84671,-1,1,8261,4064,2,128,128,1
12,3,"[4, 116, 1, 3, 3, 0, 0, 0, 0, 0, 0, 0, 0, 0, 0, 4, 116, 1, 3, 3, 0, 0, 0, 0, 0, 0, 0, 0, 0, 0]",3,128,1044.0,12528.0,973096449,973106219,973105309,973109501,0,97663,97663,-1,1,9770,4192,2,128,128,1
12,3,"[4, 116, 1, 3, 3, 0, 0, 0, 0, 0, 0, 0, 0, 0, 0, 4, 116, 1, 3, 3, 0, 0, 0, 0, 0, 0, 0, 0, 0, 0]",3,128,1044.0,12528.0,973197016,973206107,973207164,973211292,0,86719,86719,-1,1,9091,4128,2,128,128,1
16,3,"[4, 116, 0, 0, 0, 0, 0, 0, 0, 0, 0, 0, 0, 0, 0, 4, 0, 0, 0, 0, 0, 0, 0, 0, 0, 0, 0, 0, 0, 0]",1,128,116.0,932.0,973288742,973297018,973298011,973302011,0,81119,81119,-1,1,8276,4000,2,128,128,1
12,3,"[4, 116, 0, 0, 0, 0, 0, 0, 0, 0, 0, 0, 0, 0, 0, 4, 116, 0, 0, 0, 0, 0, 0, 0, 0, 0, 0, 0, 0, 0]",1,128,116.0,1392.0,973374290,973381973,973383130,973387322,0,82015,82015,-1,1,7683,4192,2,128,128,1
12,3,"[4, 116, 0, 0, 0, 0, 0, 0, 0, 0, 0, 0, 0, 0, 0, 4, 116, 0, 0, 0, 0, 0, 0, 0, 0, 0, 0, 0, 0, 0]",1,128,116.0,1392.0,973460474,973468082,973469337,973473465,0,83295,83295,-1,1,7608,4128,2,128,128,1
16,3,"[4, 116, 0, 0, 0, 0, 0, 0, 0, 0, 0, 0, 0, 0, 0, 4, 0, 0, 0, 0, 0, 0, 0, 0, 0, 0, 0, 0, 0, 0]",1,128,116.0,932.0,973547646,973555734,973556760,973560792,0,88639,88639,-1,1,8088,4032,2,128,128,1
12,3,"[4, 116, 0, 0, 0, 0, 0, 0, 0, 0, 0, 0, 0, 0, 0, 4, 116, 0, 0, 0, 0, 0, 0, 0, 0, 0, 0, 0, 0, 0]",1,128,116.0,1392.0,973640579,973648237,973649431,973653559,0,85983,85983,-1,1,7658,4128,2,128,128,1
12,3,"[4, 116, 0, 0, 0, 0, 0, 0, 0, 0, 0, 0, 0, 0, 0, 4, 116, 0, 0, 0, 0, 0, 0, 0, 0, 0, 0, 0, 0, 0]",1,128,116.0,1392.0,973730417,973738001,973739542,973743638,0,84607,84607,-1,1,7584,4096,2,128,128,1
16,3,"[4, 116, 116, 1, 1, 0, 0, 0, 0, 0, 0, 0, 0, 0, 0, 4, 0, 0, 0, 0, 0, 0, 0, 0, 0, 0, 0, 0, 0, 0]",27,128,13456.0,107652.0,973819131,973827236,973828245,973832725,0,83647,83647,-1,1,8105,4480,2,128,128,1
12,3,"[4, 116, 116, 1, 1, 0, 0, 0, 0, 0, 0, 0, 0, 0, 0, 4, 116, 116, 1, 1, 0, 0, 0, 0, 0, 0, 0, 0, 0, 0]",27,128,13456.0,161472.0,973907366,973915152,973916372,973920916,0,83903,83903,-1,1,7786,4544,2,128,128,1
12,3,"[4, 116, 116, 1, 1, 0, 0, 0, 0, 0, 0, 0, 0, 0, 0, 4, 116, 116, 1, 1, 0, 0, 0, 0, 0, 0, 0, 0, 0, 0]",27,128,13456.0,161472.0,973995813,974003604,974004819,974009043,0,87167,87167,-1,1,7791,4224,2,128,128,1
16,3,"[4, 116, 0, 0, 0, 0, 0, 0, 0, 0, 0, 0, 0, 0, 0, 4, 0, 0, 0, 0, 0, 0, 0, 0, 0, 0, 0, 0, 0, 0]",1,128,116.0,932.0,974086903,974095186,974096210,974100306,0,83583,83583,-1,1,8283,4096,2,128,128,1
12,3,"[4, 116, 0, 0, 0, 0, 0, 0, 0, 0, 0, 0, 0, 0, 0, 4, 116, 0, 0, 0, 0, 0, 0, 0, 0, 0, 0, 0, 0, 0]",1,128,116.0,1392.0,974175003,974182680,974183889,974188049,0,82367,82367,-1,1,7677,4160,2,128,128,1
12,3,"[4, 116, 0, 0, 0, 0, 0, 0, 0, 0, 0, 0, 0, 0, 0, 4, 116, 0, 0, 0, 0, 0, 0, 0, 0, 0, 0, 0, 0, 0]",1,128,116.0,1392.0,974261543,974269183,974270416,974274544,0,84191,84191,-1,1,7640,4128,2,128,128,1
16,3,"[4, 116, 0, 0, 0, 0, 0, 0, 0, 0, 0, 0, 0, 0, 0, 4, 0, 0, 0, 0, 0, 0, 0, 0, 0, 0, 0, 0, 0, 0]",1,128,116.0,932.0,974349555,974357758,974358735,974362767,0,81471,81471,-1,1,8203,4032,2,128,128,1
12,3,"[4, 116, 0, 0, 0, 0, 0, 0, 0, 0, 0, 0, 0, 0, 0, 4, 116, 0, 0, 0, 0, 0, 0, 0, 0, 0, 0, 0, 0, 0]",1,128,116.0,1392.0,974435549,974443332,974444238,974448399,0,81663,81663,-1,1,7783,4161,2,128,128,1
12,3,"[4, 116, 0, 0, 0, 0, 0, 0, 0, 0, 0, 0, 0, 0, 0, 4, 116, 0, 0, 0, 0, 0, 0, 0, 0, 0, 0, 0, 0, 0]",1,128,116.0,1392.0,974521231,974528799,974530062,974534221,0,90623,90623,-1,1,7568,4159,2,128,128,1
16,3,"[4, 116, 116, 1, 1, 0, 0, 0, 0, 0, 0, 0, 0, 0, 0, 4, 0, 0, 0, 0, 0, 0, 0, 0, 0, 0, 0, 0, 0, 0]",27,128,13456.0,107652.0,974615359,974624033,974624844,974629356,0,83296,83296,-1,1,8674,4512,2,128,128,1
12,3,"[4, 116, 116, 1, 1, 0, 0, 0, 0, 0, 0, 0, 0, 0, 0, 4, 116, 116, 1, 1, 0, 0, 0, 0, 0, 0, 0, 0, 0, 0]",27,128,13456.0,161472.0,974703566,974711522,974712652,974717195,0,82496,82496,-1,1,7956,4543,2,128,128,1
12,3,"[4, 116, 116, 1, 1, 0, 0, 0, 0, 0, 0, 0, 0, 0, 0, 4, 116, 116, 1, 1, 0, 0, 0, 0, 0, 0, 0, 0, 0, 0]",27,128,13456.0,161472.0,974790684,974798308,974799691,974804011,0,84126,84126,-1,1,7624,4320,2,128,128,1
16,3,"[4, 116, 0, 0, 0, 0, 0, 0, 0, 0, 0, 0, 0, 0, 0, 4, 0, 0, 0, 0, 0, 0, 0, 0, 0, 0, 0, 0, 0, 0]",1,128,116.0,932.0,974878870,974887253,974888137,974892170,0,83679,83679,-1,1,8383,4033,2,128,128,1
12,3,"[4, 116, 0, 0, 0, 0, 0, 0, 0, 0, 0, 0, 0, 0, 0, 4, 116, 0, 0, 0, 0, 0, 0, 0, 0, 0, 0, 0, 0, 0]",1,128,116.0,1392.0,974967068,974974697,974975849,974980009,0,85471,85471,-1,1,7629,4160,2,128,128,1
12,3,"[4, 116, 0, 0, 0, 0, 0, 0, 0, 0, 0, 0, 0, 0, 0, 4, 116, 0, 0, 0, 0, 0, 0, 0, 0, 0, 0, 0, 0, 0]",1,128,116.0,1392.0,975056153,975064311,975065480,975069864,0,83423,83423,-1,1,8158,4384,2,128,128,1
16,3,"[4, 116, 0, 0, 0, 0, 0, 0, 0, 0, 0, 0, 0, 0, 0, 4, 0, 0, 0, 0, 0, 0, 0, 0, 0, 0, 0, 0, 0, 0]",1,128,116.0,932.0,975144325,975152319,975153287,975157351,0,82655,82655,-1,1,7994,4064,2,128,128,1
12,3,"[4, 116, 0, 0, 0, 0, 0, 0, 0, 0, 0, 0, 0, 0, 0, 4, 116, 0, 0, 0, 0, 0, 0, 0, 0, 0, 0, 0, 0, 0]",1,128,116.0,1392.0,975231209,975238815,975240006,975244134,0,83487,83487,-1,1,7606,4128,2,128,128,1
12,3,"[4, 116, 0, 0, 0, 0, 0, 0, 0, 0, 0, 0, 0, 0, 0, 4, 116, 0, 0, 0, 0, 0, 0, 0, 0, 0, 0, 0, 0, 0]",1,128,116.0,1392.0,975318488,975326408,975327621,975331685,0,84863,84863,-1,1,7920,4064,2,128,128,1
16,3,"[4, 116, 1, 3, 3, 0, 0, 0, 0, 0, 0, 0, 0, 0, 0, 4, 0, 0, 0, 0, 0, 0, 0, 0, 0, 0, 0, 0, 0, 0]",3,128,1044.0,8356.0,975407221,975415465,975416548,975420580,0,229853,229853,-1,1,8244,4032,2,128,128,1
12,3,"[4, 116, 1, 3, 3, 0, 0, 0, 0, 0, 0, 0, 0, 0, 0, 4, 116, 1, 3, 3, 0, 0, 0, 0, 0, 0, 0, 0, 0, 0]",3,128,1044.0,12528.0,975639135,975649573,975650433,975654721,0,90399,90399,-1,1,10438,4288,2,128,128,1
12,3,"[4, 116, 1, 3, 3, 0, 0, 0, 0, 0, 0, 0, 0, 0, 0, 4, 116, 1, 3, 3, 0, 0, 0, 0, 0, 0, 0, 0, 0, 0]",3,128,1044.0,12528.0,975735484,975743870,975745120,975749216,0,86623,86623,-1,1,8386,4096,2,128,128,1
16,3,"[4, 116, 0, 0, 0, 0, 0, 0, 0, 0, 0, 0, 0, 0, 0, 4, 0, 0, 0, 0, 0, 0, 0, 0, 0, 0, 0, 0, 0, 0]",1,128,116.0,932.0,975826276,975834872,975835839,975839871,0,92607,92607,-1,1,8596,4032,2,128,128,1
12,3,"[4, 116, 0, 0, 0, 0, 0, 0, 0, 0, 0, 0, 0, 0, 0, 4, 116, 0, 0, 0, 0, 0, 0, 0, 0, 0, 0, 0, 0, 0]",1,128,116.0,1392.0,975922666,975931373,975932478,975936638,0,84543,84543,-1,1,8707,4160,2,128,128,1
12,3,"[4, 116, 0, 0, 0, 0, 0, 0, 0, 0, 0, 0, 0, 0, 0, 4, 116, 0, 0, 0, 0, 0, 0, 0, 0, 0, 0, 0, 0, 0]",1,128,116.0,1392.0,976012234,976019959,976021181,976025341,0,84671,84671,-1,1,7725,4160,2,128,128,1
16,3,"[4, 116, 0, 0, 0, 0, 0, 0, 0, 0, 0, 0, 0, 0, 0, 4, 0, 0, 0, 0, 0, 0, 0, 0, 0, 0, 0, 0, 0, 0]",1,128,116.0,932.0,976100829,976109068,976110012,976114012,0,86879,86879,-1,1,8239,4000,2,128,128,1
12,3,"[4, 116, 0, 0, 0, 0, 0, 0, 0, 0, 0, 0, 0, 0, 0, 4, 116, 0, 0, 0, 0, 0, 0, 0, 0, 0, 0, 0, 0, 0]",1,128,116.0,1392.0,976191909,976199693,976200891,976205051,0,82528,82528,-1,1,7784,4160,2,128,128,1
12,3,"[4, 116, 0, 0, 0, 0, 0, 0, 0, 0, 0, 0, 0, 0, 0, 4, 116, 0, 0, 0, 0, 0, 0, 0, 0, 0, 0, 0, 0, 0]",1,128,116.0,1392.0,976278594,976286360,976287579,976291738,0,85983,85983,-1,1,7766,4159,2,128,128,1
16,3,"[4, 116, 116, 1, 1, 0, 0, 0, 0, 0, 0, 0, 0, 0, 0, 4, 0, 0, 0, 0, 0, 0, 0, 0, 0, 0, 0, 0, 0, 0]",27,128,13456.0,107652.0,976368221,976376586,976377721,976382169,0,84255,84255,-1,1,8365,4448,2,128,128,1
12,3,"[4, 116, 116, 1, 1, 0, 0, 0, 0, 0, 0, 0, 0, 0, 0, 4, 116, 116, 1, 1, 0, 0, 0, 0, 0, 0, 0, 0, 0, 0]",27,128,13456.0,161472.0,976457589,976465275,976466424,976470904,0,83679,83679,-1,1,7686,4480,2,128,128,1
12,3,"[4, 116, 116, 1, 1, 0, 0, 0, 0, 0, 0, 0, 0, 0, 0, 4, 116, 116, 1, 1, 0, 0, 0, 0, 0, 0, 0, 0, 0, 0]",27,128,13456.0,161472.0,976545811,976553329,976554583,976558807,0,86847,86847,-1,1,7518,4224,2,128,128,1
16,3,"[4, 116, 0, 0, 0, 0, 0, 0, 0, 0, 0, 0, 0, 0, 0, 4, 0, 0, 0, 0, 0, 0, 0, 0, 0, 0, 0, 0, 0, 0]",1,128,116.0,932.0,976636339,976644687,976645654,976649655,0,82878,82878,-1,1,8348,4001,2,128,128,1
12,3,"[4, 116, 0, 0, 0, 0, 0, 0, 0, 0, 0, 0, 0, 0, 0, 4, 116, 0, 0, 0, 0, 0, 0, 0, 0, 0, 0, 0, 0, 0]",1,128,116.0,1392.0,976723679,976731356,976732533,976736693,0,81888,81888,-1,1,7677,4160,2,128,128,1
12,3,"[4, 116, 0, 0, 0, 0, 0, 0, 0, 0, 0, 0, 0, 0, 0, 4, 116, 0, 0, 0, 0, 0, 0, 0, 0, 0, 0, 0, 0, 0]",1,128,116.0,1392.0,976809741,976817300,976818581,976822709,0,83935,83935,-1,1,7559,4128,2,128,128,1
16,3,"[4, 116, 0, 0, 0, 0, 0, 0, 0, 0, 0, 0, 0, 0, 0, 4, 0, 0, 0, 0, 0, 0, 0, 0, 0, 0, 0, 0, 0, 0]",1,128,116.0,932.0,976897714,976905828,976906644,976910676,0,81439,81439,-1,1,8114,4032,2,128,128,1
12,3,"[4, 116, 0, 0, 0, 0, 0, 0, 0, 0, 0, 0, 0, 0, 0, 4, 116, 0, 0, 0, 0, 0, 0, 0, 0, 0, 0, 0, 0, 0]",1,128,116.0,1392.0,976983139,976990902,976992115,976996243,0,82271,82271,-1,1,7763,4128,2,128,128,1
12,3,"[4, 116, 0, 0, 0, 0, 0, 0, 0, 0, 0, 0, 0, 0, 0, 4, 116, 0, 0, 0, 0, 0, 0, 0, 0, 0, 0, 0, 0, 0]",1,128,116.0,1392.0,977069601,977077342,977078514,977082674,0,90815,90815,-1,1,7741,4160,2,128,128,1
16,3,"[4, 116, 116, 1, 1, 0, 0, 0, 0, 0, 0, 0, 0, 0, 0, 4, 0, 0, 0, 0, 0, 0, 0, 0, 0, 0, 0, 0, 0, 0]",27,128,13456.0,107652.0,977163853,977172157,977173489,977177873,0,82943,82943,-1,1,8304,4384,2,128,128,1
12,3,"[4, 116, 116, 1, 1, 0, 0, 0, 0, 0, 0, 0, 0, 0, 0, 4, 116, 116, 1, 1, 0, 0, 0, 0, 0, 0, 0, 0, 0, 0]",27,128,13456.0,161472.0,977251624,977259537,977260816,977265424,0,83487,83487,-1,1,7913,4608,2,128,128,1
12,3,"[4, 116, 116, 1, 1, 0, 0, 0, 0, 0, 0, 0, 0, 0, 0, 4, 116, 116, 1, 1, 0, 0, 0, 0, 0, 0, 0, 0, 0, 0]",27,128,13456.0,161472.0,977339980,977347718,977348911,977353167,0,83647,83647,-1,1,7738,4256,2,128,128,1
16,3,"[4, 116, 0, 0, 0, 0, 0, 0, 0, 0, 0, 0, 0, 0, 0, 4, 0, 0, 0, 0, 0, 0, 0, 0, 0, 0, 0, 0, 0, 0]",1,128,116.0,932.0,977427540,977435776,977436814,977440846,0,82591,82591,-1,1,8236,4032,2,128,128,1
12,3,"[4, 116, 0, 0, 0, 0, 0, 0, 0, 0, 0, 0, 0, 0, 0, 4, 116, 0, 0, 0, 0, 0, 0, 0, 0, 0, 0, 0, 0, 0]",1,128,116.0,1392.0,977514335,977522221,977523437,977527693,0,80991,80991,-1,1,7886,4256,2,128,128,1
12,3,"[4, 116, 0, 0, 0, 0, 0, 0, 0, 0, 0, 0, 0, 0, 0, 4, 116, 0, 0, 0, 0, 0, 0, 0, 0, 0, 0, 0, 0, 0]",1,128,116.0,1392.0,977599861,977607474,977608684,977612780,0,83551,83551,-1,1,7613,4096,2,128,128,1
16,3,"[4, 116, 0, 0, 0, 0, 0, 0, 0, 0, 0, 0, 0, 0, 0, 4, 0, 0, 0, 0, 0, 0, 0, 0, 0, 0, 0, 0, 0, 0]",1,128,116.0,932.0,977686867,977695612,977696331,977700331,0,83647,83647,-1,1,8745,4000,2,128,128,1
12,3,"[4, 116, 0, 0, 0, 0, 0, 0, 0, 0, 0, 0, 0, 0, 0, 4, 116, 0, 0, 0, 0, 0, 0, 0, 0, 0, 0, 0, 0, 0]",1,128,116.0,1392.0,977774880,977783019,977783978,977788106,0,84191,84191,-1,1,8139,4128,2,128,128,1
12,3,"[4, 116, 0, 0, 0, 0, 0, 0, 0, 0, 0, 0, 0, 0, 0, 4, 116, 0, 0, 0, 0, 0, 0, 0, 0, 0, 0, 0, 0, 0]",1,128,116.0,1392.0,977863043,977871086,977872297,977876425,0,84767,84767,-1,1,8043,4128,2,128,128,1
16,3,"[4, 116, 1, 3, 3, 0, 0, 0, 0, 0, 0, 0, 0, 0, 0, 4, 0, 0, 0, 0, 0, 0, 0, 0, 0, 0, 0, 0, 0, 0]",3,128,1044.0,8356.0,977951813,977959862,977961192,977965320,0,84415,84415,-1,1,8049,4128,2,128,128,1
12,3,"[4, 116, 1, 3, 3, 0, 0, 0, 0, 0, 0, 0, 0, 0, 0, 4, 116, 1, 3, 3, 0, 0, 0, 0, 0, 0, 0, 0, 0, 0]",3,128,1044.0,12528.0,978040659,978050849,978049735,978053959,0,87967,87967,-1,1,10190,4224,2,128,128,1
12,3,"[4, 116, 1, 3, 3, 0, 0, 0, 0, 0, 0, 0, 0, 0, 0, 4, 116, 1, 3, 3, 0, 0, 0, 0, 0, 0, 0, 0, 0, 0]",3,128,1044.0,12528.0,978132758,978140678,978141926,978146022,0,83008,83008,-1,1,7920,4096,2,128,128,1
16,3,"[4, 116, 0, 0, 0, 0, 0, 0, 0, 0, 0, 0, 0, 0, 0, 4, 0, 0, 0, 0, 0, 0, 0, 0, 0, 0, 0, 0, 0, 0]",1,128,116.0,932.0,978219884,978228027,978229030,978233061,0,83071,83071,-1,1,8143,4031,2,128,128,1
12,3,"[4, 116, 0, 0, 0, 0, 0, 0, 0, 0, 0, 0, 0, 0, 0, 4, 116, 0, 0, 0, 0, 0, 0, 0, 0, 0, 0, 0, 0, 0]",1,128,116.0,1392.0,978307129,978315013,978316132,978320292,0,81792,81792,-1,1,7884,4160,2,128,128,1
12,3,"[4, 116, 0, 0, 0, 0, 0, 0, 0, 0, 0, 0, 0, 0, 0, 4, 116, 0, 0, 0, 0, 0, 0, 0, 0, 0, 0, 0, 0, 0]",1,128,116.0,1392.0,978392795,978400808,978402084,978406179,0,83839,83839,-1,1,8013,4095,2,128,128,1
16,3,"[4, 116, 0, 0, 0, 0, 0, 0, 0, 0, 0, 0, 0, 0, 0, 4, 0, 0, 0, 0, 0, 0, 0, 0, 0, 0, 0, 0, 0, 0]",1,128,116.0,932.0,978480780,978489034,978490018,978494050,0,89279,89279,-1,1,8254,4032,2,128,128,1
12,3,"[4, 116, 0, 0, 0, 0, 0, 0, 0, 0, 0, 0, 0, 0, 0, 4, 116, 0, 0, 0, 0, 0, 0, 0, 0, 0, 0, 0, 0, 0]",1,128,116.0,1392.0,978574342,978582264,978583329,978587490,0,83199,83199,-1,1,7922,4161,2,128,128,1
12,3,"[4, 116, 0, 0, 0, 0, 0, 0, 0, 0, 0, 0, 0, 0, 0, 4, 116, 0, 0, 0, 0, 0, 0, 0, 0, 0, 0, 0, 0, 0]",1,128,116.0,1392.0,978661406,978669439,978670689,978674881,0,84574,84574,-1,1,8033,4192,2,128,128,1
16,3,"[4, 116, 116, 1, 1, 0, 0, 0, 0, 0, 0, 0, 0, 0, 0, 4, 0, 0, 0, 0, 0, 0, 0, 0, 0, 0, 0, 0, 0, 0]",27,128,13456.0,107652.0,978750253,978758423,978759455,978763775,0,82656,82656,-1,1,8170,4320,2,128,128,1
12,3,"[4, 116, 116, 1, 1, 0, 0, 0, 0, 0, 0, 0, 0, 0, 0, 4, 116, 116, 1, 1, 0, 0, 0, 0, 0, 0, 0, 0, 0, 0]",27,128,13456.0,161472.0,978837673,978845183,978846431,978850974,0,84063,84063,-1,1,7510,4543,2,128,128,1
12,3,"[4, 116, 116, 1, 1, 0, 0, 0, 0, 0, 0, 0, 0, 0, 0, 4, 116, 116, 1, 1, 0, 0, 0, 0, 0, 0, 0, 0, 0, 0]",27,128,13456.0,161472.0,978925957,978933901,978935037,978939294,0,85311,85311,-1,1,7944,4257,2,128,128,1
16,3,"[4, 116, 0, 0, 0, 0, 0, 0, 0, 0, 0, 0, 0, 0, 0, 4, 0, 0, 0, 0, 0, 0, 0, 0, 0, 0, 0, 0, 0, 0]",1,128,116.0,932.0,979015523,979025363,979024605,979028669,0,86655,86655,-1,1,9840,4064,2,128,128,1
12,3,"[4, 116, 0, 0, 0, 0, 0, 0, 0, 0, 0, 0, 0, 0, 0, 4, 116, 0, 0, 0, 0, 0, 0, 0, 0, 0, 0, 0, 0, 0]",1,128,116.0,1392.0,979106285,979114206,979115324,979119452,0,84351,84351,-1,1,7921,4128,2,128,128,1
12,3,"[4, 116, 0, 0, 0, 0, 0, 0, 0, 0, 0, 0, 0, 0, 0, 4, 116, 0, 0, 0, 0, 0, 0, 0, 0, 0, 0, 0, 0, 0]",1,128,116.0,1392.0,979194874,979202593,979203803,979207963,0,228925,228925,-1,1,7719,4160,2,128,128,1
16,3,"[4, 116, 0, 0, 0, 0, 0, 0, 0, 0, 0, 0, 0, 0, 0, 4, 0, 0, 0, 0, 0, 0, 0, 0, 0, 0, 0, 0, 0, 0]",1,128,116.0,932.0,979425641,979436361,979436888,979440920,0,96223,96223,-1,1,10720,4032,2,128,128,1
12,3,"[4, 116, 0, 0, 0, 0, 0, 0, 0, 0, 0, 0, 0, 0, 0, 4, 116, 0, 0, 0, 0, 0, 0, 0, 0, 0, 0, 0, 0, 0]",1,128,116.0,1392.0,979527030,979536002,979537143,979541271,0,84927,84927,-1,1,8972,4128,2,128,128,1
12,3,"[4, 116, 0, 0, 0, 0, 0, 0, 0, 0, 0, 0, 0, 0, 0, 4, 116, 0, 0, 0, 0, 0, 0, 0, 0, 0, 0, 0, 0, 0]",1,128,116.0,1392.0,979617052,979625093,979626198,979630358,0,86303,86303,-1,1,8041,4160,2,128,128,1
16,3,"[4, 116, 116, 1, 1, 0, 0, 0, 0, 0, 0, 0, 0, 0, 0, 4, 0, 0, 0, 0, 0, 0, 0, 0, 0, 0, 0, 0, 0, 0]",27,128,13456.0,107652.0,979707650,979715858,979716661,979721045,0,83775,83775,-1,1,8208,4384,2,128,128,1
12,3,"[4, 116, 116, 1, 1, 0, 0, 0, 0, 0, 0, 0, 0, 0, 0, 4, 116, 116, 1, 1, 0, 0, 0, 0, 0, 0, 0, 0, 0, 0]",27,128,13456.0,161472.0,979795729,979803668,979804820,979809332,0,89983,89983,-1,1,7939,4512,2,128,128,1
12,3,"[4, 116, 116, 1, 1, 0, 0, 0, 0, 0, 0, 0, 0, 0, 0, 4, 116, 116, 1, 1, 0, 0, 0, 0, 0, 0, 0, 0, 0, 0]",27,128,13456.0,161472.0,979883616,979897814,979899315,979903699,0,88191,88191,-1,1,14198,4384,2,128,128,1
16,3,"[4, 116, 0, 0, 0, 0, 0, 0, 0, 0, 0, 0, 0, 0, 0, 4, 0, 0, 0, 0, 0, 0, 0, 0, 0, 0, 0, 0, 0, 0]",1,128,116.0,932.0,979982528,979991005,979991890,979995922,0,84543,84543,-1,1,8477,4032,2,128,128,1
12,3,"[4, 116, 0, 0, 0, 0, 0, 0, 0, 0, 0, 0, 0, 0, 0, 4, 116, 0, 0, 0, 0, 0, 0, 0, 0, 0, 0, 0, 0, 0]",1,128,116.0,1392.0,980071622,980079455,980080465,980084625,0,84479,84479,-1,1,7833,4160,2,128,128,1
12,3,"[4, 116, 0, 0, 0, 0, 0, 0, 0, 0, 0, 0, 0, 0, 0, 4, 116, 0, 0, 0, 0, 0, 0, 0, 0, 0, 0, 0, 0, 0]",1,128,116.0,1392.0,980159404,980169332,980169104,980173232,0,87135,87135,-1,1,9928,4128,2,128,128,1
16,3,"[4, 116, 0, 0, 0, 0, 0, 0, 0, 0, 0, 0, 0, 0, 0, 4, 0, 0, 0, 0, 0, 0, 0, 0, 0, 0, 0, 0, 0, 0]",1,128,116.0,932.0,980250874,980259406,980260367,980264463,0,84671,84671,-1,1,8532,4096,2,128,128,1
12,3,"[4, 116, 0, 0, 0, 0, 0, 0, 0, 0, 0, 0, 0, 0, 0, 4, 116, 0, 0, 0, 0, 0, 0, 0, 0, 0, 0, 0, 0, 0]",1,128,116.0,1392.0,980339784,980347970,980349134,980353326,0,82463,82463,-1,1,8186,4192,2,128,128,1
12,3,"[4, 116, 0, 0, 0, 0, 0, 0, 0, 0, 0, 0, 0, 0, 0, 4, 116, 0, 0, 0, 0, 0, 0, 0, 0, 0, 0, 0, 0, 0]",1,128,116.0,1392.0,980426706,980434437,980435789,980439885,0,85567,85567,-1,1,7731,4096,2,128,128,1
16,3,"[4, 116, 1, 3, 3, 0, 0, 0, 0, 0, 0, 0, 0, 0, 0, 4, 0, 0, 0, 0, 0, 0, 0, 0, 0, 0, 0, 0, 0, 0]",3,128,1044.0,8356.0,980516373,980524403,980525452,980529484,0,88479,88479,-1,1,8030,4032,2,128,128,1
12,3,"[4, 116, 1, 3, 3, 0, 0, 0, 0, 0, 0, 0, 0, 0, 0, 4, 116, 1, 3, 3, 0, 0, 0, 0, 0, 0, 0, 0, 0, 0]",3,128,1044.0,12528.0,980608906,980616775,980617963,980622155,0,82431,82431,-1,1,7869,4192,2,128,128,1
12,3,"[4, 116, 1, 3, 3, 0, 0, 0, 0, 0, 0, 0, 0, 0, 0, 4, 116, 1, 3, 3, 0, 0, 0, 0, 0, 0, 0, 0, 0, 0]",3,128,1044.0,12528.0,980695806,980703334,980704586,980708715,0,83103,83103,-1,1,7528,4129,2,128,128,1
16,3,"[4, 116, 0, 0, 0, 0, 0, 0, 0, 0, 0, 0, 0, 0, 0, 4, 0, 0, 0, 0, 0, 0, 0, 0, 0, 0, 0, 0, 0, 0]",1,128,116.0,932.0,980782612,980790763,980791818,980795882,0,83134,83134,-1,1,8151,4064,2,128,128,1
12,3,"[4, 116, 0, 0, 0, 0, 0, 0, 0, 0, 0, 0, 0, 0, 0, 4, 116, 0, 0, 0, 0, 0, 0, 0, 0, 0, 0, 0, 0, 0]",1,128,116.0,1392.0,980870182,980877736,980879016,980883145,0,81342,81342,-1,1,7554,4129,2,128,128,1
12,3,"[4, 116, 0, 0, 0, 0, 0, 0, 0, 0, 0, 0, 0, 0, 0, 4, 116, 0, 0, 0, 0, 0, 0, 0, 0, 0, 0, 0, 0, 0]",1,128,116.0,1392.0,980955383,980963162,980964487,980968616,0,81951,81951,-1,1,7779,4129,2,128,128,1
16,3,"[4, 116, 0, 0, 0, 0, 0, 0, 0, 0, 0, 0, 0, 0, 0, 4, 0, 0, 0, 0, 0, 0, 0, 0, 0, 0, 0, 0, 0, 0]",1,128,116.0,932.0,981041409,981049523,981050567,981054631,0,80415,80415,-1,1,8114,4064,2,128,128,1
12,3,"[4, 116, 0, 0, 0, 0, 0, 0, 0, 0, 0, 0, 0, 0, 0, 4, 116, 0, 0, 0, 0, 0, 0, 0, 0, 0, 0, 0, 0, 0]",1,128,116.0,1392.0,981126218,981135682,981135046,981139206,0,83807,83807,-1,1,9464,4160,2,128,128,1
12,3,"[4, 116, 0, 0, 0, 0, 0, 0, 0, 0, 0, 0, 0, 0, 0, 4, 116, 0, 0, 0, 0, 0, 0, 0, 0, 0, 0, 0, 0, 0]",1,128,116.0,1392.0,981213990,981221739,981223013,981227173,0,83871,83871,-1,1,7749,4160,2,128,128,1
16,3,"[4, 116, 116, 1, 1, 0, 0, 0, 0, 0, 0, 0, 0, 0, 0, 4, 0, 0, 0, 0, 0, 0, 0, 0, 0, 0, 0, 0, 0, 0]",27,128,13456.0,107652.0,981302004,981310033,981311044,981315492,0,81567,81567,-1,1,8029,4448,2,128,128,1
12,3,"[4, 116, 116, 1, 1, 0, 0, 0, 0, 0, 0, 0, 0, 0, 0, 4, 116, 116, 1, 1, 0, 0, 0, 0, 0, 0, 0, 0, 0, 0]",27,128,13456.0,161472.0,981388149,981395892,981397059,981401571,0,84127,84127,-1,1,7743,4512,2,128,128,1
12,3,"[4, 116, 116, 1, 1, 0, 0, 0, 0, 0, 0, 0, 0, 0, 0, 4, 116, 116, 1, 1, 0, 0, 0, 0, 0, 0, 0, 0, 0, 0]",27,128,13456.0,161472.0,981476853,981484506,981485698,981489986,0,84351,84351,-1,1,7653,4288,2,128,128,1
16,3,"[4, 116, 0, 0, 0, 0, 0, 0, 0, 0, 0, 0, 0, 0, 0, 4, 0, 0, 0, 0, 0, 0, 0, 0, 0, 0, 0, 0, 0, 0]",1,128,116.0,932.0,981565174,981573317,981574337,981578305,0,82239,82239,-1,1,8143,3968,2,128,128,1
12,3,"[4, 116, 0, 0, 0, 0, 0, 0, 0, 0, 0, 0, 0, 0, 0, 4, 116, 0, 0, 0, 0, 0, 0, 0, 0, 0, 0, 0, 0, 0]",1,128,116.0,1392.0,981651891,981659373,981660544,981664736,0,81439,81439,-1,1,7482,4192,2,128,128,1
12,3,"[4, 116, 0, 0, 0, 0, 0, 0, 0, 0, 0, 0, 0, 0, 0, 4, 116, 0, 0, 0, 0, 0, 0, 0, 0, 0, 0, 0, 0, 0]",1,128,116.0,1392.0,981737145,981745035,981746175,981750335,0,82943,82943,-1,1,7890,4160,2,128,128,1
16,3,"[4, 116, 0, 0, 0, 0, 0, 0, 0, 0, 0, 0, 0, 0, 0, 4, 0, 0, 0, 0, 0, 0, 0, 0, 0, 0, 0, 0, 0, 0]",1,128,116.0,932.0,981824400,981832306,981833278,981837310,0,82687,82687,-1,1,7906,4032,2,128,128,1
12,3,"[4, 116, 0, 0, 0, 0, 0, 0, 0, 0, 0, 0, 0, 0, 0, 4, 116, 0, 0, 0, 0, 0, 0, 0, 0, 0, 0, 0, 0, 0]",1,128,116.0,1392.0,981911222,981918902,981919997,981924157,0,82111,82111,-1,1,7680,4160,2,128,128,1
12,3,"[4, 116, 0, 0, 0, 0, 0, 0, 0, 0, 0, 0, 0, 0, 0, 4, 116, 0, 0, 0, 0, 0, 0, 0, 0, 0, 0, 0, 0, 0]",1,128,116.0,1392.0,981997219,982005067,982006268,982010396,0,84543,84543,-1,1,7848,4128,2,128,128,1
16,3,"[4, 116, 116, 1, 1, 0, 0, 0, 0, 0, 0, 0, 0, 0, 0, 4, 0, 0, 0, 0, 0, 0, 0, 0, 0, 0, 0, 0, 0, 0]",27,128,13456.0,107652.0,982085627,982095943,982094939,982099355,0,87007,87007,-1,1,10316,4416,2,128,128,1
12,3,"[4, 116, 116, 1, 1, 0, 0, 0, 0, 0, 0, 0, 0, 0, 0, 4, 116, 116, 1, 1, 0, 0, 0, 0, 0, 0, 0, 0, 0, 0]",27,128,13456.0,161472.0,982177275,982185216,982186362,982190970,0,83583,83583,-1,1,7941,4608,2,128,128,1
12,3,"[4, 116, 116, 1, 1, 0, 0, 0, 0, 0, 0, 0, 0, 0, 0, 4, 116, 116, 1, 1, 0, 0, 0, 0, 0, 0, 0, 0, 0, 0]",27,128,13456.0,161472.0,982265772,982273260,982274553,982279033,0,83423,83423,-1,1,7488,4480,2,128,128,1
16,3,"[4, 116, 0, 0, 0, 0, 0, 0, 0, 0, 0, 0, 0, 0, 0, 4, 0, 0, 0, 0, 0, 0, 0, 0, 0, 0, 0, 0, 0, 0]",1,128,116.0,932.0,982353466,982361409,982362456,982366456,0,88128,88128,-1,1,7943,4000,2,128,128,1
12,3,"[4, 116, 0, 0, 0, 0, 0, 0, 0, 0, 0, 0, 0, 0, 0, 4, 116, 0, 0, 0, 0, 0, 0, 0, 0, 0, 0, 0, 0, 0]",1,128,116.0,1392.0,982445534,982453464,982454584,982458871,0,83455,83455,-1,1,7930,4287,2,128,128,1
12,3,"[4, 116, 0, 0, 0, 0, 0, 0, 0, 0, 0, 0, 0, 0, 0, 4, 116, 0, 0, 0, 0, 0, 0, 0, 0, 0, 0, 0, 0, 0]",1,128,116.0,1392.0,982533661,982541079,982542326,982546454,0,82720,82720,-1,1,7418,4128,2,128,128,1
16,3,"[4, 116, 0, 0, 0, 0, 0, 0, 0, 0, 0, 0, 0, 0, 0, 4, 0, 0, 0, 0, 0, 0, 0, 0, 0, 0, 0, 0, 0, 0]",1,128,116.0,932.0,982619903,982628152,982629174,982633206,0,81791,81791,-1,1,8249,4032,2,128,128,1
12,3,"[4, 116, 0, 0, 0, 0, 0, 0, 0, 0, 0, 0, 0, 0, 0, 4, 116, 0, 0, 0, 0, 0, 0, 0, 0, 0, 0, 0, 0, 0]",1,128,116.0,1392.0,982706065,982713769,982714997,982719156,0,81312,81312,-1,1,7704,4159,2,128,128,1
12,3,"[4, 116, 0, 0, 0, 0, 0, 0, 0, 0, 0, 0, 0, 0, 0, 4, 116, 0, 0, 0, 0, 0, 0, 0, 0, 0, 0, 0, 0, 0]",1,128,116.0,1392.0,982791381,982799219,982800468,982804628,0,83806,83806,-1,1,7838,4160,2,128,128,1
16,3,"[4, 116, 1, 3, 3, 0, 0, 0, 0, 0, 0, 0, 0, 0, 0, 4, 0, 0, 0, 0, 0, 0, 0, 0, 0, 0, 0, 0, 0, 0]",3,128,1044.0,8356.0,982879434,982887345,982888434,982892498,0,82496,82496,-1,1,7911,4064,2,128,128,1
12,3,"[4, 116, 1, 3, 3, 0, 0, 0, 0, 0, 0, 0, 0, 0, 0, 4, 116, 1, 3, 3, 0, 0, 0, 0, 0, 0, 0, 0, 0, 0]",3,128,1044.0,12528.0,982966376,982973907,982974994,982979089,0,224862,224862,-1,1,7531,4095,2,128,128,1
12,3,"[4, 116, 1, 3, 3, 0, 0, 0, 0, 0, 0, 0, 0, 0, 0, 4, 116, 1, 3, 3, 0, 0, 0, 0, 0, 0, 0, 0, 0, 0]",3,128,1044.0,12528.0,983192161,983202977,983203951,983208047,0,98303,98303,-1,1,10816,4096,2,128,128,1
16,3,"[4, 116, 0, 0, 0, 0, 0, 0, 0, 0, 0, 0, 0, 0, 0, 4, 0, 0, 0, 0, 0, 0, 0, 0, 0, 0, 0, 0, 0, 0]",1,128,116.0,932.0,983296093,983305445,983306350,983310382,0,85727,85727,-1,1,9352,4032,2,128,128,1
12,3,"[4, 116, 0, 0, 0, 0, 0, 0, 0, 0, 0, 0, 0, 0, 0, 4, 116, 0, 0, 0, 0, 0, 0, 0, 0, 0, 0, 0, 0, 0]",1,128,116.0,1392.0,983387044,983395144,983396109,983400237,0,83519,83519,-1,1,8100,4128,2,128,128,1
12,3,"[4, 116, 0, 0, 0, 0, 0, 0, 0, 0, 0, 0, 0, 0, 0, 4, 116, 0, 0, 0, 0, 0, 0, 0, 0, 0, 0, 0, 0, 0]",1,128,116.0,1392.0,983474562,983482541,983483756,983487916,0,82687,82687,-1,1,7979,4160,2,128,128,1
16,3,"[4, 116, 0, 0, 0, 0, 0, 0, 0, 0, 0, 0, 0, 0, 0, 4, 0, 0, 0, 0, 0, 0, 0, 0, 0, 0, 0, 0, 0, 0]",1,128,116.0,932.0,983561278,983569605,983570603,983574635,0,83391,83391,-1,1,8327,4032,2,128,128,1
12,3,"[4, 116, 0, 0, 0, 0, 0, 0, 0, 0, 0, 0, 0, 0, 0, 4, 116, 0, 0, 0, 0, 0, 0, 0, 0, 0, 0, 0, 0, 0]",1,128,116.0,1392.0,983648629,983656833,983658026,983662154,0,83359,83359,-1,1,8204,4128,2,128,128,1
12,3,"[4, 116, 0, 0, 0, 0, 0, 0, 0, 0, 0, 0, 0, 0, 0, 4, 116, 0, 0, 0, 0, 0, 0, 0, 0, 0, 0, 0, 0, 0]",1,128,116.0,1392.0,983736640,983744270,983745513,983749641,0,86495,86495,-1,1,7630,4128,2,128,128,1
16,3,"[4, 116, 116, 1, 1, 0, 0, 0, 0, 0, 0, 0, 0, 0, 0, 4, 0, 0, 0, 0, 0, 0, 0, 0, 0, 0, 0, 0, 0, 0]",27,128,13456.0,107652.0,983826715,983835146,983836136,983840328,0,93247,93247,-1,1,8431,4192,2,128,128,1
12,3,"[4, 116, 116, 1, 1, 0, 0, 0, 0, 0, 0, 0, 0, 0, 0, 4, 116, 116, 1, 1, 0, 0, 0, 0, 0, 0, 0, 0, 0, 0]",27,128,13456.0,161472.0,983924170,983932529,983933575,983938119,0,83871,83871,-1,1,8359,4544,2,128,128,1
12,3,"[4, 116, 116, 1, 1, 0, 0, 0, 0, 0, 0, 0, 0, 0, 0, 4, 116, 116, 1, 1, 0, 0, 0, 0, 0, 0, 0, 0, 0, 0]",27,128,13456.0,161472.0,984012882,984020780,984021990,984026502,0,82528,82528,-1,1,7898,4512,2,128,128,1
16,3,"[4, 116, 0, 0, 0, 0, 0, 0, 0, 0, 0, 0, 0, 0, 0, 4, 0, 0, 0, 0, 0, 0, 0, 0, 0, 0, 0, 0, 0, 0]",1,128,116.0,932.0,984099980,984108117,984109030,984113061,0,86496,86496,-1,1,8137,4031,2,128,128,1
12,3,"[4, 116, 0, 0, 0, 0, 0, 0, 0, 0, 0, 0, 0, 0, 0, 4, 116, 0, 0, 0, 0, 0, 0, 0, 0, 0, 0, 0, 0, 0]",1,128,116.0,1392.0,984190350,984198699,984199557,984203684,0,83519,83519,-1,1,8349,4127,2,128,128,1
12,3,"[4, 116, 0, 0, 0, 0, 0, 0, 0, 0, 0, 0, 0, 0, 0, 4, 116, 0, 0, 0, 0, 0, 0, 0, 0, 0, 0, 0, 0, 0]",1,128,116.0,1392.0,984278216,984286182,984287203,984291427,0,83519,83519,-1,1,7966,4224,2,128,128,1
16,3,"[4, 116, 0, 0, 0, 0, 0, 0, 0, 0, 0, 0, 0, 0, 0, 4, 0, 0, 0, 0, 0, 0, 0, 0, 0, 0, 0, 0, 0, 0]",1,128,116.0,932.0,984365378,984373890,984374946,984378947,0,81791,81791,-1,1,8512,4001,2,128,128,1
12,3,"[4, 116, 0, 0, 0, 0, 0, 0, 0, 0, 0, 0, 0, 0, 0, 4, 116, 0, 0, 0, 0, 0, 0, 0, 0, 0, 0, 0, 0, 0]",1,128,116.0,1392.0,984451568,984459591,984460738,984464865,0,87167,87167,-1,1,8023,4127,2,128,128,1
12,3,"[4, 116, 0, 0, 0, 0, 0, 0, 0, 0, 0, 0, 0, 0, 0, 4, 116, 0, 0, 0, 0, 0, 0, 0, 0, 0, 0, 0, 0, 0]",1,128,116.0,1392.0,984542754,984550495,984552032,984556224,0,83264,83264,-1,1,7741,4192,2,128,128,1
16,3,"[4, 116, 116, 1, 1, 0, 0, 0, 0, 0, 0, 0, 0, 0, 0, 4, 0, 0, 0, 0, 0, 0, 0, 0, 0, 0, 0, 0, 0, 0]",27,128,13456.0,107652.0,984630223,984638321,984639488,984643840,0,83423,83423,-1,1,8098,4352,2,128,128,1
12,3,"[4, 116, 116, 1, 1, 0, 0, 0, 0, 0, 0, 0, 0, 0, 0, 4, 116, 116, 1, 1, 0, 0, 0, 0, 0, 0, 0, 0, 0, 0]",27,128,13456.0,161472.0,984718073,984726061,984727263,984731775,0,82207,82207,-1,1,7988,4512,2,128,128,1
12,3,"[4, 116, 116, 1, 1, 0, 0, 0, 0, 0, 0, 0, 0, 0, 0, 4, 116, 116, 1, 1, 0, 0, 0, 0, 0, 0, 0, 0, 0, 0]",27,128,13456.0,161472.0,984805209,984812723,984813982,984818398,0,82495,82495,-1,1,7514,4416,2,128,128,1
16,3,"[4, 116, 0, 0, 0, 0, 0, 0, 0, 0, 0, 0, 0, 0, 0, 4, 0, 0, 0, 0, 0, 0, 0, 0, 0, 0, 0, 0, 0, 0]",1,128,116.0,932.0,984891876,984899871,984900893,984904925,0,81343,81343,-1,1,7995,4032,2,128,128,1
12,3,"[4, 116, 0, 0, 0, 0, 0, 0, 0, 0, 0, 0, 0, 0, 0, 4, 116, 0, 0, 0, 0, 0, 0, 0, 0, 0, 0, 0, 0, 0]",1,128,116.0,1392.0,984977488,984985101,984986268,984990524,0,80799,80799,-1,1,7613,4256,2,128,128,1
12,3,"[4, 116, 0, 0, 0, 0, 0, 0, 0, 0, 0, 0, 0, 0, 0, 4, 116, 0, 0, 0, 0, 0, 0, 0, 0, 0, 0, 0, 0, 0]",1,128,116.0,1392.0,985062426,985070071,985071323,985075451,0,84991,84991,-1,1,7645,4128,2,128,128,1
16,3,"[4, 116, 0, 0, 0, 0, 0, 0, 0, 0, 0, 0, 0, 0, 0, 4, 0, 0, 0, 0, 0, 0, 0, 0, 0, 0, 0, 0, 0, 0]",1,128,116.0,932.0,985151318,985159428,985160442,985164474,0,82079,82079,-1,1,8110,4032,2,128,128,1
12,3,"[4, 116, 0, 0, 0, 0, 0, 0, 0, 0, 0, 0, 0, 0, 0, 4, 116, 0, 0, 0, 0, 0, 0, 0, 0, 0, 0, 0, 0, 0]",1,128,116.0,1392.0,985237777,985245330,985246553,985250681,0,81119,81119,-1,1,7553,4128,2,128,128,1
12,3,"[4, 116, 0, 0, 0, 0, 0, 0, 0, 0, 0, 0, 0, 0, 0, 4, 116, 0, 0, 0, 0, 0, 0, 0, 0, 0, 0, 0, 0, 0]",1,128,116.0,1392.0,985323010,985330611,985331800,985336280,0,83519,83519,-1,1,7601,4480,2,128,128,1
16,3,"[4, 116, 1, 3, 3, 0, 0, 0, 0, 0, 0, 0, 0, 0, 0, 4, 0, 0, 0, 0, 0, 0, 0, 0, 0, 0, 0, 0, 0, 0]",3,128,1044.0,8356.0,985410753,985418896,985419799,985423927,0,83295,83295,-1,1,8143,4128,2,128,128,1
12,3,"[4, 116, 1, 3, 3, 0, 0, 0, 0, 0, 0, 0, 0, 0, 0, 4, 116, 1, 3, 3, 0, 0, 0, 0, 0, 0, 0, 0, 0, 0]",3,128,1044.0,12528.0,985498679,985506004,985507222,985511510,0,83039,83039,-1,1,7325,4288,2,128,128,1
12,3,"[4, 116, 1, 3, 3, 0, 0, 0, 0, 0, 0, 0, 0, 0, 0, 4, 116, 1, 3, 3, 0, 0, 0, 0, 0, 0, 0, 0, 0, 0]",3,128,1044.0,12528.0,985585511,985593261,985594549,985598645,0,84320,84320,-1,1,7750,4096,2,128,128,1
16,3,"[4, 116, 0, 0, 0, 0, 0, 0, 0, 0, 0, 0, 0, 0, 0, 4, 0, 0, 0, 0, 0, 0, 0, 0, 0, 0, 0, 0, 0, 0]",1,128,116.0,932.0,985673280,985681953,985682965,985686996,0,82848,82848,-1,1,8673,4031,2,128,128,1
12,3,"[4, 116, 0, 0, 0, 0, 0, 0, 0, 0, 0, 0, 0, 0, 0, 4, 116, 0, 0, 0, 0, 0, 0, 0, 0, 0, 0, 0, 0, 0]",1,128,116.0,1392.0,985761059,985768651,985769844,985774163,0,81568,81568,-1,1,7592,4319,2,128,128,1
12,3,"[4, 116, 0, 0, 0, 0, 0, 0, 0, 0, 0, 0, 0, 0, 0, 4, 116, 0, 0, 0, 0, 0, 0, 0, 0, 0, 0, 0, 0, 0]",1,128,116.0,1392.0,985846874,985854515,985855731,985860178,0,82943,82943,-1,1,7641,4447,2,128,128,1
16,3,"[4, 116, 0, 0, 0, 0, 0, 0, 0, 0, 0, 0, 0, 0, 0, 4, 0, 0, 0, 0, 0, 0, 0, 0, 0, 0, 0, 0, 0, 0]",1,128,116.0,932.0,985933936,985942117,985943121,985947153,0,82048,82048,-1,1,8181,4032,2,128,128,1
12,3,"[4, 116, 0, 0, 0, 0, 0, 0, 0, 0, 0, 0, 0, 0, 0, 4, 116, 0, 0, 0, 0, 0, 0, 0, 0, 0, 0, 0, 0, 0]",1,128,116.0,1392.0,986020307,986027951,986029201,986033393,0,84031,84031,-1,1,7644,4192,2,128,128,1
12,3,"[4, 116, 0, 0, 0, 0, 0, 0, 0, 0, 0, 0, 0, 0, 0, 4, 116, 0, 0, 0, 0, 0, 0, 0, 0, 0, 0, 0, 0, 0]",1,128,116.0,1392.0,986108352,986116297,986117424,986121520,0,83839,83839,-1,1,7945,4096,2,128,128,1
16,3,"[4, 116, 116, 1, 1, 0, 0, 0, 0, 0, 0, 0, 0, 0, 0, 4, 0, 0, 0, 0, 0, 0, 0, 0, 0, 0, 0, 0, 0, 0]",27,128,13456.0,107652.0,986196298,986204269,986205359,986209839,0,83807,83807,-1,1,7971,4480,2,128,128,1
12,3,"[4, 116, 116, 1, 1, 0, 0, 0, 0, 0, 0, 0, 0, 0, 0, 4, 116, 116, 1, 1, 0, 0, 0, 0, 0, 0, 0, 0, 0, 0]",27,128,13456.0,161472.0,986284488,986292462,986293646,986298222,0,88255,88255,-1,1,7974,4576,2,128,128,1
12,3,"[4, 116, 116, 1, 1, 0, 0, 0, 0, 0, 0, 0, 0, 0, 0, 4, 116, 116, 1, 1, 0, 0, 0, 0, 0, 0, 0, 0, 0, 0]",27,128,13456.0,161472.0,986377242,986385226,986386477,986390701,0,84191,84191,-1,1,7984,4224,2,128,128,1
16,3,"[4, 116, 0, 0, 0, 0, 0, 0, 0, 0, 0, 0, 0, 0, 0, 4, 0, 0, 0, 0, 0, 0, 0, 0, 0, 0, 0, 0, 0, 0]",1,128,116.0,932.0,986465516,986473679,986474892,986478923,0,83392,83392,-1,1,8163,4031,2,128,128,1
12,3,"[4, 116, 0, 0, 0, 0, 0, 0, 0, 0, 0, 0, 0, 0, 0, 4, 116, 0, 0, 0, 0, 0, 0, 0, 0, 0, 0, 0, 0, 0]",1,128,116.0,1392.0,986553702,986561152,986562315,986566443,0,83231,83231,-1,1,7450,4128,2,128,128,1
12,3,"[4, 116, 0, 0, 0, 0, 0, 0, 0, 0, 0, 0, 0, 0, 0, 4, 116, 0, 0, 0, 0, 0, 0, 0, 0, 0, 0, 0, 0, 0]",1,128,116.0,1392.0,986640769,986648372,986649674,986653770,0,83071,83071,-1,1,7603,4096,2,128,128,1
16,3,"[4, 116, 0, 0, 0, 0, 0, 0, 0, 0, 0, 0, 0, 0, 0, 4, 0, 0, 0, 0, 0, 0, 0, 0, 0, 0, 0, 0, 0, 0]",1,128,116.0,932.0,986727832,986735813,986736841,986740873,0,217725,217725,-1,1,7981,4032,2,128,128,1
12,3,"[4, 116, 0, 0, 0, 0, 0, 0, 0, 0, 0, 0, 0, 0, 0, 4, 116, 0, 0, 0, 0, 0, 0, 0, 0, 0, 0, 0, 0, 0]",1,128,116.0,1392.0,986947910,986957676,986958598,986962727,0,92158,92158,-1,1,9766,4129,2,128,128,1
12,3,"[4, 116, 0, 0, 0, 0, 0, 0, 0, 0, 0, 0, 0, 0, 0, 4, 116, 0, 0, 0, 0, 0, 0, 0, 0, 0, 0, 0, 0, 0]",1,128,116.0,1392.0,987045327,987054114,987054885,987059014,0,88318,88318,-1,1,8787,4129,2,128,128,1
16,3,"[4, 232, 1, 3, 3, 0, 0, 0, 0, 0, 0, 0, 0, 0, 0, 4, 0, 0, 0, 0, 0, 0, 0, 0, 0, 0, 0, 0, 0, 0]",5,128,2088.0,16708.0,987137921,987148917,987147332,987151396,0,87071,87071,-1,1,10996,4064,2,128,128,1
12,3,"[4, 232, 1, 3, 3, 0, 0, 0, 0, 0, 0, 0, 0, 0, 0, 4, 232, 1, 3, 3, 0, 0, 0, 0, 0, 0, 0, 0, 0, 0]",5,128,2088.0,25056.0,987229062,987237295,987238467,987242724,0,84798,84798,-1,1,8233,4257,2,128,128,1
12,3,"[4, 232, 1, 3, 3, 0, 0, 0, 0, 0, 0, 0, 0, 0, 0, 4, 232, 1, 3, 3, 0, 0, 0, 0, 0, 0, 0, 0, 0, 0]",5,128,2088.0,25056.0,987318301,987326325,987327522,987331618,0,84704,84704,-1,1,8024,4096,2,128,128,1
16,3,"[4, 232, 0, 0, 0, 0, 0, 0, 0, 0, 0, 0, 0, 0, 0, 4, 0, 0, 0, 0, 0, 0, 0, 0, 0, 0, 0, 0, 0, 0]",1,128,232.0,1860.0,987407102,987415187,987416322,987420386,0,84574,84574,-1,1,8085,4064,2,128,128,1
12,3,"[4, 232, 0, 0, 0, 0, 0, 0, 0, 0, 0, 0, 0, 0, 0, 4, 232, 0, 0, 0, 0, 0, 0, 0, 0, 0, 0, 0, 0, 0]",1,128,232.0,2784.0,987495966,987503804,987504960,987509184,0,81856,81856,-1,1,7838,4224,2,128,128,1
12,3,"[4, 232, 0, 0, 0, 0, 0, 0, 0, 0, 0, 0, 0, 0, 0, 4, 232, 0, 0, 0, 0, 0, 0, 0, 0, 0, 0, 0, 0, 0]",1,128,232.0,2784.0,987581987,987589785,987591040,987595232,0,83295,83295,-1,1,7798,4192,2,128,128,1
16,3,"[4, 232, 0, 0, 0, 0, 0, 0, 0, 0, 0, 0, 0, 0, 0, 4, 0, 0, 0, 0, 0, 0, 0, 0, 0, 0, 0, 0, 0, 0]",1,128,232.0,1860.0,987669577,987677520,987678527,987682719,0,82079,82079,-1,1,7943,4192,2,128,128,1
12,3,"[4, 232, 0, 0, 0, 0, 0, 0, 0, 0, 0, 0, 0, 0, 0, 4, 232, 0, 0, 0, 0, 0, 0, 0, 0, 0, 0, 0, 0, 0]",1,128,232.0,2784.0,987756229,987763635,987764798,987768958,0,81919,81919,-1,1,7406,4160,2,128,128,1
12,3,"[4, 232, 0, 0, 0, 0, 0, 0, 0, 0, 0, 0, 0, 0, 0, 4, 232, 0, 0, 0, 0, 0, 0, 0, 0, 0, 0, 0, 0, 0]",1,128,232.0,2784.0,987842118,987849713,987850877,987855069,0,92798,92798,-1,1,7595,4192,2,128,128,1
16,3,"[4, 232, 232, 1, 1, 0, 0, 0, 0, 0, 0, 0, 0, 0, 0, 4, 0, 0, 0, 0, 0, 0, 0, 0, 0, 0, 0, 0, 0, 0]",106,128,53824.0,430596.0,987938335,987946982,987947867,987952956,0,84927,84927,-1,1,8647,5089,2,128,128,1
12,3,"[4, 232, 232, 1, 1, 0, 0, 0, 0, 0, 0, 0, 0, 0, 0, 4, 232, 232, 1, 1, 0, 0, 0, 0, 0, 0, 0, 0, 0, 0]",106,128,53824.0,645888.0,988028887,988036715,988037883,988043483,0,81791,81791,-1,1,7828,5600,2,128,128,1
12,3,"[4, 232, 232, 1, 1, 0, 0, 0, 0, 0, 0, 0, 0, 0, 0, 4, 232, 232, 1, 1, 0, 0, 0, 0, 0, 0, 0, 0, 0, 0]",106,128,53824.0,645888.0,988116445,988126040,988125274,988130426,0,86047,86047,-1,1,9595,5152,2,128,128,1
16,3,"[4, 232, 0, 0, 0, 0, 0, 0, 0, 0, 0, 0, 0, 0, 0, 4, 0, 0, 0, 0, 0, 0, 0, 0, 0, 0, 0, 0, 0, 0]",1,128,232.0,1860.0,988207058,988215477,988216473,988220537,0,82623,82623,-1,1,8419,4064,2,128,128,1
12,3,"[4, 232, 0, 0, 0, 0, 0, 0, 0, 0, 0, 0, 0, 0, 0, 4, 232, 0, 0, 0, 0, 0, 0, 0, 0, 0, 0, 0, 0, 0]",1,128,232.0,2784.0,988293637,988301981,988303160,988307512,0,85951,85951,-1,1,8344,4352,2,128,128,1
12,3,"[4, 232, 0, 0, 0, 0, 0, 0, 0, 0, 0, 0, 0, 0, 0, 4, 232, 0, 0, 0, 0, 0, 0, 0, 0, 0, 0, 0, 0, 0]",1,128,232.0,2784.0,988384250,988392240,988393463,988397719,0,83615,83615,-1,1,7990,4256,2,128,128,1
16,3,"[4, 232, 0, 0, 0, 0, 0, 0, 0, 0, 0, 0, 0, 0, 0, 4, 0, 0, 0, 0, 0, 0, 0, 0, 0, 0, 0, 0, 0, 0]",1,128,232.0,1860.0,988472290,988480183,988481334,988485398,0,80799,80799,-1,1,7893,4064,2,128,128,1
12,3,"[4, 232, 0, 0, 0, 0, 0, 0, 0, 0, 0, 0, 0, 0, 0, 4, 232, 0, 0, 0, 0, 0, 0, 0, 0, 0, 0, 0, 0, 0]",1,128,232.0,2784.0,988557456,988564863,988566197,988570389,0,80543,80543,-1,1,7407,4192,2,128,128,1
12,3,"[4, 232, 0, 0, 0, 0, 0, 0, 0, 0, 0, 0, 0, 0, 0, 4, 232, 0, 0, 0, 0, 0, 0, 0, 0, 0, 0, 0, 0, 0]",1,128,232.0,2784.0,988642308,988649855,988650932,988655156,0,83711,83711,-1,1,7547,4224,2,128,128,1
16,3,"[4, 232, 232, 1, 1, 0, 0, 0, 0, 0, 0, 0, 0, 0, 0, 4, 0, 0, 0, 0, 0, 0, 0, 0, 0, 0, 0, 0, 0, 0]",106,128,53824.0,430596.0,988729657,988737925,988738867,988744019,0,80927,80927,-1,1,8268,5152,2,128,128,1
12,3,"[4, 232, 232, 1, 1, 0, 0, 0, 0, 0, 0, 0, 0, 0, 0, 4, 232, 232, 1, 1, 0, 0, 0, 0, 0, 0, 0, 0, 0, 0]",106,128,53824.0,645888.0,988816303,988823847,988824946,988830674,0,81599,81599,-1,1,7544,5728,2,128,128,1
12,3,"[4, 232, 232, 1, 1, 0, 0, 0, 0, 0, 0, 0, 0, 0, 0, 4, 232, 232, 1, 1, 0, 0, 0, 0, 0, 0, 0, 0, 0, 0]",106,128,53824.0,645888.0,988903196,988911026,988912273,988917393,0,82655,82655,-1,1,7830,5120,2,128,128,1
16,3,"[4, 232, 0, 0, 0, 0, 0, 0, 0, 0, 0, 0, 0, 0, 0, 4, 0, 0, 0, 0, 0, 0, 0, 0, 0, 0, 0, 0, 0, 0]",1,128,232.0,1860.0,988990995,988998924,989000048,989004144,0,80895,80895,-1,1,7929,4096,2,128,128,1
12,3,"[4, 232, 0, 0, 0, 0, 0, 0, 0, 0, 0, 0, 0, 0, 0, 4, 232, 0, 0, 0, 0, 0, 0, 0, 0, 0, 0, 0, 0, 0]",1,128,232.0,2784.0,989076420,989086356,989085039,989089423,0,85664,85664,-1,1,9936,4384,2,128,128,1
12,3,"[4, 232, 0, 0, 0, 0, 0, 0, 0, 0, 0, 0, 0, 0, 0, 4, 232, 0, 0, 0, 0, 0, 0, 0, 0, 0, 0, 0, 0, 0]",1,128,232.0,2784.0,989165910,989173473,989175087,989179246,0,82047,82047,-1,1,7563,4159,2,128,128,1
16,3,"[4, 232, 0, 0, 0, 0, 0, 0, 0, 0, 0, 0, 0, 0, 0, 4, 0, 0, 0, 0, 0, 0, 0, 0, 0, 0, 0, 0, 0, 0]",1,128,232.0,1860.0,989252306,989260580,989261293,989265357,0,83168,83168,-1,1,8274,4064,2,128,128,1
12,3,"[4, 232, 0, 0, 0, 0, 0, 0, 0, 0, 0, 0, 0, 0, 0, 4, 232, 0, 0, 0, 0, 0, 0, 0, 0, 0, 0, 0, 0, 0]",1,128,232.0,2784.0,989339681,989347265,989348525,989352716,0,82367,82367,-1,1,7584,4191,2,128,128,1
12,3,"[4, 232, 0, 0, 0, 0, 0, 0, 0, 0, 0, 0, 0, 0, 0, 4, 232, 0, 0, 0, 0, 0, 0, 0, 0, 0, 0, 0, 0, 0]",1,128,232.0,2784.0,989426167,989433811,989435083,989439243,0,84320,84320,-1,1,7644,4160,2,128,128,1
16,3,"[4, 232, 1, 3, 3, 0, 0, 0, 0, 0, 0, 0, 0, 0, 0, 4, 0, 0, 0, 0, 0, 0, 0, 0, 0, 0, 0, 0, 0, 0]",5,128,2088.0,16708.0,989514625,989522498,989523563,989527755,0,82847,82847,-1,1,7873,4192,2,128,128,1
12,3,"[4, 232, 1, 3, 3, 0, 0, 0, 0, 0, 0, 0, 0, 0, 0, 4, 232, 1, 3, 3, 0, 0, 0, 0, 0, 0, 0, 0, 0, 0]",5,128,2088.0,25056.0,989601928,989609462,989610602,989614825,0,82815,82815,-1,1,7534,4223,2,128,128,1
12,3,"[4, 232, 1, 3, 3, 0, 0, 0, 0, 0, 0, 0, 0, 0, 0, 4, 232, 1, 3, 3, 0, 0, 0, 0, 0, 0, 0, 0, 0, 0]",5,128,2088.0,25056.0,989688917,989696489,989697640,989701769,0,84447,84447,-1,1,7572,4129,2,128,128,1
16,3,"[4, 232, 0, 0, 0, 0, 0, 0, 0, 0, 0, 0, 0, 0, 0, 4, 0, 0, 0, 0, 0, 0, 0, 0, 0, 0, 0, 0, 0, 0]",1,128,232.0,1860.0,989776959,989785277,989786216,989790280,0,83423,83423,-1,1,8318,4064,2,128,128,1
12,3,"[4, 232, 0, 0, 0, 0, 0, 0, 0, 0, 0, 0, 0, 0, 0, 4, 232, 0, 0, 0, 0, 0, 0, 0, 0, 0, 0, 0, 0, 0]",1,128,232.0,2784.0,989864907,989872569,989873703,989877927,0,82559,82559,-1,1,7662,4224,2,128,128,1
12,3,"[4, 232, 0, 0, 0, 0, 0, 0, 0, 0, 0, 0, 0, 0, 0, 4, 232, 0, 0, 0, 0, 0, 0, 0, 0, 0, 0, 0, 0, 0]",1,128,232.0,2784.0,989951185,989959326,989960486,989964710,0,83839,83839,-1,1,8141,4224,2,128,128,1
16,3,"[4, 232, 0, 0, 0, 0, 0, 0, 0, 0, 0, 0, 0, 0, 0, 4, 0, 0, 0, 0, 0, 0, 0, 0, 0, 0, 0, 0, 0, 0]",1,128,232.0,1860.0,990039320,990049427,990048549,990052613,0,85983,85983,-1,1,10107,4064,2,128,128,1
12,3,"[4, 232, 0, 0, 0, 0, 0, 0, 0, 0, 0, 0, 0, 0, 0, 4, 232, 0, 0, 0, 0, 0, 0, 0, 0, 0, 0, 0, 0, 0]",1,128,232.0,2784.0,990129399,990137549,990138596,990142788,0,84191,84191,-1,1,8150,4192,2,128,128,1
12,3,"[4, 232, 0, 0, 0, 0, 0, 0, 0, 0, 0, 0, 0, 0, 0, 4, 232, 0, 0, 0, 0, 0, 0, 0, 0, 0, 0, 0, 0, 0]",1,128,232.0,2784.0,990217879,990225838,990226979,990231203,0,90495,90495,-1,1,7959,4224,2,128,128,1
16,3,"[4, 232, 232, 1, 1, 0, 0, 0, 0, 0, 0, 0, 0, 0, 0, 4, 0, 0, 0, 0, 0, 0, 0, 0, 0, 0, 0, 0, 0, 0]",106,128,53824.0,430596.0,990312302,990320658,990321698,990327234,0,82847,82847,-1,1,8356,5536,2,128,128,1
12,3,"[4, 232, 232, 1, 1, 0, 0, 0, 0, 0, 0, 0, 0, 0, 0, 4, 232, 232, 1, 1, 0, 0, 0, 0, 0, 0, 0, 0, 0, 0]",106,128,53824.0,645888.0,990400687,990408870,990410081,990416129,0,81599,81599,-1,1,8183,6048,2,128,128,1
12,3,"[4, 232, 232, 1, 1, 0, 0, 0, 0, 0, 0, 0, 0, 0, 0, 4, 232, 232, 1, 1, 0, 0, 0, 0, 0, 0, 0, 0, 0, 0]",106,128,53824.0,645888.0,990488577,990496661,990497728,990502784,0,82367,82367,-1,1,8084,5056,2,128,128,1
16,3,"[4, 232, 0, 0, 0, 0, 0, 0, 0, 0, 0, 0, 0, 0, 0, 4, 0, 0, 0, 0, 0, 0, 0, 0, 0, 0, 0, 0, 0, 0]",1,128,232.0,1860.0,990575946,990584115,990585151,990589215,0,228797,228797,-1,1,8169,4064,2,128,128,1
12,3,"[4, 232, 0, 0, 0, 0, 0, 0, 0, 0, 0, 0, 0, 0, 0, 4, 232, 0, 0, 0, 0, 0, 0, 0, 0, 0, 0, 0, 0, 0]",1,128,232.0,2784.0,990807131,990817142,990818012,990822237,0,88831,88831,-1,1,10011,4225,2,128,128,1
12,3,"[4, 232, 0, 0, 0, 0, 0, 0, 0, 0, 0, 0, 0, 0, 0, 4, 232, 0, 0, 0, 0, 0, 0, 0, 0, 0, 0, 0, 0, 0]",1,128,232.0,2784.0,990901439,990909965,990911068,990915324,0,85279,85279,-1,1,8526,4256,2,128,128,1
16,3,"[4, 232, 0, 0, 0, 0, 0, 0, 0, 0, 0, 0, 0, 0, 0, 4, 0, 0, 0, 0, 0, 0, 0, 0, 0, 0, 0, 0, 0, 0]",1,128,232.0,1860.0,990991320,990999729,991000603,991004666,0,84512,84512,-1,1,8409,4063,2,128,128,1
12,3,"[4, 232, 0, 0, 0, 0, 0, 0, 0, 0, 0, 0, 0, 0, 0, 4, 232, 0, 0, 0, 0, 0, 0, 0, 0, 0, 0, 0, 0, 0]",1,128,232.0,2784.0,991079949,991088018,991089178,991093370,0,84767,84767,-1,1,8069,4192,2,128,128,1
12,3,"[4, 232, 0, 0, 0, 0, 0, 0, 0, 0, 0, 0, 0, 0, 0, 4, 232, 0, 0, 0, 0, 0, 0, 0, 0, 0, 0, 0, 0, 0]",1,128,232.0,2784.0,991168884,991179029,991178137,991182456,0,88352,88352,-1,1,10145,4319,2,128,128,1
16,3,"[4, 232, 232, 1, 1, 0, 0, 0, 0, 0, 0, 0, 0, 0, 0, 4, 0, 0, 0, 0, 0, 0, 0, 0, 0, 0, 0, 0, 0, 0]",106,128,53824.0,430596.0,991261216,991269732,991270808,991275767,0,83424,83424,-1,1,8516,4959,2,128,128,1
12,3,"[4, 232, 232, 1, 1, 0, 0, 0, 0, 0, 0, 0, 0, 0, 0, 4, 232, 232, 1, 1, 0, 0, 0, 0, 0, 0, 0, 0, 0, 0]",106,128,53824.0,645888.0,991350153,991358143,991359191,991364983,0,81022,81022,-1,1,7990,5792,2,128,128,1
12,3,"[4, 232, 232, 1, 1, 0, 0, 0, 0, 0, 0, 0, 0, 0, 0, 4, 232, 232, 1, 1, 0, 0, 0, 0, 0, 0, 0, 0, 0, 0]",106,128,53824.0,645888.0,991437158,991444797,991446005,991451094,0,83007,83007,-1,1,7639,5089,2,128,128,1
16,3,"[4, 232, 0, 0, 0, 0, 0, 0, 0, 0, 0, 0, 0, 0, 0, 4, 0, 0, 0, 0, 0, 0, 0, 0, 0, 0, 0, 0, 0, 0]",1,128,232.0,1860.0,991524867,991533090,991534101,991538165,0,81567,81567,-1,1,8223,4064,2,128,128,1
12,3,"[4, 232, 0, 0, 0, 0, 0, 0, 0, 0, 0, 0, 0, 0, 0, 4, 232, 0, 0, 0, 0, 0, 0, 0, 0, 0, 0, 0, 0, 0]",1,128,232.0,2784.0,991610876,991618581,991619732,991624020,0,81215,81215,-1,1,7705,4288,2,128,128,1
12,3,"[4, 232, 0, 0, 0, 0, 0, 0, 0, 0, 0, 0, 0, 0, 0, 4, 232, 0, 0, 0, 0, 0, 0, 0, 0, 0, 0, 0, 0, 0]",1,128,232.0,2784.0,991696250,991703963,991705235,991709427,0,82847,82847,-1,1,7713,4192,2,128,128,1
16,3,"[4, 232, 0, 0, 0, 0, 0, 0, 0, 0, 0, 0, 0, 0, 0, 4, 0, 0, 0, 0, 0, 0, 0, 0, 0, 0, 0, 0, 0, 0]",1,128,232.0,1860.0,991783021,991791425,991792274,991796306,0,83903,83903,-1,1,8404,4032,2,128,128,1
12,3,"[4, 232, 0, 0, 0, 0, 0, 0, 0, 0, 0, 0, 0, 0, 0, 4, 232, 0, 0, 0, 0, 0, 0, 0, 0, 0, 0, 0, 0, 0]",1,128,232.0,2784.0,991871145,991879148,991880209,991884593,0,91487,91487,-1,1,8003,4384,2,128,128,1
12,3,"[4, 232, 0, 0, 0, 0, 0, 0, 0, 0, 0, 0, 0, 0, 0, 4, 232, 0, 0, 0, 0, 0, 0, 0, 0, 0, 0, 0, 0, 0]",1,128,232.0,2784.0,991966354,991974858,991976080,991980304,0,85439,85439,-1,1,8504,4224,2,128,128,1
16,3,"[4, 232, 1, 3, 3, 0, 0, 0, 0, 0, 0, 0, 0, 0, 0, 4, 0, 0, 0, 0, 0, 0, 0, 0, 0, 0, 0, 0, 0, 0]",5,128,2088.0,16708.0,992056717,992064700,992065743,992069839,0,84927,84927,-1,1,7983,4096,2,128,128,1
12,3,"[4, 232, 1, 3, 3, 0, 0, 0, 0, 0, 0, 0, 0, 0, 0, 4, 232, 1, 3, 3, 0, 0, 0, 0, 0, 0, 0, 0, 0, 0]",5,128,2088.0,25056.0,992146050,992155836,992154766,992159150,0,88287,88287,-1,1,9786,4384,2,128,128,1
12,3,"[4, 232, 1, 3, 3, 0, 0, 0, 0, 0, 0, 0, 0, 0, 0, 4, 232, 1, 3, 3, 0, 0, 0, 0, 0, 0, 0, 0, 0, 0]",5,128,2088.0,25056.0,992238103,992246187,992247437,992251533,0,89087,89087,-1,1,8084,4096,2,128,128,1
16,3,"[4, 232, 0, 0, 0, 0, 0, 0, 0, 0, 0, 0, 0, 0, 0, 4, 0, 0, 0, 0, 0, 0, 0, 0, 0, 0, 0, 0, 0, 0]",1,128,232.0,1860.0,992331344,992339674,992340620,992344684,0,83167,83167,-1,1,8330,4064,2,128,128,1
12,3,"[4, 232, 0, 0, 0, 0, 0, 0, 0, 0, 0, 0, 0, 0, 0, 4, 232, 0, 0, 0, 0, 0, 0, 0, 0, 0, 0, 0, 0, 0]",1,128,232.0,2784.0,992418723,992426584,992427851,992432107,0,81887,81887,-1,1,7861,4256,2,128,128,1
12,3,"[4, 232, 0, 0, 0, 0, 0, 0, 0, 0, 0, 0, 0, 0, 0, 4, 232, 0, 0, 0, 0, 0, 0, 0, 0, 0, 0, 0, 0, 0]",1,128,232.0,2784.0,992505165,992512808,992513994,992518186,0,83103,83103,-1,1,7643,4192,2,128,128,1
16,3,"[4, 232, 0, 0, 0, 0, 0, 0, 0, 0, 0, 0, 0, 0, 0, 4, 0, 0, 0, 0, 0, 0, 0, 0, 0, 0, 0, 0, 0, 0]",1,128,232.0,1860.0,992592100,992600299,992601289,992605385,0,83007,83007,-1,1,8199,4096,2,128,128,1
12,3,"[4, 232, 0, 0, 0, 0, 0, 0, 0, 0, 0, 0, 0, 0, 0, 4, 232, 0, 0, 0, 0, 0, 0, 0, 0, 0, 0, 0, 0, 0]",1,128,232.0,2784.0,992679647,992687195,992688392,992692712,0,82527,82527,-1,1,7548,4320,2,128,128,1
12,3,"[4, 232, 0, 0, 0, 0, 0, 0, 0, 0, 0, 0, 0, 0, 0, 4, 232, 0, 0, 0, 0, 0, 0, 0, 0, 0, 0, 0, 0, 0]",1,128,232.0,2784.0,992766369,992774149,992775239,992779495,0,85215,85215,-1,1,7780,4256,2,128,128,1
16,3,"[4, 232, 232, 1, 1, 0, 0, 0, 0, 0, 0, 0, 0, 0, 0, 4, 0, 0, 0, 0, 0, 0, 0, 0, 0, 0, 0, 0, 0, 0]",106,128,53824.0,430596.0,992855696,992863735,992864710,992869958,0,82495,82495,-1,1,8039,5248,2,128,128,1
12,3,"[4, 232, 232, 1, 1, 0, 0, 0, 0, 0, 0, 0, 0, 0, 0, 4, 232, 232, 1, 1, 0, 0, 0, 0, 0, 0, 0, 0, 0, 0]",106,128,53824.0,645888.0,992943481,992951364,992952453,992958053,0,82175,82175,-1,1,7883,5600,2,128,128,1
12,3,"[4, 232, 232, 1, 1, 0, 0, 0, 0, 0, 0, 0, 0, 0, 0, 4, 232, 232, 1, 1, 0, 0, 0, 0, 0, 0, 0, 0, 0, 0]",106,128,53824.0,645888.0,993030932,993038980,993040228,993045860,0,84831,84831,-1,1,8048,5632,2,128,128,1
16,3,"[4, 232, 0, 0, 0, 0, 0, 0, 0, 0, 0, 0, 0, 0, 0, 4, 0, 0, 0, 0, 0, 0, 0, 0, 0, 0, 0, 0, 0, 0]",1,128,232.0,1860.0,993121320,993129793,993130691,993134819,0,83103,83103,-1,1,8473,4128,2,128,128,1
12,3,"[4, 232, 0, 0, 0, 0, 0, 0, 0, 0, 0, 0, 0, 0, 0, 4, 232, 0, 0, 0, 0, 0, 0, 0, 0, 0, 0, 0, 0, 0]",1,128,232.0,2784.0,993208973,993216782,993217922,993222178,0,82592,82592,-1,1,7809,4256,2,128,128,1
12,3,"[4, 232, 0, 0, 0, 0, 0, 0, 0, 0, 0, 0, 0, 0, 0, 4, 232, 0, 0, 0, 0, 0, 0, 0, 0, 0, 0, 0, 0, 0]",1,128,232.0,2784.0,993295745,993303541,993304770,993308897,0,83615,83615,-1,1,7796,4127,2,128,128,1
16,3,"[4, 232, 0, 0, 0, 0, 0, 0, 0, 0, 0, 0, 0, 0, 0, 4, 0, 0, 0, 0, 0, 0, 0, 0, 0, 0, 0, 0, 0, 0]",1,128,232.0,1860.0,993383216,993391463,993392512,993396608,0,81600,81600,-1,1,8247,4096,2,128,128,1
12,3,"[4, 232, 0, 0, 0, 0, 0, 0, 0, 0, 0, 0, 0, 0, 0, 4, 232, 0, 0, 0, 0, 0, 0, 0, 0, 0, 0, 0, 0, 0]",1,128,232.0,2784.0,993469234,993477095,993478208,993482432,0,81727,81727,-1,1,7861,4224,2,128,128,1
12,3,"[4, 232, 0, 0, 0, 0, 0, 0, 0, 0, 0, 0, 0, 0, 0, 4, 232, 0, 0, 0, 0, 0, 0, 0, 0, 0, 0, 0, 0, 0]",1,128,232.0,2784.0,993555287,993562919,993564159,993568319,0,83711,83711,-1,1,7632,4160,2,128,128,1
16,3,"[4, 232, 232, 1, 1, 0, 0, 0, 0, 0, 0, 0, 0, 0, 0, 4, 0, 0, 0, 0, 0, 0, 0, 0, 0, 0, 0, 0, 0, 0]",106,128,53824.0,430596.0,993642975,993651029,993652030,993657726,0,81983,81983,-1,1,8054,5696,2,128,128,1
12,3,"[4, 232, 232, 1, 1, 0, 0, 0, 0, 0, 0, 0, 0, 0, 0, 4, 232, 232, 1, 1, 0, 0, 0, 0, 0, 0, 0, 0, 0, 0]",106,128,53824.0,645888.0,993730827,993738819,993739709,993745373,0,82911,82911,-1,1,7992,5664,2,128,128,1
12,3,"[4, 232, 232, 1, 1, 0, 0, 0, 0, 0, 0, 0, 0, 0, 0, 4, 232, 232, 1, 1, 0, 0, 0, 0, 0, 0, 0, 0, 0, 0]",106,128,53824.0,645888.0,993819036,993827079,993828284,993833340,0,83903,83903,-1,1,8043,5056,2,128,128,1
16,3,"[4, 232, 0, 0, 0, 0, 0, 0, 0, 0, 0, 0, 0, 0, 0, 4, 0, 0, 0, 0, 0, 0, 0, 0, 0, 0, 0, 0, 0, 0]",1,128,232.0,1860.0,993907471,993916242,993917243,993921595,0,82271,82271,-1,1,8771,4352,2,128,128,1
12,3,"[4, 232, 0, 0, 0, 0, 0, 0, 0, 0, 0, 0, 0, 0, 0, 4, 232, 0, 0, 0, 0, 0, 0, 0, 0, 0, 0, 0, 0, 0]",1,128,232.0,2784.0,993995150,994002778,994003866,994008026,0,85183,85183,-1,1,7628,4160,2,128,128,1
12,3,"[4, 232, 0, 0, 0, 0, 0, 0, 0, 0, 0, 0, 0, 0, 0, 4, 232, 0, 0, 0, 0, 0, 0, 0, 0, 0, 0, 0, 0, 0]",1,128,232.0,2784.0,994083839,994091942,994093209,994097369,0,88159,88159,-1,1,8103,4160,2,128,128,1
16,3,"[4, 232, 0, 0, 0, 0, 0, 0, 0, 0, 0, 0, 0, 0, 0, 4, 0, 0, 0, 0, 0, 0, 0, 0, 0, 0, 0, 0, 0, 0]",1,128,232.0,1860.0,994175912,994184470,994185528,994189592,0,84127,84127,-1,1,8558,4064,2,128,128,1
12,3,"[4, 232, 0, 0, 0, 0, 0, 0, 0, 0, 0, 0, 0, 0, 0, 4, 232, 0, 0, 0, 0, 0, 0, 0, 0, 0, 0, 0, 0, 0]",1,128,232.0,2784.0,994264907,994272610,994273719,994277911,0,83359,83359,-1,1,7703,4192,2,128,128,1
12,3,"[4, 232, 0, 0, 0, 0, 0, 0, 0, 0, 0, 0, 0, 0, 0, 4, 232, 0, 0, 0, 0, 0, 0, 0, 0, 0, 0, 0, 0, 0]",1,128,232.0,2784.0,994351834,994360068,994361270,994365430,0,225597,225597,-1,1,8234,4160,2,128,128,1
16,3,"[4, 232, 1, 3, 3, 0, 0, 0, 0, 0, 0, 0, 0, 0, 0, 4, 0, 0, 0, 0, 0, 0, 0, 0, 0, 0, 0, 0, 0, 0]",5,128,2088.0,16708.0,994579896,994590147,994591027,994595091,0,96543,96543,-1,1,10251,4064,2,128,128,1
12,3,"[4, 232, 1, 3, 3, 0, 0, 0, 0, 0, 0, 0, 0, 0, 0, 4, 232, 1, 3, 3, 0, 0, 0, 0, 0, 0, 0, 0, 0, 0]",5,128,2088.0,25056.0,994681667,994690718,994691634,994695730,0,87551,87551,-1,1,9051,4096,2,128,128,1
12,3,"[4, 232, 1, 3, 3, 0, 0, 0, 0, 0, 0, 0, 0, 0, 0, 4, 232, 1, 3, 3, 0, 0, 0, 0, 0, 0, 0, 0, 0, 0]",5,128,2088.0,25056.0,994774090,994782142,994783281,994787409,0,83615,83615,-1,1,8052,4128,2,128,128,1
16,3,"[4, 232, 0, 0, 0, 0, 0, 0, 0, 0, 0, 0, 0, 0, 0, 4, 0, 0, 0, 0, 0, 0, 0, 0, 0, 0, 0, 0, 0, 0]",1,128,232.0,1860.0,994861683,994870097,994871024,994875153,0,83519,83519,-1,1,8414,4129,2,128,128,1
12,3,"[4, 232, 0, 0, 0, 0, 0, 0, 0, 0, 0, 0, 0, 0, 0, 4, 232, 0, 0, 0, 0, 0, 0, 0, 0, 0, 0, 0, 0, 0]",1,128,232.0,2784.0,994949419,994957277,994958672,994963024,0,83487,83487,-1,1,7858,4352,2,128,128,1
12,3,"[4, 232, 0, 0, 0, 0, 0, 0, 0, 0, 0, 0, 0, 0, 0, 4, 232, 0, 0, 0, 0, 0, 0, 0, 0, 0, 0, 0, 0, 0]",1,128,232.0,2784.0,995037679,995045328,995046511,995050703,0,84446,84446,-1,1,7649,4192,2,128,128,1
16,3,"[4, 232, 0, 0, 0, 0, 0, 0, 0, 0, 0, 0, 0, 0, 0, 4, 0, 0, 0, 0, 0, 0, 0, 0, 0, 0, 0, 0, 0, 0]",1,128,232.0,1860.0,995126026,995134105,995135149,995139245,0,86656,86656,-1,1,8079,4096,2,128,128,1
12,3,"[4, 232, 0, 0, 0, 0, 0, 0, 0, 0, 0, 0, 0, 0, 0, 4, 232, 0, 0, 0, 0, 0, 0, 0, 0, 0, 0, 0, 0, 0]",1,128,232.0,2784.0,995217086,995224808,995225901,995230061,0,83519,83519,-1,1,7722,4160,2,128,128,1
12,3,"[4, 232, 0, 0, 0, 0, 0, 0, 0, 0, 0, 0, 0, 0, 0, 4, 232, 0, 0, 0, 0, 0, 0, 0, 0, 0, 0, 0, 0, 0]",1,128,232.0,2784.0,995304807,995312369,995313580,995317708,0,85087,85087,-1,1,7562,4128,2,128,128,1
16,3,"[4, 232, 232, 1, 1, 0, 0, 0, 0, 0, 0, 0, 0, 0, 0, 4, 0, 0, 0, 0, 0, 0, 0, 0, 0, 0, 0, 0, 0, 0]",106,128,53824.0,430596.0,995393407,995401680,995402795,995408171,0,82879,82879,-1,1,8273,5376,2,128,128,1
12,3,"[4, 232, 232, 1, 1, 0, 0, 0, 0, 0, 0, 0, 0, 0, 0, 4, 232, 232, 1, 1, 0, 0, 0, 0, 0, 0, 0, 0, 0, 0]",106,128,53824.0,645888.0,995482211,995489910,995491050,995497002,0,82495,82495,-1,1,7699,5952,2,128,128,1
12,3,"[4, 232, 232, 1, 1, 0, 0, 0, 0, 0, 0, 0, 0, 0, 0, 4, 232, 232, 1, 1, 0, 0, 0, 0, 0, 0, 0, 0, 0, 0]",106,128,53824.0,645888.0,995570609,995578317,995579497,995584649,0,83807,83807,-1,1,7708,5152,2,128,128,1
16,3,"[4, 232, 0, 0, 0, 0, 0, 0, 0, 0, 0, 0, 0, 0, 0, 4, 0, 0, 0, 0, 0, 0, 0, 0, 0, 0, 0, 0, 0, 0]",1,128,232.0,1860.0,995659403,995667362,995668456,995672520,0,82591,82591,-1,1,7959,4064,2,128,128,1
12,3,"[4, 232, 0, 0, 0, 0, 0, 0, 0, 0, 0, 0, 0, 0, 0, 4, 232, 0, 0, 0, 0, 0, 0, 0, 0, 0, 0, 0, 0, 0]",1,128,232.0,2784.0,995746209,995753888,995755111,995759367,0,83647,83647,-1,1,7679,4256,2,128,128,1
12,3,"[4, 232, 0, 0, 0, 0, 0, 0, 0, 0, 0, 0, 0, 0, 0, 4, 232, 0, 0, 0, 0, 0, 0, 0, 0, 0, 0, 0, 0, 0]",1,128,232.0,2784.0,995833983,995841734,995843014,995847142,0,92991,92991,-1,1,7751,4128,2,128,128,1
16,3,"[4, 232, 0, 0, 0, 0, 0, 0, 0, 0, 0, 0, 0, 0, 0, 4, 0, 0, 0, 0, 0, 0, 0, 0, 0, 0, 0, 0, 0, 0]",1,128,232.0,1860.0,995930235,995939195,995940133,995944229,0,85759,85759,-1,1,8960,4096,2,128,128,1
12,3,"[4, 232, 0, 0, 0, 0, 0, 0, 0, 0, 0, 0, 0, 0, 0, 4, 232, 0, 0, 0, 0, 0, 0, 0, 0, 0, 0, 0, 0, 0]",1,128,232.0,2784.0,996020836,996028754,996029988,996034244,0,83423,83423,-1,1,7918,4256,2,128,128,1
12,3,"[4, 232, 0, 0, 0, 0, 0, 0, 0, 0, 0, 0, 0, 0, 0, 4, 232, 0, 0, 0, 0, 0, 0, 0, 0, 0, 0, 0, 0, 0]",1,128,232.0,2784.0,996108610,996116693,996117667,996121827,0,88383,88383,-1,1,8083,4160,2,128,128,1
16,3,"[4, 232, 232, 1, 1, 0, 0, 0, 0, 0, 0, 0, 0, 0, 0, 4, 0, 0, 0, 0, 0, 0, 0, 0, 0, 0, 0, 0, 0, 0]",106,128,53824.0,430596.0,996200577,996209281,996210210,996215778,0,89247,89247,-1,1,8704,5568,2,128,128,1
12,3,"[4, 232, 232, 1, 1, 0, 0, 0, 0, 0, 0, 0, 0, 0, 0, 4, 232, 232, 1, 1, 0, 0, 0, 0, 0, 0, 0, 0, 0, 0]",106,128,53824.0,645888.0,996295895,996303863,996305025,996310881,0,82495,82495,-1,1,7968,5856,2,128,128,1
12,3,"[4, 232, 232, 1, 1, 0, 0, 0, 0, 0, 0, 0, 0, 0, 0, 4, 232, 232, 1, 1, 0, 0, 0, 0, 0, 0, 0, 0, 0, 0]",106,128,53824.0,645888.0,996384260,996392039,996393376,996398528,0,83615,83615,-1,1,7779,5152,2,128,128,1
16,3,"[4, 232, 0, 0, 0, 0, 0, 0, 0, 0, 0, 0, 0, 0, 0, 4, 0, 0, 0, 0, 0, 0, 0, 0, 0, 0, 0, 0, 0, 0]",1,128,232.0,1860.0,996472830,996481112,996482143,996486271,0,83295,83295,-1,1,8282,4128,2,128,128,1
12,3,"[4, 232, 0, 0, 0, 0, 0, 0, 0, 0, 0, 0, 0, 0, 0, 4, 232, 0, 0, 0, 0, 0, 0, 0, 0, 0, 0, 0, 0, 0]",1,128,232.0,2784.0,996560747,996568344,996569566,996573886,0,83007,83007,-1,1,7597,4320,2,128,128,1
12,3,"[4, 232, 0, 0, 0, 0, 0, 0, 0, 0, 0, 0, 0, 0, 0, 4, 232, 0, 0, 0, 0, 0, 0, 0, 0, 0, 0, 0, 0, 0]",1,128,232.0,2784.0,996647839,996655686,996656893,996661085,0,84863,84863,-1,1,7847,4192,2,128,128,1
16,3,"[4, 232, 0, 0, 0, 0, 0, 0, 0, 0, 0, 0, 0, 0, 0, 4, 0, 0, 0, 0, 0, 0, 0, 0, 0, 0, 0, 0, 0, 0]",1,128,232.0,1860.0,996736780,996744888,996745948,996750044,0,82207,82207,-1,1,8108,4096,2,128,128,1
12,3,"[4, 232, 0, 0, 0, 0, 0, 0, 0, 0, 0, 0, 0, 0, 0, 4, 232, 0, 0, 0, 0, 0, 0, 0, 0, 0, 0, 0, 0, 0]",1,128,232.0,2784.0,996823433,996831062,996832251,996836539,0,82335,82335,-1,1,7629,4288,2,128,128,1
12,3,"[4, 232, 0, 0, 0, 0, 0, 0, 0, 0, 0, 0, 0, 0, 0, 4, 232, 0, 0, 0, 0, 0, 0, 0, 0, 0, 0, 0, 0, 0]",1,128,232.0,2784.0,996909922,996917684,996918874,996923098,0,84735,84735,-1,1,7762,4224,2,128,128,1
16,3,"[4, 232, 1, 3, 3, 0, 0, 0, 0, 0, 0, 0, 0, 0, 0, 4, 0, 0, 0, 0, 0, 0, 0, 0, 0, 0, 0, 0, 0, 0]",5,128,2088.0,16708.0,996998667,997006970,997007833,997011961,0,83871,83871,-1,1,8303,4128,2,128,128,1
12,3,"[4, 232, 1, 3, 3, 0, 0, 0, 0, 0, 0, 0, 0, 0, 0, 4, 232, 1, 3, 3, 0, 0, 0, 0, 0, 0, 0, 0, 0, 0]",5,128,2088.0,25056.0,997087180,997096411,997095832,997100088,0,87200,87200,-1,1,9231,4256,2,128,128,1
12,3,"[4, 232, 1, 3, 3, 0, 0, 0, 0, 0, 0, 0, 0, 0, 0, 4, 232, 1, 3, 3, 0, 0, 0, 0, 0, 0, 0, 0, 0, 0]",5,128,2088.0,25056.0,997178101,997186333,997187288,997191447,0,85759,85759,-1,1,8232,4159,2,128,128,1
16,3,"[4, 232, 0, 0, 0, 0, 0, 0, 0, 0, 0, 0, 0, 0, 0, 4, 0, 0, 0, 0, 0, 0, 0, 0, 0, 0, 0, 0, 0, 0]",1,128,232.0,1860.0,997267992,997276143,997277206,997281206,0,84383,84383,-1,1,8151,4000,2,128,128,1
12,3,"[4, 232, 0, 0, 0, 0, 0, 0, 0, 0, 0, 0, 0, 0, 0, 4, 232, 0, 0, 0, 0, 0, 0, 0, 0, 0, 0, 0, 0, 0]",1,128,232.0,2784.0,997356462,997364316,997365589,997369813,0,82495,82495,-1,1,7854,4224,2,128,128,1
12,3,"[4, 232, 0, 0, 0, 0, 0, 0, 0, 0, 0, 0, 0, 0, 0, 4, 232, 0, 0, 0, 0, 0, 0, 0, 0, 0, 0, 0, 0, 0]",1,128,232.0,2784.0,997443477,997451179,997452308,997456500,0,84448,84448,-1,1,7702,4192,2,128,128,1
16,3,"[4, 232, 0, 0, 0, 0, 0, 0, 0, 0, 0, 0, 0, 0, 0, 4, 0, 0, 0, 0, 0, 0, 0, 0, 0, 0, 0, 0, 0, 0]",1,128,232.0,1860.0,997531586,997539948,997540948,997544979,0,84607,84607,-1,1,8362,4031,2,128,128,1
12,3,"[4, 232, 0, 0, 0, 0, 0, 0, 0, 0, 0, 0, 0, 0, 0, 4, 232, 0, 0, 0, 0, 0, 0, 0, 0, 0, 0, 0, 0, 0]",1,128,232.0,2784.0,997620425,997628413,997629586,997633810,0,83552,83552,-1,1,7988,4224,2,128,128,1
12,3,"[4, 232, 0, 0, 0, 0, 0, 0, 0, 0, 0, 0, 0, 0, 0, 4, 232, 0, 0, 0, 0, 0, 0, 0, 0, 0, 0, 0, 0, 0]",1,128,232.0,2784.0,997708279,997716072,997717362,997721682,0,84255,84255,-1,1,7793,4320,2,128,128,1
16,3,"[4, 232, 232, 1, 1, 0, 0, 0, 0, 0, 0, 0, 0, 0, 0, 4, 0, 0, 0, 0, 0, 0, 0, 0, 0, 0, 0, 0, 0, 0]",106,128,53824.0,430596.0,997796921,997804763,997805937,997811344,0,82623,82623,-1,1,7842,5407,2,128,128,1
12,3,"[4, 232, 232, 1, 1, 0, 0, 0, 0, 0, 0, 0, 0, 0, 0, 4, 232, 232, 1, 1, 0, 0, 0, 0, 0, 0, 0, 0, 0, 0]",106,128,53824.0,645888.0,997885023,997892790,997893967,997899920,0,83775,83775,-1,1,7767,5953,2,128,128,1
12,3,"[4, 232, 232, 1, 1, 0, 0, 0, 0, 0, 0, 0, 0, 0, 0, 4, 232, 232, 1, 1, 0, 0, 0, 0, 0, 0, 0, 0, 0, 0]",106,128,53824.0,645888.0,997974919,997982436,997983695,997988911,0,82015,82015,-1,1,7517,5216,2,128,128,1
16,3,"[4, 232, 0, 0, 0, 0, 0, 0, 0, 0, 0, 0, 0, 0, 0, 4, 0, 0, 0, 0, 0, 0, 0, 0, 0, 0, 0, 0, 0, 0]",1,128,232.0,1860.0,998061887,998071971,998070926,998075021,0,88896,88896,-1,1,10084,4095,2,128,128,1
12,3,"[4, 232, 0, 0, 0, 0, 0, 0, 0, 0, 0, 0, 0, 0, 0, 4, 232, 0, 0, 0, 0, 0, 0, 0, 0, 0, 0, 0, 0, 0]",1,128,232.0,2784.0,998154753,998162735,998163917,998168204,0,221086,221086,-1,1,7982,4287,2,128,128,1
12,3,"[4, 232, 0, 0, 0, 0, 0, 0, 0, 0, 0, 0, 0, 0, 0, 4, 232, 0, 0, 0, 0, 0, 0, 0, 0, 0, 0, 0, 0, 0]",1,128,232.0,2784.0,998378152,998388382,998389290,998393450,0,97183,97183,-1,1,10230,4160,2,128,128,1
16,3,"[4, 232, 0, 0, 0, 0, 0, 0, 0, 0, 0, 0, 0, 0, 0, 4, 0, 0, 0, 0, 0, 0, 0, 0, 0, 0, 0, 0, 0, 0]",1,128,232.0,1860.0,998480506,998489918,998490633,998494729,0,86207,86207,-1,1,9412,4096,2,128,128,1
12,3,"[4, 232, 0, 0, 0, 0, 0, 0, 0, 0, 0, 0, 0, 0, 0, 4, 232, 0, 0, 0, 0, 0, 0, 0, 0, 0, 0, 0, 0, 0]",1,128,232.0,2784.0,998571663,998579726,998580936,998585192,0,85023,85023,-1,1,8063,4256,2,128,128,1
12,3,"[4, 232, 0, 0, 0, 0, 0, 0, 0, 0, 0, 0, 0, 0, 0, 4, 232, 0, 0, 0, 0, 0, 0, 0, 0, 0, 0, 0, 0, 0]",1,128,232.0,2784.0,998661268,998668877,998670215,998674471,0,86687,86687,-1,1,7609,4256,2,128,128,1
16,3,"[4, 1024, 464, 1, 1, 0, 0, 0, 0, 0, 0, 0, 0, 0, 0, 4, 0, 0, 0, 0, 0, 0, 0, 0, 0, 0, 0, 0, 0, 0]",928,128,475136.0,3801092.0,998752110,998760137,998761158,998778118,0,71487,71487,-1,1,8027,16960,2,128,128,1
12,3,"[4, 1024, 464, 1, 1, 0, 0, 0, 0, 0, 0, 0, 0, 0, 0, 4, 1024, 464, 1, 1, 0, 0, 0, 0, 0, 0, 0, 0, 0, 0]",928,128,475136.0,5701632.0,998840607,998848450,998849605,998862629,0,75551,75551,-1,1,7843,13024,2,128,128,1
12,3,"[4, 1024, 464, 1, 1, 0, 0, 0, 0, 0, 0, 0, 0, 0, 0, 4, 1024, 464, 1, 1, 0, 0, 0, 0, 0, 0, 0, 0, 0, 0]",928,128,475136.0,5701632.0,998929232,998936919,998938180,998954852,0,72032,72032,-1,1,7687,16672,2,128,128,1
16,3,"[4, 1024, 0, 0, 0, 0, 0, 0, 0, 0, 0, 0, 0, 0, 0, 4, 0, 0, 0, 0, 0, 0, 0, 0, 0, 0, 0, 0, 0, 0]",2,128,1024.0,8196.0,999017663,999025835,999026884,999031363,0,84447,84447,-1,1,8172,4479,2,128,128,1
12,3,"[4, 1024, 0, 0, 0, 0, 0, 0, 0, 0, 0, 0, 0, 0, 0, 4, 1024, 0, 0, 0, 0, 0, 0, 0, 0, 0, 0, 0, 0, 0]",2,128,1024.0,12288.0,999106414,999114662,999115810,999120130,0,82911,82911,-1,1,8248,4320,2,128,128,1
12,3,"[4, 1024, 0, 0, 0, 0, 0, 0, 0, 0, 0, 0, 0, 0, 0, 4, 1024, 0, 0, 0, 0, 0, 0, 0, 0, 0, 0, 0, 0, 0]",2,128,1024.0,12288.0,999193706,999204008,999203041,999207297,0,87232,87232,-1,1,10302,4256,2,128,128,1
16,3,"[4, 1024, 0, 0, 0, 0, 0, 0, 0, 0, 0, 0, 0, 0, 0, 4, 0, 0, 0, 0, 0, 0, 0, 0, 0, 0, 0, 0, 0, 0]",2,128,1024.0,8196.0,999285313,999293614,999294529,999298593,0,82655,82655,-1,1,8301,4064,2,128,128,1
12,3,"[4, 1024, 0, 0, 0, 0, 0, 0, 0, 0, 0, 0, 0, 0, 0, 4, 1024, 0, 0, 0, 0, 0, 0, 0, 0, 0, 0, 0, 0, 0]",2,128,1024.0,12288.0,999371980,999379612,999381248,999385503,0,83103,83103,-1,1,7632,4255,2,128,128,1
12,3,"[4, 1024, 0, 0, 0, 0, 0, 0, 0, 0, 0, 0, 0, 0, 0, 4, 1024, 0, 0, 0, 0, 0, 0, 0, 0, 0, 0, 0, 0, 0]",2,128,1024.0,12288.0,999459562,999467397,999468606,999472735,0,85183,85183,-1,1,7835,4129,2,128,128,1
16,3,"[4, 92, 1024, 0, 0, 0, 0, 0, 0, 0, 0, 0, 0, 0, 0, 4, 0, 0, 0, 0, 0, 0, 0, 0, 0, 0, 0, 0, 0, 0]",184,128,94208.0,753668.0,999548282,999556297,999557918,999564765,0,79328,79328,-1,1,8015,6847,2,128,128,1
12,3,"[4, 92, 1024, 0, 0, 0, 0, 0, 0, 0, 0, 0, 0, 0, 0, 4, 92, 1024, 0, 0, 0, 0, 0, 0, 0, 0, 0, 0, 0, 0]",184,128,94208.0,1130496.0,999635772,999643161,999644093,999650652,0,81440,81440,-1,1,7389,6559,2,128,128,1
12,3,"[4, 92, 1024, 0, 0, 0, 0, 0, 0, 0, 0, 0, 0, 0, 0, 4, 92, 1024, 0, 0, 0, 0, 0, 0, 0, 0, 0, 0, 0, 0]",184,128,94208.0,1130496.0,999723522,999730990,999732092,999738012,0,83743,83743,-1,1,7468,5920,2,128,128,1
16,3,"[4, 92, 0, 0, 0, 0, 0, 0, 0, 0, 0, 0, 0, 0, 0, 4, 0, 0, 0, 0, 0, 0, 0, 0, 0, 0, 0, 0, 0, 0]",1,128,92.0,740.0,999812855,999820828,999821755,999825755,0,90686,90686,-1,1,7973,4000,2,128,128,1
12,3,"[4, 92, 0, 0, 0, 0, 0, 0, 0, 0, 0, 0, 0, 0, 0, 4, 92, 0, 0, 0, 0, 0, 0, 0, 0, 0, 0, 0, 0, 0]",1,128,92.0,1104.0,999906912,999915256,999916441,999920602,0,83615,83615,-1,1,8344,4161,2,128,128,1
12,3,"[4, 92, 0, 0, 0, 0, 0, 0, 0, 0, 0, 0, 0, 0, 0, 4, 92, 0, 0, 0, 0, 0, 0, 0, 0, 0, 0, 0, 0, 0]",1,128,92.0,1104.0,999995583,1000003258,1000004217,1000008313,0,0,0,-1,1,7675,4096,2,128,128,1
