op,dir,params,grid,block,flops,bytes,rStartTime,rEndTime,kStartTime,kEndTime,staticSharedMemory,space,space1,seq,kernels,rduration,kduration,batch,h,w,input_type
203,1,"[512, 3, 64, 64, 64, 64, 64, 3, 3, 1, 1, 1, 1, 1, 1, 1, 8, 0, 0, 0, 0, 0, 0, 0, 0, 0, 0, 0, 0, 0]",524288,128,0,0,86156037,86263890,86195575,132305761,4352,95007,94239,148694,2,57264,46109418,512,64,64,3
205,1,"[4, 0, 0, 0, 0, 0, 0, 0, 0, 0, 0, 0, 0, 0, 0, 4, 0, 0, 0, 0, 0, 0, 0, 0, 0, 0, 0, 0, 0, 0]",64,512,1073741824,4294967296,132387337,132788307,132400000,161217119,272,384635,800,148695,2,39775,28433284,512,64,64,3
152,1,"[8, 512, 64, 64, 64, 0, 0, 0, 0, 0, 0, 0, 0, 0, 0, 0, 0, 0, 0, 0, 0, 0, 0, 0, 0, 0, 0, 0, 0, 0]",262144,128,134217728,2147483648,133003988,133020633,161217919,170297840,0,864,864,148696,1,16645,9079921,512,64,64,3
203,1,"[512, 64, 64, 64, 64, 64, 64, 3, 3, 1, 1, 1, 1, 1, 1, 1, 8, 0, 0, 0, 0, 0, 0, 0, 0, 0, 0, 0, 0, 0]",524288,128,0,0,133305559,133359445,170298704,830222131,4352,75647,74975,148697,2,24237,659922755,512,64,64,3
205,1,"[4, 0, 0, 0, 0, 0, 0, 0, 0, 0, 0, 0, 0, 0, 0, 4, 0, 0, 0, 0, 0, 0, 0, 0, 0, 0, 0, 0, 0, 0]",64,512,1073741824,4294967296,830284857,830749847,830297106,856602192,272,450171,800,148698,2,27909,25855715,512,64,64,3
152,1,"[8, 512, 64, 64, 64, 0, 0, 0, 0, 0, 0, 0, 0, 0, 0, 0, 0, 0, 0, 0, 0, 0, 0, 0, 0, 0, 0, 0, 0, 0]",262144,128,134217728,2147483648,830936297,830952100,856602992,865747712,0,832,832,148699,1,15803,9144720,512,64,64,3
183,1,"[8, 512, 64, 64, 64, 0, 0, 0, 0, 0, 0, 0, 0, 0, 0, 0, 0, 0, 0, 0, 0, 0, 0, 0, 0, 0, 0, 0, 0, 0]",131072,256,0,0,831177750,831193666,865748544,872288176,0,735,735,148700,1,15916,6539632,512,64,64,3
203,1,"[512, 64, 32, 32, 128, 32, 32, 3, 3, 1, 1, 1, 1, 1, 1, 1, 8, 0, 0, 0, 0, 0, 0, 0, 0, 0, 0, 0, 0, 0]",262144,256,0,0,831434524,831489108,872288911,1502401185,18688,91743,90815,148701,2,26444,630111346,512,64,64,3
205,1,"[4, 0, 0, 0, 0, 0, 0, 0, 0, 0, 0, 0, 0, 0, 0, 4, 0, 0, 0, 0, 0, 0, 0, 0, 0, 0, 0, 0, 0, 0]",128,512,536870912,2147483648,1502479757,1502823270,1502492000,1515800861,272,328604,736,148702,2,27677,12980993,512,64,64,3
152,1,"[8, 512, 128, 32, 32, 0, 0, 0, 0, 0, 0, 0, 0, 0, 0, 0, 0, 0, 0, 0, 0, 0, 0, 0, 0, 0, 0, 0, 0, 0]",131072,128,67108864,1073741824,1503023490,1503038866,1515801597,1520409636,0,672,672,148703,1,15376,4608039,512,64,64,3
203,1,"[512, 128, 32, 32, 128, 32, 32, 3, 3, 1, 1, 1, 1, 1, 1, 1, 8, 0, 0, 0, 0, 0, 0, 0, 0, 0, 0, 0, 0, 0]",262144,256,0,0,1503298980,1503355976,1520410308,2753098197,18688,97375,96383,148704,2,24675,1232686897,512,64,64,3
205,1,"[4, 0, 0, 0, 0, 0, 0, 0, 0, 0, 0, 0, 0, 0, 0, 4, 0, 0, 0, 0, 0, 0, 0, 0, 0, 0, 0, 0, 0, 0]",128,512,536870912,2147483648,2753177553,2753526029,2753194580,2766266615,272,328860,704,148705,2,31779,12743879,512,64,64,3
152,1,"[8, 512, 128, 32, 32, 0, 0, 0, 0, 0, 0, 0, 0, 0, 0, 0, 0, 0, 0, 0, 0, 0, 0, 0, 0, 0, 0, 0, 0, 0]",131072,128,67108864,1073741824,2753726233,2753739348,2766267319,2770887712,0,544,544,148706,1,13115,4620393,512,64,64,3
183,1,"[8, 512, 128, 32, 32, 0, 0, 0, 0, 0, 0, 0, 0, 0, 0, 0, 0, 0, 0, 0, 0, 0, 0, 0, 0, 0, 0, 0, 0, 0]",65536,256,0,0,2753966195,2753979848,2770888256,2774213560,0,704,704,148707,1,13653,3325304,512,64,64,3
203,1,"[512, 128, 16, 16, 256, 16, 16, 3, 3, 1, 1, 1, 1, 1, 1, 1, 8, 0, 0, 0, 0, 0, 0, 0, 0, 0, 0, 0, 0, 0]",131072,256,0,0,2754234970,2754287895,2774214264,3098956874,18688,88127,87519,148708,2,23222,324742002,512,64,64,3
205,1,"[4, 0, 0, 0, 0, 0, 0, 0, 0, 0, 0, 0, 0, 0, 0, 4, 0, 0, 0, 0, 0, 0, 0, 0, 0, 0, 0, 0, 0, 0]",256,512,268435456,1073741824,3099032251,3099372602,3099044393,3105027777,272,322268,608,148709,2,29982,5661724,512,64,64,3
152,1,"[8, 512, 256, 16, 16, 0, 0, 0, 0, 0, 0, 0, 0, 0, 0, 0, 0, 0, 0, 0, 0, 0, 0, 0, 0, 0, 0, 0, 0, 0]",65536,128,33554432,536870912,3099574356,3099587744,3105028385,3107337253,0,609,609,148710,1,13388,2308868,512,64,64,3
203,1,"[512, 256, 16, 16, 256, 16, 16, 3, 3, 1, 1, 1, 1, 1, 1, 1, 8, 0, 0, 0, 0, 0, 0, 0, 0, 0, 0, 0, 0, 0]",131072,256,0,0,3099845527,3099896858,3107337862,3746980415,18688,71615,71007,148711,2,22390,639641945,512,64,64,3
205,1,"[4, 0, 0, 0, 0, 0, 0, 0, 0, 0, 0, 0, 0, 0, 0, 4, 0, 0, 0, 0, 0, 0, 0, 0, 0, 0, 0, 0, 0, 0]",256,512,268435456,1073741824,3747039312,3747370444,3747051422,3753036918,272,316156,672,148712,2,26474,5670012,512,64,64,3
152,1,"[8, 512, 256, 16, 16, 0, 0, 0, 0, 0, 0, 0, 0, 0, 0, 0, 0, 0, 0, 0, 0, 0, 0, 0, 0, 0, 0, 0, 0, 0]",65536,128,33554432,536870912,3747564640,3747576861,3753037590,3755341275,0,608,608,148713,1,12221,2303685,512,64,64,3
203,1,"[512, 256, 16, 16, 256, 16, 16, 3, 3, 1, 1, 1, 1, 1, 1, 1, 8, 0, 0, 0, 0, 0, 0, 0, 0, 0, 0, 0, 0, 0]",131072,256,0,0,3747824530,3747875839,3755341883,4395172078,18688,87871,87263,148714,2,21923,639829587,512,64,64,3
205,1,"[4, 0, 0, 0, 0, 0, 0, 0, 0, 0, 0, 0, 0, 0, 0, 4, 0, 0, 0, 0, 0, 0, 0, 0, 0, 0, 0, 0, 0, 0]",256,512,268435456,1073741824,4395247088,4395712263,4395259341,4401354754,272,450203,640,148715,2,27186,5645850,512,64,64,3
152,1,"[8, 512, 256, 16, 16, 0, 0, 0, 0, 0, 0, 0, 0, 0, 0, 0, 0, 0, 0, 0, 0, 0, 0, 0, 0, 0, 0, 0, 0, 0]",65536,128,33554432,536870912,4395911754,4395924820,4401355394,4403660007,0,575,575,148716,1,13066,2304613,512,64,64,3
183,1,"[8, 512, 256, 16, 16, 0, 0, 0, 0, 0, 0, 0, 0, 0, 0, 0, 0, 0, 0, 0, 0, 0, 0, 0, 0, 0, 0, 0, 0, 0]",32768,256,0,0,4396140928,4396153859,4403660582,4405348114,0,704,704,148717,1,12931,1687532,512,64,64,3
203,1,"[512, 256, 8, 8, 512, 8, 8, 3, 3, 1, 1, 1, 1, 1, 1, 1, 8, 0, 0, 0, 0, 0, 0, 0, 0, 0, 0, 0, 0, 0]",65536,256,0,0,4396412982,4396461548,4405348818,4730395974,18688,89311,88671,148718,2,20993,325046516,512,64,64,3
205,1,"[4, 0, 0, 0, 0, 0, 0, 0, 0, 0, 0, 0, 0, 0, 0, 4, 0, 0, 0, 0, 0, 0, 0, 0, 0, 0, 0, 0, 0, 0]",512,512,134217728,536870912,4730472569,4730796645,4730484645,4733568992,272,309596,736,148719,2,25848,2775487,512,64,64,3
152,1,"[8, 512, 512, 8, 8, 0, 0, 0, 0, 0, 0, 0, 0, 0, 0, 0, 0, 0, 0, 0, 0, 0, 0, 0, 0, 0, 0, 0, 0, 0]",32768,128,16777216,268435456,4730987750,4731000669,4733569728,4734719122,0,736,736,148720,1,12919,1149394,512,64,64,3
203,1,"[512, 512, 8, 8, 512, 8, 8, 3, 3, 1, 1, 1, 1, 1, 1, 1, 8, 0, 0, 0, 0, 0, 0, 0, 0, 0, 0, 0, 0, 0]",65536,256,0,0,4731246546,4731297699,4734719858,5375822537,18688,98271,97663,148721,2,22535,641102071,512,64,64,3
205,1,"[4, 0, 0, 0, 0, 0, 0, 0, 0, 0, 0, 0, 0, 0, 0, 4, 0, 0, 0, 0, 0, 0, 0, 0, 0, 0, 0, 0, 0, 0]",512,512,134217728,536870912,5375907876,5376231845,5375920200,5378973474,272,309310,641,148722,2,25775,2744605,512,64,64,3
152,1,"[8, 512, 512, 8, 8, 0, 0, 0, 0, 0, 0, 0, 0, 0, 0, 0, 0, 0, 0, 0, 0, 0, 0, 0, 0, 0, 0, 0, 0, 0]",32768,128,16777216,268435456,5376421517,5376434280,5378974115,5380128149,0,639,639,148723,1,12763,1154034,512,64,64,3
203,1,"[512, 512, 8, 8, 512, 8, 8, 3, 3, 1, 1, 1, 1, 1, 1, 1, 8, 0, 0, 0, 0, 0, 0, 0, 0, 0, 0, 0, 0, 0]",65536,256,0,0,5376680570,5376730528,5380128788,6022649882,18688,89310,88574,148724,2,21875,642520358,512,64,64,3
205,1,"[4, 0, 0, 0, 0, 0, 0, 0, 0, 0, 0, 0, 0, 0, 0, 4, 0, 0, 0, 0, 0, 0, 0, 0, 0, 0, 0, 0, 0, 0]",512,512,134217728,536870912,6022726096,6023049448,6022738456,6025787988,272,308829,736,148725,2,25698,2741439,512,64,64,3
152,1,"[8, 512, 512, 8, 8, 0, 0, 0, 0, 0, 0, 0, 0, 0, 0, 0, 0, 0, 0, 0, 0, 0, 0, 0, 0, 0, 0, 0, 0, 0]",32768,128,16777216,268435456,6023241262,6023253630,6025788724,6026945893,0,641,641,148726,1,12368,1157169,512,64,64,3
183,1,"[8, 512, 512, 8, 8, 0, 0, 0, 0, 0, 0, 0, 0, 0, 0, 0, 0, 0, 0, 0, 0, 0, 0, 0, 0, 0, 0, 0, 0, 0]",16384,256,0,0,6023469340,6023481993,6026946534,6027799003,0,704,704,148727,1,12653,852469,512,64,64,3
203,1,"[512, 512, 4, 4, 512, 4, 4, 3, 3, 1, 1, 1, 1, 1, 1, 1, 8, 0, 0, 0, 0, 0, 0, 0, 0, 0, 0, 0, 0, 0]",16384,256,0,0,6023730666,6023781660,6027799707,6189496653,18688,69183,68575,148728,2,21908,161696338,512,64,64,3
205,1,"[4, 0, 0, 0, 0, 0, 0, 0, 0, 0, 0, 0, 0, 0, 0, 4, 0, 0, 0, 0, 0, 0, 0, 0, 0, 0, 0, 0, 0, 0]",512,512,33554432,134217728,6189553869,6189874053,6189565228,6191093242,272,306523,735,148729,2,24622,1222226,512,64,64,3
152,1,"[8, 512, 512, 4, 4, 0, 0, 0, 0, 0, 0, 0, 0, 0, 0, 0, 0, 0, 0, 0, 0, 0, 0, 0, 0, 0, 0, 0, 0, 0]",8192,128,4194304,67108864,6190065550,6190078114,6191093977,6191384246,0,608,608,148730,1,12564,290269,512,64,64,3
203,1,"[512, 512, 4, 4, 512, 4, 4, 3, 3, 1, 1, 1, 1, 1, 1, 1, 8, 0, 0, 0, 0, 0, 0, 0, 0, 0, 0, 0, 0, 0]",16384,256,0,0,6190323977,6190374763,6191384854,6350671589,18688,85599,84959,148731,2,22390,159286095,512,64,64,3
205,1,"[4, 0, 0, 0, 0, 0, 0, 0, 0, 0, 0, 0, 0, 0, 0, 4, 0, 0, 0, 0, 0, 0, 0, 0, 0, 0, 0, 0, 0, 0]",512,512,33554432,134217728,6350745001,6351064286,6350756548,6352281809,272,305532,608,148732,2,24079,1220337,512,64,64,3
152,1,"[8, 512, 512, 4, 4, 0, 0, 0, 0, 0, 0, 0, 0, 0, 0, 0, 0, 0, 0, 0, 0, 0, 0, 0, 0, 0, 0, 0, 0, 0]",8192,128,4194304,67108864,6351394448,6351408329,6352282417,6352574318,0,704,704,148733,1,13881,291901,512,64,64,3
203,1,"[512, 512, 4, 4, 512, 4, 4, 3, 3, 1, 1, 1, 1, 1, 1, 1, 8, 0, 0, 0, 0, 0, 0, 0, 0, 0, 0, 0, 0, 0]",16384,256,0,0,6351660792,6351712930,6352575022,6512960911,18688,84000,83264,148734,2,23157,160385153,512,64,64,3
205,1,"[4, 0, 0, 0, 0, 0, 0, 0, 0, 0, 0, 0, 0, 0, 0, 4, 0, 0, 0, 0, 0, 0, 0, 0, 0, 0, 0, 0, 0, 0]",512,512,33554432,134217728,6513032425,6513354218,6513044175,6514575388,272,307581,608,148735,2,24802,1224240,512,64,64,3
152,1,"[8, 512, 512, 4, 4, 0, 0, 0, 0, 0, 0, 0, 0, 0, 0, 0, 0, 0, 0, 0, 0, 0, 0, 0, 0, 0, 0, 0, 0, 0]",8192,128,4194304,67108864,6513543892,6513556269,6514575996,6514866105,0,639,639,148736,1,12377,290109,512,64,64,3
183,1,"[8, 512, 512, 4, 4, 0, 0, 0, 0, 0, 0, 0, 0, 0, 0, 0, 0, 0, 0, 0, 0, 0, 0, 0, 0, 0, 0, 0, 0, 0]",4096,256,0,0,6513770936,6513785822,6514866744,6515072822,0,576,576,148737,1,14886,206078,512,64,64,3
199,1,"[8, 512, 512, 2, 2, 0, 0, 0, 0, 0, 0, 0, 0, 0, 0, 0, 0, 0, 0, 0, 0, 0, 0, 0, 0, 0, 0, 0, 0, 0]",262144,256,0,0,6513925209,6513939244,6515073398,6524464068,0,767,767,148738,1,14035,9390670,512,64,64,3
201,1,"[8, 512, 25088, 0, 0, 0, 0, 0, 0, 0, 8, 4096, 25088, 0, 0, 0, 0, 0, 0, 0, 8, 4096, 0, 0, 0, 0, 0, 0, 0, 0]",256,128,105226698752,207618048,6514235500,6514252432,6524464835,7016574756,25600,639,639,148740,1,16932,492109921,512,64,64,3
152,1,"[8, 512, 4096, 0, 0, 0, 0, 0, 0, 0, 0, 0, 0, 0, 0, 0, 0, 0, 0, 0, 0, 0, 0, 0, 0, 0, 0, 0, 0, 0]",4096,128,2097152,33554432,6514434968,6514446874,7016575395,7016716194,0,576,576,148742,1,11906,140799,512,64,64,3
212,1,"[8, 512, 4096, 0, 0, 0, 0, 0, 0, 0, 0, 0, 0, 0, 0, 0, 0, 0, 0, 0, 0, 0, 0, 0, 0, 0, 0, 0, 0, 0]",160,256,10485760,33554432,6514603794,6514616698,7016716770,7016922303,0,736,736,148743,1,12904,205533,512,64,64,3
201,1,"[8, 512, 4096, 0, 0, 0, 0, 0, 0, 0, 8, 4096, 4096, 0, 0, 0, 0, 0, 0, 0, 8, 4096, 0, 0, 0, 0, 0, 0, 0, 0]",256,128,17179869184,35651584,6514771887,6514784042,7016923039,7093833272,25600,768,768,148744,1,12155,76910233,512,64,64,3
152,1,"[8, 512, 4096, 0, 0, 0, 0, 0, 0, 0, 0, 0, 0, 0, 0, 0, 0, 0, 0, 0, 0, 0, 0, 0, 0, 0, 0, 0, 0, 0]",4096,128,2097152,33554432,6514957060,6514968193,7093834040,7093974006,0,672,672,148746,1,11133,139966,512,64,64,3
212,1,"[8, 512, 4096, 0, 0, 0, 0, 0, 0, 0, 0, 0, 0, 0, 0, 0, 0, 0, 0, 0, 0, 0, 0, 0, 0, 0, 0, 0, 0, 0]",160,256,10485760,33554432,6515100592,6515111214,7093974678,7094180532,0,3040,3040,148747,1,10622,205854,512,64,64,3
201,1,"[8, 512, 4096, 0, 0, 0, 0, 0, 0, 0, 8, 666, 4096, 0, 0, 0, 0, 0, 0, 0, 8, 666, 0, 0, 0, 0, 0, 0, 0, 0]",176,64,2793406464,19846144,6515269525,6515280106,7094183572,7108518789,17408,704,704,148748,1,10581,14335217,512,64,64,3
181,1,"[8, 512, 666, 0, 0, 0, 0, 0, 0, 0, 0, 0, 0, 0, 0, 4, 512, 666, 0, 0, 0, 0, 0, 0, 0, 0, 0, 0, 0, 0]",666,512,0,0,6515419727,6515586214,7108519493,7108713219,16,533339,528218,148750,5,51881,188605,512,64,64,3
181,2,"[8, 512, 666, 0, 0, 0, 0, 0, 0, 0, 0, 0, 0, 0, 0, 4, 512, 666, 0, 0, 0, 0, 0, 0, 0, 0, 0, 0, 0, 0]",666,256,0,0,7109216236,7109419451,7109241437,7109500890,0,25861221,25707559,148750,4,58996,105791,512,64,64,3
212,2,"[8, 512, 4096, 0, 0, 0, 0, 0, 0, 0, 0, 0, 0, 0, 0, 0, 0, 0, 0, 0, 0, 0, 0, 0, 0, 0, 0, 0, 0, 0]",4096,128,10485760,33554432,7109745540,7109753128,7135208449,7135418559,0,639,639,148747,1,7588,210110,512,64,64,3
152,2,"[8, 512, 4096, 0, 0, 0, 0, 0, 0, 0, 0, 0, 0, 0, 0, 0, 0, 0, 0, 0, 0, 0, 0, 0, 0, 0, 0, 0, 0, 0]",4096,128,2097152,50331648,7109786708,7109795078,7135419198,7135665371,0,147466975,147466975,148746,1,8370,246173,512,64,64,3
212,2,"[8, 512, 4096, 0, 0, 0, 0, 0, 0, 0, 0, 0, 0, 0, 0, 0, 0, 0, 0, 0, 0, 0, 0, 0, 0, 0, 0, 0, 0, 0]",4096,128,10485760,33554432,7110034605,7110040793,7283132346,7283340088,0,672,672,148743,1,6188,207742,512,64,64,3
152,2,"[8, 512, 4096, 0, 0, 0, 0, 0, 0, 0, 0, 0, 0, 0, 0, 0, 0, 0, 0, 0, 0, 0, 0, 0, 0, 0, 0, 0, 0, 0]",4096,128,2097152,50331648,7110066269,7110072572,7283340760,7283586197,0,0,0,148742,1,6303,245437,512,64,64,3
