op,dir,params,grid,block,flops,bytes,rStartTime,rEndTime,kStartTime,kEndTime,staticSharedMemory,space,space1,seq,kernels,rduration,kduration,batch,h,w,input_type
203,1,"[256, 3, 128, 128, 96, 32, 32, 4, 4, 0, 0, 4, 4, 1, 1, 1, 2, 0, 0, 0, 0, 0, 0, 0, 0, 0, 0, 0, 0, 0]",49152,256,2415919104.0,75506688.0,965912239,965980598,972225680,972781740,16384,2880,672,565664,3,30440,553852,256,128,128,2
0,1,"[2, 256, 32, 32, 96, 0, 0, 0, 0, 0, 2, 96, 0, 0, 0, 0, 0, 0, 0, 0, 2, 96, 0, 0, 0, 0, 0, 0, 0, 0]",262144,128,0.0,0.0,966330748,966374131,972782412,974306433,0,1792,320,565666,2,19620,1522549,256,128,128,2
203,1,"[256, 96, 32, 32, 96, 32, 32, 7, 7, 3, 3, 1, 1, 1, 1, 96, 2, 0, 0, 0, 0, 0, 0, 0, 0, 0, 0, 0, 0, 0]",49152,128,0.0,0.0,966657982,966707675,974306753,975147290,0,641,640,565668,2,21853,840536,256,128,128,2
0,1,"[2, 256, 32, 32, 96, 0, 0, 0, 0, 0, 2, 96, 0, 0, 0, 0, 0, 0, 0, 0, 2, 96, 0, 0, 0, 0, 0, 0, 0, 0]",262144,128,0.0,0.0,967028938,967041082,975147930,976211058,0,1,1,565670,1,12144,1063128,256,128,128,2
201,1,"[2, 256, 32, 32, 96, 0, 0, 0, 0, 0, 2, 384, 96, 0, 0, 0, 0, 0, 0, 0, 2, 384, 0, 0, 0, 0, 0, 0, 0, 0]",6144,128,19327352832.0,151031808.0,967215439,967237589,976211059,976753774,32768,1,1,565671,1,22150,542715,256,128,128,2
201,1,"[2, 256, 32, 32, 96, 0, 0, 0, 0, 0, 2, 384, 96, 0, 0, 0, 0, 0, 0, 0, 2, 384, 0, 0, 0, 0, 0, 0, 0, 0]",196608,128,100663296.0,402653184.0,967263853,967271834,976753775,977663079,0,1,1,565675,1,7981,909304,256,128,128,2
166,1,"[2, 256, 32, 32, 384, 0, 0, 0, 0, 0, 0, 0, 0, 0, 0, 0, 0, 0, 0, 0, 0, 0, 0, 0, 0, 0, 0, 0, 0, 0]",196608,128,0.0,0.0,967407107,967417986,977663080,978412641,0,1,1,565676,1,10879,749561,256,128,128,2
201,1,"[2, 256, 32, 32, 384, 0, 0, 0, 0, 0, 2, 96, 384, 0, 0, 0, 0, 0, 0, 0, 2, 96, 0, 0, 0, 0, 0, 0, 0, 0]",1024,256,19327352832.0,226529280.0,967576103,967587206,978412642,978984030,49152,1024,1024,565677,1,11103,571388,256,128,128,2
201,1,"[2, 256, 32, 32, 384, 0, 0, 0, 0, 0, 2, 96, 384, 0, 0, 0, 0, 0, 0, 0, 2, 96, 0, 0, 0, 0, 0, 0, 0, 0]",49152,128,25165824.0,100663296.0,967619690,967626121,978985054,979213404,0,1536,1536,565681,1,6431,228350,256,128,128,2
23,1,"[2, 96, 1, 1, 0, 0, 0, 0, 0, 0, 0, 0, 0, 0, 0, 2, 256, 96, 32, 32, 0, 0, 0, 0, 0, 0, 0, 0, 0, 0]",49152,128,25165824.0,100663488.0,967843199,967855107,979214940,979432027,0,512,512,565683,1,11908,217087,256,128,128,2
35,1,"[2, 256, 96, 32, 32, 0, 0, 0, 0, 0, 0, 0, 0, 0, 0, 2, 256, 96, 32, 32, 0, 0, 0, 0, 0, 0, 0, 0, 0, 0]",49152,128,25165824.0,150994944.0,967985014,967995731,979432539,979708984,0,1,1,565684,1,10717,276445,256,128,128,2
203,1,"[256, 96, 32, 32, 96, 32, 32, 7, 7, 3, 3, 1, 1, 1, 1, 96, 2, 0, 0, 0, 0, 0, 0, 0, 0, 0, 0, 0, 0, 0]",49152,128,0.0,0.0,968200674,968243594,979708985,980546643,0,3168,1408,565685,2,19342,835898,256,128,128,2
0,1,"[2, 256, 32, 32, 96, 0, 0, 0, 0, 0, 2, 96, 0, 0, 0, 0, 0, 0, 0, 0, 2, 96, 0, 0, 0, 0, 0, 0, 0, 0]",262144,128,0.0,0.0,968570409,968583390,980548051,981603403,0,1024,1024,565687,1,12981,1055352,256,128,128,2
201,1,"[2, 256, 32, 32, 96, 0, 0, 0, 0, 0, 2, 384, 96, 0, 0, 0, 0, 0, 0, 0, 2, 384, 0, 0, 0, 0, 0, 0, 0, 0]",6144,128,19327352832.0,151031808.0,968726255,968736815,981604427,982145863,32768,288,288,565688,1,10560,541436,256,128,128,2
201,1,"[2, 256, 32, 32, 96, 0, 0, 0, 0, 0, 2, 384, 96, 0, 0, 0, 0, 0, 0, 0, 2, 384, 0, 0, 0, 0, 0, 0, 0, 0]",196608,128,100663296.0,402653184.0,968769555,968776655,982146151,983054720,0,544,544,565692,1,7100,908569,256,128,128,2
166,1,"[2, 256, 32, 32, 384, 0, 0, 0, 0, 0, 0, 0, 0, 0, 0, 0, 0, 0, 0, 0, 0, 0, 0, 0, 0, 0, 0, 0, 0, 0]",196608,128,0.0,0.0,968898429,968907346,983055264,983804891,0,288,288,565693,1,8917,749627,256,128,128,2
201,1,"[2, 256, 32, 32, 384, 0, 0, 0, 0, 0, 2, 96, 384, 0, 0, 0, 0, 0, 0, 0, 2, 96, 0, 0, 0, 0, 0, 0, 0, 0]",1024,256,19327352832.0,226529280.0,969060765,969070785,983805179,984381750,49152,608,608,565694,1,10020,576571,256,128,128,2
201,1,"[2, 256, 32, 32, 384, 0, 0, 0, 0, 0, 2, 96, 384, 0, 0, 0, 0, 0, 0, 0, 2, 96, 0, 0, 0, 0, 0, 0, 0, 0]",49152,128,25165824.0,100663296.0,969103652,969110207,984382358,984611477,0,416,416,565698,1,6555,229119,256,128,128,2
23,1,"[2, 96, 1, 1, 0, 0, 0, 0, 0, 0, 0, 0, 0, 0, 0, 2, 256, 96, 32, 32, 0, 0, 0, 0, 0, 0, 0, 0, 0, 0]",49152,128,25165824.0,100663488.0,969350056,969363849,984611893,984828979,0,1152,1152,565700,1,13793,217086,256,128,128,2
234,1,"[2, 256, 1, 1, 1, 0, 0, 0, 0, 0, 0, 0, 0, 0, 0, 0, 0, 0, 0, 0, 0, 0, 0, 0, 0, 0, 0, 0, 0, 0]",49152,256,25165824.0,100663808.0,969651902,969892354,984830131,985052209,0,1856,480,565701,3,34588,220702,256,128,128,2
35,1,"[2, 256, 96, 32, 32, 0, 0, 0, 0, 0, 0, 0, 0, 0, 0, 2, 256, 96, 32, 32, 0, 0, 0, 0, 0, 0, 0, 0, 0, 0]",49152,128,25165824.0,150994944.0,969966818,969974383,985052689,985328686,0,1,1,565702,1,7565,275997,256,128,128,2
203,1,"[256, 96, 32, 32, 96, 32, 32, 7, 7, 3, 3, 1, 1, 1, 1, 96, 2, 0, 0, 0, 0, 0, 0, 0, 0, 0, 0, 0, 0, 0]",49152,128,0.0,0.0,970149018,970187477,985328687,986167817,0,545,544,565703,2,17087,839129,256,128,128,2
0,1,"[2, 256, 32, 32, 96, 0, 0, 0, 0, 0, 2, 96, 0, 0, 0, 0, 0, 0, 0, 0, 2, 96, 0, 0, 0, 0, 0, 0, 0, 0]",262144,128,0.0,0.0,970487806,970499759,986168361,987228865,0,321,321,565705,1,11953,1060504,256,128,128,2
201,1,"[2, 256, 32, 32, 96, 0, 0, 0, 0, 0, 2, 384, 96, 0, 0, 0, 0, 0, 0, 0, 2, 384, 0, 0, 0, 0, 0, 0, 0, 0]",6144,128,19327352832.0,151031808.0,970653066,970663283,987229186,987771198,32768,576,576,565706,1,10217,542012,256,128,128,2
201,1,"[2, 256, 32, 32, 96, 0, 0, 0, 0, 0, 2, 384, 96, 0, 0, 0, 0, 0, 0, 0, 2, 384, 0, 0, 0, 0, 0, 0, 0, 0]",196608,128,100663296.0,402653184.0,970694828,970701449,987771774,988679191,0,1216,1216,565710,1,6621,907417,256,128,128,2
166,1,"[2, 256, 32, 32, 384, 0, 0, 0, 0, 0, 0, 0, 0, 0, 0, 0, 0, 0, 0, 0, 0, 0, 0, 0, 0, 0, 0, 0, 0, 0]",196608,128,0.0,0.0,970819311,970828472,988680407,989428753,0,1504,1504,565711,1,9161,748346,256,128,128,2
201,1,"[2, 256, 32, 32, 384, 0, 0, 0, 0, 0, 2, 96, 384, 0, 0, 0, 0, 0, 0, 0, 2, 96, 0, 0, 0, 0, 0, 0, 0, 0]",1024,256,19327352832.0,226529280.0,970967240,970976771,989430257,990008237,49152,256,256,565712,1,9531,577980,256,128,128,2
201,1,"[2, 256, 32, 32, 384, 0, 0, 0, 0, 0, 2, 96, 384, 0, 0, 0, 0, 0, 0, 0, 2, 96, 0, 0, 0, 0, 0, 0, 0, 0]",49152,128,25165824.0,100663296.0,970997104,971003884,990008493,990238859,0,640,640,565716,1,6780,230366,256,128,128,2
23,1,"[2, 96, 1, 1, 0, 0, 0, 0, 0, 0, 0, 0, 0, 0, 0, 2, 256, 96, 32, 32, 0, 0, 0, 0, 0, 0, 0, 0, 0, 0]",49152,128,25165824.0,100663488.0,971208740,971219366,990239499,990456586,0,224,224,565718,1,10626,217087,256,128,128,2
234,1,"[2, 256, 1, 1, 1, 0, 0, 0, 0, 0, 0, 0, 0, 0, 0, 0, 0, 0, 0, 0, 0, 0, 0, 0, 0, 0, 0, 0, 0, 0]",49152,256,25165824.0,100663808.0,971371366,971588443,990456810,990678024,0,2976,1056,565719,3,28424,219294,256,128,128,2
35,1,"[2, 256, 96, 32, 32, 0, 0, 0, 0, 0, 0, 0, 0, 0, 0, 2, 256, 96, 32, 32, 0, 0, 0, 0, 0, 0, 0, 0, 0, 0]",49152,128,25165824.0,150994944.0,971690914,971699520,990679080,990955750,0,576,576,565720,1,8606,276670,256,128,128,2
0,1,"[2, 256, 32, 32, 96, 0, 0, 0, 0, 0, 2, 96, 0, 0, 0, 0, 0, 0, 0, 0, 2, 96, 0, 0, 0, 0, 0, 0, 0, 0]",262144,128,0.0,0.0,971962152,971973945,990956326,992013277,0,1,1,565722,1,11793,1056951,256,128,128,2
203,1,"[256, 96, 32, 32, 192, 16, 16, 2, 2, 0, 0, 2, 2, 1, 1, 1, 2, 0, 0, 0, 0, 0, 0, 0, 0, 0, 0, 0, 0, 0]",24576,128,0.0,0.0,972191167,972354672,992013278,992396282,0,3457,1,565724,3,31445,379548,256,128,128,2
203,1,"[256, 192, 16, 16, 192, 16, 16, 7, 7, 3, 3, 1, 1, 1, 1, 192, 2, 0, 0, 0, 0, 0, 0, 0, 0, 0, 0, 0, 0, 0]",24576,128,0.0,0.0,972550646,972588521,992396283,992848888,0,1856,1280,565725,2,17814,452029,256,128,128,2
0,1,"[2, 256, 16, 16, 192, 0, 0, 0, 0, 0, 2, 192, 0, 0, 0, 0, 0, 0, 0, 0, 2, 192, 0, 0, 0, 0, 0, 0, 0, 0]",65536,128,0.0,0.0,972897214,972908817,992850168,993133110,0,416,416,565727,1,11603,282942,256,128,128,2
201,1,"[2, 256, 16, 16, 192, 0, 0, 0, 0, 0, 2, 768, 192, 0, 0, 0, 0, 0, 0, 0, 2, 768, 0, 0, 0, 0, 0, 0, 0, 0]",3072,128,19327352832.0,75644928.0,973055122,973077150,993133526,993512435,32768,1344,1344,565728,1,22028,378909,256,128,128,2
201,1,"[2, 256, 16, 16, 192, 0, 0, 0, 0, 0, 2, 768, 192, 0, 0, 0, 0, 0, 0, 0, 2, 768, 0, 0, 0, 0, 0, 0, 0, 0]",98304,128,50331648.0,201326592.0,973100407,973107078,993513779,993969136,0,1248,1248,565732,1,6671,455357,256,128,128,2
166,1,"[2, 256, 16, 16, 768, 0, 0, 0, 0, 0, 0, 0, 0, 0, 0, 0, 0, 0, 0, 0, 0, 0, 0, 0, 0, 0, 0, 0, 0, 0]",98304,128,0.0,0.0,973238608,973248377,993970384,994345964,0,1,1,565733,1,9769,375580,256,128,128,2
201,1,"[2, 256, 16, 16, 768, 0, 0, 0, 0, 0, 2, 192, 768, 0, 0, 0, 0, 0, 0, 0, 2, 192, 0, 0, 0, 0, 0, 0, 0, 0]",512,256,19327352832.0,113393664.0,973393191,973413330,994345965,994845513,49152,128,128,565734,1,20139,499548,256,128,128,2
201,1,"[2, 256, 16, 16, 768, 0, 0, 0, 0, 0, 2, 192, 768, 0, 0, 0, 0, 0, 0, 0, 2, 192, 0, 0, 0, 0, 0, 0, 0, 0]",24576,128,12582912.0,50331648.0,973435447,973442193,994845641,994962409,0,383,383,565738,1,6746,116768,256,128,128,2
23,1,"[2, 192, 1, 1, 0, 0, 0, 0, 0, 0, 0, 0, 0, 0, 0, 2, 256, 192, 16, 16, 0, 0, 0, 0, 0, 0, 0, 0, 0, 0]",24576,128,12582912.0,50332032.0,973642693,973653983,994962792,995073000,0,1248,1248,565740,1,11290,110208,256,128,128,2
234,1,"[2, 256, 1, 1, 1, 0, 0, 0, 0, 0, 0, 0, 0, 0, 0, 0, 0, 0, 0, 0, 0, 0, 0, 0, 0, 0, 0, 0, 0, 0]",24576,256,12582912.0,50332160.0,973794462,974009186,995074248,995189735,0,1920,512,565741,3,27150,114079,256,128,128,2
35,1,"[2, 256, 192, 16, 16, 0, 0, 0, 0, 0, 0, 0, 0, 0, 0, 2, 256, 192, 16, 16, 0, 0, 0, 0, 0, 0, 0, 0, 0, 0]",24576,128,12582912.0,75497472.0,974103618,974111612,995190247,995330406,0,576,576,565742,1,7994,140159,256,128,128,2
203,1,"[256, 192, 16, 16, 192, 16, 16, 7, 7, 3, 3, 1, 1, 1, 1, 192, 2, 0, 0, 0, 0, 0, 0, 0, 0, 0, 0, 0, 0, 0]",24576,128,0.0,0.0,974280807,974321006,995330982,995781603,0,2719,1023,565743,2,19362,448925,256,128,128,2
0,1,"[2, 256, 16, 16, 192, 0, 0, 0, 0, 0, 2, 192, 0, 0, 0, 0, 0, 0, 0, 0, 2, 192, 0, 0, 0, 0, 0, 0, 0, 0]",65536,128,0.0,0.0,974740192,974753809,995782626,996065281,0,607,607,565745,1,13617,282655,256,128,128,2
201,1,"[2, 256, 16, 16, 192, 0, 0, 0, 0, 0, 2, 768, 192, 0, 0, 0, 0, 0, 0, 0, 2, 768, 0, 0, 0, 0, 0, 0, 0, 0]",3072,128,19327352832.0,75644928.0,974905481,974925852,996065888,996446846,32768,320,320,565746,1,20371,380958,256,128,128,2
201,1,"[2, 256, 16, 16, 192, 0, 0, 0, 0, 0, 2, 768, 192, 0, 0, 0, 0, 0, 0, 0, 2, 768, 0, 0, 0, 0, 0, 0, 0, 0]",98304,128,50331648.0,201326592.0,974947967,974955014,996447166,996903898,0,320,320,565750,1,7047,456732,256,128,128,2
166,1,"[2, 256, 16, 16, 768, 0, 0, 0, 0, 0, 0, 0, 0, 0, 0, 0, 0, 0, 0, 0, 0, 0, 0, 0, 0, 0, 0, 0, 0, 0]",98304,128,0.0,0.0,975072104,975081292,996904218,997280343,0,385,385,565751,1,9188,376125,256,128,128,2
201,1,"[2, 256, 16, 16, 768, 0, 0, 0, 0, 0, 2, 192, 768, 0, 0, 0, 0, 0, 0, 0, 2, 192, 0, 0, 0, 0, 0, 0, 0, 0]",512,256,19327352832.0,113393664.0,975220320,975229517,997280728,997792723,49152,1,1,565752,1,9197,511995,256,128,128,2
201,1,"[2, 256, 16, 16, 768, 0, 0, 0, 0, 0, 2, 192, 768, 0, 0, 0, 0, 0, 0, 0, 2, 192, 0, 0, 0, 0, 0, 0, 0, 0]",24576,128,12582912.0,50331648.0,975267238,975274890,997792724,997912691,0,608,608,565756,1,7652,119967,256,128,128,2
23,1,"[2, 192, 1, 1, 0, 0, 0, 0, 0, 0, 0, 0, 0, 0, 0, 2, 256, 192, 16, 16, 0, 0, 0, 0, 0, 0, 0, 0, 0, 0]",24576,128,12582912.0,50332032.0,975476790,975487172,997913299,998026194,0,1440,1440,565758,1,10382,112895,256,128,128,2
234,1,"[2, 256, 1, 1, 1, 0, 0, 0, 0, 0, 0, 0, 0, 0, 0, 0, 0, 0, 0, 0, 0, 0, 0, 0, 0, 0, 0, 0, 0, 0]",24576,256,12582912.0,50332160.0,975630064,975845040,998027634,998146992,0,897,1,565759,3,26051,118462,256,128,128,2
35,1,"[2, 256, 192, 16, 16, 0, 0, 0, 0, 0, 0, 0, 0, 0, 0, 2, 256, 192, 16, 16, 0, 0, 0, 0, 0, 0, 0, 0, 0, 0]",24576,128,12582912.0,75497472.0,975948104,975956860,998146993,998286255,0,1,1,565760,1,8756,139262,256,128,128,2
203,1,"[256, 192, 16, 16, 192, 16, 16, 7, 7, 3, 3, 1, 1, 1, 1, 192, 2, 0, 0, 0, 0, 0, 0, 0, 0, 0, 0, 0, 0, 0]",24576,128,0.0,0.0,976119841,976158297,998286256,998754989,0,1056,288,565761,2,17443,467965,256,128,128,2
0,1,"[2, 256, 16, 16, 192, 0, 0, 0, 0, 0, 2, 192, 0, 0, 0, 0, 0, 0, 0, 0, 2, 192, 0, 0, 0, 0, 0, 0, 0, 0]",65536,128,0.0,0.0,976469110,976481579,998755277,999050090,0,65,65,565763,1,12469,294813,256,128,128,2
201,1,"[2, 256, 16, 16, 192, 0, 0, 0, 0, 0, 2, 768, 192, 0, 0, 0, 0, 0, 0, 0, 2, 768, 0, 0, 0, 0, 0, 0, 0, 0]",3072,128,19327352832.0,75644928.0,976625986,976646900,999050155,999447176,32768,287,287,565764,1,20914,397021,256,128,128,2
201,1,"[2, 256, 16, 16, 192, 0, 0, 0, 0, 0, 2, 768, 192, 0, 0, 0, 0, 0, 0, 0, 2, 768, 0, 0, 0, 0, 0, 0, 0, 0]",98304,128,50331648.0,201326592.0,976668917,976675471,999447463,999916484,0,544,544,565768,1,6554,469021,256,128,128,2
166,1,"[2, 256, 16, 16, 768, 0, 0, 0, 0, 0, 0, 0, 0, 0, 0, 0, 0, 0, 0, 0, 0, 0, 0, 0, 0, 0, 0, 0, 0, 0]",98304,128,0.0,0.0,976800611,976809270,999917028,1000292385,0,544,544,565769,1,8659,375357,256,128,128,2
201,1,"[2, 256, 16, 16, 768, 0, 0, 0, 0, 0, 2, 192, 768, 0, 0, 0, 0, 0, 0, 0, 2, 192, 0, 0, 0, 0, 0, 0, 0, 0]",512,256,19327352832.0,113393664.0,976952188,976961804,1000292929,1000813278,49152,287,287,565770,1,9616,520349,256,128,128,2
201,1,"[2, 256, 16, 16, 768, 0, 0, 0, 0, 0, 2, 192, 768, 0, 0, 0, 0, 0, 0, 0, 2, 192, 0, 0, 0, 0, 0, 0, 0, 0]",24576,128,12582912.0,50331648.0,976993877,977000799,1000813565,1000934205,0,320,320,565774,1,6922,120640,256,128,128,2
23,1,"[2, 192, 1, 1, 0, 0, 0, 0, 0, 0, 0, 0, 0, 0, 0, 2, 256, 192, 16, 16, 0, 0, 0, 0, 0, 0, 0, 0, 0, 0]",24576,128,12582912.0,50332032.0,977200304,977211000,1000934525,1001048956,0,256,256,565776,1,10696,114431,256,128,128,2
234,1,"[2, 256, 1, 1, 1, 0, 0, 0, 0, 0, 0, 0, 0, 0, 0, 0, 0, 0, 0, 0, 0, 0, 0, 0, 0, 0, 0, 0, 0, 0]",24576,256,12582912.0,50332160.0,977352901,977566358,1001049212,1001169051,0,1920,672,565777,3,27457,118591,256,128,128,2
35,1,"[2, 256, 192, 16, 16, 0, 0, 0, 0, 0, 0, 0, 0, 0, 0, 2, 256, 192, 16, 16, 0, 0, 0, 0, 0, 0, 0, 0, 0, 0]",24576,128,12582912.0,75497472.0,977658868,977665795,1001169723,1001308218,0,576,576,565778,1,6927,138495,256,128,128,2
0,1,"[2, 256, 16, 16, 192, 0, 0, 0, 0, 0, 2, 192, 0, 0, 0, 0, 0, 0, 0, 0, 2, 192, 0, 0, 0, 0, 0, 0, 0, 0]",65536,128,0.0,0.0,977935734,977946706,1001308794,1001603416,0,576,576,565780,1,10972,294622,256,128,128,2
203,1,"[256, 192, 16, 16, 384, 8, 8, 2, 2, 0, 0, 2, 2, 1, 1, 1, 2, 0, 0, 0, 0, 0, 0, 0, 0, 0, 0, 0, 0, 0]",12288,128,0.0,0.0,978153696,978302543,1001603992,1001880469,0,1633,1,565782,3,32585,274845,256,128,128,2
203,1,"[256, 384, 8, 8, 384, 8, 8, 7, 7, 3, 3, 1, 1, 1, 1, 384, 2, 0, 0, 0, 0, 0, 0, 0, 0, 0, 0, 0, 0, 0]",12288,128,0.0,0.0,978494973,978531528,1001880470,1002142612,0,1664,288,565783,2,16015,260766,256,128,128,2
0,1,"[2, 256, 8, 8, 384, 0, 0, 0, 0, 0, 2, 384, 0, 0, 0, 0, 0, 0, 0, 0, 2, 384, 0, 0, 0, 0, 0, 0, 0, 0]",16384,128,0.0,0.0,978835795,978847232,1002142900,1002226611,0,384,384,565785,1,11437,83711,256,128,128,2
201,1,"[2, 256, 8, 8, 384, 0, 0, 0, 0, 0, 2, 1536, 384, 0, 0, 0, 0, 0, 0, 0, 2, 1536, 0, 0, 0, 0, 0, 0, 0, 0]",1536,128,19327352832.0,38338560.0,978991491,979012135,1002226995,1002609584,32768,480,480,565786,1,20644,382589,256,128,128,2
201,1,"[2, 256, 8, 8, 384, 0, 0, 0, 0, 0, 2, 1536, 384, 0, 0, 0, 0, 0, 0, 0, 2, 1536, 0, 0, 0, 0, 0, 0, 0, 0]",49152,128,25165824.0,100663296.0,979032878,979039494,1002610064,1002846126,0,577,577,565790,1,6616,236062,256,128,128,2
166,1,"[2, 256, 8, 8, 1536, 0, 0, 0, 0, 0, 0, 0, 0, 0, 0, 0, 0, 0, 0, 0, 0, 0, 0, 0, 0, 0, 0, 0, 0, 0]",49152,128,0.0,0.0,979155854,979164793,1002846703,1003035053,0,480,480,565791,1,8939,188350,256,128,128,2
201,1,"[2, 256, 8, 8, 1536, 0, 0, 0, 0, 0, 2, 384, 1536, 0, 0, 0, 0, 0, 0, 0, 2, 384, 0, 0, 0, 0, 0, 0, 0, 0]",192,256,19327352832.0,57212928.0,979314247,979334623,1003035533,1003418538,49152,1184,1184,565792,1,20376,383005,256,128,128,2
201,1,"[2, 256, 8, 8, 1536, 0, 0, 0, 0, 0, 2, 384, 1536, 0, 0, 0, 0, 0, 0, 0, 2, 384, 0, 0, 0, 0, 0, 0, 0, 0]",12288,128,6291456.0,25165824.0,979357095,979363867,1003419722,1003481610,0,384,384,565796,1,6772,61888,256,128,128,2
23,1,"[2, 384, 1, 1, 0, 0, 0, 0, 0, 0, 0, 0, 0, 0, 0, 2, 256, 384, 8, 8, 0, 0, 0, 0, 0, 0, 0, 0, 0, 0]",12288,128,6291456.0,25166592.0,979578251,979589147,1003481994,1003540873,0,512,512,565798,1,10896,58879,256,128,128,2
234,1,"[2, 256, 1, 1, 1, 0, 0, 0, 0, 0, 0, 0, 0, 0, 0, 0, 0, 0, 0, 0, 0, 0, 0, 0, 0, 0, 0, 0, 0, 0]",12288,256,6291456.0,25166336.0,979727664,980116906,1003541385,1003605929,0,2464,640,565799,3,29984,62720,256,128,128,2
35,1,"[2, 256, 384, 8, 8, 0, 0, 0, 0, 0, 0, 0, 0, 0, 0, 2, 256, 384, 8, 8, 0, 0, 0, 0, 0, 0, 0, 0, 0, 0]",12288,128,6291456.0,37748736.0,980193742,980201925,1003606569,1003678473,0,224,224,565800,1,8183,71904,256,128,128,2
203,1,"[256, 384, 8, 8, 384, 8, 8, 7, 7, 3, 3, 1, 1, 1, 1, 384, 2, 0, 0, 0, 0, 0, 0, 0, 0, 0, 0, 0, 0, 0]",12288,128,0.0,0.0,980360635,980396935,1003678697,1003940773,0,1505,1,565801,2,16270,260572,256,128,128,2
0,1,"[2, 256, 8, 8, 384, 0, 0, 0, 0, 0, 2, 384, 0, 0, 0, 0, 0, 0, 0, 0, 2, 384, 0, 0, 0, 0, 0, 0, 0, 0]",16384,128,0.0,0.0,980705460,980717949,1003940774,1004024741,0,1,1,565803,1,12489,83967,256,128,128,2
201,1,"[2, 256, 8, 8, 384, 0, 0, 0, 0, 0, 2, 1536, 384, 0, 0, 0, 0, 0, 0, 0, 2, 1536, 0, 0, 0, 0, 0, 0, 0, 0]",1536,128,19327352832.0,38338560.0,980859082,980869140,1004024742,1004406755,32768,640,640,565804,1,10058,382013,256,128,128,2
201,1,"[2, 256, 8, 8, 384, 0, 0, 0, 0, 0, 2, 1536, 384, 0, 0, 0, 0, 0, 0, 0, 2, 1536, 0, 0, 0, 0, 0, 0, 0, 0]",49152,128,25165824.0,100663296.0,980908512,980915739,1004407395,1004643232,0,1,1,565808,1,7227,235837,256,128,128,2
166,1,"[2, 256, 8, 8, 1536, 0, 0, 0, 0, 0, 0, 0, 0, 0, 0, 0, 0, 0, 0, 0, 0, 0, 0, 0, 0, 0, 0, 0, 0, 0]",49152,128,0.0,0.0,981035874,981045554,1004643233,1004831648,0,1088,1088,565809,1,9680,188415,256,128,128,2
201,1,"[2, 256, 8, 8, 1536, 0, 0, 0, 0, 0, 2, 384, 1536, 0, 0, 0, 0, 0, 0, 0, 2, 384, 0, 0, 0, 0, 0, 0, 0, 0]",192,256,19327352832.0,57212928.0,981188960,981198260,1004832736,1005216029,49152,640,640,565810,1,9300,383293,256,128,128,2
201,1,"[2, 256, 8, 8, 1536, 0, 0, 0, 0, 0, 2, 384, 1536, 0, 0, 0, 0, 0, 0, 0, 2, 384, 0, 0, 0, 0, 0, 0, 0, 0]",12288,128,6291456.0,25165824.0,981231295,981238006,1005216669,1005278109,0,1376,1376,565814,1,6711,61440,256,128,128,2
23,1,"[2, 384, 1, 1, 0, 0, 0, 0, 0, 0, 0, 0, 0, 0, 0, 2, 256, 384, 8, 8, 0, 0, 0, 0, 0, 0, 0, 0, 0, 0]",12288,128,6291456.0,25166592.0,981451439,981462075,1005279485,1005337500,0,1504,1504,565816,1,10636,58015,256,128,128,2
234,1,"[2, 256, 1, 1, 1, 0, 0, 0, 0, 0, 0, 0, 0, 0, 0, 0, 0, 0, 0, 0, 0, 0, 0, 0, 0, 0, 0, 0, 0, 0]",12288,256,6291456.0,25166336.0,981608524,981836298,1005339004,1005403036,0,2880,1184,565817,3,27816,62336,256,128,128,2
35,1,"[2, 256, 384, 8, 8, 0, 0, 0, 0, 0, 0, 0, 0, 0, 0, 2, 256, 384, 8, 8, 0, 0, 0, 0, 0, 0, 0, 0, 0, 0]",12288,128,6291456.0,37748736.0,981926316,981934468,1005404220,1005474682,0,1,1,565818,1,8152,70462,256,128,128,2
203,1,"[256, 384, 8, 8, 384, 8, 8, 7, 7, 3, 3, 1, 1, 1, 1, 384, 2, 0, 0, 0, 0, 0, 0, 0, 0, 0, 0, 0, 0, 0]",12288,128,0.0,0.0,982101222,982138886,1005474683,1005736857,0,3360,1536,565819,2,17095,260350,256,128,128,2
0,1,"[2, 256, 8, 8, 384, 0, 0, 0, 0, 0, 2, 384, 0, 0, 0, 0, 0, 0, 0, 0, 2, 384, 0, 0, 0, 0, 0, 0, 0, 0]",16384,128,0.0,0.0,982445026,982456552,1005738393,1005820825,0,1504,1504,565821,1,11526,82432,256,128,128,2
201,1,"[2, 256, 8, 8, 384, 0, 0, 0, 0, 0, 2, 1536, 384, 0, 0, 0, 0, 0, 0, 0, 2, 1536, 0, 0, 0, 0, 0, 0, 0, 0]",1536,128,19327352832.0,38338560.0,982608643,982629913,1005822329,1006205334,32768,512,512,565822,1,21270,383005,256,128,128,2
201,1,"[2, 256, 8, 8, 384, 0, 0, 0, 0, 0, 2, 1536, 384, 0, 0, 0, 0, 0, 0, 0, 2, 1536, 0, 0, 0, 0, 0, 0, 0, 0]",49152,128,25165824.0,100663296.0,982651681,982659056,1006205846,1006441364,0,1440,1440,565826,1,7375,235518,256,128,128,2
166,1,"[2, 256, 8, 8, 1536, 0, 0, 0, 0, 0, 0, 0, 0, 0, 0, 0, 0, 0, 0, 0, 0, 0, 0, 0, 0, 0, 0, 0, 0, 0]",49152,128,0.0,0.0,982775968,982784708,1006442804,1006631347,0,448,448,565827,1,8740,188543,256,128,128,2
201,1,"[2, 256, 8, 8, 1536, 0, 0, 0, 0, 0, 2, 384, 1536, 0, 0, 0, 0, 0, 0, 0, 2, 384, 0, 0, 0, 0, 0, 0, 0, 0]",192,256,19327352832.0,57212928.0,982921822,982930806,1006631795,1007014800,49152,1440,1440,565828,1,8984,383005,256,128,128,2
201,1,"[2, 256, 8, 8, 1536, 0, 0, 0, 0, 0, 2, 384, 1536, 0, 0, 0, 0, 0, 0, 0, 2, 384, 0, 0, 0, 0, 0, 0, 0, 0]",12288,128,6291456.0,25165824.0,982962286,982969039,1007016240,1007077840,0,415,415,565832,1,6753,61600,256,128,128,2
23,1,"[2, 384, 1, 1, 0, 0, 0, 0, 0, 0, 0, 0, 0, 0, 0, 2, 256, 384, 8, 8, 0, 0, 0, 0, 0, 0, 0, 0, 0, 0]",12288,128,6291456.0,25166592.0,983192857,983203911,1007078255,1007137391,0,256,256,565834,1,11054,59136,256,128,128,2
234,1,"[2, 256, 1, 1, 1, 0, 0, 0, 0, 0, 0, 0, 0, 0, 0, 0, 0, 0, 0, 0, 0, 0, 0, 0, 0, 0, 0, 0, 0, 0]",12288,256,6291456.0,25166336.0,983342752,983579595,1007137647,1007202255,0,1568,576,565835,3,29834,63616,256,128,128,2
35,1,"[2, 256, 384, 8, 8, 0, 0, 0, 0, 0, 0, 0, 0, 0, 0, 2, 256, 384, 8, 8, 0, 0, 0, 0, 0, 0, 0, 0, 0, 0]",12288,128,6291456.0,37748736.0,983669087,983676905,1007202831,1007272846,0,1280,1280,565836,1,7818,70015,256,128,128,2
203,1,"[256, 384, 8, 8, 384, 8, 8, 7, 7, 3, 3, 1, 1, 1, 1, 384, 2, 0, 0, 0, 0, 0, 0, 0, 0, 0, 0, 0, 0, 0]",12288,128,0.0,0.0,983834455,983872232,1007274126,1007534540,0,1569,416,565837,2,17590,259261,256,128,128,2
0,1,"[2, 256, 8, 8, 384, 0, 0, 0, 0, 0, 2, 384, 0, 0, 0, 0, 0, 0, 0, 0, 2, 384, 0, 0, 0, 0, 0, 0, 0, 0]",16384,128,0.0,0.0,984188654,984200562,1007534956,1007618827,0,289,289,565839,1,11908,83871,256,128,128,2
201,1,"[2, 256, 8, 8, 384, 0, 0, 0, 0, 0, 2, 1536, 384, 0, 0, 0, 0, 0, 0, 0, 2, 1536, 0, 0, 0, 0, 0, 0, 0, 0]",1536,128,19327352832.0,38338560.0,984341627,984352055,1007619116,1008001225,32768,640,640,565840,1,10428,382109,256,128,128,2
201,1,"[2, 256, 8, 8, 384, 0, 0, 0, 0, 0, 2, 1536, 384, 0, 0, 0, 0, 0, 0, 0, 2, 1536, 0, 0, 0, 0, 0, 0, 0, 0]",49152,128,25165824.0,100663296.0,984386004,984393032,1008001865,1008237447,0,1056,1056,565844,1,7028,235582,256,128,128,2
166,1,"[2, 256, 8, 8, 1536, 0, 0, 0, 0, 0, 0, 0, 0, 0, 0, 0, 0, 0, 0, 0, 0, 0, 0, 0, 0, 0, 0, 0, 0, 0]",49152,128,0.0,0.0,984510011,984519427,1008238503,1008425862,0,1599,1599,565845,1,9416,187359,256,128,128,2
201,1,"[2, 256, 8, 8, 1536, 0, 0, 0, 0, 0, 2, 384, 1536, 0, 0, 0, 0, 0, 0, 0, 2, 384, 0, 0, 0, 0, 0, 0, 0, 0]",192,256,19327352832.0,57212928.0,984670131,984679976,1008427461,1008810883,49152,1088,1088,565846,1,9845,383422,256,128,128,2
201,1,"[2, 256, 8, 8, 1536, 0, 0, 0, 0, 0, 2, 384, 1536, 0, 0, 0, 0, 0, 0, 0, 2, 384, 0, 0, 0, 0, 0, 0, 0, 0]",12288,128,6291456.0,25165824.0,984713789,984720745,1008811971,1008873730,0,608,608,565850,1,6956,61759,256,128,128,2
23,1,"[2, 384, 1, 1, 0, 0, 0, 0, 0, 0, 0, 0, 0, 0, 0, 2, 256, 384, 8, 8, 0, 0, 0, 0, 0, 0, 0, 0, 0, 0]",12288,128,6291456.0,25166592.0,984934333,984945450,1008874338,1008933186,0,576,576,565852,1,11117,58848,256,128,128,2
234,1,"[2, 256, 1, 1, 1, 0, 0, 0, 0, 0, 0, 0, 0, 0, 0, 0, 0, 0, 0, 0, 0, 0, 0, 0, 0, 0, 0, 0, 0, 0]",12288,256,6291456.0,25166336.0,985085268,985454578,1008933762,1008998753,0,2336,512,565853,3,30515,63167,256,128,128,2
35,1,"[2, 256, 384, 8, 8, 0, 0, 0, 0, 0, 0, 0, 0, 0, 0, 2, 256, 384, 8, 8, 0, 0, 0, 0, 0, 0, 0, 0, 0, 0]",12288,128,6291456.0,37748736.0,985531768,985539892,1008999265,1009070209,0,576,576,565854,1,8124,70944,256,128,128,2
203,1,"[256, 384, 8, 8, 384, 8, 8, 7, 7, 3, 3, 1, 1, 1, 1, 384, 2, 0, 0, 0, 0, 0, 0, 0, 0, 0, 0, 0, 0, 0]",12288,128,0.0,0.0,985707160,985743974,1009070785,1009332287,0,1280,640,565855,2,16585,260862,256,128,128,2
0,1,"[2, 256, 8, 8, 384, 0, 0, 0, 0, 0, 2, 384, 0, 0, 0, 0, 0, 0, 0, 0, 2, 384, 0, 0, 0, 0, 0, 0, 0, 0]",16384,128,0.0,0.0,986043704,986054611,1009332927,1009416254,0,576,576,565857,1,10907,83327,256,128,128,2
201,1,"[2, 256, 8, 8, 384, 0, 0, 0, 0, 0, 2, 1536, 384, 0, 0, 0, 0, 0, 0, 0, 2, 1536, 0, 0, 0, 0, 0, 0, 0, 0]",1536,128,19327352832.0,38338560.0,986209548,986219487,1009416830,1009797755,32768,320,320,565858,1,9939,380925,256,128,128,2
201,1,"[2, 256, 8, 8, 384, 0, 0, 0, 0, 0, 2, 1536, 384, 0, 0, 0, 0, 0, 0, 0, 2, 1536, 0, 0, 0, 0, 0, 0, 0, 0]",49152,128,25165824.0,100663296.0,986250455,986257127,1009798075,1010035098,0,480,480,565862,1,6672,237023,256,128,128,2
166,1,"[2, 256, 8, 8, 1536, 0, 0, 0, 0, 0, 0, 0, 0, 0, 0, 0, 0, 0, 0, 0, 0, 0, 0, 0, 0, 0, 0, 0, 0, 0]",49152,128,0.0,0.0,986373454,986382159,1010035578,1010223959,0,1,1,565863,1,8705,188381,256,128,128,2
201,1,"[2, 256, 8, 8, 1536, 0, 0, 0, 0, 0, 2, 384, 1536, 0, 0, 0, 0, 0, 0, 0, 2, 384, 0, 0, 0, 0, 0, 0, 0, 0]",192,256,19327352832.0,57212928.0,986523414,986532637,1010223960,1010609013,49152,1216,1216,565864,1,9223,385053,256,128,128,2
201,1,"[2, 256, 8, 8, 1536, 0, 0, 0, 0, 0, 2, 384, 1536, 0, 0, 0, 0, 0, 0, 0, 2, 384, 0, 0, 0, 0, 0, 0, 0, 0]",12288,128,6291456.0,25165824.0,986563593,986569884,1010610229,1010672245,0,224,224,565868,1,6291,62016,256,128,128,2
23,1,"[2, 384, 1, 1, 0, 0, 0, 0, 0, 0, 0, 0, 0, 0, 0, 2, 256, 384, 8, 8, 0, 0, 0, 0, 0, 0, 0, 0, 0, 0]",12288,128,6291456.0,25166592.0,986776537,986787537,1010672469,1010731765,0,128,128,565870,1,11000,59296,256,128,128,2
234,1,"[2, 256, 1, 1, 1, 0, 0, 0, 0, 0, 0, 0, 0, 0, 0, 0, 0, 0, 0, 0, 0, 0, 0, 0, 0, 0, 0, 0, 0, 0]",12288,256,6291456.0,25166336.0,986916957,987126747,1010731893,1010796948,0,1599,448,565871,3,26417,63904,256,128,128,2
35,1,"[2, 256, 384, 8, 8, 0, 0, 0, 0, 0, 0, 0, 0, 0, 0, 2, 256, 384, 8, 8, 0, 0, 0, 0, 0, 0, 0, 0, 0, 0]",12288,128,6291456.0,37748736.0,987229505,987237332,1010797396,1010868596,0,480,480,565872,1,7827,71200,256,128,128,2
203,1,"[256, 384, 8, 8, 384, 8, 8, 7, 7, 3, 3, 1, 1, 1, 1, 384, 2, 0, 0, 0, 0, 0, 0, 0, 0, 0, 0, 0, 0, 0]",12288,128,0.0,0.0,987398420,987433751,1010869076,1011130706,0,736,512,565873,2,15666,261406,256,128,128,2
0,1,"[2, 256, 8, 8, 384, 0, 0, 0, 0, 0, 2, 384, 0, 0, 0, 0, 0, 0, 0, 0, 2, 384, 0, 0, 0, 0, 0, 0, 0, 0]",16384,128,0.0,0.0,987739178,987750080,1011131218,1011214545,0,640,640,565875,1,10902,83327,256,128,128,2
201,1,"[2, 256, 8, 8, 384, 0, 0, 0, 0, 0, 2, 1536, 384, 0, 0, 0, 0, 0, 0, 0, 2, 1536, 0, 0, 0, 0, 0, 0, 0, 0]",1536,128,19327352832.0,38338560.0,987896978,987907431,1011215185,1011596142,32768,1536,1536,565876,1,10453,380957,256,128,128,2
201,1,"[2, 256, 8, 8, 384, 0, 0, 0, 0, 0, 2, 1536, 384, 0, 0, 0, 0, 0, 0, 0, 2, 1536, 0, 0, 0, 0, 0, 0, 0, 0]",49152,128,25165824.0,100663296.0,987940083,987946727,1011597678,1011833548,0,128,128,565880,1,6644,235870,256,128,128,2
166,1,"[2, 256, 8, 8, 1536, 0, 0, 0, 0, 0, 0, 0, 0, 0, 0, 0, 0, 0, 0, 0, 0, 0, 0, 0, 0, 0, 0, 0, 0, 0]",49152,128,0.0,0.0,988067754,988077127,1011833676,1012022122,0,1,1,565881,1,9373,188446,256,128,128,2
201,1,"[2, 256, 8, 8, 1536, 0, 0, 0, 0, 0, 2, 384, 1536, 0, 0, 0, 0, 0, 0, 0, 2, 384, 0, 0, 0, 0, 0, 0, 0, 0]",192,256,19327352832.0,57212928.0,988246200,988266098,1012022123,1012406472,49152,672,672,565882,1,19898,384349,256,128,128,2
201,1,"[2, 256, 8, 8, 1536, 0, 0, 0, 0, 0, 2, 384, 1536, 0, 0, 0, 0, 0, 0, 0, 2, 384, 0, 0, 0, 0, 0, 0, 0, 0]",12288,128,6291456.0,25165824.0,988288234,988295550,1012407144,1012468584,0,1280,1280,565886,1,7316,61440,256,128,128,2
23,1,"[2, 384, 1, 1, 0, 0, 0, 0, 0, 0, 0, 0, 0, 0, 0, 2, 256, 384, 8, 8, 0, 0, 0, 0, 0, 0, 0, 0, 0, 0]",12288,128,6291456.0,25166592.0,988510308,988531802,1012469864,1012527975,0,1248,1248,565888,1,21494,58111,256,128,128,2
234,1,"[2, 256, 1, 1, 1, 0, 0, 0, 0, 0, 0, 0, 0, 0, 0, 0, 0, 0, 0, 0, 0, 0, 0, 0, 0, 0, 0, 0, 0, 0]",12288,256,6291456.0,25166336.0,988660625,988878020,1012529223,1012593511,0,2784,1088,565889,3,26392,62592,256,128,128,2
35,1,"[2, 256, 384, 8, 8, 0, 0, 0, 0, 0, 0, 0, 0, 0, 0, 2, 256, 384, 8, 8, 0, 0, 0, 0, 0, 0, 0, 0, 0, 0]",12288,128,6291456.0,37748736.0,988967703,988975590,1012594599,1012665190,0,1568,1568,565890,1,7887,70591,256,128,128,2
203,1,"[256, 384, 8, 8, 384, 8, 8, 7, 7, 3, 3, 1, 1, 1, 1, 384, 2, 0, 0, 0, 0, 0, 0, 0, 0, 0, 0, 0, 0, 0]",12288,128,0.0,0.0,989131799,989167416,1012666758,1012929380,0,1440,384,565891,2,15557,261566,256,128,128,2
0,1,"[2, 256, 8, 8, 384, 0, 0, 0, 0, 0, 2, 384, 0, 0, 0, 0, 0, 0, 0, 0, 2, 384, 0, 0, 0, 0, 0, 0, 0, 0]",16384,128,0.0,0.0,989475256,989486284,1012929764,1013013348,0,480,480,565893,1,11028,83584,256,128,128,2
201,1,"[2, 256, 8, 8, 384, 0, 0, 0, 0, 0, 2, 1536, 384, 0, 0, 0, 0, 0, 0, 0, 2, 1536, 0, 0, 0, 0, 0, 0, 0, 0]",1536,128,19327352832.0,38338560.0,989628174,989637602,1013013828,1013396321,32768,416,416,565894,1,9428,382493,256,128,128,2
201,1,"[2, 256, 8, 8, 384, 0, 0, 0, 0, 0, 2, 1536, 384, 0, 0, 0, 0, 0, 0, 0, 2, 1536, 0, 0, 0, 0, 0, 0, 0, 0]",49152,128,25165824.0,100663296.0,989669143,989675945,1013396737,1013633183,0,576,576,565898,1,6802,236446,256,128,128,2
166,1,"[2, 256, 8, 8, 1536, 0, 0, 0, 0, 0, 0, 0, 0, 0, 0, 0, 0, 0, 0, 0, 0, 0, 0, 0, 0, 0, 0, 0, 0, 0]",49152,128,0.0,0.0,989798331,989806730,1013633759,1013822014,0,256,256,565899,1,8399,188255,256,128,128,2
201,1,"[2, 256, 8, 8, 1536, 0, 0, 0, 0, 0, 2, 384, 1536, 0, 0, 0, 0, 0, 0, 0, 2, 384, 0, 0, 0, 0, 0, 0, 0, 0]",192,256,19327352832.0,57212928.0,989946036,989955412,1013822270,1014206395,49152,928,928,565900,1,9376,384125,256,128,128,2
201,1,"[2, 256, 8, 8, 1536, 0, 0, 0, 0, 0, 2, 384, 1536, 0, 0, 0, 0, 0, 0, 0, 2, 384, 0, 0, 0, 0, 0, 0, 0, 0]",12288,128,6291456.0,25165824.0,989976129,989982564,1014207323,1014268762,0,1408,1408,565904,1,6435,61439,256,128,128,2
23,1,"[2, 384, 1, 1, 0, 0, 0, 0, 0, 0, 0, 0, 0, 0, 0, 2, 256, 384, 8, 8, 0, 0, 0, 0, 0, 0, 0, 0, 0, 0]",12288,128,6291456.0,25166592.0,990176885,990186382,1014270170,1014329562,0,608,608,565906,1,9497,59392,256,128,128,2
234,1,"[2, 256, 1, 1, 1, 0, 0, 0, 0, 0, 0, 0, 0, 0, 0, 0, 0, 0, 0, 0, 0, 0, 0, 0, 0, 0, 0, 0, 0, 0]",12288,256,6291456.0,25166336.0,990323504,990699004,1014330170,1014393690,0,3296,1504,565907,3,29897,61728,256,128,128,2
35,1,"[2, 256, 384, 8, 8, 0, 0, 0, 0, 0, 0, 0, 0, 0, 0, 2, 256, 384, 8, 8, 0, 0, 0, 0, 0, 0, 0, 0, 0, 0]",12288,128,6291456.0,37748736.0,990781791,990789230,1014395194,1014465369,0,1536,1536,565908,1,7439,70175,256,128,128,2
203,1,"[256, 384, 8, 8, 384, 8, 8, 7, 7, 3, 3, 1, 1, 1, 1, 384, 2, 0, 0, 0, 0, 0, 0, 0, 0, 0, 0, 0, 0, 0]",12288,128,0.0,0.0,990947434,990985234,1014466905,1014729495,0,289,288,565909,2,17210,262589,256,128,128,2
0,1,"[2, 256, 8, 8, 384, 0, 0, 0, 0, 0, 2, 384, 0, 0, 0, 0, 0, 0, 0, 0, 2, 384, 0, 0, 0, 0, 0, 0, 0, 0]",16384,128,0.0,0.0,991295957,991307443,1014729783,1014813527,0,415,415,565911,1,11486,83744,256,128,128,2
201,1,"[2, 256, 8, 8, 384, 0, 0, 0, 0, 0, 2, 1536, 384, 0, 0, 0, 0, 0, 0, 0, 2, 1536, 0, 0, 0, 0, 0, 0, 0, 0]",1536,128,19327352832.0,38338560.0,991448841,991459232,1014813942,1015195796,32768,672,672,565912,1,10391,381854,256,128,128,2
201,1,"[2, 256, 8, 8, 384, 0, 0, 0, 0, 0, 2, 1536, 384, 0, 0, 0, 0, 0, 0, 0, 2, 1536, 0, 0, 0, 0, 0, 0, 0, 0]",49152,128,25165824.0,100663296.0,991490530,991497263,1015196468,1015433138,0,896,896,565916,1,6733,236670,256,128,128,2
166,1,"[2, 256, 8, 8, 1536, 0, 0, 0, 0, 0, 0, 0, 0, 0, 0, 0, 0, 0, 0, 0, 0, 0, 0, 0, 0, 0, 0, 0, 0, 0]",49152,128,0.0,0.0,991614592,991623241,1015434034,1015622385,0,224,224,565917,1,8649,188351,256,128,128,2
201,1,"[2, 256, 8, 8, 1536, 0, 0, 0, 0, 0, 2, 384, 1536, 0, 0, 0, 0, 0, 0, 0, 2, 384, 0, 0, 0, 0, 0, 0, 0, 0]",192,256,19327352832.0,57212928.0,991773282,991782605,1015622609,1016006926,49152,544,544,565918,1,9323,384317,256,128,128,2
201,1,"[2, 256, 8, 8, 1536, 0, 0, 0, 0, 0, 2, 384, 1536, 0, 0, 0, 0, 0, 0, 0, 2, 384, 0, 0, 0, 0, 0, 0, 0, 0]",12288,128,6291456.0,25165824.0,991814226,991820643,1016007470,1016070317,0,672,672,565922,1,6417,62847,256,128,128,2
23,1,"[2, 384, 1, 1, 0, 0, 0, 0, 0, 0, 0, 0, 0, 0, 0, 2, 256, 384, 8, 8, 0, 0, 0, 0, 0, 0, 0, 0, 0, 0]",12288,128,6291456.0,25166592.0,992032217,992044340,1016070989,1016130253,0,256,256,565924,1,12123,59264,256,128,128,2
234,1,"[2, 256, 1, 1, 1, 0, 0, 0, 0, 0, 0, 0, 0, 0, 0, 0, 0, 0, 0, 0, 0, 0, 0, 0, 0, 0, 0, 0, 0, 0]",12288,256,6291456.0,25166336.0,992176159,992426247,1016130509,1016195436,0,993,448,565925,3,27398,64382,256,128,128,2
35,1,"[2, 256, 384, 8, 8, 0, 0, 0, 0, 0, 0, 0, 0, 0, 0, 2, 256, 384, 8, 8, 0, 0, 0, 0, 0, 0, 0, 0, 0, 0]",12288,128,6291456.0,37748736.0,992517743,992524795,1016195884,1016267212,0,352,352,565926,1,7052,71328,256,128,128,2
203,1,"[256, 384, 8, 8, 384, 8, 8, 7, 7, 3, 3, 1, 1, 1, 1, 384, 2, 0, 0, 0, 0, 0, 0, 0, 0, 0, 0, 0, 0, 0]",12288,128,0.0,0.0,992681682,992717727,1016267564,1016529738,0,480,288,565927,2,16068,261982,256,128,128,2
0,1,"[2, 256, 8, 8, 384, 0, 0, 0, 0, 0, 2, 384, 0, 0, 0, 0, 0, 0, 0, 0, 2, 384, 0, 0, 0, 0, 0, 0, 0, 0]",16384,128,0.0,0.0,993024581,993035995,1016530026,1016613704,0,1,1,565929,1,11414,83678,256,128,128,2
201,1,"[2, 256, 8, 8, 384, 0, 0, 0, 0, 0, 2, 1536, 384, 0, 0, 0, 0, 0, 0, 0, 2, 1536, 0, 0, 0, 0, 0, 0, 0, 0]",1536,128,19327352832.0,38338560.0,993178288,993188258,1016613705,1016995687,32768,576,576,565930,1,9970,381982,256,128,128,2
201,1,"[2, 256, 8, 8, 384, 0, 0, 0, 0, 0, 2, 1536, 384, 0, 0, 0, 0, 0, 0, 0, 2, 1536, 0, 0, 0, 0, 0, 0, 0, 0]",49152,128,25165824.0,100663296.0,993219730,993226231,1016996263,1017232196,0,1,1,565934,1,6501,235933,256,128,128,2
166,1,"[2, 256, 8, 8, 1536, 0, 0, 0, 0, 0, 0, 0, 0, 0, 0, 0, 0, 0, 0, 0, 0, 0, 0, 0, 0, 0, 0, 0, 0, 0]",49152,128,0.0,0.0,993350895,993359466,1017232197,1017420610,0,1,1,565935,1,8571,188413,256,128,128,2
201,1,"[2, 256, 8, 8, 1536, 0, 0, 0, 0, 0, 2, 384, 1536, 0, 0, 0, 0, 0, 0, 0, 2, 384, 0, 0, 0, 0, 0, 0, 0, 0]",192,256,19327352832.0,57212928.0,993500107,993509031,1017420611,1017805312,49152,289,289,565936,1,8924,384701,256,128,128,2
201,1,"[2, 256, 8, 8, 1536, 0, 0, 0, 0, 0, 2, 384, 1536, 0, 0, 0, 0, 0, 0, 0, 2, 384, 0, 0, 0, 0, 0, 0, 0, 0]",12288,128,6291456.0,25165824.0,993539805,993545768,1017805601,1017868544,0,544,544,565940,1,5963,62943,256,128,128,2
23,1,"[2, 384, 1, 1, 0, 0, 0, 0, 0, 0, 0, 0, 0, 0, 0, 2, 256, 384, 8, 8, 0, 0, 0, 0, 0, 0, 0, 0, 0, 0]",12288,128,6291456.0,25166592.0,993743361,993754492,1017869088,1017928192,0,320,320,565942,1,11131,59104,256,128,128,2
234,1,"[2, 256, 1, 1, 1, 0, 0, 0, 0, 0, 0, 0, 0, 0, 0, 0, 0, 0, 0, 0, 0, 0, 0, 0, 0, 0, 0, 0, 0, 0]",12288,256,6291456.0,25166336.0,993893314,994103626,1017928512,1017993631,0,2048,384,565943,3,27248,63455,256,128,128,2
35,1,"[2, 256, 384, 8, 8, 0, 0, 0, 0, 0, 0, 0, 0, 0, 0, 2, 256, 384, 8, 8, 0, 0, 0, 0, 0, 0, 0, 0, 0, 0]",12288,128,6291456.0,37748736.0,994196798,994205260,1017994015,1018065023,0,640,640,565944,1,8462,71008,256,128,128,2
0,1,"[2, 256, 8, 8, 384, 0, 0, 0, 0, 0, 2, 384, 0, 0, 0, 0, 0, 0, 0, 0, 2, 384, 0, 0, 0, 0, 0, 0, 0, 0]",16384,128,0.0,0.0,994459616,994470115,1018065663,1018149374,0,288,288,565946,1,10499,83711,256,128,128,2
203,1,"[256, 384, 8, 8, 768, 4, 4, 2, 2, 0, 0, 2, 2, 1, 1, 1, 2, 0, 0, 0, 0, 0, 0, 0, 0, 0, 0, 0, 0, 0]",6144,256,9663676416.0,21233664.0,994671492,994834719,1018149662,1018454844,49152,3072,384,565948,4,36099,302494,256,128,128,2
203,1,"[256, 768, 4, 4, 768, 4, 4, 7, 7, 3, 3, 1, 1, 1, 1, 768, 2, 0, 0, 0, 0, 0, 0, 0, 0, 0, 0, 0, 0, 0]",6144,128,0.0,0.0,995023882,995060959,1018455228,1018635066,0,2048,1344,565949,2,15777,179134,256,128,128,2
0,1,"[2, 256, 4, 4, 768, 0, 0, 0, 0, 0, 2, 768, 0, 0, 0, 0, 0, 0, 0, 0, 2, 768, 0, 0, 0, 0, 0, 0, 0, 0]",4096,128,0.0,0.0,995475655,995488046,1018636410,1018669882,0,1248,1248,565951,1,12391,33472,256,128,128,2
201,1,"[2, 256, 4, 4, 768, 0, 0, 0, 0, 0, 2, 3072, 768, 0, 0, 0, 0, 0, 0, 0, 2, 3072, 0, 0, 0, 0, 0, 0, 0, 0]",384,256,19327352832.0,21233664.0,995633427,995643472,1018671130,1019071286,49152,1,1,565952,1,10045,400156,256,128,128,2
201,1,"[2, 256, 4, 4, 768, 0, 0, 0, 0, 0, 2, 3072, 768, 0, 0, 0, 0, 0, 0, 0, 2, 3072, 0, 0, 0, 0, 0, 0, 0, 0]",24576,128,12582912.0,50331648.0,995674311,995680726,1019071287,1019192117,0,1,1,565956,1,6415,120830,256,128,128,2
166,1,"[2, 256, 4, 4, 3072, 0, 0, 0, 0, 0, 0, 0, 0, 0, 0, 0, 0, 0, 0, 0, 0, 0, 0, 0, 0, 0, 0, 0, 0, 0]",24576,128,0.0,0.0,995797038,995805324,1019192118,1019287926,0,448,448,565957,1,8286,95808,256,128,128,2
201,1,"[2, 256, 4, 4, 3072, 0, 0, 0, 0, 0, 2, 768, 3072, 0, 0, 0, 0, 0, 0, 0, 2, 768, 0, 0, 0, 0, 0, 0, 0, 0]",192,128,19327352832.0,30670848.0,995967449,995978117,1019288374,1019656275,32768,704,704,565958,1,10668,367901,256,128,128,2
201,1,"[2, 256, 4, 4, 3072, 0, 0, 0, 0, 0, 2, 768, 3072, 0, 0, 0, 0, 0, 0, 0, 2, 768, 0, 0, 0, 0, 0, 0, 0, 0]",6144,128,3145728.0,12582912.0,996010188,996017892,1019656979,1019689043,0,576,576,565962,1,7704,32064,256,128,128,2
23,1,"[2, 768, 1, 1, 0, 0, 0, 0, 0, 0, 0, 0, 0, 0, 0, 2, 256, 768, 4, 4, 0, 0, 0, 0, 0, 0, 0, 0, 0, 0]",6144,128,3145728.0,12584448.0,996238704,996249346,1019689619,1019720498,0,1632,1632,565964,1,10642,30879,256,128,128,2
234,1,"[2, 256, 1, 1, 1, 0, 0, 0, 0, 0, 0, 0, 0, 0, 0, 0, 0, 0, 0, 0, 0, 0, 0, 0, 0, 0, 0, 0, 0, 0]",6144,256,3145728.0,12583424.0,996390273,996627496,1019722130,1019759410,0,2208,384,565965,3,28313,35456,256,128,128,2
35,1,"[2, 256, 768, 4, 4, 0, 0, 0, 0, 0, 0, 0, 0, 0, 0, 2, 256, 768, 4, 4, 0, 0, 0, 0, 0, 0, 0, 0, 0, 0]",6144,128,3145728.0,18874368.0,996717611,996724462,1019759794,1019797362,0,544,544,565966,1,6851,37568,256,128,128,2
203,1,"[256, 768, 4, 4, 768, 4, 4, 7, 7, 3, 3, 1, 1, 1, 1, 768, 2, 0, 0, 0, 0, 0, 0, 0, 0, 0, 0, 0, 0, 0]",6144,128,0.0,0.0,996879694,996922144,1019797906,1019978545,0,2399,511,565967,2,16401,178751,256,128,128,2
0,1,"[2, 256, 4, 4, 768, 0, 0, 0, 0, 0, 2, 768, 0, 0, 0, 0, 0, 0, 0, 0, 2, 768, 0, 0, 0, 0, 0, 0, 0, 0]",4096,128,0.0,0.0,997219777,997231178,1019979056,1020013360,0,576,576,565969,1,11401,34304,256,128,128,2
201,1,"[2, 256, 4, 4, 768, 0, 0, 0, 0, 0, 2, 3072, 768, 0, 0, 0, 0, 0, 0, 0, 2, 3072, 0, 0, 0, 0, 0, 0, 0, 0]",384,256,19327352832.0,21233664.0,997377755,997387470,1020013936,1020414765,49152,1248,1248,565970,1,9715,400829,256,128,128,2
201,1,"[2, 256, 4, 4, 768, 0, 0, 0, 0, 0, 2, 3072, 768, 0, 0, 0, 0, 0, 0, 0, 2, 3072, 0, 0, 0, 0, 0, 0, 0, 0]",24576,128,12582912.0,50331648.0,997406371,997412634,1020416013,1020535563,0,1,1,565974,1,6263,119550,256,128,128,2
166,1,"[2, 256, 4, 4, 3072, 0, 0, 0, 0, 0, 0, 0, 0, 0, 0, 0, 0, 0, 0, 0, 0, 0, 0, 0, 0, 0, 0, 0, 0, 0]",24576,128,0.0,0.0,997535937,997544121,1020535564,1020631852,0,1088,1088,565975,1,8184,96288,256,128,128,2
201,1,"[2, 256, 4, 4, 3072, 0, 0, 0, 0, 0, 2, 768, 3072, 0, 0, 0, 0, 0, 0, 0, 2, 768, 0, 0, 0, 0, 0, 0, 0, 0]",192,128,19327352832.0,30670848.0,997680700,997689878,1020632940,1021000201,32768,288,288,565976,1,9178,367261,256,128,128,2
201,1,"[2, 256, 4, 4, 3072, 0, 0, 0, 0, 0, 2, 768, 3072, 0, 0, 0, 0, 0, 0, 0, 2, 768, 0, 0, 0, 0, 0, 0, 0, 0]",6144,128,3145728.0,12582912.0,997709648,997716440,1021000489,1021033001,0,288,288,565980,1,6792,32512,256,128,128,2
23,1,"[2, 768, 1, 1, 0, 0, 0, 0, 0, 0, 0, 0, 0, 0, 0, 2, 256, 768, 4, 4, 0, 0, 0, 0, 0, 0, 0, 0, 0, 0]",6144,128,3145728.0,12584448.0,997931193,997941876,1021033289,1021065384,0,641,641,565982,1,10683,32095,256,128,128,2
234,1,"[2, 256, 1, 1, 1, 0, 0, 0, 0, 0, 0, 0, 0, 0, 0, 0, 0, 0, 0, 0, 0, 0, 0, 0, 0, 0, 0, 0, 0, 0]",6144,256,3145728.0,12583424.0,998085424,998293897,1021066025,1021102855,0,1825,1,565983,3,25948,35006,256,128,128,2
35,1,"[2, 256, 768, 4, 4, 0, 0, 0, 0, 0, 0, 0, 0, 0, 0, 2, 256, 768, 4, 4, 0, 0, 0, 0, 0, 0, 0, 0, 0, 0]",6144,128,3145728.0,18874368.0,998385273,998392560,1021102856,1021141032,0,672,672,565984,1,7287,38176,256,128,128,2
203,1,"[256, 768, 4, 4, 768, 4, 4, 7, 7, 3, 3, 1, 1, 1, 1, 768, 2, 0, 0, 0, 0, 0, 0, 0, 0, 0, 0, 0, 0, 0]",6144,128,0.0,0.0,998567478,998603234,1021141704,1021323591,0,1696,480,565985,2,16049,180671,256,128,128,2
0,1,"[2, 256, 4, 4, 768, 0, 0, 0, 0, 0, 2, 768, 0, 0, 0, 0, 0, 0, 0, 0, 2, 768, 0, 0, 0, 0, 0, 0, 0, 0]",4096,128,0.0,0.0,998903722,998915046,1021324071,1021358278,0,544,544,565987,1,11324,34207,256,128,128,2
201,1,"[2, 256, 4, 4, 768, 0, 0, 0, 0, 0, 2, 3072, 768, 0, 0, 0, 0, 0, 0, 0, 2, 3072, 0, 0, 0, 0, 0, 0, 0, 0]",384,256,19327352832.0,21233664.0,999051843,999061631,1021358822,1021758243,49152,1440,1440,565988,1,9788,399421,256,128,128,2
201,1,"[2, 256, 4, 4, 768, 0, 0, 0, 0, 0, 2, 3072, 768, 0, 0, 0, 0, 0, 0, 0, 2, 3072, 0, 0, 0, 0, 0, 0, 0, 0]",24576,128,12582912.0,50331648.0,999092226,999099113,1021759683,1021879074,0,1025,1025,565992,1,6887,119391,256,128,128,2
166,1,"[2, 256, 4, 4, 3072, 0, 0, 0, 0, 0, 0, 0, 0, 0, 0, 0, 0, 0, 0, 0, 0, 0, 0, 0, 0, 0, 0, 0, 0, 0]",24576,128,0.0,0.0,999214093,999223311,1021880099,1021975329,0,1,1,565993,1,9218,95230,256,128,128,2
201,1,"[2, 256, 4, 4, 3072, 0, 0, 0, 0, 0, 2, 768, 3072, 0, 0, 0, 0, 0, 0, 0, 2, 768, 0, 0, 0, 0, 0, 0, 0, 0]",192,128,19327352832.0,30670848.0,999361241,999370462,1021975330,1022341919,32768,1696,1696,565994,1,9221,366589,256,128,128,2
201,1,"[2, 256, 4, 4, 3072, 0, 0, 0, 0, 0, 2, 768, 3072, 0, 0, 0, 0, 0, 0, 0, 2, 768, 0, 0, 0, 0, 0, 0, 0, 0]",6144,128,3145728.0,12582912.0,999395605,999402566,1022343615,1022375807,0,544,544,565998,1,6961,32192,256,128,128,2
23,1,"[2, 768, 1, 1, 0, 0, 0, 0, 0, 0, 0, 0, 0, 0, 0, 2, 256, 768, 4, 4, 0, 0, 0, 0, 0, 0, 0, 0, 0, 0]",6144,128,3145728.0,12584448.0,999594435,999604141,1022376351,1022407455,0,1152,1152,566000,1,9706,31104,256,128,128,2
234,1,"[2, 256, 1, 1, 1, 0, 0, 0, 0, 0, 0, 0, 0, 0, 0, 0, 0, 0, 0, 0, 0, 0, 0, 0, 0, 0, 0, 0, 0, 0]",6144,256,3145728.0,12583424.0,999745177,999976762,1022408607,1022446110,0,929,320,566001,3,27033,36894,256,128,128,2
35,1,"[2, 256, 768, 4, 4, 0, 0, 0, 0, 0, 0, 0, 0, 0, 0, 2, 256, 768, 4, 4, 0, 0, 0, 0, 0, 0, 0, 0, 0, 0]",6144,128,3145728.0,18874368.0,1000072351,1000079474,1022446430,1022483230,0,1120,1120,566002,1,7123,36800,256,128,128,2
199,1,"[2, 256, 768, 4, 4, 0, 0, 0, 0, 0, 0, 0, 0, 0, 0, 0, 0, 0, 0, 0, 0, 0, 0, 0, 0, 0, 0, 0, 0, 0]",384,128,0.0,0.0,1000183749,1000192788,1022484350,1022501566,16,96,96,566003,1,9039,17216,256,128,128,2
0,1,"[2, 256, 1, 1, 768, 0, 0, 0, 0, 0, 2, 768, 0, 0, 0, 0, 0, 0, 0, 0, 2, 768, 0, 0, 0, 0, 0, 0, 0, 0]",256,128,0.0,0.0,1000556185,1000568303,1022501662,1022507806,0,2016,2016,566006,1,12118,6144,256,128,128,2
201,1,"[2, 256, 768, 0, 0, 0, 0, 0, 0, 0, 2, 515, 768, 0, 0, 0, 0, 0, 0, 0, 2, 515, 0, 0, 0, 0, 0, 0, 0, 0]",96,128,202506240.0,920576.0,1000892286,1000904620,1022509822,1022579037,0,448,448,566009,1,12334,69215,256,128,128,2
181,1,"[2, 256, 515, 0, 0, 0, 0, 0, 0, 0, 0, 0, 0, 0, 0, 4, 256, 515, 0, 0, 0, 0, 0, 0, 0, 0, 0, 0, 0, 0]",258,512,0.0,0.0,1001046586,1001190577,1022579485,1022604061,16,698939,694235,566011,5,46701,19872,256,128,128,2
181,2,"[2, 256, 515, 0, 0, 0, 0, 0, 0, 0, 0, 0, 0, 0, 0, 4, 256, 515, 0, 0, 0, 0, 0, 0, 0, 0, 0, 0, 0, 0]",515,128,0.0,0.0,1023264643,1023647788,1023298296,1023650294,0,1086551,745722,566011,4,89899,11169,256,128,128,2
0,2,"[2, 256, 1, 1, 768, 0, 0, 0, 0, 0, 2, 768, 0, 0, 0, 0, 0, 0, 0, 0, 2, 768, 0, 0, 0, 0, 0, 0, 0, 0]",256,256,0.0,0.0,1024381930,1024411597,1024396016,1024424720,0,471836,463324,566006,2,27525,20192,256,128,128,2
199,2,"[2, 256, 768, 4, 4, 0, 0, 0, 0, 0, 0, 0, 0, 0, 0, 0, 0, 0, 0, 0, 0, 0, 0, 0, 0, 0, 0, 0, 0, 0]",6144,128,0.0,0.0,1024873744,1024890832,1024888044,1024905132,0,84992,84992,566003,1,17088,17088,256,128,128,2
234,2,"[2, 256, 768, 4, 4, 0, 0, 0, 0, 0, 0, 0, 0, 0, 0, 2, 256, 1, 1, 1, 0, 0, 0, 0, 0, 0, 0, 0, 0, 0]",6144,128,3145728.0,18874368.0,1024977635,1024991923,1024990124,1025022283,0,31232,31232,566001,1,14288,32159,256,128,128,2
23,2,"[2, 768, 1, 1, 0, 0, 0, 0, 0, 0, 0, 0, 0, 0, 0, 2, 256, 768, 4, 4, 0, 0, 0, 0, 0, 0, 0, 0, 0, 0]",6144,128,3145728.0,18874368.0,1025042049,1025088434,1025053515,1025133323,0,1379605,1377557,566000,2,24440,77760,256,128,128,2
166,2,"[2, 256, 4, 4, 3072, 0, 0, 0, 0, 0, 0, 0, 0, 0, 0, 0, 0, 0, 0, 0, 0, 0, 0, 0, 0, 0, 0, 0, 0, 0]",24576,128,0.0,0.0,1025924232,1025937881,1026510880,1026650879,0,1038233,1038233,565993,1,13649,139999,256,128,128,2
0,2,"[2, 256, 4, 4, 768, 0, 0, 0, 0, 0, 2, 768, 0, 0, 0, 0, 0, 0, 0, 0, 2, 768, 0, 0, 0, 0, 0, 0, 0, 0]",4096,512,0.0,0.0,1026572731,1026598554,1027689112,1027772215,0,7296,6624,565987,2,23726,82431,256,128,128,2
203,2,"[256, 768, 4, 4, 768, 4, 4, 7, 7, 3, 3, 1, 1, 1, 1, 768, 2, 0, 0, 0, 0, 0, 0, 0, 0, 0, 0, 0, 0, 0]",6144,256,0.0,0.0,1026905803,1027190287,1027778839,1028358419,35328,55552,50976,565985,4,66187,575004,256,128,128,2
234,2,"[2, 256, 768, 4, 4, 0, 0, 0, 0, 0, 0, 0, 0, 0, 0, 2, 256, 1, 1, 1, 0, 0, 0, 0, 0, 0, 0, 0, 0, 0]",6144,128,3145728.0,18874368.0,1027453585,1027467456,1028409395,1028440114,0,576,576,565983,1,13871,30719,256,128,128,2
23,2,"[2, 768, 1, 1, 0, 0, 0, 0, 0, 0, 0, 0, 0, 0, 0, 2, 256, 768, 4, 4, 0, 0, 0, 0, 0, 0, 0, 0, 0, 0]",6144,128,3145728.0,18874368.0,1027520479,1027564483,1028440690,1028520018,0,1003160,1002104,565982,2,22743,78272,256,128,128,2
166,2,"[2, 256, 4, 4, 3072, 0, 0, 0, 0, 0, 0, 0, 0, 0, 0, 0, 0, 0, 0, 0, 0, 0, 0, 0, 0, 0, 0, 0, 0, 0]",24576,128,0.0,0.0,1028406325,1028420073,1029522122,1029661417,0,1037465,1037465,565975,1,13748,139295,256,128,128,2
0,2,"[2, 256, 4, 4, 768, 0, 0, 0, 0, 0, 2, 768, 0, 0, 0, 0, 0, 0, 0, 0, 2, 768, 0, 0, 0, 0, 0, 0, 0, 0]",4096,512,0.0,0.0,1029036900,1029062273,1030698882,1030780929,0,7040,6848,565969,2,23326,81855,256,128,128,2
203,2,"[256, 768, 4, 4, 768, 4, 4, 7, 7, 3, 3, 1, 1, 1, 1, 768, 2, 0, 0, 0, 0, 0, 0, 0, 0, 0, 0, 0, 0, 0]",6144,256,0.0,0.0,1029348715,1029601168,1030787777,1031369437,35328,54784,51327,565967,4,75670,578203,256,128,128,2
234,2,"[2, 256, 768, 4, 4, 0, 0, 0, 0, 0, 0, 0, 0, 0, 0, 2, 256, 1, 1, 1, 0, 0, 0, 0, 0, 0, 0, 0, 0, 0]",6144,128,3145728.0,18874368.0,1029857977,1029871172,1031420764,1031451356,0,1216,1216,565965,1,13195,30592,256,128,128,2
23,2,"[2, 768, 1, 1, 0, 0, 0, 0, 0, 0, 0, 0, 0, 0, 0, 2, 256, 768, 4, 4, 0, 0, 0, 0, 0, 0, 0, 0, 0, 0]",6144,128,3145728.0,18874368.0,1029924146,1029968854,1031452572,1031531227,0,996121,995513,565964,2,23718,78047,256,128,128,2
166,2,"[2, 256, 4, 4, 3072, 0, 0, 0, 0, 0, 0, 0, 0, 0, 0, 0, 0, 0, 0, 0, 0, 0, 0, 0, 0, 0, 0, 0, 0, 0]",24576,128,0.0,0.0,1030789077,1030803399,1032526740,1032667379,0,1036729,1036729,565957,1,14322,140639,256,128,128,2
0,2,"[2, 256, 4, 4, 768, 0, 0, 0, 0, 0, 2, 768, 0, 0, 0, 0, 0, 0, 0, 0, 2, 768, 0, 0, 0, 0, 0, 0, 0, 0]",4096,512,0.0,0.0,1031407308,1031431928,1033704108,1033786059,0,9216,7840,565951,2,22790,80575,256,128,128,2
203,2,"[256, 768, 4, 4, 768, 4, 4, 7, 7, 3, 3, 1, 1, 1, 1, 768, 2, 0, 0, 0, 0, 0, 0, 0, 0, 0, 0, 0, 0, 0]",6144,256,0.0,0.0,1031715363,1031970586,1033793899,1034373831,35328,56350,52287,565949,4,83828,575869,256,128,128,2
203,2,"[256, 384, 8, 8, 768, 4, 4, 2, 2, 0, 0, 2, 2, 1, 1, 1, 2, 0, 0, 0, 0, 0, 0, 0, 0, 0, 0, 0, 0, 0]",6144,512,0.0,0.0,1032266061,1032999331,1034426118,1035000514,16,45089,18432,565948,9,128666,547739,256,128,128,2
0,2,"[2, 256, 8, 8, 384, 0, 0, 0, 0, 0, 2, 384, 0, 0, 0, 0, 0, 0, 0, 0, 2, 384, 0, 0, 0, 0, 0, 0, 0, 0]",16384,512,0.0,0.0,1033269074,1033294849,1035018946,1035225792,0,8096,6688,565946,2,23961,205438,256,128,128,2
234,2,"[2, 256, 384, 8, 8, 0, 0, 0, 0, 0, 0, 0, 0, 0, 0, 2, 256, 1, 1, 1, 0, 0, 0, 0, 0, 0, 0, 0, 0, 0]",12288,128,6291456.0,37748736.0,1033514762,1033528945,1035232480,1035288768,0,512,512,565943,1,14183,56288,256,128,128,2
23,2,"[2, 384, 1, 1, 0, 0, 0, 0, 0, 0, 0, 0, 0, 0, 0, 2, 256, 384, 8, 8, 0, 0, 0, 0, 0, 0, 0, 0, 0, 0]",12288,128,6291456.0,37748736.0,1033589204,1033643830,1035289280,1035420351,0,910841,910425,565942,2,30116,130655,256,128,128,2
166,2,"[2, 256, 8, 8, 1536, 0, 0, 0, 0, 0, 0, 0, 0, 0, 0, 0, 0, 0, 0, 0, 0, 0, 0, 0, 0, 0, 0, 0, 0, 0]",49152,128,0.0,0.0,1034453096,1034466763,1036330776,1036606134,0,1028089,1028089,565935,1,13667,275358,256,128,128,2
0,2,"[2, 256, 8, 8, 384, 0, 0, 0, 0, 0, 2, 384, 0, 0, 0, 0, 0, 0, 0, 0, 2, 384, 0, 0, 0, 0, 0, 0, 0, 0]",16384,512,0.0,0.0,1035073029,1035097358,1037634223,1037836941,0,7808,6528,565929,2,22554,201438,256,128,128,2
203,2,"[256, 384, 8, 8, 384, 8, 8, 7, 7, 3, 3, 1, 1, 1, 1, 384, 2, 0, 0, 0, 0, 0, 0, 0, 0, 0, 0, 0, 0, 0]",6144,256,0.0,0.0,1035383030,1035610950,1037843469,1038529192,35328,76703,73695,565927,4,58567,682715,256,128,128,2
234,2,"[2, 256, 384, 8, 8, 0, 0, 0, 0, 0, 0, 0, 0, 0, 0, 2, 256, 1, 1, 1, 0, 0, 0, 0, 0, 0, 0, 0, 0, 0]",12288,128,6291456.0,37748736.0,1035918323,1035928416,1038602887,1038662278,0,1,1,565925,1,10093,59391,256,128,128,2
23,2,"[2, 384, 1, 1, 0, 0, 0, 0, 0, 0, 0, 0, 0, 0, 0, 2, 256, 384, 8, 8, 0, 0, 0, 0, 0, 0, 0, 0, 0, 0]",12288,128,6291456.0,37748736.0,1035965932,1035998675,1038662279,1038793382,0,910137,909625,565924,2,17921,130591,256,128,128,2
166,2,"[2, 256, 8, 8, 1536, 0, 0, 0, 0, 0, 0, 0, 0, 0, 0, 0, 0, 0, 0, 0, 0, 0, 0, 0, 0, 0, 0, 0, 0, 0]",49152,128,0.0,0.0,1036516503,1036525629,1039703007,1039980509,0,1026713,1026713,565917,1,9126,277502,256,128,128,2
0,2,"[2, 256, 8, 8, 384, 0, 0, 0, 0, 0, 2, 384, 0, 0, 0, 0, 0, 0, 0, 0, 2, 384, 0, 0, 0, 0, 0, 0, 0, 0]",16384,512,0.0,0.0,1036931634,1036949349,1041007222,1041209108,0,8416,6976,565911,2,16474,200446,256,128,128,2
203,2,"[256, 384, 8, 8, 384, 8, 8, 7, 7, 3, 3, 1, 1, 1, 1, 384, 2, 0, 0, 0, 0, 0, 0, 0, 0, 0, 0, 0, 0, 0]",6144,256,0.0,0.0,1037148409,1037321786,1041216084,1041904079,35328,78720,73888,565909,4,47369,683163,256,128,128,2
234,2,"[2, 256, 384, 8, 8, 0, 0, 0, 0, 0, 0, 0, 0, 0, 0, 2, 256, 1, 1, 1, 0, 0, 0, 0, 0, 0, 0, 0, 0, 0]",12288,128,6291456.0,37748736.0,1037536415,1037545397,1041977967,1042036846,0,512,512,565907,1,8982,58879,256,128,128,2
23,2,"[2, 384, 1, 1, 0, 0, 0, 0, 0, 0, 0, 0, 0, 0, 0, 2, 256, 384, 8, 8, 0, 0, 0, 0, 0, 0, 0, 0, 0, 0]",12288,128,6291456.0,37748736.0,1037581804,1037613234,1042037358,1042168365,0,911226,910778,565906,2,16980,130559,256,128,128,2
166,2,"[2, 256, 8, 8, 1536, 0, 0, 0, 0, 0, 0, 0, 0, 0, 0, 0, 0, 0, 0, 0, 0, 0, 0, 0, 0, 0, 0, 0, 0, 0]",49152,128,0.0,0.0,1038145540,1038154745,1043079143,1043357317,0,1029080,1029080,565899,1,9205,278174,256,128,128,2
0,2,"[2, 256, 8, 8, 384, 0, 0, 0, 0, 0, 2, 384, 0, 0, 0, 0, 0, 0, 0, 0, 2, 384, 0, 0, 0, 0, 0, 0, 0, 0]",16384,512,0.0,0.0,1038604919,1038625031,1044386397,1044586235,0,8384,6912,565893,2,18796,198366,256,128,128,2
203,2,"[256, 384, 8, 8, 384, 8, 8, 7, 7, 3, 3, 1, 1, 1, 1, 384, 2, 0, 0, 0, 0, 0, 0, 0, 0, 0, 0, 0, 0, 0]",6144,256,0.0,0.0,1038837872,1038989912,1044593147,1045277302,35328,78433,75840,565891,4,39229,681562,256,128,128,2
234,2,"[2, 256, 384, 8, 8, 0, 0, 0, 0, 0, 0, 0, 0, 0, 0, 2, 256, 1, 1, 1, 0, 0, 0, 0, 0, 0, 0, 0, 0, 0]",12288,128,6291456.0,37748736.0,1039173842,1039182751,1045353142,1045412213,0,224,224,565889,1,8909,59071,256,128,128,2
23,2,"[2, 384, 1, 1, 0, 0, 0, 0, 0, 0, 0, 0, 0, 0, 0, 2, 256, 384, 8, 8, 0, 0, 0, 0, 0, 0, 0, 0, 0, 0]",12288,128,6291456.0,37748736.0,1039217287,1039248888,1045412437,1045543540,0,910939,910938,565888,2,16750,131102,256,128,128,2
166,2,"[2, 256, 8, 8, 1536, 0, 0, 0, 0, 0, 0, 0, 0, 0, 0, 0, 0, 0, 0, 0, 0, 0, 0, 0, 0, 0, 0, 0, 0, 0]",49152,128,0.0,0.0,1039781210,1039789765,1046454478,1046731340,0,1027960,1027960,565881,1,8555,276862,256,128,128,2
0,2,"[2, 256, 8, 8, 384, 0, 0, 0, 0, 0, 2, 384, 0, 0, 0, 0, 0, 0, 0, 0, 2, 384, 0, 0, 0, 0, 0, 0, 0, 0]",16384,512,0.0,0.0,1040200184,1040217250,1047759300,1047961251,0,8416,7104,565875,2,15715,200639,256,128,128,2
203,2,"[256, 384, 8, 8, 384, 8, 8, 7, 7, 3, 3, 1, 1, 1, 1, 384, 2, 0, 0, 0, 0, 0, 0, 0, 0, 0, 0, 0, 0, 0]",6144,256,0.0,0.0,1040405164,1040554067,1047968355,1048655614,35328,78143,74079,565873,4,38095,683195,256,128,128,2
234,2,"[2, 256, 384, 8, 8, 0, 0, 0, 0, 0, 0, 0, 0, 0, 0, 2, 256, 1, 1, 1, 0, 0, 0, 0, 0, 0, 0, 0, 0, 0]",12288,128,6291456.0,37748736.0,1040736963,1040749483,1048729693,1048787549,0,1599,1599,565871,1,12520,57856,256,128,128,2
23,2,"[2, 384, 1, 1, 0, 0, 0, 0, 0, 0, 0, 0, 0, 0, 0, 2, 256, 384, 8, 8, 0, 0, 0, 0, 0, 0, 0, 0, 0, 0]",12288,128,6291456.0,37748736.0,1040792747,1040824994,1048789148,1048920316,0,911353,910713,565870,2,17243,130528,256,128,128,2
166,2,"[2, 256, 8, 8, 1536, 0, 0, 0, 0, 0, 0, 0, 0, 0, 0, 0, 0, 0, 0, 0, 0, 0, 0, 0, 0, 0, 0, 0, 0, 0]",49152,128,0.0,0.0,1041363080,1041372161,1049831029,1050108499,0,1029528,1029528,565863,1,9081,277470,256,128,128,2
0,2,"[2, 256, 8, 8, 384, 0, 0, 0, 0, 0, 2, 384, 0, 0, 0, 0, 0, 0, 0, 0, 2, 384, 0, 0, 0, 0, 0, 0, 0, 0]",16384,512,0.0,0.0,1041766286,1041782612,1051138027,1051339338,0,8032,7616,565857,2,15120,200895,256,128,128,2
203,2,"[256, 384, 8, 8, 384, 8, 8, 7, 7, 3, 3, 1, 1, 1, 1, 384, 2, 0, 0, 0, 0, 0, 0, 0, 0, 0, 0, 0, 0, 0]",6144,256,0.0,0.0,1042005614,1042170737,1051346954,1052031557,35328,79551,75775,565855,4,40582,680827,256,128,128,2
234,2,"[2, 256, 384, 8, 8, 0, 0, 0, 0, 0, 0, 0, 0, 0, 0, 2, 256, 1, 1, 1, 0, 0, 0, 0, 0, 0, 0, 0, 0, 0]",12288,128,6291456.0,37748736.0,1042355142,1042364555,1052107332,1052166724,0,1024,1024,565853,1,9413,59392,256,128,128,2
23,2,"[2, 384, 1, 1, 0, 0, 0, 0, 0, 0, 0, 0, 0, 0, 0, 2, 256, 384, 8, 8, 0, 0, 0, 0, 0, 0, 0, 0, 0, 0]",12288,128,6291456.0,37748736.0,1042399635,1042429555,1052167748,1052297795,0,912473,911321,565852,2,15843,128895,256,128,128,2
166,2,"[2, 256, 8, 8, 1536, 0, 0, 0, 0, 0, 0, 0, 0, 0, 0, 0, 0, 0, 0, 0, 0, 0, 0, 0, 0, 0, 0, 0, 0, 0]",49152,128,0.0,0.0,1042950865,1042959321,1053209116,1053485626,0,1030104,1030104,565845,1,8456,276510,256,128,128,2
0,2,"[2, 256, 8, 8, 384, 0, 0, 0, 0, 0, 2, 384, 0, 0, 0, 0, 0, 0, 0, 0, 2, 384, 0, 0, 0, 0, 0, 0, 0, 0]",16384,512,0.0,0.0,1043381732,1043398259,1054515730,1054716464,0,7777,7201,565839,2,15327,200158,256,128,128,2
203,2,"[256, 384, 8, 8, 384, 8, 8, 7, 7, 3, 3, 1, 1, 1, 1, 384, 2, 0, 0, 0, 0, 0, 0, 0, 0, 0, 0, 0, 0, 0]",6144,256,0.0,0.0,1043587274,1043737754,1054723665,1055408556,35328,77055,73855,565837,4,38875,681691,256,128,128,2
234,2,"[2, 256, 384, 8, 8, 0, 0, 0, 0, 0, 0, 0, 0, 0, 0, 2, 256, 1, 1, 1, 0, 0, 0, 0, 0, 0, 0, 0, 0, 0]",12288,128,6291456.0,37748736.0,1043935420,1043945314,1055482411,1055541643,0,288,288,565835,1,9894,59232,256,128,128,2
23,2,"[2, 384, 1, 1, 0, 0, 0, 0, 0, 0, 0, 0, 0, 0, 0, 2, 256, 384, 8, 8, 0, 0, 0, 0, 0, 0, 0, 0, 0, 0]",12288,128,6291456.0,37748736.0,1043980562,1044010835,1055541931,1055672874,0,908984,908921,565834,2,16014,130880,256,128,128,2
166,2,"[2, 256, 8, 8, 1536, 0, 0, 0, 0, 0, 0, 0, 0, 0, 0, 0, 0, 0, 0, 0, 0, 0, 0, 0, 0, 0, 0, 0, 0, 0]",49152,128,0.0,0.0,1044555537,1044566003,1056581795,1056858656,0,1029946,1029946,565827,1,10466,276861,256,128,128,2
0,2,"[2, 256, 8, 8, 384, 0, 0, 0, 0, 0, 2, 384, 0, 0, 0, 0, 0, 0, 0, 0, 2, 384, 0, 0, 0, 0, 0, 0, 0, 0]",16384,512,0.0,0.0,1044973898,1044990928,1057888602,1058093559,0,8449,7361,565821,2,15821,203869,256,128,128,2
203,2,"[256, 384, 8, 8, 384, 8, 8, 7, 7, 3, 3, 1, 1, 1, 1, 384, 2, 0, 0, 0, 0, 0, 0, 0, 0, 0, 0, 0, 0, 0]",6144,256,0.0,0.0,1045189970,1045297383,1058100920,1058785811,35328,80960,75264,565819,4,28029,679195,256,128,128,2
234,2,"[2, 256, 384, 8, 8, 0, 0, 0, 0, 0, 0, 0, 0, 0, 0, 2, 256, 1, 1, 1, 0, 0, 0, 0, 0, 0, 0, 0, 0, 0]",12288,128,6291456.0,37748736.0,1045417284,1045423761,1058861075,1058918930,0,1408,1408,565817,1,6477,57855,256,128,128,2
23,2,"[2, 384, 1, 1, 0, 0, 0, 0, 0, 0, 0, 0, 0, 0, 0, 2, 256, 384, 8, 8, 0, 0, 0, 0, 0, 0, 0, 0, 0, 0]",12288,128,6291456.0,37748736.0,1045448229,1045469547,1058920338,1059051121,0,908793,907577,565816,2,11287,129567,256,128,128,2
166,2,"[2, 256, 8, 8, 1536, 0, 0, 0, 0, 0, 0, 0, 0, 0, 0, 0, 0, 0, 0, 0, 0, 0, 0, 0, 0, 0, 0, 0, 0, 0]",49152,128,0.0,0.0,1045875739,1045881946,1059958698,1060235784,0,1027673,1027673,565809,1,6207,277086,256,128,128,2
0,2,"[2, 256, 8, 8, 384, 0, 0, 0, 0, 0, 2, 384, 0, 0, 0, 0, 0, 0, 0, 0, 2, 384, 0, 0, 0, 0, 0, 0, 0, 0]",16384,512,0.0,0.0,1046167967,1046180381,1061263457,1061464287,0,6912,6432,565803,2,11580,200350,256,128,128,2
203,2,"[256, 384, 8, 8, 384, 8, 8, 7, 7, 3, 3, 1, 1, 1, 1, 384, 2, 0, 0, 0, 0, 0, 0, 0, 0, 0, 0, 0, 0, 0]",6144,256,0.0,0.0,1046312665,1046418656,1061470719,1062158842,35328,79233,74944,565801,4,27665,683834,256,128,128,2
234,2,"[2, 256, 384, 8, 8, 0, 0, 0, 0, 0, 0, 0, 0, 0, 0, 2, 256, 1, 1, 1, 0, 0, 0, 0, 0, 0, 0, 0, 0, 0]",12288,128,6291456.0,37748736.0,1046546542,1046552843,1062233786,1062291961,0,1024,1024,565799,1,6301,58175,256,128,128,2
23,2,"[2, 384, 1, 1, 0, 0, 0, 0, 0, 0, 0, 0, 0, 0, 0, 2, 256, 384, 8, 8, 0, 0, 0, 0, 0, 0, 0, 0, 0, 0]",12288,128,6291456.0,37748736.0,1046576871,1046597138,1062292985,1062423032,0,910842,910841,565798,2,10793,130046,256,128,128,2
166,2,"[2, 256, 8, 8, 1536, 0, 0, 0, 0, 0, 0, 0, 0, 0, 0, 0, 0, 0, 0, 0, 0, 0, 0, 0, 0, 0, 0, 0, 0, 0]",49152,128,0.0,0.0,1046981220,1046987301,1063333873,1063610511,0,1026169,1026169,565791,1,6081,276638,256,128,128,2
0,2,"[2, 256, 8, 8, 384, 0, 0, 0, 0, 0, 2, 384, 0, 0, 0, 0, 0, 0, 0, 0, 2, 384, 0, 0, 0, 0, 0, 0, 0, 0]",16384,512,0.0,0.0,1047284655,1047295967,1064636680,1064835238,0,7776,6464,565785,2,10490,197246,256,128,128,2
203,2,"[256, 384, 8, 8, 384, 8, 8, 7, 7, 3, 3, 1, 1, 1, 1, 384, 2, 0, 0, 0, 0, 0, 0, 0, 0, 0, 0, 0, 0, 0]",6144,256,0.0,0.0,1047433839,1047542777,1064841702,1065528961,35328,79072,74560,565783,4,27433,682747,256,128,128,2
203,2,"[256, 192, 16, 16, 384, 8, 8, 2, 2, 0, 0, 2, 2, 1, 1, 1, 2, 0, 0, 0, 0, 0, 0, 0, 0, 0, 0, 0, 0, 0]",576,256,0.0,0.0,1047672890,1048054418,1065603521,1066285532,16,33601,11840,565782,8,58545,660250,256,128,128,2
0,2,"[2, 256, 16, 16, 192, 0, 0, 0, 0, 0, 2, 192, 0, 0, 0, 0, 0, 0, 0, 0, 2, 192, 0, 0, 0, 0, 0, 0, 0, 0]",65536,512,0.0,0.0,1048186710,1048198881,1066297372,1066985047,0,8128,6592,565780,2,11286,686139,256,128,128,2
234,2,"[2, 256, 192, 16, 16, 0, 0, 0, 0, 0, 0, 0, 0, 0, 0, 2, 256, 1, 1, 1, 0, 0, 0, 0, 0, 0, 0, 0, 0, 0]",24576,128,12582912.0,75497472.0,1048315254,1048322366,1066991639,1067102454,0,288,288,565777,1,7112,110815,256,128,128,2
23,2,"[2, 192, 1, 1, 0, 0, 0, 0, 0, 0, 0, 0, 0, 0, 0, 2, 256, 192, 16, 16, 0, 0, 0, 0, 0, 0, 0, 0, 0, 0]",24576,128,12582912.0,75497472.0,1048352816,1048375206,1067102742,1067356628,0,1139896,1139256,565776,2,12036,253246,256,128,128,2
166,2,"[2, 256, 16, 16, 768, 0, 0, 0, 0, 0, 0, 0, 0, 0, 0, 0, 0, 0, 0, 0, 0, 0, 0, 0, 0, 0, 0, 0, 0, 0]",98304,128,0.0,0.0,1048762803,1048769335,1068495884,1069045512,0,1288886,1288886,565769,1,6532,549628,256,128,128,2
0,2,"[2, 256, 16, 16, 192, 0, 0, 0, 0, 0, 2, 192, 0, 0, 0, 0, 0, 0, 0, 0, 2, 192, 0, 0, 0, 0, 0, 0, 0, 0]",65536,512,0.0,0.0,1049086646,1049101519,1070334398,1071036857,0,8384,8064,565763,2,13833,702139,256,128,128,2
203,2,"[256, 192, 16, 16, 192, 16, 16, 7, 7, 3, 3, 1, 1, 1, 1, 192, 2, 0, 0, 0, 0, 0, 0, 0, 0, 0, 0, 0, 0, 0]",12288,256,0.0,0.0,1049254435,1049366196,1071044921,1072172497,35328,147711,142750,565761,4,28609,1122615,256,128,128,2
234,2,"[2, 256, 192, 16, 16, 0, 0, 0, 0, 0, 0, 0, 0, 0, 0, 2, 256, 1, 1, 1, 0, 0, 0, 0, 0, 0, 0, 0, 0, 0]",24576,128,12582912.0,75497472.0,1049489610,1049496263,1072315247,1072428911,0,576,576,565759,1,6653,113664,256,128,128,2
23,2,"[2, 192, 1, 1, 0, 0, 0, 0, 0, 0, 0, 0, 0, 0, 0, 2, 256, 192, 16, 16, 0, 0, 0, 0, 0, 0, 0, 0, 0, 0]",24576,128,12582912.0,75497472.0,1049520973,1049542426,1072429487,1072682669,0,1138551,1137367,565758,2,11640,251998,256,128,128,2
166,2,"[2, 256, 16, 16, 768, 0, 0, 0, 0, 0, 0, 0, 0, 0, 0, 0, 0, 0, 0, 0, 0, 0, 0, 0, 0, 0, 0, 0, 0, 0]",98304,128,0.0,0.0,1049937568,1049944022,1073820036,1074368928,0,1289303,1289303,565751,1,6454,548892,256,128,128,2
0,2,"[2, 256, 16, 16, 192, 0, 0, 0, 0, 0, 2, 192, 0, 0, 0, 0, 0, 0, 0, 0, 2, 192, 0, 0, 0, 0, 0, 0, 0, 0]",65536,512,0.0,0.0,1050249982,1050262418,1075658231,1076340530,0,6689,6688,565745,2,11592,682298,256,128,128,2
203,2,"[256, 192, 16, 16, 192, 16, 16, 7, 7, 3, 3, 1, 1, 1, 1, 192, 2, 0, 0, 0, 0, 0, 0, 0, 0, 0, 0, 0, 0, 0]",12288,256,0.0,0.0,1050398291,1050507388,1076347218,1077479817,35328,147648,143328,565743,4,28214,1128279,256,128,128,2
234,2,"[2, 256, 192, 16, 16, 0, 0, 0, 0, 0, 0, 0, 0, 0, 0, 2, 256, 1, 1, 1, 0, 0, 0, 0, 0, 0, 0, 0, 0, 0]",24576,128,12582912.0,75497472.0,1050631504,1050638154,1077623145,1077735816,0,1503,1503,565741,1,6650,112671,256,128,128,2
23,2,"[2, 192, 1, 1, 0, 0, 0, 0, 0, 0, 0, 0, 0, 0, 0, 2, 256, 192, 16, 16, 0, 0, 0, 0, 0, 0, 0, 0, 0, 0]",24576,128,12582912.0,75497472.0,1050663816,1050686090,1077737319,1077990982,0,1129111,1129047,565740,2,11897,253599,256,128,128,2
166,2,"[2, 256, 16, 16, 768, 0, 0, 0, 0, 0, 0, 0, 0, 0, 0, 0, 0, 0, 0, 0, 0, 0, 0, 0, 0, 0, 0, 0, 0, 0]",98304,128,0.0,0.0,1051095376,1051101796,1079120029,1079670329,0,1275703,1275703,565733,1,6420,550300,256,128,128,2
0,2,"[2, 256, 16, 16, 192, 0, 0, 0, 0, 0, 2, 192, 0, 0, 0, 0, 0, 0, 0, 0, 2, 192, 0, 0, 0, 0, 0, 0, 0, 0]",65536,512,0.0,0.0,1051410978,1051423672,1080946032,1081655659,0,8416,7840,565727,2,11829,709051,256,128,128,2
203,2,"[256, 192, 16, 16, 192, 16, 16, 7, 7, 3, 3, 1, 1, 1, 1, 192, 2, 0, 0, 0, 0, 0, 0, 0, 0, 0, 0, 0, 0, 0]",12288,256,0.0,0.0,1051561371,1051670235,1081663499,1082780003,35328,146879,143582,565725,4,28702,1113207,256,128,128,2
203,2,"[256, 96, 32, 32, 192, 16, 16, 2, 2, 0, 0, 2, 2, 1, 1, 1, 2, 0, 0, 0, 0, 0, 0, 0, 0, 0, 0, 0, 0, 0]",2048,256,0.0,0.0,1051804715,1052143208,1082923585,1084301655,16,23649,10016,565724,8,51676,1364437,256,128,128,2
0,2,"[2, 256, 32, 32, 96, 0, 0, 0, 0, 0, 2, 96, 0, 0, 0, 0, 0, 0, 0, 0, 2, 96, 0, 0, 0, 0, 0, 0, 0, 0]",262144,512,0.0,0.0,1052300002,1052316784,1084311671,1086895780,0,6721,6720,565722,2,15773,2584108,256,128,128,2
234,2,"[2, 256, 96, 32, 32, 0, 0, 0, 0, 0, 0, 0, 0, 0, 0, 2, 256, 1, 1, 1, 0, 0, 0, 0, 0, 0, 0, 0, 0, 0]",49152,128,25165824.0,150994944.0,1052429368,1052436176,1086902500,1087120995,0,543,543,565719,1,6808,218495,256,128,128,2
23,2,"[2, 96, 1, 1, 0, 0, 0, 0, 0, 0, 0, 0, 0, 0, 0, 2, 256, 96, 32, 32, 0, 0, 0, 0, 0, 0, 0, 0, 0, 0]",49152,128,25165824.0,150994944.0,1052461284,1052482727,1087121538,1087619391,0,1323734,1323030,565718,2,11056,497149,256,128,128,2
166,2,"[2, 256, 32, 32, 384, 0, 0, 0, 0, 0, 0, 0, 0, 0, 0, 0, 0, 0, 0, 0, 0, 0, 0, 0, 0, 0, 0, 0, 0, 0]",196608,128,0.0,0.0,1052888269,1052894736,1088942421,1090039661,0,1415670,1415670,565711,1,6467,1097240,256,128,128,2
0,2,"[2, 256, 32, 32, 96, 0, 0, 0, 0, 0, 2, 96, 0, 0, 0, 0, 0, 0, 0, 0, 2, 96, 0, 0, 0, 0, 0, 0, 0, 0]",262144,512,0.0,0.0,1053200309,1053213309,1091455331,1094050000,0,7392,6208,565705,2,12194,2593485,256,128,128,2
203,2,"[256, 96, 32, 32, 96, 32, 32, 7, 7, 3, 3, 1, 1, 1, 1, 96, 2, 0, 0, 0, 0, 0, 0, 0, 0, 0, 0, 0, 0, 0]",24576,256,0.0,0.0,1053350610,1053460120,1094056208,1096141023,35328,284159,279583,565703,4,29089,2080239,256,128,128,2
234,2,"[2, 256, 96, 32, 32, 0, 0, 0, 0, 0, 0, 0, 0, 0, 0, 2, 256, 1, 1, 1, 0, 0, 0, 0, 0, 0, 0, 0, 0, 0]",49152,128,25165824.0,150994944.0,1053586055,1053593111,1096420606,1096640765,0,1152,1152,565701,1,7056,220159,256,128,128,2
23,2,"[2, 96, 1, 1, 0, 0, 0, 0, 0, 0, 0, 0, 0, 0, 0, 2, 256, 96, 32, 32, 0, 0, 0, 0, 0, 0, 0, 0, 0, 0]",49152,128,25165824.0,150994944.0,1053616951,1053637712,1096641917,1097140089,0,1314294,1313110,565700,2,10724,496988,256,128,128,2
166,2,"[2, 256, 32, 32, 384, 0, 0, 0, 0, 0, 0, 0, 0, 0, 0, 0, 0, 0, 0, 0, 0, 0, 0, 0, 0, 0, 0, 0, 0, 0]",196608,128,0.0,0.0,1054046901,1054053654,1098453199,1099552711,0,1396886,1396886,565693,1,6753,1099512,256,128,128,2
0,2,"[2, 256, 32, 32, 96, 0, 0, 0, 0, 0, 2, 96, 0, 0, 0, 0, 0, 0, 0, 0, 2, 96, 0, 0, 0, 0, 0, 0, 0, 0]",262144,512,0.0,0.0,1054338142,1054349752,1100949597,1103501514,0,7136,6112,565687,2,10795,2550893,256,128,128,2
203,2,"[256, 96, 32, 32, 96, 32, 32, 7, 7, 3, 3, 1, 1, 1, 1, 96, 2, 0, 0, 0, 0, 0, 0, 0, 0, 0, 0, 0, 0, 0]",24576,256,0.0,0.0,1054486035,1054593211,1103507626,1105555643,35328,286718,280382,565685,4,28319,2041681,256,128,128,2
23,2,"[2, 96, 1, 1, 0, 0, 0, 0, 0, 0, 0, 0, 0, 0, 0, 2, 256, 96, 32, 32, 0, 0, 0, 0, 0, 0, 0, 0, 0, 0]",49152,128,25165824.0,150994944.0,1054725226,1054747642,1105836025,1106331829,0,1301495,1300823,565683,2,12071,495132,256,128,128,2
166,2,"[2, 256, 32, 32, 384, 0, 0, 0, 0, 0, 0, 0, 0, 0, 0, 0, 0, 0, 0, 0, 0, 0, 0, 0, 0, 0, 0, 0, 0, 0]",196608,128,0.0,0.0,1055149813,1055156232,1107632652,1108732068,0,1400629,1400629,565676,1,6419,1099416,256,128,128,2
0,2,"[2, 256, 32, 32, 96, 0, 0, 0, 0, 0, 2, 96, 0, 0, 0, 0, 0, 0, 0, 0, 2, 96, 0, 0, 0, 0, 0, 0, 0, 0]",262144,512,0.0,0.0,1055405003,1055414700,1110132697,1112711302,0,7936,7648,565670,2,9012,2578317,256,128,128,2
203,2,"[256, 96, 32, 32, 96, 32, 32, 7, 7, 3, 3, 1, 1, 1, 1, 96, 2, 0, 0, 0, 0, 0, 0, 0, 0, 0, 0, 0, 0, 0]",24576,256,0.0,0.0,1055530368,1055621970,1112718950,1114769527,35328,284350,279582,565668,4,24839,2045809,256,128,128,2
0,2,"[2, 256, 32, 32, 96, 0, 0, 0, 0, 0, 2, 96, 0, 0, 0, 0, 0, 0, 0, 0, 2, 96, 0, 0, 0, 0, 0, 0, 0, 0]",262144,512,0.0,0.0,1055741645,1055774906,1115049109,1118027838,0,8481,6657,565666,3,14899,2976905,256,128,128,2
203,2,"[256, 3, 128, 128, 96, 32, 32, 4, 4, 0, 0, 4, 4, 1, 1, 1, 2, 0, 0, 0, 0, 0, 0, 0, 0, 0, 0, 0, 0, 0]",131072,256,0.0,0.0,1055860983,1056064772,1118034495,1119642835,2112,15039,7040,565664,6,46163,1600341,256,128,128,2
16,3,"[2, 96, 3, 4, 4, 0, 0, 0, 0, 0, 0, 0, 0, 0, 0, 4, 0, 0, 0, 0, 0, 0, 0, 0, 0, 0, 0, 0, 0, 0]",9,128,4608.0,18436.0,1057200841,1057230719,1119649875,1119651923,0,288,288,-1,1,29878,2048,256,128,128,2
12,3,"[2, 96, 3, 4, 4, 0, 0, 0, 0, 0, 0, 0, 0, 0, 0, 2, 96, 3, 4, 4, 0, 0, 0, 0, 0, 0, 0, 0, 0, 0]",9,128,4608.0,27648.0,1057388297,1057405317,1119652211,1119653971,0,1120,1120,-1,1,17020,1760,256,128,128,2
12,3,"[2, 96, 3, 4, 4, 0, 0, 0, 0, 0, 0, 0, 0, 0, 0, 2, 96, 3, 4, 4, 0, 0, 0, 0, 0, 0, 0, 0, 0, 0]",9,128,4608.0,27648.0,1057549551,1057563846,1119655091,1119657139,0,608,608,-1,1,14295,2048,256,128,128,2
16,3,"[2, 96, 0, 0, 0, 0, 0, 0, 0, 0, 0, 0, 0, 0, 0, 4, 0, 0, 0, 0, 0, 0, 0, 0, 0, 0, 0, 0, 0, 0]",1,128,96.0,388.0,1057713667,1057729719,1119657747,1119659731,0,384,384,-1,1,16052,1984,256,128,128,2
12,3,"[2, 96, 0, 0, 0, 0, 0, 0, 0, 0, 0, 0, 0, 0, 0, 2, 96, 0, 0, 0, 0, 0, 0, 0, 0, 0, 0, 0, 0, 0]",1,128,96.0,576.0,1057866482,1057879821,1119660115,1119662163,0,288,288,-1,1,13339,2048,256,128,128,2
12,3,"[2, 96, 0, 0, 0, 0, 0, 0, 0, 0, 0, 0, 0, 0, 0, 2, 96, 0, 0, 0, 0, 0, 0, 0, 0, 0, 0, 0, 0, 0]",1,128,96.0,576.0,1058013172,1058025697,1119662451,1119664211,0,1280,1280,-1,1,12525,1760,256,128,128,2
16,3,"[2, 96, 0, 0, 0, 0, 0, 0, 0, 0, 0, 0, 0, 0, 0, 4, 0, 0, 0, 0, 0, 0, 0, 0, 0, 0, 0, 0, 0, 0]",1,128,96.0,388.0,1058156012,1058168997,1119665491,1119667475,0,608,608,-1,1,12985,1984,256,128,128,2
12,3,"[2, 96, 0, 0, 0, 0, 0, 0, 0, 0, 0, 0, 0, 0, 0, 2, 96, 0, 0, 0, 0, 0, 0, 0, 0, 0, 0, 0, 0, 0]",1,128,96.0,576.0,1058299519,1058312437,1119668083,1119670099,0,288,288,-1,1,12918,2016,256,128,128,2
12,3,"[2, 96, 0, 0, 0, 0, 0, 0, 0, 0, 0, 0, 0, 0, 0, 2, 96, 0, 0, 0, 0, 0, 0, 0, 0, 0, 0, 0, 0, 0]",1,128,96.0,576.0,1058453919,1058466843,1119670387,1119672403,0,640,640,-1,1,12924,2016,256,128,128,2
16,3,"[2, 96, 0, 0, 0, 0, 0, 0, 0, 0, 0, 0, 0, 0, 0, 4, 0, 0, 0, 0, 0, 0, 0, 0, 0, 0, 0, 0, 0, 0]",1,128,96.0,388.0,1058596180,1058621911,1119673043,1119674451,0,1472,1472,-1,1,25731,1408,256,128,128,2
12,3,"[2, 96, 0, 0, 0, 0, 0, 0, 0, 0, 0, 0, 0, 0, 0, 2, 96, 0, 0, 0, 0, 0, 0, 0, 0, 0, 0, 0, 0, 0]",1,128,96.0,576.0,1058754154,1058766773,1119675923,1119677907,0,544,544,-1,1,12619,1984,256,128,128,2
12,3,"[2, 96, 0, 0, 0, 0, 0, 0, 0, 0, 0, 0, 0, 0, 0, 2, 96, 0, 0, 0, 0, 0, 0, 0, 0, 0, 0, 0, 0, 0]",1,128,96.0,576.0,1058898638,1058911346,1119678451,1119680435,0,160,160,-1,1,12708,1984,256,128,128,2
16,3,"[2, 96, 1, 1, 0, 0, 0, 0, 0, 0, 0, 0, 0, 0, 0, 4, 0, 0, 0, 0, 0, 0, 0, 0, 0, 0, 0, 0, 0, 0]",1,128,96.0,388.0,1059044085,1059056625,1119680595,1119682642,0,1,1,-1,1,12540,2047,256,128,128,2
12,3,"[2, 96, 1, 1, 0, 0, 0, 0, 0, 0, 0, 0, 0, 0, 0, 2, 96, 1, 1, 0, 0, 0, 0, 0, 0, 0, 0, 0, 0, 0]",1,128,96.0,576.0,1059185769,1059198283,1119682643,1119684691,0,1344,1344,-1,1,12514,2048,256,128,128,2
12,3,"[2, 96, 1, 1, 0, 0, 0, 0, 0, 0, 0, 0, 0, 0, 0, 2, 96, 1, 1, 0, 0, 0, 0, 0, 0, 0, 0, 0, 0, 0]",1,128,96.0,576.0,1059327993,1059340256,1119686035,1119688019,0,672,672,-1,1,12263,1984,256,128,128,2
16,3,"[2, 96, 1, 7, 7, 0, 0, 0, 0, 0, 0, 0, 0, 0, 0, 4, 0, 0, 0, 0, 0, 0, 0, 0, 0, 0, 0, 0, 0, 0]",10,128,4704.0,18820.0,1059470435,1059483340,1119688691,1119690707,0,288,288,-1,1,12905,2016,256,128,128,2
12,3,"[2, 96, 1, 7, 7, 0, 0, 0, 0, 0, 0, 0, 0, 0, 0, 2, 96, 1, 7, 7, 0, 0, 0, 0, 0, 0, 0, 0, 0, 0]",10,128,4704.0,28224.0,1059628267,1059641085,1119690995,1119692883,0,1152,1152,-1,1,12818,1888,256,128,128,2
12,3,"[2, 96, 1, 7, 7, 0, 0, 0, 0, 0, 0, 0, 0, 0, 0, 2, 96, 1, 7, 7, 0, 0, 0, 0, 0, 0, 0, 0, 0, 0]",10,128,4704.0,28224.0,1059772538,1059785369,1119694035,1119696083,0,640,640,-1,1,12831,2048,256,128,128,2
16,3,"[2, 96, 0, 0, 0, 0, 0, 0, 0, 0, 0, 0, 0, 0, 0, 4, 0, 0, 0, 0, 0, 0, 0, 0, 0, 0, 0, 0, 0, 0]",1,128,96.0,388.0,1059936566,1059950512,1119696723,1119698707,0,288,288,-1,1,13946,1984,256,128,128,2
12,3,"[2, 96, 0, 0, 0, 0, 0, 0, 0, 0, 0, 0, 0, 0, 0, 2, 96, 0, 0, 0, 0, 0, 0, 0, 0, 0, 0, 0, 0, 0]",1,128,96.0,576.0,1060082507,1060095486,1119698995,1119701075,0,480,480,-1,1,12979,2080,256,128,128,2
12,3,"[2, 96, 0, 0, 0, 0, 0, 0, 0, 0, 0, 0, 0, 0, 0, 2, 96, 0, 0, 0, 0, 0, 0, 0, 0, 0, 0, 0, 0, 0]",1,128,96.0,576.0,1060225560,1060237490,1119701555,1119703123,0,1376,1376,-1,1,11930,1568,256,128,128,2
16,3,"[2, 96, 0, 0, 0, 0, 0, 0, 0, 0, 0, 0, 0, 0, 0, 4, 0, 0, 0, 0, 0, 0, 0, 0, 0, 0, 0, 0, 0, 0]",1,128,96.0,388.0,1060367095,1060380261,1119704499,1119706515,0,672,672,-1,1,13166,2016,256,128,128,2
12,3,"[2, 96, 0, 0, 0, 0, 0, 0, 0, 0, 0, 0, 0, 0, 0, 2, 96, 0, 0, 0, 0, 0, 0, 0, 0, 0, 0, 0, 0, 0]",1,128,96.0,576.0,1060519043,1060532307,1119707187,1119709171,0,64,64,-1,1,13264,1984,256,128,128,2
12,3,"[2, 96, 0, 0, 0, 0, 0, 0, 0, 0, 0, 0, 0, 0, 0, 2, 96, 0, 0, 0, 0, 0, 0, 0, 0, 0, 0, 0, 0, 0]",1,128,96.0,576.0,1060661281,1060673927,1119709235,1119711315,0,1056,1056,-1,1,12646,2080,256,128,128,2
16,3,"[2, 96, 0, 0, 0, 0, 0, 0, 0, 0, 0, 0, 0, 0, 0, 4, 0, 0, 0, 0, 0, 0, 0, 0, 0, 0, 0, 0, 0, 0]",1,128,96.0,388.0,1060801096,1060813388,1119712371,1119714387,0,576,576,-1,1,12292,2016,256,128,128,2
12,3,"[2, 96, 0, 0, 0, 0, 0, 0, 0, 0, 0, 0, 0, 0, 0, 2, 96, 0, 0, 0, 0, 0, 0, 0, 0, 0, 0, 0, 0, 0]",1,128,96.0,576.0,1060942714,1060954831,1119714963,1119716947,0,512,512,-1,1,12117,1984,256,128,128,2
12,3,"[2, 96, 0, 0, 0, 0, 0, 0, 0, 0, 0, 0, 0, 0, 0, 2, 96, 0, 0, 0, 0, 0, 0, 0, 0, 0, 0, 0, 0, 0]",1,128,96.0,576.0,1061081617,1061094078,1119717459,1119719507,0,288,288,-1,1,12461,2048,256,128,128,2
16,3,"[2, 384, 96, 0, 0, 0, 0, 0, 0, 0, 0, 0, 0, 0, 0, 4, 0, 0, 0, 0, 0, 0, 0, 0, 0, 0, 0, 0, 0, 0]",72,128,36864.0,147460.0,1061223104,1061235569,1119719795,1119721555,0,1408,1408,-1,1,12465,1760,256,128,128,2
12,3,"[2, 384, 96, 0, 0, 0, 0, 0, 0, 0, 0, 0, 0, 0, 0, 2, 384, 96, 0, 0, 0, 0, 0, 0, 0, 0, 0, 0, 0, 0]",72,128,36864.0,221184.0,1061365174,1061377528,1119722963,1119725139,0,480,480,-1,1,12354,2176,256,128,128,2
12,3,"[2, 384, 96, 0, 0, 0, 0, 0, 0, 0, 0, 0, 0, 0, 0, 2, 384, 96, 0, 0, 0, 0, 0, 0, 0, 0, 0, 0, 0, 0]",72,128,36864.0,221184.0,1061521433,1061534191,1119725619,1119727699,0,1408,1408,-1,1,12758,2080,256,128,128,2
16,3,"[2, 384, 0, 0, 0, 0, 0, 0, 0, 0, 0, 0, 0, 0, 0, 4, 0, 0, 0, 0, 0, 0, 0, 0, 0, 0, 0, 0, 0, 0]",1,128,384.0,1540.0,1061661852,1061674177,1119729107,1119731123,0,640,640,-1,1,12325,2016,256,128,128,2
12,3,"[2, 384, 0, 0, 0, 0, 0, 0, 0, 0, 0, 0, 0, 0, 0, 2, 384, 0, 0, 0, 0, 0, 0, 0, 0, 0, 0, 0, 0, 0]",1,128,384.0,2304.0,1061802891,1061814887,1119731763,1119733843,0,223,223,-1,1,11996,2080,256,128,128,2
12,3,"[2, 384, 0, 0, 0, 0, 0, 0, 0, 0, 0, 0, 0, 0, 0, 2, 384, 0, 0, 0, 0, 0, 0, 0, 0, 0, 0, 0, 0, 0]",1,128,384.0,2304.0,1061944112,1061956382,1119734066,1119735891,0,1216,1216,-1,1,12270,1825,256,128,128,2
16,3,"[2, 96, 384, 0, 0, 0, 0, 0, 0, 0, 0, 0, 0, 0, 0, 4, 0, 0, 0, 0, 0, 0, 0, 0, 0, 0, 0, 0, 0, 0]",72,128,36864.0,147460.0,1062086316,1062098695,1119737107,1119739315,0,640,640,-1,1,12379,2208,256,128,128,2
12,3,"[2, 96, 384, 0, 0, 0, 0, 0, 0, 0, 0, 0, 0, 0, 0, 2, 96, 384, 0, 0, 0, 0, 0, 0, 0, 0, 0, 0, 0, 0]",72,128,36864.0,221184.0,1062225947,1062237853,1119739955,1119742035,0,352,352,-1,1,11906,2080,256,128,128,2
12,3,"[2, 96, 384, 0, 0, 0, 0, 0, 0, 0, 0, 0, 0, 0, 0, 2, 96, 384, 0, 0, 0, 0, 0, 0, 0, 0, 0, 0, 0, 0]",72,128,36864.0,221184.0,1062381936,1062394560,1119742387,1119744083,0,1471,1471,-1,1,12624,1696,256,128,128,2
16,3,"[2, 96, 0, 0, 0, 0, 0, 0, 0, 0, 0, 0, 0, 0, 0, 4, 0, 0, 0, 0, 0, 0, 0, 0, 0, 0, 0, 0, 0, 0]",1,128,96.0,388.0,1062522983,1062535511,1119745554,1119748050,0,257,257,-1,1,12528,2496,256,128,128,2
12,3,"[2, 96, 0, 0, 0, 0, 0, 0, 0, 0, 0, 0, 0, 0, 0, 2, 96, 0, 0, 0, 0, 0, 0, 0, 0, 0, 0, 0, 0, 0]",1,128,96.0,576.0,1062663228,1062675464,1119748307,1119750194,0,1,1,-1,1,12236,1887,256,128,128,2
12,3,"[2, 96, 0, 0, 0, 0, 0, 0, 0, 0, 0, 0, 0, 0, 0, 2, 96, 0, 0, 0, 0, 0, 0, 0, 0, 0, 0, 0, 0, 0]",1,128,96.0,576.0,1063077938,1063095565,1119750195,1119752274,0,1440,1440,-1,1,17627,2079,256,128,128,2
16,3,"[2, 96, 1, 1, 0, 0, 0, 0, 0, 0, 0, 0, 0, 0, 0, 4, 0, 0, 0, 0, 0, 0, 0, 0, 0, 0, 0, 0, 0, 0]",1,128,96.0,388.0,1063238736,1063253184,1119753714,1119755858,0,480,480,-1,1,14448,2144,256,128,128,2
12,3,"[2, 96, 1, 1, 0, 0, 0, 0, 0, 0, 0, 0, 0, 0, 0, 2, 96, 1, 1, 0, 0, 0, 0, 0, 0, 0, 0, 0, 0, 0]",1,128,96.0,576.0,1063393782,1063407580,1119756338,1119758386,0,32,32,-1,1,13798,2048,256,128,128,2
12,3,"[2, 96, 1, 1, 0, 0, 0, 0, 0, 0, 0, 0, 0, 0, 0, 2, 96, 1, 1, 0, 0, 0, 0, 0, 0, 0, 0, 0, 0, 0]",1,128,96.0,576.0,1063538203,1063550835,1119758418,1119760466,0,1152,1152,-1,1,12632,2048,256,128,128,2
16,3,"[2, 96, 1, 7, 7, 0, 0, 0, 0, 0, 0, 0, 0, 0, 0, 4, 0, 0, 0, 0, 0, 0, 0, 0, 0, 0, 0, 0, 0, 0]",10,128,4704.0,18820.0,1063679126,1063692184,1119761618,1119763666,0,544,544,-1,1,13058,2048,256,128,128,2
12,3,"[2, 96, 1, 7, 7, 0, 0, 0, 0, 0, 0, 0, 0, 0, 0, 2, 96, 1, 7, 7, 0, 0, 0, 0, 0, 0, 0, 0, 0, 0]",10,128,4704.0,28224.0,1063821188,1063833716,1119764210,1119766226,0,352,352,-1,1,12528,2016,256,128,128,2
12,3,"[2, 96, 1, 7, 7, 0, 0, 0, 0, 0, 0, 0, 0, 0, 0, 2, 96, 1, 7, 7, 0, 0, 0, 0, 0, 0, 0, 0, 0, 0]",10,128,4704.0,28224.0,1063978395,1063991927,1119766578,1119768658,0,544,544,-1,1,13532,2080,256,128,128,2
16,3,"[2, 96, 0, 0, 0, 0, 0, 0, 0, 0, 0, 0, 0, 0, 0, 4, 0, 0, 0, 0, 0, 0, 0, 0, 0, 0, 0, 0, 0, 0]",1,128,96.0,388.0,1064121603,1064134227,1119769202,1119770706,0,1376,1376,-1,1,12624,1504,256,128,128,2
12,3,"[2, 96, 0, 0, 0, 0, 0, 0, 0, 0, 0, 0, 0, 0, 0, 2, 96, 0, 0, 0, 0, 0, 0, 0, 0, 0, 0, 0, 0, 0]",1,128,96.0,576.0,1064264018,1064290519,1119772082,1119774098,0,672,672,-1,1,26501,2016,256,128,128,2
12,3,"[2, 96, 0, 0, 0, 0, 0, 0, 0, 0, 0, 0, 0, 0, 0, 2, 96, 0, 0, 0, 0, 0, 0, 0, 0, 0, 0, 0, 0, 0]",1,128,96.0,576.0,1064423565,1064436648,1119774770,1119776754,0,320,320,-1,1,13083,1984,256,128,128,2
16,3,"[2, 96, 0, 0, 0, 0, 0, 0, 0, 0, 0, 0, 0, 0, 0, 4, 0, 0, 0, 0, 0, 0, 0, 0, 0, 0, 0, 0, 0, 0]",1,128,96.0,388.0,1064567173,1064579805,1119777074,1119778898,0,1120,1120,-1,1,12632,1824,256,128,128,2
12,3,"[2, 96, 0, 0, 0, 0, 0, 0, 0, 0, 0, 0, 0, 0, 0, 2, 96, 0, 0, 0, 0, 0, 0, 0, 0, 0, 0, 0, 0, 0]",1,128,96.0,576.0,1064707638,1064720360,1119780018,1119782066,0,672,672,-1,1,12722,2048,256,128,128,2
12,3,"[2, 96, 0, 0, 0, 0, 0, 0, 0, 0, 0, 0, 0, 0, 0, 2, 96, 0, 0, 0, 0, 0, 0, 0, 0, 0, 0, 0, 0, 0]",1,128,96.0,576.0,1064850336,1064862828,1119782738,1119784722,0,288,288,-1,1,12492,1984,256,128,128,2
16,3,"[2, 96, 0, 0, 0, 0, 0, 0, 0, 0, 0, 0, 0, 0, 0, 4, 0, 0, 0, 0, 0, 0, 0, 0, 0, 0, 0, 0, 0, 0]",1,128,96.0,388.0,1064990971,1065003788,1119785010,1119787090,0,480,480,-1,1,12817,2080,256,128,128,2
12,3,"[2, 96, 0, 0, 0, 0, 0, 0, 0, 0, 0, 0, 0, 0, 0, 2, 96, 0, 0, 0, 0, 0, 0, 0, 0, 0, 0, 0, 0, 0]",1,128,96.0,576.0,1065130772,1065143227,1119787570,1119789138,0,1376,1376,-1,1,12455,1568,256,128,128,2
12,3,"[2, 96, 0, 0, 0, 0, 0, 0, 0, 0, 0, 0, 0, 0, 0, 2, 96, 0, 0, 0, 0, 0, 0, 0, 0, 0, 0, 0, 0, 0]",1,128,96.0,576.0,1065283032,1065296033,1119790514,1119792530,0,512,512,-1,1,13001,2016,256,128,128,2
16,3,"[2, 384, 96, 0, 0, 0, 0, 0, 0, 0, 0, 0, 0, 0, 0, 4, 0, 0, 0, 0, 0, 0, 0, 0, 0, 0, 0, 0, 0, 0]",72,128,36864.0,147460.0,1065428102,1065441138,1119793042,1119795218,0,288,288,-1,1,13036,2176,256,128,128,2
12,3,"[2, 384, 96, 0, 0, 0, 0, 0, 0, 0, 0, 0, 0, 0, 0, 2, 384, 96, 0, 0, 0, 0, 0, 0, 0, 0, 0, 0, 0, 0]",72,128,36864.0,221184.0,1065570022,1065582342,1119795506,1119797330,0,1472,1472,-1,1,12320,1824,256,128,128,2
12,3,"[2, 384, 96, 0, 0, 0, 0, 0, 0, 0, 0, 0, 0, 0, 0, 2, 384, 96, 0, 0, 0, 0, 0, 0, 0, 0, 0, 0, 0, 0]",72,128,36864.0,221184.0,1065713327,1065725553,1119798802,1119800978,0,448,448,-1,1,12226,2176,256,128,128,2
16,3,"[2, 384, 0, 0, 0, 0, 0, 0, 0, 0, 0, 0, 0, 0, 0, 4, 0, 0, 0, 0, 0, 0, 0, 0, 0, 0, 0, 0, 0, 0]",1,128,384.0,1540.0,1065853176,1065865780,1119801426,1119803474,0,480,480,-1,1,12604,2048,256,128,128,2
12,3,"[2, 384, 0, 0, 0, 0, 0, 0, 0, 0, 0, 0, 0, 0, 0, 2, 384, 0, 0, 0, 0, 0, 0, 0, 0, 0, 0, 0, 0, 0]",1,128,384.0,2304.0,1065991953,1066004069,1119803954,1119806674,0,640,640,-1,1,12116,2720,256,128,128,2
12,3,"[2, 384, 0, 0, 0, 0, 0, 0, 0, 0, 0, 0, 0, 0, 0, 2, 384, 0, 0, 0, 0, 0, 0, 0, 0, 0, 0, 0, 0, 0]",1,128,384.0,2304.0,1066146305,1066159505,1119807314,1119809362,0,256,256,-1,1,13200,2048,256,128,128,2
16,3,"[2, 96, 384, 0, 0, 0, 0, 0, 0, 0, 0, 0, 0, 0, 0, 4, 0, 0, 0, 0, 0, 0, 0, 0, 0, 0, 0, 0, 0, 0]",72,128,36864.0,147460.0,1066290003,1066302696,1119809618,1119811666,0,1408,1408,-1,1,12693,2048,256,128,128,2
12,3,"[2, 96, 384, 0, 0, 0, 0, 0, 0, 0, 0, 0, 0, 0, 0, 2, 96, 384, 0, 0, 0, 0, 0, 0, 0, 0, 0, 0, 0, 0]",72,128,36864.0,221184.0,1066431956,1066442241,1119813074,1119815218,0,544,544,-1,1,10285,2144,256,128,128,2
12,3,"[2, 96, 384, 0, 0, 0, 0, 0, 0, 0, 0, 0, 0, 0, 0, 2, 96, 384, 0, 0, 0, 0, 0, 0, 0, 0, 0, 0, 0, 0]",72,128,36864.0,221184.0,1066550368,1066560490,1119815762,1119817810,0,1152,1152,-1,1,10122,2048,256,128,128,2
16,3,"[2, 96, 0, 0, 0, 0, 0, 0, 0, 0, 0, 0, 0, 0, 0, 4, 0, 0, 0, 0, 0, 0, 0, 0, 0, 0, 0, 0, 0, 0]",1,128,96.0,388.0,1066667400,1066677831,1119818962,1119820946,0,608,608,-1,1,10431,1984,256,128,128,2
12,3,"[2, 96, 0, 0, 0, 0, 0, 0, 0, 0, 0, 0, 0, 0, 0, 2, 96, 0, 0, 0, 0, 0, 0, 0, 0, 0, 0, 0, 0, 0]",1,128,96.0,576.0,1066781819,1066792949,1119821554,1119823570,0,384,384,-1,1,11130,2016,256,128,128,2
12,3,"[2, 96, 0, 0, 0, 0, 0, 0, 0, 0, 0, 0, 0, 0, 0, 2, 96, 0, 0, 0, 0, 0, 0, 0, 0, 0, 0, 0, 0, 0]",1,128,96.0,576.0,1066898810,1066908915,1119823954,1119825969,0,1,1,-1,1,10105,2015,256,128,128,2
16,3,"[2, 96, 1, 1, 0, 0, 0, 0, 0, 0, 0, 0, 0, 0, 0, 4, 0, 0, 0, 0, 0, 0, 0, 0, 0, 0, 0, 0, 0, 0]",1,128,96.0,388.0,1067026247,1067037380,1119825970,1119828050,0,1312,1312,-1,1,11133,2080,256,128,128,2
12,3,"[2, 96, 1, 1, 0, 0, 0, 0, 0, 0, 0, 0, 0, 0, 0, 2, 96, 1, 1, 0, 0, 0, 0, 0, 0, 0, 0, 0, 0, 0]",1,128,96.0,576.0,1067144234,1067154852,1119829362,1119831378,0,544,544,-1,1,10618,2016,256,128,128,2
12,3,"[2, 96, 1, 1, 0, 0, 0, 0, 0, 0, 0, 0, 0, 0, 0, 2, 96, 1, 1, 0, 0, 0, 0, 0, 0, 0, 0, 0, 0, 0]",1,128,96.0,576.0,1067261179,1067271524,1119831922,1119834034,0,128,128,-1,1,10345,2112,256,128,128,2
16,3,"[2, 96, 1, 7, 7, 0, 0, 0, 0, 0, 0, 0, 0, 0, 0, 4, 0, 0, 0, 0, 0, 0, 0, 0, 0, 0, 0, 0, 0, 0]",10,128,4704.0,18820.0,1067378829,1067389770,1119834162,1119836242,0,1056,1056,-1,1,10941,2080,256,128,128,2
12,3,"[2, 96, 1, 7, 7, 0, 0, 0, 0, 0, 0, 0, 0, 0, 0, 2, 96, 1, 7, 7, 0, 0, 0, 0, 0, 0, 0, 0, 0, 0]",10,128,4704.0,28224.0,1067495404,1067505479,1119837298,1119839346,0,608,608,-1,1,10075,2048,256,128,128,2
12,3,"[2, 96, 1, 7, 7, 0, 0, 0, 0, 0, 0, 0, 0, 0, 0, 2, 96, 1, 7, 7, 0, 0, 0, 0, 0, 0, 0, 0, 0, 0]",10,128,4704.0,28224.0,1067612929,1067622791,1119839954,1119842002,0,384,384,-1,1,9862,2048,256,128,128,2
16,3,"[2, 96, 0, 0, 0, 0, 0, 0, 0, 0, 0, 0, 0, 0, 0, 4, 0, 0, 0, 0, 0, 0, 0, 0, 0, 0, 0, 0, 0, 0]",1,128,96.0,388.0,1067739533,1067751376,1119842386,1119844401,0,1,1,-1,1,11843,2015,256,128,128,2
12,3,"[2, 96, 0, 0, 0, 0, 0, 0, 0, 0, 0, 0, 0, 0, 0, 2, 96, 0, 0, 0, 0, 0, 0, 0, 0, 0, 0, 0, 0, 0]",1,128,96.0,576.0,1067856072,1067866263,1119844402,1119846482,0,1248,1248,-1,1,10191,2080,256,128,128,2
12,3,"[2, 96, 0, 0, 0, 0, 0, 0, 0, 0, 0, 0, 0, 0, 0, 2, 96, 0, 0, 0, 0, 0, 0, 0, 0, 0, 0, 0, 0, 0]",1,128,96.0,576.0,1067982213,1067993375,1119847730,1119849714,0,672,672,-1,1,11162,1984,256,128,128,2
16,3,"[2, 96, 0, 0, 0, 0, 0, 0, 0, 0, 0, 0, 0, 0, 0, 4, 0, 0, 0, 0, 0, 0, 0, 0, 0, 0, 0, 0, 0, 0]",1,128,96.0,388.0,1068098679,1068109167,1119850386,1119852370,0,224,224,-1,1,10488,1984,256,128,128,2
12,3,"[2, 96, 0, 0, 0, 0, 0, 0, 0, 0, 0, 0, 0, 0, 0, 2, 96, 0, 0, 0, 0, 0, 0, 0, 0, 0, 0, 0, 0, 0]",1,128,96.0,576.0,1068212520,1068223311,1119852594,1119854674,0,544,544,-1,1,10791,2080,256,128,128,2
12,3,"[2, 96, 0, 0, 0, 0, 0, 0, 0, 0, 0, 0, 0, 0, 0, 2, 96, 0, 0, 0, 0, 0, 0, 0, 0, 0, 0, 0, 0, 0]",1,128,96.0,576.0,1068329104,1068339637,1119855218,1119856722,0,1472,1472,-1,1,10533,1504,256,128,128,2
16,3,"[2, 96, 0, 0, 0, 0, 0, 0, 0, 0, 0, 0, 0, 0, 0, 4, 0, 0, 0, 0, 0, 0, 0, 0, 0, 0, 0, 0, 0, 0]",1,128,96.0,388.0,1068444988,1068466481,1119858194,1119860210,0,608,608,-1,1,21493,2016,256,128,128,2
12,3,"[2, 96, 0, 0, 0, 0, 0, 0, 0, 0, 0, 0, 0, 0, 0, 2, 96, 0, 0, 0, 0, 0, 0, 0, 0, 0, 0, 0, 0, 0]",1,128,96.0,576.0,1068759389,1068774374,1119860818,1119862833,0,1,1,-1,1,14985,2015,256,128,128,2
12,3,"[2, 96, 0, 0, 0, 0, 0, 0, 0, 0, 0, 0, 0, 0, 0, 2, 96, 0, 0, 0, 0, 0, 0, 0, 0, 0, 0, 0, 0, 0]",1,128,96.0,576.0,1068890706,1068902513,1119862834,1119864914,0,1024,1024,-1,1,11807,2080,256,128,128,2
16,3,"[2, 384, 96, 0, 0, 0, 0, 0, 0, 0, 0, 0, 0, 0, 0, 4, 0, 0, 0, 0, 0, 0, 0, 0, 0, 0, 0, 0, 0, 0]",72,128,36864.0,147460.0,1069012847,1069023843,1119865938,1119868050,0,544,544,-1,1,10996,2112,256,128,128,2
12,3,"[2, 384, 96, 0, 0, 0, 0, 0, 0, 0, 0, 0, 0, 0, 0, 2, 384, 96, 0, 0, 0, 0, 0, 0, 0, 0, 0, 0, 0, 0]",72,128,36864.0,221184.0,1069132938,1069144164,1119868594,1119870738,0,288,288,-1,1,11226,2144,256,128,128,2
12,3,"[2, 384, 96, 0, 0, 0, 0, 0, 0, 0, 0, 0, 0, 0, 0, 2, 384, 96, 0, 0, 0, 0, 0, 0, 0, 0, 0, 0, 0, 0]",72,128,36864.0,221184.0,1069251364,1069262110,1119871026,1119873073,0,1,1,-1,1,10746,2047,256,128,128,2
16,3,"[2, 384, 0, 0, 0, 0, 0, 0, 0, 0, 0, 0, 0, 0, 0, 4, 0, 0, 0, 0, 0, 0, 0, 0, 0, 0, 0, 0, 0, 0]",1,128,384.0,1540.0,1069379184,1069390206,1119873074,1119875154,0,1631,1631,-1,1,11022,2080,256,128,128,2
12,3,"[2, 384, 0, 0, 0, 0, 0, 0, 0, 0, 0, 0, 0, 0, 0, 2, 384, 0, 0, 0, 0, 0, 0, 0, 0, 0, 0, 0, 0, 0]",1,128,384.0,2304.0,1069495873,1069506387,1119876785,1119878834,0,384,384,-1,1,10514,2049,256,128,128,2
12,3,"[2, 384, 0, 0, 0, 0, 0, 0, 0, 0, 0, 0, 0, 0, 0, 2, 384, 0, 0, 0, 0, 0, 0, 0, 0, 0, 0, 0, 0, 0]",1,128,384.0,2304.0,1069613567,1069623758,1119879218,1119881297,0,481,481,-1,1,10191,2079,256,128,128,2
16,3,"[2, 96, 384, 0, 0, 0, 0, 0, 0, 0, 0, 0, 0, 0, 0, 4, 0, 0, 0, 0, 0, 0, 0, 0, 0, 0, 0, 0, 0, 0]",72,128,36864.0,147460.0,1069730016,1069740435,1119881778,1119884849,0,513,513,-1,1,10419,3071,256,128,128,2
12,3,"[2, 96, 384, 0, 0, 0, 0, 0, 0, 0, 0, 0, 0, 0, 0, 2, 96, 384, 0, 0, 0, 0, 0, 0, 0, 0, 0, 0, 0, 0]",72,128,36864.0,221184.0,1069848319,1069858592,1119885362,1119887440,0,1,1,-1,1,10273,2078,256,128,128,2
12,3,"[2, 96, 384, 0, 0, 0, 0, 0, 0, 0, 0, 0, 0, 0, 0, 2, 96, 384, 0, 0, 0, 0, 0, 0, 0, 0, 0, 0, 0, 0]",72,128,36864.0,221184.0,1069964342,1069974538,1119887441,1119889490,0,1599,1599,-1,1,10196,2049,256,128,128,2
16,3,"[2, 96, 0, 0, 0, 0, 0, 0, 0, 0, 0, 0, 0, 0, 0, 4, 0, 0, 0, 0, 0, 0, 0, 0, 0, 0, 0, 0, 0, 0]",1,128,96.0,388.0,1070088730,1070099969,1119891089,1119893042,0,543,543,-1,1,11239,1953,256,128,128,2
12,3,"[2, 96, 0, 0, 0, 0, 0, 0, 0, 0, 0, 0, 0, 0, 0, 2, 96, 0, 0, 0, 0, 0, 0, 0, 0, 0, 0, 0, 0, 0]",1,128,96.0,576.0,1070205237,1070215627,1119893585,1119895569,0,65,65,-1,1,10390,1984,256,128,128,2
12,3,"[2, 96, 0, 0, 0, 0, 0, 0, 0, 0, 0, 0, 0, 0, 0, 2, 96, 0, 0, 0, 0, 0, 0, 0, 0, 0, 0, 0, 0, 0]",1,128,96.0,576.0,1070321417,1070332185,1119895634,1119897681,0,1120,1120,-1,1,10768,2047,256,128,128,2
16,3,"[2, 96, 0, 0, 0, 0, 0, 0, 0, 0, 0, 0, 0, 0, 0, 4, 0, 0, 0, 0, 0, 0, 0, 0, 0, 0, 0, 0, 0, 0]",1,128,96.0,388.0,1070437387,1070447808,1119898801,1119900785,0,608,608,-1,1,10421,1984,256,128,128,2
12,3,"[2, 96, 0, 0, 0, 0, 0, 0, 0, 0, 0, 0, 0, 0, 0, 2, 96, 0, 0, 0, 0, 0, 0, 0, 0, 0, 0, 0, 0, 0]",1,128,96.0,576.0,1070552849,1070563294,1119901393,1119903409,0,384,384,-1,1,10445,2016,256,128,128,2
12,3,"[2, 96, 0, 0, 0, 0, 0, 0, 0, 0, 0, 0, 0, 0, 0, 2, 96, 0, 0, 0, 0, 0, 0, 0, 0, 0, 0, 0, 0, 0]",1,128,96.0,576.0,1070667763,1070677940,1119903793,1119905872,0,1,1,-1,1,10177,2079,256,128,128,2
16,3,"[2, 96, 0, 0, 0, 0, 0, 0, 0, 0, 0, 0, 0, 0, 0, 4, 0, 0, 0, 0, 0, 0, 0, 0, 0, 0, 0, 0, 0, 0]",1,128,96.0,388.0,1070780448,1070790475,1119905873,1119907921,0,1376,1376,-1,1,10027,2048,256,128,128,2
12,3,"[2, 96, 0, 0, 0, 0, 0, 0, 0, 0, 0, 0, 0, 0, 0, 2, 96, 0, 0, 0, 0, 0, 0, 0, 0, 0, 0, 0, 0, 0]",1,128,96.0,576.0,1070903402,1070914090,1119909297,1119911281,0,640,640,-1,1,10688,1984,256,128,128,2
12,3,"[2, 96, 0, 0, 0, 0, 0, 0, 0, 0, 0, 0, 0, 0, 0, 2, 96, 0, 0, 0, 0, 0, 0, 0, 0, 0, 0, 0, 0, 0]",1,128,96.0,576.0,1071018160,1071028734,1119911921,1119913905,0,320,320,-1,1,10574,1984,256,128,128,2
16,3,"[2, 192, 96, 2, 2, 0, 0, 0, 0, 0, 0, 0, 0, 0, 0, 4, 0, 0, 0, 0, 0, 0, 0, 0, 0, 0, 0, 0, 0, 0]",144,128,73728.0,294916.0,1071134375,1071144781,1119914225,1119916113,0,1440,1440,-1,1,10406,1888,256,128,128,2
12,3,"[2, 192, 96, 2, 2, 0, 0, 0, 0, 0, 0, 0, 0, 0, 0, 2, 192, 96, 2, 2, 0, 0, 0, 0, 0, 0, 0, 0, 0, 0]",144,128,73728.0,442368.0,1071249576,1071259700,1119917553,1119920017,0,192,192,-1,1,10124,2464,256,128,128,2
12,3,"[2, 192, 96, 2, 2, 0, 0, 0, 0, 0, 0, 0, 0, 0, 0, 2, 192, 96, 2, 2, 0, 0, 0, 0, 0, 0, 0, 0, 0, 0]",144,128,73728.0,442368.0,1071366393,1071377005,1119920209,1119922257,0,1312,1312,-1,1,10612,2048,256,128,128,2
16,3,"[2, 192, 0, 0, 0, 0, 0, 0, 0, 0, 0, 0, 0, 0, 0, 4, 0, 0, 0, 0, 0, 0, 0, 0, 0, 0, 0, 0, 0, 0]",1,128,192.0,772.0,1071482355,1071493239,1119923569,1119925553,0,608,608,-1,1,10884,1984,256,128,128,2
12,3,"[2, 192, 0, 0, 0, 0, 0, 0, 0, 0, 0, 0, 0, 0, 0, 2, 192, 0, 0, 0, 0, 0, 0, 0, 0, 0, 0, 0, 0, 0]",1,128,192.0,1152.0,1071609685,1071620100,1119926161,1119928241,0,224,224,-1,1,10415,2080,256,128,128,2
12,3,"[2, 192, 0, 0, 0, 0, 0, 0, 0, 0, 0, 0, 0, 0, 0, 2, 192, 0, 0, 0, 0, 0, 0, 0, 0, 0, 0, 0, 0, 0]",1,128,192.0,1152.0,1071726302,1071736552,1119928465,1119930449,0,1056,1056,-1,1,10250,1984,256,128,128,2
16,3,"[2, 192, 1, 1, 0, 0, 0, 0, 0, 0, 0, 0, 0, 0, 0, 4, 0, 0, 0, 0, 0, 0, 0, 0, 0, 0, 0, 0, 0, 0]",1,128,192.0,772.0,1071845057,1071856225,1119931505,1119933521,0,608,608,-1,1,11168,2016,256,128,128,2
12,3,"[2, 192, 1, 1, 0, 0, 0, 0, 0, 0, 0, 0, 0, 0, 0, 2, 192, 1, 1, 0, 0, 0, 0, 0, 0, 0, 0, 0, 0, 0]",1,128,192.0,1152.0,1071971671,1071982607,1119934129,1119936209,0,384,384,-1,1,10936,2080,256,128,128,2
12,3,"[2, 192, 1, 1, 0, 0, 0, 0, 0, 0, 0, 0, 0, 0, 0, 2, 192, 1, 1, 0, 0, 0, 0, 0, 0, 0, 0, 0, 0, 0]",1,128,192.0,1152.0,1072090674,1072101102,1119936593,1119938641,0,480,480,-1,1,10428,2048,256,128,128,2
16,3,"[2, 192, 1, 7, 7, 0, 0, 0, 0, 0, 0, 0, 0, 0, 0, 4, 0, 0, 0, 0, 0, 0, 0, 0, 0, 0, 0, 0, 0, 0]",19,128,9408.0,37636.0,1072209750,1072220098,1119939121,1119940689,0,1408,1408,-1,1,10348,1568,256,128,128,2
12,3,"[2, 192, 1, 7, 7, 0, 0, 0, 0, 0, 0, 0, 0, 0, 0, 2, 192, 1, 7, 7, 0, 0, 0, 0, 0, 0, 0, 0, 0, 0]",19,128,9408.0,56448.0,1072351315,1072362206,1119942097,1119944145,0,608,608,-1,1,10891,2048,256,128,128,2
12,3,"[2, 192, 1, 7, 7, 0, 0, 0, 0, 0, 0, 0, 0, 0, 0, 2, 192, 1, 7, 7, 0, 0, 0, 0, 0, 0, 0, 0, 0, 0]",19,128,9408.0,56448.0,1072471948,1072481966,1119944753,1119946833,0,1088,1088,-1,1,10018,2080,256,128,128,2
16,3,"[2, 192, 0, 0, 0, 0, 0, 0, 0, 0, 0, 0, 0, 0, 0, 4, 0, 0, 0, 0, 0, 0, 0, 0, 0, 0, 0, 0, 0, 0]",1,128,192.0,772.0,1072588507,1072598829,1119947921,1119949937,0,672,672,-1,1,10322,2016,256,128,128,2
12,3,"[2, 192, 0, 0, 0, 0, 0, 0, 0, 0, 0, 0, 0, 0, 0, 2, 192, 0, 0, 0, 0, 0, 0, 0, 0, 0, 0, 0, 0, 0]",1,128,192.0,1152.0,1072705925,1072716273,1119950609,1119952625,0,320,320,-1,1,10348,2016,256,128,128,2
12,3,"[2, 192, 0, 0, 0, 0, 0, 0, 0, 0, 0, 0, 0, 0, 0, 2, 192, 0, 0, 0, 0, 0, 0, 0, 0, 0, 0, 0, 0, 0]",1,128,192.0,1152.0,1072821635,1072831565,1119952945,1119955025,0,576,576,-1,1,9930,2080,256,128,128,2
16,3,"[2, 192, 0, 0, 0, 0, 0, 0, 0, 0, 0, 0, 0, 0, 0, 4, 0, 0, 0, 0, 0, 0, 0, 0, 0, 0, 0, 0, 0, 0]",1,128,192.0,772.0,1072936557,1072946774,1119955601,1119957073,0,1600,1600,-1,1,10217,1472,256,128,128,2
12,3,"[2, 192, 0, 0, 0, 0, 0, 0, 0, 0, 0, 0, 0, 0, 0, 2, 192, 0, 0, 0, 0, 0, 0, 0, 0, 0, 0, 0, 0, 0]",1,128,192.0,1152.0,1073050482,1073060752,1119958673,1119960721,0,416,416,-1,1,10270,2048,256,128,128,2
12,3,"[2, 192, 0, 0, 0, 0, 0, 0, 0, 0, 0, 0, 0, 0, 0, 2, 192, 0, 0, 0, 0, 0, 0, 0, 0, 0, 0, 0, 0, 0]",1,128,192.0,1152.0,1073175241,1073185598,1119961137,1119963217,0,448,448,-1,1,10357,2080,256,128,128,2
16,3,"[2, 192, 0, 0, 0, 0, 0, 0, 0, 0, 0, 0, 0, 0, 0, 4, 0, 0, 0, 0, 0, 0, 0, 0, 0, 0, 0, 0, 0, 0]",1,128,192.0,772.0,1073289675,1073300320,1119963665,1119965265,0,1376,1376,-1,1,10645,1600,256,128,128,2
12,3,"[2, 192, 0, 0, 0, 0, 0, 0, 0, 0, 0, 0, 0, 0, 0, 2, 192, 0, 0, 0, 0, 0, 0, 0, 0, 0, 0, 0, 0, 0]",1,128,192.0,1152.0,1073404006,1073413863,1119966641,1119968657,0,672,672,-1,1,9857,2016,256,128,128,2
12,3,"[2, 192, 0, 0, 0, 0, 0, 0, 0, 0, 0, 0, 0, 0, 0, 2, 192, 0, 0, 0, 0, 0, 0, 0, 0, 0, 0, 0, 0, 0]",1,128,192.0,1152.0,1073520780,1073530955,1119969329,1119971345,0,288,288,-1,1,10175,2016,256,128,128,2
16,3,"[2, 768, 192, 0, 0, 0, 0, 0, 0, 0, 0, 0, 0, 0, 0, 4, 0, 0, 0, 0, 0, 0, 0, 0, 0, 0, 0, 0, 0, 0]",288,128,147456.0,589828.0,1073810795,1073825244,1119971633,1119974737,0,640,640,-1,1,14449,3104,256,128,128,2
12,3,"[2, 768, 192, 0, 0, 0, 0, 0, 0, 0, 0, 0, 0, 0, 0, 2, 768, 192, 0, 0, 0, 0, 0, 0, 0, 0, 0, 0, 0, 0]",288,128,147456.0,884736.0,1073956398,1073968711,1119975377,1119977553,0,1152,1152,-1,1,12313,2176,256,128,128,2
12,3,"[2, 768, 192, 0, 0, 0, 0, 0, 0, 0, 0, 0, 0, 0, 0, 2, 768, 192, 0, 0, 0, 0, 0, 0, 0, 0, 0, 0, 0, 0]",288,128,147456.0,884736.0,1074079229,1074089855,1119978705,1119981361,0,256,256,-1,1,10626,2656,256,128,128,2
16,3,"[2, 768, 0, 0, 0, 0, 0, 0, 0, 0, 0, 0, 0, 0, 0, 4, 0, 0, 0, 0, 0, 0, 0, 0, 0, 0, 0, 0, 0, 0]",2,128,768.0,3076.0,1074195565,1074206219,1119981617,1119983697,0,544,544,-1,1,10654,2080,256,128,128,2
12,3,"[2, 768, 0, 0, 0, 0, 0, 0, 0, 0, 0, 0, 0, 0, 0, 2, 768, 0, 0, 0, 0, 0, 0, 0, 0, 0, 0, 0, 0, 0]",2,128,768.0,4608.0,1074312672,1074323039,1119984241,1119985745,0,1472,1472,-1,1,10367,1504,256,128,128,2
12,3,"[2, 768, 0, 0, 0, 0, 0, 0, 0, 0, 0, 0, 0, 0, 0, 2, 768, 0, 0, 0, 0, 0, 0, 0, 0, 0, 0, 0, 0, 0]",2,128,768.0,4608.0,1074427699,1074438027,1119987217,1119989233,0,576,576,-1,1,10328,2016,256,128,128,2
16,3,"[2, 192, 768, 0, 0, 0, 0, 0, 0, 0, 0, 0, 0, 0, 0, 4, 0, 0, 0, 0, 0, 0, 0, 0, 0, 0, 0, 0, 0, 0]",288,128,147456.0,589828.0,1074543539,1074553882,1119989809,1119991889,0,1344,1344,-1,1,10343,2080,256,128,128,2
12,3,"[2, 192, 768, 0, 0, 0, 0, 0, 0, 0, 0, 0, 0, 0, 0, 2, 192, 768, 0, 0, 0, 0, 0, 0, 0, 0, 0, 0, 0, 0]",288,128,147456.0,884736.0,1074669650,1074680818,1119993233,1119995952,0,1,1,-1,1,11168,2719,256,128,128,2
12,3,"[2, 192, 768, 0, 0, 0, 0, 0, 0, 0, 0, 0, 0, 0, 0, 2, 192, 768, 0, 0, 0, 0, 0, 0, 0, 0, 0, 0, 0, 0]",288,128,147456.0,884736.0,1074789509,1074800565,1119995953,1119999377,0,672,672,-1,1,11056,3424,256,128,128,2
16,3,"[2, 192, 0, 0, 0, 0, 0, 0, 0, 0, 0, 0, 0, 0, 0, 4, 0, 0, 0, 0, 0, 0, 0, 0, 0, 0, 0, 0, 0, 0]",1,128,192.0,772.0,1074908664,1074919669,1120000049,1120002129,0,224,224,-1,1,11005,2080,256,128,128,2
12,3,"[2, 192, 0, 0, 0, 0, 0, 0, 0, 0, 0, 0, 0, 0, 0, 2, 192, 0, 0, 0, 0, 0, 0, 0, 0, 0, 0, 0, 0, 0]",1,128,192.0,1152.0,1075025262,1075035536,1120002353,1120004177,0,1247,1247,-1,1,10274,1824,256,128,128,2
12,3,"[2, 192, 0, 0, 0, 0, 0, 0, 0, 0, 0, 0, 0, 0, 0, 2, 192, 0, 0, 0, 0, 0, 0, 0, 0, 0, 0, 0, 0, 0]",1,128,192.0,1152.0,1075141090,1075151240,1120005424,1120007473,0,640,640,-1,1,10150,2049,256,128,128,2
16,3,"[2, 192, 1, 1, 0, 0, 0, 0, 0, 0, 0, 0, 0, 0, 0, 4, 0, 0, 0, 0, 0, 0, 0, 0, 0, 0, 0, 0, 0, 0]",1,128,192.0,772.0,1075257926,1075269080,1120008113,1120010097,0,320,320,-1,1,11154,1984,256,128,128,2
12,3,"[2, 192, 1, 1, 0, 0, 0, 0, 0, 0, 0, 0, 0, 0, 0, 2, 192, 1, 1, 0, 0, 0, 0, 0, 0, 0, 0, 0, 0, 0]",1,128,192.0,1152.0,1075373600,1075384277,1120010417,1120012369,0,1024,1024,-1,1,10677,1952,256,128,128,2
12,3,"[2, 192, 1, 1, 0, 0, 0, 0, 0, 0, 0, 0, 0, 0, 0, 2, 192, 1, 1, 0, 0, 0, 0, 0, 0, 0, 0, 0, 0, 0]",1,128,192.0,1152.0,1075501334,1075511901,1120013393,1120014416,0,1632,1632,-1,1,10567,1023,256,128,128,2
16,3,"[2, 192, 1, 7, 7, 0, 0, 0, 0, 0, 0, 0, 0, 0, 0, 4, 0, 0, 0, 0, 0, 0, 0, 0, 0, 0, 0, 0, 0, 0]",19,128,9408.0,37636.0,1075617875,1075628766,1120016048,1120018129,0,352,352,-1,1,10891,2081,256,128,128,2
12,3,"[2, 192, 1, 7, 7, 0, 0, 0, 0, 0, 0, 0, 0, 0, 0, 2, 192, 1, 7, 7, 0, 0, 0, 0, 0, 0, 0, 0, 0, 0]",19,128,9408.0,56448.0,1075735421,1075745655,1120018481,1120020559,0,1,1,-1,1,10234,2078,256,128,128,2
12,3,"[2, 192, 1, 7, 7, 0, 0, 0, 0, 0, 0, 0, 0, 0, 0, 2, 192, 1, 7, 7, 0, 0, 0, 0, 0, 0, 0, 0, 0, 0]",19,128,9408.0,56448.0,1075853430,1075863672,1120020560,1120022609,0,1664,1664,-1,1,10242,2049,256,128,128,2
16,3,"[2, 192, 0, 0, 0, 0, 0, 0, 0, 0, 0, 0, 0, 0, 0, 4, 0, 0, 0, 0, 0, 0, 0, 0, 0, 0, 0, 0, 0, 0]",1,128,192.0,772.0,1075979226,1075990636,1120024273,1120026289,0,383,383,-1,1,11410,2016,256,128,128,2
12,3,"[2, 192, 0, 0, 0, 0, 0, 0, 0, 0, 0, 0, 0, 0, 0, 2, 192, 0, 0, 0, 0, 0, 0, 0, 0, 0, 0, 0, 0, 0]",1,128,192.0,1152.0,1076096298,1076106439,1120026672,1120028752,0,1344,1344,-1,1,10141,2080,256,128,128,2
12,3,"[2, 192, 0, 0, 0, 0, 0, 0, 0, 0, 0, 0, 0, 0, 0, 2, 192, 0, 0, 0, 0, 0, 0, 0, 0, 0, 0, 0, 0, 0]",1,128,192.0,1152.0,1076220024,1076230439,1120030096,1120032112,0,640,640,-1,1,10415,2016,256,128,128,2
16,3,"[2, 192, 0, 0, 0, 0, 0, 0, 0, 0, 0, 0, 0, 0, 0, 4, 0, 0, 0, 0, 0, 0, 0, 0, 0, 0, 0, 0, 0, 0]",1,128,192.0,772.0,1076336500,1076347454,1120032752,1120034768,0,320,320,-1,1,10954,2016,256,128,128,2
12,3,"[2, 192, 0, 0, 0, 0, 0, 0, 0, 0, 0, 0, 0, 0, 0, 2, 192, 0, 0, 0, 0, 0, 0, 0, 0, 0, 0, 0, 0, 0]",1,128,192.0,1152.0,1076452890,1076463867,1120035088,1120036944,0,1088,1088,-1,1,10977,1856,256,128,128,2
12,3,"[2, 192, 0, 0, 0, 0, 0, 0, 0, 0, 0, 0, 0, 0, 0, 2, 192, 0, 0, 0, 0, 0, 0, 0, 0, 0, 0, 0, 0, 0]",1,128,192.0,1152.0,1076550959,1076558041,1120038032,1120040048,0,672,672,-1,1,7082,2016,256,128,128,2
16,3,"[2, 192, 0, 0, 0, 0, 0, 0, 0, 0, 0, 0, 0, 0, 0, 4, 0, 0, 0, 0, 0, 0, 0, 0, 0, 0, 0, 0, 0, 0]",1,128,192.0,772.0,1076629621,1076637441,1120040720,1120042704,0,352,352,-1,1,7820,1984,256,128,128,2
12,3,"[2, 192, 0, 0, 0, 0, 0, 0, 0, 0, 0, 0, 0, 0, 0, 2, 192, 0, 0, 0, 0, 0, 0, 0, 0, 0, 0, 0, 0, 0]",1,128,192.0,1152.0,1076709321,1076716619,1120043056,1120045136,0,416,416,-1,1,7298,2080,256,128,128,2
12,3,"[2, 192, 0, 0, 0, 0, 0, 0, 0, 0, 0, 0, 0, 0, 0, 2, 192, 0, 0, 0, 0, 0, 0, 0, 0, 0, 0, 0, 0, 0]",1,128,192.0,1152.0,1076786984,1076805370,1120045552,1120047184,0,1440,1440,-1,1,18386,1632,256,128,128,2
16,3,"[2, 768, 192, 0, 0, 0, 0, 0, 0, 0, 0, 0, 0, 0, 0, 4, 0, 0, 0, 0, 0, 0, 0, 0, 0, 0, 0, 0, 0, 0]",288,128,147456.0,589828.0,1076878742,1076886550,1120048624,1120051280,0,288,288,-1,1,7808,2656,256,128,128,2
12,3,"[2, 768, 192, 0, 0, 0, 0, 0, 0, 0, 0, 0, 0, 0, 0, 2, 768, 192, 0, 0, 0, 0, 0, 0, 0, 0, 0, 0, 0, 0]",288,128,147456.0,884736.0,1076957985,1076964933,1120051568,1120055120,0,256,256,-1,1,6948,3552,256,128,128,2
12,3,"[2, 768, 192, 0, 0, 0, 0, 0, 0, 0, 0, 0, 0, 0, 0, 2, 768, 192, 0, 0, 0, 0, 0, 0, 0, 0, 0, 0, 0, 0]",288,128,147456.0,884736.0,1077036851,1077044452,1120055376,1120057424,0,1600,1600,-1,1,7601,2048,256,128,128,2
16,3,"[2, 768, 0, 0, 0, 0, 0, 0, 0, 0, 0, 0, 0, 0, 0, 4, 0, 0, 0, 0, 0, 0, 0, 0, 0, 0, 0, 0, 0, 0]",2,128,768.0,3076.0,1077116633,1077123879,1120059024,1120061104,0,384,384,-1,1,7246,2080,256,128,128,2
12,3,"[2, 768, 0, 0, 0, 0, 0, 0, 0, 0, 0, 0, 0, 0, 0, 2, 768, 0, 0, 0, 0, 0, 0, 0, 0, 0, 0, 0, 0, 0]",2,128,768.0,4608.0,1077193435,1077200870,1120061488,1120063568,0,448,448,-1,1,7435,2080,256,128,128,2
12,3,"[2, 768, 0, 0, 0, 0, 0, 0, 0, 0, 0, 0, 0, 0, 0, 2, 768, 0, 0, 0, 0, 0, 0, 0, 0, 0, 0, 0, 0, 0]",2,128,768.0,4608.0,1077272076,1077279771,1120064016,1120065616,0,1504,1504,-1,1,7695,1600,256,128,128,2
16,3,"[2, 192, 768, 0, 0, 0, 0, 0, 0, 0, 0, 0, 0, 0, 0, 4, 0, 0, 0, 0, 0, 0, 0, 0, 0, 0, 0, 0, 0, 0]",288,128,147456.0,589828.0,1077359984,1077367634,1120067120,1120069712,0,512,512,-1,1,7650,2592,256,128,128,2
12,3,"[2, 192, 768, 0, 0, 0, 0, 0, 0, 0, 0, 0, 0, 0, 0, 2, 192, 768, 0, 0, 0, 0, 0, 0, 0, 0, 0, 0, 0, 0]",288,128,147456.0,884736.0,1077440510,1077449039,1120070224,1120073712,0,256,256,-1,1,8529,3488,256,128,128,2
12,3,"[2, 192, 768, 0, 0, 0, 0, 0, 0, 0, 0, 0, 0, 0, 0, 2, 192, 768, 0, 0, 0, 0, 0, 0, 0, 0, 0, 0, 0, 0]",288,128,147456.0,884736.0,1077521582,1077529075,1120073968,1120076976,0,672,672,-1,1,7493,3008,256,128,128,2
16,3,"[2, 192, 0, 0, 0, 0, 0, 0, 0, 0, 0, 0, 0, 0, 0, 4, 0, 0, 0, 0, 0, 0, 0, 0, 0, 0, 0, 0, 0, 0]",1,128,192.0,772.0,1077600095,1077608730,1120077648,1120079696,0,256,256,-1,1,8635,2048,256,128,128,2
12,3,"[2, 192, 0, 0, 0, 0, 0, 0, 0, 0, 0, 0, 0, 0, 0, 2, 192, 0, 0, 0, 0, 0, 0, 0, 0, 0, 0, 0, 0, 0]",1,128,192.0,1152.0,1077679428,1077686890,1120079952,1120082000,0,640,640,-1,1,7462,2048,256,128,128,2
12,3,"[2, 192, 0, 0, 0, 0, 0, 0, 0, 0, 0, 0, 0, 0, 0, 2, 192, 0, 0, 0, 0, 0, 0, 0, 0, 0, 0, 0, 0, 0]",1,128,192.0,1152.0,1077758669,1077765779,1120082640,1120084048,0,1632,1632,-1,1,7110,1408,256,128,128,2
16,3,"[2, 192, 1, 1, 0, 0, 0, 0, 0, 0, 0, 0, 0, 0, 0, 4, 0, 0, 0, 0, 0, 0, 0, 0, 0, 0, 0, 0, 0, 0]",1,128,192.0,772.0,1077845539,1077853430,1120085680,1120088144,0,288,288,-1,1,7891,2464,256,128,128,2
12,3,"[2, 192, 1, 1, 0, 0, 0, 0, 0, 0, 0, 0, 0, 0, 0, 2, 192, 1, 1, 0, 0, 0, 0, 0, 0, 0, 0, 0, 0, 0]",1,128,192.0,1152.0,1077925948,1077933089,1120088432,1120090192,0,1216,1216,-1,1,7141,1760,256,128,128,2
12,3,"[2, 192, 1, 1, 0, 0, 0, 0, 0, 0, 0, 0, 0, 0, 0, 2, 192, 1, 1, 0, 0, 0, 0, 0, 0, 0, 0, 0, 0, 0]",1,128,192.0,1152.0,1078127753,1078137645,1120091408,1120093456,0,640,640,-1,1,9892,2048,256,128,128,2
16,3,"[2, 192, 1, 7, 7, 0, 0, 0, 0, 0, 0, 0, 0, 0, 0, 4, 0, 0, 0, 0, 0, 0, 0, 0, 0, 0, 0, 0, 0, 0]",19,128,9408.0,37636.0,1078221056,1078230429,1120094096,1120096240,0,64,64,-1,1,9373,2144,256,128,128,2
12,3,"[2, 192, 1, 7, 7, 0, 0, 0, 0, 0, 0, 0, 0, 0, 0, 2, 192, 1, 7, 7, 0, 0, 0, 0, 0, 0, 0, 0, 0, 0]",19,128,9408.0,56448.0,1078304401,1078312129,1120096304,1120098384,0,1216,1216,-1,1,7728,2080,256,128,128,2
12,3,"[2, 192, 1, 7, 7, 0, 0, 0, 0, 0, 0, 0, 0, 0, 0, 2, 192, 1, 7, 7, 0, 0, 0, 0, 0, 0, 0, 0, 0, 0]",19,128,9408.0,56448.0,1078385365,1078392692,1120099600,1120101744,0,608,608,-1,1,7327,2144,256,128,128,2
16,3,"[2, 192, 0, 0, 0, 0, 0, 0, 0, 0, 0, 0, 0, 0, 0, 4, 0, 0, 0, 0, 0, 0, 0, 0, 0, 0, 0, 0, 0, 0]",1,128,192.0,772.0,1078475784,1078483657,1120102352,1120104368,0,160,160,-1,1,7873,2016,256,128,128,2
12,3,"[2, 192, 0, 0, 0, 0, 0, 0, 0, 0, 0, 0, 0, 0, 0, 2, 192, 0, 0, 0, 0, 0, 0, 0, 0, 0, 0, 0, 0, 0]",1,128,192.0,1152.0,1078555287,1078562487,1120104528,1120106576,0,608,608,-1,1,7200,2048,256,128,128,2
12,3,"[2, 192, 0, 0, 0, 0, 0, 0, 0, 0, 0, 0, 0, 0, 0, 2, 192, 0, 0, 0, 0, 0, 0, 0, 0, 0, 0, 0, 0, 0]",1,128,192.0,1152.0,1078636310,1078644122,1120107184,1120108624,0,1632,1632,-1,1,7812,1440,256,128,128,2
16,3,"[2, 192, 0, 0, 0, 0, 0, 0, 0, 0, 0, 0, 0, 0, 0, 4, 0, 0, 0, 0, 0, 0, 0, 0, 0, 0, 0, 0, 0, 0]",1,128,192.0,772.0,1078716046,1078723667,1120110256,1120112272,0,416,416,-1,1,7621,2016,256,128,128,2
12,3,"[2, 192, 0, 0, 0, 0, 0, 0, 0, 0, 0, 0, 0, 0, 0, 2, 192, 0, 0, 0, 0, 0, 0, 0, 0, 0, 0, 0, 0, 0]",1,128,192.0,1152.0,1078795351,1078802460,1120112688,1120114768,0,1312,1312,-1,1,7109,2080,256,128,128,2
12,3,"[2, 192, 0, 0, 0, 0, 0, 0, 0, 0, 0, 0, 0, 0, 0, 2, 192, 0, 0, 0, 0, 0, 0, 0, 0, 0, 0, 0, 0, 0]",1,128,192.0,1152.0,1078873317,1078880503,1120116080,1120118096,0,640,640,-1,1,7186,2016,256,128,128,2
16,3,"[2, 192, 0, 0, 0, 0, 0, 0, 0, 0, 0, 0, 0, 0, 0, 4, 0, 0, 0, 0, 0, 0, 0, 0, 0, 0, 0, 0, 0, 0]",1,128,192.0,772.0,1078960365,1078968153,1120118736,1120120784,0,288,288,-1,1,7788,2048,256,128,128,2
12,3,"[2, 192, 0, 0, 0, 0, 0, 0, 0, 0, 0, 0, 0, 0, 0, 2, 192, 0, 0, 0, 0, 0, 0, 0, 0, 0, 0, 0, 0, 0]",1,128,192.0,1152.0,1079040124,1079047237,1120121072,1120122960,0,1152,1152,-1,1,7113,1888,256,128,128,2
12,3,"[2, 192, 0, 0, 0, 0, 0, 0, 0, 0, 0, 0, 0, 0, 0, 2, 192, 0, 0, 0, 0, 0, 0, 0, 0, 0, 0, 0, 0, 0]",1,128,192.0,1152.0,1079118540,1079126393,1120124112,1120126128,0,608,608,-1,1,7853,2016,256,128,128,2
16,3,"[2, 768, 192, 0, 0, 0, 0, 0, 0, 0, 0, 0, 0, 0, 0, 4, 0, 0, 0, 0, 0, 0, 0, 0, 0, 0, 0, 0, 0, 0]",288,128,147456.0,589828.0,1079197956,1079205658,1120126736,1120129104,0,1088,1088,-1,1,7702,2368,256,128,128,2
12,3,"[2, 768, 192, 0, 0, 0, 0, 0, 0, 0, 0, 0, 0, 0, 0, 2, 768, 192, 0, 0, 0, 0, 0, 0, 0, 0, 0, 0, 0, 0]",288,128,147456.0,884736.0,1079277216,1079284860,1120130192,1120133200,0,1056,1056,-1,1,7644,3008,256,128,128,2
12,3,"[2, 768, 192, 0, 0, 0, 0, 0, 0, 0, 0, 0, 0, 0, 0, 2, 768, 192, 0, 0, 0, 0, 0, 0, 0, 0, 0, 0, 0, 0]",288,128,147456.0,884736.0,1079356615,1079364061,1120134256,1120136880,0,416,416,-1,1,7446,2624,256,128,128,2
16,3,"[2, 768, 0, 0, 0, 0, 0, 0, 0, 0, 0, 0, 0, 0, 0, 4, 0, 0, 0, 0, 0, 0, 0, 0, 0, 0, 0, 0, 0, 0]",2,128,768.0,3076.0,1079455821,1079465331,1120137296,1120139344,0,511,511,-1,1,9510,2048,256,128,128,2
12,3,"[2, 768, 0, 0, 0, 0, 0, 0, 0, 0, 0, 0, 0, 0, 0, 2, 768, 0, 0, 0, 0, 0, 0, 0, 0, 0, 0, 0, 0, 0]",2,128,768.0,4608.0,1079548189,1079559256,1120139855,1120142832,0,544,544,-1,1,11067,2977,256,128,128,2
12,3,"[2, 768, 0, 0, 0, 0, 0, 0, 0, 0, 0, 0, 0, 0, 0, 2, 768, 0, 0, 0, 0, 0, 0, 0, 0, 0, 0, 0, 0, 0]",2,128,768.0,4608.0,1079638106,1079646385,1120143376,1120145392,0,288,288,-1,1,8279,2016,256,128,128,2
16,3,"[2, 192, 768, 0, 0, 0, 0, 0, 0, 0, 0, 0, 0, 0, 0, 4, 0, 0, 0, 0, 0, 0, 0, 0, 0, 0, 0, 0, 0, 0]",288,128,147456.0,589828.0,1079727807,1079736330,1120145680,1120148912,0,608,608,-1,1,8523,3232,256,128,128,2
12,3,"[2, 192, 768, 0, 0, 0, 0, 0, 0, 0, 0, 0, 0, 0, 0, 2, 192, 768, 0, 0, 0, 0, 0, 0, 0, 0, 0, 0, 0, 0]",288,128,147456.0,884736.0,1079818105,1079826460,1120149520,1120152944,0,672,672,-1,1,8355,3424,256,128,128,2
12,3,"[2, 192, 768, 0, 0, 0, 0, 0, 0, 0, 0, 0, 0, 0, 0, 2, 192, 768, 0, 0, 0, 0, 0, 0, 0, 0, 0, 0, 0, 0]",288,128,147456.0,884736.0,1079915176,1079924150,1120153616,1120155727,0,1184,1184,-1,1,8974,2111,256,128,128,2
16,3,"[2, 192, 0, 0, 0, 0, 0, 0, 0, 0, 0, 0, 0, 0, 0, 4, 0, 0, 0, 0, 0, 0, 0, 0, 0, 0, 0, 0, 0, 0]",1,128,192.0,772.0,1080008683,1080019507,1120156911,1120158960,0,607,607,-1,1,10824,2049,256,128,128,2
12,3,"[2, 192, 0, 0, 0, 0, 0, 0, 0, 0, 0, 0, 0, 0, 0, 2, 192, 0, 0, 0, 0, 0, 0, 0, 0, 0, 0, 0, 0, 0]",1,128,192.0,1152.0,1080108496,1080117500,1120159567,1120161583,0,288,288,-1,1,9004,2016,256,128,128,2
12,3,"[2, 192, 0, 0, 0, 0, 0, 0, 0, 0, 0, 0, 0, 0, 0, 2, 192, 0, 0, 0, 0, 0, 0, 0, 0, 0, 0, 0, 0, 0]",1,128,192.0,1152.0,1080198680,1080206906,1120161871,1120163920,0,607,607,-1,1,8226,2049,256,128,128,2
16,3,"[2, 192, 0, 0, 0, 0, 0, 0, 0, 0, 0, 0, 0, 0, 0, 4, 0, 0, 0, 0, 0, 0, 0, 0, 0, 0, 0, 0, 0, 0]",1,128,192.0,772.0,1080288099,1080297006,1120164527,1120165967,0,1632,1632,-1,1,8907,1440,256,128,128,2
12,3,"[2, 192, 0, 0, 0, 0, 0, 0, 0, 0, 0, 0, 0, 0, 0, 2, 192, 0, 0, 0, 0, 0, 0, 0, 0, 0, 0, 0, 0, 0]",1,128,192.0,1152.0,1080377079,1080385371,1120167599,1120170063,0,1,1,-1,1,8292,2464,256,128,128,2
12,3,"[2, 192, 0, 0, 0, 0, 0, 0, 0, 0, 0, 0, 0, 0, 0, 2, 192, 0, 0, 0, 0, 0, 0, 0, 0, 0, 0, 0, 0, 0]",1,128,192.0,1152.0,1080463980,1080472668,1120170064,1120172111,0,1312,1312,-1,1,8688,2047,256,128,128,2
16,3,"[2, 192, 0, 0, 0, 0, 0, 0, 0, 0, 0, 0, 0, 0, 0, 4, 0, 0, 0, 0, 0, 0, 0, 0, 0, 0, 0, 0, 0, 0]",1,128,192.0,772.0,1080546810,1080555034,1120173423,1120175471,0,608,608,-1,1,8224,2048,256,128,128,2
12,3,"[2, 192, 0, 0, 0, 0, 0, 0, 0, 0, 0, 0, 0, 0, 0, 2, 192, 0, 0, 0, 0, 0, 0, 0, 0, 0, 0, 0, 0, 0]",1,128,192.0,1152.0,1080633856,1080641841,1120176079,1120178127,0,256,256,-1,1,7985,2048,256,128,128,2
12,3,"[2, 192, 0, 0, 0, 0, 0, 0, 0, 0, 0, 0, 0, 0, 0, 2, 192, 0, 0, 0, 0, 0, 0, 0, 0, 0, 0, 0, 0, 0]",1,128,192.0,1152.0,1080714292,1080722120,1120178383,1120180303,0,1120,1120,-1,1,7828,1920,256,128,128,2
16,3,"[2, 384, 192, 2, 2, 0, 0, 0, 0, 0, 0, 0, 0, 0, 0, 4, 0, 0, 0, 0, 0, 0, 0, 0, 0, 0, 0, 0, 0, 0]",576,128,294912.0,1179652.0,1080795189,1080802678,1120181423,1120184399,0,1152,1152,-1,1,7489,2976,256,128,128,2
12,3,"[2, 384, 192, 2, 2, 0, 0, 0, 0, 0, 0, 0, 0, 0, 0, 2, 384, 192, 2, 2, 0, 0, 0, 0, 0, 0, 0, 0, 0, 0]",576,128,294912.0,1769472.0,1080876220,1080883434,1120185551,1120189743,0,672,672,-1,1,7214,4192,256,128,128,2
12,3,"[2, 384, 192, 2, 2, 0, 0, 0, 0, 0, 0, 0, 0, 0, 0, 2, 384, 192, 2, 2, 0, 0, 0, 0, 0, 0, 0, 0, 0, 0]",576,128,294912.0,1769472.0,1080955781,1080963536,1120190415,1120193711,0,640,640,-1,1,7755,3296,256,128,128,2
16,3,"[2, 384, 0, 0, 0, 0, 0, 0, 0, 0, 0, 0, 0, 0, 0, 4, 0, 0, 0, 0, 0, 0, 0, 0, 0, 0, 0, 0, 0, 0]",1,128,384.0,1540.0,1081035773,1081043569,1120194351,1120196431,0,224,224,-1,1,7796,2080,256,128,128,2
12,3,"[2, 384, 0, 0, 0, 0, 0, 0, 0, 0, 0, 0, 0, 0, 0, 2, 384, 0, 0, 0, 0, 0, 0, 0, 0, 0, 0, 0, 0, 0]",1,128,384.0,2304.0,1081114514,1081122384,1120196655,1120198734,0,1,1,-1,1,7870,2079,256,128,128,2
12,3,"[2, 384, 0, 0, 0, 0, 0, 0, 0, 0, 0, 0, 0, 0, 0, 2, 384, 0, 0, 0, 0, 0, 0, 0, 0, 0, 0, 0, 0, 0]",1,128,384.0,2304.0,1081200434,1081208386,1120198735,1120201839,0,544,544,-1,1,7952,3104,256,128,128,2
16,3,"[2, 384, 1, 1, 0, 0, 0, 0, 0, 0, 0, 0, 0, 0, 0, 4, 0, 0, 0, 0, 0, 0, 0, 0, 0, 0, 0, 0, 0, 0]",1,128,384.0,1540.0,1081281434,1081289114,1120202383,1120204431,0,416,416,-1,1,7680,2048,256,128,128,2
12,3,"[2, 384, 1, 1, 0, 0, 0, 0, 0, 0, 0, 0, 0, 0, 0, 2, 384, 1, 1, 0, 0, 0, 0, 0, 0, 0, 0, 0, 0, 0]",1,128,384.0,2304.0,1081362145,1081369860,1120204847,1120206926,0,1,1,-1,1,7715,2079,256,128,128,2
12,3,"[2, 384, 1, 1, 0, 0, 0, 0, 0, 0, 0, 0, 0, 0, 0, 2, 384, 1, 1, 0, 0, 0, 0, 0, 0, 0, 0, 0, 0, 0]",1,128,384.0,2304.0,1081443220,1081450878,1120206927,1120208975,0,1408,1408,-1,1,7658,2048,256,128,128,2
16,3,"[2, 384, 1, 7, 7, 0, 0, 0, 0, 0, 0, 0, 0, 0, 0, 4, 0, 0, 0, 0, 0, 0, 0, 0, 0, 0, 0, 0, 0, 0]",37,128,18816.0,75268.0,1081524186,1081531844,1120210383,1120212623,0,416,416,-1,1,7658,2240,256,128,128,2
12,3,"[2, 384, 1, 7, 7, 0, 0, 0, 0, 0, 0, 0, 0, 0, 0, 2, 384, 1, 7, 7, 0, 0, 0, 0, 0, 0, 0, 0, 0, 0]",37,128,18816.0,112896.0,1081732257,1081742341,1120213039,1120215086,0,1,1,-1,1,10084,2047,256,128,128,2
12,3,"[2, 384, 1, 7, 7, 0, 0, 0, 0, 0, 0, 0, 0, 0, 0, 2, 384, 1, 7, 7, 0, 0, 0, 0, 0, 0, 0, 0, 0, 0]",37,128,18816.0,112896.0,1081829498,1081838246,1120215087,1120218319,0,608,608,-1,1,8748,3232,256,128,128,2
16,3,"[2, 384, 0, 0, 0, 0, 0, 0, 0, 0, 0, 0, 0, 0, 0, 4, 0, 0, 0, 0, 0, 0, 0, 0, 0, 0, 0, 0, 0, 0]",1,128,384.0,1540.0,1081915797,1081924523,1120218927,1120221039,0,192,192,-1,1,8726,2112,256,128,128,2
12,3,"[2, 384, 0, 0, 0, 0, 0, 0, 0, 0, 0, 0, 0, 0, 0, 2, 384, 0, 0, 0, 0, 0, 0, 0, 0, 0, 0, 0, 0, 0]",1,128,384.0,2304.0,1081997983,1082005286,1120221231,1120223278,0,1,1,-1,1,7303,2047,256,128,128,2
12,3,"[2, 384, 0, 0, 0, 0, 0, 0, 0, 0, 0, 0, 0, 0, 0, 2, 384, 0, 0, 0, 0, 0, 0, 0, 0, 0, 0, 0, 0, 0]",1,128,384.0,2304.0,1082077757,1082084965,1120223279,1120226383,0,544,544,-1,1,7208,3104,256,128,128,2
16,3,"[2, 384, 0, 0, 0, 0, 0, 0, 0, 0, 0, 0, 0, 0, 0, 4, 0, 0, 0, 0, 0, 0, 0, 0, 0, 0, 0, 0, 0, 0]",1,128,384.0,1540.0,1082172649,1082180236,1120226927,1120228975,0,480,480,-1,1,7587,2048,256,128,128,2
12,3,"[2, 384, 0, 0, 0, 0, 0, 0, 0, 0, 0, 0, 0, 0, 0, 2, 384, 0, 0, 0, 0, 0, 0, 0, 0, 0, 0, 0, 0, 0]",1,128,384.0,2304.0,1082259051,1082266492,1120229455,1120231470,0,1,1,-1,1,7441,2015,256,128,128,2
12,3,"[2, 384, 0, 0, 0, 0, 0, 0, 0, 0, 0, 0, 0, 0, 0, 2, 384, 0, 0, 0, 0, 0, 0, 0, 0, 0, 0, 0, 0, 0]",1,128,384.0,2304.0,1082339617,1082347634,1120231471,1120233551,0,1408,1408,-1,1,8017,2080,256,128,128,2
16,3,"[2, 384, 0, 0, 0, 0, 0, 0, 0, 0, 0, 0, 0, 0, 0, 4, 0, 0, 0, 0, 0, 0, 0, 0, 0, 0, 0, 0, 0, 0]",1,128,384.0,1540.0,1082420959,1082428626,1120234959,1120237007,0,608,608,-1,1,7667,2048,256,128,128,2
12,3,"[2, 384, 0, 0, 0, 0, 0, 0, 0, 0, 0, 0, 0, 0, 0, 2, 384, 0, 0, 0, 0, 0, 0, 0, 0, 0, 0, 0, 0, 0]",1,128,384.0,2304.0,1082501702,1082509853,1120237615,1120239663,0,256,256,-1,1,8151,2048,256,128,128,2
12,3,"[2, 384, 0, 0, 0, 0, 0, 0, 0, 0, 0, 0, 0, 0, 0, 2, 384, 0, 0, 0, 0, 0, 0, 0, 0, 0, 0, 0, 0, 0]",1,128,384.0,2304.0,1082583052,1082590248,1120239919,1120241743,0,1216,1216,-1,1,7196,1824,256,128,128,2
16,3,"[2, 1536, 384, 0, 0, 0, 0, 0, 0, 0, 0, 0, 0, 0, 0, 4, 0, 0, 0, 0, 0, 0, 0, 0, 0, 0, 0, 0, 0, 0]",1152,128,589824.0,2359300.0,1082662887,1082670872,1120242959,1120248975,0,544,544,-1,1,7985,6016,256,128,128,2
12,3,"[2, 1536, 384, 0, 0, 0, 0, 0, 0, 0, 0, 0, 0, 0, 0, 2, 1536, 384, 0, 0, 0, 0, 0, 0, 0, 0, 0, 0, 0, 0]",1152,128,589824.0,3538944.0,1082744449,1082751684,1120249519,1120253998,0,1,1,-1,1,7235,4479,256,128,128,2
12,3,"[2, 1536, 384, 0, 0, 0, 0, 0, 0, 0, 0, 0, 0, 0, 0, 2, 1536, 384, 0, 0, 0, 0, 0, 0, 0, 0, 0, 0, 0, 0]",1152,128,589824.0,3538944.0,1082833587,1082841103,1120253999,1120260175,0,544,544,-1,1,7516,6176,256,128,128,2
16,3,"[2, 1536, 0, 0, 0, 0, 0, 0, 0, 0, 0, 0, 0, 0, 0, 4, 0, 0, 0, 0, 0, 0, 0, 0, 0, 0, 0, 0, 0, 0]",3,128,1536.0,6148.0,1082914195,1082922186,1120260719,1120262223,0,1632,1632,-1,1,7991,1504,256,128,128,2
12,3,"[2, 1536, 0, 0, 0, 0, 0, 0, 0, 0, 0, 0, 0, 0, 0, 2, 1536, 0, 0, 0, 0, 0, 0, 0, 0, 0, 0, 0, 0, 0]",3,128,1536.0,9216.0,1082994443,1083002491,1120263855,1120265903,0,384,384,-1,1,8048,2048,256,128,128,2
12,3,"[2, 1536, 0, 0, 0, 0, 0, 0, 0, 0, 0, 0, 0, 0, 0, 2, 1536, 0, 0, 0, 0, 0, 0, 0, 0, 0, 0, 0, 0, 0]",3,128,1536.0,9216.0,1083074043,1083082186,1120266287,1120268334,0,1,1,-1,1,8143,2047,256,128,128,2
16,3,"[2, 384, 1536, 0, 0, 0, 0, 0, 0, 0, 0, 0, 0, 0, 0, 4, 0, 0, 0, 0, 0, 0, 0, 0, 0, 0, 0, 0, 0, 0]",1152,128,589824.0,2359300.0,1083154642,1083162235,1120268335,1120274511,0,1248,1248,-1,1,7593,6176,256,128,128,2
12,3,"[2, 384, 1536, 0, 0, 0, 0, 0, 0, 0, 0, 0, 0, 0, 0, 2, 384, 1536, 0, 0, 0, 0, 0, 0, 0, 0, 0, 0, 0, 0]",1152,128,589824.0,3538944.0,1083240232,1083247903,1120275759,1120280655,0,288,288,-1,1,7671,4896,256,128,128,2
12,3,"[2, 384, 1536, 0, 0, 0, 0, 0, 0, 0, 0, 0, 0, 0, 0, 2, 384, 1536, 0, 0, 0, 0, 0, 0, 0, 0, 0, 0, 0, 0]",1152,128,589824.0,3538944.0,1083329951,1083337818,1120280943,1120286671,0,224,224,-1,1,7867,5728,256,128,128,2
16,3,"[2, 384, 0, 0, 0, 0, 0, 0, 0, 0, 0, 0, 0, 0, 0, 4, 0, 0, 0, 0, 0, 0, 0, 0, 0, 0, 0, 0, 0, 0]",1,128,384.0,1540.0,1083411755,1083419977,1120286895,1120288846,0,1089,1089,-1,1,8222,1951,256,128,128,2
12,3,"[2, 384, 0, 0, 0, 0, 0, 0, 0, 0, 0, 0, 0, 0, 0, 2, 384, 0, 0, 0, 0, 0, 0, 0, 0, 0, 0, 0, 0, 0]",1,128,384.0,2304.0,1083491802,1083498894,1120289935,1120292046,0,576,576,-1,1,7092,2111,256,128,128,2
12,3,"[2, 384, 0, 0, 0, 0, 0, 0, 0, 0, 0, 0, 0, 0, 0, 2, 384, 0, 0, 0, 0, 0, 0, 0, 0, 0, 0, 0, 0, 0]",1,128,384.0,2304.0,1083571440,1083578682,1120292622,1120294990,0,576,576,-1,1,7242,2368,256,128,128,2
16,3,"[2, 384, 1, 1, 0, 0, 0, 0, 0, 0, 0, 0, 0, 0, 0, 4, 0, 0, 0, 0, 0, 0, 0, 0, 0, 0, 0, 0, 0, 0]",1,128,384.0,1540.0,1083652008,1083660052,1120295566,1120297039,0,1567,1567,-1,1,8044,1473,256,128,128,2
12,3,"[2, 384, 1, 1, 0, 0, 0, 0, 0, 0, 0, 0, 0, 0, 0, 2, 384, 1, 1, 0, 0, 0, 0, 0, 0, 0, 0, 0, 0, 0]",1,128,384.0,2304.0,1083732425,1083740233,1120298606,1120300686,0,416,416,-1,1,7808,2080,256,128,128,2
12,3,"[2, 384, 1, 1, 0, 0, 0, 0, 0, 0, 0, 0, 0, 0, 0, 2, 384, 1, 1, 0, 0, 0, 0, 0, 0, 0, 0, 0, 0, 0]",1,128,384.0,2304.0,1083820761,1083828484,1120301102,1120303182,0,416,416,-1,1,7723,2080,256,128,128,2
16,3,"[2, 384, 1, 7, 7, 0, 0, 0, 0, 0, 0, 0, 0, 0, 0, 4, 0, 0, 0, 0, 0, 0, 0, 0, 0, 0, 0, 0, 0, 0]",37,128,18816.0,75268.0,1083910436,1083919105,1120303598,1120305230,0,1568,1568,-1,1,8669,1632,256,128,128,2
12,3,"[2, 384, 1, 7, 7, 0, 0, 0, 0, 0, 0, 0, 0, 0, 0, 2, 384, 1, 7, 7, 0, 0, 0, 0, 0, 0, 0, 0, 0, 0]",37,128,18816.0,112896.0,1083993084,1084000821,1120306798,1120309038,0,256,256,-1,1,7737,2240,256,128,128,2
12,3,"[2, 384, 1, 7, 7, 0, 0, 0, 0, 0, 0, 0, 0, 0, 0, 2, 384, 1, 7, 7, 0, 0, 0, 0, 0, 0, 0, 0, 0, 0]",37,128,18816.0,112896.0,1084077024,1084084389,1120309294,1120311374,0,1088,1088,-1,1,7365,2080,256,128,128,2
16,3,"[2, 384, 0, 0, 0, 0, 0, 0, 0, 0, 0, 0, 0, 0, 0, 4, 0, 0, 0, 0, 0, 0, 0, 0, 0, 0, 0, 0, 0, 0]",1,128,384.0,1540.0,1084157677,1084165018,1120312462,1120314862,0,576,576,-1,1,7341,2400,256,128,128,2
12,3,"[2, 384, 0, 0, 0, 0, 0, 0, 0, 0, 0, 0, 0, 0, 0, 2, 384, 0, 0, 0, 0, 0, 0, 0, 0, 0, 0, 0, 0, 0]",1,128,384.0,2304.0,1084237682,1084245602,1120315438,1120317517,0,1,1,-1,1,7920,2079,256,128,128,2
12,3,"[2, 384, 0, 0, 0, 0, 0, 0, 0, 0, 0, 0, 0, 0, 0, 2, 384, 0, 0, 0, 0, 0, 0, 0, 0, 0, 0, 0, 0, 0]",1,128,384.0,2304.0,1084317975,1084325036,1120317518,1120319566,0,1376,1376,-1,1,7061,2048,256,128,128,2
16,3,"[2, 384, 0, 0, 0, 0, 0, 0, 0, 0, 0, 0, 0, 0, 0, 4, 0, 0, 0, 0, 0, 0, 0, 0, 0, 0, 0, 0, 0, 0]",1,128,384.0,1540.0,1084405085,1084412883,1120320942,1120322990,0,544,544,-1,1,7798,2048,256,128,128,2
12,3,"[2, 384, 0, 0, 0, 0, 0, 0, 0, 0, 0, 0, 0, 0, 0, 2, 384, 0, 0, 0, 0, 0, 0, 0, 0, 0, 0, 0, 0, 0]",1,128,384.0,2304.0,1084484490,1084491940,1120323534,1120325678,0,32,32,-1,1,7450,2144,256,128,128,2
12,3,"[2, 384, 0, 0, 0, 0, 0, 0, 0, 0, 0, 0, 0, 0, 0, 2, 384, 0, 0, 0, 0, 0, 0, 0, 0, 0, 0, 0, 0, 0]",1,128,384.0,2304.0,1084565643,1084572902,1120325710,1120327758,0,1120,1120,-1,1,7259,2048,256,128,128,2
16,3,"[2, 384, 0, 0, 0, 0, 0, 0, 0, 0, 0, 0, 0, 0, 0, 4, 0, 0, 0, 0, 0, 0, 0, 0, 0, 0, 0, 0, 0, 0]",1,128,384.0,1540.0,1084644646,1084652230,1120328878,1120330926,0,640,640,-1,1,7584,2048,256,128,128,2
12,3,"[2, 384, 0, 0, 0, 0, 0, 0, 0, 0, 0, 0, 0, 0, 0, 2, 384, 0, 0, 0, 0, 0, 0, 0, 0, 0, 0, 0, 0, 0]",1,128,384.0,2304.0,1084722875,1084730364,1120331566,1120333678,0,192,192,-1,1,7489,2112,256,128,128,2
12,3,"[2, 384, 0, 0, 0, 0, 0, 0, 0, 0, 0, 0, 0, 0, 0, 2, 384, 0, 0, 0, 0, 0, 0, 0, 0, 0, 0, 0, 0, 0]",1,128,384.0,2304.0,1084800562,1084807613,1120333870,1120335950,0,576,576,-1,1,7051,2080,256,128,128,2
16,3,"[2, 1536, 384, 0, 0, 0, 0, 0, 0, 0, 0, 0, 0, 0, 0, 4, 0, 0, 0, 0, 0, 0, 0, 0, 0, 0, 0, 0, 0, 0]",1152,128,589824.0,2359300.0,1084886961,1084895076,1120336526,1120342094,0,1344,1344,-1,1,8115,5568,256,128,128,2
12,3,"[2, 1536, 384, 0, 0, 0, 0, 0, 0, 0, 0, 0, 0, 0, 0, 2, 1536, 384, 0, 0, 0, 0, 0, 0, 0, 0, 0, 0, 0, 0]",1152,128,589824.0,3538944.0,1084967030,1084974079,1120343438,1120348238,0,512,512,-1,1,7049,4800,256,128,128,2
12,3,"[2, 1536, 384, 0, 0, 0, 0, 0, 0, 0, 0, 0, 0, 0, 0, 2, 1536, 384, 0, 0, 0, 0, 0, 0, 0, 0, 0, 0, 0, 0]",1152,128,589824.0,3538944.0,1085047604,1085054822,1120348750,1120354349,0,1,1,-1,1,7218,5599,256,128,128,2
16,3,"[2, 1536, 0, 0, 0, 0, 0, 0, 0, 0, 0, 0, 0, 0, 0, 4, 0, 0, 0, 0, 0, 0, 0, 0, 0, 0, 0, 0, 0, 0]",3,128,1536.0,6148.0,1085126124,1085133896,1120354350,1120356430,0,1440,1440,-1,1,7772,2080,256,128,128,2
12,3,"[2, 1536, 0, 0, 0, 0, 0, 0, 0, 0, 0, 0, 0, 0, 0, 2, 1536, 0, 0, 0, 0, 0, 0, 0, 0, 0, 0, 0, 0, 0]",3,128,1536.0,9216.0,1085335806,1085345650,1120357870,1120359886,0,576,576,-1,1,9844,2016,256,128,128,2
12,3,"[2, 1536, 0, 0, 0, 0, 0, 0, 0, 0, 0, 0, 0, 0, 0, 2, 1536, 0, 0, 0, 0, 0, 0, 0, 0, 0, 0, 0, 0, 0]",3,128,1536.0,9216.0,1085430586,1085439947,1120360462,1120362510,0,64,64,-1,1,9361,2048,256,128,128,2
16,3,"[2, 384, 1536, 0, 0, 0, 0, 0, 0, 0, 0, 0, 0, 0, 0, 4, 0, 0, 0, 0, 0, 0, 0, 0, 0, 0, 0, 0, 0, 0]",1152,128,589824.0,2359300.0,1085517297,1085526518,1120362574,1120368718,0,1472,1472,-1,1,9221,6144,256,128,128,2
12,3,"[2, 384, 1536, 0, 0, 0, 0, 0, 0, 0, 0, 0, 0, 0, 0, 2, 384, 1536, 0, 0, 0, 0, 0, 0, 0, 0, 0, 0, 0, 0]",1152,128,589824.0,3538944.0,1085599534,1085607102,1120370190,1120374861,0,1,1,-1,1,7568,4671,256,128,128,2
12,3,"[2, 384, 1536, 0, 0, 0, 0, 0, 0, 0, 0, 0, 0, 0, 0, 2, 384, 1536, 0, 0, 0, 0, 0, 0, 0, 0, 0, 0, 0, 0]",1152,128,589824.0,3538944.0,1085680347,1085688172,1120374862,1120380973,0,1,1,-1,1,7825,6111,256,128,128,2
16,3,"[2, 384, 0, 0, 0, 0, 0, 0, 0, 0, 0, 0, 0, 0, 0, 4, 0, 0, 0, 0, 0, 0, 0, 0, 0, 0, 0, 0, 0, 0]",1,128,384.0,1540.0,1085760535,1085768135,1120380974,1120383054,0,1472,1472,-1,1,7600,2080,256,128,128,2
12,3,"[2, 384, 0, 0, 0, 0, 0, 0, 0, 0, 0, 0, 0, 0, 0, 2, 384, 0, 0, 0, 0, 0, 0, 0, 0, 0, 0, 0, 0, 0]",1,128,384.0,2304.0,1085839105,1085846422,1120384526,1120386670,0,448,448,-1,1,7317,2144,256,128,128,2
12,3,"[2, 384, 0, 0, 0, 0, 0, 0, 0, 0, 0, 0, 0, 0, 0, 2, 384, 0, 0, 0, 0, 0, 0, 0, 0, 0, 0, 0, 0, 0]",1,128,384.0,2304.0,1085917519,1085925166,1120387118,1120389165,0,1,1,-1,1,7647,2047,256,128,128,2
16,3,"[2, 384, 1, 1, 0, 0, 0, 0, 0, 0, 0, 0, 0, 0, 0, 4, 0, 0, 0, 0, 0, 0, 0, 0, 0, 0, 0, 0, 0, 0]",1,128,384.0,1540.0,1086014995,1086024022,1120389166,1120391246,0,1248,1248,-1,1,9027,2080,256,128,128,2
12,3,"[2, 384, 1, 1, 0, 0, 0, 0, 0, 0, 0, 0, 0, 0, 0, 2, 384, 1, 1, 0, 0, 0, 0, 0, 0, 0, 0, 0, 0, 0]",1,128,384.0,2304.0,1086100222,1086108480,1120392494,1120394606,0,544,544,-1,1,8258,2112,256,128,128,2
12,3,"[2, 384, 1, 1, 0, 0, 0, 0, 0, 0, 0, 0, 0, 0, 0, 2, 384, 1, 1, 0, 0, 0, 0, 0, 0, 0, 0, 0, 0, 0]",1,128,384.0,2304.0,1086182054,1086189576,1120395150,1120397262,0,128,128,-1,1,7522,2112,256,128,128,2
16,3,"[2, 384, 1, 7, 7, 0, 0, 0, 0, 0, 0, 0, 0, 0, 0, 4, 0, 0, 0, 0, 0, 0, 0, 0, 0, 0, 0, 0, 0, 0]",37,128,18816.0,75268.0,1086262695,1086269302,1120397390,1120399438,0,1184,1184,-1,1,6607,2048,256,128,128,2
12,3,"[2, 384, 1, 7, 7, 0, 0, 0, 0, 0, 0, 0, 0, 0, 0, 2, 384, 1, 7, 7, 0, 0, 0, 0, 0, 0, 0, 0, 0, 0]",37,128,18816.0,112896.0,1086328008,1086334411,1120400622,1120402862,0,608,608,-1,1,6403,2240,256,128,128,2
12,3,"[2, 384, 1, 7, 7, 0, 0, 0, 0, 0, 0, 0, 0, 0, 0, 2, 384, 1, 7, 7, 0, 0, 0, 0, 0, 0, 0, 0, 0, 0]",37,128,18816.0,112896.0,1086393825,1086399897,1120403470,1120405581,0,1,1,-1,1,6072,2111,256,128,128,2
16,3,"[2, 384, 0, 0, 0, 0, 0, 0, 0, 0, 0, 0, 0, 0, 0, 4, 0, 0, 0, 0, 0, 0, 0, 0, 0, 0, 0, 0, 0, 0]",1,128,384.0,1540.0,1086465205,1086471871,1120405582,1120408686,0,576,576,-1,1,6666,3104,256,128,128,2
12,3,"[2, 384, 0, 0, 0, 0, 0, 0, 0, 0, 0, 0, 0, 0, 0, 2, 384, 0, 0, 0, 0, 0, 0, 0, 0, 0, 0, 0, 0, 0]",1,128,384.0,2304.0,1086530304,1086536636,1120409262,1120411437,0,289,289,-1,1,6332,2175,256,128,128,2
12,3,"[2, 384, 0, 0, 0, 0, 0, 0, 0, 0, 0, 0, 0, 0, 0, 2, 384, 0, 0, 0, 0, 0, 0, 0, 0, 0, 0, 0, 0, 0]",1,128,384.0,2304.0,1086595152,1086600977,1120411726,1120413773,0,1,1,-1,1,5825,2047,256,128,128,2
16,3,"[2, 384, 0, 0, 0, 0, 0, 0, 0, 0, 0, 0, 0, 0, 0, 4, 0, 0, 0, 0, 0, 0, 0, 0, 0, 0, 0, 0, 0, 0]",1,128,384.0,1540.0,1086658168,1086664193,1120413774,1120415821,0,1633,1633,-1,1,6025,2047,256,128,128,2
12,3,"[2, 384, 0, 0, 0, 0, 0, 0, 0, 0, 0, 0, 0, 0, 0, 2, 384, 0, 0, 0, 0, 0, 0, 0, 0, 0, 0, 0, 0, 0]",1,128,384.0,2304.0,1086721734,1086727986,1120417454,1120419630,0,288,288,-1,1,6252,2176,256,128,128,2
12,3,"[2, 384, 0, 0, 0, 0, 0, 0, 0, 0, 0, 0, 0, 0, 0, 2, 384, 0, 0, 0, 0, 0, 0, 0, 0, 0, 0, 0, 0, 0]",1,128,384.0,2304.0,1086784525,1086790709,1120419918,1120421933,0,1,1,-1,1,6184,2015,256,128,128,2
16,3,"[2, 384, 0, 0, 0, 0, 0, 0, 0, 0, 0, 0, 0, 0, 0, 4, 0, 0, 0, 0, 0, 0, 0, 0, 0, 0, 0, 0, 0, 0]",1,128,384.0,1540.0,1086845828,1086851441,1120421934,1120424014,0,1599,1599,-1,1,5613,2080,256,128,128,2
12,3,"[2, 384, 0, 0, 0, 0, 0, 0, 0, 0, 0, 0, 0, 0, 0, 2, 384, 0, 0, 0, 0, 0, 0, 0, 0, 0, 0, 0, 0, 0]",1,128,384.0,2304.0,1086913818,1086919669,1120425613,1120428108,0,1,1,-1,1,5851,2495,256,128,128,2
12,3,"[2, 384, 0, 0, 0, 0, 0, 0, 0, 0, 0, 0, 0, 0, 0, 2, 384, 0, 0, 0, 0, 0, 0, 0, 0, 0, 0, 0, 0, 0]",1,128,384.0,2304.0,1086975394,1086981151,1120428109,1120430157,0,1280,1280,-1,1,5757,2048,256,128,128,2
16,3,"[2, 1536, 384, 0, 0, 0, 0, 0, 0, 0, 0, 0, 0, 0, 0, 4, 0, 0, 0, 0, 0, 0, 0, 0, 0, 0, 0, 0, 0, 0]",1152,128,589824.0,2359300.0,1087037908,1087043965,1120431437,1120436301,0,1408,1408,-1,1,6057,4864,256,128,128,2
12,3,"[2, 1536, 384, 0, 0, 0, 0, 0, 0, 0, 0, 0, 0, 0, 0, 2, 1536, 384, 0, 0, 0, 0, 0, 0, 0, 0, 0, 0, 0, 0]",1152,128,589824.0,3538944.0,1087101157,1087106760,1120437709,1120442444,0,1,1,-1,1,5603,4735,256,128,128,2
12,3,"[2, 1536, 384, 0, 0, 0, 0, 0, 0, 0, 0, 0, 0, 0, 0, 2, 1536, 384, 0, 0, 0, 0, 0, 0, 0, 0, 0, 0, 0, 0]",1152,128,589824.0,3538944.0,1087162638,1087169001,1120442445,1120448588,0,1,1,-1,1,6363,6143,256,128,128,2
16,3,"[2, 1536, 0, 0, 0, 0, 0, 0, 0, 0, 0, 0, 0, 0, 0, 4, 0, 0, 0, 0, 0, 0, 0, 0, 0, 0, 0, 0, 0, 0]",3,128,1536.0,6148.0,1087224098,1087230047,1120448589,1120451661,0,640,640,-1,1,5949,3072,256,128,128,2
12,3,"[2, 1536, 0, 0, 0, 0, 0, 0, 0, 0, 0, 0, 0, 0, 0, 2, 1536, 0, 0, 0, 0, 0, 0, 0, 0, 0, 0, 0, 0, 0]",3,128,1536.0,9216.0,1087291971,1087298783,1120452301,1120454317,0,384,384,-1,1,6812,2016,256,128,128,2
12,3,"[2, 1536, 0, 0, 0, 0, 0, 0, 0, 0, 0, 0, 0, 0, 0, 2, 1536, 0, 0, 0, 0, 0, 0, 0, 0, 0, 0, 0, 0, 0]",3,128,1536.0,9216.0,1087356057,1087362172,1120454701,1120456781,0,416,416,-1,1,6115,2080,256,128,128,2
16,3,"[2, 384, 1536, 0, 0, 0, 0, 0, 0, 0, 0, 0, 0, 0, 0, 4, 0, 0, 0, 0, 0, 0, 0, 0, 0, 0, 0, 0, 0, 0]",1152,128,589824.0,2359300.0,1087418703,1087425271,1120457197,1120462925,0,1056,1056,-1,1,6568,5728,256,128,128,2
12,3,"[2, 384, 1536, 0, 0, 0, 0, 0, 0, 0, 0, 0, 0, 0, 0, 2, 384, 1536, 0, 0, 0, 0, 0, 0, 0, 0, 0, 0, 0, 0]",1152,128,589824.0,3538944.0,1087480286,1087486102,1120463981,1120469005,0,224,224,-1,1,5816,5024,256,128,128,2
12,3,"[2, 384, 1536, 0, 0, 0, 0, 0, 0, 0, 0, 0, 0, 0, 0, 2, 384, 1536, 0, 0, 0, 0, 0, 0, 0, 0, 0, 0, 0, 0]",1152,128,589824.0,3538944.0,1087542312,1087548824,1120469229,1120475117,0,64,64,-1,1,6512,5888,256,128,128,2
16,3,"[2, 384, 0, 0, 0, 0, 0, 0, 0, 0, 0, 0, 0, 0, 0, 4, 0, 0, 0, 0, 0, 0, 0, 0, 0, 0, 0, 0, 0, 0]",1,128,384.0,1540.0,1087605185,1087611118,1120475181,1120477261,0,1120,1120,-1,1,5933,2080,256,128,128,2
12,3,"[2, 384, 0, 0, 0, 0, 0, 0, 0, 0, 0, 0, 0, 0, 0, 2, 384, 0, 0, 0, 0, 0, 0, 0, 0, 0, 0, 0, 0, 0]",1,128,384.0,2304.0,1087671787,1087677708,1120478381,1120480493,0,576,576,-1,1,5921,2112,256,128,128,2
12,3,"[2, 384, 0, 0, 0, 0, 0, 0, 0, 0, 0, 0, 0, 0, 0, 2, 384, 0, 0, 0, 0, 0, 0, 0, 0, 0, 0, 0, 0, 0]",1,128,384.0,2304.0,1087735011,1087740821,1120481069,1120483149,0,224,224,-1,1,5810,2080,256,128,128,2
16,3,"[2, 384, 1, 1, 0, 0, 0, 0, 0, 0, 0, 0, 0, 0, 0, 4, 0, 0, 0, 0, 0, 0, 0, 0, 0, 0, 0, 0, 0, 0]",1,128,384.0,1540.0,1087798304,1087804394,1120483373,1120485452,0,1,1,-1,1,6090,2079,256,128,128,2
12,3,"[2, 384, 1, 1, 0, 0, 0, 0, 0, 0, 0, 0, 0, 0, 0, 2, 384, 1, 1, 0, 0, 0, 0, 0, 0, 0, 0, 0, 0, 0]",1,128,384.0,2304.0,1087861524,1087867491,1120485453,1120487501,0,1536,1536,-1,1,5967,2048,256,128,128,2
12,3,"[2, 384, 1, 1, 0, 0, 0, 0, 0, 0, 0, 0, 0, 0, 0, 2, 384, 1, 1, 0, 0, 0, 0, 0, 0, 0, 0, 0, 0, 0]",1,128,384.0,2304.0,1087937385,1087944837,1120489037,1120491117,0,480,480,-1,1,7452,2080,256,128,128,2
16,3,"[2, 384, 1, 7, 7, 0, 0, 0, 0, 0, 0, 0, 0, 0, 0, 4, 0, 0, 0, 0, 0, 0, 0, 0, 0, 0, 0, 0, 0, 0]",37,128,18816.0,75268.0,1088005382,1088011582,1120491597,1120493645,0,544,544,-1,1,6200,2048,256,128,128,2
12,3,"[2, 384, 1, 7, 7, 0, 0, 0, 0, 0, 0, 0, 0, 0, 0, 2, 384, 1, 7, 7, 0, 0, 0, 0, 0, 0, 0, 0, 0, 0]",37,128,18816.0,112896.0,1088069534,1088075845,1120494189,1120496813,0,576,576,-1,1,6311,2624,256,128,128,2
12,3,"[2, 384, 1, 7, 7, 0, 0, 0, 0, 0, 0, 0, 0, 0, 0, 2, 384, 1, 7, 7, 0, 0, 0, 0, 0, 0, 0, 0, 0, 0]",37,128,18816.0,112896.0,1088139329,1088145541,1120497389,1120499533,0,224,224,-1,1,6212,2144,256,128,128,2
16,3,"[2, 384, 0, 0, 0, 0, 0, 0, 0, 0, 0, 0, 0, 0, 0, 4, 0, 0, 0, 0, 0, 0, 0, 0, 0, 0, 0, 0, 0, 0]",1,128,384.0,1540.0,1088305601,1088314601,1120499757,1120501837,0,1216,1216,-1,1,9000,2080,256,128,128,2
12,3,"[2, 384, 0, 0, 0, 0, 0, 0, 0, 0, 0, 0, 0, 0, 0, 2, 384, 0, 0, 0, 0, 0, 0, 0, 0, 0, 0, 0, 0, 0]",1,128,384.0,2304.0,1088380850,1088387874,1120503053,1120505133,0,576,576,-1,1,7024,2080,256,128,128,2
12,3,"[2, 384, 0, 0, 0, 0, 0, 0, 0, 0, 0, 0, 0, 0, 0, 2, 384, 0, 0, 0, 0, 0, 0, 0, 0, 0, 0, 0, 0, 0]",1,128,384.0,2304.0,1088446747,1088452603,1120505709,1120507757,0,256,256,-1,1,5856,2048,256,128,128,2
16,3,"[2, 384, 0, 0, 0, 0, 0, 0, 0, 0, 0, 0, 0, 0, 0, 4, 0, 0, 0, 0, 0, 0, 0, 0, 0, 0, 0, 0, 0, 0]",1,128,384.0,1540.0,1088511349,1088518028,1120508013,1120510029,0,1024,1024,-1,1,6679,2016,256,128,128,2
12,3,"[2, 384, 0, 0, 0, 0, 0, 0, 0, 0, 0, 0, 0, 0, 0, 2, 384, 0, 0, 0, 0, 0, 0, 0, 0, 0, 0, 0, 0, 0]",1,128,384.0,2304.0,1088580123,1088586204,1120511053,1120513197,0,544,544,-1,1,6081,2144,256,128,128,2
12,3,"[2, 384, 0, 0, 0, 0, 0, 0, 0, 0, 0, 0, 0, 0, 0, 2, 384, 0, 0, 0, 0, 0, 0, 0, 0, 0, 0, 0, 0, 0]",1,128,384.0,2304.0,1088642727,1088648647,1120513741,1120515853,0,320,320,-1,1,5920,2112,256,128,128,2
16,3,"[2, 384, 0, 0, 0, 0, 0, 0, 0, 0, 0, 0, 0, 0, 0, 4, 0, 0, 0, 0, 0, 0, 0, 0, 0, 0, 0, 0, 0, 0]",1,128,384.0,1540.0,1088705026,1088710851,1120516173,1120518221,0,512,512,-1,1,5825,2048,256,128,128,2
12,3,"[2, 384, 0, 0, 0, 0, 0, 0, 0, 0, 0, 0, 0, 0, 0, 2, 384, 0, 0, 0, 0, 0, 0, 0, 0, 0, 0, 0, 0, 0]",1,128,384.0,2304.0,1088766680,1088772326,1120518733,1120520269,0,1504,1504,-1,1,5646,1536,256,128,128,2
12,3,"[2, 384, 0, 0, 0, 0, 0, 0, 0, 0, 0, 0, 0, 0, 0, 2, 384, 0, 0, 0, 0, 0, 0, 0, 0, 0, 0, 0, 0, 0]",1,128,384.0,2304.0,1088828288,1088834566,1120521773,1120523821,0,544,544,-1,1,6278,2048,256,128,128,2
16,3,"[2, 1536, 384, 0, 0, 0, 0, 0, 0, 0, 0, 0, 0, 0, 0, 4, 0, 0, 0, 0, 0, 0, 0, 0, 0, 0, 0, 0, 0, 0]",1152,128,589824.0,2359300.0,1088891241,1088897862,1120524365,1120530349,0,288,288,-1,1,6621,5984,256,128,128,2
12,3,"[2, 1536, 384, 0, 0, 0, 0, 0, 0, 0, 0, 0, 0, 0, 0, 2, 1536, 384, 0, 0, 0, 0, 0, 0, 0, 0, 0, 0, 0, 0]",1152,128,589824.0,3538944.0,1088960106,1088966472,1120530637,1120535917,0,576,576,-1,1,6366,5280,256,128,128,2
12,3,"[2, 1536, 384, 0, 0, 0, 0, 0, 0, 0, 0, 0, 0, 0, 0, 2, 1536, 384, 0, 0, 0, 0, 0, 0, 0, 0, 0, 0, 0, 0]",1152,128,589824.0,3538944.0,1089024479,1089030448,1120536493,1120541773,0,544,544,-1,1,5969,5280,256,128,128,2
16,3,"[2, 1536, 0, 0, 0, 0, 0, 0, 0, 0, 0, 0, 0, 0, 0, 4, 0, 0, 0, 0, 0, 0, 0, 0, 0, 0, 0, 0, 0, 0]",3,128,1536.0,6148.0,1089085948,1089091779,1120542317,1120544397,0,416,416,-1,1,5831,2080,256,128,128,2
12,3,"[2, 1536, 0, 0, 0, 0, 0, 0, 0, 0, 0, 0, 0, 0, 0, 2, 1536, 0, 0, 0, 0, 0, 0, 0, 0, 0, 0, 0, 0, 0]",3,128,1536.0,9216.0,1089147422,1089153611,1120544813,1120546860,0,1,1,-1,1,6189,2047,256,128,128,2
12,3,"[2, 1536, 0, 0, 0, 0, 0, 0, 0, 0, 0, 0, 0, 0, 0, 2, 1536, 0, 0, 0, 0, 0, 0, 0, 0, 0, 0, 0, 0, 0]",3,128,1536.0,9216.0,1089210724,1089216669,1120546861,1120548941,0,1344,1344,-1,1,5945,2080,256,128,128,2
16,3,"[2, 384, 1536, 0, 0, 0, 0, 0, 0, 0, 0, 0, 0, 0, 0, 4, 0, 0, 0, 0, 0, 0, 0, 0, 0, 0, 0, 0, 0, 0]",1152,128,589824.0,2359300.0,1089273881,1089280629,1120550285,1120556205,0,608,608,-1,1,6748,5920,256,128,128,2
12,3,"[2, 384, 1536, 0, 0, 0, 0, 0, 0, 0, 0, 0, 0, 0, 0, 2, 384, 1536, 0, 0, 0, 0, 0, 0, 0, 0, 0, 0, 0, 0]",1152,128,589824.0,3538944.0,1089366220,1089372800,1120556813,1120561228,0,1121,1121,-1,1,6580,4415,256,128,128,2
12,3,"[2, 384, 1536, 0, 0, 0, 0, 0, 0, 0, 0, 0, 0, 0, 0, 2, 384, 1536, 0, 0, 0, 0, 0, 0, 0, 0, 0, 0, 0, 0]",1152,128,589824.0,3538944.0,1089442852,1089449201,1120562349,1120567372,0,1025,1025,-1,1,6349,5023,256,128,128,2
16,3,"[2, 384, 0, 0, 0, 0, 0, 0, 0, 0, 0, 0, 0, 0, 0, 4, 0, 0, 0, 0, 0, 0, 0, 0, 0, 0, 0, 0, 0, 0]",1,128,384.0,1540.0,1089509201,1089515554,1120568397,1120570508,0,672,672,-1,1,6353,2111,256,128,128,2
12,3,"[2, 384, 0, 0, 0, 0, 0, 0, 0, 0, 0, 0, 0, 0, 0, 2, 384, 0, 0, 0, 0, 0, 0, 0, 0, 0, 0, 0, 0, 0]",1,128,384.0,2304.0,1089571188,1089576938,1120571180,1120573324,0,192,192,-1,1,5750,2144,256,128,128,2
12,3,"[2, 384, 0, 0, 0, 0, 0, 0, 0, 0, 0, 0, 0, 0, 0, 2, 384, 0, 0, 0, 0, 0, 0, 0, 0, 0, 0, 0, 0, 0]",1,128,384.0,2304.0,1089633142,1089639528,1120573516,1120575531,0,1,1,-1,1,6386,2015,256,128,128,2
16,3,"[2, 384, 1, 1, 0, 0, 0, 0, 0, 0, 0, 0, 0, 0, 0, 4, 0, 0, 0, 0, 0, 0, 0, 0, 0, 0, 0, 0, 0, 0]",1,128,384.0,1540.0,1089696082,1089702810,1120575532,1120578668,0,544,544,-1,1,6728,3136,256,128,128,2
12,3,"[2, 384, 1, 1, 0, 0, 0, 0, 0, 0, 0, 0, 0, 0, 0, 2, 384, 1, 1, 0, 0, 0, 0, 0, 0, 0, 0, 0, 0, 0]",1,128,384.0,2304.0,1089759155,1089764905,1120579212,1120581356,0,352,352,-1,1,5750,2144,256,128,128,2
12,3,"[2, 384, 1, 1, 0, 0, 0, 0, 0, 0, 0, 0, 0, 0, 0, 2, 384, 1, 1, 0, 0, 0, 0, 0, 0, 0, 0, 0, 0, 0]",1,128,384.0,2304.0,1089827071,1089833051,1120581708,1120583756,0,1440,1440,-1,1,5980,2048,256,128,128,2
16,3,"[2, 384, 1, 7, 7, 0, 0, 0, 0, 0, 0, 0, 0, 0, 0, 4, 0, 0, 0, 0, 0, 0, 0, 0, 0, 0, 0, 0, 0, 0]",37,128,18816.0,75268.0,1089890614,1089896733,1120585196,1120587436,0,416,416,-1,1,6119,2240,256,128,128,2
12,3,"[2, 384, 1, 7, 7, 0, 0, 0, 0, 0, 0, 0, 0, 0, 0, 2, 384, 1, 7, 7, 0, 0, 0, 0, 0, 0, 0, 0, 0, 0]",37,128,18816.0,112896.0,1089953803,1089960333,1120587852,1120589867,0,1,1,-1,1,6530,2015,256,128,128,2
12,3,"[2, 384, 1, 7, 7, 0, 0, 0, 0, 0, 0, 0, 0, 0, 0, 2, 384, 1, 7, 7, 0, 0, 0, 0, 0, 0, 0, 0, 0, 0]",37,128,18816.0,112896.0,1090017377,1090023111,1120589868,1120593100,0,576,576,-1,1,5734,3232,256,128,128,2
16,3,"[2, 384, 0, 0, 0, 0, 0, 0, 0, 0, 0, 0, 0, 0, 0, 4, 0, 0, 0, 0, 0, 0, 0, 0, 0, 0, 0, 0, 0, 0]",1,128,384.0,1540.0,1090079785,1090085954,1120593676,1120596044,0,544,544,-1,1,6169,2368,256,128,128,2
12,3,"[2, 384, 0, 0, 0, 0, 0, 0, 0, 0, 0, 0, 0, 0, 0, 2, 384, 0, 0, 0, 0, 0, 0, 0, 0, 0, 0, 0, 0, 0]",1,128,384.0,2304.0,1090141823,1090147968,1120596588,1120598092,0,1536,1536,-1,1,6145,1504,256,128,128,2
12,3,"[2, 384, 0, 0, 0, 0, 0, 0, 0, 0, 0, 0, 0, 0, 0, 2, 384, 0, 0, 0, 0, 0, 0, 0, 0, 0, 0, 0, 0, 0]",1,128,384.0,2304.0,1090210707,1090216670,1120599628,1120601676,0,480,480,-1,1,5963,2048,256,128,128,2
16,3,"[2, 384, 0, 0, 0, 0, 0, 0, 0, 0, 0, 0, 0, 0, 0, 4, 0, 0, 0, 0, 0, 0, 0, 0, 0, 0, 0, 0, 0, 0]",1,128,384.0,1540.0,1090273370,1090279979,1120602156,1120604235,0,1,1,-1,1,6609,2079,256,128,128,2
12,3,"[2, 384, 0, 0, 0, 0, 0, 0, 0, 0, 0, 0, 0, 0, 0, 2, 384, 0, 0, 0, 0, 0, 0, 0, 0, 0, 0, 0, 0, 0]",1,128,384.0,2304.0,1090334066,1090339899,1120604236,1120606284,0,1376,1376,-1,1,5833,2048,256,128,128,2
12,3,"[2, 384, 0, 0, 0, 0, 0, 0, 0, 0, 0, 0, 0, 0, 0, 2, 384, 0, 0, 0, 0, 0, 0, 0, 0, 0, 0, 0, 0, 0]",1,128,384.0,2304.0,1090395525,1090401284,1120607660,1120609740,0,608,608,-1,1,5759,2080,256,128,128,2
16,3,"[2, 384, 0, 0, 0, 0, 0, 0, 0, 0, 0, 0, 0, 0, 0, 4, 0, 0, 0, 0, 0, 0, 0, 0, 0, 0, 0, 0, 0, 0]",1,128,384.0,1540.0,1090457018,1090462937,1120610348,1120612395,0,1,1,-1,1,5919,2047,256,128,128,2
12,3,"[2, 384, 0, 0, 0, 0, 0, 0, 0, 0, 0, 0, 0, 0, 0, 2, 384, 0, 0, 0, 0, 0, 0, 0, 0, 0, 0, 0, 0, 0]",1,128,384.0,2304.0,1090517777,1090523618,1120612396,1120614476,0,1216,1216,-1,1,5841,2080,256,128,128,2
12,3,"[2, 384, 0, 0, 0, 0, 0, 0, 0, 0, 0, 0, 0, 0, 0, 2, 384, 0, 0, 0, 0, 0, 0, 0, 0, 0, 0, 0, 0, 0]",1,128,384.0,2304.0,1090577881,1090583648,1120615692,1120617772,0,608,608,-1,1,5767,2080,256,128,128,2
16,3,"[2, 1536, 384, 0, 0, 0, 0, 0, 0, 0, 0, 0, 0, 0, 0, 4, 0, 0, 0, 0, 0, 0, 0, 0, 0, 0, 0, 0, 0, 0]",1152,128,589824.0,2359300.0,1090646287,1090653016,1120618380,1120624044,0,576,576,-1,1,6729,5664,256,128,128,2
12,3,"[2, 1536, 384, 0, 0, 0, 0, 0, 0, 0, 0, 0, 0, 0, 0, 2, 1536, 384, 0, 0, 0, 0, 0, 0, 0, 0, 0, 0, 0, 0]",1152,128,589824.0,3538944.0,1090709970,1090716183,1120624620,1120628812,0,1280,1280,-1,1,6213,4192,256,128,128,2
12,3,"[2, 1536, 384, 0, 0, 0, 0, 0, 0, 0, 0, 0, 0, 0, 0, 2, 1536, 384, 0, 0, 0, 0, 0, 0, 0, 0, 0, 0, 0, 0]",1152,128,589824.0,3538944.0,1090773618,1090779766,1120630092,1120634956,0,1184,1184,-1,1,6148,4864,256,128,128,2
16,3,"[2, 1536, 0, 0, 0, 0, 0, 0, 0, 0, 0, 0, 0, 0, 0, 4, 0, 0, 0, 0, 0, 0, 0, 0, 0, 0, 0, 0, 0, 0]",3,128,1536.0,6148.0,1090836205,1090842057,1120636140,1120638156,0,672,672,-1,1,5852,2016,256,128,128,2
12,3,"[2, 1536, 0, 0, 0, 0, 0, 0, 0, 0, 0, 0, 0, 0, 0, 2, 1536, 0, 0, 0, 0, 0, 0, 0, 0, 0, 0, 0, 0, 0]",3,128,1536.0,9216.0,1090897557,1090903490,1120638828,1120640844,0,288,288,-1,1,5933,2016,256,128,128,2
12,3,"[2, 1536, 0, 0, 0, 0, 0, 0, 0, 0, 0, 0, 0, 0, 0, 2, 1536, 0, 0, 0, 0, 0, 0, 0, 0, 0, 0, 0, 0, 0]",3,128,1536.0,9216.0,1091066263,1091075773,1120641132,1120643148,0,1024,1024,-1,1,9510,2016,256,128,128,2
16,3,"[2, 384, 1536, 0, 0, 0, 0, 0, 0, 0, 0, 0, 0, 0, 0, 4, 0, 0, 0, 0, 0, 0, 0, 0, 0, 0, 0, 0, 0, 0]",1152,128,589824.0,2359300.0,1091145834,1091153568,1120644172,1120649292,0,1376,1376,-1,1,7734,5120,256,128,128,2
12,3,"[2, 384, 1536, 0, 0, 0, 0, 0, 0, 0, 0, 0, 0, 0, 0, 2, 384, 1536, 0, 0, 0, 0, 0, 0, 0, 0, 0, 0, 0, 0]",1152,128,589824.0,3538944.0,1091212708,1091218793,1120650668,1120655436,0,576,576,-1,1,6085,4768,256,128,128,2
12,3,"[2, 384, 1536, 0, 0, 0, 0, 0, 0, 0, 0, 0, 0, 0, 0, 2, 384, 1536, 0, 0, 0, 0, 0, 0, 0, 0, 0, 0, 0, 0]",1152,128,589824.0,3538944.0,1091276178,1091281979,1120656012,1120661580,0,544,544,-1,1,5801,5568,256,128,128,2
16,3,"[2, 384, 0, 0, 0, 0, 0, 0, 0, 0, 0, 0, 0, 0, 0, 4, 0, 0, 0, 0, 0, 0, 0, 0, 0, 0, 0, 0, 0, 0]",1,128,384.0,1540.0,1091338828,1091344890,1120662124,1120663628,0,1536,1536,-1,1,6062,1504,256,128,128,2
12,3,"[2, 384, 0, 0, 0, 0, 0, 0, 0, 0, 0, 0, 0, 0, 0, 2, 384, 0, 0, 0, 0, 0, 0, 0, 0, 0, 0, 0, 0, 0]",1,128,384.0,2304.0,1091400343,1091406383,1120665164,1120667308,0,384,384,-1,1,6040,2144,256,128,128,2
12,3,"[2, 384, 0, 0, 0, 0, 0, 0, 0, 0, 0, 0, 0, 0, 0, 2, 384, 0, 0, 0, 0, 0, 0, 0, 0, 0, 0, 0, 0, 0]",1,128,384.0,2304.0,1091467769,1091474076,1120667692,1120669771,0,1,1,-1,1,6307,2079,256,128,128,2
16,3,"[2, 384, 1, 1, 0, 0, 0, 0, 0, 0, 0, 0, 0, 0, 0, 4, 0, 0, 0, 0, 0, 0, 0, 0, 0, 0, 0, 0, 0, 0]",1,128,384.0,1540.0,1091531320,1091537415,1120669772,1120671820,0,1376,1376,-1,1,6095,2048,256,128,128,2
12,3,"[2, 384, 1, 1, 0, 0, 0, 0, 0, 0, 0, 0, 0, 0, 0, 2, 384, 1, 1, 0, 0, 0, 0, 0, 0, 0, 0, 0, 0, 0]",1,128,384.0,2304.0,1091593265,1091599213,1120673196,1120675308,0,576,576,-1,1,5948,2112,256,128,128,2
12,3,"[2, 384, 1, 1, 0, 0, 0, 0, 0, 0, 0, 0, 0, 0, 0, 2, 384, 1, 1, 0, 0, 0, 0, 0, 0, 0, 0, 0, 0, 0]",1,128,384.0,2304.0,1091656740,1091662620,1120675884,1120677964,0,1056,1056,-1,1,5880,2080,256,128,128,2
16,3,"[2, 384, 1, 7, 7, 0, 0, 0, 0, 0, 0, 0, 0, 0, 0, 4, 0, 0, 0, 0, 0, 0, 0, 0, 0, 0, 0, 0, 0, 0]",37,128,18816.0,75268.0,1091719179,1091725222,1120679020,1120681260,0,576,576,-1,1,6043,2240,256,128,128,2
12,3,"[2, 384, 1, 7, 7, 0, 0, 0, 0, 0, 0, 0, 0, 0, 0, 2, 384, 1, 7, 7, 0, 0, 0, 0, 0, 0, 0, 0, 0, 0]",37,128,18816.0,112896.0,1091781680,1091787603,1120681836,1120684076,0,32,32,-1,1,5923,2240,256,128,128,2
12,3,"[2, 384, 1, 7, 7, 0, 0, 0, 0, 0, 0, 0, 0, 0, 0, 2, 384, 1, 7, 7, 0, 0, 0, 0, 0, 0, 0, 0, 0, 0]",37,128,18816.0,112896.0,1091843865,1091850280,1120684108,1120686156,0,1344,1344,-1,1,6415,2048,256,128,128,2
16,3,"[2, 384, 0, 0, 0, 0, 0, 0, 0, 0, 0, 0, 0, 0, 0, 4, 0, 0, 0, 0, 0, 0, 0, 0, 0, 0, 0, 0, 0, 0]",1,128,384.0,1540.0,1091921079,1091928047,1120687500,1120690123,0,257,257,-1,1,6968,2623,256,128,128,2
12,3,"[2, 384, 0, 0, 0, 0, 0, 0, 0, 0, 0, 0, 0, 0, 0, 2, 384, 0, 0, 0, 0, 0, 0, 0, 0, 0, 0, 0, 0, 0]",1,128,384.0,2304.0,1091984574,1091991093,1120690380,1120692300,0,1280,1280,-1,1,6519,1920,256,128,128,2
12,3,"[2, 384, 0, 0, 0, 0, 0, 0, 0, 0, 0, 0, 0, 0, 0, 2, 384, 0, 0, 0, 0, 0, 0, 0, 0, 0, 0, 0, 0, 0]",1,128,384.0,2304.0,1092048309,1092054166,1120693580,1120695659,0,641,641,-1,1,5857,2079,256,128,128,2
16,3,"[2, 384, 0, 0, 0, 0, 0, 0, 0, 0, 0, 0, 0, 0, 0, 4, 0, 0, 0, 0, 0, 0, 0, 0, 0, 0, 0, 0, 0, 0]",1,128,384.0,1540.0,1092109518,1092115948,1120696300,1120698410,0,1,1,-1,1,6430,2110,256,128,128,2
12,3,"[2, 384, 0, 0, 0, 0, 0, 0, 0, 0, 0, 0, 0, 0, 0, 2, 384, 0, 0, 0, 0, 0, 0, 0, 0, 0, 0, 0, 0, 0]",1,128,384.0,2304.0,1092170890,1092176804,1120698411,1120700492,0,1152,1152,-1,1,5914,2081,256,128,128,2
12,3,"[2, 384, 0, 0, 0, 0, 0, 0, 0, 0, 0, 0, 0, 0, 0, 2, 384, 0, 0, 0, 0, 0, 0, 0, 0, 0, 0, 0, 0, 0]",1,128,384.0,2304.0,1092231761,1092237886,1120701644,1120703723,0,608,608,-1,1,6125,2079,256,128,128,2
16,3,"[2, 384, 0, 0, 0, 0, 0, 0, 0, 0, 0, 0, 0, 0, 0, 4, 0, 0, 0, 0, 0, 0, 0, 0, 0, 0, 0, 0, 0, 0]",1,128,384.0,1540.0,1092299087,1092306061,1120704331,1120706443,0,193,193,-1,1,6974,2112,256,128,128,2
12,3,"[2, 384, 0, 0, 0, 0, 0, 0, 0, 0, 0, 0, 0, 0, 0, 2, 384, 0, 0, 0, 0, 0, 0, 0, 0, 0, 0, 0, 0, 0]",1,128,384.0,2304.0,1092363010,1092369596,1120706636,1120708683,0,640,640,-1,1,6586,2047,256,128,128,2
12,3,"[2, 384, 0, 0, 0, 0, 0, 0, 0, 0, 0, 0, 0, 0, 0, 2, 384, 0, 0, 0, 0, 0, 0, 0, 0, 0, 0, 0, 0, 0]",1,128,384.0,2304.0,1092425423,1092431121,1120709323,1120711787,0,576,576,-1,1,5698,2464,256,128,128,2
16,3,"[2, 1536, 384, 0, 0, 0, 0, 0, 0, 0, 0, 0, 0, 0, 0, 4, 0, 0, 0, 0, 0, 0, 0, 0, 0, 0, 0, 0, 0, 0]",1152,128,589824.0,2359300.0,1092489551,1092496253,1120712363,1120718091,0,640,640,-1,1,6702,5728,256,128,128,2
12,3,"[2, 1536, 384, 0, 0, 0, 0, 0, 0, 0, 0, 0, 0, 0, 0, 2, 1536, 384, 0, 0, 0, 0, 0, 0, 0, 0, 0, 0, 0, 0]",1152,128,589824.0,3538944.0,1092552552,1092558786,1120718731,1120723019,0,1216,1216,-1,1,6234,4288,256,128,128,2
12,3,"[2, 1536, 384, 0, 0, 0, 0, 0, 0, 0, 0, 0, 0, 0, 0, 2, 1536, 384, 0, 0, 0, 0, 0, 0, 0, 0, 0, 0, 0, 0]",1152,128,589824.0,3538944.0,1092615084,1092620946,1120724235,1120729163,0,544,544,-1,1,5862,4928,256,128,128,2
16,3,"[2, 1536, 0, 0, 0, 0, 0, 0, 0, 0, 0, 0, 0, 0, 0, 4, 0, 0, 0, 0, 0, 0, 0, 0, 0, 0, 0, 0, 0, 0]",3,128,1536.0,6148.0,1092677887,1092684143,1120729707,1120731211,0,1472,1472,-1,1,6256,1504,256,128,128,2
12,3,"[2, 1536, 0, 0, 0, 0, 0, 0, 0, 0, 0, 0, 0, 0, 0, 2, 1536, 0, 0, 0, 0, 0, 0, 0, 0, 0, 0, 0, 0, 0]",3,128,1536.0,9216.0,1092748144,1092754386,1120732683,1120734731,0,576,576,-1,1,6242,2048,256,128,128,2
12,3,"[2, 1536, 0, 0, 0, 0, 0, 0, 0, 0, 0, 0, 0, 0, 0, 2, 1536, 0, 0, 0, 0, 0, 0, 0, 0, 0, 0, 0, 0, 0]",3,128,1536.0,9216.0,1092811296,1092817323,1120735307,1120737355,0,448,448,-1,1,6027,2048,256,128,128,2
16,3,"[2, 384, 1536, 0, 0, 0, 0, 0, 0, 0, 0, 0, 0, 0, 0, 4, 0, 0, 0, 0, 0, 0, 0, 0, 0, 0, 0, 0, 0, 0]",1152,128,589824.0,2359300.0,1092874321,1092880556,1120737803,1120743499,0,1280,1280,-1,1,6235,5696,256,128,128,2
12,3,"[2, 384, 1536, 0, 0, 0, 0, 0, 0, 0, 0, 0, 0, 0, 0, 2, 384, 1536, 0, 0, 0, 0, 0, 0, 0, 0, 0, 0, 0, 0]",1152,128,589824.0,3538944.0,1092936399,1092942123,1120744779,1120749610,0,1,1,-1,1,5724,4831,256,128,128,2
12,3,"[2, 384, 1536, 0, 0, 0, 0, 0, 0, 0, 0, 0, 0, 0, 0, 2, 384, 1536, 0, 0, 0, 0, 0, 0, 0, 0, 0, 0, 0, 0]",1152,128,589824.0,3538944.0,1092998331,1093004666,1120749611,1120755691,0,64,64,-1,1,6335,6080,256,128,128,2
16,3,"[2, 384, 0, 0, 0, 0, 0, 0, 0, 0, 0, 0, 0, 0, 0, 4, 0, 0, 0, 0, 0, 0, 0, 0, 0, 0, 0, 0, 0, 0]",1,128,384.0,1540.0,1093060603,1093067615,1120755755,1120757835,0,1152,1152,-1,1,7012,2080,256,128,128,2
12,3,"[2, 384, 0, 0, 0, 0, 0, 0, 0, 0, 0, 0, 0, 0, 0, 2, 384, 0, 0, 0, 0, 0, 0, 0, 0, 0, 0, 0, 0, 0]",1,128,384.0,2304.0,1093130267,1093136348,1120758987,1120761131,0,512,512,-1,1,6081,2144,256,128,128,2
12,3,"[2, 384, 0, 0, 0, 0, 0, 0, 0, 0, 0, 0, 0, 0, 0, 2, 384, 0, 0, 0, 0, 0, 0, 0, 0, 0, 0, 0, 0, 0]",1,128,384.0,2304.0,1093192499,1093198890,1120761643,1120763723,0,320,320,-1,1,6391,2080,256,128,128,2
16,3,"[2, 384, 1, 1, 0, 0, 0, 0, 0, 0, 0, 0, 0, 0, 0, 4, 0, 0, 0, 0, 0, 0, 0, 0, 0, 0, 0, 0, 0, 0]",1,128,384.0,1540.0,1093256283,1093262693,1120764043,1120766027,0,1184,1184,-1,1,6410,1984,256,128,128,2
12,3,"[2, 384, 1, 1, 0, 0, 0, 0, 0, 0, 0, 0, 0, 0, 0, 2, 384, 1, 1, 0, 0, 0, 0, 0, 0, 0, 0, 0, 0, 0]",1,128,384.0,2304.0,1093319830,1093326523,1120767211,1120769355,0,640,640,-1,1,6693,2144,256,128,128,2
12,3,"[2, 384, 1, 1, 0, 0, 0, 0, 0, 0, 0, 0, 0, 0, 0, 2, 384, 1, 1, 0, 0, 0, 0, 0, 0, 0, 0, 0, 0, 0]",1,128,384.0,2304.0,1093382746,1093389074,1120769995,1120772170,0,1,1,-1,1,6328,2175,256,128,128,2
16,3,"[2, 384, 1, 7, 7, 0, 0, 0, 0, 0, 0, 0, 0, 0, 0, 4, 0, 0, 0, 0, 0, 0, 0, 0, 0, 0, 0, 0, 0, 0]",37,128,18816.0,75268.0,1093446929,1093453005,1120772171,1120774219,0,1440,1440,-1,1,6076,2048,256,128,128,2
12,3,"[2, 384, 1, 7, 7, 0, 0, 0, 0, 0, 0, 0, 0, 0, 0, 2, 384, 1, 7, 7, 0, 0, 0, 0, 0, 0, 0, 0, 0, 0]",37,128,18816.0,112896.0,1093516093,1093522805,1120775659,1120777899,0,384,384,-1,1,6712,2240,256,128,128,2
12,3,"[2, 384, 1, 7, 7, 0, 0, 0, 0, 0, 0, 0, 0, 0, 0, 2, 384, 1, 7, 7, 0, 0, 0, 0, 0, 0, 0, 0, 0, 0]",37,128,18816.0,112896.0,1093580715,1093586903,1120778283,1120780363,0,576,576,-1,1,6188,2080,256,128,128,2
16,3,"[2, 384, 0, 0, 0, 0, 0, 0, 0, 0, 0, 0, 0, 0, 0, 4, 0, 0, 0, 0, 0, 0, 0, 0, 0, 0, 0, 0, 0, 0]",1,128,384.0,1540.0,1093643117,1093649451,1120780939,1120783947,0,480,480,-1,1,6334,3008,256,128,128,2
12,3,"[2, 384, 0, 0, 0, 0, 0, 0, 0, 0, 0, 0, 0, 0, 0, 2, 384, 0, 0, 0, 0, 0, 0, 0, 0, 0, 0, 0, 0, 0]",1,128,384.0,2304.0,1093804122,1093812967,1120784427,1120786506,0,1,1,-1,1,8845,2079,256,128,128,2
12,3,"[2, 384, 0, 0, 0, 0, 0, 0, 0, 0, 0, 0, 0, 0, 0, 2, 384, 0, 0, 0, 0, 0, 0, 0, 0, 0, 0, 0, 0, 0]",1,128,384.0,2304.0,1093878566,1093885700,1120786507,1120788555,0,1376,1376,-1,1,7134,2048,256,128,128,2
16,3,"[2, 384, 0, 0, 0, 0, 0, 0, 0, 0, 0, 0, 0, 0, 0, 4, 0, 0, 0, 0, 0, 0, 0, 0, 0, 0, 0, 0, 0, 0]",1,128,384.0,1540.0,1093945469,1093951910,1120789931,1120792043,0,576,576,-1,1,6441,2112,256,128,128,2
12,3,"[2, 384, 0, 0, 0, 0, 0, 0, 0, 0, 0, 0, 0, 0, 0, 2, 384, 0, 0, 0, 0, 0, 0, 0, 0, 0, 0, 0, 0, 0]",1,128,384.0,2304.0,1094014826,1094020994,1120792619,1120794699,0,352,352,-1,1,6168,2080,256,128,128,2
12,3,"[2, 384, 0, 0, 0, 0, 0, 0, 0, 0, 0, 0, 0, 0, 0, 2, 384, 0, 0, 0, 0, 0, 0, 0, 0, 0, 0, 0, 0, 0]",1,128,384.0,2304.0,1094077418,1094083272,1120795051,1120796747,0,1376,1376,-1,1,5854,1696,256,128,128,2
16,3,"[2, 384, 0, 0, 0, 0, 0, 0, 0, 0, 0, 0, 0, 0, 0, 4, 0, 0, 0, 0, 0, 0, 0, 0, 0, 0, 0, 0, 0, 0]",1,128,384.0,1540.0,1094140190,1094146223,1120798123,1120800203,0,576,576,-1,1,6033,2080,256,128,128,2
12,3,"[2, 384, 0, 0, 0, 0, 0, 0, 0, 0, 0, 0, 0, 0, 0, 2, 384, 0, 0, 0, 0, 0, 0, 0, 0, 0, 0, 0, 0, 0]",1,128,384.0,2304.0,1094202659,1094209033,1120800779,1120802891,0,1184,1184,-1,1,6374,2112,256,128,128,2
12,3,"[2, 384, 0, 0, 0, 0, 0, 0, 0, 0, 0, 0, 0, 0, 0, 2, 384, 0, 0, 0, 0, 0, 0, 0, 0, 0, 0, 0, 0, 0]",1,128,384.0,2304.0,1094265725,1094271483,1120804075,1120806155,0,576,576,-1,1,5758,2080,256,128,128,2
16,3,"[2, 1536, 384, 0, 0, 0, 0, 0, 0, 0, 0, 0, 0, 0, 0, 4, 0, 0, 0, 0, 0, 0, 0, 0, 0, 0, 0, 0, 0, 0]",1152,128,589824.0,2359300.0,1094327664,1094334185,1120806731,1120812427,0,576,576,-1,1,6521,5696,256,128,128,2
12,3,"[2, 1536, 384, 0, 0, 0, 0, 0, 0, 0, 0, 0, 0, 0, 0, 2, 1536, 384, 0, 0, 0, 0, 0, 0, 0, 0, 0, 0, 0, 0]",1152,128,589824.0,3538944.0,1094397394,1094404106,1120813003,1120817227,0,1248,1248,-1,1,6712,4224,256,128,128,2
12,3,"[2, 1536, 384, 0, 0, 0, 0, 0, 0, 0, 0, 0, 0, 0, 0, 2, 1536, 384, 0, 0, 0, 0, 0, 0, 0, 0, 0, 0, 0, 0]",1152,128,589824.0,3538944.0,1094462907,1094468509,1120818475,1120823370,0,1249,1249,-1,1,5602,4895,256,128,128,2
16,3,"[2, 1536, 0, 0, 0, 0, 0, 0, 0, 0, 0, 0, 0, 0, 0, 4, 0, 0, 0, 0, 0, 0, 0, 0, 0, 0, 0, 0, 0, 0]",3,128,1536.0,6148.0,1094526566,1094532718,1120824619,1120826955,0,512,512,-1,1,6152,2336,256,128,128,2
12,3,"[2, 1536, 0, 0, 0, 0, 0, 0, 0, 0, 0, 0, 0, 0, 0, 2, 1536, 0, 0, 0, 0, 0, 0, 0, 0, 0, 0, 0, 0, 0]",3,128,1536.0,9216.0,1094589338,1094595069,1120827467,1120829514,0,384,384,-1,1,5731,2047,256,128,128,2
12,3,"[2, 1536, 0, 0, 0, 0, 0, 0, 0, 0, 0, 0, 0, 0, 0, 2, 1536, 0, 0, 0, 0, 0, 0, 0, 0, 0, 0, 0, 0, 0]",3,128,1536.0,9216.0,1094650981,1094656922,1120829898,1120831563,0,1472,1472,-1,1,5941,1665,256,128,128,2
16,3,"[2, 384, 1536, 0, 0, 0, 0, 0, 0, 0, 0, 0, 0, 0, 0, 4, 0, 0, 0, 0, 0, 0, 0, 0, 0, 0, 0, 0, 0, 0]",1152,128,589824.0,2359300.0,1094713318,1094719606,1120833035,1120838986,0,545,545,-1,1,6288,5951,256,128,128,2
12,3,"[2, 384, 1536, 0, 0, 0, 0, 0, 0, 0, 0, 0, 0, 0, 0, 2, 384, 1536, 0, 0, 0, 0, 0, 0, 0, 0, 0, 0, 0, 0]",1152,128,589824.0,3538944.0,1094783545,1094790023,1120839531,1120843850,0,1345,1345,-1,1,6478,4319,256,128,128,2
12,3,"[2, 384, 1536, 0, 0, 0, 0, 0, 0, 0, 0, 0, 0, 0, 0, 2, 384, 1536, 0, 0, 0, 0, 0, 0, 0, 0, 0, 0, 0, 0]",1152,128,589824.0,3538944.0,1094846404,1094852357,1120845195,1120849994,0,1248,1248,-1,1,5953,4799,256,128,128,2
16,3,"[2, 384, 0, 0, 0, 0, 0, 0, 0, 0, 0, 0, 0, 0, 0, 4, 0, 0, 0, 0, 0, 0, 0, 0, 0, 0, 0, 0, 0, 0]",1,128,384.0,1540.0,1094910048,1094915990,1120851242,1120853354,0,576,576,-1,1,5942,2112,256,128,128,2
12,3,"[2, 384, 0, 0, 0, 0, 0, 0, 0, 0, 0, 0, 0, 0, 0, 2, 384, 0, 0, 0, 0, 0, 0, 0, 0, 0, 0, 0, 0, 0]",1,128,384.0,2304.0,1094971606,1094977468,1120853930,1120856010,0,224,224,-1,1,5862,2080,256,128,128,2
12,3,"[2, 384, 0, 0, 0, 0, 0, 0, 0, 0, 0, 0, 0, 0, 0, 2, 384, 0, 0, 0, 0, 0, 0, 0, 0, 0, 0, 0, 0, 0]",1,128,384.0,2304.0,1095032884,1095038913,1120856234,1120858186,0,1088,1088,-1,1,6029,1952,256,128,128,2
16,3,"[2, 384, 1, 1, 0, 0, 0, 0, 0, 0, 0, 0, 0, 0, 0, 4, 0, 0, 0, 0, 0, 0, 0, 0, 0, 0, 0, 0, 0, 0]",1,128,384.0,1540.0,1095096033,1095102109,1120859274,1120861354,0,640,640,-1,1,6076,2080,256,128,128,2
12,3,"[2, 384, 1, 1, 0, 0, 0, 0, 0, 0, 0, 0, 0, 0, 0, 2, 384, 1, 1, 0, 0, 0, 0, 0, 0, 0, 0, 0, 0, 0]",1,128,384.0,2304.0,1095157747,1095163835,1120861994,1120864138,0,288,288,-1,1,6088,2144,256,128,128,2
12,3,"[2, 384, 1, 1, 0, 0, 0, 0, 0, 0, 0, 0, 0, 0, 0, 2, 384, 1, 1, 0, 0, 0, 0, 0, 0, 0, 0, 0, 0, 0]",1,128,384.0,2304.0,1095226322,1095232647,1120864426,1120866378,0,1184,1184,-1,1,6325,1952,256,128,128,2
16,3,"[2, 384, 1, 7, 7, 0, 0, 0, 0, 0, 0, 0, 0, 0, 0, 4, 0, 0, 0, 0, 0, 0, 0, 0, 0, 0, 0, 0, 0, 0]",37,128,18816.0,75268.0,1095289875,1095295995,1120867562,1120869930,0,512,512,-1,1,6120,2368,256,128,128,2
12,3,"[2, 384, 1, 7, 7, 0, 0, 0, 0, 0, 0, 0, 0, 0, 0, 2, 384, 1, 7, 7, 0, 0, 0, 0, 0, 0, 0, 0, 0, 0]",37,128,18816.0,112896.0,1095352443,1095358566,1120870442,1120872521,0,1,1,-1,1,6123,2079,256,128,128,2
12,3,"[2, 384, 1, 7, 7, 0, 0, 0, 0, 0, 0, 0, 0, 0, 0, 2, 384, 1, 7, 7, 0, 0, 0, 0, 0, 0, 0, 0, 0, 0]",37,128,18816.0,112896.0,1095415511,1095421808,1120872522,1120874570,0,1632,1632,-1,1,6297,2048,256,128,128,2
16,3,"[2, 384, 0, 0, 0, 0, 0, 0, 0, 0, 0, 0, 0, 0, 0, 4, 0, 0, 0, 0, 0, 0, 0, 0, 0, 0, 0, 0, 0, 0]",1,128,384.0,1540.0,1095478535,1095485190,1120876202,1120878282,0,352,352,-1,1,6655,2080,256,128,128,2
12,3,"[2, 384, 0, 0, 0, 0, 0, 0, 0, 0, 0, 0, 0, 0, 0, 2, 384, 0, 0, 0, 0, 0, 0, 0, 0, 0, 0, 0, 0, 0]",1,128,384.0,2304.0,1095541495,1095547390,1120878634,1120880714,0,480,480,-1,1,5895,2080,256,128,128,2
12,3,"[2, 384, 0, 0, 0, 0, 0, 0, 0, 0, 0, 0, 0, 0, 0, 2, 384, 0, 0, 0, 0, 0, 0, 0, 0, 0, 0, 0, 0, 0]",1,128,384.0,2304.0,1095611035,1095617416,1120881194,1120882762,0,1472,1472,-1,1,6381,1568,256,128,128,2
16,3,"[2, 384, 0, 0, 0, 0, 0, 0, 0, 0, 0, 0, 0, 0, 0, 4, 0, 0, 0, 0, 0, 0, 0, 0, 0, 0, 0, 0, 0, 0]",1,128,384.0,1540.0,1095675119,1095681301,1120884234,1120886346,0,512,512,-1,1,6182,2112,256,128,128,2
12,3,"[2, 384, 0, 0, 0, 0, 0, 0, 0, 0, 0, 0, 0, 0, 0, 2, 384, 0, 0, 0, 0, 0, 0, 0, 0, 0, 0, 0, 0, 0]",1,128,384.0,2304.0,1095738293,1095743998,1120886858,1120888906,0,1120,1120,-1,1,5705,2048,256,128,128,2
12,3,"[2, 384, 0, 0, 0, 0, 0, 0, 0, 0, 0, 0, 0, 0, 0, 2, 384, 0, 0, 0, 0, 0, 0, 0, 0, 0, 0, 0, 0, 0]",1,128,384.0,2304.0,1095800053,1095805834,1120890026,1120892170,0,544,544,-1,1,5781,2144,256,128,128,2
16,3,"[2, 384, 0, 0, 0, 0, 0, 0, 0, 0, 0, 0, 0, 0, 0, 4, 0, 0, 0, 0, 0, 0, 0, 0, 0, 0, 0, 0, 0, 0]",1,128,384.0,1540.0,1095861419,1095867217,1120892714,1120894826,0,224,224,-1,1,5798,2112,256,128,128,2
12,3,"[2, 384, 0, 0, 0, 0, 0, 0, 0, 0, 0, 0, 0, 0, 0, 2, 384, 0, 0, 0, 0, 0, 0, 0, 0, 0, 0, 0, 0, 0]",1,128,384.0,2304.0,1095931385,1095937473,1120895050,1120897098,0,1088,1088,-1,1,6088,2048,256,128,128,2
12,3,"[2, 384, 0, 0, 0, 0, 0, 0, 0, 0, 0, 0, 0, 0, 0, 2, 384, 0, 0, 0, 0, 0, 0, 0, 0, 0, 0, 0, 0, 0]",1,128,384.0,2304.0,1095998639,1096005099,1120898186,1120900298,0,608,608,-1,1,6460,2112,256,128,128,2
16,3,"[2, 1536, 384, 0, 0, 0, 0, 0, 0, 0, 0, 0, 0, 0, 0, 4, 0, 0, 0, 0, 0, 0, 0, 0, 0, 0, 0, 0, 0, 0]",1152,128,589824.0,2359300.0,1096063211,1096070598,1120900906,1120906762,0,544,544,-1,1,7387,5856,256,128,128,2
12,3,"[2, 1536, 384, 0, 0, 0, 0, 0, 0, 0, 0, 0, 0, 0, 0, 2, 1536, 384, 0, 0, 0, 0, 0, 0, 0, 0, 0, 0, 0, 0]",1152,128,589824.0,3538944.0,1096126525,1096132317,1120907306,1120912938,0,512,512,-1,1,5792,5632,256,128,128,2
12,3,"[2, 1536, 384, 0, 0, 0, 0, 0, 0, 0, 0, 0, 0, 0, 0, 2, 1536, 384, 0, 0, 0, 0, 0, 0, 0, 0, 0, 0, 0, 0]",1152,128,589824.0,3538944.0,1096189899,1096195823,1120913450,1120918762,0,544,544,-1,1,5924,5312,256,128,128,2
16,3,"[2, 1536, 0, 0, 0, 0, 0, 0, 0, 0, 0, 0, 0, 0, 0, 4, 0, 0, 0, 0, 0, 0, 0, 0, 0, 0, 0, 0, 0, 0]",3,128,1536.0,6148.0,1096252469,1096258454,1120919306,1120921322,0,320,320,-1,1,5985,2016,256,128,128,2
12,3,"[2, 1536, 0, 0, 0, 0, 0, 0, 0, 0, 0, 0, 0, 0, 0, 2, 1536, 0, 0, 0, 0, 0, 0, 0, 0, 0, 0, 0, 0, 0]",3,128,1536.0,9216.0,1096314479,1096320718,1120921642,1120923722,0,576,576,-1,1,6239,2080,256,128,128,2
12,3,"[2, 1536, 0, 0, 0, 0, 0, 0, 0, 0, 0, 0, 0, 0, 0, 2, 1536, 0, 0, 0, 0, 0, 0, 0, 0, 0, 0, 0, 0, 0]",3,128,1536.0,9216.0,1096377112,1096382932,1120924298,1120925770,0,1568,1568,-1,1,5820,1472,256,128,128,2
16,3,"[2, 384, 1536, 0, 0, 0, 0, 0, 0, 0, 0, 0, 0, 0, 0, 4, 0, 0, 0, 0, 0, 0, 0, 0, 0, 0, 0, 0, 0, 0]",1152,128,589824.0,2359300.0,1096447564,1096454114,1120927338,1120933482,0,448,448,-1,1,6550,6144,256,128,128,2
12,3,"[2, 384, 1536, 0, 0, 0, 0, 0, 0, 0, 0, 0, 0, 0, 0, 2, 384, 1536, 0, 0, 0, 0, 0, 0, 0, 0, 0, 0, 0, 0]",1152,128,589824.0,3538944.0,1096650055,1096660458,1120933930,1120938058,0,1504,1504,-1,1,10403,4128,256,128,128,2
12,3,"[2, 384, 1536, 0, 0, 0, 0, 0, 0, 0, 0, 0, 0, 0, 0, 2, 384, 1536, 0, 0, 0, 0, 0, 0, 0, 0, 0, 0, 0, 0]",1152,128,589824.0,3538944.0,1096724497,1096731449,1120939562,1120944202,0,1600,1600,-1,1,6952,4640,256,128,128,2
16,3,"[2, 384, 0, 0, 0, 0, 0, 0, 0, 0, 0, 0, 0, 0, 0, 4, 0, 0, 0, 0, 0, 0, 0, 0, 0, 0, 0, 0, 0, 0]",1,128,384.0,1540.0,1096791216,1096797829,1120945802,1120948138,0,160,160,-1,1,6613,2336,256,128,128,2
12,3,"[2, 384, 0, 0, 0, 0, 0, 0, 0, 0, 0, 0, 0, 0, 0, 2, 384, 0, 0, 0, 0, 0, 0, 0, 0, 0, 0, 0, 0, 0]",1,128,384.0,2304.0,1096854521,1096860754,1120948298,1120950346,0,1024,1024,-1,1,6233,2048,256,128,128,2
12,3,"[2, 384, 0, 0, 0, 0, 0, 0, 0, 0, 0, 0, 0, 0, 0, 2, 384, 0, 0, 0, 0, 0, 0, 0, 0, 0, 0, 0, 0, 0]",1,128,384.0,2304.0,1096924582,1096931143,1120951370,1120953514,0,544,544,-1,1,6561,2144,256,128,128,2
16,3,"[2, 384, 1, 1, 0, 0, 0, 0, 0, 0, 0, 0, 0, 0, 0, 4, 0, 0, 0, 0, 0, 0, 0, 0, 0, 0, 0, 0, 0, 0]",1,128,384.0,1540.0,1096989021,1096995432,1120954058,1120956170,0,288,288,-1,1,6411,2112,256,128,128,2
12,3,"[2, 384, 1, 1, 0, 0, 0, 0, 0, 0, 0, 0, 0, 0, 0, 2, 384, 1, 1, 0, 0, 0, 0, 0, 0, 0, 0, 0, 0, 0]",1,128,384.0,2304.0,1097053280,1097059430,1120956458,1120958538,0,480,480,-1,1,6150,2080,256,128,128,2
12,3,"[2, 384, 1, 1, 0, 0, 0, 0, 0, 0, 0, 0, 0, 0, 0, 2, 384, 1, 1, 0, 0, 0, 0, 0, 0, 0, 0, 0, 0, 0]",1,128,384.0,2304.0,1097115701,1097121500,1120959018,1120960586,0,1471,1471,-1,1,5799,1568,256,128,128,2
16,3,"[2, 384, 1, 7, 7, 0, 0, 0, 0, 0, 0, 0, 0, 0, 0, 4, 0, 0, 0, 0, 0, 0, 0, 0, 0, 0, 0, 0, 0, 0]",37,128,18816.0,75268.0,1097179946,1097186382,1120962057,1120964266,0,383,383,-1,1,6436,2209,256,128,128,2
12,3,"[2, 384, 1, 7, 7, 0, 0, 0, 0, 0, 0, 0, 0, 0, 0, 2, 384, 1, 7, 7, 0, 0, 0, 0, 0, 0, 0, 0, 0, 0]",37,128,18816.0,112896.0,1097244160,1097250353,1120964649,1120966730,0,1599,1599,-1,1,6193,2081,256,128,128,2
12,3,"[2, 384, 1, 7, 7, 0, 0, 0, 0, 0, 0, 0, 0, 0, 0, 2, 384, 1, 7, 7, 0, 0, 0, 0, 0, 0, 0, 0, 0, 0]",37,128,18816.0,112896.0,1097314149,1097320838,1120968329,1120970601,0,224,224,-1,1,6689,2272,256,128,128,2
16,3,"[2, 384, 0, 0, 0, 0, 0, 0, 0, 0, 0, 0, 0, 0, 0, 4, 0, 0, 0, 0, 0, 0, 0, 0, 0, 0, 0, 0, 0, 0]",1,128,384.0,1540.0,1097378293,1097384689,1120970825,1120972873,0,1,1,-1,1,6396,2048,256,128,128,2
12,3,"[2, 384, 0, 0, 0, 0, 0, 0, 0, 0, 0, 0, 0, 0, 0, 2, 384, 0, 0, 0, 0, 0, 0, 0, 0, 0, 0, 0, 0, 0]",1,128,384.0,2304.0,1097441079,1097447168,1120972874,1120974921,0,1600,1600,-1,1,6089,2047,256,128,128,2
12,3,"[2, 384, 0, 0, 0, 0, 0, 0, 0, 0, 0, 0, 0, 0, 0, 2, 384, 0, 0, 0, 0, 0, 0, 0, 0, 0, 0, 0, 0, 0]",1,128,384.0,2304.0,1097503736,1097509570,1120976521,1120978633,0,352,352,-1,1,5834,2112,256,128,128,2
16,3,"[2, 384, 0, 0, 0, 0, 0, 0, 0, 0, 0, 0, 0, 0, 0, 4, 0, 0, 0, 0, 0, 0, 0, 0, 0, 0, 0, 0, 0, 0]",1,128,384.0,1540.0,1097565738,1097571629,1120978985,1120981064,0,1,1,-1,1,5891,2079,256,128,128,2
12,3,"[2, 384, 0, 0, 0, 0, 0, 0, 0, 0, 0, 0, 0, 0, 0, 2, 384, 0, 0, 0, 0, 0, 0, 0, 0, 0, 0, 0, 0, 0]",1,128,384.0,2304.0,1097626825,1097632776,1120981065,1120983113,0,1440,1440,-1,1,5951,2048,256,128,128,2
12,3,"[2, 384, 0, 0, 0, 0, 0, 0, 0, 0, 0, 0, 0, 0, 0, 2, 384, 0, 0, 0, 0, 0, 0, 0, 0, 0, 0, 0, 0, 0]",1,128,384.0,2304.0,1097687463,1097693569,1120984553,1120987208,0,1,1,-1,1,6106,2655,256,128,128,2
16,3,"[2, 384, 0, 0, 0, 0, 0, 0, 0, 0, 0, 0, 0, 0, 0, 4, 0, 0, 0, 0, 0, 0, 0, 0, 0, 0, 0, 0, 0, 0]",1,128,384.0,1540.0,1097754584,1097760781,1120987209,1120989257,0,1248,1248,-1,1,6197,2048,256,128,128,2
12,3,"[2, 384, 0, 0, 0, 0, 0, 0, 0, 0, 0, 0, 0, 0, 0, 2, 384, 0, 0, 0, 0, 0, 0, 0, 0, 0, 0, 0, 0, 0]",1,128,384.0,2304.0,1097815265,1097821227,1120990505,1120992553,0,640,640,-1,1,5962,2048,256,128,128,2
12,3,"[2, 384, 0, 0, 0, 0, 0, 0, 0, 0, 0, 0, 0, 0, 0, 2, 384, 0, 0, 0, 0, 0, 0, 0, 0, 0, 0, 0, 0, 0]",1,128,384.0,2304.0,1097875642,1097881265,1120993193,1120995273,0,128,128,-1,1,5623,2080,256,128,128,2
16,3,"[2, 1536, 384, 0, 0, 0, 0, 0, 0, 0, 0, 0, 0, 0, 0, 4, 0, 0, 0, 0, 0, 0, 0, 0, 0, 0, 0, 0, 0, 0]",1152,128,589824.0,2359300.0,1097936928,1097943156,1120995401,1121001544,0,1,1,-1,1,6228,6143,256,128,128,2
12,3,"[2, 1536, 384, 0, 0, 0, 0, 0, 0, 0, 0, 0, 0, 0, 0, 2, 1536, 384, 0, 0, 0, 0, 0, 0, 0, 0, 0, 0, 0, 0]",1152,128,589824.0,3538944.0,1097999104,1098005121,1121001545,1121007305,0,384,384,-1,1,6017,5760,256,128,128,2
12,3,"[2, 1536, 384, 0, 0, 0, 0, 0, 0, 0, 0, 0, 0, 0, 0, 2, 1536, 384, 0, 0, 0, 0, 0, 0, 0, 0, 0, 0, 0, 0]",1152,128,589824.0,3538944.0,1098060735,1098066704,1121007689,1121013193,0,512,512,-1,1,5969,5504,256,128,128,2
16,3,"[2, 1536, 0, 0, 0, 0, 0, 0, 0, 0, 0, 0, 0, 0, 0, 4, 0, 0, 0, 0, 0, 0, 0, 0, 0, 0, 0, 0, 0, 0]",3,128,1536.0,6148.0,1098128684,1098135549,1121013705,1121015721,0,288,288,-1,1,6865,2016,256,128,128,2
12,3,"[2, 1536, 0, 0, 0, 0, 0, 0, 0, 0, 0, 0, 0, 0, 0, 2, 1536, 0, 0, 0, 0, 0, 0, 0, 0, 0, 0, 0, 0, 0]",3,128,1536.0,9216.0,1098191870,1098198284,1121016009,1121017929,0,1216,1216,-1,1,6414,1920,256,128,128,2
12,3,"[2, 1536, 0, 0, 0, 0, 0, 0, 0, 0, 0, 0, 0, 0, 0, 2, 1536, 0, 0, 0, 0, 0, 0, 0, 0, 0, 0, 0, 0, 0]",3,128,1536.0,9216.0,1098254278,1098260742,1121019145,1121021161,0,640,640,-1,1,6464,2016,256,128,128,2
16,3,"[2, 384, 1536, 0, 0, 0, 0, 0, 0, 0, 0, 0, 0, 0, 0, 4, 0, 0, 0, 0, 0, 0, 0, 0, 0, 0, 0, 0, 0, 0]",1152,128,589824.0,2359300.0,1098317058,1098323030,1121021801,1121027689,0,480,480,-1,1,5972,5888,256,128,128,2
12,3,"[2, 384, 1536, 0, 0, 0, 0, 0, 0, 0, 0, 0, 0, 0, 0, 2, 384, 1536, 0, 0, 0, 0, 0, 0, 0, 0, 0, 0, 0, 0]",1152,128,589824.0,3538944.0,1098379500,1098385581,1121028169,1121032265,0,1568,1568,-1,1,6081,4096,256,128,128,2
12,3,"[2, 384, 1536, 0, 0, 0, 0, 0, 0, 0, 0, 0, 0, 0, 0, 2, 384, 1536, 0, 0, 0, 0, 0, 0, 0, 0, 0, 0, 0, 0]",1152,128,589824.0,3538944.0,1098442617,1098448430,1121033833,1121038409,0,1216,1216,-1,1,5813,4576,256,128,128,2
16,3,"[2, 384, 0, 0, 0, 0, 0, 0, 0, 0, 0, 0, 0, 0, 0, 4, 0, 0, 0, 0, 0, 0, 0, 0, 0, 0, 0, 0, 0, 0]",1,128,384.0,1540.0,1098510171,1098516505,1121039625,1121041961,0,544,544,-1,1,6334,2336,256,128,128,2
12,3,"[2, 384, 0, 0, 0, 0, 0, 0, 0, 0, 0, 0, 0, 0, 0, 2, 384, 0, 0, 0, 0, 0, 0, 0, 0, 0, 0, 0, 0, 0]",1,128,384.0,2304.0,1098572598,1098578438,1121042505,1121044520,0,1,1,-1,1,5840,2015,256,128,128,2
12,3,"[2, 384, 0, 0, 0, 0, 0, 0, 0, 0, 0, 0, 0, 0, 0, 2, 384, 0, 0, 0, 0, 0, 0, 0, 0, 0, 0, 0, 0, 0]",1,128,384.0,2304.0,1098633451,1098639363,1121044521,1121046601,0,1280,1280,-1,1,5912,2080,256,128,128,2
16,3,"[2, 384, 0, 0, 0, 0, 0, 0, 0, 0, 0, 0, 0, 0, 0, 4, 0, 0, 0, 0, 0, 0, 0, 0, 0, 0, 0, 0, 0, 0]",1,128,384.0,1540.0,1098695976,1098701992,1121047881,1121049961,0,608,608,-1,1,6016,2080,256,128,128,2
12,3,"[2, 384, 0, 0, 0, 0, 0, 0, 0, 0, 0, 0, 0, 0, 0, 2, 384, 0, 0, 0, 0, 0, 0, 0, 0, 0, 0, 0, 0, 0]",1,128,384.0,2304.0,1098758441,1098764286,1121050569,1121052617,0,128,128,-1,1,5845,2048,256,128,128,2
12,3,"[2, 384, 0, 0, 0, 0, 0, 0, 0, 0, 0, 0, 0, 0, 0, 2, 384, 0, 0, 0, 0, 0, 0, 0, 0, 0, 0, 0, 0, 0]",1,128,384.0,2304.0,1098821306,1098827458,1121052745,1121054793,0,1280,1280,-1,1,6152,2048,256,128,128,2
16,3,"[2, 384, 0, 0, 0, 0, 0, 0, 0, 0, 0, 0, 0, 0, 0, 4, 0, 0, 0, 0, 0, 0, 0, 0, 0, 0, 0, 0, 0, 0]",1,128,384.0,1540.0,1098882587,1098888877,1121056073,1121058185,0,544,544,-1,1,6290,2112,256,128,128,2
12,3,"[2, 384, 0, 0, 0, 0, 0, 0, 0, 0, 0, 0, 0, 0, 0, 2, 384, 0, 0, 0, 0, 0, 0, 0, 0, 0, 0, 0, 0, 0]",1,128,384.0,2304.0,1098950567,1098956739,1121058729,1121060841,0,96,96,-1,1,6172,2112,256,128,128,2
12,3,"[2, 384, 0, 0, 0, 0, 0, 0, 0, 0, 0, 0, 0, 0, 0, 2, 384, 0, 0, 0, 0, 0, 0, 0, 0, 0, 0, 0, 0, 0]",1,128,384.0,2304.0,1099013415,1099019374,1121060937,1121062985,0,1088,1088,-1,1,5959,2048,256,128,128,2
16,3,"[2, 768, 384, 2, 2, 0, 0, 0, 0, 0, 0, 0, 0, 0, 0, 4, 0, 0, 0, 0, 0, 0, 0, 0, 0, 0, 0, 0, 0, 0]",2304,128,1179648.0,4718596.0,1099076312,1099082267,1121064073,1121074377,0,576,576,-1,1,5955,10304,256,128,128,2
12,3,"[2, 768, 384, 2, 2, 0, 0, 0, 0, 0, 0, 0, 0, 0, 0, 2, 768, 384, 2, 2, 0, 0, 0, 0, 0, 0, 0, 0, 0, 0]",2304,128,1179648.0,7077888.0,1099138913,1099145329,1121074953,1121081417,0,1312,1312,-1,1,6416,6464,256,128,128,2
12,3,"[2, 768, 384, 2, 2, 0, 0, 0, 0, 0, 0, 0, 0, 0, 0, 2, 768, 384, 2, 2, 0, 0, 0, 0, 0, 0, 0, 0, 0, 0]",2304,128,1179648.0,7077888.0,1099217296,1099223349,1121082729,1121092745,0,608,608,-1,1,6053,10016,256,128,128,2
16,3,"[2, 768, 0, 0, 0, 0, 0, 0, 0, 0, 0, 0, 0, 0, 0, 4, 0, 0, 0, 0, 0, 0, 0, 0, 0, 0, 0, 0, 0, 0]",2,128,768.0,3076.0,1099388914,1099398615,1121093353,1121095497,0,256,256,-1,1,9701,2144,256,128,128,2
12,3,"[2, 768, 0, 0, 0, 0, 0, 0, 0, 0, 0, 0, 0, 0, 0, 2, 768, 0, 0, 0, 0, 0, 0, 0, 0, 0, 0, 0, 0, 0]",2,128,768.0,4608.0,1099465868,1099473424,1121095753,1121097799,0,1,1,-1,1,7556,2046,256,128,128,2
12,3,"[2, 768, 0, 0, 0, 0, 0, 0, 0, 0, 0, 0, 0, 0, 0, 2, 768, 0, 0, 0, 0, 0, 0, 0, 0, 0, 0, 0, 0, 0]",2,128,768.0,4608.0,1099531951,1099537924,1121097800,1121099849,0,1536,1536,-1,1,5973,2049,256,128,128,2
16,3,"[2, 768, 1, 1, 0, 0, 0, 0, 0, 0, 0, 0, 0, 0, 0, 4, 0, 0, 0, 0, 0, 0, 0, 0, 0, 0, 0, 0, 0, 0]",2,128,768.0,3076.0,1099595451,1099602099,1121101385,1121103401,0,512,512,-1,1,6648,2016,256,128,128,2
12,3,"[2, 768, 1, 1, 0, 0, 0, 0, 0, 0, 0, 0, 0, 0, 0, 2, 768, 1, 1, 0, 0, 0, 0, 0, 0, 0, 0, 0, 0, 0]",2,128,768.0,4608.0,1099658756,1099665208,1121103913,1121105993,0,352,352,-1,1,6452,2080,256,128,128,2
12,3,"[2, 768, 1, 1, 0, 0, 0, 0, 0, 0, 0, 0, 0, 0, 0, 2, 768, 1, 1, 0, 0, 0, 0, 0, 0, 0, 0, 0, 0, 0]",2,128,768.0,4608.0,1099722413,1099728416,1121106345,1121108041,0,1280,1280,-1,1,6003,1696,256,128,128,2
16,3,"[2, 768, 1, 7, 7, 0, 0, 0, 0, 0, 0, 0, 0, 0, 0, 4, 0, 0, 0, 0, 0, 0, 0, 0, 0, 0, 0, 0, 0, 0]",74,128,37632.0,150532.0,1099791742,1099798288,1121109321,1121111593,0,511,511,-1,1,6546,2272,256,128,128,2
12,3,"[2, 768, 1, 7, 7, 0, 0, 0, 0, 0, 0, 0, 0, 0, 0, 2, 768, 1, 7, 7, 0, 0, 0, 0, 0, 0, 0, 0, 0, 0]",74,128,37632.0,225792.0,1099855874,1099862214,1121112104,1121114184,0,1,1,-1,1,6340,2080,256,128,128,2
12,3,"[2, 768, 1, 7, 7, 0, 0, 0, 0, 0, 0, 0, 0, 0, 0, 2, 768, 1, 7, 7, 0, 0, 0, 0, 0, 0, 0, 0, 0, 0]",74,128,37632.0,225792.0,1099926912,1099933359,1121114185,1121117416,0,545,545,-1,1,6447,3231,256,128,128,2
16,3,"[2, 768, 0, 0, 0, 0, 0, 0, 0, 0, 0, 0, 0, 0, 0, 4, 0, 0, 0, 0, 0, 0, 0, 0, 0, 0, 0, 0, 0, 0]",2,128,768.0,3076.0,1099990816,1099997953,1121117961,1121120136,0,193,193,-1,1,7137,2175,256,128,128,2
12,3,"[2, 768, 0, 0, 0, 0, 0, 0, 0, 0, 0, 0, 0, 0, 0, 2, 768, 0, 0, 0, 0, 0, 0, 0, 0, 0, 0, 0, 0, 0]",2,128,768.0,4608.0,1100053621,1100060011,1121120329,1121122376,0,1025,1025,-1,1,6390,2047,256,128,128,2
12,3,"[2, 768, 0, 0, 0, 0, 0, 0, 0, 0, 0, 0, 0, 0, 0, 2, 768, 0, 0, 0, 0, 0, 0, 0, 0, 0, 0, 0, 0, 0]",2,128,768.0,4608.0,1100115096,1100121149,1121123401,1121124424,0,1664,1664,-1,1,6053,1023,256,128,128,2
16,3,"[2, 768, 0, 0, 0, 0, 0, 0, 0, 0, 0, 0, 0, 0, 0, 4, 0, 0, 0, 0, 0, 0, 0, 0, 0, 0, 0, 0, 0, 0]",2,128,768.0,3076.0,1100175978,1100182224,1121126088,1121128200,0,320,320,-1,1,6246,2112,256,128,128,2
12,3,"[2, 768, 0, 0, 0, 0, 0, 0, 0, 0, 0, 0, 0, 0, 0, 2, 768, 0, 0, 0, 0, 0, 0, 0, 0, 0, 0, 0, 0, 0]",2,128,768.0,4608.0,1100244288,1100251095,1121128520,1121130568,0,512,512,-1,1,6807,2048,256,128,128,2
12,3,"[2, 768, 0, 0, 0, 0, 0, 0, 0, 0, 0, 0, 0, 0, 0, 2, 768, 0, 0, 0, 0, 0, 0, 0, 0, 0, 0, 0, 0, 0]",2,128,768.0,4608.0,1100306478,1100313092,1121131080,1121132616,0,1568,1568,-1,1,6614,1536,256,128,128,2
16,3,"[2, 768, 0, 0, 0, 0, 0, 0, 0, 0, 0, 0, 0, 0, 0, 4, 0, 0, 0, 0, 0, 0, 0, 0, 0, 0, 0, 0, 0, 0]",2,128,768.0,3076.0,1100368106,1100374482,1121134184,1121136232,0,448,448,-1,1,6376,2048,256,128,128,2
12,3,"[2, 768, 0, 0, 0, 0, 0, 0, 0, 0, 0, 0, 0, 0, 0, 2, 768, 0, 0, 0, 0, 0, 0, 0, 0, 0, 0, 0, 0, 0]",2,128,768.0,4608.0,1100430532,1100436955,1121136680,1121138760,0,416,416,-1,1,6423,2080,256,128,128,2
12,3,"[2, 768, 0, 0, 0, 0, 0, 0, 0, 0, 0, 0, 0, 0, 0, 2, 768, 0, 0, 0, 0, 0, 0, 0, 0, 0, 0, 0, 0, 0]",2,128,768.0,4608.0,1100492161,1100498509,1121139176,1121140808,0,1408,1408,-1,1,6348,1632,256,128,128,2
16,3,"[2, 3072, 768, 0, 0, 0, 0, 0, 0, 0, 0, 0, 0, 0, 0, 4, 0, 0, 0, 0, 0, 0, 0, 0, 0, 0, 0, 0, 0, 0]",4608,128,2359296.0,9437188.0,1100554412,1100561016,1121142216,1121160840,0,416,416,-1,1,6604,18624,256,128,128,2
12,3,"[2, 3072, 768, 0, 0, 0, 0, 0, 0, 0, 0, 0, 0, 0, 0, 2, 3072, 768, 0, 0, 0, 0, 0, 0, 0, 0, 0, 0, 0, 0]",4608,128,2359296.0,14155776.0,1100622921,1100628952,1121161256,1121187080,0,608,608,-1,1,6031,25824,256,128,128,2
12,3,"[2, 3072, 768, 0, 0, 0, 0, 0, 0, 0, 0, 0, 0, 0, 0, 2, 3072, 768, 0, 0, 0, 0, 0, 0, 0, 0, 0, 0, 0, 0]",4608,128,2359296.0,14155776.0,1100686708,1100692714,1121187688,1121216136,0,448,448,-1,1,6006,28448,256,128,128,2
16,3,"[2, 3072, 0, 0, 0, 0, 0, 0, 0, 0, 0, 0, 0, 0, 0, 4, 0, 0, 0, 0, 0, 0, 0, 0, 0, 0, 0, 0, 0, 0]",6,128,3072.0,12292.0,1100749711,1100755650,1121216584,1121218632,0,1088,1088,-1,1,5939,2048,256,128,128,2
12,3,"[2, 3072, 0, 0, 0, 0, 0, 0, 0, 0, 0, 0, 0, 0, 0, 2, 3072, 0, 0, 0, 0, 0, 0, 0, 0, 0, 0, 0, 0, 0]",6,128,3072.0,18432.0,1100810687,1100817336,1121219720,1121222056,0,640,640,-1,1,6649,2336,256,128,128,2
12,3,"[2, 3072, 0, 0, 0, 0, 0, 0, 0, 0, 0, 0, 0, 0, 0, 2, 3072, 0, 0, 0, 0, 0, 0, 0, 0, 0, 0, 0, 0, 0]",6,128,3072.0,18432.0,1100872508,1100878274,1121222696,1121224776,0,384,384,-1,1,5766,2080,256,128,128,2
16,3,"[2, 768, 3072, 0, 0, 0, 0, 0, 0, 0, 0, 0, 0, 0, 0, 4, 0, 0, 0, 0, 0, 0, 0, 0, 0, 0, 0, 0, 0, 0]",4608,128,2359296.0,9437188.0,1100934398,1100941370,1121225160,1121243239,0,1536,1536,-1,1,6972,18079,256,128,128,2
12,3,"[2, 768, 3072, 0, 0, 0, 0, 0, 0, 0, 0, 0, 0, 0, 0, 2, 768, 3072, 0, 0, 0, 0, 0, 0, 0, 0, 0, 0, 0, 0]",4608,128,2359296.0,14155776.0,1100996652,1101002412,1121244775,1121269831,0,1344,1344,-1,1,5760,25056,256,128,128,2
12,3,"[2, 768, 3072, 0, 0, 0, 0, 0, 0, 0, 0, 0, 0, 0, 0, 2, 768, 3072, 0, 0, 0, 0, 0, 0, 0, 0, 0, 0, 0, 0]",4608,128,2359296.0,14155776.0,1101065565,1101071532,1121271175,1121300231,0,320,320,-1,1,5967,29056,256,128,128,2
16,3,"[2, 768, 0, 0, 0, 0, 0, 0, 0, 0, 0, 0, 0, 0, 0, 4, 0, 0, 0, 0, 0, 0, 0, 0, 0, 0, 0, 0, 0, 0]",2,128,768.0,3076.0,1101128315,1101134367,1121300551,1121302599,0,1152,1152,-1,1,6052,2048,256,128,128,2
12,3,"[2, 768, 0, 0, 0, 0, 0, 0, 0, 0, 0, 0, 0, 0, 0, 2, 768, 0, 0, 0, 0, 0, 0, 0, 0, 0, 0, 0, 0, 0]",2,128,768.0,4608.0,1101190199,1101195826,1121303751,1121306119,0,576,576,-1,1,5627,2368,256,128,128,2
12,3,"[2, 768, 0, 0, 0, 0, 0, 0, 0, 0, 0, 0, 0, 0, 0, 2, 768, 0, 0, 0, 0, 0, 0, 0, 0, 0, 0, 0, 0, 0]",2,128,768.0,4608.0,1101252301,1101258369,1121306695,1121308743,0,352,352,-1,1,6068,2048,256,128,128,2
16,3,"[2, 768, 1, 1, 0, 0, 0, 0, 0, 0, 0, 0, 0, 0, 0, 4, 0, 0, 0, 0, 0, 0, 0, 0, 0, 0, 0, 0, 0, 0]",2,128,768.0,3076.0,1101315291,1101321386,1121309095,1121310791,0,1408,1408,-1,1,6095,1696,256,128,128,2
12,3,"[2, 768, 1, 1, 0, 0, 0, 0, 0, 0, 0, 0, 0, 0, 0, 2, 768, 1, 1, 0, 0, 0, 0, 0, 0, 0, 0, 0, 0, 0]",2,128,768.0,4608.0,1101377427,1101383189,1121312199,1121314247,0,640,640,-1,1,5762,2048,256,128,128,2
12,3,"[2, 768, 1, 1, 0, 0, 0, 0, 0, 0, 0, 0, 0, 0, 0, 2, 768, 1, 1, 0, 0, 0, 0, 0, 0, 0, 0, 0, 0, 0]",2,128,768.0,4608.0,1101445259,1101452019,1121314887,1121316935,0,256,256,-1,1,6760,2048,256,128,128,2
16,3,"[2, 768, 1, 7, 7, 0, 0, 0, 0, 0, 0, 0, 0, 0, 0, 4, 0, 0, 0, 0, 0, 0, 0, 0, 0, 0, 0, 0, 0, 0]",74,128,37632.0,150532.0,1101514623,1101521550,1121317191,1121318983,0,1568,1568,-1,1,6927,1792,256,128,128,2
12,3,"[2, 768, 1, 7, 7, 0, 0, 0, 0, 0, 0, 0, 0, 0, 0, 2, 768, 1, 7, 7, 0, 0, 0, 0, 0, 0, 0, 0, 0, 0]",74,128,37632.0,225792.0,1101579284,1101585279,1121320551,1121323046,0,1,1,-1,1,5995,2495,256,128,128,2
12,3,"[2, 768, 1, 7, 7, 0, 0, 0, 0, 0, 0, 0, 0, 0, 0, 2, 768, 1, 7, 7, 0, 0, 0, 0, 0, 0, 0, 0, 0, 0]",74,128,37632.0,225792.0,1101642330,1101648280,1121323047,1121326311,0,544,544,-1,1,5950,3264,256,128,128,2
16,3,"[2, 768, 0, 0, 0, 0, 0, 0, 0, 0, 0, 0, 0, 0, 0, 4, 0, 0, 0, 0, 0, 0, 0, 0, 0, 0, 0, 0, 0, 0]",2,128,768.0,3076.0,1101703139,1101708864,1121326855,1121328871,0,352,352,-1,1,5725,2016,256,128,128,2
12,3,"[2, 768, 0, 0, 0, 0, 0, 0, 0, 0, 0, 0, 0, 0, 0, 2, 768, 0, 0, 0, 0, 0, 0, 0, 0, 0, 0, 0, 0, 0]",2,128,768.0,4608.0,1101763626,1101769262,1121329223,1121331271,0,544,544,-1,1,5636,2048,256,128,128,2
12,3,"[2, 768, 0, 0, 0, 0, 0, 0, 0, 0, 0, 0, 0, 0, 0, 2, 768, 0, 0, 0, 0, 0, 0, 0, 0, 0, 0, 0, 0, 0]",2,128,768.0,4608.0,1101831334,1101837526,1121331815,1121333319,0,1536,1536,-1,1,6192,1504,256,128,128,2
16,3,"[2, 768, 0, 0, 0, 0, 0, 0, 0, 0, 0, 0, 0, 0, 0, 4, 0, 0, 0, 0, 0, 0, 0, 0, 0, 0, 0, 0, 0, 0]",2,128,768.0,3076.0,1101893934,1101900592,1121334855,1121337031,0,352,352,-1,1,6658,2176,256,128,128,2
12,3,"[2, 768, 0, 0, 0, 0, 0, 0, 0, 0, 0, 0, 0, 0, 0, 2, 768, 0, 0, 0, 0, 0, 0, 0, 0, 0, 0, 0, 0, 0]",2,128,768.0,4608.0,1101956107,1101961906,1121337383,1121339462,0,1,1,-1,1,5799,2079,256,128,128,2
12,3,"[2, 768, 0, 0, 0, 0, 0, 0, 0, 0, 0, 0, 0, 0, 0, 2, 768, 0, 0, 0, 0, 0, 0, 0, 0, 0, 0, 0, 0, 0]",2,128,768.0,4608.0,1102118126,1102126852,1121339463,1121341511,0,1536,1536,-1,1,8726,2048,256,128,128,2
16,3,"[2, 768, 0, 0, 0, 0, 0, 0, 0, 0, 0, 0, 0, 0, 0, 4, 0, 0, 0, 0, 0, 0, 0, 0, 0, 0, 0, 0, 0, 0]",2,128,768.0,3076.0,1102193253,1102201510,1121343047,1121345127,0,448,448,-1,1,8257,2080,256,128,128,2
12,3,"[2, 768, 0, 0, 0, 0, 0, 0, 0, 0, 0, 0, 0, 0, 0, 2, 768, 0, 0, 0, 0, 0, 0, 0, 0, 0, 0, 0, 0, 0]",2,128,768.0,4608.0,1102258434,1102265384,1121345575,1121347655,0,384,384,-1,1,6950,2080,256,128,128,2
12,3,"[2, 768, 0, 0, 0, 0, 0, 0, 0, 0, 0, 0, 0, 0, 0, 2, 768, 0, 0, 0, 0, 0, 0, 0, 0, 0, 0, 0, 0, 0]",2,128,768.0,4608.0,1102325874,1102331852,1121348039,1121350759,0,544,544,-1,1,5978,2720,256,128,128,2
16,3,"[2, 3072, 768, 0, 0, 0, 0, 0, 0, 0, 0, 0, 0, 0, 0, 4, 0, 0, 0, 0, 0, 0, 0, 0, 0, 0, 0, 0, 0, 0]",4608,128,2359296.0,9437188.0,1102388595,1102395138,1121351303,1121370183,0,416,416,-1,1,6543,18880,256,128,128,2
12,3,"[2, 3072, 768, 0, 0, 0, 0, 0, 0, 0, 0, 0, 0, 0, 0, 2, 3072, 768, 0, 0, 0, 0, 0, 0, 0, 0, 0, 0, 0, 0]",4608,128,2359296.0,14155776.0,1102452764,1102458994,1121370599,1121396550,0,256,256,-1,1,6230,25951,256,128,128,2
12,3,"[2, 3072, 768, 0, 0, 0, 0, 0, 0, 0, 0, 0, 0, 0, 0, 2, 3072, 768, 0, 0, 0, 0, 0, 0, 0, 0, 0, 0, 0, 0]",4608,128,2359296.0,14155776.0,1102515011,1102521764,1121396806,1121425414,0,288,288,-1,1,6753,28608,256,128,128,2
16,3,"[2, 3072, 0, 0, 0, 0, 0, 0, 0, 0, 0, 0, 0, 0, 0, 4, 0, 0, 0, 0, 0, 0, 0, 0, 0, 0, 0, 0, 0, 0]",6,128,3072.0,12292.0,1102577208,1102583719,1121425702,1121428966,0,608,608,-1,1,6511,3264,256,128,128,2
12,3,"[2, 3072, 0, 0, 0, 0, 0, 0, 0, 0, 0, 0, 0, 0, 0, 2, 3072, 0, 0, 0, 0, 0, 0, 0, 0, 0, 0, 0, 0, 0]",6,128,3072.0,18432.0,1102638559,1102645402,1121429574,1121431621,0,1,1,-1,1,6843,2047,256,128,128,2
12,3,"[2, 3072, 0, 0, 0, 0, 0, 0, 0, 0, 0, 0, 0, 0, 0, 2, 3072, 0, 0, 0, 0, 0, 0, 0, 0, 0, 0, 0, 0, 0]",6,128,3072.0,18432.0,1102707922,1102713825,1121431622,1121433670,0,1504,1504,-1,1,5903,2048,256,128,128,2
16,3,"[2, 768, 3072, 0, 0, 0, 0, 0, 0, 0, 0, 0, 0, 0, 0, 4, 0, 0, 0, 0, 0, 0, 0, 0, 0, 0, 0, 0, 0, 0]",4608,128,2359296.0,9437188.0,1102771227,1102777494,1121435174,1121454149,0,1,1,-1,1,6267,18975,256,128,128,2
12,3,"[2, 768, 3072, 0, 0, 0, 0, 0, 0, 0, 0, 0, 0, 0, 0, 2, 768, 3072, 0, 0, 0, 0, 0, 0, 0, 0, 0, 0, 0, 0]",4608,128,2359296.0,14155776.0,1102833963,1102839779,1121454150,1121480741,0,1,1,-1,1,5816,26591,256,128,128,2
12,3,"[2, 768, 3072, 0, 0, 0, 0, 0, 0, 0, 0, 0, 0, 0, 0, 2, 768, 3072, 0, 0, 0, 0, 0, 0, 0, 0, 0, 0, 0, 0]",4608,128,2359296.0,14155776.0,1102896266,1102901935,1121480742,1121509445,0,1,1,-1,1,5669,28703,256,128,128,2
16,3,"[2, 768, 0, 0, 0, 0, 0, 0, 0, 0, 0, 0, 0, 0, 0, 4, 0, 0, 0, 0, 0, 0, 0, 0, 0, 0, 0, 0, 0, 0]",2,128,768.0,3076.0,1102957969,1102963688,1121509446,1121512774,0,607,607,-1,1,5719,3328,256,128,128,2
12,3,"[2, 768, 0, 0, 0, 0, 0, 0, 0, 0, 0, 0, 0, 0, 0, 2, 768, 0, 0, 0, 0, 0, 0, 0, 0, 0, 0, 0, 0, 0]",2,128,768.0,4608.0,1103019140,1103025389,1121513381,1121515589,0,1,1,-1,1,6249,2208,256,128,128,2
12,3,"[2, 768, 0, 0, 0, 0, 0, 0, 0, 0, 0, 0, 0, 0, 0, 2, 768, 0, 0, 0, 0, 0, 0, 0, 0, 0, 0, 0, 0, 0]",2,128,768.0,4608.0,1103086902,1103092884,1121515590,1121518853,0,641,641,-1,1,5982,3263,256,128,128,2
16,3,"[2, 768, 1, 1, 0, 0, 0, 0, 0, 0, 0, 0, 0, 0, 0, 4, 0, 0, 0, 0, 0, 0, 0, 0, 0, 0, 0, 0, 0, 0]",2,128,768.0,3076.0,1103149986,1103156336,1121519494,1121521573,0,320,320,-1,1,6350,2079,256,128,128,2
12,3,"[2, 768, 1, 1, 0, 0, 0, 0, 0, 0, 0, 0, 0, 0, 0, 2, 768, 1, 1, 0, 0, 0, 0, 0, 0, 0, 0, 0, 0, 0]",2,128,768.0,4608.0,1103212453,1103218853,1121521893,1121523781,0,1056,1056,-1,1,6400,1888,256,128,128,2
12,3,"[2, 768, 1, 1, 0, 0, 0, 0, 0, 0, 0, 0, 0, 0, 0, 2, 768, 1, 1, 0, 0, 0, 0, 0, 0, 0, 0, 0, 0, 0]",2,128,768.0,4608.0,1103274196,1103280603,1121524837,1121526853,0,673,673,-1,1,6407,2016,256,128,128,2
16,3,"[2, 768, 1, 7, 7, 0, 0, 0, 0, 0, 0, 0, 0, 0, 0, 4, 0, 0, 0, 0, 0, 0, 0, 0, 0, 0, 0, 0, 0, 0]",74,128,37632.0,150532.0,1103336659,1103343122,1121527526,1121529829,0,320,320,-1,1,6463,2303,256,128,128,2
12,3,"[2, 768, 1, 7, 7, 0, 0, 0, 0, 0, 0, 0, 0, 0, 0, 2, 768, 1, 7, 7, 0, 0, 0, 0, 0, 0, 0, 0, 0, 0]",74,128,37632.0,225792.0,1103398872,1103405204,1121530149,1121531973,0,1440,1440,-1,1,6332,1824,256,128,128,2
12,3,"[2, 768, 1, 7, 7, 0, 0, 0, 0, 0, 0, 0, 0, 0, 0, 2, 768, 1, 7, 7, 0, 0, 0, 0, 0, 0, 0, 0, 0, 0]",74,128,37632.0,225792.0,1103460849,1103467575,1121533413,1121535685,0,352,352,-1,1,6726,2272,256,128,128,2
16,3,"[2, 768, 0, 0, 0, 0, 0, 0, 0, 0, 0, 0, 0, 0, 0, 4, 0, 0, 0, 0, 0, 0, 0, 0, 0, 0, 0, 0, 0, 0]",2,128,768.0,3076.0,1103529202,1103535880,1121536037,1121538117,0,576,576,-1,1,6678,2080,256,128,128,2
12,3,"[2, 768, 0, 0, 0, 0, 0, 0, 0, 0, 0, 0, 0, 0, 0, 2, 768, 0, 0, 0, 0, 0, 0, 0, 0, 0, 0, 0, 0, 0]",2,128,768.0,4608.0,1103591043,1103597193,1121538693,1121540165,0,1568,1568,-1,1,6150,1472,256,128,128,2
12,3,"[2, 768, 0, 0, 0, 0, 0, 0, 0, 0, 0, 0, 0, 0, 0, 2, 768, 0, 0, 0, 0, 0, 0, 0, 0, 0, 0, 0, 0, 0]",2,128,768.0,4608.0,1103653021,1103659068,1121541733,1121543749,0,512,512,-1,1,6047,2016,256,128,128,2
16,3,"[2, 768, 0, 0, 0, 0, 0, 0, 0, 0, 0, 0, 0, 0, 0, 4, 0, 0, 0, 0, 0, 0, 0, 0, 0, 0, 0, 0, 0, 0]",2,128,768.0,3076.0,1103714873,1103720857,1121544261,1121546309,0,416,416,-1,1,5984,2048,256,128,128,2
12,3,"[2, 768, 0, 0, 0, 0, 0, 0, 0, 0, 0, 0, 0, 0, 0, 2, 768, 0, 0, 0, 0, 0, 0, 0, 0, 0, 0, 0, 0, 0]",2,128,768.0,4608.0,1103776759,1103783003,1121546725,1121548357,0,1408,1408,-1,1,6244,1632,256,128,128,2
12,3,"[2, 768, 0, 0, 0, 0, 0, 0, 0, 0, 0, 0, 0, 0, 0, 2, 768, 0, 0, 0, 0, 0, 0, 0, 0, 0, 0, 0, 0, 0]",2,128,768.0,4608.0,1103839059,1103845751,1121549765,1121551813,0,640,640,-1,1,6692,2048,256,128,128,2
16,3,"[2, 768, 0, 0, 0, 0, 0, 0, 0, 0, 0, 0, 0, 0, 0, 4, 0, 0, 0, 0, 0, 0, 0, 0, 0, 0, 0, 0, 0, 0]",2,128,768.0,3076.0,1103915093,1103921839,1121552453,1121554469,0,288,288,-1,1,6746,2016,256,128,128,2
12,3,"[2, 768, 0, 0, 0, 0, 0, 0, 0, 0, 0, 0, 0, 0, 0, 2, 768, 0, 0, 0, 0, 0, 0, 0, 0, 0, 0, 0, 0, 0]",2,128,768.0,4608.0,1103979860,1103986462,1121554757,1121556549,0,1248,1248,-1,1,6602,1792,256,128,128,2
12,3,"[2, 768, 0, 0, 0, 0, 0, 0, 0, 0, 0, 0, 0, 0, 0, 2, 768, 0, 0, 0, 0, 0, 0, 0, 0, 0, 0, 0, 0, 0]",2,128,768.0,4608.0,1104042209,1104048024,1121557797,1121559813,0,672,672,-1,1,5815,2016,256,128,128,2
16,3,"[2, 3072, 768, 0, 0, 0, 0, 0, 0, 0, 0, 0, 0, 0, 0, 4, 0, 0, 0, 0, 0, 0, 0, 0, 0, 0, 0, 0, 0, 0]",4608,128,2359296.0,9437188.0,1104103986,1104110142,1121560485,1121579077,0,416,416,-1,1,6156,18592,256,128,128,2
12,3,"[2, 3072, 768, 0, 0, 0, 0, 0, 0, 0, 0, 0, 0, 0, 0, 2, 3072, 768, 0, 0, 0, 0, 0, 0, 0, 0, 0, 0, 0, 0]",4608,128,2359296.0,14155776.0,1104165427,1104171573,1121579493,1121605541,0,160,160,-1,1,6146,26048,256,128,128,2
12,3,"[2, 3072, 768, 0, 0, 0, 0, 0, 0, 0, 0, 0, 0, 0, 0, 2, 3072, 768, 0, 0, 0, 0, 0, 0, 0, 0, 0, 0, 0, 0]",4608,128,2359296.0,14155776.0,1104226617,1104232369,1121605701,1121636133,0,288,288,-1,1,5752,30432,256,128,128,2
16,3,"[2, 3072, 0, 0, 0, 0, 0, 0, 0, 0, 0, 0, 0, 0, 0, 4, 0, 0, 0, 0, 0, 0, 0, 0, 0, 0, 0, 0, 0, 0]",6,128,3072.0,12292.0,1104288309,1104301388,1121636421,1121638469,0,1472,1472,-1,1,13079,2048,256,128,128,2
12,3,"[2, 3072, 0, 0, 0, 0, 0, 0, 0, 0, 0, 0, 0, 0, 0, 2, 3072, 0, 0, 0, 0, 0, 0, 0, 0, 0, 0, 0, 0, 0]",6,128,3072.0,18432.0,1104358885,1104365727,1121639941,1121642341,0,224,224,-1,1,6842,2400,256,128,128,2
12,3,"[2, 3072, 0, 0, 0, 0, 0, 0, 0, 0, 0, 0, 0, 0, 0, 2, 3072, 0, 0, 0, 0, 0, 0, 0, 0, 0, 0, 0, 0, 0]",6,128,3072.0,18432.0,1104423827,1104429750,1121642565,1121644613,0,607,607,-1,1,5923,2048,256,128,128,2
16,3,"[2, 768, 3072, 0, 0, 0, 0, 0, 0, 0, 0, 0, 0, 0, 0, 4, 0, 0, 0, 0, 0, 0, 0, 0, 0, 0, 0, 0, 0, 0]",4608,128,2359296.0,9437188.0,1104486791,1104493573,1121645220,1121664452,0,640,640,-1,1,6782,19232,256,128,128,2
12,3,"[2, 768, 3072, 0, 0, 0, 0, 0, 0, 0, 0, 0, 0, 0, 0, 2, 768, 3072, 0, 0, 0, 0, 0, 0, 0, 0, 0, 0, 0, 0]",4608,128,2359296.0,14155776.0,1104550429,1104556647,1121665092,1121690884,0,608,608,-1,1,6218,25792,256,128,128,2
12,3,"[2, 768, 3072, 0, 0, 0, 0, 0, 0, 0, 0, 0, 0, 0, 0, 2, 768, 3072, 0, 0, 0, 0, 0, 0, 0, 0, 0, 0, 0, 0]",4608,128,2359296.0,14155776.0,1104613212,1104619249,1121691492,1121720388,0,640,640,-1,1,6037,28896,256,128,128,2
16,3,"[2, 768, 0, 0, 0, 0, 0, 0, 0, 0, 0, 0, 0, 0, 0, 4, 0, 0, 0, 0, 0, 0, 0, 0, 0, 0, 0, 0, 0, 0]",2,128,768.0,3076.0,1104674457,1104681302,1121721028,1121723812,0,544,544,-1,1,6845,2784,256,128,128,2
12,3,"[2, 768, 0, 0, 0, 0, 0, 0, 0, 0, 0, 0, 0, 0, 0, 2, 768, 0, 0, 0, 0, 0, 0, 0, 0, 0, 0, 0, 0, 0]",2,128,768.0,4608.0,1104839259,1104848239,1121724356,1121726531,0,1,1,-1,1,8980,2175,256,128,128,2
12,3,"[2, 768, 0, 0, 0, 0, 0, 0, 0, 0, 0, 0, 0, 0, 0, 2, 768, 0, 0, 0, 0, 0, 0, 0, 0, 0, 0, 0, 0, 0]",2,128,768.0,4608.0,1104913640,1104920318,1121726532,1121729956,0,640,640,-1,1,6678,3424,256,128,128,2
16,3,"[2, 768, 0, 0, 0, 0, 0, 0, 0, 0, 0, 0, 0, 0, 0, 4, 0, 0, 0, 0, 0, 0, 0, 0, 0, 0, 0, 0, 0, 0]",2,128,768.0,3076.0,1104979778,1104986269,1121730596,1121732675,0,1,1,-1,1,6491,2079,256,128,128,2
12,3,"[2, 768, 0, 0, 0, 0, 0, 0, 0, 0, 0, 0, 0, 0, 0, 2, 768, 0, 0, 0, 0, 0, 0, 0, 0, 0, 0, 0, 0, 0]",2,128,768.0,4608.0,1105042975,1105048945,1121732676,1121734724,0,1312,1312,-1,1,5970,2048,256,128,128,2
12,3,"[2, 768, 0, 0, 0, 0, 0, 0, 0, 0, 0, 0, 0, 0, 0, 2, 768, 0, 0, 0, 0, 0, 0, 0, 0, 0, 0, 0, 0, 0]",2,128,768.0,4608.0,1105105118,1105111135,1121736036,1121738116,0,576,576,-1,1,6017,2080,256,128,128,2
16,3,"[2, 768, 0, 0, 0, 0, 0, 0, 0, 0, 0, 0, 0, 0, 0, 4, 0, 0, 0, 0, 0, 0, 0, 0, 0, 0, 0, 0, 0, 0]",2,128,768.0,3076.0,1105173015,1105180059,1121738692,1121740740,0,256,256,-1,1,7044,2048,256,128,128,2
12,3,"[2, 768, 0, 0, 0, 0, 0, 0, 0, 0, 0, 0, 0, 0, 0, 2, 768, 0, 0, 0, 0, 0, 0, 0, 0, 0, 0, 0, 0, 0]",2,128,768.0,4608.0,1105237016,1105242892,1121740996,1121742916,0,1152,1152,-1,1,5876,1920,256,128,128,2
12,3,"[2, 768, 0, 0, 0, 0, 0, 0, 0, 0, 0, 0, 0, 0, 0, 2, 768, 0, 0, 0, 0, 0, 0, 0, 0, 0, 0, 0, 0, 0]",2,128,768.0,4608.0,1105298398,1105304404,1121744068,1121746084,0,640,640,-1,1,6006,2016,256,128,128,2
16,3,"[2, 515, 768, 0, 0, 0, 0, 0, 0, 0, 0, 0, 0, 0, 0, 4, 0, 0, 0, 0, 0, 0, 0, 0, 0, 0, 0, 0, 0, 0]",773,128,395520.0,1582084.0,1105361232,1105367217,1121746724,1121751108,0,416,416,-1,1,5985,4384,256,128,128,2
12,3,"[2, 515, 768, 0, 0, 0, 0, 0, 0, 0, 0, 0, 0, 0, 0, 2, 515, 768, 0, 0, 0, 0, 0, 0, 0, 0, 0, 0, 0, 0]",773,128,395520.0,2373120.0,1105421764,1105427625,1121751524,1121755204,0,1408,1408,-1,1,5861,3680,256,128,128,2
12,3,"[2, 515, 768, 0, 0, 0, 0, 0, 0, 0, 0, 0, 0, 0, 0, 2, 515, 768, 0, 0, 0, 0, 0, 0, 0, 0, 0, 0, 0, 0]",773,128,395520.0,2373120.0,1105483114,1105489050,1121756612,1121760548,0,608,608,-1,1,5936,3936,256,128,128,2
16,3,"[2, 515, 0, 0, 0, 0, 0, 0, 0, 0, 0, 0, 0, 0, 0, 4, 0, 0, 0, 0, 0, 0, 0, 0, 0, 0, 0, 0, 0, 0]",2,128,515.0,2064.0,1105544682,1105550963,1121761156,1121763140,0,256,256,-1,1,6281,1984,256,128,128,2
12,3,"[2, 515, 0, 0, 0, 0, 0, 0, 0, 0, 0, 0, 0, 0, 0, 2, 515, 0, 0, 0, 0, 0, 0, 0, 0, 0, 0, 0, 0, 0]",2,128,515.0,3090.0,1105611653,1105617719,1121763396,1121765443,0,1,1,-1,1,6066,2047,256,128,128,2
12,3,"[2, 515, 0, 0, 0, 0, 0, 0, 0, 0, 0, 0, 0, 0, 0, 2, 515, 0, 0, 0, 0, 0, 0, 0, 0, 0, 0, 0, 0, 0]",2,128,515.0,3090.0,1105673151,1105678898,1121765444,1121769028,0,0,0,-1,1,5747,3584,256,128,128,2
