op,dir,params,grid,block,flops,bytes,rStartTime,rEndTime,kStartTime,kEndTime,staticSharedMemory,space,space1,seq,kernels,rduration,kduration,batch,h,w,input_type
203,1,"[2, 3, 512, 512, 32, 256, 256, 3, 3, 1, 1, 2, 2, 1, 1, 1, 2, 0, 0, 0, 0, 0, 0, 0, 0, 0, 0, 0, 0, 0]",1024,256,226492416.0,11536064.0,792585845,792609785,792599095,792659191,5376,165854,157694,45978,2,20812,51936,2,512,512,2
205,1,"[4, 0, 0, 0, 0, 0, 0, 0, 0, 0, 0, 0, 0, 0, 0, 4, 0, 0, 0, 0, 0, 0, 0, 0, 0, 0, 0, 0, 0, 0]",64,512,33554432.0,33554432.0,792807960,793110619,792816885,793294098,640,290878,34431,45979,4,35724,220766,2,512,512,2
154,1,"[2, 2, 32, 256, 256, 0, 0, 0, 0, 0, 0, 0, 0, 0, 0, 0, 0, 0, 0, 0, 0, 0, 0, 0, 0, 0, 0, 0, 0, 0]",8192,128,4194304.0,16777216.0,793286981,793294133,793328529,793361553,0,151647,151647,45980,1,7152,33024,2,512,512,2
203,1,"[2, 32, 256, 256, 32, 256, 256, 3, 3, 1, 1, 1, 1, 1, 1, 32, 2, 0, 0, 0, 0, 0, 0, 0, 0, 0, 0, 0, 0, 0]",1456,256,0.0,0.0,793500289,793513904,793513200,793558287,17536,111775,111775,45982,1,13615,45087,2,512,512,2
205,1,"[4, 0, 0, 0, 0, 0, 0, 0, 0, 0, 0, 0, 0, 0, 0, 4, 0, 0, 0, 0, 0, 0, 0, 0, 0, 0, 0, 0, 0, 0]",64,512,33554432.0,33554432.0,793660341,793938605,793670062,794127594,640,274462,33984,45983,4,31344,217054,2,512,512,2
154,1,"[2, 2, 32, 256, 256, 0, 0, 0, 0, 0, 0, 0, 0, 0, 0, 0, 0, 0, 0, 0, 0, 0, 0, 0, 0, 0, 0, 0, 0, 0]",8192,128,4194304.0,16777216.0,794084365,794091263,794161578,794194474,0,99039,99039,45984,1,6898,32896,2,512,512,2
203,1,"[2, 32, 256, 256, 16, 256, 256, 1, 1, 0, 0, 1, 1, 1, 1, 1, 2, 0, 0, 0, 0, 0, 0, 0, 0, 0, 0, 0, 0, 0]",512,128,0.0,0.0,794282954,794293966,794293513,794348617,40960,99967,99967,45986,1,11012,55104,2,512,512,2
205,1,"[4, 0, 0, 0, 0, 0, 0, 0, 0, 0, 0, 0, 0, 0, 0, 4, 0, 0, 0, 0, 0, 0, 0, 0, 0, 0, 0, 0, 0, 0]",32,512,16777216.0,16777216.0,794439021,794698562,794448584,794863909,640,280222,57311,45987,4,28327,192414,2,512,512,2
203,1,"[2, 16, 256, 256, 96, 256, 256, 1, 1, 0, 0, 1, 1, 1, 1, 1, 2, 0, 0, 0, 0, 0, 0, 0, 0, 0, 0, 0, 0, 0]",1024,128,0.0,0.0,794901790,794920628,794921220,794991876,32768,82047,82047,45988,1,18838,70656,2,512,512,2
205,1,"[4, 0, 0, 0, 0, 0, 0, 0, 0, 0, 0, 0, 0, 0, 0, 4, 0, 0, 0, 0, 0, 0, 0, 0, 0, 0, 0, 0, 0, 0]",192,512,100663296.0,100663296.0,795065163,795343531,795073923,795656478,640,341118,96512,45989,4,29166,337949,2,512,512,2
154,1,"[2, 2, 96, 256, 256, 0, 0, 0, 0, 0, 0, 0, 0, 0, 0, 0, 0, 0, 0, 0, 0, 0, 0, 0, 0, 0, 0, 0, 0, 0]",24576,128,12582912.0,50331648.0,795493897,795499838,795752990,795847325,0,576,576,45990,1,5941,94335,2,512,512,2
203,1,"[2, 96, 256, 256, 96, 128, 128, 3, 3, 1, 1, 2, 2, 1, 1, 96, 2, 0, 0, 0, 0, 0, 0, 0, 0, 0, 0, 0, 0, 0]",3072,1024,0.0,0.0,795637472,795648138,795847901,795978012,0,45343,45343,45992,1,10666,130111,2,512,512,2
205,1,"[4, 0, 0, 0, 0, 0, 0, 0, 0, 0, 0, 0, 0, 0, 0, 4, 0, 0, 0, 0, 0, 0, 0, 0, 0, 0, 0, 0, 0, 0]",192,512,25165824.0,25165824.0,796014540,796287748,796023355,796351737,640,334046,94175,45993,4,26793,88511,2,512,512,2
154,1,"[2, 2, 96, 128, 128, 0, 0, 0, 0, 0, 0, 0, 0, 0, 0, 0, 0, 0, 0, 0, 0, 0, 0, 0, 0, 0, 0, 0, 0, 0]",6144,128,3145728.0,12582912.0,796434538,796440518,796445912,796472216,0,149119,149119,45994,1,5980,26304,2,512,512,2
203,1,"[2, 96, 128, 128, 24, 128, 128, 1, 1, 0, 0, 1, 1, 1, 1, 1, 2, 0, 0, 0, 0, 0, 0, 0, 0, 0, 0, 0, 0, 0]",256,128,0.0,0.0,796610984,796620613,796621335,796652790,32768,114111,114111,45996,1,9629,31455,2,512,512,2
205,1,"[4, 0, 0, 0, 0, 0, 0, 0, 0, 0, 0, 0, 0, 0, 0, 4, 0, 0, 0, 0, 0, 0, 0, 0, 0, 0, 0, 0, 0, 0]",48,512,6291456.0,6291456.0,796757391,797018536,796766901,797041267,640,411070,184063,45997,4,27688,47359,2,512,512,2
203,1,"[2, 24, 128, 128, 144, 128, 128, 1, 1, 0, 0, 1, 1, 1, 1, 1, 2, 0, 0, 0, 0, 0, 0, 0, 0, 0, 0, 0, 0, 0]",512,128,0.0,0.0,797215158,797224583,797225330,797261041,32768,114271,114271,45998,1,9425,35711,2,512,512,2
205,1,"[4, 0, 0, 0, 0, 0, 0, 0, 0, 0, 0, 0, 0, 0, 0, 4, 0, 0, 0, 0, 0, 0, 0, 0, 0, 0, 0, 0, 0, 0]",288,512,37748736.0,37748736.0,797365828,797621613,797375312,797734125,640,281822,59360,45999,4,28022,136351,2,512,512,2
154,1,"[2, 2, 144, 128, 128, 0, 0, 0, 0, 0, 0, 0, 0, 0, 0, 0, 0, 0, 0, 0, 0, 0, 0, 0, 0, 0, 0, 0, 0, 0]",9216,128,4718592.0,18874368.0,797769488,797776110,797793485,797830381,0,213310,213310,46000,1,6622,36896,2,512,512,2
203,1,"[2, 144, 128, 128, 144, 128, 128, 3, 3, 1, 1, 1, 1, 1, 1, 144, 2, 0, 0, 0, 0, 0, 0, 0, 0, 0, 0, 0, 0, 0]",1872,256,0.0,0.0,798031556,798043757,798043691,798097707,17536,109087,109087,46002,1,12201,54016,2,512,512,2
205,1,"[4, 0, 0, 0, 0, 0, 0, 0, 0, 0, 0, 0, 0, 0, 0, 4, 0, 0, 0, 0, 0, 0, 0, 0, 0, 0, 0, 0, 0, 0]",288,512,37748736.0,37748736.0,798196867,798464534,798206794,798577895,640,286173,53151,46003,4,28251,138079,2,512,512,2
154,1,"[2, 2, 144, 128, 128, 0, 0, 0, 0, 0, 0, 0, 0, 0, 0, 0, 0, 0, 0, 0, 0, 0, 0, 0, 0, 0, 0, 0, 0, 0]",9216,128,4718592.0,18874368.0,798606518,798612125,798631046,798668006,0,140703,140703,46004,1,5607,36960,2,512,512,2
203,1,"[2, 144, 128, 128, 24, 128, 128, 1, 1, 0, 0, 1, 1, 1, 1, 1, 2, 0, 0, 0, 0, 0, 0, 0, 0, 0, 0, 0, 0, 0]",256,128,0.0,0.0,798792952,798808138,798808709,798850277,32768,108511,108511,46006,1,15186,41568,2,512,512,2
205,1,"[4, 0, 0, 0, 0, 0, 0, 0, 0, 0, 0, 0, 0, 0, 0, 4, 0, 0, 0, 0, 0, 0, 0, 0, 0, 0, 0, 0, 0, 0]",48,512,6291456.0,6291456.0,798949331,799211294,798958788,799235297,640,299037,70944,46007,4,28410,48416,2,512,512,2
21,1,"[2, 2, 24, 128, 128, 0, 0, 0, 0, 0, 0, 0, 0, 0, 0, 2, 2, 24, 128, 128, 0, 0, 0, 0, 0, 0, 0, 0, 0, 0]",1536,128,786432.0,4718592.0,799298677,799305175,799306241,799313121,0,179902,179902,46008,1,6498,6880,2,512,512,2
203,1,"[2, 24, 128, 128, 144, 128, 128, 1, 1, 0, 0, 1, 1, 1, 1, 1, 2, 0, 0, 0, 0, 0, 0, 0, 0, 0, 0, 0, 0, 0]",512,128,0.0,0.0,799482816,799492157,799493023,799529663,32768,111103,111103,46009,1,9341,36640,2,512,512,2
205,1,"[4, 0, 0, 0, 0, 0, 0, 0, 0, 0, 0, 0, 0, 0, 0, 4, 0, 0, 0, 0, 0, 0, 0, 0, 0, 0, 0, 0, 0, 0]",288,512,37748736.0,37748736.0,799631564,799901097,799640766,800013531,640,284768,51168,46010,4,27927,139165,2,512,512,2
154,1,"[2, 2, 144, 128, 128, 0, 0, 0, 0, 0, 0, 0, 0, 0, 0, 0, 0, 0, 0, 0, 0, 0, 0, 0, 0, 0, 0, 0, 0, 0]",9216,128,4718592.0,18874368.0,800044758,800050914,800064699,800101595,0,104446,104446,46011,1,6156,36896,2,512,512,2
203,1,"[2, 144, 128, 128, 144, 64, 64, 3, 3, 1, 1, 2, 2, 1, 1, 144, 2, 0, 0, 0, 0, 0, 0, 0, 0, 0, 0, 0, 0, 0]",1152,1024,0.0,0.0,800195226,800206036,800206041,800258521,0,86752,86752,46013,1,10810,52480,2,512,512,2
205,1,"[4, 0, 0, 0, 0, 0, 0, 0, 0, 0, 0, 0, 0, 0, 0, 4, 0, 0, 0, 0, 0, 0, 0, 0, 0, 0, 0, 0, 0, 0]",288,512,9437184.0,9437184.0,800336698,800594324,800345273,800607446,640,353726,130239,46014,4,26548,38686,2,512,512,2
154,1,"[2, 2, 144, 64, 64, 0, 0, 0, 0, 0, 0, 0, 0, 0, 0, 0, 0, 0, 0, 0, 0, 0, 0, 0, 0, 0, 0, 0, 0, 0]",2304,128,1179648.0,4718592.0,800731408,800737044,800737685,800743701,0,183615,183615,46015,1,5636,6016,2,512,512,2
203,1,"[2, 144, 64, 64, 32, 64, 64, 1, 1, 0, 0, 1, 1, 1, 1, 1, 2, 0, 0, 0, 0, 0, 0, 0, 0, 0, 0, 0, 0, 0]",64,128,0.0,0.0,800901842,800927308,800927316,800942612,32768,137887,137887,46017,1,25466,15296,2,512,512,2
205,1,"[4, 0, 0, 0, 0, 0, 0, 0, 0, 0, 0, 0, 0, 0, 0, 4, 0, 0, 0, 0, 0, 0, 0, 0, 0, 0, 0, 0, 0, 0]",64,512,2097152.0,2097152.0,801070923,801337789,801080499,801342672,640,437086,196671,46018,4,30731,21758,2,512,512,2
203,1,"[2, 32, 64, 64, 192, 64, 64, 1, 1, 0, 0, 1, 1, 1, 1, 1, 2, 0, 0, 0, 0, 0, 0, 0, 0, 0, 0, 0, 0, 0]",128,128,0.0,0.0,801529899,801539399,801539343,801552591,32768,144350,144350,46019,1,9500,13248,2,512,512,2
205,1,"[4, 0, 0, 0, 0, 0, 0, 0, 0, 0, 0, 0, 0, 0, 0, 4, 0, 0, 0, 0, 0, 0, 0, 0, 0, 0, 0, 0, 0, 0]",384,512,12582912.0,12582912.0,801687447,801949522,801696941,801969355,640,364736,139519,46020,4,28952,47197,2,512,512,2
154,1,"[2, 2, 192, 64, 64, 0, 0, 0, 0, 0, 0, 0, 0, 0, 0, 0, 0, 0, 0, 0, 0, 0, 0, 0, 0, 0, 0, 0, 0, 0]",3072,128,1572864.0,6291456.0,802102641,802108957,802108874,802116810,0,165023,165023,46021,1,6316,7936,2,512,512,2
203,1,"[2, 192, 64, 64, 192, 64, 64, 3, 3, 1, 1, 1, 1, 1, 1, 192, 2, 0, 0, 0, 0, 0, 0, 0, 0, 0, 0, 0, 0, 0]",672,256,0.0,0.0,802271692,802281651,802281833,802302953,17536,123070,123070,46023,1,9959,21120,2,512,512,2
205,1,"[4, 0, 0, 0, 0, 0, 0, 0, 0, 0, 0, 0, 0, 0, 0, 4, 0, 0, 0, 0, 0, 0, 0, 0, 0, 0, 0, 0, 0, 0]",384,512,12582912.0,12582912.0,802417178,802692792,802426023,802707909,640,387101,144095,46024,4,26985,38880,2,512,512,2
154,1,"[2, 2, 192, 64, 64, 0, 0, 0, 0, 0, 0, 0, 0, 0, 0, 0, 0, 0, 0, 0, 0, 0, 0, 0, 0, 0, 0, 0, 0, 0]",3072,128,1572864.0,6291456.0,802845087,802851515,802852004,802860228,0,319038,319038,46025,1,6428,8224,2,512,512,2
203,1,"[2, 192, 64, 64, 32, 64, 64, 1, 1, 0, 0, 1, 1, 1, 1, 1, 2, 0, 0, 0, 0, 0, 0, 0, 0, 0, 0, 0, 0, 0]",32,256,100663296.0,3682304.0,803166766,803188844,803179266,803220129,49152,133312,125439,46027,2,19322,32990,2,512,512,2
205,1,"[4, 0, 0, 0, 0, 0, 0, 0, 0, 0, 0, 0, 0, 0, 0, 4, 0, 0, 0, 0, 0, 0, 0, 0, 0, 0, 0, 0, 0, 0]",64,512,2097152.0,2097152.0,803336838,803603049,803345568,803609022,640,332285,88799,46028,4,28140,19968,2,512,512,2
21,1,"[2, 2, 32, 64, 64, 0, 0, 0, 0, 0, 0, 0, 0, 0, 0, 2, 2, 32, 64, 64, 0, 0, 0, 0, 0, 0, 0, 0, 0, 0]",512,128,262144.0,1572864.0,803690354,803697293,803697821,803701949,0,184191,184191,46029,1,6939,4128,2,512,512,2
203,1,"[2, 32, 64, 64, 192, 64, 64, 1, 1, 0, 0, 1, 1, 1, 1, 1, 2, 0, 0, 0, 0, 0, 0, 0, 0, 0, 0, 0, 0, 0]",128,128,0.0,0.0,803876362,803885643,803886140,803898492,32768,137534,137534,46030,1,9281,12352,2,512,512,2
205,1,"[4, 0, 0, 0, 0, 0, 0, 0, 0, 0, 0, 0, 0, 0, 0, 4, 0, 0, 0, 0, 0, 0, 0, 0, 0, 0, 0, 0, 0, 0]",384,512,12582912.0,12582912.0,804027198,804300569,804036026,804320440,640,368862,130271,46031,4,27933,45823,2,512,512,2
154,1,"[2, 2, 192, 64, 64, 0, 0, 0, 0, 0, 0, 0, 0, 0, 0, 0, 0, 0, 0, 0, 0, 0, 0, 0, 0, 0, 0, 0, 0, 0]",3072,128,1572864.0,6291456.0,804444280,804449982,804450711,804459031,0,172703,172703,46032,1,5702,8320,2,512,512,2
203,1,"[2, 192, 64, 64, 192, 64, 64, 3, 3, 1, 1, 1, 1, 1, 1, 192, 2, 0, 0, 0, 0, 0, 0, 0, 0, 0, 0, 0, 0, 0]",672,256,0.0,0.0,804621159,804631451,804631734,804652214,17536,126783,126783,46034,1,10292,20480,2,512,512,2
205,1,"[4, 0, 0, 0, 0, 0, 0, 0, 0, 0, 0, 0, 0, 0, 0, 4, 0, 0, 0, 0, 0, 0, 0, 0, 0, 0, 0, 0, 0, 0]",384,512,12582912.0,12582912.0,804769851,805041572,804778997,805055666,640,376828,138367,46035,4,27425,38208,2,512,512,2
154,1,"[2, 2, 192, 64, 64, 0, 0, 0, 0, 0, 0, 0, 0, 0, 0, 0, 0, 0, 0, 0, 0, 0, 0, 0, 0, 0, 0, 0, 0, 0]",3072,128,1572864.0,6291456.0,805187096,805192897,805194033,805202193,0,197503,197503,46036,1,5801,8160,2,512,512,2
203,1,"[2, 192, 64, 64, 32, 64, 64, 1, 1, 0, 0, 1, 1, 1, 1, 1, 2, 0, 0, 0, 0, 0, 0, 0, 0, 0, 0, 0, 0, 0]",32,256,100663296.0,3682304.0,805389113,805408732,805399696,805440335,49152,135264,128479,46038,2,17852,33854,2,512,512,2
205,1,"[4, 0, 0, 0, 0, 0, 0, 0, 0, 0, 0, 0, 0, 0, 0, 4, 0, 0, 0, 0, 0, 0, 0, 0, 0, 0, 0, 0, 0, 0]",64,512,2097152.0,2097152.0,805559614,805818598,805568814,805823660,640,324797,89407,46039,4,26448,19456,2,512,512,2
21,1,"[2, 2, 32, 64, 64, 0, 0, 0, 0, 0, 0, 0, 0, 0, 0, 2, 2, 32, 64, 64, 0, 0, 0, 0, 0, 0, 0, 0, 0, 0]",512,128,262144.0,1572864.0,805905437,805912362,805913067,805917004,0,190366,190366,46040,1,6925,3937,2,512,512,2
203,1,"[2, 32, 64, 64, 192, 64, 64, 1, 1, 0, 0, 1, 1, 1, 1, 1, 2, 0, 0, 0, 0, 0, 0, 0, 0, 0, 0, 0, 0, 0]",128,128,0.0,0.0,806096970,806106914,806107370,806119850,32768,139999,139999,46041,1,9944,12480,2,512,512,2
205,1,"[4, 0, 0, 0, 0, 0, 0, 0, 0, 0, 0, 0, 0, 0, 0, 4, 0, 0, 0, 0, 0, 0, 0, 0, 0, 0, 0, 0, 0, 0]",384,512,12582912.0,12582912.0,806250448,806522564,806259849,806544294,640,371132,132415,46042,4,28343,45728,2,512,512,2
154,1,"[2, 2, 192, 64, 64, 0, 0, 0, 0, 0, 0, 0, 0, 0, 0, 0, 0, 0, 0, 0, 0, 0, 0, 0, 0, 0, 0, 0, 0, 0]",3072,128,1572864.0,6291456.0,806669649,806675920,806676709,806685029,0,144191,144191,46043,1,6271,8320,2,512,512,2
203,1,"[2, 192, 64, 64, 192, 32, 32, 3, 3, 1, 1, 2, 2, 1, 1, 192, 2, 0, 0, 0, 0, 0, 0, 0, 0, 0, 0, 0, 0, 0]",384,1024,0.0,0.0,806819855,806829237,806829220,806847236,0,121247,121247,46045,1,9382,18016,2,512,512,2
205,1,"[4, 0, 0, 0, 0, 0, 0, 0, 0, 0, 0, 0, 0, 0, 0, 4, 0, 0, 0, 0, 0, 0, 0, 0, 0, 0, 0, 0, 0, 0]",384,512,3145728.0,3145728.0,806959977,807220071,806968483,807226369,640,381981,145567,46046,4,27106,21472,2,512,512,2
154,1,"[2, 2, 192, 32, 32, 0, 0, 0, 0, 0, 0, 0, 0, 0, 0, 0, 0, 0, 0, 0, 0, 0, 0, 0, 0, 0, 0, 0, 0, 0]",768,128,393216.0,1572864.0,807365328,807371501,807371936,807375872,0,245406,245406,46047,1,6173,3936,2,512,512,2
203,1,"[2, 192, 32, 32, 64, 32, 32, 1, 1, 0, 0, 1, 1, 1, 1, 1, 2, 0, 0, 0, 0, 0, 0, 0, 0, 0, 0, 0, 0, 0]",384,256,0.0,0.0,807608255,807645934,807621278,807652285,2112,171808,159935,46049,3,26398,19134,2,512,512,2
205,1,"[4, 0, 0, 0, 0, 0, 0, 0, 0, 0, 0, 0, 0, 0, 0, 4, 0, 0, 0, 0, 0, 0, 0, 0, 0, 0, 0, 0, 0, 0]",128,512,1048576.0,1048576.0,807803505,808074438,807812220,808078490,640,584507,331709,46050,4,28516,13472,2,512,512,2
203,1,"[2, 64, 32, 32, 384, 32, 32, 1, 1, 0, 0, 1, 1, 1, 1, 1, 2, 0, 0, 0, 0, 0, 0, 0, 0, 0, 0, 0, 0, 0]",768,256,0.0,0.0,808398024,808430010,808410199,808444119,2112,165215,154783,46051,3,24087,23488,2,512,512,2
205,1,"[4, 0, 0, 0, 0, 0, 0, 0, 0, 0, 0, 0, 0, 0, 0, 4, 0, 0, 0, 0, 0, 0, 0, 0, 0, 0, 0, 0, 0, 0]",768,512,6291456.0,6291456.0,808590149,808872403,808598902,808881235,640,404670,153631,46052,4,28149,31294,2,512,512,2
154,1,"[2, 2, 384, 32, 32, 0, 0, 0, 0, 0, 0, 0, 0, 0, 0, 0, 0, 0, 0, 0, 0, 0, 0, 0, 0, 0, 0, 0, 0, 0]",1536,128,786432.0,3145728.0,809028244,809034436,809034866,809038994,0,180223,180223,46053,1,6192,4128,2,512,512,2
203,1,"[2, 384, 32, 32, 384, 32, 32, 3, 3, 1, 1, 1, 1, 1, 1, 384, 2, 0, 0, 0, 0, 0, 0, 0, 0, 0, 0, 0, 0, 0]",384,256,0.0,0.0,809209157,809219654,809219217,809232849,17536,134143,134143,46055,1,10497,13632,2,512,512,2
205,1,"[4, 0, 0, 0, 0, 0, 0, 0, 0, 0, 0, 0, 0, 0, 0, 4, 0, 0, 0, 0, 0, 0, 0, 0, 0, 0, 0, 0, 0, 0]",768,512,6291456.0,6291456.0,809358135,809635636,809366992,809644653,640,387164,139327,46056,4,28641,29824,2,512,512,2
154,1,"[2, 2, 384, 32, 32, 0, 0, 0, 0, 0, 0, 0, 0, 0, 0, 0, 0, 0, 0, 0, 0, 0, 0, 0, 0, 0, 0, 0, 0, 0]",1536,128,786432.0,3145728.0,809777483,809783486,809783980,809788556,0,208862,208862,46057,1,6003,4576,2,512,512,2
203,1,"[2, 384, 32, 32, 64, 32, 32, 1, 1, 0, 0, 1, 1, 1, 1, 1, 2, 0, 0, 0, 0, 0, 0, 0, 0, 0, 0, 0, 0, 0]",768,256,0.0,0.0,809986078,810013409,809997418,810023882,2112,156287,151743,46059,3,21192,21920,2,512,512,2
205,1,"[4, 0, 0, 0, 0, 0, 0, 0, 0, 0, 0, 0, 0, 0, 0, 4, 0, 0, 0, 0, 0, 0, 0, 0, 0, 0, 0, 0, 0, 0]",128,512,1048576.0,1048576.0,810167092,810435615,810175625,810439815,640,355005,104895,46060,4,29924,14080,2,512,512,2
21,1,"[2, 2, 64, 32, 32, 0, 0, 0, 0, 0, 0, 0, 0, 0, 0, 2, 2, 64, 32, 32, 0, 0, 0, 0, 0, 0, 0, 0, 0, 0]",256,128,131072.0,786432.0,810529221,810544711,810544710,810548358,0,204606,204606,46061,1,15490,3648,2,512,512,2
203,1,"[2, 64, 32, 32, 384, 32, 32, 1, 1, 0, 0, 1, 1, 1, 1, 1, 2, 0, 0, 0, 0, 0, 0, 0, 0, 0, 0, 0, 0, 0]",768,256,0.0,0.0,810742049,810768130,810752964,810781828,2112,162847,155615,46062,3,20017,21632,2,512,512,2
205,1,"[4, 0, 0, 0, 0, 0, 0, 0, 0, 0, 0, 0, 0, 0, 0, 4, 0, 0, 0, 0, 0, 0, 0, 0, 0, 0, 0, 0, 0, 0]",768,512,6291456.0,6291456.0,810928931,811210517,810937443,811219841,640,396540,142910,46063,4,29357,28768,2,512,512,2
154,1,"[2, 2, 384, 32, 32, 0, 0, 0, 0, 0, 0, 0, 0, 0, 0, 0, 0, 0, 0, 0, 0, 0, 0, 0, 0, 0, 0, 0, 0, 0]",1536,128,786432.0,3145728.0,811355861,811361998,811362751,811367487,0,167039,167039,46064,1,6137,4736,2,512,512,2
203,1,"[2, 384, 32, 32, 384, 32, 32, 3, 3, 1, 1, 1, 1, 1, 1, 384, 2, 0, 0, 0, 0, 0, 0, 0, 0, 0, 0, 0, 0, 0]",384,256,0.0,0.0,811524006,811534137,811534526,811547774,17536,139263,139263,46066,1,10131,13248,2,512,512,2
205,1,"[4, 0, 0, 0, 0, 0, 0, 0, 0, 0, 0, 0, 0, 0, 0, 4, 0, 0, 0, 0, 0, 0, 0, 0, 0, 0, 0, 0, 0, 0]",768,512,6291456.0,6291456.0,811677663,811938673,811687037,811947131,640,382748,152990,46067,4,27158,30336,2,512,512,2
154,1,"[2, 2, 384, 32, 32, 0, 0, 0, 0, 0, 0, 0, 0, 0, 0, 0, 0, 0, 0, 0, 0, 0, 0, 0, 0, 0, 0, 0, 0, 0]",1536,128,786432.0,3145728.0,812093473,812099684,812100121,812104825,0,202079,202079,46068,1,6211,4704,2,512,512,2
203,1,"[2, 384, 32, 32, 64, 32, 32, 1, 1, 0, 0, 1, 1, 1, 1, 1, 2, 0, 0, 0, 0, 0, 0, 0, 0, 0, 0, 0, 0, 0]",768,256,0.0,0.0,812295311,812321275,812306904,812332152,2112,144638,140926,46070,3,19943,21536,2,512,512,2
205,1,"[4, 0, 0, 0, 0, 0, 0, 0, 0, 0, 0, 0, 0, 0, 0, 4, 0, 0, 0, 0, 0, 0, 0, 0, 0, 0, 0, 0, 0, 0]",128,512,1048576.0,1048576.0,812464476,812731960,812473078,812736692,640,340350,91008,46071,4,27032,14272,2,512,512,2
21,1,"[2, 2, 64, 32, 32, 0, 0, 0, 0, 0, 0, 0, 0, 0, 0, 2, 2, 64, 32, 32, 0, 0, 0, 0, 0, 0, 0, 0, 0, 0]",256,128,131072.0,786432.0,812820352,812826893,812827700,812830996,0,205310,205310,46072,1,6541,3296,2,512,512,2
203,1,"[2, 64, 32, 32, 384, 32, 32, 1, 1, 0, 0, 1, 1, 1, 1, 1, 2, 0, 0, 0, 0, 0, 0, 0, 0, 0, 0, 0, 0, 0]",768,256,0.0,0.0,813025069,813059647,813036306,813065330,2112,162462,152702,46073,3,28680,19264,2,512,512,2
205,1,"[4, 0, 0, 0, 0, 0, 0, 0, 0, 0, 0, 0, 0, 0, 0, 4, 0, 0, 0, 0, 0, 0, 0, 0, 0, 0, 0, 0, 0, 0]",768,512,6291456.0,6291456.0,813209022,813605016,813218032,813613837,640,520860,155071,46074,4,29262,30016,2,512,512,2
154,1,"[2, 2, 384, 32, 32, 0, 0, 0, 0, 0, 0, 0, 0, 0, 0, 0, 0, 0, 0, 0, 0, 0, 0, 0, 0, 0, 0, 0, 0, 0]",1536,128,786432.0,3145728.0,813762636,813768410,813768908,813773676,0,168191,168191,46075,1,5774,4768,2,512,512,2
203,1,"[2, 384, 32, 32, 384, 32, 32, 3, 3, 1, 1, 1, 1, 1, 1, 384, 2, 0, 0, 0, 0, 0, 0, 0, 0, 0, 0, 0, 0, 0]",384,256,0.0,0.0,813931940,813941866,813941867,813954155,17536,139230,139230,46077,1,9926,12288,2,512,512,2
205,1,"[4, 0, 0, 0, 0, 0, 0, 0, 0, 0, 0, 0, 0, 0, 0, 4, 0, 0, 0, 0, 0, 0, 0, 0, 0, 0, 0, 0, 0, 0]",768,512,6291456.0,6291456.0,814083702,814347814,814093385,814356583,640,372637,138527,46078,4,28484,29088,2,512,512,2
154,1,"[2, 2, 384, 32, 32, 0, 0, 0, 0, 0, 0, 0, 0, 0, 0, 0, 0, 0, 0, 0, 0, 0, 0, 0, 0, 0, 0, 0, 0, 0]",1536,128,786432.0,3145728.0,814489143,814495096,814495110,814500390,0,193151,193151,46079,1,5953,5280,2,512,512,2
203,1,"[2, 384, 32, 32, 64, 32, 32, 1, 1, 0, 0, 1, 1, 1, 1, 1, 2, 0, 0, 0, 0, 0, 0, 0, 0, 0, 0, 0, 0, 0]",768,256,0.0,0.0,814683208,814708958,814693541,814719748,2112,154719,151039,46081,3,19676,22527,2,512,512,2
205,1,"[4, 0, 0, 0, 0, 0, 0, 0, 0, 0, 0, 0, 0, 0, 0, 4, 0, 0, 0, 0, 0, 0, 0, 0, 0, 0, 0, 0, 0, 0]",128,512,1048576.0,1048576.0,814861622,815128867,814870787,815133793,640,337949,89535,46082,4,28338,14592,2,512,512,2
21,1,"[2, 2, 64, 32, 32, 0, 0, 0, 0, 0, 0, 0, 0, 0, 0, 2, 2, 64, 32, 32, 0, 0, 0, 0, 0, 0, 0, 0, 0, 0]",256,128,131072.0,786432.0,815215962,815222518,815223328,815225952,0,199806,199806,46083,1,6556,2624,2,512,512,2
203,1,"[2, 64, 32, 32, 384, 32, 32, 1, 1, 0, 0, 1, 1, 1, 1, 1, 2, 0, 0, 0, 0, 0, 0, 0, 0, 0, 0, 0, 0, 0]",768,256,0.0,0.0,815414712,815440175,815425758,815454622,2112,155935,149631,46084,3,19476,22560,2,512,512,2
205,1,"[4, 0, 0, 0, 0, 0, 0, 0, 0, 0, 0, 0, 0, 0, 0, 4, 0, 0, 0, 0, 0, 0, 0, 0, 0, 0, 0, 0, 0, 0]",768,512,6291456.0,6291456.0,815595047,815857980,815604253,815866843,640,388061,155743,46085,4,26777,30272,2,512,512,2
154,1,"[2, 2, 384, 32, 32, 0, 0, 0, 0, 0, 0, 0, 0, 0, 0, 0, 0, 0, 0, 0, 0, 0, 0, 0, 0, 0, 0, 0, 0, 0]",1536,128,786432.0,3145728.0,816015620,816022330,816022586,816027770,0,166846,166846,46086,1,6710,5184,2,512,512,2
203,1,"[2, 384, 32, 32, 384, 32, 32, 3, 3, 1, 1, 1, 1, 1, 1, 384, 2, 0, 0, 0, 0, 0, 0, 0, 0, 0, 0, 0, 0, 0]",384,256,0.0,0.0,816184661,816194436,816194616,816206936,17536,130399,130399,46088,1,9775,12320,2,512,512,2
205,1,"[4, 0, 0, 0, 0, 0, 0, 0, 0, 0, 0, 0, 0, 0, 0, 4, 0, 0, 0, 0, 0, 0, 0, 0, 0, 0, 0, 0, 0, 0]",768,512,6291456.0,6291456.0,816328063,816604191,816337335,816612437,640,389053,143135,46089,4,29025,29184,2,512,512,2
154,1,"[2, 2, 384, 32, 32, 0, 0, 0, 0, 0, 0, 0, 0, 0, 0, 0, 0, 0, 0, 0, 0, 0, 0, 0, 0, 0, 0, 0, 0, 0]",1536,128,786432.0,3145728.0,816747341,816754373,816755572,816759892,0,210622,210622,46090,1,7032,4320,2,512,512,2
203,1,"[2, 384, 32, 32, 96, 32, 32, 1, 1, 0, 0, 1, 1, 1, 1, 1, 2, 0, 0, 0, 0, 0, 0, 0, 0, 0, 0, 0, 0, 0]",768,256,0.0,0.0,816958957,816990544,816970514,817005650,2112,158142,149694,46092,3,24727,26688,2,512,512,2
205,1,"[4, 0, 0, 0, 0, 0, 0, 0, 0, 0, 0, 0, 0, 0, 0, 4, 0, 0, 0, 0, 0, 0, 0, 0, 0, 0, 0, 0, 0, 0]",192,512,1572864.0,1572864.0,817146703,817403547,817155344,817408623,640,452893,215486,46093,4,26415,15872,2,512,512,2
203,1,"[2, 96, 32, 32, 576, 32, 32, 1, 1, 0, 0, 1, 1, 1, 1, 1, 2, 0, 0, 0, 0, 0, 0, 0, 0, 0, 0, 0, 0, 0]",1152,256,0.0,0.0,817613270,817639174,817624109,817661005,2112,145566,139262,46094,3,19881,30592,2,512,512,2
205,1,"[4, 0, 0, 0, 0, 0, 0, 0, 0, 0, 0, 0, 0, 0, 0, 4, 0, 0, 0, 0, 0, 0, 0, 0, 0, 0, 0, 0, 0, 0]",1152,512,9437184.0,9437184.0,817791488,818062604,817800267,818076745,640,374045,137631,46095,4,27317,40064,2,512,512,2
154,1,"[2, 2, 576, 32, 32, 0, 0, 0, 0, 0, 0, 0, 0, 0, 0, 0, 0, 0, 0, 0, 0, 0, 0, 0, 0, 0, 0, 0, 0, 0]",2304,128,1179648.0,4718592.0,818208021,818214250,818214376,818220104,0,171903,171903,46096,1,6229,5728,2,512,512,2
203,1,"[2, 576, 32, 32, 576, 32, 32, 3, 3, 1, 1, 1, 1, 1, 1, 576, 2, 0, 0, 0, 0, 0, 0, 0, 0, 0, 0, 0, 0, 0]",576,256,0.0,0.0,818381496,818391718,818392007,818410246,17536,137247,137247,46098,1,10222,18239,2,512,512,2
205,1,"[4, 0, 0, 0, 0, 0, 0, 0, 0, 0, 0, 0, 0, 0, 0, 4, 0, 0, 0, 0, 0, 0, 0, 0, 0, 0, 0, 0, 0, 0]",1152,512,9437184.0,9437184.0,818538063,818910977,818547493,818925954,640,486686,148127,46099,4,30228,39902,2,512,512,2
154,1,"[2, 2, 576, 32, 32, 0, 0, 0, 0, 0, 0, 0, 0, 0, 0, 0, 0, 0, 0, 0, 0, 0, 0, 0, 0, 0, 0, 0, 0, 0]",2304,128,1179648.0,4718592.0,819067722,819073729,819074081,819080257,0,182655,182655,46100,1,6007,6176,2,512,512,2
203,1,"[2, 576, 32, 32, 96, 32, 32, 1, 1, 0, 0, 1, 1, 1, 1, 1, 2, 0, 0, 0, 0, 0, 0, 0, 0, 0, 0, 0, 0, 0]",16,128,0.0,0.0,819253464,819262975,819262912,819297311,32768,112543,112543,46102,1,9511,34399,2,512,512,2
205,1,"[4, 0, 0, 0, 0, 0, 0, 0, 0, 0, 0, 0, 0, 0, 0, 4, 0, 0, 0, 0, 0, 0, 0, 0, 0, 0, 0, 0, 0, 0]",192,512,1572864.0,1572864.0,819400054,819660668,819409854,819665724,640,328287,87424,46103,4,29639,15007,2,512,512,2
21,1,"[2, 2, 96, 32, 32, 0, 0, 0, 0, 0, 0, 0, 0, 0, 0, 2, 2, 96, 32, 32, 0, 0, 0, 0, 0, 0, 0, 0, 0, 0]",384,128,196608.0,1179648.0,819745334,819752063,819753148,819756092,0,195614,195614,46104,1,6729,2944,2,512,512,2
203,1,"[2, 96, 32, 32, 576, 32, 32, 1, 1, 0, 0, 1, 1, 1, 1, 1, 2, 0, 0, 0, 0, 0, 0, 0, 0, 0, 0, 0, 0, 0]",1152,256,0.0,0.0,819940727,819967252,819951706,819989562,2112,147166,139326,46105,3,20497,30016,2,512,512,2
205,1,"[4, 0, 0, 0, 0, 0, 0, 0, 0, 0, 0, 0, 0, 0, 0, 4, 0, 0, 0, 0, 0, 0, 0, 0, 0, 0, 0, 0, 0, 0]",1152,512,9437184.0,9437184.0,820120595,820381100,820128888,820396534,640,375870,149311,46106,4,26841,41087,2,512,512,2
154,1,"[2, 2, 576, 32, 32, 0, 0, 0, 0, 0, 0, 0, 0, 0, 0, 0, 0, 0, 0, 0, 0, 0, 0, 0, 0, 0, 0, 0, 0, 0]",2304,128,1179648.0,4718592.0,820538356,820545256,820545845,820551861,0,162687,162687,46107,1,6900,6016,2,512,512,2
203,1,"[2, 576, 32, 32, 576, 32, 32, 3, 3, 1, 1, 1, 1, 1, 1, 576, 2, 0, 0, 0, 0, 0, 0, 0, 0, 0, 0, 0, 0, 0]",576,256,0.0,0.0,820705074,820714787,820714548,820732980,17536,124287,124287,46109,1,9713,18432,2,512,512,2
205,1,"[4, 0, 0, 0, 0, 0, 0, 0, 0, 0, 0, 0, 0, 0, 0, 4, 0, 0, 0, 0, 0, 0, 0, 0, 0, 0, 0, 0, 0, 0]",1152,512,9437184.0,9437184.0,820847832,821110131,820857267,821126032,640,366591,137023,46110,4,27191,39197,2,512,512,2
154,1,"[2, 2, 576, 32, 32, 0, 0, 0, 0, 0, 0, 0, 0, 0, 0, 0, 0, 0, 0, 0, 0, 0, 0, 0, 0, 0, 0, 0, 0, 0]",2304,128,1179648.0,4718592.0,821256093,821262452,821263055,821269071,0,184767,184767,46111,1,6359,6016,2,512,512,2
203,1,"[2, 576, 32, 32, 96, 32, 32, 1, 1, 0, 0, 1, 1, 1, 1, 1, 2, 0, 0, 0, 0, 0, 0, 0, 0, 0, 0, 0, 0, 0]",16,128,0.0,0.0,821443987,821453553,821453838,821487822,32768,112607,112607,46113,1,9566,33984,2,512,512,2
205,1,"[4, 0, 0, 0, 0, 0, 0, 0, 0, 0, 0, 0, 0, 0, 0, 4, 0, 0, 0, 0, 0, 0, 0, 0, 0, 0, 0, 0, 0, 0]",192,512,1572864.0,1572864.0,821591057,821852718,821600429,821857323,640,340765,98463,46114,4,28357,14592,2,512,512,2
21,1,"[2, 2, 96, 32, 32, 0, 0, 0, 0, 0, 0, 0, 0, 0, 0, 2, 2, 96, 32, 32, 0, 0, 0, 0, 0, 0, 0, 0, 0, 0]",384,128,196608.0,1179648.0,821947781,821955258,821955786,821959722,0,198206,198206,46115,1,7477,3936,2,512,512,2
203,1,"[2, 96, 32, 32, 576, 32, 32, 1, 1, 0, 0, 1, 1, 1, 1, 1, 2, 0, 0, 0, 0, 0, 0, 0, 0, 0, 0, 0, 0, 0]",1152,256,0.0,0.0,822146475,822172437,822157928,822195240,2112,138751,133215,46116,3,19895,31776,2,512,512,2
205,1,"[4, 0, 0, 0, 0, 0, 0, 0, 0, 0, 0, 0, 0, 0, 0, 4, 0, 0, 0, 0, 0, 0, 0, 0, 0, 0, 0, 0, 0, 0]",1152,512,9437184.0,9437184.0,822320259,822590416,822328455,822605988,640,366750,131711,46117,4,27220,42494,2,512,512,2
154,1,"[2, 2, 576, 32, 32, 0, 0, 0, 0, 0, 0, 0, 0, 0, 0, 0, 0, 0, 0, 0, 0, 0, 0, 0, 0, 0, 0, 0, 0, 0]",2304,128,1179648.0,4718592.0,822731149,822736836,822737699,822743747,0,184639,184639,46118,1,5687,6048,2,512,512,2
203,1,"[2, 576, 32, 32, 576, 16, 16, 3, 3, 1, 1, 2, 2, 1, 1, 576, 2, 0, 0, 0, 0, 0, 0, 0, 0, 0, 0, 0, 0, 0]",576,256,0.0,0.0,822917028,822928815,822928386,822942114,9664,135775,135775,46120,1,11787,13728,2,512,512,2
205,1,"[4, 0, 0, 0, 0, 0, 0, 0, 0, 0, 0, 0, 0, 0, 0, 4, 0, 0, 0, 0, 0, 0, 0, 0, 0, 0, 0, 0, 0, 0]",1152,512,2359296.0,2359296.0,823068919,823339903,823077889,823346046,640,385853,145535,46121,4,28941,27839,2,512,512,2
154,1,"[2, 2, 576, 16, 16, 0, 0, 0, 0, 0, 0, 0, 0, 0, 0, 0, 0, 0, 0, 0, 0, 0, 0, 0, 0, 0, 0, 0, 0, 0]",576,128,294912.0,1179648.0,823485056,823491161,823491581,823495101,0,193535,193535,46122,1,6105,3520,2,512,512,2
203,1,"[2, 576, 16, 16, 160, 16, 16, 1, 1, 0, 0, 1, 1, 1, 1, 1, 2, 0, 0, 0, 0, 0, 0, 0, 0, 0, 0, 0, 0, 0]",288,256,0.0,0.0,823678128,823707289,823688636,823717948,2112,152157,142302,46124,3,22908,19457,2,512,512,2
205,1,"[4, 0, 0, 0, 0, 0, 0, 0, 0, 0, 0, 0, 0, 0, 0, 4, 0, 0, 0, 0, 0, 0, 0, 0, 0, 0, 0, 0, 0, 0]",320,512,655360.0,655360.0,823851129,824217541,823860250,824222615,640,550525,204159,46125,4,28386,15999,2,512,512,2
203,1,"[2, 160, 16, 16, 960, 16, 16, 1, 1, 0, 0, 1, 1, 1, 1, 1, 2, 0, 0, 0, 0, 0, 0, 0, 0, 0, 0, 0, 0, 0]",32,128,0.0,0.0,824416282,824426124,824426774,824441174,32768,137887,137887,46126,1,9842,14400,2,512,512,2
205,1,"[4, 0, 0, 0, 0, 0, 0, 0, 0, 0, 0, 0, 0, 0, 0, 4, 0, 0, 0, 0, 0, 0, 0, 0, 0, 0, 0, 0, 0, 0]",1920,512,3932160.0,3932160.0,824569791,824843768,824579061,824850674,640,383516,150303,46127,4,37260,38400,2,512,512,2
154,1,"[2, 2, 960, 16, 16, 0, 0, 0, 0, 0, 0, 0, 0, 0, 0, 0, 0, 0, 0, 0, 0, 0, 0, 0, 0, 0, 0, 0, 0, 0]",960,128,491520.0,1966080.0,824994384,825000147,825000977,825004945,0,169119,169119,46128,1,5763,3968,2,512,512,2
203,1,"[2, 960, 16, 16, 960, 16, 16, 3, 3, 1, 1, 1, 1, 1, 1, 960, 2, 0, 0, 0, 0, 0, 0, 0, 0, 0, 0, 0, 0, 0]",240,256,0.0,0.0,825163029,825174632,825174064,825183248,15552,133087,133087,46130,1,11603,9184,2,512,512,2
205,1,"[4, 0, 0, 0, 0, 0, 0, 0, 0, 0, 0, 0, 0, 0, 0, 4, 0, 0, 0, 0, 0, 0, 0, 0, 0, 0, 0, 0, 0, 0]",1920,512,3932160.0,3932160.0,825307239,825573165,825316335,825585901,640,375517,141726,46131,4,27434,35775,2,512,512,2
154,1,"[2, 2, 960, 16, 16, 0, 0, 0, 0, 0, 0, 0, 0, 0, 0, 0, 0, 0, 0, 0, 0, 0, 0, 0, 0, 0, 0, 0, 0, 0]",960,128,491520.0,1966080.0,825720829,825726886,825727627,825731499,0,201535,201535,46132,1,6057,3872,2,512,512,2
203,1,"[2, 960, 16, 16, 160, 16, 16, 1, 1, 0, 0, 1, 1, 1, 1, 1, 2, 0, 0, 0, 0, 0, 0, 0, 0, 0, 0, 0, 0, 0]",480,256,0.0,0.0,825923007,825950310,825933034,825965193,2112,145407,138719,46134,3,20996,25471,2,512,512,2
205,1,"[4, 0, 0, 0, 0, 0, 0, 0, 0, 0, 0, 0, 0, 0, 0, 4, 0, 0, 0, 0, 0, 0, 0, 0, 0, 0, 0, 0, 0, 0]",320,512,655360.0,655360.0,826095394,826359028,826103912,826362886,640,333629,90079,46135,4,26962,15424,2,512,512,2
21,1,"[2, 2, 160, 16, 16, 0, 0, 0, 0, 0, 0, 0, 0, 0, 0, 2, 2, 160, 16, 16, 0, 0, 0, 0, 0, 0, 0, 0, 0, 0]",160,128,81920.0,491520.0,826445935,826452366,826452965,826456453,0,184735,184735,46136,1,6431,3488,2,512,512,2
203,1,"[2, 160, 16, 16, 960, 16, 16, 1, 1, 0, 0, 1, 1, 1, 1, 1, 2, 0, 0, 0, 0, 0, 0, 0, 0, 0, 0, 0, 0, 0]",32,128,0.0,0.0,826630313,826640451,826641188,826655748,32768,135423,135423,46137,1,10138,14560,2,512,512,2
205,1,"[4, 0, 0, 0, 0, 0, 0, 0, 0, 0, 0, 0, 0, 0, 0, 4, 0, 0, 0, 0, 0, 0, 0, 0, 0, 0, 0, 0, 0, 0]",1920,512,3932160.0,3932160.0,826782774,827060402,826791171,827073536,640,384062,141407,46138,4,28675,39710,2,512,512,2
154,1,"[2, 2, 960, 16, 16, 0, 0, 0, 0, 0, 0, 0, 0, 0, 0, 0, 0, 0, 0, 0, 0, 0, 0, 0, 0, 0, 0, 0, 0, 0]",960,128,491520.0,1966080.0,827208498,827214640,827214943,827218943,0,177247,177247,46139,1,6142,4000,2,512,512,2
203,1,"[2, 960, 16, 16, 960, 16, 16, 3, 3, 1, 1, 1, 1, 1, 1, 960, 2, 0, 0, 0, 0, 0, 0, 0, 0, 0, 0, 0, 0, 0]",240,256,0.0,0.0,827385572,827397687,827396190,827405310,15552,136351,136351,46141,1,12115,9120,2,512,512,2
205,1,"[4, 0, 0, 0, 0, 0, 0, 0, 0, 0, 0, 0, 0, 0, 0, 4, 0, 0, 0, 0, 0, 0, 0, 0, 0, 0, 0, 0, 0, 0]",1920,512,3932160.0,3932160.0,827532652,827802817,827541661,827814874,640,373694,138463,46142,4,28313,37982,2,512,512,2
154,1,"[2, 2, 960, 16, 16, 0, 0, 0, 0, 0, 0, 0, 0, 0, 0, 0, 0, 0, 0, 0, 0, 0, 0, 0, 0, 0, 0, 0, 0, 0]",960,128,491520.0,1966080.0,827946726,827952758,827953337,827957241,0,189151,189151,46143,1,6032,3904,2,512,512,2
203,1,"[2, 960, 16, 16, 160, 16, 16, 1, 1, 0, 0, 1, 1, 1, 1, 1, 2, 0, 0, 0, 0, 0, 0, 0, 0, 0, 0, 0, 0, 0]",480,256,0.0,0.0,828135144,828162203,828146392,828177400,2112,151677,144382,46145,3,21084,23713,2,512,512,2
205,1,"[4, 0, 0, 0, 0, 0, 0, 0, 0, 0, 0, 0, 0, 0, 0, 4, 0, 0, 0, 0, 0, 0, 0, 0, 0, 0, 0, 0, 0, 0]",320,512,655360.0,655360.0,828312569,828569461,828321782,828574516,640,325535,89504,46146,4,27435,16703,2,512,512,2
21,1,"[2, 2, 160, 16, 16, 0, 0, 0, 0, 0, 0, 0, 0, 0, 0, 2, 2, 160, 16, 16, 0, 0, 0, 0, 0, 0, 0, 0, 0, 0]",160,128,81920.0,491520.0,828656511,828663222,828664020,828666868,0,190430,190430,46147,1,6711,2848,2,512,512,2
203,1,"[2, 160, 16, 16, 960, 16, 16, 1, 1, 0, 0, 1, 1, 1, 1, 1, 2, 0, 0, 0, 0, 0, 0, 0, 0, 0, 0, 0, 0, 0]",32,128,0.0,0.0,828847889,828857314,828857298,828871666,32768,132223,132223,46148,1,9425,14368,2,512,512,2
205,1,"[4, 0, 0, 0, 0, 0, 0, 0, 0, 0, 0, 0, 0, 0, 0, 4, 0, 0, 0, 0, 0, 0, 0, 0, 0, 0, 0, 0, 0, 0]",1920,512,3932160.0,3932160.0,828994709,829369167,829003889,829381614,640,480412,140799,46149,4,29417,38112,2,512,512,2
154,1,"[2, 2, 960, 16, 16, 0, 0, 0, 0, 0, 0, 0, 0, 0, 0, 0, 0, 0, 0, 0, 0, 0, 0, 0, 0, 0, 0, 0, 0, 0]",960,128,491520.0,1966080.0,829515475,829521691,829522413,829526285,0,168638,168638,46150,1,6216,3872,2,512,512,2
203,1,"[2, 960, 16, 16, 960, 16, 16, 3, 3, 1, 1, 1, 1, 1, 1, 960, 2, 0, 0, 0, 0, 0, 0, 0, 0, 0, 0, 0, 0, 0]",240,256,0.0,0.0,829684693,829696201,829694923,829704587,15552,146207,146207,46152,1,11508,9664,2,512,512,2
205,1,"[4, 0, 0, 0, 0, 0, 0, 0, 0, 0, 0, 0, 0, 0, 0, 4, 0, 0, 0, 0, 0, 0, 0, 0, 0, 0, 0, 0, 0, 0]",1920,512,3932160.0,3932160.0,829842200,830101853,829850794,830116136,640,368254,142143,46153,4,27362,39231,2,512,512,2
154,1,"[2, 2, 960, 16, 16, 0, 0, 0, 0, 0, 0, 0, 0, 0, 0, 0, 0, 0, 0, 0, 0, 0, 0, 0, 0, 0, 0, 0, 0, 0]",960,128,491520.0,1966080.0,830251834,830258171,830258279,830262247,0,191966,191966,46154,1,6337,3968,2,512,512,2
203,1,"[2, 960, 16, 16, 320, 16, 16, 1, 1, 0, 0, 1, 1, 1, 1, 1, 2, 0, 0, 0, 0, 0, 0, 0, 0, 0, 0, 0, 0, 0]",480,256,0.0,0.0,830442388,830467903,830454213,830487525,2112,140255,134847,46156,3,19428,27904,2,512,512,2
205,1,"[4, 0, 0, 0, 0, 0, 0, 0, 0, 0, 0, 0, 0, 0, 0, 4, 0, 0, 0, 0, 0, 0, 0, 0, 0, 0, 0, 0, 0, 0]",640,512,1310720.0,1310720.0,830613959,830882281,830622372,830886882,640,431323,185598,46157,4,27216,18785,2,512,512,2
203,1,"[2, 320, 16, 16, 1280, 16, 16, 1, 1, 0, 0, 1, 1, 1, 1, 1, 2, 0, 0, 0, 0, 0, 0, 0, 0, 0, 0, 0, 0, 0]",40,128,0.0,0.0,831062354,831072062,831072480,831094880,32768,123647,123647,46158,1,9708,22400,2,512,512,2
205,1,"[4, 0, 0, 0, 0, 0, 0, 0, 0, 0, 0, 0, 0, 0, 0, 4, 0, 0, 0, 0, 0, 0, 0, 0, 0, 0, 0, 0, 0, 0]",2560,512,5242880.0,5242880.0,831209240,831461017,831218527,831484893,640,334110,116735,46159,4,27367,48991,2,512,512,2
154,1,"[2, 2, 1280, 16, 16, 0, 0, 0, 0, 0, 0, 0, 0, 0, 0, 0, 0, 0, 0, 0, 0, 0, 0, 0, 0, 0, 0, 0, 0, 0]",1280,128,655360.0,2621440.0,831594950,831601369,831601628,831605724,0,113919,113919,46160,1,6419,4096,2,512,512,2
199,1,"[2, 2, 1280, 16, 16, 0, 0, 0, 0, 0, 0, 0, 0, 0, 0, 0, 0, 0, 0, 0, 0, 0, 0, 0, 0, 0, 0, 0, 0, 0]",160,512,0.0,0.0,831709371,831719089,831719643,831727867,16,207582,207582,46162,1,9718,8224,2,512,512,2
212,1,"[2, 2, 1280, 0, 0, 0, 0, 0, 0, 0, 0, 0, 0, 0, 0, 0, 0, 0, 0, 0, 0, 0, 0, 0, 0, 0, 0, 0, 0, 0]",10,256,12800.0,10240.0,831924085,831935530,831935449,831939161,0,160095,160095,46164,1,11445,3712,2,512,512,2
201,1,"[2, 2, 1280, 0, 0, 0, 0, 0, 0, 0, 2, 975, 1280, 0, 0, 0, 0, 0, 0, 0, 2, 975, 0, 0, 0, 0, 0, 0, 0, 0]",122,128,4992000.0,1255070.0,832087857,832099798,832099256,832111384,3072,161982,161982,46165,1,11941,12128,2,512,512,2
181,1,"[2, 2, 975, 0, 0, 0, 0, 0, 0, 0, 0, 0, 0, 0, 0, 4, 2, 975, 0, 0, 0, 0, 0, 0, 0, 0, 0, 0, 0, 0]",4,512,0.0,0.0,832262063,832401544,832273366,832404437,16,845178,735642,46167,5,43201,21535,2,512,512,2
181,2,"[2, 2, 975, 0, 0, 0, 0, 0, 0, 0, 0, 0, 0, 0, 0, 4, 2, 975, 0, 0, 0, 0, 0, 0, 0, 0, 0, 0, 0, 0]",8,128,0.0,0.0,833106156,833493998,833140079,833498061,0,934073,589819,46167,4,89240,13728,2,512,512,2
212,2,"[2, 2, 1280, 0, 0, 0, 0, 0, 0, 0, 0, 0, 0, 0, 0, 0, 0, 0, 0, 0, 0, 0, 0, 0, 0, 0, 0, 0, 0, 0]",5,128,12800.0,10240.0,834075002,834090471,834087880,834091048,0,153886,153886,46164,1,15469,3168,2,512,512,2
199,2,"[2, 2, 1280, 16, 16, 0, 0, 0, 0, 0, 0, 0, 0, 0, 0, 0, 0, 0, 0, 0, 0, 0, 0, 0, 0, 0, 0, 0, 0, 0]",1280,128,0.0,0.0,834230123,834246695,834244934,834251142,0,92128,92128,46162,1,16572,6208,2,512,512,2
154,2,"[2, 2, 1280, 16, 16, 0, 0, 0, 0, 0, 0, 0, 0, 0, 0, 0, 0, 0, 0, 0, 0, 0, 0, 0, 0, 0, 0, 0, 0, 0]",1280,128,655360.0,3932160.0,834330200,834344766,834343270,834350022,0,126687,126687,46160,1,14566,6752,2,512,512,2
205,2,"[2, 2, 1280, 16, 16, 0, 0, 0, 0, 0, 0, 0, 0, 0, 0, 0, 0, 0, 0, 0, 0, 0, 0, 0, 0, 0, 0, 0, 0, 0]",1280,512,5242880.0,6553600.0,834464078,834478513,834476709,834505668,256,418173,418173,46159,1,14435,28959,2,512,512,2
203,2,"[2, 320, 16, 16, 1280, 16, 16, 1, 1, 0, 0, 1, 1, 1, 1, 1, 2, 0, 0, 0, 0, 0, 0, 0, 0, 0, 0, 0, 0, 0]",3200,256,0.0,0.0,834904309,835215358,834923841,835226559,32768,457438,233470,46158,5,74359,78750,2,512,512,2
205,2,"[2, 2, 320, 16, 16, 0, 0, 0, 0, 0, 0, 0, 0, 0, 0, 0, 0, 0, 0, 0, 0, 0, 0, 0, 0, 0, 0, 0, 0, 0]",320,512,1310720.0,1638400.0,835446179,835461618,835460029,835471612,256,347166,347166,46157,1,15439,11583,2,512,512,2
203,2,"[2, 960, 16, 16, 320, 16, 16, 1, 1, 0, 0, 1, 1, 1, 1, 1, 2, 0, 0, 0, 0, 0, 0, 0, 0, 0, 0, 0, 0, 0]",480,256,314572800.0,1925120.0,835801355,836125084,835818778,836156183,32768,406171,155391,46156,6,80956,86625,2,512,512,2
154,2,"[2, 2, 960, 16, 16, 0, 0, 0, 0, 0, 0, 0, 0, 0, 0, 0, 0, 0, 0, 0, 0, 0, 0, 0, 0, 0, 0, 0, 0, 0]",960,128,491520.0,2949120.0,836297961,836312818,836311574,836319894,0,142654,142654,46154,1,14857,8320,2,512,512,2
205,2,"[2, 2, 960, 16, 16, 0, 0, 0, 0, 0, 0, 0, 0, 0, 0, 0, 0, 0, 0, 0, 0, 0, 0, 0, 0, 0, 0, 0, 0, 0]",960,512,3932160.0,4915200.0,836448524,836463659,836462548,836486068,256,252254,252254,46153,1,15135,23520,2,512,512,2
203,2,"[2, 960, 16, 16, 960, 16, 16, 3, 3, 1, 1, 1, 1, 1, 1, 960, 2, 0, 0, 0, 0, 0, 0, 0, 0, 0, 0, 0, 0, 0]",1080,256,8847360.0,1983360.0,836722687,836863327,836738322,836886705,15552,256222,143615,46152,2,36828,35776,2,512,512,2
154,2,"[2, 2, 960, 16, 16, 0, 0, 0, 0, 0, 0, 0, 0, 0, 0, 0, 0, 0, 0, 0, 0, 0, 0, 0, 0, 0, 0, 0, 0, 0]",960,128,491520.0,2949120.0,837017765,837031150,837030320,837034928,0,126911,126911,46150,1,13385,4608,2,512,512,2
205,2,"[2, 2, 960, 16, 16, 0, 0, 0, 0, 0, 0, 0, 0, 0, 0, 0, 0, 0, 0, 0, 0, 0, 0, 0, 0, 0, 0, 0, 0, 0]",960,512,3932160.0,4915200.0,837148382,837163098,837161839,837184431,256,288605,288605,46149,1,14716,22592,2,512,512,2
203,2,"[2, 160, 16, 16, 960, 16, 16, 1, 1, 0, 0, 1, 1, 1, 1, 1, 2, 0, 0, 0, 0, 0, 0, 0, 0, 0, 0, 0, 0, 0]",1200,128,0.0,0.0,837457787,837667840,837473036,837675243,32768,368765,242334,46148,3,44931,75776,2,512,512,2
205,2,"[2, 2, 160, 16, 16, 0, 0, 0, 0, 0, 0, 0, 0, 0, 0, 0, 0, 0, 0, 0, 0, 0, 0, 0, 0, 0, 0, 0, 0, 0]",160,512,655360.0,819200.0,837904684,837919350,837917577,837925449,256,335293,335293,46146,1,14666,7872,2,512,512,2
203,2,"[2, 960, 16, 16, 160, 16, 16, 1, 1, 0, 0, 1, 1, 1, 1, 1, 2, 0, 0, 0, 0, 0, 0, 0, 0, 0, 0, 0, 0, 0]",480,256,157286400.0,1454080.0,838243662,838576175,838260742,838593443,33792,442878,171871,46145,7,88852,61694,2,512,512,2
154,2,"[2, 2, 960, 16, 16, 0, 0, 0, 0, 0, 0, 0, 0, 0, 0, 0, 0, 0, 0, 0, 0, 0, 0, 0, 0, 0, 0, 0, 0, 0]",960,128,491520.0,2949120.0,838753014,838766295,838765314,838771042,0,143167,143167,46143,1,13281,5728,2,512,512,2
205,2,"[2, 2, 960, 16, 16, 0, 0, 0, 0, 0, 0, 0, 0, 0, 0, 0, 0, 0, 0, 0, 0, 0, 0, 0, 0, 0, 0, 0, 0, 0]",960,512,3932160.0,4915200.0,838900257,838915299,838914209,838937504,256,251070,251070,46142,1,15042,23295,2,512,512,2
203,2,"[2, 960, 16, 16, 960, 16, 16, 3, 3, 1, 1, 1, 1, 1, 1, 960, 2, 0, 0, 0, 0, 0, 0, 0, 0, 0, 0, 0, 0, 0]",1080,256,8847360.0,1983360.0,839171395,839306227,839188574,839328541,15552,241343,135295,46141,2,37639,33919,2,512,512,2
154,2,"[2, 2, 960, 16, 16, 0, 0, 0, 0, 0, 0, 0, 0, 0, 0, 0, 0, 0, 0, 0, 0, 0, 0, 0, 0, 0, 0, 0, 0, 0]",960,128,491520.0,2949120.0,839451752,839464815,839463836,839469468,0,121791,121791,46139,1,13063,5632,2,512,512,2
205,2,"[2, 2, 960, 16, 16, 0, 0, 0, 0, 0, 0, 0, 0, 0, 0, 0, 0, 0, 0, 0, 0, 0, 0, 0, 0, 0, 0, 0, 0, 0]",960,512,3932160.0,4915200.0,839578291,839592849,839591259,839615259,256,278174,278174,46138,1,14558,24000,2,512,512,2
203,2,"[2, 160, 16, 16, 960, 16, 16, 1, 1, 0, 0, 1, 1, 1, 1, 1, 2, 0, 0, 0, 0, 0, 0, 0, 0, 0, 0, 0, 0, 0]",1200,128,0.0,0.0,839878270,840086021,839893433,840094039,32768,426621,302014,46137,3,44328,75999,2,512,512,2
205,2,"[2, 2, 160, 16, 16, 0, 0, 0, 0, 0, 0, 0, 0, 0, 0, 0, 0, 0, 0, 0, 0, 0, 0, 0, 0, 0, 0, 0, 0, 0]",160,512,655360.0,819200.0,840366025,840398167,840396053,840403861,256,333789,333789,46135,1,32142,7808,2,512,512,2
203,2,"[2, 960, 16, 16, 160, 16, 16, 1, 1, 0, 0, 1, 1, 1, 1, 1, 2, 0, 0, 0, 0, 0, 0, 0, 0, 0, 0, 0, 0, 0]",480,256,157286400.0,1454080.0,840720855,841028555,840737650,841048207,33792,408606,162399,46134,7,86752,64350,2,512,512,2
154,2,"[2, 2, 960, 16, 16, 0, 0, 0, 0, 0, 0, 0, 0, 0, 0, 0, 0, 0, 0, 0, 0, 0, 0, 0, 0, 0, 0, 0, 0, 0]",960,128,491520.0,2949120.0,841197491,841211812,841210606,841216590,0,126911,126911,46132,1,14321,5984,2,512,512,2
205,2,"[2, 2, 960, 16, 16, 0, 0, 0, 0, 0, 0, 0, 0, 0, 0, 0, 0, 0, 0, 0, 0, 0, 0, 0, 0, 0, 0, 0, 0, 0]",960,512,3932160.0,4915200.0,841330566,841344454,841343501,841366413,256,245406,245406,46131,1,13888,22912,2,512,512,2
203,2,"[2, 960, 16, 16, 960, 16, 16, 3, 3, 1, 1, 1, 1, 1, 1, 960, 2, 0, 0, 0, 0, 0, 0, 0, 0, 0, 0, 0, 0, 0]",1080,256,8847360.0,1983360.0,841595787,841730356,841611819,841753482,15552,251710,143359,46130,2,34019,33312,2,512,512,2
154,2,"[2, 2, 960, 16, 16, 0, 0, 0, 0, 0, 0, 0, 0, 0, 0, 0, 0, 0, 0, 0, 0, 0, 0, 0, 0, 0, 0, 0, 0, 0]",960,128,491520.0,2949120.0,841885787,841897099,841896841,841902184,0,99264,99264,46128,1,11312,5343,2,512,512,2
205,2,"[2, 2, 960, 16, 16, 0, 0, 0, 0, 0, 0, 0, 0, 0, 0, 0, 0, 0, 0, 0, 0, 0, 0, 0, 0, 0, 0, 0, 0, 0]",960,512,3932160.0,4915200.0,841991066,842002374,842001448,842025576,256,237822,237822,46127,1,11308,24128,2,512,512,2
203,2,"[2, 160, 16, 16, 960, 16, 16, 1, 1, 0, 0, 1, 1, 1, 1, 1, 2, 0, 0, 0, 0, 0, 0, 0, 0, 0, 0, 0, 0, 0]",1200,128,0.0,0.0,842250059,842425106,842263398,842437508,32768,308317,210430,46126,3,35815,76223,2,512,512,2
205,2,"[2, 2, 160, 16, 16, 0, 0, 0, 0, 0, 0, 0, 0, 0, 0, 0, 0, 0, 0, 0, 0, 0, 0, 0, 0, 0, 0, 0, 0, 0]",160,512,655360.0,819200.0,842637237,842648359,842647938,842654595,256,302493,302493,46125,1,11122,6657,2,512,512,2
203,2,"[2, 576, 16, 16, 160, 16, 16, 1, 1, 0, 0, 1, 1, 1, 1, 1, 2, 0, 0, 0, 0, 0, 0, 0, 0, 0, 0, 0, 0, 0]",288,256,0.0,0.0,842942841,843200835,842957088,843213246,2112,350941,139711,46124,6,66418,44928,2,512,512,2
154,2,"[2, 2, 576, 16, 16, 0, 0, 0, 0, 0, 0, 0, 0, 0, 0, 0, 0, 0, 0, 0, 0, 0, 0, 0, 0, 0, 0, 0, 0, 0]",576,128,294912.0,1769472.0,843342395,843353853,843352957,843357053,0,103679,103679,46122,1,11458,4096,2,512,512,2
205,2,"[2, 2, 576, 16, 16, 0, 0, 0, 0, 0, 0, 0, 0, 0, 0, 0, 0, 0, 0, 0, 0, 0, 0, 0, 0, 0, 0, 0, 0, 0]",576,512,2359296.0,2949120.0,843449563,843461335,843460732,843475836,256,211102,211102,46121,1,11772,15104,2,512,512,2
203,2,"[2, 576, 32, 32, 576, 16, 16, 3, 3, 1, 1, 2, 2, 1, 1, 576, 2, 0, 0, 0, 0, 0, 0, 0, 0, 0, 0, 0, 0, 0]",1152,1024,5308416.0,2959488.0,843673250,843779141,843686938,843795193,0,153918,116895,46120,2,28667,71232,2,512,512,2
154,2,"[2, 2, 576, 32, 32, 0, 0, 0, 0, 0, 0, 0, 0, 0, 0, 0, 0, 0, 0, 0, 0, 0, 0, 0, 0, 0, 0, 0, 0, 0]",2304,128,1179648.0,7077888.0,843902010,843913043,843912088,843924056,0,106783,106783,46118,1,11033,11968,2,512,512,2
205,2,"[2, 2, 576, 32, 32, 0, 0, 0, 0, 0, 0, 0, 0, 0, 0, 0, 0, 0, 0, 0, 0, 0, 0, 0, 0, 0, 0, 0, 0, 0]",576,512,9437184.0,11796480.0,844018753,844031383,844030839,844057463,256,258046,258046,46117,1,12630,26624,2,512,512,2
203,2,"[2, 96, 32, 32, 576, 32, 32, 1, 1, 0, 0, 1, 1, 1, 1, 1, 2, 0, 0, 0, 0, 0, 0, 0, 0, 0, 0, 0, 0, 0]",432,256,226492416.0,2863104.0,844300848,844494810,844315509,844540755,32768,264927,163935,46116,5,53199,124254,2,512,512,2
205,2,"[2, 2, 96, 32, 32, 0, 0, 0, 0, 0, 0, 0, 0, 0, 0, 0, 0, 0, 0, 0, 0, 0, 0, 0, 0, 0, 0, 0, 0, 0]",96,512,1572864.0,1966080.0,844694058,844705752,844704690,844712818,256,270077,270077,46114,1,11694,8128,2,512,512,2
203,2,"[2, 576, 32, 32, 96, 32, 32, 1, 1, 0, 0, 1, 1, 1, 1, 1, 2, 0, 0, 0, 0, 0, 0, 0, 0, 0, 0, 0, 0, 0]",432,256,226492416.0,2863104.0,844968619,845163356,844982895,845208430,32768,234876,98271,46113,5,52789,88930,2,512,512,2
154,2,"[2, 2, 576, 32, 32, 0, 0, 0, 0, 0, 0, 0, 0, 0, 0, 0, 0, 0, 0, 0, 0, 0, 0, 0, 0, 0, 0, 0, 0, 0]",2304,128,1179648.0,7077888.0,845296479,845307135,845306701,845320525,0,94719,94719,46111,1,10656,13824,2,512,512,2
205,2,"[2, 2, 576, 32, 32, 0, 0, 0, 0, 0, 0, 0, 0, 0, 0, 0, 0, 0, 0, 0, 0, 0, 0, 0, 0, 0, 0, 0, 0, 0]",576,512,9437184.0,11796480.0,845403688,845415350,845415244,845442924,256,213854,213854,46110,1,11662,27680,2,512,512,2
203,2,"[2, 576, 32, 32, 576, 32, 32, 3, 3, 1, 1, 1, 1, 1, 1, 576, 2, 0, 0, 0, 0, 0, 0, 0, 0, 0, 0, 0, 0, 0]",648,256,21233664.0,4728960.0,845642320,845749150,845656778,845800297,17536,152318,79871,46109,2,29716,71072,2,512,512,2
154,2,"[2, 2, 576, 32, 32, 0, 0, 0, 0, 0, 0, 0, 0, 0, 0, 0, 0, 0, 0, 0, 0, 0, 0, 0, 0, 0, 0, 0, 0, 0]",2304,128,1179648.0,7077888.0,845870302,845880725,845880168,845893608,0,94975,94975,46107,1,10423,13440,2,512,512,2
205,2,"[2, 2, 576, 32, 32, 0, 0, 0, 0, 0, 0, 0, 0, 0, 0, 0, 0, 0, 0, 0, 0, 0, 0, 0, 0, 0, 0, 0, 0, 0]",576,512,9437184.0,11796480.0,845976925,845988779,845988583,846015335,256,240702,240702,46106,1,11854,26752,2,512,512,2
203,2,"[2, 96, 32, 32, 576, 32, 32, 1, 1, 0, 0, 1, 1, 1, 1, 1, 2, 0, 0, 0, 0, 0, 0, 0, 0, 0, 0, 0, 0, 0]",432,256,226492416.0,2863104.0,846241738,846427291,846256037,846473348,32768,291869,199358,46105,5,52085,124800,2,512,512,2
205,2,"[2, 2, 96, 32, 32, 0, 0, 0, 0, 0, 0, 0, 0, 0, 0, 0, 0, 0, 0, 0, 0, 0, 0, 0, 0, 0, 0, 0, 0, 0]",96,512,1572864.0,1966080.0,846661197,846673428,846672706,846680578,256,280990,280990,46103,1,12231,7872,2,512,512,2
203,2,"[2, 576, 32, 32, 96, 32, 32, 1, 1, 0, 0, 1, 1, 1, 1, 1, 2, 0, 0, 0, 0, 0, 0, 0, 0, 0, 0, 0, 0, 0]",432,256,226492416.0,2863104.0,846947225,847155771,846961568,847200958,32768,312351,165470,46102,5,61648,92509,2,512,512,2
154,2,"[2, 2, 576, 32, 32, 0, 0, 0, 0, 0, 0, 0, 0, 0, 0, 0, 0, 0, 0, 0, 0, 0, 0, 0, 0, 0, 0, 0, 0, 0]",2304,128,1179648.0,7077888.0,847352999,847367220,847366428,847380412,0,133759,133759,46100,1,14221,13984,2,512,512,2
205,2,"[2, 2, 576, 32, 32, 0, 0, 0, 0, 0, 0, 0, 0, 0, 0, 0, 0, 0, 0, 0, 0, 0, 0, 0, 0, 0, 0, 0, 0, 0]",576,512,9437184.0,11796480.0,847501036,847514494,847514171,847541083,256,240894,240894,46099,1,13458,26912,2,512,512,2
203,2,"[2, 576, 32, 32, 576, 32, 32, 3, 3, 1, 1, 1, 1, 1, 1, 576, 2, 0, 0, 0, 0, 0, 0, 0, 0, 0, 0, 0, 0, 0]",648,256,21233664.0,4728960.0,847765220,847889841,847781977,847941848,17536,201246,111231,46098,2,33728,69856,2,512,512,2
154,2,"[2, 2, 576, 32, 32, 0, 0, 0, 0, 0, 0, 0, 0, 0, 0, 0, 0, 0, 0, 0, 0, 0, 0, 0, 0, 0, 0, 0, 0, 0]",2304,128,1179648.0,7077888.0,848042209,848054150,848053079,848066775,0,108991,108991,46096,1,11941,13696,2,512,512,2
205,2,"[2, 2, 576, 32, 32, 0, 0, 0, 0, 0, 0, 0, 0, 0, 0, 0, 0, 0, 0, 0, 0, 0, 0, 0, 0, 0, 0, 0, 0, 0]",576,512,9437184.0,11796480.0,848163603,848176088,848175766,848202582,256,255806,255806,46095,1,12485,26816,2,512,512,2
203,2,"[2, 96, 32, 32, 576, 32, 32, 1, 1, 0, 0, 1, 1, 1, 1, 1, 2, 0, 0, 0, 0, 0, 0, 0, 0, 0, 0, 0, 0, 0]",432,256,226492416.0,2863104.0,848443380,848627288,848458388,848673618,32768,273340,182238,46094,5,52581,124128,2,512,512,2
205,2,"[2, 2, 96, 32, 32, 0, 0, 0, 0, 0, 0, 0, 0, 0, 0, 0, 0, 0, 0, 0, 0, 0, 0, 0, 0, 0, 0, 0, 0, 0]",96,512,1572864.0,1966080.0,848845233,848856623,848855856,848864080,256,279838,279838,46093,1,11390,8224,2,512,512,2
203,2,"[2, 384, 32, 32, 96, 32, 32, 1, 1, 0, 0, 1, 1, 1, 1, 1, 2, 0, 0, 0, 0, 0, 0, 0, 0, 0, 0, 0, 0, 0]",288,256,150994944.0,2039808.0,849129686,849313675,849143918,849358988,32768,232158,96927,46092,5,51690,79839,2,512,512,2
154,2,"[2, 2, 384, 32, 32, 0, 0, 0, 0, 0, 0, 0, 0, 0, 0, 0, 0, 0, 0, 0, 0, 0, 0, 0, 0, 0, 0, 0, 0, 0]",1536,128,786432.0,4718592.0,849445892,849456287,849455915,849466187,0,98624,98624,46090,1,10395,10272,2,512,512,2
205,2,"[2, 2, 384, 32, 32, 0, 0, 0, 0, 0, 0, 0, 0, 0, 0, 0, 0, 0, 0, 0, 0, 0, 0, 0, 0, 0, 0, 0, 0, 0]",384,512,6291456.0,7864320.0,849553968,849565512,849564811,849582922,256,207199,207199,46089,1,11544,18111,2,512,512,2
203,2,"[2, 384, 32, 32, 384, 32, 32, 3, 3, 1, 1, 1, 1, 1, 1, 384, 2, 0, 0, 0, 0, 0, 0, 0, 0, 0, 0, 0, 0, 0]",432,256,14155776.0,3152640.0,849777175,849880572,849790121,849917896,17536,168862,92991,46088,2,28060,51904,2,512,512,2
154,2,"[2, 2, 384, 32, 32, 0, 0, 0, 0, 0, 0, 0, 0, 0, 0, 0, 0, 0, 0, 0, 0, 0, 0, 0, 0, 0, 0, 0, 0, 0]",1536,128,786432.0,4718592.0,850000325,850010923,850010887,850018791,0,98047,98047,46086,1,10598,7904,2,512,512,2
205,2,"[2, 2, 384, 32, 32, 0, 0, 0, 0, 0, 0, 0, 0, 0, 0, 0, 0, 0, 0, 0, 0, 0, 0, 0, 0, 0, 0, 0, 0, 0]",384,512,6291456.0,7864320.0,850105305,850117324,850116838,850135302,256,267134,267134,46085,1,12019,18464,2,512,512,2
203,2,"[2, 64, 32, 32, 384, 32, 32, 1, 1, 0, 0, 1, 1, 1, 1, 1, 2, 0, 0, 0, 0, 0, 0, 0, 0, 0, 0, 0, 0, 0]",768,256,0.0,0.0,850389060,850587293,850402436,850631490,32768,334109,187487,46084,5,54852,82432,2,512,512,2
205,2,"[2, 2, 64, 32, 32, 0, 0, 0, 0, 0, 0, 0, 0, 0, 0, 0, 0, 0, 0, 0, 0, 0, 0, 0, 0, 0, 0, 0, 0, 0]",64,512,1048576.0,1310720.0,850797209,850819625,850818977,850825344,256,277150,277150,46082,1,22416,6367,2,512,512,2
203,2,"[2, 384, 32, 32, 64, 32, 32, 1, 1, 0, 0, 1, 1, 1, 1, 1, 2, 0, 0, 0, 0, 0, 0, 0, 0, 0, 0, 0, 0, 0]",768,256,100663296.0,1884160.0,851088394,851361283,851102494,851376956,32768,364221,137023,46081,6,62923,47264,2,512,512,2
154,2,"[2, 2, 384, 32, 32, 0, 0, 0, 0, 0, 0, 0, 0, 0, 0, 0, 0, 0, 0, 0, 0, 0, 0, 0, 0, 0, 0, 0, 0, 0]",1536,128,786432.0,4718592.0,851503655,851514540,851513979,851524411,0,98367,98367,46079,1,10885,10432,2,512,512,2
205,2,"[2, 2, 384, 32, 32, 0, 0, 0, 0, 0, 0, 0, 0, 0, 0, 0, 0, 0, 0, 0, 0, 0, 0, 0, 0, 0, 0, 0, 0, 0]",384,512,6291456.0,7864320.0,851611424,851623401,851622778,851642170,256,202046,202046,46078,1,11977,19392,2,512,512,2
203,2,"[2, 384, 32, 32, 384, 32, 32, 3, 3, 1, 1, 1, 1, 1, 1, 384, 2, 0, 0, 0, 0, 0, 0, 0, 0, 0, 0, 0, 0, 0]",432,256,14155776.0,3152640.0,851831513,851933927,851844216,851972151,17536,166494,91039,46077,2,28016,52480,2,512,512,2
154,2,"[2, 2, 384, 32, 32, 0, 0, 0, 0, 0, 0, 0, 0, 0, 0, 0, 0, 0, 0, 0, 0, 0, 0, 0, 0, 0, 0, 0, 0, 0]",1536,128,786432.0,4718592.0,852052818,852064128,852063190,852071222,0,96255,96255,46075,1,11310,8032,2,512,512,2
205,2,"[2, 2, 384, 32, 32, 0, 0, 0, 0, 0, 0, 0, 0, 0, 0, 0, 0, 0, 0, 0, 0, 0, 0, 0, 0, 0, 0, 0, 0, 0]",384,512,6291456.0,7864320.0,852155289,852167814,852167477,852185749,256,262302,262302,46074,1,12525,18272,2,512,512,2
203,2,"[2, 64, 32, 32, 384, 32, 32, 1, 1, 0, 0, 1, 1, 1, 1, 1, 2, 0, 0, 0, 0, 0, 0, 0, 0, 0, 0, 0, 0, 0]",768,256,0.0,0.0,852438028,852573743,852448051,852623890,32768,208255,116991,46073,5,39096,84575,2,512,512,2
205,2,"[2, 2, 64, 32, 32, 0, 0, 0, 0, 0, 0, 0, 0, 0, 0, 0, 0, 0, 0, 0, 0, 0, 0, 0, 0, 0, 0, 0, 0, 0]",64,512,1048576.0,1310720.0,852732843,852740894,852740881,852747057,256,177342,177342,46071,1,8051,6176,2,512,512,2
203,2,"[2, 384, 32, 32, 64, 32, 32, 1, 1, 0, 0, 1, 1, 1, 1, 1, 2, 0, 0, 0, 0, 0, 0, 0, 0, 0, 0, 0, 0, 0]",768,256,100663296.0,1884160.0,852913804,853091590,852924399,853109454,32768,221214,85119,46070,6,43624,48960,2,512,512,2
154,2,"[2, 2, 384, 32, 32, 0, 0, 0, 0, 0, 0, 0, 0, 0, 0, 0, 0, 0, 0, 0, 0, 0, 0, 0, 0, 0, 0, 0, 0, 0]",1536,128,786432.0,4718592.0,853186609,853194303,853194573,853205005,0,60160,60160,46068,1,7694,10432,2,512,512,2
205,2,"[2, 2, 384, 32, 32, 0, 0, 0, 0, 0, 0, 0, 0, 0, 0, 0, 0, 0, 0, 0, 0, 0, 0, 0, 0, 0, 0, 0, 0, 0]",384,512,6291456.0,7864320.0,853257677,853265377,853265165,853283629,256,147230,147230,46067,1,7700,18464,2,512,512,2
203,2,"[2, 384, 32, 32, 384, 32, 32, 3, 3, 1, 1, 1, 1, 1, 1, 384, 2, 0, 0, 0, 0, 0, 0, 0, 0, 0, 0, 0, 0, 0]",432,256,14155776.0,3152640.0,853420926,853492370,853430859,853531434,17536,98272,49152,46066,2,19775,51455,2,512,512,2
154,2,"[2, 2, 384, 32, 32, 0, 0, 0, 0, 0, 0, 0, 0, 0, 0, 0, 0, 0, 0, 0, 0, 0, 0, 0, 0, 0, 0, 0, 0, 0]",1536,128,786432.0,4718592.0,853572726,853580262,853580586,853588746,0,63359,63359,46064,1,7536,8160,2,512,512,2
205,2,"[2, 2, 384, 32, 32, 0, 0, 0, 0, 0, 0, 0, 0, 0, 0, 0, 0, 0, 0, 0, 0, 0, 0, 0, 0, 0, 0, 0, 0, 0]",384,512,6291456.0,7864320.0,853644104,853651802,853652105,853670409,256,186655,186655,46063,1,7698,18304,2,512,512,2
203,2,"[2, 64, 32, 32, 384, 32, 32, 1, 1, 0, 0, 1, 1, 1, 1, 1, 2, 0, 0, 0, 0, 0, 0, 0, 0, 0, 0, 0, 0, 0]",768,256,0.0,0.0,853847156,853978765,853857064,854028391,32768,203262,115423,46062,5,37372,83488,2,512,512,2
205,2,"[2, 2, 64, 32, 32, 0, 0, 0, 0, 0, 0, 0, 0, 0, 0, 0, 0, 0, 0, 0, 0, 0, 0, 0, 0, 0, 0, 0, 0, 0]",64,512,1048576.0,1310720.0,854136182,854143971,854143814,854151078,256,182398,182398,46060,1,7789,7264,2,512,512,2
203,2,"[2, 384, 32, 32, 64, 32, 32, 1, 1, 0, 0, 1, 1, 1, 1, 1, 2, 0, 0, 0, 0, 0, 0, 0, 0, 0, 0, 0, 0, 0]",768,256,100663296.0,1884160.0,854322858,854494735,854333476,854512419,32768,224670,94207,46059,6,42804,48480,2,512,512,2
154,2,"[2, 2, 384, 32, 32, 0, 0, 0, 0, 0, 0, 0, 0, 0, 0, 0, 0, 0, 0, 0, 0, 0, 0, 0, 0, 0, 0, 0, 0, 0]",1536,128,786432.0,4718592.0,854598683,854606280,854606626,854616866,0,61567,61567,46057,1,7597,10240,2,512,512,2
205,2,"[2, 2, 384, 32, 32, 0, 0, 0, 0, 0, 0, 0, 0, 0, 0, 0, 0, 0, 0, 0, 0, 0, 0, 0, 0, 0, 0, 0, 0, 0]",384,512,6291456.0,7864320.0,854669651,854678357,854678433,854697793,256,138015,138015,46056,1,8706,19360,2,512,512,2
203,2,"[2, 384, 32, 32, 384, 32, 32, 3, 3, 1, 1, 1, 1, 1, 1, 384, 2, 0, 0, 0, 0, 0, 0, 0, 0, 0, 0, 0, 0, 0]",432,256,14155776.0,3152640.0,854826213,854896400,854835808,854935551,17536,98175,49952,46055,2,18565,51520,2,512,512,2
154,2,"[2, 2, 384, 32, 32, 0, 0, 0, 0, 0, 0, 0, 0, 0, 0, 0, 0, 0, 0, 0, 0, 0, 0, 0, 0, 0, 0, 0, 0, 0]",1536,128,786432.0,4718592.0,854978352,854985682,854985503,854993695,0,61247,61247,46053,1,7330,8192,2,512,512,2
205,2,"[2, 2, 384, 32, 32, 0, 0, 0, 0, 0, 0, 0, 0, 0, 0, 0, 0, 0, 0, 0, 0, 0, 0, 0, 0, 0, 0, 0, 0, 0]",384,512,6291456.0,7864320.0,855046934,855054676,855054942,855073310,256,176831,176831,46052,1,7742,18368,2,512,512,2
203,2,"[2, 64, 32, 32, 384, 32, 32, 1, 1, 0, 0, 1, 1, 1, 1, 1, 2, 0, 0, 0, 0, 0, 0, 0, 0, 0, 0, 0, 0, 0]",768,256,0.0,0.0,855240223,855371848,855250141,855421627,32768,195390,106207,46051,5,37657,82303,2,512,512,2
205,2,"[2, 2, 64, 32, 32, 0, 0, 0, 0, 0, 0, 0, 0, 0, 0, 0, 0, 0, 0, 0, 0, 0, 0, 0, 0, 0, 0, 0, 0, 0]",64,512,1048576.0,1310720.0,855519240,855527385,855527834,855534362,256,186367,186367,46050,1,8145,6528,2,512,512,2
203,2,"[2, 192, 32, 32, 64, 32, 32, 1, 1, 0, 0, 1, 1, 1, 1, 1, 2, 0, 0, 0, 0, 0, 0, 0, 0, 0, 0, 0, 0, 0]",96,256,50331648.0,1073152.0,855710801,855841691,855720729,855890711,32768,142398,48320,46049,5,36434,75904,2,512,512,2
154,2,"[2, 2, 192, 32, 32, 0, 0, 0, 0, 0, 0, 0, 0, 0, 0, 0, 0, 0, 0, 0, 0, 0, 0, 0, 0, 0, 0, 0, 0, 0]",768,128,393216.0,2359296.0,855930706,855938694,855939031,855945431,0,69855,69855,46047,1,7988,6400,2,512,512,2
205,2,"[2, 2, 192, 32, 32, 0, 0, 0, 0, 0, 0, 0, 0, 0, 0, 0, 0, 0, 0, 0, 0, 0, 0, 0, 0, 0, 0, 0, 0, 0]",192,512,3145728.0,3932160.0,856005941,856014465,856015286,856027126,256,119071,119071,46046,1,8524,11840,2,512,512,2
203,2,"[2, 192, 64, 64, 192, 32, 32, 3, 3, 1, 1, 2, 2, 1, 1, 192, 2, 0, 0, 0, 0, 0, 0, 0, 0, 0, 0, 0, 0, 0]",1728,1024,0.0,0.0,856137285,856165423,856146197,856245012,0,5984,5312,46045,2,17476,98143,2,512,512,2
154,2,"[2, 2, 192, 64, 64, 0, 0, 0, 0, 0, 0, 0, 0, 0, 0, 0, 0, 0, 0, 0, 0, 0, 0, 0, 0, 0, 0, 0, 0, 0]",3072,128,1572864.0,9437184.0,856229648,856236624,856250324,856263444,0,40256,40256,46043,1,6976,13120,2,512,512,2
205,2,"[2, 2, 192, 64, 64, 0, 0, 0, 0, 0, 0, 0, 0, 0, 0, 0, 0, 0, 0, 0, 0, 0, 0, 0, 0, 0, 0, 0, 0, 0]",192,512,12582912.0,15728640.0,856295402,856303017,856303700,856339220,256,132095,132095,46042,1,7615,35520,2,512,512,2
203,2,"[2, 32, 64, 64, 192, 64, 64, 1, 1, 0, 0, 1, 1, 1, 1, 1, 2, 0, 0, 0, 0, 0, 0, 0, 0, 0, 0, 0, 0, 0]",64,128,0.0,0.0,856461123,856571160,856471315,856764688,32768,78432,4512,46041,3,25065,219453,2,512,512,2
205,2,"[2, 2, 32, 64, 64, 0, 0, 0, 0, 0, 0, 0, 0, 0, 0, 0, 0, 0, 0, 0, 0, 0, 0, 0, 0, 0, 0, 0, 0, 0]",32,512,2097152.0,2621440.0,856712965,856721542,856769200,856781584,256,146463,146463,46039,1,8577,12384,2,512,512,2
203,2,"[2, 192, 64, 64, 32, 64, 64, 1, 1, 0, 0, 1, 1, 1, 1, 1, 2, 0, 0, 0, 0, 0, 0, 0, 0, 0, 0, 0, 0, 0]",1536,256,100663296.0,3682304.0,856914786,857108297,856928047,857133453,32768,221855,82368,46038,6,50110,65919,2,512,512,2
154,2,"[2, 2, 192, 64, 64, 0, 0, 0, 0, 0, 0, 0, 0, 0, 0, 0, 0, 0, 0, 0, 0, 0, 0, 0, 0, 0, 0, 0, 0, 0]",3072,128,1572864.0,9437184.0,857208477,857216012,857215821,857235757,0,57791,57791,46036,1,7535,19936,2,512,512,2
205,2,"[2, 2, 192, 64, 64, 0, 0, 0, 0, 0, 0, 0, 0, 0, 0, 0, 0, 0, 0, 0, 0, 0, 0, 0, 0, 0, 0, 0, 0, 0]",192,512,12582912.0,15728640.0,857284699,857293582,857293548,857329420,256,115711,115711,46035,1,8883,35872,2,512,512,2
203,2,"[2, 192, 64, 64, 192, 64, 64, 3, 3, 1, 1, 1, 1, 1, 1, 192, 2, 0, 0, 0, 0, 0, 0, 0, 0, 0, 0, 0, 0, 0]",1536,256,0.0,0.0,857436020,857615897,857445131,857635561,17536,185569,83488,46034,6,45794,88349,2,512,512,2
154,2,"[2, 2, 192, 64, 64, 0, 0, 0, 0, 0, 0, 0, 0, 0, 0, 0, 0, 0, 0, 0, 0, 0, 0, 0, 0, 0, 0, 0, 0, 0]",3072,128,1572864.0,9437184.0,857711473,857718645,857719049,857735945,0,60447,60447,46032,1,7172,16896,2,512,512,2
205,2,"[2, 2, 192, 64, 64, 0, 0, 0, 0, 0, 0, 0, 0, 0, 0, 0, 0, 0, 0, 0, 0, 0, 0, 0, 0, 0, 0, 0, 0, 0]",192,512,12582912.0,15728640.0,857787371,857795707,857796392,857832136,256,142879,142879,46031,1,8336,35744,2,512,512,2
203,2,"[2, 32, 64, 64, 192, 64, 64, 1, 1, 0, 0, 1, 1, 1, 1, 1, 2, 0, 0, 0, 0, 0, 0, 0, 0, 0, 0, 0, 0, 0]",64,128,0.0,0.0,857965789,858072385,857975015,858266372,32768,82336,9216,46030,3,23742,218237,2,512,512,2
205,2,"[2, 2, 32, 64, 64, 0, 0, 0, 0, 0, 0, 0, 0, 0, 0, 0, 0, 0, 0, 0, 0, 0, 0, 0, 0, 0, 0, 0, 0, 0]",32,512,2097152.0,2621440.0,858231687,858239581,858275588,858288867,256,136448,136448,46028,1,7894,13279,2,512,512,2
203,2,"[2, 192, 64, 64, 32, 64, 64, 1, 1, 0, 0, 1, 1, 1, 1, 1, 2, 0, 0, 0, 0, 0, 0, 0, 0, 0, 0, 0, 0, 0]",1536,256,100663296.0,3682304.0,858414731,858590788,858425315,858616225,32768,206399,81504,46027,6,43505,66015,2,512,512,2
154,2,"[2, 2, 192, 64, 64, 0, 0, 0, 0, 0, 0, 0, 0, 0, 0, 0, 0, 0, 0, 0, 0, 0, 0, 0, 0, 0, 0, 0, 0, 0]",3072,128,1572864.0,9437184.0,858690132,858697362,858697729,858716577,0,61119,61119,46025,1,7230,18848,2,512,512,2
205,2,"[2, 2, 192, 64, 64, 0, 0, 0, 0, 0, 0, 0, 0, 0, 0, 0, 0, 0, 0, 0, 0, 0, 0, 0, 0, 0, 0, 0, 0, 0]",192,512,12582912.0,15728640.0,858769289,858777380,858777696,858812864,256,136767,136767,46024,1,8091,35168,2,512,512,2
203,2,"[2, 192, 64, 64, 192, 64, 64, 3, 3, 1, 1, 1, 1, 1, 1, 192, 2, 0, 0, 0, 0, 0, 0, 0, 0, 0, 0, 0, 0, 0]",1536,256,0.0,0.0,858938984,859110517,858949631,859130269,17536,175839,82239,46023,6,48614,87038,2,512,512,2
154,2,"[2, 2, 192, 64, 64, 0, 0, 0, 0, 0, 0, 0, 0, 0, 0, 0, 0, 0, 0, 0, 0, 0, 0, 0, 0, 0, 0, 0, 0, 0]",3072,128,1572864.0,9437184.0,859205138,859212661,859212508,859230300,0,60064,60064,46021,1,7523,17792,2,512,512,2
205,2,"[2, 2, 192, 64, 64, 0, 0, 0, 0, 0, 0, 0, 0, 0, 0, 0, 0, 0, 0, 0, 0, 0, 0, 0, 0, 0, 0, 0, 0, 0]",192,512,12582912.0,15728640.0,859281378,859289830,859290364,859326396,256,133759,133759,46020,1,8452,36032,2,512,512,2
203,2,"[2, 32, 64, 64, 192, 64, 64, 1, 1, 0, 0, 1, 1, 1, 1, 1, 2, 0, 0, 0, 0, 0, 0, 0, 0, 0, 0, 0, 0, 0]",64,128,0.0,0.0,859450303,859556858,859460155,859751032,32768,80992,8288,46019,3,24336,218173,2,512,512,2
205,2,"[2, 2, 32, 64, 64, 0, 0, 0, 0, 0, 0, 0, 0, 0, 0, 0, 0, 0, 0, 0, 0, 0, 0, 0, 0, 0, 0, 0, 0, 0]",32,512,2097152.0,2621440.0,859702635,859711107,859759320,859771640,256,124319,124319,46018,1,8472,12320,2,512,512,2
203,2,"[2, 144, 64, 64, 32, 64, 64, 1, 1, 0, 0, 1, 1, 1, 1, 1, 2, 0, 0, 0, 0, 0, 0, 0, 0, 0, 0, 0, 0, 0]",1280,256,75497472.0,2892800.0,859885039,860067786,859895959,860092854,32768,223230,88575,46017,6,44088,62240,2,512,512,2
154,2,"[2, 2, 144, 64, 64, 0, 0, 0, 0, 0, 0, 0, 0, 0, 0, 0, 0, 0, 0, 0, 0, 0, 0, 0, 0, 0, 0, 0, 0, 0]",2304,128,1179648.0,7077888.0,860174382,860181618,860181429,860196661,0,62399,62399,46015,1,7236,15232,2,512,512,2
205,2,"[2, 2, 144, 64, 64, 0, 0, 0, 0, 0, 0, 0, 0, 0, 0, 0, 0, 0, 0, 0, 0, 0, 0, 0, 0, 0, 0, 0, 0, 0]",144,512,9437184.0,11796480.0,860250404,860258962,860259060,860287732,256,97535,97535,46014,1,8558,28672,2,512,512,2
203,2,"[2, 144, 128, 128, 144, 64, 64, 3, 3, 1, 1, 2, 2, 1, 1, 144, 2, 0, 0, 0, 0, 0, 0, 0, 0, 0, 0, 0, 0, 0]",4608,1024,0.0,0.0,860376717,860402196,860385267,860664561,0,4640,4384,46013,2,16701,279038,2,512,512,2
154,2,"[2, 2, 144, 128, 128, 0, 0, 0, 0, 0, 0, 0, 0, 0, 0, 0, 0, 0, 0, 0, 0, 0, 0, 0, 0, 0, 0, 0, 0, 0]",9216,128,4718592.0,28311552.0,860465625,860473387,860668945,860723952,0,1408,1408,46011,1,7762,55007,2,512,512,2
205,2,"[2, 2, 144, 128, 128, 0, 0, 0, 0, 0, 0, 0, 0, 0, 0, 0, 0, 0, 0, 0, 0, 0, 0, 0, 0, 0, 0, 0, 0, 0]",144,512,37748736.0,47185920.0,860540602,860548566,860725360,860861167,256,8192,8192,46010,1,7964,135807,2,512,512,2
203,2,"[2, 24, 128, 128, 144, 128, 128, 1, 1, 0, 0, 1, 1, 1, 1, 1, 2, 0, 0, 0, 0, 0, 0, 0, 0, 0, 0, 0, 0, 0]",5120,256,0.0,0.0,860709848,860874498,860869359,861041038,32768,12256,4448,46009,4,34770,163871,2,512,512,2
205,2,"[2, 2, 24, 128, 128, 0, 0, 0, 0, 0, 0, 0, 0, 0, 0, 0, 0, 0, 0, 0, 0, 0, 0, 0, 0, 0, 0, 0, 0, 0]",24,512,6291456.0,7864320.0,861021603,861029760,861045486,861094093,256,135679,135679,46007,1,8157,48607,2,512,512,2
203,2,"[2, 144, 128, 128, 24, 128, 128, 1, 1, 0, 0, 1, 1, 1, 1, 1, 2, 0, 0, 0, 0, 0, 0, 0, 0, 0, 0, 0, 0, 0]",5120,256,226492416.0,11016960.0,861218841,861397221,861229772,861512426,32768,94816,5600,46006,6,45035,193438,2,512,512,2
154,2,"[2, 2, 144, 128, 128, 0, 0, 0, 0, 0, 0, 0, 0, 0, 0, 0, 0, 0, 0, 0, 0, 0, 0, 0, 0, 0, 0, 0, 0, 0]",9216,128,4718592.0,28311552.0,861497295,861505994,861518026,861567722,0,22528,22528,46004,1,8699,49696,2,512,512,2
205,2,"[2, 2, 144, 128, 128, 0, 0, 0, 0, 0, 0, 0, 0, 0, 0, 0, 0, 0, 0, 0, 0, 0, 0, 0, 0, 0, 0, 0, 0, 0]",144,512,37748736.0,47185920.0,861581866,861589996,861590250,861726632,256,19232,19232,46003,1,8130,136382,2,512,512,2
203,2,"[2, 144, 128, 128, 144, 128, 128, 3, 3, 1, 1, 1, 1, 1, 1, 144, 2, 0, 0, 0, 0, 0, 0, 0, 0, 0, 0, 0, 0, 0]",5120,256,0.0,0.0,861736072,861894290,861745864,862052070,17536,58623,4384,46002,6,43996,251967,2,512,512,2
154,2,"[2, 2, 144, 128, 128, 0, 0, 0, 0, 0, 0, 0, 0, 0, 0, 0, 0, 0, 0, 0, 0, 0, 0, 0, 0, 0, 0, 0, 0, 0]",9216,128,4718592.0,28311552.0,861987693,861995547,862056454,862105797,0,512,512,46000,1,7854,49343,2,512,512,2
205,2,"[2, 2, 144, 128, 128, 0, 0, 0, 0, 0, 0, 0, 0, 0, 0, 0, 0, 0, 0, 0, 0, 0, 0, 0, 0, 0, 0, 0, 0, 0]",144,512,37748736.0,47185920.0,862063283,862071387,862106309,862243140,256,8000,8000,45999,1,8104,136831,2,512,512,2
203,2,"[2, 24, 128, 128, 144, 128, 128, 1, 1, 0, 0, 1, 1, 1, 1, 1, 2, 0, 0, 0, 0, 0, 0, 0, 0, 0, 0, 0, 0, 0]",5120,256,0.0,0.0,862231828,862395106,862251140,862491361,32768,144832,69472,45998,4,31994,164861,2,512,512,2
205,2,"[2, 2, 24, 128, 128, 0, 0, 0, 0, 0, 0, 0, 0, 0, 0, 0, 0, 0, 0, 0, 0, 0, 0, 0, 0, 0, 0, 0, 0, 0]",24,512,6291456.0,7864320.0,862552161,862560376,862560833,862609569,256,137439,137439,45997,1,8215,48736,2,512,512,2
203,2,"[2, 96, 128, 128, 24, 128, 128, 1, 1, 0, 0, 1, 1, 1, 1, 1, 2, 0, 0, 0, 0, 0, 0, 0, 0, 0, 0, 0, 0, 0]",3072,256,150994944.0,7868928.0,862736579,862891726,862747008,862962366,32768,104864,7456,45996,6,36334,117950,2,512,512,2
154,2,"[2, 2, 96, 128, 128, 0, 0, 0, 0, 0, 0, 0, 0, 0, 0, 0, 0, 0, 0, 0, 0, 0, 0, 0, 0, 0, 0, 0, 0, 0]",6144,128,3145728.0,18874368.0,862963541,862969177,862969822,863003358,0,20448,20448,45994,1,5636,33536,2,512,512,2
205,2,"[2, 2, 96, 128, 128, 0, 0, 0, 0, 0, 0, 0, 0, 0, 0, 0, 0, 0, 0, 0, 0, 0, 0, 0, 0, 0, 0, 0, 0, 0]",96,512,25165824.0,31457280.0,863017551,863023257,863023806,863109853,256,8352,8352,45993,1,5706,86047,2,512,512,2
203,2,"[2, 96, 256, 256, 96, 128, 128, 3, 3, 1, 1, 2, 2, 1, 1, 96, 2, 0, 0, 0, 0, 0, 0, 0, 0, 0, 0, 0, 0, 0]",12288,1024,0.0,0.0,863106294,863126283,863118205,863814360,0,4064,4063,45992,2,13242,696154,2,512,512,2
154,2,"[2, 2, 96, 256, 256, 0, 0, 0, 0, 0, 0, 0, 0, 0, 0, 0, 0, 0, 0, 0, 0, 0, 0, 0, 0, 0, 0, 0, 0, 0]",24576,128,12582912.0,75497472.0,863170592,863175373,863818423,863957558,0,288,288,45990,1,4781,139135,2,512,512,2
205,2,"[2, 2, 96, 256, 256, 0, 0, 0, 0, 0, 0, 0, 0, 0, 0, 0, 0, 0, 0, 0, 0, 0, 0, 0, 0, 0, 0, 0, 0, 0]",96,512,100663296.0,125829120.0,863228548,863234233,863957846,864342707,256,8224,8224,45989,1,5685,384861,2,512,512,2
203,2,"[2, 16, 256, 256, 96, 256, 256, 1, 1, 0, 0, 1, 1, 1, 1, 1, 2, 0, 0, 0, 0, 0, 0, 0, 0, 0, 0, 0, 0, 0]",12288,256,0.0,0.0,863354056,863474437,864350931,864727760,40960,14112,5344,45988,4,23980,368061,2,512,512,2
205,2,"[2, 2, 16, 256, 256, 0, 0, 0, 0, 0, 0, 0, 0, 0, 0, 0, 0, 0, 0, 0, 0, 0, 0, 0, 0, 0, 0, 0, 0, 0]",16,512,16777216.0,20971520.0,863571950,863577462,864733104,864965326,256,8160,8160,45987,1,5512,232222,2,512,512,2
203,2,"[2, 32, 256, 256, 16, 256, 256, 1, 1, 0, 0, 1, 1, 1, 1, 1, 2, 0, 0, 0, 0, 0, 0, 0, 0, 0, 0, 0, 0, 0]",4096,256,0.0,0.0,863699862,863812103,864973486,865168077,40960,12095,4063,45986,4,22387,186559,2,512,512,2
154,2,"[2, 2, 32, 256, 256, 0, 0, 0, 0, 0, 0, 0, 0, 0, 0, 0, 0, 0, 0, 0, 0, 0, 0, 0, 0, 0, 0, 0, 0, 0]",8192,128,4194304.0,25165824.0,863890046,863895224,865172140,865217164,0,288,288,45984,1,5178,45024,2,512,512,2
205,2,"[2, 2, 32, 256, 256, 0, 0, 0, 0, 0, 0, 0, 0, 0, 0, 0, 0, 0, 0, 0, 0, 0, 0, 0, 0, 0, 0, 0, 0, 0]",32,512,33554432.0,41943040.0,863954286,863960645,865217452,865477322,256,8704,8704,45983,1,6359,259870,2,512,512,2
203,2,"[2, 32, 256, 256, 32, 256, 256, 3, 3, 1, 1, 1, 1, 1, 1, 32, 2, 0, 0, 0, 0, 0, 0, 0, 0, 0, 0, 0, 0, 0]",4096,256,0.0,0.0,864077645,864199261,865486026,865694024,17536,9312,4224,45982,6,35129,202910,2,512,512,2
154,2,"[2, 2, 32, 256, 256, 0, 0, 0, 0, 0, 0, 0, 0, 0, 0, 0, 0, 0, 0, 0, 0, 0, 0, 0, 0, 0, 0, 0, 0, 0]",8192,128,4194304.0,25165824.0,864273323,864278692,865698248,865741512,0,512,512,45980,1,5369,43264,2,512,512,2
205,2,"[2, 2, 32, 256, 256, 0, 0, 0, 0, 0, 0, 0, 0, 0, 0, 0, 0, 0, 0, 0, 0, 0, 0, 0, 0, 0, 0, 0, 0, 0]",32,512,33554432.0,41943040.0,864337338,864343693,865742024,866005574,256,8320,8320,45979,1,6355,263550,2,512,512,2
203,2,"[2, 3, 512, 512, 32, 256, 256, 3, 3, 1, 1, 2, 2, 1, 1, 1, 2, 0, 0, 0, 0, 0, 0, 0, 0, 0, 0, 0, 0, 0]",16384,256,0.0,0.0,864499403,864537860,866013894,866214596,2112,11328,5376,45978,4,23169,194750,2,512,512,2
16,3,"[2, 32, 3, 3, 3, 0, 0, 0, 0, 0, 0, 0, 0, 0, 0, 4, 0, 0, 0, 0, 0, 0, 0, 0, 0, 0, 0, 0, 0, 0]",2,128,864.0,3460.0,865739649,865771637,866219972,866222468,0,352,352,-1,1,31988,2496,2,512,512,2
12,3,"[2, 32, 3, 3, 3, 0, 0, 0, 0, 0, 0, 0, 0, 0, 0, 2, 32, 3, 3, 3, 0, 0, 0, 0, 0, 0, 0, 0, 0, 0]",2,128,864.0,5184.0,865929701,865946794,866222820,866224836,0,1536,1536,-1,1,17093,2016,2,512,512,2
12,3,"[2, 32, 3, 3, 3, 0, 0, 0, 0, 0, 0, 0, 0, 0, 0, 2, 32, 3, 3, 3, 0, 0, 0, 0, 0, 0, 0, 0, 0, 0]",2,128,864.0,5184.0,866090935,866104323,866226372,866228836,0,109823,109823,-1,1,13388,2464,2,512,512,2
16,3,"[2, 32, 0, 0, 0, 0, 0, 0, 0, 0, 0, 0, 0, 0, 0, 4, 0, 0, 0, 0, 0, 0, 0, 0, 0, 0, 0, 0, 0, 0]",1,128,32.0,132.0,866314938,866341438,866338659,866341123,0,178622,178622,-1,1,26500,2464,2,512,512,2
12,3,"[2, 32, 0, 0, 0, 0, 0, 0, 0, 0, 0, 0, 0, 0, 0, 2, 32, 0, 0, 0, 0, 0, 0, 0, 0, 0, 0, 0, 0, 0]",1,128,32.0,192.0,866504054,866521215,866519745,866521794,0,178014,178014,-1,1,17161,2049,2,512,512,2
12,3,"[2, 32, 0, 0, 0, 0, 0, 0, 0, 0, 0, 0, 0, 0, 0, 2, 32, 0, 0, 0, 0, 0, 0, 0, 0, 0, 0, 0, 0, 0]",1,128,32.0,192.0,866684118,866700499,866699808,866702016,0,188510,188510,-1,1,16381,2208,2,512,512,2
16,3,"[2, 32, 0, 0, 0, 0, 0, 0, 0, 0, 0, 0, 0, 0, 0, 4, 0, 0, 0, 0, 0, 0, 0, 0, 0, 0, 0, 0, 0, 0]",1,128,32.0,132.0,866876329,866892184,866890526,866892479,0,149502,149502,-1,1,15855,1953,2,512,512,2
12,3,"[2, 32, 0, 0, 0, 0, 0, 0, 0, 0, 0, 0, 0, 0, 0, 2, 32, 0, 0, 0, 0, 0, 0, 0, 0, 0, 0, 0, 0, 0]",1,128,32.0,192.0,867029709,867042375,867041981,867045373,0,139391,139391,-1,1,12666,3392,2,512,512,2
12,3,"[2, 32, 0, 0, 0, 0, 0, 0, 0, 0, 0, 0, 0, 0, 0, 2, 32, 0, 0, 0, 0, 0, 0, 0, 0, 0, 0, 0, 0, 0]",1,128,32.0,192.0,867172437,867184755,867184764,867187228,0,143487,143487,-1,1,12318,2464,2,512,512,2
16,3,"[2, 32, 1, 3, 3, 0, 0, 0, 0, 0, 0, 0, 0, 0, 0, 4, 0, 0, 0, 0, 0, 0, 0, 0, 0, 0, 0, 0, 0, 0]",1,128,288.0,1156.0,867318562,867331280,867330715,867332795,0,142975,142975,-1,1,12718,2080,2,512,512,2
12,3,"[2, 32, 1, 3, 3, 0, 0, 0, 0, 0, 0, 0, 0, 0, 0, 2, 32, 1, 3, 3, 0, 0, 0, 0, 0, 0, 0, 0, 0, 0]",1,128,288.0,1728.0,867463856,867475619,867475770,867478202,0,137599,137599,-1,1,11763,2432,2,512,512,2
12,3,"[2, 32, 1, 3, 3, 0, 0, 0, 0, 0, 0, 0, 0, 0, 0, 2, 32, 1, 3, 3, 0, 0, 0, 0, 0, 0, 0, 0, 0, 0]",1,128,288.0,1728.0,867604225,867616023,867615801,867618905,0,146015,146015,-1,1,11798,3104,2,512,512,2
16,3,"[2, 32, 0, 0, 0, 0, 0, 0, 0, 0, 0, 0, 0, 0, 0, 4, 0, 0, 0, 0, 0, 0, 0, 0, 0, 0, 0, 0, 0, 0]",1,128,32.0,132.0,867752376,867765239,867764920,867766967,0,146975,146975,-1,1,12863,2047,2,512,512,2
12,3,"[2, 32, 0, 0, 0, 0, 0, 0, 0, 0, 0, 0, 0, 0, 0, 2, 32, 0, 0, 0, 0, 0, 0, 0, 0, 0, 0, 0, 0, 0]",1,128,32.0,192.0,867902141,867913911,867913942,867916374,0,139135,139135,-1,1,11770,2432,2,512,512,2
12,3,"[2, 32, 0, 0, 0, 0, 0, 0, 0, 0, 0, 0, 0, 0, 0, 2, 32, 0, 0, 0, 0, 0, 0, 0, 0, 0, 0, 0, 0, 0]",1,128,32.0,192.0,868043555,868055573,868055509,868057781,0,137183,137183,-1,1,12018,2272,2,512,512,2
16,3,"[2, 32, 0, 0, 0, 0, 0, 0, 0, 0, 0, 0, 0, 0, 0, 4, 0, 0, 0, 0, 0, 0, 0, 0, 0, 0, 0, 0, 0, 0]",1,128,32.0,132.0,868183759,868195524,868194964,868197044,0,137183,137183,-1,1,11765,2080,2,512,512,2
12,3,"[2, 32, 0, 0, 0, 0, 0, 0, 0, 0, 0, 0, 0, 0, 0, 2, 32, 0, 0, 0, 0, 0, 0, 0, 0, 0, 0, 0, 0, 0]",1,128,32.0,192.0,868322460,868334520,868334227,868336307,0,136319,136319,-1,1,12060,2080,2,512,512,2
12,3,"[2, 32, 0, 0, 0, 0, 0, 0, 0, 0, 0, 0, 0, 0, 0, 2, 32, 0, 0, 0, 0, 0, 0, 0, 0, 0, 0, 0, 0, 0]",1,128,32.0,192.0,868461063,868472616,868472626,868475058,0,137183,137183,-1,1,11553,2432,2,512,512,2
16,3,"[2, 16, 32, 1, 1, 0, 0, 0, 0, 0, 0, 0, 0, 0, 0, 4, 0, 0, 0, 0, 0, 0, 0, 0, 0, 0, 0, 0, 0, 0]",1,128,512.0,2052.0,868600892,868612566,868612241,868614673,0,152127,152127,-1,1,11674,2432,2,512,512,2
12,3,"[2, 16, 32, 1, 1, 0, 0, 0, 0, 0, 0, 0, 0, 0, 0, 2, 16, 32, 1, 1, 0, 0, 0, 0, 0, 0, 0, 0, 0, 0]",1,128,512.0,3072.0,868755078,868767425,868766800,868769839,0,444317,444317,-1,1,12347,3039,2,512,512,2
12,3,"[2, 16, 32, 1, 1, 0, 0, 0, 0, 0, 0, 0, 0, 0, 0, 2, 16, 32, 1, 1, 0, 0, 0, 0, 0, 0, 0, 0, 0, 0]",1,128,512.0,3072.0,869196856,869214666,869214156,869216620,0,159807,159807,-1,1,17810,2464,2,512,512,2
16,3,"[2, 16, 0, 0, 0, 0, 0, 0, 0, 0, 0, 0, 0, 0, 0, 4, 0, 0, 0, 0, 0, 0, 0, 0, 0, 0, 0, 0, 0, 0]",1,128,16.0,68.0,869362923,869376859,869376427,869378730,0,140415,140415,-1,1,13936,2303,2,512,512,2
12,3,"[2, 16, 0, 0, 0, 0, 0, 0, 0, 0, 0, 0, 0, 0, 0, 2, 16, 0, 0, 0, 0, 0, 0, 0, 0, 0, 0, 0, 0, 0]",1,128,16.0,96.0,869507184,869519145,869519145,869521577,0,136095,136095,-1,1,11961,2432,2,512,512,2
12,3,"[2, 16, 0, 0, 0, 0, 0, 0, 0, 0, 0, 0, 0, 0, 0, 2, 16, 0, 0, 0, 0, 0, 0, 0, 0, 0, 0, 0, 0, 0]",1,128,16.0,96.0,869646398,869657869,869657672,869660680,0,148223,148223,-1,1,11471,3008,2,512,512,2
16,3,"[2, 16, 0, 0, 0, 0, 0, 0, 0, 0, 0, 0, 0, 0, 0, 4, 0, 0, 0, 0, 0, 0, 0, 0, 0, 0, 0, 0, 0, 0]",1,128,16.0,68.0,869797455,869810005,869808903,869811975,0,136095,136095,-1,1,12550,3072,2,512,512,2
12,3,"[2, 16, 0, 0, 0, 0, 0, 0, 0, 0, 0, 0, 0, 0, 0, 2, 16, 0, 0, 0, 0, 0, 0, 0, 0, 0, 0, 0, 0, 0]",1,128,16.0,96.0,869936909,869948340,869948070,869950118,0,136959,136959,-1,1,11431,2048,2,512,512,2
12,3,"[2, 16, 0, 0, 0, 0, 0, 0, 0, 0, 0, 0, 0, 0, 0, 2, 16, 0, 0, 0, 0, 0, 0, 0, 0, 0, 0, 0, 0, 0]",1,128,16.0,96.0,870075589,870086965,870087077,870089381,0,138239,138239,-1,1,11376,2304,2,512,512,2
16,3,"[2, 96, 16, 1, 1, 0, 0, 0, 0, 0, 0, 0, 0, 0, 0, 4, 0, 0, 0, 0, 0, 0, 0, 0, 0, 0, 0, 0, 0, 0]",3,128,1536.0,6148.0,870216001,870227759,870227620,870230147,0,137855,137855,-1,1,11758,2527,2,512,512,2
12,3,"[2, 96, 16, 1, 1, 0, 0, 0, 0, 0, 0, 0, 0, 0, 0, 2, 96, 16, 1, 1, 0, 0, 0, 0, 0, 0, 0, 0, 0, 0]",3,128,1536.0,9216.0,870357377,870368620,870368002,870371074,0,139455,139455,-1,1,11243,3072,2,512,512,2
12,3,"[2, 96, 16, 1, 1, 0, 0, 0, 0, 0, 0, 0, 0, 0, 0, 2, 96, 16, 1, 1, 0, 0, 0, 0, 0, 0, 0, 0, 0, 0]",3,128,1536.0,9216.0,870498222,870510276,870510529,870513025,0,151391,151391,-1,1,12054,2496,2,512,512,2
16,3,"[2, 96, 0, 0, 0, 0, 0, 0, 0, 0, 0, 0, 0, 0, 0, 4, 0, 0, 0, 0, 0, 0, 0, 0, 0, 0, 0, 0, 0, 0]",1,128,96.0,388.0,870652663,870664692,870664416,870666848,0,151263,151263,-1,1,12029,2432,2,512,512,2
12,3,"[2, 96, 0, 0, 0, 0, 0, 0, 0, 0, 0, 0, 0, 0, 0, 2, 96, 0, 0, 0, 0, 0, 0, 0, 0, 0, 0, 0, 0, 0]",1,128,96.0,576.0,870791861,870819836,870818111,870820511,0,147135,147135,-1,1,27975,2400,2,512,512,2
12,3,"[2, 96, 0, 0, 0, 0, 0, 0, 0, 0, 0, 0, 0, 0, 0, 2, 96, 0, 0, 0, 0, 0, 0, 0, 0, 0, 0, 0, 0, 0]",1,128,96.0,576.0,870955318,870967702,870967646,870970014,0,183742,183742,-1,1,12384,2368,2,512,512,2
16,3,"[2, 96, 0, 0, 0, 0, 0, 0, 0, 0, 0, 0, 0, 0, 0, 4, 0, 0, 0, 0, 0, 0, 0, 0, 0, 0, 0, 0, 0, 0]",1,128,96.0,388.0,871134844,871155827,871153756,871156156,0,219710,219710,-1,1,20983,2400,2,512,512,2
12,3,"[2, 96, 0, 0, 0, 0, 0, 0, 0, 0, 0, 0, 0, 0, 0, 2, 96, 0, 0, 0, 0, 0, 0, 0, 0, 0, 0, 0, 0, 0]",1,128,96.0,576.0,871359709,871377449,871375866,871378874,0,176831,176831,-1,1,17740,3008,2,512,512,2
12,3,"[2, 96, 0, 0, 0, 0, 0, 0, 0, 0, 0, 0, 0, 0, 0, 2, 96, 0, 0, 0, 0, 0, 0, 0, 0, 0, 0, 0, 0, 0]",1,128,96.0,576.0,871541667,871556607,871555705,871557785,0,165439,165439,-1,1,14940,2080,2,512,512,2
16,3,"[2, 96, 1, 3, 3, 0, 0, 0, 0, 0, 0, 0, 0, 0, 0, 4, 0, 0, 0, 0, 0, 0, 0, 0, 0, 0, 0, 0, 0, 0]",2,128,864.0,3460.0,871709791,871723988,871723224,871725655,0,145151,145151,-1,1,14197,2431,2,512,512,2
12,3,"[2, 96, 1, 3, 3, 0, 0, 0, 0, 0, 0, 0, 0, 0, 0, 2, 96, 1, 3, 3, 0, 0, 0, 0, 0, 0, 0, 0, 0, 0]",2,128,864.0,5184.0,871858599,871870867,871870806,871873174,0,139487,139487,-1,1,12268,2368,2,512,512,2
12,3,"[2, 96, 1, 3, 3, 0, 0, 0, 0, 0, 0, 0, 0, 0, 0, 2, 96, 1, 3, 3, 0, 0, 0, 0, 0, 0, 0, 0, 0, 0]",2,128,864.0,5184.0,872001679,872013924,872012661,872015701,0,138047,138047,-1,1,12245,3040,2,512,512,2
16,3,"[2, 96, 0, 0, 0, 0, 0, 0, 0, 0, 0, 0, 0, 0, 0, 4, 0, 0, 0, 0, 0, 0, 0, 0, 0, 0, 0, 0, 0, 0]",1,128,96.0,388.0,872141969,872154233,872153748,872155796,0,135359,135359,-1,1,12264,2048,2,512,512,2
12,3,"[2, 96, 0, 0, 0, 0, 0, 0, 0, 0, 0, 0, 0, 0, 0, 2, 96, 0, 0, 0, 0, 0, 0, 0, 0, 0, 0, 0, 0, 0]",1,128,96.0,576.0,872279772,872291879,872291155,872294323,0,135487,135487,-1,1,12107,3168,2,512,512,2
12,3,"[2, 96, 0, 0, 0, 0, 0, 0, 0, 0, 0, 0, 0, 0, 0, 2, 96, 0, 0, 0, 0, 0, 0, 0, 0, 0, 0, 0, 0, 0]",1,128,96.0,576.0,872417678,872429532,872429810,872432242,0,134687,134687,-1,1,11854,2432,2,512,512,2
16,3,"[2, 96, 0, 0, 0, 0, 0, 0, 0, 0, 0, 0, 0, 0, 0, 4, 0, 0, 0, 0, 0, 0, 0, 0, 0, 0, 0, 0, 0, 0]",1,128,96.0,388.0,872555040,872566932,872566929,872569393,0,151774,151774,-1,1,11892,2464,2,512,512,2
12,3,"[2, 96, 0, 0, 0, 0, 0, 0, 0, 0, 0, 0, 0, 0, 0, 2, 96, 0, 0, 0, 0, 0, 0, 0, 0, 0, 0, 0, 0, 0]",1,128,96.0,576.0,872710010,872721837,872721167,872724175,0,135359,135359,-1,1,11827,3008,2,512,512,2
12,3,"[2, 96, 0, 0, 0, 0, 0, 0, 0, 0, 0, 0, 0, 0, 0, 2, 96, 0, 0, 0, 0, 0, 0, 0, 0, 0, 0, 0, 0, 0]",1,128,96.0,576.0,872848519,872859747,872859534,872862126,0,138495,138495,-1,1,11228,2592,2,512,512,2
16,3,"[2, 24, 96, 1, 1, 0, 0, 0, 0, 0, 0, 0, 0, 0, 0, 4, 0, 0, 0, 0, 0, 0, 0, 0, 0, 0, 0, 0, 0, 0]",5,128,2304.0,9220.0,872989282,873000880,873000621,873003149,0,137727,137727,-1,1,11598,2528,2,512,512,2
12,3,"[2, 24, 96, 1, 1, 0, 0, 0, 0, 0, 0, 0, 0, 0, 0, 2, 24, 96, 1, 1, 0, 0, 0, 0, 0, 0, 0, 0, 0, 0]",5,128,2304.0,13824.0,873130369,873141415,873140876,873143948,0,135711,135711,-1,1,11046,3072,2,512,512,2
12,3,"[2, 24, 96, 1, 1, 0, 0, 0, 0, 0, 0, 0, 0, 0, 0, 2, 24, 96, 1, 1, 0, 0, 0, 0, 0, 0, 0, 0, 0, 0]",5,128,2304.0,13824.0,873267947,873279671,873279659,873282187,0,132767,132767,-1,1,11724,2528,2,512,512,2
16,3,"[2, 24, 0, 0, 0, 0, 0, 0, 0, 0, 0, 0, 0, 0, 0, 4, 0, 0, 0, 0, 0, 0, 0, 0, 0, 0, 0, 0, 0, 0]",1,128,24.0,100.0,873403538,873415301,873414954,873417354,0,145535,145535,-1,1,11763,2400,2,512,512,2
12,3,"[2, 24, 0, 0, 0, 0, 0, 0, 0, 0, 0, 0, 0, 0, 0, 2, 24, 0, 0, 0, 0, 0, 0, 0, 0, 0, 0, 0, 0, 0]",1,128,24.0,144.0,873551627,873563370,873562889,873565929,0,135135,135135,-1,1,11743,3040,2,512,512,2
12,3,"[2, 24, 0, 0, 0, 0, 0, 0, 0, 0, 0, 0, 0, 0, 0, 2, 24, 0, 0, 0, 0, 0, 0, 0, 0, 0, 0, 0, 0, 0]",1,128,24.0,144.0,873689680,873701113,873701064,873703528,0,137150,137150,-1,1,11433,2464,2,512,512,2
16,3,"[2, 24, 0, 0, 0, 0, 0, 0, 0, 0, 0, 0, 0, 0, 0, 4, 0, 0, 0, 0, 0, 0, 0, 0, 0, 0, 0, 0, 0, 0]",1,128,24.0,100.0,873828431,873840762,873840678,873843334,0,135359,135359,-1,1,12331,2656,2,512,512,2
12,3,"[2, 24, 0, 0, 0, 0, 0, 0, 0, 0, 0, 0, 0, 0, 0, 2, 24, 0, 0, 0, 0, 0, 0, 0, 0, 0, 0, 0, 0, 0]",1,128,24.0,144.0,873966969,873979172,873978693,873981701,0,135519,135519,-1,1,12203,3008,2,512,512,2
12,3,"[2, 24, 0, 0, 0, 0, 0, 0, 0, 0, 0, 0, 0, 0, 0, 2, 24, 0, 0, 0, 0, 0, 0, 0, 0, 0, 0, 0, 0, 0]",1,128,24.0,144.0,874105288,874116822,874117220,874119652,0,137343,137343,-1,1,11534,2432,2,512,512,2
16,3,"[2, 144, 24, 1, 1, 0, 0, 0, 0, 0, 0, 0, 0, 0, 0, 4, 0, 0, 0, 0, 0, 0, 0, 0, 0, 0, 0, 0, 0, 0]",7,128,3456.0,13828.0,874245508,874257241,874256995,874259075,0,138655,138655,-1,1,11733,2080,2,512,512,2
12,3,"[2, 144, 24, 1, 1, 0, 0, 0, 0, 0, 0, 0, 0, 0, 0, 2, 144, 24, 1, 1, 0, 0, 0, 0, 0, 0, 0, 0, 0, 0]",7,128,3456.0,20736.0,874385925,874397703,874397730,874400354,0,158815,158815,-1,1,11778,2624,2,512,512,2
12,3,"[2, 144, 24, 1, 1, 0, 0, 0, 0, 0, 0, 0, 0, 0, 0, 2, 144, 24, 1, 1, 0, 0, 0, 0, 0, 0, 0, 0, 0, 0]",7,128,3456.0,20736.0,874547069,874559262,874559169,874561697,0,137310,137310,-1,1,12193,2528,2,512,512,2
16,3,"[2, 144, 0, 0, 0, 0, 0, 0, 0, 0, 0, 0, 0, 0, 0, 4, 0, 0, 0, 0, 0, 0, 0, 0, 0, 0, 0, 0, 0, 0]",1,128,144.0,580.0,874687638,874699835,874699007,874701440,0,154846,154846,-1,1,12197,2433,2,512,512,2
12,3,"[2, 144, 0, 0, 0, 0, 0, 0, 0, 0, 0, 0, 0, 0, 0, 2, 144, 0, 0, 0, 0, 0, 0, 0, 0, 0, 0, 0, 0, 0]",1,128,144.0,864.0,874843384,874856631,874856286,874858750,0,140895,140895,-1,1,13247,2464,2,512,512,2
12,3,"[2, 144, 0, 0, 0, 0, 0, 0, 0, 0, 0, 0, 0, 0, 0, 2, 144, 0, 0, 0, 0, 0, 0, 0, 0, 0, 0, 0, 0, 0]",1,128,144.0,864.0,874988341,874999605,874999645,875002173,0,137215,137215,-1,1,11264,2528,2,512,512,2
16,3,"[2, 144, 0, 0, 0, 0, 0, 0, 0, 0, 0, 0, 0, 0, 0, 4, 0, 0, 0, 0, 0, 0, 0, 0, 0, 0, 0, 0, 0, 0]",1,128,144.0,580.0,875127864,875139789,875139388,875141756,0,366813,366813,-1,1,11925,2368,2,512,512,2
12,3,"[2, 144, 0, 0, 0, 0, 0, 0, 0, 0, 0, 0, 0, 0, 0, 2, 144, 0, 0, 0, 0, 0, 0, 0, 0, 0, 0, 0, 0, 0]",1,128,144.0,864.0,875494365,875509435,875508569,875511609,0,148351,148351,-1,1,15070,3040,2,512,512,2
12,3,"[2, 144, 0, 0, 0, 0, 0, 0, 0, 0, 0, 0, 0, 0, 0, 2, 144, 0, 0, 0, 0, 0, 0, 0, 0, 0, 0, 0, 0, 0]",1,128,144.0,864.0,875647894,875660823,875659960,875663032,0,140191,140191,-1,1,12929,3072,2,512,512,2
16,3,"[2, 144, 1, 3, 3, 0, 0, 0, 0, 0, 0, 0, 0, 0, 0, 4, 0, 0, 0, 0, 0, 0, 0, 0, 0, 0, 0, 0, 0, 0]",3,128,1296.0,5188.0,875791825,875804071,875803223,875805302,0,141279,141279,-1,1,12246,2079,2,512,512,2
12,3,"[2, 144, 1, 3, 3, 0, 0, 0, 0, 0, 0, 0, 0, 0, 0, 2, 144, 1, 3, 3, 0, 0, 0, 0, 0, 0, 0, 0, 0, 0]",3,128,1296.0,7776.0,875935419,875946818,875946581,875948661,0,135263,135263,-1,1,11399,2080,2,512,512,2
12,3,"[2, 144, 1, 3, 3, 0, 0, 0, 0, 0, 0, 0, 0, 0, 0, 2, 144, 1, 3, 3, 0, 0, 0, 0, 0, 0, 0, 0, 0, 0]",3,128,1296.0,7776.0,876073201,876084572,876083924,876087156,0,183007,183007,-1,1,11371,3232,2,512,512,2
16,3,"[2, 144, 0, 0, 0, 0, 0, 0, 0, 0, 0, 0, 0, 0, 0, 4, 0, 0, 0, 0, 0, 0, 0, 0, 0, 0, 0, 0, 0, 0]",1,128,144.0,580.0,876250714,876272819,876270163,876272243,0,203806,203806,-1,1,22105,2080,2,512,512,2
12,3,"[2, 144, 0, 0, 0, 0, 0, 0, 0, 0, 0, 0, 0, 0, 0, 2, 144, 0, 0, 0, 0, 0, 0, 0, 0, 0, 0, 0, 0, 0]",1,128,144.0,864.0,876458424,876478109,876476049,876478577,0,168447,168447,-1,1,19685,2528,2,512,512,2
12,3,"[2, 144, 0, 0, 0, 0, 0, 0, 0, 0, 0, 0, 0, 0, 0, 2, 144, 0, 0, 0, 0, 0, 0, 0, 0, 0, 0, 0, 0, 0]",1,128,144.0,864.0,876633026,876648035,876647024,876650096,0,144382,144382,-1,1,15009,3072,2,512,512,2
16,3,"[2, 144, 0, 0, 0, 0, 0, 0, 0, 0, 0, 0, 0, 0, 0, 4, 0, 0, 0, 0, 0, 0, 0, 0, 0, 0, 0, 0, 0, 0]",1,128,144.0,580.0,876782346,876795121,876794478,876796527,0,137214,137214,-1,1,12775,2049,2,512,512,2
12,3,"[2, 144, 0, 0, 0, 0, 0, 0, 0, 0, 0, 0, 0, 0, 0, 2, 144, 0, 0, 0, 0, 0, 0, 0, 0, 0, 0, 0, 0, 0]",1,128,144.0,864.0,876922596,876934082,876933741,876935789,0,137151,137151,-1,1,11486,2048,2,512,512,2
12,3,"[2, 144, 0, 0, 0, 0, 0, 0, 0, 0, 0, 0, 0, 0, 0, 2, 144, 0, 0, 0, 0, 0, 0, 0, 0, 0, 0, 0, 0, 0]",1,128,144.0,864.0,877060916,877072713,877072940,877075052,0,138623,138623,-1,1,11797,2112,2,512,512,2
16,3,"[2, 24, 144, 1, 1, 0, 0, 0, 0, 0, 0, 0, 0, 0, 0, 4, 0, 0, 0, 0, 0, 0, 0, 0, 0, 0, 0, 0, 0, 0]",7,128,3456.0,13828.0,877201806,877213776,877213675,877216139,0,137439,137439,-1,1,11970,2464,2,512,512,2
12,3,"[2, 24, 144, 1, 1, 0, 0, 0, 0, 0, 0, 0, 0, 0, 0, 2, 24, 144, 1, 1, 0, 0, 0, 0, 0, 0, 0, 0, 0, 0]",7,128,3456.0,20736.0,877342790,877354140,877353578,877356650,0,153855,153855,-1,1,11350,3072,2,512,512,2
12,3,"[2, 24, 144, 1, 1, 0, 0, 0, 0, 0, 0, 0, 0, 0, 0, 2, 24, 144, 1, 1, 0, 0, 0, 0, 0, 0, 0, 0, 0, 0]",7,128,3456.0,20736.0,877497611,877510527,877510505,877513001,0,135487,135487,-1,1,12916,2496,2,512,512,2
16,3,"[2, 24, 0, 0, 0, 0, 0, 0, 0, 0, 0, 0, 0, 0, 0, 4, 0, 0, 0, 0, 0, 0, 0, 0, 0, 0, 0, 0, 0, 0]",1,128,24.0,100.0,877637256,877648998,877648488,877650536,0,137214,137214,-1,1,11742,2048,2,512,512,2
12,3,"[2, 24, 0, 0, 0, 0, 0, 0, 0, 0, 0, 0, 0, 0, 0, 2, 24, 0, 0, 0, 0, 0, 0, 0, 0, 0, 0, 0, 0, 0]",1,128,24.0,144.0,877776892,877788461,877787750,877789798,0,145119,145119,-1,1,11569,2048,2,512,512,2
12,3,"[2, 24, 0, 0, 0, 0, 0, 0, 0, 0, 0, 0, 0, 0, 0, 2, 24, 0, 0, 0, 0, 0, 0, 0, 0, 0, 0, 0, 0, 0]",1,128,24.0,144.0,877922566,877934832,877934917,877937253,0,136959,136959,-1,1,12266,2336,2,512,512,2
16,3,"[2, 24, 0, 0, 0, 0, 0, 0, 0, 0, 0, 0, 0, 0, 0, 4, 0, 0, 0, 0, 0, 0, 0, 0, 0, 0, 0, 0, 0, 0]",1,128,24.0,100.0,878062378,878074634,878074212,878076516,0,136511,136511,-1,1,12256,2304,2,512,512,2
12,3,"[2, 24, 0, 0, 0, 0, 0, 0, 0, 0, 0, 0, 0, 0, 0, 2, 24, 0, 0, 0, 0, 0, 0, 0, 0, 0, 0, 0, 0, 0]",1,128,24.0,144.0,878201378,878212956,878213027,878215491,0,145663,145663,-1,1,11578,2464,2,512,512,2
12,3,"[2, 24, 0, 0, 0, 0, 0, 0, 0, 0, 0, 0, 0, 0, 0, 2, 24, 0, 0, 0, 0, 0, 0, 0, 0, 0, 0, 0, 0, 0]",1,128,24.0,144.0,878349785,878361399,878361154,878363234,0,138367,138367,-1,1,11614,2080,2,512,512,2
16,3,"[2, 144, 24, 1, 1, 0, 0, 0, 0, 0, 0, 0, 0, 0, 0, 4, 0, 0, 0, 0, 0, 0, 0, 0, 0, 0, 0, 0, 0, 0]",7,128,3456.0,13828.0,878489898,878501495,878501601,878504065,0,139423,139423,-1,1,11597,2464,2,512,512,2
12,3,"[2, 144, 24, 1, 1, 0, 0, 0, 0, 0, 0, 0, 0, 0, 0, 2, 144, 24, 1, 1, 0, 0, 0, 0, 0, 0, 0, 0, 0, 0]",7,128,3456.0,20736.0,878632269,878643518,878643488,878645856,0,138462,138462,-1,1,11249,2368,2,512,512,2
12,3,"[2, 144, 24, 1, 1, 0, 0, 0, 0, 0, 0, 0, 0, 0, 0, 2, 144, 24, 1, 1, 0, 0, 0, 0, 0, 0, 0, 0, 0, 0]",7,128,3456.0,20736.0,878772303,878784414,878784318,878786846,0,161119,161119,-1,1,12111,2528,2,512,512,2
16,3,"[2, 144, 0, 0, 0, 0, 0, 0, 0, 0, 0, 0, 0, 0, 0, 4, 0, 0, 0, 0, 0, 0, 0, 0, 0, 0, 0, 0, 0, 0]",1,128,144.0,580.0,878934349,878948648,878947965,878950397,0,139871,139871,-1,1,14299,2432,2,512,512,2
12,3,"[2, 144, 0, 0, 0, 0, 0, 0, 0, 0, 0, 0, 0, 0, 0, 2, 144, 0, 0, 0, 0, 0, 0, 0, 0, 0, 0, 0, 0, 0]",1,128,144.0,864.0,879079313,879090582,879090268,879092316,0,154687,154687,-1,1,11269,2048,2,512,512,2
12,3,"[2, 144, 0, 0, 0, 0, 0, 0, 0, 0, 0, 0, 0, 0, 0, 2, 144, 0, 0, 0, 0, 0, 0, 0, 0, 0, 0, 0, 0, 0]",1,128,144.0,864.0,879220607,879247498,879247003,879249595,0,137727,137727,-1,1,26891,2592,2,512,512,2
16,3,"[2, 144, 0, 0, 0, 0, 0, 0, 0, 0, 0, 0, 0, 0, 0, 4, 0, 0, 0, 0, 0, 0, 0, 0, 0, 0, 0, 0, 0, 0]",1,128,144.0,580.0,879376419,879388228,879387322,879390457,0,135775,135775,-1,1,11809,3135,2,512,512,2
12,3,"[2, 144, 0, 0, 0, 0, 0, 0, 0, 0, 0, 0, 0, 0, 0, 2, 144, 0, 0, 0, 0, 0, 0, 0, 0, 0, 0, 0, 0, 0]",1,128,144.0,864.0,879515104,879526251,879526232,879528536,0,135135,135135,-1,1,11147,2304,2,512,512,2
12,3,"[2, 144, 0, 0, 0, 0, 0, 0, 0, 0, 0, 0, 0, 0, 0, 2, 144, 0, 0, 0, 0, 0, 0, 0, 0, 0, 0, 0, 0, 0]",1,128,144.0,864.0,879652850,879664301,879663671,879665751,0,141279,141279,-1,1,11451,2080,2,512,512,2
16,3,"[2, 144, 1, 3, 3, 0, 0, 0, 0, 0, 0, 0, 0, 0, 0, 4, 0, 0, 0, 0, 0, 0, 0, 0, 0, 0, 0, 0, 0, 0]",3,128,1296.0,5188.0,879794877,879807556,879807030,879809110,0,139199,139199,-1,1,12679,2080,2,512,512,2
12,3,"[2, 144, 1, 3, 3, 0, 0, 0, 0, 0, 0, 0, 0, 0, 0, 2, 144, 1, 3, 3, 0, 0, 0, 0, 0, 0, 0, 0, 0, 0]",3,128,1296.0,7776.0,879936458,879947820,879948309,879950421,0,139199,139199,-1,1,11362,2112,2,512,512,2
12,3,"[2, 144, 1, 3, 3, 0, 0, 0, 0, 0, 0, 0, 0, 0, 0, 2, 144, 1, 3, 3, 0, 0, 0, 0, 0, 0, 0, 0, 0, 0]",3,128,1296.0,7776.0,880078184,880089523,880089620,880091732,0,148479,148479,-1,1,11339,2112,2,512,512,2
16,3,"[2, 144, 0, 0, 0, 0, 0, 0, 0, 0, 0, 0, 0, 0, 0, 4, 0, 0, 0, 0, 0, 0, 0, 0, 0, 0, 0, 0, 0, 0]",1,128,144.0,580.0,880228075,880240314,880240211,880242643,0,135454,135454,-1,1,12239,2432,2,512,512,2
12,3,"[2, 144, 0, 0, 0, 0, 0, 0, 0, 0, 0, 0, 0, 0, 0, 2, 144, 0, 0, 0, 0, 0, 0, 0, 0, 0, 0, 0, 0, 0]",1,128,144.0,864.0,880367170,880378067,880378097,880380498,0,134335,134335,-1,1,10897,2401,2,512,512,2
12,3,"[2, 144, 0, 0, 0, 0, 0, 0, 0, 0, 0, 0, 0, 0, 0, 2, 144, 0, 0, 0, 0, 0, 0, 0, 0, 0, 0, 0, 0, 0]",1,128,144.0,864.0,880503288,880514477,880514833,880517328,0,135551,135551,-1,1,11189,2495,2,512,512,2
16,3,"[2, 144, 0, 0, 0, 0, 0, 0, 0, 0, 0, 0, 0, 0, 0, 4, 0, 0, 0, 0, 0, 0, 0, 0, 0, 0, 0, 0, 0, 0]",1,128,144.0,580.0,880641951,880653500,880652879,880654927,0,135135,135135,-1,1,11549,2048,2,512,512,2
12,3,"[2, 144, 0, 0, 0, 0, 0, 0, 0, 0, 0, 0, 0, 0, 0, 2, 144, 0, 0, 0, 0, 0, 0, 0, 0, 0, 0, 0, 0, 0]",1,128,144.0,864.0,880778720,880790014,880790062,880792142,0,140927,140927,-1,1,11294,2080,2,512,512,2
12,3,"[2, 144, 0, 0, 0, 0, 0, 0, 0, 0, 0, 0, 0, 0, 0, 2, 144, 0, 0, 0, 0, 0, 0, 0, 0, 0, 0, 0, 0, 0]",1,128,144.0,864.0,880921340,880932923,880933069,880935501,0,151071,151071,-1,1,11583,2432,2,512,512,2
16,3,"[2, 32, 144, 1, 1, 0, 0, 0, 0, 0, 0, 0, 0, 0, 0, 4, 0, 0, 0, 0, 0, 0, 0, 0, 0, 0, 0, 0, 0, 0]",9,128,4608.0,18436.0,881074128,881086916,881086572,881089036,0,206590,206590,-1,1,12788,2464,2,512,512,2
12,3,"[2, 32, 144, 1, 1, 0, 0, 0, 0, 0, 0, 0, 0, 0, 0, 2, 32, 144, 1, 1, 0, 0, 0, 0, 0, 0, 0, 0, 0, 0]",9,128,4608.0,27648.0,881278975,881296621,881295626,881297994,0,151679,151679,-1,1,17646,2368,2,512,512,2
12,3,"[2, 32, 144, 1, 1, 0, 0, 0, 0, 0, 0, 0, 0, 0, 0, 2, 32, 144, 1, 1, 0, 0, 0, 0, 0, 0, 0, 0, 0, 0]",9,128,4608.0,27648.0,881437591,881450224,881449673,881452745,0,154079,154079,-1,1,12633,3072,2,512,512,2
16,3,"[2, 32, 0, 0, 0, 0, 0, 0, 0, 0, 0, 0, 0, 0, 0, 4, 0, 0, 0, 0, 0, 0, 0, 0, 0, 0, 0, 0, 0, 0]",1,128,32.0,132.0,881593720,881607514,881606824,881609255,0,366590,366590,-1,1,13794,2431,2,512,512,2
12,3,"[2, 32, 0, 0, 0, 0, 0, 0, 0, 0, 0, 0, 0, 0, 0, 2, 32, 0, 0, 0, 0, 0, 0, 0, 0, 0, 0, 0, 0, 0]",1,128,32.0,192.0,881961018,881976750,881975845,881977925,0,146942,146942,-1,1,15732,2080,2,512,512,2
12,3,"[2, 32, 0, 0, 0, 0, 0, 0, 0, 0, 0, 0, 0, 0, 0, 2, 32, 0, 0, 0, 0, 0, 0, 0, 0, 0, 0, 0, 0, 0]",1,128,32.0,192.0,882112473,882124965,882124867,882127331,0,157759,157759,-1,1,12492,2464,2,512,512,2
16,3,"[2, 32, 0, 0, 0, 0, 0, 0, 0, 0, 0, 0, 0, 0, 0, 4, 0, 0, 0, 0, 0, 0, 0, 0, 0, 0, 0, 0, 0, 0]",1,128,32.0,132.0,882273350,882285845,882285090,882287170,0,150943,150943,-1,1,12495,2080,2,512,512,2
12,3,"[2, 32, 0, 0, 0, 0, 0, 0, 0, 0, 0, 0, 0, 0, 0, 2, 32, 0, 0, 0, 0, 0, 0, 0, 0, 0, 0, 0, 0, 0]",1,128,32.0,192.0,882425143,882438175,882438113,882440545,0,139231,139231,-1,1,13032,2432,2,512,512,2
12,3,"[2, 32, 0, 0, 0, 0, 0, 0, 0, 0, 0, 0, 0, 0, 0, 2, 32, 0, 0, 0, 0, 0, 0, 0, 0, 0, 0, 0, 0, 0]",1,128,32.0,192.0,882568427,882579726,882579776,882582080,0,139582,139582,-1,1,11299,2304,2,512,512,2
16,3,"[2, 192, 32, 1, 1, 0, 0, 0, 0, 0, 0, 0, 0, 0, 0, 4, 0, 0, 0, 0, 0, 0, 0, 0, 0, 0, 0, 0, 0, 0]",12,128,6144.0,24580.0,882710190,882722453,882721662,882724799,0,161662,161662,-1,1,12263,3137,2,512,512,2
12,3,"[2, 192, 32, 1, 1, 0, 0, 0, 0, 0, 0, 0, 0, 0, 0, 2, 192, 32, 1, 1, 0, 0, 0, 0, 0, 0, 0, 0, 0, 0]",12,128,6144.0,36864.0,882876374,882886024,882886461,882888957,0,94879,94879,-1,1,9650,2496,2,512,512,2
12,3,"[2, 192, 32, 1, 1, 0, 0, 0, 0, 0, 0, 0, 0, 0, 0, 2, 192, 32, 1, 1, 0, 0, 0, 0, 0, 0, 0, 0, 0, 0]",12,128,6144.0,36864.0,882975731,882983955,882983836,882986908,0,101024,101024,-1,1,8224,3072,2,512,512,2
16,3,"[2, 192, 0, 0, 0, 0, 0, 0, 0, 0, 0, 0, 0, 0, 0, 4, 0, 0, 0, 0, 0, 0, 0, 0, 0, 0, 0, 0, 0, 0]",1,128,192.0,772.0,883078978,883087708,883087932,883089980,0,90143,90143,-1,1,8730,2048,2,512,512,2
12,3,"[2, 192, 0, 0, 0, 0, 0, 0, 0, 0, 0, 0, 0, 0, 0, 2, 192, 0, 0, 0, 0, 0, 0, 0, 0, 0, 0, 0, 0, 0]",1,128,192.0,1152.0,883172166,883180266,883180123,883183291,0,90463,90463,-1,1,8100,3168,2,512,512,2
12,3,"[2, 192, 0, 0, 0, 0, 0, 0, 0, 0, 0, 0, 0, 0, 0, 2, 192, 0, 0, 0, 0, 0, 0, 0, 0, 0, 0, 0, 0, 0]",1,128,192.0,1152.0,883265020,883273107,883273754,883276250,0,88127,88127,-1,1,8087,2496,2,512,512,2
16,3,"[2, 192, 0, 0, 0, 0, 0, 0, 0, 0, 0, 0, 0, 0, 0, 4, 0, 0, 0, 0, 0, 0, 0, 0, 0, 0, 0, 0, 0, 0]",1,128,192.0,772.0,883355744,883363742,883364377,883366457,0,89760,89760,-1,1,7998,2080,2,512,512,2
12,3,"[2, 192, 0, 0, 0, 0, 0, 0, 0, 0, 0, 0, 0, 0, 0, 2, 192, 0, 0, 0, 0, 0, 0, 0, 0, 0, 0, 0, 0, 0]",1,128,192.0,1152.0,883447967,883455547,883456217,883458617,0,87487,87487,-1,1,7580,2400,2,512,512,2
12,3,"[2, 192, 0, 0, 0, 0, 0, 0, 0, 0, 0, 0, 0, 0, 0, 2, 192, 0, 0, 0, 0, 0, 0, 0, 0, 0, 0, 0, 0, 0]",1,128,192.0,1152.0,883537076,883545240,883546104,883548600,0,100031,100031,-1,1,8164,2496,2,512,512,2
16,3,"[2, 192, 1, 3, 3, 0, 0, 0, 0, 0, 0, 0, 0, 0, 0, 4, 0, 0, 0, 0, 0, 0, 0, 0, 0, 0, 0, 0, 0, 0]",4,128,1728.0,6916.0,883639560,883647964,883648631,883651127,0,101983,101983,-1,1,8404,2496,2,512,512,2
12,3,"[2, 192, 1, 3, 3, 0, 0, 0, 0, 0, 0, 0, 0, 0, 0, 2, 192, 1, 3, 3, 0, 0, 0, 0, 0, 0, 0, 0, 0, 0]",4,128,1728.0,10368.0,883742837,883752463,883753110,883755574,0,91680,91680,-1,1,9626,2464,2,512,512,2
12,3,"[2, 192, 1, 3, 3, 0, 0, 0, 0, 0, 0, 0, 0, 0, 0, 2, 192, 1, 3, 3, 0, 0, 0, 0, 0, 0, 0, 0, 0, 0]",4,128,1728.0,10368.0,883838595,883846677,883847254,883849749,0,96704,96704,-1,1,8082,2495,2,512,512,2
16,3,"[2, 192, 0, 0, 0, 0, 0, 0, 0, 0, 0, 0, 0, 0, 0, 4, 0, 0, 0, 0, 0, 0, 0, 0, 0, 0, 0, 0, 0, 0]",1,128,192.0,772.0,883938537,883946622,883946453,883949493,0,86655,86655,-1,1,8085,3040,2,512,512,2
12,3,"[2, 192, 0, 0, 0, 0, 0, 0, 0, 0, 0, 0, 0, 0, 0, 2, 192, 0, 0, 0, 0, 0, 0, 0, 0, 0, 0, 0, 0, 0]",1,128,192.0,1152.0,884028647,884036152,884036148,884038196,0,89951,89951,-1,1,7505,2048,2,512,512,2
12,3,"[2, 192, 0, 0, 0, 0, 0, 0, 0, 0, 0, 0, 0, 0, 0, 2, 192, 0, 0, 0, 0, 0, 0, 0, 0, 0, 0, 0, 0, 0]",1,128,192.0,1152.0,884119685,884127533,884128147,884130355,0,85983,85983,-1,1,7848,2208,2,512,512,2
16,3,"[2, 192, 0, 0, 0, 0, 0, 0, 0, 0, 0, 0, 0, 0, 0, 4, 0, 0, 0, 0, 0, 0, 0, 0, 0, 0, 0, 0, 0, 0]",1,128,192.0,772.0,884208110,884215852,884216338,884218419,0,95935,95935,-1,1,7742,2081,2,512,512,2
12,3,"[2, 192, 0, 0, 0, 0, 0, 0, 0, 0, 0, 0, 0, 0, 0, 2, 192, 0, 0, 0, 0, 0, 0, 0, 0, 0, 0, 0, 0, 0]",1,128,192.0,1152.0,884305845,884313836,884314354,884316722,0,89759,89759,-1,1,7991,2368,2,512,512,2
12,3,"[2, 192, 0, 0, 0, 0, 0, 0, 0, 0, 0, 0, 0, 0, 0, 2, 192, 0, 0, 0, 0, 0, 0, 0, 0, 0, 0, 0, 0, 0]",1,128,192.0,1152.0,884398041,884405738,884406481,884408881,0,88095,88095,-1,1,7697,2400,2,512,512,2
16,3,"[2, 32, 192, 1, 1, 0, 0, 0, 0, 0, 0, 0, 0, 0, 0, 4, 0, 0, 0, 0, 0, 0, 0, 0, 0, 0, 0, 0, 0, 0]",12,128,6144.0,24580.0,884489147,884497643,884496976,884500464,0,88864,88864,-1,1,8496,3488,2,512,512,2
12,3,"[2, 32, 192, 1, 1, 0, 0, 0, 0, 0, 0, 0, 0, 0, 0, 2, 32, 192, 1, 1, 0, 0, 0, 0, 0, 0, 0, 0, 0, 0]",12,128,6144.0,36864.0,884581370,884589291,884589328,884592368,0,89183,89183,-1,1,7921,3040,2,512,512,2
12,3,"[2, 32, 192, 1, 1, 0, 0, 0, 0, 0, 0, 0, 0, 0, 0, 2, 32, 192, 1, 1, 0, 0, 0, 0, 0, 0, 0, 0, 0, 0]",12,128,6144.0,36864.0,884674011,884681400,884681551,884684623,0,86239,86239,-1,1,7389,3072,2,512,512,2
16,3,"[2, 32, 0, 0, 0, 0, 0, 0, 0, 0, 0, 0, 0, 0, 0, 4, 0, 0, 0, 0, 0, 0, 0, 0, 0, 0, 0, 0, 0, 0]",1,128,32.0,132.0,884762395,884770110,884770862,884773262,0,108703,108703,-1,1,7715,2400,2,512,512,2
12,3,"[2, 32, 0, 0, 0, 0, 0, 0, 0, 0, 0, 0, 0, 0, 0, 2, 32, 0, 0, 0, 0, 0, 0, 0, 0, 0, 0, 0, 0, 0]",1,128,32.0,192.0,884873763,884881970,884881965,884884013,0,90047,90047,-1,1,8207,2048,2,512,512,2
12,3,"[2, 32, 0, 0, 0, 0, 0, 0, 0, 0, 0, 0, 0, 0, 0, 2, 32, 0, 0, 0, 0, 0, 0, 0, 0, 0, 0, 0, 0, 0]",1,128,32.0,192.0,884965764,884973434,884974060,884976172,0,90080,90080,-1,1,7670,2112,2,512,512,2
16,3,"[2, 32, 0, 0, 0, 0, 0, 0, 0, 0, 0, 0, 0, 0, 0, 4, 0, 0, 0, 0, 0, 0, 0, 0, 0, 0, 0, 0, 0, 0]",1,128,32.0,132.0,885057237,885066060,885066252,885068332,0,87807,87807,-1,1,8823,2080,2,512,512,2
12,3,"[2, 32, 0, 0, 0, 0, 0, 0, 0, 0, 0, 0, 0, 0, 0, 2, 32, 0, 0, 0, 0, 0, 0, 0, 0, 0, 0, 0, 0, 0]",1,128,32.0,192.0,885147939,885155442,885156139,885158443,0,87199,87199,-1,1,7503,2304,2,512,512,2
12,3,"[2, 32, 0, 0, 0, 0, 0, 0, 0, 0, 0, 0, 0, 0, 0, 2, 32, 0, 0, 0, 0, 0, 0, 0, 0, 0, 0, 0, 0, 0]",1,128,32.0,192.0,885237125,885244897,885245642,885248106,0,88511,88511,-1,1,7772,2464,2,512,512,2
16,3,"[2, 192, 32, 1, 1, 0, 0, 0, 0, 0, 0, 0, 0, 0, 0, 4, 0, 0, 0, 0, 0, 0, 0, 0, 0, 0, 0, 0, 0, 0]",12,128,6144.0,24580.0,885328443,885336225,885336617,885338665,0,89472,89472,-1,1,7782,2048,2,512,512,2
12,3,"[2, 192, 32, 1, 1, 0, 0, 0, 0, 0, 0, 0, 0, 0, 0, 2, 192, 32, 1, 1, 0, 0, 0, 0, 0, 0, 0, 0, 0, 0]",12,128,6144.0,36864.0,885419691,885427479,885428137,885430633,0,100511,100511,-1,1,7788,2496,2,512,512,2
12,3,"[2, 192, 32, 1, 1, 0, 0, 0, 0, 0, 0, 0, 0, 0, 0, 2, 192, 32, 1, 1, 0, 0, 0, 0, 0, 0, 0, 0, 0, 0]",12,128,6144.0,36864.0,885522203,885530775,885531144,885533224,0,89183,89183,-1,1,8572,2080,2,512,512,2
16,3,"[2, 192, 0, 0, 0, 0, 0, 0, 0, 0, 0, 0, 0, 0, 0, 4, 0, 0, 0, 0, 0, 0, 0, 0, 0, 0, 0, 0, 0, 0]",1,128,192.0,772.0,885612978,885621980,885622407,885625351,0,86015,86015,-1,1,9002,2944,2,512,512,2
12,3,"[2, 192, 0, 0, 0, 0, 0, 0, 0, 0, 0, 0, 0, 0, 0, 2, 192, 0, 0, 0, 0, 0, 0, 0, 0, 0, 0, 0, 0, 0]",1,128,192.0,1152.0,885703888,885711209,885711366,885714471,0,84831,84831,-1,1,7321,3105,2,512,512,2
12,3,"[2, 192, 0, 0, 0, 0, 0, 0, 0, 0, 0, 0, 0, 0, 0, 2, 192, 0, 0, 0, 0, 0, 0, 0, 0, 0, 0, 0, 0, 0]",1,128,192.0,1152.0,885791140,885798471,885799302,885801510,0,90239,90239,-1,1,7331,2208,2,512,512,2
16,3,"[2, 192, 0, 0, 0, 0, 0, 0, 0, 0, 0, 0, 0, 0, 0, 4, 0, 0, 0, 0, 0, 0, 0, 0, 0, 0, 0, 0, 0, 0]",1,128,192.0,772.0,885882995,885891681,885891749,885895077,0,87711,87711,-1,1,8686,3328,2,512,512,2
12,3,"[2, 192, 0, 0, 0, 0, 0, 0, 0, 0, 0, 0, 0, 0, 0, 2, 192, 0, 0, 0, 0, 0, 0, 0, 0, 0, 0, 0, 0, 0]",1,128,192.0,1152.0,885974347,885982042,885982788,885985284,0,98751,98751,-1,1,7695,2496,2,512,512,2
12,3,"[2, 192, 0, 0, 0, 0, 0, 0, 0, 0, 0, 0, 0, 0, 0, 2, 192, 0, 0, 0, 0, 0, 0, 0, 0, 0, 0, 0, 0, 0]",1,128,192.0,1152.0,886075039,886083329,886084035,886086179,0,231710,231710,-1,1,8290,2144,2,512,512,2
16,3,"[2, 192, 1, 3, 3, 0, 0, 0, 0, 0, 0, 0, 0, 0, 0, 4, 0, 0, 0, 0, 0, 0, 0, 0, 0, 0, 0, 0, 0, 0]",4,128,1728.0,6916.0,886307325,886317961,886317889,886321154,0,102687,102687,-1,1,10636,3265,2,512,512,2
12,3,"[2, 192, 1, 3, 3, 0, 0, 0, 0, 0, 0, 0, 0, 0, 0, 2, 192, 1, 3, 3, 0, 0, 0, 0, 0, 0, 0, 0, 0, 0]",4,128,1728.0,10368.0,886414299,886423376,886423841,886426145,0,93567,93567,-1,1,9077,2304,2,512,512,2
12,3,"[2, 192, 1, 3, 3, 0, 0, 0, 0, 0, 0, 0, 0, 0, 0, 2, 192, 1, 3, 3, 0, 0, 0, 0, 0, 0, 0, 0, 0, 0]",4,128,1728.0,10368.0,886511427,886519067,886519712,886522208,0,88319,88319,-1,1,7640,2496,2,512,512,2
16,3,"[2, 192, 0, 0, 0, 0, 0, 0, 0, 0, 0, 0, 0, 0, 0, 4, 0, 0, 0, 0, 0, 0, 0, 0, 0, 0, 0, 0, 0, 0]",1,128,192.0,772.0,886601880,886610551,886610527,886614367,0,94623,94623,-1,1,8671,3840,2,512,512,2
12,3,"[2, 192, 0, 0, 0, 0, 0, 0, 0, 0, 0, 0, 0, 0, 0, 2, 192, 0, 0, 0, 0, 0, 0, 0, 0, 0, 0, 0, 0, 0]",1,128,192.0,1152.0,886701055,886709167,886708990,886712094,0,94944,94944,-1,1,8112,3104,2,512,512,2
12,3,"[2, 192, 0, 0, 0, 0, 0, 0, 0, 0, 0, 0, 0, 0, 0, 2, 192, 0, 0, 0, 0, 0, 0, 0, 0, 0, 0, 0, 0, 0]",1,128,192.0,1152.0,886792552,886807378,886807038,886809117,0,98304,98304,-1,1,14826,2079,2,512,512,2
16,3,"[2, 192, 0, 0, 0, 0, 0, 0, 0, 0, 0, 0, 0, 0, 0, 4, 0, 0, 0, 0, 0, 0, 0, 0, 0, 0, 0, 0, 0, 0]",1,128,192.0,772.0,886897696,886907457,886907421,886909469,0,91199,91199,-1,1,9761,2048,2,512,512,2
12,3,"[2, 192, 0, 0, 0, 0, 0, 0, 0, 0, 0, 0, 0, 0, 0, 2, 192, 0, 0, 0, 0, 0, 0, 0, 0, 0, 0, 0, 0, 0]",1,128,192.0,1152.0,886992263,887000013,887000668,887003100,0,88607,88607,-1,1,7750,2432,2,512,512,2
12,3,"[2, 192, 0, 0, 0, 0, 0, 0, 0, 0, 0, 0, 0, 0, 0, 2, 192, 0, 0, 0, 0, 0, 0, 0, 0, 0, 0, 0, 0, 0]",1,128,192.0,1152.0,887083810,887091376,887091707,887093787,0,90047,90047,-1,1,7566,2080,2,512,512,2
16,3,"[2, 32, 192, 1, 1, 0, 0, 0, 0, 0, 0, 0, 0, 0, 0, 4, 0, 0, 0, 0, 0, 0, 0, 0, 0, 0, 0, 0, 0, 0]",12,128,6144.0,24580.0,887175357,887183394,887183834,887185946,0,90080,90080,-1,1,8037,2112,2,512,512,2
12,3,"[2, 32, 192, 1, 1, 0, 0, 0, 0, 0, 0, 0, 0, 0, 0, 2, 32, 192, 1, 1, 0, 0, 0, 0, 0, 0, 0, 0, 0, 0]",12,128,6144.0,36864.0,887268337,887275811,887276026,887278106,0,96351,96351,-1,1,7474,2080,2,512,512,2
12,3,"[2, 32, 192, 1, 1, 0, 0, 0, 0, 0, 0, 0, 0, 0, 0, 2, 32, 192, 1, 1, 0, 0, 0, 0, 0, 0, 0, 0, 0, 0]",12,128,6144.0,36864.0,887366582,887374434,887374457,887377497,0,88991,88991,-1,1,7852,3040,2,512,512,2
16,3,"[2, 32, 0, 0, 0, 0, 0, 0, 0, 0, 0, 0, 0, 0, 0, 4, 0, 0, 0, 0, 0, 0, 0, 0, 0, 0, 0, 0, 0, 0]",1,128,32.0,132.0,887458486,887466532,887466488,887468568,0,88096,88096,-1,1,8046,2080,2,512,512,2
12,3,"[2, 32, 0, 0, 0, 0, 0, 0, 0, 0, 0, 0, 0, 0, 0, 2, 32, 0, 0, 0, 0, 0, 0, 0, 0, 0, 0, 0, 0, 0]",1,128,32.0,192.0,887548934,887556545,887556664,887558680,0,89887,89887,-1,1,7611,2016,2,512,512,2
12,3,"[2, 32, 0, 0, 0, 0, 0, 0, 0, 0, 0, 0, 0, 0, 0, 2, 32, 0, 0, 0, 0, 0, 0, 0, 0, 0, 0, 0, 0, 0]",1,128,32.0,192.0,887640082,887647952,887648567,887650839,0,88063,88063,-1,1,7870,2272,2,512,512,2
16,3,"[2, 32, 0, 0, 0, 0, 0, 0, 0, 0, 0, 0, 0, 0, 0, 4, 0, 0, 0, 0, 0, 0, 0, 0, 0, 0, 0, 0, 0, 0]",1,128,32.0,132.0,887730280,887738519,887738902,887740950,0,90079,90079,-1,1,8239,2048,2,512,512,2
12,3,"[2, 32, 0, 0, 0, 0, 0, 0, 0, 0, 0, 0, 0, 0, 0, 2, 32, 0, 0, 0, 0, 0, 0, 0, 0, 0, 0, 0, 0, 0]",1,128,32.0,192.0,887823151,887831195,887831029,887833109,0,98304,98304,-1,1,8044,2080,2,512,512,2
12,3,"[2, 32, 0, 0, 0, 0, 0, 0, 0, 0, 0, 0, 0, 0, 0, 2, 32, 0, 0, 0, 0, 0, 0, 0, 0, 0, 0, 0, 0, 0]",1,128,32.0,192.0,887922792,887930792,887931413,887933460,0,94208,94208,-1,1,8000,2047,2,512,512,2
16,3,"[2, 192, 32, 1, 1, 0, 0, 0, 0, 0, 0, 0, 0, 0, 0, 4, 0, 0, 0, 0, 0, 0, 0, 0, 0, 0, 0, 0, 0, 0]",12,128,6144.0,24580.0,888019035,888027713,888027668,888029716,0,90399,90399,-1,1,8678,2048,2,512,512,2
12,3,"[2, 192, 32, 1, 1, 0, 0, 0, 0, 0, 0, 0, 0, 0, 0, 2, 192, 32, 1, 1, 0, 0, 0, 0, 0, 0, 0, 0, 0, 0]",12,128,6144.0,36864.0,888112054,888120101,888120115,888123283,0,90271,90271,-1,1,8047,3168,2,512,512,2
12,3,"[2, 192, 32, 1, 1, 0, 0, 0, 0, 0, 0, 0, 0, 0, 0, 2, 192, 32, 1, 1, 0, 0, 0, 0, 0, 0, 0, 0, 0, 0]",12,128,6144.0,36864.0,888204768,888212932,888213554,888216082,0,87967,87967,-1,1,8164,2528,2,512,512,2
16,3,"[2, 192, 0, 0, 0, 0, 0, 0, 0, 0, 0, 0, 0, 0, 0, 4, 0, 0, 0, 0, 0, 0, 0, 0, 0, 0, 0, 0, 0, 0]",1,128,192.0,772.0,888295459,888303445,888304049,888306194,0,87551,87551,-1,1,7986,2145,2,512,512,2
12,3,"[2, 192, 0, 0, 0, 0, 0, 0, 0, 0, 0, 0, 0, 0, 0, 2, 192, 0, 0, 0, 0, 0, 0, 0, 0, 0, 0, 0, 0, 0]",1,128,192.0,1152.0,888385515,888393006,888393745,888396209,0,94623,94623,-1,1,7491,2464,2,512,512,2
12,3,"[2, 192, 0, 0, 0, 0, 0, 0, 0, 0, 0, 0, 0, 0, 0, 2, 192, 0, 0, 0, 0, 0, 0, 0, 0, 0, 0, 0, 0, 0]",1,128,192.0,1152.0,888482967,888490841,888490832,888493968,0,89855,89855,-1,1,7874,3136,2,512,512,2
16,3,"[2, 192, 0, 0, 0, 0, 0, 0, 0, 0, 0, 0, 0, 0, 0, 4, 0, 0, 0, 0, 0, 0, 0, 0, 0, 0, 0, 0, 0, 0]",1,128,192.0,772.0,888574996,888583383,888583823,888586255,0,86687,86687,-1,1,8387,2432,2,512,512,2
12,3,"[2, 192, 0, 0, 0, 0, 0, 0, 0, 0, 0, 0, 0, 0, 0, 2, 192, 0, 0, 0, 0, 0, 0, 0, 0, 0, 0, 0, 0, 0]",1,128,192.0,1152.0,888665414,888672782,888672942,888675982,0,86624,86624,-1,1,7368,3040,2,512,512,2
12,3,"[2, 192, 0, 0, 0, 0, 0, 0, 0, 0, 0, 0, 0, 0, 0, 2, 192, 0, 0, 0, 0, 0, 0, 0, 0, 0, 0, 0, 0, 0]",1,128,192.0,1152.0,888754306,888761901,888762606,888764942,0,90015,90015,-1,1,7595,2336,2,512,512,2
16,3,"[2, 192, 1, 3, 3, 0, 0, 0, 0, 0, 0, 0, 0, 0, 0, 4, 0, 0, 0, 0, 0, 0, 0, 0, 0, 0, 0, 0, 0, 0]",4,128,1728.0,6916.0,888845408,888854000,888854957,888857101,0,88095,88095,-1,1,8592,2144,2,512,512,2
12,3,"[2, 192, 1, 3, 3, 0, 0, 0, 0, 0, 0, 0, 0, 0, 0, 2, 192, 1, 3, 3, 0, 0, 0, 0, 0, 0, 0, 0, 0, 0]",4,128,1728.0,10368.0,888937205,888944678,888945196,888948236,0,88160,88160,-1,1,7473,3040,2,512,512,2
12,3,"[2, 192, 1, 3, 3, 0, 0, 0, 0, 0, 0, 0, 0, 0, 0, 2, 192, 1, 3, 3, 0, 0, 0, 0, 0, 0, 0, 0, 0, 0]",4,128,1728.0,10368.0,889027705,889036104,889036396,889038860,0,98175,98175,-1,1,8399,2464,2,512,512,2
16,3,"[2, 192, 0, 0, 0, 0, 0, 0, 0, 0, 0, 0, 0, 0, 0, 4, 0, 0, 0, 0, 0, 0, 0, 0, 0, 0, 0, 0, 0, 0]",1,128,192.0,772.0,889127061,889136252,889137035,889139627,0,90207,90207,-1,1,9191,2592,2,512,512,2
12,3,"[2, 192, 0, 0, 0, 0, 0, 0, 0, 0, 0, 0, 0, 0, 0, 2, 192, 0, 0, 0, 0, 0, 0, 0, 0, 0, 0, 0, 0, 0]",1,128,192.0,1152.0,889222129,889229673,889229834,889231882,0,88031,88031,-1,1,7544,2048,2,512,512,2
12,3,"[2, 192, 0, 0, 0, 0, 0, 0, 0, 0, 0, 0, 0, 0, 0, 2, 192, 0, 0, 0, 0, 0, 0, 0, 0, 0, 0, 0, 0, 0]",1,128,192.0,1152.0,889310968,889319408,889319913,889321993,0,87967,87967,-1,1,8440,2080,2,512,512,2
16,3,"[2, 192, 0, 0, 0, 0, 0, 0, 0, 0, 0, 0, 0, 0, 0, 4, 0, 0, 0, 0, 0, 0, 0, 0, 0, 0, 0, 0, 0, 0]",1,128,192.0,772.0,889401036,889410039,889409960,889412105,0,88063,88063,-1,1,9003,2145,2,512,512,2
12,3,"[2, 192, 0, 0, 0, 0, 0, 0, 0, 0, 0, 0, 0, 0, 0, 2, 192, 0, 0, 0, 0, 0, 0, 0, 0, 0, 0, 0, 0, 0]",1,128,192.0,1152.0,889492225,889499654,889500168,889502216,0,88127,88127,-1,1,7429,2048,2,512,512,2
12,3,"[2, 192, 0, 0, 0, 0, 0, 0, 0, 0, 0, 0, 0, 0, 0, 2, 192, 0, 0, 0, 0, 0, 0, 0, 0, 0, 0, 0, 0, 0]",1,128,192.0,1152.0,889582343,889590281,889590343,889593383,0,95551,95551,-1,1,7938,3040,2,512,512,2
16,3,"[2, 64, 192, 1, 1, 0, 0, 0, 0, 0, 0, 0, 0, 0, 0, 4, 0, 0, 0, 0, 0, 0, 0, 0, 0, 0, 0, 0, 0, 0]",24,128,12288.0,49156.0,889680675,889689042,889688934,889691974,0,88736,88736,-1,1,8367,3040,2,512,512,2
12,3,"[2, 64, 192, 1, 1, 0, 0, 0, 0, 0, 0, 0, 0, 0, 0, 2, 64, 192, 1, 1, 0, 0, 0, 0, 0, 0, 0, 0, 0, 0]",24,128,12288.0,73728.0,889772433,889780558,889780710,889783878,0,87199,87199,-1,1,8125,3168,2,512,512,2
12,3,"[2, 64, 192, 1, 1, 0, 0, 0, 0, 0, 0, 0, 0, 0, 0, 2, 64, 192, 1, 1, 0, 0, 0, 0, 0, 0, 0, 0, 0, 0]",24,128,12288.0,73728.0,889863548,889870909,889871077,889874533,0,86847,86847,-1,1,7361,3456,2,512,512,2
16,3,"[2, 64, 0, 0, 0, 0, 0, 0, 0, 0, 0, 0, 0, 0, 0, 4, 0, 0, 0, 0, 0, 0, 0, 0, 0, 0, 0, 0, 0, 0]",1,128,64.0,260.0,889953709,889961459,889961380,889964420,0,92799,92799,-1,1,7750,3040,2,512,512,2
12,3,"[2, 64, 0, 0, 0, 0, 0, 0, 0, 0, 0, 0, 0, 0, 0, 2, 64, 0, 0, 0, 0, 0, 0, 0, 0, 0, 0, 0, 0, 0]",1,128,64.0,384.0,890048796,890057024,890057219,890059267,0,235518,235518,-1,1,8228,2048,2,512,512,2
12,3,"[2, 64, 0, 0, 0, 0, 0, 0, 0, 0, 0, 0, 0, 0, 0, 2, 64, 0, 0, 0, 0, 0, 0, 0, 0, 0, 0, 0, 0, 0]",1,128,64.0,384.0,890284461,890295026,890294785,890296897,0,103680,103680,-1,1,10565,2112,2,512,512,2
16,3,"[2, 64, 0, 0, 0, 0, 0, 0, 0, 0, 0, 0, 0, 0, 0, 4, 0, 0, 0, 0, 0, 0, 0, 0, 0, 0, 0, 0, 0, 0]",1,128,64.0,260.0,890390726,890400161,890400577,890403008,0,90112,90112,-1,1,9435,2431,2,512,512,2
12,3,"[2, 64, 0, 0, 0, 0, 0, 0, 0, 0, 0, 0, 0, 0, 0, 2, 64, 0, 0, 0, 0, 0, 0, 0, 0, 0, 0, 0, 0, 0]",1,128,64.0,384.0,890484742,890492567,890493120,890495488,0,89151,89151,-1,1,7825,2368,2,512,512,2
12,3,"[2, 64, 0, 0, 0, 0, 0, 0, 0, 0, 0, 0, 0, 0, 0, 2, 64, 0, 0, 0, 0, 0, 0, 0, 0, 0, 0, 0, 0, 0]",1,128,64.0,384.0,890575932,890583560,890584639,890587039,0,88639,88639,-1,1,7628,2400,2,512,512,2
16,3,"[2, 384, 64, 1, 1, 0, 0, 0, 0, 0, 0, 0, 0, 0, 0, 4, 0, 0, 0, 0, 0, 0, 0, 0, 0, 0, 0, 0, 0, 0]",48,128,24576.0,98308.0,890666682,890675054,890675678,890677758,0,89919,89919,-1,1,8372,2080,2,512,512,2
12,3,"[2, 384, 64, 1, 1, 0, 0, 0, 0, 0, 0, 0, 0, 0, 0, 2, 384, 64, 1, 1, 0, 0, 0, 0, 0, 0, 0, 0, 0, 0]",48,128,24576.0,147456.0,890759369,890766899,890767677,890769917,0,104640,104640,-1,1,7530,2240,2,512,512,2
12,3,"[2, 384, 64, 1, 1, 0, 0, 0, 0, 0, 0, 0, 0, 0, 0, 2, 384, 64, 1, 1, 0, 0, 0, 0, 0, 0, 0, 0, 0, 0]",48,128,24576.0,147456.0,890865325,890875128,890874557,890877661,0,101311,101311,-1,1,9803,3104,2,512,512,2
16,3,"[2, 384, 0, 0, 0, 0, 0, 0, 0, 0, 0, 0, 0, 0, 0, 4, 0, 0, 0, 0, 0, 0, 0, 0, 0, 0, 0, 0, 0, 0]",1,128,384.0,1540.0,890969850,890979311,890978972,890982044,0,88895,88895,-1,1,9461,3072,2,512,512,2
12,3,"[2, 384, 0, 0, 0, 0, 0, 0, 0, 0, 0, 0, 0, 0, 0, 2, 384, 0, 0, 0, 0, 0, 0, 0, 0, 0, 0, 0, 0, 0]",1,128,384.0,2304.0,891062521,891070747,891070939,891073019,0,88063,88063,-1,1,8226,2080,2,512,512,2
12,3,"[2, 384, 0, 0, 0, 0, 0, 0, 0, 0, 0, 0, 0, 0, 0, 2, 384, 0, 0, 0, 0, 0, 0, 0, 0, 0, 0, 0, 0, 0]",1,128,384.0,2304.0,891152998,891160670,891161082,891164538,0,86112,86112,-1,1,7672,3456,2,512,512,2
16,3,"[2, 384, 0, 0, 0, 0, 0, 0, 0, 0, 0, 0, 0, 0, 0, 4, 0, 0, 0, 0, 0, 0, 0, 0, 0, 0, 0, 0, 0, 0]",1,128,384.0,1540.0,891241892,891250199,891250650,891253146,0,91327,91327,-1,1,8307,2496,2,512,512,2
12,3,"[2, 384, 0, 0, 0, 0, 0, 0, 0, 0, 0, 0, 0, 0, 0, 2, 384, 0, 0, 0, 0, 0, 0, 0, 0, 0, 0, 0, 0, 0]",1,128,384.0,2304.0,891332701,891343850,891344473,891346969,0,88511,88511,-1,1,11149,2496,2,512,512,2
12,3,"[2, 384, 0, 0, 0, 0, 0, 0, 0, 0, 0, 0, 0, 0, 0, 2, 384, 0, 0, 0, 0, 0, 0, 0, 0, 0, 0, 0, 0, 0]",1,128,384.0,2304.0,891426949,891435005,891435480,891437560,0,97951,97951,-1,1,8056,2080,2,512,512,2
16,3,"[2, 384, 1, 3, 3, 0, 0, 0, 0, 0, 0, 0, 0, 0, 0, 4, 0, 0, 0, 0, 0, 0, 0, 0, 0, 0, 0, 0, 0, 0]",7,128,3456.0,13828.0,891526845,891535095,891535511,891537911,0,89728,89728,-1,1,8250,2400,2,512,512,2
12,3,"[2, 384, 1, 3, 3, 0, 0, 0, 0, 0, 0, 0, 0, 0, 0, 2, 384, 1, 3, 3, 0, 0, 0, 0, 0, 0, 0, 0, 0, 0]",7,128,3456.0,20736.0,891619329,891627104,891627639,891630071,0,89311,89311,-1,1,7775,2432,2,512,512,2
12,3,"[2, 384, 1, 3, 3, 0, 0, 0, 0, 0, 0, 0, 0, 0, 0, 2, 384, 1, 3, 3, 0, 0, 0, 0, 0, 0, 0, 0, 0, 0]",7,128,3456.0,20736.0,891710550,891718634,891719382,891722070,0,94783,94783,-1,1,8084,2688,2,512,512,2
16,3,"[2, 384, 0, 0, 0, 0, 0, 0, 0, 0, 0, 0, 0, 0, 0, 4, 0, 0, 0, 0, 0, 0, 0, 0, 0, 0, 0, 0, 0, 0]",1,128,384.0,1540.0,891808266,891817014,891816853,891819893,0,88671,88671,-1,1,8748,3040,2,512,512,2
12,3,"[2, 384, 0, 0, 0, 0, 0, 0, 0, 0, 0, 0, 0, 0, 0, 2, 384, 0, 0, 0, 0, 0, 0, 0, 0, 0, 0, 0, 0, 0]",1,128,384.0,2304.0,891900092,891907985,891908564,891910644,0,88064,88064,-1,1,7893,2080,2,512,512,2
12,3,"[2, 384, 0, 0, 0, 0, 0, 0, 0, 0, 0, 0, 0, 0, 0, 2, 384, 0, 0, 0, 0, 0, 0, 0, 0, 0, 0, 0, 0, 0]",1,128,384.0,2304.0,891990772,891998258,891998708,892000756,0,88063,88063,-1,1,7486,2048,2,512,512,2
16,3,"[2, 384, 0, 0, 0, 0, 0, 0, 0, 0, 0, 0, 0, 0, 0, 4, 0, 0, 0, 0, 0, 0, 0, 0, 0, 0, 0, 0, 0, 0]",1,128,384.0,1540.0,892080649,892088290,892088819,892090867,0,102399,102399,-1,1,7641,2048,2,512,512,2
12,3,"[2, 384, 0, 0, 0, 0, 0, 0, 0, 0, 0, 0, 0, 0, 0, 2, 384, 0, 0, 0, 0, 0, 0, 0, 0, 0, 0, 0, 0, 0]",1,128,384.0,2304.0,892184817,892193361,892193266,892196498,0,88415,88415,-1,1,8544,3232,2,512,512,2
12,3,"[2, 384, 0, 0, 0, 0, 0, 0, 0, 0, 0, 0, 0, 0, 0, 2, 384, 0, 0, 0, 0, 0, 0, 0, 0, 0, 0, 0, 0, 0]",1,128,384.0,2304.0,892276757,892284136,892284913,892287409,0,89376,89376,-1,1,7379,2496,2,512,512,2
16,3,"[2, 64, 384, 1, 1, 0, 0, 0, 0, 0, 0, 0, 0, 0, 0, 4, 0, 0, 0, 0, 0, 0, 0, 0, 0, 0, 0, 0, 0, 0]",48,128,24576.0,98308.0,892367997,892376093,892376785,892379312,0,89536,89536,-1,1,8096,2527,2,512,512,2
12,3,"[2, 64, 384, 1, 1, 0, 0, 0, 0, 0, 0, 0, 0, 0, 0, 2, 64, 384, 1, 1, 0, 0, 0, 0, 0, 0, 0, 0, 0, 0]",48,128,24576.0,147456.0,892460591,892468208,892468848,892471472,0,88351,88351,-1,1,7617,2624,2,512,512,2
12,3,"[2, 64, 384, 1, 1, 0, 0, 0, 0, 0, 0, 0, 0, 0, 0, 2, 64, 384, 1, 1, 0, 0, 0, 0, 0, 0, 0, 0, 0, 0]",48,128,24576.0,147456.0,892551591,892559217,892559823,892561903,0,90079,90079,-1,1,7626,2080,2,512,512,2
16,3,"[2, 64, 0, 0, 0, 0, 0, 0, 0, 0, 0, 0, 0, 0, 0, 4, 0, 0, 0, 0, 0, 0, 0, 0, 0, 0, 0, 0, 0, 0]",1,128,64.0,260.0,892643345,892651566,892651982,892654062,0,98272,98272,-1,1,8221,2080,2,512,512,2
12,3,"[2, 64, 0, 0, 0, 0, 0, 0, 0, 0, 0, 0, 0, 0, 0, 2, 64, 0, 0, 0, 0, 0, 0, 0, 0, 0, 0, 0, 0, 0]",1,128,64.0,384.0,892743465,892751704,892752334,892754414,0,93919,93919,-1,1,8239,2080,2,512,512,2
12,3,"[2, 64, 0, 0, 0, 0, 0, 0, 0, 0, 0, 0, 0, 0, 0, 2, 64, 0, 0, 0, 0, 0, 0, 0, 0, 0, 0, 0, 0, 0]",1,128,64.0,384.0,892841335,892847300,892848333,892850669,0,65535,65535,-1,1,5965,2336,2,512,512,2
16,3,"[2, 64, 0, 0, 0, 0, 0, 0, 0, 0, 0, 0, 0, 0, 0, 4, 0, 0, 0, 0, 0, 0, 0, 0, 0, 0, 0, 0, 0, 0]",1,128,64.0,260.0,892908154,892915141,892916204,892918252,0,63488,63488,-1,1,6987,2048,2,512,512,2
12,3,"[2, 64, 0, 0, 0, 0, 0, 0, 0, 0, 0, 0, 0, 0, 0, 2, 64, 0, 0, 0, 0, 0, 0, 0, 0, 0, 0, 0, 0, 0]",1,128,64.0,384.0,892975207,892980965,892981740,892983788,0,60927,60927,-1,1,5758,2048,2,512,512,2
12,3,"[2, 64, 0, 0, 0, 0, 0, 0, 0, 0, 0, 0, 0, 0, 0, 2, 64, 0, 0, 0, 0, 0, 0, 0, 0, 0, 0, 0, 0, 0]",1,128,64.0,384.0,893037818,893043477,893044715,893047147,0,60960,60960,-1,1,5659,2432,2,512,512,2
16,3,"[2, 384, 64, 1, 1, 0, 0, 0, 0, 0, 0, 0, 0, 0, 0, 4, 0, 0, 0, 0, 0, 0, 0, 0, 0, 0, 0, 0, 0, 0]",48,128,24576.0,98308.0,893101615,893107142,893108107,893110635,0,65631,65631,-1,1,5527,2528,2,512,512,2
12,3,"[2, 384, 64, 1, 1, 0, 0, 0, 0, 0, 0, 0, 0, 0, 0, 2, 384, 64, 1, 1, 0, 0, 0, 0, 0, 0, 0, 0, 0, 0]",48,128,24576.0,147456.0,893170143,893175893,893176266,893179370,0,60832,60832,-1,1,5750,3104,2,512,512,2
12,3,"[2, 384, 64, 1, 1, 0, 0, 0, 0, 0, 0, 0, 0, 0, 0, 2, 384, 64, 1, 1, 0, 0, 0, 0, 0, 0, 0, 0, 0, 0]",48,128,24576.0,147456.0,893234281,893240226,893240202,893243306,0,58335,58335,-1,1,5945,3104,2,512,512,2
16,3,"[2, 384, 0, 0, 0, 0, 0, 0, 0, 0, 0, 0, 0, 0, 0, 4, 0, 0, 0, 0, 0, 0, 0, 0, 0, 0, 0, 0, 0, 0]",1,128,384.0,1540.0,893295256,893301238,893301641,893304713,0,57952,57952,-1,1,5982,3072,2,512,512,2
12,3,"[2, 384, 0, 0, 0, 0, 0, 0, 0, 0, 0, 0, 0, 0, 0, 2, 384, 0, 0, 0, 0, 0, 0, 0, 0, 0, 0, 0, 0, 0]",1,128,384.0,2304.0,893356653,893362257,893362665,893364712,0,59392,59392,-1,1,5604,2047,2,512,512,2
12,3,"[2, 384, 0, 0, 0, 0, 0, 0, 0, 0, 0, 0, 0, 0, 0, 2, 384, 0, 0, 0, 0, 0, 0, 0, 0, 0, 0, 0, 0, 0]",1,128,384.0,2304.0,893417319,893423172,893424104,893426152,0,58975,58975,-1,1,5853,2048,2,512,512,2
16,3,"[2, 384, 0, 0, 0, 0, 0, 0, 0, 0, 0, 0, 0, 0, 0, 4, 0, 0, 0, 0, 0, 0, 0, 0, 0, 0, 0, 0, 0, 0]",1,128,384.0,1540.0,893478331,893484092,893485127,893487592,0,58431,58431,-1,1,5761,2465,2,512,512,2
12,3,"[2, 384, 0, 0, 0, 0, 0, 0, 0, 0, 0, 0, 0, 0, 0, 2, 384, 0, 0, 0, 0, 0, 0, 0, 0, 0, 0, 0, 0, 0]",1,128,384.0,2304.0,893539192,893544862,893546023,893549031,0,63487,63487,-1,1,5670,3008,2,512,512,2
12,3,"[2, 384, 0, 0, 0, 0, 0, 0, 0, 0, 0, 0, 0, 0, 0, 2, 384, 0, 0, 0, 0, 0, 0, 0, 0, 0, 0, 0, 0, 0]",1,128,384.0,2304.0,893606411,893612013,893612518,893614567,0,62623,62623,-1,1,5602,2049,2,512,512,2
16,3,"[2, 384, 1, 3, 3, 0, 0, 0, 0, 0, 0, 0, 0, 0, 0, 4, 0, 0, 0, 0, 0, 0, 0, 0, 0, 0, 0, 0, 0, 0]",7,128,3456.0,13828.0,893670146,893676267,893677190,893679718,0,164223,164223,-1,1,6121,2528,2,512,512,2
12,3,"[2, 384, 1, 3, 3, 0, 0, 0, 0, 0, 0, 0, 0, 0, 0, 2, 384, 1, 3, 3, 0, 0, 0, 0, 0, 0, 0, 0, 0, 0]",7,128,3456.0,20736.0,893835618,893843749,893843941,893847013,0,70655,70655,-1,1,8131,3072,2,512,512,2
12,3,"[2, 384, 1, 3, 3, 0, 0, 0, 0, 0, 0, 0, 0, 0, 0, 2, 384, 1, 3, 3, 0, 0, 0, 0, 0, 0, 0, 0, 0, 0]",7,128,3456.0,20736.0,893910914,893917070,893917668,893920772,0,62303,62303,-1,1,6156,3104,2,512,512,2
16,3,"[2, 384, 0, 0, 0, 0, 0, 0, 0, 0, 0, 0, 0, 0, 0, 4, 0, 0, 0, 0, 0, 0, 0, 0, 0, 0, 0, 0, 0, 0]",1,128,384.0,1540.0,893976116,893982159,893983075,893985252,0,69023,69023,-1,1,6043,2177,2,512,512,2
12,3,"[2, 384, 0, 0, 0, 0, 0, 0, 0, 0, 0, 0, 0, 0, 0, 2, 384, 0, 0, 0, 0, 0, 0, 0, 0, 0, 0, 0, 0, 0]",1,128,384.0,2304.0,894047136,894053098,894054275,894056931,0,61439,61439,-1,1,5962,2656,2,512,512,2
12,3,"[2, 384, 0, 0, 0, 0, 0, 0, 0, 0, 0, 0, 0, 0, 0, 2, 384, 0, 0, 0, 0, 0, 0, 0, 0, 0, 0, 0, 0, 0]",1,128,384.0,2304.0,894111883,894117635,894118370,894120419,0,62847,62847,-1,1,5752,2049,2,512,512,2
16,3,"[2, 384, 0, 0, 0, 0, 0, 0, 0, 0, 0, 0, 0, 0, 0, 4, 0, 0, 0, 0, 0, 0, 0, 0, 0, 0, 0, 0, 0, 0]",1,128,384.0,1540.0,894176653,894182362,894183266,894185954,0,63295,63295,-1,1,5709,2688,2,512,512,2
12,3,"[2, 384, 0, 0, 0, 0, 0, 0, 0, 0, 0, 0, 0, 0, 0, 2, 384, 0, 0, 0, 0, 0, 0, 0, 0, 0, 0, 0, 0, 0]",1,128,384.0,2304.0,894242389,894248174,894249249,894251489,0,61440,61440,-1,1,5785,2240,2,512,512,2
12,3,"[2, 384, 0, 0, 0, 0, 0, 0, 0, 0, 0, 0, 0, 0, 0, 2, 384, 0, 0, 0, 0, 0, 0, 0, 0, 0, 0, 0, 0, 0]",1,128,384.0,2304.0,894306268,894312220,894312929,894314977,0,65407,65407,-1,1,5952,2048,2,512,512,2
16,3,"[2, 64, 384, 1, 1, 0, 0, 0, 0, 0, 0, 0, 0, 0, 0, 4, 0, 0, 0, 0, 0, 0, 0, 0, 0, 0, 0, 0, 0, 0]",48,128,24576.0,98308.0,894373367,894379405,894380384,894382560,0,70752,70752,-1,1,6038,2176,2,512,512,2
12,3,"[2, 64, 384, 1, 1, 0, 0, 0, 0, 0, 0, 0, 0, 0, 0, 2, 64, 384, 1, 1, 0, 0, 0, 0, 0, 0, 0, 0, 0, 0]",48,128,24576.0,147456.0,894446166,894452159,894453312,894455968,0,62111,62111,-1,1,5993,2656,2,512,512,2
12,3,"[2, 64, 384, 1, 1, 0, 0, 0, 0, 0, 0, 0, 0, 0, 0, 2, 64, 384, 1, 1, 0, 0, 0, 0, 0, 0, 0, 0, 0, 0]",48,128,24576.0,147456.0,894511861,894517670,894518079,894521183,0,62080,62080,-1,1,5809,3104,2,512,512,2
16,3,"[2, 64, 0, 0, 0, 0, 0, 0, 0, 0, 0, 0, 0, 0, 0, 4, 0, 0, 0, 0, 0, 0, 0, 0, 0, 0, 0, 0, 0, 0]",1,128,64.0,260.0,894576744,894582958,894583263,894585311,0,59615,59615,-1,1,6214,2048,2,512,512,2
12,3,"[2, 64, 0, 0, 0, 0, 0, 0, 0, 0, 0, 0, 0, 0, 0, 2, 64, 0, 0, 0, 0, 0, 0, 0, 0, 0, 0, 0, 0, 0]",1,128,64.0,384.0,894639080,894644420,894644926,894647934,0,59648,59648,-1,1,5340,3008,2,512,512,2
12,3,"[2, 64, 0, 0, 0, 0, 0, 0, 0, 0, 0, 0, 0, 0, 0, 2, 64, 0, 0, 0, 0, 0, 0, 0, 0, 0, 0, 0, 0, 0]",1,128,64.0,384.0,894701070,894706516,894707582,894710078,0,57567,57567,-1,1,5446,2496,2,512,512,2
16,3,"[2, 64, 0, 0, 0, 0, 0, 0, 0, 0, 0, 0, 0, 0, 0, 4, 0, 0, 0, 0, 0, 0, 0, 0, 0, 0, 0, 0, 0, 0]",1,128,64.0,260.0,894761457,894767215,894767645,894769629,0,124095,124095,-1,1,5758,1984,2,512,512,2
12,3,"[2, 64, 0, 0, 0, 0, 0, 0, 0, 0, 0, 0, 0, 0, 0, 2, 64, 0, 0, 0, 0, 0, 0, 0, 0, 0, 0, 0, 0, 0]",1,128,64.0,384.0,894883512,894893076,894893724,894896156,0,76608,76608,-1,1,9564,2432,2,512,512,2
12,3,"[2, 64, 0, 0, 0, 0, 0, 0, 0, 0, 0, 0, 0, 0, 0, 2, 64, 0, 0, 0, 0, 0, 0, 0, 0, 0, 0, 0, 0, 0]",1,128,64.0,384.0,894965687,894972356,894972764,894975899,0,66048,66048,-1,1,6669,3135,2,512,512,2
16,3,"[2, 384, 64, 1, 1, 0, 0, 0, 0, 0, 0, 0, 0, 0, 0, 4, 0, 0, 0, 0, 0, 0, 0, 0, 0, 0, 0, 0, 0, 0]",48,128,24576.0,98308.0,895034551,895041123,895041947,895044059,0,62495,62495,-1,1,6572,2112,2,512,512,2
12,3,"[2, 384, 64, 1, 1, 0, 0, 0, 0, 0, 0, 0, 0, 0, 0, 2, 384, 64, 1, 1, 0, 0, 0, 0, 0, 0, 0, 0, 0, 0]",48,128,24576.0,147456.0,895099496,895105129,895106554,895109082,0,59872,59872,-1,1,5633,2528,2,512,512,2
12,3,"[2, 384, 64, 1, 1, 0, 0, 0, 0, 0, 0, 0, 0, 0, 0, 2, 384, 64, 1, 1, 0, 0, 0, 0, 0, 0, 0, 0, 0, 0]",48,128,24576.0,147456.0,895162003,895167606,895168954,895171034,0,59391,59391,-1,1,5603,2080,2,512,512,2
16,3,"[2, 384, 0, 0, 0, 0, 0, 0, 0, 0, 0, 0, 0, 0, 0, 4, 0, 0, 0, 0, 0, 0, 0, 0, 0, 0, 0, 0, 0, 0]",1,128,384.0,1540.0,895224326,895229948,895230425,895233882,0,59135,59135,-1,1,5622,3457,2,512,512,2
12,3,"[2, 384, 0, 0, 0, 0, 0, 0, 0, 0, 0, 0, 0, 0, 0, 2, 384, 0, 0, 0, 0, 0, 0, 0, 0, 0, 0, 0, 0, 0]",1,128,384.0,2304.0,895286208,895291533,895293017,895295513,0,69471,69471,-1,1,5325,2496,2,512,512,2
12,3,"[2, 384, 0, 0, 0, 0, 0, 0, 0, 0, 0, 0, 0, 0, 0, 2, 384, 0, 0, 0, 0, 0, 0, 0, 0, 0, 0, 0, 0, 0]",1,128,384.0,2304.0,895357662,895363947,895364984,895367512,0,61664,61664,-1,1,6285,2528,2,512,512,2
16,3,"[2, 384, 0, 0, 0, 0, 0, 0, 0, 0, 0, 0, 0, 0, 0, 4, 0, 0, 0, 0, 0, 0, 0, 0, 0, 0, 0, 0, 0, 0]",1,128,384.0,1540.0,895422578,895428864,895429176,895432248,0,59999,59999,-1,1,6286,3072,2,512,512,2
12,3,"[2, 384, 0, 0, 0, 0, 0, 0, 0, 0, 0, 0, 0, 0, 0, 2, 384, 0, 0, 0, 0, 0, 0, 0, 0, 0, 0, 0, 0, 0]",1,128,384.0,2304.0,895485930,895491152,895492247,895494615,0,58976,58976,-1,1,5222,2368,2,512,512,2
12,3,"[2, 384, 0, 0, 0, 0, 0, 0, 0, 0, 0, 0, 0, 0, 0, 2, 384, 0, 0, 0, 0, 0, 0, 0, 0, 0, 0, 0, 0, 0]",1,128,384.0,2304.0,895546839,895552433,895553591,895556055,0,59264,59264,-1,1,5594,2464,2,512,512,2
16,3,"[2, 384, 1, 3, 3, 0, 0, 0, 0, 0, 0, 0, 0, 0, 0, 4, 0, 0, 0, 0, 0, 0, 0, 0, 0, 0, 0, 0, 0, 0]",7,128,3456.0,13828.0,895608863,895614343,895615319,895617494,0,59392,59392,-1,1,5480,2175,2,512,512,2
12,3,"[2, 384, 1, 3, 3, 0, 0, 0, 0, 0, 0, 0, 0, 0, 0, 2, 384, 1, 3, 3, 0, 0, 0, 0, 0, 0, 0, 0, 0, 0]",7,128,3456.0,20736.0,895670659,895675933,895676886,895678934,0,60671,60671,-1,1,5274,2048,2,512,512,2
12,3,"[2, 384, 1, 3, 3, 0, 0, 0, 0, 0, 0, 0, 0, 0, 0, 2, 384, 1, 3, 3, 0, 0, 0, 0, 0, 0, 0, 0, 0, 0]",7,128,3456.0,20736.0,895733141,895738356,895739605,895742197,0,65760,65760,-1,1,5215,2592,2,512,512,2
16,3,"[2, 384, 0, 0, 0, 0, 0, 0, 0, 0, 0, 0, 0, 0, 0, 4, 0, 0, 0, 0, 0, 0, 0, 0, 0, 0, 0, 0, 0, 0]",1,128,384.0,1540.0,895800804,895806960,895807957,895810005,0,59359,59359,-1,1,6156,2048,2,512,512,2
12,3,"[2, 384, 0, 0, 0, 0, 0, 0, 0, 0, 0, 0, 0, 0, 0, 2, 384, 0, 0, 0, 0, 0, 0, 0, 0, 0, 0, 0, 0, 0]",1,128,384.0,2304.0,895863024,895868606,895869364,895871444,0,59584,59584,-1,1,5582,2080,2,512,512,2
12,3,"[2, 384, 0, 0, 0, 0, 0, 0, 0, 0, 0, 0, 0, 0, 0, 2, 384, 0, 0, 0, 0, 0, 0, 0, 0, 0, 0, 0, 0, 0]",1,128,384.0,2304.0,895924709,895930715,895931028,895934132,0,58111,58111,-1,1,6006,3104,2,512,512,2
16,3,"[2, 384, 0, 0, 0, 0, 0, 0, 0, 0, 0, 0, 0, 0, 0, 4, 0, 0, 0, 0, 0, 0, 0, 0, 0, 0, 0, 0, 0, 0]",1,128,384.0,1540.0,895985382,895991371,895992243,895994323,0,59360,59360,-1,1,5989,2080,2,512,512,2
12,3,"[2, 384, 0, 0, 0, 0, 0, 0, 0, 0, 0, 0, 0, 0, 0, 2, 384, 0, 0, 0, 0, 0, 0, 0, 0, 0, 0, 0, 0, 0]",1,128,384.0,2304.0,896046613,896052878,896053683,896055763,0,58655,58655,-1,1,6265,2080,2,512,512,2
12,3,"[2, 384, 0, 0, 0, 0, 0, 0, 0, 0, 0, 0, 0, 0, 0, 2, 384, 0, 0, 0, 0, 0, 0, 0, 0, 0, 0, 0, 0, 0]",1,128,384.0,2304.0,896108144,896113253,896114418,896117202,0,66592,66592,-1,1,5109,2784,2,512,512,2
16,3,"[2, 64, 384, 1, 1, 0, 0, 0, 0, 0, 0, 0, 0, 0, 0, 4, 0, 0, 0, 0, 0, 0, 0, 0, 0, 0, 0, 0, 0, 0]",48,128,24576.0,98308.0,896176763,896182628,896183794,896186354,0,60159,60159,-1,1,5865,2560,2,512,512,2
12,3,"[2, 64, 384, 1, 1, 0, 0, 0, 0, 0, 0, 0, 0, 0, 0, 2, 64, 384, 1, 1, 0, 0, 0, 0, 0, 0, 0, 0, 0, 0]",48,128,24576.0,147456.0,896240594,896245975,896246513,896249585,0,59424,59424,-1,1,5381,3072,2,512,512,2
12,3,"[2, 64, 384, 1, 1, 0, 0, 0, 0, 0, 0, 0, 0, 0, 0, 2, 64, 384, 1, 1, 0, 0, 0, 0, 0, 0, 0, 0, 0, 0]",48,128,24576.0,147456.0,896302632,896307885,896309009,896311537,0,59295,59295,-1,1,5253,2528,2,512,512,2
16,3,"[2, 64, 0, 0, 0, 0, 0, 0, 0, 0, 0, 0, 0, 0, 0, 4, 0, 0, 0, 0, 0, 0, 0, 0, 0, 0, 0, 0, 0, 0]",1,128,64.0,260.0,896364264,896369890,896370832,896373200,0,59616,59616,-1,1,5626,2368,2,512,512,2
12,3,"[2, 64, 0, 0, 0, 0, 0, 0, 0, 0, 0, 0, 0, 0, 0, 2, 64, 0, 0, 0, 0, 0, 0, 0, 0, 0, 0, 0, 0, 0]",1,128,64.0,384.0,896426216,896432274,896432816,896435824,0,58207,58207,-1,1,6058,3008,2,512,512,2
12,3,"[2, 64, 0, 0, 0, 0, 0, 0, 0, 0, 0, 0, 0, 0, 0, 2, 64, 0, 0, 0, 0, 0, 0, 0, 0, 0, 0, 0, 0, 0]",1,128,64.0,384.0,896488072,896493482,896494031,896496079,0,68608,68608,-1,1,5410,2048,2,512,512,2
16,3,"[2, 64, 0, 0, 0, 0, 0, 0, 0, 0, 0, 0, 0, 0, 0, 4, 0, 0, 0, 0, 0, 0, 0, 0, 0, 0, 0, 0, 0, 0]",1,128,64.0,260.0,896557856,896564122,896564687,896567119,0,172030,172030,-1,1,6266,2432,2,512,512,2
12,3,"[2, 64, 0, 0, 0, 0, 0, 0, 0, 0, 0, 0, 0, 0, 0, 2, 64, 0, 0, 0, 0, 0, 0, 0, 0, 0, 0, 0, 0, 0]",1,128,64.0,384.0,896729643,896737697,896739149,896741581,0,69856,69856,-1,1,8054,2432,2,512,512,2
12,3,"[2, 64, 0, 0, 0, 0, 0, 0, 0, 0, 0, 0, 0, 0, 0, 2, 64, 0, 0, 0, 0, 0, 0, 0, 0, 0, 0, 0, 0, 0]",1,128,64.0,384.0,896803957,896810795,896811437,896813517,0,63583,63583,-1,1,6838,2080,2,512,512,2
16,3,"[2, 384, 64, 1, 1, 0, 0, 0, 0, 0, 0, 0, 0, 0, 0, 4, 0, 0, 0, 0, 0, 0, 0, 0, 0, 0, 0, 0, 0, 0]",48,128,24576.0,98308.0,896870776,896876838,896877100,896880172,0,60512,60512,-1,1,6062,3072,2,512,512,2
12,3,"[2, 384, 64, 1, 1, 0, 0, 0, 0, 0, 0, 0, 0, 0, 0, 2, 384, 64, 1, 1, 0, 0, 0, 0, 0, 0, 0, 0, 0, 0]",48,128,24576.0,147456.0,896933759,896940607,896940684,896943756,0,61343,61343,-1,1,6848,3072,2,512,512,2
12,3,"[2, 384, 64, 1, 1, 0, 0, 0, 0, 0, 0, 0, 0, 0, 0, 2, 384, 64, 1, 1, 0, 0, 0, 0, 0, 0, 0, 0, 0, 0]",48,128,24576.0,147456.0,896998473,897003733,897005099,897007659,0,67807,67807,-1,1,5260,2560,2,512,512,2
16,3,"[2, 384, 0, 0, 0, 0, 0, 0, 0, 0, 0, 0, 0, 0, 0, 4, 0, 0, 0, 0, 0, 0, 0, 0, 0, 0, 0, 0, 0, 0]",1,128,384.0,1540.0,897068551,897074501,897075466,897077706,0,61408,61408,-1,1,5950,2240,2,512,512,2
12,3,"[2, 384, 0, 0, 0, 0, 0, 0, 0, 0, 0, 0, 0, 0, 0, 2, 384, 0, 0, 0, 0, 0, 0, 0, 0, 0, 0, 0, 0, 0]",1,128,384.0,2304.0,897132366,897138207,897139114,897141194,0,59360,59360,-1,1,5841,2080,2,512,512,2
12,3,"[2, 384, 0, 0, 0, 0, 0, 0, 0, 0, 0, 0, 0, 0, 0, 2, 384, 0, 0, 0, 0, 0, 0, 0, 0, 0, 0, 0, 0, 0]",1,128,384.0,2304.0,897194250,897199522,897200554,897202633,0,59744,59744,-1,1,5272,2079,2,512,512,2
16,3,"[2, 384, 0, 0, 0, 0, 0, 0, 0, 0, 0, 0, 0, 0, 0, 4, 0, 0, 0, 0, 0, 0, 0, 0, 0, 0, 0, 0, 0, 0]",1,128,384.0,1540.0,897256537,897262027,897262377,897265417,0,58016,58016,-1,1,5490,3040,2,512,512,2
12,3,"[2, 384, 0, 0, 0, 0, 0, 0, 0, 0, 0, 0, 0, 0, 0, 2, 384, 0, 0, 0, 0, 0, 0, 0, 0, 0, 0, 0, 0, 0]",1,128,384.0,2304.0,897316928,897322684,897323433,897325512,0,59072,59072,-1,1,5756,2079,2,512,512,2
12,3,"[2, 384, 0, 0, 0, 0, 0, 0, 0, 0, 0, 0, 0, 0, 0, 2, 384, 0, 0, 0, 0, 0, 0, 0, 0, 0, 0, 0, 0, 0]",1,128,384.0,2304.0,897378154,897383443,897384584,897386952,0,67583,67583,-1,1,5289,2368,2,512,512,2
16,3,"[2, 384, 1, 3, 3, 0, 0, 0, 0, 0, 0, 0, 0, 0, 0, 4, 0, 0, 0, 0, 0, 0, 0, 0, 0, 0, 0, 0, 0, 0]",7,128,3456.0,13828.0,897447937,897454192,897454535,897456584,0,63231,63231,-1,1,6255,2049,2,512,512,2
12,3,"[2, 384, 1, 3, 3, 0, 0, 0, 0, 0, 0, 0, 0, 0, 0, 2, 384, 1, 3, 3, 0, 0, 0, 0, 0, 0, 0, 0, 0, 0]",7,128,3456.0,20736.0,897512672,897518769,897519815,897522119,0,60479,60479,-1,1,6097,2304,2,512,512,2
12,3,"[2, 384, 1, 3, 3, 0, 0, 0, 0, 0, 0, 0, 0, 0, 0, 2, 384, 1, 3, 3, 0, 0, 0, 0, 0, 0, 0, 0, 0, 0]",7,128,3456.0,20736.0,897575998,897581479,897582598,897585094,0,58176,58176,-1,1,5481,2496,2,512,512,2
16,3,"[2, 384, 0, 0, 0, 0, 0, 0, 0, 0, 0, 0, 0, 0, 0, 4, 0, 0, 0, 0, 0, 0, 0, 0, 0, 0, 0, 0, 0, 0]",1,128,384.0,1540.0,897636972,897642839,897643270,897646342,0,60255,60255,-1,1,5867,3072,2,512,512,2
12,3,"[2, 384, 0, 0, 0, 0, 0, 0, 0, 0, 0, 0, 0, 0, 0, 2, 384, 0, 0, 0, 0, 0, 0, 0, 0, 0, 0, 0, 0, 0]",1,128,384.0,2304.0,897700079,897706130,897706597,897709637,0,58208,58208,-1,1,6051,3040,2,512,512,2
12,3,"[2, 384, 0, 0, 0, 0, 0, 0, 0, 0, 0, 0, 0, 0, 0, 2, 384, 0, 0, 0, 0, 0, 0, 0, 0, 0, 0, 0, 0, 0]",1,128,384.0,2304.0,897761790,897766912,897767845,897769925,0,65504,65504,-1,1,5122,2080,2,512,512,2
16,3,"[2, 384, 0, 0, 0, 0, 0, 0, 0, 0, 0, 0, 0, 0, 0, 4, 0, 0, 0, 0, 0, 0, 0, 0, 0, 0, 0, 0, 0, 0]",1,128,384.0,1540.0,897823094,897834896,897835429,897837508,0,61184,61184,-1,1,11802,2079,2,512,512,2
12,3,"[2, 384, 0, 0, 0, 0, 0, 0, 0, 0, 0, 0, 0, 0, 0, 2, 384, 0, 0, 0, 0, 0, 0, 0, 0, 0, 0, 0, 0, 0]",1,128,384.0,2304.0,897891861,897897702,897898692,897900996,0,57568,57568,-1,1,5841,2304,2,512,512,2
12,3,"[2, 384, 0, 0, 0, 0, 0, 0, 0, 0, 0, 0, 0, 0, 0, 2, 384, 0, 0, 0, 0, 0, 0, 0, 0, 0, 0, 0, 0, 0]",1,128,384.0,2304.0,897952788,897958033,897958564,897961635,0,59872,59872,-1,1,5245,3071,2,512,512,2
16,3,"[2, 96, 384, 1, 1, 0, 0, 0, 0, 0, 0, 0, 0, 0, 0, 4, 0, 0, 0, 0, 0, 0, 0, 0, 0, 0, 0, 0, 0, 0]",72,128,36864.0,147460.0,898014852,898020434,898021507,898023875,0,59359,59359,-1,1,5582,2368,2,512,512,2
12,3,"[2, 96, 384, 1, 1, 0, 0, 0, 0, 0, 0, 0, 0, 0, 0, 2, 96, 384, 1, 1, 0, 0, 0, 0, 0, 0, 0, 0, 0, 0]",72,128,36864.0,221184.0,898076465,898082201,898083234,898085314,0,66816,66816,-1,1,5736,2080,2,512,512,2
12,3,"[2, 96, 384, 1, 1, 0, 0, 0, 0, 0, 0, 0, 0, 0, 0, 2, 96, 384, 1, 1, 0, 0, 0, 0, 0, 0, 0, 0, 0, 0]",72,128,36864.0,221184.0,898145185,898151016,898152130,898154754,0,60831,60831,-1,1,5831,2624,2,512,512,2
16,3,"[2, 96, 0, 0, 0, 0, 0, 0, 0, 0, 0, 0, 0, 0, 0, 4, 0, 0, 0, 0, 0, 0, 0, 0, 0, 0, 0, 0, 0, 0]",1,128,96.0,388.0,898208555,898214534,898215585,898217985,0,65984,65984,-1,1,5979,2400,2,512,512,2
12,3,"[2, 96, 0, 0, 0, 0, 0, 0, 0, 0, 0, 0, 0, 0, 0, 2, 96, 0, 0, 0, 0, 0, 0, 0, 0, 0, 0, 0, 0, 0]",1,128,96.0,576.0,898276738,898282844,898283969,898286017,0,59455,59455,-1,1,6106,2048,2,512,512,2
12,3,"[2, 96, 0, 0, 0, 0, 0, 0, 0, 0, 0, 0, 0, 0, 0, 2, 96, 0, 0, 0, 0, 0, 0, 0, 0, 0, 0, 0, 0, 0]",1,128,96.0,576.0,898338989,898344768,898345472,898347456,0,59264,59264,-1,1,5779,1984,2,512,512,2
16,3,"[2, 96, 0, 0, 0, 0, 0, 0, 0, 0, 0, 0, 0, 0, 0, 4, 0, 0, 0, 0, 0, 0, 0, 0, 0, 0, 0, 0, 0, 0]",1,128,96.0,388.0,898399586,898405542,898406720,898408896,0,57695,57695,-1,1,5956,2176,2,512,512,2
12,3,"[2, 96, 0, 0, 0, 0, 0, 0, 0, 0, 0, 0, 0, 0, 0, 2, 96, 0, 0, 0, 0, 0, 0, 0, 0, 0, 0, 0, 0, 0]",1,128,96.0,576.0,898459832,898466008,898466591,898469567,0,60128,60128,-1,1,6176,2976,2,512,512,2
12,3,"[2, 96, 0, 0, 0, 0, 0, 0, 0, 0, 0, 0, 0, 0, 0, 2, 96, 0, 0, 0, 0, 0, 0, 0, 0, 0, 0, 0, 0, 0]",1,128,96.0,576.0,898523850,898529012,898529695,898533151,0,59647,59647,-1,1,5162,3456,2,512,512,2
16,3,"[2, 576, 96, 1, 1, 0, 0, 0, 0, 0, 0, 0, 0, 0, 0, 4, 0, 0, 0, 0, 0, 0, 0, 0, 0, 0, 0, 0, 0, 0]",108,128,55296.0,221188.0,898586183,898591801,898592798,898595262,0,67584,67584,-1,1,5618,2464,2,512,512,2
12,3,"[2, 576, 96, 1, 1, 0, 0, 0, 0, 0, 0, 0, 0, 0, 0, 2, 576, 96, 1, 1, 0, 0, 0, 0, 0, 0, 0, 0, 0, 0]",108,128,55296.0,331776.0,898655865,898661830,898662846,898666046,0,60031,60031,-1,1,5965,3200,2,512,512,2
12,3,"[2, 576, 96, 1, 1, 0, 0, 0, 0, 0, 0, 0, 0, 0, 0, 2, 576, 96, 1, 1, 0, 0, 0, 0, 0, 0, 0, 0, 0, 0]",108,128,55296.0,331776.0,898719409,898724858,898726077,898728381,0,60544,60544,-1,1,5449,2304,2,512,512,2
16,3,"[2, 576, 0, 0, 0, 0, 0, 0, 0, 0, 0, 0, 0, 0, 0, 4, 0, 0, 0, 0, 0, 0, 0, 0, 0, 0, 0, 0, 0, 0]",2,128,576.0,2308.0,898782224,898787890,898788925,898791357,0,72383,72383,-1,1,5666,2432,2,512,512,2
12,3,"[2, 576, 0, 0, 0, 0, 0, 0, 0, 0, 0, 0, 0, 0, 0, 2, 576, 0, 0, 0, 0, 0, 0, 0, 0, 0, 0, 0, 0, 0]",2,128,576.0,3456.0,898856080,898863418,898863740,898866748,0,61919,61919,-1,1,7338,3008,2,512,512,2
12,3,"[2, 576, 0, 0, 0, 0, 0, 0, 0, 0, 0, 0, 0, 0, 0, 2, 576, 0, 0, 0, 0, 0, 0, 0, 0, 0, 0, 0, 0, 0]",2,128,576.0,3456.0,898921854,898927334,898928667,898931132,0,60991,60991,-1,1,5480,2465,2,512,512,2
16,3,"[2, 576, 0, 0, 0, 0, 0, 0, 0, 0, 0, 0, 0, 0, 0, 4, 0, 0, 0, 0, 0, 0, 0, 0, 0, 0, 0, 0, 0, 0]",2,128,576.0,2308.0,898985481,898991100,898992123,898994587,0,58432,58432,-1,1,5619,2464,2,512,512,2
12,3,"[2, 576, 0, 0, 0, 0, 0, 0, 0, 0, 0, 0, 0, 0, 0, 2, 576, 0, 0, 0, 0, 0, 0, 0, 0, 0, 0, 0, 0, 0]",2,128,576.0,3456.0,899046242,899052032,899053019,899055483,0,65599,65599,-1,1,5790,2464,2,512,512,2
12,3,"[2, 576, 0, 0, 0, 0, 0, 0, 0, 0, 0, 0, 0, 0, 0, 2, 576, 0, 0, 0, 0, 0, 0, 0, 0, 0, 0, 0, 0, 0]",2,128,576.0,3456.0,899114043,899120037,899121082,899123578,0,61503,61503,-1,1,5994,2496,2,512,512,2
16,3,"[2, 576, 1, 3, 3, 0, 0, 0, 0, 0, 0, 0, 0, 0, 0, 4, 0, 0, 0, 0, 0, 0, 0, 0, 0, 0, 0, 0, 0, 0]",11,128,5184.0,20740.0,899178605,899184404,899185081,899187130,0,61663,61663,-1,1,5799,2049,2,512,512,2
12,3,"[2, 576, 1, 3, 3, 0, 0, 0, 0, 0, 0, 0, 0, 0, 0, 2, 576, 1, 3, 3, 0, 0, 0, 0, 0, 0, 0, 0, 0, 0]",11,128,5184.0,31104.0,899243121,899248307,899248793,899251833,0,61504,61504,-1,1,5186,3040,2,512,512,2
12,3,"[2, 576, 1, 3, 3, 0, 0, 0, 0, 0, 0, 0, 0, 0, 0, 2, 576, 1, 3, 3, 0, 0, 0, 0, 0, 0, 0, 0, 0, 0]",11,128,5184.0,31104.0,899307013,899312296,899313337,899315833,0,164126,164126,-1,1,5283,2496,2,512,512,2
16,3,"[2, 576, 0, 0, 0, 0, 0, 0, 0, 0, 0, 0, 0, 0, 0, 4, 0, 0, 0, 0, 0, 0, 0, 0, 0, 0, 0, 0, 0, 0]",2,128,576.0,2308.0,899470695,899479207,899479959,899482039,0,79200,79200,-1,1,8512,2080,2,512,512,2
12,3,"[2, 576, 0, 0, 0, 0, 0, 0, 0, 0, 0, 0, 0, 0, 0, 2, 576, 0, 0, 0, 0, 0, 0, 0, 0, 0, 0, 0, 0, 0]",2,128,576.0,3456.0,899553286,899560278,899561239,899563702,0,61696,61696,-1,1,6992,2463,2,512,512,2
12,3,"[2, 576, 0, 0, 0, 0, 0, 0, 0, 0, 0, 0, 0, 0, 0, 2, 576, 0, 0, 0, 0, 0, 0, 0, 0, 0, 0, 0, 0, 0]",2,128,576.0,3456.0,899618691,899624501,899625398,899627446,0,65503,65503,-1,1,5810,2048,2,512,512,2
16,3,"[2, 576, 0, 0, 0, 0, 0, 0, 0, 0, 0, 0, 0, 0, 0, 4, 0, 0, 0, 0, 0, 0, 0, 0, 0, 0, 0, 0, 0, 0]",2,128,576.0,2308.0,899685482,899692276,899692949,899695029,0,60416,60416,-1,1,6794,2080,2,512,512,2
12,3,"[2, 576, 0, 0, 0, 0, 0, 0, 0, 0, 0, 0, 0, 0, 0, 2, 576, 0, 0, 0, 0, 0, 0, 0, 0, 0, 0, 0, 0, 0]",2,128,576.0,3456.0,899748384,899754359,899755445,899757909,0,57919,57919,-1,1,5975,2464,2,512,512,2
12,3,"[2, 576, 0, 0, 0, 0, 0, 0, 0, 0, 0, 0, 0, 0, 0, 2, 576, 0, 0, 0, 0, 0, 0, 0, 0, 0, 0, 0, 0, 0]",2,128,576.0,3456.0,899809676,899814937,899815828,899817908,0,61440,61440,-1,1,5261,2080,2,512,512,2
16,3,"[2, 96, 576, 1, 1, 0, 0, 0, 0, 0, 0, 0, 0, 0, 0, 4, 0, 0, 0, 0, 0, 0, 0, 0, 0, 0, 0, 0, 0, 0]",108,128,55296.0,221188.0,899873336,899879058,899879348,899882548,0,67711,67711,-1,1,5722,3200,2,512,512,2
12,3,"[2, 96, 576, 1, 1, 0, 0, 0, 0, 0, 0, 0, 0, 0, 0, 2, 96, 576, 1, 1, 0, 0, 0, 0, 0, 0, 0, 0, 0, 0]",108,128,55296.0,331776.0,899943403,899949373,899950259,899953075,0,61408,61408,-1,1,5970,2816,2,512,512,2
12,3,"[2, 96, 576, 1, 1, 0, 0, 0, 0, 0, 0, 0, 0, 0, 0, 2, 96, 576, 1, 1, 0, 0, 0, 0, 0, 0, 0, 0, 0, 0]",108,128,55296.0,331776.0,900007691,900013637,900014483,900017651,0,59711,59711,-1,1,5946,3168,2,512,512,2
16,3,"[2, 96, 0, 0, 0, 0, 0, 0, 0, 0, 0, 0, 0, 0, 0, 4, 0, 0, 0, 0, 0, 0, 0, 0, 0, 0, 0, 0, 0, 0]",1,128,96.0,388.0,900070360,900076409,900077362,900079794,0,59008,59008,-1,1,6049,2432,2,512,512,2
12,3,"[2, 96, 0, 0, 0, 0, 0, 0, 0, 0, 0, 0, 0, 0, 0, 2, 96, 0, 0, 0, 0, 0, 0, 0, 0, 0, 0, 0, 0, 0]",1,128,96.0,576.0,900132402,900137848,900138802,900141234,0,59615,59615,-1,1,5446,2432,2,512,512,2
12,3,"[2, 96, 0, 0, 0, 0, 0, 0, 0, 0, 0, 0, 0, 0, 0, 2, 96, 0, 0, 0, 0, 0, 0, 0, 0, 0, 0, 0, 0, 0]",1,128,96.0,576.0,900194351,900199695,900200849,900202929,0,59360,59360,-1,1,5344,2080,2,512,512,2
16,3,"[2, 96, 0, 0, 0, 0, 0, 0, 0, 0, 0, 0, 0, 0, 0, 4, 0, 0, 0, 0, 0, 0, 0, 0, 0, 0, 0, 0, 0, 0]",1,128,96.0,388.0,900256383,900261945,900262289,900264369,0,60575,60575,-1,1,5562,2080,2,512,512,2
12,3,"[2, 96, 0, 0, 0, 0, 0, 0, 0, 0, 0, 0, 0, 0, 0, 2, 96, 0, 0, 0, 0, 0, 0, 0, 0, 0, 0, 0, 0, 0]",1,128,96.0,576.0,900318072,900323710,900324944,900327440,0,63904,63904,-1,1,5638,2496,2,512,512,2
12,3,"[2, 96, 0, 0, 0, 0, 0, 0, 0, 0, 0, 0, 0, 0, 0, 2, 96, 0, 0, 0, 0, 0, 0, 0, 0, 0, 0, 0, 0, 0]",1,128,96.0,576.0,900384500,900390137,900391344,900393392,0,59519,59519,-1,1,5637,2048,2,512,512,2
16,3,"[2, 576, 96, 1, 1, 0, 0, 0, 0, 0, 0, 0, 0, 0, 0, 4, 0, 0, 0, 0, 0, 0, 0, 0, 0, 0, 0, 0, 0, 0]",108,128,55296.0,221188.0,900446584,900452549,900452911,900456431,0,59808,59808,-1,1,5965,3520,2,512,512,2
12,3,"[2, 576, 96, 1, 1, 0, 0, 0, 0, 0, 0, 0, 0, 0, 0, 2, 576, 96, 1, 1, 0, 0, 0, 0, 0, 0, 0, 0, 0, 0]",108,128,55296.0,331776.0,900509518,900514966,900516239,900518319,0,59071,59071,-1,1,5448,2080,2,512,512,2
12,3,"[2, 576, 96, 1, 1, 0, 0, 0, 0, 0, 0, 0, 0, 0, 0, 2, 576, 96, 1, 1, 0, 0, 0, 0, 0, 0, 0, 0, 0, 0]",108,128,55296.0,331776.0,900571026,900576397,900577390,900579758,0,58752,58752,-1,1,5371,2368,2,512,512,2
16,3,"[2, 576, 0, 0, 0, 0, 0, 0, 0, 0, 0, 0, 0, 0, 0, 4, 0, 0, 0, 0, 0, 0, 0, 0, 0, 0, 0, 0, 0, 0]",2,128,576.0,2308.0,900631989,900637542,900638510,900640974,0,59519,59519,-1,1,5553,2464,2,512,512,2
12,3,"[2, 576, 0, 0, 0, 0, 0, 0, 0, 0, 0, 0, 0, 0, 0, 2, 576, 0, 0, 0, 0, 0, 0, 0, 0, 0, 0, 0, 0, 0]",2,128,576.0,3456.0,900693144,900698986,900700493,900702637,0,66560,66560,-1,1,5842,2144,2,512,512,2
12,3,"[2, 576, 0, 0, 0, 0, 0, 0, 0, 0, 0, 0, 0, 0, 0, 2, 576, 0, 0, 0, 0, 0, 0, 0, 0, 0, 0, 0, 0, 0]",2,128,576.0,3456.0,900761715,900768167,900769197,900771693,0,59071,59071,-1,1,6452,2496,2,512,512,2
16,3,"[2, 576, 0, 0, 0, 0, 0, 0, 0, 0, 0, 0, 0, 0, 0, 4, 0, 0, 0, 0, 0, 0, 0, 0, 0, 0, 0, 0, 0, 0]",2,128,576.0,2308.0,900824212,900829936,900830764,900833228,0,59840,59840,-1,1,5724,2464,2,512,512,2
12,3,"[2, 576, 0, 0, 0, 0, 0, 0, 0, 0, 0, 0, 0, 0, 0, 2, 576, 0, 0, 0, 0, 0, 0, 0, 0, 0, 0, 0, 0, 0]",2,128,576.0,3456.0,900886295,900891721,900893068,900895148,0,59103,59103,-1,1,5426,2080,2,512,512,2
12,3,"[2, 576, 0, 0, 0, 0, 0, 0, 0, 0, 0, 0, 0, 0, 0, 2, 576, 0, 0, 0, 0, 0, 0, 0, 0, 0, 0, 0, 0, 0]",2,128,576.0,3456.0,900947379,900953077,900954251,900956587,0,63520,63520,-1,1,5698,2336,2,512,512,2
16,3,"[2, 576, 1, 3, 3, 0, 0, 0, 0, 0, 0, 0, 0, 0, 0, 4, 0, 0, 0, 0, 0, 0, 0, 0, 0, 0, 0, 0, 0, 0]",11,128,5184.0,20740.0,901013825,901019626,901020107,901023243,0,59999,59999,-1,1,5801,3136,2,512,512,2
12,3,"[2, 576, 1, 3, 3, 0, 0, 0, 0, 0, 0, 0, 0, 0, 0, 2, 576, 1, 3, 3, 0, 0, 0, 0, 0, 0, 0, 0, 0, 0]",11,128,5184.0,31104.0,901076968,901082227,901083242,901085610,0,63872,63872,-1,1,5259,2368,2,512,512,2
12,3,"[2, 576, 1, 3, 3, 0, 0, 0, 0, 0, 0, 0, 0, 0, 0, 2, 576, 1, 3, 3, 0, 0, 0, 0, 0, 0, 0, 0, 0, 0]",11,128,5184.0,31104.0,901142847,901148589,901149482,901152490,0,60095,60095,-1,1,5742,3008,2,512,512,2
16,3,"[2, 576, 0, 0, 0, 0, 0, 0, 0, 0, 0, 0, 0, 0, 0, 4, 0, 0, 0, 0, 0, 0, 0, 0, 0, 0, 0, 0, 0, 0]",2,128,576.0,2308.0,901205712,901211327,901212585,901214633,0,58752,58752,-1,1,5615,2048,2,512,512,2
12,3,"[2, 576, 0, 0, 0, 0, 0, 0, 0, 0, 0, 0, 0, 0, 0, 2, 576, 0, 0, 0, 0, 0, 0, 0, 0, 0, 0, 0, 0, 0]",2,128,576.0,3456.0,901266891,901272296,901273385,901275881,0,59583,59583,-1,1,5405,2496,2,512,512,2
12,3,"[2, 576, 0, 0, 0, 0, 0, 0, 0, 0, 0, 0, 0, 0, 0, 2, 576, 0, 0, 0, 0, 0, 0, 0, 0, 0, 0, 0, 0, 0]",2,128,576.0,3456.0,901329544,901334998,901335464,901337512,0,59392,59392,-1,1,5454,2048,2,512,512,2
16,3,"[2, 576, 0, 0, 0, 0, 0, 0, 0, 0, 0, 0, 0, 0, 0, 4, 0, 0, 0, 0, 0, 0, 0, 0, 0, 0, 0, 0, 0, 0]",2,128,576.0,2308.0,901390469,901396171,901396904,901398952,0,59583,59583,-1,1,5702,2048,2,512,512,2
12,3,"[2, 576, 0, 0, 0, 0, 0, 0, 0, 0, 0, 0, 0, 0, 0, 2, 576, 0, 0, 0, 0, 0, 0, 0, 0, 0, 0, 0, 0, 0]",2,128,576.0,3456.0,901452318,901458007,901458535,901461543,0,60640,60640,-1,1,5689,3008,2,512,512,2
12,3,"[2, 576, 0, 0, 0, 0, 0, 0, 0, 0, 0, 0, 0, 0, 0, 2, 576, 0, 0, 0, 0, 0, 0, 0, 0, 0, 0, 0, 0, 0]",2,128,576.0,3456.0,901515619,901521630,901522183,901525223,0,66335,66335,-1,1,6011,3040,2,512,512,2
16,3,"[2, 96, 576, 1, 1, 0, 0, 0, 0, 0, 0, 0, 0, 0, 0, 4, 0, 0, 0, 0, 0, 0, 0, 0, 0, 0, 0, 0, 0, 0]",108,128,55296.0,221188.0,901585328,901591239,901591558,901595110,0,59968,59968,-1,1,5911,3552,2,512,512,2
12,3,"[2, 96, 576, 1, 1, 0, 0, 0, 0, 0, 0, 0, 0, 0, 0, 2, 96, 576, 1, 1, 0, 0, 0, 0, 0, 0, 0, 0, 0, 0]",108,128,55296.0,331776.0,901648791,901654575,901655078,901658566,0,59967,59967,-1,1,5784,3488,2,512,512,2
12,3,"[2, 96, 576, 1, 1, 0, 0, 0, 0, 0, 0, 0, 0, 0, 0, 2, 96, 576, 1, 1, 0, 0, 0, 0, 0, 0, 0, 0, 0, 0]",108,128,55296.0,331776.0,901712248,901718068,901718533,901721765,0,59871,59871,-1,1,5820,3232,2,512,512,2
16,3,"[2, 96, 0, 0, 0, 0, 0, 0, 0, 0, 0, 0, 0, 0, 0, 4, 0, 0, 0, 0, 0, 0, 0, 0, 0, 0, 0, 0, 0, 0]",1,128,96.0,388.0,901774257,901780722,901781636,901783973,0,59359,59359,-1,1,6465,2337,2,512,512,2
12,3,"[2, 96, 0, 0, 0, 0, 0, 0, 0, 0, 0, 0, 0, 0, 0, 2, 96, 0, 0, 0, 0, 0, 0, 0, 0, 0, 0, 0, 0, 0]",1,128,96.0,576.0,901837398,901842703,901843332,901845412,0,58783,58783,-1,1,5305,2080,2,512,512,2
12,3,"[2, 96, 0, 0, 0, 0, 0, 0, 0, 0, 0, 0, 0, 0, 0, 2, 96, 0, 0, 0, 0, 0, 0, 0, 0, 0, 0, 0, 0, 0]",1,128,96.0,576.0,901897582,901903294,901904195,901906692,0,65663,65663,-1,1,5712,2497,2,512,512,2
16,3,"[2, 96, 0, 0, 0, 0, 0, 0, 0, 0, 0, 0, 0, 0, 0, 4, 0, 0, 0, 0, 0, 0, 0, 0, 0, 0, 0, 0, 0, 0]",1,128,96.0,388.0,901965760,901971825,901972355,901974435,0,61407,61407,-1,1,6065,2080,2,512,512,2
12,3,"[2, 96, 0, 0, 0, 0, 0, 0, 0, 0, 0, 0, 0, 0, 0, 2, 96, 0, 0, 0, 0, 0, 0, 0, 0, 0, 0, 0, 0, 0]",1,128,96.0,576.0,902029231,902034709,902035842,902037922,0,186431,186431,-1,1,5478,2080,2,512,512,2
12,3,"[2, 96, 0, 0, 0, 0, 0, 0, 0, 0, 0, 0, 0, 0, 0, 2, 96, 0, 0, 0, 0, 0, 0, 0, 0, 0, 0, 0, 0, 0]",1,128,96.0,576.0,902215625,902224190,902224353,902226337,0,76863,76863,-1,1,8565,1984,2,512,512,2
16,3,"[2, 576, 96, 1, 1, 0, 0, 0, 0, 0, 0, 0, 0, 0, 0, 4, 0, 0, 0, 0, 0, 0, 0, 0, 0, 0, 0, 0, 0, 0]",108,128,55296.0,221188.0,902295539,902302431,902303200,902305984,0,63680,63680,-1,1,6892,2784,2,512,512,2
12,3,"[2, 576, 96, 1, 1, 0, 0, 0, 0, 0, 0, 0, 0, 0, 0, 2, 576, 96, 1, 1, 0, 0, 0, 0, 0, 0, 0, 0, 0, 0]",108,128,55296.0,331776.0,902362630,902368240,902369664,902371744,0,69151,69151,-1,1,5610,2080,2,512,512,2
12,3,"[2, 576, 96, 1, 1, 0, 0, 0, 0, 0, 0, 0, 0, 0, 0, 2, 576, 96, 1, 1, 0, 0, 0, 0, 0, 0, 0, 0, 0, 0]",108,128,55296.0,331776.0,902433723,902439510,902440895,902443423,0,63808,63808,-1,1,5787,2528,2,512,512,2
16,3,"[2, 576, 0, 0, 0, 0, 0, 0, 0, 0, 0, 0, 0, 0, 0, 4, 0, 0, 0, 0, 0, 0, 0, 0, 0, 0, 0, 0, 0, 0]",2,128,576.0,2308.0,902500376,902506953,902507231,902510239,0,60511,60511,-1,1,6577,3008,2,512,512,2
12,3,"[2, 576, 0, 0, 0, 0, 0, 0, 0, 0, 0, 0, 0, 0, 0, 2, 576, 0, 0, 0, 0, 0, 0, 0, 0, 0, 0, 0, 0, 0]",2,128,576.0,3456.0,902564566,902570232,902570750,902573790,0,59360,59360,-1,1,5666,3040,2,512,512,2
12,3,"[2, 576, 0, 0, 0, 0, 0, 0, 0, 0, 0, 0, 0, 0, 0, 2, 576, 0, 0, 0, 0, 0, 0, 0, 0, 0, 0, 0, 0, 0]",2,128,576.0,3456.0,902626686,902632109,902633150,902635582,0,58751,58751,-1,1,5423,2432,2,512,512,2
16,3,"[2, 576, 0, 0, 0, 0, 0, 0, 0, 0, 0, 0, 0, 0, 0, 4, 0, 0, 0, 0, 0, 0, 0, 0, 0, 0, 0, 0, 0, 0]",2,128,576.0,2308.0,902687461,902693135,902694333,902696765,0,66112,66112,-1,1,5674,2432,2,512,512,2
12,3,"[2, 576, 0, 0, 0, 0, 0, 0, 0, 0, 0, 0, 0, 0, 0, 2, 576, 0, 0, 0, 0, 0, 0, 0, 0, 0, 0, 0, 0, 0]",2,128,576.0,3456.0,902756824,902761832,902762877,902764957,0,89407,89407,-1,1,5008,2080,2,512,512,2
12,3,"[2, 576, 0, 0, 0, 0, 0, 0, 0, 0, 0, 0, 0, 0, 0, 2, 576, 0, 0, 0, 0, 0, 0, 0, 0, 0, 0, 0, 0, 0]",2,128,576.0,3456.0,902846290,902853484,902854364,902856828,0,71935,71935,-1,1,7194,2464,2,512,512,2
16,3,"[2, 576, 1, 3, 3, 0, 0, 0, 0, 0, 0, 0, 0, 0, 0, 4, 0, 0, 0, 0, 0, 0, 0, 0, 0, 0, 0, 0, 0, 0]",11,128,5184.0,20740.0,902921896,902928293,902928763,902930843,0,61216,61216,-1,1,6397,2080,2,512,512,2
12,3,"[2, 576, 1, 3, 3, 0, 0, 0, 0, 0, 0, 0, 0, 0, 0, 2, 576, 1, 3, 3, 0, 0, 0, 0, 0, 0, 0, 0, 0, 0]",11,128,5184.0,31104.0,902985343,902990787,902992059,902994331,0,58687,58687,-1,1,5444,2272,2,512,512,2
12,3,"[2, 576, 1, 3, 3, 0, 0, 0, 0, 0, 0, 0, 0, 0, 0, 2, 576, 1, 3, 3, 0, 0, 0, 0, 0, 0, 0, 0, 0, 0]",11,128,5184.0,31104.0,903046172,903051934,903053018,903055770,0,57344,57344,-1,1,5762,2752,2,512,512,2
16,3,"[2, 576, 0, 0, 0, 0, 0, 0, 0, 0, 0, 0, 0, 0, 0, 4, 0, 0, 0, 0, 0, 0, 0, 0, 0, 0, 0, 0, 0, 0]",2,128,576.0,2308.0,903107217,903112680,903113114,903115162,0,58847,58847,-1,1,5463,2048,2,512,512,2
12,3,"[2, 576, 0, 0, 0, 0, 0, 0, 0, 0, 0, 0, 0, 0, 0, 2, 576, 0, 0, 0, 0, 0, 0, 0, 0, 0, 0, 0, 0, 0]",2,128,576.0,3456.0,903167458,903172913,903174009,903176473,0,57216,57216,-1,1,5455,2464,2,512,512,2
12,3,"[2, 576, 0, 0, 0, 0, 0, 0, 0, 0, 0, 0, 0, 0, 0, 2, 576, 0, 0, 0, 0, 0, 0, 0, 0, 0, 0, 0, 0, 0]",2,128,576.0,3456.0,903227293,903232526,903233689,903235993,0,80063,80063,-1,1,5233,2304,2,512,512,2
16,3,"[2, 576, 0, 0, 0, 0, 0, 0, 0, 0, 0, 0, 0, 0, 0, 4, 0, 0, 0, 0, 0, 0, 0, 0, 0, 0, 0, 0, 0, 0]",2,128,576.0,2308.0,903308759,903315702,903316056,903319160,0,61664,61664,-1,1,6943,3104,2,512,512,2
12,3,"[2, 576, 0, 0, 0, 0, 0, 0, 0, 0, 0, 0, 0, 0, 0, 2, 576, 0, 0, 0, 0, 0, 0, 0, 0, 0, 0, 0, 0, 0]",2,128,576.0,3456.0,903373881,903379751,903380824,903383288,0,57471,57471,-1,1,5870,2464,2,512,512,2
12,3,"[2, 576, 0, 0, 0, 0, 0, 0, 0, 0, 0, 0, 0, 0, 0, 2, 576, 0, 0, 0, 0, 0, 0, 0, 0, 0, 0, 0, 0, 0]",2,128,576.0,3456.0,903433518,903439254,903440759,903442839,0,59200,59200,-1,1,5736,2080,2,512,512,2
16,3,"[2, 160, 576, 1, 1, 0, 0, 0, 0, 0, 0, 0, 0, 0, 0, 4, 0, 0, 0, 0, 0, 0, 0, 0, 0, 0, 0, 0, 0, 0]",180,128,92160.0,368644.0,903495103,903501086,903502039,903504278,0,59712,59712,-1,1,5983,2239,2,512,512,2
12,3,"[2, 160, 576, 1, 1, 0, 0, 0, 0, 0, 0, 0, 0, 0, 0, 2, 160, 576, 1, 1, 0, 0, 0, 0, 0, 0, 0, 0, 0, 0]",180,128,92160.0,552960.0,903557796,903563544,903563990,903567766,0,58463,58463,-1,1,5748,3776,2,512,512,2
12,3,"[2, 160, 576, 1, 1, 0, 0, 0, 0, 0, 0, 0, 0, 0, 0, 2, 160, 576, 1, 1, 0, 0, 0, 0, 0, 0, 0, 0, 0, 0]",180,128,92160.0,552960.0,903619725,903625210,903626229,903629078,0,64959,64959,-1,1,5485,2849,2,512,512,2
16,3,"[2, 160, 0, 0, 0, 0, 0, 0, 0, 0, 0, 0, 0, 0, 0, 4, 0, 0, 0, 0, 0, 0, 0, 0, 0, 0, 0, 0, 0, 0]",1,128,160.0,644.0,903680361,903693223,903694037,903696469,0,60927,60927,-1,1,12862,2432,2,512,512,2
12,3,"[2, 160, 0, 0, 0, 0, 0, 0, 0, 0, 0, 0, 0, 0, 0, 2, 160, 0, 0, 0, 0, 0, 0, 0, 0, 0, 0, 0, 0, 0]",1,128,160.0,960.0,903750185,903756287,903757396,903759893,0,57535,57535,-1,1,6102,2497,2,512,512,2
12,3,"[2, 160, 0, 0, 0, 0, 0, 0, 0, 0, 0, 0, 0, 0, 0, 2, 160, 0, 0, 0, 0, 0, 0, 0, 0, 0, 0, 0, 0, 0]",1,128,160.0,960.0,903811185,903816343,903817428,903819668,0,57440,57440,-1,1,5158,2240,2,512,512,2
16,3,"[2, 160, 0, 0, 0, 0, 0, 0, 0, 0, 0, 0, 0, 0, 0, 4, 0, 0, 0, 0, 0, 0, 0, 0, 0, 0, 0, 0, 0, 0]",1,128,160.0,644.0,903871446,903876648,903877108,903880116,0,62655,62655,-1,1,5202,3008,2,512,512,2
12,3,"[2, 160, 0, 0, 0, 0, 0, 0, 0, 0, 0, 0, 0, 0, 0, 2, 160, 0, 0, 0, 0, 0, 0, 0, 0, 0, 0, 0, 0, 0]",1,128,160.0,960.0,903936596,903942308,903942771,903945811,0,57888,57888,-1,1,5712,3040,2,512,512,2
12,3,"[2, 160, 0, 0, 0, 0, 0, 0, 0, 0, 0, 0, 0, 0, 0, 2, 160, 0, 0, 0, 0, 0, 0, 0, 0, 0, 0, 0, 0, 0]",1,128,160.0,960.0,903997452,904002962,904003699,904006035,0,59135,59135,-1,1,5510,2336,2,512,512,2
16,3,"[2, 960, 160, 1, 1, 0, 0, 0, 0, 0, 0, 0, 0, 0, 0, 4, 0, 0, 0, 0, 0, 0, 0, 0, 0, 0, 0, 0, 0, 0]",300,128,153600.0,614404.0,904058761,904064310,904065170,904068626,0,66208,66208,-1,1,5549,3456,2,512,512,2
12,3,"[2, 960, 160, 1, 1, 0, 0, 0, 0, 0, 0, 0, 0, 0, 0, 2, 960, 160, 1, 1, 0, 0, 0, 0, 0, 0, 0, 0, 0, 0]",300,128,153600.0,921600.0,904127618,904133655,904134834,904138801,0,56736,56736,-1,1,6037,3967,2,512,512,2
12,3,"[2, 960, 160, 1, 1, 0, 0, 0, 0, 0, 0, 0, 0, 0, 0, 2, 960, 160, 1, 1, 0, 0, 0, 0, 0, 0, 0, 0, 0, 0]",300,128,153600.0,921600.0,904188761,904194424,904195537,904198545,0,57312,57312,-1,1,5663,3008,2,512,512,2
16,3,"[2, 960, 0, 0, 0, 0, 0, 0, 0, 0, 0, 0, 0, 0, 0, 4, 0, 0, 0, 0, 0, 0, 0, 0, 0, 0, 0, 0, 0, 0]",2,128,960.0,3844.0,904249436,904254821,904255857,904257936,0,57312,57312,-1,1,5385,2079,2,512,512,2
12,3,"[2, 960, 0, 0, 0, 0, 0, 0, 0, 0, 0, 0, 0, 0, 0, 2, 960, 0, 0, 0, 0, 0, 0, 0, 0, 0, 0, 0, 0, 0]",2,128,960.0,5760.0,904308944,904314197,904315248,904317328,0,57343,57343,-1,1,5253,2080,2,512,512,2
12,3,"[2, 960, 0, 0, 0, 0, 0, 0, 0, 0, 0, 0, 0, 0, 0, 2, 960, 0, 0, 0, 0, 0, 0, 0, 0, 0, 0, 0, 0, 0]",2,128,960.0,5760.0,904368346,904373820,904374671,904376720,0,56863,56863,-1,1,5474,2049,2,512,512,2
16,3,"[2, 960, 0, 0, 0, 0, 0, 0, 0, 0, 0, 0, 0, 0, 0, 4, 0, 0, 0, 0, 0, 0, 0, 0, 0, 0, 0, 0, 0, 0]",2,128,960.0,3844.0,904427015,904432434,904433583,904436079,0,63072,63072,-1,1,5419,2496,2,512,512,2
12,3,"[2, 960, 0, 0, 0, 0, 0, 0, 0, 0, 0, 0, 0, 0, 0, 2, 960, 0, 0, 0, 0, 0, 0, 0, 0, 0, 0, 0, 0, 0]",2,128,960.0,5760.0,904492551,904497935,904499151,904501647,0,57183,57183,-1,1,5384,2496,2,512,512,2
12,3,"[2, 960, 0, 0, 0, 0, 0, 0, 0, 0, 0, 0, 0, 0, 0, 2, 960, 0, 0, 0, 0, 0, 0, 0, 0, 0, 0, 0, 0, 0]",2,128,960.0,5760.0,904552593,904557832,904558830,904561038,0,59616,59616,-1,1,5239,2208,2,512,512,2
16,3,"[2, 960, 1, 3, 3, 0, 0, 0, 0, 0, 0, 0, 0, 0, 0, 4, 0, 0, 0, 0, 0, 0, 0, 0, 0, 0, 0, 0, 0, 0]",17,128,8640.0,34564.0,904614309,904619786,904620654,904623885,0,58048,58048,-1,1,5477,3231,2,512,512,2
12,3,"[2, 960, 1, 3, 3, 0, 0, 0, 0, 0, 0, 0, 0, 0, 0, 2, 960, 1, 3, 3, 0, 0, 0, 0, 0, 0, 0, 0, 0, 0]",17,128,8640.0,51840.0,904675957,904681392,904681933,904685165,0,57440,57440,-1,1,5435,3232,2,512,512,2
12,3,"[2, 960, 1, 3, 3, 0, 0, 0, 0, 0, 0, 0, 0, 0, 0, 2, 960, 1, 3, 3, 0, 0, 0, 0, 0, 0, 0, 0, 0, 0]",17,128,8640.0,51840.0,904736296,904741412,904742605,904745165,0,59103,59103,-1,1,5116,2560,2,512,512,2
16,3,"[2, 960, 0, 0, 0, 0, 0, 0, 0, 0, 0, 0, 0, 0, 0, 4, 0, 0, 0, 0, 0, 0, 0, 0, 0, 0, 0, 0, 0, 0]",2,128,960.0,3844.0,904797498,904803250,904804268,904806796,0,165855,165855,-1,1,5752,2528,2,512,512,2
12,3,"[2, 960, 0, 0, 0, 0, 0, 0, 0, 0, 0, 0, 0, 0, 0, 2, 960, 0, 0, 0, 0, 0, 0, 0, 0, 0, 0, 0, 0, 0]",2,128,960.0,5760.0,904962172,904971331,904972651,904974731,0,79839,79839,-1,1,9159,2080,2,512,512,2
12,3,"[2, 960, 0, 0, 0, 0, 0, 0, 0, 0, 0, 0, 0, 0, 0, 2, 960, 0, 0, 0, 0, 0, 0, 0, 0, 0, 0, 0, 0, 0]",2,128,960.0,5760.0,905047659,905053558,905054570,905056650,0,77152,77152,-1,1,5899,2080,2,512,512,2
16,3,"[2, 960, 0, 0, 0, 0, 0, 0, 0, 0, 0, 0, 0, 0, 0, 4, 0, 0, 0, 0, 0, 0, 0, 0, 0, 0, 0, 0, 0, 0]",2,128,960.0,3844.0,905126932,905132877,905133802,905136297,0,58752,58752,-1,1,5945,2495,2,512,512,2
12,3,"[2, 960, 0, 0, 0, 0, 0, 0, 0, 0, 0, 0, 0, 0, 0, 2, 960, 0, 0, 0, 0, 0, 0, 0, 0, 0, 0, 0, 0, 0]",2,128,960.0,5760.0,905188698,905194058,905195049,905197961,0,57727,57727,-1,1,5360,2912,2,512,512,2
12,3,"[2, 960, 0, 0, 0, 0, 0, 0, 0, 0, 0, 0, 0, 0, 0, 2, 960, 0, 0, 0, 0, 0, 0, 0, 0, 0, 0, 0, 0, 0]",2,128,960.0,5760.0,905249689,905255211,905255688,905258728,0,59264,59264,-1,1,5522,3040,2,512,512,2
16,3,"[2, 160, 960, 1, 1, 0, 0, 0, 0, 0, 0, 0, 0, 0, 0, 4, 0, 0, 0, 0, 0, 0, 0, 0, 0, 0, 0, 0, 0, 0]",300,128,153600.0,614404.0,905311440,905317112,905317992,905320840,0,69631,69631,-1,1,5672,2848,2,512,512,2
12,3,"[2, 160, 960, 1, 1, 0, 0, 0, 0, 0, 0, 0, 0, 0, 0, 2, 160, 960, 1, 1, 0, 0, 0, 0, 0, 0, 0, 0, 0, 0]",300,128,153600.0,921600.0,905383993,905390217,905390471,905394567,0,57440,57440,-1,1,6224,4096,2,512,512,2
12,3,"[2, 160, 960, 1, 1, 0, 0, 0, 0, 0, 0, 0, 0, 0, 0, 2, 160, 960, 1, 1, 0, 0, 0, 0, 0, 0, 0, 0, 0, 0]",300,128,153600.0,921600.0,905445908,905451488,905452007,905456007,0,59135,59135,-1,1,5580,4000,2,512,512,2
16,3,"[2, 160, 0, 0, 0, 0, 0, 0, 0, 0, 0, 0, 0, 0, 0, 4, 0, 0, 0, 0, 0, 0, 0, 0, 0, 0, 0, 0, 0, 0]",1,128,160.0,644.0,905508375,905513958,905515142,905517446,0,57504,57504,-1,1,5583,2304,2,512,512,2
12,3,"[2, 160, 0, 0, 0, 0, 0, 0, 0, 0, 0, 0, 0, 0, 0, 2, 160, 0, 0, 0, 0, 0, 0, 0, 0, 0, 0, 0, 0, 0]",1,128,160.0,960.0,905568825,905574492,905574950,905577990,0,58239,58239,-1,1,5667,3040,2,512,512,2
12,3,"[2, 160, 0, 0, 0, 0, 0, 0, 0, 0, 0, 0, 0, 0, 0, 2, 160, 0, 0, 0, 0, 0, 0, 0, 0, 0, 0, 0, 0, 0]",1,128,160.0,960.0,905629584,905635251,905636229,905638277,0,57632,57632,-1,1,5667,2048,2,512,512,2
16,3,"[2, 160, 0, 0, 0, 0, 0, 0, 0, 0, 0, 0, 0, 0, 0, 4, 0, 0, 0, 0, 0, 0, 0, 0, 0, 0, 0, 0, 0, 0]",1,128,160.0,644.0,905690125,905695591,905695909,905698917,0,62207,62207,-1,1,5466,3008,2,512,512,2
12,3,"[2, 160, 0, 0, 0, 0, 0, 0, 0, 0, 0, 0, 0, 0, 0, 2, 160, 0, 0, 0, 0, 0, 0, 0, 0, 0, 0, 0, 0, 0]",1,128,160.0,960.0,905754788,905760290,905761124,905763204,0,58464,58464,-1,1,5502,2080,2,512,512,2
12,3,"[2, 160, 0, 0, 0, 0, 0, 0, 0, 0, 0, 0, 0, 0, 0, 2, 160, 0, 0, 0, 0, 0, 0, 0, 0, 0, 0, 0, 0, 0]",1,128,160.0,960.0,905815309,905820576,905821668,905824100,0,59071,59071,-1,1,5267,2432,2,512,512,2
16,3,"[2, 960, 160, 1, 1, 0, 0, 0, 0, 0, 0, 0, 0, 0, 0, 4, 0, 0, 0, 0, 0, 0, 0, 0, 0, 0, 0, 0, 0, 0]",300,128,153600.0,614404.0,905875846,905882004,905883171,905886083,0,57312,57312,-1,1,6158,2912,2,512,512,2
12,3,"[2, 960, 160, 1, 1, 0, 0, 0, 0, 0, 0, 0, 0, 0, 0, 2, 960, 160, 1, 1, 0, 0, 0, 0, 0, 0, 0, 0, 0, 0]",300,128,153600.0,921600.0,905937464,905942853,905943395,905947523,0,57152,57152,-1,1,5389,4128,2,512,512,2
12,3,"[2, 960, 160, 1, 1, 0, 0, 0, 0, 0, 0, 0, 0, 0, 0, 2, 960, 160, 1, 1, 0, 0, 0, 0, 0, 0, 0, 0, 0, 0]",300,128,153600.0,921600.0,905998028,906003270,906004675,906006914,0,57696,57696,-1,1,5242,2239,2,512,512,2
16,3,"[2, 960, 0, 0, 0, 0, 0, 0, 0, 0, 0, 0, 0, 0, 0, 4, 0, 0, 0, 0, 0, 0, 0, 0, 0, 0, 0, 0, 0, 0]",2,128,960.0,3844.0,906058331,906064189,906064610,906067682,0,58047,58047,-1,1,5858,3072,2,512,512,2
12,3,"[2, 960, 0, 0, 0, 0, 0, 0, 0, 0, 0, 0, 0, 0, 0, 2, 960, 0, 0, 0, 0, 0, 0, 0, 0, 0, 0, 0, 0, 0]",2,128,960.0,5760.0,906119712,906124951,906125729,906128866,0,78655,78655,-1,1,5239,3137,2,512,512,2
12,3,"[2, 960, 0, 0, 0, 0, 0, 0, 0, 0, 0, 0, 0, 0, 0, 2, 960, 0, 0, 0, 0, 0, 0, 0, 0, 0, 0, 0, 0, 0]",2,128,960.0,5760.0,906185577,906206482,906207521,906209665,0,59391,59391,-1,1,20905,2144,2,512,512,2
16,3,"[2, 960, 0, 0, 0, 0, 0, 0, 0, 0, 0, 0, 0, 0, 0, 4, 0, 0, 0, 0, 0, 0, 0, 0, 0, 0, 0, 0, 0, 0]",2,128,960.0,3844.0,906262349,906268026,906269056,906271104,0,57344,57344,-1,1,5677,2048,2,512,512,2
12,3,"[2, 960, 0, 0, 0, 0, 0, 0, 0, 0, 0, 0, 0, 0, 0, 2, 960, 0, 0, 0, 0, 0, 0, 0, 0, 0, 0, 0, 0, 0]",2,128,960.0,5760.0,906322377,906327534,906328448,906330496,0,58719,58719,-1,1,5157,2048,2,512,512,2
12,3,"[2, 960, 0, 0, 0, 0, 0, 0, 0, 0, 0, 0, 0, 0, 0, 2, 960, 0, 0, 0, 0, 0, 0, 0, 0, 0, 0, 0, 0, 0]",2,128,960.0,5760.0,906382763,906388082,906389215,906391679,0,57600,57600,-1,1,5319,2464,2,512,512,2
16,3,"[2, 960, 1, 3, 3, 0, 0, 0, 0, 0, 0, 0, 0, 0, 0, 4, 0, 0, 0, 0, 0, 0, 0, 0, 0, 0, 0, 0, 0, 0]",17,128,8640.0,34564.0,906443328,906448727,906449279,906452991,0,57727,57727,-1,1,5399,3712,2,512,512,2
12,3,"[2, 960, 1, 3, 3, 0, 0, 0, 0, 0, 0, 0, 0, 0, 0, 2, 960, 1, 3, 3, 0, 0, 0, 0, 0, 0, 0, 0, 0, 0]",17,128,8640.0,51840.0,906504656,906510196,906510718,906513918,0,63744,63744,-1,1,5540,3200,2,512,512,2
12,3,"[2, 960, 1, 3, 3, 0, 0, 0, 0, 0, 0, 0, 0, 0, 0, 2, 960, 1, 3, 3, 0, 0, 0, 0, 0, 0, 0, 0, 0, 0]",17,128,8640.0,51840.0,906570675,906576638,906577662,906580254,0,59487,59487,-1,1,5963,2592,2,512,512,2
16,3,"[2, 960, 0, 0, 0, 0, 0, 0, 0, 0, 0, 0, 0, 0, 0, 4, 0, 0, 0, 0, 0, 0, 0, 0, 0, 0, 0, 0, 0, 0]",2,128,960.0,3844.0,906632689,906638806,906639741,906641789,0,63040,63040,-1,1,6117,2048,2,512,512,2
12,3,"[2, 960, 0, 0, 0, 0, 0, 0, 0, 0, 0, 0, 0, 0, 0, 2, 960, 0, 0, 0, 0, 0, 0, 0, 0, 0, 0, 0, 0, 0]",2,128,960.0,5760.0,906697606,906703435,906704829,906707325,0,58367,58367,-1,1,5829,2496,2,512,512,2
12,3,"[2, 960, 0, 0, 0, 0, 0, 0, 0, 0, 0, 0, 0, 0, 0, 2, 960, 0, 0, 0, 0, 0, 0, 0, 0, 0, 0, 0, 0, 0]",2,128,960.0,5760.0,906758775,906764430,906765692,906768156,0,68192,68192,-1,1,5655,2464,2,512,512,2
16,3,"[2, 960, 0, 0, 0, 0, 0, 0, 0, 0, 0, 0, 0, 0, 0, 4, 0, 0, 0, 0, 0, 0, 0, 0, 0, 0, 0, 0, 0, 0]",2,128,960.0,3844.0,906829222,906835983,906836348,906838396,0,62975,62975,-1,1,6761,2048,2,512,512,2
12,3,"[2, 960, 0, 0, 0, 0, 0, 0, 0, 0, 0, 0, 0, 0, 0, 2, 960, 0, 0, 0, 0, 0, 0, 0, 0, 0, 0, 0, 0, 0]",2,128,960.0,5760.0,906894215,906900199,906901371,906903899,0,65568,65568,-1,1,5984,2528,2,512,512,2
12,3,"[2, 960, 0, 0, 0, 0, 0, 0, 0, 0, 0, 0, 0, 0, 0, 2, 960, 0, 0, 0, 0, 0, 0, 0, 0, 0, 0, 0, 0, 0]",2,128,960.0,5760.0,906955994,906968727,906969467,906971515,0,62559,62559,-1,1,12733,2048,2,512,512,2
16,3,"[2, 160, 960, 1, 1, 0, 0, 0, 0, 0, 0, 0, 0, 0, 0, 4, 0, 0, 0, 0, 0, 0, 0, 0, 0, 0, 0, 0, 0, 0]",300,128,153600.0,614404.0,907026950,907033108,907034074,907037050,0,57280,57280,-1,1,6158,2976,2,512,512,2
12,3,"[2, 160, 960, 1, 1, 0, 0, 0, 0, 0, 0, 0, 0, 0, 0, 2, 160, 960, 1, 1, 0, 0, 0, 0, 0, 0, 0, 0, 0, 0]",300,128,153600.0,921600.0,907087622,907092907,907094330,907098010,0,56799,56799,-1,1,5285,3680,2,512,512,2
12,3,"[2, 160, 960, 1, 1, 0, 0, 0, 0, 0, 0, 0, 0, 0, 0, 2, 160, 960, 1, 1, 0, 0, 0, 0, 0, 0, 0, 0, 0, 0]",300,128,153600.0,921600.0,907148202,907153660,907154809,907157881,0,57344,57344,-1,1,5458,3072,2,512,512,2
16,3,"[2, 160, 0, 0, 0, 0, 0, 0, 0, 0, 0, 0, 0, 0, 0, 4, 0, 0, 0, 0, 0, 0, 0, 0, 0, 0, 0, 0, 0, 0]",1,128,160.0,644.0,907208038,907213999,907215225,907217272,0,57312,57312,-1,1,5961,2047,2,512,512,2
12,3,"[2, 160, 0, 0, 0, 0, 0, 0, 0, 0, 0, 0, 0, 0, 0, 2, 160, 0, 0, 0, 0, 0, 0, 0, 0, 0, 0, 0, 0, 0]",1,128,160.0,960.0,907268065,907273122,907274584,907276664,0,55648,55648,-1,1,5057,2080,2,512,512,2
12,3,"[2, 160, 0, 0, 0, 0, 0, 0, 0, 0, 0, 0, 0, 0, 0, 2, 160, 0, 0, 0, 0, 0, 0, 0, 0, 0, 0, 0, 0, 0]",1,128,160.0,960.0,907326593,907331822,907332312,907335384,0,64127,64127,-1,1,5229,3072,2,512,512,2
16,3,"[2, 160, 0, 0, 0, 0, 0, 0, 0, 0, 0, 0, 0, 0, 0, 4, 0, 0, 0, 0, 0, 0, 0, 0, 0, 0, 0, 0, 0, 0]",1,128,160.0,644.0,907392634,907398618,907399511,907402903,0,58080,58080,-1,1,5984,3392,2,512,512,2
12,3,"[2, 160, 0, 0, 0, 0, 0, 0, 0, 0, 0, 0, 0, 0, 0, 2, 160, 0, 0, 0, 0, 0, 0, 0, 0, 0, 0, 0, 0, 0]",1,128,160.0,960.0,907454535,907459853,907460983,907463031,0,58527,58527,-1,1,5318,2048,2,512,512,2
12,3,"[2, 160, 0, 0, 0, 0, 0, 0, 0, 0, 0, 0, 0, 0, 0, 2, 160, 0, 0, 0, 0, 0, 0, 0, 0, 0, 0, 0, 0, 0]",1,128,160.0,960.0,907514579,907520358,907521558,907524086,0,57696,57696,-1,1,5779,2528,2,512,512,2
16,3,"[2, 960, 160, 1, 1, 0, 0, 0, 0, 0, 0, 0, 0, 0, 0, 4, 0, 0, 0, 0, 0, 0, 0, 0, 0, 0, 0, 0, 0, 0]",300,128,153600.0,614404.0,907575836,907581271,907581782,907585878,0,161854,161854,-1,1,5435,4096,2,512,512,2
12,3,"[2, 960, 160, 1, 1, 0, 0, 0, 0, 0, 0, 0, 0, 0, 0, 2, 960, 160, 1, 1, 0, 0, 0, 0, 0, 0, 0, 0, 0, 0]",300,128,153600.0,921600.0,907739363,907747403,907747732,907751796,0,67168,67168,-1,1,8040,4064,2,512,512,2
12,3,"[2, 960, 160, 1, 1, 0, 0, 0, 0, 0, 0, 0, 0, 0, 0, 2, 960, 160, 1, 1, 0, 0, 0, 0, 0, 0, 0, 0, 0, 0]",300,128,153600.0,921600.0,907811344,907818431,907818964,907821428,0,60511,60511,-1,1,7087,2464,2,512,512,2
16,3,"[2, 960, 0, 0, 0, 0, 0, 0, 0, 0, 0, 0, 0, 0, 0, 4, 0, 0, 0, 0, 0, 0, 0, 0, 0, 0, 0, 0, 0, 0]",2,128,960.0,3844.0,907875248,907880871,907881939,907884371,0,57888,57888,-1,1,5623,2432,2,512,512,2
12,3,"[2, 960, 0, 0, 0, 0, 0, 0, 0, 0, 0, 0, 0, 0, 0, 2, 960, 0, 0, 0, 0, 0, 0, 0, 0, 0, 0, 0, 0, 0]",2,128,960.0,5760.0,907935804,907941344,907942259,907944307,0,57535,57535,-1,1,5540,2048,2,512,512,2
12,3,"[2, 960, 0, 0, 0, 0, 0, 0, 0, 0, 0, 0, 0, 0, 0, 2, 960, 0, 0, 0, 0, 0, 0, 0, 0, 0, 0, 0, 0, 0]",2,128,960.0,5760.0,907995804,908001696,908001842,908004946,0,57952,57952,-1,1,5892,3104,2,512,512,2
16,3,"[2, 960, 0, 0, 0, 0, 0, 0, 0, 0, 0, 0, 0, 0, 0, 4, 0, 0, 0, 0, 0, 0, 0, 0, 0, 0, 0, 0, 0, 0]",2,128,960.0,3844.0,908056065,908062036,908062898,908065138,0,59391,59391,-1,1,5971,2240,2,512,512,2
12,3,"[2, 960, 0, 0, 0, 0, 0, 0, 0, 0, 0, 0, 0, 0, 0, 2, 960, 0, 0, 0, 0, 0, 0, 0, 0, 0, 0, 0, 0, 0]",2,128,960.0,5760.0,908118626,908124073,908124529,908127665,0,63520,63520,-1,1,5447,3136,2,512,512,2
12,3,"[2, 960, 0, 0, 0, 0, 0, 0, 0, 0, 0, 0, 0, 0, 0, 2, 960, 0, 0, 0, 0, 0, 0, 0, 0, 0, 0, 0, 0, 0]",2,128,960.0,5760.0,908183806,908190152,908191185,908193649,0,68063,68063,-1,1,6346,2464,2,512,512,2
16,3,"[2, 960, 1, 3, 3, 0, 0, 0, 0, 0, 0, 0, 0, 0, 0, 4, 0, 0, 0, 0, 0, 0, 0, 0, 0, 0, 0, 0, 0, 0]",17,128,8640.0,34564.0,908254988,908261137,908261712,908263792,0,59424,59424,-1,1,6149,2080,2,512,512,2
12,3,"[2, 960, 1, 3, 3, 0, 0, 0, 0, 0, 0, 0, 0, 0, 0, 2, 960, 1, 3, 3, 0, 0, 0, 0, 0, 0, 0, 0, 0, 0]",17,128,8640.0,51840.0,908317409,908322831,908323216,908326480,0,59295,59295,-1,1,5422,3264,2,512,512,2
12,3,"[2, 960, 1, 3, 3, 0, 0, 0, 0, 0, 0, 0, 0, 0, 0, 2, 960, 1, 3, 3, 0, 0, 0, 0, 0, 0, 0, 0, 0, 0]",17,128,8640.0,51840.0,908378705,908384277,908385775,908388367,0,56960,56960,-1,1,5572,2592,2,512,512,2
16,3,"[2, 960, 0, 0, 0, 0, 0, 0, 0, 0, 0, 0, 0, 0, 0, 4, 0, 0, 0, 0, 0, 0, 0, 0, 0, 0, 0, 0, 0, 0]",2,128,960.0,3844.0,908438586,908444004,908445327,908447823,0,57215,57215,-1,1,5418,2496,2,512,512,2
12,3,"[2, 960, 0, 0, 0, 0, 0, 0, 0, 0, 0, 0, 0, 0, 0, 2, 960, 0, 0, 0, 0, 0, 0, 0, 0, 0, 0, 0, 0, 0]",2,128,960.0,5760.0,908498529,908503835,908505038,908507502,0,57344,57344,-1,1,5306,2464,2,512,512,2
12,3,"[2, 960, 0, 0, 0, 0, 0, 0, 0, 0, 0, 0, 0, 0, 0, 2, 960, 0, 0, 0, 0, 0, 0, 0, 0, 0, 0, 0, 0, 0]",2,128,960.0,5760.0,908558813,908564092,908564846,908566894,0,65855,65855,-1,1,5279,2048,2,512,512,2
16,3,"[2, 960, 0, 0, 0, 0, 0, 0, 0, 0, 0, 0, 0, 0, 0, 4, 0, 0, 0, 0, 0, 0, 0, 0, 0, 0, 0, 0, 0, 0]",2,128,960.0,3844.0,908626336,908632413,908632749,908635853,0,57984,57984,-1,1,6077,3104,2,512,512,2
12,3,"[2, 960, 0, 0, 0, 0, 0, 0, 0, 0, 0, 0, 0, 0, 0, 2, 960, 0, 0, 0, 0, 0, 0, 0, 0, 0, 0, 0, 0, 0]",2,128,960.0,5760.0,908687807,908693133,908693837,908695917,0,57343,57343,-1,1,5326,2080,2,512,512,2
12,3,"[2, 960, 0, 0, 0, 0, 0, 0, 0, 0, 0, 0, 0, 0, 0, 2, 960, 0, 0, 0, 0, 0, 0, 0, 0, 0, 0, 0, 0, 0]",2,128,960.0,5760.0,908747505,908752596,908753260,908755308,0,59168,59168,-1,1,5091,2048,2,512,512,2
16,3,"[2, 320, 960, 1, 1, 0, 0, 0, 0, 0, 0, 0, 0, 0, 0, 4, 0, 0, 0, 0, 0, 0, 0, 0, 0, 0, 0, 0, 0, 0]",600,128,307200.0,1228804.0,908807437,908813553,908814476,908818796,0,56767,56767,-1,1,6116,4320,2,512,512,2
12,3,"[2, 320, 960, 1, 1, 0, 0, 0, 0, 0, 0, 0, 0, 0, 0, 2, 320, 960, 1, 1, 0, 0, 0, 0, 0, 0, 0, 0, 0, 0]",600,128,307200.0,1843200.0,908869047,908874626,908875563,908879819,0,55680,55680,-1,1,5579,4256,2,512,512,2
12,3,"[2, 320, 960, 1, 1, 0, 0, 0, 0, 0, 0, 0, 0, 0, 0, 2, 320, 960, 1, 1, 0, 0, 0, 0, 0, 0, 0, 0, 0, 0]",600,128,307200.0,1843200.0,908929586,908934840,908935499,908939627,0,62591,62591,-1,1,5254,4128,2,512,512,2
16,3,"[2, 320, 0, 0, 0, 0, 0, 0, 0, 0, 0, 0, 0, 0, 0, 4, 0, 0, 0, 0, 0, 0, 0, 0, 0, 0, 0, 0, 0, 0]",1,128,320.0,1284.0,908995076,909001102,909002218,909004714,0,57984,57984,-1,1,6026,2496,2,512,512,2
12,3,"[2, 320, 0, 0, 0, 0, 0, 0, 0, 0, 0, 0, 0, 0, 0, 2, 320, 0, 0, 0, 0, 0, 0, 0, 0, 0, 0, 0, 0, 0]",1,128,320.0,1920.0,909056992,909062238,909062698,909065834,0,58143,58143,-1,1,5246,3136,2,512,512,2
12,3,"[2, 320, 0, 0, 0, 0, 0, 0, 0, 0, 0, 0, 0, 0, 0, 2, 320, 0, 0, 0, 0, 0, 0, 0, 0, 0, 0, 0, 0, 0]",1,128,320.0,1920.0,909117286,909123434,909123977,909127081,0,57472,57472,-1,1,6148,3104,2,512,512,2
16,3,"[2, 320, 0, 0, 0, 0, 0, 0, 0, 0, 0, 0, 0, 0, 0, 4, 0, 0, 0, 0, 0, 0, 0, 0, 0, 0, 0, 0, 0, 0]",1,128,320.0,1284.0,909177895,909183579,909184553,909187049,0,57311,57311,-1,1,5684,2496,2,512,512,2
12,3,"[2, 320, 0, 0, 0, 0, 0, 0, 0, 0, 0, 0, 0, 0, 0, 2, 320, 0, 0, 0, 0, 0, 0, 0, 0, 0, 0, 0, 0, 0]",1,128,320.0,1920.0,909237559,909243038,909244360,909246824,0,55584,55584,-1,1,5479,2464,2,512,512,2
12,3,"[2, 320, 0, 0, 0, 0, 0, 0, 0, 0, 0, 0, 0, 0, 0, 2, 320, 0, 0, 0, 0, 0, 0, 0, 0, 0, 0, 0, 0, 0]",1,128,320.0,1920.0,909296324,909301584,909302408,909305512,0,60063,60063,-1,1,5260,3104,2,512,512,2
16,3,"[2, 1280, 320, 1, 1, 0, 0, 0, 0, 0, 0, 0, 0, 0, 0, 4, 0, 0, 0, 0, 0, 0, 0, 0, 0, 0, 0, 0, 0, 0]",800,128,409600.0,1638404.0,909358700,909364633,909365575,909371239,0,61952,61952,-1,1,5933,5664,2,512,512,2
12,3,"[2, 1280, 320, 1, 1, 0, 0, 0, 0, 0, 0, 0, 0, 0, 0, 2, 1280, 320, 1, 1, 0, 0, 0, 0, 0, 0, 0, 0, 0, 0]",800,128,409600.0,2457600.0,909427039,909432480,909433191,909437287,0,62495,62495,-1,1,5441,4096,2,512,512,2
12,3,"[2, 1280, 320, 1, 1, 0, 0, 0, 0, 0, 0, 0, 0, 0, 0, 2, 1280, 320, 1, 1, 0, 0, 0, 0, 0, 0, 0, 0, 0, 0]",800,128,409600.0,2457600.0,909492622,909498735,909499782,909504230,0,56960,56960,-1,1,6113,4448,2,512,512,2
16,3,"[2, 1280, 0, 0, 0, 0, 0, 0, 0, 0, 0, 0, 0, 0, 0, 4, 0, 0, 0, 0, 0, 0, 0, 0, 0, 0, 0, 0, 0, 0]",3,128,1280.0,5124.0,909554078,909559908,909561190,909563622,0,59999,59999,-1,1,5830,2432,2,512,512,2
12,3,"[2, 1280, 0, 0, 0, 0, 0, 0, 0, 0, 0, 0, 0, 0, 0, 2, 1280, 0, 0, 0, 0, 0, 0, 0, 0, 0, 0, 0, 0, 0]",3,128,1280.0,7680.0,909616079,909622307,909623621,909625701,0,57536,57536,-1,1,6228,2080,2,512,512,2
12,3,"[2, 1280, 0, 0, 0, 0, 0, 0, 0, 0, 0, 0, 0, 0, 0, 2, 1280, 0, 0, 0, 0, 0, 0, 0, 0, 0, 0, 0, 0, 0]",3,128,1280.0,7680.0,909677344,909682522,909683237,909686277,0,58207,58207,-1,1,5178,3040,2,512,512,2
16,3,"[2, 1280, 0, 0, 0, 0, 0, 0, 0, 0, 0, 0, 0, 0, 0, 4, 0, 0, 0, 0, 0, 0, 0, 0, 0, 0, 0, 0, 0, 0]",3,128,1280.0,5124.0,909738287,909743873,909744484,909746532,0,65504,65504,-1,1,5586,2048,2,512,512,2
12,3,"[2, 1280, 0, 0, 0, 0, 0, 0, 0, 0, 0, 0, 0, 0, 0, 2, 1280, 0, 0, 0, 0, 0, 0, 0, 0, 0, 0, 0, 0, 0]",3,128,1280.0,7680.0,909804734,909810842,909812036,909814116,0,58527,58527,-1,1,6108,2080,2,512,512,2
12,3,"[2, 1280, 0, 0, 0, 0, 0, 0, 0, 0, 0, 0, 0, 0, 0, 2, 1280, 0, 0, 0, 0, 0, 0, 0, 0, 0, 0, 0, 0, 0]",3,128,1280.0,7680.0,909865975,909871676,909872643,909875139,0,59104,59104,-1,1,5701,2496,2,512,512,2
16,3,"[2, 975, 1280, 0, 0, 0, 0, 0, 0, 0, 0, 0, 0, 0, 0, 4, 0, 0, 0, 0, 0, 0, 0, 0, 0, 0, 0, 0, 0, 0]",2438,128,1248000.0,4992004.0,909927859,909933973,909934243,909945187,0,51167,51167,-1,1,6114,10944,2,512,512,2
12,3,"[2, 975, 1280, 0, 0, 0, 0, 0, 0, 0, 0, 0, 0, 0, 0, 2, 975, 1280, 0, 0, 0, 0, 0, 0, 0, 0, 0, 0, 0, 0]",2438,128,1248000.0,7488000.0,909989797,909995210,909996354,910004258,0,53568,53568,-1,1,5413,7904,2,512,512,2
12,3,"[2, 975, 1280, 0, 0, 0, 0, 0, 0, 0, 0, 0, 0, 0, 0, 2, 975, 1280, 0, 0, 0, 0, 0, 0, 0, 0, 0, 0, 0, 0]",2438,128,1248000.0,7488000.0,910051652,910057110,910057826,910069313,0,49376,49376,-1,1,5458,11487,2,512,512,2
16,3,"[2, 975, 0, 0, 0, 0, 0, 0, 0, 0, 0, 0, 0, 0, 0, 4, 0, 0, 0, 0, 0, 0, 0, 0, 0, 0, 0, 0, 0, 0]",2,128,975.0,3904.0,910111600,910116945,910118689,910121313,0,62880,62880,-1,1,5345,2624,2,512,512,2
12,3,"[2, 975, 0, 0, 0, 0, 0, 0, 0, 0, 0, 0, 0, 0, 0, 2, 975, 0, 0, 0, 0, 0, 0, 0, 0, 0, 0, 0, 0, 0]",2,128,975.0,5850.0,910171162,910183207,910184193,910186753,0,59263,59263,-1,1,12045,2560,2,512,512,2
12,3,"[2, 975, 0, 0, 0, 0, 0, 0, 0, 0, 0, 0, 0, 0, 0, 2, 975, 0, 0, 0, 0, 0, 0, 0, 0, 0, 0, 0, 0, 0]",2,128,975.0,5850.0,910238986,910244386,910246016,910248288,0,0,0,-1,1,5400,2272,2,512,512,2
