op,dir,params,grid,block,flops,bytes,rStartTime,rEndTime,kStartTime,kEndTime,staticSharedMemory,space,space1,seq,kernels,rduration,kduration,batch,h,w,input_type
203,1,"[32, 3, 128, 128, 32, 64, 64, 3, 3, 1, 1, 2, 2, 1, 1, 1, 8, 0, 0, 0, 0, 0, 0, 0, 0, 0, 0, 0, 0, 0]",4096,64,0.0,0.0,5167232203,5168623979,5392129551,5392708141,4352,244703,244703,370864,1,1391776,578590,32,128,128,3
205,1,"[4, 0, 0, 0, 0, 0, 0, 0, 0, 0, 0, 0, 0, 0, 0, 4, 0, 0, 0, 0, 0, 0, 0, 0, 0, 0, 0, 0, 0, 0]",32,512,33554432.0,134217728.0,5392916096,5393451683,5392952844,5394040329,272,496926,1344,370865,2,59173,591903,32,128,128,3
152,1,"[8, 32, 32, 64, 64, 0, 0, 0, 0, 0, 0, 0, 0, 0, 0, 0, 0, 0, 0, 0, 0, 0, 0, 0, 0, 0, 0, 0, 0, 0]",8192,128,4194304.0,67108864.0,5393667923,5393683004,5394041673,5394169351,0,1,1,370866,1,15081,127678,32,128,128,3
203,1,"[32, 32, 64, 64, 96, 32, 32, 1, 1, 0, 0, 2, 2, 1, 1, 1, 8, 0, 0, 0, 0, 0, 0, 0, 0, 0, 0, 0, 0, 0]",1024,256,0.0,0.0,5394032197,5394050061,5394169352,5395348997,18688,64511,64511,370867,1,17864,1179645,32,128,128,3
205,1,"[4, 0, 0, 0, 0, 0, 0, 0, 0, 0, 0, 0, 0, 0, 0, 4, 0, 0, 0, 0, 0, 0, 0, 0, 0, 0, 0, 0, 0, 0]",96,512,25165824.0,100663296.0,5395402216,5395717778,5395413508,5396030945,272,301536,1,370868,2,24123,315902,32,128,128,3
203,1,"[32, 32, 64, 64, 96, 64, 64, 1, 1, 0, 0, 1, 1, 1, 1, 1, 8, 0, 0, 0, 0, 0, 0, 0, 0, 0, 0, 0, 0, 0]",4096,256,0.0,0.0,5395978502,5395992157,5396030946,5400514036,18688,59392,59392,370869,1,13655,4483090,32,128,128,3
205,1,"[4, 0, 0, 0, 0, 0, 0, 0, 0, 0, 0, 0, 0, 0, 0, 4, 0, 0, 0, 0, 0, 0, 0, 0, 0, 0, 0, 0, 0, 0]",96,512,100663296.0,402653184.0,5400562395,5400865663,5400573428,5402082799,272,291039,2016,370870,2,23280,1220348,32,128,128,3
152,1,"[8, 32, 96, 64, 64, 0, 0, 0, 0, 0, 0, 0, 0, 0, 0, 0, 0, 0, 0, 0, 0, 0, 0, 0, 0, 0, 0, 0, 0, 0]",24576,128,12582912.0,201326592.0,5401048482,5401059399,5402084815,5402465774,0,1504,1504,370871,1,10917,380959,32,128,128,3
203,1,"[32, 96, 64, 64, 96, 32, 32, 3, 3, 1, 1, 2, 2, 1, 1, 2, 8, 0, 0, 0, 0, 0, 0, 0, 0, 0, 0, 0, 0, 0]",481,256,0.0,0.0,5401304726,5401391559,5402467278,5497738403,20736,-20301985,81632,370872,8,56894,115654742,32,128,128,3
205,1,"[4, 0, 0, 0, 0, 0, 0, 0, 0, 0, 0, 0, 0, 0, 0, 4, 0, 0, 0, 0, 0, 0, 0, 0, 0, 0, 0, 0, 0, 0]",96,512,25165824.0,100663296.0,5497805055,5498145272,5497820035,5498457281,272,322943,1152,370873,2,28303,315455,32,128,128,3
152,1,"[8, 32, 96, 32, 32, 0, 0, 0, 0, 0, 0, 0, 0, 0, 0, 0, 0, 0, 0, 0, 0, 0, 0, 0, 0, 0, 0, 0, 0, 0]",6144,128,3145728.0,50331648.0,5498337135,5498349188,5498458433,5498555169,0,42783,42783,370874,1,12053,96736,32,128,128,3
203,1,"[32, 96, 32, 32, 96, 32, 32, 1, 1, 0, 0, 1, 1, 1, 1, 1, 8, 0, 0, 0, 0, 0, 0, 0, 0, 0, 0, 0, 0, 0]",512,256,0.0,0.0,5498583996,5498606357,5498597952,5509524638,20736,60032,53376,370875,2,20986,10920030,32,128,128,3
205,1,"[4, 0, 0, 0, 0, 0, 0, 0, 0, 0, 0, 0, 0, 0, 0, 4, 0, 0, 0, 0, 0, 0, 0, 0, 0, 0, 0, 0, 0, 0]",96,512,25165824.0,100663296.0,5509568078,5509862774,5509578014,5510173852,272,284095,1472,370876,2,21402,313215,32,128,128,3
21,1,"[8, 32, 96, 32, 32, 0, 0, 0, 0, 0, 0, 0, 0, 0, 0, 8, 32, 96, 32, 32, 0, 0, 0, 0, 0, 0, 0, 0, 0, 0]",6144,128,3145728.0,75497472.0,5509966772,5509977368,5510175324,5510316411,0,609,609,370877,1,10596,141087,32,128,128,3
152,1,"[8, 32, 96, 32, 32, 0, 0, 0, 0, 0, 0, 0, 0, 0, 0, 0, 0, 0, 0, 0, 0, 0, 0, 0, 0, 0, 0, 0, 0, 0]",6144,128,3145728.0,50331648.0,5510141339,5510151090,5510317020,5510412987,0,448,448,370878,1,9751,95967,32,128,128,3
203,1,"[32, 96, 32, 32, 96, 32, 32, 1, 1, 0, 0, 1, 1, 1, 1, 1, 8, 0, 0, 0, 0, 0, 0, 0, 0, 0, 0, 0, 0, 0]",512,256,0.0,0.0,5510377934,5510399741,5510413435,5521278073,20736,54656,54400,370879,2,20797,10864382,32,128,128,3
205,1,"[4, 0, 0, 0, 0, 0, 0, 0, 0, 0, 0, 0, 0, 0, 0, 4, 0, 0, 0, 0, 0, 0, 0, 0, 0, 0, 0, 0, 0, 0]",96,512,25165824.0,100663296.0,5521321444,5521619421,5521332473,5521933398,272,284320,1,370880,2,21641,316606,32,128,128,3
152,1,"[8, 32, 96, 32, 32, 0, 0, 0, 0, 0, 0, 0, 0, 0, 0, 0, 0, 0, 0, 0, 0, 0, 0, 0, 0, 0, 0, 0, 0, 0]",6144,128,3145728.0,50331648.0,5521800938,5521812228,5521933399,5522030839,0,19808,19808,370881,1,11290,97440,32,128,128,3
203,1,"[32, 96, 32, 32, 96, 32, 32, 3, 3, 1, 1, 1, 1, 1, 1, 2, 8, 0, 0, 0, 0, 0, 0, 0, 0, 0, 0, 0, 0, 0]",2048,64,0.0,0.0,5522036950,5522059474,5522050647,5529336928,4352,-875964,59680,370882,2,21050,8221925,32,128,128,3
205,1,"[4, 0, 0, 0, 0, 0, 0, 0, 0, 0, 0, 0, 0, 0, 0, 4, 0, 0, 0, 0, 0, 0, 0, 0, 0, 0, 0, 0, 0, 0]",96,512,25165824.0,100663296.0,5529386683,5529684967,5529396608,5529997950,272,285696,448,370883,2,21184,316094,32,128,128,3
152,1,"[8, 32, 96, 32, 32, 0, 0, 0, 0, 0, 0, 0, 0, 0, 0, 0, 0, 0, 0, 0, 0, 0, 0, 0, 0, 0, 0, 0, 0, 0]",6144,128,3145728.0,50331648.0,5529872101,5529882503,5529998398,5530094685,0,1664,1664,370884,1,10402,96287,32,128,128,3
203,1,"[32, 96, 32, 32, 96, 32, 32, 1, 1, 0, 0, 1, 1, 1, 1, 1, 8, 0, 0, 0, 0, 0, 0, 0, 0, 0, 0, 0, 0, 0]",512,256,0.0,0.0,5530083628,5530100638,5530096349,5541046395,20736,112287,109792,370885,2,16032,10947551,32,128,128,3
205,1,"[4, 0, 0, 0, 0, 0, 0, 0, 0, 0, 0, 0, 0, 0, 0, 4, 0, 0, 0, 0, 0, 0, 0, 0, 0, 0, 0, 0, 0, 0]",96,512,25165824.0,100663296.0,5541140198,5541477981,5541156187,5541792441,272,318719,352,370886,2,28557,317887,32,128,128,3
21,1,"[8, 32, 96, 32, 32, 0, 0, 0, 0, 0, 0, 0, 0, 0, 0, 8, 32, 96, 32, 32, 0, 0, 0, 0, 0, 0, 0, 0, 0, 0]",6144,128,3145728.0,75497472.0,5541596889,5541612402,5541792793,5541933944,0,45600,45600,370887,1,15513,141151,32,128,128,3
152,1,"[8, 32, 96, 32, 32, 0, 0, 0, 0, 0, 0, 0, 0, 0, 0, 0, 0, 0, 0, 0, 0, 0, 0, 0, 0, 0, 0, 0, 0, 0]",6144,128,3145728.0,50331648.0,5541967139,5541980217,5541979544,5542075448,0,189599,189599,370888,1,13078,95904,32,128,128,3
203,1,"[32, 96, 32, 32, 192, 16, 16, 1, 1, 0, 0, 2, 2, 1, 1, 1, 8, 0, 0, 0, 0, 0, 0, 0, 0, 0, 0, 0, 0, 0]",256,256,0.0,0.0,5542251700,5542266085,5542265047,5543125364,18688,74368,74368,370889,1,14385,860317,32,128,128,3
205,1,"[4, 0, 0, 0, 0, 0, 0, 0, 0, 0, 0, 0, 0, 0, 0, 4, 0, 0, 0, 0, 0, 0, 0, 0, 0, 0, 0, 0, 0, 0]",192,512,12582912.0,50331648.0,5543187119,5543561794,5543199732,5543687219,272,559198,200223,370890,2,25776,128512,32,128,128,3
203,1,"[32, 96, 32, 32, 192, 32, 32, 1, 1, 0, 0, 1, 1, 1, 1, 1, 8, 0, 0, 0, 0, 0, 0, 0, 0, 0, 0, 0, 0, 0]",1024,256,0.0,0.0,5543874021,5543887610,5543887442,5547319527,18688,68160,68160,370891,1,13589,3432085,32,128,128,3
205,1,"[4, 0, 0, 0, 0, 0, 0, 0, 0, 0, 0, 0, 0, 0, 0, 4, 0, 0, 0, 0, 0, 0, 0, 0, 0, 0, 0, 0, 0, 0]",192,512,50331648.0,201326592.0,5547375510,5547677808,5547387687,5548173477,272,288287,800,370892,2,23646,498303,32,128,128,3
152,1,"[8, 32, 192, 32, 32, 0, 0, 0, 0, 0, 0, 0, 0, 0, 0, 0, 0, 0, 0, 0, 0, 0, 0, 0, 0, 0, 0, 0, 0, 0]",12288,128,6291456.0,100663296.0,5547855312,5547874381,5548174277,5548364836,0,2016,2016,370893,1,19069,190559,32,128,128,3
203,1,"[32, 192, 32, 32, 192, 16, 16, 3, 3, 1, 1, 2, 2, 1, 1, 4, 8, 0, 0, 0, 0, 0, 0, 0, 0, 0, 0, 0, 0, 0]",113,256,0.0,0.0,5548104135,5548240474,5548366852,5556849673,12544,-8413893,61792,370894,16,80603,16958506,32,128,128,3
205,1,"[4, 0, 0, 0, 0, 0, 0, 0, 0, 0, 0, 0, 0, 0, 0, 4, 0, 0, 0, 0, 0, 0, 0, 0, 0, 0, 0, 0, 0, 0]",192,512,12582912.0,50331648.0,5556901723,5557182331,5556911465,5557307784,272,334879,66592,370895,2,21788,128032,32,128,128,3
152,1,"[8, 32, 192, 16, 16, 0, 0, 0, 0, 0, 0, 0, 0, 0, 0, 0, 0, 0, 0, 0, 0, 0, 0, 0, 0, 0, 0, 0, 0, 0]",3072,128,1572864.0,25165824.0,5557364009,5557374244,5557374376,5557422664,0,166751,166751,370896,1,10235,48288,32,128,128,3
203,1,"[32, 192, 16, 16, 192, 16, 16, 1, 1, 0, 0, 1, 1, 1, 1, 1, 8, 0, 0, 0, 0, 0, 0, 0, 0, 0, 0, 0, 0, 0]",1536,64,0.0,0.0,5557577790,5557590758,5557589415,5558854659,4352,53216,53216,370897,1,12968,1265244,32,128,128,3
205,1,"[4, 0, 0, 0, 0, 0, 0, 0, 0, 0, 0, 0, 0, 0, 0, 4, 0, 0, 0, 0, 0, 0, 0, 0, 0, 0, 0, 0, 0, 0]",192,512,12582912.0,50331648.0,5558898652,5559175281,5558907875,5559301121,272,265216,1,370898,2,20044,128031,32,128,128,3
21,1,"[8, 32, 192, 16, 16, 0, 0, 0, 0, 0, 0, 0, 0, 0, 0, 8, 32, 192, 16, 16, 0, 0, 0, 0, 0, 0, 0, 0, 0, 0]",3072,128,1572864.0,37748736.0,5559266803,5559276981,5559301122,5559372802,0,77151,77151,370899,1,10178,71680,32,128,128,3
152,1,"[8, 32, 192, 16, 16, 0, 0, 0, 0, 0, 0, 0, 0, 0, 0, 0, 0, 0, 0, 0, 0, 0, 0, 0, 0, 0, 0, 0, 0, 0]",3072,128,1572864.0,25165824.0,5559439749,5559449780,5559449953,5559497729,0,168160,168160,370900,1,10031,47776,32,128,128,3
203,1,"[32, 192, 16, 16, 192, 16, 16, 1, 1, 0, 0, 1, 1, 1, 1, 1, 8, 0, 0, 0, 0, 0, 0, 0, 0, 0, 0, 0, 0, 0]",1536,64,0.0,0.0,5559654702,5559666604,5559665889,5560931324,4352,48960,48960,370901,1,11902,1265435,32,128,128,3
205,1,"[4, 0, 0, 0, 0, 0, 0, 0, 0, 0, 0, 0, 0, 0, 0, 4, 0, 0, 0, 0, 0, 0, 0, 0, 0, 0, 0, 0, 0, 0]",192,512,12582912.0,50331648.0,5560969562,5561250148,5560980284,5561375739,272,323040,55328,370902,2,20913,127743,32,128,128,3
152,1,"[8, 32, 192, 16, 16, 0, 0, 0, 0, 0, 0, 0, 0, 0, 0, 0, 0, 0, 0, 0, 0, 0, 0, 0, 0, 0, 0, 0, 0, 0]",3072,128,1572864.0,25165824.0,5561421170,5561431086,5561431067,5561480059,0,149887,149887,370903,1,9916,48992,32,128,128,3
203,1,"[32, 192, 16, 16, 192, 16, 16, 3, 3, 1, 1, 1, 1, 1, 1, 4, 8, 0, 0, 0, 0, 0, 0, 0, 0, 0, 0, 0, 0, 0]",512,64,0.0,0.0,5561619334,5561649709,5561629946,5565281263,4352,-2889398,56512,370904,4,26972,6597227,32,128,128,3
205,1,"[4, 0, 0, 0, 0, 0, 0, 0, 0, 0, 0, 0, 0, 0, 0, 4, 0, 0, 0, 0, 0, 0, 0, 0, 0, 0, 0, 0, 0, 0]",192,512,12582912.0,50331648.0,5565328273,5565600305,5565337775,5565727054,272,509342,248863,370905,2,19580,128800,32,128,128,3
152,1,"[8, 32, 192, 16, 16, 0, 0, 0, 0, 0, 0, 0, 0, 0, 0, 0, 0, 0, 0, 0, 0, 0, 0, 0, 0, 0, 0, 0, 0, 0]",3072,128,1572864.0,25165824.0,5565963906,5565976525,5565975917,5566024141,0,172063,172063,370906,1,12619,48224,32,128,128,3
203,1,"[32, 192, 16, 16, 192, 16, 16, 1, 1, 0, 0, 1, 1, 1, 1, 1, 8, 0, 0, 0, 0, 0, 0, 0, 0, 0, 0, 0, 0, 0]",1536,64,0.0,0.0,5566184478,5566196221,5566196204,5567460328,4352,53760,53760,370907,1,11743,1264124,32,128,128,3
205,1,"[4, 0, 0, 0, 0, 0, 0, 0, 0, 0, 0, 0, 0, 0, 0, 4, 0, 0, 0, 0, 0, 0, 0, 0, 0, 0, 0, 0, 0, 0]",192,512,12582912.0,50331648.0,5567504615,5567777595,5567514088,5567902695,272,263423,1472,370908,2,20080,126656,32,128,128,3
21,1,"[8, 32, 192, 16, 16, 0, 0, 0, 0, 0, 0, 0, 0, 0, 0, 8, 32, 192, 16, 16, 0, 0, 0, 0, 0, 0, 0, 0, 0, 0]",3072,128,1572864.0,37748736.0,5567867124,5567876841,5567904167,5567975558,0,66368,66368,370909,1,9717,71391,32,128,128,3
152,1,"[8, 32, 192, 16, 16, 0, 0, 0, 0, 0, 0, 0, 0, 0, 0, 0, 0, 0, 0, 0, 0, 0, 0, 0, 0, 0, 0, 0, 0, 0]",3072,128,1572864.0,25165824.0,5568032488,5568041915,5568041926,5568090918,0,167839,167839,370910,1,9427,48992,32,128,128,3
203,1,"[32, 192, 16, 16, 192, 16, 16, 1, 1, 0, 0, 1, 1, 1, 1, 1, 8, 0, 0, 0, 0, 0, 0, 0, 0, 0, 0, 0, 0, 0]",1536,64,0.0,0.0,5568247435,5568258825,5568258757,5569524226,4352,47007,47007,370911,1,11390,1265469,32,128,128,3
205,1,"[4, 0, 0, 0, 0, 0, 0, 0, 0, 0, 0, 0, 0, 0, 0, 4, 0, 0, 0, 0, 0, 0, 0, 0, 0, 0, 0, 0, 0, 0]",192,512,12582912.0,50331648.0,5569561183,5569834068,5569571233,5569960640,272,314080,53792,370912,2,20424,129119,32,128,128,3
152,1,"[8, 32, 192, 16, 16, 0, 0, 0, 0, 0, 0, 0, 0, 0, 0, 0, 0, 0, 0, 0, 0, 0, 0, 0, 0, 0, 0, 0, 0, 0]",3072,128,1572864.0,25165824.0,5570004652,5570014767,5570014432,5570062336,0,150623,150623,370913,1,10115,47904,32,128,128,3
203,1,"[32, 192, 16, 16, 192, 16, 16, 3, 3, 1, 1, 1, 1, 1, 1, 4, 8, 0, 0, 0, 0, 0, 0, 0, 0, 0, 0, 0, 0, 0]",512,64,0.0,0.0,5570201678,5570230582,5570212959,5573864404,4352,-2902871,55168,370914,4,25557,6609484,32,128,128,3
205,1,"[4, 0, 0, 0, 0, 0, 0, 0, 0, 0, 0, 0, 0, 0, 0, 4, 0, 0, 0, 0, 0, 0, 0, 0, 0, 0, 0, 0, 0, 0]",192,512,12582912.0,50331648.0,5573910091,5574184411,5573919572,5574310451,272,319166,56799,370915,2,18976,128512,32,128,128,3
152,1,"[8, 32, 192, 16, 16, 0, 0, 0, 0, 0, 0, 0, 0, 0, 0, 0, 0, 0, 0, 0, 0, 0, 0, 0, 0, 0, 0, 0, 0, 0]",3072,128,1572864.0,25165824.0,5574357686,5574367102,5574367250,5574414642,0,166272,166272,370916,1,9416,47392,32,128,128,3
203,1,"[32, 192, 16, 16, 192, 16, 16, 1, 1, 0, 0, 1, 1, 1, 1, 1, 8, 0, 0, 0, 0, 0, 0, 0, 0, 0, 0, 0, 0, 0]",1536,64,0.0,0.0,5574569987,5574580985,5574580914,5575846222,4352,49920,49920,370917,1,10998,1265308,32,128,128,3
205,1,"[4, 0, 0, 0, 0, 0, 0, 0, 0, 0, 0, 0, 0, 0, 0, 4, 0, 0, 0, 0, 0, 0, 0, 0, 0, 0, 0, 0, 0, 0]",192,512,12582912.0,50331648.0,5575887413,5576160676,5575896142,5576286572,272,262752,609,370918,2,19202,128287,32,128,128,3
21,1,"[8, 32, 192, 16, 16, 0, 0, 0, 0, 0, 0, 0, 0, 0, 0, 8, 32, 192, 16, 16, 0, 0, 0, 0, 0, 0, 0, 0, 0, 0]",3072,128,1572864.0,37748736.0,5576253794,5576262788,5576287181,5576358156,0,70880,70880,370919,1,8994,70975,32,128,128,3
152,1,"[8, 32, 192, 16, 16, 0, 0, 0, 0, 0, 0, 0, 0, 0, 0, 0, 0, 0, 0, 0, 0, 0, 0, 0, 0, 0, 0, 0, 0, 0]",3072,128,1572864.0,25165824.0,5576419600,5576429214,5576429036,5576477644,0,177695,177695,370920,1,9614,48608,32,128,128,3
203,1,"[32, 192, 16, 16, 192, 16, 16, 1, 1, 0, 0, 1, 1, 1, 1, 1, 8, 0, 0, 0, 0, 0, 0, 0, 0, 0, 0, 0, 0, 0]",1536,64,0.0,0.0,5576643683,5576655317,5576655339,5577921479,4352,46464,46464,370921,1,11634,1266140,32,128,128,3
205,1,"[4, 0, 0, 0, 0, 0, 0, 0, 0, 0, 0, 0, 0, 0, 0, 4, 0, 0, 0, 0, 0, 0, 0, 0, 0, 0, 0, 0, 0, 0]",192,512,12582912.0,50331648.0,5577957973,5578227233,5577967943,5578353542,272,317823,61472,370922,2,20235,129248,32,128,128,3
152,1,"[8, 32, 192, 16, 16, 0, 0, 0, 0, 0, 0, 0, 0, 0, 0, 0, 0, 0, 0, 0, 0, 0, 0, 0, 0, 0, 0, 0, 0, 0]",3072,128,1572864.0,25165824.0,5578404684,5578415012,5578415014,5578462149,0,141312,141312,370923,1,10328,47135,32,128,128,3
203,1,"[32, 192, 16, 16, 192, 16, 16, 3, 3, 1, 1, 1, 1, 1, 1, 4, 8, 0, 0, 0, 0, 0, 0, 0, 0, 0, 0, 0, 0, 0]",512,64,0.0,0.0,5578593332,5578619810,5578603461,5582255034,4352,-2889944,58815,370924,4,23064,6600332,32,128,128,3
205,1,"[4, 0, 0, 0, 0, 0, 0, 0, 0, 0, 0, 0, 0, 0, 0, 4, 0, 0, 0, 0, 0, 0, 0, 0, 0, 0, 0, 0, 0, 0]",192,512,12582912.0,50331648.0,5582303386,5582702791,5582313849,5582828472,272,444702,58560,370925,2,21389,128481,32,128,128,3
152,1,"[8, 32, 192, 16, 16, 0, 0, 0, 0, 0, 0, 0, 0, 0, 0, 0, 0, 0, 0, 0, 0, 0, 0, 0, 0, 0, 0, 0, 0, 0]",3072,128,1572864.0,25165824.0,5582876225,5582886576,5582887032,5582934167,0,166784,166784,370926,1,10351,47135,32,128,128,3
203,1,"[32, 192, 16, 16, 192, 16, 16, 1, 1, 0, 0, 1, 1, 1, 1, 1, 8, 0, 0, 0, 0, 0, 0, 0, 0, 0, 0, 0, 0, 0]",1536,64,0.0,0.0,5583090213,5583101428,5583100951,5584366515,4352,58400,58400,370927,1,11215,1265564,32,128,128,3
205,1,"[4, 0, 0, 0, 0, 0, 0, 0, 0, 0, 0, 0, 0, 0, 0, 4, 0, 0, 0, 0, 0, 0, 0, 0, 0, 0, 0, 0, 0, 0]",192,512,12582912.0,50331648.0,5584414135,5584688315,5584424915,5584814578,272,261470,415,370928,2,20310,128608,32,128,128,3
21,1,"[8, 32, 192, 16, 16, 0, 0, 0, 0, 0, 0, 0, 0, 0, 0, 8, 32, 192, 16, 16, 0, 0, 0, 0, 0, 0, 0, 0, 0, 0]",3072,128,1572864.0,37748736.0,5584787460,5584796934,5584814993,5584886705,0,81568,81568,370929,1,9474,71712,32,128,128,3
152,1,"[8, 32, 192, 16, 16, 0, 0, 0, 0, 0, 0, 0, 0, 0, 0, 0, 0, 0, 0, 0, 0, 0, 0, 0, 0, 0, 0, 0, 0, 0]",3072,128,1572864.0,25165824.0,5584957619,5584968169,5584968273,5585015729,0,171615,171615,370930,1,10550,47456,32,128,128,3
203,1,"[32, 192, 16, 16, 192, 16, 16, 1, 1, 0, 0, 1, 1, 1, 1, 1, 8, 0, 0, 0, 0, 0, 0, 0, 0, 0, 0, 0, 0, 0]",1536,64,0.0,0.0,5585175526,5585187377,5585187344,5586452428,4352,54208,54208,370931,1,11851,1265084,32,128,128,3
205,1,"[4, 0, 0, 0, 0, 0, 0, 0, 0, 0, 0, 0, 0, 0, 0, 4, 0, 0, 0, 0, 0, 0, 0, 0, 0, 0, 0, 0, 0, 0]",192,512,12582912.0,50331648.0,5586496653,5586773004,5586506636,5586898859,272,326623,62432,370932,2,25609,128032,32,128,128,3
152,1,"[8, 32, 192, 16, 16, 0, 0, 0, 0, 0, 0, 0, 0, 0, 0, 0, 0, 0, 0, 0, 0, 0, 0, 0, 0, 0, 0, 0, 0, 0]",3072,128,1572864.0,25165824.0,5586950342,5586961109,5586961291,5587008427,0,139231,139231,370933,1,10767,47136,32,128,128,3
203,1,"[32, 192, 16, 16, 192, 16, 16, 3, 3, 1, 1, 1, 1, 1, 1, 4, 8, 0, 0, 0, 0, 0, 0, 0, 0, 0, 0, 0, 0, 0]",512,64,0.0,0.0,5587137253,5587164811,5587147658,5590799263,4352,-2890487,53120,370934,4,24185,6595212,32,128,128,3
205,1,"[4, 0, 0, 0, 0, 0, 0, 0, 0, 0, 0, 0, 0, 0, 0, 4, 0, 0, 0, 0, 0, 0, 0, 0, 0, 0, 0, 0, 0, 0]",192,512,12582912.0,50331648.0,5590841074,5591117384,5590852383,5591243133,272,326047,63744,370935,2,21577,128447,32,128,128,3
152,1,"[8, 32, 192, 16, 16, 0, 0, 0, 0, 0, 0, 0, 0, 0, 0, 0, 0, 0, 0, 0, 0, 0, 0, 0, 0, 0, 0, 0, 0, 0]",3072,128,1572864.0,25165824.0,5591296549,5591306783,5591306877,5591354269,0,160192,160192,370936,1,10234,47392,32,128,128,3
203,1,"[32, 192, 16, 16, 192, 16, 16, 1, 1, 0, 0, 1, 1, 1, 1, 1, 8, 0, 0, 0, 0, 0, 0, 0, 0, 0, 0, 0, 0, 0]",1536,64,0.0,0.0,5591502973,5591514831,5591514461,5592779673,4352,53120,53120,370937,1,11858,1265212,32,128,128,3
205,1,"[4, 0, 0, 0, 0, 0, 0, 0, 0, 0, 0, 0, 0, 0, 0, 4, 0, 0, 0, 0, 0, 0, 0, 0, 0, 0, 0, 0, 0, 0]",192,512,12582912.0,50331648.0,5592821896,5593100004,5592832793,5593226103,272,264543,32,370938,2,21219,128799,32,128,128,3
21,1,"[8, 32, 192, 16, 16, 0, 0, 0, 0, 0, 0, 0, 0, 0, 0, 8, 32, 192, 16, 16, 0, 0, 0, 0, 0, 0, 0, 0, 0, 0]",3072,128,1572864.0,37748736.0,5593191677,5593201094,5593226135,5593297815,0,67584,67584,370939,1,9417,71680,32,128,128,3
152,1,"[8, 32, 192, 16, 16, 0, 0, 0, 0, 0, 0, 0, 0, 0, 0, 0, 0, 0, 0, 0, 0, 0, 0, 0, 0, 0, 0, 0, 0, 0]",3072,128,1572864.0,25165824.0,5593356409,5593365965,5593365399,5593414551,0,164863,164863,370940,1,9556,49152,32,128,128,3
203,1,"[32, 192, 16, 16, 192, 16, 16, 1, 1, 0, 0, 1, 1, 1, 1, 1, 8, 0, 0, 0, 0, 0, 0, 0, 0, 0, 0, 0, 0, 0]",1536,64,0.0,0.0,5593568094,5593579258,5593579414,5594845074,4352,53344,53344,370941,1,11164,1265660,32,128,128,3
205,1,"[4, 0, 0, 0, 0, 0, 0, 0, 0, 0, 0, 0, 0, 0, 0, 4, 0, 0, 0, 0, 0, 0, 0, 0, 0, 0, 0, 0, 0, 0]",192,512,12582912.0,50331648.0,5594887729,5595164091,5594898418,5595290129,272,320606,57919,370942,2,20519,129024,32,128,128,3
152,1,"[8, 32, 192, 16, 16, 0, 0, 0, 0, 0, 0, 0, 0, 0, 0, 0, 0, 0, 0, 0, 0, 0, 0, 0, 0, 0, 0, 0, 0, 0]",3072,128,1572864.0,25165824.0,5595338303,5595348338,5595348048,5595396592,0,149664,149664,370943,1,10035,48544,32,128,128,3
203,1,"[32, 192, 16, 16, 192, 16, 16, 3, 3, 1, 1, 1, 1, 1, 1, 4, 8, 0, 0, 0, 0, 0, 0, 0, 0, 0, 0, 0, 0, 0]",512,64,0.0,0.0,5595535417,5595561721,5595546256,5599198020,4352,-2896694,48672,370944,4,22918,6597130,32,128,128,3
205,1,"[4, 0, 0, 0, 0, 0, 0, 0, 0, 0, 0, 0, 0, 0, 0, 4, 0, 0, 0, 0, 0, 0, 0, 0, 0, 0, 0, 0, 0, 0]",192,512,12582912.0,50331648.0,5599237414,5599630481,5599246692,5599756259,272,449439,68032,370945,2,20102,128160,32,128,128,3
152,1,"[8, 32, 192, 16, 16, 0, 0, 0, 0, 0, 0, 0, 0, 0, 0, 0, 0, 0, 0, 0, 0, 0, 0, 0, 0, 0, 0, 0, 0, 0]",3072,128,1572864.0,25165824.0,5599813249,5599824159,5599824291,5599871746,0,159680,159680,370946,1,10910,47455,32,128,128,3
203,1,"[32, 192, 16, 16, 192, 16, 16, 1, 1, 0, 0, 1, 1, 1, 1, 1, 8, 0, 0, 0, 0, 0, 0, 0, 0, 0, 0, 0, 0, 0]",1536,64,0.0,0.0,5600019931,5600031232,5600031426,5601297054,4352,51712,51712,370947,1,11301,1265628,32,128,128,3
205,1,"[4, 0, 0, 0, 0, 0, 0, 0, 0, 0, 0, 0, 0, 0, 0, 4, 0, 0, 0, 0, 0, 0, 0, 0, 0, 0, 0, 0, 0, 0]",192,512,12582912.0,50331648.0,5601339118,5601615265,5601348766,5601741659,272,264608,1,370948,2,20793,128286,32,128,128,3
21,1,"[8, 32, 192, 16, 16, 0, 0, 0, 0, 0, 0, 0, 0, 0, 0, 8, 32, 192, 16, 16, 0, 0, 0, 0, 0, 0, 0, 0, 0, 0]",3072,128,1572864.0,37748736.0,5601709640,5601719135,5601741660,5601813372,0,65536,65536,370949,1,9495,71712,32,128,128,3
152,1,"[8, 32, 192, 16, 16, 0, 0, 0, 0, 0, 0, 0, 0, 0, 0, 0, 0, 0, 0, 0, 0, 0, 0, 0, 0, 0, 0, 0, 0, 0]",3072,128,1572864.0,25165824.0,5601868823,5601878751,5601878908,5601927868,0,205023,205023,370950,1,9928,48960,32,128,128,3
203,1,"[32, 192, 16, 16, 432, 8, 8, 1, 1, 0, 0, 2, 2, 1, 1, 1, 8, 0, 0, 0, 0, 0, 0, 0, 0, 0, 0, 0, 0, 0]",128,256,0.0,0.0,5602120215,5602133414,5602132891,5602982649,18688,55423,55423,370951,1,13199,849758,32,128,128,3
205,1,"[4, 0, 0, 0, 0, 0, 0, 0, 0, 0, 0, 0, 0, 0, 0, 4, 0, 0, 0, 0, 0, 0, 0, 0, 0, 0, 0, 0, 0, 0]",432,512,7077888.0,28311552.0,5603027401,5603309634,5603038072,5603406711,272,416447,146944,370952,2,22118,99136,32,128,128,3
203,1,"[32, 192, 16, 16, 432, 16, 16, 1, 1, 0, 0, 1, 1, 1, 1, 1, 8, 0, 0, 0, 0, 0, 0, 0, 0, 0, 0, 0, 0, 0]",512,256,0.0,0.0,5603541695,5603553701,5603553655,5606935084,18688,47328,47328,370953,1,12006,3381429,32,128,128,3
205,1,"[4, 0, 0, 0, 0, 0, 0, 0, 0, 0, 0, 0, 0, 0, 0, 4, 0, 0, 0, 0, 0, 0, 0, 0, 0, 0, 0, 0, 0, 0]",432,512,28311552.0,113246208.0,5606972748,5607252116,5606982412,5607532938,272,268447,448,370954,2,20031,282527,32,128,128,3
152,1,"[8, 32, 432, 16, 16, 0, 0, 0, 0, 0, 0, 0, 0, 0, 0, 0, 0, 0, 0, 0, 0, 0, 0, 0, 0, 0, 0, 0, 0, 0]",6912,128,3538944.0,56623104.0,5607425550,5607436426,5607533386,5607641738,0,6752,6752,370955,1,10876,108352,32,128,128,3
203,1,"[32, 432, 16, 16, 432, 8, 8, 3, 3, 1, 1, 2, 2, 1, 1, 9, 8, 0, 0, 0, 0, 0, 0, 0, 0, 0, 0, 0, 0, 0]",32,256,0.0,0.0,5607635285,5607694766,5607648490,5612340059,12544,-7442792,58656,370956,9,51302,12193017,32,128,128,3
205,1,"[4, 0, 0, 0, 0, 0, 0, 0, 0, 0, 0, 0, 0, 0, 0, 4, 0, 0, 0, 0, 0, 0, 0, 0, 0, 0, 0, 0, 0, 0]",432,512,7077888.0,28311552.0,5612388635,5612670853,5612398715,5612767578,272,353375,83840,370957,2,20946,99328,32,128,128,3
152,1,"[8, 32, 432, 8, 8, 0, 0, 0, 0, 0, 0, 0, 0, 0, 0, 0, 0, 0, 0, 0, 0, 0, 0, 0, 0, 0, 0, 0, 0, 0]",1728,128,884736.0,14155776.0,5612842028,5612851241,5612851418,5612874585,0,215488,215488,370958,1,9213,23167,32,128,128,3
203,1,"[32, 432, 8, 8, 432, 8, 8, 1, 1, 0, 0, 1, 1, 1, 1, 1, 8, 0, 0, 0, 0, 0, 0, 0, 0, 0, 0, 0, 0, 0]",432,256,0.0,0.0,5613078698,5613096864,5613090073,5617681226,20736,53472,49120,370959,2,16940,4586801,32,128,128,3
205,1,"[4, 0, 0, 0, 0, 0, 0, 0, 0, 0, 0, 0, 0, 0, 0, 4, 0, 0, 0, 0, 0, 0, 0, 0, 0, 0, 0, 0, 0, 0]",432,512,7077888.0,28311552.0,5617720353,5617993059,5617730346,5618089929,272,271199,10976,370960,2,19563,99360,32,128,128,3
21,1,"[8, 32, 432, 8, 8, 0, 0, 0, 0, 0, 0, 0, 0, 0, 0, 8, 32, 432, 8, 8, 0, 0, 0, 0, 0, 0, 0, 0, 0, 0]",1728,128,884736.0,21233664.0,5618091391,5618100547,5618100905,5618139977,0,120831,120831,370961,1,9156,39072,32,128,128,3
152,1,"[8, 32, 432, 8, 8, 0, 0, 0, 0, 0, 0, 0, 0, 0, 0, 0, 0, 0, 0, 0, 0, 0, 0, 0, 0, 0, 0, 0, 0, 0]",1728,128,884736.0,14155776.0,5618251893,5618260894,5618260808,5618289160,0,206720,206720,370962,1,9001,28352,32,128,128,3
203,1,"[32, 432, 8, 8, 432, 8, 8, 1, 1, 0, 0, 1, 1, 1, 1, 1, 8, 0, 0, 0, 0, 0, 0, 0, 0, 0, 0, 0, 0, 0]",432,256,0.0,0.0,5618484709,5618501245,5618495880,5623072665,20736,56224,52224,370963,2,15557,4572785,32,128,128,3
205,1,"[4, 0, 0, 0, 0, 0, 0, 0, 0, 0, 0, 0, 0, 0, 0, 4, 0, 0, 0, 0, 0, 0, 0, 0, 0, 0, 0, 0, 0, 0]",432,512,7077888.0,28311552.0,5623115624,5623523813,5623124889,5623620408,272,496543,99584,370964,2,21244,98560,32,128,128,3
152,1,"[8, 32, 432, 8, 8, 0, 0, 0, 0, 0, 0, 0, 0, 0, 0, 0, 0, 0, 0, 0, 0, 0, 0, 0, 0, 0, 0, 0, 0, 0]",1728,128,884736.0,14155776.0,5623709600,5623719973,5623719992,5623743287,0,182656,182656,370965,1,10373,23295,32,128,128,3
203,1,"[32, 432, 8, 8, 432, 8, 8, 3, 3, 1, 1, 1, 1, 1, 1, 9, 8, 0, 0, 0, 0, 0, 0, 0, 0, 0, 0, 0, 0, 0]",128,64,0.0,0.0,5623915088,5623973974,5623925943,5626044592,4352,-6907048,54272,370966,9,50656,9079969,32,128,128,3
205,1,"[4, 0, 0, 0, 0, 0, 0, 0, 0, 0, 0, 0, 0, 0, 0, 4, 0, 0, 0, 0, 0, 0, 0, 0, 0, 0, 0, 0, 0, 0]",432,512,7077888.0,28311552.0,5626090412,5626370753,5626098864,5626468207,272,356959,86624,370967,2,19279,99008,32,128,128,3
152,1,"[8, 32, 432, 8, 8, 0, 0, 0, 0, 0, 0, 0, 0, 0, 0, 0, 0, 0, 0, 0, 0, 0, 0, 0, 0, 0, 0, 0, 0, 0]",1728,128,884736.0,14155776.0,5626544705,5626554434,5626554831,5626577710,0,232800,232800,370968,1,9729,22879,32,128,128,3
203,1,"[32, 432, 8, 8, 432, 8, 8, 1, 1, 0, 0, 1, 1, 1, 1, 1, 8, 0, 0, 0, 0, 0, 0, 0, 0, 0, 0, 0, 0, 0]",432,256,0.0,0.0,5626797830,5626816892,5626810510,5631447839,20736,60160,55296,370969,2,18115,4632465,32,128,128,3
205,1,"[4, 0, 0, 0, 0, 0, 0, 0, 0, 0, 0, 0, 0, 0, 0, 4, 0, 0, 0, 0, 0, 0, 0, 0, 0, 0, 0, 0, 0, 0]",432,512,7077888.0,28311552.0,5631492450,5631782035,5631503135,5631877918,272,287007,10528,370970,2,21944,98304,32,128,128,3
21,1,"[8, 32, 432, 8, 8, 0, 0, 0, 0, 0, 0, 0, 0, 0, 0, 8, 32, 432, 8, 8, 0, 0, 0, 0, 0, 0, 0, 0, 0, 0]",1728,128,884736.0,21233664.0,5631879275,5631888422,5631888446,5631928990,0,118015,118015,370971,1,9147,40544,32,128,128,3
152,1,"[8, 32, 432, 8, 8, 0, 0, 0, 0, 0, 0, 0, 0, 0, 0, 0, 0, 0, 0, 0, 0, 0, 0, 0, 0, 0, 0, 0, 0, 0]",1728,128,884736.0,14155776.0,5632037781,5632046713,5632047005,5632074525,0,218815,218815,370972,1,8932,27520,32,128,128,3
203,1,"[32, 432, 8, 8, 432, 8, 8, 1, 1, 0, 0, 1, 1, 1, 1, 1, 8, 0, 0, 0, 0, 0, 0, 0, 0, 0, 0, 0, 0, 0]",432,256,0.0,0.0,5632281196,5632305439,5632293340,5636827662,20736,61247,50784,370973,2,23223,4523859,32,128,128,3
205,1,"[4, 0, 0, 0, 0, 0, 0, 0, 0, 0, 0, 0, 0, 0, 0, 4, 0, 0, 0, 0, 0, 0, 0, 0, 0, 0, 0, 0, 0, 0]",432,512,7077888.0,28311552.0,5636869267,5637141632,5636878446,5637238861,272,353503,92864,370974,2,18842,99776,32,128,128,3
152,1,"[8, 32, 432, 8, 8, 0, 0, 0, 0, 0, 0, 0, 0, 0, 0, 0, 0, 0, 0, 0, 0, 0, 0, 0, 0, 0, 0, 0, 0, 0]",1728,128,884736.0,14155776.0,5637322274,5637332052,5637331725,5637355725,0,180767,180767,370975,1,9778,24000,32,128,128,3
203,1,"[32, 432, 8, 8, 432, 8, 8, 3, 3, 1, 1, 1, 1, 1, 1, 9, 8, 0, 0, 0, 0, 0, 0, 0, 0, 0, 0, 0, 0, 0]",128,64,0.0,0.0,5637525109,5637579840,5637536492,5639654150,4352,-6910443,57503,370976,9,46383,9085604,32,128,128,3
205,1,"[4, 0, 0, 0, 0, 0, 0, 0, 0, 0, 0, 0, 0, 0, 0, 4, 0, 0, 0, 0, 0, 0, 0, 0, 0, 0, 0, 0, 0, 0]",432,512,7077888.0,28311552.0,5639703145,5639983579,5639711653,5640080132,272,358399,88096,370977,2,18541,98176,32,128,128,3
152,1,"[8, 32, 432, 8, 8, 0, 0, 0, 0, 0, 0, 0, 0, 0, 0, 0, 0, 0, 0, 0, 0, 0, 0, 0, 0, 0, 0, 0, 0, 0]",1728,128,884736.0,14155776.0,5640159081,5640168598,5640168228,5640192580,0,217279,217279,370978,1,9517,24352,32,128,128,3
203,1,"[32, 432, 8, 8, 432, 8, 8, 1, 1, 0, 0, 1, 1, 1, 1, 1, 8, 0, 0, 0, 0, 0, 0, 0, 0, 0, 0, 0, 0, 0]",432,256,0.0,0.0,5640397608,5640415333,5640409859,5644908725,20736,59808,55712,370979,2,16781,4494770,32,128,128,3
205,1,"[4, 0, 0, 0, 0, 0, 0, 0, 0, 0, 0, 0, 0, 0, 0, 4, 0, 0, 0, 0, 0, 0, 0, 0, 0, 0, 0, 0, 0, 0]",432,512,7077888.0,28311552.0,5644952937,5645229702,5644964437,5645326612,272,269247,5952,370980,2,21793,98880,32,128,128,3
21,1,"[8, 32, 432, 8, 8, 0, 0, 0, 0, 0, 0, 0, 0, 0, 0, 8, 32, 432, 8, 8, 0, 0, 0, 0, 0, 0, 0, 0, 0, 0]",1728,128,884736.0,21233664.0,5645323211,5645331982,5645332564,5645372148,0,127199,127199,370981,1,8771,39584,32,128,128,3
152,1,"[8, 32, 432, 8, 8, 0, 0, 0, 0, 0, 0, 0, 0, 0, 0, 0, 0, 0, 0, 0, 0, 0, 0, 0, 0, 0, 0, 0, 0, 0]",1728,128,884736.0,14155776.0,5645490258,5645499574,5645499347,5645527795,0,204799,204799,370982,1,9316,28448,32,128,128,3
203,1,"[32, 432, 8, 8, 432, 8, 8, 1, 1, 0, 0, 1, 1, 1, 1, 1, 8, 0, 0, 0, 0, 0, 0, 0, 0, 0, 0, 0, 0, 0]",432,256,0.0,0.0,5645721485,5645738221,5645732594,5650367204,20736,56896,52832,370983,2,15763,4630546,32,128,128,3
205,1,"[4, 0, 0, 0, 0, 0, 0, 0, 0, 0, 0, 0, 0, 0, 0, 4, 0, 0, 0, 0, 0, 0, 0, 0, 0, 0, 0, 0, 0, 0]",432,512,7077888.0,28311552.0,5650408642,5650694133,5650420036,5650791138,272,366079,93856,370984,2,21896,98879,32,128,128,3
152,1,"[8, 32, 432, 8, 8, 0, 0, 0, 0, 0, 0, 0, 0, 0, 0, 0, 0, 0, 0, 0, 0, 0, 0, 0, 0, 0, 0, 0, 0, 0]",1728,128,884736.0,14155776.0,5650874014,5650884969,5650884994,5650907874,0,178720,178720,370985,1,10955,22880,32,128,128,3
203,1,"[32, 432, 8, 8, 432, 8, 8, 3, 3, 1, 1, 1, 1, 1, 1, 9, 8, 0, 0, 0, 0, 0, 0, 0, 0, 0, 0, 0, 0, 0]",128,64,0.0,0.0,5651075758,5651128295,5651086594,5653207483,4352,-6915626,57536,370986,9,44456,9094051,32,128,128,3
205,1,"[4, 0, 0, 0, 0, 0, 0, 0, 0, 0, 0, 0, 0, 0, 0, 4, 0, 0, 0, 0, 0, 0, 0, 0, 0, 0, 0, 0, 0, 0]",432,512,7077888.0,28311552.0,5653255415,5653531090,5653265019,5653627610,272,353182,89151,370987,2,19683,98560,32,128,128,3
152,1,"[8, 32, 432, 8, 8, 0, 0, 0, 0, 0, 0, 0, 0, 0, 0, 0, 0, 0, 0, 0, 0, 0, 0, 0, 0, 0, 0, 0, 0, 0]",1728,128,884736.0,14155776.0,5653706895,5653716623,5653716761,5653739961,0,209376,209376,370988,1,9728,23200,32,128,128,3
203,1,"[32, 432, 8, 8, 432, 8, 8, 1, 1, 0, 0, 1, 1, 1, 1, 1, 8, 0, 0, 0, 0, 0, 0, 0, 0, 0, 0, 0, 0, 0]",432,256,0.0,0.0,5653938028,5653955066,5653949337,5658578922,20736,54207,49856,370989,2,16038,4625234,32,128,128,3
205,1,"[4, 0, 0, 0, 0, 0, 0, 0, 0, 0, 0, 0, 0, 0, 0, 4, 0, 0, 0, 0, 0, 0, 0, 0, 0, 0, 0, 0, 0, 0]",432,512,7077888.0,28311552.0,5658619066,5658888352,5658628778,5658985129,272,271263,13760,370990,2,20068,98848,32,128,128,3
21,1,"[8, 32, 432, 8, 8, 0, 0, 0, 0, 0, 0, 0, 0, 0, 0, 8, 32, 432, 8, 8, 0, 0, 0, 0, 0, 0, 0, 0, 0, 0]",1728,128,884736.0,21233664.0,5658989671,5658998471,5658998889,5659038408,0,118176,118176,370991,1,8800,39519,32,128,128,3
152,1,"[8, 32, 432, 8, 8, 0, 0, 0, 0, 0, 0, 0, 0, 0, 0, 0, 0, 0, 0, 0, 0, 0, 0, 0, 0, 0, 0, 0, 0, 0]",1728,128,884736.0,14155776.0,5659147681,5659156107,5659156584,5659185000,0,207551,207551,370992,1,8426,28416,32,128,128,3
203,1,"[32, 432, 8, 8, 432, 8, 8, 1, 1, 0, 0, 1, 1, 1, 1, 1, 8, 0, 0, 0, 0, 0, 0, 0, 0, 0, 0, 0, 0, 0]",432,256,0.0,0.0,5659380998,5659398472,5659392551,5663988409,20736,61440,57344,370993,2,16467,4591762,32,128,128,3
205,1,"[4, 0, 0, 0, 0, 0, 0, 0, 0, 0, 0, 0, 0, 0, 0, 4, 0, 0, 0, 0, 0, 0, 0, 0, 0, 0, 0, 0, 0, 0]",432,512,7077888.0,28311552.0,5664035774,5664314190,5664045753,5664410296,272,365118,98911,370994,2,20912,98336,32,128,128,3
152,1,"[8, 32, 432, 8, 8, 0, 0, 0, 0, 0, 0, 0, 0, 0, 0, 0, 0, 0, 0, 0, 0, 0, 0, 0, 0, 0, 0, 0, 0, 0]",1728,128,884736.0,14155776.0,5664498545,5664509466,5664509207,5664533175,0,176352,176352,370995,1,10921,23968,32,128,128,3
203,1,"[32, 432, 8, 8, 432, 8, 8, 3, 3, 1, 1, 1, 1, 1, 1, 9, 8, 0, 0, 0, 0, 0, 0, 0, 0, 0, 0, 0, 0, 0]",128,64,0.0,0.0,5664698985,5664750309,5664709527,5666826928,4352,-6898248,63456,370996,9,43278,9079105,32,128,128,3
205,1,"[4, 0, 0, 0, 0, 0, 0, 0, 0, 0, 0, 0, 0, 0, 0, 4, 0, 0, 0, 0, 0, 0, 0, 0, 0, 0, 0, 0, 0, 0]",432,512,7077888.0,28311552.0,5666880621,5667158548,5666890384,5667254959,272,354335,88224,370997,2,19359,98464,32,128,128,3
152,1,"[8, 32, 432, 8, 8, 0, 0, 0, 0, 0, 0, 0, 0, 0, 0, 0, 0, 0, 0, 0, 0, 0, 0, 0, 0, 0, 0, 0, 0, 0]",1728,128,884736.0,14155776.0,5667333699,5667343487,5667343183,5667367182,0,209184,209184,370998,1,9788,23999,32,128,128,3
203,1,"[32, 432, 8, 8, 432, 8, 8, 1, 1, 0, 0, 1, 1, 1, 1, 1, 8, 0, 0, 0, 0, 0, 0, 0, 0, 0, 0, 0, 0, 0]",432,256,0.0,0.0,5667564969,5667582392,5667576366,5672118687,20736,59744,55648,370999,2,16369,4538225,32,128,128,3
205,1,"[4, 0, 0, 0, 0, 0, 0, 0, 0, 0, 0, 0, 0, 0, 0, 4, 0, 0, 0, 0, 0, 0, 0, 0, 0, 0, 0, 0, 0, 0]",432,512,7077888.0,28311552.0,5672164465,5672447411,5672174335,5672544734,272,282559,10944,371000,2,21033,98784,32,128,128,3
21,1,"[8, 32, 432, 8, 8, 0, 0, 0, 0, 0, 0, 0, 0, 0, 0, 8, 32, 432, 8, 8, 0, 0, 0, 0, 0, 0, 0, 0, 0, 0]",1728,128,884736.0,21233664.0,5672546448,5672555344,5672555678,5672596126,0,224287,224287,371001,1,8896,40448,32,128,128,3
152,1,"[8, 32, 432, 8, 8, 0, 0, 0, 0, 0, 0, 0, 0, 0, 0, 0, 0, 0, 0, 0, 0, 0, 0, 0, 0, 0, 0, 0, 0, 0]",1728,128,884736.0,14155776.0,5672809075,5672820281,5672820413,5672848029,0,223519,223519,371002,1,11206,27616,32,128,128,3
203,1,"[32, 432, 8, 8, 432, 8, 8, 1, 1, 0, 0, 1, 1, 1, 1, 1, 8, 0, 0, 0, 0, 0, 0, 0, 0, 0, 0, 0, 0, 0]",432,256,0.0,0.0,5673060504,5673077185,5673071548,5677752974,20736,57184,52608,371003,2,15721,4676850,32,128,128,3
205,1,"[4, 0, 0, 0, 0, 0, 0, 0, 0, 0, 0, 0, 0, 0, 0, 4, 0, 0, 0, 0, 0, 0, 0, 0, 0, 0, 0, 0, 0, 0]",432,512,7077888.0,28311552.0,5677795937,5678072634,5677805582,5678168716,272,352767,88032,371004,2,19241,98399,32,128,128,3
152,1,"[8, 32, 432, 8, 8, 0, 0, 0, 0, 0, 0, 0, 0, 0, 0, 0, 0, 0, 0, 0, 0, 0, 0, 0, 0, 0, 0, 0, 0, 0]",1728,128,884736.0,14155776.0,5678246843,5678256893,5678256748,5678280620,0,173888,173888,371005,1,10050,23872,32,128,128,3
203,1,"[32, 432, 8, 8, 432, 8, 8, 3, 3, 1, 1, 1, 1, 1, 1, 9, 8, 0, 0, 0, 0, 0, 0, 0, 0, 0, 0, 0, 0, 0]",128,64,0.0,0.0,5678443825,5678504365,5678454508,5680572581,4352,-6910987,51744,371006,9,45474,9080804,32,128,128,3
205,1,"[4, 0, 0, 0, 0, 0, 0, 0, 0, 0, 0, 0, 0, 0, 0, 4, 0, 0, 0, 0, 0, 0, 0, 0, 0, 0, 0, 0, 0, 0]",432,512,7077888.0,28311552.0,5680615295,5680886561,5680624325,5680983684,272,350814,90783,371007,2,19665,99328,32,128,128,3
152,1,"[8, 32, 432, 8, 8, 0, 0, 0, 0, 0, 0, 0, 0, 0, 0, 0, 0, 0, 0, 0, 0, 0, 0, 0, 0, 0, 0, 0, 0, 0]",1728,128,884736.0,14155776.0,5681064515,5681074403,5681074467,5681097347,0,200672,200672,371008,1,9888,22880,32,128,128,3
203,1,"[32, 432, 8, 8, 432, 8, 8, 1, 1, 0, 0, 1, 1, 1, 1, 1, 8, 0, 0, 0, 0, 0, 0, 0, 0, 0, 0, 0, 0, 0]",432,256,0.0,0.0,5681286654,5681303714,5681298019,5685952564,20736,55808,51744,371009,2,16082,4650481,32,128,128,3
205,1,"[4, 0, 0, 0, 0, 0, 0, 0, 0, 0, 0, 0, 0, 0, 0, 4, 0, 0, 0, 0, 0, 0, 0, 0, 0, 0, 0, 0, 0, 0]",432,512,7077888.0,28311552.0,5685994564,5686268300,5686004308,5686364787,272,266079,4320,371010,2,19808,98720,32,128,128,3
21,1,"[8, 32, 432, 8, 8, 0, 0, 0, 0, 0, 0, 0, 0, 0, 0, 8, 32, 432, 8, 8, 0, 0, 0, 0, 0, 0, 0, 0, 0, 0]",1728,128,884736.0,21233664.0,5686359805,5686368333,5686369107,5686409618,0,123072,123072,371011,1,8528,40511,32,128,128,3
152,1,"[8, 32, 432, 8, 8, 0, 0, 0, 0, 0, 0, 0, 0, 0, 0, 0, 0, 0, 0, 0, 0, 0, 0, 0, 0, 0, 0, 0, 0, 0]",1728,128,884736.0,14155776.0,5686523806,5686532784,5686532690,5686561394,0,204224,204224,371012,1,8978,28704,32,128,128,3
203,1,"[32, 432, 8, 8, 432, 8, 8, 1, 1, 0, 0, 1, 1, 1, 1, 1, 8, 0, 0, 0, 0, 0, 0, 0, 0, 0, 0, 0, 0, 0]",432,256,0.0,0.0,5686754263,5686771749,5686765618,5691388003,20736,53984,49472,371013,2,16522,4617873,32,128,128,3
205,1,"[4, 0, 0, 0, 0, 0, 0, 0, 0, 0, 0, 0, 0, 0, 0, 4, 0, 0, 0, 0, 0, 0, 0, 0, 0, 0, 0, 0, 0, 0]",432,512,7077888.0,28311552.0,5691428046,5691703421,5691437475,5691800162,272,348094,83935,371014,2,19456,98528,32,128,128,3
152,1,"[8, 32, 432, 8, 8, 0, 0, 0, 0, 0, 0, 0, 0, 0, 0, 0, 0, 0, 0, 0, 0, 0, 0, 0, 0, 0, 0, 0, 0, 0]",1728,128,884736.0,14155776.0,5691874343,5691883987,5691884097,5691906657,0,185440,185440,371015,1,9644,22560,32,128,128,3
203,1,"[32, 432, 8, 8, 432, 8, 8, 3, 3, 1, 1, 1, 1, 1, 1, 9, 8, 0, 0, 0, 0, 0, 0, 0, 0, 0, 0, 0, 0, 0]",128,64,0.0,0.0,5692080746,5692134569,5692092097,5694210138,4352,-6911818,55808,371016,9,45679,9085667,32,128,128,3
205,1,"[4, 0, 0, 0, 0, 0, 0, 0, 0, 0, 0, 0, 0, 0, 0, 4, 0, 0, 0, 0, 0, 0, 0, 0, 0, 0, 0, 0, 0, 0]",432,512,7077888.0,28311552.0,5694256670,5694533412,5694265946,5694630457,272,363358,97951,371017,2,19658,99104,32,128,128,3
152,1,"[8, 32, 432, 8, 8, 0, 0, 0, 0, 0, 0, 0, 0, 0, 0, 0, 0, 0, 0, 0, 0, 0, 0, 0, 0, 0, 0, 0, 0, 0]",1728,128,884736.0,14155776.0,5694717593,5694728053,5694728408,5694751320,0,200416,200416,371018,1,10460,22912,32,128,128,3
203,1,"[32, 432, 8, 8, 432, 8, 8, 1, 1, 0, 0, 1, 1, 1, 1, 1, 8, 0, 0, 0, 0, 0, 0, 0, 0, 0, 0, 0, 0, 0]",432,256,0.0,0.0,5694940388,5694957314,5694951736,5699504233,20736,55712,51680,371019,2,15988,4548465,32,128,128,3
205,1,"[4, 0, 0, 0, 0, 0, 0, 0, 0, 0, 0, 0, 0, 0, 0, 4, 0, 0, 0, 0, 0, 0, 0, 0, 0, 0, 0, 0, 0, 0]",432,512,7077888.0,28311552.0,5699546040,5699927727,5699555913,5700024264,272,378431,8736,371020,2,21027,98656,32,128,128,3
21,1,"[8, 32, 432, 8, 8, 0, 0, 0, 0, 0, 0, 0, 0, 0, 0, 8, 32, 432, 8, 8, 0, 0, 0, 0, 0, 0, 0, 0, 0, 0]",1728,128,884736.0,21233664.0,5700022369,5700032180,5700033000,5700073320,0,123615,123615,371021,1,9811,40320,32,128,128,3
152,1,"[8, 32, 432, 8, 8, 0, 0, 0, 0, 0, 0, 0, 0, 0, 0, 0, 0, 0, 0, 0, 0, 0, 0, 0, 0, 0, 0, 0, 0, 0]",1728,128,884736.0,14155776.0,5700187540,5700196710,5700196935,5700225383,0,206304,206304,371022,1,9170,28448,32,128,128,3
203,1,"[32, 432, 8, 8, 432, 8, 8, 1, 1, 0, 0, 1, 1, 1, 1, 1, 8, 0, 0, 0, 0, 0, 0, 0, 0, 0, 0, 0, 0, 0]",432,256,0.0,0.0,5700420189,5700437598,5700431687,5705046584,20736,53024,48768,371023,2,16468,4610641,32,128,128,3
205,1,"[4, 0, 0, 0, 0, 0, 0, 0, 0, 0, 0, 0, 0, 0, 0, 4, 0, 0, 0, 0, 0, 0, 0, 0, 0, 0, 0, 0, 0, 0]",432,512,7077888.0,28311552.0,5705085216,5705361061,5705095352,5705457783,272,349886,86303,371024,2,19573,98848,32,128,128,3
152,1,"[8, 32, 432, 8, 8, 0, 0, 0, 0, 0, 0, 0, 0, 0, 0, 0, 0, 0, 0, 0, 0, 0, 0, 0, 0, 0, 0, 0, 0, 0]",1728,128,884736.0,14155776.0,5705534114,5705543937,5705544086,5705566774,0,181376,181376,371025,1,9823,22688,32,128,128,3
203,1,"[32, 432, 8, 8, 432, 8, 8, 3, 3, 1, 1, 1, 1, 1, 1, 9, 8, 0, 0, 0, 0, 0, 0, 0, 0, 0, 0, 0, 0, 0]",128,64,0.0,0.0,5705737226,5705788172,5705748150,5707865839,4352,-6910123,54080,371026,9,42971,9081892,32,128,128,3
205,1,"[4, 0, 0, 0, 0, 0, 0, 0, 0, 0, 0, 0, 0, 0, 0, 4, 0, 0, 0, 0, 0, 0, 0, 0, 0, 0, 0, 0, 0, 0]",432,512,7077888.0,28311552.0,5707911444,5708185529,5707919919,5708282318,272,357919,94304,371027,2,19131,98784,32,128,128,3
152,1,"[8, 32, 432, 8, 8, 0, 0, 0, 0, 0, 0, 0, 0, 0, 0, 0, 0, 0, 0, 0, 0, 0, 0, 0, 0, 0, 0, 0, 0, 0]",1728,128,884736.0,14155776.0,5708364710,5708377184,5708376622,5708399150,0,217087,217087,371028,1,12474,22528,32,128,128,3
203,1,"[32, 432, 8, 8, 432, 8, 8, 1, 1, 0, 0, 1, 1, 1, 1, 1, 8, 0, 0, 0, 0, 0, 0, 0, 0, 0, 0, 0, 0, 0]",432,256,0.0,0.0,5708604737,5708622167,5708616237,5713269150,20736,54688,50624,371029,2,16421,4648849,32,128,128,3
205,1,"[4, 0, 0, 0, 0, 0, 0, 0, 0, 0, 0, 0, 0, 0, 0, 4, 0, 0, 0, 0, 0, 0, 0, 0, 0, 0, 0, 0, 0, 0]",432,512,7077888.0,28311552.0,5713310111,5713578941,5713319774,5713675997,272,265695,8992,371030,2,19639,99520,32,128,128,3
21,1,"[8, 32, 432, 8, 8, 0, 0, 0, 0, 0, 0, 0, 0, 0, 0, 8, 32, 432, 8, 8, 0, 0, 0, 0, 0, 0, 0, 0, 0, 0]",1728,128,884736.0,21233664.0,5713674941,5713684237,5713684989,5713725437,0,115583,115583,371031,1,9296,40448,32,128,128,3
152,1,"[8, 32, 432, 8, 8, 0, 0, 0, 0, 0, 0, 0, 0, 0, 0, 0, 0, 0, 0, 0, 0, 0, 0, 0, 0, 0, 0, 0, 0, 0]",1728,128,884736.0,14155776.0,5713832318,5713840777,5713841020,5713869340,0,204352,204352,371032,1,8459,28320,32,128,128,3
203,1,"[32, 432, 8, 8, 432, 8, 8, 1, 1, 0, 0, 1, 1, 1, 1, 1, 8, 0, 0, 0, 0, 0, 0, 0, 0, 0, 0, 0, 0, 0]",432,256,0.0,0.0,5714062164,5714078925,5714073692,5718556558,20736,58015,54079,371033,2,15768,4478930,32,128,128,3
205,1,"[4, 0, 0, 0, 0, 0, 0, 0, 0, 0, 0, 0, 0, 0, 0, 4, 0, 0, 0, 0, 0, 0, 0, 0, 0, 0, 0, 0, 0, 0]",432,512,7077888.0,28311552.0,5718601994,5718877910,5718610637,5718974636,272,354239,88864,371034,2,19032,98624,32,128,128,3
152,1,"[8, 32, 432, 8, 8, 0, 0, 0, 0, 0, 0, 0, 0, 0, 0, 0, 0, 0, 0, 0, 0, 0, 0, 0, 0, 0, 0, 0, 0, 0]",1728,128,884736.0,14155776.0,5719053473,5719063917,5719063500,5719086988,0,180383,180383,371035,1,10444,23488,32,128,128,3
203,1,"[32, 432, 8, 8, 432, 8, 8, 3, 3, 1, 1, 1, 1, 1, 1, 9, 8, 0, 0, 0, 0, 0, 0, 0, 0, 0, 0, 0, 0, 0]",128,64,0.0,0.0,5719256477,5719308729,5719267371,5721385477,4352,-6905868,63456,371036,9,44195,9087430,32,128,128,3
205,1,"[4, 0, 0, 0, 0, 0, 0, 0, 0, 0, 0, 0, 0, 0, 0, 4, 0, 0, 0, 0, 0, 0, 0, 0, 0, 0, 0, 0, 0, 0]",432,512,7077888.0,28311552.0,5721439714,5721723787,5721448933,5721819652,272,359966,87583,371037,2,20019,98336,32,128,128,3
152,1,"[8, 32, 432, 8, 8, 0, 0, 0, 0, 0, 0, 0, 0, 0, 0, 0, 0, 0, 0, 0, 0, 0, 0, 0, 0, 0, 0, 0, 0, 0]",1728,128,884736.0,14155776.0,5721897332,5721907038,5721907235,5721930243,0,207423,207423,371038,1,9706,23008,32,128,128,3
203,1,"[32, 432, 8, 8, 432, 8, 8, 1, 1, 0, 0, 1, 1, 1, 1, 1, 8, 0, 0, 0, 0, 0, 0, 0, 0, 0, 0, 0, 0, 0]",432,256,0.0,0.0,5722126308,5722143912,5722137666,5726681364,20736,165280,161024,371039,2,16634,4539442,32,128,128,3
205,1,"[4, 0, 0, 0, 0, 0, 0, 0, 0, 0, 0, 0, 0, 0, 0, 4, 0, 0, 0, 0, 0, 0, 0, 0, 0, 0, 0, 0, 0, 0]",432,512,7077888.0,28311552.0,5726831314,5727108799,5726842388,5727205554,272,268351,4032,371040,2,21183,98847,32,128,128,3
21,1,"[8, 32, 432, 8, 8, 0, 0, 0, 0, 0, 0, 0, 0, 0, 0, 8, 32, 432, 8, 8, 0, 0, 0, 0, 0, 0, 0, 0, 0, 0]",1728,128,884736.0,21233664.0,5727199419,5727208556,5727209586,5727248883,0,124895,124895,371041,1,9137,39297,32,128,128,3
152,1,"[8, 32, 432, 8, 8, 0, 0, 0, 0, 0, 0, 0, 0, 0, 0, 0, 0, 0, 0, 0, 0, 0, 0, 0, 0, 0, 0, 0, 0, 0]",1728,128,884736.0,14155776.0,5727364098,5727373528,5727373778,5727402418,0,202111,202111,371042,1,9430,28640,32,128,128,3
203,1,"[32, 432, 8, 8, 432, 8, 8, 1, 1, 0, 0, 1, 1, 1, 1, 1, 8, 0, 0, 0, 0, 0, 0, 0, 0, 0, 0, 0, 0, 0]",432,256,0.0,0.0,5727592894,5727609563,5727604529,5732219203,20736,53184,49312,371043,2,15679,4610802,32,128,128,3
205,1,"[4, 0, 0, 0, 0, 0, 0, 0, 0, 0, 0, 0, 0, 0, 0, 4, 0, 0, 0, 0, 0, 0, 0, 0, 0, 0, 0, 0, 0, 0]",432,512,7077888.0,28311552.0,5732258949,5732535645,5732268515,5732632897,272,358015,92512,371044,2,19815,98879,32,128,128,3
152,1,"[8, 32, 432, 8, 8, 0, 0, 0, 0, 0, 0, 0, 0, 0, 0, 0, 0, 0, 0, 0, 0, 0, 0, 0, 0, 0, 0, 0, 0, 0]",1728,128,884736.0,14155776.0,5732715604,5732725713,5732725409,5732749761,0,172064,172064,371045,1,10109,24352,32,128,128,3
203,1,"[32, 432, 8, 8, 432, 8, 8, 3, 3, 1, 1, 1, 1, 1, 1, 9, 8, 0, 0, 0, 0, 0, 0, 0, 0, 0, 0, 0, 0, 0]",128,64,0.0,0.0,5732911034,5732961414,5732921825,5735039450,4352,-6905419,54720,371046,9,42401,9077764,32,128,128,3
205,1,"[4, 0, 0, 0, 0, 0, 0, 0, 0, 0, 0, 0, 0, 0, 0, 4, 0, 0, 0, 0, 0, 0, 0, 0, 0, 0, 0, 0, 0, 0]",432,512,7077888.0,28311552.0,5735084919,5735353086,5735094170,5735450425,272,339486,82559,371047,2,18334,99328,32,128,128,3
152,1,"[8, 32, 432, 8, 8, 0, 0, 0, 0, 0, 0, 0, 0, 0, 0, 0, 0, 0, 0, 0, 0, 0, 0, 0, 0, 0, 0, 0, 0, 0]",1728,128,884736.0,14155776.0,5735523219,5735533055,5735532984,5735555544,0,240736,240736,371048,1,9836,22560,32,128,128,3
203,1,"[32, 432, 8, 8, 432, 8, 8, 1, 1, 0, 0, 1, 1, 1, 1, 1, 8, 0, 0, 0, 0, 0, 0, 0, 0, 0, 0, 0, 0, 0]",432,256,0.0,0.0,5735782081,5735804704,5735796280,5740363849,20736,87615,81376,371049,2,21352,4561330,32,128,128,3
205,1,"[4, 0, 0, 0, 0, 0, 0, 0, 0, 0, 0, 0, 0, 0, 0, 4, 0, 0, 0, 0, 0, 0, 0, 0, 0, 0, 0, 0, 0, 0]",432,512,7077888.0,28311552.0,5740431694,5740737066,5740445225,5740833224,272,298015,8384,371050,2,25046,98368,32,128,128,3
21,1,"[8, 32, 432, 8, 8, 0, 0, 0, 0, 0, 0, 0, 0, 0, 0, 8, 32, 432, 8, 8, 0, 0, 0, 0, 0, 0, 0, 0, 0, 0]",1728,128,884736.0,21233664.0,5740831730,5740841779,5740841608,5740882376,0,170495,170495,371051,1,10049,40768,32,128,128,3
152,1,"[8, 32, 432, 8, 8, 0, 0, 0, 0, 0, 0, 0, 0, 0, 0, 0, 0, 0, 0, 0, 0, 0, 0, 0, 0, 0, 0, 0, 0, 0]",1728,128,884736.0,14155776.0,5741038687,5741053895,5741052871,5741081031,0,267711,267711,371052,1,15208,28160,32,128,128,3
203,1,"[32, 432, 8, 8, 432, 8, 8, 1, 1, 0, 0, 1, 1, 1, 1, 1, 8, 0, 0, 0, 0, 0, 0, 0, 0, 0, 0, 0, 0, 0]",432,256,0.0,0.0,5741335661,5741354942,5741348742,5745873336,20736,58976,54464,371053,2,18279,4520082,32,128,128,3
205,1,"[4, 0, 0, 0, 0, 0, 0, 0, 0, 0, 0, 0, 0, 0, 0, 4, 0, 0, 0, 0, 0, 0, 0, 0, 0, 0, 0, 0, 0, 0]",432,512,7077888.0,28311552.0,5745917374,5746197480,5745927800,5746294231,272,365918,98847,371054,2,20050,99360,32,128,128,3
152,1,"[8, 32, 432, 8, 8, 0, 0, 0, 0, 0, 0, 0, 0, 0, 0, 0, 0, 0, 0, 0, 0, 0, 0, 0, 0, 0, 0, 0, 0, 0]",1728,128,884736.0,14155776.0,5746382121,5746393032,5746393078,5746416054,0,180544,180544,371055,1,10911,22976,32,128,128,3
203,1,"[32, 432, 8, 8, 432, 8, 8, 3, 3, 1, 1, 1, 1, 1, 1, 9, 8, 0, 0, 0, 0, 0, 0, 0, 0, 0, 0, 0, 0, 0]",128,64,0.0,0.0,5746585275,5746640273,5746596598,5748717519,4352,-6891435,63936,371056,9,47017,9076292,32,128,128,3
205,1,"[4, 0, 0, 0, 0, 0, 0, 0, 0, 0, 0, 0, 0, 0, 0, 4, 0, 0, 0, 0, 0, 0, 0, 0, 0, 0, 0, 0, 0, 0]",432,512,7077888.0,28311552.0,5748771658,5749056626,5748781455,5749153422,272,492222,219647,371057,2,20491,99392,32,128,128,3
152,1,"[8, 32, 432, 8, 8, 0, 0, 0, 0, 0, 0, 0, 0, 0, 0, 0, 0, 0, 0, 0, 0, 0, 0, 0, 0, 0, 0, 0, 0, 0]",1728,128,884736.0,14155776.0,5749361419,5749373157,5749373069,5749397293,0,206655,206655,371058,1,11738,24224,32,128,128,3
203,1,"[32, 432, 8, 8, 432, 8, 8, 1, 1, 0, 0, 1, 1, 1, 1, 1, 8, 0, 0, 0, 0, 0, 0, 0, 0, 0, 0, 0, 0, 0]",432,256,0.0,0.0,5749592520,5749609395,5749603948,5754122654,20736,57184,53120,371059,2,15886,4514642,32,128,128,3
205,1,"[4, 0, 0, 0, 0, 0, 0, 0, 0, 0, 0, 0, 0, 0, 0, 4, 0, 0, 0, 0, 0, 0, 0, 0, 0, 0, 0, 0, 0, 0]",432,512,7077888.0,28311552.0,5754165843,5754436477,5754175774,5754533277,272,270559,12480,371060,2,19433,99424,32,128,128,3
21,1,"[8, 32, 432, 8, 8, 0, 0, 0, 0, 0, 0, 0, 0, 0, 0, 8, 32, 432, 8, 8, 0, 0, 0, 0, 0, 0, 0, 0, 0, 0]",1728,128,884736.0,21233664.0,5754535912,5754545376,5754545757,5754585500,0,116800,116800,371061,1,9464,39743,32,128,128,3
152,1,"[8, 32, 432, 8, 8, 0, 0, 0, 0, 0, 0, 0, 0, 0, 0, 0, 0, 0, 0, 0, 0, 0, 0, 0, 0, 0, 0, 0, 0, 0]",1728,128,884736.0,14155776.0,5754693315,5754702406,5754702300,5754730908,0,210111,210111,371062,1,9091,28608,32,128,128,3
203,1,"[32, 432, 8, 8, 432, 8, 8, 1, 1, 0, 0, 1, 1, 1, 1, 1, 8, 0, 0, 0, 0, 0, 0, 0, 0, 0, 0, 0, 0, 0]",432,256,0.0,0.0,5754929561,5754946473,5754941019,5759504781,20736,59265,55296,371063,2,15901,4559793,32,128,128,3
205,1,"[4, 0, 0, 0, 0, 0, 0, 0, 0, 0, 0, 0, 0, 0, 0, 4, 0, 0, 0, 0, 0, 0, 0, 0, 0, 0, 0, 0, 0, 0]",432,512,7077888.0,28311552.0,5759549922,5759821920,5759560077,5759918476,272,354590,94751,371064,2,19627,98560,32,128,128,3
152,1,"[8, 32, 432, 8, 8, 0, 0, 0, 0, 0, 0, 0, 0, 0, 0, 0, 0, 0, 0, 0, 0, 0, 0, 0, 0, 0, 0, 0, 0, 0]",1728,128,884736.0,14155776.0,5760003545,5760013392,5760013227,5760037260,0,175487,175487,371065,1,9847,24033,32,128,128,3
203,1,"[32, 432, 8, 8, 432, 8, 8, 3, 3, 1, 1, 1, 1, 1, 1, 9, 8, 0, 0, 0, 0, 0, 0, 0, 0, 0, 0, 0, 0, 0]",128,64,0.0,0.0,5760200600,5760254601,5760212747,5762330404,4352,-6897129,55872,371066,9,45651,9070658,32,128,128,3
205,1,"[4, 0, 0, 0, 0, 0, 0, 0, 0, 0, 0, 0, 0, 0, 0, 4, 0, 0, 0, 0, 0, 0, 0, 0, 0, 0, 0, 0, 0, 0]",432,512,7077888.0,28311552.0,5762376262,5762650868,5762386276,5762747779,272,347103,84960,371067,2,19466,99360,32,128,128,3
152,1,"[8, 32, 432, 8, 8, 0, 0, 0, 0, 0, 0, 0, 0, 0, 0, 0, 0, 0, 0, 0, 0, 0, 0, 0, 0, 0, 0, 0, 0, 0]",1728,128,884736.0,14155776.0,5762823053,5762832857,5762832739,5762856418,0,208288,208288,371068,1,9804,23679,32,128,128,3
203,1,"[32, 432, 8, 8, 432, 8, 8, 1, 1, 0, 0, 1, 1, 1, 1, 1, 8, 0, 0, 0, 0, 0, 0, 0, 0, 0, 0, 0, 0, 0]",432,256,0.0,0.0,5763053203,5763071012,5763064706,5767584116,20736,57280,53248,371069,2,16811,4515378,32,128,128,3
205,1,"[4, 0, 0, 0, 0, 0, 0, 0, 0, 0, 0, 0, 0, 0, 0, 4, 0, 0, 0, 0, 0, 0, 0, 0, 0, 0, 0, 0, 0, 0]",432,512,7077888.0,28311552.0,5767627268,5767897099,5767637364,5767993714,272,269439,11808,371070,2,19553,98719,32,128,128,3
21,1,"[8, 32, 432, 8, 8, 0, 0, 0, 0, 0, 0, 0, 0, 0, 0, 8, 32, 432, 8, 8, 0, 0, 0, 0, 0, 0, 0, 0, 0, 0]",1728,128,884736.0,21233664.0,5767995368,5768005013,5768005522,5768044914,0,120000,120000,371071,1,9645,39392,32,128,128,3
152,1,"[8, 32, 432, 8, 8, 0, 0, 0, 0, 0, 0, 0, 0, 0, 0, 0, 0, 0, 0, 0, 0, 0, 0, 0, 0, 0, 0, 0, 0, 0]",1728,128,884736.0,14155776.0,5768155428,5768164477,5768164914,5768192370,0,212703,212703,371072,1,9049,27456,32,128,128,3
203,1,"[32, 432, 8, 8, 432, 8, 8, 1, 1, 0, 0, 1, 1, 1, 1, 1, 8, 0, 0, 0, 0, 0, 0, 0, 0, 0, 0, 0, 0, 0]",432,256,0.0,0.0,5768393709,5768410672,5768405073,5773033795,20736,57344,53248,371073,2,16007,4624626,32,128,128,3
205,1,"[4, 0, 0, 0, 0, 0, 0, 0, 0, 0, 0, 0, 0, 0, 0, 4, 0, 0, 0, 0, 0, 0, 0, 0, 0, 0, 0, 0, 0, 0]",432,512,7077888.0,28311552.0,5773077802,5773358103,5773087043,5773454849,272,367520,98976,371074,2,20443,99262,32,128,128,3
152,1,"[8, 32, 432, 8, 8, 0, 0, 0, 0, 0, 0, 0, 0, 0, 0, 0, 0, 0, 0, 0, 0, 0, 0, 0, 0, 0, 0, 0, 0, 0]",1728,128,884736.0,14155776.0,5773542880,5773553665,5773553825,5773576545,0,177759,177759,371075,1,10785,22720,32,128,128,3
203,1,"[32, 432, 8, 8, 432, 8, 8, 3, 3, 1, 1, 1, 1, 1, 1, 9, 8, 0, 0, 0, 0, 0, 0, 0, 0, 0, 0, 0, 0, 0]",128,64,0.0,0.0,5773742991,5773794823,5773754304,5775871546,4352,-6912397,56319,371076,9,43760,9085958,32,128,128,3
205,1,"[4, 0, 0, 0, 0, 0, 0, 0, 0, 0, 0, 0, 0, 0, 0, 4, 0, 0, 0, 0, 0, 0, 0, 0, 0, 0, 0, 0, 0, 0]",432,512,7077888.0,28311552.0,5775919422,5776319637,5775927865,5776416376,272,481534,92256,371077,2,20670,99233,32,128,128,3
152,1,"[8, 32, 432, 8, 8, 0, 0, 0, 0, 0, 0, 0, 0, 0, 0, 0, 0, 0, 0, 0, 0, 0, 0, 0, 0, 0, 0, 0, 0, 0]",1728,128,884736.0,14155776.0,5776497634,5776508267,5776508632,5776531800,0,208383,208383,371078,1,10633,23168,32,128,128,3
203,1,"[32, 432, 8, 8, 432, 8, 8, 1, 1, 0, 0, 1, 1, 1, 1, 1, 8, 0, 0, 0, 0, 0, 0, 0, 0, 0, 0, 0, 0, 0]",432,256,0.0,0.0,5776728660,5776745397,5776740183,5781278697,20736,59232,55616,371079,2,15830,4534898,32,128,128,3
205,1,"[4, 0, 0, 0, 0, 0, 0, 0, 0, 0, 0, 0, 0, 0, 0, 4, 0, 0, 0, 0, 0, 0, 0, 0, 0, 0, 0, 0, 0, 0]",432,512,7077888.0,28311552.0,5781324463,5781591791,5781334313,5781688647,272,269088,13568,371080,2,19606,98814,32,128,128,3
21,1,"[8, 32, 432, 8, 8, 0, 0, 0, 0, 0, 0, 0, 0, 0, 0, 8, 32, 432, 8, 8, 0, 0, 0, 0, 0, 0, 0, 0, 0, 0]",1728,128,884736.0,21233664.0,5781692604,5781701508,5781702215,5781741895,0,118272,118272,371081,1,8904,39680,32,128,128,3
152,1,"[8, 32, 432, 8, 8, 0, 0, 0, 0, 0, 0, 0, 0, 0, 0, 0, 0, 0, 0, 0, 0, 0, 0, 0, 0, 0, 0, 0, 0, 0]",1728,128,884736.0,14155776.0,5781851150,5781859721,5781860167,5781887303,0,210911,210911,371082,1,8571,27136,32,128,128,3
203,1,"[32, 432, 8, 8, 432, 8, 8, 1, 1, 0, 0, 1, 1, 1, 1, 1, 8, 0, 0, 0, 0, 0, 0, 0, 0, 0, 0, 0, 0, 0]",432,256,0.0,0.0,5782086776,5782104239,5782098214,5786536248,20736,53376,49152,371083,2,16537,4433810,32,128,128,3
205,1,"[4, 0, 0, 0, 0, 0, 0, 0, 0, 0, 0, 0, 0, 0, 0, 4, 0, 0, 0, 0, 0, 0, 0, 0, 0, 0, 0, 0, 0, 0]",432,512,7077888.0,28311552.0,5786576359,5786850396,5786585400,5786947351,272,348255,87072,371084,2,20050,100768,32,128,128,3
152,1,"[8, 32, 432, 8, 8, 0, 0, 0, 0, 0, 0, 0, 0, 0, 0, 0, 0, 0, 0, 0, 0, 0, 0, 0, 0, 0, 0, 0, 0, 0]",1728,128,884736.0,14155776.0,5787024430,5787034701,5787034423,5787057814,0,179328,179328,371085,1,10271,23391,32,128,128,3
203,1,"[32, 432, 8, 8, 432, 8, 8, 3, 3, 1, 1, 1, 1, 1, 1, 9, 8, 0, 0, 0, 0, 0, 0, 0, 0, 0, 0, 0, 0, 0]",128,64,0.0,0.0,5787226544,5787279220,5787237142,5789355791,4352,-6914090,55360,371086,9,44483,9088099,32,128,128,3
205,1,"[4, 0, 0, 0, 0, 0, 0, 0, 0, 0, 0, 0, 0, 0, 0, 4, 0, 0, 0, 0, 0, 0, 0, 0, 0, 0, 0, 0, 0, 0]",432,512,7077888.0,28311552.0,5789401048,5789680094,5789411151,5789776174,272,355135,88448,371087,2,26450,98336,32,128,128,3
152,1,"[8, 32, 432, 8, 8, 0, 0, 0, 0, 0, 0, 0, 0, 0, 0, 0, 0, 0, 0, 0, 0, 0, 0, 0, 0, 0, 0, 0, 0, 0]",1728,128,884736.0,14155776.0,5789854889,5789864490,5789864622,5789888558,0,198879,198879,371088,1,9601,23936,32,128,128,3
203,1,"[32, 432, 8, 8, 432, 8, 8, 1, 1, 0, 0, 1, 1, 1, 1, 1, 8, 0, 0, 0, 0, 0, 0, 0, 0, 0, 0, 0, 0, 0]",432,256,0.0,0.0,5790075996,5790092978,5790087437,5794780958,20736,76256,72192,371089,2,15979,4689457,32,128,128,3
205,1,"[4, 0, 0, 0, 0, 0, 0, 0, 0, 0, 0, 0, 0, 0, 0, 4, 0, 0, 0, 0, 0, 0, 0, 0, 0, 0, 0, 0, 0, 0]",432,512,7077888.0,28311552.0,5794841243,5795167650,5794853150,5795263901,272,375295,63712,371090,2,25094,99168,32,128,128,3
21,1,"[8, 32, 432, 8, 8, 0, 0, 0, 0, 0, 0, 0, 0, 0, 0, 8, 32, 432, 8, 8, 0, 0, 0, 0, 0, 0, 0, 0, 0, 0]",1728,128,884736.0,21233664.0,5795314026,5795327741,5795327613,5795367197,0,198623,198623,371091,1,13715,39584,32,128,128,3
152,1,"[8, 32, 432, 8, 8, 0, 0, 0, 0, 0, 0, 0, 0, 0, 0, 0, 0, 0, 0, 0, 0, 0, 0, 0, 0, 0, 0, 0, 0, 0]",1728,128,884736.0,14155776.0,5795554646,5795566455,5795565820,5795594300,0,305343,305343,371092,1,11809,28480,32,128,128,3
203,1,"[32, 432, 8, 8, 432, 8, 8, 1, 1, 0, 0, 1, 1, 1, 1, 1, 8, 0, 0, 0, 0, 0, 0, 0, 0, 0, 0, 0, 0, 0]",432,256,0.0,0.0,5795886161,5795906912,5795899643,5800429517,20736,71359,65823,371093,2,19501,4524338,32,128,128,3
205,1,"[4, 0, 0, 0, 0, 0, 0, 0, 0, 0, 0, 0, 0, 0, 0, 4, 0, 0, 0, 0, 0, 0, 0, 0, 0, 0, 0, 0, 0, 0]",432,512,7077888.0,28311552.0,5800483876,5800778287,5800495340,5800874251,272,379040,98464,371094,2,23720,98335,32,128,128,3
152,1,"[8, 32, 432, 8, 8, 0, 0, 0, 0, 0, 0, 0, 0, 0, 0, 0, 0, 0, 0, 0, 0, 0, 0, 0, 0, 0, 0, 0, 0, 0]",1728,128,884736.0,14155776.0,5800962495,5800972790,5800972715,5800996363,0,176927,176927,371095,1,10295,23648,32,128,128,3
203,1,"[32, 432, 8, 8, 432, 8, 8, 3, 3, 1, 1, 1, 1, 1, 1, 9, 8, 0, 0, 0, 0, 0, 0, 0, 0, 0, 0, 0, 0, 0]",128,64,0.0,0.0,5801161666,5801217372,5801173290,5803292932,4352,-6916909,56831,371096,9,47607,9093382,32,128,128,3
205,1,"[4, 0, 0, 0, 0, 0, 0, 0, 0, 0, 0, 0, 0, 0, 0, 4, 0, 0, 0, 0, 0, 0, 0, 0, 0, 0, 0, 0, 0, 0]",432,512,7077888.0,28311552.0,5803340161,5803742715,5803349763,5803839714,272,490271,99552,371097,2,20226,99232,32,128,128,3
152,1,"[8, 32, 432, 8, 8, 0, 0, 0, 0, 0, 0, 0, 0, 0, 0, 0, 0, 0, 0, 0, 0, 0, 0, 0, 0, 0, 0, 0, 0, 0]",1728,128,884736.0,14155776.0,5803929120,5803939151,5803939266,5803962625,0,202976,202976,371098,1,10031,23359,32,128,128,3
203,1,"[32, 432, 8, 8, 432, 8, 8, 1, 1, 0, 0, 1, 1, 1, 1, 1, 8, 0, 0, 0, 0, 0, 0, 0, 0, 0, 0, 0, 0, 0]",432,256,0.0,0.0,5804153964,5804171643,5804165601,5808668915,20736,64960,60512,371099,2,16712,4498866,32,128,128,3
205,1,"[4, 0, 0, 0, 0, 0, 0, 0, 0, 0, 0, 0, 0, 0, 0, 4, 0, 0, 0, 0, 0, 0, 0, 0, 0, 0, 0, 0, 0, 0]",432,512,7077888.0,28311552.0,5808717594,5808993144,5808729427,5809088753,272,275295,14304,371100,2,22458,98335,32,128,128,3
21,1,"[8, 32, 432, 8, 8, 0, 0, 0, 0, 0, 0, 0, 0, 0, 0, 8, 32, 432, 8, 8, 0, 0, 0, 0, 0, 0, 0, 0, 0, 0]",1728,128,884736.0,21233664.0,5809092978,5809102771,5809103057,5809143249,0,118688,118688,371101,1,9793,40192,32,128,128,3
152,1,"[8, 32, 432, 8, 8, 0, 0, 0, 0, 0, 0, 0, 0, 0, 0, 0, 0, 0, 0, 0, 0, 0, 0, 0, 0, 0, 0, 0, 0, 0]",1728,128,884736.0,14155776.0,5809252610,5809261651,5809261937,5809289457,0,176607,176607,371102,1,9041,27520,32,128,128,3
203,1,"[32, 432, 8, 8, 1008, 4, 4, 1, 1, 0, 0, 2, 2, 1, 1, 1, 8, 0, 0, 0, 0, 0, 0, 0, 0, 0, 0, 0, 0, 0]",432,256,0.0,0.0,5809455074,5809473903,5809466064,5810417325,12544,54784,49696,371103,2,16835,946173,32,128,128,3
205,1,"[4, 0, 0, 0, 0, 0, 0, 0, 0, 0, 0, 0, 0, 0, 0, 4, 0, 0, 0, 0, 0, 0, 0, 0, 0, 0, 0, 0, 0, 0]",1008,512,4128768.0,16515072.0,5810458070,5810718682,5810467021,5810837004,272,383710,134367,371104,2,19017,120640,32,128,128,3
203,1,"[32, 432, 8, 8, 1008, 8, 8, 1, 1, 0, 0, 1, 1, 1, 1, 1, 8, 0, 0, 0, 0, 0, 0, 0, 0, 0, 0, 0, 0, 0]",256,256,0.0,0.0,5810959003,5810972186,5810971371,5814749408,18688,57055,57055,371105,1,13183,3778037,32,128,128,3
205,1,"[4, 0, 0, 0, 0, 0, 0, 0, 0, 0, 0, 0, 0, 0, 0, 4, 0, 0, 0, 0, 0, 0, 0, 0, 0, 0, 0, 0, 0, 0]",1008,512,16515072.0,66060288.0,5814795904,5815076110,5814806463,5815279838,272,267808,1184,371106,2,21690,206751,32,128,128,3
152,1,"[8, 32, 1008, 8, 8, 0, 0, 0, 0, 0, 0, 0, 0, 0, 0, 0, 0, 0, 0, 0, 0, 0, 0, 0, 0, 0, 0, 0, 0, 0]",4032,128,2064384.0,33030144.0,5815252087,5815262139,5815281022,5815342654,0,112639,112639,371107,1,10052,61632,32,128,128,3
203,1,"[32, 1008, 8, 8, 1008, 4, 4, 3, 3, 1, 1, 2, 2, 1, 1, 21, 8, 0, 0, 0, 0, 0, 0, 0, 0, 0, 0, 0, 0, 0]",32,64,0.0,0.0,5815443219,5815557226,5815455293,5816781017,4352,-7663497,57696,371108,21,94759,9046917,32,128,128,3
205,1,"[4, 0, 0, 0, 0, 0, 0, 0, 0, 0, 0, 0, 0, 0, 0, 4, 0, 0, 0, 0, 0, 0, 0, 0, 0, 0, 0, 0, 0, 0]",1008,512,4128768.0,16515072.0,5816828737,5817101915,5816838713,5817219288,272,333823,73472,371109,2,20334,120224,32,128,128,3
152,1,"[8, 32, 1008, 4, 4, 0, 0, 0, 0, 0, 0, 0, 0, 0, 0, 0, 0, 0, 0, 0, 0, 0, 0, 0, 0, 0, 0, 0, 0, 0]",1008,128,516096.0,8257536.0,5817282910,5817292651,5817292760,5817300792,0,230079,230079,371110,1,9741,8032,32,128,128,3
203,1,"[32, 1008, 4, 4, 1008, 4, 4, 1, 1, 0, 0, 1, 1, 1, 1, 1, 8, 0, 0, 0, 0, 0, 0, 0, 0, 0, 0, 0, 0, 0]",1008,256,0.0,0.0,5817520261,5817537380,5817530871,5822172616,20736,53088,49888,371111,2,16142,4638545,32,128,128,3
205,1,"[4, 0, 0, 0, 0, 0, 0, 0, 0, 0, 0, 0, 0, 0, 0, 4, 0, 0, 0, 0, 0, 0, 0, 0, 0, 0, 0, 0, 0, 0]",1008,512,4128768.0,16515072.0,5822212289,5822491153,5822222504,5822609574,272,266368,1,371112,2,20556,120703,32,128,128,3
21,1,"[8, 32, 1008, 4, 4, 0, 0, 0, 0, 0, 0, 0, 0, 0, 0, 8, 32, 1008, 4, 4, 0, 0, 0, 0, 0, 0, 0, 0, 0, 0]",1008,128,516096.0,12386304.0,5822584209,5822593383,5822609575,5822632135,0,128991,128991,371113,1,9174,22560,32,128,128,3
152,1,"[8, 32, 1008, 4, 4, 0, 0, 0, 0, 0, 0, 0, 0, 0, 0, 0, 0, 0, 0, 0, 0, 0, 0, 0, 0, 0, 0, 0, 0, 0]",1008,128,516096.0,8257536.0,5822751892,5822761093,5822761126,5822770919,0,234111,234111,371114,1,9201,9793,32,128,128,3
203,1,"[32, 1008, 4, 4, 1008, 4, 4, 1, 1, 0, 0, 1, 1, 1, 1, 1, 8, 0, 0, 0, 0, 0, 0, 0, 0, 0, 0, 0, 0, 0]",1008,256,0.0,0.0,5822994521,5823012101,5823005030,5827649719,20736,64384,59392,371115,2,16601,4639697,32,128,128,3
205,1,"[4, 0, 0, 0, 0, 0, 0, 0, 0, 0, 0, 0, 0, 0, 0, 4, 0, 0, 0, 0, 0, 0, 0, 0, 0, 0, 0, 0, 0, 0]",1008,512,4128768.0,16515072.0,5827698905,5828106741,5827709111,5828224821,272,476799,81536,371116,2,21933,120447,32,128,128,3
152,1,"[8, 32, 1008, 4, 4, 0, 0, 0, 0, 0, 0, 0, 0, 0, 0, 0, 0, 0, 0, 0, 0, 0, 0, 0, 0, 0, 0, 0, 0, 0]",1008,128,516096.0,8257536.0,5828289704,5828306771,5828306357,5828314709,0,210527,210527,371117,1,17067,8352,32,128,128,3
203,1,"[32, 1008, 4, 4, 1008, 4, 4, 3, 3, 1, 1, 1, 1, 1, 1, 21, 8, 0, 0, 0, 0, 0, 0, 0, 0, 0, 0, 0, 0, 0]",32,64,0.0,0.0,5828513765,5828622024,5828525236,5829865648,4352,-7729512,53280,371118,21,88701,9123204,32,128,128,3
205,1,"[4, 0, 0, 0, 0, 0, 0, 0, 0, 0, 0, 0, 0, 0, 0, 4, 0, 0, 0, 0, 0, 0, 0, 0, 0, 0, 0, 0, 0, 0]",1008,512,4128768.0,16515072.0,5829910368,5830185708,5829918928,5830303855,272,327839,63552,371119,2,18920,120640,32,128,128,3
152,1,"[8, 32, 1008, 4, 4, 0, 0, 0, 0, 0, 0, 0, 0, 0, 0, 0, 0, 0, 0, 0, 0, 0, 0, 0, 0, 0, 0, 0, 0, 0]",1008,128,516096.0,8257536.0,5830357587,5830367464,5830367407,5830375535,0,243487,243487,371120,1,9877,8128,32,128,128,3
203,1,"[32, 1008, 4, 4, 1008, 4, 4, 1, 1, 0, 0, 1, 1, 1, 1, 1, 8, 0, 0, 0, 0, 0, 0, 0, 0, 0, 0, 0, 0, 0]",1008,256,0.0,0.0,5830607709,5830624462,5830619022,5835259551,20736,51456,47680,371121,2,15793,4636753,32,128,128,3
205,1,"[4, 0, 0, 0, 0, 0, 0, 0, 0, 0, 0, 0, 0, 0, 0, 4, 0, 0, 0, 0, 0, 0, 0, 0, 0, 0, 0, 0, 0, 0]",1008,512,4128768.0,16515072.0,5835297493,5835576004,5835307231,5835694014,272,266399,192,371122,2,20298,120576,32,128,128,3
21,1,"[8, 32, 1008, 4, 4, 0, 0, 0, 0, 0, 0, 0, 0, 0, 0, 8, 32, 1008, 4, 4, 0, 0, 0, 0, 0, 0, 0, 0, 0, 0]",1008,128,516096.0,12386304.0,5835670711,5835680165,5835694206,5835716766,0,122879,122879,371123,1,9454,22560,32,128,128,3
152,1,"[8, 32, 1008, 4, 4, 0, 0, 0, 0, 0, 0, 0, 0, 0, 0, 0, 0, 0, 0, 0, 0, 0, 0, 0, 0, 0, 0, 0, 0, 0]",1008,128,516096.0,8257536.0,5835830940,5835839339,5835839645,5835849277,0,135776,135776,371124,1,8399,9632,32,128,128,3
199,1,"[8, 32, 1008, 4, 4, 0, 0, 0, 0, 0, 0, 0, 0, 0, 0, 0, 0, 0, 0, 0, 0, 0, 0, 0, 0, 0, 0, 0, 0, 0]",1008,512,0.0,0.0,5835974508,5835985809,5835985053,5836011677,16,218143,218143,371125,1,11301,26624,32,128,128,3
201,1,"[8, 32, 1008, 0, 0, 0, 0, 0, 0, 0, 8, 405, 1008, 0, 0, 0, 0, 0, 0, 0, 8, 405, 0, 0, 0, 0, 0, 0, 0, 0]",70,64,26127360.0,679248.0,5836217922,5836230221,5836229820,5836464250,17408,1,1,371127,1,12299,234430,32,128,128,3
201,1,"[8, 32, 1008, 0, 0, 0, 0, 0, 0, 0, 8, 405, 1008, 0, 0, 0, 0, 0, 0, 0, 8, 405, 0, 0, 0, 0, 0, 0, 0, 0]",26,512,26127360.0,679248.0,5836232410,5836239947,5836464251,5836470203,0,288,288,371128,1,7537,5952,32,128,128,3
181,1,"[8, 32, 405, 0, 0, 0, 0, 0, 0, 0, 0, 0, 0, 0, 0, 4, 32, 405, 0, 0, 0, 0, 0, 0, 0, 0, 0, 0, 0, 0]",26,512,0.0,0.0,5836373235,5836506768,5836470491,5836509339,16,1036733,1033821,371129,5,45296,35936,32,128,128,3
181,2,"[8, 32, 405, 0, 0, 0, 0, 0, 0, 0, 0, 0, 0, 0, 0, 4, 32, 405, 0, 0, 0, 0, 0, 0, 0, 0, 0, 0, 0, 0]",26,128,0.0,0.0,5837503015,5837854754,5837543160,5837865111,0,461470,161759,371129,4,102505,22240,32,128,128,3
201,2,"[8, 32, 1008, 0, 0, 0, 0, 0, 0, 0, 8, 405, 1008, 0, 0, 0, 0, 0, 0, 0, 8, 405, 0, 0, 0, 0, 0, 0, 0, 0]",112,512,26127360.0,679248.0,5838010772,5838143572,5838026870,5838274710,16896,305535,304287,371128,3,49077,246592,32,128,128,3
199,2,"[8, 32, 1008, 4, 4, 0, 0, 0, 0, 0, 0, 0, 0, 0, 0, 0, 0, 0, 0, 0, 0, 0, 0, 0, 0, 0, 0, 0, 0, 0]",2016,128,0.0,0.0,5838561758,5838582680,5838578997,5838588053,0,85375,85375,371125,1,20922,9056,32,128,128,3
152,2,"[8, 32, 1008, 4, 4, 0, 0, 0, 0, 0, 0, 0, 0, 0, 0, 0, 0, 0, 0, 0, 0, 0, 0, 0, 0, 0, 0, 0, 0, 0]",1008,128,516096.0,12386304.0,5838657160,5838675405,5838673428,5838694549,0,171359,171359,371124,1,18245,21121,32,128,128,3
205,2,"[8, 32, 1008, 4, 4, 0, 0, 0, 0, 0, 0, 0, 0, 0, 0, 0, 0, 0, 0, 0, 0, 0, 0, 0, 0, 0, 0, 0, 0, 0]",1008,512,4128768.0,20643840.0,5838847706,5838868775,5838865908,5838933524,800,376446,376446,371122,1,21069,67616,32,128,128,3
203,2,"[32, 1008, 4, 4, 1008, 4, 4, 1, 1, 0, 0, 1, 1, 1, 1, 1, 8, 0, 0, 0, 0, 0, 0, 0, 0, 0, 0, 0, 0, 0]",2016,256,0.0,0.0,5839291735,5839573567,5839309970,5843799940,6404,97183,50048,371121,3,52126,4442835,32,128,128,3
152,2,"[8, 32, 1008, 4, 4, 0, 0, 0, 0, 0, 0, 0, 0, 0, 0, 0, 0, 0, 0, 0, 0, 0, 0, 0, 0, 0, 0, 0, 0, 0]",1008,128,516096.0,12386304.0,5839756432,5839772452,5843849988,5843875972,0,5216,5216,371120,1,16020,25984,32,128,128,3
205,2,"[8, 32, 1008, 4, 4, 0, 0, 0, 0, 0, 0, 0, 0, 0, 0, 0, 0, 0, 0, 0, 0, 0, 0, 0, 0, 0, 0, 0, 0, 0]",1008,512,4128768.0,20643840.0,5839912036,5839931763,5843881188,5843947652,800,18080,18080,371119,1,19727,66464,32,128,128,3
203,2,"[32, 1008, 4, 4, 1008, 4, 4, 3, 3, 1, 1, 1, 1, 1, 1, 21, 8, 0, 0, 0, 0, 0, 0, 0, 0, 0, 0, 0, 0, 0]",1536,256,21233664.0,559104.0,5840262503,5841683833,5843965732,5847707768,6404,-11810553,34144,371118,63,625244,15586733,32,128,128,3
152,2,"[8, 32, 1008, 4, 4, 0, 0, 0, 0, 0, 0, 0, 0, 0, 0, 0, 0, 0, 0, 0, 0, 0, 0, 0, 0, 0, 0, 0, 0, 0]",1008,128,516096.0,12386304.0,5841908040,5841923079,5847741912,5847771256,0,4064,4064,371117,1,15039,29344,32,128,128,3
205,2,"[8, 32, 1008, 4, 4, 0, 0, 0, 0, 0, 0, 0, 0, 0, 0, 0, 0, 0, 0, 0, 0, 0, 0, 0, 0, 0, 0, 0, 0, 0]",1008,512,4128768.0,20643840.0,5842061403,5842078602,5847775320,5847842936,800,18400,18400,371116,1,17199,67616,32,128,128,3
203,2,"[32, 1008, 4, 4, 1008, 4, 4, 1, 1, 0, 0, 1, 1, 1, 1, 1, 8, 0, 0, 0, 0, 0, 0, 0, 0, 0, 0, 0, 0, 0]",2016,256,0.0,0.0,5842440171,5842682945,5847861336,5852340330,6404,122175,90335,371115,3,70360,4447154,32,128,128,3
152,2,"[8, 32, 1008, 4, 4, 0, 0, 0, 0, 0, 0, 0, 0, 0, 0, 0, 0, 0, 0, 0, 0, 0, 0, 0, 0, 0, 0, 0, 0, 0]",1008,128,516096.0,12386304.0,5842903467,5842917614,5852430665,5852464681,0,2944,2944,371114,1,14147,34016,32,128,128,3
205,2,"[8, 32, 1008, 4, 4, 0, 0, 0, 0, 0, 0, 0, 0, 0, 0, 0, 0, 0, 0, 0, 0, 0, 0, 0, 0, 0, 0, 0, 0, 0]",1008,512,4128768.0,20643840.0,5843075618,5843092007,5852467625,5852538249,800,20704,20704,371112,1,16389,70624,32,128,128,3
203,2,"[32, 1008, 4, 4, 1008, 4, 4, 1, 1, 0, 0, 1, 1, 1, 1, 1, 8, 0, 0, 0, 0, 0, 0, 0, 0, 0, 0, 0, 0, 0]",2016,256,0.0,0.0,5843442249,5843652635,5852558953,5857046459,6404,95072,57088,371111,3,43084,4449522,32,128,128,3
152,2,"[8, 32, 1008, 4, 4, 0, 0, 0, 0, 0, 0, 0, 0, 0, 0, 0, 0, 0, 0, 0, 0, 0, 0, 0, 0, 0, 0, 0, 0, 0]",1008,128,516096.0,12386304.0,5843819740,5843834060,5857103547,5857133658,0,3072,3072,371110,1,14320,30111,32,128,128,3
205,2,"[8, 32, 1008, 4, 4, 0, 0, 0, 0, 0, 0, 0, 0, 0, 0, 0, 0, 0, 0, 0, 0, 0, 0, 0, 0, 0, 0, 0, 0, 0]",1008,512,4128768.0,20643840.0,5843966376,5843983751,5857136730,5857212058,800,18848,18848,371109,1,17375,75328,32,128,128,3
203,2,"[32, 1008, 8, 8, 1008, 4, 4, 3, 3, 1, 1, 2, 2, 1, 1, 21, 8, 0, 0, 0, 0, 0, 0, 0, 0, 0, 0, 0, 0, 0]",1536,256,21233664.0,1148928.0,5844312199,5845669573,5857230906,5860905039,6404,-11542080,38880,371108,63,614132,15255093,32,128,128,3
152,2,"[8, 32, 1008, 8, 8, 0, 0, 0, 0, 0, 0, 0, 0, 0, 0, 0, 0, 0, 0, 0, 0, 0, 0, 0, 0, 0, 0, 0, 0, 0]",4032,128,2064384.0,49545216.0,5845894112,5845954451,5860943919,5861037358,0,2080,2080,371107,1,60339,93439,32,128,128,3
205,2,"[8, 32, 1008, 8, 8, 0, 0, 0, 0, 0, 0, 0, 0, 0, 0, 0, 0, 0, 0, 0, 0, 0, 0, 0, 0, 0, 0, 0, 0, 0]",1008,512,16515072.0,82575360.0,5846096765,5846113469,5861039438,5861193806,800,24896,24896,371106,1,16704,154368,32,128,128,3
203,2,"[32, 432, 8, 8, 1008, 8, 8, 1, 1, 0, 0, 1, 1, 1, 1, 1, 8, 0, 0, 0, 0, 0, 0, 0, 0, 0, 0, 0, 0, 0]",3456,256,0.0,0.0,5846474212,5846663753,5861218702,5870159922,20740,49504,26592,371105,3,42221,8918308,32,128,128,3
205,2,"[8, 32, 1008, 4, 4, 0, 0, 0, 0, 0, 0, 0, 0, 0, 0, 0, 0, 0, 0, 0, 0, 0, 0, 0, 0, 0, 0, 0, 0, 0]",1008,512,4128768.0,20643840.0,5846865218,5846880216,5870186514,5870259377,800,22624,22624,371104,1,14998,72863,32,128,128,3
203,2,"[32, 432, 8, 8, 1008, 4, 4, 1, 1, 0, 0, 2, 2, 1, 1, 1, 8, 0, 0, 0, 0, 0, 0, 0, 0, 0, 0, 0, 0, 0]",3456,256,445906944.0,14690304.0,5847131918,5847300538,5870282001,5873649703,12548,97215,75231,371103,3,38283,3345718,32,128,128,3
152,2,"[8, 32, 432, 8, 8, 0, 0, 0, 0, 0, 0, 0, 0, 0, 0, 0, 0, 0, 0, 0, 0, 0, 0, 0, 0, 0, 0, 0, 0, 0]",1728,128,884736.0,21233664.0,5847482685,5847495128,5873724934,5873772582,0,3584,3584,371102,1,12443,47648,32,128,128,3
205,2,"[8, 32, 432, 8, 8, 0, 0, 0, 0, 0, 0, 0, 0, 0, 0, 0, 0, 0, 0, 0, 0, 0, 0, 0, 0, 0, 0, 0, 0, 0]",432,512,7077888.0,35389440.0,5847630869,5847646337,5873776166,5873852326,800,18176,18176,371100,1,15468,76160,32,128,128,3
203,2,"[32, 432, 8, 8, 432, 8, 8, 1, 1, 0, 0, 1, 1, 1, 1, 1, 8, 0, 0, 0, 0, 0, 0, 0, 0, 0, 0, 0, 0, 0]",3456,256,0.0,0.0,5847984652,5848167149,5873870502,5878089625,20740,36736,14208,371099,3,39593,4196595,32,128,128,3
152,2,"[8, 32, 432, 8, 8, 0, 0, 0, 0, 0, 0, 0, 0, 0, 0, 0, 0, 0, 0, 0, 0, 0, 0, 0, 0, 0, 0, 0, 0, 0]",1728,128,884736.0,21233664.0,5848330298,5848347815,5878103833,5878148952,0,2240,2240,371098,1,17517,45119,32,128,128,3
205,2,"[8, 32, 432, 8, 8, 0, 0, 0, 0, 0, 0, 0, 0, 0, 0, 0, 0, 0, 0, 0, 0, 0, 0, 0, 0, 0, 0, 0, 0, 0]",432,512,7077888.0,35389440.0,5848469818,5848485541,5878151192,5878222872,800,19776,19776,371097,1,15723,71680,32,128,128,3
203,2,"[32, 432, 8, 8, 432, 8, 8, 3, 3, 1, 1, 1, 1, 1, 1, 9, 8, 0, 0, 0, 0, 0, 0, 0, 0, 0, 0, 0, 0, 0]",1536,256,0.0,0.0,5848785960,5849456606,5878242648,5882744682,6400,-12517016,30848,371096,27,290034,17049898,32,128,128,3
152,2,"[8, 32, 432, 8, 8, 0, 0, 0, 0, 0, 0, 0, 0, 0, 0, 0, 0, 0, 0, 0, 0, 0, 0, 0, 0, 0, 0, 0, 0, 0]",1728,128,884736.0,21233664.0,5849649638,5849662527,5882775530,5882815754,0,5984,5984,371095,1,12889,40224,32,128,128,3
205,2,"[8, 32, 432, 8, 8, 0, 0, 0, 0, 0, 0, 0, 0, 0, 0, 0, 0, 0, 0, 0, 0, 0, 0, 0, 0, 0, 0, 0, 0, 0]",432,512,7077888.0,35389440.0,5849780348,5849795299,5882821738,5882896394,800,18304,18304,371094,1,14951,74656,32,128,128,3
203,2,"[32, 432, 8, 8, 432, 8, 8, 1, 1, 0, 0, 1, 1, 1, 1, 1, 8, 0, 0, 0, 0, 0, 0, 0, 0, 0, 0, 0, 0, 0]",3456,256,0.0,0.0,5850123950,5850303502,5882914698,5887133628,20740,79872,56864,371093,3,37843,4195922,32,128,128,3
152,2,"[8, 32, 432, 8, 8, 0, 0, 0, 0, 0, 0, 0, 0, 0, 0, 0, 0, 0, 0, 0, 0, 0, 0, 0, 0, 0, 0, 0, 0, 0]",1728,128,884736.0,21233664.0,5850491968,5850504199,5887190492,5887239516,0,2016,2016,371092,1,12231,49024,32,128,128,3
205,2,"[8, 32, 432, 8, 8, 0, 0, 0, 0, 0, 0, 0, 0, 0, 0, 0, 0, 0, 0, 0, 0, 0, 0, 0, 0, 0, 0, 0, 0, 0]",432,512,7077888.0,35389440.0,5850637362,5850651857,5887241532,5887313916,800,19808,19808,371090,1,14495,72384,32,128,128,3
203,2,"[32, 432, 8, 8, 432, 8, 8, 1, 1, 0, 0, 1, 1, 1, 1, 1, 8, 0, 0, 0, 0, 0, 0, 0, 0, 0, 0, 0, 0, 0]",3456,256,0.0,0.0,5850968287,5851154474,5887333724,5891547119,20740,36671,15487,371089,3,37313,4192211,32,128,128,3
152,2,"[8, 32, 432, 8, 8, 0, 0, 0, 0, 0, 0, 0, 0, 0, 0, 0, 0, 0, 0, 0, 0, 0, 0, 0, 0, 0, 0, 0, 0, 0]",1728,128,884736.0,21233664.0,5851300893,5851313257,5891562606,5891608078,0,736,736,371088,1,12364,45472,32,128,128,3
205,2,"[8, 32, 432, 8, 8, 0, 0, 0, 0, 0, 0, 0, 0, 0, 0, 0, 0, 0, 0, 0, 0, 0, 0, 0, 0, 0, 0, 0, 0, 0]",432,512,7077888.0,35389440.0,5851425881,5851439679,5891608814,5891684334,800,18336,18336,371087,1,13798,75520,32,128,128,3
203,2,"[32, 432, 8, 8, 432, 8, 8, 3, 3, 1, 1, 1, 1, 1, 1, 9, 8, 0, 0, 0, 0, 0, 0, 0, 0, 0, 0, 0, 0, 0]",1536,256,0.0,0.0,5851707201,5852247630,5891702670,5896102944,6400,-12152024,29632,371086,27,226674,16581930,32,128,128,3
152,2,"[8, 32, 432, 8, 8, 0, 0, 0, 0, 0, 0, 0, 0, 0, 0, 0, 0, 0, 0, 0, 0, 0, 0, 0, 0, 0, 0, 0, 0, 0]",1728,128,884736.0,21233664.0,5852453904,5852466522,5896132576,5896173280,0,1536,1536,371085,1,12618,40704,32,128,128,3
205,2,"[8, 32, 432, 8, 8, 0, 0, 0, 0, 0, 0, 0, 0, 0, 0, 0, 0, 0, 0, 0, 0, 0, 0, 0, 0, 0, 0, 0, 0, 0]",432,512,7077888.0,35389440.0,5852602201,5852617315,5896174816,5896253408,800,18432,18432,371084,1,15114,78592,32,128,128,3
203,2,"[32, 432, 8, 8, 432, 8, 8, 1, 1, 0, 0, 1, 1, 1, 1, 1, 8, 0, 0, 0, 0, 0, 0, 0, 0, 0, 0, 0, 0, 0]",3456,256,0.0,0.0,5852943666,5853123254,5896271840,5900493874,20740,91038,58688,371083,3,38701,4189684,32,128,128,3
152,2,"[8, 32, 432, 8, 8, 0, 0, 0, 0, 0, 0, 0, 0, 0, 0, 0, 0, 0, 0, 0, 0, 0, 0, 0, 0, 0, 0, 0, 0, 0]",1728,128,884736.0,21233664.0,5853306518,5853318268,5900552562,5900598802,0,1024,1024,371082,1,11750,46240,32,128,128,3
205,2,"[8, 32, 432, 8, 8, 0, 0, 0, 0, 0, 0, 0, 0, 0, 0, 0, 0, 0, 0, 0, 0, 0, 0, 0, 0, 0, 0, 0, 0, 0]",432,512,7077888.0,35389440.0,5853454282,5853468409,5900599826,5900675026,800,20064,20064,371080,1,14127,75200,32,128,128,3
203,2,"[32, 432, 8, 8, 432, 8, 8, 1, 1, 0, 0, 1, 1, 1, 1, 1, 8, 0, 0, 0, 0, 0, 0, 0, 0, 0, 0, 0, 0, 0]",3456,256,0.0,0.0,5853783892,5853967370,5900695090,5904918117,20740,38591,16703,371079,3,36545,4201139,32,128,128,3
152,2,"[8, 32, 432, 8, 8, 0, 0, 0, 0, 0, 0, 0, 0, 0, 0, 0, 0, 0, 0, 0, 0, 0, 0, 0, 0, 0, 0, 0, 0, 0]",1728,128,884736.0,21233664.0,5854111681,5854124209,5904934820,5904980996,0,2272,2272,371078,1,12528,46176,32,128,128,3
205,2,"[8, 32, 432, 8, 8, 0, 0, 0, 0, 0, 0, 0, 0, 0, 0, 0, 0, 0, 0, 0, 0, 0, 0, 0, 0, 0, 0, 0, 0, 0]",432,512,7077888.0,35389440.0,5854242604,5854276861,5904983268,5905057028,800,20800,20800,371077,1,34257,73760,32,128,128,3
203,2,"[32, 432, 8, 8, 432, 8, 8, 3, 3, 1, 1, 1, 1, 1, 1, 9, 8, 0, 0, 0, 0, 0, 0, 0, 0, 0, 0, 0, 0, 0]",1536,256,0.0,0.0,5854548213,5855082278,5905077828,5909475254,6400,-12736983,29024,371076,27,224198,17163433,32,128,128,3
152,2,"[8, 32, 432, 8, 8, 0, 0, 0, 0, 0, 0, 0, 0, 0, 0, 0, 0, 0, 0, 0, 0, 0, 0, 0, 0, 0, 0, 0, 0, 0]",1728,128,884736.0,21233664.0,5855265068,5855277643,5909504278,5909548502,0,2528,2528,371075,1,12575,44224,32,128,128,3
205,2,"[8, 32, 432, 8, 8, 0, 0, 0, 0, 0, 0, 0, 0, 0, 0, 0, 0, 0, 0, 0, 0, 0, 0, 0, 0, 0, 0, 0, 0, 0]",432,512,7077888.0,35389440.0,5855392754,5855407139,5909551030,5909628854,800,22656,22656,371074,1,14385,77824,32,128,128,3
203,2,"[32, 432, 8, 8, 432, 8, 8, 1, 1, 0, 0, 1, 1, 1, 1, 1, 8, 0, 0, 0, 0, 0, 0, 0, 0, 0, 0, 0, 0, 0]",3456,256,0.0,0.0,5855750649,5855965307,5909651510,5913867816,20740,85312,60864,371073,3,41875,4191858,32,128,128,3
152,2,"[8, 32, 432, 8, 8, 0, 0, 0, 0, 0, 0, 0, 0, 0, 0, 0, 0, 0, 0, 0, 0, 0, 0, 0, 0, 0, 0, 0, 0, 0]",1728,128,884736.0,21233664.0,5856207736,5856220883,5913928680,5913968552,0,2688,2688,371072,1,13147,39872,32,128,128,3
205,2,"[8, 32, 432, 8, 8, 0, 0, 0, 0, 0, 0, 0, 0, 0, 0, 0, 0, 0, 0, 0, 0, 0, 0, 0, 0, 0, 0, 0, 0, 0]",432,512,7077888.0,35389440.0,5856372717,5856389574,5913971240,5914048424,800,18496,18496,371070,1,16857,77184,32,128,128,3
203,2,"[32, 432, 8, 8, 432, 8, 8, 1, 1, 0, 0, 1, 1, 1, 1, 1, 8, 0, 0, 0, 0, 0, 0, 0, 0, 0, 0, 0, 0, 0]",3456,256,0.0,0.0,5856733788,5856872179,5914066920,5918295962,20740,42624,14432,371069,3,30650,4200850,32,128,128,3
152,2,"[8, 32, 432, 8, 8, 0, 0, 0, 0, 0, 0, 0, 0, 0, 0, 0, 0, 0, 0, 0, 0, 0, 0, 0, 0, 0, 0, 0, 0, 0]",1728,128,884736.0,21233664.0,5856982238,5856991367,5918310394,5918354618,0,960,960,371068,1,9129,44224,32,128,128,3
205,2,"[8, 32, 432, 8, 8, 0, 0, 0, 0, 0, 0, 0, 0, 0, 0, 0, 0, 0, 0, 0, 0, 0, 0, 0, 0, 0, 0, 0, 0, 0]",432,512,7077888.0,35389440.0,5857073438,5857083420,5918355578,5918432602,800,18144,18144,371067,1,9982,77024,32,128,128,3
203,2,"[32, 432, 8, 8, 432, 8, 8, 3, 3, 1, 1, 1, 1, 1, 1, 9, 8, 0, 0, 0, 0, 0, 0, 0, 0, 0, 0, 0, 0, 0]",1536,256,0.0,0.0,5857271968,5857665654,5918450746,5922856844,6400,-12754965,30720,371066,27,175354,17191783,32,128,128,3
152,2,"[8, 32, 432, 8, 8, 0, 0, 0, 0, 0, 0, 0, 0, 0, 0, 0, 0, 0, 0, 0, 0, 0, 0, 0, 0, 0, 0, 0, 0, 0]",1728,128,884736.0,21233664.0,5857793043,5857802087,5922887564,5922930572,0,2048,2048,371065,1,9044,43008,32,128,128,3
205,2,"[8, 32, 432, 8, 8, 0, 0, 0, 0, 0, 0, 0, 0, 0, 0, 0, 0, 0, 0, 0, 0, 0, 0, 0, 0, 0, 0, 0, 0, 0]",432,512,7077888.0,35389440.0,5857883095,5857893011,5922932620,5923006348,800,23904,23904,371064,1,9916,73728,32,128,128,3
203,2,"[32, 432, 8, 8, 432, 8, 8, 1, 1, 0, 0, 1, 1, 1, 1, 1, 8, 0, 0, 0, 0, 0, 0, 0, 0, 0, 0, 0, 0, 0]",3456,256,0.0,0.0,5858117822,5858239874,5923030252,5927249022,20740,82302,60128,371063,3,26186,4196596,32,128,128,3
152,2,"[8, 32, 432, 8, 8, 0, 0, 0, 0, 0, 0, 0, 0, 0, 0, 0, 0, 0, 0, 0, 0, 0, 0, 0, 0, 0, 0, 0, 0, 0]",1728,128,884736.0,21233664.0,5858396409,5858420694,5927309150,5927350142,0,3584,3584,371062,1,24285,40992,32,128,128,3
205,2,"[8, 32, 432, 8, 8, 0, 0, 0, 0, 0, 0, 0, 0, 0, 0, 0, 0, 0, 0, 0, 0, 0, 0, 0, 0, 0, 0, 0, 0, 0]",432,512,7077888.0,35389440.0,5858516040,5858526150,5927353726,5927430014,800,20000,20000,371060,1,10110,76288,32,128,128,3
203,2,"[32, 432, 8, 8, 432, 8, 8, 1, 1, 0, 0, 1, 1, 1, 1, 1, 8, 0, 0, 0, 0, 0, 0, 0, 0, 0, 0, 0, 0, 0]",3456,256,0.0,0.0,5858748287,5858869971,5927450014,5931669008,20740,38048,14304,371059,3,26585,4195250,32,128,128,3
152,2,"[8, 32, 432, 8, 8, 0, 0, 0, 0, 0, 0, 0, 0, 0, 0, 0, 0, 0, 0, 0, 0, 0, 0, 0, 0, 0, 0, 0, 0, 0]",1728,128,884736.0,21233664.0,5858971420,5858980509,5931683312,5931728752,0,2016,2016,371058,1,9089,45440,32,128,128,3
205,2,"[8, 32, 432, 8, 8, 0, 0, 0, 0, 0, 0, 0, 0, 0, 0, 0, 0, 0, 0, 0, 0, 0, 0, 0, 0, 0, 0, 0, 0, 0]",432,512,7077888.0,35389440.0,5859060612,5859070220,5931730768,5931804528,800,22080,22080,371057,1,9608,73760,32,128,128,3
203,2,"[32, 432, 8, 8, 432, 8, 8, 3, 3, 1, 1, 1, 1, 1, 1, 9, 8, 0, 0, 0, 0, 0, 0, 0, 0, 0, 0, 0, 0, 0]",1536,256,0.0,0.0,5859255927,5859643056,5931826608,5936226146,6400,-12777401,31264,371056,27,160509,17208203,32,128,128,3
152,2,"[8, 32, 432, 8, 8, 0, 0, 0, 0, 0, 0, 0, 0, 0, 0, 0, 0, 0, 0, 0, 0, 0, 0, 0, 0, 0, 0, 0, 0, 0]",1728,128,884736.0,21233664.0,5859769810,5859779127,5936257410,5936301922,0,2048,2048,371055,1,9317,44512,32,128,128,3
205,2,"[8, 32, 432, 8, 8, 0, 0, 0, 0, 0, 0, 0, 0, 0, 0, 0, 0, 0, 0, 0, 0, 0, 0, 0, 0, 0, 0, 0, 0, 0]",432,512,7077888.0,35389440.0,5859860497,5859870901,5936303970,5936377570,800,18208,18208,371054,1,10404,73600,32,128,128,3
203,2,"[32, 432, 8, 8, 432, 8, 8, 1, 1, 0, 0, 1, 1, 1, 1, 1, 8, 0, 0, 0, 0, 0, 0, 0, 0, 0, 0, 0, 0, 0]",3456,256,0.0,0.0,5860092522,5860214937,5936395778,5940612596,20740,78944,57952,371053,3,26615,4195826,32,128,128,3
152,2,"[8, 32, 432, 8, 8, 0, 0, 0, 0, 0, 0, 0, 0, 0, 0, 0, 0, 0, 0, 0, 0, 0, 0, 0, 0, 0, 0, 0, 0, 0]",1728,128,884736.0,21233664.0,5860358200,5860366902,5940670548,5940715188,0,2560,2560,371052,1,8702,44640,32,128,128,3
205,2,"[8, 32, 432, 8, 8, 0, 0, 0, 0, 0, 0, 0, 0, 0, 0, 0, 0, 0, 0, 0, 0, 0, 0, 0, 0, 0, 0, 0, 0, 0]",432,512,7077888.0,35389440.0,5860463515,5860473757,5940717748,5940791124,800,18144,18144,371050,1,10242,73376,32,128,128,3
203,2,"[32, 432, 8, 8, 432, 8, 8, 1, 1, 0, 0, 1, 1, 1, 1, 1, 8, 0, 0, 0, 0, 0, 0, 0, 0, 0, 0, 0, 0, 0]",3456,256,0.0,0.0,5860705583,5860826552,5940809268,5945025607,20740,40512,15744,371049,3,25726,4191571,32,128,128,3
152,2,"[8, 32, 432, 8, 8, 0, 0, 0, 0, 0, 0, 0, 0, 0, 0, 0, 0, 0, 0, 0, 0, 0, 0, 0, 0, 0, 0, 0, 0, 0]",1728,128,884736.0,21233664.0,5860927725,5860935892,5945041351,5945083110,0,1025,1025,371048,1,8167,41759,32,128,128,3
205,2,"[8, 32, 432, 8, 8, 0, 0, 0, 0, 0, 0, 0, 0, 0, 0, 0, 0, 0, 0, 0, 0, 0, 0, 0, 0, 0, 0, 0, 0, 0]",432,512,7077888.0,35389440.0,5861014700,5861024803,5945084135,5945161542,800,19456,19456,371047,1,10103,77407,32,128,128,3
203,2,"[32, 432, 8, 8, 432, 8, 8, 3, 3, 1, 1, 1, 1, 1, 1, 9, 8, 0, 0, 0, 0, 0, 0, 0, 0, 0, 0, 0, 0, 0]",1536,256,0.0,0.0,5861208206,5861582809,5945180998,5949697848,6400,-11798778,29888,371046,27,159230,16345516,32,128,128,3
152,2,"[8, 32, 432, 8, 8, 0, 0, 0, 0, 0, 0, 0, 0, 0, 0, 0, 0, 0, 0, 0, 0, 0, 0, 0, 0, 0, 0, 0, 0, 0]",1728,128,884736.0,21233664.0,5861720482,5861729854,5949727736,5949767480,0,2624,2624,371045,1,9372,39744,32,128,128,3
205,2,"[8, 32, 432, 8, 8, 0, 0, 0, 0, 0, 0, 0, 0, 0, 0, 0, 0, 0, 0, 0, 0, 0, 0, 0, 0, 0, 0, 0, 0, 0]",432,512,7077888.0,35389440.0,5861812898,5861822949,5949770104,5949843256,800,18431,18431,371044,1,10051,73152,32,128,128,3
203,2,"[32, 432, 8, 8, 432, 8, 8, 1, 1, 0, 0, 1, 1, 1, 1, 1, 8, 0, 0, 0, 0, 0, 0, 0, 0, 0, 0, 0, 0, 0]",3456,256,0.0,0.0,5862044767,5862166854,5949861687,5954078506,20740,83232,60896,371043,3,25710,4194483,32,128,128,3
152,2,"[8, 32, 432, 8, 8, 0, 0, 0, 0, 0, 0, 0, 0, 0, 0, 0, 0, 0, 0, 0, 0, 0, 0, 0, 0, 0, 0, 0, 0, 0]",1728,128,884736.0,21233664.0,5862293699,5862302144,5954139402,5954180746,0,1568,1568,371042,1,8445,41344,32,128,128,3
205,2,"[8, 32, 432, 8, 8, 0, 0, 0, 0, 0, 0, 0, 0, 0, 0, 0, 0, 0, 0, 0, 0, 0, 0, 0, 0, 0, 0, 0, 0, 0]",432,512,7077888.0,35389440.0,5862395704,5862406626,5954182314,5954254634,800,28640,28640,371040,1,10922,72320,32,128,128,3
203,2,"[32, 432, 8, 8, 432, 8, 8, 1, 1, 0, 0, 1, 1, 1, 1, 1, 8, 0, 0, 0, 0, 0, 0, 0, 0, 0, 0, 0, 0, 0]",3456,256,0.0,0.0,5862624697,5862743168,5954283274,5958497628,20740,38528,16096,371039,3,25957,4191922,32,128,128,3
152,2,"[8, 32, 432, 8, 8, 0, 0, 0, 0, 0, 0, 0, 0, 0, 0, 0, 0, 0, 0, 0, 0, 0, 0, 0, 0, 0, 0, 0, 0, 0]",1728,128,884736.0,21233664.0,5862852177,5862861167,5958513724,5958557404,0,1952,1952,371038,1,8990,43680,32,128,128,3
205,2,"[8, 32, 432, 8, 8, 0, 0, 0, 0, 0, 0, 0, 0, 0, 0, 0, 0, 0, 0, 0, 0, 0, 0, 0, 0, 0, 0, 0, 0, 0]",432,512,7077888.0,35389440.0,5862942191,5862951838,5958559356,5958632956,800,22304,22304,371037,1,9647,73600,32,128,128,3
203,2,"[32, 432, 8, 8, 432, 8, 8, 3, 3, 1, 1, 1, 1, 1, 1, 9, 8, 0, 0, 0, 0, 0, 0, 0, 0, 0, 0, 0, 0, 0]",1536,256,0.0,0.0,5863134878,5863507489,5958655260,5963073294,6400,-12721559,30848,371036,27,158392,17170441,32,128,128,3
152,2,"[8, 32, 432, 8, 8, 0, 0, 0, 0, 0, 0, 0, 0, 0, 0, 0, 0, 0, 0, 0, 0, 0, 0, 0, 0, 0, 0, 0, 0, 0]",1728,128,884736.0,21233664.0,5863632626,5863641128,5963104142,5963149070,0,2048,2048,371035,1,8502,44928,32,128,128,3
205,2,"[8, 32, 432, 8, 8, 0, 0, 0, 0, 0, 0, 0, 0, 0, 0, 0, 0, 0, 0, 0, 0, 0, 0, 0, 0, 0, 0, 0, 0, 0]",432,512,7077888.0,35389440.0,5863723033,5863733137,5963151118,5963228941,800,24576,24576,371034,1,10104,77823,32,128,128,3
203,2,"[32, 432, 8, 8, 432, 8, 8, 1, 1, 0, 0, 1, 1, 1, 1, 1, 8, 0, 0, 0, 0, 0, 0, 0, 0, 0, 0, 0, 0, 0]",3456,256,0.0,0.0,5863963283,5864103317,5963253517,5967472384,20740,81824,59360,371033,3,28801,4196403,32,128,128,3
152,2,"[8, 32, 432, 8, 8, 0, 0, 0, 0, 0, 0, 0, 0, 0, 0, 0, 0, 0, 0, 0, 0, 0, 0, 0, 0, 0, 0, 0, 0, 0]",1728,128,884736.0,21233664.0,5864293241,5864326209,5967531744,5967576544,0,2336,2336,371032,1,32968,44800,32,128,128,3
205,2,"[8, 32, 432, 8, 8, 0, 0, 0, 0, 0, 0, 0, 0, 0, 0, 0, 0, 0, 0, 0, 0, 0, 0, 0, 0, 0, 0, 0, 0, 0]",432,512,7077888.0,35389440.0,5864469875,5864485138,5967578880,5967652383,800,16896,16896,371030,1,15263,73503,32,128,128,3
203,2,"[32, 432, 8, 8, 432, 8, 8, 1, 1, 0, 0, 1, 1, 1, 1, 1, 8, 0, 0, 0, 0, 0, 0, 0, 0, 0, 0, 0, 0, 0]",3456,256,0.0,0.0,5864836086,5865024195,5967669279,5971887858,20740,38304,15840,371029,3,40948,4196115,32,128,128,3
152,2,"[8, 32, 432, 8, 8, 0, 0, 0, 0, 0, 0, 0, 0, 0, 0, 0, 0, 0, 0, 0, 0, 0, 0, 0, 0, 0, 0, 0, 0, 0]",1728,128,884736.0,21233664.0,5865163915,5865174288,5971903698,5971950578,0,1088,1088,371028,1,10373,46880,32,128,128,3
205,2,"[8, 32, 432, 8, 8, 0, 0, 0, 0, 0, 0, 0, 0, 0, 0, 0, 0, 0, 0, 0, 0, 0, 0, 0, 0, 0, 0, 0, 0, 0]",432,512,7077888.0,35389440.0,5865262612,5865273005,5971951666,5972026162,800,20864,20864,371027,1,10393,74496,32,128,128,3
203,2,"[32, 432, 8, 8, 432, 8, 8, 3, 3, 1, 1, 1, 1, 1, 1, 9, 8, 0, 0, 0, 0, 0, 0, 0, 0, 0, 0, 0, 0, 0]",1536,256,0.0,0.0,5865484079,5865865488,5972047026,5976449924,6400,-12728377,31584,371026,27,163181,17162859,32,128,128,3
152,2,"[8, 32, 432, 8, 8, 0, 0, 0, 0, 0, 0, 0, 0, 0, 0, 0, 0, 0, 0, 0, 0, 0, 0, 0, 0, 0, 0, 0, 0, 0]",1728,128,884736.0,21233664.0,5865995094,5866004113,5976481508,5976526564,0,2048,2048,371025,1,9019,45056,32,128,128,3
205,2,"[8, 32, 432, 8, 8, 0, 0, 0, 0, 0, 0, 0, 0, 0, 0, 0, 0, 0, 0, 0, 0, 0, 0, 0, 0, 0, 0, 0, 0, 0]",432,512,7077888.0,35389440.0,5866084860,5866106616,5976528612,5976606051,800,18624,18624,371024,1,21756,77439,32,128,128,3
203,2,"[32, 432, 8, 8, 432, 8, 8, 1, 1, 0, 0, 1, 1, 1, 1, 1, 8, 0, 0, 0, 0, 0, 0, 0, 0, 0, 0, 0, 0, 0]",3456,256,0.0,0.0,5866271536,5866373929,5976624675,5980841046,20740,78144,56000,371023,3,21058,4194227,32,128,128,3
152,2,"[8, 32, 432, 8, 8, 0, 0, 0, 0, 0, 0, 0, 0, 0, 0, 0, 0, 0, 0, 0, 0, 0, 0, 0, 0, 0, 0, 0, 0, 0]",1728,128,884736.0,21233664.0,5866470572,5866476637,5980897046,5980937942,0,2048,2048,371022,1,6065,40896,32,128,128,3
205,2,"[8, 32, 432, 8, 8, 0, 0, 0, 0, 0, 0, 0, 0, 0, 0, 0, 0, 0, 0, 0, 0, 0, 0, 0, 0, 0, 0, 0, 0, 0]",432,512,7077888.0,35389440.0,5866544693,5866552079,5980939990,5981013718,800,18719,18719,371020,1,7386,73728,32,128,128,3
203,2,"[32, 432, 8, 8, 432, 8, 8, 1, 1, 0, 0, 1, 1, 1, 1, 1, 8, 0, 0, 0, 0, 0, 0, 0, 0, 0, 0, 0, 0, 0]",3456,256,0.0,0.0,5866707715,5866797303,5981032437,5985248968,20740,39326,14752,371019,3,19970,4191957,32,128,128,3
152,2,"[8, 32, 432, 8, 8, 0, 0, 0, 0, 0, 0, 0, 0, 0, 0, 0, 0, 0, 0, 0, 0, 0, 0, 0, 0, 0, 0, 0, 0, 0]",1728,128,884736.0,21233664.0,5866872671,5866879574,5985263720,5985306312,0,2016,2016,371018,1,6903,42592,32,128,128,3
205,2,"[8, 32, 432, 8, 8, 0, 0, 0, 0, 0, 0, 0, 0, 0, 0, 0, 0, 0, 0, 0, 0, 0, 0, 0, 0, 0, 0, 0, 0, 0]",432,512,7077888.0,35389440.0,5866940562,5866948165,5985308328,5985389576,800,21056,21056,371017,1,7603,81248,32,128,128,3
203,2,"[32, 432, 8, 8, 432, 8, 8, 3, 3, 1, 1, 1, 1, 1, 1, 9, 8, 0, 0, 0, 0, 0, 0, 0, 0, 0, 0, 0, 0, 0]",1536,256,0.0,0.0,5867077785,5867368551,5985410632,5989818042,6400,-12174266,28640,371016,27,129965,16610316,32,128,128,3
152,2,"[8, 32, 432, 8, 8, 0, 0, 0, 0, 0, 0, 0, 0, 0, 0, 0, 0, 0, 0, 0, 0, 0, 0, 0, 0, 0, 0, 0, 0, 0]",1728,128,884736.0,21233664.0,5867466287,5867472386,5989846682,5989887578,0,1888,1888,371015,1,6099,40896,32,128,128,3
205,2,"[8, 32, 432, 8, 8, 0, 0, 0, 0, 0, 0, 0, 0, 0, 0, 0, 0, 0, 0, 0, 0, 0, 0, 0, 0, 0, 0, 0, 0, 0]",432,512,7077888.0,35389440.0,5867532008,5867538761,5989889466,5989965497,800,18624,18624,371014,1,6753,76031,32,128,128,3
203,2,"[32, 432, 8, 8, 432, 8, 8, 1, 1, 0, 0, 1, 1, 1, 1, 1, 8, 0, 0, 0, 0, 0, 0, 0, 0, 0, 0, 0, 0, 0]",3456,256,0.0,0.0,5867696191,5867785067,5989984121,5994200108,20740,81728,59168,371013,3,18558,4193427,32,128,128,3
152,2,"[8, 32, 432, 8, 8, 0, 0, 0, 0, 0, 0, 0, 0, 0, 0, 0, 0, 0, 0, 0, 0, 0, 0, 0, 0, 0, 0, 0, 0, 0]",1728,128,884736.0,21233664.0,5867878442,5867884642,5994259276,5994301100,0,3552,3552,371012,1,6200,41824,32,128,128,3
205,2,"[8, 32, 432, 8, 8, 0, 0, 0, 0, 0, 0, 0, 0, 0, 0, 0, 0, 0, 0, 0, 0, 0, 0, 0, 0, 0, 0, 0, 0, 0]",432,512,7077888.0,35389440.0,5867962408,5867969625,5994304652,5994380972,800,17856,17856,371010,1,7217,76320,32,128,128,3
203,2,"[32, 432, 8, 8, 432, 8, 8, 1, 1, 0, 0, 1, 1, 1, 1, 1, 8, 0, 0, 0, 0, 0, 0, 0, 0, 0, 0, 0, 0, 0]",3456,256,0.0,0.0,5868144153,5868232333,5994398828,5998616222,20740,37952,16544,371009,3,19060,4195986,32,128,128,3
152,2,"[8, 32, 432, 8, 8, 0, 0, 0, 0, 0, 0, 0, 0, 0, 0, 0, 0, 0, 0, 0, 0, 0, 0, 0, 0, 0, 0, 0, 0, 0]",1728,128,884736.0,21233664.0,5868316228,5868323033,5998632766,5998679070,0,1024,1024,371008,1,6805,46304,32,128,128,3
205,2,"[8, 32, 432, 8, 8, 0, 0, 0, 0, 0, 0, 0, 0, 0, 0, 0, 0, 0, 0, 0, 0, 0, 0, 0, 0, 0, 0, 0, 0, 0]",432,512,7077888.0,35389440.0,5868385407,5868392555,5998680094,5998755486,800,18400,18400,371007,1,7148,75392,32,128,128,3
203,2,"[32, 432, 8, 8, 432, 8, 8, 3, 3, 1, 1, 1, 1, 1, 1, 9, 8, 0, 0, 0, 0, 0, 0, 0, 0, 0, 0, 0, 0, 0]",1536,256,0.0,0.0,5868528532,5868814519,5998773886,6003175056,6400,-12112763,32736,371006,27,121413,16546669,32,128,128,3
152,2,"[8, 32, 432, 8, 8, 0, 0, 0, 0, 0, 0, 0, 0, 0, 0, 0, 0, 0, 0, 0, 0, 0, 0, 0, 0, 0, 0, 0, 0, 0]",1728,128,884736.0,21233664.0,5868908199,5868914796,6003207792,6003252720,0,1920,1920,371005,1,6597,44928,32,128,128,3
205,2,"[8, 32, 432, 8, 8, 0, 0, 0, 0, 0, 0, 0, 0, 0, 0, 0, 0, 0, 0, 0, 0, 0, 0, 0, 0, 0, 0, 0, 0, 0]",432,512,7077888.0,35389440.0,5868976895,5868984759,6003254640,6003327984,800,18112,18112,371004,1,7864,73344,32,128,128,3
203,2,"[32, 432, 8, 8, 432, 8, 8, 1, 1, 0, 0, 1, 1, 1, 1, 1, 8, 0, 0, 0, 0, 0, 0, 0, 0, 0, 0, 0, 0, 0]",3456,256,0.0,0.0,5869146467,5869235910,6003346096,6007563778,20740,86080,61536,371003,3,19583,4193138,32,128,128,3
152,2,"[8, 32, 432, 8, 8, 0, 0, 0, 0, 0, 0, 0, 0, 0, 0, 0, 0, 0, 0, 0, 0, 0, 0, 0, 0, 0, 0, 0, 0, 0]",1728,128,884736.0,21233664.0,5869329603,5869335675,6007625314,6007670274,0,2016,2016,371002,1,6072,44960,32,128,128,3
205,2,"[8, 32, 432, 8, 8, 0, 0, 0, 0, 0, 0, 0, 0, 0, 0, 0, 0, 0, 0, 0, 0, 0, 0, 0, 0, 0, 0, 0, 0, 0]",432,512,7077888.0,35389440.0,5869404364,5869411462,6007672290,6007748162,800,18464,18464,371000,1,7098,75872,32,128,128,3
203,2,"[32, 432, 8, 8, 432, 8, 8, 1, 1, 0, 0, 1, 1, 1, 1, 1, 8, 0, 0, 0, 0, 0, 0, 0, 0, 0, 0, 0, 0, 0]",3456,256,0.0,0.0,5869578618,5869666137,6007766626,6011986708,20740,37472,13120,370999,3,18489,4195730,32,128,128,3
152,2,"[8, 32, 432, 8, 8, 0, 0, 0, 0, 0, 0, 0, 0, 0, 0, 0, 0, 0, 0, 0, 0, 0, 0, 0, 0, 0, 0, 0, 0, 0]",1728,128,884736.0,21233664.0,5869741702,5869747670,6011999828,6012040820,0,2016,2016,370998,1,5968,40992,32,128,128,3
205,2,"[8, 32, 432, 8, 8, 0, 0, 0, 0, 0, 0, 0, 0, 0, 0, 0, 0, 0, 0, 0, 0, 0, 0, 0, 0, 0, 0, 0, 0, 0]",432,512,7077888.0,35389440.0,5869806116,5869813196,6012042836,6012117876,800,21216,21216,370997,1,7080,75040,32,128,128,3
203,2,"[32, 432, 8, 8, 432, 8, 8, 3, 3, 1, 1, 1, 1, 1, 1, 9, 8, 0, 0, 0, 0, 0, 0, 0, 0, 0, 0, 0, 0, 0]",1536,256,0.0,0.0,5869947622,5870220103,6012139092,6016527974,6400,-12114072,32032,370996,27,119124,16534986,32,128,128,3
152,2,"[8, 32, 432, 8, 8, 0, 0, 0, 0, 0, 0, 0, 0, 0, 0, 0, 0, 0, 0, 0, 0, 0, 0, 0, 0, 0, 0, 0, 0, 0]",1728,128,884736.0,21233664.0,5870313077,5870330821,6016560006,6016603750,0,5280,5280,370995,1,17744,43744,32,128,128,3
205,2,"[8, 32, 432, 8, 8, 0, 0, 0, 0, 0, 0, 0, 0, 0, 0, 0, 0, 0, 0, 0, 0, 0, 0, 0, 0, 0, 0, 0, 0, 0]",432,512,7077888.0,35389440.0,5870391429,5870398386,6016609030,6016681285,800,17953,17953,370994,1,6957,72255,32,128,128,3
203,2,"[32, 432, 8, 8, 432, 8, 8, 1, 1, 0, 0, 1, 1, 1, 1, 1, 8, 0, 0, 0, 0, 0, 0, 0, 0, 0, 0, 0, 0, 0]",3456,256,0.0,0.0,5870557363,5870645165,6016699238,6020920376,20740,86081,61440,370993,3,19167,4196497,32,128,128,3
152,2,"[8, 32, 432, 8, 8, 0, 0, 0, 0, 0, 0, 0, 0, 0, 0, 0, 0, 0, 0, 0, 0, 0, 0, 0, 0, 0, 0, 0, 0, 0]",1728,128,884736.0,21233664.0,5870738863,5870745502,6020981816,6021025368,0,2112,2112,370992,1,6639,43552,32,128,128,3
205,2,"[8, 32, 432, 8, 8, 0, 0, 0, 0, 0, 0, 0, 0, 0, 0, 0, 0, 0, 0, 0, 0, 0, 0, 0, 0, 0, 0, 0, 0, 0]",432,512,7077888.0,35389440.0,5870816626,5870824262,6021027480,6021103192,800,19872,19872,370990,1,7636,75712,32,128,128,3
203,2,"[32, 432, 8, 8, 432, 8, 8, 1, 1, 0, 0, 1, 1, 1, 1, 1, 8, 0, 0, 0, 0, 0, 0, 0, 0, 0, 0, 0, 0, 0]",3456,256,0.0,0.0,5870981870,5871068772,6021123064,6025343658,20740,37184,13248,370989,3,18502,4196658,32,128,128,3
152,2,"[8, 32, 432, 8, 8, 0, 0, 0, 0, 0, 0, 0, 0, 0, 0, 0, 0, 0, 0, 0, 0, 0, 0, 0, 0, 0, 0, 0, 0, 0]",1728,128,884736.0,21233664.0,5871142595,5871149403,6025356906,6025403530,0,544,544,370988,1,6808,46624,32,128,128,3
205,2,"[8, 32, 432, 8, 8, 0, 0, 0, 0, 0, 0, 0, 0, 0, 0, 0, 0, 0, 0, 0, 0, 0, 0, 0, 0, 0, 0, 0, 0, 0]",432,512,7077888.0,35389440.0,5871214185,5871221301,6025404074,6025477706,800,22368,22368,370987,1,7116,73632,32,128,128,3
203,2,"[32, 432, 8, 8, 432, 8, 8, 3, 3, 1, 1, 1, 1, 1, 1, 9, 8, 0, 0, 0, 0, 0, 0, 0, 0, 0, 0, 0, 0, 0]",1536,256,0.0,0.0,5871357776,5871626809,6025500074,6029893180,6400,-12544857,32288,370986,27,117618,16970251,32,128,128,3
152,2,"[8, 32, 432, 8, 8, 0, 0, 0, 0, 0, 0, 0, 0, 0, 0, 0, 0, 0, 0, 0, 0, 0, 0, 0, 0, 0, 0, 0, 0, 0]",1728,128,884736.0,21233664.0,5871718614,5871725508,6029925468,6029970140,0,2368,2368,370985,1,6894,44672,32,128,128,3
205,2,"[8, 32, 432, 8, 8, 0, 0, 0, 0, 0, 0, 0, 0, 0, 0, 0, 0, 0, 0, 0, 0, 0, 0, 0, 0, 0, 0, 0, 0, 0]",432,512,7077888.0,35389440.0,5871786514,5871793757,6029972508,6030048828,800,19776,19776,370984,1,7243,76320,32,128,128,3
203,2,"[32, 432, 8, 8, 432, 8, 8, 1, 1, 0, 0, 1, 1, 1, 1, 1, 8, 0, 0, 0, 0, 0, 0, 0, 0, 0, 0, 0, 0, 0]",3456,256,0.0,0.0,5871961250,5872057436,6030068604,6034285550,20740,79169,57568,370983,3,19612,4195345,32,128,128,3
152,2,"[8, 32, 432, 8, 8, 0, 0, 0, 0, 0, 0, 0, 0, 0, 0, 0, 0, 0, 0, 0, 0, 0, 0, 0, 0, 0, 0, 0, 0, 0]",1728,128,884736.0,21233664.0,5872153952,5872160771,6034343118,6034384270,0,9536,9536,370982,1,6819,41152,32,128,128,3
205,2,"[8, 32, 432, 8, 8, 0, 0, 0, 0, 0, 0, 0, 0, 0, 0, 0, 0, 0, 0, 0, 0, 0, 0, 0, 0, 0, 0, 0, 0, 0]",432,512,7077888.0,35389440.0,5872228772,5872235866,6034393806,6034467918,800,19360,19360,370980,1,7094,74112,32,128,128,3
203,2,"[32, 432, 8, 8, 432, 8, 8, 1, 1, 0, 0, 1, 1, 1, 1, 1, 8, 0, 0, 0, 0, 0, 0, 0, 0, 0, 0, 0, 0, 0]",3456,256,0.0,0.0,5872405495,5872495103,6034487278,6038709056,20740,39839,14912,370979,3,19662,4196851,32,128,128,3
152,2,"[8, 32, 432, 8, 8, 0, 0, 0, 0, 0, 0, 0, 0, 0, 0, 0, 0, 0, 0, 0, 0, 0, 0, 0, 0, 0, 0, 0, 0, 0]",1728,128,884736.0,21233664.0,5872570963,5872577572,6038723968,6038765088,0,2016,2016,370978,1,6609,41120,32,128,128,3
205,2,"[8, 32, 432, 8, 8, 0, 0, 0, 0, 0, 0, 0, 0, 0, 0, 0, 0, 0, 0, 0, 0, 0, 0, 0, 0, 0, 0, 0, 0, 0]",432,512,7077888.0,35389440.0,5872636144,5872643282,6038767104,6038839904,800,19904,19904,370977,1,7138,72800,32,128,128,3
203,2,"[32, 432, 8, 8, 432, 8, 8, 3, 3, 1, 1, 1, 1, 1, 1, 9, 8, 0, 0, 0, 0, 0, 0, 0, 0, 0, 0, 0, 0, 0]",1536,256,0.0,0.0,5872789176,5873058390,6038859808,6043243730,6400,-12503256,31008,370976,27,117075,16918186,32,128,128,3
152,2,"[8, 32, 432, 8, 8, 0, 0, 0, 0, 0, 0, 0, 0, 0, 0, 0, 0, 0, 0, 0, 0, 0, 0, 0, 0, 0, 0, 0, 0, 0]",1728,128,884736.0,21233664.0,5873151072,5873157770,6043274738,6043315602,0,2240,2240,370975,1,6698,40864,32,128,128,3
205,2,"[8, 32, 432, 8, 8, 0, 0, 0, 0, 0, 0, 0, 0, 0, 0, 0, 0, 0, 0, 0, 0, 0, 0, 0, 0, 0, 0, 0, 0, 0]",432,512,7077888.0,35389440.0,5873217273,5873224482,6043317842,6043391474,800,17440,17440,370974,1,7209,73632,32,128,128,3
203,2,"[32, 432, 8, 8, 432, 8, 8, 1, 1, 0, 0, 1, 1, 1, 1, 1, 8, 0, 0, 0, 0, 0, 0, 0, 0, 0, 0, 0, 0, 0]",3456,256,0.0,0.0,5873382163,5873471508,6043408914,6047620612,20740,80608,59136,370973,3,19789,4190226,32,128,128,3
152,2,"[8, 32, 432, 8, 8, 0, 0, 0, 0, 0, 0, 0, 0, 0, 0, 0, 0, 0, 0, 0, 0, 0, 0, 0, 0, 0, 0, 0, 0, 0]",1728,128,884736.0,21233664.0,5873578194,5873584220,6047679748,6047720964,0,2016,2016,370972,1,6026,41216,32,128,128,3
205,2,"[8, 32, 432, 8, 8, 0, 0, 0, 0, 0, 0, 0, 0, 0, 0, 0, 0, 0, 0, 0, 0, 0, 0, 0, 0, 0, 0, 0, 0, 0]",432,512,7077888.0,35389440.0,5873654134,5873661172,6047722980,6047794692,800,18496,18496,370970,1,7038,71712,32,128,128,3
203,2,"[32, 432, 8, 8, 432, 8, 8, 1, 1, 0, 0, 1, 1, 1, 1, 1, 8, 0, 0, 0, 0, 0, 0, 0, 0, 0, 0, 0, 0, 0]",3456,256,0.0,0.0,5873817408,5873903433,6047813188,6052034039,20740,39871,14303,370969,3,18513,4195283,32,128,128,3
152,2,"[8, 32, 432, 8, 8, 0, 0, 0, 0, 0, 0, 0, 0, 0, 0, 0, 0, 0, 0, 0, 0, 0, 0, 0, 0, 0, 0, 0, 0, 0]",1728,128,884736.0,21233664.0,5873976265,5873982455,6052048342,6052089334,0,2016,2016,370968,1,6190,40992,32,128,128,3
205,2,"[8, 32, 432, 8, 8, 0, 0, 0, 0, 0, 0, 0, 0, 0, 0, 0, 0, 0, 0, 0, 0, 0, 0, 0, 0, 0, 0, 0, 0, 0]",432,512,7077888.0,35389440.0,5874039933,5874048001,6052091350,6052168918,800,18400,18400,370967,1,8068,77568,32,128,128,3
203,2,"[32, 432, 8, 8, 432, 8, 8, 3, 3, 1, 1, 1, 1, 1, 1, 9, 8, 0, 0, 0, 0, 0, 0, 0, 0, 0, 0, 0, 0, 0]",1536,256,0.0,0.0,5874182610,5874464836,6052187318,6056568296,6400,-12137560,32736,370966,27,122670,16551274,32,128,128,3
152,2,"[8, 32, 432, 8, 8, 0, 0, 0, 0, 0, 0, 0, 0, 0, 0, 0, 0, 0, 0, 0, 0, 0, 0, 0, 0, 0, 0, 0, 0, 0]",1728,128,884736.0,21233664.0,5874556216,5874562865,6056601032,6056641640,0,1888,1888,370965,1,6649,40608,32,128,128,3
205,2,"[8, 32, 432, 8, 8, 0, 0, 0, 0, 0, 0, 0, 0, 0, 0, 0, 0, 0, 0, 0, 0, 0, 0, 0, 0, 0, 0, 0, 0, 0]",432,512,7077888.0,35389440.0,5874622770,5874630304,6056643528,6056717128,800,18080,18080,370964,1,7534,73600,32,128,128,3
203,2,"[32, 432, 8, 8, 432, 8, 8, 1, 1, 0, 0, 1, 1, 1, 1, 1, 8, 0, 0, 0, 0, 0, 0, 0, 0, 0, 0, 0, 0, 0]",3456,256,0.0,0.0,5874790009,5874878836,6056735208,6060952891,20740,83423,56895,370963,3,19008,4191155,32,128,128,3
152,2,"[8, 32, 432, 8, 8, 0, 0, 0, 0, 0, 0, 0, 0, 0, 0, 0, 0, 0, 0, 0, 0, 0, 0, 0, 0, 0, 0, 0, 0, 0]",1728,128,884736.0,21233664.0,5874972502,5874978604,6061009786,6061051226,0,1824,1824,370962,1,6102,41440,32,128,128,3
205,2,"[8, 32, 432, 8, 8, 0, 0, 0, 0, 0, 0, 0, 0, 0, 0, 0, 0, 0, 0, 0, 0, 0, 0, 0, 0, 0, 0, 0, 0, 0]",432,512,7077888.0,35389440.0,5875048071,5875055263,6061053050,6061126650,800,18816,18816,370960,1,7192,73600,32,128,128,3
203,2,"[32, 432, 8, 8, 432, 8, 8, 1, 1, 0, 0, 1, 1, 1, 1, 1, 8, 0, 0, 0, 0, 0, 0, 0, 0, 0, 0, 0, 0, 0]",3456,256,0.0,0.0,5875221923,5875309378,6061145466,6065368525,20740,43616,16416,370959,3,19174,4195859,32,128,128,3
152,2,"[8, 32, 432, 8, 8, 0, 0, 0, 0, 0, 0, 0, 0, 0, 0, 0, 0, 0, 0, 0, 0, 0, 0, 0, 0, 0, 0, 0, 0, 0]",1728,128,884736.0,21233664.0,5875383765,5875390343,6065384941,6065429965,0,3295,3295,370958,1,6578,45024,32,128,128,3
205,2,"[8, 32, 432, 8, 8, 0, 0, 0, 0, 0, 0, 0, 0, 0, 0, 0, 0, 0, 0, 0, 0, 0, 0, 0, 0, 0, 0, 0, 0, 0]",432,512,7077888.0,35389440.0,5875449358,5875456488,6065433260,6065507692,800,18528,18528,370957,1,7130,74432,32,128,128,3
203,2,"[32, 432, 16, 16, 432, 8, 8, 3, 3, 1, 1, 2, 2, 1, 1, 9, 8, 0, 0, 0, 0, 0, 0, 0, 0, 0, 0, 0, 0, 0]",1536,256,84934656.0,4098048.0,5875592903,5875876559,6065526220,6071553497,10496,-3300471,28448,370956,27,131512,9356196,32,128,128,3
152,2,"[8, 32, 432, 16, 16, 0, 0, 0, 0, 0, 0, 0, 0, 0, 0, 0, 0, 0, 0, 0, 0, 0, 0, 0, 0, 0, 0, 0, 0, 0]",6912,128,3538944.0,84934656.0,5875970610,5875989005,6071581945,6071741881,0,1280,1280,370955,1,18395,159936,32,128,128,3
205,2,"[8, 32, 432, 16, 16, 0, 0, 0, 0, 0, 0, 0, 0, 0, 0, 0, 0, 0, 0, 0, 0, 0, 0, 0, 0, 0, 0, 0, 0, 0]",432,512,28311552.0,141557760.0,5876037797,5876043637,6071743161,6072030648,800,15840,15840,370954,1,5840,287487,32,128,128,3
203,2,"[32, 192, 16, 16, 432, 16, 16, 1, 1, 0, 0, 1, 1, 1, 1, 1, 8, 0, 0, 0, 0, 0, 0, 0, 0, 0, 0, 0, 0, 0]",6144,256,1358954496.0,41558016.0,5876141903,5876207767,6072046488,6078343684,18688,27872,13184,370953,3,15136,6282508,32,128,128,3
205,2,"[8, 32, 432, 8, 8, 0, 0, 0, 0, 0, 0, 0, 0, 0, 0, 0, 0, 0, 0, 0, 0, 0, 0, 0, 0, 0, 0, 0, 0, 0]",432,512,7077888.0,35389440.0,5876286429,5876291639,6078356868,6078436772,800,15488,15488,370952,1,5210,79904,32,128,128,3
203,2,"[32, 192, 16, 16, 432, 8, 8, 1, 1, 0, 0, 2, 2, 1, 1, 1, 8, 0, 0, 0, 0, 0, 0, 0, 0, 0, 0, 0, 0, 0]",6144,256,339738624.0,20324352.0,5876398685,5876469115,6078452260,6080591133,12548,115007,92192,370951,3,16569,2116058,32,128,128,3
152,2,"[8, 32, 192, 16, 16, 0, 0, 0, 0, 0, 0, 0, 0, 0, 0, 0, 0, 0, 0, 0, 0, 0, 0, 0, 0, 0, 0, 0, 0, 0]",3072,128,1572864.0,37748736.0,5876541758,5876546483,6080683325,6080757020,0,11936,11936,370950,1,4725,73695,32,128,128,3
205,2,"[8, 32, 192, 16, 16, 0, 0, 0, 0, 0, 0, 0, 0, 0, 0, 0, 0, 0, 0, 0, 0, 0, 0, 0, 0, 0, 0, 0, 0, 0]",192,512,12582912.0,62914560.0,5876606349,5876612442,6080768956,6080899836,800,14976,14976,370948,1,6093,130880,32,128,128,3
203,2,"[32, 192, 16, 16, 192, 16, 16, 1, 1, 0, 0, 1, 1, 1, 1, 1, 8, 0, 0, 0, 0, 0, 0, 0, 0, 0, 0, 0, 0, 0]",6144,256,603979776.0,25460736.0,5876711179,5876780564,6080914812,6085520749,20736,20608,9504,370947,3,18541,4594833,32,128,128,3
152,2,"[8, 32, 192, 16, 16, 0, 0, 0, 0, 0, 0, 0, 0, 0, 0, 0, 0, 0, 0, 0, 0, 0, 0, 0, 0, 0, 0, 0, 0, 0]",3072,128,1572864.0,37748736.0,5876839248,5876844045,6085530253,6085602413,0,2144,2144,370946,1,4797,72160,32,128,128,3
205,2,"[8, 32, 192, 16, 16, 0, 0, 0, 0, 0, 0, 0, 0, 0, 0, 0, 0, 0, 0, 0, 0, 0, 0, 0, 0, 0, 0, 0, 0, 0]",192,512,12582912.0,62914560.0,5876888916,5876894063,6085604557,6085733389,800,16768,16768,370945,1,5147,128832,32,128,128,3
203,2,"[32, 192, 16, 16, 192, 16, 16, 3, 3, 1, 1, 1, 1, 1, 1, 4, 8, 0, 0, 0, 0, 0, 0, 0, 0, 0, 0, 0, 0, 0]",1536,256,0.0,0.0,5876995819,5877118562,6085750157,6093454709,6400,-8476007,16383,370944,12,43098,16196942,32,128,128,3
152,2,"[8, 32, 192, 16, 16, 0, 0, 0, 0, 0, 0, 0, 0, 0, 0, 0, 0, 0, 0, 0, 0, 0, 0, 0, 0, 0, 0, 0, 0, 0]",3072,128,1572864.0,37748736.0,5877185339,5877190209,6093471092,6093541972,0,8064,8064,370943,1,4870,70880,32,128,128,3
205,2,"[8, 32, 192, 16, 16, 0, 0, 0, 0, 0, 0, 0, 0, 0, 0, 0, 0, 0, 0, 0, 0, 0, 0, 0, 0, 0, 0, 0, 0, 0]",192,512,12582912.0,62914560.0,5877235381,5877241222,6093550036,6093682036,800,15424,15424,370942,1,5841,132000,32,128,128,3
203,2,"[32, 192, 16, 16, 192, 16, 16, 1, 1, 0, 0, 1, 1, 1, 1, 1, 8, 0, 0, 0, 0, 0, 0, 0, 0, 0, 0, 0, 0, 0]",6144,256,603979776.0,25460736.0,5877348924,5877417391,6093697460,6098244966,20736,102431,91935,370941,3,17208,4537010,32,128,128,3
152,2,"[8, 32, 192, 16, 16, 0, 0, 0, 0, 0, 0, 0, 0, 0, 0, 0, 0, 0, 0, 0, 0, 0, 0, 0, 0, 0, 0, 0, 0, 0]",3072,128,1572864.0,37748736.0,5877494252,5877498998,6098336901,6098410213,0,6784,6784,370940,1,4746,73312,32,128,128,3
205,2,"[8, 32, 192, 16, 16, 0, 0, 0, 0, 0, 0, 0, 0, 0, 0, 0, 0, 0, 0, 0, 0, 0, 0, 0, 0, 0, 0, 0, 0, 0]",192,512,12582912.0,62914560.0,5877552024,5877557626,6098416997,6098547044,800,15712,15712,370938,1,5602,130047,32,128,128,3
203,2,"[32, 192, 16, 16, 192, 16, 16, 1, 1, 0, 0, 1, 1, 1, 1, 1, 8, 0, 0, 0, 0, 0, 0, 0, 0, 0, 0, 0, 0, 0]",6144,256,603979776.0,25460736.0,5877656376,5877718512,6098562756,6103046903,20736,22751,12927,370937,3,14156,4474323,32,128,128,3
152,2,"[8, 32, 192, 16, 16, 0, 0, 0, 0, 0, 0, 0, 0, 0, 0, 0, 0, 0, 0, 0, 0, 0, 0, 0, 0, 0, 0, 0, 0, 0]",3072,128,1572864.0,37748736.0,5877776829,5877781747,6103059830,6103130518,0,2176,2176,370936,1,4918,70688,32,128,128,3
205,2,"[8, 32, 192, 16, 16, 0, 0, 0, 0, 0, 0, 0, 0, 0, 0, 0, 0, 0, 0, 0, 0, 0, 0, 0, 0, 0, 0, 0, 0, 0]",192,512,12582912.0,62914560.0,5877825866,5877831507,6103132694,6103261622,800,18368,18368,370935,1,5641,128928,32,128,128,3
203,2,"[32, 192, 16, 16, 192, 16, 16, 3, 3, 1, 1, 1, 1, 1, 1, 4, 8, 0, 0, 0, 0, 0, 0, 0, 0, 0, 0, 0, 0, 0]",1536,256,0.0,0.0,5877932317,5878065790,6103279990,6110976381,6400,-8475908,20769,370934,12,53674,16193068,32,128,128,3
152,2,"[8, 32, 192, 16, 16, 0, 0, 0, 0, 0, 0, 0, 0, 0, 0, 0, 0, 0, 0, 0, 0, 0, 0, 0, 0, 0, 0, 0, 0, 0]",3072,128,1572864.0,37748736.0,5878133113,5878138634,6110997150,6111068861,0,6272,6272,370933,1,5521,71711,32,128,128,3
205,2,"[8, 32, 192, 16, 16, 0, 0, 0, 0, 0, 0, 0, 0, 0, 0, 0, 0, 0, 0, 0, 0, 0, 0, 0, 0, 0, 0, 0, 0, 0]",192,512,12582912.0,62914560.0,5878182766,5878188724,6111075133,6111206717,800,17888,17888,370932,1,5958,131584,32,128,128,3
203,2,"[32, 192, 16, 16, 192, 16, 16, 1, 1, 0, 0, 1, 1, 1, 1, 1, 8, 0, 0, 0, 0, 0, 0, 0, 0, 0, 0, 0, 0, 0]",6144,256,603979776.0,25460736.0,5878287921,5878351816,6111224605,6115814702,20736,99648,86464,370931,3,14829,4576913,32,128,128,3
152,2,"[8, 32, 192, 16, 16, 0, 0, 0, 0, 0, 0, 0, 0, 0, 0, 0, 0, 0, 0, 0, 0, 0, 0, 0, 0, 0, 0, 0, 0, 0]",3072,128,1572864.0,37748736.0,5878430501,5878436579,6115901166,6115976494,0,2016,2016,370930,1,6078,75328,32,128,128,3
205,2,"[8, 32, 192, 16, 16, 0, 0, 0, 0, 0, 0, 0, 0, 0, 0, 0, 0, 0, 0, 0, 0, 0, 0, 0, 0, 0, 0, 0, 0, 0]",192,512,12582912.0,62914560.0,5878491823,5878497790,6115978510,6116109613,800,16224,16224,370928,1,5967,131103,32,128,128,3
203,2,"[32, 192, 16, 16, 192, 16, 16, 1, 1, 0, 0, 1, 1, 1, 1, 1, 8, 0, 0, 0, 0, 0, 0, 0, 0, 0, 0, 0, 0, 0]",6144,256,603979776.0,25460736.0,5878596954,5878660597,6116125837,6120635679,20736,17920,7424,370927,3,15409,4499346,32,128,128,3
152,2,"[8, 32, 192, 16, 16, 0, 0, 0, 0, 0, 0, 0, 0, 0, 0, 0, 0, 0, 0, 0, 0, 0, 0, 0, 0, 0, 0, 0, 0, 0]",3072,128,1572864.0,37748736.0,5878726410,5878731746,6120643103,6120710591,0,2144,2144,370926,1,5336,67488,32,128,128,3
205,2,"[8, 32, 192, 16, 16, 0, 0, 0, 0, 0, 0, 0, 0, 0, 0, 0, 0, 0, 0, 0, 0, 0, 0, 0, 0, 0, 0, 0, 0, 0]",192,512,12582912.0,62914560.0,5878776959,5878782226,6120712735,6120840062,800,14752,14752,370925,1,5267,127327,32,128,128,3
203,2,"[32, 192, 16, 16, 192, 16, 16, 3, 3, 1, 1, 1, 1, 1, 1, 4, 8, 0, 0, 0, 0, 0, 0, 0, 0, 0, 0, 0, 0, 0]",1536,256,0.0,0.0,5878880998,5879006225,6120854814,6128559302,6400,-8437320,8224,370924,12,45933,16150032,32,128,128,3
152,2,"[8, 32, 192, 16, 16, 0, 0, 0, 0, 0, 0, 0, 0, 0, 0, 0, 0, 0, 0, 0, 0, 0, 0, 0, 0, 0, 0, 0, 0, 0]",3072,128,1572864.0,37748736.0,5879071478,5879076133,6128567526,6128637190,0,7616,7616,370923,1,4655,69664,32,128,128,3
205,2,"[8, 32, 192, 16, 16, 0, 0, 0, 0, 0, 0, 0, 0, 0, 0, 0, 0, 0, 0, 0, 0, 0, 0, 0, 0, 0, 0, 0, 0, 0]",192,512,12582912.0,62914560.0,5879121781,5879127234,6128644806,6128772358,800,20480,20480,370922,1,5453,127552,32,128,128,3
203,2,"[32, 192, 16, 16, 192, 16, 16, 1, 1, 0, 0, 1, 1, 1, 1, 1, 8, 0, 0, 0, 0, 0, 0, 0, 0, 0, 0, 0, 0, 0]",6144,256,603979776.0,25460736.0,5879225025,5879286868,6128792838,6133302519,20736,92063,81728,370921,3,14981,4499346,32,128,128,3
152,2,"[8, 32, 192, 16, 16, 0, 0, 0, 0, 0, 0, 0, 0, 0, 0, 0, 0, 0, 0, 0, 0, 0, 0, 0, 0, 0, 0, 0, 0, 0]",3072,128,1572864.0,37748736.0,5879368188,5879372832,6133384247,6133461271,0,2208,2208,370920,1,4644,77024,32,128,128,3
205,2,"[8, 32, 192, 16, 16, 0, 0, 0, 0, 0, 0, 0, 0, 0, 0, 0, 0, 0, 0, 0, 0, 0, 0, 0, 0, 0, 0, 0, 0, 0]",192,512,12582912.0,62914560.0,5879425722,5879431390,6133463479,6133595383,800,15584,15584,370918,1,5668,131904,32,128,128,3
203,2,"[32, 192, 16, 16, 192, 16, 16, 1, 1, 0, 0, 1, 1, 1, 1, 1, 8, 0, 0, 0, 0, 0, 0, 0, 0, 0, 0, 0, 0, 0]",6144,256,603979776.0,25460736.0,5879526943,5879590524,6133610967,6138193128,20736,23649,13472,370917,3,15166,4571984,32,128,128,3
152,2,"[8, 32, 192, 16, 16, 0, 0, 0, 0, 0, 0, 0, 0, 0, 0, 0, 0, 0, 0, 0, 0, 0, 0, 0, 0, 0, 0, 0, 0, 0]",3072,128,1572864.0,37748736.0,5879648378,5879653406,6138206600,6138276776,0,2016,2016,370916,1,5028,70176,32,128,128,3
205,2,"[8, 32, 192, 16, 16, 0, 0, 0, 0, 0, 0, 0, 0, 0, 0, 0, 0, 0, 0, 0, 0, 0, 0, 0, 0, 0, 0, 0, 0, 0]",192,512,12582912.0,62914560.0,5879699380,5879705004,6138278792,6138408103,800,17920,17920,370915,1,5624,129311,32,128,128,3
203,2,"[32, 192, 16, 16, 192, 16, 16, 3, 3, 1, 1, 1, 1, 1, 1, 4, 8, 0, 0, 0, 0, 0, 0, 0, 0, 0, 0, 0, 0, 0]",1536,256,0.0,0.0,5879805520,5879928561,6138426023,6146122959,6400,-8459461,18592,370914,12,45606,16174989,32,128,128,3
152,2,"[8, 32, 192, 16, 16, 0, 0, 0, 0, 0, 0, 0, 0, 0, 0, 0, 0, 0, 0, 0, 0, 0, 0, 0, 0, 0, 0, 0, 0, 0]",3072,128,1572864.0,37748736.0,5879994834,5880007954,6146141551,6146213071,0,4064,4064,370913,1,13120,71520,32,128,128,3
205,2,"[8, 32, 192, 16, 16, 0, 0, 0, 0, 0, 0, 0, 0, 0, 0, 0, 0, 0, 0, 0, 0, 0, 0, 0, 0, 0, 0, 0, 0, 0]",192,512,12582912.0,62914560.0,5880055205,5880060679,6146217135,6146348239,800,15840,15840,370912,1,5474,131104,32,128,128,3
203,2,"[32, 192, 16, 16, 192, 16, 16, 1, 1, 0, 0, 1, 1, 1, 1, 1, 8, 0, 0, 0, 0, 0, 0, 0, 0, 0, 0, 0, 0, 0]",6144,256,603979776.0,25460736.0,5880158978,5880224313,6146364079,6150880448,20736,91392,83296,370911,3,13621,4508273,32,128,128,3
152,2,"[8, 32, 192, 16, 16, 0, 0, 0, 0, 0, 0, 0, 0, 0, 0, 0, 0, 0, 0, 0, 0, 0, 0, 0, 0, 0, 0, 0, 0, 0]",3072,128,1572864.0,37748736.0,5880301500,5880307775,6150963744,6151041376,0,1952,1952,370910,1,6275,77632,32,128,128,3
205,2,"[8, 32, 192, 16, 16, 0, 0, 0, 0, 0, 0, 0, 0, 0, 0, 0, 0, 0, 0, 0, 0, 0, 0, 0, 0, 0, 0, 0, 0, 0]",192,512,12582912.0,62914560.0,5880363733,5880369682,6151043328,6151170783,800,15904,15904,370908,1,5949,127455,32,128,128,3
203,2,"[32, 192, 16, 16, 192, 16, 16, 1, 1, 0, 0, 1, 1, 1, 1, 1, 8, 0, 0, 0, 0, 0, 0, 0, 0, 0, 0, 0, 0, 0]",6144,256,603979776.0,25460736.0,5880465754,5880528611,6151186687,6155782321,20736,20096,11040,370907,3,14978,4586578,32,128,128,3
152,2,"[8, 32, 192, 16, 16, 0, 0, 0, 0, 0, 0, 0, 0, 0, 0, 0, 0, 0, 0, 0, 0, 0, 0, 0, 0, 0, 0, 0, 0, 0]",3072,128,1572864.0,37748736.0,5880586509,5880591428,6155793361,6155861169,0,2048,2048,370906,1,4919,67808,32,128,128,3
205,2,"[8, 32, 192, 16, 16, 0, 0, 0, 0, 0, 0, 0, 0, 0, 0, 0, 0, 0, 0, 0, 0, 0, 0, 0, 0, 0, 0, 0, 0, 0]",192,512,12582912.0,62914560.0,5880636210,5880641392,6155863217,6155994288,800,16864,16864,370905,1,5182,131071,32,128,128,3
203,2,"[32, 192, 16, 16, 192, 16, 16, 3, 3, 1, 1, 1, 1, 1, 1, 4, 8, 0, 0, 0, 0, 0, 0, 0, 0, 0, 0, 0, 0, 0]",1536,256,0.0,0.0,5880752316,5880873879,6156011152,6163711128,6400,-8466789,8352,370904,12,43940,16175117,32,128,128,3
152,2,"[8, 32, 192, 16, 16, 0, 0, 0, 0, 0, 0, 0, 0, 0, 0, 0, 0, 0, 0, 0, 0, 0, 0, 0, 0, 0, 0, 0, 0, 0]",3072,128,1572864.0,37748736.0,5880940727,5880945652,6163719480,6163788184,0,7040,7040,370903,1,4925,68704,32,128,128,3
205,2,"[8, 32, 192, 16, 16, 0, 0, 0, 0, 0, 0, 0, 0, 0, 0, 0, 0, 0, 0, 0, 0, 0, 0, 0, 0, 0, 0, 0, 0, 0]",192,512,12582912.0,62914560.0,5880990657,5880996420,6163795224,6163924119,800,15520,15520,370902,1,5763,128895,32,128,128,3
203,2,"[32, 192, 16, 16, 192, 16, 16, 1, 1, 0, 0, 1, 1, 1, 1, 1, 8, 0, 0, 0, 0, 0, 0, 0, 0, 0, 0, 0, 0, 0]",6144,256,603979776.0,25460736.0,5881094306,5881157159,6163939639,6168497161,20736,95584,86016,370901,3,16032,4547954,32,128,128,3
152,2,"[8, 32, 192, 16, 16, 0, 0, 0, 0, 0, 0, 0, 0, 0, 0, 0, 0, 0, 0, 0, 0, 0, 0, 0, 0, 0, 0, 0, 0, 0]",3072,128,1572864.0,37748736.0,5881229849,5881234929,6168583177,6168658984,0,2112,2112,370900,1,5080,75807,32,128,128,3
205,2,"[8, 32, 192, 16, 16, 0, 0, 0, 0, 0, 0, 0, 0, 0, 0, 0, 0, 0, 0, 0, 0, 0, 0, 0, 0, 0, 0, 0, 0, 0]",192,512,12582912.0,62914560.0,5881284642,5881290868,6168661096,6168790152,800,16064,16064,370898,1,6226,129056,32,128,128,3
203,2,"[32, 192, 16, 16, 192, 16, 16, 1, 1, 0, 0, 1, 1, 1, 1, 1, 8, 0, 0, 0, 0, 0, 0, 0, 0, 0, 0, 0, 0, 0]",6144,256,603979776.0,25460736.0,5881391198,5881454554,6168806216,6173324410,20736,18656,10208,370897,3,15222,4509746,32,128,128,3
152,2,"[8, 32, 192, 16, 16, 0, 0, 0, 0, 0, 0, 0, 0, 0, 0, 0, 0, 0, 0, 0, 0, 0, 0, 0, 0, 0, 0, 0, 0, 0]",3072,128,1572864.0,37748736.0,5881512954,5881518220,6173334618,6173406265,0,1697,1697,370896,1,5266,71647,32,128,128,3
205,2,"[8, 32, 192, 16, 16, 0, 0, 0, 0, 0, 0, 0, 0, 0, 0, 0, 0, 0, 0, 0, 0, 0, 0, 0, 0, 0, 0, 0, 0, 0]",192,512,12582912.0,62914560.0,5881562747,5881568184,6173407962,6173539449,800,14560,14560,370895,1,5437,131487,32,128,128,3
203,2,"[32, 192, 32, 32, 192, 16, 16, 3, 3, 1, 1, 2, 2, 1, 1, 4, 8, 0, 0, 0, 0, 0, 0, 0, 0, 0, 0, 0, 0, 0]",1792,256,339738624.0,15894528.0,5881667565,5881790493,6173554009,6184094808,10496,-3169685,16192,370894,12,44854,13726676,32,128,128,3
152,2,"[8, 32, 192, 32, 32, 0, 0, 0, 0, 0, 0, 0, 0, 0, 0, 0, 0, 0, 0, 0, 0, 0, 0, 0, 0, 0, 0, 0, 0, 0]",12288,128,6291456.0,150994944.0,5881853974,5881858841,6184111000,6184389687,0,1984,1984,370893,1,4867,278687,32,128,128,3
205,2,"[8, 32, 192, 32, 32, 0, 0, 0, 0, 0, 0, 0, 0, 0, 0, 0, 0, 0, 0, 0, 0, 0, 0, 0, 0, 0, 0, 0, 0, 0]",192,512,50331648.0,251658240.0,5881905680,5881912961,6184391671,6184864245,800,12896,12896,370892,1,7281,472574,32,128,128,3
203,2,"[32, 96, 32, 32, 192, 32, 32, 1, 1, 0, 0, 1, 1, 1, 1, 1, 8, 0, 0, 0, 0, 0, 0, 0, 0, 0, 0, 0, 0, 0]",12288,256,0.0,0.0,5882013437,5882087498,6184877141,6191959103,18688,18016,8032,370891,3,22839,7071978,32,128,128,3
205,2,"[8, 32, 192, 16, 16, 0, 0, 0, 0, 0, 0, 0, 0, 0, 0, 0, 0, 0, 0, 0, 0, 0, 0, 0, 0, 0, 0, 0, 0, 0]",192,512,12582912.0,62914560.0,5882167457,5882172878,6191967135,6192091231,800,13312,13312,370890,1,5421,124096,32,128,128,3
203,2,"[32, 96, 32, 32, 192, 16, 16, 1, 1, 0, 0, 2, 2, 1, 1, 1, 8, 0, 0, 0, 0, 0, 0, 0, 0, 0, 0, 0, 0, 0]",12288,256,301989888.0,37896192.0,5882272990,5882333368,6192104543,6194201016,18688,160224,150144,370889,3,14523,2086393,32,128,128,3
152,2,"[8, 32, 96, 32, 32, 0, 0, 0, 0, 0, 0, 0, 0, 0, 0, 0, 0, 0, 0, 0, 0, 0, 0, 0, 0, 0, 0, 0, 0, 0]",6144,128,3145728.0,75497472.0,5882405705,5882411642,6194351160,6194492471,0,5952,5952,370888,1,5937,141311,32,128,128,3
205,2,"[8, 32, 96, 32, 32, 0, 0, 0, 0, 0, 0, 0, 0, 0, 0, 0, 0, 0, 0, 0, 0, 0, 0, 0, 0, 0, 0, 0, 0, 0]",96,512,25165824.0,125829120.0,5882464592,5882470428,6194498423,6194750518,800,12449,12449,370886,1,5836,252095,32,128,128,3
203,2,"[32, 96, 32, 32, 96, 32, 32, 1, 1, 0, 0, 1, 1, 1, 1, 1, 8, 0, 0, 0, 0, 0, 0, 0, 0, 0, 0, 0, 0, 0]",12288,256,0.0,0.0,5882589261,5882655624,6194762967,6200501285,20736,18816,8160,370885,3,15340,5727662,32,128,128,3
152,2,"[8, 32, 96, 32, 32, 0, 0, 0, 0, 0, 0, 0, 0, 0, 0, 0, 0, 0, 0, 0, 0, 0, 0, 0, 0, 0, 0, 0, 0, 0]",6144,128,3145728.0,75497472.0,5882714817,5882720077,6200509445,6200646692,0,2048,2048,370884,1,5260,137247,32,128,128,3
205,2,"[8, 32, 96, 32, 32, 0, 0, 0, 0, 0, 0, 0, 0, 0, 0, 0, 0, 0, 0, 0, 0, 0, 0, 0, 0, 0, 0, 0, 0, 0]",96,512,25165824.0,125829120.0,5882769874,5882776393,6200648740,6200898595,800,20416,20416,370883,1,6519,249855,32,128,128,3
203,2,"[32, 96, 32, 32, 96, 32, 32, 3, 3, 1, 1, 1, 1, 1, 1, 2, 8, 0, 0, 0, 0, 0, 0, 0, 0, 0, 0, 0, 0, 0]",1536,256,0.0,0.0,5882877644,5882963583,6200919011,6215998452,6400,-4991312,7520,370882,6,24120,20078273,32,128,128,3
152,2,"[8, 32, 96, 32, 32, 0, 0, 0, 0, 0, 0, 0, 0, 0, 0, 0, 0, 0, 0, 0, 0, 0, 0, 0, 0, 0, 0, 0, 0, 0]",6144,128,3145728.0,75497472.0,5883026020,5883030930,6216005972,6216145907,0,2016,2016,370881,1,4910,139935,32,128,128,3
205,2,"[8, 32, 96, 32, 32, 0, 0, 0, 0, 0, 0, 0, 0, 0, 0, 0, 0, 0, 0, 0, 0, 0, 0, 0, 0, 0, 0, 0, 0, 0]",96,512,25165824.0,125829120.0,5883076642,5883082217,6216147923,6216397810,800,13633,13633,370880,1,5575,249887,32,128,128,3
203,2,"[32, 96, 32, 32, 96, 32, 32, 1, 1, 0, 0, 1, 1, 1, 1, 1, 8, 0, 0, 0, 0, 0, 0, 0, 0, 0, 0, 0, 0, 0]",12288,256,0.0,0.0,5883200937,5883267674,6216411443,6222145664,20736,156673,148864,370879,3,15409,5726412,32,128,128,3
152,2,"[8, 32, 96, 32, 32, 0, 0, 0, 0, 0, 0, 0, 0, 0, 0, 0, 0, 0, 0, 0, 0, 0, 0, 0, 0, 0, 0, 0, 0, 0]",6144,128,3145728.0,75497472.0,5883339706,5883344793,6222294528,6222438976,0,1792,1792,370878,1,5087,144448,32,128,128,3
205,2,"[8, 32, 96, 32, 32, 0, 0, 0, 0, 0, 0, 0, 0, 0, 0, 0, 0, 0, 0, 0, 0, 0, 0, 0, 0, 0, 0, 0, 0, 0]",96,512,25165824.0,125829120.0,5883404322,5883409654,6222440768,6222689119,800,13536,13536,370876,1,5332,248351,32,128,128,3
203,2,"[32, 96, 32, 32, 96, 32, 32, 1, 1, 0, 0, 1, 1, 1, 1, 1, 8, 0, 0, 0, 0, 0, 0, 0, 0, 0, 0, 0, 0, 0]",12288,256,0.0,0.0,5883529745,5883593314,6222702655,6228447181,20736,21727,8768,370875,3,14225,5731567,32,128,128,3
152,2,"[8, 32, 96, 32, 32, 0, 0, 0, 0, 0, 0, 0, 0, 0, 0, 0, 0, 0, 0, 0, 0, 0, 0, 0, 0, 0, 0, 0, 0, 0]",6144,128,3145728.0,75497472.0,5883652430,5883657548,6228455949,6228591564,0,2272,2272,370874,1,5118,135615,32,128,128,3
205,2,"[8, 32, 96, 32, 32, 0, 0, 0, 0, 0, 0, 0, 0, 0, 0, 0, 0, 0, 0, 0, 0, 0, 0, 0, 0, 0, 0, 0, 0, 0]",96,512,25165824.0,125829120.0,5883701543,5883706685,6228593836,6228842763,800,19136,19136,370873,1,5142,248927,32,128,128,3
203,2,"[32, 96, 64, 64, 96, 32, 32, 3, 3, 1, 1, 2, 2, 1, 1, 2, 8, 0, 0, 0, 0, 0, 0, 0, 0, 0, 0, 0, 0, 0]",7168,256,1358954496.0,63080448.0,5883805850,5883891564,6228861899,6250339208,10496,-3543542,7232,370872,6,25475,25028083,32,128,128,3
152,2,"[8, 32, 96, 64, 64, 0, 0, 0, 0, 0, 0, 0, 0, 0, 0, 0, 0, 0, 0, 0, 0, 0, 0, 0, 0, 0, 0, 0, 0, 0]",24576,128,12582912.0,301989888.0,5883952741,5883957420,6250346440,6250896262,0,1088,1088,370871,1,4679,549822,32,128,128,3
205,2,"[8, 32, 96, 64, 64, 0, 0, 0, 0, 0, 0, 0, 0, 0, 0, 0, 0, 0, 0, 0, 0, 0, 0, 0, 0, 0, 0, 0, 0, 0]",96,512,100663296.0,503316480.0,5884001600,5884007518,6250897350,6251867011,800,6112,6112,370870,1,5918,969661,32,128,128,3
203,2,"[32, 32, 64, 64, 96, 64, 64, 1, 1, 0, 0, 1, 1, 1, 1, 1, 8, 0, 0, 0, 0, 0, 0, 0, 0, 0, 0, 0, 0, 0]",16384,256,805306368.0,134242304.0,5884112551,5884176488,6251873123,6259710474,10496,7745,4193,370869,3,15536,7833799,32,128,128,3
205,2,"[8, 32, 96, 32, 32, 0, 0, 0, 0, 0, 0, 0, 0, 0, 0, 0, 0, 0, 0, 0, 0, 0, 0, 0, 0, 0, 0, 0, 0, 0]",96,512,25165824.0,125829120.0,5884252878,5884257942,6259714667,6259956458,800,6240,6240,370868,1,5064,241791,32,128,128,3
203,2,"[32, 32, 64, 64, 96, 32, 32, 1, 1, 0, 0, 2, 2, 1, 1, 1, 8, 0, 0, 0, 0, 0, 0, 0, 0, 0, 0, 0, 0, 0]",16384,256,201326592.0,58744832.0,5884363695,5884425375,6259962698,6262043235,10496,190111,185983,370867,3,14397,2076409,32,128,128,3
152,2,"[8, 32, 32, 64, 64, 0, 0, 0, 0, 0, 0, 0, 0, 0, 0, 0, 0, 0, 0, 0, 0, 0, 0, 0, 0, 0, 0, 0, 0, 0]",8192,128,4194304.0,100663296.0,5884496269,5884501456,6262229218,6262415650,0,576,576,370866,1,5187,186432,32,128,128,3
205,2,"[8, 32, 32, 64, 64, 0, 0, 0, 0, 0, 0, 0, 0, 0, 0, 0, 0, 0, 0, 0, 0, 0, 0, 0, 0, 0, 0, 0, 0, 0]",32,512,33554432.0,167772160.0,5884545696,5884551741,6262416226,6262795105,800,9472,9472,370865,1,6045,378879,32,128,128,3
203,2,"[32, 3, 128, 128, 32, 64, 64, 3, 3, 1, 1, 2, 2, 1, 1, 1, 8, 0, 0, 0, 0, 0, 0, 0, 0, 0, 0, 0, 0, 0]",32,64,0.0,0.0,5884660020,5884665550,6262804577,6264053885,4352,3808,3808,370864,1,5530,1249308,32,128,128,3
16,3,"[8, 32, 3, 3, 3, 0, 0, 0, 0, 0, 0, 0, 0, 0, 0, 4, 0, 0, 0, 0, 0, 0, 0, 0, 0, 0, 0, 0, 0, 0]",2,128,864.0,13828.0,5886551501,5886595733,6264057693,6264060029,0,608,608,-1,1,44232,2336,32,128,128,3
12,3,"[8, 32, 3, 3, 3, 0, 0, 0, 0, 0, 0, 0, 0, 0, 0, 8, 32, 3, 3, 3, 0, 0, 0, 0, 0, 0, 0, 0, 0, 0]",2,128,864.0,20736.0,5886829292,5886852828,6264060637,6264062749,0,32,32,-1,1,23536,2112,32,128,128,3
12,3,"[8, 32, 3, 3, 3, 0, 0, 0, 0, 0, 0, 0, 0, 0, 0, 8, 32, 3, 3, 3, 0, 0, 0, 0, 0, 0, 0, 0, 0, 0]",2,128,864.0,20736.0,5887065066,5887085925,6264062781,6264064861,0,1184,1184,-1,1,20859,2080,32,128,128,3
16,3,"[8, 32, 0, 0, 0, 0, 0, 0, 0, 0, 0, 0, 0, 0, 0, 4, 0, 0, 0, 0, 0, 0, 0, 0, 0, 0, 0, 0, 0, 0]",1,128,32.0,516.0,5887286508,5887306279,6264066045,6264067965,0,576,576,-1,1,19771,1920,32,128,128,3
12,3,"[8, 32, 0, 0, 0, 0, 0, 0, 0, 0, 0, 0, 0, 0, 0, 8, 32, 0, 0, 0, 0, 0, 0, 0, 0, 0, 0, 0, 0, 0]",1,128,32.0,768.0,5887503970,5887545807,6264068541,6264070621,0,352,352,-1,1,41837,2080,32,128,128,3
12,3,"[8, 32, 0, 0, 0, 0, 0, 0, 0, 0, 0, 0, 0, 0, 0, 8, 32, 0, 0, 0, 0, 0, 0, 0, 0, 0, 0, 0, 0, 0]",1,128,32.0,768.0,5887757133,5887775770,6264070973,6264073053,0,448,448,-1,1,18637,2080,32,128,128,3
16,3,"[8, 32, 0, 0, 0, 0, 0, 0, 0, 0, 0, 0, 0, 0, 0, 4, 0, 0, 0, 0, 0, 0, 0, 0, 0, 0, 0, 0, 0, 0]",1,128,32.0,516.0,5887973359,5887992068,6264073501,6264075101,0,1280,1280,-1,1,18709,1600,32,128,128,3
12,3,"[8, 32, 0, 0, 0, 0, 0, 0, 0, 0, 0, 0, 0, 0, 0, 8, 32, 0, 0, 0, 0, 0, 0, 0, 0, 0, 0, 0, 0, 0]",1,128,32.0,768.0,5888187313,5888204763,6264076381,6264078429,0,576,576,-1,1,17450,2048,32,128,128,3
12,3,"[8, 32, 0, 0, 0, 0, 0, 0, 0, 0, 0, 0, 0, 0, 0, 8, 32, 0, 0, 0, 0, 0, 0, 0, 0, 0, 0, 0, 0, 0]",1,128,32.0,768.0,5888423340,5888441884,6264079005,6264081085,0,224,224,-1,1,18544,2080,32,128,128,3
16,3,"[8, 96, 32, 1, 1, 0, 0, 0, 0, 0, 0, 0, 0, 0, 0, 4, 0, 0, 0, 0, 0, 0, 0, 0, 0, 0, 0, 0, 0, 0]",6,128,3072.0,49156.0,5888643428,5888661958,6264081309,6264084445,0,576,576,-1,1,18530,3136,32,128,128,3
12,3,"[8, 96, 32, 1, 1, 0, 0, 0, 0, 0, 0, 0, 0, 0, 0, 8, 96, 32, 1, 1, 0, 0, 0, 0, 0, 0, 0, 0, 0, 0]",6,128,3072.0,73728.0,5888865567,5888883561,6264085021,6264087197,0,288,288,-1,1,17994,2176,32,128,128,3
12,3,"[8, 96, 32, 1, 1, 0, 0, 0, 0, 0, 0, 0, 0, 0, 0, 8, 96, 32, 1, 1, 0, 0, 0, 0, 0, 0, 0, 0, 0, 0]",6,128,3072.0,73728.0,5889098668,5889116607,6264087485,6264089437,0,1120,1120,-1,1,17939,1952,32,128,128,3
16,3,"[8, 96, 0, 0, 0, 0, 0, 0, 0, 0, 0, 0, 0, 0, 0, 4, 0, 0, 0, 0, 0, 0, 0, 0, 0, 0, 0, 0, 0, 0]",1,128,96.0,1540.0,5889309223,5889326976,6264090557,6264091485,0,1568,1568,-1,1,17753,928,32,128,128,3
12,3,"[8, 96, 0, 0, 0, 0, 0, 0, 0, 0, 0, 0, 0, 0, 0, 8, 96, 0, 0, 0, 0, 0, 0, 0, 0, 0, 0, 0, 0, 0]",1,128,96.0,2304.0,5889522322,5889556472,6264093053,6264095229,0,352,352,-1,1,34150,2176,32,128,128,3
12,3,"[8, 96, 0, 0, 0, 0, 0, 0, 0, 0, 0, 0, 0, 0, 0, 8, 96, 0, 0, 0, 0, 0, 0, 0, 0, 0, 0, 0, 0, 0]",1,128,96.0,2304.0,5889749006,5889766988,6264095581,6264097596,0,1,1,-1,1,17982,2015,32,128,128,3
16,3,"[8, 96, 0, 0, 0, 0, 0, 0, 0, 0, 0, 0, 0, 0, 0, 4, 0, 0, 0, 0, 0, 0, 0, 0, 0, 0, 0, 0, 0, 0]",1,128,96.0,1540.0,5889958737,5889976658,6264097597,6264099677,0,1344,1344,-1,1,17921,2080,32,128,128,3
12,3,"[8, 96, 0, 0, 0, 0, 0, 0, 0, 0, 0, 0, 0, 0, 0, 8, 96, 0, 0, 0, 0, 0, 0, 0, 0, 0, 0, 0, 0, 0]",1,128,96.0,2304.0,5890169945,5890186603,6264101021,6264103101,0,544,544,-1,1,16658,2080,32,128,128,3
12,3,"[8, 96, 0, 0, 0, 0, 0, 0, 0, 0, 0, 0, 0, 0, 0, 8, 96, 0, 0, 0, 0, 0, 0, 0, 0, 0, 0, 0, 0, 0]",1,128,96.0,2304.0,5890390724,5890408600,6264103645,6264105757,0,32,32,-1,1,17876,2112,32,128,128,3
16,3,"[8, 96, 32, 1, 1, 0, 0, 0, 0, 0, 0, 0, 0, 0, 0, 4, 0, 0, 0, 0, 0, 0, 0, 0, 0, 0, 0, 0, 0, 0]",6,128,3072.0,49156.0,5890599567,5890617405,6264105789,6264107869,0,1120,1120,-1,1,17838,2080,32,128,128,3
12,3,"[8, 96, 32, 1, 1, 0, 0, 0, 0, 0, 0, 0, 0, 0, 0, 8, 96, 32, 1, 1, 0, 0, 0, 0, 0, 0, 0, 0, 0, 0]",6,128,3072.0,73728.0,5890808873,5890825859,6264108989,6264111133,0,512,512,-1,1,16986,2144,32,128,128,3
12,3,"[8, 96, 32, 1, 1, 0, 0, 0, 0, 0, 0, 0, 0, 0, 0, 8, 96, 32, 1, 1, 0, 0, 0, 0, 0, 0, 0, 0, 0, 0]",6,128,3072.0,73728.0,5891017626,5891035004,6264111645,6264113789,0,192,192,-1,1,17378,2144,32,128,128,3
16,3,"[8, 96, 0, 0, 0, 0, 0, 0, 0, 0, 0, 0, 0, 0, 0, 4, 0, 0, 0, 0, 0, 0, 0, 0, 0, 0, 0, 0, 0, 0]",1,128,96.0,1540.0,5891221696,5891239563,6264113981,6264116061,0,416,416,-1,1,17867,2080,32,128,128,3
12,3,"[8, 96, 0, 0, 0, 0, 0, 0, 0, 0, 0, 0, 0, 0, 0, 8, 96, 0, 0, 0, 0, 0, 0, 0, 0, 0, 0, 0, 0, 0]",1,128,96.0,2304.0,5891429448,5891446645,6264116477,6264118109,0,1312,1312,-1,1,17197,1632,32,128,128,3
12,3,"[8, 96, 0, 0, 0, 0, 0, 0, 0, 0, 0, 0, 0, 0, 0, 8, 96, 0, 0, 0, 0, 0, 0, 0, 0, 0, 0, 0, 0, 0]",1,128,96.0,2304.0,5891639820,5891657117,6264119421,6264121533,0,544,544,-1,1,17297,2112,32,128,128,3
16,3,"[8, 96, 0, 0, 0, 0, 0, 0, 0, 0, 0, 0, 0, 0, 0, 4, 0, 0, 0, 0, 0, 0, 0, 0, 0, 0, 0, 0, 0, 0]",1,128,96.0,1540.0,5891865594,5891884967,6264122077,6264124029,0,192,192,-1,1,19373,1952,32,128,128,3
12,3,"[8, 96, 0, 0, 0, 0, 0, 0, 0, 0, 0, 0, 0, 0, 0, 8, 96, 0, 0, 0, 0, 0, 0, 0, 0, 0, 0, 0, 0, 0]",1,128,96.0,2304.0,5892648567,5892677205,6264124221,6264126268,0,1,1,-1,1,28638,2047,32,128,128,3
12,3,"[8, 96, 0, 0, 0, 0, 0, 0, 0, 0, 0, 0, 0, 0, 0, 8, 96, 0, 0, 0, 0, 0, 0, 0, 0, 0, 0, 0, 0, 0]",1,128,96.0,2304.0,5892896653,5892916670,6264126269,6264128349,0,1536,1536,-1,1,20017,2080,32,128,128,3
16,3,"[8, 96, 48, 3, 3, 0, 0, 0, 0, 0, 0, 0, 0, 0, 0, 4, 0, 0, 0, 0, 0, 0, 0, 0, 0, 0, 0, 0, 0, 0]",81,128,41472.0,663556.0,5893117720,5893138441,6264129885,6264132445,0,512,512,-1,1,20721,2560,32,128,128,3
12,3,"[8, 96, 48, 3, 3, 0, 0, 0, 0, 0, 0, 0, 0, 0, 0, 8, 96, 48, 3, 3, 0, 0, 0, 0, 0, 0, 0, 0, 0, 0]",81,128,41472.0,995328.0,5893333588,5893351419,6264132957,6264136125,0,416,416,-1,1,17831,3168,32,128,128,3
12,3,"[8, 96, 48, 3, 3, 0, 0, 0, 0, 0, 0, 0, 0, 0, 0, 8, 96, 48, 3, 3, 0, 0, 0, 0, 0, 0, 0, 0, 0, 0]",81,128,41472.0,995328.0,5893566281,5893584132,6264136541,6264139645,0,543,543,-1,1,17851,3104,32,128,128,3
16,3,"[8, 96, 0, 0, 0, 0, 0, 0, 0, 0, 0, 0, 0, 0, 0, 4, 0, 0, 0, 0, 0, 0, 0, 0, 0, 0, 0, 0, 0, 0]",1,128,96.0,1540.0,5893771152,5893789485,6264140188,6264142109,0,512,512,-1,1,18333,1921,32,128,128,3
12,3,"[8, 96, 0, 0, 0, 0, 0, 0, 0, 0, 0, 0, 0, 0, 0, 8, 96, 0, 0, 0, 0, 0, 0, 0, 0, 0, 0, 0, 0, 0]",1,128,96.0,2304.0,5893981318,5893998614,6264142621,6264144700,0,1,1,-1,1,17296,2079,32,128,128,3
12,3,"[8, 96, 0, 0, 0, 0, 0, 0, 0, 0, 0, 0, 0, 0, 0, 8, 96, 0, 0, 0, 0, 0, 0, 0, 0, 0, 0, 0, 0, 0]",1,128,96.0,2304.0,5894191518,5894208766,6264144701,6264146781,0,1152,1152,-1,1,17248,2080,32,128,128,3
16,3,"[8, 96, 0, 0, 0, 0, 0, 0, 0, 0, 0, 0, 0, 0, 0, 4, 0, 0, 0, 0, 0, 0, 0, 0, 0, 0, 0, 0, 0, 0]",1,128,96.0,1540.0,5894394532,5894412125,6264147933,6264149853,0,576,576,-1,1,17593,1920,32,128,128,3
12,3,"[8, 96, 0, 0, 0, 0, 0, 0, 0, 0, 0, 0, 0, 0, 0, 8, 96, 0, 0, 0, 0, 0, 0, 0, 0, 0, 0, 0, 0, 0]",1,128,96.0,2304.0,5894602728,5894619856,6264150429,6264152541,0,352,352,-1,1,17128,2112,32,128,128,3
12,3,"[8, 96, 0, 0, 0, 0, 0, 0, 0, 0, 0, 0, 0, 0, 0, 8, 96, 0, 0, 0, 0, 0, 0, 0, 0, 0, 0, 0, 0, 0]",1,128,96.0,2304.0,5894827975,5894845968,6264152893,6264154972,0,417,417,-1,1,17993,2079,32,128,128,3
16,3,"[8, 96, 96, 1, 1, 0, 0, 0, 0, 0, 0, 0, 0, 0, 0, 4, 0, 0, 0, 0, 0, 0, 0, 0, 0, 0, 0, 0, 0, 0]",18,128,9216.0,147460.0,5895038407,5895056792,6264155389,6264157021,0,1375,1375,-1,1,18385,1632,32,128,128,3
12,3,"[8, 96, 96, 1, 1, 0, 0, 0, 0, 0, 0, 0, 0, 0, 0, 8, 96, 96, 1, 1, 0, 0, 0, 0, 0, 0, 0, 0, 0, 0]",18,128,9216.0,221184.0,5895251520,5895269424,6264158396,6264160573,0,512,512,-1,1,17904,2177,32,128,128,3
12,3,"[8, 96, 96, 1, 1, 0, 0, 0, 0, 0, 0, 0, 0, 0, 0, 8, 96, 96, 1, 1, 0, 0, 0, 0, 0, 0, 0, 0, 0, 0]",18,128,9216.0,221184.0,5895462634,5895479834,6264161085,6264163165,0,447,447,-1,1,17200,2080,32,128,128,3
16,3,"[8, 96, 0, 0, 0, 0, 0, 0, 0, 0, 0, 0, 0, 0, 0, 4, 0, 0, 0, 0, 0, 0, 0, 0, 0, 0, 0, 0, 0, 0]",1,128,96.0,1540.0,5895665702,5895684073,6264163612,6264165213,0,1248,1248,-1,1,18371,1601,32,128,128,3
12,3,"[8, 96, 0, 0, 0, 0, 0, 0, 0, 0, 0, 0, 0, 0, 0, 8, 96, 0, 0, 0, 0, 0, 0, 0, 0, 0, 0, 0, 0, 0]",1,128,96.0,2304.0,5895871683,5895888748,6264166461,6264168572,0,545,545,-1,1,17065,2111,32,128,128,3
12,3,"[8, 96, 0, 0, 0, 0, 0, 0, 0, 0, 0, 0, 0, 0, 0, 8, 96, 0, 0, 0, 0, 0, 0, 0, 0, 0, 0, 0, 0, 0]",1,128,96.0,2304.0,5896089003,5896100562,6264169117,6264171197,0,223,223,-1,1,11559,2080,32,128,128,3
16,3,"[8, 96, 0, 0, 0, 0, 0, 0, 0, 0, 0, 0, 0, 0, 0, 4, 0, 0, 0, 0, 0, 0, 0, 0, 0, 0, 0, 0, 0, 0]",1,128,96.0,1540.0,5896221167,5896232970,6264171420,6264173404,0,513,513,-1,1,11803,1984,32,128,128,3
12,3,"[8, 96, 0, 0, 0, 0, 0, 0, 0, 0, 0, 0, 0, 0, 0, 8, 96, 0, 0, 0, 0, 0, 0, 0, 0, 0, 0, 0, 0, 0]",1,128,96.0,2304.0,5896363577,5896375787,6264173917,6264175453,0,1471,1471,-1,1,12210,1536,32,128,128,3
12,3,"[8, 96, 0, 0, 0, 0, 0, 0, 0, 0, 0, 0, 0, 0, 0, 8, 96, 0, 0, 0, 0, 0, 0, 0, 0, 0, 0, 0, 0, 0]",1,128,96.0,2304.0,5896497870,5896508908,6264176924,6264179037,0,480,480,-1,1,11038,2113,32,128,128,3
16,3,"[8, 96, 96, 1, 1, 0, 0, 0, 0, 0, 0, 0, 0, 0, 0, 4, 0, 0, 0, 0, 0, 0, 0, 0, 0, 0, 0, 0, 0, 0]",18,128,9216.0,147460.0,5896630697,5896642103,6264179517,6264181596,0,1089,1089,-1,1,11406,2079,32,128,128,3
12,3,"[8, 96, 96, 1, 1, 0, 0, 0, 0, 0, 0, 0, 0, 0, 0, 8, 96, 96, 1, 1, 0, 0, 0, 0, 0, 0, 0, 0, 0, 0]",18,128,9216.0,221184.0,5896765744,5896776833,6264182685,6264184860,0,608,608,-1,1,11089,2175,32,128,128,3
12,3,"[8, 96, 96, 1, 1, 0, 0, 0, 0, 0, 0, 0, 0, 0, 0, 8, 96, 96, 1, 1, 0, 0, 0, 0, 0, 0, 0, 0, 0, 0]",18,128,9216.0,221184.0,5896897177,5896908535,6264185468,6264187676,0,256,256,-1,1,11358,2208,32,128,128,3
16,3,"[8, 96, 0, 0, 0, 0, 0, 0, 0, 0, 0, 0, 0, 0, 0, 4, 0, 0, 0, 0, 0, 0, 0, 0, 0, 0, 0, 0, 0, 0]",1,128,96.0,1540.0,5897041256,5897053658,6264187932,6264189789,0,639,639,-1,1,12402,1857,32,128,128,3
12,3,"[8, 96, 0, 0, 0, 0, 0, 0, 0, 0, 0, 0, 0, 0, 0, 8, 96, 0, 0, 0, 0, 0, 0, 0, 0, 0, 0, 0, 0, 0]",1,128,96.0,2304.0,5897176713,5897188286,6264190428,6264192861,0,576,576,-1,1,11573,2433,32,128,128,3
12,3,"[8, 96, 0, 0, 0, 0, 0, 0, 0, 0, 0, 0, 0, 0, 0, 8, 96, 0, 0, 0, 0, 0, 0, 0, 0, 0, 0, 0, 0, 0]",1,128,96.0,2304.0,5897305711,5897317268,6264193437,6264195548,0,352,352,-1,1,11557,2111,32,128,128,3
16,3,"[8, 96, 0, 0, 0, 0, 0, 0, 0, 0, 0, 0, 0, 0, 0, 4, 0, 0, 0, 0, 0, 0, 0, 0, 0, 0, 0, 0, 0, 0]",1,128,96.0,1540.0,5897435538,5897446830,6264195900,6264197980,0,256,256,-1,1,11292,2080,32,128,128,3
12,3,"[8, 96, 0, 0, 0, 0, 0, 0, 0, 0, 0, 0, 0, 0, 0, 8, 96, 0, 0, 0, 0, 0, 0, 0, 0, 0, 0, 0, 0, 0]",1,128,96.0,2304.0,5897569810,5897581035,6264198236,6264200028,0,1217,1217,-1,1,11225,1792,32,128,128,3
12,3,"[8, 96, 0, 0, 0, 0, 0, 0, 0, 0, 0, 0, 0, 0, 0, 8, 96, 0, 0, 0, 0, 0, 0, 0, 0, 0, 0, 0, 0, 0]",1,128,96.0,2304.0,5897701005,5897712009,6264201245,6264203356,0,544,544,-1,1,11004,2111,32,128,128,3
16,3,"[8, 96, 48, 3, 3, 0, 0, 0, 0, 0, 0, 0, 0, 0, 0, 4, 0, 0, 0, 0, 0, 0, 0, 0, 0, 0, 0, 0, 0, 0]",81,128,41472.0,663556.0,5897844608,5897857149,6264203900,6264206172,0,1120,1120,-1,1,12541,2272,32,128,128,3
12,3,"[8, 96, 48, 3, 3, 0, 0, 0, 0, 0, 0, 0, 0, 0, 0, 8, 96, 48, 3, 3, 0, 0, 0, 0, 0, 0, 0, 0, 0, 0]",81,128,41472.0,995328.0,5897980398,5897991415,6264207292,6264210140,0,96,96,-1,1,11017,2848,32,128,128,3
12,3,"[8, 96, 48, 3, 3, 0, 0, 0, 0, 0, 0, 0, 0, 0, 0, 8, 96, 48, 3, 3, 0, 0, 0, 0, 0, 0, 0, 0, 0, 0]",81,128,41472.0,995328.0,5898112097,5898123427,6264210236,6264213564,0,544,544,-1,1,11330,3328,32,128,128,3
16,3,"[8, 96, 0, 0, 0, 0, 0, 0, 0, 0, 0, 0, 0, 0, 0, 4, 0, 0, 0, 0, 0, 0, 0, 0, 0, 0, 0, 0, 0, 0]",1,128,96.0,1540.0,5898242810,5898254524,6264214108,6264216028,0,352,352,-1,1,11714,1920,32,128,128,3
12,3,"[8, 96, 0, 0, 0, 0, 0, 0, 0, 0, 0, 0, 0, 0, 0, 8, 96, 0, 0, 0, 0, 0, 0, 0, 0, 0, 0, 0, 0, 0]",1,128,96.0,2304.0,5898373029,5898384353,6264216380,6264218427,0,1,1,-1,1,11324,2047,32,128,128,3
12,3,"[8, 96, 0, 0, 0, 0, 0, 0, 0, 0, 0, 0, 0, 0, 0, 8, 96, 0, 0, 0, 0, 0, 0, 0, 0, 0, 0, 0, 0, 0]",1,128,96.0,2304.0,5898504390,5898515153,6264218428,6264220508,0,1376,1376,-1,1,10763,2080,32,128,128,3
16,3,"[8, 96, 0, 0, 0, 0, 0, 0, 0, 0, 0, 0, 0, 0, 0, 4, 0, 0, 0, 0, 0, 0, 0, 0, 0, 0, 0, 0, 0, 0]",1,128,96.0,1540.0,5898635168,5898646908,6264221884,6264223804,0,608,608,-1,1,11740,1920,32,128,128,3
12,3,"[8, 96, 0, 0, 0, 0, 0, 0, 0, 0, 0, 0, 0, 0, 0, 8, 96, 0, 0, 0, 0, 0, 0, 0, 0, 0, 0, 0, 0, 0]",1,128,96.0,2304.0,5898777569,5898789092,6264224412,6264226492,0,224,224,-1,1,11523,2080,32,128,128,3
12,3,"[8, 96, 0, 0, 0, 0, 0, 0, 0, 0, 0, 0, 0, 0, 0, 8, 96, 0, 0, 0, 0, 0, 0, 0, 0, 0, 0, 0, 0, 0]",1,128,96.0,2304.0,5898908124,5898919413,6264226716,6264228667,0,1,1,-1,1,11289,1951,32,128,128,3
16,3,"[8, 96, 96, 1, 1, 0, 0, 0, 0, 0, 0, 0, 0, 0, 0, 4, 0, 0, 0, 0, 0, 0, 0, 0, 0, 0, 0, 0, 0, 0]",18,128,9216.0,147460.0,5899040595,5899052578,6264228668,6264231932,0,576,576,-1,1,11983,3264,32,128,128,3
12,3,"[8, 96, 96, 1, 1, 0, 0, 0, 0, 0, 0, 0, 0, 0, 0, 8, 96, 96, 1, 1, 0, 0, 0, 0, 0, 0, 0, 0, 0, 0]",18,128,9216.0,221184.0,5899173817,5899185261,6264232508,6264234684,0,256,256,-1,1,11444,2176,32,128,128,3
12,3,"[8, 96, 96, 1, 1, 0, 0, 0, 0, 0, 0, 0, 0, 0, 0, 8, 96, 96, 1, 1, 0, 0, 0, 0, 0, 0, 0, 0, 0, 0]",18,128,9216.0,221184.0,5899305451,5899316230,6264234940,6264236892,0,1184,1184,-1,1,10779,1952,32,128,128,3
16,3,"[8, 96, 0, 0, 0, 0, 0, 0, 0, 0, 0, 0, 0, 0, 0, 4, 0, 0, 0, 0, 0, 0, 0, 0, 0, 0, 0, 0, 0, 0]",1,128,96.0,1540.0,5899660734,5899676410,6264238076,6264240060,0,544,544,-1,1,15676,1984,32,128,128,3
12,3,"[8, 96, 0, 0, 0, 0, 0, 0, 0, 0, 0, 0, 0, 0, 0, 8, 96, 0, 0, 0, 0, 0, 0, 0, 0, 0, 0, 0, 0, 0]",1,128,96.0,2304.0,5899812456,5899824957,6264240604,6264242684,0,320,320,-1,1,12501,2080,32,128,128,3
12,3,"[8, 96, 0, 0, 0, 0, 0, 0, 0, 0, 0, 0, 0, 0, 0, 8, 96, 0, 0, 0, 0, 0, 0, 0, 0, 0, 0, 0, 0, 0]",1,128,96.0,2304.0,5899947189,5899958864,6264243004,6264245084,0,448,448,-1,1,11675,2080,32,128,128,3
16,3,"[8, 96, 0, 0, 0, 0, 0, 0, 0, 0, 0, 0, 0, 0, 0, 4, 0, 0, 0, 0, 0, 0, 0, 0, 0, 0, 0, 0, 0, 0]",1,128,96.0,1540.0,5900079133,5900090779,6264245532,6264247132,0,1280,1280,-1,1,11646,1600,32,128,128,3
12,3,"[8, 96, 0, 0, 0, 0, 0, 0, 0, 0, 0, 0, 0, 0, 0, 8, 96, 0, 0, 0, 0, 0, 0, 0, 0, 0, 0, 0, 0, 0]",1,128,96.0,2304.0,5900209816,5900221191,6264248412,6264250524,0,512,512,-1,1,11375,2112,32,128,128,3
12,3,"[8, 96, 0, 0, 0, 0, 0, 0, 0, 0, 0, 0, 0, 0, 0, 8, 96, 0, 0, 0, 0, 0, 0, 0, 0, 0, 0, 0, 0, 0]",1,128,96.0,2304.0,5900348856,5900360524,6264251036,6264253148,0,96,96,-1,1,11668,2112,32,128,128,3
16,3,"[8, 192, 96, 1, 1, 0, 0, 0, 0, 0, 0, 0, 0, 0, 0, 4, 0, 0, 0, 0, 0, 0, 0, 0, 0, 0, 0, 0, 0, 0]",36,128,18432.0,294916.0,5900495174,5900507332,6264253244,6264256444,0,640,640,-1,1,12158,3200,32,128,128,3
12,3,"[8, 192, 96, 1, 1, 0, 0, 0, 0, 0, 0, 0, 0, 0, 0, 8, 192, 96, 1, 1, 0, 0, 0, 0, 0, 0, 0, 0, 0, 0]",36,128,18432.0,442368.0,5900628623,5900639485,6264257084,6264259388,0,288,288,-1,1,10862,2304,32,128,128,3
12,3,"[8, 192, 96, 1, 1, 0, 0, 0, 0, 0, 0, 0, 0, 0, 0, 8, 192, 96, 1, 1, 0, 0, 0, 0, 0, 0, 0, 0, 0, 0]",36,128,18432.0,442368.0,5900759587,5900771312,6264259676,6264261468,0,1600,1600,-1,1,11725,1792,32,128,128,3
16,3,"[8, 192, 0, 0, 0, 0, 0, 0, 0, 0, 0, 0, 0, 0, 0, 4, 0, 0, 0, 0, 0, 0, 0, 0, 0, 0, 0, 0, 0, 0]",1,128,192.0,3076.0,5900890462,5900902103,6264263068,6264265052,0,480,480,-1,1,11641,1984,32,128,128,3
12,3,"[8, 192, 0, 0, 0, 0, 0, 0, 0, 0, 0, 0, 0, 0, 0, 8, 192, 0, 0, 0, 0, 0, 0, 0, 0, 0, 0, 0, 0, 0]",1,128,192.0,4608.0,5901023121,5901034034,6264265532,6264267612,0,1184,1184,-1,1,10913,2080,32,128,128,3
12,3,"[8, 192, 0, 0, 0, 0, 0, 0, 0, 0, 0, 0, 0, 0, 0, 8, 192, 0, 0, 0, 0, 0, 0, 0, 0, 0, 0, 0, 0, 0]",1,128,192.0,4608.0,5901155868,5901166721,6264268796,6264270972,0,480,480,-1,1,10853,2176,32,128,128,3
16,3,"[8, 192, 0, 0, 0, 0, 0, 0, 0, 0, 0, 0, 0, 0, 0, 4, 0, 0, 0, 0, 0, 0, 0, 0, 0, 0, 0, 0, 0, 0]",1,128,192.0,3076.0,5901285507,5901297624,6264271452,6264273436,0,320,320,-1,1,12117,1984,32,128,128,3
12,3,"[8, 192, 0, 0, 0, 0, 0, 0, 0, 0, 0, 0, 0, 0, 0, 8, 192, 0, 0, 0, 0, 0, 0, 0, 0, 0, 0, 0, 0, 0]",1,128,192.0,4608.0,5901429461,5901441328,6264273756,6264275771,0,1,1,-1,1,11867,2015,32,128,128,3
12,3,"[8, 192, 0, 0, 0, 0, 0, 0, 0, 0, 0, 0, 0, 0, 0, 8, 192, 0, 0, 0, 0, 0, 0, 0, 0, 0, 0, 0, 0, 0]",1,128,192.0,4608.0,5901563303,5901575022,6264275772,6264277852,0,1472,1472,-1,1,11719,2080,32,128,128,3
16,3,"[8, 192, 96, 1, 1, 0, 0, 0, 0, 0, 0, 0, 0, 0, 0, 4, 0, 0, 0, 0, 0, 0, 0, 0, 0, 0, 0, 0, 0, 0]",36,128,18432.0,294916.0,5901696607,5901708287,6264279324,6264281660,0,288,288,-1,1,11680,2336,32,128,128,3
12,3,"[8, 192, 96, 1, 1, 0, 0, 0, 0, 0, 0, 0, 0, 0, 0, 8, 192, 96, 1, 1, 0, 0, 0, 0, 0, 0, 0, 0, 0, 0]",36,128,18432.0,442368.0,5901830957,5901841984,6264281948,6264283996,0,1248,1248,-1,1,11027,2048,32,128,128,3
12,3,"[8, 192, 96, 1, 1, 0, 0, 0, 0, 0, 0, 0, 0, 0, 0, 8, 192, 96, 1, 1, 0, 0, 0, 0, 0, 0, 0, 0, 0, 0]",36,128,18432.0,442368.0,5901962455,5901973418,6264285244,6264287708,0,384,384,-1,1,10963,2464,32,128,128,3
16,3,"[8, 192, 0, 0, 0, 0, 0, 0, 0, 0, 0, 0, 0, 0, 0, 4, 0, 0, 0, 0, 0, 0, 0, 0, 0, 0, 0, 0, 0, 0]",1,128,192.0,3076.0,5902091995,5902104067,6264288092,6264290107,0,1,1,-1,1,12072,2015,32,128,128,3
12,3,"[8, 192, 0, 0, 0, 0, 0, 0, 0, 0, 0, 0, 0, 0, 0, 8, 192, 0, 0, 0, 0, 0, 0, 0, 0, 0, 0, 0, 0, 0]",1,128,192.0,4608.0,5902236524,5902249415,6264290108,6264292188,0,1280,1280,-1,1,12891,2080,32,128,128,3
12,3,"[8, 192, 0, 0, 0, 0, 0, 0, 0, 0, 0, 0, 0, 0, 0, 8, 192, 0, 0, 0, 0, 0, 0, 0, 0, 0, 0, 0, 0, 0]",1,128,192.0,4608.0,5902370519,5902381818,6264293468,6264295612,0,512,512,-1,1,11299,2144,32,128,128,3
16,3,"[8, 192, 0, 0, 0, 0, 0, 0, 0, 0, 0, 0, 0, 0, 0, 4, 0, 0, 0, 0, 0, 0, 0, 0, 0, 0, 0, 0, 0, 0]",1,128,192.0,3076.0,5902501889,5902513237,6264296124,6264298108,0,192,192,-1,1,11348,1984,32,128,128,3
12,3,"[8, 192, 0, 0, 0, 0, 0, 0, 0, 0, 0, 0, 0, 0, 0, 8, 192, 0, 0, 0, 0, 0, 0, 0, 0, 0, 0, 0, 0, 0]",1,128,192.0,4608.0,5902633295,5902644956,6264298300,6264300380,0,1056,1056,-1,1,11661,2080,32,128,128,3
12,3,"[8, 192, 0, 0, 0, 0, 0, 0, 0, 0, 0, 0, 0, 0, 0, 8, 192, 0, 0, 0, 0, 0, 0, 0, 0, 0, 0, 0, 0, 0]",1,128,192.0,4608.0,5902762870,5902773902,6264301436,6264303580,0,640,640,-1,1,11032,2144,32,128,128,3
16,3,"[8, 192, 48, 3, 3, 0, 0, 0, 0, 0, 0, 0, 0, 0, 0, 4, 0, 0, 0, 0, 0, 0, 0, 0, 0, 0, 0, 0, 0, 0]",162,128,82944.0,1327108.0,5902894302,5902906375,6264304220,6264308220,0,320,320,-1,1,12073,4000,32,128,128,3
12,3,"[8, 192, 48, 3, 3, 0, 0, 0, 0, 0, 0, 0, 0, 0, 0, 8, 192, 48, 3, 3, 0, 0, 0, 0, 0, 0, 0, 0, 0, 0]",162,128,82944.0,1990656.0,5903034674,5903046325,6264308540,6264312668,0,352,352,-1,1,11651,4128,32,128,128,3
12,3,"[8, 192, 48, 3, 3, 0, 0, 0, 0, 0, 0, 0, 0, 0, 0, 8, 192, 48, 3, 3, 0, 0, 0, 0, 0, 0, 0, 0, 0, 0]",162,128,82944.0,1990656.0,5903167188,5903178477,6264313020,6264316764,0,1216,1216,-1,1,11289,3744,32,128,128,3
16,3,"[8, 192, 0, 0, 0, 0, 0, 0, 0, 0, 0, 0, 0, 0, 0, 4, 0, 0, 0, 0, 0, 0, 0, 0, 0, 0, 0, 0, 0, 0]",1,128,192.0,3076.0,5903299346,5903310630,6264317980,6264319964,0,512,512,-1,1,11284,1984,32,128,128,3
12,3,"[8, 192, 0, 0, 0, 0, 0, 0, 0, 0, 0, 0, 0, 0, 0, 8, 192, 0, 0, 0, 0, 0, 0, 0, 0, 0, 0, 0, 0, 0]",1,128,192.0,4608.0,5903429981,5903441809,6264320476,6264322908,0,288,288,-1,1,11828,2432,32,128,128,3
12,3,"[8, 192, 0, 0, 0, 0, 0, 0, 0, 0, 0, 0, 0, 0, 0, 8, 192, 0, 0, 0, 0, 0, 0, 0, 0, 0, 0, 0, 0, 0]",1,128,192.0,4608.0,5903560612,5903571808,6264323196,6264324956,0,1312,1312,-1,1,11196,1760,32,128,128,3
16,3,"[8, 192, 0, 0, 0, 0, 0, 0, 0, 0, 0, 0, 0, 0, 0, 4, 0, 0, 0, 0, 0, 0, 0, 0, 0, 0, 0, 0, 0, 0]",1,128,192.0,3076.0,5903690497,5903701790,6264326268,6264328348,0,576,576,-1,1,11293,2080,32,128,128,3
12,3,"[8, 192, 0, 0, 0, 0, 0, 0, 0, 0, 0, 0, 0, 0, 0, 8, 192, 0, 0, 0, 0, 0, 0, 0, 0, 0, 0, 0, 0, 0]",1,128,192.0,4608.0,5903822766,5903833900,6264328924,6264331100,0,256,256,-1,1,11134,2176,32,128,128,3
12,3,"[8, 192, 0, 0, 0, 0, 0, 0, 0, 0, 0, 0, 0, 0, 0, 8, 192, 0, 0, 0, 0, 0, 0, 0, 0, 0, 0, 0, 0, 0]",1,128,192.0,4608.0,5903967882,5903979918,6264331356,6264333148,0,1280,1280,-1,1,12036,1792,32,128,128,3
16,3,"[8, 192, 192, 1, 1, 0, 0, 0, 0, 0, 0, 0, 0, 0, 0, 4, 0, 0, 0, 0, 0, 0, 0, 0, 0, 0, 0, 0, 0, 0]",72,128,36864.0,589828.0,5904102852,5904114348,6264334428,6264337244,0,384,384,-1,1,11496,2816,32,128,128,3
12,3,"[8, 192, 192, 1, 1, 0, 0, 0, 0, 0, 0, 0, 0, 0, 0, 8, 192, 192, 1, 1, 0, 0, 0, 0, 0, 0, 0, 0, 0, 0]",72,128,36864.0,884736.0,5904236091,5904247713,6264337628,6264340796,0,512,512,-1,1,11622,3168,32,128,128,3
12,3,"[8, 192, 192, 1, 1, 0, 0, 0, 0, 0, 0, 0, 0, 0, 0, 8, 192, 192, 1, 1, 0, 0, 0, 0, 0, 0, 0, 0, 0, 0]",72,128,36864.0,884736.0,5904378245,5904389695,6264341308,6264343388,0,1312,1312,-1,1,11450,2080,32,128,128,3
16,3,"[8, 192, 0, 0, 0, 0, 0, 0, 0, 0, 0, 0, 0, 0, 0, 4, 0, 0, 0, 0, 0, 0, 0, 0, 0, 0, 0, 0, 0, 0]",1,128,192.0,3076.0,5904510871,5904522490,6264344700,6264346684,0,544,544,-1,1,11619,1984,32,128,128,3
12,3,"[8, 192, 0, 0, 0, 0, 0, 0, 0, 0, 0, 0, 0, 0, 0, 8, 192, 0, 0, 0, 0, 0, 0, 0, 0, 0, 0, 0, 0, 0]",1,128,192.0,4608.0,5904641236,5904652545,6264347228,6264349372,0,128,128,-1,1,11309,2144,32,128,128,3
12,3,"[8, 192, 0, 0, 0, 0, 0, 0, 0, 0, 0, 0, 0, 0, 0, 8, 192, 0, 0, 0, 0, 0, 0, 0, 0, 0, 0, 0, 0, 0]",1,128,192.0,4608.0,5904782822,5904795573,6264349500,6264351547,0,1,1,-1,1,12751,2047,32,128,128,3
16,3,"[8, 192, 0, 0, 0, 0, 0, 0, 0, 0, 0, 0, 0, 0, 0, 4, 0, 0, 0, 0, 0, 0, 0, 0, 0, 0, 0, 0, 0, 0]",1,128,192.0,3076.0,5904915781,5904926912,6264351548,6264353628,0,1376,1376,-1,1,11131,2080,32,128,128,3
12,3,"[8, 192, 0, 0, 0, 0, 0, 0, 0, 0, 0, 0, 0, 0, 0, 8, 192, 0, 0, 0, 0, 0, 0, 0, 0, 0, 0, 0, 0, 0]",1,128,192.0,4608.0,5905047014,5905058689,6264355004,6264357180,0,512,512,-1,1,11675,2176,32,128,128,3
12,3,"[8, 192, 0, 0, 0, 0, 0, 0, 0, 0, 0, 0, 0, 0, 0, 8, 192, 0, 0, 0, 0, 0, 0, 0, 0, 0, 0, 0, 0, 0]",1,128,192.0,4608.0,5905378822,5905392352,6264357692,6264359772,0,352,352,-1,1,13530,2080,32,128,128,3
16,3,"[8, 192, 192, 1, 1, 0, 0, 0, 0, 0, 0, 0, 0, 0, 0, 4, 0, 0, 0, 0, 0, 0, 0, 0, 0, 0, 0, 0, 0, 0]",72,128,36864.0,589828.0,5905525613,5905538199,6264360124,6264363260,0,544,544,-1,1,12586,3136,32,128,128,3
12,3,"[8, 192, 192, 1, 1, 0, 0, 0, 0, 0, 0, 0, 0, 0, 0, 8, 192, 192, 1, 1, 0, 0, 0, 0, 0, 0, 0, 0, 0, 0]",72,128,36864.0,884736.0,5905662595,5905688259,6264363804,6264365916,0,1280,1280,-1,1,25664,2112,32,128,128,3
12,3,"[8, 192, 192, 1, 1, 0, 0, 0, 0, 0, 0, 0, 0, 0, 0, 8, 192, 192, 1, 1, 0, 0, 0, 0, 0, 0, 0, 0, 0, 0]",72,128,36864.0,884736.0,5905811280,5905822598,6264367196,6264369979,0,1,1,-1,1,11318,2783,32,128,128,3
16,3,"[8, 192, 0, 0, 0, 0, 0, 0, 0, 0, 0, 0, 0, 0, 0, 4, 0, 0, 0, 0, 0, 0, 0, 0, 0, 0, 0, 0, 0, 0]",1,128,192.0,3076.0,5905940676,5905952780,6264369980,6264372060,0,1024,1024,-1,1,12104,2080,32,128,128,3
12,3,"[8, 192, 0, 0, 0, 0, 0, 0, 0, 0, 0, 0, 0, 0, 0, 8, 192, 0, 0, 0, 0, 0, 0, 0, 0, 0, 0, 0, 0, 0]",1,128,192.0,4608.0,5906080925,5906089170,6264373084,6264375324,0,544,544,-1,1,8245,2240,32,128,128,3
12,3,"[8, 192, 0, 0, 0, 0, 0, 0, 0, 0, 0, 0, 0, 0, 0, 8, 192, 0, 0, 0, 0, 0, 0, 0, 0, 0, 0, 0, 0, 0]",1,128,192.0,4608.0,5906170446,5906177941,6264375868,6264378012,0,160,160,-1,1,7495,2144,32,128,128,3
16,3,"[8, 192, 0, 0, 0, 0, 0, 0, 0, 0, 0, 0, 0, 0, 0, 4, 0, 0, 0, 0, 0, 0, 0, 0, 0, 0, 0, 0, 0, 0]",1,128,192.0,3076.0,5906257076,5906265496,6264378172,6264380219,0,1,1,-1,1,8420,2047,32,128,128,3
12,3,"[8, 192, 0, 0, 0, 0, 0, 0, 0, 0, 0, 0, 0, 0, 0, 8, 192, 0, 0, 0, 0, 0, 0, 0, 0, 0, 0, 0, 0, 0]",1,128,192.0,4608.0,5906345889,5906353582,6264380220,6264382300,0,1536,1536,-1,1,7693,2080,32,128,128,3
12,3,"[8, 192, 0, 0, 0, 0, 0, 0, 0, 0, 0, 0, 0, 0, 0, 8, 192, 0, 0, 0, 0, 0, 0, 0, 0, 0, 0, 0, 0, 0]",1,128,192.0,4608.0,5906442719,5906451560,6264383836,6264385980,0,384,384,-1,1,8841,2144,32,128,128,3
16,3,"[8, 192, 48, 3, 3, 0, 0, 0, 0, 0, 0, 0, 0, 0, 0, 4, 0, 0, 0, 0, 0, 0, 0, 0, 0, 0, 0, 0, 0, 0]",162,128,82944.0,1327108.0,5906532971,5906540879,6264386364,6264390332,0,160,160,-1,1,7908,3968,32,128,128,3
12,3,"[8, 192, 48, 3, 3, 0, 0, 0, 0, 0, 0, 0, 0, 0, 0, 8, 192, 48, 3, 3, 0, 0, 0, 0, 0, 0, 0, 0, 0, 0]",162,128,82944.0,1990656.0,5906621978,5906629731,6264390492,6264394587,0,1,1,-1,1,7753,4095,32,128,128,3
12,3,"[8, 192, 48, 3, 3, 0, 0, 0, 0, 0, 0, 0, 0, 0, 0, 8, 192, 48, 3, 3, 0, 0, 0, 0, 0, 0, 0, 0, 0, 0]",162,128,82944.0,1990656.0,5906711050,5906719190,6264394588,6264398684,0,1120,1120,-1,1,8140,4096,32,128,128,3
16,3,"[8, 192, 0, 0, 0, 0, 0, 0, 0, 0, 0, 0, 0, 0, 0, 4, 0, 0, 0, 0, 0, 0, 0, 0, 0, 0, 0, 0, 0, 0]",1,128,192.0,3076.0,5906798050,5906806483,6264399804,6264401788,0,512,512,-1,1,8433,1984,32,128,128,3
12,3,"[8, 192, 0, 0, 0, 0, 0, 0, 0, 0, 0, 0, 0, 0, 0, 8, 192, 0, 0, 0, 0, 0, 0, 0, 0, 0, 0, 0, 0, 0]",1,128,192.0,4608.0,5906885769,5906894267,6264402300,6264404795,0,1,1,-1,1,8498,2495,32,128,128,3
12,3,"[8, 192, 0, 0, 0, 0, 0, 0, 0, 0, 0, 0, 0, 0, 0, 8, 192, 0, 0, 0, 0, 0, 0, 0, 0, 0, 0, 0, 0, 0]",1,128,192.0,4608.0,5906982440,5906990248,6264404796,6264406876,0,1312,1312,-1,1,7808,2080,32,128,128,3
16,3,"[8, 192, 0, 0, 0, 0, 0, 0, 0, 0, 0, 0, 0, 0, 0, 4, 0, 0, 0, 0, 0, 0, 0, 0, 0, 0, 0, 0, 0, 0]",1,128,192.0,3076.0,5907069669,5907078178,6264408188,6264410172,0,512,512,-1,1,8509,1984,32,128,128,3
12,3,"[8, 192, 0, 0, 0, 0, 0, 0, 0, 0, 0, 0, 0, 0, 0, 8, 192, 0, 0, 0, 0, 0, 0, 0, 0, 0, 0, 0, 0, 0]",1,128,192.0,4608.0,5907158923,5907166882,6264410684,6264412860,0,128,128,-1,1,7959,2176,32,128,128,3
12,3,"[8, 192, 0, 0, 0, 0, 0, 0, 0, 0, 0, 0, 0, 0, 0, 8, 192, 0, 0, 0, 0, 0, 0, 0, 0, 0, 0, 0, 0, 0]",1,128,192.0,4608.0,5907247135,5907254473,6264412988,6264415035,0,1,1,-1,1,7338,2047,32,128,128,3
16,3,"[8, 192, 192, 1, 1, 0, 0, 0, 0, 0, 0, 0, 0, 0, 0, 4, 0, 0, 0, 0, 0, 0, 0, 0, 0, 0, 0, 0, 0, 0]",72,128,36864.0,589828.0,5907335290,5907343382,6264415036,6264418940,0,256,256,-1,1,8092,3904,32,128,128,3
12,3,"[8, 192, 192, 1, 1, 0, 0, 0, 0, 0, 0, 0, 0, 0, 0, 8, 192, 192, 1, 1, 0, 0, 0, 0, 0, 0, 0, 0, 0, 0]",72,128,36864.0,884736.0,5907426469,5907434844,6264419196,6264422364,0,608,608,-1,1,8375,3168,32,128,128,3
12,3,"[8, 192, 192, 1, 1, 0, 0, 0, 0, 0, 0, 0, 0, 0, 0, 8, 192, 192, 1, 1, 0, 0, 0, 0, 0, 0, 0, 0, 0, 0]",72,128,36864.0,884736.0,5907516053,5907524155,6264422972,6264425308,0,1024,1024,-1,1,8102,2336,32,128,128,3
16,3,"[8, 192, 0, 0, 0, 0, 0, 0, 0, 0, 0, 0, 0, 0, 0, 4, 0, 0, 0, 0, 0, 0, 0, 0, 0, 0, 0, 0, 0, 0]",1,128,192.0,3076.0,5907627477,5907635700,6264426332,6264428476,0,512,512,-1,1,8223,2144,32,128,128,3
12,3,"[8, 192, 0, 0, 0, 0, 0, 0, 0, 0, 0, 0, 0, 0, 0, 8, 192, 0, 0, 0, 0, 0, 0, 0, 0, 0, 0, 0, 0, 0]",1,128,192.0,4608.0,5907716138,5907723960,6264428988,6264431100,0,352,352,-1,1,7822,2112,32,128,128,3
12,3,"[8, 192, 0, 0, 0, 0, 0, 0, 0, 0, 0, 0, 0, 0, 0, 8, 192, 0, 0, 0, 0, 0, 0, 0, 0, 0, 0, 0, 0, 0]",1,128,192.0,4608.0,5907803165,5907810915,6264431452,6264433500,0,640,640,-1,1,7750,2048,32,128,128,3
16,3,"[8, 192, 0, 0, 0, 0, 0, 0, 0, 0, 0, 0, 0, 0, 0, 4, 0, 0, 0, 0, 0, 0, 0, 0, 0, 0, 0, 0, 0, 0]",1,128,192.0,3076.0,5907889938,5907898426,6264434140,6264435548,0,1504,1504,-1,1,8488,1408,32,128,128,3
12,3,"[8, 192, 0, 0, 0, 0, 0, 0, 0, 0, 0, 0, 0, 0, 0, 8, 192, 0, 0, 0, 0, 0, 0, 0, 0, 0, 0, 0, 0, 0]",1,128,192.0,4608.0,5907977972,5907985744,6264437052,6264439260,0,384,384,-1,1,7772,2208,32,128,128,3
12,3,"[8, 192, 0, 0, 0, 0, 0, 0, 0, 0, 0, 0, 0, 0, 0, 8, 192, 0, 0, 0, 0, 0, 0, 0, 0, 0, 0, 0, 0, 0]",1,128,192.0,4608.0,5908067812,5908075973,6264439644,6264441659,0,1,1,-1,1,8161,2015,32,128,128,3
16,3,"[8, 192, 192, 1, 1, 0, 0, 0, 0, 0, 0, 0, 0, 0, 0, 4, 0, 0, 0, 0, 0, 0, 0, 0, 0, 0, 0, 0, 0, 0]",72,128,36864.0,589828.0,5908167352,5908177105,6264441660,6264445276,0,480,480,-1,1,9753,3616,32,128,128,3
12,3,"[8, 192, 192, 1, 1, 0, 0, 0, 0, 0, 0, 0, 0, 0, 0, 8, 192, 192, 1, 1, 0, 0, 0, 0, 0, 0, 0, 0, 0, 0]",72,128,36864.0,884736.0,5908259366,5908267463,6264445756,6264447836,0,1600,1600,-1,1,8097,2080,32,128,128,3
12,3,"[8, 192, 192, 1, 1, 0, 0, 0, 0, 0, 0, 0, 0, 0, 0, 8, 192, 192, 1, 1, 0, 0, 0, 0, 0, 0, 0, 0, 0, 0]",72,128,36864.0,884736.0,5908355912,5908364059,6264449436,6264451932,0,543,543,-1,1,8147,2496,32,128,128,3
16,3,"[8, 192, 0, 0, 0, 0, 0, 0, 0, 0, 0, 0, 0, 0, 0, 4, 0, 0, 0, 0, 0, 0, 0, 0, 0, 0, 0, 0, 0, 0]",1,128,192.0,3076.0,5908444247,5908451988,6264452475,6264453980,0,1472,1472,-1,1,7741,1505,32,128,128,3
12,3,"[8, 192, 0, 0, 0, 0, 0, 0, 0, 0, 0, 0, 0, 0, 0, 8, 192, 0, 0, 0, 0, 0, 0, 0, 0, 0, 0, 0, 0, 0]",1,128,192.0,4608.0,5908531106,5908538646,6264455452,6264457596,0,480,480,-1,1,7540,2144,32,128,128,3
12,3,"[8, 192, 0, 0, 0, 0, 0, 0, 0, 0, 0, 0, 0, 0, 0, 8, 192, 0, 0, 0, 0, 0, 0, 0, 0, 0, 0, 0, 0, 0]",1,128,192.0,4608.0,5908617061,5908624406,6264458076,6264460091,0,1,1,-1,1,7345,2015,32,128,128,3
16,3,"[8, 192, 0, 0, 0, 0, 0, 0, 0, 0, 0, 0, 0, 0, 0, 4, 0, 0, 0, 0, 0, 0, 0, 0, 0, 0, 0, 0, 0, 0]",1,128,192.0,3076.0,5908712665,5908720958,6264460092,6264462171,0,1089,1089,-1,1,8293,2079,32,128,128,3
12,3,"[8, 192, 0, 0, 0, 0, 0, 0, 0, 0, 0, 0, 0, 0, 0, 8, 192, 0, 0, 0, 0, 0, 0, 0, 0, 0, 0, 0, 0, 0]",1,128,192.0,4608.0,5908803002,5908810621,6264463260,6264465404,0,480,480,-1,1,7619,2144,32,128,128,3
12,3,"[8, 192, 0, 0, 0, 0, 0, 0, 0, 0, 0, 0, 0, 0, 0, 8, 192, 0, 0, 0, 0, 0, 0, 0, 0, 0, 0, 0, 0, 0]",1,128,192.0,4608.0,5908890091,5908897722,6264465884,6264468028,0,256,256,-1,1,7631,2144,32,128,128,3
16,3,"[8, 192, 48, 3, 3, 0, 0, 0, 0, 0, 0, 0, 0, 0, 0, 4, 0, 0, 0, 0, 0, 0, 0, 0, 0, 0, 0, 0, 0, 0]",162,128,82944.0,1327108.0,5908978976,5908986736,6264468284,6264472412,0,352,352,-1,1,7760,4128,32,128,128,3
12,3,"[8, 192, 48, 3, 3, 0, 0, 0, 0, 0, 0, 0, 0, 0, 0, 8, 192, 48, 3, 3, 0, 0, 0, 0, 0, 0, 0, 0, 0, 0]",162,128,82944.0,1990656.0,5909067164,5909075008,6264472764,6264476508,0,1184,1184,-1,1,7844,3744,32,128,128,3
12,3,"[8, 192, 48, 3, 3, 0, 0, 0, 0, 0, 0, 0, 0, 0, 0, 8, 192, 48, 3, 3, 0, 0, 0, 0, 0, 0, 0, 0, 0, 0]",162,128,82944.0,1990656.0,5909154097,5909161533,6264477692,6264480603,0,1505,1505,-1,1,7436,2911,32,128,128,3
16,3,"[8, 192, 0, 0, 0, 0, 0, 0, 0, 0, 0, 0, 0, 0, 0, 4, 0, 0, 0, 0, 0, 0, 0, 0, 0, 0, 0, 0, 0, 0]",1,128,192.0,3076.0,5909241297,5909249514,6264482108,6264484124,0,511,511,-1,1,8217,2016,32,128,128,3
12,3,"[8, 192, 0, 0, 0, 0, 0, 0, 0, 0, 0, 0, 0, 0, 0, 8, 192, 0, 0, 0, 0, 0, 0, 0, 0, 0, 0, 0, 0, 0]",1,128,192.0,4608.0,5909478853,5909489884,6264484635,6264486747,0,608,608,-1,1,11031,2112,32,128,128,3
12,3,"[8, 192, 0, 0, 0, 0, 0, 0, 0, 0, 0, 0, 0, 0, 0, 8, 192, 0, 0, 0, 0, 0, 0, 0, 0, 0, 0, 0, 0, 0]",1,128,192.0,4608.0,5909580170,5909589537,6264487355,6264489884,0,608,608,-1,1,9367,2529,32,128,128,3
16,3,"[8, 192, 0, 0, 0, 0, 0, 0, 0, 0, 0, 0, 0, 0, 0, 4, 0, 0, 0, 0, 0, 0, 0, 0, 0, 0, 0, 0, 0, 0]",1,128,192.0,3076.0,5909672108,5909680494,6264490492,6264492508,0,352,352,-1,1,8386,2016,32,128,128,3
12,3,"[8, 192, 0, 0, 0, 0, 0, 0, 0, 0, 0, 0, 0, 0, 0, 8, 192, 0, 0, 0, 0, 0, 0, 0, 0, 0, 0, 0, 0, 0]",1,128,192.0,4608.0,5909759658,5909767271,6264492860,6264494939,0,641,641,-1,1,7613,2079,32,128,128,3
12,3,"[8, 192, 0, 0, 0, 0, 0, 0, 0, 0, 0, 0, 0, 0, 0, 8, 192, 0, 0, 0, 0, 0, 0, 0, 0, 0, 0, 0, 0, 0]",1,128,192.0,4608.0,5909846998,5909854540,6264495580,6264498044,0,511,511,-1,1,7542,2464,32,128,128,3
16,3,"[8, 192, 192, 1, 1, 0, 0, 0, 0, 0, 0, 0, 0, 0, 0, 4, 0, 0, 0, 0, 0, 0, 0, 0, 0, 0, 0, 0, 0, 0]",72,128,36864.0,589828.0,5909943049,5909951741,6264498555,6264501083,0,544,544,-1,1,8692,2528,32,128,128,3
12,3,"[8, 192, 192, 1, 1, 0, 0, 0, 0, 0, 0, 0, 0, 0, 0, 8, 192, 192, 1, 1, 0, 0, 0, 0, 0, 0, 0, 0, 0, 0]",72,128,36864.0,884736.0,5910033672,5910041970,6264501627,6264504763,0,385,385,-1,1,8298,3136,32,128,128,3
12,3,"[8, 192, 192, 1, 1, 0, 0, 0, 0, 0, 0, 0, 0, 0, 0, 8, 192, 192, 1, 1, 0, 0, 0, 0, 0, 0, 0, 0, 0, 0]",72,128,36864.0,884736.0,5910123298,5910131100,6264505148,6264507227,0,1473,1473,-1,1,7802,2079,32,128,128,3
16,3,"[8, 192, 0, 0, 0, 0, 0, 0, 0, 0, 0, 0, 0, 0, 0, 4, 0, 0, 0, 0, 0, 0, 0, 0, 0, 0, 0, 0, 0, 0]",1,128,192.0,3076.0,5910211185,5910219197,6264508700,6264510684,0,511,511,-1,1,8012,1984,32,128,128,3
12,3,"[8, 192, 0, 0, 0, 0, 0, 0, 0, 0, 0, 0, 0, 0, 0, 8, 192, 0, 0, 0, 0, 0, 0, 0, 0, 0, 0, 0, 0, 0]",1,128,192.0,4608.0,5910299989,5910308011,6264511195,6264513338,0,1,1,-1,1,8022,2143,32,128,128,3
12,3,"[8, 192, 0, 0, 0, 0, 0, 0, 0, 0, 0, 0, 0, 0, 0, 8, 192, 0, 0, 0, 0, 0, 0, 0, 0, 0, 0, 0, 0, 0]",1,128,192.0,4608.0,5910389486,5910397903,6264513339,6264515420,0,1184,1184,-1,1,8417,2081,32,128,128,3
16,3,"[8, 192, 0, 0, 0, 0, 0, 0, 0, 0, 0, 0, 0, 0, 0, 4, 0, 0, 0, 0, 0, 0, 0, 0, 0, 0, 0, 0, 0, 0]",1,128,192.0,3076.0,5910478741,5910486465,6264516604,6264518620,0,479,479,-1,1,7724,2016,32,128,128,3
12,3,"[8, 192, 0, 0, 0, 0, 0, 0, 0, 0, 0, 0, 0, 0, 0, 8, 192, 0, 0, 0, 0, 0, 0, 0, 0, 0, 0, 0, 0, 0]",1,128,192.0,4608.0,5910574816,5910582781,6264519099,6264521307,0,257,257,-1,1,7965,2208,32,128,128,3
12,3,"[8, 192, 0, 0, 0, 0, 0, 0, 0, 0, 0, 0, 0, 0, 0, 8, 192, 0, 0, 0, 0, 0, 0, 0, 0, 0, 0, 0, 0, 0]",1,128,192.0,4608.0,5910662741,5910670272,6264521564,6264523611,0,1088,1088,-1,1,7531,2047,32,128,128,3
16,3,"[8, 192, 192, 1, 1, 0, 0, 0, 0, 0, 0, 0, 0, 0, 0, 4, 0, 0, 0, 0, 0, 0, 0, 0, 0, 0, 0, 0, 0, 0]",72,128,36864.0,589828.0,5910750839,5910758724,6264524699,6264527483,0,192,192,-1,1,7885,2784,32,128,128,3
12,3,"[8, 192, 192, 1, 1, 0, 0, 0, 0, 0, 0, 0, 0, 0, 0, 8, 192, 192, 1, 1, 0, 0, 0, 0, 0, 0, 0, 0, 0, 0]",72,128,36864.0,884736.0,5910840090,5910848294,6264527675,6264530908,0,543,543,-1,1,8204,3233,32,128,128,3
12,3,"[8, 192, 192, 1, 1, 0, 0, 0, 0, 0, 0, 0, 0, 0, 0, 8, 192, 192, 1, 1, 0, 0, 0, 0, 0, 0, 0, 0, 0, 0]",72,128,36864.0,884736.0,5910929030,5910937049,6264531451,6264533851,0,640,640,-1,1,8019,2400,32,128,128,3
16,3,"[8, 192, 0, 0, 0, 0, 0, 0, 0, 0, 0, 0, 0, 0, 0, 4, 0, 0, 0, 0, 0, 0, 0, 0, 0, 0, 0, 0, 0, 0]",1,128,192.0,3076.0,5911016279,5911024206,6264534491,6264535899,0,1472,1472,-1,1,7927,1408,32,128,128,3
12,3,"[8, 192, 0, 0, 0, 0, 0, 0, 0, 0, 0, 0, 0, 0, 0, 8, 192, 0, 0, 0, 0, 0, 0, 0, 0, 0, 0, 0, 0, 0]",1,128,192.0,4608.0,5911113929,5911121958,6264537371,6264539547,0,416,416,-1,1,8029,2176,32,128,128,3
12,3,"[8, 192, 0, 0, 0, 0, 0, 0, 0, 0, 0, 0, 0, 0, 0, 8, 192, 0, 0, 0, 0, 0, 0, 0, 0, 0, 0, 0, 0, 0]",1,128,192.0,4608.0,5911204190,5911211925,6264539963,6264542042,0,1,1,-1,1,7735,2079,32,128,128,3
16,3,"[8, 192, 0, 0, 0, 0, 0, 0, 0, 0, 0, 0, 0, 0, 0, 4, 0, 0, 0, 0, 0, 0, 0, 0, 0, 0, 0, 0, 0, 0]",1,128,192.0,3076.0,5911292494,5911300985,6264542043,6264544091,0,1184,1184,-1,1,8491,2048,32,128,128,3
12,3,"[8, 192, 0, 0, 0, 0, 0, 0, 0, 0, 0, 0, 0, 0, 0, 8, 192, 0, 0, 0, 0, 0, 0, 0, 0, 0, 0, 0, 0, 0]",1,128,192.0,4608.0,5911382644,5911390506,6264545275,6264547419,0,640,640,-1,1,7862,2144,32,128,128,3
12,3,"[8, 192, 0, 0, 0, 0, 0, 0, 0, 0, 0, 0, 0, 0, 0, 8, 192, 0, 0, 0, 0, 0, 0, 0, 0, 0, 0, 0, 0, 0]",1,128,192.0,4608.0,5911470107,5911477729,6264548059,6264550202,0,1,1,-1,1,7622,2143,32,128,128,3
16,3,"[8, 192, 48, 3, 3, 0, 0, 0, 0, 0, 0, 0, 0, 0, 0, 4, 0, 0, 0, 0, 0, 0, 0, 0, 0, 0, 0, 0, 0, 0]",162,128,82944.0,1327108.0,5911560381,5911568365,6264550203,6264554331,0,480,480,-1,1,7984,4128,32,128,128,3
12,3,"[8, 192, 48, 3, 3, 0, 0, 0, 0, 0, 0, 0, 0, 0, 0, 8, 192, 48, 3, 3, 0, 0, 0, 0, 0, 0, 0, 0, 0, 0]",162,128,82944.0,1990656.0,5911658486,5911666811,6264554811,6264558427,0,1408,1408,-1,1,8325,3616,32,128,128,3
12,3,"[8, 192, 48, 3, 3, 0, 0, 0, 0, 0, 0, 0, 0, 0, 0, 8, 192, 48, 3, 3, 0, 0, 0, 0, 0, 0, 0, 0, 0, 0]",162,128,82944.0,1990656.0,5911748607,5911756356,6264559835,6264563643,0,608,608,-1,1,7749,3808,32,128,128,3
16,3,"[8, 192, 0, 0, 0, 0, 0, 0, 0, 0, 0, 0, 0, 0, 0, 4, 0, 0, 0, 0, 0, 0, 0, 0, 0, 0, 0, 0, 0, 0]",1,128,192.0,3076.0,5911835947,5911844220,6264564251,6264566363,0,224,224,-1,1,8273,2112,32,128,128,3
12,3,"[8, 192, 0, 0, 0, 0, 0, 0, 0, 0, 0, 0, 0, 0, 0, 8, 192, 0, 0, 0, 0, 0, 0, 0, 0, 0, 0, 0, 0, 0]",1,128,192.0,4608.0,5911924116,5911932229,6264566587,6264568667,0,1024,1024,-1,1,8113,2080,32,128,128,3
12,3,"[8, 192, 0, 0, 0, 0, 0, 0, 0, 0, 0, 0, 0, 0, 0, 8, 192, 0, 0, 0, 0, 0, 0, 0, 0, 0, 0, 0, 0, 0]",1,128,192.0,4608.0,5912011101,5912019274,6264569691,6264571899,0,608,608,-1,1,8173,2208,32,128,128,3
16,3,"[8, 192, 0, 0, 0, 0, 0, 0, 0, 0, 0, 0, 0, 0, 0, 4, 0, 0, 0, 0, 0, 0, 0, 0, 0, 0, 0, 0, 0, 0]",1,128,192.0,3076.0,5912097651,5912106046,6264572507,6264574491,0,288,288,-1,1,8395,1984,32,128,128,3
12,3,"[8, 192, 0, 0, 0, 0, 0, 0, 0, 0, 0, 0, 0, 0, 0, 8, 192, 0, 0, 0, 0, 0, 0, 0, 0, 0, 0, 0, 0, 0]",1,128,192.0,4608.0,5912186725,5912194361,6264574779,6264576859,0,576,576,-1,1,7636,2080,32,128,128,3
12,3,"[8, 192, 0, 0, 0, 0, 0, 0, 0, 0, 0, 0, 0, 0, 0, 8, 192, 0, 0, 0, 0, 0, 0, 0, 0, 0, 0, 0, 0, 0]",1,128,192.0,4608.0,5912283289,5912291145,6264577435,6264579995,0,512,512,-1,1,7856,2560,32,128,128,3
16,3,"[8, 192, 192, 1, 1, 0, 0, 0, 0, 0, 0, 0, 0, 0, 0, 4, 0, 0, 0, 0, 0, 0, 0, 0, 0, 0, 0, 0, 0, 0]",72,128,36864.0,589828.0,5912381675,5912390834,6264580507,6264583002,0,1,1,-1,1,9159,2495,32,128,128,3
12,3,"[8, 192, 192, 1, 1, 0, 0, 0, 0, 0, 0, 0, 0, 0, 0, 8, 192, 192, 1, 1, 0, 0, 0, 0, 0, 0, 0, 0, 0, 0]",72,128,36864.0,884736.0,5912474774,5912482923,6264583003,6264586811,0,288,288,-1,1,8149,3808,32,128,128,3
12,3,"[8, 192, 192, 1, 1, 0, 0, 0, 0, 0, 0, 0, 0, 0, 0, 8, 192, 192, 1, 1, 0, 0, 0, 0, 0, 0, 0, 0, 0, 0]",72,128,36864.0,884736.0,5912563197,5912571422,6264587099,6264590331,0,640,640,-1,1,8225,3232,32,128,128,3
16,3,"[8, 192, 0, 0, 0, 0, 0, 0, 0, 0, 0, 0, 0, 0, 0, 4, 0, 0, 0, 0, 0, 0, 0, 0, 0, 0, 0, 0, 0, 0]",1,128,192.0,3076.0,5912651563,5912659846,6264590971,6264592955,0,256,256,-1,1,8283,1984,32,128,128,3
12,3,"[8, 192, 0, 0, 0, 0, 0, 0, 0, 0, 0, 0, 0, 0, 0, 8, 192, 0, 0, 0, 0, 0, 0, 0, 0, 0, 0, 0, 0, 0]",1,128,192.0,4608.0,5912740408,5912748323,6264593211,6264595291,0,608,608,-1,1,7915,2080,32,128,128,3
12,3,"[8, 192, 0, 0, 0, 0, 0, 0, 0, 0, 0, 0, 0, 0, 0, 8, 192, 0, 0, 0, 0, 0, 0, 0, 0, 0, 0, 0, 0, 0]",1,128,192.0,4608.0,5912836332,5912844125,6264595899,6264598395,0,512,512,-1,1,7793,2496,32,128,128,3
16,3,"[8, 192, 0, 0, 0, 0, 0, 0, 0, 0, 0, 0, 0, 0, 0, 4, 0, 0, 0, 0, 0, 0, 0, 0, 0, 0, 0, 0, 0, 0]",1,128,192.0,3076.0,5912925984,5912934003,6264598907,6264600859,0,544,544,-1,1,8019,1952,32,128,128,3
12,3,"[8, 192, 0, 0, 0, 0, 0, 0, 0, 0, 0, 0, 0, 0, 0, 8, 192, 0, 0, 0, 0, 0, 0, 0, 0, 0, 0, 0, 0, 0]",1,128,192.0,4608.0,5913014288,5913022168,6264601403,6264603483,0,384,384,-1,1,7880,2080,32,128,128,3
12,3,"[8, 192, 0, 0, 0, 0, 0, 0, 0, 0, 0, 0, 0, 0, 0, 8, 192, 0, 0, 0, 0, 0, 0, 0, 0, 0, 0, 0, 0, 0]",1,128,192.0,4608.0,5913101069,5913108679,6264603867,6264605531,0,1344,1344,-1,1,7610,1664,32,128,128,3
16,3,"[8, 192, 192, 1, 1, 0, 0, 0, 0, 0, 0, 0, 0, 0, 0, 4, 0, 0, 0, 0, 0, 0, 0, 0, 0, 0, 0, 0, 0, 0]",72,128,36864.0,589828.0,5913190295,5913198332,6264606875,6264609594,0,1,1,-1,1,8037,2719,32,128,128,3
12,3,"[8, 192, 192, 1, 1, 0, 0, 0, 0, 0, 0, 0, 0, 0, 0, 8, 192, 192, 1, 1, 0, 0, 0, 0, 0, 0, 0, 0, 0, 0]",72,128,36864.0,884736.0,5913435488,5913446559,6264609595,6264613147,0,512,512,-1,1,11071,3552,32,128,128,3
12,3,"[8, 192, 192, 1, 1, 0, 0, 0, 0, 0, 0, 0, 0, 0, 0, 8, 192, 192, 1, 1, 0, 0, 0, 0, 0, 0, 0, 0, 0, 0]",72,128,36864.0,884736.0,5913531817,5913540413,6264613659,6264615771,0,1280,1280,-1,1,8596,2112,32,128,128,3
16,3,"[8, 192, 0, 0, 0, 0, 0, 0, 0, 0, 0, 0, 0, 0, 0, 4, 0, 0, 0, 0, 0, 0, 0, 0, 0, 0, 0, 0, 0, 0]",1,128,192.0,3076.0,5913623826,5913632480,6264617051,6264619035,0,512,512,-1,1,8654,1984,32,128,128,3
12,3,"[8, 192, 0, 0, 0, 0, 0, 0, 0, 0, 0, 0, 0, 0, 0, 8, 192, 0, 0, 0, 0, 0, 0, 0, 0, 0, 0, 0, 0, 0]",1,128,192.0,4608.0,5913713324,5913720867,6264619547,6264621755,0,256,256,-1,1,7543,2208,32,128,128,3
12,3,"[8, 192, 0, 0, 0, 0, 0, 0, 0, 0, 0, 0, 0, 0, 0, 8, 192, 0, 0, 0, 0, 0, 0, 0, 0, 0, 0, 0, 0, 0]",1,128,192.0,4608.0,5913800499,5913808381,6264622011,6264623963,0,1152,1152,-1,1,7882,1952,32,128,128,3
16,3,"[8, 192, 0, 0, 0, 0, 0, 0, 0, 0, 0, 0, 0, 0, 0, 4, 0, 0, 0, 0, 0, 0, 0, 0, 0, 0, 0, 0, 0, 0]",1,128,192.0,3076.0,5913886874,5913894721,6264625115,6264627099,0,608,608,-1,1,7847,1984,32,128,128,3
12,3,"[8, 192, 0, 0, 0, 0, 0, 0, 0, 0, 0, 0, 0, 0, 0, 8, 192, 0, 0, 0, 0, 0, 0, 0, 0, 0, 0, 0, 0, 0]",1,128,192.0,4608.0,5913976290,5913984126,6264627707,6264629851,0,224,224,-1,1,7836,2144,32,128,128,3
12,3,"[8, 192, 0, 0, 0, 0, 0, 0, 0, 0, 0, 0, 0, 0, 0, 8, 192, 0, 0, 0, 0, 0, 0, 0, 0, 0, 0, 0, 0, 0]",1,128,192.0,4608.0,5914075109,5914083194,6264630075,6264632155,0,640,640,-1,1,8085,2080,32,128,128,3
16,3,"[8, 192, 48, 3, 3, 0, 0, 0, 0, 0, 0, 0, 0, 0, 0, 4, 0, 0, 0, 0, 0, 0, 0, 0, 0, 0, 0, 0, 0, 0]",162,128,82944.0,1327108.0,5914165413,5914173418,6264632795,6264636251,0,1312,1312,-1,1,8005,3456,32,128,128,3
12,3,"[8, 192, 48, 3, 3, 0, 0, 0, 0, 0, 0, 0, 0, 0, 0, 8, 192, 48, 3, 3, 0, 0, 0, 0, 0, 0, 0, 0, 0, 0]",162,128,82944.0,1990656.0,5914256063,5914263861,6264637563,6264641563,0,608,608,-1,1,7798,4000,32,128,128,3
12,3,"[8, 192, 48, 3, 3, 0, 0, 0, 0, 0, 0, 0, 0, 0, 0, 8, 192, 48, 3, 3, 0, 0, 0, 0, 0, 0, 0, 0, 0, 0]",162,128,82944.0,1990656.0,5914347001,5914354984,6264642171,6264645979,0,512,512,-1,1,7983,3808,32,128,128,3
16,3,"[8, 192, 0, 0, 0, 0, 0, 0, 0, 0, 0, 0, 0, 0, 0, 4, 0, 0, 0, 0, 0, 0, 0, 0, 0, 0, 0, 0, 0, 0]",1,128,192.0,3076.0,5914437237,5914445205,6264646491,6264648506,0,1,1,-1,1,7968,2015,32,128,128,3
12,3,"[8, 192, 0, 0, 0, 0, 0, 0, 0, 0, 0, 0, 0, 0, 0, 8, 192, 0, 0, 0, 0, 0, 0, 0, 0, 0, 0, 0, 0, 0]",1,128,192.0,4608.0,5914527107,5914534852,6264648507,6264650587,0,1472,1472,-1,1,7745,2080,32,128,128,3
12,3,"[8, 192, 0, 0, 0, 0, 0, 0, 0, 0, 0, 0, 0, 0, 0, 8, 192, 0, 0, 0, 0, 0, 0, 0, 0, 0, 0, 0, 0, 0]",1,128,192.0,4608.0,5914623861,5914632290,6264652059,6264654203,0,448,448,-1,1,8429,2144,32,128,128,3
16,3,"[8, 192, 0, 0, 0, 0, 0, 0, 0, 0, 0, 0, 0, 0, 0, 4, 0, 0, 0, 0, 0, 0, 0, 0, 0, 0, 0, 0, 0, 0]",1,128,192.0,3076.0,5914712745,5914721700,6264654651,6264656698,0,1,1,-1,1,8955,2047,32,128,128,3
12,3,"[8, 192, 0, 0, 0, 0, 0, 0, 0, 0, 0, 0, 0, 0, 0, 8, 192, 0, 0, 0, 0, 0, 0, 0, 0, 0, 0, 0, 0, 0]",1,128,192.0,4608.0,5914801466,5914808905,6264656699,6264658779,0,1120,1120,-1,1,7439,2080,32,128,128,3
12,3,"[8, 192, 0, 0, 0, 0, 0, 0, 0, 0, 0, 0, 0, 0, 0, 8, 192, 0, 0, 0, 0, 0, 0, 0, 0, 0, 0, 0, 0, 0]",1,128,192.0,4608.0,5914886537,5914894300,6264659899,6264662043,0,480,480,-1,1,7763,2144,32,128,128,3
16,3,"[8, 192, 192, 1, 1, 0, 0, 0, 0, 0, 0, 0, 0, 0, 0, 4, 0, 0, 0, 0, 0, 0, 0, 0, 0, 0, 0, 0, 0, 0]",72,128,36864.0,589828.0,5914974140,5914982738,6264662523,6264664923,0,640,640,-1,1,8598,2400,32,128,128,3
12,3,"[8, 192, 192, 1, 1, 0, 0, 0, 0, 0, 0, 0, 0, 0, 0, 8, 192, 192, 1, 1, 0, 0, 0, 0, 0, 0, 0, 0, 0, 0]",72,128,36864.0,884736.0,5915061965,5915069500,6264665563,6264668763,0,256,256,-1,1,7535,3200,32,128,128,3
12,3,"[8, 192, 192, 1, 1, 0, 0, 0, 0, 0, 0, 0, 0, 0, 0, 8, 192, 192, 1, 1, 0, 0, 0, 0, 0, 0, 0, 0, 0, 0]",72,128,36864.0,884736.0,5915149555,5915168177,6264669019,6264671067,0,1632,1632,-1,1,18622,2048,32,128,128,3
16,3,"[8, 192, 0, 0, 0, 0, 0, 0, 0, 0, 0, 0, 0, 0, 0, 4, 0, 0, 0, 0, 0, 0, 0, 0, 0, 0, 0, 0, 0, 0]",1,128,192.0,3076.0,5915250709,5915258672,6264672699,6264674747,0,384,384,-1,1,7963,2048,32,128,128,3
12,3,"[8, 192, 0, 0, 0, 0, 0, 0, 0, 0, 0, 0, 0, 0, 0, 8, 192, 0, 0, 0, 0, 0, 0, 0, 0, 0, 0, 0, 0, 0]",1,128,192.0,4608.0,5915338960,5915346727,6264675131,6264677211,0,576,576,-1,1,7767,2080,32,128,128,3
12,3,"[8, 192, 0, 0, 0, 0, 0, 0, 0, 0, 0, 0, 0, 0, 0, 8, 192, 0, 0, 0, 0, 0, 0, 0, 0, 0, 0, 0, 0, 0]",1,128,192.0,4608.0,5915426115,5915433839,6264677787,6264680283,0,576,576,-1,1,7724,2496,32,128,128,3
16,3,"[8, 192, 0, 0, 0, 0, 0, 0, 0, 0, 0, 0, 0, 0, 0, 4, 0, 0, 0, 0, 0, 0, 0, 0, 0, 0, 0, 0, 0, 0]",1,128,192.0,3076.0,5915512022,5915519944,6264680859,6264682875,0,448,448,-1,1,7922,2016,32,128,128,3
12,3,"[8, 192, 0, 0, 0, 0, 0, 0, 0, 0, 0, 0, 0, 0, 0, 8, 192, 0, 0, 0, 0, 0, 0, 0, 0, 0, 0, 0, 0, 0]",1,128,192.0,4608.0,5915600401,5915608032,6264683323,6264685370,0,1,1,-1,1,7631,2047,32,128,128,3
12,3,"[8, 192, 0, 0, 0, 0, 0, 0, 0, 0, 0, 0, 0, 0, 0, 8, 192, 0, 0, 0, 0, 0, 0, 0, 0, 0, 0, 0, 0, 0]",1,128,192.0,4608.0,5915687368,5915694968,6264685371,6264687451,0,1376,1376,-1,1,7600,2080,32,128,128,3
16,3,"[8, 192, 192, 1, 1, 0, 0, 0, 0, 0, 0, 0, 0, 0, 0, 4, 0, 0, 0, 0, 0, 0, 0, 0, 0, 0, 0, 0, 0, 0]",72,128,36864.0,589828.0,5915787428,5915796392,6264688827,6264691514,0,1,1,-1,1,8964,2687,32,128,128,3
12,3,"[8, 192, 192, 1, 1, 0, 0, 0, 0, 0, 0, 0, 0, 0, 0, 8, 192, 192, 1, 1, 0, 0, 0, 0, 0, 0, 0, 0, 0, 0]",72,128,36864.0,884736.0,5915877774,5915886038,6264691515,6264695003,0,544,544,-1,1,8264,3488,32,128,128,3
12,3,"[8, 192, 192, 1, 1, 0, 0, 0, 0, 0, 0, 0, 0, 0, 0, 8, 192, 192, 1, 1, 0, 0, 0, 0, 0, 0, 0, 0, 0, 0]",72,128,36864.0,884736.0,5915964384,5915972116,6264695547,6264697691,0,1376,1376,-1,1,7732,2144,32,128,128,3
16,3,"[8, 192, 0, 0, 0, 0, 0, 0, 0, 0, 0, 0, 0, 0, 0, 4, 0, 0, 0, 0, 0, 0, 0, 0, 0, 0, 0, 0, 0, 0]",1,128,192.0,3076.0,5916052036,5916060058,6264699067,6264701051,0,512,512,-1,1,8022,1984,32,128,128,3
12,3,"[8, 192, 0, 0, 0, 0, 0, 0, 0, 0, 0, 0, 0, 0, 0, 8, 192, 0, 0, 0, 0, 0, 0, 0, 0, 0, 0, 0, 0, 0]",1,128,192.0,4608.0,5916139799,5916145834,6264701563,6264703802,0,1,1,-1,1,6035,2239,32,128,128,3
12,3,"[8, 192, 0, 0, 0, 0, 0, 0, 0, 0, 0, 0, 0, 0, 0, 8, 192, 0, 0, 0, 0, 0, 0, 0, 0, 0, 0, 0, 0, 0]",1,128,192.0,4608.0,5916201157,5916207063,6264703803,6264705883,0,1120,1120,-1,1,5906,2080,32,128,128,3
16,3,"[8, 192, 0, 0, 0, 0, 0, 0, 0, 0, 0, 0, 0, 0, 0, 4, 0, 0, 0, 0, 0, 0, 0, 0, 0, 0, 0, 0, 0, 0]",1,128,192.0,3076.0,5916268778,5916275382,6264707003,6264708987,0,512,512,-1,1,6604,1984,32,128,128,3
12,3,"[8, 192, 0, 0, 0, 0, 0, 0, 0, 0, 0, 0, 0, 0, 0, 8, 192, 0, 0, 0, 0, 0, 0, 0, 0, 0, 0, 0, 0, 0]",1,128,192.0,4608.0,5916339856,5916346065,6264709499,6264711707,0,288,288,-1,1,6209,2208,32,128,128,3
12,3,"[8, 192, 0, 0, 0, 0, 0, 0, 0, 0, 0, 0, 0, 0, 0, 8, 192, 0, 0, 0, 0, 0, 0, 0, 0, 0, 0, 0, 0, 0]",1,128,192.0,4608.0,5916401655,5916407930,6264711995,6264714042,0,1,1,-1,1,6275,2047,32,128,128,3
16,3,"[8, 192, 48, 3, 3, 0, 0, 0, 0, 0, 0, 0, 0, 0, 0, 4, 0, 0, 0, 0, 0, 0, 0, 0, 0, 0, 0, 0, 0, 0]",162,128,82944.0,1327108.0,5916464344,5916471054,6264714043,6264718171,0,1216,1216,-1,1,6710,4128,32,128,128,3
12,3,"[8, 192, 48, 3, 3, 0, 0, 0, 0, 0, 0, 0, 0, 0, 0, 8, 192, 48, 3, 3, 0, 0, 0, 0, 0, 0, 0, 0, 0, 0]",162,128,82944.0,1990656.0,5916527814,5916533289,6264719387,6264723291,0,512,512,-1,1,5475,3904,32,128,128,3
12,3,"[8, 192, 48, 3, 3, 0, 0, 0, 0, 0, 0, 0, 0, 0, 0, 8, 192, 48, 3, 3, 0, 0, 0, 0, 0, 0, 0, 0, 0, 0]",162,128,82944.0,1990656.0,5916588311,5916593760,6264723803,6264727803,0,576,576,-1,1,5449,4000,32,128,128,3
16,3,"[8, 192, 0, 0, 0, 0, 0, 0, 0, 0, 0, 0, 0, 0, 0, 4, 0, 0, 0, 0, 0, 0, 0, 0, 0, 0, 0, 0, 0, 0]",1,128,192.0,3076.0,5916650018,5916655909,6264728379,6264730363,0,64,64,-1,1,5891,1984,32,128,128,3
12,3,"[8, 192, 0, 0, 0, 0, 0, 0, 0, 0, 0, 0, 0, 0, 0, 8, 192, 0, 0, 0, 0, 0, 0, 0, 0, 0, 0, 0, 0, 0]",1,128,192.0,4608.0,5916718177,5916724059,6264730427,6264732507,0,1472,1472,-1,1,5882,2080,32,128,128,3
12,3,"[8, 192, 0, 0, 0, 0, 0, 0, 0, 0, 0, 0, 0, 0, 0, 8, 192, 0, 0, 0, 0, 0, 0, 0, 0, 0, 0, 0, 0, 0]",1,128,192.0,4608.0,5916781165,5916787081,6264733979,6264736123,0,480,480,-1,1,5916,2144,32,128,128,3
16,3,"[8, 192, 0, 0, 0, 0, 0, 0, 0, 0, 0, 0, 0, 0, 0, 4, 0, 0, 0, 0, 0, 0, 0, 0, 0, 0, 0, 0, 0, 0]",1,128,192.0,3076.0,5916946615,5916954816,6264736603,6264738618,0,1,1,-1,1,8201,2015,32,128,128,3
12,3,"[8, 192, 0, 0, 0, 0, 0, 0, 0, 0, 0, 0, 0, 0, 0, 8, 192, 0, 0, 0, 0, 0, 0, 0, 0, 0, 0, 0, 0, 0]",1,128,192.0,4608.0,5917021430,5917028337,6264738619,6264740699,0,1312,1312,-1,1,6907,2080,32,128,128,3
12,3,"[8, 192, 0, 0, 0, 0, 0, 0, 0, 0, 0, 0, 0, 0, 0, 8, 192, 0, 0, 0, 0, 0, 0, 0, 0, 0, 0, 0, 0, 0]",1,128,192.0,4608.0,5917085768,5917092027,6264742011,6264744187,0,544,544,-1,1,6259,2176,32,128,128,3
16,3,"[8, 192, 192, 1, 1, 0, 0, 0, 0, 0, 0, 0, 0, 0, 0, 4, 0, 0, 0, 0, 0, 0, 0, 0, 0, 0, 0, 0, 0, 0]",72,128,36864.0,589828.0,5917156703,5917163124,6264744731,6264746843,0,1312,1312,-1,1,6421,2112,32,128,128,3
12,3,"[8, 192, 192, 1, 1, 0, 0, 0, 0, 0, 0, 0, 0, 0, 0, 8, 192, 192, 1, 1, 0, 0, 0, 0, 0, 0, 0, 0, 0, 0]",72,128,36864.0,884736.0,5917220623,5917226699,6264748155,6264750939,0,384,384,-1,1,6076,2784,32,128,128,3
12,3,"[8, 192, 192, 1, 1, 0, 0, 0, 0, 0, 0, 0, 0, 0, 0, 8, 192, 192, 1, 1, 0, 0, 0, 0, 0, 0, 0, 0, 0, 0]",72,128,36864.0,884736.0,5917284043,5917289836,6264751323,6264754395,0,544,544,-1,1,5793,3072,32,128,128,3
16,3,"[8, 192, 0, 0, 0, 0, 0, 0, 0, 0, 0, 0, 0, 0, 0, 4, 0, 0, 0, 0, 0, 0, 0, 0, 0, 0, 0, 0, 0, 0]",1,128,192.0,3076.0,5917345170,5917351275,6264754939,6264756923,0,128,128,-1,1,6105,1984,32,128,128,3
12,3,"[8, 192, 0, 0, 0, 0, 0, 0, 0, 0, 0, 0, 0, 0, 0, 8, 192, 0, 0, 0, 0, 0, 0, 0, 0, 0, 0, 0, 0, 0]",1,128,192.0,4608.0,5917407915,5917414295,6264757051,6264759130,0,1,1,-1,1,6380,2079,32,128,128,3
12,3,"[8, 192, 0, 0, 0, 0, 0, 0, 0, 0, 0, 0, 0, 0, 0, 8, 192, 0, 0, 0, 0, 0, 0, 0, 0, 0, 0, 0, 0, 0]",1,128,192.0,4608.0,5917470096,5917475477,6264759131,6264762267,0,512,512,-1,1,5381,3136,32,128,128,3
16,3,"[8, 192, 0, 0, 0, 0, 0, 0, 0, 0, 0, 0, 0, 0, 0, 4, 0, 0, 0, 0, 0, 0, 0, 0, 0, 0, 0, 0, 0, 0]",1,128,192.0,3076.0,5917535966,5917542830,6264762779,6264764763,0,480,480,-1,1,6864,1984,32,128,128,3
12,3,"[8, 192, 0, 0, 0, 0, 0, 0, 0, 0, 0, 0, 0, 0, 0, 8, 192, 0, 0, 0, 0, 0, 0, 0, 0, 0, 0, 0, 0, 0]",1,128,192.0,4608.0,5917598681,5917604734,6264765243,6264767290,0,1,1,-1,1,6053,2047,32,128,128,3
12,3,"[8, 192, 0, 0, 0, 0, 0, 0, 0, 0, 0, 0, 0, 0, 0, 8, 192, 0, 0, 0, 0, 0, 0, 0, 0, 0, 0, 0, 0, 0]",1,128,192.0,4608.0,5917659704,5917665198,6264767291,6264769371,0,1216,1216,-1,1,5494,2080,32,128,128,3
16,3,"[8, 432, 192, 1, 1, 0, 0, 0, 0, 0, 0, 0, 0, 0, 0, 4, 0, 0, 0, 0, 0, 0, 0, 0, 0, 0, 0, 0, 0, 0]",162,128,82944.0,1327108.0,5917720047,5917726491,6264770587,6264774491,0,576,576,-1,1,6444,3904,32,128,128,3
12,3,"[8, 432, 192, 1, 1, 0, 0, 0, 0, 0, 0, 0, 0, 0, 0, 8, 432, 192, 1, 1, 0, 0, 0, 0, 0, 0, 0, 0, 0, 0]",162,128,82944.0,1990656.0,5917781505,5917787194,6264775067,6264779066,0,545,545,-1,1,5689,3999,32,128,128,3
12,3,"[8, 432, 192, 1, 1, 0, 0, 0, 0, 0, 0, 0, 0, 0, 0, 8, 432, 192, 1, 1, 0, 0, 0, 0, 0, 0, 0, 0, 0, 0]",162,128,82944.0,1990656.0,5917843151,5917849182,6264779611,6264783450,0,224,224,-1,1,6031,3839,32,128,128,3
16,3,"[8, 432, 0, 0, 0, 0, 0, 0, 0, 0, 0, 0, 0, 0, 0, 4, 0, 0, 0, 0, 0, 0, 0, 0, 0, 0, 0, 0, 0, 0]",1,128,432.0,6916.0,5917903705,5917910015,6264783674,6264785755,0,511,511,-1,1,6310,2081,32,128,128,3
12,3,"[8, 432, 0, 0, 0, 0, 0, 0, 0, 0, 0, 0, 0, 0, 0, 8, 432, 0, 0, 0, 0, 0, 0, 0, 0, 0, 0, 0, 0, 0]",1,128,432.0,10368.0,5917973403,5917979532,6264786266,6264788923,0,512,512,-1,1,6129,2657,32,128,128,3
12,3,"[8, 432, 0, 0, 0, 0, 0, 0, 0, 0, 0, 0, 0, 0, 0, 8, 432, 0, 0, 0, 0, 0, 0, 0, 0, 0, 0, 0, 0, 0]",1,128,432.0,10368.0,5918034947,5918041006,6264789435,6264791866,0,1,1,-1,1,6059,2431,32,128,128,3
16,3,"[8, 432, 0, 0, 0, 0, 0, 0, 0, 0, 0, 0, 0, 0, 0, 4, 0, 0, 0, 0, 0, 0, 0, 0, 0, 0, 0, 0, 0, 0]",1,128,432.0,6916.0,5918096563,5918102273,6264791867,6264793946,0,1216,1216,-1,1,5710,2079,32,128,128,3
12,3,"[8, 432, 0, 0, 0, 0, 0, 0, 0, 0, 0, 0, 0, 0, 0, 8, 432, 0, 0, 0, 0, 0, 0, 0, 0, 0, 0, 0, 0, 0]",1,128,432.0,10368.0,5918159623,5918165509,6264795162,6264797402,0,576,576,-1,1,5886,2240,32,128,128,3
12,3,"[8, 432, 0, 0, 0, 0, 0, 0, 0, 0, 0, 0, 0, 0, 0, 8, 432, 0, 0, 0, 0, 0, 0, 0, 0, 0, 0, 0, 0, 0]",1,128,432.0,10368.0,5918220941,5918227434,6264797978,6264800090,0,449,449,-1,1,6493,2112,32,128,128,3
16,3,"[8, 432, 192, 1, 1, 0, 0, 0, 0, 0, 0, 0, 0, 0, 0, 4, 0, 0, 0, 0, 0, 0, 0, 0, 0, 0, 0, 0, 0, 0]",162,128,82944.0,1327108.0,5918284474,5918290944,6264800539,6264804187,0,1119,1119,-1,1,6470,3648,32,128,128,3
12,3,"[8, 432, 192, 1, 1, 0, 0, 0, 0, 0, 0, 0, 0, 0, 0, 8, 432, 192, 1, 1, 0, 0, 0, 0, 0, 0, 0, 0, 0, 0]",162,128,82944.0,1990656.0,5918353593,5918359825,6264805306,6264808282,0,1473,1473,-1,1,6232,2976,32,128,128,3
12,3,"[8, 432, 192, 1, 1, 0, 0, 0, 0, 0, 0, 0, 0, 0, 0, 8, 432, 192, 1, 1, 0, 0, 0, 0, 0, 0, 0, 0, 0, 0]",162,128,82944.0,1990656.0,5918416494,5918422353,6264809755,6264813562,0,577,577,-1,1,5859,3807,32,128,128,3
16,3,"[8, 432, 0, 0, 0, 0, 0, 0, 0, 0, 0, 0, 0, 0, 0, 4, 0, 0, 0, 0, 0, 0, 0, 0, 0, 0, 0, 0, 0, 0]",1,128,432.0,6916.0,5918477860,5918484342,6264814139,6264816314,0,256,256,-1,1,6482,2175,32,128,128,3
12,3,"[8, 432, 0, 0, 0, 0, 0, 0, 0, 0, 0, 0, 0, 0, 0, 8, 432, 0, 0, 0, 0, 0, 0, 0, 0, 0, 0, 0, 0, 0]",1,128,432.0,10368.0,5918540152,5918546388,6264816570,6264818522,0,1408,1408,-1,1,6236,1952,32,128,128,3
12,3,"[8, 432, 0, 0, 0, 0, 0, 0, 0, 0, 0, 0, 0, 0, 0, 8, 432, 0, 0, 0, 0, 0, 0, 0, 0, 0, 0, 0, 0, 0]",1,128,432.0,10368.0,5918600468,5918606564,6264819930,6264822202,0,384,384,-1,1,6096,2272,32,128,128,3
16,3,"[8, 432, 0, 0, 0, 0, 0, 0, 0, 0, 0, 0, 0, 0, 0, 4, 0, 0, 0, 0, 0, 0, 0, 0, 0, 0, 0, 0, 0, 0]",1,128,432.0,6916.0,5918660553,5918666146,6264822586,6264824666,0,416,416,-1,1,5593,2080,32,128,128,3
12,3,"[8, 432, 0, 0, 0, 0, 0, 0, 0, 0, 0, 0, 0, 0, 0, 8, 432, 0, 0, 0, 0, 0, 0, 0, 0, 0, 0, 0, 0, 0]",1,128,432.0,10368.0,5918723223,5918736301,6264825082,6264827866,0,608,608,-1,1,13078,2784,32,128,128,3
12,3,"[8, 432, 0, 0, 0, 0, 0, 0, 0, 0, 0, 0, 0, 0, 0, 8, 432, 0, 0, 0, 0, 0, 0, 0, 0, 0, 0, 0, 0, 0]",1,128,432.0,10368.0,5918794070,5918800030,6264828474,6264830810,0,544,544,-1,1,5960,2336,32,128,128,3
16,3,"[8, 432, 48, 3, 3, 0, 0, 0, 0, 0, 0, 0, 0, 0, 0, 4, 0, 0, 0, 0, 0, 0, 0, 0, 0, 0, 0, 0, 0, 0]",365,128,186624.0,2985988.0,5918856430,5918862675,6264831354,6264838939,0,287,287,-1,1,6245,7585,32,128,128,3
12,3,"[8, 432, 48, 3, 3, 0, 0, 0, 0, 0, 0, 0, 0, 0, 0, 8, 432, 48, 3, 3, 0, 0, 0, 0, 0, 0, 0, 0, 0, 0]",365,128,186624.0,4478976.0,5918918959,5918924420,6264839226,6264845146,0,288,288,-1,1,5461,5920,32,128,128,3
12,3,"[8, 432, 48, 3, 3, 0, 0, 0, 0, 0, 0, 0, 0, 0, 0, 8, 432, 48, 3, 3, 0, 0, 0, 0, 0, 0, 0, 0, 0, 0]",365,128,186624.0,4478976.0,5918981319,5918987081,6264845434,6264851290,0,1440,1440,-1,1,5762,5856,32,128,128,3
16,3,"[8, 432, 0, 0, 0, 0, 0, 0, 0, 0, 0, 0, 0, 0, 0, 4, 0, 0, 0, 0, 0, 0, 0, 0, 0, 0, 0, 0, 0, 0]",1,128,432.0,6916.0,5919042052,5919048076,6264852730,6264854810,0,576,576,-1,1,6024,2080,32,128,128,3
12,3,"[8, 432, 0, 0, 0, 0, 0, 0, 0, 0, 0, 0, 0, 0, 0, 8, 432, 0, 0, 0, 0, 0, 0, 0, 0, 0, 0, 0, 0, 0]",1,128,432.0,10368.0,5919104547,5919110589,6264855386,6264857433,0,1,1,-1,1,6042,2047,32,128,128,3
12,3,"[8, 432, 0, 0, 0, 0, 0, 0, 0, 0, 0, 0, 0, 0, 0, 8, 432, 0, 0, 0, 0, 0, 0, 0, 0, 0, 0, 0, 0, 0]",1,128,432.0,10368.0,5919171984,5919177803,6264857434,6264860506,0,640,640,-1,1,5819,3072,32,128,128,3
16,3,"[8, 432, 0, 0, 0, 0, 0, 0, 0, 0, 0, 0, 0, 0, 0, 4, 0, 0, 0, 0, 0, 0, 0, 0, 0, 0, 0, 0, 0, 0]",1,128,432.0,6916.0,5919232537,5919238377,6264861146,6264863322,0,256,256,-1,1,5840,2176,32,128,128,3
12,3,"[8, 432, 0, 0, 0, 0, 0, 0, 0, 0, 0, 0, 0, 0, 0, 8, 432, 0, 0, 0, 0, 0, 0, 0, 0, 0, 0, 0, 0, 0]",1,128,432.0,10368.0,5919292910,5919299485,6264863578,6264865626,0,1248,1248,-1,1,6575,2048,32,128,128,3
12,3,"[8, 432, 0, 0, 0, 0, 0, 0, 0, 0, 0, 0, 0, 0, 0, 8, 432, 0, 0, 0, 0, 0, 0, 0, 0, 0, 0, 0, 0, 0]",1,128,432.0,10368.0,5919353809,5919359498,6264866874,6264869146,0,512,512,-1,1,5689,2272,32,128,128,3
16,3,"[8, 432, 432, 1, 1, 0, 0, 0, 0, 0, 0, 0, 0, 0, 0, 4, 0, 0, 0, 0, 0, 0, 0, 0, 0, 0, 0, 0, 0, 0]",365,128,186624.0,2985988.0,5919416394,5919423342,6264869658,6264875866,0,1120,1120,-1,1,6948,6208,32,128,128,3
12,3,"[8, 432, 432, 1, 1, 0, 0, 0, 0, 0, 0, 0, 0, 0, 0, 8, 432, 432, 1, 1, 0, 0, 0, 0, 0, 0, 0, 0, 0, 0]",365,128,186624.0,4478976.0,5919478382,5919484618,6264876986,6264882010,0,576,576,-1,1,6236,5024,32,128,128,3
12,3,"[8, 432, 432, 1, 1, 0, 0, 0, 0, 0, 0, 0, 0, 0, 0, 8, 432, 432, 1, 1, 0, 0, 0, 0, 0, 0, 0, 0, 0, 0]",365,128,186624.0,4478976.0,5919649570,5919658150,6264882586,6264889722,0,480,480,-1,1,8580,7136,32,128,128,3
16,3,"[8, 432, 0, 0, 0, 0, 0, 0, 0, 0, 0, 0, 0, 0, 0, 4, 0, 0, 0, 0, 0, 0, 0, 0, 0, 0, 0, 0, 0, 0]",1,128,432.0,6916.0,5919724778,5919731667,6264890202,6264892217,0,1,1,-1,1,6889,2015,32,128,128,3
12,3,"[8, 432, 0, 0, 0, 0, 0, 0, 0, 0, 0, 0, 0, 0, 0, 8, 432, 0, 0, 0, 0, 0, 0, 0, 0, 0, 0, 0, 0, 0]",1,128,432.0,10368.0,5919788975,5919794626,6264892218,6264894298,0,1440,1440,-1,1,5651,2080,32,128,128,3
12,3,"[8, 432, 0, 0, 0, 0, 0, 0, 0, 0, 0, 0, 0, 0, 0, 8, 432, 0, 0, 0, 0, 0, 0, 0, 0, 0, 0, 0, 0, 0]",1,128,432.0,10368.0,5919849518,5919855498,6264895738,6264898042,0,320,320,-1,1,5980,2304,32,128,128,3
16,3,"[8, 432, 0, 0, 0, 0, 0, 0, 0, 0, 0, 0, 0, 0, 0, 4, 0, 0, 0, 0, 0, 0, 0, 0, 0, 0, 0, 0, 0, 0]",1,128,432.0,6916.0,5919911436,5919917502,6264898362,6264900409,0,1,1,-1,1,6066,2047,32,128,128,3
12,3,"[8, 432, 0, 0, 0, 0, 0, 0, 0, 0, 0, 0, 0, 0, 0, 8, 432, 0, 0, 0, 0, 0, 0, 0, 0, 0, 0, 0, 0, 0]",1,128,432.0,10368.0,5919972705,5919978380,6264900410,6264903674,0,608,608,-1,1,5675,3264,32,128,128,3
12,3,"[8, 432, 0, 0, 0, 0, 0, 0, 0, 0, 0, 0, 0, 0, 0, 8, 432, 0, 0, 0, 0, 0, 0, 0, 0, 0, 0, 0, 0, 0]",1,128,432.0,10368.0,5920041414,5920047273,6264904282,6264906522,0,32,32,-1,1,5859,2240,32,128,128,3
16,3,"[8, 432, 432, 1, 1, 0, 0, 0, 0, 0, 0, 0, 0, 0, 0, 4, 0, 0, 0, 0, 0, 0, 0, 0, 0, 0, 0, 0, 0, 0]",365,128,186624.0,2985988.0,5920104850,5920111130,6264906554,6264912730,0,1472,1472,-1,1,6280,6176,32,128,128,3
12,3,"[8, 432, 432, 1, 1, 0, 0, 0, 0, 0, 0, 0, 0, 0, 0, 8, 432, 432, 1, 1, 0, 0, 0, 0, 0, 0, 0, 0, 0, 0]",365,128,186624.0,4478976.0,5920168002,5920173749,6264914202,6264918874,0,1536,1536,-1,1,5747,4672,32,128,128,3
12,3,"[8, 432, 432, 1, 1, 0, 0, 0, 0, 0, 0, 0, 0, 0, 0, 8, 432, 432, 1, 1, 0, 0, 0, 0, 0, 0, 0, 0, 0, 0]",365,128,186624.0,4478976.0,5920230561,5920236346,6264920410,6264926842,0,224,224,-1,1,5785,6432,32,128,128,3
16,3,"[8, 432, 0, 0, 0, 0, 0, 0, 0, 0, 0, 0, 0, 0, 0, 4, 0, 0, 0, 0, 0, 0, 0, 0, 0, 0, 0, 0, 0, 0]",1,128,432.0,6916.0,5920291814,5920302899,6264927066,6264929114,0,1088,1088,-1,1,11085,2048,32,128,128,3
12,3,"[8, 432, 0, 0, 0, 0, 0, 0, 0, 0, 0, 0, 0, 0, 0, 8, 432, 0, 0, 0, 0, 0, 0, 0, 0, 0, 0, 0, 0, 0]",1,128,432.0,10368.0,5920362747,5920369638,6264930202,6264932730,0,448,448,-1,1,6891,2528,32,128,128,3
12,3,"[8, 432, 0, 0, 0, 0, 0, 0, 0, 0, 0, 0, 0, 0, 0, 8, 432, 0, 0, 0, 0, 0, 0, 0, 0, 0, 0, 0, 0, 0]",1,128,432.0,10368.0,5920432330,5920438102,6264933178,6264935225,0,1,1,-1,1,5772,2047,32,128,128,3
16,3,"[8, 432, 0, 0, 0, 0, 0, 0, 0, 0, 0, 0, 0, 0, 0, 4, 0, 0, 0, 0, 0, 0, 0, 0, 0, 0, 0, 0, 0, 0]",1,128,432.0,6916.0,5920494028,5920500658,6264935226,6264937306,0,1408,1408,-1,1,6630,2080,32,128,128,3
12,3,"[8, 432, 0, 0, 0, 0, 0, 0, 0, 0, 0, 0, 0, 0, 0, 8, 432, 0, 0, 0, 0, 0, 0, 0, 0, 0, 0, 0, 0, 0]",1,128,432.0,10368.0,5920555530,5920561027,6264938714,6264941050,0,320,320,-1,1,5497,2336,32,128,128,3
12,3,"[8, 432, 0, 0, 0, 0, 0, 0, 0, 0, 0, 0, 0, 0, 0, 8, 432, 0, 0, 0, 0, 0, 0, 0, 0, 0, 0, 0, 0, 0]",1,128,432.0,10368.0,5920615721,5920621497,6264941370,6264944474,0,544,544,-1,1,5776,3104,32,128,128,3
16,3,"[8, 432, 48, 3, 3, 0, 0, 0, 0, 0, 0, 0, 0, 0, 0, 4, 0, 0, 0, 0, 0, 0, 0, 0, 0, 0, 0, 0, 0, 0]",365,128,186624.0,2985988.0,5920678987,5920685441,6264945018,6264951546,0,224,224,-1,1,6454,6528,32,128,128,3
12,3,"[8, 432, 48, 3, 3, 0, 0, 0, 0, 0, 0, 0, 0, 0, 0, 8, 432, 48, 3, 3, 0, 0, 0, 0, 0, 0, 0, 0, 0, 0]",365,128,186624.0,4478976.0,5920742338,5920748189,6264951770,6264957594,0,160,160,-1,1,5851,5824,32,128,128,3
12,3,"[8, 432, 48, 3, 3, 0, 0, 0, 0, 0, 0, 0, 0, 0, 0, 8, 432, 48, 3, 3, 0, 0, 0, 0, 0, 0, 0, 0, 0, 0]",365,128,186624.0,4478976.0,5920811014,5920816729,6264957754,6264963930,0,1184,1184,-1,1,5715,6176,32,128,128,3
16,3,"[8, 432, 0, 0, 0, 0, 0, 0, 0, 0, 0, 0, 0, 0, 0, 4, 0, 0, 0, 0, 0, 0, 0, 0, 0, 0, 0, 0, 0, 0]",1,128,432.0,6916.0,5920873202,5920878920,6264965114,6264967226,0,544,544,-1,1,5718,2112,32,128,128,3
12,3,"[8, 432, 0, 0, 0, 0, 0, 0, 0, 0, 0, 0, 0, 0, 0, 8, 432, 0, 0, 0, 0, 0, 0, 0, 0, 0, 0, 0, 0, 0]",1,128,432.0,10368.0,5920933959,5920940024,6264967770,6264970074,0,288,288,-1,1,6065,2304,32,128,128,3
12,3,"[8, 432, 0, 0, 0, 0, 0, 0, 0, 0, 0, 0, 0, 0, 0, 8, 432, 0, 0, 0, 0, 0, 0, 0, 0, 0, 0, 0, 0, 0]",1,128,432.0,10368.0,5920994866,5921000558,6264970362,6264972122,0,1536,1536,-1,1,5692,1760,32,128,128,3
16,3,"[8, 432, 0, 0, 0, 0, 0, 0, 0, 0, 0, 0, 0, 0, 0, 4, 0, 0, 0, 0, 0, 0, 0, 0, 0, 0, 0, 0, 0, 0]",1,128,432.0,6916.0,5921056033,5921062528,6264973658,6264975834,0,384,384,-1,1,6495,2176,32,128,128,3
12,3,"[8, 432, 0, 0, 0, 0, 0, 0, 0, 0, 0, 0, 0, 0, 0, 8, 432, 0, 0, 0, 0, 0, 0, 0, 0, 0, 0, 0, 0, 0]",1,128,432.0,10368.0,5921118294,5921124996,6264976218,6264978266,0,1088,1088,-1,1,6702,2048,32,128,128,3
12,3,"[8, 432, 0, 0, 0, 0, 0, 0, 0, 0, 0, 0, 0, 0, 0, 8, 432, 0, 0, 0, 0, 0, 0, 0, 0, 0, 0, 0, 0, 0]",1,128,432.0,10368.0,5921180048,5921185467,6264979354,6264981594,0,544,544,-1,1,5419,2240,32,128,128,3
16,3,"[8, 432, 432, 1, 1, 0, 0, 0, 0, 0, 0, 0, 0, 0, 0, 4, 0, 0, 0, 0, 0, 0, 0, 0, 0, 0, 0, 0, 0, 0]",365,128,186624.0,2985988.0,5921247935,5921254253,6264982138,6264988506,0,512,512,-1,1,6318,6368,32,128,128,3
12,3,"[8, 432, 432, 1, 1, 0, 0, 0, 0, 0, 0, 0, 0, 0, 0, 8, 432, 432, 1, 1, 0, 0, 0, 0, 0, 0, 0, 0, 0, 0]",365,128,186624.0,4478976.0,5921312268,5921317921,6264989018,6264994650,0,1152,1152,-1,1,5653,5632,32,128,128,3
12,3,"[8, 432, 432, 1, 1, 0, 0, 0, 0, 0, 0, 0, 0, 0, 0, 8, 432, 432, 1, 1, 0, 0, 0, 0, 0, 0, 0, 0, 0, 0]",365,128,186624.0,4478976.0,5921373806,5921379691,6264995802,6265002042,0,512,512,-1,1,5885,6240,32,128,128,3
16,3,"[8, 432, 0, 0, 0, 0, 0, 0, 0, 0, 0, 0, 0, 0, 0, 4, 0, 0, 0, 0, 0, 0, 0, 0, 0, 0, 0, 0, 0, 0]",1,128,432.0,6916.0,5921436061,5921441928,6265002554,6265004666,0,192,192,-1,1,5867,2112,32,128,128,3
12,3,"[8, 432, 0, 0, 0, 0, 0, 0, 0, 0, 0, 0, 0, 0, 0, 8, 432, 0, 0, 0, 0, 0, 0, 0, 0, 0, 0, 0, 0, 0]",1,128,432.0,10368.0,5921498337,5921504033,6265004858,6265006938,0,1088,1088,-1,1,5696,2080,32,128,128,3
12,3,"[8, 432, 0, 0, 0, 0, 0, 0, 0, 0, 0, 0, 0, 0, 0, 8, 432, 0, 0, 0, 0, 0, 0, 0, 0, 0, 0, 0, 0, 0]",1,128,432.0,10368.0,5921560118,5921565816,6265008026,6265010266,0,512,512,-1,1,5698,2240,32,128,128,3
16,3,"[8, 432, 0, 0, 0, 0, 0, 0, 0, 0, 0, 0, 0, 0, 0, 4, 0, 0, 0, 0, 0, 0, 0, 0, 0, 0, 0, 0, 0, 0]",1,128,432.0,6916.0,5921629649,5921636279,6265010778,6265012890,0,160,160,-1,1,6630,2112,32,128,128,3
12,3,"[8, 432, 0, 0, 0, 0, 0, 0, 0, 0, 0, 0, 0, 0, 0, 8, 432, 0, 0, 0, 0, 0, 0, 0, 0, 0, 0, 0, 0, 0]",1,128,432.0,10368.0,5921692578,5921698311,6265013050,6265015130,0,1088,1088,-1,1,5733,2080,32,128,128,3
12,3,"[8, 432, 0, 0, 0, 0, 0, 0, 0, 0, 0, 0, 0, 0, 0, 8, 432, 0, 0, 0, 0, 0, 0, 0, 0, 0, 0, 0, 0, 0]",1,128,432.0,10368.0,5921753380,5921758831,6265016218,6265018746,0,448,448,-1,1,5451,2528,32,128,128,3
16,3,"[8, 432, 432, 1, 1, 0, 0, 0, 0, 0, 0, 0, 0, 0, 0, 4, 0, 0, 0, 0, 0, 0, 0, 0, 0, 0, 0, 0, 0, 0]",365,128,186624.0,2985988.0,5921814882,5921820614,6265019194,6265025370,0,1184,1184,-1,1,5732,6176,32,128,128,3
12,3,"[8, 432, 432, 1, 1, 0, 0, 0, 0, 0, 0, 0, 0, 0, 0, 8, 432, 432, 1, 1, 0, 0, 0, 0, 0, 0, 0, 0, 0, 0]",365,128,186624.0,4478976.0,5921876890,5921882907,6265026554,6265031514,0,1216,1216,-1,1,6017,4960,32,128,128,3
12,3,"[8, 432, 432, 1, 1, 0, 0, 0, 0, 0, 0, 0, 0, 0, 0, 8, 432, 432, 1, 1, 0, 0, 0, 0, 0, 0, 0, 0, 0, 0]",365,128,186624.0,4478976.0,5921939400,5921945355,6265032730,6265039002,0,576,576,-1,1,5955,6272,32,128,128,3
16,3,"[8, 432, 0, 0, 0, 0, 0, 0, 0, 0, 0, 0, 0, 0, 0, 4, 0, 0, 0, 0, 0, 0, 0, 0, 0, 0, 0, 0, 0, 0]",1,128,432.0,6916.0,5922000183,5922013477,6265039578,6265041754,0,1056,1056,-1,1,13294,2176,32,128,128,3
12,3,"[8, 432, 0, 0, 0, 0, 0, 0, 0, 0, 0, 0, 0, 0, 0, 8, 432, 0, 0, 0, 0, 0, 0, 0, 0, 0, 0, 0, 0, 0]",1,128,432.0,10368.0,5922070313,5922075934,6265042810,6265045082,0,640,640,-1,1,5621,2272,32,128,128,3
12,3,"[8, 432, 0, 0, 0, 0, 0, 0, 0, 0, 0, 0, 0, 0, 0, 8, 432, 0, 0, 0, 0, 0, 0, 0, 0, 0, 0, 0, 0, 0]",1,128,432.0,10368.0,5922130194,5922136010,6265045722,6265047865,0,1,1,-1,1,5816,2143,32,128,128,3
16,3,"[8, 432, 0, 0, 0, 0, 0, 0, 0, 0, 0, 0, 0, 0, 0, 4, 0, 0, 0, 0, 0, 0, 0, 0, 0, 0, 0, 0, 0, 0]",1,128,432.0,6916.0,5922191681,5922197930,6265047866,6265049946,0,1216,1216,-1,1,6249,2080,32,128,128,3
12,3,"[8, 432, 0, 0, 0, 0, 0, 0, 0, 0, 0, 0, 0, 0, 0, 8, 432, 0, 0, 0, 0, 0, 0, 0, 0, 0, 0, 0, 0, 0]",1,128,432.0,10368.0,5922357244,5922364485,6265051162,6265053914,0,256,256,-1,1,7241,2752,32,128,128,3
12,3,"[8, 432, 0, 0, 0, 0, 0, 0, 0, 0, 0, 0, 0, 0, 0, 8, 432, 0, 0, 0, 0, 0, 0, 0, 0, 0, 0, 0, 0, 0]",1,128,432.0,10368.0,5922427723,5922433810,6265054170,6265056090,0,1216,1216,-1,1,6087,1920,32,128,128,3
16,3,"[8, 432, 48, 3, 3, 0, 0, 0, 0, 0, 0, 0, 0, 0, 0, 4, 0, 0, 0, 0, 0, 0, 0, 0, 0, 0, 0, 0, 0, 0]",365,128,186624.0,2985988.0,5922500097,5922506885,6265057306,6265064154,0,256,256,-1,1,6788,6848,32,128,128,3
12,3,"[8, 432, 48, 3, 3, 0, 0, 0, 0, 0, 0, 0, 0, 0, 0, 8, 432, 48, 3, 3, 0, 0, 0, 0, 0, 0, 0, 0, 0, 0]",365,128,186624.0,4478976.0,5922564867,5922570418,6265064410,6265070425,0,1,1,-1,1,5551,6015,32,128,128,3
12,3,"[8, 432, 48, 3, 3, 0, 0, 0, 0, 0, 0, 0, 0, 0, 0, 8, 432, 48, 3, 3, 0, 0, 0, 0, 0, 0, 0, 0, 0, 0]",365,128,186624.0,4478976.0,5922626337,5922631844,6265070426,6265076570,0,1440,1440,-1,1,5507,6144,32,128,128,3
16,3,"[8, 432, 0, 0, 0, 0, 0, 0, 0, 0, 0, 0, 0, 0, 0, 4, 0, 0, 0, 0, 0, 0, 0, 0, 0, 0, 0, 0, 0, 0]",1,128,432.0,6916.0,5922686591,5922692603,6265078010,6265080154,0,480,480,-1,1,6012,2144,32,128,128,3
12,3,"[8, 432, 0, 0, 0, 0, 0, 0, 0, 0, 0, 0, 0, 0, 0, 8, 432, 0, 0, 0, 0, 0, 0, 0, 0, 0, 0, 0, 0, 0]",1,128,432.0,10368.0,5922748013,5922753618,6265080634,6265082714,0,576,576,-1,1,5605,2080,32,128,128,3
12,3,"[8, 432, 0, 0, 0, 0, 0, 0, 0, 0, 0, 0, 0, 0, 0, 8, 432, 0, 0, 0, 0, 0, 0, 0, 0, 0, 0, 0, 0, 0]",1,128,432.0,10368.0,5922807686,5922813577,6265083290,6265085914,0,512,512,-1,1,5891,2624,32,128,128,3
16,3,"[8, 432, 0, 0, 0, 0, 0, 0, 0, 0, 0, 0, 0, 0, 0, 4, 0, 0, 0, 0, 0, 0, 0, 0, 0, 0, 0, 0, 0, 0]",1,128,432.0,6916.0,5922874713,5922880624,6265086426,6265088858,0,448,448,-1,1,5911,2432,32,128,128,3
12,3,"[8, 432, 0, 0, 0, 0, 0, 0, 0, 0, 0, 0, 0, 0, 0, 8, 432, 0, 0, 0, 0, 0, 0, 0, 0, 0, 0, 0, 0, 0]",1,128,432.0,10368.0,5922936567,5922942375,6265089306,6265091962,0,640,640,-1,1,5808,2656,32,128,128,3
12,3,"[8, 432, 0, 0, 0, 0, 0, 0, 0, 0, 0, 0, 0, 0, 0, 8, 432, 0, 0, 0, 0, 0, 0, 0, 0, 0, 0, 0, 0, 0]",1,128,432.0,10368.0,5922996218,5923001786,6265092602,6265094905,0,289,289,-1,1,5568,2303,32,128,128,3
16,3,"[8, 432, 432, 1, 1, 0, 0, 0, 0, 0, 0, 0, 0, 0, 0, 4, 0, 0, 0, 0, 0, 0, 0, 0, 0, 0, 0, 0, 0, 0]",365,128,186624.0,2985988.0,5923058666,5923064422,6265095194,6265102362,0,640,640,-1,1,5756,7168,32,128,128,3
12,3,"[8, 432, 432, 1, 1, 0, 0, 0, 0, 0, 0, 0, 0, 0, 0, 8, 432, 432, 1, 1, 0, 0, 0, 0, 0, 0, 0, 0, 0, 0]",365,128,186624.0,4478976.0,5923120468,5923126139,6265103002,6265108698,0,544,544,-1,1,5671,5696,32,128,128,3
12,3,"[8, 432, 432, 1, 1, 0, 0, 0, 0, 0, 0, 0, 0, 0, 0, 8, 432, 432, 1, 1, 0, 0, 0, 0, 0, 0, 0, 0, 0, 0]",365,128,186624.0,4478976.0,5923181100,5923186637,6265109242,6265115448,0,1,1,-1,1,5537,6206,32,128,128,3
16,3,"[8, 432, 0, 0, 0, 0, 0, 0, 0, 0, 0, 0, 0, 0, 0, 4, 0, 0, 0, 0, 0, 0, 0, 0, 0, 0, 0, 0, 0, 0]",1,128,432.0,6916.0,5923241146,5923246721,6265115449,6265117530,0,1184,1184,-1,1,5575,2081,32,128,128,3
12,3,"[8, 432, 0, 0, 0, 0, 0, 0, 0, 0, 0, 0, 0, 0, 0, 8, 432, 0, 0, 0, 0, 0, 0, 0, 0, 0, 0, 0, 0, 0]",1,128,432.0,10368.0,5923309005,5923315347,6265118714,6265120986,0,511,511,-1,1,6342,2272,32,128,128,3
12,3,"[8, 432, 0, 0, 0, 0, 0, 0, 0, 0, 0, 0, 0, 0, 0, 8, 432, 0, 0, 0, 0, 0, 0, 0, 0, 0, 0, 0, 0, 0]",1,128,432.0,10368.0,5923370486,5923376497,6265121497,6265123674,0,1184,1184,-1,1,6011,2177,32,128,128,3
16,3,"[8, 432, 0, 0, 0, 0, 0, 0, 0, 0, 0, 0, 0, 0, 0, 4, 0, 0, 0, 0, 0, 0, 0, 0, 0, 0, 0, 0, 0, 0]",1,128,432.0,6916.0,5923431591,5923437687,6265124858,6265126970,0,543,543,-1,1,6096,2112,32,128,128,3
12,3,"[8, 432, 0, 0, 0, 0, 0, 0, 0, 0, 0, 0, 0, 0, 0, 8, 432, 0, 0, 0, 0, 0, 0, 0, 0, 0, 0, 0, 0, 0]",1,128,432.0,10368.0,5923492846,5923498664,6265127513,6265129784,0,1,1,-1,1,5818,2271,32,128,128,3
12,3,"[8, 432, 0, 0, 0, 0, 0, 0, 0, 0, 0, 0, 0, 0, 0, 8, 432, 0, 0, 0, 0, 0, 0, 0, 0, 0, 0, 0, 0, 0]",1,128,432.0,10368.0,5923553317,5923558884,6265129785,6265131866,0,1408,1408,-1,1,5567,2081,32,128,128,3
16,3,"[8, 432, 432, 1, 1, 0, 0, 0, 0, 0, 0, 0, 0, 0, 0, 4, 0, 0, 0, 0, 0, 0, 0, 0, 0, 0, 0, 0, 0, 0]",365,128,186624.0,2985988.0,5923614838,5923620729,6265133274,6265139929,0,256,256,-1,1,5891,6655,32,128,128,3
12,3,"[8, 432, 432, 1, 1, 0, 0, 0, 0, 0, 0, 0, 0, 0, 0, 8, 432, 432, 1, 1, 0, 0, 0, 0, 0, 0, 0, 0, 0, 0]",365,128,186624.0,4478976.0,5923683303,5923689334,6265140185,6265146138,0,256,256,-1,1,6031,5953,32,128,128,3
12,3,"[8, 432, 432, 1, 1, 0, 0, 0, 0, 0, 0, 0, 0, 0, 0, 8, 432, 432, 1, 1, 0, 0, 0, 0, 0, 0, 0, 0, 0, 0]",365,128,186624.0,4478976.0,5923746054,5923751581,6265146394,6265152345,0,1408,1408,-1,1,5527,5951,32,128,128,3
16,3,"[8, 432, 0, 0, 0, 0, 0, 0, 0, 0, 0, 0, 0, 0, 0, 4, 0, 0, 0, 0, 0, 0, 0, 0, 0, 0, 0, 0, 0, 0]",1,128,432.0,6916.0,5923805789,5923811871,6265153753,6265155865,0,544,544,-1,1,6082,2112,32,128,128,3
12,3,"[8, 432, 0, 0, 0, 0, 0, 0, 0, 0, 0, 0, 0, 0, 0, 8, 432, 0, 0, 0, 0, 0, 0, 0, 0, 0, 0, 0, 0, 0]",1,128,432.0,10368.0,5923866532,5923871981,6265156409,6265158456,0,1,1,-1,1,5449,2047,32,128,128,3
12,3,"[8, 432, 0, 0, 0, 0, 0, 0, 0, 0, 0, 0, 0, 0, 0, 8, 432, 0, 0, 0, 0, 0, 0, 0, 0, 0, 0, 0, 0, 0]",1,128,432.0,10368.0,5923927365,5923932821,6265158457,6265161593,0,513,513,-1,1,5456,3136,32,128,128,3
16,3,"[8, 432, 0, 0, 0, 0, 0, 0, 0, 0, 0, 0, 0, 0, 0, 4, 0, 0, 0, 0, 0, 0, 0, 0, 0, 0, 0, 0, 0, 0]",1,128,432.0,6916.0,5923987745,5923993308,6265162106,6265164249,0,352,352,-1,1,5563,2143,32,128,128,3
12,3,"[8, 432, 0, 0, 0, 0, 0, 0, 0, 0, 0, 0, 0, 0, 0, 8, 432, 0, 0, 0, 0, 0, 0, 0, 0, 0, 0, 0, 0, 0]",1,128,432.0,10368.0,5924053714,5924059687,6265164601,6265166681,0,1184,1184,-1,1,5973,2080,32,128,128,3
12,3,"[8, 432, 0, 0, 0, 0, 0, 0, 0, 0, 0, 0, 0, 0, 0, 8, 432, 0, 0, 0, 0, 0, 0, 0, 0, 0, 0, 0, 0, 0]",1,128,432.0,10368.0,5924114658,5924120510,6265167865,6265170169,0,608,608,-1,1,5852,2304,32,128,128,3
16,3,"[8, 432, 48, 3, 3, 0, 0, 0, 0, 0, 0, 0, 0, 0, 0, 4, 0, 0, 0, 0, 0, 0, 0, 0, 0, 0, 0, 0, 0, 0]",365,128,186624.0,2985988.0,5924176648,5924182413,6265170777,6265176888,0,1,1,-1,1,5765,6111,32,128,128,3
12,3,"[8, 432, 48, 3, 3, 0, 0, 0, 0, 0, 0, 0, 0, 0, 0, 8, 432, 48, 3, 3, 0, 0, 0, 0, 0, 0, 0, 0, 0, 0]",365,128,186624.0,4478976.0,5924238576,5924244081,6265176889,6265183065,0,448,448,-1,1,5505,6176,32,128,128,3
12,3,"[8, 432, 48, 3, 3, 0, 0, 0, 0, 0, 0, 0, 0, 0, 0, 8, 432, 48, 3, 3, 0, 0, 0, 0, 0, 0, 0, 0, 0, 0]",365,128,186624.0,4478976.0,5924306044,5924312099,6265183513,6265190745,0,512,512,-1,1,6055,7232,32,128,128,3
16,3,"[8, 432, 0, 0, 0, 0, 0, 0, 0, 0, 0, 0, 0, 0, 0, 4, 0, 0, 0, 0, 0, 0, 0, 0, 0, 0, 0, 0, 0, 0]",1,128,432.0,6916.0,5924368963,5924374672,6265191257,6265193272,0,1,1,-1,1,5709,2015,32,128,128,3
12,3,"[8, 432, 0, 0, 0, 0, 0, 0, 0, 0, 0, 0, 0, 0, 0, 8, 432, 0, 0, 0, 0, 0, 0, 0, 0, 0, 0, 0, 0, 0]",1,128,432.0,10368.0,5924431615,5924437082,6265193273,6265195353,0,1376,1376,-1,1,5467,2080,32,128,128,3
12,3,"[8, 432, 0, 0, 0, 0, 0, 0, 0, 0, 0, 0, 0, 0, 0, 8, 432, 0, 0, 0, 0, 0, 0, 0, 0, 0, 0, 0, 0, 0]",1,128,432.0,10368.0,5924499844,5924505766,6265196729,6265198969,0,448,448,-1,1,5922,2240,32,128,128,3
16,3,"[8, 432, 0, 0, 0, 0, 0, 0, 0, 0, 0, 0, 0, 0, 0, 4, 0, 0, 0, 0, 0, 0, 0, 0, 0, 0, 0, 0, 0, 0]",1,128,432.0,6916.0,5924561272,5924567353,6265199417,6265201464,0,1,1,-1,1,6081,2047,32,128,128,3
12,3,"[8, 432, 0, 0, 0, 0, 0, 0, 0, 0, 0, 0, 0, 0, 0, 8, 432, 0, 0, 0, 0, 0, 0, 0, 0, 0, 0, 0, 0, 0]",1,128,432.0,10368.0,5924623658,5924629717,6265201465,6265203545,0,1536,1536,-1,1,6059,2080,32,128,128,3
12,3,"[8, 432, 0, 0, 0, 0, 0, 0, 0, 0, 0, 0, 0, 0, 0, 8, 432, 0, 0, 0, 0, 0, 0, 0, 0, 0, 0, 0, 0, 0]",1,128,432.0,10368.0,5924684058,5924689801,6265205081,6265207353,0,256,256,-1,1,5743,2272,32,128,128,3
16,3,"[8, 432, 432, 1, 1, 0, 0, 0, 0, 0, 0, 0, 0, 0, 0, 4, 0, 0, 0, 0, 0, 0, 0, 0, 0, 0, 0, 0, 0, 0]",365,128,186624.0,2985988.0,5924744583,5924750162,6265207609,6265213785,0,1184,1184,-1,1,5579,6176,32,128,128,3
12,3,"[8, 432, 432, 1, 1, 0, 0, 0, 0, 0, 0, 0, 0, 0, 0, 8, 432, 432, 1, 1, 0, 0, 0, 0, 0, 0, 0, 0, 0, 0]",365,128,186624.0,4478976.0,5924806633,5924812473,6265214969,6265219929,0,1216,1216,-1,1,5840,4960,32,128,128,3
12,3,"[8, 432, 432, 1, 1, 0, 0, 0, 0, 0, 0, 0, 0, 0, 0, 8, 432, 432, 1, 1, 0, 0, 0, 0, 0, 0, 0, 0, 0, 0]",365,128,186624.0,4478976.0,5924873365,5924879551,6265221145,6265227673,0,416,416,-1,1,6186,6528,32,128,128,3
16,3,"[8, 432, 0, 0, 0, 0, 0, 0, 0, 0, 0, 0, 0, 0, 0, 4, 0, 0, 0, 0, 0, 0, 0, 0, 0, 0, 0, 0, 0, 0]",1,128,432.0,6916.0,5924935386,5924941975,6265228089,6265230169,0,448,448,-1,1,6589,2080,32,128,128,3
12,3,"[8, 432, 0, 0, 0, 0, 0, 0, 0, 0, 0, 0, 0, 0, 0, 8, 432, 0, 0, 0, 0, 0, 0, 0, 0, 0, 0, 0, 0, 0]",1,128,432.0,10368.0,5925108814,5925116831,6265230617,6265233753,0,480,480,-1,1,8017,3136,32,128,128,3
12,3,"[8, 432, 0, 0, 0, 0, 0, 0, 0, 0, 0, 0, 0, 0, 0, 8, 432, 0, 0, 0, 0, 0, 0, 0, 0, 0, 0, 0, 0, 0]",1,128,432.0,10368.0,5925176854,5925182920,6265234233,6265236313,0,544,544,-1,1,6066,2080,32,128,128,3
16,3,"[8, 432, 0, 0, 0, 0, 0, 0, 0, 0, 0, 0, 0, 0, 0, 4, 0, 0, 0, 0, 0, 0, 0, 0, 0, 0, 0, 0, 0, 0]",1,128,432.0,6916.0,5925239417,5925245654,6265236857,6265238361,0,1536,1536,-1,1,6237,1504,32,128,128,3
12,3,"[8, 432, 0, 0, 0, 0, 0, 0, 0, 0, 0, 0, 0, 0, 0, 8, 432, 0, 0, 0, 0, 0, 0, 0, 0, 0, 0, 0, 0, 0]",1,128,432.0,10368.0,5925308140,5925314066,6265239897,6265242169,0,256,256,-1,1,5926,2272,32,128,128,3
12,3,"[8, 432, 0, 0, 0, 0, 0, 0, 0, 0, 0, 0, 0, 0, 0, 8, 432, 0, 0, 0, 0, 0, 0, 0, 0, 0, 0, 0, 0, 0]",1,128,432.0,10368.0,5925370022,5925376268,6265242425,6265244505,0,1568,1568,-1,1,6246,2080,32,128,128,3
16,3,"[8, 432, 432, 1, 1, 0, 0, 0, 0, 0, 0, 0, 0, 0, 0, 4, 0, 0, 0, 0, 0, 0, 0, 0, 0, 0, 0, 0, 0, 0]",365,128,186624.0,2985988.0,5925433018,5925439805,6265246073,6265252569,0,96,96,-1,1,6787,6496,32,128,128,3
12,3,"[8, 432, 432, 1, 1, 0, 0, 0, 0, 0, 0, 0, 0, 0, 0, 8, 432, 432, 1, 1, 0, 0, 0, 0, 0, 0, 0, 0, 0, 0]",365,128,186624.0,4478976.0,5925496808,5925502296,6265252665,6265258617,0,256,256,-1,1,5488,5952,32,128,128,3
12,3,"[8, 432, 432, 1, 1, 0, 0, 0, 0, 0, 0, 0, 0, 0, 0, 8, 432, 432, 1, 1, 0, 0, 0, 0, 0, 0, 0, 0, 0, 0]",365,128,186624.0,4478976.0,5925558018,5925563411,6265258873,6265264985,0,1120,1120,-1,1,5393,6112,32,128,128,3
16,3,"[8, 432, 0, 0, 0, 0, 0, 0, 0, 0, 0, 0, 0, 0, 0, 4, 0, 0, 0, 0, 0, 0, 0, 0, 0, 0, 0, 0, 0, 0]",1,128,432.0,6916.0,5925619006,5925624708,6265266105,6265268217,0,544,544,-1,1,5702,2112,32,128,128,3
12,3,"[8, 432, 0, 0, 0, 0, 0, 0, 0, 0, 0, 0, 0, 0, 0, 8, 432, 0, 0, 0, 0, 0, 0, 0, 0, 0, 0, 0, 0, 0]",1,128,432.0,10368.0,5925679783,5925686091,6265268761,6265271097,0,256,256,-1,1,6308,2336,32,128,128,3
12,3,"[8, 432, 0, 0, 0, 0, 0, 0, 0, 0, 0, 0, 0, 0, 0, 8, 432, 0, 0, 0, 0, 0, 0, 0, 0, 0, 0, 0, 0, 0]",1,128,432.0,10368.0,5925747380,5925753690,6265271353,6265273177,0,1344,1344,-1,1,6310,1824,32,128,128,3
16,3,"[8, 432, 0, 0, 0, 0, 0, 0, 0, 0, 0, 0, 0, 0, 0, 4, 0, 0, 0, 0, 0, 0, 0, 0, 0, 0, 0, 0, 0, 0]",1,128,432.0,6916.0,5925809345,5925815258,6265274521,6265276729,0,544,544,-1,1,5913,2208,32,128,128,3
12,3,"[8, 432, 0, 0, 0, 0, 0, 0, 0, 0, 0, 0, 0, 0, 0, 8, 432, 0, 0, 0, 0, 0, 0, 0, 0, 0, 0, 0, 0, 0]",1,128,432.0,10368.0,5925870612,5925876283,6265277273,6265279321,0,608,608,-1,1,5671,2048,32,128,128,3
12,3,"[8, 432, 0, 0, 0, 0, 0, 0, 0, 0, 0, 0, 0, 0, 0, 8, 432, 0, 0, 0, 0, 0, 0, 0, 0, 0, 0, 0, 0, 0]",1,128,432.0,10368.0,5925933264,5925938625,6265279929,6265282681,0,608,608,-1,1,5361,2752,32,128,128,3
16,3,"[8, 432, 48, 3, 3, 0, 0, 0, 0, 0, 0, 0, 0, 0, 0, 4, 0, 0, 0, 0, 0, 0, 0, 0, 0, 0, 0, 0, 0, 0]",365,128,186624.0,2985988.0,5925994980,5926001093,6265283289,6265289561,0,1440,1440,-1,1,6113,6272,32,128,128,3
12,3,"[8, 432, 48, 3, 3, 0, 0, 0, 0, 0, 0, 0, 0, 0, 0, 8, 432, 48, 3, 3, 0, 0, 0, 0, 0, 0, 0, 0, 0, 0]",365,128,186624.0,4478976.0,5926056524,5926062035,6265291001,6265295705,0,1376,1376,-1,1,5511,4704,32,128,128,3
12,3,"[8, 432, 48, 3, 3, 0, 0, 0, 0, 0, 0, 0, 0, 0, 0, 8, 432, 48, 3, 3, 0, 0, 0, 0, 0, 0, 0, 0, 0, 0]",365,128,186624.0,4478976.0,5926123870,5926129889,6265297081,6265303417,0,480,480,-1,1,6019,6336,32,128,128,3
16,3,"[8, 432, 0, 0, 0, 0, 0, 0, 0, 0, 0, 0, 0, 0, 0, 4, 0, 0, 0, 0, 0, 0, 0, 0, 0, 0, 0, 0, 0, 0]",1,128,432.0,6916.0,5926185821,5926191929,6265303897,6265305944,0,1,1,-1,1,6108,2047,32,128,128,3
12,3,"[8, 432, 0, 0, 0, 0, 0, 0, 0, 0, 0, 0, 0, 0, 0, 8, 432, 0, 0, 0, 0, 0, 0, 0, 0, 0, 0, 0, 0, 0]",1,128,432.0,10368.0,5926247018,5926252571,6265305945,6265307993,0,1568,1568,-1,1,5553,2048,32,128,128,3
12,3,"[8, 432, 0, 0, 0, 0, 0, 0, 0, 0, 0, 0, 0, 0, 0, 8, 432, 0, 0, 0, 0, 0, 0, 0, 0, 0, 0, 0, 0, 0]",1,128,432.0,10368.0,5926306943,5926312603,6265309561,6265311929,0,224,224,-1,1,5660,2368,32,128,128,3
16,3,"[8, 432, 0, 0, 0, 0, 0, 0, 0, 0, 0, 0, 0, 0, 0, 4, 0, 0, 0, 0, 0, 0, 0, 0, 0, 0, 0, 0, 0, 0]",1,128,432.0,6916.0,5926367805,5926373488,6265312153,6265314137,0,1024,1024,-1,1,5683,1984,32,128,128,3
12,3,"[8, 432, 0, 0, 0, 0, 0, 0, 0, 0, 0, 0, 0, 0, 0, 8, 432, 0, 0, 0, 0, 0, 0, 0, 0, 0, 0, 0, 0, 0]",1,128,432.0,10368.0,5926427627,5926433537,6265315161,6265317497,0,608,608,-1,1,5910,2336,32,128,128,3
12,3,"[8, 432, 0, 0, 0, 0, 0, 0, 0, 0, 0, 0, 0, 0, 0, 8, 432, 0, 0, 0, 0, 0, 0, 0, 0, 0, 0, 0, 0, 0]",1,128,432.0,10368.0,5926488439,5926500618,6265318105,6265320281,0,416,416,-1,1,12179,2176,32,128,128,3
16,3,"[8, 432, 432, 1, 1, 0, 0, 0, 0, 0, 0, 0, 0, 0, 0, 4, 0, 0, 0, 0, 0, 0, 0, 0, 0, 0, 0, 0, 0, 0]",365,128,186624.0,2985988.0,5926559483,5926565675,6265320697,6265327577,0,480,480,-1,1,6192,6880,32,128,128,3
12,3,"[8, 432, 432, 1, 1, 0, 0, 0, 0, 0, 0, 0, 0, 0, 0, 8, 432, 432, 1, 1, 0, 0, 0, 0, 0, 0, 0, 0, 0, 0]",365,128,186624.0,4478976.0,5926621554,5926628120,6265328057,6265332569,0,1568,1568,-1,1,6566,4512,32,128,128,3
12,3,"[8, 432, 432, 1, 1, 0, 0, 0, 0, 0, 0, 0, 0, 0, 0, 8, 432, 432, 1, 1, 0, 0, 0, 0, 0, 0, 0, 0, 0, 0]",365,128,186624.0,4478976.0,5926683528,5926689883,6265334137,6265340601,0,256,256,-1,1,6355,6464,32,128,128,3
16,3,"[8, 432, 0, 0, 0, 0, 0, 0, 0, 0, 0, 0, 0, 0, 0, 4, 0, 0, 0, 0, 0, 0, 0, 0, 0, 0, 0, 0, 0, 0]",1,128,432.0,6916.0,5926746205,5926751915,6265340857,6265342809,0,1056,1056,-1,1,5710,1952,32,128,128,3
12,3,"[8, 432, 0, 0, 0, 0, 0, 0, 0, 0, 0, 0, 0, 0, 0, 8, 432, 0, 0, 0, 0, 0, 0, 0, 0, 0, 0, 0, 0, 0]",1,128,432.0,10368.0,5926807477,5926813056,6265343865,6265346137,0,544,544,-1,1,5579,2272,32,128,128,3
12,3,"[8, 432, 0, 0, 0, 0, 0, 0, 0, 0, 0, 0, 0, 0, 0, 8, 432, 0, 0, 0, 0, 0, 0, 0, 0, 0, 0, 0, 0, 0]",1,128,432.0,10368.0,5926868042,5926873647,6265346681,6265348920,0,1,1,-1,1,5605,2239,32,128,128,3
16,3,"[8, 432, 0, 0, 0, 0, 0, 0, 0, 0, 0, 0, 0, 0, 0, 4, 0, 0, 0, 0, 0, 0, 0, 0, 0, 0, 0, 0, 0, 0]",1,128,432.0,6916.0,5926936181,5926942692,6265348921,6265351001,0,1248,1248,-1,1,6511,2080,32,128,128,3
12,3,"[8, 432, 0, 0, 0, 0, 0, 0, 0, 0, 0, 0, 0, 0, 0, 8, 432, 0, 0, 0, 0, 0, 0, 0, 0, 0, 0, 0, 0, 0]",1,128,432.0,10368.0,5926999270,5927005642,6265352249,6265354937,0,128,128,-1,1,6372,2688,32,128,128,3
12,3,"[8, 432, 0, 0, 0, 0, 0, 0, 0, 0, 0, 0, 0, 0, 0, 8, 432, 0, 0, 0, 0, 0, 0, 0, 0, 0, 0, 0, 0, 0]",1,128,432.0,10368.0,5927059485,5927064980,6265355065,6265357145,0,1280,1280,-1,1,5495,2080,32,128,128,3
16,3,"[8, 432, 432, 1, 1, 0, 0, 0, 0, 0, 0, 0, 0, 0, 0, 4, 0, 0, 0, 0, 0, 0, 0, 0, 0, 0, 0, 0, 0, 0]",365,128,186624.0,2985988.0,5927120373,5927126212,6265358425,6265365273,0,256,256,-1,1,5839,6848,32,128,128,3
12,3,"[8, 432, 432, 1, 1, 0, 0, 0, 0, 0, 0, 0, 0, 0, 0, 8, 432, 432, 1, 1, 0, 0, 0, 0, 0, 0, 0, 0, 0, 0]",365,128,186624.0,4478976.0,5927182942,5927189497,6265365529,6265371321,0,160,160,-1,1,6555,5792,32,128,128,3
12,3,"[8, 432, 432, 1, 1, 0, 0, 0, 0, 0, 0, 0, 0, 0, 0, 8, 432, 432, 1, 1, 0, 0, 0, 0, 0, 0, 0, 0, 0, 0]",365,128,186624.0,4478976.0,5927244527,5927250296,6265371481,6265377625,0,1376,1376,-1,1,5769,6144,32,128,128,3
16,3,"[8, 432, 0, 0, 0, 0, 0, 0, 0, 0, 0, 0, 0, 0, 0, 4, 0, 0, 0, 0, 0, 0, 0, 0, 0, 0, 0, 0, 0, 0]",1,128,432.0,6916.0,5927311254,5927317087,6265379001,6265381113,0,576,576,-1,1,5833,2112,32,128,128,3
12,3,"[8, 432, 0, 0, 0, 0, 0, 0, 0, 0, 0, 0, 0, 0, 0, 8, 432, 0, 0, 0, 0, 0, 0, 0, 0, 0, 0, 0, 0, 0]",1,128,432.0,10368.0,5927373524,5927379366,6265381689,6265383736,0,1,1,-1,1,5842,2047,32,128,128,3
12,3,"[8, 432, 0, 0, 0, 0, 0, 0, 0, 0, 0, 0, 0, 0, 0, 8, 432, 0, 0, 0, 0, 0, 0, 0, 0, 0, 0, 0, 0, 0]",1,128,432.0,10368.0,5927434869,5927440779,6265383737,6265385817,0,1440,1440,-1,1,5910,2080,32,128,128,3
16,3,"[8, 432, 0, 0, 0, 0, 0, 0, 0, 0, 0, 0, 0, 0, 0, 4, 0, 0, 0, 0, 0, 0, 0, 0, 0, 0, 0, 0, 0, 0]",1,128,432.0,6916.0,5927496668,5927503181,6265387257,6265389369,0,512,512,-1,1,6513,2112,32,128,128,3
12,3,"[8, 432, 0, 0, 0, 0, 0, 0, 0, 0, 0, 0, 0, 0, 0, 8, 432, 0, 0, 0, 0, 0, 0, 0, 0, 0, 0, 0, 0, 0]",1,128,432.0,10368.0,5927558899,5927564616,6265389881,6265391961,0,1056,1056,-1,1,5717,2080,32,128,128,3
12,3,"[8, 432, 0, 0, 0, 0, 0, 0, 0, 0, 0, 0, 0, 0, 0, 8, 432, 0, 0, 0, 0, 0, 0, 0, 0, 0, 0, 0, 0, 0]",1,128,432.0,10368.0,5927620511,5927626493,6265393017,6265395257,0,544,544,-1,1,5982,2240,32,128,128,3
16,3,"[8, 432, 48, 3, 3, 0, 0, 0, 0, 0, 0, 0, 0, 0, 0, 4, 0, 0, 0, 0, 0, 0, 0, 0, 0, 0, 0, 0, 0, 0]",365,128,186624.0,2985988.0,5927795329,5927804455,6265395801,6265402200,0,1,1,-1,1,9126,6399,32,128,128,3
12,3,"[8, 432, 48, 3, 3, 0, 0, 0, 0, 0, 0, 0, 0, 0, 0, 8, 432, 48, 3, 3, 0, 0, 0, 0, 0, 0, 0, 0, 0, 0]",365,128,186624.0,4478976.0,5927874069,5927880659,6265402201,6265408312,0,1,1,-1,1,6590,6111,32,128,128,3
12,3,"[8, 432, 48, 3, 3, 0, 0, 0, 0, 0, 0, 0, 0, 0, 0, 8, 432, 48, 3, 3, 0, 0, 0, 0, 0, 0, 0, 0, 0, 0]",365,128,186624.0,4478976.0,5927938532,5927944664,6265408313,6265415609,0,544,544,-1,1,6132,7296,32,128,128,3
16,3,"[8, 432, 0, 0, 0, 0, 0, 0, 0, 0, 0, 0, 0, 0, 0, 4, 0, 0, 0, 0, 0, 0, 0, 0, 0, 0, 0, 0, 0, 0]",1,128,432.0,6916.0,5928001586,5928007549,6265416153,6265418265,0,320,320,-1,1,5963,2112,32,128,128,3
12,3,"[8, 432, 0, 0, 0, 0, 0, 0, 0, 0, 0, 0, 0, 0, 0, 8, 432, 0, 0, 0, 0, 0, 0, 0, 0, 0, 0, 0, 0, 0]",1,128,432.0,10368.0,5928062789,5928068838,6265418585,6265420633,0,1248,1248,-1,1,6049,2048,32,128,128,3
12,3,"[8, 432, 0, 0, 0, 0, 0, 0, 0, 0, 0, 0, 0, 0, 0, 8, 432, 0, 0, 0, 0, 0, 0, 0, 0, 0, 0, 0, 0, 0]",1,128,432.0,10368.0,5928124763,5928130767,6265421881,6265424216,0,480,480,-1,1,6004,2335,32,128,128,3
16,3,"[8, 432, 0, 0, 0, 0, 0, 0, 0, 0, 0, 0, 0, 0, 0, 4, 0, 0, 0, 0, 0, 0, 0, 0, 0, 0, 0, 0, 0, 0]",1,128,432.0,6916.0,5928195343,5928201712,6265424696,6265426744,0,1,1,-1,1,6369,2048,32,128,128,3
12,3,"[8, 432, 0, 0, 0, 0, 0, 0, 0, 0, 0, 0, 0, 0, 0, 8, 432, 0, 0, 0, 0, 0, 0, 0, 0, 0, 0, 0, 0, 0]",1,128,432.0,10368.0,5928258619,5928264328,6265426745,6265428824,0,1601,1601,-1,1,5709,2079,32,128,128,3
12,3,"[8, 432, 0, 0, 0, 0, 0, 0, 0, 0, 0, 0, 0, 0, 0, 8, 432, 0, 0, 0, 0, 0, 0, 0, 0, 0, 0, 0, 0, 0]",1,128,432.0,10368.0,5928324956,5928331033,6265430425,6265432888,0,1,1,-1,1,6077,2463,32,128,128,3
16,3,"[8, 432, 432, 1, 1, 0, 0, 0, 0, 0, 0, 0, 0, 0, 0, 4, 0, 0, 0, 0, 0, 0, 0, 0, 0, 0, 0, 0, 0, 0]",365,128,186624.0,2985988.0,5928389138,5928394982,6265432889,6265440184,0,641,641,-1,1,5844,7295,32,128,128,3
12,3,"[8, 432, 432, 1, 1, 0, 0, 0, 0, 0, 0, 0, 0, 0, 0, 8, 432, 432, 1, 1, 0, 0, 0, 0, 0, 0, 0, 0, 0, 0]",365,128,186624.0,4478976.0,5928451173,5928456599,6265440825,6265446456,0,576,576,-1,1,5426,5631,32,128,128,3
12,3,"[8, 432, 432, 1, 1, 0, 0, 0, 0, 0, 0, 0, 0, 0, 0, 8, 432, 432, 1, 1, 0, 0, 0, 0, 0, 0, 0, 0, 0, 0]",365,128,186624.0,4478976.0,5928512051,5928518374,6265447032,6265453400,0,576,576,-1,1,6323,6368,32,128,128,3
16,3,"[8, 432, 0, 0, 0, 0, 0, 0, 0, 0, 0, 0, 0, 0, 0, 4, 0, 0, 0, 0, 0, 0, 0, 0, 0, 0, 0, 0, 0, 0]",1,128,432.0,6916.0,5928579818,5928585896,6265453976,6265456568,0,640,640,-1,1,6078,2592,32,128,128,3
12,3,"[8, 432, 0, 0, 0, 0, 0, 0, 0, 0, 0, 0, 0, 0, 0, 8, 432, 0, 0, 0, 0, 0, 0, 0, 0, 0, 0, 0, 0, 0]",1,128,432.0,10368.0,5928641474,5928647485,6265457208,6265459481,0,32,32,-1,1,6011,2273,32,128,128,3
12,3,"[8, 432, 0, 0, 0, 0, 0, 0, 0, 0, 0, 0, 0, 0, 0, 8, 432, 0, 0, 0, 0, 0, 0, 0, 0, 0, 0, 0, 0, 0]",1,128,432.0,10368.0,5928701255,5928707313,6265459513,6265461592,0,1312,1312,-1,1,6058,2079,32,128,128,3
16,3,"[8, 432, 0, 0, 0, 0, 0, 0, 0, 0, 0, 0, 0, 0, 0, 4, 0, 0, 0, 0, 0, 0, 0, 0, 0, 0, 0, 0, 0, 0]",1,128,432.0,6916.0,5928760512,5928766205,6265462904,6265465016,0,608,608,-1,1,5693,2112,32,128,128,3
12,3,"[8, 432, 0, 0, 0, 0, 0, 0, 0, 0, 0, 0, 0, 0, 0, 8, 432, 0, 0, 0, 0, 0, 0, 0, 0, 0, 0, 0, 0, 0]",1,128,432.0,10368.0,5928821236,5928826762,6265465624,6265467736,0,1120,1120,-1,1,5526,2112,32,128,128,3
12,3,"[8, 432, 0, 0, 0, 0, 0, 0, 0, 0, 0, 0, 0, 0, 0, 8, 432, 0, 0, 0, 0, 0, 0, 0, 0, 0, 0, 0, 0, 0]",1,128,432.0,10368.0,5928881998,5928888351,6265468856,6265471224,0,577,577,-1,1,6353,2368,32,128,128,3
16,3,"[8, 432, 432, 1, 1, 0, 0, 0, 0, 0, 0, 0, 0, 0, 0, 4, 0, 0, 0, 0, 0, 0, 0, 0, 0, 0, 0, 0, 0, 0]",365,128,186624.0,2985988.0,5928944185,5928949970,6265471801,6265477976,0,1472,1472,-1,1,5785,6175,32,128,128,3
12,3,"[8, 432, 432, 1, 1, 0, 0, 0, 0, 0, 0, 0, 0, 0, 0, 8, 432, 432, 1, 1, 0, 0, 0, 0, 0, 0, 0, 0, 0, 0]",365,128,186624.0,4478976.0,5929012732,5929018902,6265479448,6265484120,0,1568,1568,-1,1,6170,4672,32,128,128,3
12,3,"[8, 432, 432, 1, 1, 0, 0, 0, 0, 0, 0, 0, 0, 0, 0, 8, 432, 432, 1, 1, 0, 0, 0, 0, 0, 0, 0, 0, 0, 0]",365,128,186624.0,4478976.0,5929075079,5929080530,6265485688,6265491768,0,480,480,-1,1,5451,6080,32,128,128,3
16,3,"[8, 432, 0, 0, 0, 0, 0, 0, 0, 0, 0, 0, 0, 0, 0, 4, 0, 0, 0, 0, 0, 0, 0, 0, 0, 0, 0, 0, 0, 0]",1,128,432.0,6916.0,5929136710,5929142744,6265492248,6265494360,0,352,352,-1,1,6034,2112,32,128,128,3
12,3,"[8, 432, 0, 0, 0, 0, 0, 0, 0, 0, 0, 0, 0, 0, 0, 8, 432, 0, 0, 0, 0, 0, 0, 0, 0, 0, 0, 0, 0, 0]",1,128,432.0,10368.0,5929198674,5929204783,6265494712,6265496408,0,1504,1504,-1,1,6109,1696,32,128,128,3
12,3,"[8, 432, 0, 0, 0, 0, 0, 0, 0, 0, 0, 0, 0, 0, 0, 8, 432, 0, 0, 0, 0, 0, 0, 0, 0, 0, 0, 0, 0, 0]",1,128,432.0,10368.0,5929258761,5929264929,6265497912,6265500216,0,256,256,-1,1,6168,2304,32,128,128,3
16,3,"[8, 432, 0, 0, 0, 0, 0, 0, 0, 0, 0, 0, 0, 0, 0, 4, 0, 0, 0, 0, 0, 0, 0, 0, 0, 0, 0, 0, 0, 0]",1,128,432.0,6916.0,5929320543,5929326208,6265500472,6265502519,0,1,1,-1,1,5665,2047,32,128,128,3
12,3,"[8, 432, 0, 0, 0, 0, 0, 0, 0, 0, 0, 0, 0, 0, 0, 8, 432, 0, 0, 0, 0, 0, 0, 0, 0, 0, 0, 0, 0, 0]",1,128,432.0,10368.0,5929387391,5929393252,6265502520,6265505624,0,544,544,-1,1,5861,3104,32,128,128,3
12,3,"[8, 432, 0, 0, 0, 0, 0, 0, 0, 0, 0, 0, 0, 0, 0, 8, 432, 0, 0, 0, 0, 0, 0, 0, 0, 0, 0, 0, 0, 0]",1,128,432.0,10368.0,5929449378,5929454991,6265506168,6265508408,0,288,288,-1,1,5613,2240,32,128,128,3
16,3,"[8, 432, 48, 3, 3, 0, 0, 0, 0, 0, 0, 0, 0, 0, 0, 4, 0, 0, 0, 0, 0, 0, 0, 0, 0, 0, 0, 0, 0, 0]",365,128,186624.0,2985988.0,5929511130,5929516788,6265508696,6265515928,0,544,544,-1,1,5658,7232,32,128,128,3
12,3,"[8, 432, 48, 3, 3, 0, 0, 0, 0, 0, 0, 0, 0, 0, 0, 8, 432, 48, 3, 3, 0, 0, 0, 0, 0, 0, 0, 0, 0, 0]",365,128,186624.0,4478976.0,5929589486,5929594920,6265516472,6265522040,0,608,608,-1,1,5434,5568,32,128,128,3
12,3,"[8, 432, 48, 3, 3, 0, 0, 0, 0, 0, 0, 0, 0, 0, 0, 8, 432, 48, 3, 3, 0, 0, 0, 0, 0, 0, 0, 0, 0, 0]",365,128,186624.0,4478976.0,5929649895,5929655283,6265522648,6265528952,0,192,192,-1,1,5388,6304,32,128,128,3
16,3,"[8, 432, 0, 0, 0, 0, 0, 0, 0, 0, 0, 0, 0, 0, 0, 4, 0, 0, 0, 0, 0, 0, 0, 0, 0, 0, 0, 0, 0, 0]",1,128,432.0,6916.0,5929710329,5929715983,6265529144,6265531223,0,1,1,-1,1,5654,2079,32,128,128,3
12,3,"[8, 432, 0, 0, 0, 0, 0, 0, 0, 0, 0, 0, 0, 0, 0, 8, 432, 0, 0, 0, 0, 0, 0, 0, 0, 0, 0, 0, 0, 0]",1,128,432.0,10368.0,5929772155,5929785363,6265531224,6265534744,0,576,576,-1,1,13208,3520,32,128,128,3
12,3,"[8, 432, 0, 0, 0, 0, 0, 0, 0, 0, 0, 0, 0, 0, 0, 8, 432, 0, 0, 0, 0, 0, 0, 0, 0, 0, 0, 0, 0, 0]",1,128,432.0,10368.0,5929842012,5929848208,6265535320,6265537335,0,1,1,-1,1,6196,2015,32,128,128,3
16,3,"[8, 432, 0, 0, 0, 0, 0, 0, 0, 0, 0, 0, 0, 0, 0, 4, 0, 0, 0, 0, 0, 0, 0, 0, 0, 0, 0, 0, 0, 0]",1,128,432.0,6916.0,5929903091,5929908875,6265537336,6265539416,0,1376,1376,-1,1,5784,2080,32,128,128,3
12,3,"[8, 432, 0, 0, 0, 0, 0, 0, 0, 0, 0, 0, 0, 0, 0, 8, 432, 0, 0, 0, 0, 0, 0, 0, 0, 0, 0, 0, 0, 0]",1,128,432.0,10368.0,5929966055,5929972554,6265540792,6265543032,0,448,448,-1,1,6499,2240,32,128,128,3
12,3,"[8, 432, 0, 0, 0, 0, 0, 0, 0, 0, 0, 0, 0, 0, 0, 8, 432, 0, 0, 0, 0, 0, 0, 0, 0, 0, 0, 0, 0, 0]",1,128,432.0,10368.0,5930028109,5930033546,6265543480,6265545560,0,1504,1504,-1,1,5437,2080,32,128,128,3
16,3,"[8, 432, 432, 1, 1, 0, 0, 0, 0, 0, 0, 0, 0, 0, 0, 4, 0, 0, 0, 0, 0, 0, 0, 0, 0, 0, 0, 0, 0, 0]",365,128,186624.0,2985988.0,5930089661,5930095255,6265547064,6265553719,0,1,1,-1,1,5594,6655,32,128,128,3
12,3,"[8, 432, 432, 1, 1, 0, 0, 0, 0, 0, 0, 0, 0, 0, 0, 8, 432, 432, 1, 1, 0, 0, 0, 0, 0, 0, 0, 0, 0, 0]",365,128,186624.0,4478976.0,5930152768,5930158390,6265553720,6265559896,0,384,384,-1,1,5622,6176,32,128,128,3
12,3,"[8, 432, 432, 1, 1, 0, 0, 0, 0, 0, 0, 0, 0, 0, 0, 8, 432, 432, 1, 1, 0, 0, 0, 0, 0, 0, 0, 0, 0, 0]",365,128,186624.0,4478976.0,5930221749,5930229357,6265560280,6265567224,0,512,512,-1,1,7608,6944,32,128,128,3
16,3,"[8, 432, 0, 0, 0, 0, 0, 0, 0, 0, 0, 0, 0, 0, 0, 4, 0, 0, 0, 0, 0, 0, 0, 0, 0, 0, 0, 0, 0, 0]",1,128,432.0,6916.0,5930287964,5930295503,6265567736,6265569912,0,288,288,-1,1,7539,2176,32,128,128,3
12,3,"[8, 432, 0, 0, 0, 0, 0, 0, 0, 0, 0, 0, 0, 0, 0, 8, 432, 0, 0, 0, 0, 0, 0, 0, 0, 0, 0, 0, 0, 0]",1,128,432.0,10368.0,5930366395,5930375475,6265570200,6265572184,0,1184,1184,-1,1,9080,1984,32,128,128,3
12,3,"[8, 432, 0, 0, 0, 0, 0, 0, 0, 0, 0, 0, 0, 0, 0, 8, 432, 0, 0, 0, 0, 0, 0, 0, 0, 0, 0, 0, 0, 0]",1,128,432.0,10368.0,5930550564,5930561889,6265573368,6265575608,0,544,544,-1,1,11325,2240,32,128,128,3
16,3,"[8, 432, 0, 0, 0, 0, 0, 0, 0, 0, 0, 0, 0, 0, 0, 4, 0, 0, 0, 0, 0, 0, 0, 0, 0, 0, 0, 0, 0, 0]",1,128,432.0,6916.0,5930642599,5930651776,6265576152,6265578264,0,288,288,-1,1,9177,2112,32,128,128,3
12,3,"[8, 432, 0, 0, 0, 0, 0, 0, 0, 0, 0, 0, 0, 0, 0, 8, 432, 0, 0, 0, 0, 0, 0, 0, 0, 0, 0, 0, 0, 0]",1,128,432.0,10368.0,5930726771,5930735406,6265578552,6265581656,0,544,544,-1,1,8635,3104,32,128,128,3
12,3,"[8, 432, 0, 0, 0, 0, 0, 0, 0, 0, 0, 0, 0, 0, 0, 8, 432, 0, 0, 0, 0, 0, 0, 0, 0, 0, 0, 0, 0, 0]",1,128,432.0,10368.0,5930801160,5930809908,6265582200,6265584472,0,320,320,-1,1,8748,2272,32,128,128,3
16,3,"[8, 432, 432, 1, 1, 0, 0, 0, 0, 0, 0, 0, 0, 0, 0, 4, 0, 0, 0, 0, 0, 0, 0, 0, 0, 0, 0, 0, 0, 0]",365,128,186624.0,2985988.0,5930903964,5930916406,6265584792,6265591672,0,608,608,-1,1,12442,6880,32,128,128,3
12,3,"[8, 432, 432, 1, 1, 0, 0, 0, 0, 0, 0, 0, 0, 0, 0, 8, 432, 432, 1, 1, 0, 0, 0, 0, 0, 0, 0, 0, 0, 0]",365,128,186624.0,4478976.0,5930994607,5931003698,6265592280,6265596760,0,1504,1504,-1,1,9091,4480,32,128,128,3
12,3,"[8, 432, 432, 1, 1, 0, 0, 0, 0, 0, 0, 0, 0, 0, 0, 8, 432, 432, 1, 1, 0, 0, 0, 0, 0, 0, 0, 0, 0, 0]",365,128,186624.0,4478976.0,5931067826,5931075179,6265598264,6265604919,0,1,1,-1,1,7353,6655,32,128,128,3
16,3,"[8, 432, 0, 0, 0, 0, 0, 0, 0, 0, 0, 0, 0, 0, 0, 4, 0, 0, 0, 0, 0, 0, 0, 0, 0, 0, 0, 0, 0, 0]",1,128,432.0,6916.0,5931135846,5931143175,6265604920,6265607000,0,1280,1280,-1,1,7329,2080,32,128,128,3
12,3,"[8, 432, 0, 0, 0, 0, 0, 0, 0, 0, 0, 0, 0, 0, 0, 8, 432, 0, 0, 0, 0, 0, 0, 0, 0, 0, 0, 0, 0, 0]",1,128,432.0,10368.0,5931200875,5931207204,6265608280,6265610552,0,512,512,-1,1,6329,2272,32,128,128,3
12,3,"[8, 432, 0, 0, 0, 0, 0, 0, 0, 0, 0, 0, 0, 0, 0, 8, 432, 0, 0, 0, 0, 0, 0, 0, 0, 0, 0, 0, 0, 0]",1,128,432.0,10368.0,5931270240,5931276054,6265611064,6265613144,0,480,480,-1,1,5814,2080,32,128,128,3
16,3,"[8, 432, 0, 0, 0, 0, 0, 0, 0, 0, 0, 0, 0, 0, 0, 4, 0, 0, 0, 0, 0, 0, 0, 0, 0, 0, 0, 0, 0, 0]",1,128,432.0,6916.0,5931332072,5931338651,6265613624,6265615192,0,1536,1536,-1,1,6579,1568,32,128,128,3
12,3,"[8, 432, 0, 0, 0, 0, 0, 0, 0, 0, 0, 0, 0, 0, 0, 8, 432, 0, 0, 0, 0, 0, 0, 0, 0, 0, 0, 0, 0, 0]",1,128,432.0,10368.0,5931394851,5931400937,6265616728,6265619128,0,128,128,-1,1,6086,2400,32,128,128,3
12,3,"[8, 432, 0, 0, 0, 0, 0, 0, 0, 0, 0, 0, 0, 0, 0, 8, 432, 0, 0, 0, 0, 0, 0, 0, 0, 0, 0, 0, 0, 0]",1,128,432.0,10368.0,5931456547,5931462166,6265619256,6265621336,0,1248,1248,-1,1,5619,2080,32,128,128,3
16,3,"[8, 432, 48, 3, 3, 0, 0, 0, 0, 0, 0, 0, 0, 0, 0, 4, 0, 0, 0, 0, 0, 0, 0, 0, 0, 0, 0, 0, 0, 0]",365,128,186624.0,2985988.0,5931518429,5931524404,6265622584,6265629240,0,288,288,-1,1,5975,6656,32,128,128,3
12,3,"[8, 432, 48, 3, 3, 0, 0, 0, 0, 0, 0, 0, 0, 0, 0, 8, 432, 48, 3, 3, 0, 0, 0, 0, 0, 0, 0, 0, 0, 0]",365,128,186624.0,4478976.0,5931580611,5931586064,6265629528,6265635384,0,288,288,-1,1,5453,5856,32,128,128,3
12,3,"[8, 432, 48, 3, 3, 0, 0, 0, 0, 0, 0, 0, 0, 0, 0, 8, 432, 48, 3, 3, 0, 0, 0, 0, 0, 0, 0, 0, 0, 0]",365,128,186624.0,4478976.0,5931648538,5931654738,6265635672,6265641816,0,576,576,-1,1,6200,6144,32,128,128,3
16,3,"[8, 432, 0, 0, 0, 0, 0, 0, 0, 0, 0, 0, 0, 0, 0, 4, 0, 0, 0, 0, 0, 0, 0, 0, 0, 0, 0, 0, 0, 0]",1,128,432.0,6916.0,5931710797,5931716446,6265642392,6265643864,0,1568,1568,-1,1,5649,1472,32,128,128,3
12,3,"[8, 432, 0, 0, 0, 0, 0, 0, 0, 0, 0, 0, 0, 0, 0, 8, 432, 0, 0, 0, 0, 0, 0, 0, 0, 0, 0, 0, 0, 0]",1,128,432.0,10368.0,5931772293,5931778793,6265645432,6265647927,0,1,1,-1,1,6500,2495,32,128,128,3
12,3,"[8, 432, 0, 0, 0, 0, 0, 0, 0, 0, 0, 0, 0, 0, 0, 8, 432, 0, 0, 0, 0, 0, 0, 0, 0, 0, 0, 0, 0, 0]",1,128,432.0,10368.0,5931834370,5931839635,6265647928,6265650008,0,1568,1568,-1,1,5265,2080,32,128,128,3
16,3,"[8, 432, 0, 0, 0, 0, 0, 0, 0, 0, 0, 0, 0, 0, 0, 4, 0, 0, 0, 0, 0, 0, 0, 0, 0, 0, 0, 0, 0, 0]",1,128,432.0,6916.0,5931894091,5931901006,6265651576,6265653688,0,384,384,-1,1,6915,2112,32,128,128,3
12,3,"[8, 432, 0, 0, 0, 0, 0, 0, 0, 0, 0, 0, 0, 0, 0, 8, 432, 0, 0, 0, 0, 0, 0, 0, 0, 0, 0, 0, 0, 0]",1,128,432.0,10368.0,5931958594,5931965016,6265654072,6265656119,0,1,1,-1,1,6422,2047,32,128,128,3
12,3,"[8, 432, 0, 0, 0, 0, 0, 0, 0, 0, 0, 0, 0, 0, 0, 8, 432, 0, 0, 0, 0, 0, 0, 0, 0, 0, 0, 0, 0, 0]",1,128,432.0,10368.0,5932026335,5932032814,6265656120,6265659832,0,384,384,-1,1,6479,3712,32,128,128,3
16,3,"[8, 432, 432, 1, 1, 0, 0, 0, 0, 0, 0, 0, 0, 0, 0, 4, 0, 0, 0, 0, 0, 0, 0, 0, 0, 0, 0, 0, 0, 0]",365,128,186624.0,2985988.0,5932090761,5932096864,6265660216,6265666392,0,1184,1184,-1,1,6103,6176,32,128,128,3
12,3,"[8, 432, 432, 1, 1, 0, 0, 0, 0, 0, 0, 0, 0, 0, 0, 8, 432, 432, 1, 1, 0, 0, 0, 0, 0, 0, 0, 0, 0, 0]",365,128,186624.0,4478976.0,5932164372,5932171506,6265667576,6265672536,0,1408,1408,-1,1,7134,4960,32,128,128,3
12,3,"[8, 432, 432, 1, 1, 0, 0, 0, 0, 0, 0, 0, 0, 0, 0, 8, 432, 432, 1, 1, 0, 0, 0, 0, 0, 0, 0, 0, 0, 0]",365,128,186624.0,4478976.0,5932229769,5932235957,6265673944,6265680312,0,416,416,-1,1,6188,6368,32,128,128,3
16,3,"[8, 432, 0, 0, 0, 0, 0, 0, 0, 0, 0, 0, 0, 0, 0, 4, 0, 0, 0, 0, 0, 0, 0, 0, 0, 0, 0, 0, 0, 0]",1,128,432.0,6916.0,5932293153,5932305143,6265680728,6265682776,0,1056,1056,-1,1,11990,2048,32,128,128,3
12,3,"[8, 432, 0, 0, 0, 0, 0, 0, 0, 0, 0, 0, 0, 0, 0, 8, 432, 0, 0, 0, 0, 0, 0, 0, 0, 0, 0, 0, 0, 0]",1,128,432.0,10368.0,5932364392,5932370265,6265683832,6265686104,0,512,512,-1,1,5873,2272,32,128,128,3
12,3,"[8, 432, 0, 0, 0, 0, 0, 0, 0, 0, 0, 0, 0, 0, 0, 8, 432, 0, 0, 0, 0, 0, 0, 0, 0, 0, 0, 0, 0, 0]",1,128,432.0,10368.0,5932426512,5932432586,6265686616,6265688887,0,1,1,-1,1,6074,2271,32,128,128,3
16,3,"[8, 432, 0, 0, 0, 0, 0, 0, 0, 0, 0, 0, 0, 0, 0, 4, 0, 0, 0, 0, 0, 0, 0, 0, 0, 0, 0, 0, 0, 0]",1,128,432.0,6916.0,5932494393,5932500546,6265688888,6265690968,0,1120,1120,-1,1,6153,2080,32,128,128,3
12,3,"[8, 432, 0, 0, 0, 0, 0, 0, 0, 0, 0, 0, 0, 0, 0, 8, 432, 0, 0, 0, 0, 0, 0, 0, 0, 0, 0, 0, 0, 0]",1,128,432.0,10368.0,5932558333,5932564615,6265692088,6265694392,0,608,608,-1,1,6282,2304,32,128,128,3
12,3,"[8, 432, 0, 0, 0, 0, 0, 0, 0, 0, 0, 0, 0, 0, 0, 8, 432, 0, 0, 0, 0, 0, 0, 0, 0, 0, 0, 0, 0, 0]",1,128,432.0,10368.0,5932620028,5932625893,6265695000,6265697112,0,512,512,-1,1,5865,2112,32,128,128,3
16,3,"[8, 432, 432, 1, 1, 0, 0, 0, 0, 0, 0, 0, 0, 0, 0, 4, 0, 0, 0, 0, 0, 0, 0, 0, 0, 0, 0, 0, 0, 0]",365,128,186624.0,2985988.0,5932680381,5932686837,6265697624,6265704536,0,576,576,-1,1,6456,6912,32,128,128,3
12,3,"[8, 432, 432, 1, 1, 0, 0, 0, 0, 0, 0, 0, 0, 0, 0, 8, 432, 432, 1, 1, 0, 0, 0, 0, 0, 0, 0, 0, 0, 0]",365,128,186624.0,4478976.0,5932743276,5932749122,6265705112,6265710648,0,512,512,-1,1,5846,5536,32,128,128,3
12,3,"[8, 432, 432, 1, 1, 0, 0, 0, 0, 0, 0, 0, 0, 0, 0, 8, 432, 432, 1, 1, 0, 0, 0, 0, 0, 0, 0, 0, 0, 0]",365,128,186624.0,4478976.0,5932803976,5932809295,6265711160,6265717528,0,32,32,-1,1,5319,6368,32,128,128,3
16,3,"[8, 432, 0, 0, 0, 0, 0, 0, 0, 0, 0, 0, 0, 0, 0, 4, 0, 0, 0, 0, 0, 0, 0, 0, 0, 0, 0, 0, 0, 0]",1,128,432.0,6916.0,5932870407,5932877321,6265717560,6265719640,0,1024,1024,-1,1,6914,2080,32,128,128,3
12,3,"[8, 432, 0, 0, 0, 0, 0, 0, 0, 0, 0, 0, 0, 0, 0, 8, 432, 0, 0, 0, 0, 0, 0, 0, 0, 0, 0, 0, 0, 0]",1,128,432.0,10368.0,5932934990,5932941315,6265720664,6265723000,0,608,608,-1,1,6325,2336,32,128,128,3
12,3,"[8, 432, 0, 0, 0, 0, 0, 0, 0, 0, 0, 0, 0, 0, 0, 8, 432, 0, 0, 0, 0, 0, 0, 0, 0, 0, 0, 0, 0, 0]",1,128,432.0,10368.0,5932998435,5933003815,6265723608,6265725784,0,1056,1056,-1,1,5380,2176,32,128,128,3
16,3,"[8, 432, 0, 0, 0, 0, 0, 0, 0, 0, 0, 0, 0, 0, 0, 4, 0, 0, 0, 0, 0, 0, 0, 0, 0, 0, 0, 0, 0, 0]",1,128,432.0,6916.0,5933059603,5933065951,6265726840,6265728952,0,544,544,-1,1,6348,2112,32,128,128,3
12,3,"[8, 432, 0, 0, 0, 0, 0, 0, 0, 0, 0, 0, 0, 0, 0, 8, 432, 0, 0, 0, 0, 0, 0, 0, 0, 0, 0, 0, 0, 0]",1,128,432.0,10368.0,5933122138,5933127822,6265729496,6265731767,0,128,128,-1,1,5684,2271,32,128,128,3
12,3,"[8, 432, 0, 0, 0, 0, 0, 0, 0, 0, 0, 0, 0, 0, 0, 8, 432, 0, 0, 0, 0, 0, 0, 0, 0, 0, 0, 0, 0, 0]",1,128,432.0,10368.0,5933183097,5933188848,6265731895,6265733976,0,1280,1280,-1,1,5751,2081,32,128,128,3
16,3,"[8, 432, 48, 3, 3, 0, 0, 0, 0, 0, 0, 0, 0, 0, 0, 4, 0, 0, 0, 0, 0, 0, 0, 0, 0, 0, 0, 0, 0, 0]",365,128,186624.0,2985988.0,5933247539,5933260831,6265735256,6265742135,0,1,1,-1,1,13292,6879,32,128,128,3
12,3,"[8, 432, 48, 3, 3, 0, 0, 0, 0, 0, 0, 0, 0, 0, 0, 8, 432, 48, 3, 3, 0, 0, 0, 0, 0, 0, 0, 0, 0, 0]",365,128,186624.0,4478976.0,5933421395,5933430019,6265742136,6265748183,0,128,128,-1,1,8624,6047,32,128,128,3
12,3,"[8, 432, 48, 3, 3, 0, 0, 0, 0, 0, 0, 0, 0, 0, 0, 8, 432, 48, 3, 3, 0, 0, 0, 0, 0, 0, 0, 0, 0, 0]",365,128,186624.0,4478976.0,5933496018,5933502692,6265748311,6265754455,0,1184,1184,-1,1,6674,6144,32,128,128,3
16,3,"[8, 432, 0, 0, 0, 0, 0, 0, 0, 0, 0, 0, 0, 0, 0, 4, 0, 0, 0, 0, 0, 0, 0, 0, 0, 0, 0, 0, 0, 0]",1,128,432.0,6916.0,5933561582,5933567805,6265755639,6265757752,0,639,639,-1,1,6223,2113,32,128,128,3
12,3,"[8, 432, 0, 0, 0, 0, 0, 0, 0, 0, 0, 0, 0, 0, 0, 8, 432, 0, 0, 0, 0, 0, 0, 0, 0, 0, 0, 0, 0, 0]",1,128,432.0,10368.0,5933624887,5933630557,6265758391,6265760599,0,352,352,-1,1,5670,2208,32,128,128,3
12,3,"[8, 432, 0, 0, 0, 0, 0, 0, 0, 0, 0, 0, 0, 0, 0, 8, 432, 0, 0, 0, 0, 0, 0, 0, 0, 0, 0, 0, 0, 0]",1,128,432.0,10368.0,5933697353,5933703972,6265760951,6265762647,0,1473,1473,-1,1,6619,1696,32,128,128,3
16,3,"[8, 432, 0, 0, 0, 0, 0, 0, 0, 0, 0, 0, 0, 0, 0, 4, 0, 0, 0, 0, 0, 0, 0, 0, 0, 0, 0, 0, 0, 0]",1,128,432.0,6916.0,5933771106,5933778126,6265764120,6265766263,0,449,449,-1,1,7020,2143,32,128,128,3
12,3,"[8, 432, 0, 0, 0, 0, 0, 0, 0, 0, 0, 0, 0, 0, 0, 8, 432, 0, 0, 0, 0, 0, 0, 0, 0, 0, 0, 0, 0, 0]",1,128,432.0,10368.0,5933840000,5934073090,6265766712,6265768791,0,1056,1056,-1,1,233090,2079,32,128,128,3
12,3,"[8, 432, 0, 0, 0, 0, 0, 0, 0, 0, 0, 0, 0, 0, 0, 8, 432, 0, 0, 0, 0, 0, 0, 0, 0, 0, 0, 0, 0, 0]",1,128,432.0,10368.0,5934150240,5934157194,6265769847,6265772152,0,511,511,-1,1,6954,2305,32,128,128,3
16,3,"[8, 432, 432, 1, 1, 0, 0, 0, 0, 0, 0, 0, 0, 0, 0, 4, 0, 0, 0, 0, 0, 0, 0, 0, 0, 0, 0, 0, 0, 0]",365,128,186624.0,2985988.0,5934231383,5936251245,6265772663,6265779030,0,1,1,-1,1,2019862,6367,32,128,128,3
12,3,"[8, 432, 432, 1, 1, 0, 0, 0, 0, 0, 0, 0, 0, 0, 0, 8, 432, 432, 1, 1, 0, 0, 0, 0, 0, 0, 0, 0, 0, 0]",365,128,186624.0,4478976.0,5936353345,5936363201,6265779031,6265785175,0,416,416,-1,1,9856,6144,32,128,128,3
12,3,"[8, 432, 432, 1, 1, 0, 0, 0, 0, 0, 0, 0, 0, 0, 0, 8, 432, 432, 1, 1, 0, 0, 0, 0, 0, 0, 0, 0, 0, 0]",365,128,186624.0,4478976.0,5936426386,5936432958,6265785591,6265792759,0,480,480,-1,1,6572,7168,32,128,128,3
16,3,"[8, 432, 0, 0, 0, 0, 0, 0, 0, 0, 0, 0, 0, 0, 0, 4, 0, 0, 0, 0, 0, 0, 0, 0, 0, 0, 0, 0, 0, 0]",1,128,432.0,6916.0,5936493253,5936499767,6265793239,6265795351,0,64,64,-1,1,6514,2112,32,128,128,3
12,3,"[8, 432, 0, 0, 0, 0, 0, 0, 0, 0, 0, 0, 0, 0, 0, 8, 432, 0, 0, 0, 0, 0, 0, 0, 0, 0, 0, 0, 0, 0]",1,128,432.0,10368.0,5936557858,5936563821,6265795415,6265797463,0,1376,1376,-1,1,5963,2048,32,128,128,3
12,3,"[8, 432, 0, 0, 0, 0, 0, 0, 0, 0, 0, 0, 0, 0, 0, 8, 432, 0, 0, 0, 0, 0, 0, 0, 0, 0, 0, 0, 0, 0]",1,128,432.0,10368.0,5936620795,5936626371,6265798839,6265801143,0,384,384,-1,1,5576,2304,32,128,128,3
16,3,"[8, 432, 0, 0, 0, 0, 0, 0, 0, 0, 0, 0, 0, 0, 0, 4, 0, 0, 0, 0, 0, 0, 0, 0, 0, 0, 0, 0, 0, 0]",1,128,432.0,6916.0,5936683251,5936688883,6265801527,6265803574,0,1,1,-1,1,5632,2047,32,128,128,3
12,3,"[8, 432, 0, 0, 0, 0, 0, 0, 0, 0, 0, 0, 0, 0, 0, 8, 432, 0, 0, 0, 0, 0, 0, 0, 0, 0, 0, 0, 0, 0]",1,128,432.0,10368.0,5936752380,5938328918,6265803575,6265806711,0,608,608,-1,1,1576538,3136,32,128,128,3
12,3,"[8, 432, 0, 0, 0, 0, 0, 0, 0, 0, 0, 0, 0, 0, 0, 8, 432, 0, 0, 0, 0, 0, 0, 0, 0, 0, 0, 0, 0, 0]",1,128,432.0,10368.0,5938401923,5938411413,6265807319,6265809623,0,224,224,-1,1,9490,2304,32,128,128,3
16,3,"[8, 432, 432, 1, 1, 0, 0, 0, 0, 0, 0, 0, 0, 0, 0, 4, 0, 0, 0, 0, 0, 0, 0, 0, 0, 0, 0, 0, 0, 0]",365,128,186624.0,2985988.0,5938472866,5938479200,6265809847,6265815895,0,1312,1312,-1,1,6334,6048,32,128,128,3
12,3,"[8, 432, 432, 1, 1, 0, 0, 0, 0, 0, 0, 0, 0, 0, 0, 8, 432, 432, 1, 1, 0, 0, 0, 0, 0, 0, 0, 0, 0, 0]",365,128,186624.0,4478976.0,5938537460,5940627326,6265817207,6265822039,0,1312,1312,-1,1,2089866,4832,32,128,128,3
12,3,"[8, 432, 432, 1, 1, 0, 0, 0, 0, 0, 0, 0, 0, 0, 0, 8, 432, 432, 1, 1, 0, 0, 0, 0, 0, 0, 0, 0, 0, 0]",365,128,186624.0,4478976.0,5940734314,5940747095,6265823351,6265829815,0,416,416,-1,1,12781,6464,32,128,128,3
16,3,"[8, 432, 0, 0, 0, 0, 0, 0, 0, 0, 0, 0, 0, 0, 0, 4, 0, 0, 0, 0, 0, 0, 0, 0, 0, 0, 0, 0, 0, 0]",1,128,432.0,6916.0,5940813454,5940820561,6265830231,6265832279,0,448,448,-1,1,7107,2048,32,128,128,3
12,3,"[8, 432, 0, 0, 0, 0, 0, 0, 0, 0, 0, 0, 0, 0, 0, 8, 432, 0, 0, 0, 0, 0, 0, 0, 0, 0, 0, 0, 0, 0]",1,128,432.0,10368.0,5940880263,5940886349,6265832727,6265835767,0,544,544,-1,1,6086,3040,32,128,128,3
12,3,"[8, 432, 0, 0, 0, 0, 0, 0, 0, 0, 0, 0, 0, 0, 0, 8, 432, 0, 0, 0, 0, 0, 0, 0, 0, 0, 0, 0, 0, 0]",1,128,432.0,10368.0,5940946129,5940952672,6265836311,6265838390,0,1,1,-1,1,6543,2079,32,128,128,3
16,3,"[8, 432, 0, 0, 0, 0, 0, 0, 0, 0, 0, 0, 0, 0, 0, 4, 0, 0, 0, 0, 0, 0, 0, 0, 0, 0, 0, 0, 0, 0]",1,128,432.0,6916.0,5941011591,5941018742,6265838391,6265840471,0,1312,1312,-1,1,7151,2080,32,128,128,3
12,3,"[8, 432, 0, 0, 0, 0, 0, 0, 0, 0, 0, 0, 0, 0, 0, 8, 432, 0, 0, 0, 0, 0, 0, 0, 0, 0, 0, 0, 0, 0]",1,128,432.0,10368.0,5941076427,5941083386,6265841783,6265844087,0,480,480,-1,1,6959,2304,32,128,128,3
12,3,"[8, 432, 0, 0, 0, 0, 0, 0, 0, 0, 0, 0, 0, 0, 0, 8, 432, 0, 0, 0, 0, 0, 0, 0, 0, 0, 0, 0, 0, 0]",1,128,432.0,10368.0,5941139940,5941145843,6265844567,6265846615,0,1472,1472,-1,1,5903,2048,32,128,128,3
16,3,"[8, 432, 48, 3, 3, 0, 0, 0, 0, 0, 0, 0, 0, 0, 0, 4, 0, 0, 0, 0, 0, 0, 0, 0, 0, 0, 0, 0, 0, 0]",365,128,186624.0,2985988.0,5941209705,5942740062,6265848087,6265854647,0,256,256,-1,1,1530357,6560,32,128,128,3
12,3,"[8, 432, 48, 3, 3, 0, 0, 0, 0, 0, 0, 0, 0, 0, 0, 8, 432, 48, 3, 3, 0, 0, 0, 0, 0, 0, 0, 0, 0, 0]",365,128,186624.0,4478976.0,5942806089,5942814030,6265854903,6265860918,0,1,1,-1,1,7941,6015,32,128,128,3
12,3,"[8, 432, 48, 3, 3, 0, 0, 0, 0, 0, 0, 0, 0, 0, 0, 8, 432, 48, 3, 3, 0, 0, 0, 0, 0, 0, 0, 0, 0, 0]",365,128,186624.0,4478976.0,5942872514,5942879139,6265860919,6265867095,0,1184,1184,-1,1,6625,6176,32,128,128,3
16,3,"[8, 432, 0, 0, 0, 0, 0, 0, 0, 0, 0, 0, 0, 0, 0, 4, 0, 0, 0, 0, 0, 0, 0, 0, 0, 0, 0, 0, 0, 0]",1,128,432.0,6916.0,5942937880,5945037370,6265868279,6265870935,0,224,224,-1,1,2099490,2656,32,128,128,3
12,3,"[8, 432, 0, 0, 0, 0, 0, 0, 0, 0, 0, 0, 0, 0, 0, 8, 432, 0, 0, 0, 0, 0, 0, 0, 0, 0, 0, 0, 0, 0]",1,128,432.0,10368.0,5945126267,5945136064,6265871159,6265873239,0,1216,1216,-1,1,9797,2080,32,128,128,3
12,3,"[8, 432, 0, 0, 0, 0, 0, 0, 0, 0, 0, 0, 0, 0, 0, 8, 432, 0, 0, 0, 0, 0, 0, 0, 0, 0, 0, 0, 0, 0]",1,128,432.0,10368.0,5945201649,5945208045,6265874455,6265876727,0,576,576,-1,1,6396,2272,32,128,128,3
16,3,"[8, 432, 0, 0, 0, 0, 0, 0, 0, 0, 0, 0, 0, 0, 0, 4, 0, 0, 0, 0, 0, 0, 0, 0, 0, 0, 0, 0, 0, 0]",1,128,432.0,6916.0,5945267984,5945274586,6265877303,6265879350,0,1,1,-1,1,6602,2047,32,128,128,3
12,3,"[8, 432, 0, 0, 0, 0, 0, 0, 0, 0, 0, 0, 0, 0, 0, 8, 432, 0, 0, 0, 0, 0, 0, 0, 0, 0, 0, 0, 0, 0]",1,128,432.0,10368.0,5945334411,5945340387,6265879351,6265882647,0,640,640,-1,1,5976,3296,32,128,128,3
12,3,"[8, 432, 0, 0, 0, 0, 0, 0, 0, 0, 0, 0, 0, 0, 0, 8, 432, 0, 0, 0, 0, 0, 0, 0, 0, 0, 0, 0, 0, 0]",1,128,432.0,10368.0,5945397313,5945402928,6265883287,6265885494,0,1,1,-1,1,5615,2207,32,128,128,3
16,3,"[8, 432, 432, 1, 1, 0, 0, 0, 0, 0, 0, 0, 0, 0, 0, 4, 0, 0, 0, 0, 0, 0, 0, 0, 0, 0, 0, 0, 0, 0]",365,128,186624.0,2985988.0,5945461647,5945467936,6265885495,6265892855,0,512,512,-1,1,6289,7360,32,128,128,3
12,3,"[8, 432, 432, 1, 1, 0, 0, 0, 0, 0, 0, 0, 0, 0, 0, 8, 432, 432, 1, 1, 0, 0, 0, 0, 0, 0, 0, 0, 0, 0]",365,128,186624.0,4478976.0,5945528366,5947388325,6265893367,6265898967,0,544,544,-1,1,1859959,5600,32,128,128,3
12,3,"[8, 432, 432, 1, 1, 0, 0, 0, 0, 0, 0, 0, 0, 0, 0, 8, 432, 432, 1, 1, 0, 0, 0, 0, 0, 0, 0, 0, 0, 0]",365,128,186624.0,4478976.0,5947461432,5947468488,6265899511,6265906007,0,384,384,-1,1,7056,6496,32,128,128,3
16,3,"[8, 432, 0, 0, 0, 0, 0, 0, 0, 0, 0, 0, 0, 0, 0, 4, 0, 0, 0, 0, 0, 0, 0, 0, 0, 0, 0, 0, 0, 0]",1,128,432.0,6916.0,5947534432,5949717891,6265906391,6265908055,0,1408,1408,-1,1,2183459,1664,32,128,128,3
12,3,"[8, 432, 0, 0, 0, 0, 0, 0, 0, 0, 0, 0, 0, 0, 0, 8, 432, 0, 0, 0, 0, 0, 0, 0, 0, 0, 0, 0, 0, 0]",1,128,432.0,10368.0,5949785369,5949791882,6265909463,6265911767,0,384,384,-1,1,6513,2304,32,128,128,3
12,3,"[8, 432, 0, 0, 0, 0, 0, 0, 0, 0, 0, 0, 0, 0, 0, 8, 432, 0, 0, 0, 0, 0, 0, 0, 0, 0, 0, 0, 0, 0]",1,128,432.0,10368.0,5949850086,5949856022,6265912151,6265914199,0,1024,1024,-1,1,5936,2048,32,128,128,3
16,3,"[8, 432, 0, 0, 0, 0, 0, 0, 0, 0, 0, 0, 0, 0, 0, 4, 0, 0, 0, 0, 0, 0, 0, 0, 0, 0, 0, 0, 0, 0]",1,128,432.0,6916.0,5949915512,5949922495,6265915223,6265917847,0,448,448,-1,1,6983,2624,32,128,128,3
12,3,"[8, 432, 0, 0, 0, 0, 0, 0, 0, 0, 0, 0, 0, 0, 0, 8, 432, 0, 0, 0, 0, 0, 0, 0, 0, 0, 0, 0, 0, 0]",1,128,432.0,10368.0,5950166505,5950177051,6265918295,6265920343,0,1056,1056,-1,1,10546,2048,32,128,128,3
12,3,"[8, 432, 0, 0, 0, 0, 0, 0, 0, 0, 0, 0, 0, 0, 0, 8, 432, 0, 0, 0, 0, 0, 0, 0, 0, 0, 0, 0, 0, 0]",1,128,432.0,10368.0,5950238663,5950245040,6265921399,6265923639,0,608,608,-1,1,6377,2240,32,128,128,3
16,3,"[8, 432, 432, 1, 1, 0, 0, 0, 0, 0, 0, 0, 0, 0, 0, 4, 0, 0, 0, 0, 0, 0, 0, 0, 0, 0, 0, 0, 0, 0]",365,128,186624.0,2985988.0,5950305358,5950311756,6265924247,6265930583,0,1056,1056,-1,1,6398,6336,32,128,128,3
12,3,"[8, 432, 432, 1, 1, 0, 0, 0, 0, 0, 0, 0, 0, 0, 0, 8, 432, 432, 1, 1, 0, 0, 0, 0, 0, 0, 0, 0, 0, 0]",365,128,186624.0,4478976.0,5950369538,5951792779,6265931639,6265936727,0,1184,1184,-1,1,1423241,5088,32,128,128,3
12,3,"[8, 432, 432, 1, 1, 0, 0, 0, 0, 0, 0, 0, 0, 0, 0, 8, 432, 432, 1, 1, 0, 0, 0, 0, 0, 0, 0, 0, 0, 0]",365,128,186624.0,4478976.0,5951861065,5951869414,6265937911,6265944119,0,512,512,-1,1,8349,6208,32,128,128,3
16,3,"[8, 432, 0, 0, 0, 0, 0, 0, 0, 0, 0, 0, 0, 0, 0, 4, 0, 0, 0, 0, 0, 0, 0, 0, 0, 0, 0, 0, 0, 0]",1,128,432.0,6916.0,5951930781,5951937601,6265944631,6265946711,0,224,224,-1,1,6820,2080,32,128,128,3
12,3,"[8, 432, 0, 0, 0, 0, 0, 0, 0, 0, 0, 0, 0, 0, 0, 8, 432, 0, 0, 0, 0, 0, 0, 0, 0, 0, 0, 0, 0, 0]",1,128,432.0,10368.0,5952000827,5954099817,6265946935,6265949015,0,1184,1184,-1,1,2098990,2080,32,128,128,3
12,3,"[8, 432, 0, 0, 0, 0, 0, 0, 0, 0, 0, 0, 0, 0, 0, 8, 432, 0, 0, 0, 0, 0, 0, 0, 0, 0, 0, 0, 0, 0]",1,128,432.0,10368.0,5954234753,5954249737,6265950199,6265953047,0,288,288,-1,1,14984,2848,32,128,128,3
16,3,"[8, 432, 0, 0, 0, 0, 0, 0, 0, 0, 0, 0, 0, 0, 0, 4, 0, 0, 0, 0, 0, 0, 0, 0, 0, 0, 0, 0, 0, 0]",1,128,432.0,6916.0,5954324655,5954333775,6265953335,6265955159,0,1248,1248,-1,1,9120,1824,32,128,128,3
12,3,"[8, 432, 0, 0, 0, 0, 0, 0, 0, 0, 0, 0, 0, 0, 0, 8, 432, 0, 0, 0, 0, 0, 0, 0, 0, 0, 0, 0, 0, 0]",1,128,432.0,10368.0,5954398630,5954405199,6265956407,6265958743,0,480,480,-1,1,6569,2336,32,128,128,3
12,3,"[8, 432, 0, 0, 0, 0, 0, 0, 0, 0, 0, 0, 0, 0, 0, 8, 432, 0, 0, 0, 0, 0, 0, 0, 0, 0, 0, 0, 0, 0]",1,128,432.0,10368.0,5954465386,5954472145,6265959223,6265961303,0,576,576,-1,1,6759,2080,32,128,128,3
16,3,"[8, 432, 48, 3, 3, 0, 0, 0, 0, 0, 0, 0, 0, 0, 0, 4, 0, 0, 0, 0, 0, 0, 0, 0, 0, 0, 0, 0, 0, 0]",365,128,186624.0,2985988.0,5954543232,5954551033,6265961879,6265969271,0,224,224,-1,1,7801,7392,32,128,128,3
12,3,"[8, 432, 48, 3, 3, 0, 0, 0, 0, 0, 0, 0, 0, 0, 0, 8, 432, 48, 3, 3, 0, 0, 0, 0, 0, 0, 0, 0, 0, 0]",365,128,186624.0,4478976.0,5954609872,5954615976,6265969495,6265975191,0,448,448,-1,1,6104,5696,32,128,128,3
12,3,"[8, 432, 48, 3, 3, 0, 0, 0, 0, 0, 0, 0, 0, 0, 0, 8, 432, 48, 3, 3, 0, 0, 0, 0, 0, 0, 0, 0, 0, 0]",365,128,186624.0,4478976.0,5954674436,5954680057,6265975639,6265981782,0,1,1,-1,1,5621,6143,32,128,128,3
16,3,"[8, 432, 0, 0, 0, 0, 0, 0, 0, 0, 0, 0, 0, 0, 0, 4, 0, 0, 0, 0, 0, 0, 0, 0, 0, 0, 0, 0, 0, 0]",1,128,432.0,6916.0,5954738217,5956210035,6265981783,6265983831,0,1344,1344,-1,1,1471818,2048,32,128,128,3
12,3,"[8, 432, 0, 0, 0, 0, 0, 0, 0, 0, 0, 0, 0, 0, 0, 8, 432, 0, 0, 0, 0, 0, 0, 0, 0, 0, 0, 0, 0, 0]",1,128,432.0,10368.0,5956273598,5956279820,6265985175,6265987447,0,448,448,-1,1,6222,2272,32,128,128,3
12,3,"[8, 432, 0, 0, 0, 0, 0, 0, 0, 0, 0, 0, 0, 0, 0, 8, 432, 0, 0, 0, 0, 0, 0, 0, 0, 0, 0, 0, 0, 0]",1,128,432.0,10368.0,5956345680,5956353190,6265987895,6265989942,0,1,1,-1,1,7510,2047,32,128,128,3
16,3,"[8, 432, 0, 0, 0, 0, 0, 0, 0, 0, 0, 0, 0, 0, 0, 4, 0, 0, 0, 0, 0, 0, 0, 0, 0, 0, 0, 0, 0, 0]",1,128,432.0,6916.0,5956417005,5958506452,6265989943,6265992023,0,1408,1408,-1,1,2089447,2080,32,128,128,3
12,3,"[8, 432, 0, 0, 0, 0, 0, 0, 0, 0, 0, 0, 0, 0, 0, 8, 432, 0, 0, 0, 0, 0, 0, 0, 0, 0, 0, 0, 0, 0]",1,128,432.0,10368.0,5958573176,5958579872,6265993431,6265996023,0,288,288,-1,1,6696,2592,32,128,128,3
12,3,"[8, 432, 0, 0, 0, 0, 0, 0, 0, 0, 0, 0, 0, 0, 0, 8, 432, 0, 0, 0, 0, 0, 0, 0, 0, 0, 0, 0, 0, 0]",1,128,432.0,10368.0,5958638778,5958645012,6265996311,6265998167,0,1344,1344,-1,1,6234,1856,32,128,128,3
16,3,"[8, 432, 432, 1, 1, 0, 0, 0, 0, 0, 0, 0, 0, 0, 0, 4, 0, 0, 0, 0, 0, 0, 0, 0, 0, 0, 0, 0, 0, 0]",365,128,186624.0,2985988.0,5958702613,5958708567,6265999511,6266005879,0,448,448,-1,1,5954,6368,32,128,128,3
12,3,"[8, 432, 432, 1, 1, 0, 0, 0, 0, 0, 0, 0, 0, 0, 0, 8, 432, 432, 1, 1, 0, 0, 0, 0, 0, 0, 0, 0, 0, 0]",365,128,186624.0,4478976.0,5958764956,5958770760,6266006327,6266011927,0,576,576,-1,1,5804,5600,32,128,128,3
12,3,"[8, 432, 432, 1, 1, 0, 0, 0, 0, 0, 0, 0, 0, 0, 0, 8, 432, 432, 1, 1, 0, 0, 0, 0, 0, 0, 0, 0, 0, 0]",365,128,186624.0,4478976.0,5958833654,5958839321,6266012503,6266018647,0,1344,1344,-1,1,5667,6144,32,128,128,3
16,3,"[8, 432, 0, 0, 0, 0, 0, 0, 0, 0, 0, 0, 0, 0, 0, 4, 0, 0, 0, 0, 0, 0, 0, 0, 0, 0, 0, 0, 0, 0]",1,128,432.0,6916.0,5958898835,5958905551,6266019991,6266022103,0,544,544,-1,1,6716,2112,32,128,128,3
12,3,"[8, 432, 0, 0, 0, 0, 0, 0, 0, 0, 0, 0, 0, 0, 0, 8, 432, 0, 0, 0, 0, 0, 0, 0, 0, 0, 0, 0, 0, 0]",1,128,432.0,10368.0,5958963156,5960900783,6266022647,6266024791,0,448,448,-1,1,1937627,2144,32,128,128,3
12,3,"[8, 432, 0, 0, 0, 0, 0, 0, 0, 0, 0, 0, 0, 0, 0, 8, 432, 0, 0, 0, 0, 0, 0, 0, 0, 0, 0, 0, 0, 0]",1,128,432.0,10368.0,5960967155,5960973644,6266025239,6266027927,0,576,576,-1,1,6489,2688,32,128,128,3
16,3,"[8, 432, 0, 0, 0, 0, 0, 0, 0, 0, 0, 0, 0, 0, 0, 4, 0, 0, 0, 0, 0, 0, 0, 0, 0, 0, 0, 0, 0, 0]",1,128,432.0,6916.0,5961033191,5963093855,6266028503,6266030935,0,544,544,-1,1,2060664,2432,32,128,128,3
12,3,"[8, 432, 0, 0, 0, 0, 0, 0, 0, 0, 0, 0, 0, 0, 0, 8, 432, 0, 0, 0, 0, 0, 0, 0, 0, 0, 0, 0, 0, 0]",1,128,432.0,10368.0,5963158176,5963164573,6266031479,6266034135,0,512,512,-1,1,6397,2656,32,128,128,3
12,3,"[8, 432, 0, 0, 0, 0, 0, 0, 0, 0, 0, 0, 0, 0, 0, 8, 432, 0, 0, 0, 0, 0, 0, 0, 0, 0, 0, 0, 0, 0]",1,128,432.0,10368.0,5963223396,5963229987,6266034647,6266036887,0,160,160,-1,1,6591,2240,32,128,128,3
16,3,"[8, 432, 432, 1, 1, 0, 0, 0, 0, 0, 0, 0, 0, 0, 0, 4, 0, 0, 0, 0, 0, 0, 0, 0, 0, 0, 0, 0, 0, 0]",365,128,186624.0,2985988.0,5963295066,5963301416,6266037047,6266043223,0,1248,1248,-1,1,6350,6176,32,128,128,3
12,3,"[8, 432, 432, 1, 1, 0, 0, 0, 0, 0, 0, 0, 0, 0, 0, 8, 432, 432, 1, 1, 0, 0, 0, 0, 0, 0, 0, 0, 0, 0]",365,128,186624.0,4478976.0,5963360308,5963365978,6266044471,6266049367,0,1024,1024,-1,1,5670,4896,32,128,128,3
12,3,"[8, 432, 432, 1, 1, 0, 0, 0, 0, 0, 0, 0, 0, 0, 0, 8, 432, 432, 1, 1, 0, 0, 0, 0, 0, 0, 0, 0, 0, 0]",365,128,186624.0,4478976.0,5963422861,5963428599,6266050391,6266056887,0,608,608,-1,1,5738,6496,32,128,128,3
16,3,"[8, 432, 0, 0, 0, 0, 0, 0, 0, 0, 0, 0, 0, 0, 0, 4, 0, 0, 0, 0, 0, 0, 0, 0, 0, 0, 0, 0, 0, 0]",1,128,432.0,6916.0,5963486218,5963492146,6266057495,6266059574,0,1,1,-1,1,5928,2079,32,128,128,3
12,3,"[8, 432, 0, 0, 0, 0, 0, 0, 0, 0, 0, 0, 0, 0, 0, 8, 432, 0, 0, 0, 0, 0, 0, 0, 0, 0, 0, 0, 0, 0]",1,128,432.0,10368.0,5963550109,5965185159,6266059575,6266061655,0,1408,1408,-1,1,1635050,2080,32,128,128,3
12,3,"[8, 432, 0, 0, 0, 0, 0, 0, 0, 0, 0, 0, 0, 0, 0, 8, 432, 0, 0, 0, 0, 0, 0, 0, 0, 0, 0, 0, 0, 0]",1,128,432.0,10368.0,5965252460,5965258961,6266063063,6266065303,0,416,416,-1,1,6501,2240,32,128,128,3
16,3,"[8, 432, 0, 0, 0, 0, 0, 0, 0, 0, 0, 0, 0, 0, 0, 4, 0, 0, 0, 0, 0, 0, 0, 0, 0, 0, 0, 0, 0, 0]",1,128,432.0,6916.0,5965318197,5965324457,6266065719,6266067766,0,1,1,-1,1,6260,2047,32,128,128,3
12,3,"[8, 432, 0, 0, 0, 0, 0, 0, 0, 0, 0, 0, 0, 0, 0, 8, 432, 0, 0, 0, 0, 0, 0, 0, 0, 0, 0, 0, 0, 0]",1,128,432.0,10368.0,5965380804,5967480777,6266067767,6266070871,0,576,576,-1,1,2099973,3104,32,128,128,3
12,3,"[8, 432, 0, 0, 0, 0, 0, 0, 0, 0, 0, 0, 0, 0, 0, 8, 432, 0, 0, 0, 0, 0, 0, 0, 0, 0, 0, 0, 0, 0]",1,128,432.0,10368.0,5967541967,5967548289,6266071447,6266073910,0,1,1,-1,1,6322,2463,32,128,128,3
16,3,"[8, 432, 48, 3, 3, 0, 0, 0, 0, 0, 0, 0, 0, 0, 0, 4, 0, 0, 0, 0, 0, 0, 0, 0, 0, 0, 0, 0, 0, 0]",365,128,186624.0,2985988.0,5967612821,5967618906,6266073911,6266081174,0,513,513,-1,1,6085,7263,32,128,128,3
12,3,"[8, 432, 48, 3, 3, 0, 0, 0, 0, 0, 0, 0, 0, 0, 0, 8, 432, 48, 3, 3, 0, 0, 0, 0, 0, 0, 0, 0, 0, 0]",365,128,186624.0,4478976.0,5967677890,5967683940,6266081687,6266087350,0,609,609,-1,1,6050,5663,32,128,128,3
12,3,"[8, 432, 48, 3, 3, 0, 0, 0, 0, 0, 0, 0, 0, 0, 0, 8, 432, 48, 3, 3, 0, 0, 0, 0, 0, 0, 0, 0, 0, 0]",365,128,186624.0,4478976.0,5967746466,5967752230,6266087959,6266094198,0,224,224,-1,1,5764,6239,32,128,128,3
16,3,"[8, 432, 0, 0, 0, 0, 0, 0, 0, 0, 0, 0, 0, 0, 0, 4, 0, 0, 0, 0, 0, 0, 0, 0, 0, 0, 0, 0, 0, 0]",1,128,432.0,6916.0,5967925458,5967934067,6266094422,6266096437,0,1,1,-1,1,8609,2015,32,128,128,3
12,3,"[8, 432, 0, 0, 0, 0, 0, 0, 0, 0, 0, 0, 0, 0, 0, 8, 432, 0, 0, 0, 0, 0, 0, 0, 0, 0, 0, 0, 0, 0]",1,128,432.0,10368.0,5968000601,5968007161,6266096438,6266099606,0,640,640,-1,1,6560,3168,32,128,128,3
12,3,"[8, 432, 0, 0, 0, 0, 0, 0, 0, 0, 0, 0, 0, 0, 0, 8, 432, 0, 0, 0, 0, 0, 0, 0, 0, 0, 0, 0, 0, 0]",1,128,432.0,10368.0,5968071152,5968077394,6266100246,6266102519,0,63,63,-1,1,6242,2273,32,128,128,3
16,3,"[8, 432, 0, 0, 0, 0, 0, 0, 0, 0, 0, 0, 0, 0, 0, 4, 0, 0, 0, 0, 0, 0, 0, 0, 0, 0, 0, 0, 0, 0]",1,128,432.0,6916.0,5968135974,5969601630,6266102582,6266104662,0,1312,1312,-1,1,1465656,2080,32,128,128,3
12,3,"[8, 432, 0, 0, 0, 0, 0, 0, 0, 0, 0, 0, 0, 0, 0, 8, 432, 0, 0, 0, 0, 0, 0, 0, 0, 0, 0, 0, 0, 0]",1,128,432.0,10368.0,5969665616,5969672471,6266105974,6266108342,0,384,384,-1,1,6855,2368,32,128,128,3
12,3,"[8, 432, 0, 0, 0, 0, 0, 0, 0, 0, 0, 0, 0, 0, 0, 8, 432, 0, 0, 0, 0, 0, 0, 0, 0, 0, 0, 0, 0, 0]",1,128,432.0,10368.0,5969730430,5969736685,6266108726,6266110806,0,1056,1056,-1,1,6255,2080,32,128,128,3
16,3,"[8, 432, 432, 1, 1, 0, 0, 0, 0, 0, 0, 0, 0, 0, 0, 4, 0, 0, 0, 0, 0, 0, 0, 0, 0, 0, 0, 0, 0, 0]",365,128,186624.0,2985988.0,5969794297,5971896134,6266111862,6266118582,0,384,384,-1,1,2101837,6720,32,128,128,3
12,3,"[8, 432, 432, 1, 1, 0, 0, 0, 0, 0, 0, 0, 0, 0, 0, 8, 432, 432, 1, 1, 0, 0, 0, 0, 0, 0, 0, 0, 0, 0]",365,128,186624.0,4478976.0,5971958828,5971964891,6266118966,6266125014,0,256,256,-1,1,6063,6048,32,128,128,3
12,3,"[8, 432, 432, 1, 1, 0, 0, 0, 0, 0, 0, 0, 0, 0, 0, 8, 432, 432, 1, 1, 0, 0, 0, 0, 0, 0, 0, 0, 0, 0]",365,128,186624.0,4478976.0,5972028371,5972034879,6266125270,6266131286,0,1088,1088,-1,1,6508,6016,32,128,128,3
16,3,"[8, 432, 0, 0, 0, 0, 0, 0, 0, 0, 0, 0, 0, 0, 0, 4, 0, 0, 0, 0, 0, 0, 0, 0, 0, 0, 0, 0, 0, 0]",1,128,432.0,6916.0,5972092598,5972099207,6266132374,6266134486,0,512,512,-1,1,6609,2112,32,128,128,3
12,3,"[8, 432, 0, 0, 0, 0, 0, 0, 0, 0, 0, 0, 0, 0, 0, 8, 432, 0, 0, 0, 0, 0, 0, 0, 0, 0, 0, 0, 0, 0]",1,128,432.0,10368.0,5972155128,5972161076,6266134998,6266137270,0,128,128,-1,1,5948,2272,32,128,128,3
12,3,"[8, 432, 0, 0, 0, 0, 0, 0, 0, 0, 0, 0, 0, 0, 0, 8, 432, 0, 0, 0, 0, 0, 0, 0, 0, 0, 0, 0, 0, 0]",1,128,432.0,10368.0,5972216447,5972222355,6266137398,6266140662,0,544,544,-1,1,5908,3264,32,128,128,3
16,3,"[8, 432, 0, 0, 0, 0, 0, 0, 0, 0, 0, 0, 0, 0, 0, 4, 0, 0, 0, 0, 0, 0, 0, 0, 0, 0, 0, 0, 0, 0]",1,128,432.0,6916.0,5972278307,5972284498,6266141206,6266143318,0,224,224,-1,1,6191,2112,32,128,128,3
12,3,"[8, 432, 0, 0, 0, 0, 0, 0, 0, 0, 0, 0, 0, 0, 0, 8, 432, 0, 0, 0, 0, 0, 0, 0, 0, 0, 0, 0, 0, 0]",1,128,432.0,10368.0,5972366469,5974264513,6266143542,6266145589,0,1,1,-1,1,1898044,2047,32,128,128,3
12,3,"[8, 432, 0, 0, 0, 0, 0, 0, 0, 0, 0, 0, 0, 0, 0, 8, 432, 0, 0, 0, 0, 0, 0, 0, 0, 0, 0, 0, 0, 0]",1,128,432.0,10368.0,5974332970,5974339827,6266145590,6266148950,0,608,608,-1,1,6857,3360,32,128,128,3
16,3,"[8, 432, 432, 1, 1, 0, 0, 0, 0, 0, 0, 0, 0, 0, 0, 4, 0, 0, 0, 0, 0, 0, 0, 0, 0, 0, 0, 0, 0, 0]",365,128,186624.0,2985988.0,5974406359,5976477218,6266149558,6266155862,0,1216,1216,-1,1,2070859,6304,32,128,128,3
12,3,"[8, 432, 432, 1, 1, 0, 0, 0, 0, 0, 0, 0, 0, 0, 0, 8, 432, 432, 1, 1, 0, 0, 0, 0, 0, 0, 0, 0, 0, 0]",365,128,186624.0,4478976.0,5976587556,5976599433,6266157078,6266162006,0,1280,1280,-1,1,11877,4928,32,128,128,3
12,3,"[8, 432, 432, 1, 1, 0, 0, 0, 0, 0, 0, 0, 0, 0, 0, 8, 432, 432, 1, 1, 0, 0, 0, 0, 0, 0, 0, 0, 0, 0]",365,128,186624.0,4478976.0,5976665335,5976672107,6266163286,6266169526,0,512,512,-1,1,6772,6240,32,128,128,3
16,3,"[8, 432, 0, 0, 0, 0, 0, 0, 0, 0, 0, 0, 0, 0, 0, 4, 0, 0, 0, 0, 0, 0, 0, 0, 0, 0, 0, 0, 0, 0]",1,128,432.0,6916.0,5976734790,5976741651,6266170038,6266172150,0,64,64,-1,1,6861,2112,32,128,128,3
12,3,"[8, 432, 0, 0, 0, 0, 0, 0, 0, 0, 0, 0, 0, 0, 0, 8, 432, 0, 0, 0, 0, 0, 0, 0, 0, 0, 0, 0, 0, 0]",1,128,432.0,10368.0,5976807751,5976814553,6266172214,6266174294,0,1216,1216,-1,1,6802,2080,32,128,128,3
12,3,"[8, 432, 0, 0, 0, 0, 0, 0, 0, 0, 0, 0, 0, 0, 0, 8, 432, 0, 0, 0, 0, 0, 0, 0, 0, 0, 0, 0, 0, 0]",1,128,432.0,10368.0,5976871843,5976878198,6266175510,6266177750,0,512,512,-1,1,6355,2240,32,128,128,3
16,3,"[8, 432, 0, 0, 0, 0, 0, 0, 0, 0, 0, 0, 0, 0, 0, 4, 0, 0, 0, 0, 0, 0, 0, 0, 0, 0, 0, 0, 0, 0]",1,128,432.0,6916.0,5976935499,5976942289,6266178262,6266180438,0,256,256,-1,1,6790,2176,32,128,128,3
12,3,"[8, 432, 0, 0, 0, 0, 0, 0, 0, 0, 0, 0, 0, 0, 0, 8, 432, 0, 0, 0, 0, 0, 0, 0, 0, 0, 0, 0, 0, 0]",1,128,432.0,10368.0,5977000052,5978552914,6266180694,6266183670,0,608,608,-1,1,1552862,2976,32,128,128,3
12,3,"[8, 432, 0, 0, 0, 0, 0, 0, 0, 0, 0, 0, 0, 0, 0, 8, 432, 0, 0, 0, 0, 0, 0, 0, 0, 0, 0, 0, 0, 0]",1,128,432.0,10368.0,5978615907,5978622361,6266184278,6266186549,0,1,1,-1,1,6454,2271,32,128,128,3
16,3,"[8, 432, 48, 3, 3, 0, 0, 0, 0, 0, 0, 0, 0, 0, 0, 4, 0, 0, 0, 0, 0, 0, 0, 0, 0, 0, 0, 0, 0, 0]",365,128,186624.0,2985988.0,5978680848,5978687365,6266186550,6266193878,0,640,640,-1,1,6517,7328,32,128,128,3
12,3,"[8, 432, 48, 3, 3, 0, 0, 0, 0, 0, 0, 0, 0, 0, 0, 8, 432, 48, 3, 3, 0, 0, 0, 0, 0, 0, 0, 0, 0, 0]",365,128,186624.0,4478976.0,5978751736,5980858329,6266194518,6266200054,0,544,544,-1,1,2106593,5536,32,128,128,3
12,3,"[8, 432, 48, 3, 3, 0, 0, 0, 0, 0, 0, 0, 0, 0, 0, 8, 432, 48, 3, 3, 0, 0, 0, 0, 0, 0, 0, 0, 0, 0]",365,128,186624.0,4478976.0,5981021216,5981038356,6266200598,6266207061,0,1,1,-1,1,17140,6463,32,128,128,3
16,3,"[8, 432, 0, 0, 0, 0, 0, 0, 0, 0, 0, 0, 0, 0, 0, 4, 0, 0, 0, 0, 0, 0, 0, 0, 0, 0, 0, 0, 0, 0]",1,128,432.0,6916.0,5981159704,5981173260,6266207062,6266209110,0,1216,1216,-1,1,13556,2048,32,128,128,3
12,3,"[8, 432, 0, 0, 0, 0, 0, 0, 0, 0, 0, 0, 0, 0, 0, 8, 432, 0, 0, 0, 0, 0, 0, 0, 0, 0, 0, 0, 0, 0]",1,128,432.0,10368.0,5981285536,5981299866,6266210326,6266212662,0,512,512,-1,1,14330,2336,32,128,128,3
12,3,"[8, 432, 0, 0, 0, 0, 0, 0, 0, 0, 0, 0, 0, 0, 0, 8, 432, 0, 0, 0, 0, 0, 0, 0, 0, 0, 0, 0, 0, 0]",1,128,432.0,10368.0,5981411396,5981423798,6266213174,6266215254,0,544,544,-1,1,12402,2080,32,128,128,3
16,3,"[8, 432, 0, 0, 0, 0, 0, 0, 0, 0, 0, 0, 0, 0, 0, 4, 0, 0, 0, 0, 0, 0, 0, 0, 0, 0, 0, 0, 0, 0]",1,128,432.0,6916.0,5981526439,5981538187,6266215798,6266217302,0,1600,1600,-1,1,11748,1504,32,128,128,3
12,3,"[8, 432, 0, 0, 0, 0, 0, 0, 0, 0, 0, 0, 0, 0, 0, 8, 432, 0, 0, 0, 0, 0, 0, 0, 0, 0, 0, 0, 0, 0]",1,128,432.0,10368.0,5981634766,5981646816,6266218902,6266221206,0,256,256,-1,1,12050,2304,32,128,128,3
12,3,"[8, 432, 0, 0, 0, 0, 0, 0, 0, 0, 0, 0, 0, 0, 0, 8, 432, 0, 0, 0, 0, 0, 0, 0, 0, 0, 0, 0, 0, 0]",1,128,432.0,10368.0,5981755053,5981765586,6266221462,6266223446,0,1152,1152,-1,1,10533,1984,32,128,128,3
16,3,"[8, 432, 432, 1, 1, 0, 0, 0, 0, 0, 0, 0, 0, 0, 0, 4, 0, 0, 0, 0, 0, 0, 0, 0, 0, 0, 0, 0, 0, 0]",365,128,186624.0,2985988.0,5981839334,5982965099,6266224598,6266231030,0,608,608,-1,1,1125765,6432,32,128,128,3
12,3,"[8, 432, 432, 1, 1, 0, 0, 0, 0, 0, 0, 0, 0, 0, 0, 8, 432, 432, 1, 1, 0, 0, 0, 0, 0, 0, 0, 0, 0, 0]",365,128,186624.0,4478976.0,5983060908,5983071179,6266231638,6266237142,0,544,544,-1,1,10271,5504,32,128,128,3
12,3,"[8, 432, 432, 1, 1, 0, 0, 0, 0, 0, 0, 0, 0, 0, 0, 8, 432, 432, 1, 1, 0, 0, 0, 0, 0, 0, 0, 0, 0, 0]",365,128,186624.0,4478976.0,5983136687,5983143311,6266237686,6266243893,0,1,1,-1,1,6624,6207,32,128,128,3
16,3,"[8, 432, 0, 0, 0, 0, 0, 0, 0, 0, 0, 0, 0, 0, 0, 4, 0, 0, 0, 0, 0, 0, 0, 0, 0, 0, 0, 0, 0, 0]",1,128,432.0,6916.0,5983206924,5985264059,6266243894,6266245974,0,1280,1280,-1,1,2057135,2080,32,128,128,3
12,3,"[8, 432, 0, 0, 0, 0, 0, 0, 0, 0, 0, 0, 0, 0, 0, 8, 432, 0, 0, 0, 0, 0, 0, 0, 0, 0, 0, 0, 0, 0]",1,128,432.0,10368.0,5985406650,5985423262,6266247254,6266250070,0,352,352,-1,1,16612,2816,32,128,128,3
12,3,"[8, 432, 0, 0, 0, 0, 0, 0, 0, 0, 0, 0, 0, 0, 0, 8, 432, 0, 0, 0, 0, 0, 0, 0, 0, 0, 0, 0, 0, 0]",1,128,432.0,10368.0,5985545790,5985560449,6266250422,6266252118,0,1440,1440,-1,1,14659,1696,32,128,128,3
16,3,"[8, 432, 0, 0, 0, 0, 0, 0, 0, 0, 0, 0, 0, 0, 0, 4, 0, 0, 0, 0, 0, 0, 0, 0, 0, 0, 0, 0, 0, 0]",1,128,432.0,6916.0,5985685568,5985700079,6266253558,6266255670,0,512,512,-1,1,14511,2112,32,128,128,3
12,3,"[8, 432, 0, 0, 0, 0, 0, 0, 0, 0, 0, 0, 0, 0, 0, 8, 432, 0, 0, 0, 0, 0, 0, 0, 0, 0, 0, 0, 0, 0]",1,128,432.0,10368.0,5985776103,5985784760,6266256182,6266258229,0,1,1,-1,1,8657,2047,32,128,128,3
12,3,"[8, 432, 0, 0, 0, 0, 0, 0, 0, 0, 0, 0, 0, 0, 0, 8, 432, 0, 0, 0, 0, 0, 0, 0, 0, 0, 0, 0, 0, 0]",1,128,432.0,10368.0,5985958591,5985967665,6266258230,6266261846,0,480,480,-1,1,9074,3616,32,128,128,3
16,3,"[8, 432, 432, 1, 1, 0, 0, 0, 0, 0, 0, 0, 0, 0, 0, 4, 0, 0, 0, 0, 0, 0, 0, 0, 0, 0, 0, 0, 0, 0]",365,128,186624.0,2985988.0,5986039080,5986047270,6266262326,6266269654,0,608,608,-1,1,8190,7328,32,128,128,3
12,3,"[8, 432, 432, 1, 1, 0, 0, 0, 0, 0, 0, 0, 0, 0, 0, 8, 432, 432, 1, 1, 0, 0, 0, 0, 0, 0, 0, 0, 0, 0]",365,128,186624.0,4478976.0,5986107873,5987626936,6266270262,6266275830,0,576,576,-1,1,1519063,5568,32,128,128,3
12,3,"[8, 432, 432, 1, 1, 0, 0, 0, 0, 0, 0, 0, 0, 0, 0, 8, 432, 432, 1, 1, 0, 0, 0, 0, 0, 0, 0, 0, 0, 0]",365,128,186624.0,4478976.0,5987699063,5987713499,6266276406,6266282837,0,1,1,-1,1,14436,6431,32,128,128,3
16,3,"[8, 432, 0, 0, 0, 0, 0, 0, 0, 0, 0, 0, 0, 0, 0, 4, 0, 0, 0, 0, 0, 0, 0, 0, 0, 0, 0, 0, 0, 0]",1,128,432.0,6916.0,5987781450,5989844887,6266282838,6266284886,0,1152,1152,-1,1,2063437,2048,32,128,128,3
12,3,"[8, 432, 0, 0, 0, 0, 0, 0, 0, 0, 0, 0, 0, 0, 0, 8, 432, 0, 0, 0, 0, 0, 0, 0, 0, 0, 0, 0, 0, 0]",1,128,432.0,10368.0,5989989069,5990005218,6266286038,6266288438,0,512,512,-1,1,16149,2400,32,128,128,3
12,3,"[8, 432, 0, 0, 0, 0, 0, 0, 0, 0, 0, 0, 0, 0, 0, 8, 432, 0, 0, 0, 0, 0, 0, 0, 0, 0, 0, 0, 0, 0]",1,128,432.0,10368.0,5990097057,5990107429,6266288950,6266290997,0,1,1,-1,1,10372,2047,32,128,128,3
16,3,"[8, 432, 0, 0, 0, 0, 0, 0, 0, 0, 0, 0, 0, 0, 0, 4, 0, 0, 0, 0, 0, 0, 0, 0, 0, 0, 0, 0, 0, 0]",1,128,432.0,6916.0,5990175695,5990183763,6266290998,6266293078,0,1344,1344,-1,1,8068,2080,32,128,128,3
12,3,"[8, 432, 0, 0, 0, 0, 0, 0, 0, 0, 0, 0, 0, 0, 0, 8, 432, 0, 0, 0, 0, 0, 0, 0, 0, 0, 0, 0, 0, 0]",1,128,432.0,10368.0,5990243764,5990250256,6266294422,6266297014,0,288,288,-1,1,6492,2592,32,128,128,3
12,3,"[8, 432, 0, 0, 0, 0, 0, 0, 0, 0, 0, 0, 0, 0, 0, 8, 432, 0, 0, 0, 0, 0, 0, 0, 0, 0, 0, 0, 0, 0]",1,128,432.0,10368.0,5990308291,5990315246,6266297302,6266299222,0,1280,1280,-1,1,6955,1920,32,128,128,3
16,3,"[8, 432, 48, 3, 3, 0, 0, 0, 0, 0, 0, 0, 0, 0, 0, 4, 0, 0, 0, 0, 0, 0, 0, 0, 0, 0, 0, 0, 0, 0]",365,128,186624.0,2985988.0,5990374265,5990380973,6266300502,6266307318,0,64,64,-1,1,6708,6816,32,128,128,3
12,3,"[8, 432, 48, 3, 3, 0, 0, 0, 0, 0, 0, 0, 0, 0, 0, 8, 432, 48, 3, 3, 0, 0, 0, 0, 0, 0, 0, 0, 0, 0]",365,128,186624.0,4478976.0,5990446984,5991912227,6266307382,6266313526,0,224,224,-1,1,1465243,6144,32,128,128,3
12,3,"[8, 432, 48, 3, 3, 0, 0, 0, 0, 0, 0, 0, 0, 0, 0, 8, 432, 48, 3, 3, 0, 0, 0, 0, 0, 0, 0, 0, 0, 0]",365,128,186624.0,4478976.0,5991975587,5991982106,6266313750,6266319702,0,1280,1280,-1,1,6519,5952,32,128,128,3
16,3,"[8, 432, 0, 0, 0, 0, 0, 0, 0, 0, 0, 0, 0, 0, 0, 4, 0, 0, 0, 0, 0, 0, 0, 0, 0, 0, 0, 0, 0, 0]",1,128,432.0,6916.0,5992041899,5992048014,6266320982,6266323094,0,544,544,-1,1,6115,2112,32,128,128,3
12,3,"[8, 432, 0, 0, 0, 0, 0, 0, 0, 0, 0, 0, 0, 0, 0, 8, 432, 0, 0, 0, 0, 0, 0, 0, 0, 0, 0, 0, 0, 0]",1,128,432.0,10368.0,5992104398,5994213224,6266323638,6266325845,0,1,1,-1,1,2108826,2207,32,128,128,3
12,3,"[8, 432, 0, 0, 0, 0, 0, 0, 0, 0, 0, 0, 0, 0, 0, 8, 432, 0, 0, 0, 0, 0, 0, 0, 0, 0, 0, 0, 0, 0]",1,128,432.0,10368.0,5994323881,5994336021,6266325846,6266327894,0,1472,1472,-1,1,12140,2048,32,128,128,3
16,3,"[8, 432, 0, 0, 0, 0, 0, 0, 0, 0, 0, 0, 0, 0, 0, 4, 0, 0, 0, 0, 0, 0, 0, 0, 0, 0, 0, 0, 0, 0]",1,128,432.0,6916.0,5994405121,5994413277,6266329366,6266331478,0,480,480,-1,1,8156,2112,32,128,128,3
12,3,"[8, 432, 0, 0, 0, 0, 0, 0, 0, 0, 0, 0, 0, 0, 0, 8, 432, 0, 0, 0, 0, 0, 0, 0, 0, 0, 0, 0, 0, 0]",1,128,432.0,10368.0,5994473603,5994479954,6266331958,6266334005,0,1,1,-1,1,6351,2047,32,128,128,3
12,3,"[8, 432, 0, 0, 0, 0, 0, 0, 0, 0, 0, 0, 0, 0, 0, 8, 432, 0, 0, 0, 0, 0, 0, 0, 0, 0, 0, 0, 0, 0]",1,128,432.0,10368.0,5994539670,5994545747,6266334006,6266337142,0,608,608,-1,1,6077,3136,32,128,128,3
16,3,"[8, 432, 432, 1, 1, 0, 0, 0, 0, 0, 0, 0, 0, 0, 0, 4, 0, 0, 0, 0, 0, 0, 0, 0, 0, 0, 0, 0, 0, 0]",365,128,186624.0,2985988.0,5994603884,5994610222,6266337750,6266344278,0,416,416,-1,1,6338,6528,32,128,128,3
12,3,"[8, 432, 432, 1, 1, 0, 0, 0, 0, 0, 0, 0, 0, 0, 0, 8, 432, 432, 1, 1, 0, 0, 0, 0, 0, 0, 0, 0, 0, 0]",365,128,186624.0,4478976.0,5994676820,5994682593,6266344694,6266350422,0,384,384,-1,1,5773,5728,32,128,128,3
12,3,"[8, 432, 432, 1, 1, 0, 0, 0, 0, 0, 0, 0, 0, 0, 0, 8, 432, 432, 1, 1, 0, 0, 0, 0, 0, 0, 0, 0, 0, 0]",365,128,186624.0,4478976.0,5994741443,5994747200,6266350806,6266356566,0,1504,1504,-1,1,5757,5760,32,128,128,3
16,3,"[8, 432, 0, 0, 0, 0, 0, 0, 0, 0, 0, 0, 0, 0, 0, 4, 0, 0, 0, 0, 0, 0, 0, 0, 0, 0, 0, 0, 0, 0]",1,128,432.0,6916.0,5994814560,5996329724,6266358070,6266360214,0,416,416,-1,1,1515164,2144,32,128,128,3
12,3,"[8, 432, 0, 0, 0, 0, 0, 0, 0, 0, 0, 0, 0, 0, 0, 8, 432, 0, 0, 0, 0, 0, 0, 0, 0, 0, 0, 0, 0, 0]",1,128,432.0,10368.0,5996402672,5996410019,6266360630,6266362710,0,1376,1376,-1,1,7347,2080,32,128,128,3
12,3,"[8, 432, 0, 0, 0, 0, 0, 0, 0, 0, 0, 0, 0, 0, 0, 8, 432, 0, 0, 0, 0, 0, 0, 0, 0, 0, 0, 0, 0, 0]",1,128,432.0,10368.0,5996469957,5996476114,6266364086,6266366358,0,448,448,-1,1,6157,2272,32,128,128,3
16,3,"[8, 432, 0, 0, 0, 0, 0, 0, 0, 0, 0, 0, 0, 0, 0, 4, 0, 0, 0, 0, 0, 0, 0, 0, 0, 0, 0, 0, 0, 0]",1,128,432.0,6916.0,5996535389,5998630193,6266366806,6266368821,0,1,1,-1,1,2094804,2015,32,128,128,3
12,3,"[8, 432, 0, 0, 0, 0, 0, 0, 0, 0, 0, 0, 0, 0, 0, 8, 432, 0, 0, 0, 0, 0, 0, 0, 0, 0, 0, 0, 0, 0]",1,128,432.0,10368.0,5998774191,5998789558,6266368822,6266370902,0,1472,1472,-1,1,15367,2080,32,128,128,3
12,3,"[8, 432, 0, 0, 0, 0, 0, 0, 0, 0, 0, 0, 0, 0, 0, 8, 432, 0, 0, 0, 0, 0, 0, 0, 0, 0, 0, 0, 0, 0]",1,128,432.0,10368.0,5998908793,5998922353,6266372374,6266374965,0,1,1,-1,1,13560,2591,32,128,128,3
16,3,"[8, 432, 432, 1, 1, 0, 0, 0, 0, 0, 0, 0, 0, 0, 0, 4, 0, 0, 0, 0, 0, 0, 0, 0, 0, 0, 0, 0, 0, 0]",365,128,186624.0,2985988.0,5999030121,5999043965,6266374966,6266383030,0,288,288,-1,1,13844,8064,32,128,128,3
12,3,"[8, 432, 432, 1, 1, 0, 0, 0, 0, 0, 0, 0, 0, 0, 0, 8, 432, 432, 1, 1, 0, 0, 0, 0, 0, 0, 0, 0, 0, 0]",365,128,186624.0,4478976.0,5999156953,5999170840,6266383318,6266389238,0,95,95,-1,1,13887,5920,32,128,128,3
12,3,"[8, 432, 432, 1, 1, 0, 0, 0, 0, 0, 0, 0, 0, 0, 0, 8, 432, 432, 1, 1, 0, 0, 0, 0, 0, 0, 0, 0, 0, 0]",365,128,186624.0,4478976.0,5999275342,5999286638,6266389333,6266395477,0,1217,1217,-1,1,11296,6144,32,128,128,3
16,3,"[8, 432, 0, 0, 0, 0, 0, 0, 0, 0, 0, 0, 0, 0, 0, 4, 0, 0, 0, 0, 0, 0, 0, 0, 0, 0, 0, 0, 0, 0]",1,128,432.0,6916.0,5999359398,5999367239,6266396694,6266398838,0,511,511,-1,1,7841,2144,32,128,128,3
12,3,"[8, 432, 0, 0, 0, 0, 0, 0, 0, 0, 0, 0, 0, 0, 0, 8, 432, 0, 0, 0, 0, 0, 0, 0, 0, 0, 0, 0, 0, 0]",1,128,432.0,10368.0,5999434308,6000984541,6266399349,6266401621,0,289,289,-1,1,1550233,2272,32,128,128,3
12,3,"[8, 432, 0, 0, 0, 0, 0, 0, 0, 0, 0, 0, 0, 0, 0, 8, 432, 0, 0, 0, 0, 0, 0, 0, 0, 0, 0, 0, 0, 0]",1,128,432.0,10368.0,6001056855,6001064459,6266401910,6266403670,0,1407,1407,-1,1,7604,1760,32,128,128,3
16,3,"[8, 432, 0, 0, 0, 0, 0, 0, 0, 0, 0, 0, 0, 0, 0, 4, 0, 0, 0, 0, 0, 0, 0, 0, 0, 0, 0, 0, 0, 0]",1,128,432.0,6916.0,6001132280,6003201285,6266405077,6266407157,0,576,576,-1,1,2069005,2080,32,128,128,3
12,3,"[8, 432, 0, 0, 0, 0, 0, 0, 0, 0, 0, 0, 0, 0, 0, 8, 432, 0, 0, 0, 0, 0, 0, 0, 0, 0, 0, 0, 0, 0]",1,128,432.0,10368.0,6003308118,6003319493,6266407733,6266409814,0,1151,1151,-1,1,11375,2081,32,128,128,3
12,3,"[8, 432, 0, 0, 0, 0, 0, 0, 0, 0, 0, 0, 0, 0, 0, 8, 432, 0, 0, 0, 0, 0, 0, 0, 0, 0, 0, 0, 0, 0]",1,128,432.0,10368.0,6003391497,6003401846,6266410965,6266413270,0,639,639,-1,1,10349,2305,32,128,128,3
16,3,"[8, 432, 48, 3, 3, 0, 0, 0, 0, 0, 0, 0, 0, 0, 0, 4, 0, 0, 0, 0, 0, 0, 0, 0, 0, 0, 0, 0, 0, 0]",365,128,186624.0,2985988.0,6003505361,6003516898,6266413909,6266420020,0,1,1,-1,1,11537,6111,32,128,128,3
12,3,"[8, 432, 48, 3, 3, 0, 0, 0, 0, 0, 0, 0, 0, 0, 0, 8, 432, 48, 3, 3, 0, 0, 0, 0, 0, 0, 0, 0, 0, 0]",365,128,186624.0,4478976.0,6003618918,6003628392,6266420021,6266426164,0,1,1,-1,1,9474,6143,32,128,128,3
12,3,"[8, 432, 48, 3, 3, 0, 0, 0, 0, 0, 0, 0, 0, 0, 0, 8, 432, 48, 3, 3, 0, 0, 0, 0, 0, 0, 0, 0, 0, 0]",365,128,186624.0,4478976.0,6003735881,6003745652,6266426165,6266433845,0,512,512,-1,1,9771,7680,32,128,128,3
16,3,"[8, 432, 0, 0, 0, 0, 0, 0, 0, 0, 0, 0, 0, 0, 0, 4, 0, 0, 0, 0, 0, 0, 0, 0, 0, 0, 0, 0, 0, 0]",1,128,432.0,6916.0,6003845486,6003855405,6266434357,6266436438,0,415,415,-1,1,9919,2081,32,128,128,3
12,3,"[8, 432, 0, 0, 0, 0, 0, 0, 0, 0, 0, 0, 0, 0, 0, 8, 432, 0, 0, 0, 0, 0, 0, 0, 0, 0, 0, 0, 0, 0]",1,128,432.0,10368.0,6004042840,6005279192,6266436853,6266439637,0,577,577,-1,1,1236352,2784,32,128,128,3
12,3,"[8, 432, 0, 0, 0, 0, 0, 0, 0, 0, 0, 0, 0, 0, 0, 8, 432, 0, 0, 0, 0, 0, 0, 0, 0, 0, 0, 0, 0, 0]",1,128,432.0,10368.0,6005412194,6005425199,6266440214,6266442485,0,64,64,-1,1,13005,2271,32,128,128,3
16,3,"[8, 432, 0, 0, 0, 0, 0, 0, 0, 0, 0, 0, 0, 0, 0, 4, 0, 0, 0, 0, 0, 0, 0, 0, 0, 0, 0, 0, 0, 0]",1,128,432.0,6916.0,6005534246,6005545611,6266442549,6266444629,0,1472,1472,-1,1,11365,2080,32,128,128,3
12,3,"[8, 432, 0, 0, 0, 0, 0, 0, 0, 0, 0, 0, 0, 0, 0, 8, 432, 0, 0, 0, 0, 0, 0, 0, 0, 0, 0, 0, 0, 0]",1,128,432.0,10368.0,6005642735,6007576770,6266446101,6266448501,0,192,192,-1,1,1934035,2400,32,128,128,3
12,3,"[8, 432, 0, 0, 0, 0, 0, 0, 0, 0, 0, 0, 0, 0, 0, 8, 432, 0, 0, 0, 0, 0, 0, 0, 0, 0, 0, 0, 0, 0]",1,128,432.0,10368.0,6007687892,6007700261,6266448693,6266450773,0,1056,1056,-1,1,12369,2080,32,128,128,3
16,3,"[8, 432, 432, 1, 1, 0, 0, 0, 0, 0, 0, 0, 0, 0, 0, 4, 0, 0, 0, 0, 0, 0, 0, 0, 0, 0, 0, 0, 0, 0]",365,128,186624.0,2985988.0,6007772328,6007780860,6266451829,6266458677,0,288,288,-1,1,8532,6848,32,128,128,3
12,3,"[8, 432, 432, 1, 1, 0, 0, 0, 0, 0, 0, 0, 0, 0, 0, 8, 432, 432, 1, 1, 0, 0, 0, 0, 0, 0, 0, 0, 0, 0]",365,128,186624.0,4478976.0,6007844522,6007852046,6266458965,6266465109,0,224,224,-1,1,7524,6144,32,128,128,3
12,3,"[8, 432, 432, 1, 1, 0, 0, 0, 0, 0, 0, 0, 0, 0, 0, 8, 432, 432, 1, 1, 0, 0, 0, 0, 0, 0, 0, 0, 0, 0]",365,128,186624.0,4478976.0,6007918588,6007924945,6266465333,6266471253,0,1536,1536,-1,1,6357,5920,32,128,128,3
16,3,"[8, 432, 0, 0, 0, 0, 0, 0, 0, 0, 0, 0, 0, 0, 0, 4, 0, 0, 0, 0, 0, 0, 0, 0, 0, 0, 0, 0, 0, 0]",1,128,432.0,6916.0,6007985402,6007991623,6266472789,6266474901,0,416,416,-1,1,6221,2112,32,128,128,3
12,3,"[8, 432, 0, 0, 0, 0, 0, 0, 0, 0, 0, 0, 0, 0, 0, 8, 432, 0, 0, 0, 0, 0, 0, 0, 0, 0, 0, 0, 0, 0]",1,128,432.0,10368.0,6008051676,6008057868,6266475317,6266477397,0,640,640,-1,1,6192,2080,32,128,128,3
12,3,"[8, 432, 0, 0, 0, 0, 0, 0, 0, 0, 0, 0, 0, 0, 0, 8, 432, 0, 0, 0, 0, 0, 0, 0, 0, 0, 0, 0, 0, 0]",1,128,432.0,10368.0,6008114771,6008121719,6266478037,6266480757,0,576,576,-1,1,6948,2720,32,128,128,3
16,3,"[8, 432, 0, 0, 0, 0, 0, 0, 0, 0, 0, 0, 0, 0, 0, 4, 0, 0, 0, 0, 0, 0, 0, 0, 0, 0, 0, 0, 0, 0]",1,128,432.0,6916.0,6008191222,6009703562,6266481333,6266483445,0,64,64,-1,1,1512340,2112,32,128,128,3
12,3,"[8, 432, 0, 0, 0, 0, 0, 0, 0, 0, 0, 0, 0, 0, 0, 8, 432, 0, 0, 0, 0, 0, 0, 0, 0, 0, 0, 0, 0, 0]",1,128,432.0,10368.0,6009805442,6009816050,6266483509,6266485589,0,1184,1184,-1,1,10608,2080,32,128,128,3
12,3,"[8, 432, 0, 0, 0, 0, 0, 0, 0, 0, 0, 0, 0, 0, 0, 8, 432, 0, 0, 0, 0, 0, 0, 0, 0, 0, 0, 0, 0, 0]",1,128,432.0,10368.0,6009881997,6009889274,6266486773,6266489045,0,512,512,-1,1,7277,2272,32,128,128,3
16,3,"[8, 1008, 432, 1, 1, 0, 0, 0, 0, 0, 0, 0, 0, 0, 0, 4, 0, 0, 0, 0, 0, 0, 0, 0, 0, 0, 0, 0, 0, 0]",851,128,435456.0,6967300.0,6009959568,6011993206,6266489557,6266501973,0,1568,1568,-1,1,2033638,12416,32,128,128,3
12,3,"[8, 1008, 432, 1, 1, 0, 0, 0, 0, 0, 0, 0, 0, 0, 0, 8, 1008, 432, 1, 1, 0, 0, 0, 0, 0, 0, 0, 0, 0, 0]",851,128,435456.0,10450944.0,6012058799,6012065231,6266503541,6266516308,0,1,1,-1,1,6432,12767,32,128,128,3
12,3,"[8, 1008, 432, 1, 1, 0, 0, 0, 0, 0, 0, 0, 0, 0, 0, 8, 1008, 432, 1, 1, 0, 0, 0, 0, 0, 0, 0, 0, 0, 0]",851,128,435456.0,10450944.0,6012124447,6012130281,6266516309,6266531829,0,576,576,-1,1,5834,15520,32,128,128,3
16,3,"[8, 1008, 0, 0, 0, 0, 0, 0, 0, 0, 0, 0, 0, 0, 0, 4, 0, 0, 0, 0, 0, 0, 0, 0, 0, 0, 0, 0, 0, 0]",2,128,1008.0,16132.0,6012188542,6012194688,6266532405,6266534741,0,256,256,-1,1,6146,2336,32,128,128,3
12,3,"[8, 1008, 0, 0, 0, 0, 0, 0, 0, 0, 0, 0, 0, 0, 0, 8, 1008, 0, 0, 0, 0, 0, 0, 0, 0, 0, 0, 0, 0, 0]",2,128,1008.0,24192.0,6012251852,6012258460,6266534997,6266537941,0,512,512,-1,1,6608,2944,32,128,128,3
12,3,"[8, 1008, 0, 0, 0, 0, 0, 0, 0, 0, 0, 0, 0, 0, 0, 8, 1008, 0, 0, 0, 0, 0, 0, 0, 0, 0, 0, 0, 0, 0]",2,128,1008.0,24192.0,6012326559,6012334329,6266538453,6266540725,0,224,224,-1,1,7770,2272,32,128,128,3
16,3,"[8, 1008, 0, 0, 0, 0, 0, 0, 0, 0, 0, 0, 0, 0, 0, 4, 0, 0, 0, 0, 0, 0, 0, 0, 0, 0, 0, 0, 0, 0]",2,128,1008.0,16132.0,6012403298,6012409919,6266540949,6266542933,0,1024,1024,-1,1,6621,1984,32,128,128,3
12,3,"[8, 1008, 0, 0, 0, 0, 0, 0, 0, 0, 0, 0, 0, 0, 0, 8, 1008, 0, 0, 0, 0, 0, 0, 0, 0, 0, 0, 0, 0, 0]",2,128,1008.0,24192.0,6012470070,6014387967,6266543957,6266546261,0,480,480,-1,1,1917897,2304,32,128,128,3
12,3,"[8, 1008, 0, 0, 0, 0, 0, 0, 0, 0, 0, 0, 0, 0, 0, 8, 1008, 0, 0, 0, 0, 0, 0, 0, 0, 0, 0, 0, 0, 0]",2,128,1008.0,24192.0,6014450971,6014457774,6266546741,6266549013,0,32,32,-1,1,6803,2272,32,128,128,3
16,3,"[8, 1008, 432, 1, 1, 0, 0, 0, 0, 0, 0, 0, 0, 0, 0, 4, 0, 0, 0, 0, 0, 0, 0, 0, 0, 0, 0, 0, 0, 0]",851,128,435456.0,6967300.0,6014517267,6016555523,6266549045,6266563413,0,384,384,-1,1,2038256,14368,32,128,128,3
12,3,"[8, 1008, 432, 1, 1, 0, 0, 0, 0, 0, 0, 0, 0, 0, 0, 8, 1008, 432, 1, 1, 0, 0, 0, 0, 0, 0, 0, 0, 0, 0]",851,128,435456.0,10450944.0,6016668100,6016679591,6266563797,6266576821,0,544,544,-1,1,11491,13024,32,128,128,3
12,3,"[8, 1008, 432, 1, 1, 0, 0, 0, 0, 0, 0, 0, 0, 0, 0, 8, 1008, 432, 1, 1, 0, 0, 0, 0, 0, 0, 0, 0, 0, 0]",851,128,435456.0,10450944.0,6016748987,6016757015,6266577365,6266591573,0,480,480,-1,1,8028,14208,32,128,128,3
16,3,"[8, 1008, 0, 0, 0, 0, 0, 0, 0, 0, 0, 0, 0, 0, 0, 4, 0, 0, 0, 0, 0, 0, 0, 0, 0, 0, 0, 0, 0, 0]",2,128,1008.0,16132.0,6016821619,6016829258,6266592053,6266594133,0,608,608,-1,1,7639,2080,32,128,128,3
12,3,"[8, 1008, 0, 0, 0, 0, 0, 0, 0, 0, 0, 0, 0, 0, 0, 8, 1008, 0, 0, 0, 0, 0, 0, 0, 0, 0, 0, 0, 0, 0]",2,128,1008.0,24192.0,6016889864,6016896433,6266594741,6266598037,0,160,160,-1,1,6569,3296,32,128,128,3
12,3,"[8, 1008, 0, 0, 0, 0, 0, 0, 0, 0, 0, 0, 0, 0, 0, 8, 1008, 0, 0, 0, 0, 0, 0, 0, 0, 0, 0, 0, 0, 0]",2,128,1008.0,24192.0,6016954567,6016960941,6266598197,6266600277,0,1056,1056,-1,1,6374,2080,32,128,128,3
16,3,"[8, 1008, 0, 0, 0, 0, 0, 0, 0, 0, 0, 0, 0, 0, 0, 4, 0, 0, 0, 0, 0, 0, 0, 0, 0, 0, 0, 0, 0, 0]",2,128,1008.0,16132.0,6017018505,6017024820,6266601333,6266603445,0,544,544,-1,1,6315,2112,32,128,128,3
12,3,"[8, 1008, 0, 0, 0, 0, 0, 0, 0, 0, 0, 0, 0, 0, 0, 8, 1008, 0, 0, 0, 0, 0, 0, 0, 0, 0, 0, 0, 0, 0]",2,128,1008.0,24192.0,6017081261,6018633025,6266603989,6266606229,0,160,160,-1,1,1551764,2240,32,128,128,3
12,3,"[8, 1008, 0, 0, 0, 0, 0, 0, 0, 0, 0, 0, 0, 0, 0, 8, 1008, 0, 0, 0, 0, 0, 0, 0, 0, 0, 0, 0, 0, 0]",2,128,1008.0,24192.0,6018696460,6018703177,6266606389,6266608469,0,1088,1088,-1,1,6717,2080,32,128,128,3
16,3,"[8, 1008, 48, 3, 3, 0, 0, 0, 0, 0, 0, 0, 0, 0, 0, 4, 0, 0, 0, 0, 0, 0, 0, 0, 0, 0, 0, 0, 0, 0]",851,128,435456.0,6967300.0,6018764857,6018771156,6266609557,6266622772,0,1,1,-1,1,6299,13215,32,128,128,3
12,3,"[8, 1008, 48, 3, 3, 0, 0, 0, 0, 0, 0, 0, 0, 0, 0, 8, 1008, 48, 3, 3, 0, 0, 0, 0, 0, 0, 0, 0, 0, 0]",851,128,435456.0,10450944.0,6018829770,6020935465,6266622773,6266636277,0,608,608,-1,1,2105695,13504,32,128,128,3
12,3,"[8, 1008, 48, 3, 3, 0, 0, 0, 0, 0, 0, 0, 0, 0, 0, 8, 1008, 48, 3, 3, 0, 0, 0, 0, 0, 0, 0, 0, 0, 0]",851,128,435456.0,10450944.0,6021044330,6021056649,6266636885,6266651477,0,448,448,-1,1,12319,14592,32,128,128,3
16,3,"[8, 1008, 0, 0, 0, 0, 0, 0, 0, 0, 0, 0, 0, 0, 0, 4, 0, 0, 0, 0, 0, 0, 0, 0, 0, 0, 0, 0, 0, 0]",2,128,1008.0,16132.0,6021125455,6021133462,6266651925,6266654741,0,576,576,-1,1,8007,2816,32,128,128,3
12,3,"[8, 1008, 0, 0, 0, 0, 0, 0, 0, 0, 0, 0, 0, 0, 0, 8, 1008, 0, 0, 0, 0, 0, 0, 0, 0, 0, 0, 0, 0, 0]",2,128,1008.0,24192.0,6021201411,6021208343,6266655317,6266657588,0,1,1,-1,1,6932,2271,32,128,128,3
12,3,"[8, 1008, 0, 0, 0, 0, 0, 0, 0, 0, 0, 0, 0, 0, 0, 8, 1008, 0, 0, 0, 0, 0, 0, 0, 0, 0, 0, 0, 0, 0]",2,128,1008.0,24192.0,6021268389,6021274617,6266657589,6266659669,0,1504,1504,-1,1,6228,2080,32,128,128,3
16,3,"[8, 1008, 0, 0, 0, 0, 0, 0, 0, 0, 0, 0, 0, 0, 0, 4, 0, 0, 0, 0, 0, 0, 0, 0, 0, 0, 0, 0, 0, 0]",2,128,1008.0,16132.0,6021333834,6021339921,6266661173,6266663349,0,416,416,-1,1,6087,2176,32,128,128,3
12,3,"[8, 1008, 0, 0, 0, 0, 0, 0, 0, 0, 0, 0, 0, 0, 0, 8, 1008, 0, 0, 0, 0, 0, 0, 0, 0, 0, 0, 0, 0, 0]",2,128,1008.0,24192.0,6021398291,6021404464,6266663765,6266665813,0,1024,1024,-1,1,6173,2048,32,128,128,3
12,3,"[8, 1008, 0, 0, 0, 0, 0, 0, 0, 0, 0, 0, 0, 0, 0, 8, 1008, 0, 0, 0, 0, 0, 0, 0, 0, 0, 0, 0, 0, 0]",2,128,1008.0,24192.0,6021462247,6021468331,6266666837,6266669109,0,512,512,-1,1,6084,2272,32,128,128,3
16,3,"[8, 1008, 1008, 1, 1, 0, 0, 0, 0, 0, 0, 0, 0, 0, 0, 4, 0, 0, 0, 0, 0, 0, 0, 0, 0, 0, 0, 0, 0, 0]",1985,128,1016064.0,16257028.0,6021527507,6023057131,6266669621,6266700596,0,1,1,-1,1,1529624,30975,32,128,128,3
12,3,"[8, 1008, 1008, 1, 1, 0, 0, 0, 0, 0, 0, 0, 0, 0, 0, 8, 1008, 1008, 1, 1, 0, 0, 0, 0, 0, 0, 0, 0, 0, 0]",1985,128,1016064.0,24385536.0,6023252206,6023262707,6266700597,6266748949,0,480,480,-1,1,10501,48352,32,128,128,3
12,3,"[8, 1008, 1008, 1, 1, 0, 0, 0, 0, 0, 0, 0, 0, 0, 0, 8, 1008, 1008, 1, 1, 0, 0, 0, 0, 0, 0, 0, 0, 0, 0]",1985,128,1016064.0,24385536.0,6023326803,6023334209,6266749429,6266796500,0,384,384,-1,1,7406,47071,32,128,128,3
16,3,"[8, 1008, 0, 0, 0, 0, 0, 0, 0, 0, 0, 0, 0, 0, 0, 4, 0, 0, 0, 0, 0, 0, 0, 0, 0, 0, 0, 0, 0, 0]",2,128,1008.0,16132.0,6023395622,6025358769,6266796884,6266798932,0,1216,1216,-1,1,1963147,2048,32,128,128,3
12,3,"[8, 1008, 0, 0, 0, 0, 0, 0, 0, 0, 0, 0, 0, 0, 0, 8, 1008, 0, 0, 0, 0, 0, 0, 0, 0, 0, 0, 0, 0, 0]",2,128,1008.0,24192.0,6025502403,6025518505,6266800148,6266802644,0,352,352,-1,1,16102,2496,32,128,128,3
12,3,"[8, 1008, 0, 0, 0, 0, 0, 0, 0, 0, 0, 0, 0, 0, 0, 8, 1008, 0, 0, 0, 0, 0, 0, 0, 0, 0, 0, 0, 0, 0]",2,128,1008.0,24192.0,6025604993,6025615648,6266802996,6266805043,0,1,1,-1,1,10655,2047,32,128,128,3
16,3,"[8, 1008, 0, 0, 0, 0, 0, 0, 0, 0, 0, 0, 0, 0, 0, 4, 0, 0, 0, 0, 0, 0, 0, 0, 0, 0, 0, 0, 0, 0]",2,128,1008.0,16132.0,6025682537,6025690535,6266805044,6266808148,0,512,512,-1,1,7998,3104,32,128,128,3
12,3,"[8, 1008, 0, 0, 0, 0, 0, 0, 0, 0, 0, 0, 0, 0, 0, 8, 1008, 0, 0, 0, 0, 0, 0, 0, 0, 0, 0, 0, 0, 0]",2,128,1008.0,24192.0,6025752104,6025758395,6266808660,6266810964,0,224,224,-1,1,6291,2304,32,128,128,3
12,3,"[8, 1008, 0, 0, 0, 0, 0, 0, 0, 0, 0, 0, 0, 0, 0, 8, 1008, 0, 0, 0, 0, 0, 0, 0, 0, 0, 0, 0, 0, 0]",2,128,1008.0,24192.0,6025816892,6025822774,6266811188,6266813268,0,640,640,-1,1,5882,2080,32,128,128,3
16,3,"[8, 1008, 1008, 1, 1, 0, 0, 0, 0, 0, 0, 0, 0, 0, 0, 4, 0, 0, 0, 0, 0, 0, 0, 0, 0, 0, 0, 0, 0, 0]",1985,128,1016064.0,16257028.0,6025889485,6025896152,6266813908,6266845556,0,448,448,-1,1,6667,31648,32,128,128,3
12,3,"[8, 1008, 1008, 1, 1, 0, 0, 0, 0, 0, 0, 0, 0, 0, 0, 8, 1008, 1008, 1, 1, 0, 0, 0, 0, 0, 0, 0, 0, 0, 0]",1985,128,1016064.0,24385536.0,6025956170,6027703936,6266846004,6266893140,0,480,480,-1,1,1747766,47136,32,128,128,3
12,3,"[8, 1008, 1008, 1, 1, 0, 0, 0, 0, 0, 0, 0, 0, 0, 0, 8, 1008, 1008, 1, 1, 0, 0, 0, 0, 0, 0, 0, 0, 0, 0]",1985,128,1016064.0,24385536.0,6027766062,6027772473,6266893620,6266940244,0,544,544,-1,1,6411,46624,32,128,128,3
16,3,"[8, 1008, 0, 0, 0, 0, 0, 0, 0, 0, 0, 0, 0, 0, 0, 4, 0, 0, 0, 0, 0, 0, 0, 0, 0, 0, 0, 0, 0, 0]",2,128,1008.0,16132.0,6027835461,6029917904,6266940788,6266943604,0,608,608,-1,1,2082443,2816,32,128,128,3
12,3,"[8, 1008, 0, 0, 0, 0, 0, 0, 0, 0, 0, 0, 0, 0, 0, 8, 1008, 0, 0, 0, 0, 0, 0, 0, 0, 0, 0, 0, 0, 0]",2,128,1008.0,24192.0,6030049757,6030064280,6266944212,6266946388,0,576,576,-1,1,14523,2176,32,128,128,3
12,3,"[8, 1008, 0, 0, 0, 0, 0, 0, 0, 0, 0, 0, 0, 0, 0, 8, 1008, 0, 0, 0, 0, 0, 0, 0, 0, 0, 0, 0, 0, 0]",2,128,1008.0,24192.0,6030177078,6030189931,6266946964,6266949844,0,608,608,-1,1,12853,2880,32,128,128,3
16,3,"[8, 1008, 0, 0, 0, 0, 0, 0, 0, 0, 0, 0, 0, 0, 0, 4, 0, 0, 0, 0, 0, 0, 0, 0, 0, 0, 0, 0, 0, 0]",2,128,1008.0,16132.0,6030304531,6030318709,6266950452,6266952499,0,1,1,-1,1,14178,2047,32,128,128,3
12,3,"[8, 1008, 0, 0, 0, 0, 0, 0, 0, 0, 0, 0, 0, 0, 0, 8, 1008, 0, 0, 0, 0, 0, 0, 0, 0, 0, 0, 0, 0, 0]",2,128,1008.0,24192.0,6030432085,6030445192,6266952500,6266954580,0,1376,1376,-1,1,13107,2080,32,128,128,3
12,3,"[8, 1008, 0, 0, 0, 0, 0, 0, 0, 0, 0, 0, 0, 0, 0, 8, 1008, 0, 0, 0, 0, 0, 0, 0, 0, 0, 0, 0, 0, 0]",2,128,1008.0,24192.0,6030552733,6030565647,6266955956,6266958260,0,384,384,-1,1,12914,2304,32,128,128,3
16,3,"[8, 1008, 48, 3, 3, 0, 0, 0, 0, 0, 0, 0, 0, 0, 0, 4, 0, 0, 0, 0, 0, 0, 0, 0, 0, 0, 0, 0, 0, 0]",851,128,435456.0,6967300.0,6030661631,6030671698,6266958644,6266972372,0,608,608,-1,1,10067,13728,32,128,128,3
12,3,"[8, 1008, 48, 3, 3, 0, 0, 0, 0, 0, 0, 0, 0, 0, 0, 8, 1008, 48, 3, 3, 0, 0, 0, 0, 0, 0, 0, 0, 0, 0]",851,128,435456.0,10450944.0,6030737654,6031998679,6266972980,6266985267,0,1,1,-1,1,1261025,12287,32,128,128,3
12,3,"[8, 1008, 48, 3, 3, 0, 0, 0, 0, 0, 0, 0, 0, 0, 0, 8, 1008, 48, 3, 3, 0, 0, 0, 0, 0, 0, 0, 0, 0, 0]",851,128,435456.0,10450944.0,6032064023,6032071390,6266985268,6267000659,0,513,513,-1,1,7367,15391,32,128,128,3
16,3,"[8, 1008, 0, 0, 0, 0, 0, 0, 0, 0, 0, 0, 0, 0, 0, 4, 0, 0, 0, 0, 0, 0, 0, 0, 0, 0, 0, 0, 0, 0]",2,128,1008.0,16132.0,6032137943,6032144383,6267001172,6267003636,0,256,256,-1,1,6440,2464,32,128,128,3
12,3,"[8, 1008, 0, 0, 0, 0, 0, 0, 0, 0, 0, 0, 0, 0, 0, 8, 1008, 0, 0, 0, 0, 0, 0, 0, 0, 0, 0, 0, 0, 0]",2,128,1008.0,24192.0,6032203279,6034293373,6267003892,6267005780,0,1503,1503,-1,1,2090094,1888,32,128,128,3
12,3,"[8, 1008, 0, 0, 0, 0, 0, 0, 0, 0, 0, 0, 0, 0, 0, 8, 1008, 0, 0, 0, 0, 0, 0, 0, 0, 0, 0, 0, 0, 0]",2,128,1008.0,24192.0,6034361682,6034369329,6267007283,6267009556,0,288,288,-1,1,7647,2273,32,128,128,3
16,3,"[8, 1008, 0, 0, 0, 0, 0, 0, 0, 0, 0, 0, 0, 0, 0, 4, 0, 0, 0, 0, 0, 0, 0, 0, 0, 0, 0, 0, 0, 0]",2,128,1008.0,16132.0,6034431329,6034437775,6267009844,6267011924,0,1088,1088,-1,1,6446,2080,32,128,128,3
12,3,"[8, 1008, 0, 0, 0, 0, 0, 0, 0, 0, 0, 0, 0, 0, 0, 8, 1008, 0, 0, 0, 0, 0, 0, 0, 0, 0, 0, 0, 0, 0]",2,128,1008.0,24192.0,6034495453,6034501696,6267013012,6267015252,0,480,480,-1,1,6243,2240,32,128,128,3
12,3,"[8, 1008, 0, 0, 0, 0, 0, 0, 0, 0, 0, 0, 0, 0, 0, 8, 1008, 0, 0, 0, 0, 0, 0, 0, 0, 0, 0, 0, 0, 0]",2,128,1008.0,24192.0,6034565032,6034572157,6267015732,6267018068,0,256,256,-1,1,7125,2336,32,128,128,3
16,3,"[8, 1008, 1008, 1, 1, 0, 0, 0, 0, 0, 0, 0, 0, 0, 0, 4, 0, 0, 0, 0, 0, 0, 0, 0, 0, 0, 0, 0, 0, 0]",1985,128,1016064.0,16257028.0,6034632516,6034638486,6267018324,6267049971,0,641,641,-1,1,5970,31647,32,128,128,3
12,3,"[8, 1008, 1008, 1, 1, 0, 0, 0, 0, 0, 0, 0, 0, 0, 0, 8, 1008, 1008, 1, 1, 0, 0, 0, 0, 0, 0, 0, 0, 0, 0]",1985,128,1016064.0,24385536.0,6034695571,6034701235,6267050612,6267097779,0,160,160,-1,1,5664,47167,32,128,128,3
12,3,"[8, 1008, 1008, 1, 1, 0, 0, 0, 0, 0, 0, 0, 0, 0, 0, 8, 1008, 1008, 1, 1, 0, 0, 0, 0, 0, 0, 0, 0, 0, 0]",1985,128,1016064.0,24385536.0,6034756876,6034762992,6267097939,6267145010,0,1,1,-1,1,6116,47071,32,128,128,3
16,3,"[8, 1008, 0, 0, 0, 0, 0, 0, 0, 0, 0, 0, 0, 0, 0, 4, 0, 0, 0, 0, 0, 0, 0, 0, 0, 0, 0, 0, 0, 0]",2,128,1008.0,16132.0,6034819174,6036423160,6267145011,6267148371,0,544,544,-1,1,1603986,3360,32,128,128,3
12,3,"[8, 1008, 0, 0, 0, 0, 0, 0, 0, 0, 0, 0, 0, 0, 0, 8, 1008, 0, 0, 0, 0, 0, 0, 0, 0, 0, 0, 0, 0, 0]",2,128,1008.0,24192.0,6036498140,6036505637,6267148915,6267151187,0,448,448,-1,1,7497,2272,32,128,128,3
12,3,"[8, 1008, 0, 0, 0, 0, 0, 0, 0, 0, 0, 0, 0, 0, 0, 8, 1008, 0, 0, 0, 0, 0, 0, 0, 0, 0, 0, 0, 0, 0]",2,128,1008.0,24192.0,6036564750,6036571116,6267151635,6267153235,0,1568,1568,-1,1,6366,1600,32,128,128,3
16,3,"[8, 1008, 0, 0, 0, 0, 0, 0, 0, 0, 0, 0, 0, 0, 0, 4, 0, 0, 0, 0, 0, 0, 0, 0, 0, 0, 0, 0, 0, 0]",2,128,1008.0,16132.0,6036628900,6038722985,6267154803,6267157043,0,256,256,-1,1,2094085,2240,32,128,128,3
12,3,"[8, 1008, 0, 0, 0, 0, 0, 0, 0, 0, 0, 0, 0, 0, 0, 8, 1008, 0, 0, 0, 0, 0, 0, 0, 0, 0, 0, 0, 0, 0]",2,128,1008.0,24192.0,6038860075,6038875468,6267157299,6267159346,0,1,1,-1,1,15393,2047,32,128,128,3
12,3,"[8, 1008, 0, 0, 0, 0, 0, 0, 0, 0, 0, 0, 0, 0, 0, 8, 1008, 0, 0, 0, 0, 0, 0, 0, 0, 0, 0, 0, 0, 0]",2,128,1008.0,24192.0,6038984918,6038997066,6267159347,6267162611,0,576,576,-1,1,12148,3264,32,128,128,3
16,3,"[8, 405, 1008, 0, 0, 0, 0, 0, 0, 0, 0, 0, 0, 0, 0, 4, 0, 0, 0, 0, 0, 0, 0, 0, 0, 0, 0, 0, 0, 0]",798,128,408240.0,6531844.0,6039101082,6039114884,6267163187,6267175763,0,1440,1440,-1,1,13802,12576,32,128,128,3
12,3,"[8, 405, 1008, 0, 0, 0, 0, 0, 0, 0, 0, 0, 0, 0, 0, 8, 405, 1008, 0, 0, 0, 0, 0, 0, 0, 0, 0, 0, 0, 0]",798,128,408240.0,9797760.0,6039224414,6039236475,6267177203,6267188051,0,1504,1504,-1,1,12061,10848,32,128,128,3
12,3,"[8, 405, 1008, 0, 0, 0, 0, 0, 0, 0, 0, 0, 0, 0, 0, 8, 405, 1008, 0, 0, 0, 0, 0, 0, 0, 0, 0, 0, 0, 0]",798,128,408240.0,9797760.0,6039356886,6039369164,6267189555,6267203955,0,480,480,-1,1,12278,14400,32,128,128,3
16,3,"[8, 405, 0, 0, 0, 0, 0, 0, 0, 0, 0, 0, 0, 0, 0, 4, 0, 0, 0, 0, 0, 0, 0, 0, 0, 0, 0, 0, 0, 0]",1,128,405.0,6484.0,6039474964,6039486733,6267204435,6267206483,0,1056,1056,-1,1,11769,2048,32,128,128,3
12,3,"[8, 405, 0, 0, 0, 0, 0, 0, 0, 0, 0, 0, 0, 0, 0, 8, 405, 0, 0, 0, 0, 0, 0, 0, 0, 0, 0, 0, 0, 0]",1,128,405.0,9720.0,6039577875,6041076511,6267207539,6267210099,0,448,448,-1,1,1498636,2560,32,128,128,3
12,3,"[8, 405, 0, 0, 0, 0, 0, 0, 0, 0, 0, 0, 0, 0, 0, 8, 405, 0, 0, 0, 0, 0, 0, 0, 0, 0, 0, 0, 0, 0]",1,128,405.0,9720.0,6041220288,6041233916,6267210547,6267212627,0,0,0,-1,1,13628,2080,32,128,128,3
