op,dir,params,grid,block,flops,bytes,rStartTime,rEndTime,kStartTime,kEndTime,staticSharedMemory,space,space1,seq,kernels,rduration,kduration,batch,h,w,input_type
203,1,"[32, 3, 512, 512, 32, 256, 256, 3, 3, 1, 1, 2, 2, 1, 1, 1, 4, 0, 0, 0, 0, 0, 0, 0, 0, 0, 0, 0, 0, 0]",16384,256,3623878656.0,369102208.0,2832841159,2832864923,3064648958,3065501534,5376,106497,106496,368912,2,21650,852575,32,512,512,1
205,1,"[4, 0, 0, 0, 0, 0, 0, 0, 0, 0, 0, 0, 0, 0, 0, 4, 0, 0, 0, 0, 0, 0, 0, 0, 0, 0, 0, 0, 0, 0]",32,512,536870912.0,1073741824.0,3065590344,3065944713,3065608030,3067826015,144,333794,1,368913,2,33517,1884192,32,512,512,1
152,1,"[4, 32, 32, 256, 256, 0, 0, 0, 0, 0, 0, 0, 0, 0, 0, 0, 0, 0, 0, 0, 0, 0, 0, 0, 0, 0, 0, 0, 0, 0]",131072,128,67108864.0,536870912.0,3066118490,3066131817,3067826016,3068832704,0,513,513,368914,1,13327,1006688,32,512,512,1
203,1,"[32, 32, 256, 256, 64, 128, 128, 1, 1, 0, 0, 2, 2, 1, 1, 1, 4, 0, 0, 0, 0, 0, 0, 0, 0, 0, 0, 0, 0, 0]",4096,256,2147483648.0,402661376.0,3066404674,3066426201,3068833217,3069384289,16384,54528,53216,368915,2,18740,549760,32,512,512,1
205,1,"[4, 0, 0, 0, 0, 0, 0, 0, 0, 0, 0, 0, 0, 0, 0, 4, 0, 0, 0, 0, 0, 0, 0, 0, 0, 0, 0, 0, 0, 0]",64,512,268435456.0,536870912.0,3069427343,3069711421,3069437505,3070590018,144,272192,544,368916,2,20828,880865,32,512,512,1
203,1,"[32, 32, 256, 256, 64, 256, 256, 1, 1, 0, 0, 1, 1, 1, 1, 1, 4, 0, 0, 0, 0, 0, 0, 0, 0, 0, 0, 0, 0, 0]",16384,256,8589934592.0,805314560.0,3069932703,3069951445,3070590562,3072507171,16384,51392,50144,368917,2,16932,1915361,32,512,512,1
205,1,"[4, 0, 0, 0, 0, 0, 0, 0, 0, 0, 0, 0, 0, 0, 0, 4, 0, 0, 0, 0, 0, 0, 0, 0, 0, 0, 0, 0, 0, 0]",64,512,1073741824.0,2147483648.0,3072548973,3072824619,3072557315,3076507462,144,267712,2080,368918,2,18890,3684515,32,512,512,1
152,1,"[4, 32, 64, 256, 256, 0, 0, 0, 0, 0, 0, 0, 0, 0, 0, 0, 0, 0, 0, 0, 0, 0, 0, 0, 0, 0, 0, 0, 0, 0]",262144,128,134217728.0,1073741824.0,3073008572,3073019409,3076509542,3078525863,0,928,928,368919,1,10837,2016321,32,512,512,1
203,1,"[32, 64, 256, 256, 64, 128, 128, 3, 3, 1, 1, 2, 2, 1, 1, 4, 4, 0, 0, 0, 0, 0, 0, 0, 0, 0, 0, 0, 0, 0]",4096,256,2415919104.0,167781376.0,3073233379,3073289779,3078526791,3080146280,5376,-111521,55744,368920,8,49086,1786754,32,512,512,1
205,1,"[4, 0, 0, 0, 0, 0, 0, 0, 0, 0, 0, 0, 0, 0, 0, 4, 0, 0, 0, 0, 0, 0, 0, 0, 0, 0, 0, 0, 0, 0]",64,512,268435456.0,536870912.0,3080191513,3080465003,3080202024,3081338729,144,261825,1312,368921,2,19695,876192,32,512,512,1
152,1,"[4, 32, 64, 128, 128, 0, 0, 0, 0, 0, 0, 0, 0, 0, 0, 0, 0, 0, 0, 0, 0, 0, 0, 0, 0, 0, 0, 0, 0, 0]",65536,128,33554432.0,268435456.0,3080651155,3080663096,3081340041,3081842537,0,1152,1152,368922,1,11941,502496,32,512,512,1
199,1,"[4, 32, 64, 128, 128, 0, 0, 0, 0, 0, 0, 0, 0, 0, 0, 0, 0, 0, 0, 0, 0, 0, 0, 0, 0, 0, 0, 0, 0, 0]",2048,512,0.0,0.0,3080803608,3080814538,3081843689,3082085322,16,511,511,368923,1,10930,241633,32,512,512,1
203,1,"[32, 64, 1, 1, 8, 1, 1, 1, 1, 0, 0, 1, 1, 1, 1, 1, 4, 0, 0, 0, 0, 0, 0, 0, 0, 0, 0, 0, 0, 0]",1,128,0.0,0.0,3080997931,3081049271,3082085833,3082096489,2304,2016,448,368924,2,21320,9088,32,512,512,1
152,1,"[4, 32, 8, 1, 1, 0, 0, 0, 0, 0, 0, 0, 0, 0, 0, 0, 0, 0, 0, 0, 0, 0, 0, 0, 0, 0, 0, 0, 0, 0]",1,128,256.0,2048.0,3081380036,3081392349,3082096937,3082098538,0,1216,1216,368925,1,12313,1601,32,512,512,1
203,1,"[32, 8, 1, 1, 64, 1, 1, 1, 1, 0, 0, 1, 1, 1, 1, 1, 4, 0, 0, 0, 0, 0, 0, 0, 0, 0, 0, 0, 0, 0]",8,128,0.0,0.0,3081581715,3081624324,3082099754,3082106474,2304,1505,256,368926,2,19020,5471,32,512,512,1
156,1,"[4, 32, 64, 1, 1, 0, 0, 0, 0, 0, 0, 0, 0, 0, 0, 0, 0, 0, 0, 0, 0, 0, 0, 0, 0, 0, 0, 0, 0, 0]",4,128,40960.0,16384.0,3081750552,3081761756,3082106730,3082108777,0,1312,1312,368927,1,11204,2047,32,512,512,1
23,1,"[4, 32, 64, 1, 1, 0, 0, 0, 0, 0, 0, 0, 0, 0, 0, 4, 32, 64, 128, 128, 0, 0, 0, 0, 0, 0, 0, 0, 0, 0]",131072,128,33554432.0,268443648.0,3081860238,3081870213,3082110089,3082607722,0,672,672,368928,1,9975,497633,32,512,512,1
203,1,"[32, 64, 128, 128, 64, 128, 128, 1, 1, 0, 0, 1, 1, 1, 1, 1, 4, 0, 0, 0, 0, 0, 0, 0, 0, 0, 0, 0, 0, 0]",4096,256,4294967296.0,268451840.0,3082054629,3082073400,3082608394,3083147114,16384,45792,44576,368929,2,17055,537504,32,512,512,1
205,1,"[4, 0, 0, 0, 0, 0, 0, 0, 0, 0, 0, 0, 0, 0, 0, 4, 0, 0, 0, 0, 0, 0, 0, 0, 0, 0, 0, 0, 0, 0]",64,512,268435456.0,536870912.0,3083183071,3083452620,3083191690,3084322667,144,259553,1184,368930,2,18711,872608,32,512,512,1
21,1,"[4, 32, 64, 128, 128, 0, 0, 0, 0, 0, 0, 0, 0, 0, 0, 4, 32, 64, 128, 128, 0, 0, 0, 0, 0, 0, 0, 0, 0, 0]",65536,128,33554432.0,402653184.0,3083550309,3083560301,3084323851,3085059914,0,1,1,368931,1,9992,736063,32,512,512,1
152,1,"[4, 32, 64, 128, 128, 0, 0, 0, 0, 0, 0, 0, 0, 0, 0, 0, 0, 0, 0, 0, 0, 0, 0, 0, 0, 0, 0, 0, 0, 0]",65536,128,33554432.0,268435456.0,3083710696,3083720631,3085059915,3085563692,0,224,224,368932,1,9935,503777,32,512,512,1
203,1,"[32, 64, 128, 128, 144, 64, 64, 1, 1, 0, 0, 2, 2, 1, 1, 1, 4, 0, 0, 0, 0, 0, 0, 0, 0, 0, 0, 0, 0, 0]",2048,256,2415919104.0,209752064.0,3083925102,3083945398,3085563916,3086013644,32768,52640,52128,368933,2,18522,449216,32,512,512,1
205,1,"[4, 0, 0, 0, 0, 0, 0, 0, 0, 0, 0, 0, 0, 0, 0, 4, 0, 0, 0, 0, 0, 0, 0, 0, 0, 0, 0, 0, 0, 0]",144,512,150994944.0,301989888.0,3086056346,3086316976,3086065772,3086822445,144,249952,608,368934,2,19390,507329,32,512,512,1
203,1,"[32, 64, 128, 128, 144, 128, 128, 1, 1, 0, 0, 1, 1, 1, 1, 1, 4, 0, 0, 0, 0, 0, 0, 0, 0, 0, 0, 0, 0, 0]",8192,256,9663676416.0,436244480.0,3086525130,3086542579,3086823053,3088387950,32768,47936,46880,368935,2,15923,1563841,32,512,512,1
205,1,"[4, 0, 0, 0, 0, 0, 0, 0, 0, 0, 0, 0, 0, 0, 0, 4, 0, 0, 0, 0, 0, 0, 0, 0, 0, 0, 0, 0, 0, 0]",144,512,603979776.0,1207959552.0,3088426152,3088701631,3088434830,3090704239,144,266720,2336,368936,2,18560,2005025,32,512,512,1
152,1,"[4, 32, 144, 128, 128, 0, 0, 0, 0, 0, 0, 0, 0, 0, 0, 0, 0, 0, 0, 0, 0, 0, 0, 0, 0, 0, 0, 0, 0, 0]",147456,128,75497472.0,603979776.0,3088874494,3088884590,3090706575,3091838832,0,1632,1632,368937,1,10096,1132257,32,512,512,1
203,1,"[32, 144, 128, 128, 144, 64, 64, 3, 3, 1, 1, 2, 2, 1, 1, 9, 4, 0, 0, 0, 0, 0, 0, 0, 0, 0, 0, 0, 0, 0]",1024,256,603979776.0,41952256.0,3089090795,3089188437,3091840464,3092766577,5376,-396483,56384,368938,18,83203,1378980,32,512,512,1
205,1,"[4, 0, 0, 0, 0, 0, 0, 0, 0, 0, 0, 0, 0, 0, 0, 4, 0, 0, 0, 0, 0, 0, 0, 0, 0, 0, 0, 0, 0, 0]",144,512,150994944.0,301989888.0,3092812834,3093081271,3092822961,3093595185,144,256832,608,368939,2,20315,516000,32,512,512,1
152,1,"[4, 32, 144, 64, 64, 0, 0, 0, 0, 0, 0, 0, 0, 0, 0, 0, 0, 0, 0, 0, 0, 0, 0, 0, 0, 0, 0, 0, 0, 0]",36864,128,18874368.0,150994944.0,3093259648,3093269994,3093595793,3093878641,0,1216,1216,368940,1,10346,282848,32,512,512,1
199,1,"[4, 32, 144, 64, 64, 0, 0, 0, 0, 0, 0, 0, 0, 0, 0, 0, 0, 0, 0, 0, 0, 0, 0, 0, 0, 0, 0, 0, 0, 0]",288,512,0.0,0.0,3093397384,3093407992,3093879857,3094023890,16,256,256,368941,1,10608,144033,32,512,512,1
203,1,"[32, 144, 1, 1, 16, 1, 1, 1, 1, 0, 0, 1, 1, 1, 1, 1, 4, 0, 0, 0, 0, 0, 0, 0, 0, 0, 0, 0, 0, 0]",2,128,0.0,0.0,3093573590,3093615328,3094024146,3094038386,2304,1824,1344,368942,2,18001,13760,32,512,512,1
152,1,"[4, 32, 16, 1, 1, 0, 0, 0, 0, 0, 0, 0, 0, 0, 0, 0, 0, 0, 0, 0, 0, 0, 0, 0, 0, 0, 0, 0, 0, 0]",1,128,512.0,4096.0,3093820287,3093829962,3094039730,3094041618,0,512,512,368943,1,9675,1888,32,512,512,1
203,1,"[32, 16, 1, 1, 144, 1, 1, 1, 1, 0, 0, 1, 1, 1, 1, 1, 4, 0, 0, 0, 0, 0, 0, 0, 0, 0, 0, 0, 0, 0]",18,128,0.0,0.0,3094008633,3094049181,3094042130,3094052434,2304,129824,126464,368944,2,17123,6944,32,512,512,1
156,1,"[4, 32, 144, 1, 1, 0, 0, 0, 0, 0, 0, 0, 0, 0, 0, 0, 0, 0, 0, 0, 0, 0, 0, 0, 0, 0, 0, 0, 0, 0]",9,128,92160.0,36864.0,3094169449,3094178881,3094178898,3094181330,0,108960,108960,368945,1,9432,2432,32,512,512,1
23,1,"[4, 32, 144, 1, 1, 0, 0, 0, 0, 0, 0, 0, 0, 0, 0, 4, 32, 144, 64, 64, 0, 0, 0, 0, 0, 0, 0, 0, 0, 0]",73728,128,18874368.0,151013376.0,3094281860,3094290269,3094290290,3094568818,0,1376,1376,368946,1,8409,278528,32,512,512,1
203,1,"[32, 144, 64, 64, 144, 64, 64, 1, 1, 0, 0, 1, 1, 1, 1, 1, 4, 0, 0, 0, 0, 0, 0, 0, 0, 0, 0, 0, 0, 0]",2048,256,5435817984.0,151077888.0,3094467463,3094484658,3094570194,3095295859,32768,49375,49119,368947,2,15613,725409,32,512,512,1
205,1,"[4, 0, 0, 0, 0, 0, 0, 0, 0, 0, 0, 0, 0, 0, 0, 4, 0, 0, 0, 0, 0, 0, 0, 0, 0, 0, 0, 0, 0, 0]",144,512,150994944.0,301989888.0,3095335733,3095730681,3095344978,3096233715,144,383168,128,368948,2,21172,505697,32,512,512,1
21,1,"[4, 32, 144, 64, 64, 0, 0, 0, 0, 0, 0, 0, 0, 0, 0, 4, 32, 144, 64, 64, 0, 0, 0, 0, 0, 0, 0, 0, 0, 0]",36864,128,18874368.0,226492416.0,3095824957,3095834697,3096233843,3096649459,0,96,96,368949,1,9740,415616,32,512,512,1
152,1,"[4, 32, 144, 64, 64, 0, 0, 0, 0, 0, 0, 0, 0, 0, 0, 0, 0, 0, 0, 0, 0, 0, 0, 0, 0, 0, 0, 0, 0, 0]",36864,128,18874368.0,150994944.0,3095991290,3096000882,3096649555,3096934036,0,192,192,368950,1,9592,284481,32,512,512,1
203,1,"[32, 144, 64, 64, 144, 64, 64, 1, 1, 0, 0, 1, 1, 1, 1, 1, 4, 0, 0, 0, 0, 0, 0, 0, 0, 0, 0, 0, 0, 0]",2048,256,5435817984.0,151077888.0,3096195124,3096213343,3096934228,3097665332,32768,53248,52704,368951,2,16674,730560,32,512,512,1
205,1,"[4, 0, 0, 0, 0, 0, 0, 0, 0, 0, 0, 0, 0, 0, 0, 4, 0, 0, 0, 0, 0, 0, 0, 0, 0, 0, 0, 0, 0, 0]",144,512,150994944.0,301989888.0,3097708924,3097977746,3097718036,3098484469,144,259904,2112,368952,2,18947,508641,32,512,512,1
152,1,"[4, 32, 144, 64, 64, 0, 0, 0, 0, 0, 0, 0, 0, 0, 0, 0, 0, 0, 0, 0, 0, 0, 0, 0, 0, 0, 0, 0, 0, 0]",36864,128,18874368.0,150994944.0,3098155681,3098165879,3098486581,3098770293,0,1024,1024,368953,1,10198,283712,32,512,512,1
203,1,"[32, 144, 64, 64, 144, 64, 64, 3, 3, 1, 1, 1, 1, 1, 1, 9, 4, 0, 0, 0, 0, 0, 0, 0, 0, 0, 0, 0, 0, 0]",4097,512,603979776.0,16786432.0,3098371610,3098540121,3098771317,3126592680,5376,-1797443,65632,368954,36,134699,29684438,32,512,512,1
205,1,"[4, 0, 0, 0, 0, 0, 0, 0, 0, 0, 0, 0, 0, 0, 0, 4, 0, 0, 0, 0, 0, 0, 0, 0, 0, 0, 0, 0, 0, 0]",144,512,150994944.0,301989888.0,3126648183,3126926757,3126658312,3127435111,144,266177,1,368955,2,20340,510623,32,512,512,1
152,1,"[4, 32, 144, 64, 64, 0, 0, 0, 0, 0, 0, 0, 0, 0, 0, 0, 0, 0, 0, 0, 0, 0, 0, 0, 0, 0, 0, 0, 0, 0]",36864,128,18874368.0,150994944.0,3127099528,3127110511,3127435112,3127719816,0,352,352,368956,1,10983,284704,32,512,512,1
199,1,"[4, 32, 144, 64, 64, 0, 0, 0, 0, 0, 0, 0, 0, 0, 0, 0, 0, 0, 0, 0, 0, 0, 0, 0, 0, 0, 0, 0, 0, 0]",288,512,0.0,0.0,3127229492,3127239579,3127720168,3127864520,16,641,641,368957,1,10087,144352,32,512,512,1
203,1,"[32, 144, 1, 1, 36, 1, 1, 1, 1, 0, 0, 1, 1, 1, 1, 1, 4, 0, 0, 0, 0, 0, 0, 0, 0, 0, 0, 0, 0, 0]",5,128,0.0,0.0,3127420758,3127462517,3127865161,3127879560,2304,2178,1281,368958,2,17709,13502,32,512,512,1
152,1,"[4, 32, 36, 1, 1, 0, 0, 0, 0, 0, 0, 0, 0, 0, 0, 0, 0, 0, 0, 0, 0, 0, 0, 0, 0, 0, 0, 0, 0, 0]",3,128,1152.0,9216.0,3127656888,3127666135,3127880841,3127882697,0,576,576,368959,1,9247,1856,32,512,512,1
203,1,"[32, 36, 1, 1, 144, 1, 1, 1, 1, 0, 0, 1, 1, 1, 1, 1, 4, 0, 0, 0, 0, 0, 0, 0, 0, 0, 0, 0, 0, 0]",18,128,0.0,0.0,3127847225,3127885778,3127883273,3127891849,2304,120800,119264,368960,2,17185,7040,32,512,512,1
156,1,"[4, 32, 144, 1, 1, 0, 0, 0, 0, 0, 0, 0, 0, 0, 0, 0, 0, 0, 0, 0, 0, 0, 0, 0, 0, 0, 0, 0, 0, 0]",9,128,92160.0,36864.0,3128003475,3128011504,3128011113,3128013929,0,100128,100128,368961,1,8029,2816,32,512,512,1
23,1,"[4, 32, 144, 1, 1, 0, 0, 0, 0, 0, 0, 0, 0, 0, 0, 4, 32, 144, 64, 64, 0, 0, 0, 0, 0, 0, 0, 0, 0, 0]",73728,128,18874368.0,151013376.0,3128105178,3128113998,3128114057,3128393225,0,384,384,368962,1,8820,279168,32,512,512,1
203,1,"[32, 144, 64, 64, 144, 64, 64, 1, 1, 0, 0, 1, 1, 1, 1, 1, 4, 0, 0, 0, 0, 0, 0, 0, 0, 0, 0, 0, 0, 0]",2048,256,5435817984.0,151077888.0,3128302637,3128319311,3128393609,3129112457,32768,52033,50785,368963,2,15168,717600,32,512,512,1
205,1,"[4, 0, 0, 0, 0, 0, 0, 0, 0, 0, 0, 0, 0, 0, 0, 4, 0, 0, 0, 0, 0, 0, 0, 0, 0, 0, 0, 0, 0, 0]",144,512,150994944.0,301989888.0,3129154519,3129423370,3129163242,3129917321,144,257986,1,368964,2,18745,496094,32,512,512,1
21,1,"[4, 32, 144, 64, 64, 0, 0, 0, 0, 0, 0, 0, 0, 0, 0, 4, 32, 144, 64, 64, 0, 0, 0, 0, 0, 0, 0, 0, 0, 0]",36864,128,18874368.0,226492416.0,3129515549,3129524944,3129917322,3130333066,0,544,544,368965,1,9395,415744,32,512,512,1
152,1,"[4, 32, 144, 64, 64, 0, 0, 0, 0, 0, 0, 0, 0, 0, 0, 0, 0, 0, 0, 0, 0, 0, 0, 0, 0, 0, 0, 0, 0, 0]",36864,128,18874368.0,150994944.0,3129682586,3129691910,3130333610,3130617738,0,288,288,368966,1,9324,284128,32,512,512,1
203,1,"[32, 144, 64, 64, 144, 64, 64, 1, 1, 0, 0, 1, 1, 1, 1, 1, 4, 0, 0, 0, 0, 0, 0, 0, 0, 0, 0, 0, 0, 0]",2048,256,5435817984.0,151077888.0,3129886665,3129903568,3130618026,3131342123,32768,52417,51776,368967,2,15327,723456,32,512,512,1
205,1,"[4, 0, 0, 0, 0, 0, 0, 0, 0, 0, 0, 0, 0, 0, 0, 4, 0, 0, 0, 0, 0, 0, 0, 0, 0, 0, 0, 0, 0, 0]",144,512,150994944.0,301989888.0,3131385291,3131644580,3131393899,3132143020,144,251808,2496,368968,2,17926,499809,32,512,512,1
152,1,"[4, 32, 144, 64, 64, 0, 0, 0, 0, 0, 0, 0, 0, 0, 0, 0, 0, 0, 0, 0, 0, 0, 0, 0, 0, 0, 0, 0, 0, 0]",36864,128,18874368.0,150994944.0,3131820816,3131830367,3132145516,3132430220,0,1568,1568,368969,1,9551,284704,32,512,512,1
203,1,"[32, 144, 64, 64, 144, 64, 64, 3, 3, 1, 1, 1, 1, 1, 1, 9, 4, 0, 0, 0, 0, 0, 0, 0, 0, 0, 0, 0, 0, 0]",4097,512,603979776.0,16786432.0,3132031435,3132194555,3132431788,3160219551,5376,-1784769,107007,368970,36,129854,29679539,32,512,512,1
205,1,"[4, 0, 0, 0, 0, 0, 0, 0, 0, 0, 0, 0, 0, 0, 0, 4, 0, 0, 0, 0, 0, 0, 0, 0, 0, 0, 0, 0, 0, 0]",144,512,150994944.0,301989888.0,3160311951,3160672741,3160326558,3161175934,144,344226,1,368971,2,28814,505151,32,512,512,1
152,1,"[4, 32, 144, 64, 64, 0, 0, 0, 0, 0, 0, 0, 0, 0, 0, 0, 0, 0, 0, 0, 0, 0, 0, 0, 0, 0, 0, 0, 0, 0]",36864,128,18874368.0,150994944.0,3160866589,3160878517,3161175935,3161460479,0,224,224,368972,1,11928,284544,32,512,512,1
199,1,"[4, 32, 144, 64, 64, 0, 0, 0, 0, 0, 0, 0, 0, 0, 0, 0, 0, 0, 0, 0, 0, 0, 0, 0, 0, 0, 0, 0, 0, 0]",288,512,0.0,0.0,3161008060,3161019077,3161460703,3161603966,16,1,1,368973,1,11017,143263,32,512,512,1
203,1,"[32, 144, 1, 1, 36, 1, 1, 1, 1, 0, 0, 1, 1, 1, 1, 1, 4, 0, 0, 0, 0, 0, 0, 0, 0, 0, 0, 0, 0, 0]",5,128,0.0,0.0,3161193929,3161245770,3161603967,3161618335,2304,1727,1536,368974,2,26233,14177,32,512,512,1
152,1,"[4, 32, 36, 1, 1, 0, 0, 0, 0, 0, 0, 0, 0, 0, 0, 0, 0, 0, 0, 0, 0, 0, 0, 0, 0, 0, 0, 0, 0, 0]",3,128,1152.0,9216.0,3161444810,3161454027,3161619871,3161621728,0,21664,21664,368975,1,9217,1857,32,512,512,1
203,1,"[32, 36, 1, 1, 144, 1, 1, 1, 1, 0, 0, 1, 1, 1, 1, 1, 4, 0, 0, 0, 0, 0, 0, 0, 0, 0, 0, 0, 0, 0]",18,128,0.0,0.0,3161633151,3161672360,3161643392,3161675519,2304,155328,131201,368976,2,16943,8000,32,512,512,1
156,1,"[4, 32, 144, 1, 1, 0, 0, 0, 0, 0, 0, 0, 0, 0, 0, 0, 0, 0, 0, 0, 0, 0, 0, 0, 0, 0, 0, 0, 0, 0]",9,128,92160.0,36864.0,3161797303,3161806742,3161806720,3161808800,0,101376,101376,368977,1,9439,2080,32,512,512,1
23,1,"[4, 32, 144, 1, 1, 0, 0, 0, 0, 0, 0, 0, 0, 0, 0, 4, 32, 144, 64, 64, 0, 0, 0, 0, 0, 0, 0, 0, 0, 0]",73728,128,18874368.0,151013376.0,3161902204,3161910571,3161910176,3162189440,0,256,256,368978,1,8367,279264,32,512,512,1
203,1,"[32, 144, 64, 64, 144, 64, 64, 1, 1, 0, 0, 1, 1, 1, 1, 1, 4, 0, 0, 0, 0, 0, 0, 0, 0, 0, 0, 0, 0, 0]",2048,256,5435817984.0,151077888.0,3162098310,3162116424,3162189696,3162900384,32768,56576,55264,368979,2,16420,709376,32,512,512,1
205,1,"[4, 0, 0, 0, 0, 0, 0, 0, 0, 0, 0, 0, 0, 0, 0, 4, 0, 0, 0, 0, 0, 0, 0, 0, 0, 0, 0, 0, 0, 0]",144,512,150994944.0,301989888.0,3162946329,3163219841,3162955648,3163717409,144,262208,96,368980,2,19700,499649,32,512,512,1
21,1,"[4, 32, 144, 64, 64, 0, 0, 0, 0, 0, 0, 0, 0, 0, 0, 4, 32, 144, 64, 64, 0, 0, 0, 0, 0, 0, 0, 0, 0, 0]",36864,128,18874368.0,226492416.0,3163315111,3163325047,3163717505,3164133281,0,640,640,368981,1,9936,415776,32,512,512,1
152,1,"[4, 32, 144, 64, 64, 0, 0, 0, 0, 0, 0, 0, 0, 0, 0, 0, 0, 0, 0, 0, 0, 0, 0, 0, 0, 0, 0, 0, 0, 0]",36864,128,18874368.0,150994944.0,3163477206,3163486494,3164133921,3164417953,0,1472,1472,368982,1,9288,284032,32,512,512,1
203,1,"[32, 144, 64, 64, 320, 32, 32, 1, 1, 0, 0, 2, 2, 1, 1, 1, 4, 0, 0, 0, 0, 0, 0, 0, 0, 0, 0, 0, 0, 0]",768,256,3019898880.0,117624832.0,3163691500,3163709474,3164419425,3164745634,32768,53888,53632,368983,2,16432,325953,32,512,512,1
205,1,"[4, 0, 0, 0, 0, 0, 0, 0, 0, 0, 0, 0, 0, 0, 0, 4, 0, 0, 0, 0, 0, 0, 0, 0, 0, 0, 0, 0, 0, 0]",320,512,83886080.0,167772160.0,3164789017,3165054209,3164799266,3165292450,144,253376,1440,368984,2,20307,241248,32,512,512,1
203,1,"[32, 144, 64, 64, 320, 64, 64, 1, 1, 0, 0, 1, 1, 1, 1, 1, 4, 0, 0, 0, 0, 0, 0, 0, 0, 0, 0, 0, 0, 0]",3072,256,12079595520.0,243453952.0,3165251276,3165268376,3165293890,3166359459,32768,47264,47008,368985,2,15580,1065313,32,512,512,1
205,1,"[4, 0, 0, 0, 0, 0, 0, 0, 0, 0, 0, 0, 0, 0, 0, 4, 0, 0, 0, 0, 0, 0, 0, 0, 0, 0, 0, 0, 0, 0]",320,512,335544320.0,671088640.0,3166397107,3166665631,3166406467,3167680420,144,258687,1599,368986,2,19326,1016865,32,512,512,1
152,1,"[4, 32, 320, 64, 64, 0, 0, 0, 0, 0, 0, 0, 0, 0, 0, 0, 0, 0, 0, 0, 0, 0, 0, 0, 0, 0, 0, 0, 0, 0]",81920,128,41943040.0,335544320.0,3166836223,3166846048,3167682019,3168313092,0,160,160,368987,1,9825,631073,32,512,512,1
203,1,"[32, 320, 64, 64, 320, 32, 32, 3, 3, 1, 1, 2, 2, 1, 1, 20, 4, 0, 0, 0, 0, 0, 0, 0, 0, 0, 0, 0, 0, 0]",256,256,150994944.0,10494976.0,3167046729,3167224983,3168313252,3168844932,5376,-1018368,57536,368988,40,145904,1607584,32,512,512,1
205,1,"[4, 0, 0, 0, 0, 0, 0, 0, 0, 0, 0, 0, 0, 0, 0, 4, 0, 0, 0, 0, 0, 0, 0, 0, 0, 0, 0, 0, 0, 0]",320,512,83886080.0,167772160.0,3168892787,3169165955,3168902468,3169410885,144,260737,64,368989,2,20347,247744,32,512,512,1
152,1,"[4, 32, 320, 32, 32, 0, 0, 0, 0, 0, 0, 0, 0, 0, 0, 0, 0, 0, 0, 0, 0, 0, 0, 0, 0, 0, 0, 0, 0, 0]",20480,128,10485760.0,83886080.0,3169345432,3169355394,3169410949,3169569925,0,480,480,368990,1,9962,158976,32,512,512,1
199,1,"[4, 32, 320, 32, 32, 0, 0, 0, 0, 0, 0, 0, 0, 0, 0, 0, 0, 0, 0, 0, 0, 0, 0, 0, 0, 0, 0, 0, 0, 0]",640,512,0.0,0.0,3169478453,3169489160,3169570405,3169652645,16,159712,159712,368991,1,10707,82240,32,512,512,1
203,1,"[32, 320, 1, 1, 36, 1, 1, 1, 1, 0, 0, 1, 1, 1, 1, 1, 4, 0, 0, 0, 0, 0, 0, 0, 0, 0, 0, 0, 0, 0]",5,256,737280.0,91648.0,3169800375,3169852273,3169812357,3169855397,41472,230688,208544,368992,3,23428,20896,32,512,512,1
152,1,"[4, 32, 36, 1, 1, 0, 0, 0, 0, 0, 0, 0, 0, 0, 0, 0, 0, 0, 0, 0, 0, 0, 0, 0, 0, 0, 0, 0, 0, 0]",3,128,1152.0,9216.0,3170053795,3170063776,3170063941,3170065829,0,192992,192992,368993,1,9981,1888,32,512,512,1
203,1,"[32, 36, 1, 1, 320, 1, 1, 1, 1, 0, 0, 1, 1, 1, 1, 1, 4, 0, 0, 0, 0, 0, 0, 0, 0, 0, 0, 0, 0, 0]",40,128,0.0,0.0,3170248451,3170287149,3170258821,3170289573,2304,147488,124928,368994,2,17155,8192,32,512,512,1
156,1,"[4, 32, 320, 1, 1, 0, 0, 0, 0, 0, 0, 0, 0, 0, 0, 0, 0, 0, 0, 0, 0, 0, 0, 0, 0, 0, 0, 0, 0, 0]",20,128,204800.0,81920.0,3170406059,3170414565,3170414501,3170416549,0,97600,97600,368995,1,8506,2048,32,512,512,1
23,1,"[4, 32, 320, 1, 1, 0, 0, 0, 0, 0, 0, 0, 0, 0, 0, 4, 32, 320, 32, 32, 0, 0, 0, 0, 0, 0, 0, 0, 0, 0]",40960,128,10485760.0,83927040.0,3170506175,3170513860,3170514149,3170668390,0,52608,52608,368996,1,7685,154241,32,512,512,1
203,1,"[32, 320, 32, 32, 320, 32, 32, 1, 1, 0, 0, 1, 1, 1, 1, 1, 4, 0, 0, 0, 0, 0, 0, 0, 0, 0, 0, 0, 0, 0]",1280,256,6710886400.0,84295680.0,3170709463,3170728791,3170720998,3171235046,16384,56160,50368,368997,2,17548,508256,32,512,512,1
205,1,"[4, 0, 0, 0, 0, 0, 0, 0, 0, 0, 0, 0, 0, 0, 0, 4, 0, 0, 0, 0, 0, 0, 0, 0, 0, 0, 0, 0, 0, 0]",320,512,83886080.0,167772160.0,3171276962,3171539519,3171285414,3171782502,144,252192,32,368998,2,18525,244928,32,512,512,1
21,1,"[4, 32, 320, 32, 32, 0, 0, 0, 0, 0, 0, 0, 0, 0, 0, 4, 32, 320, 32, 32, 0, 0, 0, 0, 0, 0, 0, 0, 0, 0]",20480,128,10485760.0,125829120.0,3171637936,3171647592,3171782534,3172015814,0,193,193,368999,1,9656,233280,32,512,512,1
152,1,"[4, 32, 320, 32, 32, 0, 0, 0, 0, 0, 0, 0, 0, 0, 0, 0, 0, 0, 0, 0, 0, 0, 0, 0, 0, 0, 0, 0, 0, 0]",20480,128,10485760.0,83886080.0,3171798286,3171807145,3172016007,3172175527,0,256,256,369000,1,8859,159520,32,512,512,1
203,1,"[32, 320, 32, 32, 320, 32, 32, 1, 1, 0, 0, 1, 1, 1, 1, 1, 4, 0, 0, 0, 0, 0, 0, 0, 0, 0, 0, 0, 0, 0]",1280,256,6710886400.0,84295680.0,3172002880,3172021337,3172175783,3172685735,16384,50145,48896,369001,2,16663,508703,32,512,512,1
205,1,"[4, 0, 0, 0, 0, 0, 0, 0, 0, 0, 0, 0, 0, 0, 0, 4, 0, 0, 0, 0, 0, 0, 0, 0, 0, 0, 0, 0, 0, 0]",320,512,83886080.0,167772160.0,3172724299,3172999796,3172734631,3173238695,144,263904,1344,369002,2,20934,241504,32,512,512,1
152,1,"[4, 32, 320, 32, 32, 0, 0, 0, 0, 0, 0, 0, 0, 0, 0, 0, 0, 0, 0, 0, 0, 0, 0, 0, 0, 0, 0, 0, 0, 0]",20480,128,10485760.0,83886080.0,3173171732,3173181587,3173240039,3173398439,0,10240,10240,369003,1,9855,158400,32,512,512,1
203,1,"[32, 320, 32, 32, 320, 32, 32, 3, 3, 1, 1, 1, 1, 1, 1, 20, 4, 0, 0, 0, 0, 0, 0, 0, 0, 0, 0, 0, 0, 0]",256,256,150994944.0,4203520.0,3173398103,3173577101,3173408679,3173892008,5376,-960896,52800,369004,40,147549,1497025,32,512,512,1
205,1,"[4, 0, 0, 0, 0, 0, 0, 0, 0, 0, 0, 0, 0, 0, 0, 4, 0, 0, 0, 0, 0, 0, 0, 0, 0, 0, 0, 0, 0, 0]",320,512,83886080.0,167772160.0,3173934997,3174201981,3173944808,3174442887,144,254401,1,369005,2,19779,243679,32,512,512,1
152,1,"[4, 32, 320, 32, 32, 0, 0, 0, 0, 0, 0, 0, 0, 0, 0, 0, 0, 0, 0, 0, 0, 0, 0, 0, 0, 0, 0, 0, 0, 0]",20480,128,10485760.0,83886080.0,3174378311,3174388406,3174442888,3174602536,0,128,128,369006,1,10095,159648,32,512,512,1
199,1,"[4, 32, 320, 32, 32, 0, 0, 0, 0, 0, 0, 0, 0, 0, 0, 0, 0, 0, 0, 0, 0, 0, 0, 0, 0, 0, 0, 0, 0, 0]",640,512,0.0,0.0,3174503714,3174512954,3174602664,3174686632,16,21696,21696,369007,1,9240,83968,32,512,512,1
203,1,"[32, 320, 1, 1, 80, 1, 1, 1, 1, 0, 0, 1, 1, 1, 1, 1, 4, 0, 0, 0, 0, 0, 0, 0, 0, 0, 0, 0, 0, 0]",10,256,1638400.0,153600.0,3174696698,3174751360,3174708328,3174754216,41472,229312,205088,369008,3,28558,21664,32,512,512,1
152,1,"[4, 32, 80, 1, 1, 0, 0, 0, 0, 0, 0, 0, 0, 0, 0, 0, 0, 0, 0, 0, 0, 0, 0, 0, 0, 0, 0, 0, 0, 0]",5,128,2560.0,20480.0,3174950757,3174959830,3174959304,3174961064,0,185857,185857,369009,1,9073,1760,32,512,512,1
203,1,"[32, 80, 1, 1, 320, 1, 1, 1, 1, 0, 0, 1, 1, 1, 1, 1, 4, 0, 0, 0, 0, 0, 0, 0, 0, 0, 0, 0, 0, 0]",40,128,0.0,0.0,3175136565,3175174434,3175146921,3175177641,2304,153312,132832,369010,2,16399,10240,32,512,512,1
156,1,"[4, 32, 320, 1, 1, 0, 0, 0, 0, 0, 0, 0, 0, 0, 0, 0, 0, 0, 0, 0, 0, 0, 0, 0, 0, 0, 0, 0, 0, 0]",20,128,204800.0,81920.0,3175300866,3175310209,3175310473,3175312841,0,100192,100192,369011,1,9343,2368,32,512,512,1
23,1,"[4, 32, 320, 1, 1, 0, 0, 0, 0, 0, 0, 0, 0, 0, 0, 4, 32, 320, 32, 32, 0, 0, 0, 0, 0, 0, 0, 0, 0, 0]",40960,128,10485760.0,83927040.0,3175405048,3175412469,3175413033,3175567273,0,36288,36288,369012,1,7421,154240,32,512,512,1
203,1,"[32, 320, 32, 32, 320, 32, 32, 1, 1, 0, 0, 1, 1, 1, 1, 1, 4, 0, 0, 0, 0, 0, 0, 0, 0, 0, 0, 0, 0, 0]",1280,256,6710886400.0,84295680.0,3175592203,3175609336,3175603561,3176118121,16384,55648,51232,369013,2,15528,510144,32,512,512,1
205,1,"[4, 0, 0, 0, 0, 0, 0, 0, 0, 0, 0, 0, 0, 0, 0, 4, 0, 0, 0, 0, 0, 0, 0, 0, 0, 0, 0, 0, 0, 0]",320,512,83886080.0,167772160.0,3176160855,3176423102,3176169353,3176670186,144,252192,512,369014,2,18775,249153,32,512,512,1
21,1,"[4, 32, 320, 32, 32, 0, 0, 0, 0, 0, 0, 0, 0, 0, 0, 4, 32, 320, 32, 32, 0, 0, 0, 0, 0, 0, 0, 0, 0, 0]",20480,128,10485760.0,125829120.0,3176515467,3176524462,3176670698,3176902569,0,1,1,369015,1,8995,231871,32,512,512,1
152,1,"[4, 32, 320, 32, 32, 0, 0, 0, 0, 0, 0, 0, 0, 0, 0, 0, 0, 0, 0, 0, 0, 0, 0, 0, 0, 0, 0, 0, 0, 0]",20480,128,10485760.0,83886080.0,3176792500,3176805400,3176902570,3177062313,0,1,1,369016,1,12900,159743,32,512,512,1
203,1,"[32, 320, 32, 32, 320, 32, 32, 1, 1, 0, 0, 1, 1, 1, 1, 1, 4, 0, 0, 0, 0, 0, 0, 0, 0, 0, 0, 0, 0, 0]",1280,256,6710886400.0,84295680.0,3177005627,3177024342,3177062314,3177574282,16384,49664,49152,369017,2,17132,511456,32,512,512,1
205,1,"[4, 0, 0, 0, 0, 0, 0, 0, 0, 0, 0, 0, 0, 0, 0, 4, 0, 0, 0, 0, 0, 0, 0, 0, 0, 0, 0, 0, 0, 0]",320,512,83886080.0,167772160.0,3177614737,3177885238,3177623434,3178123146,144,259713,1,369018,2,18806,240000,32,512,512,1
152,1,"[4, 32, 320, 32, 32, 0, 0, 0, 0, 0, 0, 0, 0, 0, 0, 0, 0, 0, 0, 0, 0, 0, 0, 0, 0, 0, 0, 0, 0, 0]",20480,128,10485760.0,83886080.0,3178063909,3178074022,3178123147,3178282923,0,10528,10528,369019,1,10113,159776,32,512,512,1
203,1,"[32, 320, 32, 32, 320, 32, 32, 3, 3, 1, 1, 1, 1, 1, 1, 20, 4, 0, 0, 0, 0, 0, 0, 0, 0, 0, 0, 0, 0, 0]",256,256,150994944.0,4203520.0,3178282645,3178462774,3178293451,3178776491,5376,-975136,50176,369020,40,148179,1508352,32,512,512,1
205,1,"[4, 0, 0, 0, 0, 0, 0, 0, 0, 0, 0, 0, 0, 0, 0, 4, 0, 0, 0, 0, 0, 0, 0, 0, 0, 0, 0, 0, 0, 0]",320,512,83886080.0,167772160.0,3178816499,3179084687,3178826667,3179326827,144,256000,512,369021,2,19843,244672,32,512,512,1
152,1,"[4, 32, 320, 32, 32, 0, 0, 0, 0, 0, 0, 0, 0, 0, 0, 0, 0, 0, 0, 0, 0, 0, 0, 0, 0, 0, 0, 0, 0, 0]",20480,128,10485760.0,83886080.0,3179254610,3179264656,3179327339,3179486188,0,511,511,369022,1,10046,158849,32,512,512,1
199,1,"[4, 32, 320, 32, 32, 0, 0, 0, 0, 0, 0, 0, 0, 0, 0, 0, 0, 0, 0, 0, 0, 0, 0, 0, 0, 0, 0, 0, 0, 0]",640,512,0.0,0.0,3179390297,3179400568,3179486699,3179569068,16,24992,24992,369023,1,10271,82369,32,512,512,1
203,1,"[32, 320, 1, 1, 80, 1, 1, 1, 1, 0, 0, 1, 1, 1, 1, 1, 4, 0, 0, 0, 0, 0, 0, 0, 0, 0, 0, 0, 0, 0]",10,256,1638400.0,153600.0,3179583905,3179630559,3179594060,3179633804,41472,230272,213024,369024,3,20985,22496,32,512,512,1
152,1,"[4, 32, 80, 1, 1, 0, 0, 0, 0, 0, 0, 0, 0, 0, 0, 0, 0, 0, 0, 0, 0, 0, 0, 0, 0, 0, 0, 0, 0, 0]",5,128,2560.0,20480.0,3179837638,3179847015,3179846828,3179848684,0,183808,183808,369025,1,9377,1856,32,512,512,1
203,1,"[32, 80, 1, 1, 320, 1, 1, 1, 1, 0, 0, 1, 1, 1, 1, 1, 4, 0, 0, 0, 0, 0, 0, 0, 0, 0, 0, 0, 0, 0]",40,128,0.0,0.0,3180022698,3180060519,3180032492,3180063916,2304,144160,123360,369026,2,16500,10624,32,512,512,1
156,1,"[4, 32, 320, 1, 1, 0, 0, 0, 0, 0, 0, 0, 0, 0, 0, 0, 0, 0, 0, 0, 0, 0, 0, 0, 0, 0, 0, 0, 0, 0]",20,128,204800.0,81920.0,3180179085,3180187285,3180187276,3180189612,0,104096,104096,369027,1,8200,2336,32,512,512,1
23,1,"[4, 32, 320, 1, 1, 0, 0, 0, 0, 0, 0, 0, 0, 0, 0, 4, 32, 320, 32, 32, 0, 0, 0, 0, 0, 0, 0, 0, 0, 0]",40960,128,10485760.0,83927040.0,3180285526,3180293573,3180293708,3180447660,0,36832,36832,369028,1,8047,153952,32,512,512,1
203,1,"[32, 320, 32, 32, 320, 32, 32, 1, 1, 0, 0, 1, 1, 1, 1, 1, 4, 0, 0, 0, 0, 0, 0, 0, 0, 0, 0, 0, 0, 0]",1280,256,6710886400.0,84295680.0,3180473832,3180491647,3180484492,3180997996,16384,59009,52929,369029,2,16171,507424,32,512,512,1
205,1,"[4, 0, 0, 0, 0, 0, 0, 0, 0, 0, 0, 0, 0, 0, 0, 4, 0, 0, 0, 0, 0, 0, 0, 0, 0, 0, 0, 0, 0, 0]",320,512,83886080.0,167772160.0,3181041744,3181313471,3181050925,3181553165,144,260800,416,369030,2,18565,241856,32,512,512,1
21,1,"[4, 32, 320, 32, 32, 0, 0, 0, 0, 0, 0, 0, 0, 0, 0, 4, 32, 320, 32, 32, 0, 0, 0, 0, 0, 0, 0, 0, 0, 0]",20480,128,10485760.0,125829120.0,3181405852,3181414740,3181553581,3181786061,0,544,544,369031,1,8888,232480,32,512,512,1
152,1,"[4, 32, 320, 32, 32, 0, 0, 0, 0, 0, 0, 0, 0, 0, 0, 0, 0, 0, 0, 0, 0, 0, 0, 0, 0, 0, 0, 0, 0, 0]",20480,128,10485760.0,83886080.0,3181562197,3181571315,3181786605,3181944685,0,32,32,369032,1,9118,158080,32,512,512,1
203,1,"[32, 320, 32, 32, 320, 32, 32, 1, 1, 0, 0, 1, 1, 1, 1, 1, 4, 0, 0, 0, 0, 0, 0, 0, 0, 0, 0, 0, 0, 0]",1280,256,6710886400.0,84295680.0,3181772536,3181789942,3181944717,3182457837,16384,51681,50305,369033,2,15803,511744,32,512,512,1
205,1,"[4, 0, 0, 0, 0, 0, 0, 0, 0, 0, 0, 0, 0, 0, 0, 4, 0, 0, 0, 0, 0, 0, 0, 0, 0, 0, 0, 0, 0, 0]",320,512,83886080.0,167772160.0,3182500046,3182766757,3182508142,3183011725,144,257217,1,369034,2,18436,246367,32,512,512,1
152,1,"[4, 32, 320, 32, 32, 0, 0, 0, 0, 0, 0, 0, 0, 0, 0, 0, 0, 0, 0, 0, 0, 0, 0, 0, 0, 0, 0, 0, 0, 0]",20480,128,10485760.0,83886080.0,3182943273,3182953245,3183011726,3183171406,0,96,96,369035,1,9972,159680,32,512,512,1
203,1,"[32, 320, 32, 32, 320, 32, 32, 3, 3, 1, 1, 1, 1, 1, 1, 20, 4, 0, 0, 0, 0, 0, 0, 0, 0, 0, 0, 0, 0, 0]",256,256,150994944.0,4203520.0,3183157505,3183326623,3183171502,3183652782,5376,-974815,53249,369036,40,136837,1509344,32,512,512,1
205,1,"[4, 0, 0, 0, 0, 0, 0, 0, 0, 0, 0, 0, 0, 0, 0, 4, 0, 0, 0, 0, 0, 0, 0, 0, 0, 0, 0, 0, 0, 0]",320,512,83886080.0,167772160.0,3183696928,3184074643,3183706031,3184320335,144,366561,64,369037,2,20372,247807,32,512,512,1
152,1,"[4, 32, 320, 32, 32, 0, 0, 0, 0, 0, 0, 0, 0, 0, 0, 0, 0, 0, 0, 0, 0, 0, 0, 0, 0, 0, 0, 0, 0, 0]",20480,128,10485760.0,83886080.0,3184248409,3184259034,3184320399,3184479439,0,512,512,369038,1,10625,159040,32,512,512,1
199,1,"[4, 32, 320, 32, 32, 0, 0, 0, 0, 0, 0, 0, 0, 0, 0, 0, 0, 0, 0, 0, 0, 0, 0, 0, 0, 0, 0, 0, 0, 0]",640,512,0.0,0.0,3184384314,3184394388,3184479951,3184564047,16,26368,26368,369039,1,10074,84096,32,512,512,1
203,1,"[32, 320, 1, 1, 80, 1, 1, 1, 1, 0, 0, 1, 1, 1, 1, 1, 4, 0, 0, 0, 0, 0, 0, 0, 0, 0, 0, 0, 0, 0]",10,256,1638400.0,153600.0,3184579051,3184631591,3184590415,3184633775,41472,235648,213024,369040,3,22066,20736,32,512,512,1
152,1,"[4, 32, 80, 1, 1, 0, 0, 0, 0, 0, 0, 0, 0, 0, 0, 0, 0, 0, 0, 0, 0, 0, 0, 0, 0, 0, 0, 0, 0, 0]",5,128,2560.0,20480.0,3184837756,3184847259,3184846799,3184848815,0,182016,182016,369041,1,9503,2016,32,512,512,1
203,1,"[32, 80, 1, 1, 320, 1, 1, 1, 1, 0, 0, 1, 1, 1, 1, 1, 4, 0, 0, 0, 0, 0, 0, 0, 0, 0, 0, 0, 0, 0]",40,128,0.0,0.0,3185021070,3185058092,3185030831,3185061263,2304,139712,119296,369042,2,16165,10016,32,512,512,1
156,1,"[4, 32, 320, 1, 1, 0, 0, 0, 0, 0, 0, 0, 0, 0, 0, 0, 0, 0, 0, 0, 0, 0, 0, 0, 0, 0, 0, 0, 0, 0]",20,128,204800.0,81920.0,3185172700,3185180683,3185180559,3185182639,0,106401,106401,369043,1,7983,2080,32,512,512,1
23,1,"[4, 32, 320, 1, 1, 0, 0, 0, 0, 0, 0, 0, 0, 0, 0, 4, 32, 320, 32, 32, 0, 0, 0, 0, 0, 0, 0, 0, 0, 0]",40960,128,10485760.0,83927040.0,3185280628,3185288877,3185289040,3185442736,0,34880,34880,369044,1,8249,153696,32,512,512,1
203,1,"[32, 320, 32, 32, 320, 32, 32, 1, 1, 0, 0, 1, 1, 1, 1, 1, 4, 0, 0, 0, 0, 0, 0, 0, 0, 0, 0, 0, 0, 0]",1280,256,6710886400.0,84295680.0,3185466691,3185483822,3185477616,3185991600,16384,56353,51200,369045,2,15535,508831,32,512,512,1
205,1,"[4, 0, 0, 0, 0, 0, 0, 0, 0, 0, 0, 0, 0, 0, 0, 4, 0, 0, 0, 0, 0, 0, 0, 0, 0, 0, 0, 0, 0, 0]",320,512,83886080.0,167772160.0,3186034322,3186305513,3186042800,3186546608,144,261824,1568,369046,2,18741,243552,32,512,512,1
21,1,"[4, 32, 320, 32, 32, 0, 0, 0, 0, 0, 0, 0, 0, 0, 0, 4, 32, 320, 32, 32, 0, 0, 0, 0, 0, 0, 0, 0, 0, 0]",20480,128,10485760.0,125829120.0,3186402730,3186413055,3186548176,3186780080,0,1,1,369047,1,10325,231904,32,512,512,1
152,1,"[4, 32, 320, 32, 32, 0, 0, 0, 0, 0, 0, 0, 0, 0, 0, 0, 0, 0, 0, 0, 0, 0, 0, 0, 0, 0, 0, 0, 0, 0]",20480,128,10485760.0,83886080.0,3186562881,3186571866,3186780081,3186939537,0,255,255,369048,1,8985,159456,32,512,512,1
203,1,"[32, 320, 32, 32, 320, 32, 32, 1, 1, 0, 0, 1, 1, 1, 1, 1, 4, 0, 0, 0, 0, 0, 0, 0, 0, 0, 0, 0, 0, 0]",1280,256,6710886400.0,84295680.0,3186772043,3186789710,3186939792,3187451825,16384,53728,52512,369049,2,16055,510817,32,512,512,1
205,1,"[4, 0, 0, 0, 0, 0, 0, 0, 0, 0, 0, 0, 0, 0, 0, 4, 0, 0, 0, 0, 0, 0, 0, 0, 0, 0, 0, 0, 0, 0]",320,512,83886080.0,167772160.0,3187494848,3187763431,3187504337,3188002736,144,256641,1,369050,2,19516,241759,32,512,512,1
152,1,"[4, 32, 320, 32, 32, 0, 0, 0, 0, 0, 0, 0, 0, 0, 0, 0, 0, 0, 0, 0, 0, 0, 0, 0, 0, 0, 0, 0, 0, 0]",20480,128,10485760.0,83886080.0,3187941097,3187951283,3188002737,3188161873,0,3936,3936,369051,1,10186,159136,32,512,512,1
203,1,"[32, 320, 32, 32, 320, 32, 32, 3, 3, 1, 1, 1, 1, 1, 1, 20, 4, 0, 0, 0, 0, 0, 0, 0, 0, 0, 0, 0, 0, 0]",256,256,150994944.0,4203520.0,3188154373,3188325504,3188165809,3188649906,5376,-955323,53056,369052,40,138705,1492476,32,512,512,1
205,1,"[4, 0, 0, 0, 0, 0, 0, 0, 0, 0, 0, 0, 0, 0, 0, 4, 0, 0, 0, 0, 0, 0, 0, 0, 0, 0, 0, 0, 0, 0]",320,512,83886080.0,167772160.0,3188693324,3188965931,3188702962,3189206962,144,261472,1120,369053,2,19317,243648,32,512,512,1
152,1,"[4, 32, 320, 32, 32, 0, 0, 0, 0, 0, 0, 0, 0, 0, 0, 0, 0, 0, 0, 0, 0, 0, 0, 0, 0, 0, 0, 0, 0, 0]",20480,128,10485760.0,83886080.0,3189145877,3189156007,3189208082,3189366673,0,1,1,369054,1,10130,158591,32,512,512,1
199,1,"[4, 32, 320, 32, 32, 0, 0, 0, 0, 0, 0, 0, 0, 0, 0, 0, 0, 0, 0, 0, 0, 0, 0, 0, 0, 0, 0, 0, 0, 0]",640,512,0.0,0.0,3189273164,3189282989,3189366674,3189451698,16,44448,44448,369055,1,9825,85024,32,512,512,1
203,1,"[32, 320, 1, 1, 80, 1, 1, 1, 1, 0, 0, 1, 1, 1, 1, 1, 4, 0, 0, 0, 0, 0, 0, 0, 0, 0, 0, 0, 0, 0]",10,256,1638400.0,153600.0,3189485331,3189531566,3189496146,3189534642,41472,221312,204128,369056,3,21269,21312,32,512,512,1
152,1,"[4, 32, 80, 1, 1, 0, 0, 0, 0, 0, 0, 0, 0, 0, 0, 0, 0, 0, 0, 0, 0, 0, 0, 0, 0, 0, 0, 0, 0, 0]",5,128,2560.0,20480.0,3189728719,3189738415,3189738770,3189740658,0,191265,191265,369057,1,9696,1888,32,512,512,1
203,1,"[32, 80, 1, 1, 320, 1, 1, 1, 1, 0, 0, 1, 1, 1, 1, 1, 4, 0, 0, 0, 0, 0, 0, 0, 0, 0, 0, 0, 0, 0]",40,128,0.0,0.0,3189921815,3189960974,3189931923,3189964275,2304,142912,120960,369058,2,17178,10400,32,512,512,1
156,1,"[4, 32, 320, 1, 1, 0, 0, 0, 0, 0, 0, 0, 0, 0, 0, 0, 0, 0, 0, 0, 0, 0, 0, 0, 0, 0, 0, 0, 0, 0]",20,128,204800.0,81920.0,3190076743,3190085157,3190085235,3190087603,0,95456,95456,369059,1,8414,2368,32,512,512,1
23,1,"[4, 32, 320, 1, 1, 0, 0, 0, 0, 0, 0, 0, 0, 0, 0, 4, 32, 320, 32, 32, 0, 0, 0, 0, 0, 0, 0, 0, 0, 0]",40960,128,10485760.0,83927040.0,3190175167,3190182824,3190183059,3190337235,0,41696,41696,369060,1,7657,154176,32,512,512,1
203,1,"[32, 320, 32, 32, 320, 32, 32, 1, 1, 0, 0, 1, 1, 1, 1, 1, 4, 0, 0, 0, 0, 0, 0, 0, 0, 0, 0, 0, 0, 0]",1280,256,6710886400.0,84295680.0,3190368593,3190385770,3190378931,3190895539,16384,158944,153984,369061,2,15625,511648,32,512,512,1
205,1,"[4, 0, 0, 0, 0, 0, 0, 0, 0, 0, 0, 0, 0, 0, 0, 4, 0, 0, 0, 0, 0, 0, 0, 0, 0, 0, 0, 0, 0, 0]",320,512,83886080.0,167772160.0,3191038678,3191316052,3191049523,3191560083,144,264482,1,369062,2,20626,246079,32,512,512,1
21,1,"[4, 32, 320, 32, 32, 0, 0, 0, 0, 0, 0, 0, 0, 0, 0, 4, 32, 320, 32, 32, 0, 0, 0, 0, 0, 0, 0, 0, 0, 0]",20480,128,10485760.0,125829120.0,3191406581,3191415116,3191560084,3191792916,0,608,608,369063,1,8535,232832,32,512,512,1
152,1,"[4, 32, 320, 32, 32, 0, 0, 0, 0, 0, 0, 0, 0, 0, 0, 0, 0, 0, 0, 0, 0, 0, 0, 0, 0, 0, 0, 0, 0, 0]",20480,128,10485760.0,83886080.0,3191562538,3191571299,3191793524,3191952756,0,576,576,369064,1,8761,159232,32,512,512,1
203,1,"[32, 320, 32, 32, 320, 32, 32, 1, 1, 0, 0, 1, 1, 1, 1, 1, 4, 0, 0, 0, 0, 0, 0, 0, 0, 0, 0, 0, 0, 0]",1280,256,6710886400.0,84295680.0,3191770304,3191787937,3191953332,3192465332,16384,51392,50240,369065,2,16101,510848,32,512,512,1
205,1,"[4, 0, 0, 0, 0, 0, 0, 0, 0, 0, 0, 0, 0, 0, 0, 4, 0, 0, 0, 0, 0, 0, 0, 0, 0, 0, 0, 0, 0, 0]",320,512,83886080.0,167772160.0,3192506849,3192778899,3192515572,3193024436,144,260833,1,369066,2,18375,248032,32,512,512,1
152,1,"[4, 32, 320, 32, 32, 0, 0, 0, 0, 0, 0, 0, 0, 0, 0, 0, 0, 0, 0, 0, 0, 0, 0, 0, 0, 0, 0, 0, 0, 0]",20480,128,10485760.0,83886080.0,3192954978,3192964885,3193024437,3193183925,0,608,608,369067,1,9907,159488,32,512,512,1
203,1,"[32, 320, 32, 32, 320, 32, 32, 3, 3, 1, 1, 1, 1, 1, 1, 20, 4, 0, 0, 0, 0, 0, 0, 0, 0, 0, 0, 0, 0, 0]",256,256,150994944.0,4203520.0,3193168637,3193337890,3193184533,3193665461,5376,-959007,49760,369068,40,137925,1489695,32,512,512,1
205,1,"[4, 0, 0, 0, 0, 0, 0, 0, 0, 0, 0, 0, 0, 0, 0, 4, 0, 0, 0, 0, 0, 0, 0, 0, 0, 0, 0, 0, 0, 0]",320,512,83886080.0,167772160.0,3193706158,3193979264,3193715221,3194221525,144,261409,545,369069,2,19500,245440,32,512,512,1
152,1,"[4, 32, 320, 32, 32, 0, 0, 0, 0, 0, 0, 0, 0, 0, 0, 0, 0, 0, 0, 0, 0, 0, 0, 0, 0, 0, 0, 0, 0, 0]",20480,128,10485760.0,83886080.0,3194148352,3194158465,3194222070,3194380214,0,1376,1376,369070,1,10113,158144,32,512,512,1
199,1,"[4, 32, 320, 32, 32, 0, 0, 0, 0, 0, 0, 0, 0, 0, 0, 0, 0, 0, 0, 0, 0, 0, 0, 0, 0, 0, 0, 0, 0, 0]",640,512,0.0,0.0,3194277524,3194287725,3194381590,3194465270,16,14432,14432,369071,1,10201,83680,32,512,512,1
203,1,"[32, 320, 1, 1, 80, 1, 1, 1, 1, 0, 0, 1, 1, 1, 1, 1, 4, 0, 0, 0, 0, 0, 0, 0, 0, 0, 0, 0, 0, 0]",10,256,1638400.0,153600.0,3194468635,3194514923,3194479702,3194517430,41472,217696,201760,369072,3,21010,21792,32,512,512,1
152,1,"[4, 32, 80, 1, 1, 0, 0, 0, 0, 0, 0, 0, 0, 0, 0, 0, 0, 0, 0, 0, 0, 0, 0, 0, 0, 0, 0, 0, 0, 0]",5,128,2560.0,20480.0,3194709588,3194719251,3194719190,3194720182,0,190144,190144,369073,1,9663,992,32,512,512,1
203,1,"[32, 80, 1, 1, 320, 1, 1, 1, 1, 0, 0, 1, 1, 1, 1, 1, 4, 0, 0, 0, 0, 0, 0, 0, 0, 0, 0, 0, 0, 0]",40,128,0.0,0.0,3194899426,3194937775,3194910326,3194940886,2304,142080,121664,369074,2,17142,10144,32,512,512,1
156,1,"[4, 32, 320, 1, 1, 0, 0, 0, 0, 0, 0, 0, 0, 0, 0, 0, 0, 0, 0, 0, 0, 0, 0, 0, 0, 0, 0, 0, 0, 0]",20,128,204800.0,81920.0,3195054616,3195062997,3195062550,3195065334,0,96960,96960,369075,1,8381,2784,32,512,512,1
23,1,"[4, 32, 320, 1, 1, 0, 0, 0, 0, 0, 0, 0, 0, 0, 0, 4, 32, 320, 32, 32, 0, 0, 0, 0, 0, 0, 0, 0, 0, 0]",40960,128,10485760.0,83927040.0,3195154754,3195162030,3195162294,3195316150,0,42336,42336,369076,1,7276,153856,32,512,512,1
203,1,"[32, 320, 32, 32, 320, 32, 32, 1, 1, 0, 0, 1, 1, 1, 1, 1, 4, 0, 0, 0, 0, 0, 0, 0, 0, 0, 0, 0, 0, 0]",1280,256,6710886400.0,84295680.0,3195347003,3195364079,3195358486,3195872215,16384,51744,47200,369077,2,15457,509185,32,512,512,1
205,1,"[4, 0, 0, 0, 0, 0, 0, 0, 0, 0, 0, 0, 0, 0, 0, 4, 0, 0, 0, 0, 0, 0, 0, 0, 0, 0, 0, 0, 0, 0]",320,512,83886080.0,167772160.0,3195909874,3196183650,3195919415,3196423639,144,262656,448,369078,2,19206,242016,32,512,512,1
21,1,"[4, 32, 320, 32, 32, 0, 0, 0, 0, 0, 0, 0, 0, 0, 0, 4, 32, 320, 32, 32, 0, 0, 0, 0, 0, 0, 0, 0, 0, 0]",20480,128,10485760.0,125829120.0,3196275998,3196285002,3196424087,3196655543,0,1312,1312,369079,1,9004,231456,32,512,512,1
152,1,"[4, 32, 320, 32, 32, 0, 0, 0, 0, 0, 0, 0, 0, 0, 0, 0, 0, 0, 0, 0, 0, 0, 0, 0, 0, 0, 0, 0, 0, 0]",20480,128,10485760.0,83886080.0,3196431935,3196440679,3196656855,3196815191,0,256,256,369080,1,8744,158336,32,512,512,1
203,1,"[32, 320, 32, 32, 320, 32, 32, 1, 1, 0, 0, 1, 1, 1, 1, 1, 4, 0, 0, 0, 0, 0, 0, 0, 0, 0, 0, 0, 0, 0]",1280,256,6710886400.0,84295680.0,3196642355,3196660192,3196815447,3197327288,16384,48704,47200,369081,2,16205,510337,32,512,512,1
205,1,"[4, 0, 0, 0, 0, 0, 0, 0, 0, 0, 0, 0, 0, 0, 0, 4, 0, 0, 0, 0, 0, 0, 0, 0, 0, 0, 0, 0, 0, 0]",320,512,83886080.0,167772160.0,3197365492,3197634266,3197374488,3197874104,144,300416,42560,369082,2,18556,241760,32,512,512,1
152,1,"[4, 32, 320, 32, 32, 0, 0, 0, 0, 0, 0, 0, 0, 0, 0, 0, 0, 0, 0, 0, 0, 0, 0, 0, 0, 0, 0, 0, 0, 0]",20480,128,10485760.0,83886080.0,3197905611,3197924567,3197916664,3198074808,0,71648,71648,369083,1,18956,158144,32,512,512,1
203,1,"[32, 320, 32, 32, 320, 32, 32, 3, 3, 1, 1, 1, 1, 1, 1, 20, 4, 0, 0, 0, 0, 0, 0, 0, 0, 0, 0, 0, 0, 0]",256,256,150994944.0,4203520.0,3198134900,3198306195,3198146456,3198631865,5376,-957506,47104,369084,40,139773,1490019,32,512,512,1
205,1,"[4, 0, 0, 0, 0, 0, 0, 0, 0, 0, 0, 0, 0, 0, 0, 4, 0, 0, 0, 0, 0, 0, 0, 0, 0, 0, 0, 0, 0, 0]",320,512,83886080.0,167772160.0,3198669201,3198940800,3198678969,3199184761,144,260097,32,369085,2,20168,245727,32,512,512,1
152,1,"[4, 32, 320, 32, 32, 0, 0, 0, 0, 0, 0, 0, 0, 0, 0, 0, 0, 0, 0, 0, 0, 0, 0, 0, 0, 0, 0, 0, 0, 0]",20480,128,10485760.0,83886080.0,3199114187,3199124403,3199184793,3199343929,0,544,544,369086,1,10216,159136,32,512,512,1
199,1,"[4, 32, 320, 32, 32, 0, 0, 0, 0, 0, 0, 0, 0, 0, 0, 0, 0, 0, 0, 0, 0, 0, 0, 0, 0, 0, 0, 0, 0, 0]",640,512,0.0,0.0,3199238951,3199247961,3199344473,3199428281,16,16704,16704,369087,1,9010,83808,32,512,512,1
203,1,"[32, 320, 1, 1, 80, 1, 1, 1, 1, 0, 0, 1, 1, 1, 1, 1, 4, 0, 0, 0, 0, 0, 0, 0, 0, 0, 0, 0, 0, 0]",10,256,1638400.0,153600.0,3199434402,3199480387,3199444985,3199483833,41472,217248,200960,369088,3,20547,22560,32,512,512,1
152,1,"[4, 32, 80, 1, 1, 0, 0, 0, 0, 0, 0, 0, 0, 0, 0, 0, 0, 0, 0, 0, 0, 0, 0, 0, 0, 0, 0, 0, 0, 0]",5,128,2560.0,20480.0,3199675972,3199684686,3199684793,3199686585,0,189696,189696,369089,1,8714,1792,32,512,512,1
203,1,"[32, 80, 1, 1, 320, 1, 1, 1, 1, 0, 0, 1, 1, 1, 1, 1, 4, 0, 0, 0, 0, 0, 0, 0, 0, 0, 0, 0, 0, 0]",40,128,0.0,0.0,3199865542,3199904464,3199876281,3199907769,2304,144929,122849,369090,2,16657,9408,32,512,512,1
156,1,"[4, 32, 320, 1, 1, 0, 0, 0, 0, 0, 0, 0, 0, 0, 0, 0, 0, 0, 0, 0, 0, 0, 0, 0, 0, 0, 0, 0, 0, 0]",20,128,204800.0,81920.0,3200022248,3200030895,3200030618,3200032697,0,96448,96448,369091,1,8647,2079,32,512,512,1
23,1,"[4, 32, 320, 1, 1, 0, 0, 0, 0, 0, 0, 0, 0, 0, 0, 4, 32, 320, 32, 32, 0, 0, 0, 0, 0, 0, 0, 0, 0, 0]",40960,128,10485760.0,83927040.0,3200121616,3200129154,3200129145,3200283642,0,39968,39968,369092,1,7538,154497,32,512,512,1
203,1,"[32, 320, 32, 32, 320, 32, 32, 1, 1, 0, 0, 1, 1, 1, 1, 1, 4, 0, 0, 0, 0, 0, 0, 0, 0, 0, 0, 0, 0, 0]",1280,256,6710886400.0,84295680.0,3200312818,3200330494,3200323610,3200837562,16384,51008,45056,369093,2,16121,508000,32,512,512,1
205,1,"[4, 0, 0, 0, 0, 0, 0, 0, 0, 0, 0, 0, 0, 0, 0, 4, 0, 0, 0, 0, 0, 0, 0, 0, 0, 0, 0, 0, 0, 0]",320,512,83886080.0,167772160.0,3200873995,3201147002,3200882618,3201385850,144,262560,544,369094,2,25109,241216,32,512,512,1
21,1,"[4, 32, 320, 32, 32, 0, 0, 0, 0, 0, 0, 0, 0, 0, 0, 4, 32, 320, 32, 32, 0, 0, 0, 0, 0, 0, 0, 0, 0, 0]",20480,128,10485760.0,125829120.0,3201240570,3201249522,3201386394,3201617850,0,1473,1473,369095,1,8952,231456,32,512,512,1
152,1,"[4, 32, 320, 32, 32, 0, 0, 0, 0, 0, 0, 0, 0, 0, 0, 0, 0, 0, 0, 0, 0, 0, 0, 0, 0, 0, 0, 0, 0, 0]",20480,128,10485760.0,83886080.0,3201398598,3201408285,3201619323,3201777595,0,576,576,369096,1,9687,158272,32,512,512,1
203,1,"[32, 320, 32, 32, 320, 32, 32, 1, 1, 0, 0, 1, 1, 1, 1, 1, 4, 0, 0, 0, 0, 0, 0, 0, 0, 0, 0, 0, 0, 0]",1280,256,6710886400.0,84295680.0,3201597588,3201622597,3201778171,3202291259,16384,49792,49280,369097,2,23416,512576,32,512,512,1
205,1,"[4, 0, 0, 0, 0, 0, 0, 0, 0, 0, 0, 0, 0, 0, 0, 4, 0, 0, 0, 0, 0, 0, 0, 0, 0, 0, 0, 0, 0, 0]",320,512,83886080.0,167772160.0,3202331409,3202598324,3202340539,3202838458,144,255681,1,369098,2,19758,242239,32,512,512,1
152,1,"[4, 32, 320, 32, 32, 0, 0, 0, 0, 0, 0, 0, 0, 0, 0, 0, 0, 0, 0, 0, 0, 0, 0, 0, 0, 0, 0, 0, 0, 0]",20480,128,10485760.0,83886080.0,3202769304,3202779478,3202838459,3202997532,0,3296,3296,369099,1,10174,159073,32,512,512,1
203,1,"[32, 320, 32, 32, 320, 32, 32, 3, 3, 1, 1, 1, 1, 1, 1, 20, 4, 0, 0, 0, 0, 0, 0, 0, 0, 0, 0, 0, 0, 0]",256,256,150994944.0,4203520.0,3202989288,3203157418,3203000828,3203485628,5376,-977218,51200,369100,40,136426,1513218,32,512,512,1
205,1,"[4, 0, 0, 0, 0, 0, 0, 0, 0, 0, 0, 0, 0, 0, 0, 4, 0, 0, 0, 0, 0, 0, 0, 0, 0, 0, 0, 0, 0, 0]",320,512,83886080.0,167772160.0,3203528383,3203788625,3203536828,3204027996,144,250080,352,369101,2,18398,241440,32,512,512,1
152,1,"[4, 32, 320, 32, 32, 0, 0, 0, 0, 0, 0, 0, 0, 0, 0, 0, 0, 0, 0, 0, 0, 0, 0, 0, 0, 0, 0, 0, 0, 0]",20480,128,10485760.0,83886080.0,3203967958,3203978753,3204028348,3204187388,0,512,512,369102,1,10795,159040,32,512,512,1
199,1,"[4, 32, 320, 32, 32, 0, 0, 0, 0, 0, 0, 0, 0, 0, 0, 0, 0, 0, 0, 0, 0, 0, 0, 0, 0, 0, 0, 0, 0, 0]",640,512,0.0,0.0,3204095605,3204104289,3204187900,3204271772,16,29984,29984,369103,1,8684,83872,32,512,512,1
203,1,"[32, 320, 1, 1, 80, 1, 1, 1, 1, 0, 0, 1, 1, 1, 1, 1, 4, 0, 0, 0, 0, 0, 0, 0, 0, 0, 0, 0, 0, 0]",10,256,1638400.0,153600.0,3204290165,3204337316,3204301756,3204340764,41472,331649,314817,369104,3,21471,22176,32,512,512,1
152,1,"[4, 32, 80, 1, 1, 0, 0, 0, 0, 0, 0, 0, 0, 0, 0, 0, 0, 0, 0, 0, 0, 0, 0, 0, 0, 0, 0, 0, 0, 0]",5,128,2560.0,20480.0,3204645021,3204656256,3204655581,3204657085,0,200512,200512,369105,1,11235,1504,32,512,512,1
203,1,"[32, 80, 1, 1, 320, 1, 1, 1, 1, 0, 0, 1, 1, 1, 1, 1, 4, 0, 0, 0, 0, 0, 0, 0, 0, 0, 0, 0, 0, 0]",40,128,0.0,0.0,3204846060,3204885195,3204857597,3204888349,2304,142816,122112,369106,2,17747,10048,32,512,512,1
156,1,"[4, 32, 320, 1, 1, 0, 0, 0, 0, 0, 0, 0, 0, 0, 0, 0, 0, 0, 0, 0, 0, 0, 0, 0, 0, 0, 0, 0, 0, 0]",20,128,204800.0,81920.0,3205001829,3205009926,3205010461,3205012829,0,95232,95232,369107,1,8097,2368,32,512,512,1
23,1,"[4, 32, 320, 1, 1, 0, 0, 0, 0, 0, 0, 0, 0, 0, 0, 4, 32, 320, 32, 32, 0, 0, 0, 0, 0, 0, 0, 0, 0, 0]",40960,128,10485760.0,83927040.0,3205100418,3205108241,3205108061,3205262621,0,44288,44288,369108,1,7823,154560,32,512,512,1
203,1,"[32, 320, 32, 32, 320, 32, 32, 1, 1, 0, 0, 1, 1, 1, 1, 1, 4, 0, 0, 0, 0, 0, 0, 0, 0, 0, 0, 0, 0, 0]",1280,256,6710886400.0,84295680.0,3205296322,3205313218,3205306909,3205821949,16384,55424,50784,369109,2,15254,510400,32,512,512,1
205,1,"[4, 0, 0, 0, 0, 0, 0, 0, 0, 0, 0, 0, 0, 0, 0, 4, 0, 0, 0, 0, 0, 0, 0, 0, 0, 0, 0, 0, 0, 0]",320,512,83886080.0,167772160.0,3205863746,3206127288,3205872733,3206366174,144,252415,544,369110,2,18455,241570,32,512,512,1
21,1,"[4, 32, 320, 32, 32, 0, 0, 0, 0, 0, 0, 0, 0, 0, 0, 4, 32, 320, 32, 32, 0, 0, 0, 0, 0, 0, 0, 0, 0, 0]",20480,128,10485760.0,125829120.0,3206225563,3206234690,3206366718,3206598557,0,1,1,369111,1,9127,231839,32,512,512,1
152,1,"[4, 32, 320, 32, 32, 0, 0, 0, 0, 0, 0, 0, 0, 0, 0, 0, 0, 0, 0, 0, 0, 0, 0, 0, 0, 0, 0, 0, 0, 0]",20480,128,10485760.0,83886080.0,3206389093,3206400137,3206598558,3206757886,0,416,416,369112,1,11044,159328,32,512,512,1
203,1,"[32, 320, 32, 32, 784, 16, 16, 1, 1, 0, 0, 2, 2, 1, 1, 1, 4, 0, 0, 0, 0, 0, 0, 0, 0, 0, 0, 0, 0, 0]",448,256,4110417920.0,68636672.0,3206625750,3206647406,3206758302,3207140446,32768,50816,49728,369113,2,18790,381056,32,512,512,1
205,1,"[4, 0, 0, 0, 0, 0, 0, 0, 0, 0, 0, 0, 0, 0, 0, 4, 0, 0, 0, 0, 0, 0, 0, 0, 0, 0, 0, 0, 0, 0]",784,512,51380224.0,102760448.0,3207179597,3207441860,3207190174,3207568735,144,334688,86624,369114,2,21911,130497,32,512,512,1
203,1,"[32, 320, 32, 32, 784, 32, 32, 1, 1, 0, 0, 1, 1, 1, 1, 1, 4, 0, 0, 0, 0, 0, 0, 0, 0, 0, 0, 0, 0, 0]",3328,256,16441671680.0,145707008.0,3207644597,3207661647,3207655359,3208953567,16384,50593,45345,369115,2,15435,1292960,32,512,512,1
205,1,"[4, 0, 0, 0, 0, 0, 0, 0, 0, 0, 0, 0, 0, 0, 0, 4, 0, 0, 0, 0, 0, 0, 0, 0, 0, 0, 0, 0, 0, 0]",784,512,205520896.0,411041792.0,3208989699,3209276429,3208998912,3209846720,144,277857,2016,369116,2,20216,571967,32,512,512,1
152,1,"[4, 32, 784, 32, 32, 0, 0, 0, 0, 0, 0, 0, 0, 0, 0, 0, 0, 0, 0, 0, 0, 0, 0, 0, 0, 0, 0, 0, 0, 0]",50176,128,25690112.0,205520896.0,3209459414,3209470039,3209848736,3210235552,0,480,480,369117,1,10625,386816,32,512,512,1
203,1,"[32, 784, 32, 32, 784, 16, 16, 3, 3, 1, 1, 2, 2, 1, 1, 49, 4, 0, 0, 0, 0, 0, 0, 0, 0, 0, 0, 0, 0, 0]",64,256,37748736.0,2630656.0,3209669138,3210087916,3210236032,3210684353,5376,-1998567,63456,369118,98,338350,2510344,32,512,512,1
205,1,"[4, 0, 0, 0, 0, 0, 0, 0, 0, 0, 0, 0, 0, 0, 0, 4, 0, 0, 0, 0, 0, 0, 0, 0, 0, 0, 0, 0, 0, 0]",784,512,51380224.0,102760448.0,3210737270,3211019145,3210747809,3211150337,144,348352,79808,369119,2,22386,133984,32,512,512,1
152,1,"[4, 32, 784, 16, 16, 0, 0, 0, 0, 0, 0, 0, 0, 0, 0, 0, 0, 0, 0, 0, 0, 0, 0, 0, 0, 0, 0, 0, 0, 0]",12544,128,6422528.0,51380224.0,3211218570,3211230207,3211230145,3211326817,0,51808,51808,369120,1,11637,96672,32,512,512,1
199,1,"[4, 32, 784, 16, 16, 0, 0, 0, 0, 0, 0, 0, 0, 0, 0, 0, 0, 0, 0, 0, 0, 0, 0, 0, 0, 0, 0, 0, 0, 0]",1568,512,0.0,0.0,3211367492,3211378779,3211378625,3211433921,16,146624,146624,369121,1,11287,55296,32,512,512,1
203,1,"[32, 784, 1, 1, 80, 1, 1, 1, 1, 0, 0, 1, 1, 1, 1, 1, 4, 0, 0, 0, 0, 0, 0, 0, 0, 0, 0, 0, 0, 0]",10,256,4014080.0,361472.0,3211568737,3211618302,3211580545,3211626433,41472,229569,223073,369122,3,22926,39392,32,512,512,1
152,1,"[4, 32, 80, 1, 1, 0, 0, 0, 0, 0, 0, 0, 0, 0, 0, 0, 0, 0, 0, 0, 0, 0, 0, 0, 0, 0, 0, 0, 0, 0]",5,128,2560.0,20480.0,3211838535,3211849582,3211849506,3211851394,0,193152,193152,369123,1,11047,1888,32,512,512,1
203,1,"[32, 80, 1, 1, 784, 1, 1, 1, 1, 0, 0, 1, 1, 1, 1, 1, 4, 0, 0, 0, 0, 0, 0, 0, 0, 0, 0, 0, 0, 0]",98,128,0.0,0.0,3212032375,3212078126,3212044546,3212081090,2304,168864,142688,369124,2,20581,10368,32,512,512,1
156,1,"[4, 32, 784, 1, 1, 0, 0, 0, 0, 0, 0, 0, 0, 0, 0, 0, 0, 0, 0, 0, 0, 0, 0, 0, 0, 0, 0, 0, 0, 0]",49,128,501760.0,200704.0,3212213246,3212223787,3212223778,3212226178,0,103776,103776,369125,1,10541,2400,32,512,512,1
23,1,"[4, 32, 784, 1, 1, 0, 0, 0, 0, 0, 0, 0, 0, 0, 0, 4, 32, 784, 16, 16, 0, 0, 0, 0, 0, 0, 0, 0, 0, 0]",25088,128,6422528.0,51480576.0,3212321423,3212329808,3212329954,3212423106,0,100032,100032,369126,1,8385,93152,32,512,512,1
203,1,"[32, 784, 16, 16, 784, 16, 16, 1, 1, 0, 0, 1, 1, 1, 1, 1, 4, 0, 0, 0, 0, 0, 0, 0, 0, 0, 0, 0, 0, 0]",832,256,10070523904.0,53838848.0,3212512493,3212529028,3212523138,3213282530,16384,58529,54369,369127,2,14858,755232,32,512,512,1
205,1,"[4, 0, 0, 0, 0, 0, 0, 0, 0, 0, 0, 0, 0, 0, 0, 4, 0, 0, 0, 0, 0, 0, 0, 0, 0, 0, 0, 0, 0, 0]",784,512,51380224.0,102760448.0,3213325686,3213801406,3213336899,3213930179,144,462880,224,369128,2,24399,130624,32,512,512,1
21,1,"[4, 32, 784, 16, 16, 0, 0, 0, 0, 0, 0, 0, 0, 0, 0, 4, 32, 784, 16, 16, 0, 0, 0, 0, 0, 0, 0, 0, 0, 0]",12544,128,6422528.0,77070336.0,3213911393,3213923536,3213930403,3214073635,0,29344,29344,369129,1,12143,143232,32,512,512,1
152,1,"[4, 32, 784, 16, 16, 0, 0, 0, 0, 0, 0, 0, 0, 0, 0, 0, 0, 0, 0, 0, 0, 0, 0, 0, 0, 0, 0, 0, 0, 0]",12544,128,6422528.0,51380224.0,3214092318,3214103489,3214102979,3214200771,0,113824,113824,369130,1,11171,97792,32,512,512,1
203,1,"[32, 784, 16, 16, 784, 16, 16, 1, 1, 0, 0, 1, 1, 1, 1, 1, 4, 0, 0, 0, 0, 0, 0, 0, 0, 0, 0, 0, 0, 0]",832,256,10070523904.0,53838848.0,3214303155,3214321566,3214314595,3215085508,16384,67552,62688,369131,2,16808,766049,32,512,512,1
205,1,"[4, 0, 0, 0, 0, 0, 0, 0, 0, 0, 0, 0, 0, 0, 0, 4, 0, 0, 0, 0, 0, 0, 0, 0, 0, 0, 0, 0, 0, 0]",784,512,51380224.0,102760448.0,3215137528,3215416445,3215148196,3215544260,144,321248,55072,369132,2,20910,129888,32,512,512,1
152,1,"[4, 32, 784, 16, 16, 0, 0, 0, 0, 0, 0, 0, 0, 0, 0, 0, 0, 0, 0, 0, 0, 0, 0, 0, 0, 0, 0, 0, 0, 0]",12544,128,6422528.0,51380224.0,3215589590,3215599152,3215599332,3215695812,0,126976,126976,369133,1,9562,96480,32,512,512,1
203,1,"[32, 784, 16, 16, 784, 16, 16, 3, 3, 1, 1, 1, 1, 1, 1, 49, 4, 0, 0, 0, 0, 0, 0, 0, 0, 0, 0, 0, 0, 0]",64,256,37748736.0,1057792.0,3215810313,3216217287,3215822788,3216244100,5376,-1027637,148033,369134,98,331810,1596982,32,512,512,1
205,1,"[4, 0, 0, 0, 0, 0, 0, 0, 0, 0, 0, 0, 0, 0, 0, 4, 0, 0, 0, 0, 0, 0, 0, 0, 0, 0, 0, 0, 0, 0]",784,512,51380224.0,102760448.0,3216383578,3216664115,3216392133,3216795589,144,324352,54528,369135,2,19474,133632,32,512,512,1
152,1,"[4, 32, 784, 16, 16, 0, 0, 0, 0, 0, 0, 0, 0, 0, 0, 0, 0, 0, 0, 0, 0, 0, 0, 0, 0, 0, 0, 0, 0, 0]",12544,128,6422528.0,51380224.0,3216839517,3216849477,3216850117,3216946981,0,30688,30688,369136,1,9960,96864,32,512,512,1
199,1,"[4, 32, 784, 16, 16, 0, 0, 0, 0, 0, 0, 0, 0, 0, 0, 0, 0, 0, 0, 0, 0, 0, 0, 0, 0, 0, 0, 0, 0, 0]",1568,512,0.0,0.0,3216967915,3216976759,3216977669,3217033157,16,147616,147616,369137,1,8844,55488,32,512,512,1
203,1,"[32, 784, 1, 1, 196, 1, 1, 1, 1, 0, 0, 1, 1, 1, 1, 1, 4, 0, 0, 0, 0, 0, 0, 0, 0, 0, 0, 0, 0, 0]",25,256,9834496.0,740096.0,3217170228,3217217189,3217180773,3217226821,41472,202880,197600,369138,3,21394,40768,32,512,512,1
152,1,"[4, 32, 196, 1, 1, 0, 0, 0, 0, 0, 0, 0, 0, 0, 0, 0, 0, 0, 0, 0, 0, 0, 0, 0, 0, 0, 0, 0, 0, 0]",13,128,6272.0,50176.0,3217415670,3217424913,3217424421,3217426373,0,208257,208257,369139,1,9243,1952,32,512,512,1
203,1,"[32, 196, 1, 1, 784, 1, 1, 1, 1, 0, 0, 1, 1, 1, 1, 1, 4, 0, 0, 0, 0, 0, 0, 0, 0, 0, 0, 0, 0, 0]",98,256,9834496.0,740096.0,3217623726,3217669721,3217634630,3217672165,41472,144929,125377,369140,3,20613,17983,32,512,512,1
156,1,"[4, 32, 784, 1, 1, 0, 0, 0, 0, 0, 0, 0, 0, 0, 0, 0, 0, 0, 0, 0, 0, 0, 0, 0, 0, 0, 0, 0, 0, 0]",49,128,501760.0,200704.0,3217789944,3217797839,3217797542,3217800422,0,99040,99040,369141,1,7895,2880,32,512,512,1
23,1,"[4, 32, 784, 1, 1, 0, 0, 0, 0, 0, 0, 0, 0, 0, 0, 4, 32, 784, 16, 16, 0, 0, 0, 0, 0, 0, 0, 0, 0, 0]",25088,128,6422528.0,51480576.0,3217891948,3217899446,3217899462,3217993670,0,105728,105728,369142,1,7498,94208,32,512,512,1
203,1,"[32, 784, 16, 16, 784, 16, 16, 1, 1, 0, 0, 1, 1, 1, 1, 1, 4, 0, 0, 0, 0, 0, 0, 0, 0, 0, 0, 0, 0, 0]",832,256,10070523904.0,53838848.0,3218088660,3218105524,3218099398,3218863462,16384,58560,53952,369143,2,15180,759456,32,512,512,1
205,1,"[4, 0, 0, 0, 0, 0, 0, 0, 0, 0, 0, 0, 0, 0, 0, 4, 0, 0, 0, 0, 0, 0, 0, 0, 0, 0, 0, 0, 0, 0]",784,512,51380224.0,102760448.0,3218904577,3219173960,3218917414,3219302023,144,254432,287,369144,2,22692,130464,32,512,512,1
21,1,"[4, 32, 784, 16, 16, 0, 0, 0, 0, 0, 0, 0, 0, 0, 0, 4, 32, 784, 16, 16, 0, 0, 0, 0, 0, 0, 0, 0, 0, 0]",12544,128,6422528.0,77070336.0,3219265359,3219274765,3219302310,3219445670,0,1,1,369145,1,9406,143360,32,512,512,1
152,1,"[4, 32, 784, 16, 16, 0, 0, 0, 0, 0, 0, 0, 0, 0, 0, 0, 0, 0, 0, 0, 0, 0, 0, 0, 0, 0, 0, 0, 0, 0]",12544,128,6422528.0,51380224.0,3219429313,3219438440,3219445671,3219544007,0,6688,6688,369146,1,9127,98336,32,512,512,1
199,1,"[4, 32, 784, 16, 16, 0, 0, 0, 0, 0, 0, 0, 0, 0, 0, 0, 0, 0, 0, 0, 0, 0, 0, 0, 0, 0, 0, 0, 0, 0]",1568,512,0.0,0.0,3219541481,3219550274,3219550695,3219606951,16,194336,194336,369147,1,8793,56256,32,512,512,1
201,1,"[4, 32, 784, 0, 0, 0, 0, 0, 0, 0, 4, 290, 784, 0, 0, 0, 0, 0, 0, 0, 4, 290, 0, 0, 0, 0, 0, 0, 0, 0]",60,256,14551040.0,336992.0,3219788135,3219802631,3219801287,3219810247,26624,4096,4096,369149,1,14496,8960,32,512,512,1
201,1,"[4, 32, 784, 0, 0, 0, 0, 0, 0, 0, 4, 290, 784, 0, 0, 0, 0, 0, 0, 0, 4, 290, 0, 0, 0, 0, 0, 0, 0, 0]",20,512,14551040.0,336992.0,3219805704,3219813436,3219814343,3219817991,0,138240,138240,369150,1,7732,3648,32,512,512,1
181,1,"[4, 32, 290, 0, 0, 0, 0, 0, 0, 0, 0, 0, 0, 0, 0, 4, 32, 290, 0, 0, 0, 0, 0, 0, 0, 0, 0, 0, 0, 0]",19,512,0.0,0.0,3219945696,3220081547,3219956231,3220082631,16,1099105,985089,369151,5,41372,12384,32,512,512,1
181,2,"[4, 32, 290, 0, 0, 0, 0, 0, 0, 0, 0, 0, 0, 0, 0, 4, 32, 290, 0, 0, 0, 0, 0, 0, 0, 0, 0, 0, 0, 0]",37,128,0.0,0.0,3221031947,3221369256,3221067720,3221368776,0,480864,188608,369151,4,96206,8800,32,512,512,1
201,2,"[4, 32, 784, 0, 0, 0, 0, 0, 0, 0, 4, 290, 784, 0, 0, 0, 0, 0, 0, 0, 4, 290, 0, 0, 0, 0, 0, 0, 0, 0]",75,512,14551040.0,336992.0,3221540213,3221704042,3221557384,3221708744,16384,608161,473057,369150,3,63431,16256,32,512,512,1
199,2,"[4, 32, 784, 16, 16, 0, 0, 0, 0, 0, 0, 0, 0, 0, 0, 0, 0, 0, 0, 0, 0, 0, 0, 0, 0, 0, 0, 0, 0, 0]",25088,128,0.0,0.0,3222165923,3222184340,3222181801,3222228936,0,47137,47137,369147,1,18417,47135,32,512,512,1
152,2,"[4, 32, 784, 16, 16, 0, 0, 0, 0, 0, 0, 0, 0, 0, 0, 0, 0, 0, 0, 0, 0, 0, 0, 0, 0, 0, 0, 0, 0, 0]",12544,128,6422528.0,77070336.0,3222261708,3222278341,3222276073,3222419401,0,64800,64800,369146,1,16633,143328,32,512,512,1
205,2,"[4, 32, 784, 16, 16, 0, 0, 0, 0, 0, 0, 0, 0, 0, 0, 0, 0, 0, 0, 0, 0, 0, 0, 0, 0, 0, 0, 0, 0, 0]",784,512,51380224.0,128450560.0,3222464561,3222486585,3222484201,3222716361,400,173696,173696,369144,1,22024,232160,32,512,512,1
203,2,"[32, 784, 16, 16, 784, 16, 16, 1, 1, 0, 0, 1, 1, 1, 1, 1, 4, 0, 0, 0, 0, 0, 0, 0, 0, 0, 0, 0, 0, 0]",1664,256,10070523904.0,53838848.0,3222870891,3223149490,3222890057,3225233321,32768,44162,10466,369143,4,63835,2309568,32,512,512,1
23,2,"[4, 32, 784, 1, 1, 0, 0, 0, 0, 0, 0, 0, 0, 0, 0, 4, 32, 784, 16, 16, 0, 0, 0, 0, 0, 0, 0, 0, 0, 0]",25088,128,6422528.0,77070336.0,3223332016,3223383571,3225243787,3225487306,0,58881,57313,369142,2,28105,241951,32,512,512,1
156,2,"[4, 32, 784, 1, 1, 0, 0, 0, 0, 0, 0, 0, 0, 0, 0, 0, 0, 0, 0, 0, 0, 0, 0, 0, 0, 0, 0, 0, 0, 0]",49,128,501760.0,200704.0,3223509683,3223528174,3225544619,3225546699,0,1280,1280,369141,1,18491,2080,32,512,512,1
203,2,"[32, 196, 1, 1, 784, 1, 1, 1, 1, 0, 0, 1, 1, 1, 1, 1, 4, 0, 0, 0, 0, 0, 0, 0, 0, 0, 0, 0, 0, 0]",50,256,9834496.0,740096.0,3223703691,3224080753,3225547979,3225625931,9472,13792,6752,369140,6,98335,70912,32,512,512,1
152,2,"[4, 32, 196, 1, 1, 0, 0, 0, 0, 0, 0, 0, 0, 0, 0, 0, 0, 0, 0, 0, 0, 0, 0, 0, 0, 0, 0, 0, 0, 0]",13,128,6272.0,75264.0,3224297521,3224313338,3225632683,3225634635,0,96,96,369139,1,15817,1952,32,512,512,1
203,2,"[32, 784, 1, 1, 196, 1, 1, 1, 1, 0, 0, 1, 1, 1, 1, 1, 4, 0, 0, 0, 0, 0, 0, 0, 0, 0, 0, 0, 0, 0]",98,256,9834496.0,740096.0,3224506672,3224904815,3225634731,3225675690,9472,10147,6529,369138,6,92148,37341,32,512,512,1
199,2,"[4, 32, 784, 16, 16, 0, 0, 0, 0, 0, 0, 0, 0, 0, 0, 0, 0, 0, 0, 0, 0, 0, 0, 0, 0, 0, 0, 0, 0, 0]",25088,128,0.0,0.0,3225152509,3225168457,3225682219,3225730283,0,146144,146144,369137,1,15948,48064,32,512,512,1
152,2,"[4, 32, 784, 16, 16, 0, 0, 0, 0, 0, 0, 0, 0, 0, 0, 0, 0, 0, 0, 0, 0, 0, 0, 0, 0, 0, 0, 0, 0, 0]",12544,128,6422528.0,77070336.0,3225282899,3225297942,3225876427,3226021291,0,3648,3648,369136,1,15043,144864,32,512,512,1
205,2,"[4, 32, 784, 16, 16, 0, 0, 0, 0, 0, 0, 0, 0, 0, 0, 0, 0, 0, 0, 0, 0, 0, 0, 0, 0, 0, 0, 0, 0, 0]",784,512,51380224.0,128450560.0,3225440056,3225459747,3226024939,3226258699,400,12192,12192,369135,1,19691,233760,32,512,512,1
203,2,"[32, 784, 16, 16, 784, 16, 16, 3, 3, 1, 1, 1, 1, 1, 1, 49, 4, 0, 0, 0, 0, 0, 0, 0, 0, 0, 0, 0, 0, 0]",512,256,0.0,0.0,3225799529,3228187284,3226270891,3228227373,3328,-2409475,190336,369134,147,1260295,4556293,32,512,512,1
152,2,"[4, 32, 784, 16, 16, 0, 0, 0, 0, 0, 0, 0, 0, 0, 0, 0, 0, 0, 0, 0, 0, 0, 0, 0, 0, 0, 0, 0, 0, 0]",12544,128,6422528.0,77070336.0,3228404233,3228419741,3228417709,3228556333,0,17568,17568,369133,1,15508,138624,32,512,512,1
205,2,"[4, 32, 784, 16, 16, 0, 0, 0, 0, 0, 0, 0, 0, 0, 0, 0, 0, 0, 0, 0, 0, 0, 0, 0, 0, 0, 0, 0, 0, 0]",784,512,51380224.0,128450560.0,3228557192,3228575989,3228573901,3228807084,400,162049,162049,369132,1,18797,233183,32,512,512,1
203,2,"[32, 784, 16, 16, 784, 16, 16, 1, 1, 0, 0, 1, 1, 1, 1, 1, 4, 0, 0, 0, 0, 0, 0, 0, 0, 0, 0, 0, 0, 0]",1664,256,10070523904.0,53838848.0,3228951376,3229166092,3228969133,3231301583,32768,189952,160768,369131,4,55091,2303266,32,512,512,1
152,2,"[4, 32, 784, 16, 16, 0, 0, 0, 0, 0, 0, 0, 0, 0, 0, 0, 0, 0, 0, 0, 0, 0, 0, 0, 0, 0, 0, 0, 0, 0]",12544,128,6422528.0,77070336.0,3229380398,3229419465,3231462351,3231604687,0,1216,1216,369130,1,39067,142336,32,512,512,1
205,2,"[4, 32, 784, 16, 16, 0, 0, 0, 0, 0, 0, 0, 0, 0, 0, 0, 0, 0, 0, 0, 0, 0, 0, 0, 0, 0, 0, 0, 0, 0]",784,512,51380224.0,128450560.0,3229581512,3229599799,3231605903,3231838159,400,6112,6112,369128,1,18287,232256,32,512,512,1
203,2,"[32, 784, 16, 16, 784, 16, 16, 1, 1, 0, 0, 1, 1, 1, 1, 1, 4, 0, 0, 0, 0, 0, 0, 0, 0, 0, 0, 0, 0, 0]",1664,256,10070523904.0,53838848.0,3229930145,3230138252,3231844271,3234162641,32768,26048,13856,369127,4,53364,2306178,32,512,512,1
23,2,"[4, 32, 784, 1, 1, 0, 0, 0, 0, 0, 0, 0, 0, 0, 0, 4, 32, 784, 16, 16, 0, 0, 0, 0, 0, 0, 0, 0, 0, 0]",25088,128,6422528.0,77070336.0,3230308724,3230360113,3234176497,3234432561,0,74336,65344,369126,2,27815,247072,32,512,512,1
156,2,"[4, 32, 784, 1, 1, 0, 0, 0, 0, 0, 0, 0, 0, 0, 0, 0, 0, 0, 0, 0, 0, 0, 0, 0, 0, 0, 0, 0, 0, 0]",49,128,501760.0,200704.0,3230481893,3230497117,3234497905,3234502385,0,6336,6336,369125,1,15224,4480,32,512,512,1
203,2,"[32, 80, 1, 1, 784, 1, 1, 1, 1, 0, 0, 1, 1, 1, 1, 1, 4, 0, 0, 0, 0, 0, 0, 0, 0, 0, 0, 0, 0, 0]",75,256,0.0,0.0,3230655457,3230924373,3234508721,3234592721,2304,39872,20768,369124,4,63067,64896,32,512,512,1
152,2,"[4, 32, 80, 1, 1, 0, 0, 0, 0, 0, 0, 0, 0, 0, 0, 0, 0, 0, 0, 0, 0, 0, 0, 0, 0, 0, 0, 0, 0, 0]",5,128,2560.0,30720.0,3231133813,3231147699,3234613489,3234618769,0,2816,2816,369123,1,13886,5280,32,512,512,1
203,2,"[32, 784, 1, 1, 80, 1, 1, 1, 1, 0, 0, 1, 1, 1, 1, 1, 4, 0, 0, 0, 0, 0, 0, 0, 0, 0, 0, 0, 0, 0]",98,256,0.0,0.0,3231304047,3231576270,3234621585,3234660305,2304,38432,22528,369122,4,62670,22816,32,512,512,1
199,2,"[4, 32, 784, 16, 16, 0, 0, 0, 0, 0, 0, 0, 0, 0, 0, 0, 0, 0, 0, 0, 0, 0, 0, 0, 0, 0, 0, 0, 0, 0]",25088,128,0.0,0.0,3231810841,3231826236,3234682833,3234729937,0,159552,159552,369121,1,15395,47104,32,512,512,1
152,2,"[4, 32, 784, 16, 16, 0, 0, 0, 0, 0, 0, 0, 0, 0, 0, 0, 0, 0, 0, 0, 0, 0, 0, 0, 0, 0, 0, 0, 0, 0]",12544,128,6422528.0,77070336.0,3231939853,3231953911,3234889489,3235032977,0,640,640,369120,1,14058,143488,32,512,512,1
205,2,"[4, 32, 784, 16, 16, 0, 0, 0, 0, 0, 0, 0, 0, 0, 0, 0, 0, 0, 0, 0, 0, 0, 0, 0, 0, 0, 0, 0, 0, 0]",784,512,51380224.0,128450560.0,3232088558,3232105541,3235033617,3235271665,400,16384,16384,369119,1,16983,238048,32,512,512,1
203,2,"[32, 784, 32, 32, 784, 16, 16, 3, 3, 1, 1, 2, 2, 1, 1, 49, 4, 0, 0, 0, 0, 0, 0, 0, 0, 0, 0, 0, 0, 0]",512,256,37748736.0,2630656.0,3232429171,3234995996,3235288049,3237375955,8320,-7754729,13632,369118,147,1371585,9856267,32,512,512,1
152,2,"[4, 32, 784, 32, 32, 0, 0, 0, 0, 0, 0, 0, 0, 0, 0, 0, 0, 0, 0, 0, 0, 0, 0, 0, 0, 0, 0, 0, 0, 0]",50176,128,25690112.0,308281344.0,3235235949,3235252088,3237389587,3237949362,0,1,1,369117,1,16139,559775,32,512,512,1
205,2,"[4, 32, 784, 32, 32, 0, 0, 0, 0, 0, 0, 0, 0, 0, 0, 0, 0, 0, 0, 0, 0, 0, 0, 0, 0, 0, 0, 0, 0, 0]",784,512,205520896.0,513802240.0,3235394847,3235413895,3237949363,3238915124,400,18784,18784,369116,1,19048,965761,32,512,512,1
203,2,"[32, 320, 32, 32, 784, 32, 32, 1, 1, 0, 0, 1, 1, 1, 1, 1, 4, 0, 0, 0, 0, 0, 0, 0, 0, 0, 0, 0, 0, 0]",1280,256,16441671680.0,145707008.0,3235754665,3235895727,3238933908,3242645462,32768,30368,13984,369115,4,35414,3695170,32,512,512,1
205,2,"[4, 32, 784, 16, 16, 0, 0, 0, 0, 0, 0, 0, 0, 0, 0, 0, 0, 0, 0, 0, 0, 0, 0, 0, 0, 0, 0, 0, 0, 0]",784,512,51380224.0,128450560.0,3236048281,3236059327,3242659446,3242895318,400,19553,19553,369114,1,11046,235872,32,512,512,1
203,2,"[32, 320, 32, 32, 784, 16, 16, 1, 1, 0, 0, 2, 2, 1, 1, 1, 4, 0, 0, 0, 0, 0, 0, 0, 0, 0, 0, 0, 0, 0]",40960,256,4110417920.0,68636672.0,3236273749,3236429153,3242914871,3244142551,10496,261760,248896,369113,3,39732,1214816,32,512,512,1
152,2,"[4, 32, 320, 32, 32, 0, 0, 0, 0, 0, 0, 0, 0, 0, 0, 0, 0, 0, 0, 0, 0, 0, 0, 0, 0, 0, 0, 0, 0, 0]",20480,128,10485760.0,125829120.0,3236571876,3236581228,3244391447,3244629976,0,2016,2016,369112,1,9352,238529,32,512,512,1
205,2,"[4, 32, 320, 32, 32, 0, 0, 0, 0, 0, 0, 0, 0, 0, 0, 0, 0, 0, 0, 0, 0, 0, 0, 0, 0, 0, 0, 0, 0, 0]",320,512,83886080.0,209715200.0,3236696502,3236709071,3244631992,3245027288,400,18560,18560,369110,1,12569,395296,32,512,512,1
203,2,"[32, 320, 32, 32, 320, 32, 32, 1, 1, 0, 0, 1, 1, 1, 1, 1, 4, 0, 0, 0, 0, 0, 0, 0, 0, 0, 0, 0, 0, 0]",1280,256,6710886400.0,84295680.0,3236932092,3237073542,3245045848,3246804441,32768,37120,15264,369109,4,37666,1736737,32,512,512,1
23,2,"[4, 32, 320, 1, 1, 0, 0, 0, 0, 0, 0, 0, 0, 0, 0, 4, 32, 320, 32, 32, 0, 0, 0, 0, 0, 0, 0, 0, 0, 0]",40960,128,10485760.0,125829120.0,3237187858,3237220841,3246819705,3247215609,0,94944,91008,369108,2,17633,391968,32,512,512,1
156,2,"[4, 32, 320, 1, 1, 0, 0, 0, 0, 0, 0, 0, 0, 0, 0, 0, 0, 0, 0, 0, 0, 0, 0, 0, 0, 0, 0, 0, 0, 0]",20,128,204800.0,81920.0,3237297505,3237309154,3247306617,3247310810,0,4063,4063,369107,1,11649,4193,32,512,512,1
203,2,"[32, 80, 1, 1, 320, 1, 1, 1, 1, 0, 0, 1, 1, 1, 1, 1, 4, 0, 0, 0, 0, 0, 0, 0, 0, 0, 0, 0, 0, 0]",30,256,0.0,0.0,3237416186,3237591710,3247314873,3247369913,2304,32994,17953,369106,4,43813,39999,32,512,512,1
152,2,"[4, 32, 80, 1, 1, 0, 0, 0, 0, 0, 0, 0, 0, 0, 0, 0, 0, 0, 0, 0, 0, 0, 0, 0, 0, 0, 0, 0, 0, 0]",5,128,2560.0,30720.0,3237745301,3237754577,3247387866,3247392505,0,2848,2848,369105,1,9276,4639,32,512,512,1
203,2,"[32, 320, 1, 1, 80, 1, 1, 1, 1, 0, 0, 1, 1, 1, 1, 1, 4, 0, 0, 0, 0, 0, 0, 0, 0, 0, 0, 0, 0, 0]",40,256,0.0,0.0,3237856651,3238023238,3247395353,3247435066,2304,32832,18368,369104,4,39002,25249,32,512,512,1
199,2,"[4, 32, 320, 32, 32, 0, 0, 0, 0, 0, 0, 0, 0, 0, 0, 0, 0, 0, 0, 0, 0, 0, 0, 0, 0, 0, 0, 0, 0, 0]",40960,128,0.0,0.0,3238175229,3238185708,3247453434,3247533914,0,242208,242208,369103,1,10479,80480,32,512,512,1
152,2,"[4, 32, 320, 32, 32, 0, 0, 0, 0, 0, 0, 0, 0, 0, 0, 0, 0, 0, 0, 0, 0, 0, 0, 0, 0, 0, 0, 0, 0, 0]",20480,128,10485760.0,125829120.0,3238259067,3238268811,3247776122,3248012698,0,2016,2016,369102,1,9744,236576,32,512,512,1
205,2,"[4, 32, 320, 32, 32, 0, 0, 0, 0, 0, 0, 0, 0, 0, 0, 0, 0, 0, 0, 0, 0, 0, 0, 0, 0, 0, 0, 0, 0, 0]",320,512,83886080.0,209715200.0,3238358619,3238370722,3248014714,3248412634,400,16576,16576,369101,1,12103,397920,32,512,512,1
203,2,"[32, 320, 32, 32, 320, 32, 32, 3, 3, 1, 1, 1, 1, 1, 1, 20, 4, 0, 0, 0, 0, 0, 0, 0, 0, 0, 0, 0, 0, 0]",1152,256,150994944.0,4203520.0,3238587962,3239889887,3248429210,3250964444,22656,-6243423,21536,369100,100,597729,8800193,32,512,512,1
152,2,"[4, 32, 320, 32, 32, 0, 0, 0, 0, 0, 0, 0, 0, 0, 0, 0, 0, 0, 0, 0, 0, 0, 0, 0, 0, 0, 0, 0, 0, 0]",20480,128,10485760.0,125829120.0,3240037024,3240046841,3250985980,3251220348,0,7808,7808,369099,1,9817,234368,32,512,512,1
205,2,"[4, 32, 320, 32, 32, 0, 0, 0, 0, 0, 0, 0, 0, 0, 0, 0, 0, 0, 0, 0, 0, 0, 0, 0, 0, 0, 0, 0, 0, 0]",320,512,83886080.0,209715200.0,3240137709,3240149706,3251228156,3251625532,400,16768,16768,369098,1,11997,397376,32,512,512,1
203,2,"[32, 320, 32, 32, 320, 32, 32, 1, 1, 0, 0, 1, 1, 1, 1, 1, 4, 0, 0, 0, 0, 0, 0, 0, 0, 0, 0, 0, 0, 0]",1280,256,6710886400.0,84295680.0,3240373830,3240515283,3251642300,3253403614,32768,273952,253952,369097,4,36778,1741314,32,512,512,1
152,2,"[4, 32, 320, 32, 32, 0, 0, 0, 0, 0, 0, 0, 0, 0, 0, 0, 0, 0, 0, 0, 0, 0, 0, 0, 0, 0, 0, 0, 0, 0]",20480,128,10485760.0,125829120.0,3240666082,3240675863,3253657566,3253894654,0,2048,2048,369096,1,9781,237088,32,512,512,1
205,2,"[4, 32, 320, 32, 32, 0, 0, 0, 0, 0, 0, 0, 0, 0, 0, 0, 0, 0, 0, 0, 0, 0, 0, 0, 0, 0, 0, 0, 0, 0]",320,512,83886080.0,209715200.0,3240778519,3240790083,3253896702,3254292446,400,19968,19968,369094,1,11564,395744,32,512,512,1
203,2,"[32, 320, 32, 32, 320, 32, 32, 1, 1, 0, 0, 1, 1, 1, 1, 1, 4, 0, 0, 0, 0, 0, 0, 0, 0, 0, 0, 0, 0, 0]",1280,256,6710886400.0,84295680.0,3241021183,3241158212,3254312414,3256068063,32768,35648,15392,369093,4,34967,1735393,32,512,512,1
23,2,"[4, 32, 320, 1, 1, 0, 0, 0, 0, 0, 0, 0, 0, 0, 0, 4, 32, 320, 32, 32, 0, 0, 0, 0, 0, 0, 0, 0, 0, 0]",40960,128,10485760.0,125829120.0,3241270672,3241304076,3256083455,3256481760,0,104223,100992,369092,2,18391,395074,32,512,512,1
156,2,"[4, 32, 320, 1, 1, 0, 0, 0, 0, 0, 0, 0, 0, 0, 0, 0, 0, 0, 0, 0, 0, 0, 0, 0, 0, 0, 0, 0, 0, 0]",20,128,204800.0,81920.0,3241380690,3241390968,3256582752,3256587680,0,2624,2624,369091,1,10278,4928,32,512,512,1
203,2,"[32, 80, 1, 1, 320, 1, 1, 1, 1, 0, 0, 1, 1, 1, 1, 1, 4, 0, 0, 0, 0, 0, 0, 0, 0, 0, 0, 0, 0, 0]",30,256,0.0,0.0,3241493615,3241663727,3256590304,3256647648,2304,30976,18176,369090,4,41565,44544,32,512,512,1
152,2,"[4, 32, 80, 1, 1, 0, 0, 0, 0, 0, 0, 0, 0, 0, 0, 0, 0, 0, 0, 0, 0, 0, 0, 0, 0, 0, 0, 0, 0, 0]",5,128,2560.0,30720.0,3241799740,3241809494,3256665824,3256670176,0,3424,3424,369089,1,9754,4352,32,512,512,1
203,2,"[32, 320, 1, 1, 80, 1, 1, 1, 1, 0, 0, 1, 1, 1, 1, 1, 4, 0, 0, 0, 0, 0, 0, 0, 0, 0, 0, 0, 0, 0]",40,256,0.0,0.0,3241912271,3242074308,3256673600,3256711136,2304,35552,23808,369088,4,39997,25792,32,512,512,1
199,2,"[4, 32, 320, 32, 32, 0, 0, 0, 0, 0, 0, 0, 0, 0, 0, 0, 0, 0, 0, 0, 0, 0, 0, 0, 0, 0, 0, 0, 0, 0]",40960,128,0.0,0.0,3242227998,3242238699,3256734944,3256813536,0,243232,243232,369087,1,10701,78592,32,512,512,1
152,2,"[4, 32, 320, 32, 32, 0, 0, 0, 0, 0, 0, 0, 0, 0, 0, 0, 0, 0, 0, 0, 0, 0, 0, 0, 0, 0, 0, 0, 0, 0]",20480,128,10485760.0,125829120.0,3242312208,3242321462,3257056768,3257288672,0,2048,2048,369086,1,9254,231904,32,512,512,1
205,2,"[4, 32, 320, 32, 32, 0, 0, 0, 0, 0, 0, 0, 0, 0, 0, 0, 0, 0, 0, 0, 0, 0, 0, 0, 0, 0, 0, 0, 0, 0]",320,512,83886080.0,209715200.0,3242422817,3242434306,3257290720,3257691265,400,17215,17215,369085,1,11489,400545,32,512,512,1
203,2,"[32, 320, 32, 32, 320, 32, 32, 3, 3, 1, 1, 1, 1, 1, 1, 20, 4, 0, 0, 0, 0, 0, 0, 0, 0, 0, 0, 0, 0, 0]",1152,256,150994944.0,4203520.0,3242642601,3243917749,3257708480,3260352482,22656,-6550563,24576,369084,100,587360,9219141,32,512,512,1
152,2,"[4, 32, 320, 32, 32, 0, 0, 0, 0, 0, 0, 0, 0, 0, 0, 0, 0, 0, 0, 0, 0, 0, 0, 0, 0, 0, 0, 0, 0, 0]",20480,128,10485760.0,125829120.0,3244062165,3244072245,3260377058,3260603459,0,2592,2592,369083,1,10080,226401,32,512,512,1
205,2,"[4, 32, 320, 32, 32, 0, 0, 0, 0, 0, 0, 0, 0, 0, 0, 0, 0, 0, 0, 0, 0, 0, 0, 0, 0, 0, 0, 0, 0, 0]",320,512,83886080.0,209715200.0,3244161584,3244173294,3260606051,3261003267,400,18880,18880,369082,1,11710,397216,32,512,512,1
203,2,"[32, 320, 32, 32, 320, 32, 32, 1, 1, 0, 0, 1, 1, 1, 1, 1, 4, 0, 0, 0, 0, 0, 0, 0, 0, 0, 0, 0, 0, 0]",1280,256,6710886400.0,84295680.0,3244405208,3244541883,3261022147,3262875620,32768,269056,247776,369081,4,35299,1832193,32,512,512,1
152,2,"[4, 32, 320, 32, 32, 0, 0, 0, 0, 0, 0, 0, 0, 0, 0, 0, 0, 0, 0, 0, 0, 0, 0, 0, 0, 0, 0, 0, 0, 0]",20480,128,10485760.0,125829120.0,3244691596,3244700930,3263123396,3263358500,0,3712,3712,369080,1,9334,235104,32,512,512,1
205,2,"[4, 32, 320, 32, 32, 0, 0, 0, 0, 0, 0, 0, 0, 0, 0, 0, 0, 0, 0, 0, 0, 0, 0, 0, 0, 0, 0, 0, 0, 0]",320,512,83886080.0,209715200.0,3244800125,3244811721,3263362212,3263762405,400,19616,19616,369078,1,11596,400193,32,512,512,1
203,2,"[32, 320, 32, 32, 320, 32, 32, 1, 1, 0, 0, 1, 1, 1, 1, 1, 4, 0, 0, 0, 0, 0, 0, 0, 0, 0, 0, 0, 0, 0]",1280,256,6710886400.0,84295680.0,3245022713,3245156800,3263782021,3265628134,32768,34816,14176,369077,4,34276,1825473,32,512,512,1
23,2,"[4, 32, 320, 1, 1, 0, 0, 0, 0, 0, 0, 0, 0, 0, 0, 4, 32, 320, 32, 32, 0, 0, 0, 0, 0, 0, 0, 0, 0, 0]",40960,128,10485760.0,125829120.0,3245270095,3245303901,3265642310,3266037734,0,95392,93376,369076,2,18333,393408,32,512,512,1
156,2,"[4, 32, 320, 1, 1, 0, 0, 0, 0, 0, 0, 0, 0, 0, 0, 0, 0, 0, 0, 0, 0, 0, 0, 0, 0, 0, 0, 0, 0, 0]",20,128,204800.0,81920.0,3245381078,3245390447,3266131110,3266135590,0,3744,3744,369075,1,9369,4480,32,512,512,1
203,2,"[32, 80, 1, 1, 320, 1, 1, 1, 1, 0, 0, 1, 1, 1, 1, 1, 4, 0, 0, 0, 0, 0, 0, 0, 0, 0, 0, 0, 0, 0]",30,256,0.0,0.0,3245496389,3245667082,3266139334,3266193382,2304,32352,18400,369074,4,41608,40096,32,512,512,1
152,2,"[4, 32, 80, 1, 1, 0, 0, 0, 0, 0, 0, 0, 0, 0, 0, 0, 0, 0, 0, 0, 0, 0, 0, 0, 0, 0, 0, 0, 0, 0]",5,128,2560.0,30720.0,3245816265,3245825674,3266211782,3266215910,0,3616,3616,369073,1,9409,4128,32,512,512,1
203,2,"[32, 320, 1, 1, 80, 1, 1, 1, 1, 0, 0, 1, 1, 1, 1, 1, 4, 0, 0, 0, 0, 0, 0, 0, 0, 0, 0, 0, 0, 0]",40,256,0.0,0.0,3245935199,3246055109,3266219526,3266260166,2304,32480,17600,369072,4,29403,25760,32,512,512,1
199,2,"[4, 32, 320, 32, 32, 0, 0, 0, 0, 0, 0, 0, 0, 0, 0, 0, 0, 0, 0, 0, 0, 0, 0, 0, 0, 0, 0, 0, 0, 0]",40960,128,0.0,0.0,3246168482,3246175543,3266277766,3266353126,0,245568,245568,369071,1,7061,75360,32,512,512,1
152,2,"[4, 32, 320, 32, 32, 0, 0, 0, 0, 0, 0, 0, 0, 0, 0, 0, 0, 0, 0, 0, 0, 0, 0, 0, 0, 0, 0, 0, 0, 0]",20480,128,10485760.0,125829120.0,3246225064,3246232090,3266598694,3266833863,0,6848,6848,369070,1,7026,235169,32,512,512,1
205,2,"[4, 32, 320, 32, 32, 0, 0, 0, 0, 0, 0, 0, 0, 0, 0, 0, 0, 0, 0, 0, 0, 0, 0, 0, 0, 0, 0, 0, 0, 0]",320,512,83886080.0,209715200.0,3246295865,3246304274,3266840711,3267235815,400,21632,21632,369069,1,8409,395104,32,512,512,1
203,2,"[32, 320, 32, 32, 320, 32, 32, 3, 3, 1, 1, 1, 1, 1, 1, 20, 4, 0, 0, 0, 0, 0, 0, 0, 0, 0, 0, 0, 0, 0]",1152,256,150994944.0,4203520.0,3246449969,3247373208,3267257447,3269922793,22656,-6546912,19552,369068,100,431230,9231810,32,512,512,1
152,2,"[4, 32, 320, 32, 32, 0, 0, 0, 0, 0, 0, 0, 0, 0, 0, 0, 0, 0, 0, 0, 0, 0, 0, 0, 0, 0, 0, 0, 0, 0]",20480,128,10485760.0,125829120.0,3247476415,3247483470,3269942345,3270174697,0,3872,3872,369067,1,7055,232352,32,512,512,1
205,2,"[4, 32, 320, 32, 32, 0, 0, 0, 0, 0, 0, 0, 0, 0, 0, 0, 0, 0, 0, 0, 0, 0, 0, 0, 0, 0, 0, 0, 0, 0]",320,512,83886080.0,209715200.0,3247545579,3247553428,3270178569,3270574057,400,18560,18560,369066,1,7849,395488,32,512,512,1
203,2,"[32, 320, 32, 32, 320, 32, 32, 1, 1, 0, 0, 1, 1, 1, 1, 1, 4, 0, 0, 0, 0, 0, 0, 0, 0, 0, 0, 0, 0, 0]",1280,256,6710886400.0,84295680.0,3247728812,3247827642,3270592617,3272445930,32768,270113,245857,369065,4,25857,1829057,32,512,512,1
152,2,"[4, 32, 320, 32, 32, 0, 0, 0, 0, 0, 0, 0, 0, 0, 0, 0, 0, 0, 0, 0, 0, 0, 0, 0, 0, 0, 0, 0, 0, 0]",20480,128,10485760.0,125829120.0,3247930514,3247937059,3272691787,3272931307,0,2016,2016,369064,1,6545,239520,32,512,512,1
205,2,"[4, 32, 320, 32, 32, 0, 0, 0, 0, 0, 0, 0, 0, 0, 0, 0, 0, 0, 0, 0, 0, 0, 0, 0, 0, 0, 0, 0, 0, 0]",320,512,83886080.0,209715200.0,3248018482,3248026666,3272933323,3273332715,400,18432,18432,369062,1,8184,399392,32,512,512,1
203,2,"[32, 320, 32, 32, 320, 32, 32, 1, 1, 0, 0, 1, 1, 1, 1, 1, 4, 0, 0, 0, 0, 0, 0, 0, 0, 0, 0, 0, 0, 0]",1280,256,6710886400.0,84295680.0,3248192856,3248292595,3273351147,3275210732,32768,31872,10016,369061,4,25846,1837729,32,512,512,1
23,2,"[4, 32, 320, 1, 1, 0, 0, 0, 0, 0, 0, 0, 0, 0, 0, 4, 32, 320, 32, 32, 0, 0, 0, 0, 0, 0, 0, 0, 0, 0]",40960,128,10485760.0,125829120.0,3248377815,3248401310,3275220748,3275618157,0,92224,88192,369060,2,13063,393377,32,512,512,1
156,2,"[4, 32, 320, 1, 1, 0, 0, 0, 0, 0, 0, 0, 0, 0, 0, 0, 0, 0, 0, 0, 0, 0, 0, 0, 0, 0, 0, 0, 0, 0]",20,128,204800.0,81920.0,3248457702,3248464577,3275706349,3275710445,0,3968,3968,369059,1,6875,4096,32,512,512,1
203,2,"[32, 80, 1, 1, 320, 1, 1, 1, 1, 0, 0, 1, 1, 1, 1, 1, 4, 0, 0, 0, 0, 0, 0, 0, 0, 0, 0, 0, 0, 0]",30,256,0.0,0.0,3248542559,3248675467,3275714413,3275769197,2304,35296,21248,369058,4,30680,40736,32,512,512,1
152,2,"[4, 32, 80, 1, 1, 0, 0, 0, 0, 0, 0, 0, 0, 0, 0, 0, 0, 0, 0, 0, 0, 0, 0, 0, 0, 0, 0, 0, 0, 0]",5,128,2560.0,30720.0,3248774757,3248781565,3275790445,3275794413,0,4096,4096,369057,1,6808,3968,32,512,512,1
203,2,"[32, 320, 1, 1, 80, 1, 1, 1, 1, 0, 0, 1, 1, 1, 1, 1, 4, 0, 0, 0, 0, 0, 0, 0, 0, 0, 0, 0, 0, 0]",40,256,0.0,0.0,3248856657,3248974175,3275798509,3275839469,2304,35776,19936,369056,4,27842,25120,32,512,512,1
199,2,"[4, 32, 320, 32, 32, 0, 0, 0, 0, 0, 0, 0, 0, 0, 0, 0, 0, 0, 0, 0, 0, 0, 0, 0, 0, 0, 0, 0, 0, 0]",40960,128,0.0,0.0,3249086385,3249093586,3275859405,3275939821,0,241248,241248,369055,1,7201,80416,32,512,512,1
152,2,"[4, 32, 320, 32, 32, 0, 0, 0, 0, 0, 0, 0, 0, 0, 0, 0, 0, 0, 0, 0, 0, 0, 0, 0, 0, 0, 0, 0, 0, 0]",20480,128,10485760.0,125829120.0,3249147505,3249153995,3276181069,3276412909,0,4064,4064,369054,1,6490,231840,32,512,512,1
205,2,"[4, 32, 320, 32, 32, 0, 0, 0, 0, 0, 0, 0, 0, 0, 0, 0, 0, 0, 0, 0, 0, 0, 0, 0, 0, 0, 0, 0, 0, 0]",320,512,83886080.0,209715200.0,3249232603,3249240692,3276416973,3276812269,400,20705,20705,369053,1,8089,395296,32,512,512,1
203,2,"[32, 320, 32, 32, 320, 32, 32, 3, 3, 1, 1, 1, 1, 1, 1, 20, 4, 0, 0, 0, 0, 0, 0, 0, 0, 0, 0, 0, 0, 0]",1152,256,150994944.0,4203520.0,3249392212,3250295039,3276832974,3279482191,22656,-6585479,19104,369052,100,420276,9253800,32,512,512,1
152,2,"[4, 32, 320, 32, 32, 0, 0, 0, 0, 0, 0, 0, 0, 0, 0, 0, 0, 0, 0, 0, 0, 0, 0, 0, 0, 0, 0, 0, 0, 0]",20480,128,10485760.0,125829120.0,3250398670,3250405841,3279501295,3279732079,0,1953,1953,369051,1,7171,230784,32,512,512,1
205,2,"[4, 32, 320, 32, 32, 0, 0, 0, 0, 0, 0, 0, 0, 0, 0, 0, 0, 0, 0, 0, 0, 0, 0, 0, 0, 0, 0, 0, 0, 0]",320,512,83886080.0,209715200.0,3250468247,3250476466,3279734032,3280129648,400,21952,21952,369050,1,8219,395616,32,512,512,1
203,2,"[32, 320, 32, 32, 320, 32, 32, 1, 1, 0, 0, 1, 1, 1, 1, 1, 4, 0, 0, 0, 0, 0, 0, 0, 0, 0, 0, 0, 0, 0]",1280,256,6710886400.0,84295680.0,3250646379,3250747548,3280151600,3282006001,32768,267232,251872,369049,4,26925,1839041,32,512,512,1
152,2,"[4, 32, 320, 32, 32, 0, 0, 0, 0, 0, 0, 0, 0, 0, 0, 0, 0, 0, 0, 0, 0, 0, 0, 0, 0, 0, 0, 0, 0, 0]",20480,128,10485760.0,125829120.0,3250848930,3250855530,3282257873,3282491217,0,1792,1792,369048,1,6600,233344,32,512,512,1
205,2,"[4, 32, 320, 32, 32, 0, 0, 0, 0, 0, 0, 0, 0, 0, 0, 0, 0, 0, 0, 0, 0, 0, 0, 0, 0, 0, 0, 0, 0, 0]",320,512,83886080.0,209715200.0,3250926832,3250935285,3282493009,3282890194,400,16895,16895,369046,1,8453,397185,32,512,512,1
203,2,"[32, 320, 32, 32, 320, 32, 32, 1, 1, 0, 0, 1, 1, 1, 1, 1, 4, 0, 0, 0, 0, 0, 0, 0, 0, 0, 0, 0, 0, 0]",1280,256,6710886400.0,84295680.0,3251088335,3251183187,3282907089,3284770803,32768,34496,10272,369045,4,24691,1839490,32,512,512,1
23,2,"[4, 32, 320, 1, 1, 0, 0, 0, 0, 0, 0, 0, 0, 0, 0, 4, 32, 320, 32, 32, 0, 0, 0, 0, 0, 0, 0, 0, 0, 0]",40960,128,10485760.0,125829120.0,3251267199,3251290796,3284781075,3285178355,0,96192,92128,369044,2,12602,393216,32,512,512,1
156,2,"[4, 32, 320, 1, 1, 0, 0, 0, 0, 0, 0, 0, 0, 0, 0, 0, 0, 0, 0, 0, 0, 0, 0, 0, 0, 0, 0, 0, 0, 0]",20,128,204800.0,81920.0,3251345071,3251351655,3285270483,3285275763,0,7136,7136,369043,1,6584,5280,32,512,512,1
203,2,"[32, 80, 1, 1, 320, 1, 1, 1, 1, 0, 0, 1, 1, 1, 1, 1, 4, 0, 0, 0, 0, 0, 0, 0, 0, 0, 0, 0, 0, 0]",30,256,0.0,0.0,3251424832,3251546172,3285282899,3285336051,2304,35296,22496,369042,4,30002,40352,32,512,512,1
152,2,"[4, 32, 80, 1, 1, 0, 0, 0, 0, 0, 0, 0, 0, 0, 0, 0, 0, 0, 0, 0, 0, 0, 0, 0, 0, 0, 0, 0, 0, 0]",5,128,2560.0,30720.0,3251649887,3251656685,3285358547,3285362675,0,3872,3872,369041,1,6798,4128,32,512,512,1
203,2,"[32, 320, 1, 1, 80, 1, 1, 1, 1, 0, 0, 1, 1, 1, 1, 1, 4, 0, 0, 0, 0, 0, 0, 0, 0, 0, 0, 0, 0, 0]",40,256,0.0,0.0,3251730946,3251849919,3285366547,3285411827,2304,38208,18496,369040,4,29122,25568,32,512,512,1
199,2,"[4, 32, 320, 32, 32, 0, 0, 0, 0, 0, 0, 0, 0, 0, 0, 0, 0, 0, 0, 0, 0, 0, 0, 0, 0, 0, 0, 0, 0, 0]",40960,128,0.0,0.0,3251962442,3251969575,3285430323,3285506035,0,251585,251585,369039,1,7133,75712,32,512,512,1
152,2,"[4, 32, 320, 32, 32, 0, 0, 0, 0, 0, 0, 0, 0, 0, 0, 0, 0, 0, 0, 0, 0, 0, 0, 0, 0, 0, 0, 0, 0, 0]",20480,128,10485760.0,125829120.0,3252020935,3252027764,3285757620,3285995508,0,4032,4032,369038,1,6829,237888,32,512,512,1
205,2,"[4, 32, 320, 32, 32, 0, 0, 0, 0, 0, 0, 0, 0, 0, 0, 0, 0, 0, 0, 0, 0, 0, 0, 0, 0, 0, 0, 0, 0, 0]",320,512,83886080.0,209715200.0,3252090432,3252098569,3285999540,3286398964,400,26560,26560,369037,1,8137,399424,32,512,512,1
203,2,"[32, 320, 32, 32, 320, 32, 32, 3, 3, 1, 1, 1, 1, 1, 1, 20, 4, 0, 0, 0, 0, 0, 0, 0, 0, 0, 0, 0, 0, 0]",1152,256,150994944.0,4203520.0,3252245782,3253179235,3286425524,3289071606,22656,-6619688,18432,369036,100,434440,9284202,32,512,512,1
152,2,"[4, 32, 320, 32, 32, 0, 0, 0, 0, 0, 0, 0, 0, 0, 0, 0, 0, 0, 0, 0, 0, 0, 0, 0, 0, 0, 0, 0, 0, 0]",20480,128,10485760.0,125829120.0,3253285489,3253292312,3289090038,3289320598,0,7296,7296,369035,1,6823,230560,32,512,512,1
205,2,"[4, 32, 320, 32, 32, 0, 0, 0, 0, 0, 0, 0, 0, 0, 0, 0, 0, 0, 0, 0, 0, 0, 0, 0, 0, 0, 0, 0, 0, 0]",320,512,83886080.0,209715200.0,3253356845,3253364987,3289327894,3289728662,400,18784,18784,369034,1,8142,400768,32,512,512,1
203,2,"[32, 320, 32, 32, 320, 32, 32, 1, 1, 0, 0, 1, 1, 1, 1, 1, 4, 0, 0, 0, 0, 0, 0, 0, 0, 0, 0, 0, 0, 0]",1280,256,6710886400.0,84295680.0,3253524644,3253622013,3289747446,3291592695,32768,267233,245537,369033,4,25430,1823553,32,512,512,1
152,2,"[4, 32, 320, 32, 32, 0, 0, 0, 0, 0, 0, 0, 0, 0, 0, 0, 0, 0, 0, 0, 0, 0, 0, 0, 0, 0, 0, 0, 0, 0]",20480,128,10485760.0,125829120.0,3253724684,3253731284,3291838232,3292071928,0,4384,4384,369032,1,6600,233696,32,512,512,1
205,2,"[4, 32, 320, 32, 32, 0, 0, 0, 0, 0, 0, 0, 0, 0, 0, 0, 0, 0, 0, 0, 0, 0, 0, 0, 0, 0, 0, 0, 0, 0]",320,512,83886080.0,209715200.0,3253803866,3253812277,3292076312,3292472344,400,20512,20512,369030,1,8411,396032,32,512,512,1
203,2,"[32, 320, 32, 32, 320, 32, 32, 1, 1, 0, 0, 1, 1, 1, 1, 1, 4, 0, 0, 0, 0, 0, 0, 0, 0, 0, 0, 0, 0, 0]",1280,256,6710886400.0,84295680.0,3253976799,3254074320,3292492856,3294345209,32768,34208,14560,369029,4,25967,1832705,32,512,512,1
23,2,"[4, 32, 320, 1, 1, 0, 0, 0, 0, 0, 0, 0, 0, 0, 0, 4, 32, 320, 32, 32, 0, 0, 0, 0, 0, 0, 0, 0, 0, 0]",40960,128,10485760.0,125829120.0,3254156403,3254179156,3294359769,3294758362,0,100768,96672,369028,2,12468,394497,32,512,512,1
156,2,"[4, 32, 320, 1, 1, 0, 0, 0, 0, 0, 0, 0, 0, 0, 0, 0, 0, 0, 0, 0, 0, 0, 0, 0, 0, 0, 0, 0, 0, 0]",20,128,204800.0,81920.0,3254233206,3254239914,3294855034,3294859258,0,4064,4064,369027,1,6708,4224,32,512,512,1
203,2,"[32, 80, 1, 1, 320, 1, 1, 1, 1, 0, 0, 1, 1, 1, 1, 1, 4, 0, 0, 0, 0, 0, 0, 0, 0, 0, 0, 0, 0, 0]",30,256,0.0,0.0,3254314087,3254434055,3294863322,3294920346,2304,33184,16736,369026,4,28532,40576,32,512,512,1
152,2,"[4, 32, 80, 1, 1, 0, 0, 0, 0, 0, 0, 0, 0, 0, 0, 0, 0, 0, 0, 0, 0, 0, 0, 0, 0, 0, 0, 0, 0, 0]",5,128,2560.0,30720.0,3254533617,3254540605,3294937082,3294942202,0,3040,3040,369025,1,6988,5120,32,512,512,1
203,2,"[32, 320, 1, 1, 80, 1, 1, 1, 1, 0, 0, 1, 1, 1, 1, 1, 4, 0, 0, 0, 0, 0, 0, 0, 0, 0, 0, 0, 0, 0]",40,256,0.0,0.0,3254614655,3254735334,3294945242,3294989786,2304,31456,18240,369024,4,31051,31328,32,512,512,1
199,2,"[4, 32, 320, 32, 32, 0, 0, 0, 0, 0, 0, 0, 0, 0, 0, 0, 0, 0, 0, 0, 0, 0, 0, 0, 0, 0, 0, 0, 0, 0]",40960,128,0.0,0.0,3254877972,3254887172,3295008026,3295088122,0,241184,241184,369023,1,9200,80096,32,512,512,1
152,2,"[4, 32, 320, 32, 32, 0, 0, 0, 0, 0, 0, 0, 0, 0, 0, 0, 0, 0, 0, 0, 0, 0, 0, 0, 0, 0, 0, 0, 0, 0]",20480,128,10485760.0,125829120.0,3254943338,3254962315,3295329306,3295563770,0,8224,8224,369022,1,18977,234464,32,512,512,1
205,2,"[4, 32, 320, 32, 32, 0, 0, 0, 0, 0, 0, 0, 0, 0, 0, 0, 0, 0, 0, 0, 0, 0, 0, 0, 0, 0, 0, 0, 0, 0]",320,512,83886080.0,209715200.0,3255017874,3255024678,3295571994,3295968282,400,16993,16993,369021,1,6804,396288,32,512,512,1
203,2,"[32, 320, 32, 32, 320, 32, 32, 3, 3, 1, 1, 1, 1, 1, 1, 20, 4, 0, 0, 0, 0, 0, 0, 0, 0, 0, 0, 0, 0, 0]",1152,256,150994944.0,4203520.0,3255140892,3255844870,3295985275,3298631516,22656,-6662912,19008,369020,100,343373,9328161,32,512,512,1
152,2,"[4, 32, 320, 32, 32, 0, 0, 0, 0, 0, 0, 0, 0, 0, 0, 0, 0, 0, 0, 0, 0, 0, 0, 0, 0, 0, 0, 0, 0, 0]",20480,128,10485760.0,125829120.0,3255929961,3255937431,3298650524,3298883068,0,7777,7777,369019,1,7470,232544,32,512,512,1
205,2,"[4, 32, 320, 32, 32, 0, 0, 0, 0, 0, 0, 0, 0, 0, 0, 0, 0, 0, 0, 0, 0, 0, 0, 0, 0, 0, 0, 0, 0, 0]",320,512,83886080.0,209715200.0,3255994383,3256001205,3298890845,3299284989,400,24960,24960,369018,1,6822,394144,32,512,512,1
203,2,"[32, 320, 32, 32, 320, 32, 32, 1, 1, 0, 0, 1, 1, 1, 1, 1, 4, 0, 0, 0, 0, 0, 0, 0, 0, 0, 0, 0, 0, 0]",1280,256,6710886400.0,84295680.0,3256133042,3256220010,3299309949,3301144574,32768,270880,249824,369017,4,22835,1813569,32,512,512,1
152,2,"[4, 32, 320, 32, 32, 0, 0, 0, 0, 0, 0, 0, 0, 0, 0, 0, 0, 0, 0, 0, 0, 0, 0, 0, 0, 0, 0, 0, 0, 0]",20480,128,10485760.0,125829120.0,3256300064,3256305207,3301394398,3301631774,0,1408,1408,369016,1,5143,237376,32,512,512,1
205,2,"[4, 32, 320, 32, 32, 0, 0, 0, 0, 0, 0, 0, 0, 0, 0, 0, 0, 0, 0, 0, 0, 0, 0, 0, 0, 0, 0, 0, 0, 0]",320,512,83886080.0,209715200.0,3256361383,3256367929,3301633182,3302028607,400,19296,19296,369014,1,6546,395425,32,512,512,1
203,2,"[32, 320, 32, 32, 320, 32, 32, 1, 1, 0, 0, 1, 1, 1, 1, 1, 4, 0, 0, 0, 0, 0, 0, 0, 0, 0, 0, 0, 0, 0]",1280,256,6710886400.0,84295680.0,3256483777,3256557838,3302047903,3303890944,32768,36416,15520,369013,4,18897,1822145,32,512,512,1
23,2,"[4, 32, 320, 1, 1, 0, 0, 0, 0, 0, 0, 0, 0, 0, 0, 4, 32, 320, 32, 32, 0, 0, 0, 0, 0, 0, 0, 0, 0, 0]",40960,128,10485760.0,125829120.0,3256628836,3256646536,3303906464,3304314880,0,110656,103648,369012,2,10096,401408,32,512,512,1
156,2,"[4, 32, 320, 1, 1, 0, 0, 0, 0, 0, 0, 0, 0, 0, 0, 0, 0, 0, 0, 0, 0, 0, 0, 0, 0, 0, 0, 0, 0, 0]",20,128,204800.0,81920.0,3256687545,3256694295,3304418528,3304423264,0,8352,8352,369011,1,6750,4736,32,512,512,1
203,2,"[32, 80, 1, 1, 320, 1, 1, 1, 1, 0, 0, 1, 1, 1, 1, 1, 4, 0, 0, 0, 0, 0, 0, 0, 0, 0, 0, 0, 0, 0]",30,256,0.0,0.0,3256752621,3256850253,3304431616,3304488960,2304,32768,18208,369010,4,29345,42784,32,512,512,1
152,2,"[4, 32, 80, 1, 1, 0, 0, 0, 0, 0, 0, 0, 0, 0, 0, 0, 0, 0, 0, 0, 0, 0, 0, 0, 0, 0, 0, 0, 0, 0]",5,128,2560.0,30720.0,3256927421,3256932275,3304507168,3304511488,0,3680,3680,369009,1,4854,4320,32,512,512,1
203,2,"[32, 320, 1, 1, 80, 1, 1, 1, 1, 0, 0, 1, 1, 1, 1, 1, 4, 0, 0, 0, 0, 0, 0, 0, 0, 0, 0, 0, 0, 0]",40,256,0.0,0.0,3256987887,3257075778,3304515168,3304561696,2304,36160,18592,369008,4,22014,28960,32,512,512,1
199,2,"[4, 32, 320, 32, 32, 0, 0, 0, 0, 0, 0, 0, 0, 0, 0, 0, 0, 0, 0, 0, 0, 0, 0, 0, 0, 0, 0, 0, 0, 0]",40960,128,0.0,0.0,3257159197,3257164680,3304580288,3304660992,0,246016,246016,369007,1,5483,80704,32,512,512,1
152,2,"[4, 32, 320, 32, 32, 0, 0, 0, 0, 0, 0, 0, 0, 0, 0, 0, 0, 0, 0, 0, 0, 0, 0, 0, 0, 0, 0, 0, 0, 0]",20480,128,10485760.0,125829120.0,3257201847,3257206646,3304907008,3305142273,0,3680,3680,369006,1,4799,235265,32,512,512,1
205,2,"[4, 32, 320, 32, 32, 0, 0, 0, 0, 0, 0, 0, 0, 0, 0, 0, 0, 0, 0, 0, 0, 0, 0, 0, 0, 0, 0, 0, 0, 0]",320,512,83886080.0,209715200.0,3257254123,3257260014,3305145953,3305549121,400,20736,20736,369005,1,5891,403168,32,512,512,1
203,2,"[32, 320, 32, 32, 320, 32, 32, 3, 3, 1, 1, 1, 1, 1, 1, 20, 4, 0, 0, 0, 0, 0, 0, 0, 0, 0, 0, 0, 0, 0]",1152,256,150994944.0,4203520.0,3257367978,3258041401,3305569857,3308214211,22656,-6526308,14624,369004,100,334466,9185286,32,512,512,1
152,2,"[4, 32, 320, 32, 32, 0, 0, 0, 0, 0, 0, 0, 0, 0, 0, 0, 0, 0, 0, 0, 0, 0, 0, 0, 0, 0, 0, 0, 0, 0]",20480,128,10485760.0,125829120.0,3258121528,3258127304,3308228835,3308462083,0,4000,4000,369003,1,5776,233248,32,512,512,1
205,2,"[4, 32, 320, 32, 32, 0, 0, 0, 0, 0, 0, 0, 0, 0, 0, 0, 0, 0, 0, 0, 0, 0, 0, 0, 0, 0, 0, 0, 0, 0]",320,512,83886080.0,209715200.0,3258175930,3258182171,3308466083,3308863491,400,20480,20480,369002,1,6241,397408,32,512,512,1
203,2,"[32, 320, 32, 32, 320, 32, 32, 1, 1, 0, 0, 1, 1, 1, 1, 1, 4, 0, 0, 0, 0, 0, 0, 0, 0, 0, 0, 0, 0, 0]",1280,256,6710886400.0,84295680.0,3258302555,3258379464,3308883971,3310733188,32768,268961,245889,369001,4,21288,1826145,32,512,512,1
152,2,"[4, 32, 320, 32, 32, 0, 0, 0, 0, 0, 0, 0, 0, 0, 0, 0, 0, 0, 0, 0, 0, 0, 0, 0, 0, 0, 0, 0, 0, 0]",20480,128,10485760.0,125829120.0,3258458089,3258463361,3310979077,3311214309,0,4576,4576,369000,1,5272,235232,32,512,512,1
205,2,"[4, 32, 320, 32, 32, 0, 0, 0, 0, 0, 0, 0, 0, 0, 0, 0, 0, 0, 0, 0, 0, 0, 0, 0, 0, 0, 0, 0, 0, 0]",320,512,83886080.0,209715200.0,3258518066,3258524929,3311218885,3311620101,400,19808,19808,368998,1,6863,401216,32,512,512,1
203,2,"[32, 320, 32, 32, 320, 32, 32, 1, 1, 0, 0, 1, 1, 1, 1, 1, 4, 0, 0, 0, 0, 0, 0, 0, 0, 0, 0, 0, 0, 0]",1280,256,6710886400.0,84295680.0,3258646867,3258719113,3311639909,3313477638,32768,33473,12256,368997,4,18535,1816512,32,512,512,1
23,2,"[4, 32, 320, 1, 1, 0, 0, 0, 0, 0, 0, 0, 0, 0, 0, 4, 32, 320, 32, 32, 0, 0, 0, 0, 0, 0, 0, 0, 0, 0]",40960,128,10485760.0,125829120.0,3258784778,3258801302,3313489894,3313888775,0,98111,96736,368996,2,9482,397506,32,512,512,1
156,2,"[4, 32, 320, 1, 1, 0, 0, 0, 0, 0, 0, 0, 0, 0, 0, 0, 0, 0, 0, 0, 0, 0, 0, 0, 0, 0, 0, 0, 0, 0]",20,128,204800.0,81920.0,3258842206,3258847719,3313985511,3313990727,0,2944,2944,368995,1,5513,5216,32,512,512,1
203,2,"[32, 36, 1, 1, 320, 1, 1, 1, 1, 0, 0, 1, 1, 1, 1, 1, 4, 0, 0, 0, 0, 0, 0, 0, 0, 0, 0, 0, 0, 0]",20,256,0.0,0.0,3258904744,3258996262,3313993671,3314046983,2304,34784,19520,368994,4,23021,38048,32,512,512,1
152,2,"[4, 32, 36, 1, 1, 0, 0, 0, 0, 0, 0, 0, 0, 0, 0, 0, 0, 0, 0, 0, 0, 0, 0, 0, 0, 0, 0, 0, 0, 0]",3,128,1152.0,13824.0,3259070543,3259075322,3314066503,3314071015,0,2560,2560,368993,1,4779,4512,32,512,512,1
203,2,"[32, 320, 1, 1, 36, 1, 1, 1, 1, 0, 0, 1, 1, 1, 1, 1, 4, 0, 0, 0, 0, 0, 0, 0, 0, 0, 0, 0, 0, 0]",40,256,0.0,0.0,3259132970,3259220933,3314073575,3314110471,2304,32704,19584,368992,4,20779,23776,32,512,512,1
199,2,"[4, 32, 320, 32, 32, 0, 0, 0, 0, 0, 0, 0, 0, 0, 0, 0, 0, 0, 0, 0, 0, 0, 0, 0, 0, 0, 0, 0, 0, 0]",40960,128,0.0,0.0,3259306827,3259312562,3314130055,3314210823,0,253024,253024,368991,1,5735,80768,32,512,512,1
152,2,"[4, 32, 320, 32, 32, 0, 0, 0, 0, 0, 0, 0, 0, 0, 0, 0, 0, 0, 0, 0, 0, 0, 0, 0, 0, 0, 0, 0, 0, 0]",20480,128,10485760.0,125829120.0,3259350454,3259355415,3314463847,3314695303,0,4096,4096,368990,1,4961,231456,32,512,512,1
205,2,"[4, 32, 320, 32, 32, 0, 0, 0, 0, 0, 0, 0, 0, 0, 0, 0, 0, 0, 0, 0, 0, 0, 0, 0, 0, 0, 0, 0, 0, 0]",320,512,83886080.0,209715200.0,3259409902,3259416044,3314699399,3315095368,400,18208,18208,368989,1,6142,395969,32,512,512,1
203,2,"[32, 320, 64, 64, 320, 32, 32, 3, 3, 1, 1, 2, 2, 1, 1, 20, 4, 0, 0, 0, 0, 0, 0, 0, 0, 0, 0, 0, 0, 0]",512,256,150994944.0,10494976.0,3259532037,3259931985,3315113576,3319514986,8320,-11428325,22465,368988,60,210702,15852200,32,512,512,1
152,2,"[4, 32, 320, 64, 64, 0, 0, 0, 0, 0, 0, 0, 0, 0, 0, 0, 0, 0, 0, 0, 0, 0, 0, 0, 0, 0, 0, 0, 0, 0]",81920,128,41943040.0,503316480.0,3260008314,3260014350,3319537451,3320452939,0,1888,1888,368987,1,6036,915488,32,512,512,1
205,2,"[4, 32, 320, 64, 64, 0, 0, 0, 0, 0, 0, 0, 0, 0, 0, 0, 0, 0, 0, 0, 0, 0, 0, 0, 0, 0, 0, 0, 0, 0]",320,512,335544320.0,838860800.0,3260062127,3260069681,3320454827,3322079244,400,20448,20448,368986,1,7554,1624417,32,512,512,1
203,2,"[32, 144, 64, 64, 320, 64, 64, 1, 1, 0, 0, 1, 1, 1, 1, 1, 4, 0, 0, 0, 0, 0, 0, 0, 0, 0, 0, 0, 0, 0]",2048,256,12079595520.0,243453952.0,3260196119,3260272177,3322099692,3326267407,32768,29472,12288,368985,4,19640,4150531,32,512,512,1
205,2,"[4, 32, 320, 32, 32, 0, 0, 0, 0, 0, 0, 0, 0, 0, 0, 0, 0, 0, 0, 0, 0, 0, 0, 0, 0, 0, 0, 0, 0, 0]",320,512,83886080.0,209715200.0,3260353895,3260359654,3326279695,3326674767,400,18592,18592,368984,1,5759,395072,32,512,512,1
203,2,"[32, 144, 64, 64, 320, 32, 32, 1, 1, 0, 0, 2, 2, 1, 1, 1, 4, 0, 0, 0, 0, 0, 0, 0, 0, 0, 0, 0, 0, 0]",65535,256,3019898880.0,117624832.0,3260464877,3260531883,3326693359,3328059408,10496,451328,438240,368983,3,17522,1352961,32,512,512,1
152,2,"[4, 32, 144, 64, 64, 0, 0, 0, 0, 0, 0, 0, 0, 0, 0, 0, 0, 0, 0, 0, 0, 0, 0, 0, 0, 0, 0, 0, 0, 0]",36864,128,18874368.0,226492416.0,3260610709,3260615849,3328497648,3328913265,0,4192,4192,368982,1,5140,415617,32,512,512,1
205,2,"[4, 32, 144, 64, 64, 0, 0, 0, 0, 0, 0, 0, 0, 0, 0, 0, 0, 0, 0, 0, 0, 0, 0, 0, 0, 0, 0, 0, 0, 0]",144,512,150994944.0,377487360.0,3260675015,3260682246,3328917457,3329718289,400,18432,18432,368980,1,7231,800832,32,512,512,1
203,2,"[32, 144, 64, 64, 144, 64, 64, 1, 1, 0, 0, 1, 1, 1, 1, 1, 4, 0, 0, 0, 0, 0, 0, 0, 0, 0, 0, 0, 0, 0]",2048,256,5435817984.0,151077888.0,3260803505,3260877183,3329736721,3331843859,32768,33728,12512,368979,4,19289,2085922,32,512,512,1
23,2,"[4, 32, 144, 1, 1, 0, 0, 0, 0, 0, 0, 0, 0, 0, 0, 4, 32, 144, 64, 64, 0, 0, 0, 0, 0, 0, 0, 0, 0, 0]",73728,128,18874368.0,226492416.0,3260941563,3260957852,3331856371,3332558259,0,164544,160320,368978,2,9148,697664,32,512,512,1
156,2,"[4, 32, 144, 1, 1, 0, 0, 0, 0, 0, 0, 0, 0, 0, 0, 0, 0, 0, 0, 0, 0, 0, 0, 0, 0, 0, 0, 0, 0, 0]",9,128,92160.0,36864.0,3260998240,3261003034,3332718579,3332722707,0,3648,3648,368977,1,4794,4128,32,512,512,1
203,2,"[32, 36, 1, 1, 144, 1, 1, 1, 1, 0, 0, 1, 1, 1, 1, 1, 4, 0, 0, 0, 0, 0, 0, 0, 0, 0, 0, 0, 0, 0]",648,256,331776.0,43776.0,3261058790,3261140126,3332726355,3332765363,2304,27041,18721,368976,4,23743,30688,32,512,512,1
152,2,"[4, 32, 36, 1, 1, 0, 0, 0, 0, 0, 0, 0, 0, 0, 0, 0, 0, 0, 0, 0, 0, 0, 0, 0, 0, 0, 0, 0, 0, 0]",3,128,1152.0,13824.0,3261211821,3261216887,3332784084,3332788243,0,4032,4032,368975,1,5066,4159,32,512,512,1
203,2,"[32, 144, 1, 1, 36, 1, 1, 1, 1, 0, 0, 1, 1, 1, 1, 1, 4, 0, 0, 0, 0, 0, 0, 0, 0, 0, 0, 0, 0, 0]",18,256,0.0,0.0,3261270721,3261358217,3332792275,3332836787,2304,34656,18432,368974,4,22332,28288,32,512,512,1
199,2,"[4, 32, 144, 64, 64, 0, 0, 0, 0, 0, 0, 0, 0, 0, 0, 0, 0, 0, 0, 0, 0, 0, 0, 0, 0, 0, 0, 0, 0, 0]",73728,128,0.0,0.0,3261447758,3261453918,3332855219,3332993044,0,423744,423744,368973,1,6160,137825,32,512,512,1
152,2,"[4, 32, 144, 64, 64, 0, 0, 0, 0, 0, 0, 0, 0, 0, 0, 0, 0, 0, 0, 0, 0, 0, 0, 0, 0, 0, 0, 0, 0, 0]",36864,128,18874368.0,226492416.0,3261491146,3261495936,3333416788,3333834324,0,8608,8608,368972,1,4790,417536,32,512,512,1
205,2,"[4, 32, 144, 64, 64, 0, 0, 0, 0, 0, 0, 0, 0, 0, 0, 0, 0, 0, 0, 0, 0, 0, 0, 0, 0, 0, 0, 0, 0, 0]",144,512,150994944.0,377487360.0,3261542687,3261549459,3333842932,3334643733,400,26208,26208,368971,1,6772,800801,32,512,512,1
203,2,"[32, 144, 64, 64, 144, 64, 64, 3, 3, 1, 1, 1, 1, 1, 1, 9, 4, 0, 0, 0, 0, 0, 0, 0, 0, 0, 0, 0, 0, 0]",4608,256,603979776.0,16786432.0,3261657660,3262009238,3334669941,3339326968,22656,-2900230,20992,368970,45,147399,7578249,32,512,512,1
152,2,"[4, 32, 144, 64, 64, 0, 0, 0, 0, 0, 0, 0, 0, 0, 0, 0, 0, 0, 0, 0, 0, 0, 0, 0, 0, 0, 0, 0, 0, 0]",36864,128,18874368.0,226492416.0,3262086712,3262092066,3339347960,3339758968,0,1024,1024,368969,1,5354,411008,32,512,512,1
205,2,"[4, 32, 144, 64, 64, 0, 0, 0, 0, 0, 0, 0, 0, 0, 0, 0, 0, 0, 0, 0, 0, 0, 0, 0, 0, 0, 0, 0, 0, 0]",144,512,150994944.0,377487360.0,3262139507,3262145375,3339759992,3340557497,400,17216,17216,368968,1,5868,797505,32,512,512,1
203,2,"[32, 144, 64, 64, 144, 64, 64, 1, 1, 0, 0, 1, 1, 1, 1, 1, 4, 0, 0, 0, 0, 0, 0, 0, 0, 0, 0, 0, 0, 0]",2048,256,5435817984.0,151077888.0,3262268606,3262343195,3340574713,3342675802,32768,439904,422048,368967,4,18966,2083233,32,512,512,1
152,2,"[4, 32, 144, 64, 64, 0, 0, 0, 0, 0, 0, 0, 0, 0, 0, 0, 0, 0, 0, 0, 0, 0, 0, 0, 0, 0, 0, 0, 0, 0]",36864,128,18874368.0,226492416.0,3262420320,3262425075,3343097850,3343513435,0,8384,8384,368966,1,4755,415585,32,512,512,1
205,2,"[4, 32, 144, 64, 64, 0, 0, 0, 0, 0, 0, 0, 0, 0, 0, 0, 0, 0, 0, 0, 0, 0, 0, 0, 0, 0, 0, 0, 0, 0]",144,512,150994944.0,377487360.0,3262478990,3262485374,3343521819,3344316443,400,19680,19680,368964,1,6384,794624,32,512,512,1
203,2,"[32, 144, 64, 64, 144, 64, 64, 1, 1, 0, 0, 1, 1, 1, 1, 1, 4, 0, 0, 0, 0, 0, 0, 0, 0, 0, 0, 0, 0, 0]",2048,256,5435817984.0,151077888.0,3262601249,3262681883,3344336123,3346436125,32768,30144,11616,368963,4,19824,2081474,32,512,512,1
23,2,"[4, 32, 144, 1, 1, 0, 0, 0, 0, 0, 0, 0, 0, 0, 0, 4, 32, 144, 64, 64, 0, 0, 0, 0, 0, 0, 0, 0, 0, 0]",73728,128,18874368.0,226492416.0,3262744494,3262760937,3346447741,3347152061,0,162816,154080,368962,2,9360,695584,32,512,512,1
156,2,"[4, 32, 144, 1, 1, 0, 0, 0, 0, 0, 0, 0, 0, 0, 0, 0, 0, 0, 0, 0, 0, 0, 0, 0, 0, 0, 0, 0, 0, 0]",9,128,92160.0,36864.0,3262800512,3262805705,3347306141,3347310621,0,3552,3552,368961,1,5193,4480,32,512,512,1
203,2,"[32, 36, 1, 1, 144, 1, 1, 1, 1, 0, 0, 1, 1, 1, 1, 1, 4, 0, 0, 0, 0, 0, 0, 0, 0, 0, 0, 0, 0, 0]",648,256,331776.0,43776.0,3262863197,3262941347,3347314173,3347355677,2304,27584,18400,368960,4,23109,32320,32,512,512,1
152,2,"[4, 32, 36, 1, 1, 0, 0, 0, 0, 0, 0, 0, 0, 0, 0, 0, 0, 0, 0, 0, 0, 0, 0, 0, 0, 0, 0, 0, 0, 0]",3,128,1152.0,13824.0,3263014457,3263019758,3347374077,3347379229,0,3072,3072,368959,1,5301,5152,32,512,512,1
203,2,"[32, 144, 1, 1, 36, 1, 1, 1, 1, 0, 0, 1, 1, 1, 1, 1, 4, 0, 0, 0, 0, 0, 0, 0, 0, 0, 0, 0, 0, 0]",18,256,0.0,0.0,3263073373,3263162023,3347382301,3347419165,2304,35168,19520,368958,4,21734,21216,32,512,512,1
199,2,"[4, 32, 144, 64, 64, 0, 0, 0, 0, 0, 0, 0, 0, 0, 0, 0, 0, 0, 0, 0, 0, 0, 0, 0, 0, 0, 0, 0, 0, 0]",73728,128,0.0,0.0,3263244066,3263249280,3347438685,3347576861,0,417985,417985,368957,1,5214,138176,32,512,512,1
152,2,"[4, 32, 144, 64, 64, 0, 0, 0, 0, 0, 0, 0, 0, 0, 0, 0, 0, 0, 0, 0, 0, 0, 0, 0, 0, 0, 0, 0, 0, 0]",36864,128,18874368.0,226492416.0,3263286833,3263291949,3347994846,3348416542,0,3392,3392,368956,1,5116,421696,32,512,512,1
205,2,"[4, 32, 144, 64, 64, 0, 0, 0, 0, 0, 0, 0, 0, 0, 0, 0, 0, 0, 0, 0, 0, 0, 0, 0, 0, 0, 0, 0, 0, 0]",144,512,150994944.0,377487360.0,3263338987,3263344953,3348419934,3349217311,400,20480,20480,368955,1,5966,797377,32,512,512,1
203,2,"[32, 144, 64, 64, 144, 64, 64, 3, 3, 1, 1, 1, 1, 1, 1, 9, 4, 0, 0, 0, 0, 0, 0, 0, 0, 0, 0, 0, 0, 0]",4608,256,603979776.0,16786432.0,3263463260,3263807619,3349237791,3353888802,22656,-2876867,20448,368954,45,149501,7548326,32,512,512,1
152,2,"[4, 32, 144, 64, 64, 0, 0, 0, 0, 0, 0, 0, 0, 0, 0, 0, 0, 0, 0, 0, 0, 0, 0, 0, 0, 0, 0, 0, 0, 0]",36864,128,18874368.0,226492416.0,3263882876,3263888733,3353909250,3354320930,0,8160,8160,368953,1,5857,411680,32,512,512,1
205,2,"[4, 32, 144, 64, 64, 0, 0, 0, 0, 0, 0, 0, 0, 0, 0, 0, 0, 0, 0, 0, 0, 0, 0, 0, 0, 0, 0, 0, 0, 0]",144,512,150994944.0,377487360.0,3263942282,3263948791,3354329090,3355127843,400,18368,18368,368952,1,6509,798753,32,512,512,1
203,2,"[32, 144, 64, 64, 144, 64, 64, 1, 1, 0, 0, 1, 1, 1, 1, 1, 4, 0, 0, 0, 0, 0, 0, 0, 0, 0, 0, 0, 0, 0]",2048,256,5435817984.0,151077888.0,3264071697,3264144919,3355146211,3357242884,32768,442368,424128,368951,4,19705,2078433,32,512,512,1
152,2,"[4, 32, 144, 64, 64, 0, 0, 0, 0, 0, 0, 0, 0, 0, 0, 0, 0, 0, 0, 0, 0, 0, 0, 0, 0, 0, 0, 0, 0, 0]",36864,128,18874368.0,226492416.0,3264219700,3264224516,3357667012,3358084740,0,3649,3649,368950,1,4816,417728,32,512,512,1
205,2,"[4, 32, 144, 64, 64, 0, 0, 0, 0, 0, 0, 0, 0, 0, 0, 0, 0, 0, 0, 0, 0, 0, 0, 0, 0, 0, 0, 0, 0, 0]",144,512,150994944.0,377487360.0,3264279988,3264285844,3358088389,3358885605,400,18720,18720,368948,1,5856,797216,32,512,512,1
203,2,"[32, 144, 64, 64, 144, 64, 64, 1, 1, 0, 0, 1, 1, 1, 1, 1, 4, 0, 0, 0, 0, 0, 0, 0, 0, 0, 0, 0, 0, 0]",2048,256,5435817984.0,151077888.0,3264403057,3264474987,3358904325,3361001511,32768,29087,10207,368947,4,18539,2078306,32,512,512,1
23,2,"[4, 32, 144, 1, 1, 0, 0, 0, 0, 0, 0, 0, 0, 0, 0, 4, 32, 144, 64, 64, 0, 0, 0, 0, 0, 0, 0, 0, 0, 0]",73728,128,18874368.0,226492416.0,3264538661,3264554883,3361011718,3361714215,0,160416,157440,368946,2,9020,699521,32,512,512,1
156,2,"[4, 32, 144, 1, 1, 0, 0, 0, 0, 0, 0, 0, 0, 0, 0, 0, 0, 0, 0, 0, 0, 0, 0, 0, 0, 0, 0, 0, 0, 0]",9,128,92160.0,36864.0,3264594906,3264600568,3361871655,3361876007,0,3680,3680,368945,1,5662,4352,32,512,512,1
203,2,"[32, 16, 1, 1, 144, 1, 1, 1, 1, 0, 0, 1, 1, 1, 1, 1, 4, 0, 0, 0, 0, 0, 0, 0, 0, 0, 0, 0, 0, 0]",288,256,147456.0,29696.0,3264675155,3264754414,3361879687,3361914471,2304,25760,18048,368944,4,24413,27072,32,512,512,1
152,2,"[4, 32, 16, 1, 1, 0, 0, 0, 0, 0, 0, 0, 0, 0, 0, 0, 0, 0, 0, 0, 0, 0, 0, 0, 0, 0, 0, 0, 0, 0]",1,128,512.0,6144.0,3264830857,3264835852,3361932519,3361936999,0,2560,2560,368943,1,4995,4480,32,512,512,1
203,2,"[32, 144, 1, 1, 16, 1, 1, 1, 1, 0, 0, 1, 1, 1, 1, 1, 4, 0, 0, 0, 0, 0, 0, 0, 0, 0, 0, 0, 0, 0]",18,256,0.0,0.0,3264890595,3264979321,3361939559,3361973767,2304,32128,19200,368942,4,21504,21280,32,512,512,1
199,2,"[4, 32, 144, 64, 64, 0, 0, 0, 0, 0, 0, 0, 0, 0, 0, 0, 0, 0, 0, 0, 0, 0, 0, 0, 0, 0, 0, 0, 0, 0]",73728,128,0.0,0.0,3265064569,3265070165,3361992967,3362132007,0,424481,424481,368941,1,5596,139040,32,512,512,1
152,2,"[4, 32, 144, 64, 64, 0, 0, 0, 0, 0, 0, 0, 0, 0, 0, 0, 0, 0, 0, 0, 0, 0, 0, 0, 0, 0, 0, 0, 0, 0]",36864,128,18874368.0,226492416.0,3265107588,3265112820,3362556488,3362971688,0,8192,8192,368940,1,5232,415200,32,512,512,1
205,2,"[4, 32, 144, 64, 64, 0, 0, 0, 0, 0, 0, 0, 0, 0, 0, 0, 0, 0, 0, 0, 0, 0, 0, 0, 0, 0, 0, 0, 0, 0]",144,512,150994944.0,377487360.0,3265160751,3265167695,3362979880,3363775880,400,19009,19009,368939,1,6944,796000,32,512,512,1
203,2,"[32, 144, 128, 128, 144, 64, 64, 3, 3, 1, 1, 2, 2, 1, 1, 9, 4, 0, 0, 0, 0, 0, 0, 0, 0, 0, 0, 0, 0, 0]",12288,256,603979776.0,41952256.0,3265281369,3265508530,3363794889,3371683086,3328,-2789443,17344,368938,27,98679,10694984,32,512,512,1
152,2,"[4, 32, 144, 128, 128, 0, 0, 0, 0, 0, 0, 0, 0, 0, 0, 0, 0, 0, 0, 0, 0, 0, 0, 0, 0, 0, 0, 0, 0, 0]",147456,128,75497472.0,905969664.0,3265585203,3265590504,3371700430,3373348079,0,2336,2336,368937,1,5301,1647649,32,512,512,1
205,2,"[4, 32, 144, 128, 128, 0, 0, 0, 0, 0, 0, 0, 0, 0, 0, 0, 0, 0, 0, 0, 0, 0, 0, 0, 0, 0, 0, 0, 0, 0]",144,512,603979776.0,1509949440.0,3265639339,3265645509,3373350415,3376726065,400,15680,15680,368936,1,6170,3375650,32,512,512,1
203,2,"[32, 64, 128, 128, 144, 128, 128, 1, 1, 0, 0, 1, 1, 1, 1, 1, 4, 0, 0, 0, 0, 0, 0, 0, 0, 0, 0, 0, 0, 0]",4096,256,9663676416.0,436244480.0,3265767790,3265841428,3376741745,3379941428,32768,22495,10079,368935,4,20352,3187267,32,512,512,1
205,2,"[4, 32, 144, 64, 64, 0, 0, 0, 0, 0, 0, 0, 0, 0, 0, 0, 0, 0, 0, 0, 0, 0, 0, 0, 0, 0, 0, 0, 0, 0]",144,512,150994944.0,377487360.0,3265935707,3265941800,3379951507,3380742196,400,15616,15616,368934,1,6093,790689,32,512,512,1
203,2,"[32, 64, 128, 128, 144, 64, 64, 1, 1, 0, 0, 2, 2, 1, 1, 1, 4, 0, 0, 0, 0, 0, 0, 0, 0, 0, 0, 0, 0, 0]",65535,256,2415919104.0,209752064.0,3266050006,3266115973,3380757812,3382044725,10496,769440,749280,368933,3,15974,1266753,32,512,512,1
152,2,"[4, 32, 64, 128, 128, 0, 0, 0, 0, 0, 0, 0, 0, 0, 0, 0, 0, 0, 0, 0, 0, 0, 0, 0, 0, 0, 0, 0, 0, 0]",65536,128,33554432.0,402653184.0,3266191438,3266196905,3382794005,3383530614,0,4032,4032,368932,1,5467,736609,32,512,512,1
205,2,"[4, 32, 64, 128, 128, 0, 0, 0, 0, 0, 0, 0, 0, 0, 0, 0, 0, 0, 0, 0, 0, 0, 0, 0, 0, 0, 0, 0, 0, 0]",64,512,268435456.0,671088640.0,3266250217,3266256096,3383534646,3384960983,400,15904,15904,368930,1,5879,1426337,32,512,512,1
203,2,"[32, 64, 128, 128, 64, 128, 128, 1, 1, 0, 0, 1, 1, 1, 1, 1, 4, 0, 0, 0, 0, 0, 0, 0, 0, 0, 0, 0, 0, 0]",4096,256,4294967296.0,268451840.0,3266367176,3266443314,3384976887,3387062328,32768,21152,8160,368929,4,20591,2072449,32,512,512,1
23,2,"[4, 32, 64, 1, 1, 0, 0, 0, 0, 0, 0, 0, 0, 0, 0, 4, 32, 64, 128, 128, 0, 0, 0, 0, 0, 0, 0, 0, 0, 0]",131072,128,33554432.0,402653184.0,3266502822,3266518368,3387070488,3388309465,0,254111,252352,368928,2,8605,1237218,32,512,512,1
156,2,"[4, 32, 64, 1, 1, 0, 0, 0, 0, 0, 0, 0, 0, 0, 0, 0, 0, 0, 0, 0, 0, 0, 0, 0, 0, 0, 0, 0, 0, 0]",4,128,40960.0,16384.0,3266557286,3266562095,3388561817,3388567065,0,1856,1856,368927,1,4809,5248,32,512,512,1
203,2,"[32, 8, 1, 1, 64, 1, 1, 1, 1, 0, 0, 1, 1, 1, 1, 1, 4, 0, 0, 0, 0, 0, 0, 0, 0, 0, 0, 0, 0, 0]",64,256,32768.0,11264.0,3266617338,3266693168,3388568921,3388598329,8320,22816,16352,368926,4,22405,22944,32,512,512,1
152,2,"[4, 32, 8, 1, 1, 0, 0, 0, 0, 0, 0, 0, 0, 0, 0, 0, 0, 0, 0, 0, 0, 0, 0, 0, 0, 0, 0, 0, 0, 0]",1,128,256.0,3072.0,3266763298,3266767951,3388614681,3388618809,0,2016,2016,368925,1,4653,4128,32,512,512,1
203,2,"[32, 64, 1, 1, 8, 1, 1, 1, 1, 0, 0, 1, 1, 1, 1, 1, 4, 0, 0, 0, 0, 0, 0, 0, 0, 0, 0, 0, 0, 0]",2,1024,32768.0,11264.0,3266821978,3266906370,3388620825,3388648505,2304,27072,15328,368924,3,19112,15936,32,512,512,1
199,2,"[4, 32, 64, 128, 128, 0, 0, 0, 0, 0, 0, 0, 0, 0, 0, 0, 0, 0, 0, 0, 0, 0, 0, 0, 0, 0, 0, 0, 0, 0]",131072,128,0.0,0.0,3266986027,3266990984,3388663833,3388905529,0,745633,745633,368923,1,4957,241696,32,512,512,1
152,2,"[4, 32, 64, 128, 128, 0, 0, 0, 0, 0, 0, 0, 0, 0, 0, 0, 0, 0, 0, 0, 0, 0, 0, 0, 0, 0, 0, 0, 0, 0]",65536,128,33554432.0,402653184.0,3267026821,3267031360,3389651162,3390390330,0,1697,1697,368922,1,4539,739168,32,512,512,1
205,2,"[4, 32, 64, 128, 128, 0, 0, 0, 0, 0, 0, 0, 0, 0, 0, 0, 0, 0, 0, 0, 0, 0, 0, 0, 0, 0, 0, 0, 0, 0]",64,512,268435456.0,671088640.0,3267076266,3267082028,3390392027,3391821499,400,16672,16672,368921,1,5762,1429472,32,512,512,1
203,2,"[32, 64, 256, 256, 64, 128, 128, 3, 3, 1, 1, 2, 2, 1, 1, 4, 4, 0, 0, 0, 0, 0, 0, 0, 0, 0, 0, 0, 0, 0]",65537,512,2415919104.0,167781376.0,3267185989,3267429160,3391838171,3524214229,9472,-4495109,5824,368920,28,104163,136876991,32,512,512,1
152,2,"[4, 32, 64, 256, 256, 0, 0, 0, 0, 0, 0, 0, 0, 0, 0, 0, 0, 0, 0, 0, 0, 0, 0, 0, 0, 0, 0, 0, 0, 0]",262144,128,134217728.0,1610612736.0,3267508014,3267513304,3524220053,3527159255,0,512,512,368919,1,5290,2939202,32,512,512,1
205,2,"[4, 32, 64, 256, 256, 0, 0, 0, 0, 0, 0, 0, 0, 0, 0, 0, 0, 0, 0, 0, 0, 0, 0, 0, 0, 0, 0, 0, 0, 0]",64,512,1073741824.0,2684354560.0,3267560683,3267566858,3527159767,3533276411,400,6080,6080,368918,1,6175,6116644,32,512,512,1
203,2,"[32, 32, 256, 256, 64, 256, 256, 1, 1, 0, 0, 1, 1, 1, 1, 1, 4, 0, 0, 0, 0, 0, 0, 0, 0, 0, 0, 0, 0, 0]",16384,256,8589934592.0,805314560.0,3267685883,3267759550,3533282491,3539302207,32768,6944,3904,368917,4,19976,6016676,32,512,512,1
205,2,"[4, 32, 64, 128, 128, 0, 0, 0, 0, 0, 0, 0, 0, 0, 0, 0, 0, 0, 0, 0, 0, 0, 0, 0, 0, 0, 0, 0, 0, 0]",64,512,268435456.0,671088640.0,3267842316,3267848437,3539306111,3540708992,400,6080,6080,368916,1,6121,1402881,32,512,512,1
203,2,"[32, 32, 256, 256, 64, 128, 128, 1, 1, 0, 0, 2, 2, 1, 1, 1, 4, 0, 0, 0, 0, 0, 0, 0, 0, 0, 0, 0, 0, 0]",65535,256,2147483648.0,402661376.0,3267947348,3268009842,3540715072,3543341185,6400,1474051,1470498,368915,3,16662,2622560,32,512,512,1
152,2,"[4, 32, 32, 256, 256, 0, 0, 0, 0, 0, 0, 0, 0, 0, 0, 0, 0, 0, 0, 0, 0, 0, 0, 0, 0, 0, 0, 0, 0, 0]",131072,128,67108864.0,805306368.0,3268081844,3268086619,3544811683,3546283748,0,416,416,368914,1,4775,1472065,32,512,512,1
205,2,"[4, 32, 32, 256, 256, 0, 0, 0, 0, 0, 0, 0, 0, 0, 0, 0, 0, 0, 0, 0, 0, 0, 0, 0, 0, 0, 0, 0, 0, 0]",32,512,536870912.0,1342177280.0,3268148394,3268154255,3546284164,3549759655,400,9344,9344,368913,1,5861,3475491,32,512,512,1
203,2,"[32, 3, 512, 512, 32, 256, 256, 3, 3, 1, 1, 2, 2, 1, 1, 1, 4, 0, 0, 0, 0, 0, 0, 0, 0, 0, 0, 0, 0, 0]",4096,64,0.0,0.0,3268262569,3268270398,3549768999,3551869096,2304,4000,4000,368912,1,7829,2100097,32,512,512,1
16,3,"[4, 32, 3, 3, 3, 0, 0, 0, 0, 0, 0, 0, 0, 0, 0, 4, 0, 0, 0, 0, 0, 0, 0, 0, 0, 0, 0, 0, 0, 0]",2,128,864.0,6916.0,3270151718,3270191289,3551873096,3551875240,0,256,256,-1,1,39571,2144,32,512,512,1
12,3,"[4, 32, 3, 3, 3, 0, 0, 0, 0, 0, 0, 0, 0, 0, 0, 4, 32, 3, 3, 3, 0, 0, 0, 0, 0, 0, 0, 0, 0, 0]",2,128,864.0,10368.0,3270415120,3270437769,3551875496,3551877287,0,1,1,-1,1,22649,1791,32,512,512,1
12,3,"[4, 32, 3, 3, 3, 0, 0, 0, 0, 0, 0, 0, 0, 0, 0, 4, 32, 3, 3, 3, 0, 0, 0, 0, 0, 0, 0, 0, 0, 0]",2,128,864.0,10368.0,3270634646,3270654425,3551877288,3551879336,0,1344,1344,-1,1,19779,2048,32,512,512,1
16,3,"[4, 32, 0, 0, 0, 0, 0, 0, 0, 0, 0, 0, 0, 0, 0, 4, 0, 0, 0, 0, 0, 0, 0, 0, 0, 0, 0, 0, 0, 0]",1,128,32.0,260.0,3270859279,3270879644,3551880680,3551882536,0,480,480,-1,1,20365,1856,32,512,512,1
12,3,"[4, 32, 0, 0, 0, 0, 0, 0, 0, 0, 0, 0, 0, 0, 0, 4, 32, 0, 0, 0, 0, 0, 0, 0, 0, 0, 0, 0, 0, 0]",1,128,32.0,384.0,3271065361,3271083351,3551883016,3551885224,0,256,256,-1,1,17990,2208,32,512,512,1
12,3,"[4, 32, 0, 0, 0, 0, 0, 0, 0, 0, 0, 0, 0, 0, 0, 4, 32, 0, 0, 0, 0, 0, 0, 0, 0, 0, 0, 0, 0, 0]",1,128,32.0,384.0,3271262481,3271280315,3551885480,3551887528,0,416,416,-1,1,17834,2048,32,512,512,1
16,3,"[4, 32, 0, 0, 0, 0, 0, 0, 0, 0, 0, 0, 0, 0, 0, 4, 0, 0, 0, 0, 0, 0, 0, 0, 0, 0, 0, 0, 0, 0]",1,128,32.0,260.0,3271460940,3271478981,3551887944,3551889576,0,1216,1216,-1,1,18041,1632,32,512,512,1
12,3,"[4, 32, 0, 0, 0, 0, 0, 0, 0, 0, 0, 0, 0, 0, 0, 4, 32, 0, 0, 0, 0, 0, 0, 0, 0, 0, 0, 0, 0, 0]",1,128,32.0,384.0,3271656122,3271672411,3551890792,3551893064,0,480,480,-1,1,16289,2272,32,512,512,1
12,3,"[4, 32, 0, 0, 0, 0, 0, 0, 0, 0, 0, 0, 0, 0, 0, 4, 32, 0, 0, 0, 0, 0, 0, 0, 0, 0, 0, 0, 0, 0]",1,128,32.0,384.0,3271847678,3271863702,3551893544,3551895432,0,288,288,-1,1,16024,1888,32,512,512,1
16,3,"[4, 64, 32, 1, 1, 0, 0, 0, 0, 0, 0, 0, 0, 0, 0, 4, 0, 0, 0, 0, 0, 0, 0, 0, 0, 0, 0, 0, 0, 0]",4,128,2048.0,16388.0,3272044430,3272061348,3551895720,3551897767,0,1,1,-1,1,16918,2047,32,512,512,1
12,3,"[4, 64, 32, 1, 1, 0, 0, 0, 0, 0, 0, 0, 0, 0, 0, 4, 64, 32, 1, 1, 0, 0, 0, 0, 0, 0, 0, 0, 0, 0]",4,128,2048.0,24576.0,3272761241,3272787245,3551897768,3551900872,0,512,512,-1,1,26004,3104,32,512,512,1
12,3,"[4, 64, 32, 1, 1, 0, 0, 0, 0, 0, 0, 0, 0, 0, 0, 4, 64, 32, 1, 1, 0, 0, 0, 0, 0, 0, 0, 0, 0, 0]",4,128,2048.0,24576.0,3272996994,3273016183,3551901384,3551903336,0,544,544,-1,1,19189,1952,32,512,512,1
16,3,"[4, 64, 0, 0, 0, 0, 0, 0, 0, 0, 0, 0, 0, 0, 0, 4, 0, 0, 0, 0, 0, 0, 0, 0, 0, 0, 0, 0, 0, 0]",1,128,64.0,516.0,3273200067,3273218710,3551903880,3551905768,0,256,256,-1,1,18643,1888,32,512,512,1
12,3,"[4, 64, 0, 0, 0, 0, 0, 0, 0, 0, 0, 0, 0, 0, 0, 4, 64, 0, 0, 0, 0, 0, 0, 0, 0, 0, 0, 0, 0, 0]",1,128,64.0,768.0,3273396254,3273413710,3551906024,3551908008,0,1248,1248,-1,1,17456,1984,32,512,512,1
12,3,"[4, 64, 0, 0, 0, 0, 0, 0, 0, 0, 0, 0, 0, 0, 0, 4, 64, 0, 0, 0, 0, 0, 0, 0, 0, 0, 0, 0, 0, 0]",1,128,64.0,768.0,3273590190,3273607020,3551909256,3551911176,0,576,576,-1,1,16830,1920,32,512,512,1
16,3,"[4, 64, 0, 0, 0, 0, 0, 0, 0, 0, 0, 0, 0, 0, 0, 4, 0, 0, 0, 0, 0, 0, 0, 0, 0, 0, 0, 0, 0, 0]",1,128,64.0,516.0,3273800126,3273817923,3551911752,3551913672,0,448,448,-1,1,17797,1920,32,512,512,1
12,3,"[4, 64, 0, 0, 0, 0, 0, 0, 0, 0, 0, 0, 0, 0, 0, 4, 64, 0, 0, 0, 0, 0, 0, 0, 0, 0, 0, 0, 0, 0]",1,128,64.0,768.0,3273999293,3274016901,3551914120,3551916167,0,1,1,-1,1,17608,2047,32,512,512,1
12,3,"[4, 64, 0, 0, 0, 0, 0, 0, 0, 0, 0, 0, 0, 0, 0, 4, 64, 0, 0, 0, 0, 0, 0, 0, 0, 0, 0, 0, 0, 0]",1,128,64.0,768.0,3274195588,3274212267,3551916168,3551918248,0,1248,1248,-1,1,16679,2080,32,512,512,1
16,3,"[4, 64, 32, 1, 1, 0, 0, 0, 0, 0, 0, 0, 0, 0, 0, 4, 0, 0, 0, 0, 0, 0, 0, 0, 0, 0, 0, 0, 0, 0]",4,128,2048.0,16388.0,3274390650,3274407968,3551919496,3551921416,0,544,544,-1,1,17318,1920,32,512,512,1
12,3,"[4, 64, 32, 1, 1, 0, 0, 0, 0, 0, 0, 0, 0, 0, 0, 4, 64, 32, 1, 1, 0, 0, 0, 0, 0, 0, 0, 0, 0, 0]",4,128,2048.0,24576.0,3274587843,3274605017,3551921960,3551924328,0,32,32,-1,1,17174,2368,32,512,512,1
12,3,"[4, 64, 32, 1, 1, 0, 0, 0, 0, 0, 0, 0, 0, 0, 0, 4, 64, 32, 1, 1, 0, 0, 0, 0, 0, 0, 0, 0, 0, 0]",4,128,2048.0,24576.0,3274786851,3274803467,3551924360,3551926407,0,1,1,-1,1,16616,2047,32,512,512,1
16,3,"[4, 64, 0, 0, 0, 0, 0, 0, 0, 0, 0, 0, 0, 0, 0, 4, 0, 0, 0, 0, 0, 0, 0, 0, 0, 0, 0, 0, 0, 0]",1,128,64.0,516.0,3274998238,3275016831,3551926408,3551928488,0,1344,1344,-1,1,18593,2080,32,512,512,1
12,3,"[4, 64, 0, 0, 0, 0, 0, 0, 0, 0, 0, 0, 0, 0, 0, 4, 64, 0, 0, 0, 0, 0, 0, 0, 0, 0, 0, 0, 0, 0]",1,128,64.0,768.0,3275193326,3275210230,3551929832,3551932136,0,416,416,-1,1,16904,2304,32,512,512,1
12,3,"[4, 64, 0, 0, 0, 0, 0, 0, 0, 0, 0, 0, 0, 0, 0, 4, 64, 0, 0, 0, 0, 0, 0, 0, 0, 0, 0, 0, 0, 0]",1,128,64.0,768.0,3275384829,3275401419,3551932552,3551934632,0,256,256,-1,1,16590,2080,32,512,512,1
16,3,"[4, 64, 0, 0, 0, 0, 0, 0, 0, 0, 0, 0, 0, 0, 0, 4, 0, 0, 0, 0, 0, 0, 0, 0, 0, 0, 0, 0, 0, 0]",1,128,64.0,516.0,3275573565,3275590964,3551934888,3551936647,0,1,1,-1,1,17399,1759,32,512,512,1
12,3,"[4, 64, 0, 0, 0, 0, 0, 0, 0, 0, 0, 0, 0, 0, 0, 4, 64, 0, 0, 0, 0, 0, 0, 0, 0, 0, 0, 0, 0, 0]",1,128,64.0,768.0,3275765377,3275782248,3551936648,3551939944,0,512,512,-1,1,16871,3296,32,512,512,1
12,3,"[4, 64, 0, 0, 0, 0, 0, 0, 0, 0, 0, 0, 0, 0, 0, 4, 64, 0, 0, 0, 0, 0, 0, 0, 0, 0, 0, 0, 0, 0]",1,128,64.0,768.0,3275953374,3275969706,3551940456,3551942376,0,448,448,-1,1,16332,1920,32,512,512,1
16,3,"[4, 64, 16, 3, 3, 0, 0, 0, 0, 0, 0, 0, 0, 0, 0, 4, 0, 0, 0, 0, 0, 0, 0, 0, 0, 0, 0, 0, 0, 0]",18,128,9216.0,73732.0,3276159114,3276177002,3551942824,3551944871,0,1,1,-1,1,17888,2047,32,512,512,1
12,3,"[4, 64, 16, 3, 3, 0, 0, 0, 0, 0, 0, 0, 0, 0, 0, 4, 64, 16, 3, 3, 0, 0, 0, 0, 0, 0, 0, 0, 0, 0]",18,128,9216.0,110592.0,3276354534,3276371575,3551944872,3551946920,0,1408,1408,-1,1,17041,2048,32,512,512,1
12,3,"[4, 64, 16, 3, 3, 0, 0, 0, 0, 0, 0, 0, 0, 0, 0, 4, 64, 16, 3, 3, 0, 0, 0, 0, 0, 0, 0, 0, 0, 0]",18,128,9216.0,110592.0,3276545280,3276561751,3551948328,3551950344,0,608,608,-1,1,16471,2016,32,512,512,1
16,3,"[4, 64, 0, 0, 0, 0, 0, 0, 0, 0, 0, 0, 0, 0, 0, 4, 0, 0, 0, 0, 0, 0, 0, 0, 0, 0, 0, 0, 0, 0]",1,128,64.0,516.0,3276760965,3276781273,3551950952,3551952872,0,224,224,-1,1,20308,1920,32,512,512,1
12,3,"[4, 64, 0, 0, 0, 0, 0, 0, 0, 0, 0, 0, 0, 0, 0, 4, 64, 0, 0, 0, 0, 0, 0, 0, 0, 0, 0, 0, 0, 0]",1,128,64.0,768.0,3276958285,3276974972,3551953096,3551955112,0,1088,1088,-1,1,16687,2016,32,512,512,1
12,3,"[4, 64, 0, 0, 0, 0, 0, 0, 0, 0, 0, 0, 0, 0, 0, 4, 64, 0, 0, 0, 0, 0, 0, 0, 0, 0, 0, 0, 0, 0]",1,128,64.0,768.0,3277147008,3277163663,3551956200,3551957160,0,1536,1536,-1,1,16655,960,32,512,512,1
16,3,"[4, 64, 0, 0, 0, 0, 0, 0, 0, 0, 0, 0, 0, 0, 0, 4, 0, 0, 0, 0, 0, 0, 0, 0, 0, 0, 0, 0, 0, 0]",1,128,64.0,516.0,3277334853,3277352148,3551958696,3551960584,0,576,576,-1,1,17295,1888,32,512,512,1
12,3,"[4, 64, 0, 0, 0, 0, 0, 0, 0, 0, 0, 0, 0, 0, 0, 4, 64, 0, 0, 0, 0, 0, 0, 0, 0, 0, 0, 0, 0, 0]",1,128,64.0,768.0,3277542445,3277560158,3551961160,3551963303,0,1,1,-1,1,17713,2143,32,512,512,1
12,3,"[4, 64, 0, 0, 0, 0, 0, 0, 0, 0, 0, 0, 0, 0, 0, 4, 64, 0, 0, 0, 0, 0, 0, 0, 0, 0, 0, 0, 0, 0]",1,128,64.0,768.0,3277731960,3277748427,3551963304,3551965352,0,1056,1056,-1,1,16467,2048,32,512,512,1
16,3,"[4, 8, 64, 1, 1, 0, 0, 0, 0, 0, 0, 0, 0, 0, 0, 4, 0, 0, 0, 0, 0, 0, 0, 0, 0, 0, 0, 0, 0, 0]",1,128,512.0,4100.0,3277928792,3277946610,3551966408,3551967400,0,1504,1504,-1,1,17818,992,32,512,512,1
12,3,"[4, 8, 64, 1, 1, 0, 0, 0, 0, 0, 0, 0, 0, 0, 0, 4, 8, 64, 1, 1, 0, 0, 0, 0, 0, 0, 0, 0, 0, 0]",1,128,512.0,6144.0,3278124815,3278142072,3551968904,3551971208,0,288,288,-1,1,17257,2304,32,512,512,1
12,3,"[4, 8, 64, 1, 1, 0, 0, 0, 0, 0, 0, 0, 0, 0, 0, 4, 8, 64, 1, 1, 0, 0, 0, 0, 0, 0, 0, 0, 0, 0]",1,128,512.0,6144.0,3278320960,3278337289,3551971496,3551973511,0,1,1,-1,1,16329,2015,32,512,512,1
16,3,"[4, 8, 0, 0, 0, 0, 0, 0, 0, 0, 0, 0, 0, 0, 0, 4, 0, 0, 0, 0, 0, 0, 0, 0, 0, 0, 0, 0, 0, 0]",1,128,8.0,68.0,3278508931,3278526175,3551973512,3551975592,0,1056,1056,-1,1,17244,2080,32,512,512,1
12,3,"[4, 8, 0, 0, 0, 0, 0, 0, 0, 0, 0, 0, 0, 0, 0, 4, 8, 0, 0, 0, 0, 0, 0, 0, 0, 0, 0, 0, 0, 0]",1,128,8.0,96.0,3278713580,3278730571,3551976648,3551979016,0,512,512,-1,1,16991,2368,32,512,512,1
12,3,"[4, 8, 0, 0, 0, 0, 0, 0, 0, 0, 0, 0, 0, 0, 0, 4, 8, 0, 0, 0, 0, 0, 0, 0, 0, 0, 0, 0, 0, 0]",1,128,8.0,96.0,3278904354,3278920822,3551979528,3551981448,0,288,288,-1,1,16468,1920,32,512,512,1
16,3,"[4, 64, 8, 1, 1, 0, 0, 0, 0, 0, 0, 0, 0, 0, 0, 4, 0, 0, 0, 0, 0, 0, 0, 0, 0, 0, 0, 0, 0, 0]",1,128,512.0,4100.0,3279097709,3279114717,3551981736,3551983784,0,384,384,-1,1,17008,2048,32,512,512,1
12,3,"[4, 64, 8, 1, 1, 0, 0, 0, 0, 0, 0, 0, 0, 0, 0, 4, 64, 8, 1, 1, 0, 0, 0, 0, 0, 0, 0, 0, 0, 0]",1,128,512.0,6144.0,3279288216,3279304492,3551984168,3551986856,0,544,544,-1,1,16276,2688,32,512,512,1
12,3,"[4, 64, 8, 1, 1, 0, 0, 0, 0, 0, 0, 0, 0, 0, 0, 4, 64, 8, 1, 1, 0, 0, 0, 0, 0, 0, 0, 0, 0, 0]",1,128,512.0,6144.0,3279478534,3279494733,3551987400,3551989320,0,576,576,-1,1,16199,1920,32,512,512,1
16,3,"[4, 64, 0, 0, 0, 0, 0, 0, 0, 0, 0, 0, 0, 0, 0, 4, 0, 0, 0, 0, 0, 0, 0, 0, 0, 0, 0, 0, 0, 0]",1,128,64.0,516.0,3279667975,3279684630,3551989896,3551991752,0,192,192,-1,1,16655,1856,32,512,512,1
12,3,"[4, 64, 0, 0, 0, 0, 0, 0, 0, 0, 0, 0, 0, 0, 0, 4, 64, 0, 0, 0, 0, 0, 0, 0, 0, 0, 0, 0, 0, 0]",1,128,64.0,768.0,3279856731,3279873370,3551991944,3551994024,0,1280,1280,-1,1,16639,2080,32,512,512,1
12,3,"[4, 64, 0, 0, 0, 0, 0, 0, 0, 0, 0, 0, 0, 0, 0, 4, 64, 0, 0, 0, 0, 0, 0, 0, 0, 0, 0, 0, 0, 0]",1,128,64.0,768.0,3280059209,3280076101,3551995304,3551997192,0,576,576,-1,1,16892,1888,32,512,512,1
16,3,"[4, 64, 64, 1, 1, 0, 0, 0, 0, 0, 0, 0, 0, 0, 0, 4, 0, 0, 0, 0, 0, 0, 0, 0, 0, 0, 0, 0, 0, 0]",8,128,4096.0,32772.0,3280251108,3280268795,3551997768,3551999720,0,448,448,-1,1,17687,1952,32,512,512,1
12,3,"[4, 64, 64, 1, 1, 0, 0, 0, 0, 0, 0, 0, 0, 0, 0, 4, 64, 64, 1, 1, 0, 0, 0, 0, 0, 0, 0, 0, 0, 0]",8,128,4096.0,49152.0,3280443199,3280459923,3552000168,3552002183,0,1,1,-1,1,16724,2015,32,512,512,1
12,3,"[4, 64, 64, 1, 1, 0, 0, 0, 0, 0, 0, 0, 0, 0, 0, 4, 64, 64, 1, 1, 0, 0, 0, 0, 0, 0, 0, 0, 0, 0]",8,128,4096.0,49152.0,3280652787,3280670588,3552002184,3552004264,0,1280,1280,-1,1,17801,2080,32,512,512,1
16,3,"[4, 64, 0, 0, 0, 0, 0, 0, 0, 0, 0, 0, 0, 0, 0, 4, 0, 0, 0, 0, 0, 0, 0, 0, 0, 0, 0, 0, 0, 0]",1,128,64.0,516.0,3281138988,3281160518,3552005544,3552007400,0,608,608,-1,1,21530,1856,32,512,512,1
12,3,"[4, 64, 0, 0, 0, 0, 0, 0, 0, 0, 0, 0, 0, 0, 0, 4, 64, 0, 0, 0, 0, 0, 0, 0, 0, 0, 0, 0, 0, 0]",1,128,64.0,768.0,3281370009,3281388763,3552008008,3552010312,0,256,256,-1,1,18754,2304,32,512,512,1
12,3,"[4, 64, 0, 0, 0, 0, 0, 0, 0, 0, 0, 0, 0, 0, 0, 4, 64, 0, 0, 0, 0, 0, 0, 0, 0, 0, 0, 0, 0, 0]",1,128,64.0,768.0,3281566320,3281583118,3552010568,3552012456,0,608,608,-1,1,16798,1888,32,512,512,1
16,3,"[4, 64, 0, 0, 0, 0, 0, 0, 0, 0, 0, 0, 0, 0, 0, 4, 0, 0, 0, 0, 0, 0, 0, 0, 0, 0, 0, 0, 0, 0]",1,128,64.0,516.0,3281758256,3281775667,3552013064,3552014504,0,1408,1408,-1,1,17411,1440,32,512,512,1
12,3,"[4, 64, 0, 0, 0, 0, 0, 0, 0, 0, 0, 0, 0, 0, 0, 4, 64, 0, 0, 0, 0, 0, 0, 0, 0, 0, 0, 0, 0, 0]",1,128,64.0,768.0,3281948144,3281965145,3552015912,3552018120,0,448,448,-1,1,17001,2208,32,512,512,1
12,3,"[4, 64, 0, 0, 0, 0, 0, 0, 0, 0, 0, 0, 0, 0, 0, 4, 64, 0, 0, 0, 0, 0, 0, 0, 0, 0, 0, 0, 0, 0]",1,128,64.0,768.0,3282137515,3282153884,3552018568,3552020648,0,288,288,-1,1,16369,2080,32,512,512,1
16,3,"[4, 144, 64, 1, 1, 0, 0, 0, 0, 0, 0, 0, 0, 0, 0, 4, 0, 0, 0, 0, 0, 0, 0, 0, 0, 0, 0, 0, 0, 0]",18,128,9216.0,73732.0,3282328919,3282348125,3552020936,3552022696,0,1088,1088,-1,1,19206,1760,32,512,512,1
12,3,"[4, 144, 64, 1, 1, 0, 0, 0, 0, 0, 0, 0, 0, 0, 0, 4, 144, 64, 1, 1, 0, 0, 0, 0, 0, 0, 0, 0, 0, 0]",18,128,9216.0,110592.0,3282574055,3282597730,3552023784,3552025960,0,576,576,-1,1,23675,2176,32,512,512,1
12,3,"[4, 144, 64, 1, 1, 0, 0, 0, 0, 0, 0, 0, 0, 0, 0, 4, 144, 64, 1, 1, 0, 0, 0, 0, 0, 0, 0, 0, 0, 0]",18,128,9216.0,110592.0,3282793657,3282812666,3552026536,3552028520,0,320,320,-1,1,19009,1984,32,512,512,1
16,3,"[4, 144, 0, 0, 0, 0, 0, 0, 0, 0, 0, 0, 0, 0, 0, 4, 0, 0, 0, 0, 0, 0, 0, 0, 0, 0, 0, 0, 0, 0]",1,128,144.0,1156.0,3282996165,3283013898,3552028840,3552030888,0,288,288,-1,1,17733,2048,32,512,512,1
12,3,"[4, 144, 0, 0, 0, 0, 0, 0, 0, 0, 0, 0, 0, 0, 0, 4, 144, 0, 0, 0, 0, 0, 0, 0, 0, 0, 0, 0, 0, 0]",1,128,144.0,1728.0,3283191126,3283207909,3552031176,3552032936,0,1376,1376,-1,1,16783,1760,32,512,512,1
12,3,"[4, 144, 0, 0, 0, 0, 0, 0, 0, 0, 0, 0, 0, 0, 0, 4, 144, 0, 0, 0, 0, 0, 0, 0, 0, 0, 0, 0, 0, 0]",1,128,144.0,1728.0,3283384668,3283401432,3552034312,3552036264,0,544,544,-1,1,16764,1952,32,512,512,1
16,3,"[4, 144, 0, 0, 0, 0, 0, 0, 0, 0, 0, 0, 0, 0, 0, 4, 0, 0, 0, 0, 0, 0, 0, 0, 0, 0, 0, 0, 0, 0]",1,128,144.0,1156.0,3283573798,3283590850,3552036808,3552038728,0,320,320,-1,1,17052,1920,32,512,512,1
12,3,"[4, 144, 0, 0, 0, 0, 0, 0, 0, 0, 0, 0, 0, 0, 0, 4, 144, 0, 0, 0, 0, 0, 0, 0, 0, 0, 0, 0, 0, 0]",1,128,144.0,1728.0,3283763967,3283780891,3552039048,3552041128,0,1056,1056,-1,1,16924,2080,32,512,512,1
12,3,"[4, 144, 0, 0, 0, 0, 0, 0, 0, 0, 0, 0, 0, 0, 0, 4, 144, 0, 0, 0, 0, 0, 0, 0, 0, 0, 0, 0, 0, 0]",1,128,144.0,1728.0,3283967403,3283984588,3552042184,3552043176,0,1504,1504,-1,1,17185,992,32,512,512,1
16,3,"[4, 144, 64, 1, 1, 0, 0, 0, 0, 0, 0, 0, 0, 0, 0, 4, 0, 0, 0, 0, 0, 0, 0, 0, 0, 0, 0, 0, 0, 0]",18,128,9216.0,73732.0,3284178792,3284195782,3552044680,3552046632,0,544,544,-1,1,16990,1952,32,512,512,1
12,3,"[4, 144, 64, 1, 1, 0, 0, 0, 0, 0, 0, 0, 0, 0, 0, 4, 144, 64, 1, 1, 0, 0, 0, 0, 0, 0, 0, 0, 0, 0]",18,128,9216.0,110592.0,3284370107,3284386807,3552047176,3552049287,0,1,1,-1,1,16700,2111,32,512,512,1
12,3,"[4, 144, 64, 1, 1, 0, 0, 0, 0, 0, 0, 0, 0, 0, 0, 4, 144, 64, 1, 1, 0, 0, 0, 0, 0, 0, 0, 0, 0, 0]",18,128,9216.0,110592.0,3284562190,3284578094,3552049288,3552051368,0,1088,1088,-1,1,15904,2080,32,512,512,1
16,3,"[4, 144, 0, 0, 0, 0, 0, 0, 0, 0, 0, 0, 0, 0, 0, 4, 0, 0, 0, 0, 0, 0, 0, 0, 0, 0, 0, 0, 0, 0]",1,128,144.0,1156.0,3284774133,3284792940,3552052456,3552053416,0,1536,1536,-1,1,18807,960,32,512,512,1
12,3,"[4, 144, 0, 0, 0, 0, 0, 0, 0, 0, 0, 0, 0, 0, 0, 4, 144, 0, 0, 0, 0, 0, 0, 0, 0, 0, 0, 0, 0, 0]",1,128,144.0,1728.0,3284970910,3284987805,3552054952,3552057224,0,288,288,-1,1,16895,2272,32,512,512,1
12,3,"[4, 144, 0, 0, 0, 0, 0, 0, 0, 0, 0, 0, 0, 0, 0, 4, 144, 0, 0, 0, 0, 0, 0, 0, 0, 0, 0, 0, 0, 0]",1,128,144.0,1728.0,3285175833,3285193034,3552057512,3552059527,0,1,1,-1,1,17201,2015,32,512,512,1
16,3,"[4, 144, 0, 0, 0, 0, 0, 0, 0, 0, 0, 0, 0, 0, 0, 4, 0, 0, 0, 0, 0, 0, 0, 0, 0, 0, 0, 0, 0, 0]",1,128,144.0,1156.0,3285366979,3285384597,3552059528,3552061608,0,1248,1248,-1,1,17618,2080,32,512,512,1
12,3,"[4, 144, 0, 0, 0, 0, 0, 0, 0, 0, 0, 0, 0, 0, 0, 4, 144, 0, 0, 0, 0, 0, 0, 0, 0, 0, 0, 0, 0, 0]",1,128,144.0,1728.0,3285559911,3285576805,3552062856,3552065032,0,576,576,-1,1,16894,2176,32,512,512,1
12,3,"[4, 144, 0, 0, 0, 0, 0, 0, 0, 0, 0, 0, 0, 0, 0, 4, 144, 0, 0, 0, 0, 0, 0, 0, 0, 0, 0, 0, 0, 0]",1,128,144.0,1728.0,3285757605,3285768805,3552065608,3552067560,0,160,160,-1,1,11200,1952,32,512,512,1
16,3,"[4, 144, 16, 3, 3, 0, 0, 0, 0, 0, 0, 0, 0, 0, 0, 4, 0, 0, 0, 0, 0, 0, 0, 0, 0, 0, 0, 0, 0, 0]",41,128,20736.0,165892.0,3285883390,3285895146,3552067720,3552069800,0,608,608,-1,1,11756,2080,32,512,512,1
12,3,"[4, 144, 16, 3, 3, 0, 0, 0, 0, 0, 0, 0, 0, 0, 0, 4, 144, 16, 3, 3, 0, 0, 0, 0, 0, 0, 0, 0, 0, 0]",41,128,20736.0,248832.0,3286010976,3286022230,3552070408,3552072872,0,512,512,-1,1,11254,2464,32,512,512,1
12,3,"[4, 144, 16, 3, 3, 0, 0, 0, 0, 0, 0, 0, 0, 0, 0, 4, 144, 16, 3, 3, 0, 0, 0, 0, 0, 0, 0, 0, 0, 0]",41,128,20736.0,248832.0,3286136327,3286161341,3552073384,3552075464,0,448,448,-1,1,25014,2080,32,512,512,1
16,3,"[4, 144, 0, 0, 0, 0, 0, 0, 0, 0, 0, 0, 0, 0, 0, 4, 0, 0, 0, 0, 0, 0, 0, 0, 0, 0, 0, 0, 0, 0]",1,128,144.0,1156.0,3286279919,3286291826,3552075912,3552077960,0,224,224,-1,1,11907,2048,32,512,512,1
12,3,"[4, 144, 0, 0, 0, 0, 0, 0, 0, 0, 0, 0, 0, 0, 0, 4, 144, 0, 0, 0, 0, 0, 0, 0, 0, 0, 0, 0, 0, 0]",1,128,144.0,1728.0,3286407225,3286419040,3552078184,3552080040,0,1248,1248,-1,1,11815,1856,32,512,512,1
12,3,"[4, 144, 0, 0, 0, 0, 0, 0, 0, 0, 0, 0, 0, 0, 0, 4, 144, 0, 0, 0, 0, 0, 0, 0, 0, 0, 0, 0, 0, 0]",1,128,144.0,1728.0,3286534261,3286545242,3552081288,3552083208,0,544,544,-1,1,10981,1920,32,512,512,1
16,3,"[4, 144, 0, 0, 0, 0, 0, 0, 0, 0, 0, 0, 0, 0, 0, 4, 0, 0, 0, 0, 0, 0, 0, 0, 0, 0, 0, 0, 0, 0]",1,128,144.0,1156.0,3286659046,3286670286,3552083752,3552085672,0,480,480,-1,1,11240,1920,32,512,512,1
12,3,"[4, 144, 0, 0, 0, 0, 0, 0, 0, 0, 0, 0, 0, 0, 0, 4, 144, 0, 0, 0, 0, 0, 0, 0, 0, 0, 0, 0, 0, 0]",1,128,144.0,1728.0,3286784525,3286796140,3552086152,3552088231,0,1,1,-1,1,11615,2079,32,512,512,1
12,3,"[4, 144, 0, 0, 0, 0, 0, 0, 0, 0, 0, 0, 0, 0, 0, 4, 144, 0, 0, 0, 0, 0, 0, 0, 0, 0, 0, 0, 0, 0]",1,128,144.0,1728.0,3286911687,3286923153,3552088232,3552090280,0,1248,1248,-1,1,11466,2048,32,512,512,1
16,3,"[4, 16, 144, 1, 1, 0, 0, 0, 0, 0, 0, 0, 0, 0, 0, 4, 0, 0, 0, 0, 0, 0, 0, 0, 0, 0, 0, 0, 0, 0]",5,128,2304.0,18436.0,3287051267,3287063562,3552091528,3552093480,0,544,544,-1,1,12295,1952,32,512,512,1
12,3,"[4, 16, 144, 1, 1, 0, 0, 0, 0, 0, 0, 0, 0, 0, 0, 4, 16, 144, 1, 1, 0, 0, 0, 0, 0, 0, 0, 0, 0, 0]",5,128,2304.0,27648.0,3287180927,3287192229,3552094024,3552096328,0,256,256,-1,1,11302,2304,32,512,512,1
12,3,"[4, 16, 144, 1, 1, 0, 0, 0, 0, 0, 0, 0, 0, 0, 0, 4, 16, 144, 1, 1, 0, 0, 0, 0, 0, 0, 0, 0, 0, 0]",5,128,2304.0,27648.0,3287308643,3287319874,3552096584,3552098471,0,1,1,-1,1,11231,1887,32,512,512,1
16,3,"[4, 16, 0, 0, 0, 0, 0, 0, 0, 0, 0, 0, 0, 0, 0, 4, 0, 0, 0, 0, 0, 0, 0, 0, 0, 0, 0, 0, 0, 0]",1,128,16.0,132.0,3287436258,3287447703,3552098472,3552100520,0,1248,1248,-1,1,11445,2048,32,512,512,1
12,3,"[4, 16, 0, 0, 0, 0, 0, 0, 0, 0, 0, 0, 0, 0, 0, 4, 16, 0, 0, 0, 0, 0, 0, 0, 0, 0, 0, 0, 0, 0]",1,128,16.0,192.0,3287560231,3287571455,3552101768,3552104136,0,448,448,-1,1,11224,2368,32,512,512,1
12,3,"[4, 16, 0, 0, 0, 0, 0, 0, 0, 0, 0, 0, 0, 0, 0, 4, 16, 0, 0, 0, 0, 0, 0, 0, 0, 0, 0, 0, 0, 0]",1,128,16.0,192.0,3287684856,3287695604,3552104584,3552106600,0,224,224,-1,1,10748,2016,32,512,512,1
16,3,"[4, 144, 16, 1, 1, 0, 0, 0, 0, 0, 0, 0, 0, 0, 0, 4, 0, 0, 0, 0, 0, 0, 0, 0, 0, 0, 0, 0, 0, 0]",5,128,2304.0,18436.0,3287820445,3287832408,3552106824,3552108711,0,1,1,-1,1,11963,1887,32,512,512,1
12,3,"[4, 144, 16, 1, 1, 0, 0, 0, 0, 0, 0, 0, 0, 0, 0, 4, 144, 16, 1, 1, 0, 0, 0, 0, 0, 0, 0, 0, 0, 0]",5,128,2304.0,27648.0,3287950850,3287962340,3552108712,3552111944,0,640,640,-1,1,11490,3232,32,512,512,1
12,3,"[4, 144, 16, 1, 1, 0, 0, 0, 0, 0, 0, 0, 0, 0, 0, 4, 144, 16, 1, 1, 0, 0, 0, 0, 0, 0, 0, 0, 0, 0]",5,128,2304.0,27648.0,3288265383,3288279083,3552112584,3552114536,0,288,288,-1,1,13700,1952,32,512,512,1
16,3,"[4, 144, 0, 0, 0, 0, 0, 0, 0, 0, 0, 0, 0, 0, 0, 4, 0, 0, 0, 0, 0, 0, 0, 0, 0, 0, 0, 0, 0, 0]",1,128,144.0,1156.0,3288405791,3288418562,3552114824,3552116904,0,320,320,-1,1,12771,2080,32,512,512,1
12,3,"[4, 144, 0, 0, 0, 0, 0, 0, 0, 0, 0, 0, 0, 0, 0, 4, 144, 0, 0, 0, 0, 0, 0, 0, 0, 0, 0, 0, 0, 0]",1,128,144.0,1728.0,3288535571,3288546822,3552117224,3552118952,0,1408,1408,-1,1,11251,1728,32,512,512,1
12,3,"[4, 144, 0, 0, 0, 0, 0, 0, 0, 0, 0, 0, 0, 0, 0, 4, 144, 0, 0, 0, 0, 0, 0, 0, 0, 0, 0, 0, 0, 0]",1,128,144.0,1728.0,3288678148,3288690278,3552120360,3552122280,0,544,544,-1,1,12130,1920,32,512,512,1
16,3,"[4, 144, 144, 1, 1, 0, 0, 0, 0, 0, 0, 0, 0, 0, 0, 4, 0, 0, 0, 0, 0, 0, 0, 0, 0, 0, 0, 0, 0, 0]",41,128,20736.0,165892.0,3288820751,3288833979,3552122824,3552124968,0,96,96,-1,1,13228,2144,32,512,512,1
12,3,"[4, 144, 144, 1, 1, 0, 0, 0, 0, 0, 0, 0, 0, 0, 0, 4, 144, 144, 1, 1, 0, 0, 0, 0, 0, 0, 0, 0, 0, 0]",41,128,20736.0,248832.0,3288950585,3288962588,3552125064,3552127111,0,1,1,-1,1,12003,2047,32,512,512,1
12,3,"[4, 144, 144, 1, 1, 0, 0, 0, 0, 0, 0, 0, 0, 0, 0, 4, 144, 144, 1, 1, 0, 0, 0, 0, 0, 0, 0, 0, 0, 0]",41,128,20736.0,248832.0,3289077068,3289088449,3552127112,3552129192,0,1600,1600,-1,1,11381,2080,32,512,512,1
16,3,"[4, 144, 0, 0, 0, 0, 0, 0, 0, 0, 0, 0, 0, 0, 0, 4, 0, 0, 0, 0, 0, 0, 0, 0, 0, 0, 0, 0, 0, 0]",1,128,144.0,1156.0,3289200546,3289211823,3552130792,3552132712,0,512,512,-1,1,11277,1920,32,512,512,1
12,3,"[4, 144, 0, 0, 0, 0, 0, 0, 0, 0, 0, 0, 0, 0, 0, 4, 144, 0, 0, 0, 0, 0, 0, 0, 0, 0, 0, 0, 0, 0]",1,128,144.0,1728.0,3289324522,3289335859,3552133224,3552135336,0,320,320,-1,1,11337,2112,32,512,512,1
12,3,"[4, 144, 0, 0, 0, 0, 0, 0, 0, 0, 0, 0, 0, 0, 0, 4, 144, 0, 0, 0, 0, 0, 0, 0, 0, 0, 0, 0, 0, 0]",1,128,144.0,1728.0,3289450994,3289462240,3552135656,3552137384,0,1120,1120,-1,1,11246,1728,32,512,512,1
16,3,"[4, 144, 0, 0, 0, 0, 0, 0, 0, 0, 0, 0, 0, 0, 0, 4, 0, 0, 0, 0, 0, 0, 0, 0, 0, 0, 0, 0, 0, 0]",1,128,144.0,1156.0,3289587830,3289600350,3552138504,3552139432,0,1568,1568,-1,1,12520,928,32,512,512,1
12,3,"[4, 144, 0, 0, 0, 0, 0, 0, 0, 0, 0, 0, 0, 0, 0, 4, 144, 0, 0, 0, 0, 0, 0, 0, 0, 0, 0, 0, 0, 0]",1,128,144.0,1728.0,3289717018,3289729033,3552141000,3552143240,0,288,288,-1,1,12015,2240,32,512,512,1
12,3,"[4, 144, 0, 0, 0, 0, 0, 0, 0, 0, 0, 0, 0, 0, 0, 4, 144, 0, 0, 0, 0, 0, 0, 0, 0, 0, 0, 0, 0, 0]",1,128,144.0,1728.0,3289844170,3289855162,3552143528,3552145543,0,1,1,-1,1,10992,2015,32,512,512,1
16,3,"[4, 144, 144, 1, 1, 0, 0, 0, 0, 0, 0, 0, 0, 0, 0, 4, 0, 0, 0, 0, 0, 0, 0, 0, 0, 0, 0, 0, 0, 0]",41,128,20736.0,165892.0,3289971850,3289984420,3552145544,3552147624,0,1280,1280,-1,1,12570,2080,32,512,512,1
12,3,"[4, 144, 144, 1, 1, 0, 0, 0, 0, 0, 0, 0, 0, 0, 0, 4, 144, 144, 1, 1, 0, 0, 0, 0, 0, 0, 0, 0, 0, 0]",41,128,20736.0,248832.0,3290098881,3290110048,3552148904,3552151048,0,608,608,-1,1,11167,2144,32,512,512,1
12,3,"[4, 144, 144, 1, 1, 0, 0, 0, 0, 0, 0, 0, 0, 0, 0, 4, 144, 144, 1, 1, 0, 0, 0, 0, 0, 0, 0, 0, 0, 0]",41,128,20736.0,248832.0,3290225226,3290236160,3552151656,3552153704,0,256,256,-1,1,10934,2048,32,512,512,1
16,3,"[4, 144, 0, 0, 0, 0, 0, 0, 0, 0, 0, 0, 0, 0, 0, 4, 0, 0, 0, 0, 0, 0, 0, 0, 0, 0, 0, 0, 0, 0]",1,128,144.0,1156.0,3290361493,3290373135,3552153960,3552155783,0,1,1,-1,1,11642,1823,32,512,512,1
12,3,"[4, 144, 0, 0, 0, 0, 0, 0, 0, 0, 0, 0, 0, 0, 0, 4, 144, 0, 0, 0, 0, 0, 0, 0, 0, 0, 0, 0, 0, 0]",1,128,144.0,1728.0,3290488383,3290500208,3552155784,3552157864,0,1568,1568,-1,1,11825,2080,32,512,512,1
12,3,"[4, 144, 0, 0, 0, 0, 0, 0, 0, 0, 0, 0, 0, 0, 0, 4, 144, 0, 0, 0, 0, 0, 0, 0, 0, 0, 0, 0, 0, 0]",1,128,144.0,1728.0,3290614496,3290625952,3552159432,3552161384,0,544,544,-1,1,11456,1952,32,512,512,1
16,3,"[4, 144, 0, 0, 0, 0, 0, 0, 0, 0, 0, 0, 0, 0, 0, 4, 0, 0, 0, 0, 0, 0, 0, 0, 0, 0, 0, 0, 0, 0]",1,128,144.0,1156.0,3290739770,3290751337,3552161928,3552163848,0,224,224,-1,1,11567,1920,32,512,512,1
12,3,"[4, 144, 0, 0, 0, 0, 0, 0, 0, 0, 0, 0, 0, 0, 0, 4, 144, 0, 0, 0, 0, 0, 0, 0, 0, 0, 0, 0, 0, 0]",1,128,144.0,1728.0,3290863336,3290874304,3552164072,3552166056,0,1152,1152,-1,1,10968,1984,32,512,512,1
12,3,"[4, 144, 0, 0, 0, 0, 0, 0, 0, 0, 0, 0, 0, 0, 0, 4, 144, 0, 0, 0, 0, 0, 0, 0, 0, 0, 0, 0, 0, 0]",1,128,144.0,1728.0,3290986721,3290997516,3552167208,3552169128,0,576,576,-1,1,10795,1920,32,512,512,1
16,3,"[4, 144, 16, 3, 3, 0, 0, 0, 0, 0, 0, 0, 0, 0, 0, 4, 0, 0, 0, 0, 0, 0, 0, 0, 0, 0, 0, 0, 0, 0]",41,128,20736.0,165892.0,3291114635,3291126320,3552169704,3552171720,0,480,480,-1,1,11685,2016,32,512,512,1
12,3,"[4, 144, 16, 3, 3, 0, 0, 0, 0, 0, 0, 0, 0, 0, 0, 4, 144, 16, 3, 3, 0, 0, 0, 0, 0, 0, 0, 0, 0, 0]",41,128,20736.0,248832.0,3291254360,3291265620,3552172200,3552174248,0,512,512,-1,1,11260,2048,32,512,512,1
12,3,"[4, 144, 16, 3, 3, 0, 0, 0, 0, 0, 0, 0, 0, 0, 0, 4, 144, 16, 3, 3, 0, 0, 0, 0, 0, 0, 0, 0, 0, 0]",41,128,20736.0,248832.0,3291382034,3291393215,3552174760,3552176296,0,1440,1440,-1,1,11181,1536,32,512,512,1
16,3,"[4, 144, 0, 0, 0, 0, 0, 0, 0, 0, 0, 0, 0, 0, 0, 4, 0, 0, 0, 0, 0, 0, 0, 0, 0, 0, 0, 0, 0, 0]",1,128,144.0,1156.0,3291508995,3291520533,3552177736,3552179656,0,576,576,-1,1,11538,1920,32,512,512,1
12,3,"[4, 144, 0, 0, 0, 0, 0, 0, 0, 0, 0, 0, 0, 0, 0, 4, 144, 0, 0, 0, 0, 0, 0, 0, 0, 0, 0, 0, 0, 0]",1,128,144.0,1728.0,3291636600,3291647427,3552180232,3552182344,0,64,64,-1,1,10827,2112,32,512,512,1
12,3,"[4, 144, 0, 0, 0, 0, 0, 0, 0, 0, 0, 0, 0, 0, 0, 4, 144, 0, 0, 0, 0, 0, 0, 0, 0, 0, 0, 0, 0, 0]",1,128,144.0,1728.0,3291760456,3291771705,3552182408,3552184455,0,1,1,-1,1,11249,2047,32,512,512,1
16,3,"[4, 144, 0, 0, 0, 0, 0, 0, 0, 0, 0, 0, 0, 0, 0, 4, 0, 0, 0, 0, 0, 0, 0, 0, 0, 0, 0, 0, 0, 0]",1,128,144.0,1156.0,3291884761,3291895890,3552184456,3552186536,0,1344,1344,-1,1,11129,2080,32,512,512,1
12,3,"[4, 144, 0, 0, 0, 0, 0, 0, 0, 0, 0, 0, 0, 0, 0, 4, 144, 0, 0, 0, 0, 0, 0, 0, 0, 0, 0, 0, 0, 0]",1,128,144.0,1728.0,3292020278,3292031909,3552187880,3552190152,0,448,448,-1,1,11631,2272,32,512,512,1
12,3,"[4, 144, 0, 0, 0, 0, 0, 0, 0, 0, 0, 0, 0, 0, 0, 4, 144, 0, 0, 0, 0, 0, 0, 0, 0, 0, 0, 0, 0, 0]",1,128,144.0,1728.0,3292145760,3292156647,3552190600,3552192584,0,64,64,-1,1,10887,1984,32,512,512,1
16,3,"[4, 36, 144, 1, 1, 0, 0, 0, 0, 0, 0, 0, 0, 0, 0, 4, 0, 0, 0, 0, 0, 0, 0, 0, 0, 0, 0, 0, 0, 0]",11,128,5184.0,41476.0,3292273462,3292284852,3552192648,3552194695,0,1,1,-1,1,11390,2047,32,512,512,1
12,3,"[4, 36, 144, 1, 1, 0, 0, 0, 0, 0, 0, 0, 0, 0, 0, 4, 36, 144, 1, 1, 0, 0, 0, 0, 0, 0, 0, 0, 0, 0]",11,128,5184.0,62208.0,3292400331,3292411852,3552194696,3552197960,0,576,576,-1,1,11521,3264,32,512,512,1
12,3,"[4, 36, 144, 1, 1, 0, 0, 0, 0, 0, 0, 0, 0, 0, 0, 4, 36, 144, 1, 1, 0, 0, 0, 0, 0, 0, 0, 0, 0, 0]",11,128,5184.0,62208.0,3292526549,3292537233,3552198536,3552200520,0,352,352,-1,1,10684,1984,32,512,512,1
16,3,"[4, 36, 0, 0, 0, 0, 0, 0, 0, 0, 0, 0, 0, 0, 0, 4, 0, 0, 0, 0, 0, 0, 0, 0, 0, 0, 0, 0, 0, 0]",1,128,36.0,292.0,3292659437,3292671157,3552200872,3552202920,0,256,256,-1,1,11720,2048,32,512,512,1
12,3,"[4, 36, 0, 0, 0, 0, 0, 0, 0, 0, 0, 0, 0, 0, 0, 4, 36, 0, 0, 0, 0, 0, 0, 0, 0, 0, 0, 0, 0, 0]",1,128,36.0,432.0,3292785474,3292796282,3552203176,3552204968,0,1408,1408,-1,1,10808,1792,32,512,512,1
12,3,"[4, 36, 0, 0, 0, 0, 0, 0, 0, 0, 0, 0, 0, 0, 0, 4, 36, 0, 0, 0, 0, 0, 0, 0, 0, 0, 0, 0, 0, 0]",1,128,36.0,432.0,3292920258,3292931335,3552206376,3552208296,0,576,576,-1,1,11077,1920,32,512,512,1
16,3,"[4, 144, 36, 1, 1, 0, 0, 0, 0, 0, 0, 0, 0, 0, 0, 4, 0, 0, 0, 0, 0, 0, 0, 0, 0, 0, 0, 0, 0, 0]",11,128,5184.0,41476.0,3293047919,3293059655,3552208872,3552210824,0,288,288,-1,1,11736,1952,32,512,512,1
12,3,"[4, 144, 36, 1, 1, 0, 0, 0, 0, 0, 0, 0, 0, 0, 0, 4, 144, 36, 1, 1, 0, 0, 0, 0, 0, 0, 0, 0, 0, 0]",11,128,5184.0,62208.0,3293175021,3293186228,3552211112,3552213127,0,1,1,-1,1,11207,2015,32,512,512,1
12,3,"[4, 144, 36, 1, 1, 0, 0, 0, 0, 0, 0, 0, 0, 0, 0, 4, 144, 36, 1, 1, 0, 0, 0, 0, 0, 0, 0, 0, 0, 0]",11,128,5184.0,62208.0,3293298178,3293309593,3552213128,3552215208,0,1504,1504,-1,1,11415,2080,32,512,512,1
16,3,"[4, 144, 0, 0, 0, 0, 0, 0, 0, 0, 0, 0, 0, 0, 0, 4, 0, 0, 0, 0, 0, 0, 0, 0, 0, 0, 0, 0, 0, 0]",1,128,144.0,1156.0,3293424013,3293435119,3552216712,3552218632,0,576,576,-1,1,11106,1920,32,512,512,1
12,3,"[4, 144, 0, 0, 0, 0, 0, 0, 0, 0, 0, 0, 0, 0, 0, 4, 144, 0, 0, 0, 0, 0, 0, 0, 0, 0, 0, 0, 0, 0]",1,128,144.0,1728.0,3293744927,3293759736,3552219208,3552221351,0,1,1,-1,1,14809,2143,32,512,512,1
12,3,"[4, 144, 0, 0, 0, 0, 0, 0, 0, 0, 0, 0, 0, 0, 0, 4, 144, 0, 0, 0, 0, 0, 0, 0, 0, 0, 0, 0, 0, 0]",1,128,144.0,1728.0,3293908072,3293920889,3552221352,3552223400,0,1088,1088,-1,1,12817,2048,32,512,512,1
16,3,"[4, 144, 144, 1, 1, 0, 0, 0, 0, 0, 0, 0, 0, 0, 0, 4, 0, 0, 0, 0, 0, 0, 0, 0, 0, 0, 0, 0, 0, 0]",41,128,20736.0,165892.0,3294040623,3294053878,3552224488,3552226504,0,608,608,-1,1,13255,2016,32,512,512,1
12,3,"[4, 144, 144, 1, 1, 0, 0, 0, 0, 0, 0, 0, 0, 0, 0, 4, 144, 144, 1, 1, 0, 0, 0, 0, 0, 0, 0, 0, 0, 0]",41,128,20736.0,248832.0,3294170038,3294181139,3552227112,3552229224,0,320,320,-1,1,11101,2112,32,512,512,1
12,3,"[4, 144, 144, 1, 1, 0, 0, 0, 0, 0, 0, 0, 0, 0, 0, 4, 144, 144, 1, 1, 0, 0, 0, 0, 0, 0, 0, 0, 0, 0]",41,128,20736.0,248832.0,3294297843,3294309550,3552229544,3552231592,0,480,480,-1,1,11707,2048,32,512,512,1
16,3,"[4, 144, 0, 0, 0, 0, 0, 0, 0, 0, 0, 0, 0, 0, 0, 4, 0, 0, 0, 0, 0, 0, 0, 0, 0, 0, 0, 0, 0, 0]",1,128,144.0,1156.0,3294422983,3294434895,3552232072,3552233640,0,1248,1248,-1,1,11912,1568,32,512,512,1
12,3,"[4, 144, 0, 0, 0, 0, 0, 0, 0, 0, 0, 0, 0, 0, 0, 4, 144, 0, 0, 0, 0, 0, 0, 0, 0, 0, 0, 0, 0, 0]",1,128,144.0,1728.0,3294559086,3294570505,3552234888,3552237032,0,512,512,-1,1,11419,2144,32,512,512,1
12,3,"[4, 144, 0, 0, 0, 0, 0, 0, 0, 0, 0, 0, 0, 0, 0, 4, 144, 0, 0, 0, 0, 0, 0, 0, 0, 0, 0, 0, 0, 0]",1,128,144.0,1728.0,3294687619,3294698854,3552237544,3552239528,0,224,224,-1,1,11235,1984,32,512,512,1
16,3,"[4, 144, 0, 0, 0, 0, 0, 0, 0, 0, 0, 0, 0, 0, 0, 4, 0, 0, 0, 0, 0, 0, 0, 0, 0, 0, 0, 0, 0, 0]",1,128,144.0,1156.0,3294813371,3294824738,3552239752,3552241832,0,384,384,-1,1,11367,2080,32,512,512,1
12,3,"[4, 144, 0, 0, 0, 0, 0, 0, 0, 0, 0, 0, 0, 0, 0, 4, 144, 0, 0, 0, 0, 0, 0, 0, 0, 0, 0, 0, 0, 0]",1,128,144.0,1728.0,3294941193,3294952715,3552242216,3552243880,0,1600,1600,-1,1,11522,1664,32,512,512,1
12,3,"[4, 144, 0, 0, 0, 0, 0, 0, 0, 0, 0, 0, 0, 0, 0, 4, 144, 0, 0, 0, 0, 0, 0, 0, 0, 0, 0, 0, 0, 0]",1,128,144.0,1728.0,3295068319,3295079740,3552245480,3552247400,0,544,544,-1,1,11421,1920,32,512,512,1
16,3,"[4, 144, 144, 1, 1, 0, 0, 0, 0, 0, 0, 0, 0, 0, 0, 4, 0, 0, 0, 0, 0, 0, 0, 0, 0, 0, 0, 0, 0, 0]",41,128,20736.0,165892.0,3295197219,3295209104,3552247944,3552250024,0,224,224,-1,1,11885,2080,32,512,512,1
12,3,"[4, 144, 144, 1, 1, 0, 0, 0, 0, 0, 0, 0, 0, 0, 0, 4, 144, 144, 1, 1, 0, 0, 0, 0, 0, 0, 0, 0, 0, 0]",41,128,20736.0,248832.0,3295323736,3295335416,3552250248,3552252072,0,1184,1184,-1,1,11680,1824,32,512,512,1
12,3,"[4, 144, 144, 1, 1, 0, 0, 0, 0, 0, 0, 0, 0, 0, 0, 4, 144, 144, 1, 1, 0, 0, 0, 0, 0, 0, 0, 0, 0, 0]",41,128,20736.0,248832.0,3295457167,3295468370,3552253256,3552255368,0,512,512,-1,1,11203,2112,32,512,512,1
16,3,"[4, 144, 0, 0, 0, 0, 0, 0, 0, 0, 0, 0, 0, 0, 0, 4, 0, 0, 0, 0, 0, 0, 0, 0, 0, 0, 0, 0, 0, 0]",1,128,144.0,1156.0,3295590438,3295602715,3552255880,3552257800,0,384,384,-1,1,12277,1920,32,512,512,1
12,3,"[4, 144, 0, 0, 0, 0, 0, 0, 0, 0, 0, 0, 0, 0, 0, 4, 144, 0, 0, 0, 0, 0, 0, 0, 0, 0, 0, 0, 0, 0]",1,128,144.0,1728.0,3295717746,3295728707,3552258184,3552260231,0,1,1,-1,1,10961,2047,32,512,512,1
12,3,"[4, 144, 0, 0, 0, 0, 0, 0, 0, 0, 0, 0, 0, 0, 0, 4, 144, 0, 0, 0, 0, 0, 0, 0, 0, 0, 0, 0, 0, 0]",1,128,144.0,1728.0,3295826019,3295834054,3552260232,3552262312,0,1216,1216,-1,1,8035,2080,32,512,512,1
16,3,"[4, 144, 0, 0, 0, 0, 0, 0, 0, 0, 0, 0, 0, 0, 0, 4, 0, 0, 0, 0, 0, 0, 0, 0, 0, 0, 0, 0, 0, 0]",1,128,144.0,1156.0,3295911176,3295919076,3552263528,3552265448,0,576,576,-1,1,7900,1920,32,512,512,1
12,3,"[4, 144, 0, 0, 0, 0, 0, 0, 0, 0, 0, 0, 0, 0, 0, 4, 144, 0, 0, 0, 0, 0, 0, 0, 0, 0, 0, 0, 0, 0]",1,128,144.0,1728.0,3295997348,3296005043,3552266024,3552268296,0,288,288,-1,1,7695,2272,32,512,512,1
12,3,"[4, 144, 0, 0, 0, 0, 0, 0, 0, 0, 0, 0, 0, 0, 0, 4, 144, 0, 0, 0, 0, 0, 0, 0, 0, 0, 0, 0, 0, 0]",1,128,144.0,1728.0,3296091894,3296099827,3552268584,3552270471,0,1,1,-1,1,7933,1887,32,512,512,1
16,3,"[4, 144, 16, 3, 3, 0, 0, 0, 0, 0, 0, 0, 0, 0, 0, 4, 0, 0, 0, 0, 0, 0, 0, 0, 0, 0, 0, 0, 0, 0]",41,128,20736.0,165892.0,3296179920,3296187985,3552270472,3552272552,0,1504,1504,-1,1,8065,2080,32,512,512,1
12,3,"[4, 144, 16, 3, 3, 0, 0, 0, 0, 0, 0, 0, 0, 0, 0, 4, 144, 16, 3, 3, 0, 0, 0, 0, 0, 0, 0, 0, 0, 0]",41,128,20736.0,248832.0,3296268185,3296275825,3552274056,3552276168,0,480,480,-1,1,7640,2112,32,512,512,1
12,3,"[4, 144, 16, 3, 3, 0, 0, 0, 0, 0, 0, 0, 0, 0, 0, 4, 144, 16, 3, 3, 0, 0, 0, 0, 0, 0, 0, 0, 0, 0]",41,128,20736.0,248832.0,3296355088,3296362933,3552276648,3552278696,0,320,320,-1,1,7845,2048,32,512,512,1
16,3,"[4, 144, 0, 0, 0, 0, 0, 0, 0, 0, 0, 0, 0, 0, 0, 4, 0, 0, 0, 0, 0, 0, 0, 0, 0, 0, 0, 0, 0, 0]",1,128,144.0,1156.0,3296443670,3296451864,3552279016,3552280744,0,1088,1088,-1,1,8194,1728,32,512,512,1
12,3,"[4, 144, 0, 0, 0, 0, 0, 0, 0, 0, 0, 0, 0, 0, 0, 4, 144, 0, 0, 0, 0, 0, 0, 0, 0, 0, 0, 0, 0, 0]",1,128,144.0,1728.0,3296528545,3296536679,3552281832,3552283976,0,512,512,-1,1,8134,2144,32,512,512,1
12,3,"[4, 144, 0, 0, 0, 0, 0, 0, 0, 0, 0, 0, 0, 0, 0, 4, 144, 0, 0, 0, 0, 0, 0, 0, 0, 0, 0, 0, 0, 0]",1,128,144.0,1728.0,3296649929,3296660115,3552284488,3552286440,0,448,448,-1,1,10186,1952,32,512,512,1
16,3,"[4, 144, 0, 0, 0, 0, 0, 0, 0, 0, 0, 0, 0, 0, 0, 4, 0, 0, 0, 0, 0, 0, 0, 0, 0, 0, 0, 0, 0, 0]",1,128,144.0,1156.0,3296745449,3296753949,3552286888,3552288904,0,224,224,-1,1,8500,2016,32,512,512,1
12,3,"[4, 144, 0, 0, 0, 0, 0, 0, 0, 0, 0, 0, 0, 0, 0, 4, 144, 0, 0, 0, 0, 0, 0, 0, 0, 0, 0, 0, 0, 0]",1,128,144.0,1728.0,3296832229,3296840443,3552289128,3552290984,0,1408,1408,-1,1,8214,1856,32,512,512,1
12,3,"[4, 144, 0, 0, 0, 0, 0, 0, 0, 0, 0, 0, 0, 0, 0, 4, 144, 0, 0, 0, 0, 0, 0, 0, 0, 0, 0, 0, 0, 0]",1,128,144.0,1728.0,3296918716,3296926293,3552292392,3552294312,0,576,576,-1,1,7577,1920,32,512,512,1
16,3,"[4, 36, 144, 1, 1, 0, 0, 0, 0, 0, 0, 0, 0, 0, 0, 4, 0, 0, 0, 0, 0, 0, 0, 0, 0, 0, 0, 0, 0, 0]",11,128,5184.0,41476.0,3297005842,3297013835,3552294888,3552296808,0,320,320,-1,1,7993,1920,32,512,512,1
12,3,"[4, 36, 144, 1, 1, 0, 0, 0, 0, 0, 0, 0, 0, 0, 0, 4, 36, 144, 1, 1, 0, 0, 0, 0, 0, 0, 0, 0, 0, 0]",11,128,5184.0,62208.0,3297091471,3297099374,3552297128,3552299143,0,1,1,-1,1,7903,2015,32,512,512,1
12,3,"[4, 36, 144, 1, 1, 0, 0, 0, 0, 0, 0, 0, 0, 0, 0, 4, 36, 144, 1, 1, 0, 0, 0, 0, 0, 0, 0, 0, 0, 0]",11,128,5184.0,62208.0,3297177131,3297185299,3552299144,3552301224,0,1408,1408,-1,1,8168,2080,32,512,512,1
16,3,"[4, 36, 0, 0, 0, 0, 0, 0, 0, 0, 0, 0, 0, 0, 0, 4, 0, 0, 0, 0, 0, 0, 0, 0, 0, 0, 0, 0, 0, 0]",1,128,36.0,292.0,3297274633,3297283824,3552302632,3552304520,0,480,480,-1,1,9191,1888,32,512,512,1
12,3,"[4, 36, 0, 0, 0, 0, 0, 0, 0, 0, 0, 0, 0, 0, 0, 4, 36, 0, 0, 0, 0, 0, 0, 0, 0, 0, 0, 0, 0, 0]",1,128,36.0,432.0,3297362050,3297370296,3552305000,3552307368,0,320,320,-1,1,8246,2368,32,512,512,1
12,3,"[4, 36, 0, 0, 0, 0, 0, 0, 0, 0, 0, 0, 0, 0, 0, 4, 36, 0, 0, 0, 0, 0, 0, 0, 0, 0, 0, 0, 0, 0]",1,128,36.0,432.0,3297451226,3297459369,3552307688,3552309416,0,1120,1120,-1,1,8143,1728,32,512,512,1
16,3,"[4, 144, 36, 1, 1, 0, 0, 0, 0, 0, 0, 0, 0, 0, 0, 4, 0, 0, 0, 0, 0, 0, 0, 0, 0, 0, 0, 0, 0, 0]",11,128,5184.0,41476.0,3297542316,3297550509,3552310536,3552311464,0,1568,1568,-1,1,8193,928,32,512,512,1
12,3,"[4, 144, 36, 1, 1, 0, 0, 0, 0, 0, 0, 0, 0, 0, 0, 4, 144, 36, 1, 1, 0, 0, 0, 0, 0, 0, 0, 0, 0, 0]",11,128,5184.0,62208.0,3297632327,3297640184,3552313032,3552315240,0,288,288,-1,1,7857,2208,32,512,512,1
12,3,"[4, 144, 36, 1, 1, 0, 0, 0, 0, 0, 0, 0, 0, 0, 0, 4, 144, 36, 1, 1, 0, 0, 0, 0, 0, 0, 0, 0, 0, 0]",11,128,5184.0,62208.0,3297719263,3297727158,3552315528,3552317575,0,1,1,-1,1,7895,2047,32,512,512,1
16,3,"[4, 144, 0, 0, 0, 0, 0, 0, 0, 0, 0, 0, 0, 0, 0, 4, 0, 0, 0, 0, 0, 0, 0, 0, 0, 0, 0, 0, 0, 0]",1,128,144.0,1156.0,3297814823,3297823225,3552317576,3552319656,0,1120,1120,-1,1,8402,2080,32,512,512,1
12,3,"[4, 144, 0, 0, 0, 0, 0, 0, 0, 0, 0, 0, 0, 0, 0, 4, 144, 0, 0, 0, 0, 0, 0, 0, 0, 0, 0, 0, 0, 0]",1,128,144.0,1728.0,3297901427,3297909079,3552320776,3552323048,0,512,512,-1,1,7652,2272,32,512,512,1
12,3,"[4, 144, 0, 0, 0, 0, 0, 0, 0, 0, 0, 0, 0, 0, 0, 4, 144, 0, 0, 0, 0, 0, 0, 0, 0, 0, 0, 0, 0, 0]",1,128,144.0,1728.0,3297988435,3297996421,3552323560,3552325480,0,288,288,-1,1,7986,1920,32,512,512,1
16,3,"[4, 144, 144, 1, 1, 0, 0, 0, 0, 0, 0, 0, 0, 0, 0, 4, 0, 0, 0, 0, 0, 0, 0, 0, 0, 0, 0, 0, 0, 0]",41,128,20736.0,165892.0,3298076045,3298084062,3552325768,3552327847,0,1,1,-1,1,8017,2079,32,512,512,1
12,3,"[4, 144, 144, 1, 1, 0, 0, 0, 0, 0, 0, 0, 0, 0, 0, 4, 144, 144, 1, 1, 0, 0, 0, 0, 0, 0, 0, 0, 0, 0]",41,128,20736.0,248832.0,3298301952,3298312512,3552327848,3552329896,0,1568,1568,-1,1,10560,2048,32,512,512,1
12,3,"[4, 144, 144, 1, 1, 0, 0, 0, 0, 0, 0, 0, 0, 0, 0, 4, 144, 144, 1, 1, 0, 0, 0, 0, 0, 0, 0, 0, 0, 0]",41,128,20736.0,248832.0,3298402416,3298411436,3552331464,3552333512,0,448,448,-1,1,9020,2048,32,512,512,1
16,3,"[4, 144, 0, 0, 0, 0, 0, 0, 0, 0, 0, 0, 0, 0, 0, 4, 0, 0, 0, 0, 0, 0, 0, 0, 0, 0, 0, 0, 0, 0]",1,128,144.0,1156.0,3298493784,3298502629,3552333960,3552336008,0,256,256,-1,1,8845,2048,32,512,512,1
12,3,"[4, 144, 0, 0, 0, 0, 0, 0, 0, 0, 0, 0, 0, 0, 0, 4, 144, 0, 0, 0, 0, 0, 0, 0, 0, 0, 0, 0, 0, 0]",1,128,144.0,1728.0,3298581986,3298590271,3552336264,3552338088,0,1152,1152,-1,1,8285,1824,32,512,512,1
12,3,"[4, 144, 0, 0, 0, 0, 0, 0, 0, 0, 0, 0, 0, 0, 0, 4, 144, 0, 0, 0, 0, 0, 0, 0, 0, 0, 0, 0, 0, 0]",1,128,144.0,1728.0,3298668573,3298676351,3552339240,3552341192,0,512,512,-1,1,7778,1952,32,512,512,1
16,3,"[4, 144, 0, 0, 0, 0, 0, 0, 0, 0, 0, 0, 0, 0, 0, 4, 0, 0, 0, 0, 0, 0, 0, 0, 0, 0, 0, 0, 0, 0]",1,128,144.0,1156.0,3298753004,3298761220,3552341704,3552343624,0,576,576,-1,1,8216,1920,32,512,512,1
12,3,"[4, 144, 0, 0, 0, 0, 0, 0, 0, 0, 0, 0, 0, 0, 0, 4, 144, 0, 0, 0, 0, 0, 0, 0, 0, 0, 0, 0, 0, 0]",1,128,144.0,1728.0,3298838042,3298846440,3552344200,3552346280,0,512,512,-1,1,8398,2080,32,512,512,1
12,3,"[4, 144, 0, 0, 0, 0, 0, 0, 0, 0, 0, 0, 0, 0, 0, 4, 144, 0, 0, 0, 0, 0, 0, 0, 0, 0, 0, 0, 0, 0]",1,128,144.0,1728.0,3298922211,3298929889,3552346792,3552348328,0,1312,1312,-1,1,7678,1536,32,512,512,1
16,3,"[4, 320, 144, 1, 1, 0, 0, 0, 0, 0, 0, 0, 0, 0, 0, 4, 0, 0, 0, 0, 0, 0, 0, 0, 0, 0, 0, 0, 0, 0]",90,128,46080.0,368644.0,3299016983,3299025853,3552349640,3552351944,0,480,480,-1,1,8870,2304,32,512,512,1
12,3,"[4, 320, 144, 1, 1, 0, 0, 0, 0, 0, 0, 0, 0, 0, 0, 4, 320, 144, 1, 1, 0, 0, 0, 0, 0, 0, 0, 0, 0, 0]",90,128,46080.0,552960.0,3299105484,3299113413,3552352424,3552354439,0,1,1,-1,1,7929,2015,32,512,512,1
12,3,"[4, 320, 144, 1, 1, 0, 0, 0, 0, 0, 0, 0, 0, 0, 0, 4, 320, 144, 1, 1, 0, 0, 0, 0, 0, 0, 0, 0, 0, 0]",90,128,46080.0,552960.0,3299193266,3299201825,3552354440,3552358216,0,320,320,-1,1,8559,3776,32,512,512,1
16,3,"[4, 320, 0, 0, 0, 0, 0, 0, 0, 0, 0, 0, 0, 0, 0, 4, 0, 0, 0, 0, 0, 0, 0, 0, 0, 0, 0, 0, 0, 0]",1,128,320.0,2564.0,3299280632,3299289287,3552358536,3552360583,0,1,1,-1,1,8655,2047,32,512,512,1
12,3,"[4, 320, 0, 0, 0, 0, 0, 0, 0, 0, 0, 0, 0, 0, 0, 4, 320, 0, 0, 0, 0, 0, 0, 0, 0, 0, 0, 0, 0, 0]",1,128,320.0,3840.0,3299367185,3299374924,3552360584,3552362664,0,1088,1088,-1,1,7739,2080,32,512,512,1
12,3,"[4, 320, 0, 0, 0, 0, 0, 0, 0, 0, 0, 0, 0, 0, 0, 4, 320, 0, 0, 0, 0, 0, 0, 0, 0, 0, 0, 0, 0, 0]",1,128,320.0,3840.0,3299452782,3299460548,3552363752,3552366056,0,608,608,-1,1,7766,2304,32,512,512,1
16,3,"[4, 320, 0, 0, 0, 0, 0, 0, 0, 0, 0, 0, 0, 0, 0, 4, 0, 0, 0, 0, 0, 0, 0, 0, 0, 0, 0, 0, 0, 0]",1,128,320.0,2564.0,3299545932,3299554634,3552366664,3552368648,0,128,128,-1,1,8702,1984,32,512,512,1
12,3,"[4, 320, 0, 0, 0, 0, 0, 0, 0, 0, 0, 0, 0, 0, 0, 4, 320, 0, 0, 0, 0, 0, 0, 0, 0, 0, 0, 0, 0, 0]",1,128,320.0,3840.0,3299632303,3299640551,3552368776,3552370823,0,1,1,-1,1,8248,2047,32,512,512,1
12,3,"[4, 320, 0, 0, 0, 0, 0, 0, 0, 0, 0, 0, 0, 0, 0, 4, 320, 0, 0, 0, 0, 0, 0, 0, 0, 0, 0, 0, 0, 0]",1,128,320.0,3840.0,3299719195,3299726640,3552370824,3552372904,0,1504,1504,-1,1,7445,2080,32,512,512,1
16,3,"[4, 320, 144, 1, 1, 0, 0, 0, 0, 0, 0, 0, 0, 0, 0, 4, 0, 0, 0, 0, 0, 0, 0, 0, 0, 0, 0, 0, 0, 0]",90,128,46080.0,368644.0,3299804390,3299812587,3552374408,3552376744,0,256,256,-1,1,8197,2336,32,512,512,1
12,3,"[4, 320, 144, 1, 1, 0, 0, 0, 0, 0, 0, 0, 0, 0, 0, 4, 320, 144, 1, 1, 0, 0, 0, 0, 0, 0, 0, 0, 0, 0]",90,128,46080.0,552960.0,3299891342,3299898837,3552377000,3552379048,0,1120,1120,-1,1,7495,2048,32,512,512,1
12,3,"[4, 320, 144, 1, 1, 0, 0, 0, 0, 0, 0, 0, 0, 0, 0, 4, 320, 144, 1, 1, 0, 0, 0, 0, 0, 0, 0, 0, 0, 0]",90,128,46080.0,552960.0,3299976436,3299984256,3552380168,3552382408,0,544,544,-1,1,7820,2240,32,512,512,1
16,3,"[4, 320, 0, 0, 0, 0, 0, 0, 0, 0, 0, 0, 0, 0, 0, 4, 0, 0, 0, 0, 0, 0, 0, 0, 0, 0, 0, 0, 0, 0]",1,128,320.0,2564.0,3300061613,3300070139,3552382952,3552384872,0,288,288,-1,1,8526,1920,32,512,512,1
12,3,"[4, 320, 0, 0, 0, 0, 0, 0, 0, 0, 0, 0, 0, 0, 0, 4, 320, 0, 0, 0, 0, 0, 0, 0, 0, 0, 0, 0, 0, 0]",1,128,320.0,3840.0,3300155317,3300163830,3552385160,3552387207,0,1,1,-1,1,8513,2047,32,512,512,1
12,3,"[4, 320, 0, 0, 0, 0, 0, 0, 0, 0, 0, 0, 0, 0, 0, 4, 320, 0, 0, 0, 0, 0, 0, 0, 0, 0, 0, 0, 0, 0]",1,128,320.0,3840.0,3300240849,3300249769,3552387208,3552389288,0,1120,1120,-1,1,8920,2080,32,512,512,1
16,3,"[4, 320, 0, 0, 0, 0, 0, 0, 0, 0, 0, 0, 0, 0, 0, 4, 0, 0, 0, 0, 0, 0, 0, 0, 0, 0, 0, 0, 0, 0]",1,128,320.0,2564.0,3300329009,3300336929,3552390408,3552392360,0,544,544,-1,1,7920,1952,32,512,512,1
12,3,"[4, 320, 0, 0, 0, 0, 0, 0, 0, 0, 0, 0, 0, 0, 0, 4, 320, 0, 0, 0, 0, 0, 0, 0, 0, 0, 0, 0, 0, 0]",1,128,320.0,3840.0,3300416873,3300425352,3552392904,3552394920,0,480,480,-1,1,8479,2016,32,512,512,1
12,3,"[4, 320, 0, 0, 0, 0, 0, 0, 0, 0, 0, 0, 0, 0, 0, 4, 320, 0, 0, 0, 0, 0, 0, 0, 0, 0, 0, 0, 0, 0]",1,128,320.0,3840.0,3300503353,3300511302,3552395400,3552397384,0,256,256,-1,1,7949,1984,32,512,512,1
16,3,"[4, 320, 16, 3, 3, 0, 0, 0, 0, 0, 0, 0, 0, 0, 0, 4, 0, 0, 0, 0, 0, 0, 0, 0, 0, 0, 0, 0, 0, 0]",90,128,46080.0,368644.0,3300590612,3300598711,3552397640,3552399528,0,1376,1376,-1,1,8099,1888,32,512,512,1
12,3,"[4, 320, 16, 3, 3, 0, 0, 0, 0, 0, 0, 0, 0, 0, 0, 4, 320, 16, 3, 3, 0, 0, 0, 0, 0, 0, 0, 0, 0, 0]",90,128,46080.0,552960.0,3300694218,3300702797,3552400904,3552403400,0,192,192,-1,1,8579,2496,32,512,512,1
12,3,"[4, 320, 16, 3, 3, 0, 0, 0, 0, 0, 0, 0, 0, 0, 0, 4, 320, 16, 3, 3, 0, 0, 0, 0, 0, 0, 0, 0, 0, 0]",90,128,46080.0,552960.0,3300782207,3300789947,3552403592,3552405672,0,1088,1088,-1,1,7740,2080,32,512,512,1
16,3,"[4, 320, 0, 0, 0, 0, 0, 0, 0, 0, 0, 0, 0, 0, 0, 4, 0, 0, 0, 0, 0, 0, 0, 0, 0, 0, 0, 0, 0, 0]",1,128,320.0,2564.0,3300869087,3300877018,3552406760,3552409064,0,576,576,-1,1,7931,2304,32,512,512,1
12,3,"[4, 320, 0, 0, 0, 0, 0, 0, 0, 0, 0, 0, 0, 0, 0, 4, 320, 0, 0, 0, 0, 0, 0, 0, 0, 0, 0, 0, 0, 0]",1,128,320.0,3840.0,3300953745,3300961442,3552409640,3552411720,0,64,64,-1,1,7697,2080,32,512,512,1
12,3,"[4, 320, 0, 0, 0, 0, 0, 0, 0, 0, 0, 0, 0, 0, 0, 4, 320, 0, 0, 0, 0, 0, 0, 0, 0, 0, 0, 0, 0, 0]",1,128,320.0,3840.0,3301039761,3301047873,3552411784,3552413831,0,1,1,-1,1,8112,2047,32,512,512,1
16,3,"[4, 320, 0, 0, 0, 0, 0, 0, 0, 0, 0, 0, 0, 0, 0, 4, 0, 0, 0, 0, 0, 0, 0, 0, 0, 0, 0, 0, 0, 0]",1,128,320.0,2564.0,3301126627,3301134984,3552413832,3552415912,0,1472,1472,-1,1,8357,2080,32,512,512,1
12,3,"[4, 320, 0, 0, 0, 0, 0, 0, 0, 0, 0, 0, 0, 0, 0, 4, 320, 0, 0, 0, 0, 0, 0, 0, 0, 0, 0, 0, 0, 0]",1,128,320.0,3840.0,3301220072,3301228623,3552417384,3552419496,0,512,512,-1,1,8551,2112,32,512,512,1
12,3,"[4, 320, 0, 0, 0, 0, 0, 0, 0, 0, 0, 0, 0, 0, 0, 4, 320, 0, 0, 0, 0, 0, 0, 0, 0, 0, 0, 0, 0, 0]",1,128,320.0,3840.0,3301306239,3301313696,3552420008,3552421992,0,64,64,-1,1,7457,1984,32,512,512,1
16,3,"[4, 36, 320, 1, 1, 0, 0, 0, 0, 0, 0, 0, 0, 0, 0, 4, 0, 0, 0, 0, 0, 0, 0, 0, 0, 0, 0, 0, 0, 0]",23,128,11520.0,92164.0,3301393417,3301401487,3552422056,3552424104,0,1184,1184,-1,1,8070,2048,32,512,512,1
12,3,"[4, 36, 320, 1, 1, 0, 0, 0, 0, 0, 0, 0, 0, 0, 0, 4, 36, 320, 1, 1, 0, 0, 0, 0, 0, 0, 0, 0, 0, 0]",23,128,11520.0,138240.0,3301483182,3301491229,3552425288,3552427400,0,512,512,-1,1,8047,2112,32,512,512,1
12,3,"[4, 36, 320, 1, 1, 0, 0, 0, 0, 0, 0, 0, 0, 0, 0, 4, 36, 320, 1, 1, 0, 0, 0, 0, 0, 0, 0, 0, 0, 0]",23,128,11520.0,138240.0,3301569076,3301577279,3552427912,3552429896,0,352,352,-1,1,8203,1984,32,512,512,1
16,3,"[4, 36, 0, 0, 0, 0, 0, 0, 0, 0, 0, 0, 0, 0, 0, 4, 0, 0, 0, 0, 0, 0, 0, 0, 0, 0, 0, 0, 0, 0]",1,128,36.0,292.0,3301654518,3301662305,3552430248,3552432295,0,1,1,-1,1,7787,2047,32,512,512,1
12,3,"[4, 36, 0, 0, 0, 0, 0, 0, 0, 0, 0, 0, 0, 0, 0, 4, 36, 0, 0, 0, 0, 0, 0, 0, 0, 0, 0, 0, 0, 0]",1,128,36.0,432.0,3301740109,3301748169,3552432296,3552434344,0,1184,1184,-1,1,8060,2048,32,512,512,1
12,3,"[4, 36, 0, 0, 0, 0, 0, 0, 0, 0, 0, 0, 0, 0, 0, 4, 36, 0, 0, 0, 0, 0, 0, 0, 0, 0, 0, 0, 0, 0]",1,128,36.0,432.0,3301831798,3301840054,3552435528,3552437448,0,576,576,-1,1,8256,1920,32,512,512,1
16,3,"[4, 320, 36, 1, 1, 0, 0, 0, 0, 0, 0, 0, 0, 0, 0, 4, 0, 0, 0, 0, 0, 0, 0, 0, 0, 0, 0, 0, 0, 0]",23,128,11520.0,92164.0,3302054680,3302066100,3552438024,3552440328,0,256,256,-1,1,11420,2304,32,512,512,1
12,3,"[4, 320, 36, 1, 1, 0, 0, 0, 0, 0, 0, 0, 0, 0, 0, 4, 320, 36, 1, 1, 0, 0, 0, 0, 0, 0, 0, 0, 0, 0]",23,128,11520.0,138240.0,3302155459,3302164322,3552440584,3552442536,0,1184,1184,-1,1,8863,1952,32,512,512,1
12,3,"[4, 320, 36, 1, 1, 0, 0, 0, 0, 0, 0, 0, 0, 0, 0, 4, 320, 36, 1, 1, 0, 0, 0, 0, 0, 0, 0, 0, 0, 0]",23,128,11520.0,138240.0,3302245322,3302253492,3552443720,3552445736,0,608,608,-1,1,8170,2016,32,512,512,1
16,3,"[4, 320, 0, 0, 0, 0, 0, 0, 0, 0, 0, 0, 0, 0, 0, 4, 0, 0, 0, 0, 0, 0, 0, 0, 0, 0, 0, 0, 0, 0]",1,128,320.0,2564.0,3302332387,3302341032,3552446344,3552448296,0,352,352,-1,1,8645,1952,32,512,512,1
12,3,"[4, 320, 0, 0, 0, 0, 0, 0, 0, 0, 0, 0, 0, 0, 0, 4, 320, 0, 0, 0, 0, 0, 0, 0, 0, 0, 0, 0, 0, 0]",1,128,320.0,3840.0,3302428325,3302436710,3552448648,3552450695,0,1,1,-1,1,8385,2047,32,512,512,1
12,3,"[4, 320, 0, 0, 0, 0, 0, 0, 0, 0, 0, 0, 0, 0, 0, 4, 320, 0, 0, 0, 0, 0, 0, 0, 0, 0, 0, 0, 0, 0]",1,128,320.0,3840.0,3302515930,3302524560,3552450696,3552452776,0,1024,1024,-1,1,8630,2080,32,512,512,1
16,3,"[4, 320, 320, 1, 1, 0, 0, 0, 0, 0, 0, 0, 0, 0, 0, 4, 0, 0, 0, 0, 0, 0, 0, 0, 0, 0, 0, 0, 0, 0]",200,128,102400.0,819204.0,3302605090,3302613366,3552453800,3552456712,0,224,224,-1,1,8276,2912,32,512,512,1
12,3,"[4, 320, 320, 1, 1, 0, 0, 0, 0, 0, 0, 0, 0, 0, 0, 4, 320, 320, 1, 1, 0, 0, 0, 0, 0, 0, 0, 0, 0, 0]",200,128,102400.0,1228800.0,3302693669,3302701314,3552456936,3552460616,0,352,352,-1,1,7645,3680,32,512,512,1
12,3,"[4, 320, 320, 1, 1, 0, 0, 0, 0, 0, 0, 0, 0, 0, 0, 4, 320, 320, 1, 1, 0, 0, 0, 0, 0, 0, 0, 0, 0, 0]",200,128,102400.0,1228800.0,3302777960,3302786149,3552460968,3552464168,0,512,512,-1,1,8189,3200,32,512,512,1
16,3,"[4, 320, 0, 0, 0, 0, 0, 0, 0, 0, 0, 0, 0, 0, 0, 4, 0, 0, 0, 0, 0, 0, 0, 0, 0, 0, 0, 0, 0, 0]",1,128,320.0,2564.0,3302861322,3302869407,3552464680,3552466696,0,384,384,-1,1,8085,2016,32,512,512,1
12,3,"[4, 320, 0, 0, 0, 0, 0, 0, 0, 0, 0, 0, 0, 0, 0, 4, 320, 0, 0, 0, 0, 0, 0, 0, 0, 0, 0, 0, 0, 0]",1,128,320.0,3840.0,3302953700,3302962246,3552467080,3552469160,0,448,448,-1,1,8546,2080,32,512,512,1
12,3,"[4, 320, 0, 0, 0, 0, 0, 0, 0, 0, 0, 0, 0, 0, 0, 4, 320, 0, 0, 0, 0, 0, 0, 0, 0, 0, 0, 0, 0, 0]",1,128,320.0,3840.0,3303040685,3303048414,3552469608,3552471208,0,1376,1376,-1,1,7729,1600,32,512,512,1
16,3,"[4, 320, 0, 0, 0, 0, 0, 0, 0, 0, 0, 0, 0, 0, 0, 4, 0, 0, 0, 0, 0, 0, 0, 0, 0, 0, 0, 0, 0, 0]",1,128,320.0,2564.0,3303126501,3303134717,3552472584,3552474600,0,576,576,-1,1,8216,2016,32,512,512,1
12,3,"[4, 320, 0, 0, 0, 0, 0, 0, 0, 0, 0, 0, 0, 0, 0, 4, 320, 0, 0, 0, 0, 0, 0, 0, 0, 0, 0, 0, 0, 0]",1,128,320.0,3840.0,3303212418,3303220403,3552475176,3552477192,0,160,160,-1,1,7985,2016,32,512,512,1
12,3,"[4, 320, 0, 0, 0, 0, 0, 0, 0, 0, 0, 0, 0, 0, 0, 4, 320, 0, 0, 0, 0, 0, 0, 0, 0, 0, 0, 0, 0, 0]",1,128,320.0,3840.0,3303297129,3303304751,3552477352,3552479367,0,1,1,-1,1,7622,2015,32,512,512,1
16,3,"[4, 320, 320, 1, 1, 0, 0, 0, 0, 0, 0, 0, 0, 0, 0, 4, 0, 0, 0, 0, 0, 0, 0, 0, 0, 0, 0, 0, 0, 0]",200,128,102400.0,819204.0,3303384662,3303392701,3552479368,3552483496,0,224,224,-1,1,8039,4128,32,512,512,1
12,3,"[4, 320, 320, 1, 1, 0, 0, 0, 0, 0, 0, 0, 0, 0, 0, 4, 320, 320, 1, 1, 0, 0, 0, 0, 0, 0, 0, 0, 0, 0]",200,128,102400.0,1228800.0,3303471770,3303479466,3552483720,3552487368,0,224,224,-1,1,7696,3648,32,512,512,1
12,3,"[4, 320, 320, 1, 1, 0, 0, 0, 0, 0, 0, 0, 0, 0, 0, 4, 320, 320, 1, 1, 0, 0, 0, 0, 0, 0, 0, 0, 0, 0]",200,128,102400.0,1228800.0,3303565217,3303573319,3552487592,3552491144,0,544,544,-1,1,8102,3552,32,512,512,1
16,3,"[4, 320, 0, 0, 0, 0, 0, 0, 0, 0, 0, 0, 0, 0, 0, 4, 0, 0, 0, 0, 0, 0, 0, 0, 0, 0, 0, 0, 0, 0]",1,128,320.0,2564.0,3303650533,3303659102,3552491688,3552493736,0,224,224,-1,1,8569,2048,32,512,512,1
12,3,"[4, 320, 0, 0, 0, 0, 0, 0, 0, 0, 0, 0, 0, 0, 0, 4, 320, 0, 0, 0, 0, 0, 0, 0, 0, 0, 0, 0, 0, 0]",1,128,320.0,3840.0,3303736550,3303744087,3552493960,3552495784,0,1120,1120,-1,1,7537,1824,32,512,512,1
12,3,"[4, 320, 0, 0, 0, 0, 0, 0, 0, 0, 0, 0, 0, 0, 0, 4, 320, 0, 0, 0, 0, 0, 0, 0, 0, 0, 0, 0, 0, 0]",1,128,320.0,3840.0,3303821245,3303829153,3552496904,3552498952,0,576,576,-1,1,7908,2048,32,512,512,1
16,3,"[4, 320, 0, 0, 0, 0, 0, 0, 0, 0, 0, 0, 0, 0, 0, 4, 0, 0, 0, 0, 0, 0, 0, 0, 0, 0, 0, 0, 0, 0]",1,128,320.0,2564.0,3303906149,3303914644,3552499528,3552501544,0,384,384,-1,1,8495,2016,32,512,512,1
12,3,"[4, 320, 0, 0, 0, 0, 0, 0, 0, 0, 0, 0, 0, 0, 0, 4, 320, 0, 0, 0, 0, 0, 0, 0, 0, 0, 0, 0, 0, 0]",1,128,320.0,3840.0,3303992925,3304000653,3552501928,3552503943,0,1,1,-1,1,7728,2015,32,512,512,1
12,3,"[4, 320, 0, 0, 0, 0, 0, 0, 0, 0, 0, 0, 0, 0, 0, 4, 320, 0, 0, 0, 0, 0, 0, 0, 0, 0, 0, 0, 0, 0]",1,128,320.0,3840.0,3304085560,3304093434,3552503944,3552506024,0,1408,1408,-1,1,7874,2080,32,512,512,1
16,3,"[4, 320, 16, 3, 3, 0, 0, 0, 0, 0, 0, 0, 0, 0, 0, 4, 0, 0, 0, 0, 0, 0, 0, 0, 0, 0, 0, 0, 0, 0]",90,128,46080.0,368644.0,3304174413,3304183100,3552507432,3552509896,0,192,192,-1,1,8687,2464,32,512,512,1
12,3,"[4, 320, 16, 3, 3, 0, 0, 0, 0, 0, 0, 0, 0, 0, 0, 4, 320, 16, 3, 3, 0, 0, 0, 0, 0, 0, 0, 0, 0, 0]",90,128,46080.0,552960.0,3304262740,3304286640,3552510088,3552513288,0,512,512,-1,1,23900,3200,32,512,512,1
12,3,"[4, 320, 16, 3, 3, 0, 0, 0, 0, 0, 0, 0, 0, 0, 0, 4, 320, 16, 3, 3, 0, 0, 0, 0, 0, 0, 0, 0, 0, 0]",90,128,46080.0,552960.0,3304365374,3304373547,3552513800,3552516072,0,160,160,-1,1,8173,2272,32,512,512,1
16,3,"[4, 320, 0, 0, 0, 0, 0, 0, 0, 0, 0, 0, 0, 0, 0, 4, 0, 0, 0, 0, 0, 0, 0, 0, 0, 0, 0, 0, 0, 0]",1,128,320.0,2564.0,3304450938,3304459579,3552516232,3552518279,0,1,1,-1,1,8641,2047,32,512,512,1
12,3,"[4, 320, 0, 0, 0, 0, 0, 0, 0, 0, 0, 0, 0, 0, 0, 4, 320, 0, 0, 0, 0, 0, 0, 0, 0, 0, 0, 0, 0, 0]",1,128,320.0,3840.0,3304538611,3304546589,3552518280,3552520360,0,1344,1344,-1,1,7978,2080,32,512,512,1
12,3,"[4, 320, 0, 0, 0, 0, 0, 0, 0, 0, 0, 0, 0, 0, 0, 4, 320, 0, 0, 0, 0, 0, 0, 0, 0, 0, 0, 0, 0, 0]",1,128,320.0,3840.0,3304634120,3304642494,3552521704,3552523656,0,544,544,-1,1,8374,1952,32,512,512,1
16,3,"[4, 320, 0, 0, 0, 0, 0, 0, 0, 0, 0, 0, 0, 0, 0, 4, 0, 0, 0, 0, 0, 0, 0, 0, 0, 0, 0, 0, 0, 0]",1,128,320.0,2564.0,3304732013,3304740347,3552524200,3552526312,0,160,160,-1,1,8334,2112,32,512,512,1
12,3,"[4, 320, 0, 0, 0, 0, 0, 0, 0, 0, 0, 0, 0, 0, 0, 4, 320, 0, 0, 0, 0, 0, 0, 0, 0, 0, 0, 0, 0, 0]",1,128,320.0,3840.0,3304819677,3304828115,3552526472,3552528519,0,1,1,-1,1,8438,2047,32,512,512,1
12,3,"[4, 320, 0, 0, 0, 0, 0, 0, 0, 0, 0, 0, 0, 0, 0, 4, 320, 0, 0, 0, 0, 0, 0, 0, 0, 0, 0, 0, 0, 0]",1,128,320.0,3840.0,3304906794,3304914431,3552528520,3552530600,0,1216,1216,-1,1,7637,2080,32,512,512,1
16,3,"[4, 80, 320, 1, 1, 0, 0, 0, 0, 0, 0, 0, 0, 0, 0, 4, 0, 0, 0, 0, 0, 0, 0, 0, 0, 0, 0, 0, 0, 0]",50,128,25600.0,204804.0,3304993913,3305002295,3552531816,3552534152,0,512,512,-1,1,8382,2336,32,512,512,1
12,3,"[4, 80, 320, 1, 1, 0, 0, 0, 0, 0, 0, 0, 0, 0, 0, 4, 80, 320, 1, 1, 0, 0, 0, 0, 0, 0, 0, 0, 0, 0]",50,128,25600.0,307200.0,3305082439,3305091061,3552534664,3552536711,0,1,1,-1,1,8622,2047,32,512,512,1
12,3,"[4, 80, 320, 1, 1, 0, 0, 0, 0, 0, 0, 0, 0, 0, 0, 4, 80, 320, 1, 1, 0, 0, 0, 0, 0, 0, 0, 0, 0, 0]",50,128,25600.0,307200.0,3305169863,3305177493,3552536712,3552538792,0,1376,1376,-1,1,7630,2080,32,512,512,1
16,3,"[4, 80, 0, 0, 0, 0, 0, 0, 0, 0, 0, 0, 0, 0, 0, 4, 0, 0, 0, 0, 0, 0, 0, 0, 0, 0, 0, 0, 0, 0]",1,128,80.0,644.0,3305264443,3305272767,3552540168,3552542088,0,608,608,-1,1,8324,1920,32,512,512,1
12,3,"[4, 80, 0, 0, 0, 0, 0, 0, 0, 0, 0, 0, 0, 0, 0, 4, 80, 0, 0, 0, 0, 0, 0, 0, 0, 0, 0, 0, 0, 0]",1,128,80.0,960.0,3305352499,3305360708,3552542696,3552544584,0,352,352,-1,1,8209,1888,32,512,512,1
12,3,"[4, 80, 0, 0, 0, 0, 0, 0, 0, 0, 0, 0, 0, 0, 0, 4, 80, 0, 0, 0, 0, 0, 0, 0, 0, 0, 0, 0, 0, 0]",1,128,80.0,960.0,3305437262,3305445470,3552544936,3552546984,0,320,320,-1,1,8208,2048,32,512,512,1
16,3,"[4, 320, 80, 1, 1, 0, 0, 0, 0, 0, 0, 0, 0, 0, 0, 4, 0, 0, 0, 0, 0, 0, 0, 0, 0, 0, 0, 0, 0, 0]",50,128,25600.0,204804.0,3305526629,3305534733,3552547304,3552549032,0,1312,1312,-1,1,8104,1728,32,512,512,1
12,3,"[4, 320, 80, 1, 1, 0, 0, 0, 0, 0, 0, 0, 0, 0, 0, 4, 320, 80, 1, 1, 0, 0, 0, 0, 0, 0, 0, 0, 0, 0]",50,128,25600.0,307200.0,3305612592,3305620412,3552550344,3552552840,0,256,256,-1,1,7820,2496,32,512,512,1
12,3,"[4, 320, 80, 1, 1, 0, 0, 0, 0, 0, 0, 0, 0, 0, 0, 4, 320, 80, 1, 1, 0, 0, 0, 0, 0, 0, 0, 0, 0, 0]",50,128,25600.0,307200.0,3305842854,3305854712,3552553096,3552555176,0,640,640,-1,1,11858,2080,32,512,512,1
16,3,"[4, 320, 0, 0, 0, 0, 0, 0, 0, 0, 0, 0, 0, 0, 0, 4, 0, 0, 0, 0, 0, 0, 0, 0, 0, 0, 0, 0, 0, 0]",1,128,320.0,2564.0,3305945456,3305954660,3552555816,3552557224,0,1376,1376,-1,1,9204,1408,32,512,512,1
12,3,"[4, 320, 0, 0, 0, 0, 0, 0, 0, 0, 0, 0, 0, 0, 0, 4, 320, 0, 0, 0, 0, 0, 0, 0, 0, 0, 0, 0, 0, 0]",1,128,320.0,3840.0,3306034645,3306042815,3552558600,3552560584,0,480,480,-1,1,8170,1984,32,512,512,1
12,3,"[4, 320, 0, 0, 0, 0, 0, 0, 0, 0, 0, 0, 0, 0, 0, 4, 320, 0, 0, 0, 0, 0, 0, 0, 0, 0, 0, 0, 0, 0]",1,128,320.0,3840.0,3306123609,3306130381,3552561064,3552563144,0,192,192,-1,1,6772,2080,32,512,512,1
16,3,"[4, 320, 320, 1, 1, 0, 0, 0, 0, 0, 0, 0, 0, 0, 0, 4, 0, 0, 0, 0, 0, 0, 0, 0, 0, 0, 0, 0, 0, 0]",200,128,102400.0,819204.0,3306187917,3306193986,3552563336,3552566632,0,544,544,-1,1,6069,3296,32,512,512,1
12,3,"[4, 320, 320, 1, 1, 0, 0, 0, 0, 0, 0, 0, 0, 0, 0, 4, 320, 320, 1, 1, 0, 0, 0, 0, 0, 0, 0, 0, 0, 0]",200,128,102400.0,1228800.0,3306250252,3306256115,3552567176,3552569512,0,1280,1280,-1,1,5863,2336,32,512,512,1
12,3,"[4, 320, 320, 1, 1, 0, 0, 0, 0, 0, 0, 0, 0, 0, 0, 4, 320, 320, 1, 1, 0, 0, 0, 0, 0, 0, 0, 0, 0, 0]",200,128,102400.0,1228800.0,3306310503,3306316700,3552570792,3552573544,0,256,256,-1,1,6197,2752,32,512,512,1
16,3,"[4, 320, 0, 0, 0, 0, 0, 0, 0, 0, 0, 0, 0, 0, 0, 4, 0, 0, 0, 0, 0, 0, 0, 0, 0, 0, 0, 0, 0, 0]",1,128,320.0,2564.0,3306379026,3306385748,3552573800,3552575623,0,1,1,-1,1,6722,1823,32,512,512,1
12,3,"[4, 320, 0, 0, 0, 0, 0, 0, 0, 0, 0, 0, 0, 0, 0, 4, 320, 0, 0, 0, 0, 0, 0, 0, 0, 0, 0, 0, 0, 0]",1,128,320.0,3840.0,3306441809,3306447553,3552575624,3552577704,0,1600,1600,-1,1,5744,2080,32,512,512,1
12,3,"[4, 320, 0, 0, 0, 0, 0, 0, 0, 0, 0, 0, 0, 0, 0, 4, 320, 0, 0, 0, 0, 0, 0, 0, 0, 0, 0, 0, 0, 0]",1,128,320.0,3840.0,3306501651,3306507835,3552579304,3552581288,0,480,480,-1,1,6184,1984,32,512,512,1
16,3,"[4, 320, 0, 0, 0, 0, 0, 0, 0, 0, 0, 0, 0, 0, 0, 4, 0, 0, 0, 0, 0, 0, 0, 0, 0, 0, 0, 0, 0, 0]",1,128,320.0,2564.0,3306564964,3306571181,3552581768,3552583784,0,256,256,-1,1,6217,2016,32,512,512,1
12,3,"[4, 320, 0, 0, 0, 0, 0, 0, 0, 0, 0, 0, 0, 0, 0, 4, 320, 0, 0, 0, 0, 0, 0, 0, 0, 0, 0, 0, 0, 0]",1,128,320.0,3840.0,3306625719,3306632038,3552584040,3552585896,0,1120,1120,-1,1,6319,1856,32,512,512,1
12,3,"[4, 320, 0, 0, 0, 0, 0, 0, 0, 0, 0, 0, 0, 0, 0, 4, 320, 0, 0, 0, 0, 0, 0, 0, 0, 0, 0, 0, 0, 0]",1,128,320.0,3840.0,3306687013,3306693400,3552587016,3552589064,0,576,576,-1,1,6387,2048,32,512,512,1
16,3,"[4, 320, 320, 1, 1, 0, 0, 0, 0, 0, 0, 0, 0, 0, 0, 4, 0, 0, 0, 0, 0, 0, 0, 0, 0, 0, 0, 0, 0, 0]",200,128,102400.0,819204.0,3306755374,3306761653,3552589640,3552593096,0,576,576,-1,1,6279,3456,32,512,512,1
12,3,"[4, 320, 320, 1, 1, 0, 0, 0, 0, 0, 0, 0, 0, 0, 0, 4, 320, 320, 1, 1, 0, 0, 0, 0, 0, 0, 0, 0, 0, 0]",200,128,102400.0,1228800.0,3306818998,3306824829,3552593672,3552596136,0,1344,1344,-1,1,5831,2464,32,512,512,1
12,3,"[4, 320, 320, 1, 1, 0, 0, 0, 0, 0, 0, 0, 0, 0, 0, 4, 320, 320, 1, 1, 0, 0, 0, 0, 0, 0, 0, 0, 0, 0]",200,128,102400.0,1228800.0,3306880647,3306886680,3552597480,3552600199,0,1,1,-1,1,6033,2719,32,512,512,1
16,3,"[4, 320, 0, 0, 0, 0, 0, 0, 0, 0, 0, 0, 0, 0, 0, 4, 0, 0, 0, 0, 0, 0, 0, 0, 0, 0, 0, 0, 0, 0]",1,128,320.0,2564.0,3306942439,3306949250,3552600200,3552602280,0,1440,1440,-1,1,6811,2080,32,512,512,1
12,3,"[4, 320, 0, 0, 0, 0, 0, 0, 0, 0, 0, 0, 0, 0, 0, 4, 320, 0, 0, 0, 0, 0, 0, 0, 0, 0, 0, 0, 0, 0]",1,128,320.0,3840.0,3307004540,3307010432,3552603720,3552605800,0,544,544,-1,1,5892,2080,32,512,512,1
12,3,"[4, 320, 0, 0, 0, 0, 0, 0, 0, 0, 0, 0, 0, 0, 0, 4, 320, 0, 0, 0, 0, 0, 0, 0, 0, 0, 0, 0, 0, 0]",1,128,320.0,3840.0,3307065110,3307070904,3552606344,3552608424,0,224,224,-1,1,5794,2080,32,512,512,1
16,3,"[4, 320, 0, 0, 0, 0, 0, 0, 0, 0, 0, 0, 0, 0, 0, 4, 0, 0, 0, 0, 0, 0, 0, 0, 0, 0, 0, 0, 0, 0]",1,128,320.0,2564.0,3307134008,3307140597,3552608648,3552610472,0,1152,1152,-1,1,6589,1824,32,512,512,1
12,3,"[4, 320, 0, 0, 0, 0, 0, 0, 0, 0, 0, 0, 0, 0, 0, 4, 320, 0, 0, 0, 0, 0, 0, 0, 0, 0, 0, 0, 0, 0]",1,128,320.0,3840.0,3307198021,3307204336,3552611624,3552613672,0,576,576,-1,1,6315,2048,32,512,512,1
12,3,"[4, 320, 0, 0, 0, 0, 0, 0, 0, 0, 0, 0, 0, 0, 0, 4, 320, 0, 0, 0, 0, 0, 0, 0, 0, 0, 0, 0, 0, 0]",1,128,320.0,3840.0,3307258897,3307265109,3552614248,3552616232,0,352,352,-1,1,6212,1984,32,512,512,1
16,3,"[4, 320, 16, 3, 3, 0, 0, 0, 0, 0, 0, 0, 0, 0, 0, 4, 0, 0, 0, 0, 0, 0, 0, 0, 0, 0, 0, 0, 0, 0]",90,128,46080.0,368644.0,3307323122,3307329634,3552616584,3552618664,0,1025,1025,-1,1,6512,2080,32,512,512,1
12,3,"[4, 320, 16, 3, 3, 0, 0, 0, 0, 0, 0, 0, 0, 0, 0, 4, 320, 16, 3, 3, 0, 0, 0, 0, 0, 0, 0, 0, 0, 0]",90,128,46080.0,552960.0,3307385728,3307391838,3552619689,3552622312,0,449,449,-1,1,6110,2623,32,512,512,1
12,3,"[4, 320, 16, 3, 3, 0, 0, 0, 0, 0, 0, 0, 0, 0, 0, 4, 320, 16, 3, 3, 0, 0, 0, 0, 0, 0, 0, 0, 0, 0]",90,128,46080.0,552960.0,3307447736,3307454326,3552622761,3552624776,0,1,1,-1,1,6590,2015,32,512,512,1
16,3,"[4, 320, 0, 0, 0, 0, 0, 0, 0, 0, 0, 0, 0, 0, 0, 4, 0, 0, 0, 0, 0, 0, 0, 0, 0, 0, 0, 0, 0, 0]",1,128,320.0,2564.0,3307509432,3307515570,3552624777,3552627977,0,575,575,-1,1,6138,3200,32,512,512,1
12,3,"[4, 320, 0, 0, 0, 0, 0, 0, 0, 0, 0, 0, 0, 0, 0, 4, 320, 0, 0, 0, 0, 0, 0, 0, 0, 0, 0, 0, 0, 0]",1,128,320.0,3840.0,3307578182,3307584286,3552628552,3552630536,0,416,416,-1,1,6104,1984,32,512,512,1
12,3,"[4, 320, 0, 0, 0, 0, 0, 0, 0, 0, 0, 0, 0, 0, 0, 4, 320, 0, 0, 0, 0, 0, 0, 0, 0, 0, 0, 0, 0, 0]",1,128,320.0,3840.0,3307639379,3307645813,3552630952,3552633000,0,288,288,-1,1,6434,2048,32,512,512,1
16,3,"[4, 320, 0, 0, 0, 0, 0, 0, 0, 0, 0, 0, 0, 0, 0, 4, 0, 0, 0, 0, 0, 0, 0, 0, 0, 0, 0, 0, 0, 0]",1,128,320.0,2564.0,3307701677,3307707781,3552633288,3552635048,0,1248,1248,-1,1,6104,1760,32,512,512,1
12,3,"[4, 320, 0, 0, 0, 0, 0, 0, 0, 0, 0, 0, 0, 0, 0, 4, 320, 0, 0, 0, 0, 0, 0, 0, 0, 0, 0, 0, 0, 0]",1,128,320.0,3840.0,3307763408,3307769721,3552636296,3552638248,0,512,512,-1,1,6313,1952,32,512,512,1
12,3,"[4, 320, 0, 0, 0, 0, 0, 0, 0, 0, 0, 0, 0, 0, 0, 4, 320, 0, 0, 0, 0, 0, 0, 0, 0, 0, 0, 0, 0, 0]",1,128,320.0,3840.0,3307825090,3307830940,3552638760,3552640745,0,415,415,-1,1,5850,1985,32,512,512,1
16,3,"[4, 80, 320, 1, 1, 0, 0, 0, 0, 0, 0, 0, 0, 0, 0, 4, 0, 0, 0, 0, 0, 0, 0, 0, 0, 0, 0, 0, 0, 0]",50,128,25600.0,204804.0,3307887341,3307893666,3552641160,3552643241,0,575,575,-1,1,6325,2081,32,512,512,1
12,3,"[4, 80, 320, 1, 1, 0, 0, 0, 0, 0, 0, 0, 0, 0, 0, 4, 80, 320, 1, 1, 0, 0, 0, 0, 0, 0, 0, 0, 0, 0]",50,128,25600.0,307200.0,3307955962,3307962524,3552643816,3552646472,0,480,480,-1,1,6562,2656,32,512,512,1
12,3,"[4, 80, 320, 1, 1, 0, 0, 0, 0, 0, 0, 0, 0, 0, 0, 4, 80, 320, 1, 1, 0, 0, 0, 0, 0, 0, 0, 0, 0, 0]",50,128,25600.0,307200.0,3308019379,3308025368,3552646952,3552649128,0,257,257,-1,1,5989,2176,32,512,512,1
16,3,"[4, 80, 0, 0, 0, 0, 0, 0, 0, 0, 0, 0, 0, 0, 0, 4, 0, 0, 0, 0, 0, 0, 0, 0, 0, 0, 0, 0, 0, 0]",1,128,80.0,644.0,3308080551,3308086825,3552649385,3552651432,0,416,416,-1,1,6274,2047,32,512,512,1
12,3,"[4, 80, 0, 0, 0, 0, 0, 0, 0, 0, 0, 0, 0, 0, 0, 4, 80, 0, 0, 0, 0, 0, 0, 0, 0, 0, 0, 0, 0, 0]",1,128,80.0,960.0,3308143692,3308149906,3552651848,3552653480,0,1216,1216,-1,1,6214,1632,32,512,512,1
12,3,"[4, 80, 0, 0, 0, 0, 0, 0, 0, 0, 0, 0, 0, 0, 0, 4, 80, 0, 0, 0, 0, 0, 0, 0, 0, 0, 0, 0, 0, 0]",1,128,80.0,960.0,3308204222,3308209987,3552654696,3552656648,0,545,545,-1,1,5765,1952,32,512,512,1
16,3,"[4, 320, 80, 1, 1, 0, 0, 0, 0, 0, 0, 0, 0, 0, 0, 4, 0, 0, 0, 0, 0, 0, 0, 0, 0, 0, 0, 0, 0, 0]",50,128,25600.0,204804.0,3308266391,3308272420,3552657193,3552659240,0,384,384,-1,1,6029,2047,32,512,512,1
12,3,"[4, 320, 80, 1, 1, 0, 0, 0, 0, 0, 0, 0, 0, 0, 0, 4, 320, 80, 1, 1, 0, 0, 0, 0, 0, 0, 0, 0, 0, 0]",50,128,25600.0,307200.0,3308329088,3308334867,3552659624,3552661639,0,1,1,-1,1,5779,2015,32,512,512,1
12,3,"[4, 320, 80, 1, 1, 0, 0, 0, 0, 0, 0, 0, 0, 0, 0, 4, 320, 80, 1, 1, 0, 0, 0, 0, 0, 0, 0, 0, 0, 0]",50,128,25600.0,307200.0,3308396788,3308402780,3552661640,3552664840,0,544,544,-1,1,5992,3200,32,512,512,1
16,3,"[4, 320, 0, 0, 0, 0, 0, 0, 0, 0, 0, 0, 0, 0, 0, 4, 0, 0, 0, 0, 0, 0, 0, 0, 0, 0, 0, 0, 0, 0]",1,128,320.0,2564.0,3308458600,3308465151,3552665384,3552667304,0,480,480,-1,1,6551,1920,32,512,512,1
12,3,"[4, 320, 0, 0, 0, 0, 0, 0, 0, 0, 0, 0, 0, 0, 0, 4, 320, 0, 0, 0, 0, 0, 0, 0, 0, 0, 0, 0, 0, 0]",1,128,320.0,3840.0,3308626581,3308635801,3552667784,3552669831,0,1,1,-1,1,9220,2047,32,512,512,1
12,3,"[4, 320, 0, 0, 0, 0, 0, 0, 0, 0, 0, 0, 0, 0, 0, 4, 320, 0, 0, 0, 0, 0, 0, 0, 0, 0, 0, 0, 0, 0]",1,128,320.0,3840.0,3308701697,3308708580,3552669832,3552671880,0,1,1,-1,1,6883,2048,32,512,512,1
16,3,"[4, 320, 320, 1, 1, 0, 0, 0, 0, 0, 0, 0, 0, 0, 0, 4, 0, 0, 0, 0, 0, 0, 0, 0, 0, 0, 0, 0, 0, 0]",200,128,102400.0,819204.0,3308768781,3308775730,3552671881,3552675912,0,97,97,-1,1,6949,4031,32,512,512,1
12,3,"[4, 320, 320, 1, 1, 0, 0, 0, 0, 0, 0, 0, 0, 0, 0, 4, 320, 320, 1, 1, 0, 0, 0, 0, 0, 0, 0, 0, 0, 0]",200,128,102400.0,1228800.0,3308838602,3308845480,3552676009,3552679528,0,576,576,-1,1,6878,3519,32,512,512,1
12,3,"[4, 320, 320, 1, 1, 0, 0, 0, 0, 0, 0, 0, 0, 0, 0, 4, 320, 320, 1, 1, 0, 0, 0, 0, 0, 0, 0, 0, 0, 0]",200,128,102400.0,1228800.0,3308901852,3308908316,3552680104,3552682153,0,1184,1184,-1,1,6464,2049,32,512,512,1
16,3,"[4, 320, 0, 0, 0, 0, 0, 0, 0, 0, 0, 0, 0, 0, 0, 4, 0, 0, 0, 0, 0, 0, 0, 0, 0, 0, 0, 0, 0, 0]",1,128,320.0,2564.0,3308964681,3308971406,3552683337,3552685320,0,480,480,-1,1,6725,1983,32,512,512,1
12,3,"[4, 320, 0, 0, 0, 0, 0, 0, 0, 0, 0, 0, 0, 0, 0, 4, 320, 0, 0, 0, 0, 0, 0, 0, 0, 0, 0, 0, 0, 0]",1,128,320.0,3840.0,3309027059,3309033722,3552685800,3552687849,0,415,415,-1,1,6663,2049,32,512,512,1
12,3,"[4, 320, 0, 0, 0, 0, 0, 0, 0, 0, 0, 0, 0, 0, 0, 4, 320, 0, 0, 0, 0, 0, 0, 0, 0, 0, 0, 0, 0, 0]",1,128,320.0,3840.0,3309089700,3309096338,3552688264,3552690345,0,415,415,-1,1,6638,2081,32,512,512,1
16,3,"[4, 320, 0, 0, 0, 0, 0, 0, 0, 0, 0, 0, 0, 0, 0, 4, 0, 0, 0, 0, 0, 0, 0, 0, 0, 0, 0, 0, 0, 0]",1,128,320.0,2564.0,3309151564,3309157666,3552690760,3552692392,0,1312,1312,-1,1,6102,1632,32,512,512,1
12,3,"[4, 320, 0, 0, 0, 0, 0, 0, 0, 0, 0, 0, 0, 0, 0, 4, 320, 0, 0, 0, 0, 0, 0, 0, 0, 0, 0, 0, 0, 0]",1,128,320.0,3840.0,3309219386,3309225988,3552693704,3552695785,0,543,543,-1,1,6602,2081,32,512,512,1
12,3,"[4, 320, 0, 0, 0, 0, 0, 0, 0, 0, 0, 0, 0, 0, 0, 4, 320, 0, 0, 0, 0, 0, 0, 0, 0, 0, 0, 0, 0, 0]",1,128,320.0,3840.0,3309282149,3309287891,3552696328,3552698344,0,257,257,-1,1,5742,2016,32,512,512,1
16,3,"[4, 320, 320, 1, 1, 0, 0, 0, 0, 0, 0, 0, 0, 0, 0, 4, 0, 0, 0, 0, 0, 0, 0, 0, 0, 0, 0, 0, 0, 0]",200,128,102400.0,819204.0,3309344751,3309351314,3552698601,3552702248,0,352,352,-1,1,6563,3647,32,512,512,1
12,3,"[4, 320, 320, 1, 1, 0, 0, 0, 0, 0, 0, 0, 0, 0, 0, 4, 320, 320, 1, 1, 0, 0, 0, 0, 0, 0, 0, 0, 0, 0]",200,128,102400.0,1228800.0,3309406811,3309412780,3552702600,3552706152,0,544,544,-1,1,5969,3552,32,512,512,1
12,3,"[4, 320, 320, 1, 1, 0, 0, 0, 0, 0, 0, 0, 0, 0, 0, 4, 320, 320, 1, 1, 0, 0, 0, 0, 0, 0, 0, 0, 0, 0]",200,128,102400.0,1228800.0,3309467656,3309474387,3552706696,3552710056,0,544,544,-1,1,6731,3360,32,512,512,1
16,3,"[4, 320, 0, 0, 0, 0, 0, 0, 0, 0, 0, 0, 0, 0, 0, 4, 0, 0, 0, 0, 0, 0, 0, 0, 0, 0, 0, 0, 0, 0]",1,128,320.0,2564.0,3309528502,3309534473,3552710600,3552712585,0,287,287,-1,1,5971,1985,32,512,512,1
12,3,"[4, 320, 0, 0, 0, 0, 0, 0, 0, 0, 0, 0, 0, 0, 0, 4, 320, 0, 0, 0, 0, 0, 0, 0, 0, 0, 0, 0, 0, 0]",1,128,320.0,3840.0,3309588650,3309594720,3552712872,3552714919,0,1,1,-1,1,6070,2047,32,512,512,1
12,3,"[4, 320, 0, 0, 0, 0, 0, 0, 0, 0, 0, 0, 0, 0, 0, 4, 320, 0, 0, 0, 0, 0, 0, 0, 0, 0, 0, 0, 0, 0]",1,128,320.0,3840.0,3309654348,3309661606,3552714920,3552716969,0,1375,1375,-1,1,7258,2049,32,512,512,1
16,3,"[4, 320, 0, 0, 0, 0, 0, 0, 0, 0, 0, 0, 0, 0, 0, 4, 0, 0, 0, 0, 0, 0, 0, 0, 0, 0, 0, 0, 0, 0]",1,128,320.0,2564.0,3309717606,3309723884,3552718344,3552720393,0,607,607,-1,1,6278,2049,32,512,512,1
12,3,"[4, 320, 0, 0, 0, 0, 0, 0, 0, 0, 0, 0, 0, 0, 0, 4, 320, 0, 0, 0, 0, 0, 0, 0, 0, 0, 0, 0, 0, 0]",1,128,320.0,3840.0,3309778212,3309784257,3552721000,3552723016,0,256,256,-1,1,6045,2016,32,512,512,1
12,3,"[4, 320, 0, 0, 0, 0, 0, 0, 0, 0, 0, 0, 0, 0, 0, 4, 320, 0, 0, 0, 0, 0, 0, 0, 0, 0, 0, 0, 0, 0]",1,128,320.0,3840.0,3309839420,3309845542,3552723272,3552725160,0,1088,1088,-1,1,6122,1888,32,512,512,1
16,3,"[4, 320, 16, 3, 3, 0, 0, 0, 0, 0, 0, 0, 0, 0, 0, 4, 0, 0, 0, 0, 0, 0, 0, 0, 0, 0, 0, 0, 0, 0]",90,128,46080.0,368644.0,3309902175,3309908117,3552726248,3552728712,0,512,512,-1,1,5942,2464,32,512,512,1
12,3,"[4, 320, 16, 3, 3, 0, 0, 0, 0, 0, 0, 0, 0, 0, 0, 4, 320, 16, 3, 3, 0, 0, 0, 0, 0, 0, 0, 0, 0, 0]",90,128,46080.0,552960.0,3309965321,3309971303,3552729224,3552731304,0,1216,1216,-1,1,5982,2080,32,512,512,1
12,3,"[4, 320, 16, 3, 3, 0, 0, 0, 0, 0, 0, 0, 0, 0, 0, 4, 320, 16, 3, 3, 0, 0, 0, 0, 0, 0, 0, 0, 0, 0]",90,128,46080.0,552960.0,3310033763,3310040611,3552732520,3552734888,0,480,480,-1,1,6848,2368,32,512,512,1
16,3,"[4, 320, 0, 0, 0, 0, 0, 0, 0, 0, 0, 0, 0, 0, 0, 4, 0, 0, 0, 0, 0, 0, 0, 0, 0, 0, 0, 0, 0, 0]",1,128,320.0,2564.0,3310098345,3310104904,3552735368,3552737416,0,1,1,-1,1,6559,2048,32,512,512,1
12,3,"[4, 320, 0, 0, 0, 0, 0, 0, 0, 0, 0, 0, 0, 0, 0, 4, 320, 0, 0, 0, 0, 0, 0, 0, 0, 0, 0, 0, 0, 0]",1,128,320.0,3840.0,3310160151,3310166030,3552737417,3552739496,0,1025,1025,-1,1,5879,2079,32,512,512,1
12,3,"[4, 320, 0, 0, 0, 0, 0, 0, 0, 0, 0, 0, 0, 0, 0, 4, 320, 0, 0, 0, 0, 0, 0, 0, 0, 0, 0, 0, 0, 0]",1,128,320.0,3840.0,3310219768,3310226025,3552740521,3552741545,0,1503,1503,-1,1,6257,1024,32,512,512,1
16,3,"[4, 320, 0, 0, 0, 0, 0, 0, 0, 0, 0, 0, 0, 0, 0, 4, 0, 0, 0, 0, 0, 0, 0, 0, 0, 0, 0, 0, 0, 0]",1,128,320.0,2564.0,3310280289,3310286249,3552743048,3552745225,0,415,415,-1,1,5960,2177,32,512,512,1
12,3,"[4, 320, 0, 0, 0, 0, 0, 0, 0, 0, 0, 0, 0, 0, 0, 4, 320, 0, 0, 0, 0, 0, 0, 0, 0, 0, 0, 0, 0, 0]",1,128,320.0,3840.0,3310340644,3310347076,3552745640,3552747655,0,1,1,-1,1,6432,2015,32,512,512,1
12,3,"[4, 320, 0, 0, 0, 0, 0, 0, 0, 0, 0, 0, 0, 0, 0, 4, 320, 0, 0, 0, 0, 0, 0, 0, 0, 0, 0, 0, 0, 0]",1,128,320.0,3840.0,3310407234,3310413609,3552747656,3552749737,0,1087,1087,-1,1,6375,2081,32,512,512,1
16,3,"[4, 80, 320, 1, 1, 0, 0, 0, 0, 0, 0, 0, 0, 0, 0, 4, 0, 0, 0, 0, 0, 0, 0, 0, 0, 0, 0, 0, 0, 0]",50,128,25600.0,204804.0,3310471377,3310477556,3552750824,3552753065,0,543,543,-1,1,6179,2241,32,512,512,1
12,3,"[4, 80, 320, 1, 1, 0, 0, 0, 0, 0, 0, 0, 0, 0, 0, 4, 80, 320, 1, 1, 0, 0, 0, 0, 0, 0, 0, 0, 0, 0]",50,128,25600.0,307200.0,3310532998,3310538664,3552753608,3552755847,0,1,1,-1,1,5666,2239,32,512,512,1
12,3,"[4, 80, 320, 1, 1, 0, 0, 0, 0, 0, 0, 0, 0, 0, 0, 4, 80, 320, 1, 1, 0, 0, 0, 0, 0, 0, 0, 0, 0, 0]",50,128,25600.0,307200.0,3310593182,3310598817,3552755848,3552757928,0,1088,1088,-1,1,5635,2080,32,512,512,1
16,3,"[4, 80, 0, 0, 0, 0, 0, 0, 0, 0, 0, 0, 0, 0, 0, 4, 0, 0, 0, 0, 0, 0, 0, 0, 0, 0, 0, 0, 0, 0]",1,128,80.0,644.0,3310653838,3310660171,3552759016,3552759976,0,1536,1536,-1,1,6333,960,32,512,512,1
12,3,"[4, 80, 0, 0, 0, 0, 0, 0, 0, 0, 0, 0, 0, 0, 0, 4, 80, 0, 0, 0, 0, 0, 0, 0, 0, 0, 0, 0, 0, 0]",1,128,80.0,960.0,3310714494,3310720593,3552761512,3552763433,0,575,575,-1,1,6099,1921,32,512,512,1
12,3,"[4, 80, 0, 0, 0, 0, 0, 0, 0, 0, 0, 0, 0, 0, 0, 4, 80, 0, 0, 0, 0, 0, 0, 0, 0, 0, 0, 0, 0, 0]",1,128,80.0,960.0,3310775221,3310781127,3552764008,3552765896,0,257,257,-1,1,5906,1888,32,512,512,1
16,3,"[4, 320, 80, 1, 1, 0, 0, 0, 0, 0, 0, 0, 0, 0, 0, 4, 0, 0, 0, 0, 0, 0, 0, 0, 0, 0, 0, 0, 0, 0]",50,128,25600.0,204804.0,3310843608,3310849756,3552766153,3552768169,0,1088,1088,-1,1,6148,2016,32,512,512,1
12,3,"[4, 320, 80, 1, 1, 0, 0, 0, 0, 0, 0, 0, 0, 0, 0, 4, 320, 80, 1, 1, 0, 0, 0, 0, 0, 0, 0, 0, 0, 0]",50,128,25600.0,307200.0,3310906938,3310912722,3552769257,3552771560,0,513,513,-1,1,5784,2303,32,512,512,1
12,3,"[4, 320, 80, 1, 1, 0, 0, 0, 0, 0, 0, 0, 0, 0, 0, 4, 320, 80, 1, 1, 0, 0, 0, 0, 0, 0, 0, 0, 0, 0]",50,128,25600.0,307200.0,3310968612,3310974392,3552772073,3552774184,0,224,224,-1,1,5780,2111,32,512,512,1
16,3,"[4, 320, 0, 0, 0, 0, 0, 0, 0, 0, 0, 0, 0, 0, 0, 4, 0, 0, 0, 0, 0, 0, 0, 0, 0, 0, 0, 0, 0, 0]",1,128,320.0,2564.0,3311028783,3311035073,3552774408,3552776361,0,511,511,-1,1,6290,1953,32,512,512,1
12,3,"[4, 320, 0, 0, 0, 0, 0, 0, 0, 0, 0, 0, 0, 0, 0, 4, 320, 0, 0, 0, 0, 0, 0, 0, 0, 0, 0, 0, 0, 0]",1,128,320.0,3840.0,3311089335,3311095045,3552776872,3552778408,0,1473,1473,-1,1,5710,1536,32,512,512,1
12,3,"[4, 320, 0, 0, 0, 0, 0, 0, 0, 0, 0, 0, 0, 0, 0, 4, 320, 0, 0, 0, 0, 0, 0, 0, 0, 0, 0, 0, 0, 0]",1,128,320.0,3840.0,3311149466,3311155099,3552779881,3552781832,0,512,512,-1,1,5633,1951,32,512,512,1
16,3,"[4, 320, 320, 1, 1, 0, 0, 0, 0, 0, 0, 0, 0, 0, 0, 4, 0, 0, 0, 0, 0, 0, 0, 0, 0, 0, 0, 0, 0, 0]",200,128,102400.0,819204.0,3311215495,3311222314,3552782344,3552784552,0,1440,1440,-1,1,6819,2208,32,512,512,1
12,3,"[4, 320, 320, 1, 1, 0, 0, 0, 0, 0, 0, 0, 0, 0, 0, 4, 320, 320, 1, 1, 0, 0, 0, 0, 0, 0, 0, 0, 0, 0]",200,128,102400.0,1228800.0,3311386138,3311394491,3552785992,3552788649,0,1343,1343,-1,1,8353,2657,32,512,512,1
12,3,"[4, 320, 320, 1, 1, 0, 0, 0, 0, 0, 0, 0, 0, 0, 0, 4, 320, 320, 1, 1, 0, 0, 0, 0, 0, 0, 0, 0, 0, 0]",200,128,102400.0,1228800.0,3311454027,3311461387,3552789992,3552792744,0,256,256,-1,1,7360,2752,32,512,512,1
16,3,"[4, 320, 0, 0, 0, 0, 0, 0, 0, 0, 0, 0, 0, 0, 0, 4, 0, 0, 0, 0, 0, 0, 0, 0, 0, 0, 0, 0, 0, 0]",1,128,320.0,2564.0,3311518393,3311524741,3552793000,3552794793,0,1088,1088,-1,1,6348,1793,32,512,512,1
12,3,"[4, 320, 0, 0, 0, 0, 0, 0, 0, 0, 0, 0, 0, 0, 0, 4, 320, 0, 0, 0, 0, 0, 0, 0, 0, 0, 0, 0, 0, 0]",1,128,320.0,3840.0,3311580117,3311586166,3552795881,3552797865,0,512,512,-1,1,6049,1984,32,512,512,1
12,3,"[4, 320, 0, 0, 0, 0, 0, 0, 0, 0, 0, 0, 0, 0, 0, 4, 320, 0, 0, 0, 0, 0, 0, 0, 0, 0, 0, 0, 0, 0]",1,128,320.0,3840.0,3311648120,3311654457,3552798377,3552800361,0,512,512,-1,1,6337,1984,32,512,512,1
16,3,"[4, 320, 0, 0, 0, 0, 0, 0, 0, 0, 0, 0, 0, 0, 0, 4, 0, 0, 0, 0, 0, 0, 0, 0, 0, 0, 0, 0, 0, 0]",1,128,320.0,2564.0,3311711356,3311718285,3552800873,3552802889,0,255,255,-1,1,6929,2016,32,512,512,1
12,3,"[4, 320, 0, 0, 0, 0, 0, 0, 0, 0, 0, 0, 0, 0, 0, 4, 320, 0, 0, 0, 0, 0, 0, 0, 0, 0, 0, 0, 0, 0]",1,128,320.0,3840.0,3311774117,3311780774,3552803144,3552805032,0,1088,1088,-1,1,6657,1888,32,512,512,1
12,3,"[4, 320, 0, 0, 0, 0, 0, 0, 0, 0, 0, 0, 0, 0, 0, 4, 320, 0, 0, 0, 0, 0, 0, 0, 0, 0, 0, 0, 0, 0]",1,128,320.0,3840.0,3311835137,3311840803,3552806120,3552808136,0,609,609,-1,1,5666,2016,32,512,512,1
16,3,"[4, 320, 320, 1, 1, 0, 0, 0, 0, 0, 0, 0, 0, 0, 0, 4, 0, 0, 0, 0, 0, 0, 0, 0, 0, 0, 0, 0, 0, 0]",200,128,102400.0,819204.0,3311897026,3311903063,3552808745,3552811176,0,1440,1440,-1,1,6037,2431,32,512,512,1
12,3,"[4, 320, 320, 1, 1, 0, 0, 0, 0, 0, 0, 0, 0, 0, 0, 4, 320, 320, 1, 1, 0, 0, 0, 0, 0, 0, 0, 0, 0, 0]",200,128,102400.0,1228800.0,3311958951,3311964699,3552812616,3552815273,0,1247,1247,-1,1,5748,2657,32,512,512,1
12,3,"[4, 320, 320, 1, 1, 0, 0, 0, 0, 0, 0, 0, 0, 0, 0, 4, 320, 320, 1, 1, 0, 0, 0, 0, 0, 0, 0, 0, 0, 0]",200,128,102400.0,1228800.0,3312019554,3312025506,3552816520,3552819367,0,1,1,-1,1,5952,2847,32,512,512,1
16,3,"[4, 320, 0, 0, 0, 0, 0, 0, 0, 0, 0, 0, 0, 0, 0, 4, 0, 0, 0, 0, 0, 0, 0, 0, 0, 0, 0, 0, 0, 0]",1,128,320.0,2564.0,3312085985,3312092407,3552819368,3552821417,0,1151,1151,-1,1,6422,2049,32,512,512,1
12,3,"[4, 320, 0, 0, 0, 0, 0, 0, 0, 0, 0, 0, 0, 0, 0, 4, 320, 0, 0, 0, 0, 0, 0, 0, 0, 0, 0, 0, 0, 0]",1,128,320.0,3840.0,3312148070,3312153845,3552822568,3552824617,0,608,608,-1,1,5775,2049,32,512,512,1
12,3,"[4, 320, 0, 0, 0, 0, 0, 0, 0, 0, 0, 0, 0, 0, 0, 4, 320, 0, 0, 0, 0, 0, 0, 0, 0, 0, 0, 0, 0, 0]",1,128,320.0,3840.0,3312207502,3312213128,3552825225,3552827337,0,191,191,-1,1,5626,2112,32,512,512,1
16,3,"[4, 320, 0, 0, 0, 0, 0, 0, 0, 0, 0, 0, 0, 0, 0, 4, 0, 0, 0, 0, 0, 0, 0, 0, 0, 0, 0, 0, 0, 0]",1,128,320.0,2564.0,3312266588,3312273227,3552827528,3552829576,0,1,1,-1,1,6639,2048,32,512,512,1
12,3,"[4, 320, 0, 0, 0, 0, 0, 0, 0, 0, 0, 0, 0, 0, 0, 4, 320, 0, 0, 0, 0, 0, 0, 0, 0, 0, 0, 0, 0, 0]",1,128,320.0,3840.0,3312328666,3312335314,3552829577,3552831656,0,1312,1312,-1,1,6648,2079,32,512,512,1
12,3,"[4, 320, 0, 0, 0, 0, 0, 0, 0, 0, 0, 0, 0, 0, 0, 4, 320, 0, 0, 0, 0, 0, 0, 0, 0, 0, 0, 0, 0, 0]",1,128,320.0,3840.0,3312389243,3312395420,3552832968,3552835145,0,576,576,-1,1,6177,2177,32,512,512,1
16,3,"[4, 320, 16, 3, 3, 0, 0, 0, 0, 0, 0, 0, 0, 0, 0, 4, 0, 0, 0, 0, 0, 0, 0, 0, 0, 0, 0, 0, 0, 0]",90,128,46080.0,368644.0,3312456947,3312463145,3552835721,3552837801,0,640,640,-1,1,6198,2080,32,512,512,1
12,3,"[4, 320, 16, 3, 3, 0, 0, 0, 0, 0, 0, 0, 0, 0, 0, 4, 320, 16, 3, 3, 0, 0, 0, 0, 0, 0, 0, 0, 0, 0]",90,128,46080.0,552960.0,3312519165,3312525199,3552838441,3552841417,0,447,447,-1,1,6034,2976,32,512,512,1
12,3,"[4, 320, 16, 3, 3, 0, 0, 0, 0, 0, 0, 0, 0, 0, 0, 4, 320, 16, 3, 3, 0, 0, 0, 0, 0, 0, 0, 0, 0, 0]",90,128,46080.0,552960.0,3312580557,3312586514,3552841864,3552843912,0,1,1,-1,1,5957,2048,32,512,512,1
16,3,"[4, 320, 0, 0, 0, 0, 0, 0, 0, 0, 0, 0, 0, 0, 0, 4, 0, 0, 0, 0, 0, 0, 0, 0, 0, 0, 0, 0, 0, 0]",1,128,320.0,2564.0,3312650221,3312657157,3552843913,3552845992,0,1408,1408,-1,1,6936,2079,32,512,512,1
12,3,"[4, 320, 0, 0, 0, 0, 0, 0, 0, 0, 0, 0, 0, 0, 0, 4, 320, 0, 0, 0, 0, 0, 0, 0, 0, 0, 0, 0, 0, 0]",1,128,320.0,3840.0,3312713109,3312719634,3552847400,3552849416,0,608,608,-1,1,6525,2016,32,512,512,1
12,3,"[4, 320, 0, 0, 0, 0, 0, 0, 0, 0, 0, 0, 0, 0, 0, 4, 320, 0, 0, 0, 0, 0, 0, 0, 0, 0, 0, 0, 0, 0]",1,128,320.0,3840.0,3312774207,3312779857,3552850024,3552852008,0,97,97,-1,1,5650,1984,32,512,512,1
16,3,"[4, 320, 0, 0, 0, 0, 0, 0, 0, 0, 0, 0, 0, 0, 0, 4, 0, 0, 0, 0, 0, 0, 0, 0, 0, 0, 0, 0, 0, 0]",1,128,320.0,2564.0,3312834451,3312841226,3552852105,3552854185,0,1023,1023,-1,1,6775,2080,32,512,512,1
12,3,"[4, 320, 0, 0, 0, 0, 0, 0, 0, 0, 0, 0, 0, 0, 0, 4, 320, 0, 0, 0, 0, 0, 0, 0, 0, 0, 0, 0, 0, 0]",1,128,320.0,3840.0,3312902277,3312908366,3552855208,3552856233,0,1471,1471,-1,1,6089,1025,32,512,512,1
12,3,"[4, 320, 0, 0, 0, 0, 0, 0, 0, 0, 0, 0, 0, 0, 0, 4, 320, 0, 0, 0, 0, 0, 0, 0, 0, 0, 0, 0, 0, 0]",1,128,320.0,3840.0,3312963489,3312969219,3552857704,3552859753,0,576,576,-1,1,5730,2049,32,512,512,1
16,3,"[4, 80, 320, 1, 1, 0, 0, 0, 0, 0, 0, 0, 0, 0, 0, 4, 0, 0, 0, 0, 0, 0, 0, 0, 0, 0, 0, 0, 0, 0]",50,128,25600.0,204804.0,3313025415,3313031440,3552860329,3552862344,0,1,1,-1,1,6025,2015,32,512,512,1
12,3,"[4, 80, 320, 1, 1, 0, 0, 0, 0, 0, 0, 0, 0, 0, 0, 4, 80, 320, 1, 1, 0, 0, 0, 0, 0, 0, 0, 0, 0, 0]",50,128,25600.0,307200.0,3313086796,3313093081,3552862345,3552864425,0,1439,1439,-1,1,6285,2080,32,512,512,1
12,3,"[4, 80, 320, 1, 1, 0, 0, 0, 0, 0, 0, 0, 0, 0, 0, 4, 80, 320, 1, 1, 0, 0, 0, 0, 0, 0, 0, 0, 0, 0]",50,128,25600.0,307200.0,3313146814,3313152587,3552865864,3552868201,0,320,320,-1,1,5773,2337,32,512,512,1
16,3,"[4, 80, 0, 0, 0, 0, 0, 0, 0, 0, 0, 0, 0, 0, 0, 4, 0, 0, 0, 0, 0, 0, 0, 0, 0, 0, 0, 0, 0, 0]",1,128,80.0,644.0,3313207500,3313213512,3552868521,3552870569,0,383,383,-1,1,6012,2048,32,512,512,1
12,3,"[4, 80, 0, 0, 0, 0, 0, 0, 0, 0, 0, 0, 0, 0, 0, 4, 80, 0, 0, 0, 0, 0, 0, 0, 0, 0, 0, 0, 0, 0]",1,128,80.0,960.0,3313273872,3313280473,3552870952,3552872616,0,1153,1153,-1,1,6601,1664,32,512,512,1
12,3,"[4, 80, 0, 0, 0, 0, 0, 0, 0, 0, 0, 0, 0, 0, 0, 4, 80, 0, 0, 0, 0, 0, 0, 0, 0, 0, 0, 0, 0, 0]",1,128,80.0,960.0,3313335205,3313341069,3552873769,3552875688,0,545,545,-1,1,5864,1919,32,512,512,1
16,3,"[4, 320, 80, 1, 1, 0, 0, 0, 0, 0, 0, 0, 0, 0, 0, 4, 0, 0, 0, 0, 0, 0, 0, 0, 0, 0, 0, 0, 0, 0]",50,128,25600.0,204804.0,3313398654,3313404812,3552876233,3552878313,0,416,416,-1,1,6158,2080,32,512,512,1
12,3,"[4, 320, 80, 1, 1, 0, 0, 0, 0, 0, 0, 0, 0, 0, 0, 4, 320, 80, 1, 1, 0, 0, 0, 0, 0, 0, 0, 0, 0, 0]",50,128,25600.0,307200.0,3313460623,3313466756,3552878729,3552880809,0,1023,1023,-1,1,6133,2080,32,512,512,1
12,3,"[4, 320, 80, 1, 1, 0, 0, 0, 0, 0, 0, 0, 0, 0, 0, 4, 320, 80, 1, 1, 0, 0, 0, 0, 0, 0, 0, 0, 0, 0]",50,128,25600.0,307200.0,3313522434,3313528646,3552881832,3552883881,0,608,608,-1,1,6212,2049,32,512,512,1
16,3,"[4, 320, 0, 0, 0, 0, 0, 0, 0, 0, 0, 0, 0, 0, 0, 4, 0, 0, 0, 0, 0, 0, 0, 0, 0, 0, 0, 0, 0, 0]",1,128,320.0,2564.0,3313584437,3313590728,3552884489,3552886409,0,544,544,-1,1,6291,1920,32,512,512,1
12,3,"[4, 320, 0, 0, 0, 0, 0, 0, 0, 0, 0, 0, 0, 0, 0, 4, 320, 0, 0, 0, 0, 0, 0, 0, 0, 0, 0, 0, 0, 0]",1,128,320.0,3840.0,3313651933,3313658223,3552886953,3552888936,0,33,33,-1,1,6290,1983,32,512,512,1
12,3,"[4, 320, 0, 0, 0, 0, 0, 0, 0, 0, 0, 0, 0, 0, 0, 4, 320, 0, 0, 0, 0, 0, 0, 0, 0, 0, 0, 0, 0, 0]",1,128,320.0,3840.0,3313714236,3313720314,3552888969,3552891016,0,1,1,-1,1,6078,2047,32,512,512,1
16,3,"[4, 320, 320, 1, 1, 0, 0, 0, 0, 0, 0, 0, 0, 0, 0, 4, 0, 0, 0, 0, 0, 0, 0, 0, 0, 0, 0, 0, 0, 0]",200,128,102400.0,819204.0,3313776750,3313783086,3552891017,3552894856,0,257,257,-1,1,6336,3839,32,512,512,1
12,3,"[4, 320, 320, 1, 1, 0, 0, 0, 0, 0, 0, 0, 0, 0, 0, 4, 320, 320, 1, 1, 0, 0, 0, 0, 0, 0, 0, 0, 0, 0]",200,128,102400.0,1228800.0,3313838453,3313844298,3552895113,3552898697,0,543,543,-1,1,5845,3584,32,512,512,1
12,3,"[4, 320, 320, 1, 1, 0, 0, 0, 0, 0, 0, 0, 0, 0, 0, 4, 320, 320, 1, 1, 0, 0, 0, 0, 0, 0, 0, 0, 0, 0]",200,128,102400.0,1228800.0,3313899695,3313906082,3552899240,3552901289,0,1216,1216,-1,1,6387,2049,32,512,512,1
16,3,"[4, 320, 0, 0, 0, 0, 0, 0, 0, 0, 0, 0, 0, 0, 0, 4, 0, 0, 0, 0, 0, 0, 0, 0, 0, 0, 0, 0, 0, 0]",1,128,320.0,2564.0,3314064053,3314072666,3552902505,3552904521,0,608,608,-1,1,8613,2016,32,512,512,1
12,3,"[4, 320, 0, 0, 0, 0, 0, 0, 0, 0, 0, 0, 0, 0, 0, 4, 320, 0, 0, 0, 0, 0, 0, 0, 0, 0, 0, 0, 0, 0]",1,128,320.0,3840.0,3314143287,3314150960,3552905129,3552907209,0,191,191,-1,1,7673,2080,32,512,512,1
12,3,"[4, 320, 0, 0, 0, 0, 0, 0, 0, 0, 0, 0, 0, 0, 0, 4, 320, 0, 0, 0, 0, 0, 0, 0, 0, 0, 0, 0, 0, 0]",1,128,320.0,3840.0,3314207873,3314214175,3552907400,3552909481,0,544,544,-1,1,6302,2081,32,512,512,1
16,3,"[4, 320, 0, 0, 0, 0, 0, 0, 0, 0, 0, 0, 0, 0, 0, 4, 0, 0, 0, 0, 0, 0, 0, 0, 0, 0, 0, 0, 0, 0]",1,128,320.0,2564.0,3314269571,3314276250,3552910025,3552911529,0,1472,1472,-1,1,6679,1504,32,512,512,1
12,3,"[4, 320, 0, 0, 0, 0, 0, 0, 0, 0, 0, 0, 0, 0, 0, 4, 320, 0, 0, 0, 0, 0, 0, 0, 0, 0, 0, 0, 0, 0]",1,128,320.0,3840.0,3314332428,3314338501,3552913001,3552914984,0,609,609,-1,1,6073,1983,32,512,512,1
12,3,"[4, 320, 0, 0, 0, 0, 0, 0, 0, 0, 0, 0, 0, 0, 0, 4, 320, 0, 0, 0, 0, 0, 0, 0, 0, 0, 0, 0, 0, 0]",1,128,320.0,3840.0,3314393540,3314399653,3552915593,3552917609,0,288,288,-1,1,6113,2016,32,512,512,1
16,3,"[4, 320, 320, 1, 1, 0, 0, 0, 0, 0, 0, 0, 0, 0, 0, 4, 0, 0, 0, 0, 0, 0, 0, 0, 0, 0, 0, 0, 0, 0]",200,128,102400.0,819204.0,3314456005,3314462579,3552917897,3552921513,0,256,256,-1,1,6574,3616,32,512,512,1
12,3,"[4, 320, 320, 1, 1, 0, 0, 0, 0, 0, 0, 0, 0, 0, 0, 4, 320, 320, 1, 1, 0, 0, 0, 0, 0, 0, 0, 0, 0, 0]",200,128,102400.0,1228800.0,3314525655,3314532071,3552921769,3552925321,0,512,512,-1,1,6416,3552,32,512,512,1
12,3,"[4, 320, 320, 1, 1, 0, 0, 0, 0, 0, 0, 0, 0, 0, 0, 4, 320, 320, 1, 1, 0, 0, 0, 0, 0, 0, 0, 0, 0, 0]",200,128,102400.0,1228800.0,3314588568,3314594771,3552925833,3552928969,0,576,576,-1,1,6203,3136,32,512,512,1
16,3,"[4, 320, 0, 0, 0, 0, 0, 0, 0, 0, 0, 0, 0, 0, 0, 4, 0, 0, 0, 0, 0, 0, 0, 0, 0, 0, 0, 0, 0, 0]",1,128,320.0,2564.0,3314650172,3314656444,3552929545,3552931593,0,415,415,-1,1,6272,2048,32,512,512,1
12,3,"[4, 320, 0, 0, 0, 0, 0, 0, 0, 0, 0, 0, 0, 0, 0, 4, 320, 0, 0, 0, 0, 0, 0, 0, 0, 0, 0, 0, 0, 0]",1,128,320.0,3840.0,3314712049,3314717858,3552932008,3552934057,0,447,447,-1,1,5809,2049,32,512,512,1
12,3,"[4, 320, 0, 0, 0, 0, 0, 0, 0, 0, 0, 0, 0, 0, 0, 4, 320, 0, 0, 0, 0, 0, 0, 0, 0, 0, 0, 0, 0, 0]",1,128,320.0,3840.0,3314773417,3314779514,3552934504,3552936105,0,1376,1376,-1,1,6097,1601,32,512,512,1
16,3,"[4, 320, 0, 0, 0, 0, 0, 0, 0, 0, 0, 0, 0, 0, 0, 4, 0, 0, 0, 0, 0, 0, 0, 0, 0, 0, 0, 0, 0, 0]",1,128,320.0,2564.0,3314835713,3314842880,3552937481,3552939529,0,576,576,-1,1,7167,2048,32,512,512,1
12,3,"[4, 320, 0, 0, 0, 0, 0, 0, 0, 0, 0, 0, 0, 0, 0, 4, 320, 0, 0, 0, 0, 0, 0, 0, 0, 0, 0, 0, 0, 0]",1,128,320.0,3840.0,3314903226,3314909771,3552940105,3552942217,0,32,32,-1,1,6545,2112,32,512,512,1
12,3,"[4, 320, 0, 0, 0, 0, 0, 0, 0, 0, 0, 0, 0, 0, 0, 4, 320, 0, 0, 0, 0, 0, 0, 0, 0, 0, 0, 0, 0, 0]",1,128,320.0,3840.0,3314965034,3314971366,3552942249,3552944296,0,1,1,-1,1,6332,2047,32,512,512,1
16,3,"[4, 320, 16, 3, 3, 0, 0, 0, 0, 0, 0, 0, 0, 0, 0, 4, 0, 0, 0, 0, 0, 0, 0, 0, 0, 0, 0, 0, 0, 0]",90,128,46080.0,368644.0,3315028031,3315034204,3552944297,3552947657,0,608,608,-1,1,6173,3360,32,512,512,1
12,3,"[4, 320, 16, 3, 3, 0, 0, 0, 0, 0, 0, 0, 0, 0, 0, 4, 320, 16, 3, 3, 0, 0, 0, 0, 0, 0, 0, 0, 0, 0]",90,128,46080.0,552960.0,3315090714,3315096638,3552948265,3552950441,0,1024,1024,-1,1,5924,2176,32,512,512,1
12,3,"[4, 320, 16, 3, 3, 0, 0, 0, 0, 0, 0, 0, 0, 0, 0, 4, 320, 16, 3, 3, 0, 0, 0, 0, 0, 0, 0, 0, 0, 0]",90,128,46080.0,552960.0,3315151564,3315157238,3552951465,3552953705,0,544,544,-1,1,5674,2240,32,512,512,1
16,3,"[4, 320, 0, 0, 0, 0, 0, 0, 0, 0, 0, 0, 0, 0, 0, 4, 0, 0, 0, 0, 0, 0, 0, 0, 0, 0, 0, 0, 0, 0]",1,128,320.0,2564.0,3315214163,3315220335,3552954249,3552956329,0,256,256,-1,1,6172,2080,32,512,512,1
12,3,"[4, 320, 0, 0, 0, 0, 0, 0, 0, 0, 0, 0, 0, 0, 0, 4, 320, 0, 0, 0, 0, 0, 0, 0, 0, 0, 0, 0, 0, 0]",1,128,320.0,3840.0,3315276144,3315281918,3552956585,3552958600,0,1,1,-1,1,5774,2015,32,512,512,1
12,3,"[4, 320, 0, 0, 0, 0, 0, 0, 0, 0, 0, 0, 0, 0, 0, 4, 320, 0, 0, 0, 0, 0, 0, 0, 0, 0, 0, 0, 0, 0]",1,128,320.0,3840.0,3315342624,3315349272,3552958601,3552960681,0,1184,1184,-1,1,6648,2080,32,512,512,1
16,3,"[4, 320, 0, 0, 0, 0, 0, 0, 0, 0, 0, 0, 0, 0, 0, 4, 0, 0, 0, 0, 0, 0, 0, 0, 0, 0, 0, 0, 0, 0]",1,128,320.0,2564.0,3315404732,3315410685,3552961865,3552964137,0,512,512,-1,1,5953,2272,32,512,512,1
12,3,"[4, 320, 0, 0, 0, 0, 0, 0, 0, 0, 0, 0, 0, 0, 0, 4, 320, 0, 0, 0, 0, 0, 0, 0, 0, 0, 0, 0, 0, 0]",1,128,320.0,3840.0,3315466739,3315472595,3552964649,3552966568,0,257,257,-1,1,5856,1919,32,512,512,1
12,3,"[4, 320, 0, 0, 0, 0, 0, 0, 0, 0, 0, 0, 0, 0, 0, 4, 320, 0, 0, 0, 0, 0, 0, 0, 0, 0, 0, 0, 0, 0]",1,128,320.0,3840.0,3315527883,3315534434,3552966825,3552968872,0,1,1,-1,1,6551,2047,32,512,512,1
16,3,"[4, 80, 320, 1, 1, 0, 0, 0, 0, 0, 0, 0, 0, 0, 0, 4, 0, 0, 0, 0, 0, 0, 0, 0, 0, 0, 0, 0, 0, 0]",50,128,25600.0,204804.0,3315590754,3315596652,3552968873,3552971945,0,576,576,-1,1,5898,3072,32,512,512,1
12,3,"[4, 80, 320, 1, 1, 0, 0, 0, 0, 0, 0, 0, 0, 0, 0, 4, 80, 320, 1, 1, 0, 0, 0, 0, 0, 0, 0, 0, 0, 0]",50,128,25600.0,307200.0,3315652427,3315658621,3552972521,3552974889,0,96,96,-1,1,6194,2368,32,512,512,1
12,3,"[4, 80, 320, 1, 1, 0, 0, 0, 0, 0, 0, 0, 0, 0, 0, 4, 80, 320, 1, 1, 0, 0, 0, 0, 0, 0, 0, 0, 0, 0]",50,128,25600.0,307200.0,3315720567,3315726480,3552974985,3552977032,0,1,1,-1,1,5913,2047,32,512,512,1
16,3,"[4, 80, 0, 0, 0, 0, 0, 0, 0, 0, 0, 0, 0, 0, 0, 4, 0, 0, 0, 0, 0, 0, 0, 0, 0, 0, 0, 0, 0, 0]",1,128,80.0,644.0,3315783157,3315789149,3552977033,3552979113,0,1568,1568,-1,1,5992,2080,32,512,512,1
12,3,"[4, 80, 0, 0, 0, 0, 0, 0, 0, 0, 0, 0, 0, 0, 0, 4, 80, 0, 0, 0, 0, 0, 0, 0, 0, 0, 0, 0, 0, 0]",1,128,80.0,960.0,3315846856,3315852708,3552980681,3552982601,0,576,576,-1,1,5852,1920,32,512,512,1
12,3,"[4, 80, 0, 0, 0, 0, 0, 0, 0, 0, 0, 0, 0, 0, 0, 4, 80, 0, 0, 0, 0, 0, 0, 0, 0, 0, 0, 0, 0, 0]",1,128,80.0,960.0,3315907889,3315913496,3552983177,3552985129,0,96,96,-1,1,5607,1952,32,512,512,1
16,3,"[4, 320, 80, 1, 1, 0, 0, 0, 0, 0, 0, 0, 0, 0, 0, 4, 0, 0, 0, 0, 0, 0, 0, 0, 0, 0, 0, 0, 0, 0]",50,128,25600.0,204804.0,3315969580,3315975939,3552985225,3552987305,0,1120,1120,-1,1,6359,2080,32,512,512,1
12,3,"[4, 320, 80, 1, 1, 0, 0, 0, 0, 0, 0, 0, 0, 0, 0, 4, 320, 80, 1, 1, 0, 0, 0, 0, 0, 0, 0, 0, 0, 0]",50,128,25600.0,307200.0,3316033154,3316039042,3552988425,3552990697,0,512,512,-1,1,5888,2272,32,512,512,1
12,3,"[4, 320, 80, 1, 1, 0, 0, 0, 0, 0, 0, 0, 0, 0, 0, 4, 320, 80, 1, 1, 0, 0, 0, 0, 0, 0, 0, 0, 0, 0]",50,128,25600.0,307200.0,3316095324,3316108902,3552991209,3552993289,0,224,224,-1,1,13578,2080,32,512,512,1
16,3,"[4, 320, 0, 0, 0, 0, 0, 0, 0, 0, 0, 0, 0, 0, 0, 4, 0, 0, 0, 0, 0, 0, 0, 0, 0, 0, 0, 0, 0, 0]",1,128,320.0,2564.0,3316166544,3316172957,3552993513,3552995497,0,1152,1152,-1,1,6413,1984,32,512,512,1
12,3,"[4, 320, 0, 0, 0, 0, 0, 0, 0, 0, 0, 0, 0, 0, 0, 4, 320, 0, 0, 0, 0, 0, 0, 0, 0, 0, 0, 0, 0, 0]",1,128,320.0,3840.0,3316230453,3316236212,3552996649,3552998665,0,480,480,-1,1,5759,2016,32,512,512,1
12,3,"[4, 320, 0, 0, 0, 0, 0, 0, 0, 0, 0, 0, 0, 0, 0, 4, 320, 0, 0, 0, 0, 0, 0, 0, 0, 0, 0, 0, 0, 0]",1,128,320.0,3840.0,3316290736,3316296723,3552999145,3553001225,0,384,384,-1,1,5987,2080,32,512,512,1
16,3,"[4, 320, 320, 1, 1, 0, 0, 0, 0, 0, 0, 0, 0, 0, 0, 4, 0, 0, 0, 0, 0, 0, 0, 0, 0, 0, 0, 0, 0, 0]",200,128,102400.0,819204.0,3316353279,3316359492,3553001609,3553004841,0,576,576,-1,1,6213,3232,32,512,512,1
12,3,"[4, 320, 320, 1, 1, 0, 0, 0, 0, 0, 0, 0, 0, 0, 0, 4, 320, 320, 1, 1, 0, 0, 0, 0, 0, 0, 0, 0, 0, 0]",200,128,102400.0,1228800.0,3316415855,3316421609,3553005417,3553007785,0,1536,1536,-1,1,5754,2368,32,512,512,1
12,3,"[4, 320, 320, 1, 1, 0, 0, 0, 0, 0, 0, 0, 0, 0, 0, 4, 320, 320, 1, 1, 0, 0, 0, 0, 0, 0, 0, 0, 0, 0]",200,128,102400.0,1228800.0,3316476502,3316482212,3553009321,3553011881,0,384,384,-1,1,5710,2560,32,512,512,1
16,3,"[4, 320, 0, 0, 0, 0, 0, 0, 0, 0, 0, 0, 0, 0, 0, 4, 0, 0, 0, 0, 0, 0, 0, 0, 0, 0, 0, 0, 0, 0]",1,128,320.0,2564.0,3316544251,3316550820,3553012265,3553014985,0,512,512,-1,1,6569,2720,32,512,512,1
12,3,"[4, 320, 0, 0, 0, 0, 0, 0, 0, 0, 0, 0, 0, 0, 0, 4, 320, 0, 0, 0, 0, 0, 0, 0, 0, 0, 0, 0, 0, 0]",1,128,320.0,3840.0,3316612020,3316618010,3553015497,3553017641,0,352,352,-1,1,5990,2144,32,512,512,1
12,3,"[4, 320, 0, 0, 0, 0, 0, 0, 0, 0, 0, 0, 0, 0, 0, 4, 320, 0, 0, 0, 0, 0, 0, 0, 0, 0, 0, 0, 0, 0]",1,128,320.0,3840.0,3316777950,3316786002,3553017993,3553020072,0,1,1,-1,1,8052,2079,32,512,512,1
16,3,"[4, 320, 0, 0, 0, 0, 0, 0, 0, 0, 0, 0, 0, 0, 0, 4, 0, 0, 0, 0, 0, 0, 0, 0, 0, 0, 0, 0, 0, 0]",1,128,320.0,2564.0,3316852353,3316859484,3553020073,3553022121,0,1152,1152,-1,1,7131,2048,32,512,512,1
12,3,"[4, 320, 0, 0, 0, 0, 0, 0, 0, 0, 0, 0, 0, 0, 0, 4, 320, 0, 0, 0, 0, 0, 0, 0, 0, 0, 0, 0, 0, 0]",1,128,320.0,3840.0,3316917209,3316923599,3553023273,3553025321,0,576,576,-1,1,6390,2048,32,512,512,1
12,3,"[4, 320, 0, 0, 0, 0, 0, 0, 0, 0, 0, 0, 0, 0, 0, 4, 320, 0, 0, 0, 0, 0, 0, 0, 0, 0, 0, 0, 0, 0]",1,128,320.0,3840.0,3316985837,3316991791,3553025897,3553027913,0,320,320,-1,1,5954,2016,32,512,512,1
16,3,"[4, 320, 320, 1, 1, 0, 0, 0, 0, 0, 0, 0, 0, 0, 0, 4, 0, 0, 0, 0, 0, 0, 0, 0, 0, 0, 0, 0, 0, 0]",200,128,102400.0,819204.0,3317051338,3317057327,3553028233,3553031817,0,544,544,-1,1,5989,3584,32,512,512,1
12,3,"[4, 320, 320, 1, 1, 0, 0, 0, 0, 0, 0, 0, 0, 0, 0, 4, 320, 320, 1, 1, 0, 0, 0, 0, 0, 0, 0, 0, 0, 0]",200,128,102400.0,1228800.0,3317115346,3317121863,3553032361,3553035881,0,544,544,-1,1,6517,3520,32,512,512,1
12,3,"[4, 320, 320, 1, 1, 0, 0, 0, 0, 0, 0, 0, 0, 0, 0, 4, 320, 320, 1, 1, 0, 0, 0, 0, 0, 0, 0, 0, 0, 0]",200,128,102400.0,1228800.0,3317178054,3317184090,3553036425,3553038505,0,1152,1152,-1,1,6036,2080,32,512,512,1
16,3,"[4, 320, 0, 0, 0, 0, 0, 0, 0, 0, 0, 0, 0, 0, 0, 4, 0, 0, 0, 0, 0, 0, 0, 0, 0, 0, 0, 0, 0, 0]",1,128,320.0,2564.0,3317239777,3317245678,3553039657,3553041577,0,576,576,-1,1,5901,1920,32,512,512,1
12,3,"[4, 320, 0, 0, 0, 0, 0, 0, 0, 0, 0, 0, 0, 0, 0, 4, 320, 0, 0, 0, 0, 0, 0, 0, 0, 0, 0, 0, 0, 0]",1,128,320.0,3840.0,3317302121,3317308078,3553042153,3553044201,0,416,416,-1,1,5957,2048,32,512,512,1
12,3,"[4, 320, 0, 0, 0, 0, 0, 0, 0, 0, 0, 0, 0, 0, 0, 4, 320, 0, 0, 0, 0, 0, 0, 0, 0, 0, 0, 0, 0, 0]",1,128,320.0,3840.0,3317363341,3317368899,3553044617,3553046697,0,320,320,-1,1,5558,2080,32,512,512,1
16,3,"[4, 320, 0, 0, 0, 0, 0, 0, 0, 0, 0, 0, 0, 0, 0, 4, 0, 0, 0, 0, 0, 0, 0, 0, 0, 0, 0, 0, 0, 0]",1,128,320.0,2564.0,3317430568,3317437153,3553047017,3553048745,0,1120,1120,-1,1,6585,1728,32,512,512,1
12,3,"[4, 320, 0, 0, 0, 0, 0, 0, 0, 0, 0, 0, 0, 0, 0, 4, 320, 0, 0, 0, 0, 0, 0, 0, 0, 0, 0, 0, 0, 0]",1,128,320.0,3840.0,3317493586,3317499717,3553049865,3553051881,0,480,480,-1,1,6131,2016,32,512,512,1
12,3,"[4, 320, 0, 0, 0, 0, 0, 0, 0, 0, 0, 0, 0, 0, 0, 4, 320, 0, 0, 0, 0, 0, 0, 0, 0, 0, 0, 0, 0, 0]",1,128,320.0,3840.0,3317554547,3317560124,3553052361,3553054377,0,512,512,-1,1,5577,2016,32,512,512,1
16,3,"[4, 320, 16, 3, 3, 0, 0, 0, 0, 0, 0, 0, 0, 0, 0, 4, 0, 0, 0, 0, 0, 0, 0, 0, 0, 0, 0, 0, 0, 0]",90,128,46080.0,368644.0,3317616802,3317622732,3553054889,3553056904,0,1,1,-1,1,5930,2015,32,512,512,1
12,3,"[4, 320, 16, 3, 3, 0, 0, 0, 0, 0, 0, 0, 0, 0, 0, 4, 320, 16, 3, 3, 0, 0, 0, 0, 0, 0, 0, 0, 0, 0]",90,128,46080.0,552960.0,3317678448,3317684211,3553056905,3553060425,0,512,512,-1,1,5763,3520,32,512,512,1
12,3,"[4, 320, 16, 3, 3, 0, 0, 0, 0, 0, 0, 0, 0, 0, 0, 4, 320, 16, 3, 3, 0, 0, 0, 0, 0, 0, 0, 0, 0, 0]",90,128,46080.0,552960.0,3317739547,3317746122,3553060937,3553063048,0,1,1,-1,1,6575,2111,32,512,512,1
16,3,"[4, 320, 0, 0, 0, 0, 0, 0, 0, 0, 0, 0, 0, 0, 0, 4, 0, 0, 0, 0, 0, 0, 0, 0, 0, 0, 0, 0, 0, 0]",1,128,320.0,2564.0,3317809270,3317816554,3553063049,3553065129,0,1216,1216,-1,1,7284,2080,32,512,512,1
12,3,"[4, 320, 0, 0, 0, 0, 0, 0, 0, 0, 0, 0, 0, 0, 0, 4, 320, 0, 0, 0, 0, 0, 0, 0, 0, 0, 0, 0, 0, 0]",1,128,320.0,3840.0,3317872412,3317878757,3553066345,3553068361,0,544,544,-1,1,6345,2016,32,512,512,1
12,3,"[4, 320, 0, 0, 0, 0, 0, 0, 0, 0, 0, 0, 0, 0, 0, 4, 320, 0, 0, 0, 0, 0, 0, 0, 0, 0, 0, 0, 0, 0]",1,128,320.0,3840.0,3317933670,3317939986,3553068905,3553070921,0,320,320,-1,1,6316,2016,32,512,512,1
16,3,"[4, 320, 0, 0, 0, 0, 0, 0, 0, 0, 0, 0, 0, 0, 0, 4, 0, 0, 0, 0, 0, 0, 0, 0, 0, 0, 0, 0, 0, 0]",1,128,320.0,2564.0,3317996233,3318002227,3553071241,3553073288,0,1,1,-1,1,5994,2047,32,512,512,1
12,3,"[4, 320, 0, 0, 0, 0, 0, 0, 0, 0, 0, 0, 0, 0, 0, 4, 320, 0, 0, 0, 0, 0, 0, 0, 0, 0, 0, 0, 0, 0]",1,128,320.0,3840.0,3318058262,3318063992,3553073289,3553075369,0,1408,1408,-1,1,5730,2080,32,512,512,1
12,3,"[4, 320, 0, 0, 0, 0, 0, 0, 0, 0, 0, 0, 0, 0, 0, 4, 320, 0, 0, 0, 0, 0, 0, 0, 0, 0, 0, 0, 0, 0]",1,128,320.0,3840.0,3318118374,3318124731,3553076777,3553078825,0,576,576,-1,1,6357,2048,32,512,512,1
16,3,"[4, 80, 320, 1, 1, 0, 0, 0, 0, 0, 0, 0, 0, 0, 0, 4, 0, 0, 0, 0, 0, 0, 0, 0, 0, 0, 0, 0, 0, 0]",50,128,25600.0,204804.0,3318186041,3318192984,3553079401,3553081513,0,320,320,-1,1,6943,2112,32,512,512,1
12,3,"[4, 80, 320, 1, 1, 0, 0, 0, 0, 0, 0, 0, 0, 0, 0, 4, 80, 320, 1, 1, 0, 0, 0, 0, 0, 0, 0, 0, 0, 0]",50,128,25600.0,307200.0,3318250772,3318256828,3553081833,3553083561,0,1408,1408,-1,1,6056,1728,32,512,512,1
12,3,"[4, 80, 320, 1, 1, 0, 0, 0, 0, 0, 0, 0, 0, 0, 0, 4, 80, 320, 1, 1, 0, 0, 0, 0, 0, 0, 0, 0, 0, 0]",50,128,25600.0,307200.0,3318312421,3318318645,3553084969,3553087113,0,544,544,-1,1,6224,2144,32,512,512,1
16,3,"[4, 80, 0, 0, 0, 0, 0, 0, 0, 0, 0, 0, 0, 0, 0, 4, 0, 0, 0, 0, 0, 0, 0, 0, 0, 0, 0, 0, 0, 0]",1,128,80.0,644.0,3318374780,3318381386,3553087657,3553089513,0,256,256,-1,1,6606,1856,32,512,512,1
12,3,"[4, 80, 0, 0, 0, 0, 0, 0, 0, 0, 0, 0, 0, 0, 0, 4, 80, 0, 0, 0, 0, 0, 0, 0, 0, 0, 0, 0, 0, 0]",1,128,80.0,960.0,3318436563,3318443008,3553089769,3553091720,0,1,1,-1,1,6445,1951,32,512,512,1
12,3,"[4, 80, 0, 0, 0, 0, 0, 0, 0, 0, 0, 0, 0, 0, 0, 4, 80, 0, 0, 0, 0, 0, 0, 0, 0, 0, 0, 0, 0, 0]",1,128,80.0,960.0,3318498080,3318505013,3553091721,3553093801,0,1280,1280,-1,1,6933,2080,32,512,512,1
16,3,"[4, 320, 80, 1, 1, 0, 0, 0, 0, 0, 0, 0, 0, 0, 0, 4, 0, 0, 0, 0, 0, 0, 0, 0, 0, 0, 0, 0, 0, 0]",50,128,25600.0,204804.0,3318577199,3318586200,3553095081,3553097289,0,576,576,-1,1,9001,2208,32,512,512,1
12,3,"[4, 320, 80, 1, 1, 0, 0, 0, 0, 0, 0, 0, 0, 0, 0, 4, 320, 80, 1, 1, 0, 0, 0, 0, 0, 0, 0, 0, 0, 0]",50,128,25600.0,307200.0,3318648801,3318654819,3553097865,3553099912,0,1,1,-1,1,6018,2047,32,512,512,1
12,3,"[4, 320, 80, 1, 1, 0, 0, 0, 0, 0, 0, 0, 0, 0, 0, 4, 320, 80, 1, 1, 0, 0, 0, 0, 0, 0, 0, 0, 0, 0]",50,128,25600.0,307200.0,3318710798,3318716412,3553099913,3553101993,0,1344,1344,-1,1,5614,2080,32,512,512,1
16,3,"[4, 320, 0, 0, 0, 0, 0, 0, 0, 0, 0, 0, 0, 0, 0, 4, 0, 0, 0, 0, 0, 0, 0, 0, 0, 0, 0, 0, 0, 0]",1,128,320.0,2564.0,3318772921,3318778978,3553103337,3553105353,0,608,608,-1,1,6057,2016,32,512,512,1
12,3,"[4, 320, 0, 0, 0, 0, 0, 0, 0, 0, 0, 0, 0, 0, 0, 4, 320, 0, 0, 0, 0, 0, 0, 0, 0, 0, 0, 0, 0, 0]",1,128,320.0,3840.0,3318834866,3318840756,3553105961,3553108009,0,256,256,-1,1,5890,2048,32,512,512,1
12,3,"[4, 320, 0, 0, 0, 0, 0, 0, 0, 0, 0, 0, 0, 0, 0, 4, 320, 0, 0, 0, 0, 0, 0, 0, 0, 0, 0, 0, 0, 0]",1,128,320.0,3840.0,3318896122,3318901645,3553108265,3553110184,0,1,1,-1,1,5523,1919,32,512,512,1
16,3,"[4, 320, 320, 1, 1, 0, 0, 0, 0, 0, 0, 0, 0, 0, 0, 4, 0, 0, 0, 0, 0, 0, 0, 0, 0, 0, 0, 0, 0, 0]",200,128,102400.0,819204.0,3318957315,3318963223,3553110185,3553114281,0,256,256,-1,1,5908,4096,32,512,512,1
12,3,"[4, 320, 320, 1, 1, 0, 0, 0, 0, 0, 0, 0, 0, 0, 0, 4, 320, 320, 1, 1, 0, 0, 0, 0, 0, 0, 0, 0, 0, 0]",200,128,102400.0,1228800.0,3319025071,3319031617,3553114537,3553118089,0,256,256,-1,1,6546,3552,32,512,512,1
12,3,"[4, 320, 320, 1, 1, 0, 0, 0, 0, 0, 0, 0, 0, 0, 0, 4, 320, 320, 1, 1, 0, 0, 0, 0, 0, 0, 0, 0, 0, 0]",200,128,102400.0,1228800.0,3319088368,3319094762,3553118345,3553120425,0,1536,1536,-1,1,6394,2080,32,512,512,1
16,3,"[4, 320, 0, 0, 0, 0, 0, 0, 0, 0, 0, 0, 0, 0, 0, 4, 0, 0, 0, 0, 0, 0, 0, 0, 0, 0, 0, 0, 0, 0]",1,128,320.0,2564.0,3319152147,3319158116,3553121961,3553124425,0,96,96,-1,1,5969,2464,32,512,512,1
12,3,"[4, 320, 0, 0, 0, 0, 0, 0, 0, 0, 0, 0, 0, 0, 0, 4, 320, 0, 0, 0, 0, 0, 0, 0, 0, 0, 0, 0, 0, 0]",1,128,320.0,3840.0,3319213400,3319219338,3553124521,3553126536,0,1,1,-1,1,5938,2015,32,512,512,1
12,3,"[4, 320, 0, 0, 0, 0, 0, 0, 0, 0, 0, 0, 0, 0, 0, 4, 320, 0, 0, 0, 0, 0, 0, 0, 0, 0, 0, 0, 0, 0]",1,128,320.0,3840.0,3319273583,3319279879,3553126537,3553128617,0,1440,1440,-1,1,6296,2080,32,512,512,1
16,3,"[4, 320, 0, 0, 0, 0, 0, 0, 0, 0, 0, 0, 0, 0, 0, 4, 0, 0, 0, 0, 0, 0, 0, 0, 0, 0, 0, 0, 0, 0]",1,128,320.0,2564.0,3319335340,3319341387,3553130057,3553132233,0,448,448,-1,1,6047,2176,32,512,512,1
12,3,"[4, 320, 0, 0, 0, 0, 0, 0, 0, 0, 0, 0, 0, 0, 0, 4, 320, 0, 0, 0, 0, 0, 0, 0, 0, 0, 0, 0, 0, 0]",1,128,320.0,3840.0,3319539046,3319548783,3553132681,3553134761,0,352,352,-1,1,9737,2080,32,512,512,1
12,3,"[4, 320, 0, 0, 0, 0, 0, 0, 0, 0, 0, 0, 0, 0, 0, 4, 320, 0, 0, 0, 0, 0, 0, 0, 0, 0, 0, 0, 0, 0]",1,128,320.0,3840.0,3319618487,3319626443,3553135113,3553136809,0,1152,1152,-1,1,7956,1696,32,512,512,1
16,3,"[4, 320, 320, 1, 1, 0, 0, 0, 0, 0, 0, 0, 0, 0, 0, 4, 0, 0, 0, 0, 0, 0, 0, 0, 0, 0, 0, 0, 0, 0]",200,128,102400.0,819204.0,3319687401,3319694372,3553137961,3553140872,0,1,1,-1,1,6971,2911,32,512,512,1
12,3,"[4, 320, 320, 1, 1, 0, 0, 0, 0, 0, 0, 0, 0, 0, 0, 4, 320, 320, 1, 1, 0, 0, 0, 0, 0, 0, 0, 0, 0, 0]",200,128,102400.0,1228800.0,3319751706,3319757686,3553140873,3553145001,0,256,256,-1,1,5980,4128,32,512,512,1
12,3,"[4, 320, 320, 1, 1, 0, 0, 0, 0, 0, 0, 0, 0, 0, 0, 4, 320, 320, 1, 1, 0, 0, 0, 0, 0, 0, 0, 0, 0, 0]",200,128,102400.0,1228800.0,3319813312,3319819224,3553145257,3553148361,0,576,576,-1,1,5912,3104,32,512,512,1
16,3,"[4, 320, 0, 0, 0, 0, 0, 0, 0, 0, 0, 0, 0, 0, 0, 4, 0, 0, 0, 0, 0, 0, 0, 0, 0, 0, 0, 0, 0, 0]",1,128,320.0,2564.0,3319874556,3319887599,3553148937,3553150921,0,192,192,-1,1,13043,1984,32,512,512,1
12,3,"[4, 320, 0, 0, 0, 0, 0, 0, 0, 0, 0, 0, 0, 0, 0, 4, 320, 0, 0, 0, 0, 0, 0, 0, 0, 0, 0, 0, 0, 0]",1,128,320.0,3840.0,3319944804,3319950652,3553151113,3553153160,0,1,1,-1,1,5848,2047,32,512,512,1
12,3,"[4, 320, 0, 0, 0, 0, 0, 0, 0, 0, 0, 0, 0, 0, 0, 4, 320, 0, 0, 0, 0, 0, 0, 0, 0, 0, 0, 0, 0, 0]",1,128,320.0,3840.0,3320005894,3320012010,3553153161,3553155241,0,1440,1440,-1,1,6116,2080,32,512,512,1
16,3,"[4, 320, 0, 0, 0, 0, 0, 0, 0, 0, 0, 0, 0, 0, 0, 4, 0, 0, 0, 0, 0, 0, 0, 0, 0, 0, 0, 0, 0, 0]",1,128,320.0,2564.0,3320067428,3320073178,3553156681,3553158697,0,608,608,-1,1,5750,2016,32,512,512,1
12,3,"[4, 320, 0, 0, 0, 0, 0, 0, 0, 0, 0, 0, 0, 0, 0, 4, 320, 0, 0, 0, 0, 0, 0, 0, 0, 0, 0, 0, 0, 0]",1,128,320.0,3840.0,3320129544,3320135369,3553159305,3553161321,0,32,32,-1,1,5825,2016,32,512,512,1
12,3,"[4, 320, 0, 0, 0, 0, 0, 0, 0, 0, 0, 0, 0, 0, 0, 4, 320, 0, 0, 0, 0, 0, 0, 0, 0, 0, 0, 0, 0, 0]",1,128,320.0,3840.0,3320191225,3320197190,3553161353,3553163433,0,640,640,-1,1,5965,2080,32,512,512,1
16,3,"[4, 320, 16, 3, 3, 0, 0, 0, 0, 0, 0, 0, 0, 0, 0, 4, 0, 0, 0, 0, 0, 0, 0, 0, 0, 0, 0, 0, 0, 0]",90,128,46080.0,368644.0,3320255287,3320261045,3553164073,3553167433,0,224,224,-1,1,5758,3360,32,512,512,1
12,3,"[4, 320, 16, 3, 3, 0, 0, 0, 0, 0, 0, 0, 0, 0, 0, 4, 320, 16, 3, 3, 0, 0, 0, 0, 0, 0, 0, 0, 0, 0]",90,128,46080.0,552960.0,3320324680,3320330784,3553167657,3553171369,0,224,224,-1,1,6104,3712,32,512,512,1
12,3,"[4, 320, 16, 3, 3, 0, 0, 0, 0, 0, 0, 0, 0, 0, 0, 4, 320, 16, 3, 3, 0, 0, 0, 0, 0, 0, 0, 0, 0, 0]",90,128,46080.0,552960.0,3320386381,3320392645,3553171593,3553173673,0,1120,1120,-1,1,6264,2080,32,512,512,1
16,3,"[4, 320, 0, 0, 0, 0, 0, 0, 0, 0, 0, 0, 0, 0, 0, 4, 0, 0, 0, 0, 0, 0, 0, 0, 0, 0, 0, 0, 0, 0]",1,128,320.0,2564.0,3320449367,3320455319,3553174793,3553176745,0,544,544,-1,1,5952,1952,32,512,512,1
12,3,"[4, 320, 0, 0, 0, 0, 0, 0, 0, 0, 0, 0, 0, 0, 0, 4, 320, 0, 0, 0, 0, 0, 0, 0, 0, 0, 0, 0, 0, 0]",1,128,320.0,3840.0,3320510088,3320515837,3553177289,3553179369,0,448,448,-1,1,5749,2080,32,512,512,1
12,3,"[4, 320, 0, 0, 0, 0, 0, 0, 0, 0, 0, 0, 0, 0, 0, 4, 320, 0, 0, 0, 0, 0, 0, 0, 0, 0, 0, 0, 0, 0]",1,128,320.0,3840.0,3320570166,3320576289,3553179817,3553181832,0,1,1,-1,1,6123,2015,32,512,512,1
16,3,"[4, 320, 0, 0, 0, 0, 0, 0, 0, 0, 0, 0, 0, 0, 0, 4, 0, 0, 0, 0, 0, 0, 0, 0, 0, 0, 0, 0, 0, 0]",1,128,320.0,2564.0,3320636498,3320642610,3553181833,3553183880,0,1,1,-1,1,6112,2047,32,512,512,1
12,3,"[4, 320, 0, 0, 0, 0, 0, 0, 0, 0, 0, 0, 0, 0, 0, 4, 320, 0, 0, 0, 0, 0, 0, 0, 0, 0, 0, 0, 0, 0]",1,128,320.0,3840.0,3320703381,3320709996,3553183881,3553185961,0,1568,1568,-1,1,6615,2080,32,512,512,1
12,3,"[4, 320, 0, 0, 0, 0, 0, 0, 0, 0, 0, 0, 0, 0, 0, 4, 320, 0, 0, 0, 0, 0, 0, 0, 0, 0, 0, 0, 0, 0]",1,128,320.0,3840.0,3320765104,3320771281,3553187529,3553189545,0,512,512,-1,1,6177,2016,32,512,512,1
16,3,"[4, 80, 320, 1, 1, 0, 0, 0, 0, 0, 0, 0, 0, 0, 0, 4, 0, 0, 0, 0, 0, 0, 0, 0, 0, 0, 0, 0, 0, 0]",50,128,25600.0,204804.0,3320827482,3320833855,3553190057,3553192104,0,1,1,-1,1,6373,2047,32,512,512,1
12,3,"[4, 80, 320, 1, 1, 0, 0, 0, 0, 0, 0, 0, 0, 0, 0, 4, 80, 320, 1, 1, 0, 0, 0, 0, 0, 0, 0, 0, 0, 0]",50,128,25600.0,307200.0,3320889170,3320894971,3553192105,3553194153,0,1440,1440,-1,1,5801,2048,32,512,512,1
12,3,"[4, 80, 320, 1, 1, 0, 0, 0, 0, 0, 0, 0, 0, 0, 0, 4, 80, 320, 1, 1, 0, 0, 0, 0, 0, 0, 0, 0, 0, 0]",50,128,25600.0,307200.0,3320951103,3320957267,3553195593,3553197705,0,544,544,-1,1,6164,2112,32,512,512,1
16,3,"[4, 80, 0, 0, 0, 0, 0, 0, 0, 0, 0, 0, 0, 0, 0, 4, 0, 0, 0, 0, 0, 0, 0, 0, 0, 0, 0, 0, 0, 0]",1,128,80.0,644.0,3321012137,3321019032,3553198249,3553200169,0,256,256,-1,1,6895,1920,32,512,512,1
12,3,"[4, 80, 0, 0, 0, 0, 0, 0, 0, 0, 0, 0, 0, 0, 0, 4, 80, 0, 0, 0, 0, 0, 0, 0, 0, 0, 0, 0, 0, 0]",1,128,80.0,960.0,3321075011,3321081841,3553200425,3553202345,0,608,608,-1,1,6830,1920,32,512,512,1
12,3,"[4, 80, 0, 0, 0, 0, 0, 0, 0, 0, 0, 0, 0, 0, 0, 4, 80, 0, 0, 0, 0, 0, 0, 0, 0, 0, 0, 0, 0, 0]",1,128,80.0,960.0,3321143213,3321149200,3553202953,3553204393,0,1376,1376,-1,1,5987,1440,32,512,512,1
16,3,"[4, 320, 80, 1, 1, 0, 0, 0, 0, 0, 0, 0, 0, 0, 0, 4, 0, 0, 0, 0, 0, 0, 0, 0, 0, 0, 0, 0, 0, 0]",50,128,25600.0,204804.0,3321206237,3321212280,3553205769,3553207817,0,576,576,-1,1,6043,2048,32,512,512,1
12,3,"[4, 320, 80, 1, 1, 0, 0, 0, 0, 0, 0, 0, 0, 0, 0, 4, 320, 80, 1, 1, 0, 0, 0, 0, 0, 0, 0, 0, 0, 0]",50,128,25600.0,307200.0,3321269831,3321275867,3553208393,3553210504,0,1,1,-1,1,6036,2111,32,512,512,1
12,3,"[4, 320, 80, 1, 1, 0, 0, 0, 0, 0, 0, 0, 0, 0, 0, 4, 320, 80, 1, 1, 0, 0, 0, 0, 0, 0, 0, 0, 0, 0]",50,128,25600.0,307200.0,3321331746,3321338032,3553210505,3553212585,0,1312,1312,-1,1,6286,2080,32,512,512,1
16,3,"[4, 320, 0, 0, 0, 0, 0, 0, 0, 0, 0, 0, 0, 0, 0, 4, 0, 0, 0, 0, 0, 0, 0, 0, 0, 0, 0, 0, 0, 0]",1,128,320.0,2564.0,3321393438,3321399693,3553213897,3553215849,0,576,576,-1,1,6255,1952,32,512,512,1
12,3,"[4, 320, 0, 0, 0, 0, 0, 0, 0, 0, 0, 0, 0, 0, 0, 4, 320, 0, 0, 0, 0, 0, 0, 0, 0, 0, 0, 0, 0, 0]",1,128,320.0,3840.0,3321454897,3321460997,3553216425,3553218441,0,256,256,-1,1,6100,2016,32,512,512,1
12,3,"[4, 320, 0, 0, 0, 0, 0, 0, 0, 0, 0, 0, 0, 0, 0, 4, 320, 0, 0, 0, 0, 0, 0, 0, 0, 0, 0, 0, 0, 0]",1,128,320.0,3840.0,3321523809,3321530417,3553218697,3553220776,0,1,1,-1,1,6608,2079,32,512,512,1
16,3,"[4, 320, 320, 1, 1, 0, 0, 0, 0, 0, 0, 0, 0, 0, 0, 4, 0, 0, 0, 0, 0, 0, 0, 0, 0, 0, 0, 0, 0, 0]",200,128,102400.0,819204.0,3321587964,3321593989,3553220777,3553224457,0,384,384,-1,1,6025,3680,32,512,512,1
12,3,"[4, 320, 320, 1, 1, 0, 0, 0, 0, 0, 0, 0, 0, 0, 0, 4, 320, 320, 1, 1, 0, 0, 0, 0, 0, 0, 0, 0, 0, 0]",200,128,102400.0,1228800.0,3321651032,3321656753,3553224841,3553228297,0,480,480,-1,1,5721,3456,32,512,512,1
12,3,"[4, 320, 320, 1, 1, 0, 0, 0, 0, 0, 0, 0, 0, 0, 0, 4, 320, 320, 1, 1, 0, 0, 0, 0, 0, 0, 0, 0, 0, 0]",200,128,102400.0,1228800.0,3321713075,3321718813,3553228777,3553231016,0,1,1,-1,1,5738,2239,32,512,512,1
16,3,"[4, 320, 0, 0, 0, 0, 0, 0, 0, 0, 0, 0, 0, 0, 0, 4, 0, 0, 0, 0, 0, 0, 0, 0, 0, 0, 0, 0, 0, 0]",1,128,320.0,2564.0,3321774548,3321780433,3553231017,3553233065,0,1408,1408,-1,1,5885,2048,32,512,512,1
12,3,"[4, 320, 0, 0, 0, 0, 0, 0, 0, 0, 0, 0, 0, 0, 0, 4, 320, 0, 0, 0, 0, 0, 0, 0, 0, 0, 0, 0, 0, 0]",1,128,320.0,3840.0,3321836422,3321842890,3553234473,3553236457,0,544,544,-1,1,6468,1984,32,512,512,1
12,3,"[4, 320, 0, 0, 0, 0, 0, 0, 0, 0, 0, 0, 0, 0, 0, 4, 320, 0, 0, 0, 0, 0, 0, 0, 0, 0, 0, 0, 0, 0]",1,128,320.0,3840.0,3321902700,3321909182,3553237001,3553239017,0,256,256,-1,1,6482,2016,32,512,512,1
16,3,"[4, 320, 0, 0, 0, 0, 0, 0, 0, 0, 0, 0, 0, 0, 0, 4, 0, 0, 0, 0, 0, 0, 0, 0, 0, 0, 0, 0, 0, 0]",1,128,320.0,2564.0,3321964770,3321970752,3553239273,3553241224,0,1,1,-1,1,5982,1951,32,512,512,1
12,3,"[4, 320, 0, 0, 0, 0, 0, 0, 0, 0, 0, 0, 0, 0, 0, 4, 320, 0, 0, 0, 0, 0, 0, 0, 0, 0, 0, 0, 0, 0]",1,128,320.0,3840.0,3322025248,3322031028,3553241225,3553243305,0,1600,1600,-1,1,5780,2080,32,512,512,1
12,3,"[4, 320, 0, 0, 0, 0, 0, 0, 0, 0, 0, 0, 0, 0, 0, 4, 320, 0, 0, 0, 0, 0, 0, 0, 0, 0, 0, 0, 0, 0]",1,128,320.0,3840.0,3322086207,3322091529,3553244905,3553246985,0,384,384,-1,1,5322,2080,32,512,512,1
16,3,"[4, 784, 320, 1, 1, 0, 0, 0, 0, 0, 0, 0, 0, 0, 0, 4, 0, 0, 0, 0, 0, 0, 0, 0, 0, 0, 0, 0, 0, 0]",490,128,250880.0,2007044.0,3322246668,3322255257,3553247369,3553252649,0,608,608,-1,1,8589,5280,32,512,512,1
12,3,"[4, 784, 320, 1, 1, 0, 0, 0, 0, 0, 0, 0, 0, 0, 0, 4, 784, 320, 1, 1, 0, 0, 0, 0, 0, 0, 0, 0, 0, 0]",490,128,250880.0,3010560.0,3322321473,3322329199,3553253257,3553257641,0,320,320,-1,1,7726,4384,32,512,512,1
12,3,"[4, 784, 320, 1, 1, 0, 0, 0, 0, 0, 0, 0, 0, 0, 0, 4, 784, 320, 1, 1, 0, 0, 0, 0, 0, 0, 0, 0, 0, 0]",490,128,250880.0,3010560.0,3322394233,3322400813,3553257961,3553262985,0,544,544,-1,1,6580,5024,32,512,512,1
16,3,"[4, 784, 0, 0, 0, 0, 0, 0, 0, 0, 0, 0, 0, 0, 0, 4, 0, 0, 0, 0, 0, 0, 0, 0, 0, 0, 0, 0, 0, 0]",2,128,784.0,6276.0,3322459109,3322465672,3553263529,3553265513,0,320,320,-1,1,6563,1984,32,512,512,1
12,3,"[4, 784, 0, 0, 0, 0, 0, 0, 0, 0, 0, 0, 0, 0, 0, 4, 784, 0, 0, 0, 0, 0, 0, 0, 0, 0, 0, 0, 0, 0]",2,128,784.0,9408.0,3322522164,3322528056,3553265833,3553267881,0,544,544,-1,1,5892,2048,32,512,512,1
12,3,"[4, 784, 0, 0, 0, 0, 0, 0, 0, 0, 0, 0, 0, 0, 0, 4, 784, 0, 0, 0, 0, 0, 0, 0, 0, 0, 0, 0, 0, 0]",2,128,784.0,9408.0,3322590348,3322596366,3553268425,3553269929,0,1440,1440,-1,1,6018,1504,32,512,512,1
16,3,"[4, 784, 0, 0, 0, 0, 0, 0, 0, 0, 0, 0, 0, 0, 0, 4, 0, 0, 0, 0, 0, 0, 0, 0, 0, 0, 0, 0, 0, 0]",2,128,784.0,6276.0,3322653354,3322659681,3553271369,3553273289,0,608,608,-1,1,6327,1920,32,512,512,1
12,3,"[4, 784, 0, 0, 0, 0, 0, 0, 0, 0, 0, 0, 0, 0, 0, 4, 784, 0, 0, 0, 0, 0, 0, 0, 0, 0, 0, 0, 0, 0]",2,128,784.0,9408.0,3322715444,3322721221,3553273897,3553275817,0,256,256,-1,1,5777,1920,32,512,512,1
12,3,"[4, 784, 0, 0, 0, 0, 0, 0, 0, 0, 0, 0, 0, 0, 0, 4, 784, 0, 0, 0, 0, 0, 0, 0, 0, 0, 0, 0, 0, 0]",2,128,784.0,9408.0,3322782465,3322788469,3553276073,3553278121,0,544,544,-1,1,6004,2048,32,512,512,1
16,3,"[4, 784, 320, 1, 1, 0, 0, 0, 0, 0, 0, 0, 0, 0, 0, 4, 0, 0, 0, 0, 0, 0, 0, 0, 0, 0, 0, 0, 0, 0]",490,128,250880.0,2007044.0,3322845463,3322851910,3553278665,3553284105,0,128,128,-1,1,6447,5440,32,512,512,1
12,3,"[4, 784, 320, 1, 1, 0, 0, 0, 0, 0, 0, 0, 0, 0, 0, 4, 784, 320, 1, 1, 0, 0, 0, 0, 0, 0, 0, 0, 0, 0]",490,128,250880.0,3010560.0,3322911052,3322916709,3553284233,3553288361,0,1152,1152,-1,1,5657,4128,32,512,512,1
12,3,"[4, 784, 320, 1, 1, 0, 0, 0, 0, 0, 0, 0, 0, 0, 0, 4, 784, 320, 1, 1, 0, 0, 0, 0, 0, 0, 0, 0, 0, 0]",490,128,250880.0,3010560.0,3322973745,3322979304,3553289513,3553293897,0,544,544,-1,1,5559,4384,32,512,512,1
16,3,"[4, 784, 0, 0, 0, 0, 0, 0, 0, 0, 0, 0, 0, 0, 0, 4, 0, 0, 0, 0, 0, 0, 0, 0, 0, 0, 0, 0, 0, 0]",2,128,784.0,6276.0,3323035089,3323041086,3553294441,3553296425,0,96,96,-1,1,5997,1984,32,512,512,1
12,3,"[4, 784, 0, 0, 0, 0, 0, 0, 0, 0, 0, 0, 0, 0, 0, 4, 784, 0, 0, 0, 0, 0, 0, 0, 0, 0, 0, 0, 0, 0]",2,128,784.0,9408.0,3323097372,3323103051,3553296521,3553298568,0,1,1,-1,1,5679,2047,32,512,512,1
12,3,"[4, 784, 0, 0, 0, 0, 0, 0, 0, 0, 0, 0, 0, 0, 0, 4, 784, 0, 0, 0, 0, 0, 0, 0, 0, 0, 0, 0, 0, 0]",2,128,784.0,9408.0,3323166082,3323172124,3553298569,3553300649,0,1408,1408,-1,1,6042,2080,32,512,512,1
16,3,"[4, 784, 0, 0, 0, 0, 0, 0, 0, 0, 0, 0, 0, 0, 0, 4, 0, 0, 0, 0, 0, 0, 0, 0, 0, 0, 0, 0, 0, 0]",2,128,784.0,6276.0,3323232119,3323238550,3553302057,3553304265,0,448,448,-1,1,6431,2208,32,512,512,1
12,3,"[4, 784, 0, 0, 0, 0, 0, 0, 0, 0, 0, 0, 0, 0, 0, 4, 784, 0, 0, 0, 0, 0, 0, 0, 0, 0, 0, 0, 0, 0]",2,128,784.0,9408.0,3323294467,3323300116,3553304713,3553306760,0,1,1,-1,1,5649,2047,32,512,512,1
12,3,"[4, 784, 0, 0, 0, 0, 0, 0, 0, 0, 0, 0, 0, 0, 0, 4, 784, 0, 0, 0, 0, 0, 0, 0, 0, 0, 0, 0, 0, 0]",2,128,784.0,9408.0,3323356879,3323362974,3553306761,3553308841,0,1056,1056,-1,1,6095,2080,32,512,512,1
16,3,"[4, 784, 16, 3, 3, 0, 0, 0, 0, 0, 0, 0, 0, 0, 0, 4, 0, 0, 0, 0, 0, 0, 0, 0, 0, 0, 0, 0, 0, 0]",221,128,112896.0,903172.0,3323419716,3323425964,3553309897,3553312937,0,608,608,-1,1,6248,3040,32,512,512,1
12,3,"[4, 784, 16, 3, 3, 0, 0, 0, 0, 0, 0, 0, 0, 0, 0, 4, 784, 16, 3, 3, 0, 0, 0, 0, 0, 0, 0, 0, 0, 0]",221,128,112896.0,1354752.0,3323481905,3323488259,3553313545,3553317000,0,1,1,-1,1,6354,3455,32,512,512,1
12,3,"[4, 784, 16, 3, 3, 0, 0, 0, 0, 0, 0, 0, 0, 0, 0, 4, 784, 16, 3, 3, 0, 0, 0, 0, 0, 0, 0, 0, 0, 0]",221,128,112896.0,1354752.0,3323544060,3323549871,3553317001,3553320617,0,512,512,-1,1,5811,3616,32,512,512,1
16,3,"[4, 784, 0, 0, 0, 0, 0, 0, 0, 0, 0, 0, 0, 0, 0, 4, 0, 0, 0, 0, 0, 0, 0, 0, 0, 0, 0, 0, 0, 0]",2,128,784.0,6276.0,3323612296,3323618976,3553321129,3553323081,0,96,96,-1,1,6680,1952,32,512,512,1
12,3,"[4, 784, 0, 0, 0, 0, 0, 0, 0, 0, 0, 0, 0, 0, 0, 4, 784, 0, 0, 0, 0, 0, 0, 0, 0, 0, 0, 0, 0, 0]",2,128,784.0,9408.0,3323676139,3323682351,3553323177,3553325225,0,1024,1024,-1,1,6212,2048,32,512,512,1
12,3,"[4, 784, 0, 0, 0, 0, 0, 0, 0, 0, 0, 0, 0, 0, 0, 4, 784, 0, 0, 0, 0, 0, 0, 0, 0, 0, 0, 0, 0, 0]",2,128,784.0,9408.0,3323738572,3323744919,3553326249,3553327273,0,1408,1408,-1,1,6347,1024,32,512,512,1
16,3,"[4, 784, 0, 0, 0, 0, 0, 0, 0, 0, 0, 0, 0, 0, 0, 4, 0, 0, 0, 0, 0, 0, 0, 0, 0, 0, 0, 0, 0, 0]",2,128,784.0,6276.0,3323800271,3323806514,3553328681,3553330601,0,576,576,-1,1,6243,1920,32,512,512,1
12,3,"[4, 784, 0, 0, 0, 0, 0, 0, 0, 0, 0, 0, 0, 0, 0, 4, 784, 0, 0, 0, 0, 0, 0, 0, 0, 0, 0, 0, 0, 0]",2,128,784.0,9408.0,3323862196,3323869053,3553331177,3553333129,0,288,288,-1,1,6857,1952,32,512,512,1
12,3,"[4, 784, 0, 0, 0, 0, 0, 0, 0, 0, 0, 0, 0, 0, 0, 4, 784, 0, 0, 0, 0, 0, 0, 0, 0, 0, 0, 0, 0, 0]",2,128,784.0,9408.0,3323925309,3323931444,3553333417,3553335464,0,1,1,-1,1,6135,2047,32,512,512,1
16,3,"[4, 80, 784, 1, 1, 0, 0, 0, 0, 0, 0, 0, 0, 0, 0, 4, 0, 0, 0, 0, 0, 0, 0, 0, 0, 0, 0, 0, 0, 0]",123,128,62720.0,501764.0,3323995037,3324001913,3553335465,3553339433,0,224,224,-1,1,6876,3968,32,512,512,1
12,3,"[4, 80, 784, 1, 1, 0, 0, 0, 0, 0, 0, 0, 0, 0, 0, 4, 80, 784, 1, 1, 0, 0, 0, 0, 0, 0, 0, 0, 0, 0]",123,128,62720.0,752640.0,3324059359,3324065440,3553339657,3553343337,0,320,320,-1,1,6081,3680,32,512,512,1
12,3,"[4, 80, 784, 1, 1, 0, 0, 0, 0, 0, 0, 0, 0, 0, 0, 4, 80, 784, 1, 1, 0, 0, 0, 0, 0, 0, 0, 0, 0, 0]",123,128,62720.0,752640.0,3324121621,3324128247,3553343657,3553345705,0,1184,1184,-1,1,6626,2048,32,512,512,1
16,3,"[4, 80, 0, 0, 0, 0, 0, 0, 0, 0, 0, 0, 0, 0, 0, 4, 0, 0, 0, 0, 0, 0, 0, 0, 0, 0, 0, 0, 0, 0]",1,128,80.0,644.0,3324184278,3324190247,3553346889,3553348777,0,640,640,-1,1,5969,1888,32,512,512,1
12,3,"[4, 80, 0, 0, 0, 0, 0, 0, 0, 0, 0, 0, 0, 0, 0, 4, 80, 0, 0, 0, 0, 0, 0, 0, 0, 0, 0, 0, 0, 0]",1,128,80.0,960.0,3324247004,3324253225,3553349417,3553351337,0,480,480,-1,1,6221,1920,32,512,512,1
12,3,"[4, 80, 0, 0, 0, 0, 0, 0, 0, 0, 0, 0, 0, 0, 0, 4, 80, 0, 0, 0, 0, 0, 0, 0, 0, 0, 0, 0, 0, 0]",1,128,80.0,960.0,3324308848,3324314621,3553351817,3553353801,0,224,224,-1,1,5773,1984,32,512,512,1
16,3,"[4, 784, 80, 1, 1, 0, 0, 0, 0, 0, 0, 0, 0, 0, 0, 4, 0, 0, 0, 0, 0, 0, 0, 0, 0, 0, 0, 0, 0, 0]",123,128,62720.0,501764.0,3324370481,3324376766,3553354025,3553355945,0,1504,1504,-1,1,6285,1920,32,512,512,1
12,3,"[4, 784, 80, 1, 1, 0, 0, 0, 0, 0, 0, 0, 0, 0, 0, 4, 784, 80, 1, 1, 0, 0, 0, 0, 0, 0, 0, 0, 0, 0]",123,128,62720.0,752640.0,3324440251,3324446181,3553357449,3553360008,0,1,1,-1,1,5930,2559,32,512,512,1
12,3,"[4, 784, 80, 1, 1, 0, 0, 0, 0, 0, 0, 0, 0, 0, 0, 4, 784, 80, 1, 1, 0, 0, 0, 0, 0, 0, 0, 0, 0, 0]",123,128,62720.0,752640.0,3324502268,3324508524,3553360009,3553363209,0,512,512,-1,1,6256,3200,32,512,512,1
16,3,"[4, 784, 0, 0, 0, 0, 0, 0, 0, 0, 0, 0, 0, 0, 0, 4, 0, 0, 0, 0, 0, 0, 0, 0, 0, 0, 0, 0, 0, 0]",2,128,784.0,6276.0,3324564310,3324570337,3553363721,3553365673,0,512,512,-1,1,6027,1952,32,512,512,1
12,3,"[4, 784, 0, 0, 0, 0, 0, 0, 0, 0, 0, 0, 0, 0, 0, 4, 784, 0, 0, 0, 0, 0, 0, 0, 0, 0, 0, 0, 0, 0]",2,128,784.0,9408.0,3324633882,3324641303,3553366185,3553368137,0,96,96,-1,1,7421,1952,32,512,512,1
12,3,"[4, 784, 0, 0, 0, 0, 0, 0, 0, 0, 0, 0, 0, 0, 0, 4, 784, 0, 0, 0, 0, 0, 0, 0, 0, 0, 0, 0, 0, 0]",2,128,784.0,9408.0,3324696687,3324702990,3553368233,3553370281,0,1024,1024,-1,1,6303,2048,32,512,512,1
16,3,"[4, 784, 784, 1, 1, 0, 0, 0, 0, 0, 0, 0, 0, 0, 0, 4, 0, 0, 0, 0, 0, 0, 0, 0, 0, 0, 0, 0, 0, 0]",1201,128,614656.0,4917252.0,3324759345,3324766249,3553371305,3553380521,0,1344,1344,-1,1,6904,9216,32,512,512,1
12,3,"[4, 784, 784, 1, 1, 0, 0, 0, 0, 0, 0, 0, 0, 0, 0, 4, 784, 784, 1, 1, 0, 0, 0, 0, 0, 0, 0, 0, 0, 0]",1201,128,614656.0,7375872.0,3324828563,3324834434,3553381865,3553388712,0,1,1,-1,1,5871,6847,32,512,512,1
12,3,"[4, 784, 784, 1, 1, 0, 0, 0, 0, 0, 0, 0, 0, 0, 0, 4, 784, 784, 1, 1, 0, 0, 0, 0, 0, 0, 0, 0, 0, 0]",1201,128,614656.0,7375872.0,3324992497,3325000804,3553388713,3553398729,0,224,224,-1,1,8307,10016,32,512,512,1
16,3,"[4, 784, 0, 0, 0, 0, 0, 0, 0, 0, 0, 0, 0, 0, 0, 4, 0, 0, 0, 0, 0, 0, 0, 0, 0, 0, 0, 0, 0, 0]",2,128,784.0,6276.0,3325067154,3325074297,3553398953,3553401001,0,576,576,-1,1,7143,2048,32,512,512,1
12,3,"[4, 784, 0, 0, 0, 0, 0, 0, 0, 0, 0, 0, 0, 0, 0, 4, 784, 0, 0, 0, 0, 0, 0, 0, 0, 0, 0, 0, 0, 0]",2,128,784.0,9408.0,3325131980,3325138042,3553401577,3553403049,0,1472,1472,-1,1,6062,1472,32,512,512,1
12,3,"[4, 784, 0, 0, 0, 0, 0, 0, 0, 0, 0, 0, 0, 0, 0, 4, 784, 0, 0, 0, 0, 0, 0, 0, 0, 0, 0, 0, 0, 0]",2,128,784.0,9408.0,3325195204,3325201568,3553404521,3553406441,0,544,544,-1,1,6364,1920,32,512,512,1
16,3,"[4, 784, 0, 0, 0, 0, 0, 0, 0, 0, 0, 0, 0, 0, 0, 4, 0, 0, 0, 0, 0, 0, 0, 0, 0, 0, 0, 0, 0, 0]",2,128,784.0,6276.0,3325263738,3325269862,3553406985,3553408937,0,224,224,-1,1,6124,1952,32,512,512,1
12,3,"[4, 784, 0, 0, 0, 0, 0, 0, 0, 0, 0, 0, 0, 0, 0, 4, 784, 0, 0, 0, 0, 0, 0, 0, 0, 0, 0, 0, 0, 0]",2,128,784.0,9408.0,3325326459,3325332534,3553409161,3553411240,0,1,1,-1,1,6075,2079,32,512,512,1
12,3,"[4, 784, 0, 0, 0, 0, 0, 0, 0, 0, 0, 0, 0, 0, 0, 4, 784, 0, 0, 0, 0, 0, 0, 0, 0, 0, 0, 0, 0, 0]",2,128,784.0,9408.0,3325387827,3325393324,3553411241,3553413289,0,1184,1184,-1,1,5497,2048,32,512,512,1
16,3,"[4, 784, 784, 1, 1, 0, 0, 0, 0, 0, 0, 0, 0, 0, 0, 4, 0, 0, 0, 0, 0, 0, 0, 0, 0, 0, 0, 0, 0, 0]",1201,128,614656.0,4917252.0,3325449415,3325455815,3553414473,3553424713,0,544,544,-1,1,6400,10240,32,512,512,1
12,3,"[4, 784, 784, 1, 1, 0, 0, 0, 0, 0, 0, 0, 0, 0, 0, 4, 784, 784, 1, 1, 0, 0, 0, 0, 0, 0, 0, 0, 0, 0]",1201,128,614656.0,7375872.0,3325512321,3325518068,3553425257,3553431721,0,1120,1120,-1,1,5747,6464,32,512,512,1
12,3,"[4, 784, 784, 1, 1, 0, 0, 0, 0, 0, 0, 0, 0, 0, 0, 4, 784, 784, 1, 1, 0, 0, 0, 0, 0, 0, 0, 0, 0, 0]",1201,128,614656.0,7375872.0,3325573063,3325578806,3553432841,3553441961,0,1056,1056,-1,1,5743,9120,32,512,512,1
16,3,"[4, 784, 0, 0, 0, 0, 0, 0, 0, 0, 0, 0, 0, 0, 0, 4, 0, 0, 0, 0, 0, 0, 0, 0, 0, 0, 0, 0, 0, 0]",2,128,784.0,6276.0,3325634303,3325640066,3553443017,3553445129,0,512,512,-1,1,5763,2112,32,512,512,1
12,3,"[4, 784, 0, 0, 0, 0, 0, 0, 0, 0, 0, 0, 0, 0, 0, 4, 784, 0, 0, 0, 0, 0, 0, 0, 0, 0, 0, 0, 0, 0]",2,128,784.0,9408.0,3325704172,3325710079,3553445641,3553447657,0,416,416,-1,1,5907,2016,32,512,512,1
12,3,"[4, 784, 0, 0, 0, 0, 0, 0, 0, 0, 0, 0, 0, 0, 0, 4, 784, 0, 0, 0, 0, 0, 0, 0, 0, 0, 0, 0, 0, 0]",2,128,784.0,9408.0,3325767007,3325773159,3553448073,3553450120,0,1,1,-1,1,6152,2047,32,512,512,1
16,3,"[4, 784, 0, 0, 0, 0, 0, 0, 0, 0, 0, 0, 0, 0, 0, 4, 0, 0, 0, 0, 0, 0, 0, 0, 0, 0, 0, 0, 0, 0]",2,128,784.0,6276.0,3325829763,3325835941,3553450121,3553452201,0,1184,1184,-1,1,6178,2080,32,512,512,1
12,3,"[4, 784, 0, 0, 0, 0, 0, 0, 0, 0, 0, 0, 0, 0, 0, 4, 784, 0, 0, 0, 0, 0, 0, 0, 0, 0, 0, 0, 0, 0]",2,128,784.0,9408.0,3325891058,3325897936,3553453385,3553455497,0,512,512,-1,1,6878,2112,32,512,512,1
12,3,"[4, 784, 0, 0, 0, 0, 0, 0, 0, 0, 0, 0, 0, 0, 0, 4, 784, 0, 0, 0, 0, 0, 0, 0, 0, 0, 0, 0, 0, 0]",2,128,784.0,9408.0,3325978512,3325986926,3553456009,3553458025,0,288,288,-1,1,8414,2016,32,512,512,1
16,3,"[4, 784, 16, 3, 3, 0, 0, 0, 0, 0, 0, 0, 0, 0, 0, 4, 0, 0, 0, 0, 0, 0, 0, 0, 0, 0, 0, 0, 0, 0]",221,128,112896.0,903172.0,3326050296,3326058378,3553458313,3553462057,0,352,352,-1,1,8082,3744,32,512,512,1
12,3,"[4, 784, 16, 3, 3, 0, 0, 0, 0, 0, 0, 0, 0, 0, 0, 4, 784, 16, 3, 3, 0, 0, 0, 0, 0, 0, 0, 0, 0, 0]",221,128,112896.0,1354752.0,3326121285,3326128376,3553462409,3553465961,0,544,544,-1,1,7091,3552,32,512,512,1
12,3,"[4, 784, 16, 3, 3, 0, 0, 0, 0, 0, 0, 0, 0, 0, 0, 4, 784, 16, 3, 3, 0, 0, 0, 0, 0, 0, 0, 0, 0, 0]",221,128,112896.0,1354752.0,3326185456,3326191692,3553466505,3553468585,0,1376,1376,-1,1,6236,2080,32,512,512,1
16,3,"[4, 784, 0, 0, 0, 0, 0, 0, 0, 0, 0, 0, 0, 0, 0, 4, 0, 0, 0, 0, 0, 0, 0, 0, 0, 0, 0, 0, 0, 0]",2,128,784.0,6276.0,3326247995,3326254861,3553469961,3553472329,0,320,320,-1,1,6866,2368,32,512,512,1
12,3,"[4, 784, 0, 0, 0, 0, 0, 0, 0, 0, 0, 0, 0, 0, 0, 4, 784, 0, 0, 0, 0, 0, 0, 0, 0, 0, 0, 0, 0, 0]",2,128,784.0,9408.0,3326311123,3326317406,3553472649,3553474696,0,1,1,-1,1,6283,2047,32,512,512,1
12,3,"[4, 784, 0, 0, 0, 0, 0, 0, 0, 0, 0, 0, 0, 0, 0, 4, 784, 0, 0, 0, 0, 0, 0, 0, 0, 0, 0, 0, 0, 0]",2,128,784.0,9408.0,3326372815,3326378689,3553474697,3553476777,0,1216,1216,-1,1,5874,2080,32,512,512,1
16,3,"[4, 784, 0, 0, 0, 0, 0, 0, 0, 0, 0, 0, 0, 0, 0, 4, 0, 0, 0, 0, 0, 0, 0, 0, 0, 0, 0, 0, 0, 0]",2,128,784.0,6276.0,3326436802,3326442799,3553477993,3553480137,0,608,608,-1,1,5997,2144,32,512,512,1
12,3,"[4, 784, 0, 0, 0, 0, 0, 0, 0, 0, 0, 0, 0, 0, 0, 4, 784, 0, 0, 0, 0, 0, 0, 0, 0, 0, 0, 0, 0, 0]",2,128,784.0,9408.0,3326499723,3326513194,3553480745,3553482697,0,192,192,-1,1,13471,1952,32,512,512,1
12,3,"[4, 784, 0, 0, 0, 0, 0, 0, 0, 0, 0, 0, 0, 0, 0, 4, 784, 0, 0, 0, 0, 0, 0, 0, 0, 0, 0, 0, 0, 0]",2,128,784.0,9408.0,3326576136,3326583083,3553482889,3553484936,0,1,1,-1,1,6947,2047,32,512,512,1
16,3,"[4, 196, 784, 1, 1, 0, 0, 0, 0, 0, 0, 0, 0, 0, 0, 4, 0, 0, 0, 0, 0, 0, 0, 0, 0, 0, 0, 0, 0, 0]",301,128,153664.0,1229316.0,3326646680,3326653679,3553484937,3553489032,0,1,1,-1,1,6999,4095,32,512,512,1
12,3,"[4, 196, 784, 1, 1, 0, 0, 0, 0, 0, 0, 0, 0, 0, 0, 4, 196, 784, 1, 1, 0, 0, 0, 0, 0, 0, 0, 0, 0, 0]",301,128,153664.0,1843968.0,3326711517,3326717634,3553489033,3553493160,0,1,1,-1,1,6117,4127,32,512,512,1
12,3,"[4, 196, 784, 1, 1, 0, 0, 0, 0, 0, 0, 0, 0, 0, 0, 4, 196, 784, 1, 1, 0, 0, 0, 0, 0, 0, 0, 0, 0, 0]",301,128,153664.0,1843968.0,3326774310,3326780120,3553493161,3553497224,0,1,1,-1,1,5810,4063,32,512,512,1
16,3,"[4, 196, 0, 0, 0, 0, 0, 0, 0, 0, 0, 0, 0, 0, 0, 4, 0, 0, 0, 0, 0, 0, 0, 0, 0, 0, 0, 0, 0, 0]",1,128,196.0,1572.0,3326837242,3326843718,3553497225,3553499304,0,1,1,-1,1,6476,2079,32,512,512,1
12,3,"[4, 196, 0, 0, 0, 0, 0, 0, 0, 0, 0, 0, 0, 0, 0, 4, 196, 0, 0, 0, 0, 0, 0, 0, 0, 0, 0, 0, 0, 0]",1,128,196.0,2352.0,3326899660,3326905453,3553499305,3553501353,0,1472,1472,-1,1,5793,2048,32,512,512,1
12,3,"[4, 196, 0, 0, 0, 0, 0, 0, 0, 0, 0, 0, 0, 0, 0, 4, 196, 0, 0, 0, 0, 0, 0, 0, 0, 0, 0, 0, 0, 0]",1,128,196.0,2352.0,3326968349,3326974405,3553502825,3553504841,0,544,544,-1,1,6056,2016,32,512,512,1
16,3,"[4, 784, 196, 1, 1, 0, 0, 0, 0, 0, 0, 0, 0, 0, 0, 4, 0, 0, 0, 0, 0, 0, 0, 0, 0, 0, 0, 0, 0, 0]",301,128,153664.0,1229316.0,3327034617,3327041691,3553505385,3553509449,0,64,64,-1,1,7074,4064,32,512,512,1
12,3,"[4, 784, 196, 1, 1, 0, 0, 0, 0, 0, 0, 0, 0, 0, 0, 4, 784, 196, 1, 1, 0, 0, 0, 0, 0, 0, 0, 0, 0, 0]",301,128,153664.0,1843968.0,3327099838,3327105685,3553509513,3553513608,0,1,1,-1,1,5847,4095,32,512,512,1
12,3,"[4, 784, 196, 1, 1, 0, 0, 0, 0, 0, 0, 0, 0, 0, 0, 4, 784, 196, 1, 1, 0, 0, 0, 0, 0, 0, 0, 0, 0, 0]",301,128,153664.0,1843968.0,3327164524,3327170546,3553513609,3553517353,0,352,352,-1,1,6022,3744,32,512,512,1
16,3,"[4, 784, 0, 0, 0, 0, 0, 0, 0, 0, 0, 0, 0, 0, 0, 4, 0, 0, 0, 0, 0, 0, 0, 0, 0, 0, 0, 0, 0, 0]",2,128,784.0,6276.0,3327230194,3327236406,3553517705,3553519785,0,448,448,-1,1,6212,2080,32,512,512,1
12,3,"[4, 784, 0, 0, 0, 0, 0, 0, 0, 0, 0, 0, 0, 0, 0, 4, 784, 0, 0, 0, 0, 0, 0, 0, 0, 0, 0, 0, 0, 0]",2,128,784.0,9408.0,3327293857,3327299754,3553520233,3553523177,0,576,576,-1,1,5897,2944,32,512,512,1
12,3,"[4, 784, 0, 0, 0, 0, 0, 0, 0, 0, 0, 0, 0, 0, 0, 4, 784, 0, 0, 0, 0, 0, 0, 0, 0, 0, 0, 0, 0, 0]",2,128,784.0,9408.0,3327362632,3327368436,3553523753,3553525737,0,160,160,-1,1,5804,1984,32,512,512,1
16,3,"[4, 784, 784, 1, 1, 0, 0, 0, 0, 0, 0, 0, 0, 0, 0, 4, 0, 0, 0, 0, 0, 0, 0, 0, 0, 0, 0, 0, 0, 0]",1201,128,614656.0,4917252.0,3327428783,3327435189,3553525897,3553535977,0,256,256,-1,1,6406,10080,32,512,512,1
12,3,"[4, 784, 784, 1, 1, 0, 0, 0, 0, 0, 0, 0, 0, 0, 0, 4, 784, 784, 1, 1, 0, 0, 0, 0, 0, 0, 0, 0, 0, 0]",1201,128,614656.0,7375872.0,3327493445,3327499168,3553536233,3553543881,0,480,480,-1,1,5723,7648,32,512,512,1
12,3,"[4, 784, 784, 1, 1, 0, 0, 0, 0, 0, 0, 0, 0, 0, 0, 4, 784, 784, 1, 1, 0, 0, 0, 0, 0, 0, 0, 0, 0, 0]",1201,128,614656.0,7375872.0,3327556943,3327562645,3553544361,3553553801,0,544,544,-1,1,5702,9440,32,512,512,1
16,3,"[4, 784, 0, 0, 0, 0, 0, 0, 0, 0, 0, 0, 0, 0, 0, 4, 0, 0, 0, 0, 0, 0, 0, 0, 0, 0, 0, 0, 0, 0]",2,128,784.0,6276.0,3327620597,3327626996,3553554345,3553556425,0,224,224,-1,1,6399,2080,32,512,512,1
12,3,"[4, 784, 0, 0, 0, 0, 0, 0, 0, 0, 0, 0, 0, 0, 0, 4, 784, 0, 0, 0, 0, 0, 0, 0, 0, 0, 0, 0, 0, 0]",2,128,784.0,9408.0,3327781438,3327797012,3553556649,3553558696,0,1,1,-1,1,15574,2047,32,512,512,1
12,3,"[4, 784, 0, 0, 0, 0, 0, 0, 0, 0, 0, 0, 0, 0, 0, 4, 784, 0, 0, 0, 0, 0, 0, 0, 0, 0, 0, 0, 0, 0]",2,128,784.0,9408.0,3327865301,3327872119,3553558697,3553560745,0,1440,1440,-1,1,6818,2048,32,512,512,1
16,3,"[4, 784, 0, 0, 0, 0, 0, 0, 0, 0, 0, 0, 0, 0, 0, 4, 0, 0, 0, 0, 0, 0, 0, 0, 0, 0, 0, 0, 0, 0]",2,128,784.0,6276.0,3327931472,3327938241,3553562185,3553564201,0,608,608,-1,1,6769,2016,32,512,512,1
12,3,"[4, 784, 0, 0, 0, 0, 0, 0, 0, 0, 0, 0, 0, 0, 0, 4, 784, 0, 0, 0, 0, 0, 0, 0, 0, 0, 0, 0, 0, 0]",2,128,784.0,9408.0,3327995264,3328001124,3553564809,3553566793,0,96,96,-1,1,5860,1984,32,512,512,1
12,3,"[4, 784, 0, 0, 0, 0, 0, 0, 0, 0, 0, 0, 0, 0, 0, 4, 784, 0, 0, 0, 0, 0, 0, 0, 0, 0, 0, 0, 0, 0]",2,128,784.0,9408.0,3328056512,3328062390,3553566889,3553568937,0,640,640,-1,1,5878,2048,32,512,512,1
16,3,"[4, 290, 784, 0, 0, 0, 0, 0, 0, 0, 0, 0, 0, 0, 0, 4, 0, 0, 0, 0, 0, 0, 0, 0, 0, 0, 0, 0, 0, 0]",445,128,227360.0,1818884.0,3328120483,3328126614,3553569577,3553574537,0,512,512,-1,1,6131,4960,32,512,512,1
12,3,"[4, 290, 784, 0, 0, 0, 0, 0, 0, 0, 0, 0, 0, 0, 0, 4, 290, 784, 0, 0, 0, 0, 0, 0, 0, 0, 0, 0, 0, 0]",445,128,227360.0,2728320.0,3328183105,3328188901,3553575049,3553579144,0,1,1,-1,1,5796,4095,32,512,512,1
12,3,"[4, 290, 784, 0, 0, 0, 0, 0, 0, 0, 0, 0, 0, 0, 0, 4, 290, 784, 0, 0, 0, 0, 0, 0, 0, 0, 0, 0, 0, 0]",445,128,227360.0,2728320.0,3328250677,3328256678,3553579145,3553583273,0,1440,1440,-1,1,6001,4128,32,512,512,1
16,3,"[4, 290, 0, 0, 0, 0, 0, 0, 0, 0, 0, 0, 0, 0, 0, 4, 0, 0, 0, 0, 0, 0, 0, 0, 0, 0, 0, 0, 0, 0]",1,128,290.0,2324.0,3328312285,3328318295,3553584713,3553586729,0,480,480,-1,1,6010,2016,32,512,512,1
12,3,"[4, 290, 0, 0, 0, 0, 0, 0, 0, 0, 0, 0, 0, 0, 0, 4, 290, 0, 0, 0, 0, 0, 0, 0, 0, 0, 0, 0, 0, 0]",1,128,290.0,3480.0,3328373799,3328379855,3553587209,3553589417,0,480,480,-1,1,6056,2208,32,512,512,1
12,3,"[4, 290, 0, 0, 0, 0, 0, 0, 0, 0, 0, 0, 0, 0, 0, 4, 290, 0, 0, 0, 0, 0, 0, 0, 0, 0, 0, 0, 0, 0]",1,128,290.0,3480.0,3328435854,3328441965,3553589897,3553591465,0,0,0,-1,1,6111,1568,32,512,512,1
