op,dir,params,grid,block,flops,bytes,rStartTime,rEndTime,kStartTime,kEndTime,staticSharedMemory,space,space1,seq,kernels,rduration,kduration,batch,h,w,input_type
203,1,"[4, 3, 64, 64, 64, 32, 32, 7, 7, 3, 3, 2, 2, 1, 1, 1, 2, 0, 0, 0, 0, 0, 0, 0, 0, 0, 0, 0, 0, 0]",256,64,0.0,0.0,682240032,682257978,682257335,682282071,2304,192447,192447,58557,1,17946,24736,4,64,64,2
205,1,"[4, 0, 0, 0, 0, 0, 0, 0, 0, 0, 0, 0, 0, 0, 0, 4, 0, 0, 0, 0, 0, 0, 0, 0, 0, 0, 0, 0, 0, 0]",256,512,2097152.0,2097152.0,682462549,682793944,682474518,682798167,640,503552,196032,58558,4,40507,16129,4,64,64,2
152,1,"[2, 4, 64, 32, 32, 0, 0, 0, 0, 0, 0, 0, 0, 0, 0, 0, 0, 0, 0, 0, 0, 0, 0, 0, 0, 0, 0, 0, 0, 0]",512,128,262144.0,1048576.0,682983575,682994859,682994199,682996823,0,210208,210208,58559,1,11284,2624,4,64,64,2
183,1,"[2, 4, 64, 32, 32, 0, 0, 0, 0, 0, 0, 0, 0, 0, 0, 0, 0, 0, 0, 0, 0, 0, 0, 0, 0, 0, 0, 0, 0, 0]",256,256,0.0,0.0,683194658,683207756,683207031,683213335,0,463200,463200,58560,1,13098,6304,4,64,64,2
203,1,"[4, 64, 16, 16, 64, 16, 16, 3, 3, 1, 1, 1, 1, 1, 1, 1, 2, 0, 0, 0, 0, 0, 0, 0, 0, 0, 0, 0, 0, 0]",128,256,0.0,0.0,683660071,683714598,683676535,683723063,2112,211904,189376,58561,4,40141,24000,4,64,64,2
205,1,"[4, 0, 0, 0, 0, 0, 0, 0, 0, 0, 0, 0, 0, 0, 0, 4, 0, 0, 0, 0, 0, 0, 0, 0, 0, 0, 0, 0, 0, 0]",256,512,524288.0,524288.0,683903051,684198468,683912439,684202807,640,468896,192128,58562,4,34943,13600,4,64,64,2
152,1,"[2, 4, 64, 16, 16, 0, 0, 0, 0, 0, 0, 0, 0, 0, 0, 0, 0, 0, 0, 0, 0, 0, 0, 0, 0, 0, 0, 0, 0, 0]",128,128,65536.0,262144.0,684384038,684394994,684394935,684397655,0,241952,241952,58563,1,10956,2720,4,64,64,2
203,1,"[4, 64, 16, 16, 64, 16, 16, 3, 3, 1, 1, 1, 1, 1, 1, 1, 2, 0, 0, 0, 0, 0, 0, 0, 0, 0, 0, 0, 0, 0]",128,256,0.0,0.0,684626913,684666139,684639607,684679543,2112,177824,164576,58564,4,29829,26688,4,64,64,2
205,1,"[4, 0, 0, 0, 0, 0, 0, 0, 0, 0, 0, 0, 0, 0, 0, 4, 0, 0, 0, 0, 0, 0, 0, 0, 0, 0, 0, 0, 0, 0]",256,512,524288.0,524288.0,684834476,685134136,684844119,685138648,640,375361,96575,58565,4,33231,15743,4,64,64,2
35,1,"[2, 4, 64, 16, 16, 0, 0, 0, 0, 0, 0, 0, 0, 0, 0, 2, 4, 64, 16, 16, 0, 0, 0, 0, 0, 0, 0, 0, 0, 0]",128,128,65536.0,393216.0,685226499,685233963,685235223,685237336,0,159488,159488,58566,1,7464,2113,4,64,64,2
152,1,"[2, 4, 64, 16, 16, 0, 0, 0, 0, 0, 0, 0, 0, 0, 0, 0, 0, 0, 0, 0, 0, 0, 0, 0, 0, 0, 0, 0, 0, 0]",128,128,65536.0,262144.0,685387604,685396609,685396824,685399127,0,221185,221185,58567,1,9005,2303,4,64,64,2
203,1,"[4, 64, 16, 16, 64, 16, 16, 3, 3, 1, 1, 1, 1, 1, 1, 1, 2, 0, 0, 0, 0, 0, 0, 0, 0, 0, 0, 0, 0, 0]",128,256,0.0,0.0,685607223,685643276,685620312,685657176,2112,169760,159264,58568,4,27838,26368,4,64,64,2
205,1,"[4, 0, 0, 0, 0, 0, 0, 0, 0, 0, 0, 0, 0, 0, 0, 4, 0, 0, 0, 0, 0, 0, 0, 0, 0, 0, 0, 0, 0, 0]",256,512,524288.0,524288.0,685807018,686095464,685816440,686099256,640,454624,184576,58569,4,35366,12768,4,64,64,2
152,1,"[2, 4, 64, 16, 16, 0, 0, 0, 0, 0, 0, 0, 0, 0, 0, 0, 0, 0, 0, 0, 0, 0, 0, 0, 0, 0, 0, 0, 0, 0]",128,128,65536.0,262144.0,686273687,686284369,686283832,686287000,0,223936,223936,58570,1,10682,3168,4,64,64,2
203,1,"[4, 64, 16, 16, 64, 16, 16, 3, 3, 1, 1, 1, 1, 1, 1, 1, 2, 0, 0, 0, 0, 0, 0, 0, 0, 0, 0, 0, 0, 0]",128,256,0.0,0.0,686498098,686534692,686510936,686548056,2112,173792,159712,58571,4,28291,23040,4,64,64,2
205,1,"[4, 0, 0, 0, 0, 0, 0, 0, 0, 0, 0, 0, 0, 0, 0, 4, 0, 0, 0, 0, 0, 0, 0, 0, 0, 0, 0, 0, 0, 0]",256,512,524288.0,524288.0,686698242,686971637,686707768,686976088,640,356704,102624,58572,4,31888,14240,4,64,64,2
35,1,"[2, 4, 64, 16, 16, 0, 0, 0, 0, 0, 0, 0, 0, 0, 0, 2, 4, 64, 16, 16, 0, 0, 0, 0, 0, 0, 0, 0, 0, 0]",128,128,65536.0,393216.0,687070988,687078780,687078712,687081944,0,150272,150272,58573,1,7792,3232,4,64,64,2
152,1,"[2, 4, 64, 16, 16, 0, 0, 0, 0, 0, 0, 0, 0, 0, 0, 0, 0, 0, 0, 0, 0, 0, 0, 0, 0, 0, 0, 0, 0, 0]",128,128,65536.0,262144.0,687222563,687232190,687232216,687235864,0,217472,217472,58574,1,9627,3648,4,64,64,2
203,1,"[4, 64, 16, 16, 64, 16, 16, 3, 3, 1, 1, 1, 1, 1, 1, 1, 2, 0, 0, 0, 0, 0, 0, 0, 0, 0, 0, 0, 0, 0]",128,256,0.0,0.0,687440473,687476368,687453336,687490136,2112,180928,169184,58575,4,27705,25056,4,64,64,2
205,1,"[4, 0, 0, 0, 0, 0, 0, 0, 0, 0, 0, 0, 0, 0, 0, 4, 0, 0, 0, 0, 0, 0, 0, 0, 0, 0, 0, 0, 0, 0]",256,512,524288.0,524288.0,687649165,687943009,687659320,687947928,640,472000,197568,58576,4,31190,14176,4,64,64,2
152,1,"[2, 4, 64, 16, 16, 0, 0, 0, 0, 0, 0, 0, 0, 0, 0, 0, 0, 0, 0, 0, 0, 0, 0, 0, 0, 0, 0, 0, 0, 0]",128,128,65536.0,262144.0,688133537,688145992,688145496,688148568,0,237633,237633,58577,1,12455,3072,4,64,64,2
203,1,"[4, 64, 16, 16, 64, 16, 16, 3, 3, 1, 1, 1, 1, 1, 1, 1, 2, 0, 0, 0, 0, 0, 0, 0, 0, 0, 0, 0, 0, 0]",128,256,0.0,0.0,688371872,688408569,688386201,688421976,2112,183552,172032,58578,4,28514,24255,4,64,64,2
205,1,"[4, 0, 0, 0, 0, 0, 0, 0, 0, 0, 0, 0, 0, 0, 0, 4, 0, 0, 0, 0, 0, 0, 0, 0, 0, 0, 0, 0, 0, 0]",256,512,524288.0,524288.0,688583996,689004640,688594008,689009753,640,521505,120896,58579,4,35067,15136,4,64,64,2
35,1,"[2, 4, 64, 16, 16, 0, 0, 0, 0, 0, 0, 0, 0, 0, 0, 2, 4, 64, 16, 16, 0, 0, 0, 0, 0, 0, 0, 0, 0, 0]",128,128,65536.0,393216.0,689120277,689130767,689130649,689133881,0,168704,168704,58580,1,10490,3232,4,64,64,2
152,1,"[2, 4, 64, 16, 16, 0, 0, 0, 0, 0, 0, 0, 0, 0, 0, 0, 0, 0, 0, 0, 0, 0, 0, 0, 0, 0, 0, 0, 0, 0]",128,128,65536.0,262144.0,689291490,689302609,689302585,689304665,0,255104,255104,58581,1,11119,2080,4,64,64,2
203,1,"[4, 64, 16, 16, 128, 8, 8, 3, 3, 1, 1, 2, 2, 1, 1, 1, 2, 0, 0, 0, 0, 0, 0, 0, 0, 0, 0, 0, 0, 0]",256,256,0.0,0.0,689547223,689585278,689559769,689597465,2112,173569,160064,58582,4,28141,24191,4,64,64,2
205,1,"[4, 0, 0, 0, 0, 0, 0, 0, 0, 0, 0, 0, 0, 0, 0, 4, 0, 0, 0, 0, 0, 0, 0, 0, 0, 0, 0, 0, 0, 0]",512,512,262144.0,262144.0,689748314,690034544,689757529,690038969,640,441632,174624,58583,4,32385,14432,4,64,64,2
152,1,"[2, 4, 128, 8, 8, 0, 0, 0, 0, 0, 0, 0, 0, 0, 0, 0, 0, 0, 0, 0, 0, 0, 0, 0, 0, 0, 0, 0, 0, 0]",64,128,32768.0,131072.0,690202220,690212969,690213593,690216025,0,229600,229600,58584,1,10749,2432,4,64,64,2
203,1,"[4, 128, 8, 8, 128, 8, 8, 3, 3, 1, 1, 1, 1, 1, 1, 1, 2, 0, 0, 0, 0, 0, 0, 0, 0, 0, 0, 0, 0, 0]",512,256,0.0,0.0,690432583,690488245,690445625,690505913,2112,187520,158208,58585,4,27547,30976,4,64,64,2
205,1,"[4, 0, 0, 0, 0, 0, 0, 0, 0, 0, 0, 0, 0, 0, 0, 4, 0, 0, 0, 0, 0, 0, 0, 0, 0, 0, 0, 0, 0, 0]",512,512,262144.0,262144.0,690654393,690939775,690664121,690943065,640,571520,305152,58586,4,32599,12576,4,64,64,2
203,1,"[4, 64, 16, 16, 128, 8, 8, 1, 1, 0, 0, 2, 2, 1, 1, 1, 2, 0, 0, 0, 0, 0, 0, 0, 0, 0, 0, 0, 0, 0]",4,256,4194304.0,212992.0,691233070,691261437,691248217,691278585,16384,167840,155968,58587,2,24402,18496,4,64,64,2
205,1,"[4, 0, 0, 0, 0, 0, 0, 0, 0, 0, 0, 0, 0, 0, 0, 4, 0, 0, 0, 0, 0, 0, 0, 0, 0, 0, 0, 0, 0, 0]",512,512,262144.0,262144.0,691425483,691722233,691434553,691726585,640,381952,103264,58588,4,31983,13344,4,64,64,2
35,1,"[2, 4, 128, 8, 8, 0, 0, 0, 0, 0, 0, 0, 0, 0, 0, 2, 4, 128, 8, 8, 0, 0, 0, 0, 0, 0, 0, 0, 0, 0]",64,128,32768.0,196608.0,691822313,691829542,691829849,691832986,0,148832,148832,58589,1,7229,3137,4,64,64,2
152,1,"[2, 4, 128, 8, 8, 0, 0, 0, 0, 0, 0, 0, 0, 0, 0, 0, 0, 0, 0, 0, 0, 0, 0, 0, 0, 0, 0, 0, 0, 0]",64,128,32768.0,131072.0,691973995,691981882,691981818,691985433,0,227393,227393,58590,1,7887,3615,4,64,64,2
203,1,"[4, 128, 8, 8, 128, 8, 8, 3, 3, 1, 1, 1, 1, 1, 1, 1, 2, 0, 0, 0, 0, 0, 0, 0, 0, 0, 0, 0, 0, 0]",512,256,0.0,0.0,692198460,692264593,692212826,692278362,2112,216064,179360,58591,4,44824,28832,4,64,64,2
205,1,"[4, 0, 0, 0, 0, 0, 0, 0, 0, 0, 0, 0, 0, 0, 0, 4, 0, 0, 0, 0, 0, 0, 0, 0, 0, 0, 0, 0, 0, 0]",512,512,262144.0,262144.0,692447123,692723687,692457722,692728186,640,462912,205504,58592,4,33479,13056,4,64,64,2
152,1,"[2, 4, 128, 8, 8, 0, 0, 0, 0, 0, 0, 0, 0, 0, 0, 0, 0, 0, 0, 0, 0, 0, 0, 0, 0, 0, 0, 0, 0, 0]",64,128,32768.0,131072.0,692919348,692934557,692933690,692936890,0,266464,266464,58593,1,15209,3200,4,64,64,2
203,1,"[4, 128, 8, 8, 128, 8, 8, 3, 3, 1, 1, 1, 1, 1, 1, 1, 2, 0, 0, 0, 0, 0, 0, 0, 0, 0, 0, 0, 0, 0]",512,256,0.0,0.0,693189218,693233517,693203354,693250842,2112,173792,158016,58594,4,28980,31712,4,64,64,2
205,1,"[4, 0, 0, 0, 0, 0, 0, 0, 0, 0, 0, 0, 0, 0, 0, 4, 0, 0, 0, 0, 0, 0, 0, 0, 0, 0, 0, 0, 0, 0]",512,512,262144.0,262144.0,693399403,693677459,693408858,693681242,640,354976,94208,58595,4,30879,11616,4,64,64,2
35,1,"[2, 4, 128, 8, 8, 0, 0, 0, 0, 0, 0, 0, 0, 0, 0, 2, 4, 128, 8, 8, 0, 0, 0, 0, 0, 0, 0, 0, 0, 0]",64,128,32768.0,196608.0,693767457,693774842,693775450,693777498,0,155776,155776,58596,1,7385,2048,4,64,64,2
152,1,"[2, 4, 128, 8, 8, 0, 0, 0, 0, 0, 0, 0, 0, 0, 0, 0, 0, 0, 0, 0, 0, 0, 0, 0, 0, 0, 0, 0, 0, 0]",64,128,32768.0,131072.0,693924266,693933131,693933274,693936442,0,224000,224000,58597,1,8865,3168,4,64,64,2
203,1,"[4, 128, 8, 8, 128, 8, 8, 3, 3, 1, 1, 1, 1, 1, 1, 1, 2, 0, 0, 0, 0, 0, 0, 0, 0, 0, 0, 0, 0, 0]",512,256,0.0,0.0,694148073,694190408,694160442,694207578,2112,174496,157696,58598,4,27167,30336,4,64,64,2
205,1,"[4, 0, 0, 0, 0, 0, 0, 0, 0, 0, 0, 0, 0, 0, 0, 4, 0, 0, 0, 0, 0, 0, 0, 0, 0, 0, 0, 0, 0, 0]",512,512,262144.0,262144.0,694356511,694760391,694365274,694764634,640,569217,183360,58599,4,32530,13503,4,64,64,2
152,1,"[2, 4, 128, 8, 8, 0, 0, 0, 0, 0, 0, 0, 0, 0, 0, 0, 0, 0, 0, 0, 0, 0, 0, 0, 0, 0, 0, 0, 0, 0]",64,128,32768.0,131072.0,694936330,694948022,694947994,694950586,0,230016,230016,58600,1,11692,2592,4,64,64,2
203,1,"[4, 128, 8, 8, 128, 8, 8, 3, 3, 1, 1, 1, 1, 1, 1, 1, 2, 0, 0, 0, 0, 0, 0, 0, 0, 0, 0, 0, 0, 0]",512,256,0.0,0.0,695168369,695209467,695180602,695227450,2112,169346,154689,58601,4,26608,32191,4,64,64,2
205,1,"[4, 0, 0, 0, 0, 0, 0, 0, 0, 0, 0, 0, 0, 0, 0, 4, 0, 0, 0, 0, 0, 0, 0, 0, 0, 0, 0, 0, 0, 0]",512,512,262144.0,262144.0,695372797,695652689,695382139,695657307,640,355712,94432,58602,4,38513,13888,4,64,64,2
35,1,"[2, 4, 128, 8, 8, 0, 0, 0, 0, 0, 0, 0, 0, 0, 0, 2, 4, 128, 8, 8, 0, 0, 0, 0, 0, 0, 0, 0, 0, 0]",64,128,32768.0,196608.0,695744258,695751459,695751739,695753819,0,145376,145376,58603,1,7201,2080,4,64,64,2
152,1,"[2, 4, 128, 8, 8, 0, 0, 0, 0, 0, 0, 0, 0, 0, 0, 0, 0, 0, 0, 0, 0, 0, 0, 0, 0, 0, 0, 0, 0, 0]",64,128,32768.0,131072.0,695891421,695899177,695899195,695902395,0,213248,213248,58604,1,7756,3200,4,64,64,2
203,1,"[4, 128, 8, 8, 128, 8, 8, 3, 3, 1, 1, 1, 1, 1, 1, 1, 2, 0, 0, 0, 0, 0, 0, 0, 0, 0, 0, 0, 0, 0]",512,256,0.0,0.0,696102228,696147552,696115643,696164955,2112,183328,165696,58605,4,27906,31680,4,64,64,2
205,1,"[4, 0, 0, 0, 0, 0, 0, 0, 0, 0, 0, 0, 0, 0, 0, 4, 0, 0, 0, 0, 0, 0, 0, 0, 0, 0, 0, 0, 0, 0]",512,512,262144.0,262144.0,696320820,696587642,696330651,696591451,640,426528,177440,58606,4,29829,11712,4,64,64,2
152,1,"[2, 4, 128, 8, 8, 0, 0, 0, 0, 0, 0, 0, 0, 0, 0, 0, 0, 0, 0, 0, 0, 0, 0, 0, 0, 0, 0, 0, 0, 0]",64,128,32768.0,131072.0,696758912,696768424,696768891,696771515,0,223040,223040,58607,1,9512,2624,4,64,64,2
203,1,"[4, 128, 8, 8, 128, 8, 8, 3, 3, 1, 1, 1, 1, 1, 1, 1, 2, 0, 0, 0, 0, 0, 0, 0, 0, 0, 0, 0, 0, 0]",512,256,0.0,0.0,696981233,697024150,696994555,697041659,2112,169984,154208,58608,4,28184,31328,4,64,64,2
205,1,"[4, 0, 0, 0, 0, 0, 0, 0, 0, 0, 0, 0, 0, 0, 0, 4, 0, 0, 0, 0, 0, 0, 0, 0, 0, 0, 0, 0, 0, 0]",512,512,262144.0,262144.0,697187157,697464578,697195867,697469115,640,349504,91360,58609,4,30469,15104,4,64,64,2
35,1,"[2, 4, 128, 8, 8, 0, 0, 0, 0, 0, 0, 0, 0, 0, 0, 2, 4, 128, 8, 8, 0, 0, 0, 0, 0, 0, 0, 0, 0, 0]",64,128,32768.0,196608.0,697553325,697560405,697560475,697563803,0,149472,149472,58610,1,7080,3328,4,64,64,2
152,1,"[2, 4, 128, 8, 8, 0, 0, 0, 0, 0, 0, 0, 0, 0, 0, 0, 0, 0, 0, 0, 0, 0, 0, 0, 0, 0, 0, 0, 0, 0]",64,128,32768.0,131072.0,697704700,697712813,697713275,697715803,0,260064,260064,58611,1,8113,2528,4,64,64,2
203,1,"[4, 128, 8, 8, 256, 4, 4, 3, 3, 1, 1, 2, 2, 1, 1, 1, 2, 0, 0, 0, 0, 0, 0, 0, 0, 0, 0, 0, 0, 0]",1024,256,0.0,0.0,697963476,698000417,697975867,698014587,2112,163233,157920,58612,4,27799,33407,4,64,64,2
205,1,"[4, 0, 0, 0, 0, 0, 0, 0, 0, 0, 0, 0, 0, 0, 0, 4, 0, 0, 0, 0, 0, 0, 0, 0, 0, 0, 0, 0, 0, 0]",512,512,131072.0,131072.0,698163048,698438926,698172507,698442844,640,422016,167104,58613,4,30306,15425,4,64,64,2
152,1,"[2, 4, 256, 4, 4, 0, 0, 0, 0, 0, 0, 0, 0, 0, 0, 0, 0, 0, 0, 0, 0, 0, 0, 0, 0, 0, 0, 0, 0, 0]",32,128,16384.0,65536.0,698600267,698609711,698609948,698612476,0,229856,229856,58614,1,9444,2528,4,64,64,2
203,1,"[4, 256, 4, 4, 256, 4, 4, 3, 3, 1, 1, 1, 1, 1, 1, 1, 2, 0, 0, 0, 0, 0, 0, 0, 0, 0, 0, 0, 0, 0]",2048,256,0.0,0.0,698830275,698875202,698842332,698887260,2112,171808,162144,58615,4,28249,35264,4,64,64,2
205,1,"[4, 0, 0, 0, 0, 0, 0, 0, 0, 0, 0, 0, 0, 0, 0, 4, 0, 0, 0, 0, 0, 0, 0, 0, 0, 0, 0, 0, 0, 0]",512,512,131072.0,131072.0,699039682,699302889,699049404,699307100,640,479328,239136,58616,4,30508,17504,4,64,64,2
203,1,"[4, 128, 8, 8, 256, 4, 4, 1, 1, 0, 0, 2, 2, 1, 1, 1, 2, 0, 0, 0, 0, 0, 0, 0, 0, 0, 0, 0, 0, 0]",4,256,4194304.0,163840.0,699533013,699557025,699546236,699581532,16384,149920,140320,58617,2,21224,25696,4,64,64,2
205,1,"[4, 0, 0, 0, 0, 0, 0, 0, 0, 0, 0, 0, 0, 0, 0, 4, 0, 0, 0, 0, 0, 0, 0, 0, 0, 0, 0, 0, 0, 0]",512,512,131072.0,131072.0,699712447,700112642,699721852,700116060,640,476128,98112,58618,4,32064,16192,4,64,64,2
35,1,"[2, 4, 256, 4, 4, 0, 0, 0, 0, 0, 0, 0, 0, 0, 0, 2, 4, 256, 4, 4, 0, 0, 0, 0, 0, 0, 0, 0, 0, 0]",32,128,16384.0,98304.0,700205823,700213511,700214172,700216412,0,147008,147008,58619,1,7688,2240,4,64,64,2
152,1,"[2, 4, 256, 4, 4, 0, 0, 0, 0, 0, 0, 0, 0, 0, 0, 0, 0, 0, 0, 0, 0, 0, 0, 0, 0, 0, 0, 0, 0, 0]",32,128,16384.0,65536.0,700354655,700363082,700363420,700365916,0,229344,229344,58620,1,8427,2496,4,64,64,2
203,1,"[4, 256, 4, 4, 256, 4, 4, 3, 3, 1, 1, 1, 1, 1, 1, 1, 2, 0, 0, 0, 0, 0, 0, 0, 0, 0, 0, 0, 0, 0]",2048,256,0.0,0.0,700582824,700624672,700595260,700638300,2112,161024,153216,58621,4,27226,35232,4,64,64,2
205,1,"[4, 0, 0, 0, 0, 0, 0, 0, 0, 0, 0, 0, 0, 0, 0, 4, 0, 0, 0, 0, 0, 0, 0, 0, 0, 0, 0, 0, 0, 0]",512,512,131072.0,131072.0,700782473,701053459,700791516,701057853,640,420735,172319,58622,4,30077,17921,4,64,64,2
152,1,"[2, 4, 256, 4, 4, 0, 0, 0, 0, 0, 0, 0, 0, 0, 0, 0, 0, 0, 0, 0, 0, 0, 0, 0, 0, 0, 0, 0, 0, 0]",32,128,16384.0,65536.0,701221299,701230189,701230172,701232220,0,203841,203841,58623,1,8890,2048,4,64,64,2
203,1,"[4, 256, 4, 4, 256, 4, 4, 3, 3, 1, 1, 1, 1, 1, 1, 1, 2, 0, 0, 0, 0, 0, 0, 0, 0, 0, 0, 0, 0, 0]",2048,256,0.0,0.0,701424106,701463547,701436061,701479261,2112,156320,148576,58624,4,25145,35456,4,64,64,2
205,1,"[4, 0, 0, 0, 0, 0, 0, 0, 0, 0, 0, 0, 0, 0, 0, 4, 0, 0, 0, 0, 0, 0, 0, 0, 0, 0, 0, 0, 0, 0]",512,512,131072.0,131072.0,701618932,701885532,701627837,701889629,640,336800,91520,58625,4,29384,16512,4,64,64,2
35,1,"[2, 4, 256, 4, 4, 0, 0, 0, 0, 0, 0, 0, 0, 0, 0, 2, 4, 256, 4, 4, 0, 0, 0, 0, 0, 0, 0, 0, 0, 0]",32,128,16384.0,98304.0,701972893,701980400,701981149,701983581,0,155904,155904,58626,1,7507,2432,4,64,64,2
152,1,"[2, 4, 256, 4, 4, 0, 0, 0, 0, 0, 0, 0, 0, 0, 0, 0, 0, 0, 0, 0, 0, 0, 0, 0, 0, 0, 0, 0, 0, 0]",32,128,16384.0,65536.0,702130816,702139280,702139485,702141533,0,207296,207296,58627,1,8464,2048,4,64,64,2
203,1,"[4, 256, 4, 4, 256, 4, 4, 3, 3, 1, 1, 1, 1, 1, 1, 1, 2, 0, 0, 0, 0, 0, 0, 0, 0, 0, 0, 0, 0, 0]",2048,256,0.0,0.0,702336648,702377261,702348829,702391389,2112,158432,149504,58628,4,26298,33632,4,64,64,2
205,1,"[4, 0, 0, 0, 0, 0, 0, 0, 0, 0, 0, 0, 0, 0, 0, 4, 0, 0, 0, 0, 0, 0, 0, 0, 0, 0, 0, 0, 0, 0]",512,512,131072.0,131072.0,702531959,702800319,702540893,702804605,640,408608,163456,58629,4,29065,18560,4,64,64,2
152,1,"[2, 4, 256, 4, 4, 0, 0, 0, 0, 0, 0, 0, 0, 0, 0, 0, 0, 0, 0, 0, 0, 0, 0, 0, 0, 0, 0, 0, 0, 0]",32,128,16384.0,65536.0,702958659,702967764,702968061,702970589,0,212640,212640,58630,1,9105,2528,4,64,64,2
203,1,"[4, 256, 4, 4, 256, 4, 4, 3, 3, 1, 1, 1, 1, 1, 1, 1, 2, 0, 0, 0, 0, 0, 0, 0, 0, 0, 0, 0, 0, 0]",2048,256,0.0,0.0,703169965,703210939,703183229,703226813,2112,155296,147616,58631,4,26984,35904,4,64,64,2
205,1,"[4, 0, 0, 0, 0, 0, 0, 0, 0, 0, 0, 0, 0, 0, 0, 4, 0, 0, 0, 0, 0, 0, 0, 0, 0, 0, 0, 0, 0, 0]",512,512,131072.0,131072.0,703365806,703631052,703374429,703634525,640,344192,100128,58632,4,29374,16032,4,64,64,2
35,1,"[2, 4, 256, 4, 4, 0, 0, 0, 0, 0, 0, 0, 0, 0, 0, 2, 4, 256, 4, 4, 0, 0, 0, 0, 0, 0, 0, 0, 0, 0]",32,128,16384.0,98304.0,703726498,703734040,703734653,703736925,0,145056,145056,58633,1,7542,2272,4,64,64,2
152,1,"[2, 4, 256, 4, 4, 0, 0, 0, 0, 0, 0, 0, 0, 0, 0, 0, 0, 0, 0, 0, 0, 0, 0, 0, 0, 0, 0, 0, 0, 0]",32,128,16384.0,65536.0,703873596,703881530,703881981,703884381,0,204544,204544,58634,1,7934,2400,4,64,64,2
203,1,"[4, 256, 4, 4, 256, 4, 4, 3, 3, 1, 1, 1, 1, 1, 1, 1, 2, 0, 0, 0, 0, 0, 0, 0, 0, 0, 0, 0, 0, 0]",2048,256,0.0,0.0,704076880,704116695,704088925,704131645,2112,168512,160704,58635,4,25632,34912,4,64,64,2
205,1,"[4, 0, 0, 0, 0, 0, 0, 0, 0, 0, 0, 0, 0, 0, 0, 4, 0, 0, 0, 0, 0, 0, 0, 0, 0, 0, 0, 0, 0, 0]",512,512,131072.0,131072.0,704283585,704547951,704292349,704552029,640,416739,174081,58636,4,29741,17022,4,64,64,2
152,1,"[2, 4, 256, 4, 4, 0, 0, 0, 0, 0, 0, 0, 0, 0, 0, 0, 0, 0, 0, 0, 0, 0, 0, 0, 0, 0, 0, 0, 0, 0]",32,128,16384.0,65536.0,704716495,704725981,704726110,704729245,0,214272,214272,58637,1,9486,3135,4,64,64,2
203,1,"[4, 256, 4, 4, 256, 4, 4, 3, 3, 1, 1, 1, 1, 1, 1, 1, 2, 0, 0, 0, 0, 0, 0, 0, 0, 0, 0, 0, 0, 0]",2048,256,0.0,0.0,704930587,704971479,704943517,704987294,2112,272032,264544,58638,4,26824,36289,4,64,64,2
205,1,"[4, 0, 0, 0, 0, 0, 0, 0, 0, 0, 0, 0, 0, 0, 0, 4, 0, 0, 0, 0, 0, 0, 0, 0, 0, 0, 0, 0, 0, 0]",512,512,131072.0,131072.0,705241517,705521363,705251838,705524830,640,349824,92128,58639,4,32268,15296,4,64,64,2
35,1,"[2, 4, 256, 4, 4, 0, 0, 0, 0, 0, 0, 0, 0, 0, 0, 2, 4, 256, 4, 4, 0, 0, 0, 0, 0, 0, 0, 0, 0, 0]",32,128,16384.0,98304.0,705609450,705616767,705616958,705619038,0,155616,155616,58640,1,7317,2080,4,64,64,2
152,1,"[2, 4, 256, 4, 4, 0, 0, 0, 0, 0, 0, 0, 0, 0, 0, 0, 0, 0, 0, 0, 0, 0, 0, 0, 0, 0, 0, 0, 0, 0]",32,128,16384.0,65536.0,705765715,705774422,705774654,705776734,0,207904,207904,58641,1,8707,2080,4,64,64,2
203,1,"[4, 256, 4, 4, 256, 4, 4, 3, 3, 1, 1, 1, 1, 1, 1, 1, 2, 0, 0, 0, 0, 0, 0, 0, 0, 0, 0, 0, 0, 0]",2048,256,0.0,0.0,705972551,706011428,705984638,706026590,2112,162400,152928,58642,4,25231,32480,4,64,64,2
205,1,"[4, 0, 0, 0, 0, 0, 0, 0, 0, 0, 0, 0, 0, 0, 0, 4, 0, 0, 0, 0, 0, 0, 0, 0, 0, 0, 0, 0, 0, 0]",512,512,131072.0,131072.0,706170415,706440470,706179518,706444382,640,412576,163968,58643,4,30745,16256,4,64,64,2
152,1,"[2, 4, 256, 4, 4, 0, 0, 0, 0, 0, 0, 0, 0, 0, 0, 0, 0, 0, 0, 0, 0, 0, 0, 0, 0, 0, 0, 0, 0, 0]",32,128,16384.0,65536.0,706598905,706608658,706608350,706611454,0,209760,209760,58644,1,9753,3104,4,64,64,2
203,1,"[4, 256, 4, 4, 256, 4, 4, 3, 3, 1, 1, 1, 1, 1, 1, 1, 2, 0, 0, 0, 0, 0, 0, 0, 0, 0, 0, 0, 0, 0]",2048,256,0.0,0.0,706808888,706847934,706821214,706864126,2112,157089,150624,58645,4,25369,36447,4,64,64,2
205,1,"[4, 0, 0, 0, 0, 0, 0, 0, 0, 0, 0, 0, 0, 0, 0, 4, 0, 0, 0, 0, 0, 0, 0, 0, 0, 0, 0, 0, 0, 0]",512,512,131072.0,131072.0,707005284,707263614,707014750,707267678,640,334016,97984,58646,4,28976,16896,4,64,64,2
35,1,"[2, 4, 256, 4, 4, 0, 0, 0, 0, 0, 0, 0, 0, 0, 0, 2, 4, 256, 4, 4, 0, 0, 0, 0, 0, 0, 0, 0, 0, 0]",32,128,16384.0,98304.0,707357705,707364754,707365662,707368030,0,161664,161664,58647,1,7049,2368,4,64,64,2
152,1,"[2, 4, 256, 4, 4, 0, 0, 0, 0, 0, 0, 0, 0, 0, 0, 0, 0, 0, 0, 0, 0, 0, 0, 0, 0, 0, 0, 0, 0, 0]",32,128,16384.0,65536.0,707520660,707529249,707529694,707531870,0,200768,200768,58648,1,8589,2176,4,64,64,2
203,1,"[4, 256, 4, 4, 256, 4, 4, 3, 3, 1, 1, 1, 1, 1, 1, 1, 2, 0, 0, 0, 0, 0, 0, 0, 0, 0, 0, 0, 0, 0]",2048,256,0.0,0.0,707720590,707761140,707732638,707775582,2112,164544,155649,58649,4,26677,34049,4,64,64,2
205,1,"[4, 0, 0, 0, 0, 0, 0, 0, 0, 0, 0, 0, 0, 0, 0, 4, 0, 0, 0, 0, 0, 0, 0, 0, 0, 0, 0, 0, 0, 0]",512,512,131072.0,131072.0,707922499,708185294,707931231,708189279,640,413537,170336,58650,4,28916,14847,4,64,64,2
152,1,"[2, 4, 256, 4, 4, 0, 0, 0, 0, 0, 0, 0, 0, 0, 0, 0, 0, 0, 0, 0, 0, 0, 0, 0, 0, 0, 0, 0, 0, 0]",32,128,16384.0,65536.0,708350663,708359906,708359615,708362687,0,197088,197088,58651,1,9243,3072,4,64,64,2
203,1,"[4, 256, 4, 4, 256, 4, 4, 3, 3, 1, 1, 1, 1, 1, 1, 1, 2, 0, 0, 0, 0, 0, 0, 0, 0, 0, 0, 0, 0, 0]",2048,256,0.0,0.0,708548113,708586537,708559775,708600927,2112,160032,151424,58652,4,24674,32544,4,64,64,2
205,1,"[4, 0, 0, 0, 0, 0, 0, 0, 0, 0, 0, 0, 0, 0, 0, 4, 0, 0, 0, 0, 0, 0, 0, 0, 0, 0, 0, 0, 0, 0]",512,512,131072.0,131072.0,708741303,709036565,708752351,709041247,640,361888,90112,58653,4,33261,17120,4,64,64,2
35,1,"[2, 4, 256, 4, 4, 0, 0, 0, 0, 0, 0, 0, 0, 0, 0, 2, 4, 256, 4, 4, 0, 0, 0, 0, 0, 0, 0, 0, 0, 0]",32,128,16384.0,98304.0,709124053,709131283,709131359,709134815,0,143968,143968,58654,1,7230,3456,4,64,64,2
152,1,"[2, 4, 256, 4, 4, 0, 0, 0, 0, 0, 0, 0, 0, 0, 0, 0, 0, 0, 0, 0, 0, 0, 0, 0, 0, 0, 0, 0, 0, 0]",32,128,16384.0,65536.0,709270550,709278607,709278783,709280863,0,229504,229504,58655,1,8057,2080,4,64,64,2
203,1,"[4, 256, 4, 4, 512, 2, 2, 3, 3, 1, 1, 2, 2, 1, 1, 1, 2, 0, 0, 0, 0, 0, 0, 0, 0, 0, 0, 0, 0, 0]",4096,256,0.0,0.0,709498112,709536345,709510367,709602399,2112,100993,96064,58656,4,28345,87103,4,64,64,2
205,1,"[4, 0, 0, 0, 0, 0, 0, 0, 0, 0, 0, 0, 0, 0, 0, 4, 0, 0, 0, 0, 0, 0, 0, 0, 0, 0, 0, 0, 0, 0]",1024,512,65536.0,65536.0,709688586,709958274,709698463,709962847,640,518208,277952,58657,4,37443,24128,4,64,64,2
152,1,"[2, 4, 512, 2, 2, 0, 0, 0, 0, 0, 0, 0, 0, 0, 0, 0, 0, 0, 0, 0, 0, 0, 0, 0, 0, 0, 0, 0, 0, 0]",16,128,8192.0,32768.0,710229077,710240909,710240799,710243295,0,221120,221120,58658,1,11832,2496,4,64,64,2
203,1,"[4, 512, 2, 2, 512, 2, 2, 3, 3, 1, 1, 1, 1, 1, 1, 1, 2, 0, 0, 0, 0, 0, 0, 0, 0, 0, 0, 0, 0, 0]",8192,256,0.0,0.0,710450711,710491484,710464415,710558367,2112,114208,105216,58659,4,26939,84960,4,64,64,2
205,1,"[4, 0, 0, 0, 0, 0, 0, 0, 0, 0, 0, 0, 0, 0, 0, 4, 0, 0, 0, 0, 0, 0, 0, 0, 0, 0, 0, 0, 0, 0]",1024,512,65536.0,65536.0,710653483,710916137,710663583,710921311,640,466272,232961,58660,4,30842,24417,4,64,64,2
203,1,"[4, 256, 4, 4, 512, 2, 2, 1, 1, 0, 0, 2, 2, 1, 1, 1, 2, 0, 0, 0, 0, 0, 0, 0, 0, 0, 0, 0, 0, 0]",64,256,0.0,0.0,711142218,711174233,711154272,711181120,2112,169601,157984,58661,3,24649,15231,4,64,64,2
205,1,"[4, 0, 0, 0, 0, 0, 0, 0, 0, 0, 0, 0, 0, 0, 0, 4, 0, 0, 0, 0, 0, 0, 0, 0, 0, 0, 0, 0, 0, 0]",1024,512,65536.0,65536.0,711330923,711619179,711339104,711623776,640,354849,93280,58662,4,31294,23103,4,64,64,2
35,1,"[2, 4, 512, 2, 2, 0, 0, 0, 0, 0, 0, 0, 0, 0, 0, 2, 4, 512, 2, 2, 0, 0, 0, 0, 0, 0, 0, 0, 0, 0]",16,128,8192.0,49152.0,711709195,711716217,711717056,711719520,0,145888,145888,58663,1,7022,2464,4,64,64,2
152,1,"[2, 4, 512, 2, 2, 0, 0, 0, 0, 0, 0, 0, 0, 0, 0, 0, 0, 0, 0, 0, 0, 0, 0, 0, 0, 0, 0, 0, 0, 0]",16,128,8192.0,32768.0,711857104,711864584,711865408,711867488,0,210944,210944,58664,1,7480,2080,4,64,64,2
203,1,"[4, 512, 2, 2, 512, 2, 2, 3, 3, 1, 1, 1, 1, 1, 1, 1, 2, 0, 0, 0, 0, 0, 0, 0, 0, 0, 0, 0, 0, 0]",8192,256,0.0,0.0,712066558,712114933,712078432,712172448,2112,111904,106592,58665,4,34463,88704,4,64,64,2
205,1,"[4, 0, 0, 0, 0, 0, 0, 0, 0, 0, 0, 0, 0, 0, 0, 4, 0, 0, 0, 0, 0, 0, 0, 0, 0, 0, 0, 0, 0, 0]",1024,512,65536.0,65536.0,712269759,712530663,712279040,712535136,640,404064,171264,58666,4,28860,23296,4,64,64,2
152,1,"[2, 4, 512, 2, 2, 0, 0, 0, 0, 0, 0, 0, 0, 0, 0, 0, 0, 0, 0, 0, 0, 0, 0, 0, 0, 0, 0, 0, 0, 0]",16,128,8192.0,32768.0,712697054,712706059,712706400,712708928,0,211072,211072,58667,1,9005,2528,4,64,64,2
203,1,"[4, 512, 2, 2, 512, 2, 2, 3, 3, 1, 1, 1, 1, 1, 1, 1, 2, 0, 0, 0, 0, 0, 0, 0, 0, 0, 0, 0, 0, 0]",8192,256,0.0,0.0,712907321,712946561,712920000,713014368,2112,109696,101632,58668,4,25379,86304,4,64,64,2
205,1,"[4, 0, 0, 0, 0, 0, 0, 0, 0, 0, 0, 0, 0, 0, 0, 4, 0, 0, 0, 0, 0, 0, 0, 0, 0, 0, 0, 0, 0, 0]",1024,512,65536.0,65536.0,713106007,713378217,713116000,713383008,640,337792,95584,58669,4,32547,24800,4,64,64,2
35,1,"[2, 4, 512, 2, 2, 0, 0, 0, 0, 0, 0, 0, 0, 0, 0, 2, 4, 512, 2, 2, 0, 0, 0, 0, 0, 0, 0, 0, 0, 0]",16,128,8192.0,49152.0,713469920,713477493,713478592,713481120,0,155200,155200,58670,1,7573,2528,4,64,64,2
152,1,"[2, 4, 512, 2, 2, 0, 0, 0, 0, 0, 0, 0, 0, 0, 0, 0, 0, 0, 0, 0, 0, 0, 0, 0, 0, 0, 0, 0, 0, 0]",16,128,8192.0,32768.0,713619648,713635958,713636320,713638816,0,208672,208672,58671,1,16310,2496,4,64,64,2
203,1,"[4, 512, 2, 2, 512, 2, 2, 3, 3, 1, 1, 1, 1, 1, 1, 1, 2, 0, 0, 0, 0, 0, 0, 0, 0, 0, 0, 0, 0, 0]",8192,256,0.0,0.0,713834824,713873786,713847488,713941216,2112,108257,99073,58672,4,25302,84544,4,64,64,2
205,1,"[4, 0, 0, 0, 0, 0, 0, 0, 0, 0, 0, 0, 0, 0, 0, 4, 0, 0, 0, 0, 0, 0, 0, 0, 0, 0, 0, 0, 0, 0]",1024,512,65536.0,65536.0,714030818,714301320,714040289,714306048,640,419423,175809,58673,4,29561,22145,4,64,64,2
152,1,"[2, 4, 512, 2, 2, 0, 0, 0, 0, 0, 0, 0, 0, 0, 0, 0, 0, 0, 0, 0, 0, 0, 0, 0, 0, 0, 0, 0, 0, 0]",16,128,8192.0,32768.0,714471293,714481627,714481857,714484352,0,205249,205249,58674,1,10334,2495,4,64,64,2
203,1,"[4, 512, 2, 2, 512, 2, 2, 3, 3, 1, 1, 1, 1, 1, 1, 1, 2, 0, 0, 0, 0, 0, 0, 0, 0, 0, 0, 0, 0, 0]",8192,256,0.0,0.0,714678125,714717087,714689601,714783841,2112,110240,104224,58675,4,25214,88224,4,64,64,2
205,1,"[4, 0, 0, 0, 0, 0, 0, 0, 0, 0, 0, 0, 0, 0, 0, 4, 0, 0, 0, 0, 0, 0, 0, 0, 0, 0, 0, 0, 0, 0]",1024,512,65536.0,65536.0,714878545,715137911,714888065,715142241,640,322816,90080,58676,4,29437,21440,4,64,64,2
35,1,"[2, 4, 512, 2, 2, 0, 0, 0, 0, 0, 0, 0, 0, 0, 0, 2, 4, 512, 2, 2, 0, 0, 0, 0, 0, 0, 0, 0, 0, 0]",16,128,8192.0,49152.0,715225400,715232127,715232321,715234401,0,272352,272352,58677,1,6727,2080,4,64,64,2
152,1,"[2, 4, 512, 2, 2, 0, 0, 0, 0, 0, 0, 0, 0, 0, 0, 0, 0, 0, 0, 0, 0, 0, 0, 0, 0, 0, 0, 0, 0, 0]",16,128,8192.0,32768.0,715495005,715507048,715506753,715508833,0,147424,147424,58678,1,12043,2080,4,64,64,2
199,1,"[2, 4, 512, 2, 2, 0, 0, 0, 0, 0, 0, 0, 0, 0, 0, 0, 0, 0, 0, 0, 0, 0, 0, 0, 0, 0, 0, 0, 0, 0]",16,512,0.0,0.0,715644732,715658179,715656257,715662433,16,239584,239584,58679,1,13447,6176,4,64,64,2
201,1,"[2, 4, 512, 0, 0, 0, 0, 0, 0, 0, 2, 445, 512, 0, 0, 0, 0, 0, 0, 0, 2, 445, 0, 0, 0, 0, 0, 0, 0, 0]",56,128,1822720.0,233716.0,715889367,715903307,715902017,715909377,6144,127328,127328,58681,1,13940,7360,4,64,64,2
181,1,"[2, 4, 445, 0, 0, 0, 0, 0, 0, 0, 0, 0, 0, 0, 0, 4, 4, 445, 0, 0, 0, 0, 0, 0, 0, 0, 0, 0, 0, 0]",4,512,0.0,0.0,716025315,716158144,716036705,716161409,16,962176,856128,58683,5,44604,18656,4,64,64,2
181,2,"[2, 4, 445, 0, 0, 0, 0, 0, 0, 0, 0, 0, 0, 0, 0, 4, 4, 445, 0, 0, 0, 0, 0, 0, 0, 0, 0, 0, 0, 0]",7,128,0.0,0.0,716980077,717417118,717017537,717419265,0,1061249,672097,58683,4,102372,12576,4,64,64,2
199,2,"[2, 4, 512, 2, 2, 0, 0, 0, 0, 0, 0, 0, 0, 0, 0, 0, 0, 0, 0, 0, 0, 0, 0, 0, 0, 0, 0, 0, 0, 0]",16,128,0.0,0.0,718075204,718093388,718091362,718095298,0,88256,88256,58679,1,18184,3936,4,64,64,2
152,2,"[2, 4, 512, 2, 2, 0, 0, 0, 0, 0, 0, 0, 0, 0, 0, 0, 0, 0, 0, 0, 0, 0, 0, 0, 0, 0, 0, 0, 0, 0]",16,128,8192.0,49152.0,718167907,718186568,718183554,718185570,0,166176,166176,58678,1,18661,2016,4,64,64,2
205,2,"[2, 4, 512, 2, 2, 0, 0, 0, 0, 0, 0, 0, 0, 0, 0, 0, 0, 0, 0, 0, 0, 0, 0, 0, 0, 0, 0, 0, 0, 0]",512,512,65536.0,81920.0,718337281,718353811,718351746,718363106,256,443008,443008,58676,1,16530,11360,4,64,64,2
203,2,"[4, 512, 2, 2, 512, 2, 2, 3, 3, 1, 1, 1, 1, 1, 1, 1, 2, 0, 0, 0, 0, 0, 0, 0, 0, 0, 0, 0, 0, 0]",8192,256,0.0,0.0,718786739,719229086,718806114,719279202,2112,472544,167712,58675,8,112492,168256,4,64,64,2
152,2,"[2, 4, 512, 2, 2, 0, 0, 0, 0, 0, 0, 0, 0, 0, 0, 0, 0, 0, 0, 0, 0, 0, 0, 0, 0, 0, 0, 0, 0, 0]",16,128,8192.0,49152.0,719431427,719449075,719446914,719449186,0,145568,145568,58674,1,17648,2272,4,64,64,2
205,2,"[2, 4, 512, 2, 2, 0, 0, 0, 0, 0, 0, 0, 0, 0, 0, 0, 0, 0, 0, 0, 0, 0, 0, 0, 0, 0, 0, 0, 0, 0]",512,512,65536.0,81920.0,719579181,719596894,719594754,719606882,256,418176,418176,58673,1,17713,12128,4,64,64,2
203,2,"[4, 512, 2, 2, 512, 2, 2, 3, 3, 1, 1, 1, 1, 1, 1, 1, 2, 0, 0, 0, 0, 0, 0, 0, 0, 0, 0, 0, 0, 0]",8192,256,0.0,0.0,720006639,720379736,720025058,720429986,2112,426080,190304,58672,8,105576,169152,4,64,64,2
152,2,"[2, 4, 512, 2, 2, 0, 0, 0, 0, 0, 0, 0, 0, 0, 0, 0, 0, 0, 0, 0, 0, 0, 0, 0, 0, 0, 0, 0, 0, 0]",16,128,8192.0,49152.0,720606941,720621677,720620290,720622690,0,163809,163809,58671,1,14736,2400,4,64,64,2
205,2,"[2, 4, 512, 2, 2, 0, 0, 0, 0, 0, 0, 0, 0, 0, 0, 0, 0, 0, 0, 0, 0, 0, 0, 0, 0, 0, 0, 0, 0, 0]",512,512,65536.0,81920.0,720772271,720788453,720786499,720798818,256,388161,388161,58669,1,16182,12319,4,64,64,2
203,2,"[4, 512, 2, 2, 512, 2, 2, 3, 3, 1, 1, 1, 1, 1, 1, 1, 2, 0, 0, 0, 0, 0, 0, 0, 0, 0, 0, 0, 0, 0]",8192,256,0.0,0.0,721168598,721514965,721186979,721565923,2112,365312,152864,58668,8,102331,166496,4,64,64,2
152,2,"[2, 4, 512, 2, 2, 0, 0, 0, 0, 0, 0, 0, 0, 0, 0, 0, 0, 0, 0, 0, 0, 0, 0, 0, 0, 0, 0, 0, 0, 0]",16,128,8192.0,49152.0,721706535,721720802,721718787,721722371,0,138624,138624,58667,1,14267,3584,4,64,64,2
205,2,"[2, 4, 512, 2, 2, 0, 0, 0, 0, 0, 0, 0, 0, 0, 0, 0, 0, 0, 0, 0, 0, 0, 0, 0, 0, 0, 0, 0, 0, 0]",512,512,65536.0,81920.0,721846267,721862329,721860995,721872995,256,367488,367488,58666,1,16062,12000,4,64,64,2
203,2,"[4, 512, 2, 2, 512, 2, 2, 3, 3, 1, 1, 1, 1, 1, 1, 1, 2, 0, 0, 0, 0, 0, 0, 0, 0, 0, 0, 0, 0, 0]",8192,256,0.0,0.0,722221513,722564684,722240483,722615395,2112,390305,181824,58665,8,102483,166431,4,64,64,2
152,2,"[2, 4, 512, 2, 2, 0, 0, 0, 0, 0, 0, 0, 0, 0, 0, 0, 0, 0, 0, 0, 0, 0, 0, 0, 0, 0, 0, 0, 0, 0]",16,128,8192.0,49152.0,722784178,722798474,722797219,722799715,0,162112,162112,58664,1,14296,2496,4,64,64,2
205,2,"[2, 4, 512, 2, 2, 0, 0, 0, 0, 0, 0, 0, 0, 0, 0, 0, 0, 0, 0, 0, 0, 0, 0, 0, 0, 0, 0, 0, 0, 0]",512,512,65536.0,81920.0,722947752,722963954,722961827,722973795,256,389536,389536,58662,1,16202,11968,4,64,64,2
203,2,"[4, 256, 4, 4, 512, 2, 2, 1, 1, 0, 0, 2, 2, 1, 1, 1, 2, 0, 0, 0, 0, 0, 0, 0, 0, 0, 0, 0, 0, 0]",64,256,0.0,0.0,723345653,723775585,723363331,723778659,2112,604451,247105,58661,10,134309,57982,4,64,64,2
205,2,"[2, 4, 512, 2, 2, 0, 0, 0, 0, 0, 0, 0, 0, 0, 0, 0, 0, 0, 0, 0, 0, 0, 0, 0, 0, 0, 0, 0, 0, 0]",512,512,65536.0,81920.0,724012060,724026906,724025764,724036707,256,373761,373761,58660,1,14846,10943,4,64,64,2
203,2,"[4, 512, 2, 2, 512, 2, 2, 3, 3, 1, 1, 1, 1, 1, 1, 1, 2, 0, 0, 0, 0, 0, 0, 0, 0, 0, 0, 0, 0, 0]",8192,256,0.0,0.0,724391369,724735733,724410468,724786276,2112,379361,170432,58659,8,103590,166879,4,64,64,2
152,2,"[2, 4, 512, 2, 2, 0, 0, 0, 0, 0, 0, 0, 0, 0, 0, 0, 0, 0, 0, 0, 0, 0, 0, 0, 0, 0, 0, 0, 0, 0]",16,128,8192.0,49152.0,724943370,724958630,724956708,724960228,0,140608,140608,58658,1,15260,3520,4,64,64,2
205,2,"[2, 4, 512, 2, 2, 0, 0, 0, 0, 0, 0, 0, 0, 0, 0, 0, 0, 0, 0, 0, 0, 0, 0, 0, 0, 0, 0, 0, 0, 0]",512,512,65536.0,81920.0,725086589,725102381,725100836,725111908,256,316608,316608,58657,1,15792,11072,4,64,64,2
203,2,"[4, 256, 4, 4, 512, 2, 2, 3, 3, 1, 1, 2, 2, 1, 1, 1, 2, 0, 0, 0, 0, 0, 0, 0, 0, 0, 0, 0, 0, 0]",4096,256,37748736.0,2408448.0,725410283,725706282,725428516,725729444,8320,344128,229312,58656,6,84456,186112,4,64,64,2
152,2,"[2, 4, 256, 4, 4, 0, 0, 0, 0, 0, 0, 0, 0, 0, 0, 0, 0, 0, 0, 0, 0, 0, 0, 0, 0, 0, 0, 0, 0, 0]",32,128,16384.0,98304.0,725944520,725959469,725958756,725961604,0,161728,161728,58655,1,14949,2848,4,64,64,2
205,2,"[2, 4, 256, 4, 4, 0, 0, 0, 0, 0, 0, 0, 0, 0, 0, 0, 0, 0, 0, 0, 0, 0, 0, 0, 0, 0, 0, 0, 0, 0]",256,512,131072.0,163840.0,726108587,726125016,726123332,726130820,256,392160,392160,58653,1,16429,7488,4,64,64,2
203,2,"[4, 256, 4, 4, 256, 4, 4, 3, 3, 1, 1, 1, 1, 1, 1, 1, 2, 0, 0, 0, 0, 0, 0, 0, 0, 0, 0, 0, 0, 0]",2048,256,0.0,0.0,726504044,726866502,726522980,726879333,2112,424865,138432,58652,8,106404,69920,4,64,64,2
152,2,"[2, 4, 256, 4, 4, 0, 0, 0, 0, 0, 0, 0, 0, 0, 0, 0, 0, 0, 0, 0, 0, 0, 0, 0, 0, 0, 0, 0, 0, 0]",32,128,16384.0,98304.0,727006884,727018749,727017765,727020164,0,113089,113089,58651,1,11865,2399,4,64,64,2
205,2,"[2, 4, 256, 4, 4, 0, 0, 0, 0, 0, 0, 0, 0, 0, 0, 0, 0, 0, 0, 0, 0, 0, 0, 0, 0, 0, 0, 0, 0, 0]",256,512,131072.0,163840.0,727121069,727134108,727133253,727140805,256,292576,292576,58650,1,13039,7552,4,64,64,2
203,2,"[4, 256, 4, 4, 256, 4, 4, 3, 3, 1, 1, 1, 1, 1, 1, 1, 2, 0, 0, 0, 0, 0, 0, 0, 0, 0, 0, 0, 0, 0]",2048,256,0.0,0.0,727418596,727693860,727433381,727707813,2112,399679,193280,58649,8,85021,68033,4,64,64,2
152,2,"[2, 4, 256, 4, 4, 0, 0, 0, 0, 0, 0, 0, 0, 0, 0, 0, 0, 0, 0, 0, 0, 0, 0, 0, 0, 0, 0, 0, 0, 0]",32,128,16384.0,98304.0,727890830,727902021,727901093,727903333,0,129024,129024,58648,1,11191,2240,4,64,64,2
205,2,"[2, 4, 256, 4, 4, 0, 0, 0, 0, 0, 0, 0, 0, 0, 0, 0, 0, 0, 0, 0, 0, 0, 0, 0, 0, 0, 0, 0, 0, 0]",256,512,131072.0,163840.0,728020531,728033504,728032357,728040165,256,302464,302464,58646,1,12973,7808,4,64,64,2
203,2,"[4, 256, 4, 4, 256, 4, 4, 3, 3, 1, 1, 1, 1, 1, 1, 1, 2, 0, 0, 0, 0, 0, 0, 0, 0, 0, 0, 0, 0, 0]",2048,256,0.0,0.0,728327360,728599595,728342629,728613189,2112,338528,137376,58645,8,82940,69408,4,64,64,2
152,2,"[2, 4, 256, 4, 4, 0, 0, 0, 0, 0, 0, 0, 0, 0, 0, 0, 0, 0, 0, 0, 0, 0, 0, 0, 0, 0, 0, 0, 0, 0]",32,128,16384.0,98304.0,728739993,728751255,728750565,728752997,0,125024,125024,58644,1,11262,2432,4,64,64,2
205,2,"[2, 4, 256, 4, 4, 0, 0, 0, 0, 0, 0, 0, 0, 0, 0, 0, 0, 0, 0, 0, 0, 0, 0, 0, 0, 0, 0, 0, 0, 0]",256,512,131072.0,163840.0,728862348,728879176,728878021,728885381,256,293824,293824,58643,1,16828,7360,4,64,64,2
203,2,"[4, 256, 4, 4, 256, 4, 4, 3, 3, 1, 1, 1, 1, 1, 1, 1, 2, 0, 0, 0, 0, 0, 0, 0, 0, 0, 0, 0, 0, 0]",2048,256,0.0,0.0,729163673,729457088,729179205,729471301,2112,397472,173184,58642,8,104494,67808,4,64,64,2
152,2,"[2, 4, 256, 4, 4, 0, 0, 0, 0, 0, 0, 0, 0, 0, 0, 0, 0, 0, 0, 0, 0, 0, 0, 0, 0, 0, 0, 0, 0, 0]",32,128,16384.0,98304.0,729634485,729645630,729644485,729647525,0,143936,143936,58641,1,11145,3040,4,64,64,2
205,2,"[2, 4, 256, 4, 4, 0, 0, 0, 0, 0, 0, 0, 0, 0, 0, 0, 0, 0, 0, 0, 0, 0, 0, 0, 0, 0, 0, 0, 0, 0]",256,512,131072.0,163840.0,729777972,729792393,729791461,729798757,256,289760,289760,58639,1,14421,7296,4,64,64,2
203,2,"[4, 256, 4, 4, 256, 4, 4, 3, 3, 1, 1, 1, 1, 1, 1, 1, 2, 0, 0, 0, 0, 0, 0, 0, 0, 0, 0, 0, 0, 0]",2048,256,0.0,0.0,730073739,730347794,730088517,730360934,2112,337056,135360,58638,8,84745,70721,4,64,64,2
152,2,"[2, 4, 256, 4, 4, 0, 0, 0, 0, 0, 0, 0, 0, 0, 0, 0, 0, 0, 0, 0, 0, 0, 0, 0, 0, 0, 0, 0, 0, 0]",32,128,16384.0,98304.0,730486335,730497552,730496294,730499302,0,111232,111232,58637,1,11217,3008,4,64,64,2
205,2,"[2, 4, 256, 4, 4, 0, 0, 0, 0, 0, 0, 0, 0, 0, 0, 0, 0, 0, 0, 0, 0, 0, 0, 0, 0, 0, 0, 0, 0, 0]",256,512,131072.0,163840.0,730598512,730611251,730610534,730616934,256,287776,287776,58636,1,12739,6400,4,64,64,2
203,2,"[4, 256, 4, 4, 256, 4, 4, 3, 3, 1, 1, 1, 1, 1, 1, 1, 2, 0, 0, 0, 0, 0, 0, 0, 0, 0, 0, 0, 0, 0]",2048,256,0.0,0.0,730889035,731171830,730904710,731186278,2112,387392,174304,58635,8,83426,68480,4,64,64,2
152,2,"[2, 4, 256, 4, 4, 0, 0, 0, 0, 0, 0, 0, 0, 0, 0, 0, 0, 0, 0, 0, 0, 0, 0, 0, 0, 0, 0, 0, 0, 0]",32,128,16384.0,98304.0,731350682,731361894,731360582,731363590,0,137792,137792,58634,1,11212,3008,4,64,64,2
205,2,"[2, 4, 256, 4, 4, 0, 0, 0, 0, 0, 0, 0, 0, 0, 0, 0, 0, 0, 0, 0, 0, 0, 0, 0, 0, 0, 0, 0, 0, 0]",256,512,131072.0,163840.0,731488754,731502213,731501382,731507878,256,288000,288000,58632,1,13459,6496,4,64,64,2
203,2,"[4, 256, 4, 4, 256, 4, 4, 3, 3, 1, 1, 1, 1, 1, 1, 1, 2, 0, 0, 0, 0, 0, 0, 0, 0, 0, 0, 0, 0, 0]",2048,256,0.0,0.0,731780791,732051892,731795878,732064870,2112,339584,138816,58631,8,84224,68224,4,64,64,2
152,2,"[2, 4, 256, 4, 4, 0, 0, 0, 0, 0, 0, 0, 0, 0, 0, 0, 0, 0, 0, 0, 0, 0, 0, 0, 0, 0, 0, 0, 0, 0]",32,128,16384.0,98304.0,732192877,732204527,732203686,732206182,0,110080,110080,58630,1,11650,2496,4,64,64,2
205,2,"[2, 4, 256, 4, 4, 0, 0, 0, 0, 0, 0, 0, 0, 0, 0, 0, 0, 0, 0, 0, 0, 0, 0, 0, 0, 0, 0, 0, 0, 0]",256,512,131072.0,163840.0,732304505,732317020,732316262,732322918,256,284512,284512,58629,1,12515,6656,4,64,64,2
203,2,"[4, 256, 4, 4, 256, 4, 4, 3, 3, 1, 1, 1, 1, 1, 1, 1, 2, 0, 0, 0, 0, 0, 0, 0, 0, 0, 0, 0, 0, 0]",2048,256,0.0,0.0,732592251,732896020,732607430,732910246,2112,407873,176544,58628,8,95608,71487,4,64,64,2
152,2,"[2, 4, 256, 4, 4, 0, 0, 0, 0, 0, 0, 0, 0, 0, 0, 0, 0, 0, 0, 0, 0, 0, 0, 0, 0, 0, 0, 0, 0, 0]",32,128,16384.0,98304.0,733076567,733088089,733086790,733090086,0,135968,135968,58627,1,11522,3296,4,64,64,2
205,2,"[2, 4, 256, 4, 4, 0, 0, 0, 0, 0, 0, 0, 0, 0, 0, 0, 0, 0, 0, 0, 0, 0, 0, 0, 0, 0, 0, 0, 0, 0]",256,512,131072.0,163840.0,733214296,733227313,733226054,733233830,256,290753,290753,58625,1,13017,7776,4,64,64,2
203,2,"[4, 256, 4, 4, 256, 4, 4, 3, 3, 1, 1, 1, 1, 1, 1, 1, 2, 0, 0, 0, 0, 0, 0, 0, 0, 0, 0, 0, 0, 0]",2048,256,0.0,0.0,733509208,733783064,733524583,733796615,2112,337763,137696,58624,8,83696,71965,4,64,64,2
152,2,"[2, 4, 256, 4, 4, 0, 0, 0, 0, 0, 0, 0, 0, 0, 0, 0, 0, 0, 0, 0, 0, 0, 0, 0, 0, 0, 0, 0, 0, 0]",32,128,16384.0,98304.0,733923569,733934997,733934311,733936743,0,110560,110560,58623,1,11428,2432,4,64,64,2
205,2,"[2, 4, 256, 4, 4, 0, 0, 0, 0, 0, 0, 0, 0, 0, 0, 0, 0, 0, 0, 0, 0, 0, 0, 0, 0, 0, 0, 0, 0, 0]",256,512,131072.0,163840.0,734035640,734048382,734047303,734054887,256,287264,287264,58622,1,12742,7584,4,64,64,2
203,2,"[4, 256, 4, 4, 256, 4, 4, 3, 3, 1, 1, 1, 1, 1, 1, 1, 2, 0, 0, 0, 0, 0, 0, 0, 0, 0, 0, 0, 0, 0]",2048,256,0.0,0.0,734326901,734613650,734342151,734626919,2112,392065,176032,58621,8,83436,68735,4,64,64,2
152,2,"[2, 4, 256, 4, 4, 0, 0, 0, 0, 0, 0, 0, 0, 0, 0, 0, 0, 0, 0, 0, 0, 0, 0, 0, 0, 0, 0, 0, 0, 0]",32,128,16384.0,98304.0,734791772,734803201,734802951,734805095,0,134752,134752,58620,1,11429,2144,4,64,64,2
205,2,"[2, 4, 256, 4, 4, 0, 0, 0, 0, 0, 0, 0, 0, 0, 0, 0, 0, 0, 0, 0, 0, 0, 0, 0, 0, 0, 0, 0, 0, 0]",256,512,131072.0,163840.0,734926952,734940667,734939847,734946407,256,320992,320992,58618,1,13715,6560,4,64,64,2
203,2,"[4, 128, 8, 8, 256, 4, 4, 1, 1, 0, 0, 2, 2, 1, 1, 1, 2, 0, 0, 0, 0, 0, 0, 0, 0, 0, 0, 0, 0, 0]",40,256,0.0,0.0,735251744,735576904,735267399,735589479,2112,454432,188736,58617,10,109080,56384,4,64,64,2
205,2,"[2, 4, 256, 4, 4, 0, 0, 0, 0, 0, 0, 0, 0, 0, 0, 0, 0, 0, 0, 0, 0, 0, 0, 0, 0, 0, 0, 0, 0, 0]",256,512,131072.0,163840.0,735766717,735779413,735778215,735785799,256,292864,292864,58616,1,12696,7584,4,64,64,2
203,2,"[4, 256, 4, 4, 256, 4, 4, 3, 3, 1, 1, 1, 1, 1, 1, 1, 2, 0, 0, 0, 0, 0, 0, 0, 0, 0, 0, 0, 0, 0]",2048,256,0.0,0.0,736064044,736338734,736078663,736355431,2112,298912,89696,58615,8,72034,67552,4,64,64,2
152,2,"[2, 4, 256, 4, 4, 0, 0, 0, 0, 0, 0, 0, 0, 0, 0, 0, 0, 0, 0, 0, 0, 0, 0, 0, 0, 0, 0, 0, 0, 0]",32,128,16384.0,98304.0,736436962,736444853,736445127,736447591,0,79264,79264,58614,1,7891,2464,4,64,64,2
205,2,"[2, 4, 256, 4, 4, 0, 0, 0, 0, 0, 0, 0, 0, 0, 0, 0, 0, 0, 0, 0, 0, 0, 0, 0, 0, 0, 0, 0, 0, 0]",256,512,131072.0,163840.0,736517142,736526451,736526855,736533607,256,200673,200673,58613,1,9309,6752,4,64,64,2
203,2,"[4, 128, 8, 8, 256, 4, 4, 3, 3, 1, 1, 2, 2, 1, 1, 1, 2, 0, 0, 0, 0, 0, 0, 0, 0, 0, 0, 0, 0, 0]",1024,256,0.0,0.0,736723482,736937782,736734280,736946792,2112,279587,122912,58612,8,60841,55837,4,64,64,2
152,2,"[2, 4, 128, 8, 8, 0, 0, 0, 0, 0, 0, 0, 0, 0, 0, 0, 0, 0, 0, 0, 0, 0, 0, 0, 0, 0, 0, 0, 0, 0]",64,128,32768.0,196608.0,737061265,737069542,737069704,737072232,0,88416,88416,58611,1,8277,2528,4,64,64,2
205,2,"[2, 4, 128, 8, 8, 0, 0, 0, 0, 0, 0, 0, 0, 0, 0, 0, 0, 0, 0, 0, 0, 0, 0, 0, 0, 0, 0, 0, 0, 0]",128,512,262144.0,327680.0,737151732,737160860,737160648,737166088,256,229376,229376,58609,1,9128,5440,4,64,64,2
203,2,"[4, 128, 8, 8, 128, 8, 8, 3, 3, 1, 1, 1, 1, 1, 1, 1, 2, 0, 0, 0, 0, 0, 0, 0, 0, 0, 0, 0, 0, 0]",512,256,0.0,0.0,737384097,737619452,737395464,737626312,2112,275616,100832,58608,8,80511,56064,4,64,64,2
152,2,"[2, 4, 128, 8, 8, 0, 0, 0, 0, 0, 0, 0, 0, 0, 0, 0, 0, 0, 0, 0, 0, 0, 0, 0, 0, 0, 0, 0, 0, 0]",64,128,32768.0,196608.0,737719081,737727043,737727144,737729640,0,83584,83584,58607,1,7962,2496,4,64,64,2
205,2,"[2, 4, 128, 8, 8, 0, 0, 0, 0, 0, 0, 0, 0, 0, 0, 0, 0, 0, 0, 0, 0, 0, 0, 0, 0, 0, 0, 0, 0, 0]",128,512,262144.0,327680.0,737803896,737813083,737813224,737817704,256,219104,219104,58606,1,9187,4480,4,64,64,2
203,2,"[4, 128, 8, 8, 128, 8, 8, 3, 3, 1, 1, 1, 1, 1, 1, 1, 2, 0, 0, 0, 0, 0, 0, 0, 0, 0, 0, 0, 0, 0]",512,256,0.0,0.0,738026412,738233608,738036808,738239592,2112,269825,126016,58605,8,63317,58975,4,64,64,2
152,2,"[2, 4, 128, 8, 8, 0, 0, 0, 0, 0, 0, 0, 0, 0, 0, 0, 0, 0, 0, 0, 0, 0, 0, 0, 0, 0, 0, 0, 0, 0]",64,128,32768.0,196608.0,738357233,738365586,738365608,738368168,0,87936,87936,58604,1,8353,2560,4,64,64,2
205,2,"[2, 4, 128, 8, 8, 0, 0, 0, 0, 0, 0, 0, 0, 0, 0, 0, 0, 0, 0, 0, 0, 0, 0, 0, 0, 0, 0, 0, 0, 0]",128,512,262144.0,327680.0,738447207,738455843,738456104,738460776,256,212992,212992,58602,1,8636,4672,4,64,64,2
203,2,"[4, 128, 8, 8, 128, 8, 8, 3, 3, 1, 1, 1, 1, 1, 1, 1, 2, 0, 0, 0, 0, 0, 0, 0, 0, 0, 0, 0, 0, 0]",512,256,0.0,0.0,738661946,738856053,738673768,738864232,2112,234528,102624,58601,8,58700,58560,4,64,64,2
152,2,"[2, 4, 128, 8, 8, 0, 0, 0, 0, 0, 0, 0, 0, 0, 0, 0, 0, 0, 0, 0, 0, 0, 0, 0, 0, 0, 0, 0, 0, 0]",64,128,32768.0,196608.0,738958848,738966951,738966856,738969960,0,73696,73696,58600,1,8103,3104,4,64,64,2
205,2,"[2, 4, 128, 8, 8, 0, 0, 0, 0, 0, 0, 0, 0, 0, 0, 0, 0, 0, 0, 0, 0, 0, 0, 0, 0, 0, 0, 0, 0, 0]",128,512,262144.0,327680.0,739034567,739043487,739043656,739048456,256,219296,219296,58599,1,8920,4800,4,64,64,2
203,2,"[4, 128, 8, 8, 128, 8, 8, 3, 3, 1, 1, 1, 1, 1, 1, 1, 2, 0, 0, 0, 0, 0, 0, 0, 0, 0, 0, 0, 0, 0]",512,256,0.0,0.0,739256377,739451655,739267752,739459208,2112,257089,123841,58598,8,59003,58208,4,64,64,2
152,2,"[2, 4, 128, 8, 8, 0, 0, 0, 0, 0, 0, 0, 0, 0, 0, 0, 0, 0, 0, 0, 0, 0, 0, 0, 0, 0, 0, 0, 0, 0]",64,128,32768.0,196608.0,739575378,739583099,739583049,739585128,0,84993,84993,58597,1,7721,2079,4,64,64,2
205,2,"[2, 4, 128, 8, 8, 0, 0, 0, 0, 0, 0, 0, 0, 0, 0, 0, 0, 0, 0, 0, 0, 0, 0, 0, 0, 0, 0, 0, 0, 0]",128,512,262144.0,327680.0,739661330,739669938,739670121,739674920,256,217409,217409,58595,1,8608,4799,4,64,64,2
203,2,"[4, 128, 8, 8, 128, 8, 8, 3, 3, 1, 1, 1, 1, 1, 1, 1, 2, 0, 0, 0, 0, 0, 0, 0, 0, 0, 0, 0, 0, 0]",512,256,0.0,0.0,739880423,740074442,739892329,740082376,2112,237248,105888,58594,8,58928,58687,4,64,64,2
152,2,"[2, 4, 128, 8, 8, 0, 0, 0, 0, 0, 0, 0, 0, 0, 0, 0, 0, 0, 0, 0, 0, 0, 0, 0, 0, 0, 0, 0, 0, 0]",64,128,32768.0,196608.0,740179675,740188057,740188264,740190825,0,77376,77376,58593,1,8382,2561,4,64,64,2
205,2,"[2, 4, 128, 8, 8, 0, 0, 0, 0, 0, 0, 0, 0, 0, 0, 0, 0, 0, 0, 0, 0, 0, 0, 0, 0, 0, 0, 0, 0, 0]",128,512,262144.0,327680.0,740258879,740267867,740268201,740273192,256,198913,198913,58592,1,8988,4991,4,64,64,2
203,2,"[4, 128, 8, 8, 128, 8, 8, 3, 3, 1, 1, 1, 1, 1, 1, 1, 2, 0, 0, 0, 0, 0, 0, 0, 0, 0, 0, 0, 0, 0]",512,256,0.0,0.0,740461893,740656192,740472105,740664393,2112,257152,123008,58591,8,58552,58144,4,64,64,2
152,2,"[2, 4, 128, 8, 8, 0, 0, 0, 0, 0, 0, 0, 0, 0, 0, 0, 0, 0, 0, 0, 0, 0, 0, 0, 0, 0, 0, 0, 0, 0]",64,128,32768.0,196608.0,740779431,740787755,740787401,740791049,0,110176,110176,58590,1,8324,3648,4,64,64,2
205,2,"[2, 4, 128, 8, 8, 0, 0, 0, 0, 0, 0, 0, 0, 0, 0, 0, 0, 0, 0, 0, 0, 0, 0, 0, 0, 0, 0, 0, 0, 0]",128,512,262144.0,327680.0,740890829,740901114,740901225,740906089,256,233440,233440,58588,1,10285,4864,4,64,64,2
203,2,"[4, 64, 16, 16, 128, 8, 8, 1, 1, 0, 0, 2, 2, 1, 1, 1, 2, 0, 0, 0, 0, 0, 0, 0, 0, 0, 0, 0, 0, 0]",64,256,0.0,0.0,741128298,741346378,741139529,741354409,2112,325536,137248,58587,6,52736,26592,4,64,64,2
205,2,"[2, 4, 128, 8, 8, 0, 0, 0, 0, 0, 0, 0, 0, 0, 0, 0, 0, 0, 0, 0, 0, 0, 0, 0, 0, 0, 0, 0, 0, 0]",128,512,262144.0,327680.0,741483074,741491478,741491657,741495913,256,206976,206976,58586,1,8404,4256,4,64,64,2
203,2,"[4, 128, 8, 8, 128, 8, 8, 3, 3, 1, 1, 1, 1, 1, 1, 1, 2, 0, 0, 0, 0, 0, 0, 0, 0, 0, 0, 0, 0, 0]",512,256,0.0,0.0,741691974,741886853,741702889,741894825,2112,233536,100768,58585,8,58683,59168,4,64,64,2
152,2,"[2, 4, 128, 8, 8, 0, 0, 0, 0, 0, 0, 0, 0, 0, 0, 0, 0, 0, 0, 0, 0, 0, 0, 0, 0, 0, 0, 0, 0, 0]",64,128,32768.0,196608.0,741987811,741996051,741995593,741998985,0,78528,78528,58584,1,8240,3392,4,64,64,2
205,2,"[2, 4, 128, 8, 8, 0, 0, 0, 0, 0, 0, 0, 0, 0, 0, 0, 0, 0, 0, 0, 0, 0, 0, 0, 0, 0, 0, 0, 0, 0]",128,512,262144.0,327680.0,742068347,742077560,742077513,742081641,256,247584,247584,58583,1,9213,4128,4,64,64,2
203,2,"[4, 64, 16, 16, 128, 8, 8, 3, 3, 1, 1, 2, 2, 1, 1, 1, 2, 0, 0, 0, 0, 0, 0, 0, 0, 0, 0, 0, 0, 0]",256,256,0.0,0.0,742318049,742538991,742329225,742543913,2112,302624,135360,58582,8,64353,47424,4,64,64,2
152,2,"[2, 4, 64, 16, 16, 0, 0, 0, 0, 0, 0, 0, 0, 0, 0, 0, 0, 0, 0, 0, 0, 0, 0, 0, 0, 0, 0, 0, 0, 0]",128,128,65536.0,393216.0,742671223,742679071,742679273,742681705,0,88032,88032,58581,1,7848,2432,4,64,64,2
205,2,"[2, 4, 64, 16, 16, 0, 0, 0, 0, 0, 0, 0, 0, 0, 0, 0, 0, 0, 0, 0, 0, 0, 0, 0, 0, 0, 0, 0, 0, 0]",64,512,524288.0,655360.0,742761519,742770477,742769737,742775625,256,211200,211200,58579,1,8958,5888,4,64,64,2
203,2,"[4, 64, 16, 16, 64, 16, 16, 3, 3, 1, 1, 1, 1, 1, 1, 1, 2, 0, 0, 0, 0, 0, 0, 0, 0, 0, 0, 0, 0, 0]",128,256,0.0,0.0,742976077,743180449,742986825,743191658,2112,249310,96224,58578,8,60956,51747,4,64,64,2
152,2,"[2, 4, 64, 16, 16, 0, 0, 0, 0, 0, 0, 0, 0, 0, 0, 0, 0, 0, 0, 0, 0, 0, 0, 0, 0, 0, 0, 0, 0, 0]",128,128,65536.0,393216.0,743279656,743287995,743287882,743289962,0,75168,75168,58577,1,8339,2080,4,64,64,2
205,2,"[2, 4, 64, 16, 16, 0, 0, 0, 0, 0, 0, 0, 0, 0, 0, 0, 0, 0, 0, 0, 0, 0, 0, 0, 0, 0, 0, 0, 0, 0]",64,512,524288.0,655360.0,743356241,743365001,743365130,743369834,256,218656,218656,58576,1,8760,4704,4,64,64,2
203,2,"[4, 64, 16, 16, 64, 16, 16, 3, 3, 1, 1, 1, 1, 1, 1, 1, 2, 0, 0, 0, 0, 0, 0, 0, 0, 0, 0, 0, 0, 0]",128,256,0.0,0.0,743577150,743781845,743588490,743793770,2112,283488,128000,58575,8,60086,49792,4,64,64,2
152,2,"[2, 4, 64, 16, 16, 0, 0, 0, 0, 0, 0, 0, 0, 0, 0, 0, 0, 0, 0, 0, 0, 0, 0, 0, 0, 0, 0, 0, 0, 0]",128,128,65536.0,393216.0,743914011,743921610,743921770,743924490,0,90880,90880,58574,1,7599,2720,4,64,64,2
205,2,"[2, 4, 64, 16, 16, 0, 0, 0, 0, 0, 0, 0, 0, 0, 0, 0, 0, 0, 0, 0, 0, 0, 0, 0, 0, 0, 0, 0, 0, 0]",64,512,524288.0,655360.0,744007140,744015637,744015370,744021098,256,204896,204896,58572,1,8497,5728,4,64,64,2
203,2,"[4, 64, 16, 16, 64, 16, 16, 3, 3, 1, 1, 1, 1, 1, 1, 1, 2, 0, 0, 0, 0, 0, 0, 0, 0, 0, 0, 0, 0, 0]",128,256,0.0,0.0,744215459,744402085,744225994,744414090,2112,234112,96384,58571,8,57815,50368,4,64,64,2
152,2,"[2, 4, 64, 16, 16, 0, 0, 0, 0, 0, 0, 0, 0, 0, 0, 0, 0, 0, 0, 0, 0, 0, 0, 0, 0, 0, 0, 0, 0, 0]",128,128,65536.0,393216.0,744501257,744509721,744510474,744512618,0,78912,78912,58570,1,8464,2144,4,64,64,2
205,2,"[2, 4, 64, 16, 16, 0, 0, 0, 0, 0, 0, 0, 0, 0, 0, 0, 0, 0, 0, 0, 0, 0, 0, 0, 0, 0, 0, 0, 0, 0]",64,512,524288.0,655360.0,744582420,744591472,744591530,744596586,256,222560,222560,58569,1,9052,5056,4,64,64,2
203,2,"[4, 64, 16, 16, 64, 16, 16, 3, 3, 1, 1, 1, 1, 1, 1, 1, 2, 0, 0, 0, 0, 0, 0, 0, 0, 0, 0, 0, 0, 0]",128,256,0.0,0.0,744807185,745002700,744819146,745014378,2112,268320,121152,58568,8,57836,48064,4,64,64,2
152,2,"[2, 4, 64, 16, 16, 0, 0, 0, 0, 0, 0, 0, 0, 0, 0, 0, 0, 0, 0, 0, 0, 0, 0, 0, 0, 0, 0, 0, 0, 0]",128,128,65536.0,393216.0,745127842,745135955,745135530,745138794,0,91744,91744,58567,1,8113,3264,4,64,64,2
205,2,"[2, 4, 64, 16, 16, 0, 0, 0, 0, 0, 0, 0, 0, 0, 0, 0, 0, 0, 0, 0, 0, 0, 0, 0, 0, 0, 0, 0, 0, 0]",64,512,524288.0,655360.0,745221680,745230575,745230538,745235562,256,200704,200704,58565,1,8895,5024,4,64,64,2
203,2,"[4, 64, 16, 16, 64, 16, 16, 3, 3, 1, 1, 1, 1, 1, 1, 1, 2, 0, 0, 0, 0, 0, 0, 0, 0, 0, 0, 0, 0, 0]",128,256,0.0,0.0,745424933,745612566,745436266,745624394,2112,232256,96544,58564,8,58326,52416,4,64,64,2
152,2,"[2, 4, 64, 16, 16, 0, 0, 0, 0, 0, 0, 0, 0, 0, 0, 0, 0, 0, 0, 0, 0, 0, 0, 0, 0, 0, 0, 0, 0, 0]",128,128,65536.0,393216.0,745712879,745721304,745720938,745724394,0,74304,74304,58563,1,8425,3456,4,64,64,2
205,2,"[2, 4, 64, 16, 16, 0, 0, 0, 0, 0, 0, 0, 0, 0, 0, 0, 0, 0, 0, 0, 0, 0, 0, 0, 0, 0, 0, 0, 0, 0]",64,512,524288.0,655360.0,745789998,745798432,745798698,745803882,256,222144,222144,58562,1,8434,5184,4,64,64,2
203,2,"[4, 64, 16, 16, 64, 16, 16, 3, 3, 1, 1, 1, 1, 1, 1, 1, 2, 0, 0, 0, 0, 0, 0, 0, 0, 0, 0, 0, 0, 0]",128,256,0.0,0.0,746014740,746199013,746026026,746211530,2112,276194,141440,58561,8,57113,50750,4,64,64,2
183,2,"[2, 4, 64, 32, 32, 0, 0, 0, 0, 0, 0, 0, 0, 0, 0, 0, 0, 0, 0, 0, 0, 0, 0, 0, 0, 0, 0, 0, 0, 0]",1024,256,0.0,0.0,746344165,746369903,746352970,746384139,0,44865,30272,58560,2,17263,16576,4,64,64,2
152,2,"[2, 4, 64, 32, 32, 0, 0, 0, 0, 0, 0, 0, 0, 0, 0, 0, 0, 0, 0, 0, 0, 0, 0, 0, 0, 0, 0, 0, 0, 0]",512,128,262144.0,1572864.0,746405857,746414404,746414411,746417259,0,75423,75423,58559,1,8547,2848,4,64,64,2
205,2,"[2, 4, 64, 32, 32, 0, 0, 0, 0, 0, 0, 0, 0, 0, 0, 0, 0, 0, 0, 0, 0, 0, 0, 0, 0, 0, 0, 0, 0, 0]",64,512,2097152.0,2621440.0,746483557,746492443,746492682,746502763,256,237600,237600,58558,1,8886,10081,4,64,64,2
203,2,"[4, 3, 64, 64, 64, 32, 32, 7, 7, 3, 3, 2, 2, 1, 1, 1, 2, 0, 0, 0, 0, 0, 0, 0, 0, 0, 0, 0, 0, 0]",512,256,0.0,0.0,746733663,746771594,746740363,746802283,42944,1061857,1045824,58557,4,24358,45887,4,64,64,2
16,3,"[2, 64, 3, 7, 7, 0, 0, 0, 0, 0, 0, 0, 0, 0, 0, 4, 0, 0, 0, 0, 0, 0, 0, 0, 0, 0, 0, 0, 0, 0]",19,128,9408.0,37636.0,747820349,747851079,747848107,747850859,0,171776,171776,-1,1,30730,2752,4,64,64,2
12,3,"[2, 64, 3, 7, 7, 0, 0, 0, 0, 0, 0, 0, 0, 0, 0, 2, 64, 3, 7, 7, 0, 0, 0, 0, 0, 0, 0, 0, 0, 0]",19,128,9408.0,56448.0,748007120,748023815,748022635,748024939,0,153696,153696,-1,1,16695,2304,4,64,64,2
12,3,"[2, 64, 3, 7, 7, 0, 0, 0, 0, 0, 0, 0, 0, 0, 0, 2, 64, 3, 7, 7, 0, 0, 0, 0, 0, 0, 0, 0, 0, 0]",19,128,9408.0,56448.0,748164874,748179538,748178635,748181675,0,145792,145792,-1,1,14664,3040,4,64,64,2
16,3,"[2, 64, 0, 0, 0, 0, 0, 0, 0, 0, 0, 0, 0, 0, 0, 4, 0, 0, 0, 0, 0, 0, 0, 0, 0, 0, 0, 0, 0, 0]",1,128,64.0,260.0,748312695,748328175,748327467,748329899,0,182432,182432,-1,1,15480,2432,4,64,64,2
12,3,"[2, 64, 0, 0, 0, 0, 0, 0, 0, 0, 0, 0, 0, 0, 0, 2, 64, 0, 0, 0, 0, 0, 0, 0, 0, 0, 0, 0, 0, 0]",1,128,64.0,384.0,748495569,748513373,748512331,748514411,0,152800,152800,-1,1,17804,2080,4,64,64,2
12,3,"[2, 64, 0, 0, 0, 0, 0, 0, 0, 0, 0, 0, 0, 0, 0, 2, 64, 0, 0, 0, 0, 0, 0, 0, 0, 0, 0, 0, 0, 0]",1,128,64.0,384.0,748654332,748667634,748667211,748669515,0,141984,141984,-1,1,13302,2304,4,64,64,2
16,3,"[2, 64, 0, 0, 0, 0, 0, 0, 0, 0, 0, 0, 0, 0, 0, 4, 0, 0, 0, 0, 0, 0, 0, 0, 0, 0, 0, 0, 0, 0]",1,128,64.0,260.0,748799071,748812466,748811499,748814507,0,174048,174048,-1,1,13395,3008,4,64,64,2
12,3,"[2, 64, 0, 0, 0, 0, 0, 0, 0, 0, 0, 0, 0, 0, 0, 2, 64, 0, 0, 0, 0, 0, 0, 0, 0, 0, 0, 0, 0, 0]",1,128,64.0,384.0,748973523,748989453,748988555,748990859,0,142016,142016,-1,1,15930,2304,4,64,64,2
12,3,"[2, 64, 0, 0, 0, 0, 0, 0, 0, 0, 0, 0, 0, 0, 0, 2, 64, 0, 0, 0, 0, 0, 0, 0, 0, 0, 0, 0, 0, 0]",1,128,64.0,384.0,749120903,749133465,749132875,749134955,0,159264,159264,-1,1,12562,2080,4,64,64,2
16,3,"[2, 64, 64, 3, 3, 0, 0, 0, 0, 0, 0, 0, 0, 0, 0, 4, 0, 0, 0, 0, 0, 0, 0, 0, 0, 0, 0, 0, 0, 0]",72,128,36864.0,147460.0,749280938,749294703,749294219,749296748,0,152799,152799,-1,1,13765,2529,4,64,64,2
12,3,"[2, 64, 64, 3, 3, 0, 0, 0, 0, 0, 0, 0, 0, 0, 0, 2, 64, 64, 3, 3, 0, 0, 0, 0, 0, 0, 0, 0, 0, 0]",72,128,36864.0,221184.0,749436430,749449877,749449547,749452076,0,162527,162527,-1,1,13447,2529,4,64,64,2
12,3,"[2, 64, 64, 3, 3, 0, 0, 0, 0, 0, 0, 0, 0, 0, 0, 2, 64, 64, 3, 3, 0, 0, 0, 0, 0, 0, 0, 0, 0, 0]",72,128,36864.0,221184.0,749600267,749615693,749614603,749617899,0,151296,151296,-1,1,15426,3296,4,64,64,2
16,3,"[2, 64, 0, 0, 0, 0, 0, 0, 0, 0, 0, 0, 0, 0, 0, 4, 0, 0, 0, 0, 0, 0, 0, 0, 0, 0, 0, 0, 0, 0]",1,128,64.0,260.0,749755771,749769778,749769195,749771660,0,139712,139712,-1,1,14007,2465,4,64,64,2
12,3,"[2, 64, 0, 0, 0, 0, 0, 0, 0, 0, 0, 0, 0, 0, 0, 2, 64, 0, 0, 0, 0, 0, 0, 0, 0, 0, 0, 0, 0, 0]",1,128,64.0,384.0,749899366,749911998,749911372,749914220,0,138208,138208,-1,1,12632,2848,4,64,64,2
12,3,"[2, 64, 0, 0, 0, 0, 0, 0, 0, 0, 0, 0, 0, 0, 0, 2, 64, 0, 0, 0, 0, 0, 0, 0, 0, 0, 0, 0, 0, 0]",1,128,64.0,384.0,750040485,750053089,750052428,750054508,0,141216,141216,-1,1,12604,2080,4,64,64,2
16,3,"[2, 64, 0, 0, 0, 0, 0, 0, 0, 0, 0, 0, 0, 0, 0, 4, 0, 0, 0, 0, 0, 0, 0, 0, 0, 0, 0, 0, 0, 0]",1,128,64.0,260.0,750182418,750196092,750195724,750197868,0,137056,137056,-1,1,13674,2144,4,64,64,2
12,3,"[2, 64, 0, 0, 0, 0, 0, 0, 0, 0, 0, 0, 0, 0, 0, 2, 64, 0, 0, 0, 0, 0, 0, 0, 0, 0, 0, 0, 0, 0]",1,128,64.0,384.0,750322911,750335283,750334924,750337132,0,151552,151552,-1,1,12372,2208,4,64,64,2
12,3,"[2, 64, 0, 0, 0, 0, 0, 0, 0, 0, 0, 0, 0, 0, 0, 2, 64, 0, 0, 0, 0, 0, 0, 0, 0, 0, 0, 0, 0, 0]",1,128,64.0,384.0,750476023,750488932,750488684,750490732,0,165888,165888,-1,1,12909,2048,4,64,64,2
16,3,"[2, 64, 64, 3, 3, 0, 0, 0, 0, 0, 0, 0, 0, 0, 0, 4, 0, 0, 0, 0, 0, 0, 0, 0, 0, 0, 0, 0, 0, 0]",72,128,36864.0,147460.0,750638211,750658072,750656620,750658668,0,164192,164192,-1,1,19861,2048,4,64,64,2
12,3,"[2, 64, 64, 3, 3, 0, 0, 0, 0, 0, 0, 0, 0, 0, 0, 2, 64, 64, 3, 3, 0, 0, 0, 0, 0, 0, 0, 0, 0, 0]",72,128,36864.0,221184.0,750809317,750823999,750822860,750826284,0,140832,140832,-1,1,14682,3424,4,64,64,2
12,3,"[2, 64, 64, 3, 3, 0, 0, 0, 0, 0, 0, 0, 0, 0, 0, 2, 64, 64, 3, 3, 0, 0, 0, 0, 0, 0, 0, 0, 0, 0]",72,128,36864.0,221184.0,750954880,750967201,750967116,750969676,0,139392,139392,-1,1,12321,2560,4,64,64,2
16,3,"[2, 64, 0, 0, 0, 0, 0, 0, 0, 0, 0, 0, 0, 0, 0, 4, 0, 0, 0, 0, 0, 0, 0, 0, 0, 0, 0, 0, 0, 0]",1,128,64.0,260.0,751095566,751109277,751109068,751111276,0,138656,138656,-1,1,13711,2208,4,64,64,2
12,3,"[2, 64, 0, 0, 0, 0, 0, 0, 0, 0, 0, 0, 0, 0, 0, 2, 64, 0, 0, 0, 0, 0, 0, 0, 0, 0, 0, 0, 0, 0]",1,128,64.0,384.0,751237886,751250104,751249932,751252236,0,151200,151200,-1,1,12218,2304,4,64,64,2
12,3,"[2, 64, 0, 0, 0, 0, 0, 0, 0, 0, 0, 0, 0, 0, 0, 2, 64, 0, 0, 0, 0, 0, 0, 0, 0, 0, 0, 0, 0, 0]",1,128,64.0,384.0,751390899,751403651,751403436,751405772,0,137344,137344,-1,1,12752,2336,4,64,64,2
16,3,"[2, 64, 0, 0, 0, 0, 0, 0, 0, 0, 0, 0, 0, 0, 0, 4, 0, 0, 0, 0, 0, 0, 0, 0, 0, 0, 0, 0, 0, 0]",1,128,64.0,260.0,751530662,751543444,751543116,751545452,0,135520,135520,-1,1,12782,2336,4,64,64,2
12,3,"[2, 64, 0, 0, 0, 0, 0, 0, 0, 0, 0, 0, 0, 0, 0, 2, 64, 0, 0, 0, 0, 0, 0, 0, 0, 0, 0, 0, 0, 0]",1,128,64.0,384.0,751669529,751681766,751680972,751683948,0,161696,161696,-1,1,12237,2976,4,64,64,2
12,3,"[2, 64, 0, 0, 0, 0, 0, 0, 0, 0, 0, 0, 0, 0, 0, 2, 64, 0, 0, 0, 0, 0, 0, 0, 0, 0, 0, 0, 0, 0]",1,128,64.0,384.0,751830940,751846083,751845644,751848108,0,145024,145024,-1,1,15143,2464,4,64,64,2
16,3,"[2, 64, 64, 3, 3, 0, 0, 0, 0, 0, 0, 0, 0, 0, 0, 4, 0, 0, 0, 0, 0, 0, 0, 0, 0, 0, 0, 0, 0, 0]",72,128,36864.0,147460.0,751980306,751993500,751993132,751995916,0,139712,139712,-1,1,13194,2784,4,64,64,2
12,3,"[2, 64, 64, 3, 3, 0, 0, 0, 0, 0, 0, 0, 0, 0, 0, 2, 64, 64, 3, 3, 0, 0, 0, 0, 0, 0, 0, 0, 0, 0]",72,128,36864.0,221184.0,752123565,752136170,752135628,752139276,0,150848,150848,-1,1,12605,3648,4,64,64,2
12,3,"[2, 64, 64, 3, 3, 0, 0, 0, 0, 0, 0, 0, 0, 0, 0, 2, 64, 64, 3, 3, 0, 0, 0, 0, 0, 0, 0, 0, 0, 0]",72,128,36864.0,221184.0,752276933,752290392,752290124,752292652,0,136608,136608,-1,1,13459,2528,4,64,64,2
16,3,"[2, 64, 0, 0, 0, 0, 0, 0, 0, 0, 0, 0, 0, 0, 0, 4, 0, 0, 0, 0, 0, 0, 0, 0, 0, 0, 0, 0, 0, 0]",1,128,64.0,260.0,752416741,752429376,752429260,752431692,0,135392,135392,-1,1,12635,2432,4,64,64,2
12,3,"[2, 64, 0, 0, 0, 0, 0, 0, 0, 0, 0, 0, 0, 0, 0, 2, 64, 0, 0, 0, 0, 0, 0, 0, 0, 0, 0, 0, 0, 0]",1,128,64.0,384.0,752555263,752567310,752567084,752569452,0,137185,137185,-1,1,12047,2368,4,64,64,2
12,3,"[2, 64, 0, 0, 0, 0, 0, 0, 0, 0, 0, 0, 0, 0, 0, 2, 64, 0, 0, 0, 0, 0, 0, 0, 0, 0, 0, 0, 0, 0]",1,128,64.0,384.0,752694974,752707025,752706637,752708716,0,163008,163008,-1,1,12051,2079,4,64,64,2
16,3,"[2, 64, 0, 0, 0, 0, 0, 0, 0, 0, 0, 0, 0, 0, 0, 4, 0, 0, 0, 0, 0, 0, 0, 0, 0, 0, 0, 0, 0, 0]",1,128,64.0,260.0,752845711,752873268,752871724,752874220,0,159617,159617,-1,1,27557,2496,4,64,64,2
12,3,"[2, 64, 0, 0, 0, 0, 0, 0, 0, 0, 0, 0, 0, 0, 0, 2, 64, 0, 0, 0, 0, 0, 0, 0, 0, 0, 0, 0, 0, 0]",1,128,64.0,384.0,753020187,753034150,753033837,753036141,0,139488,139488,-1,1,13963,2304,4,64,64,2
12,3,"[2, 64, 0, 0, 0, 0, 0, 0, 0, 0, 0, 0, 0, 0, 0, 2, 64, 0, 0, 0, 0, 0, 0, 0, 0, 0, 0, 0, 0, 0]",1,128,64.0,384.0,753163379,753175875,753175629,753177709,0,153600,153600,-1,1,12496,2080,4,64,64,2
16,3,"[2, 64, 64, 3, 3, 0, 0, 0, 0, 0, 0, 0, 0, 0, 0, 4, 0, 0, 0, 0, 0, 0, 0, 0, 0, 0, 0, 0, 0, 0]",72,128,36864.0,147460.0,753319000,753332213,753331309,753334637,0,407456,407456,-1,1,13213,3328,4,64,64,2
12,3,"[2, 64, 64, 3, 3, 0, 0, 0, 0, 0, 0, 0, 0, 0, 0, 2, 64, 64, 3, 3, 0, 0, 0, 0, 0, 0, 0, 0, 0, 0]",72,128,36864.0,221184.0,753726561,753742869,753742093,753744845,0,153920,153920,-1,1,16308,2752,4,64,64,2
12,3,"[2, 64, 64, 3, 3, 0, 0, 0, 0, 0, 0, 0, 0, 0, 0, 2, 64, 64, 3, 3, 0, 0, 0, 0, 0, 0, 0, 0, 0, 0]",72,128,36864.0,221184.0,753885944,753899718,753898765,753902317,0,165984,165984,-1,1,13774,3552,4,64,64,2
16,3,"[2, 64, 0, 0, 0, 0, 0, 0, 0, 0, 0, 0, 0, 0, 0, 4, 0, 0, 0, 0, 0, 0, 0, 0, 0, 0, 0, 0, 0, 0]",1,128,64.0,260.0,754052893,754068848,754068301,754070637,0,141312,141312,-1,1,15955,2336,4,64,64,2
12,3,"[2, 64, 0, 0, 0, 0, 0, 0, 0, 0, 0, 0, 0, 0, 0, 2, 64, 0, 0, 0, 0, 0, 0, 0, 0, 0, 0, 0, 0, 0]",1,128,64.0,384.0,754199519,754212312,754211949,754213997,0,153760,153760,-1,1,12793,2048,4,64,64,2
12,3,"[2, 64, 0, 0, 0, 0, 0, 0, 0, 0, 0, 0, 0, 0, 0, 2, 64, 0, 0, 0, 0, 0, 0, 0, 0, 0, 0, 0, 0, 0]",1,128,64.0,384.0,754355482,754368629,754367757,754370765,0,139328,139328,-1,1,13147,3008,4,64,64,2
16,3,"[2, 64, 0, 0, 0, 0, 0, 0, 0, 0, 0, 0, 0, 0, 0, 4, 0, 0, 0, 0, 0, 0, 0, 0, 0, 0, 0, 0, 0, 0]",1,128,64.0,260.0,754497298,754510375,754510093,754512525,0,137152,137152,-1,1,13077,2432,4,64,64,2
12,3,"[2, 64, 0, 0, 0, 0, 0, 0, 0, 0, 0, 0, 0, 0, 0, 2, 64, 0, 0, 0, 0, 0, 0, 0, 0, 0, 0, 0, 0, 0]",1,128,64.0,384.0,754637795,754650018,754649677,754651981,0,134432,134432,-1,1,12223,2304,4,64,64,2
12,3,"[2, 64, 0, 0, 0, 0, 0, 0, 0, 0, 0, 0, 0, 0, 0, 2, 64, 0, 0, 0, 0, 0, 0, 0, 0, 0, 0, 0, 0, 0]",1,128,64.0,384.0,754775052,754786596,754786413,754788877,0,137056,137056,-1,1,11544,2464,4,64,64,2
16,3,"[2, 64, 64, 3, 3, 0, 0, 0, 0, 0, 0, 0, 0, 0, 0, 4, 0, 0, 0, 0, 0, 0, 0, 0, 0, 0, 0, 0, 0, 0]",72,128,36864.0,147460.0,754913525,754926321,754925933,754928653,0,157952,157952,-1,1,12796,2720,4,64,64,2
12,3,"[2, 64, 64, 3, 3, 0, 0, 0, 0, 0, 0, 0, 0, 0, 0, 2, 64, 64, 3, 3, 0, 0, 0, 0, 0, 0, 0, 0, 0, 0]",72,128,36864.0,221184.0,755072982,755087835,755086605,755089933,0,166464,166464,-1,1,14853,3328,4,64,64,2
12,3,"[2, 64, 64, 3, 3, 0, 0, 0, 0, 0, 0, 0, 0, 0, 0, 2, 64, 64, 3, 3, 0, 0, 0, 0, 0, 0, 0, 0, 0, 0]",72,128,36864.0,221184.0,755242181,755256903,755256397,755258477,0,140512,140512,-1,1,14722,2080,4,64,64,2
16,3,"[2, 64, 0, 0, 0, 0, 0, 0, 0, 0, 0, 0, 0, 0, 0, 4, 0, 0, 0, 0, 0, 0, 0, 0, 0, 0, 0, 0, 0, 0]",1,128,64.0,260.0,755386536,755399388,755398989,755401421,0,135936,135936,-1,1,12852,2432,4,64,64,2
12,3,"[2, 64, 0, 0, 0, 0, 0, 0, 0, 0, 0, 0, 0, 0, 0, 2, 64, 0, 0, 0, 0, 0, 0, 0, 0, 0, 0, 0, 0, 0]",1,128,64.0,384.0,755525633,755538289,755537357,755540237,0,134208,134208,-1,1,12656,2880,4,64,64,2
12,3,"[2, 64, 0, 0, 0, 0, 0, 0, 0, 0, 0, 0, 0, 0, 0, 2, 64, 0, 0, 0, 0, 0, 0, 0, 0, 0, 0, 0, 0, 0]",1,128,64.0,384.0,755663248,755675155,755674445,755677485,0,133921,133921,-1,1,11907,3040,4,64,64,2
16,3,"[2, 64, 0, 0, 0, 0, 0, 0, 0, 0, 0, 0, 0, 0, 0, 4, 0, 0, 0, 0, 0, 0, 0, 0, 0, 0, 0, 0, 0, 0]",1,128,64.0,260.0,755798755,755811643,755811406,755813485,0,132289,132289,-1,1,12888,2079,4,64,64,2
12,3,"[2, 64, 0, 0, 0, 0, 0, 0, 0, 0, 0, 0, 0, 0, 0, 2, 64, 0, 0, 0, 0, 0, 0, 0, 0, 0, 0, 0, 0, 0]",1,128,64.0,384.0,755934204,755945770,755945774,755948237,0,133249,133249,-1,1,11566,2463,4,64,64,2
12,3,"[2, 64, 0, 0, 0, 0, 0, 0, 0, 0, 0, 0, 0, 0, 0, 2, 64, 0, 0, 0, 0, 0, 0, 0, 0, 0, 0, 0, 0, 0]",1,128,64.0,384.0,756069645,756081264,756081486,756083822,0,167456,167456,-1,1,11619,2336,4,64,64,2
16,3,"[2, 64, 64, 3, 3, 0, 0, 0, 0, 0, 0, 0, 0, 0, 0, 4, 0, 0, 0, 0, 0, 0, 0, 0, 0, 0, 0, 0, 0, 0]",72,128,36864.0,147460.0,756235970,756251887,756251278,756253805,0,151521,151521,-1,1,15917,2527,4,64,64,2
12,3,"[2, 64, 64, 3, 3, 0, 0, 0, 0, 0, 0, 0, 0, 0, 0, 2, 64, 64, 3, 3, 0, 0, 0, 0, 0, 0, 0, 0, 0, 0]",72,128,36864.0,221184.0,756394739,756405556,756405326,756408654,0,115360,115360,-1,1,10817,3328,4,64,64,2
12,3,"[2, 64, 64, 3, 3, 0, 0, 0, 0, 0, 0, 0, 0, 0, 0, 2, 64, 64, 3, 3, 0, 0, 0, 0, 0, 0, 0, 0, 0, 0]",72,128,36864.0,221184.0,756513745,756524178,756524014,756526190,0,111744,111744,-1,1,10433,2176,4,64,64,2
16,3,"[2, 64, 0, 0, 0, 0, 0, 0, 0, 0, 0, 0, 0, 0, 0, 4, 0, 0, 0, 0, 0, 0, 0, 0, 0, 0, 0, 0, 0, 0]",1,128,64.0,260.0,756626667,756637715,756637934,756640366,0,112288,112288,-1,1,11048,2432,4,64,64,2
12,3,"[2, 64, 0, 0, 0, 0, 0, 0, 0, 0, 0, 0, 0, 0, 0, 2, 64, 0, 0, 0, 0, 0, 0, 0, 0, 0, 0, 0, 0, 0]",1,128,64.0,384.0,756741773,756752471,756752654,756755118,0,123328,123328,-1,1,10698,2464,4,64,64,2
12,3,"[2, 64, 0, 0, 0, 0, 0, 0, 0, 0, 0, 0, 0, 0, 0, 2, 64, 0, 0, 0, 0, 0, 0, 0, 0, 0, 0, 0, 0, 0]",1,128,64.0,384.0,756867167,756878609,756878446,756880494,0,128992,128992,-1,1,11442,2048,4,64,64,2
16,3,"[2, 64, 0, 0, 0, 0, 0, 0, 0, 0, 0, 0, 0, 0, 0, 4, 0, 0, 0, 0, 0, 0, 0, 0, 0, 0, 0, 0, 0, 0]",1,128,64.0,260.0,756998282,757009967,757009486,757011566,0,112640,112640,-1,1,11685,2080,4,64,64,2
12,3,"[2, 64, 0, 0, 0, 0, 0, 0, 0, 0, 0, 0, 0, 0, 0, 2, 64, 0, 0, 0, 0, 0, 0, 0, 0, 0, 0, 0, 0, 0]",1,128,64.0,384.0,757114245,757124320,757124206,757127374,0,111232,111232,-1,1,10075,3168,4,64,64,2
12,3,"[2, 64, 0, 0, 0, 0, 0, 0, 0, 0, 0, 0, 0, 0, 0, 2, 64, 0, 0, 0, 0, 0, 0, 0, 0, 0, 0, 0, 0, 0]",1,128,64.0,384.0,757226837,757238997,757238606,757240942,0,142624,142624,-1,1,12160,2336,4,64,64,2
16,3,"[2, 128, 64, 3, 3, 0, 0, 0, 0, 0, 0, 0, 0, 0, 0, 4, 0, 0, 0, 0, 0, 0, 0, 0, 0, 0, 0, 0, 0, 0]",144,128,73728.0,294916.0,757370265,757383870,757383566,757386350,0,118560,118560,-1,1,13605,2784,4,64,64,2
12,3,"[2, 128, 64, 3, 3, 0, 0, 0, 0, 0, 0, 0, 0, 0, 0, 2, 128, 64, 3, 3, 0, 0, 0, 0, 0, 0, 0, 0, 0, 0]",144,128,73728.0,442368.0,757494073,757505446,757504910,757507182,0,114656,114656,-1,1,11373,2272,4,64,64,2
12,3,"[2, 128, 64, 3, 3, 0, 0, 0, 0, 0, 0, 0, 0, 0, 0, 2, 128, 64, 3, 3, 0, 0, 0, 0, 0, 0, 0, 0, 0, 0]",144,128,73728.0,442368.0,757611714,757622094,757621838,757625230,0,113376,113376,-1,1,10380,3392,4,64,64,2
16,3,"[2, 128, 0, 0, 0, 0, 0, 0, 0, 0, 0, 0, 0, 0, 0, 4, 0, 0, 0, 0, 0, 0, 0, 0, 0, 0, 0, 0, 0, 0]",1,128,128.0,516.0,757728073,757738647,757738606,757740654,0,122880,122880,-1,1,10574,2048,4,64,64,2
12,3,"[2, 128, 0, 0, 0, 0, 0, 0, 0, 0, 0, 0, 0, 0, 0, 2, 128, 0, 0, 0, 0, 0, 0, 0, 0, 0, 0, 0, 0, 0]",1,128,128.0,768.0,757852759,757863399,757863534,757865582,0,112256,112256,-1,1,10640,2048,4,64,64,2
12,3,"[2, 128, 0, 0, 0, 0, 0, 0, 0, 0, 0, 0, 0, 0, 0, 2, 128, 0, 0, 0, 0, 0, 0, 0, 0, 0, 0, 0, 0, 0]",1,128,128.0,768.0,757967615,757977718,757977838,757980270,0,111680,111680,-1,1,10103,2432,4,64,64,2
16,3,"[2, 128, 0, 0, 0, 0, 0, 0, 0, 0, 0, 0, 0, 0, 0, 4, 0, 0, 0, 0, 0, 0, 0, 0, 0, 0, 0, 0, 0, 0]",1,128,128.0,516.0,758080557,758091729,758091950,758094414,0,112704,112704,-1,1,11172,2464,4,64,64,2
12,3,"[2, 128, 0, 0, 0, 0, 0, 0, 0, 0, 0, 0, 0, 0, 0, 2, 128, 0, 0, 0, 0, 0, 0, 0, 0, 0, 0, 0, 0, 0]",1,128,128.0,768.0,758196809,758206785,758207118,758209582,0,110624,110624,-1,1,9976,2464,4,64,64,2
12,3,"[2, 128, 0, 0, 0, 0, 0, 0, 0, 0, 0, 0, 0, 0, 0, 2, 128, 0, 0, 0, 0, 0, 0, 0, 0, 0, 0, 0, 0, 0]",1,128,128.0,768.0,758309809,758319825,758320206,758323566,0,132288,132288,-1,1,10016,3360,4,64,64,2
16,3,"[2, 128, 128, 3, 3, 0, 0, 0, 0, 0, 0, 0, 0, 0, 0, 4, 0, 0, 0, 0, 0, 0, 0, 0, 0, 0, 0, 0, 0, 0]",288,128,147456.0,589828.0,758443599,758456503,758455854,758459502,0,129120,129120,-1,1,12904,3648,4,64,64,2
12,3,"[2, 128, 128, 3, 3, 0, 0, 0, 0, 0, 0, 0, 0, 0, 0, 2, 128, 128, 3, 3, 0, 0, 0, 0, 0, 0, 0, 0, 0, 0]",288,128,147456.0,884736.0,758577680,758589295,758588622,758592622,0,116160,116160,-1,1,11615,4000,4,64,64,2
12,3,"[2, 128, 128, 3, 3, 0, 0, 0, 0, 0, 0, 0, 0, 0, 0, 2, 128, 128, 3, 3, 0, 0, 0, 0, 0, 0, 0, 0, 0, 0]",288,128,147456.0,884736.0,758697287,758708102,758708782,758711406,0,112032,112032,-1,1,10815,2624,4,64,64,2
16,3,"[2, 128, 0, 0, 0, 0, 0, 0, 0, 0, 0, 0, 0, 0, 0, 4, 0, 0, 0, 0, 0, 0, 0, 0, 0, 0, 0, 0, 0, 0]",1,128,128.0,516.0,758812450,758823313,758823438,758825870,0,112864,112864,-1,1,10863,2432,4,64,64,2
12,3,"[2, 128, 0, 0, 0, 0, 0, 0, 0, 0, 0, 0, 0, 0, 0, 2, 128, 0, 0, 0, 0, 0, 0, 0, 0, 0, 0, 0, 0, 0]",1,128,128.0,768.0,758928825,758938588,758938734,758940782,0,112224,112224,-1,1,9763,2048,4,64,64,2
12,3,"[2, 128, 0, 0, 0, 0, 0, 0, 0, 0, 0, 0, 0, 0, 0, 2, 128, 0, 0, 0, 0, 0, 0, 0, 0, 0, 0, 0, 0, 0]",1,128,128.0,768.0,759043096,759052876,759053006,759055470,0,390880,390880,-1,1,9780,2464,4,64,64,2
16,3,"[2, 128, 0, 0, 0, 0, 0, 0, 0, 0, 0, 0, 0, 0, 0, 4, 0, 0, 0, 0, 0, 0, 0, 0, 0, 0, 0, 0, 0, 0]",1,128,128.0,516.0,759426237,759447149,759446350,759448687,0,155104,155104,-1,1,20912,2337,4,64,64,2
12,3,"[2, 128, 0, 0, 0, 0, 0, 0, 0, 0, 0, 0, 0, 0, 0, 2, 128, 0, 0, 0, 0, 0, 0, 0, 0, 0, 0, 0, 0, 0]",1,128,128.0,768.0,759589699,759604278,759603791,759606223,0,120096,120096,-1,1,14579,2432,4,64,64,2
12,3,"[2, 128, 0, 0, 0, 0, 0, 0, 0, 0, 0, 0, 0, 0, 0, 2, 128, 0, 0, 0, 0, 0, 0, 0, 0, 0, 0, 0, 0, 0]",1,128,128.0,768.0,759714989,759726224,759726319,759728783,0,118688,118688,-1,1,11235,2464,4,64,64,2
16,3,"[2, 128, 64, 1, 1, 0, 0, 0, 0, 0, 0, 0, 0, 0, 0, 4, 0, 0, 0, 0, 0, 0, 0, 0, 0, 0, 0, 0, 0, 0]",16,128,8192.0,32772.0,759836080,759847428,759847471,759849999,0,114784,114784,-1,1,11348,2528,4,64,64,2
12,3,"[2, 128, 64, 1, 1, 0, 0, 0, 0, 0, 0, 0, 0, 0, 0, 2, 128, 64, 1, 1, 0, 0, 0, 0, 0, 0, 0, 0, 0, 0]",16,128,8192.0,49152.0,759954568,759964681,759964783,759966831,0,112608,112608,-1,1,10113,2048,4,64,64,2
12,3,"[2, 128, 64, 1, 1, 0, 0, 0, 0, 0, 0, 0, 0, 0, 0, 2, 128, 64, 1, 1, 0, 0, 0, 0, 0, 0, 0, 0, 0, 0]",16,128,8192.0,49152.0,760069513,760079583,760079439,760082671,0,125952,125952,-1,1,10070,3232,4,64,64,2
16,3,"[2, 128, 0, 0, 0, 0, 0, 0, 0, 0, 0, 0, 0, 0, 0, 4, 0, 0, 0, 0, 0, 0, 0, 0, 0, 0, 0, 0, 0, 0]",1,128,128.0,516.0,760198257,760209227,760208623,760211663,0,113792,113792,-1,1,10970,3040,4,64,64,2
12,3,"[2, 128, 0, 0, 0, 0, 0, 0, 0, 0, 0, 0, 0, 0, 0, 2, 128, 0, 0, 0, 0, 0, 0, 0, 0, 0, 0, 0, 0, 0]",1,128,128.0,768.0,760315719,760326459,760325455,760328943,0,110944,110944,-1,1,10740,3488,4,64,64,2
12,3,"[2, 128, 0, 0, 0, 0, 0, 0, 0, 0, 0, 0, 0, 0, 0, 2, 128, 0, 0, 0, 0, 0, 0, 0, 0, 0, 0, 0, 0, 0]",1,128,128.0,768.0,760429900,760440118,760439887,760441967,0,112640,112640,-1,1,10218,2080,4,64,64,2
16,3,"[2, 128, 0, 0, 0, 0, 0, 0, 0, 0, 0, 0, 0, 0, 0, 4, 0, 0, 0, 0, 0, 0, 0, 0, 0, 0, 0, 0, 0, 0]",1,128,128.0,516.0,760544397,760555652,760554607,760556655,0,135168,135168,-1,1,11255,2048,4,64,64,2
12,3,"[2, 128, 0, 0, 0, 0, 0, 0, 0, 0, 0, 0, 0, 0, 0, 2, 128, 0, 0, 0, 0, 0, 0, 0, 0, 0, 0, 0, 0, 0]",1,128,128.0,768.0,760679113,760692138,760691823,760693871,0,114752,114752,-1,1,13025,2048,4,64,64,2
12,3,"[2, 128, 0, 0, 0, 0, 0, 0, 0, 0, 0, 0, 0, 0, 0, 2, 128, 0, 0, 0, 0, 0, 0, 0, 0, 0, 0, 0, 0, 0]",1,128,128.0,768.0,760798776,760809013,760808623,760811631,0,138080,138080,-1,1,10237,3008,4,64,64,2
16,3,"[2, 128, 128, 3, 3, 0, 0, 0, 0, 0, 0, 0, 0, 0, 0, 4, 0, 0, 0, 0, 0, 0, 0, 0, 0, 0, 0, 0, 0, 0]",288,128,147456.0,589828.0,760935989,760949808,760949711,760953071,0,130240,130240,-1,1,13819,3360,4,64,64,2
12,3,"[2, 128, 128, 3, 3, 0, 0, 0, 0, 0, 0, 0, 0, 0, 0, 2, 128, 128, 3, 3, 0, 0, 0, 0, 0, 0, 0, 0, 0, 0]",288,128,147456.0,884736.0,761072103,761084083,761083311,761087087,0,114048,114048,-1,1,11980,3776,4,64,64,2
12,3,"[2, 128, 128, 3, 3, 0, 0, 0, 0, 0, 0, 0, 0, 0, 0, 2, 128, 128, 3, 3, 0, 0, 0, 0, 0, 0, 0, 0, 0, 0]",288,128,147456.0,884736.0,761190954,761201065,761201135,761203823,0,112608,112608,-1,1,10111,2688,4,64,64,2
16,3,"[2, 128, 0, 0, 0, 0, 0, 0, 0, 0, 0, 0, 0, 0, 0, 4, 0, 0, 0, 0, 0, 0, 0, 0, 0, 0, 0, 0, 0, 0]",1,128,128.0,516.0,761306148,761316649,761316431,761318511,0,112608,112608,-1,1,10501,2080,4,64,64,2
12,3,"[2, 128, 0, 0, 0, 0, 0, 0, 0, 0, 0, 0, 0, 0, 0, 2, 128, 0, 0, 0, 0, 0, 0, 0, 0, 0, 0, 0, 0, 0]",1,128,128.0,768.0,761421371,761431249,761431119,761433199,0,111744,111744,-1,1,9878,2080,4,64,64,2
12,3,"[2, 128, 0, 0, 0, 0, 0, 0, 0, 0, 0, 0, 0, 0, 0, 2, 128, 0, 0, 0, 0, 0, 0, 0, 0, 0, 0, 0, 0, 0]",1,128,128.0,768.0,761534655,761544931,761544943,761547375,0,121088,121088,-1,1,10276,2432,4,64,64,2
16,3,"[2, 128, 0, 0, 0, 0, 0, 0, 0, 0, 0, 0, 0, 0, 0, 4, 0, 0, 0, 0, 0, 0, 0, 0, 0, 0, 0, 0, 0, 0]",1,128,128.0,516.0,761653551,761668403,761668463,761670767,0,145376,145376,-1,1,14852,2304,4,64,64,2
12,3,"[2, 128, 0, 0, 0, 0, 0, 0, 0, 0, 0, 0, 0, 0, 0, 2, 128, 0, 0, 0, 0, 0, 0, 0, 0, 0, 0, 0, 0, 0]",1,128,128.0,768.0,761803688,761816964,761816143,761818223,0,120832,120832,-1,1,13276,2080,4,64,64,2
12,3,"[2, 128, 0, 0, 0, 0, 0, 0, 0, 0, 0, 0, 0, 0, 0, 2, 128, 0, 0, 0, 0, 0, 0, 0, 0, 0, 0, 0, 0, 0]",1,128,128.0,768.0,761928713,761939290,761939055,761941103,0,116736,116736,-1,1,10577,2048,4,64,64,2
16,3,"[2, 128, 128, 3, 3, 0, 0, 0, 0, 0, 0, 0, 0, 0, 0, 4, 0, 0, 0, 0, 0, 0, 0, 0, 0, 0, 0, 0, 0, 0]",288,128,147456.0,589828.0,762047080,762058177,762057839,762061359,0,113344,113344,-1,1,11097,3520,4,64,64,2
12,3,"[2, 128, 128, 3, 3, 0, 0, 0, 0, 0, 0, 0, 0, 0, 0, 2, 128, 128, 3, 3, 0, 0, 0, 0, 0, 0, 0, 0, 0, 0]",288,128,147456.0,884736.0,762165054,762175193,762174703,762178671,0,110592,110592,-1,1,10139,3968,4,64,64,2
12,3,"[2, 128, 128, 3, 3, 0, 0, 0, 0, 0, 0, 0, 0, 0, 0, 2, 128, 128, 3, 3, 0, 0, 0, 0, 0, 0, 0, 0, 0, 0]",288,128,147456.0,884736.0,762279441,762289356,762289263,762292943,0,110752,110752,-1,1,9915,3680,4,64,64,2
16,3,"[2, 128, 0, 0, 0, 0, 0, 0, 0, 0, 0, 0, 0, 0, 0, 4, 0, 0, 0, 0, 0, 0, 0, 0, 0, 0, 0, 0, 0, 0]",1,128,128.0,516.0,762392456,762403333,762403695,762406000,0,109952,109952,-1,1,10877,2305,4,64,64,2
12,3,"[2, 128, 0, 0, 0, 0, 0, 0, 0, 0, 0, 0, 0, 0, 0, 2, 128, 0, 0, 0, 0, 0, 0, 0, 0, 0, 0, 0, 0, 0]",1,128,128.0,768.0,762505640,762515393,762515952,762518384,0,120159,120159,-1,1,9753,2432,4,64,64,2
12,3,"[2, 128, 0, 0, 0, 0, 0, 0, 0, 0, 0, 0, 0, 0, 0, 2, 128, 0, 0, 0, 0, 0, 0, 0, 0, 0, 0, 0, 0, 0]",1,128,128.0,768.0,762627842,762638452,762638543,762641008,0,110272,110272,-1,1,10610,2465,4,64,64,2
16,3,"[2, 128, 0, 0, 0, 0, 0, 0, 0, 0, 0, 0, 0, 0, 0, 4, 0, 0, 0, 0, 0, 0, 0, 0, 0, 0, 0, 0, 0, 0]",1,128,128.0,516.0,762740547,762751263,762751280,762753744,0,132736,132736,-1,1,10716,2464,4,64,64,2
12,3,"[2, 128, 0, 0, 0, 0, 0, 0, 0, 0, 0, 0, 0, 0, 0, 2, 128, 0, 0, 0, 0, 0, 0, 0, 0, 0, 0, 0, 0, 0]",1,128,128.0,768.0,762874095,762886531,762886480,762889328,0,116736,116736,-1,1,12436,2848,4,64,64,2
12,3,"[2, 128, 0, 0, 0, 0, 0, 0, 0, 0, 0, 0, 0, 0, 0, 2, 128, 0, 0, 0, 0, 0, 0, 0, 0, 0, 0, 0, 0, 0]",1,128,128.0,768.0,762995280,763006087,763006064,763008112,0,116448,116448,-1,1,10807,2048,4,64,64,2
16,3,"[2, 128, 128, 3, 3, 0, 0, 0, 0, 0, 0, 0, 0, 0, 0, 4, 0, 0, 0, 0, 0, 0, 0, 0, 0, 0, 0, 0, 0, 0]",288,128,147456.0,589828.0,763112852,763124563,763124560,763128112,0,111424,111424,-1,1,11711,3552,4,64,64,2
12,3,"[2, 128, 128, 3, 3, 0, 0, 0, 0, 0, 0, 0, 0, 0, 0, 2, 128, 128, 3, 3, 0, 0, 0, 0, 0, 0, 0, 0, 0, 0]",288,128,147456.0,884736.0,763229179,763239431,763239536,763243312,0,121440,121440,-1,1,10252,3776,4,64,64,2
12,3,"[2, 128, 128, 3, 3, 0, 0, 0, 0, 0, 0, 0, 0, 0, 0, 2, 128, 128, 3, 3, 0, 0, 0, 0, 0, 0, 0, 0, 0, 0]",288,128,147456.0,884736.0,763353562,763364650,763364752,763368432,0,110784,110784,-1,1,11088,3680,4,64,64,2
16,3,"[2, 128, 0, 0, 0, 0, 0, 0, 0, 0, 0, 0, 0, 0, 0, 4, 0, 0, 0, 0, 0, 0, 0, 0, 0, 0, 0, 0, 0, 0]",1,128,128.0,516.0,763469040,763479748,763479216,763482256,0,111200,111200,-1,1,10708,3040,4,64,64,2
12,3,"[2, 128, 0, 0, 0, 0, 0, 0, 0, 0, 0, 0, 0, 0, 0, 2, 128, 0, 0, 0, 0, 0, 0, 0, 0, 0, 0, 0, 0, 0]",1,128,128.0,768.0,763583544,763593361,763593456,763595888,0,130336,130336,-1,1,9817,2432,4,64,64,2
12,3,"[2, 128, 0, 0, 0, 0, 0, 0, 0, 0, 0, 0, 0, 0, 0, 2, 128, 0, 0, 0, 0, 0, 0, 0, 0, 0, 0, 0, 0, 0]",1,128,128.0,768.0,763714320,763726433,763726224,763728688,0,119104,119104,-1,1,12113,2464,4,64,64,2
16,3,"[2, 128, 0, 0, 0, 0, 0, 0, 0, 0, 0, 0, 0, 0, 0, 4, 0, 0, 0, 0, 0, 0, 0, 0, 0, 0, 0, 0, 0, 0]",1,128,128.0,516.0,763836252,763847871,763847792,763851088,0,139040,139040,-1,1,11619,3296,4,64,64,2
12,3,"[2, 128, 0, 0, 0, 0, 0, 0, 0, 0, 0, 0, 0, 0, 0, 2, 128, 0, 0, 0, 0, 0, 0, 0, 0, 0, 0, 0, 0, 0]",1,128,128.0,768.0,763977773,763990452,763990128,763992560,0,129824,129824,-1,1,12679,2432,4,64,64,2
12,3,"[2, 128, 0, 0, 0, 0, 0, 0, 0, 0, 0, 0, 0, 0, 0, 2, 128, 0, 0, 0, 0, 0, 0, 0, 0, 0, 0, 0, 0, 0]",1,128,128.0,768.0,764111775,764122813,764122384,764125424,0,117120,117120,-1,1,11038,3040,4,64,64,2
16,3,"[2, 128, 128, 3, 3, 0, 0, 0, 0, 0, 0, 0, 0, 0, 0, 4, 0, 0, 0, 0, 0, 0, 0, 0, 0, 0, 0, 0, 0, 0]",288,128,147456.0,589828.0,764231404,764242493,764242544,764245104,0,116736,116736,-1,1,11089,2560,4,64,64,2
12,3,"[2, 128, 128, 3, 3, 0, 0, 0, 0, 0, 0, 0, 0, 0, 0, 2, 128, 128, 3, 3, 0, 0, 0, 0, 0, 0, 0, 0, 0, 0]",288,128,147456.0,884736.0,764350833,764361407,764361840,764365744,0,294976,294976,-1,1,10574,3904,4,64,64,2
12,3,"[2, 128, 128, 3, 3, 0, 0, 0, 0, 0, 0, 0, 0, 0, 0, 2, 128, 128, 3, 3, 0, 0, 0, 0, 0, 0, 0, 0, 0, 0]",288,128,147456.0,884736.0,764647874,764660785,764660720,764664176,0,125664,125664,-1,1,12911,3456,4,64,64,2
16,3,"[2, 128, 0, 0, 0, 0, 0, 0, 0, 0, 0, 0, 0, 0, 0, 4, 0, 0, 0, 0, 0, 0, 0, 0, 0, 0, 0, 0, 0, 0]",1,128,128.0,516.0,764778651,764790399,764789840,764793200,0,125280,125280,-1,1,11748,3360,4,64,64,2
12,3,"[2, 128, 0, 0, 0, 0, 0, 0, 0, 0, 0, 0, 0, 0, 0, 2, 128, 0, 0, 0, 0, 0, 0, 0, 0, 0, 0, 0, 0, 0]",1,128,128.0,768.0,764907480,764918671,764918480,764920944,0,135296,135296,-1,1,11191,2464,4,64,64,2
12,3,"[2, 128, 0, 0, 0, 0, 0, 0, 0, 0, 0, 0, 0, 0, 0, 2, 128, 0, 0, 0, 0, 0, 0, 0, 0, 0, 0, 0, 0, 0]",1,128,128.0,768.0,765042088,765057117,765056240,765059248,0,121824,121824,-1,1,15029,3008,4,64,64,2
16,3,"[2, 128, 0, 0, 0, 0, 0, 0, 0, 0, 0, 0, 0, 0, 0, 4, 0, 0, 0, 0, 0, 0, 0, 0, 0, 0, 0, 0, 0, 0]",1,128,128.0,516.0,765170480,765181732,765181072,765184144,0,113600,113600,-1,1,11252,3072,4,64,64,2
12,3,"[2, 128, 0, 0, 0, 0, 0, 0, 0, 0, 0, 0, 0, 0, 0, 2, 128, 0, 0, 0, 0, 0, 0, 0, 0, 0, 0, 0, 0, 0]",1,128,128.0,768.0,765287250,765297562,765297744,765299824,0,112641,112641,-1,1,10312,2080,4,64,64,2
12,3,"[2, 128, 0, 0, 0, 0, 0, 0, 0, 0, 0, 0, 0, 0, 0, 2, 128, 0, 0, 0, 0, 0, 0, 0, 0, 0, 0, 0, 0, 0]",1,128,128.0,768.0,765402068,765412038,765412465,765414512,0,113984,113984,-1,1,9970,2047,4,64,64,2
16,3,"[2, 128, 128, 3, 3, 0, 0, 0, 0, 0, 0, 0, 0, 0, 0, 4, 0, 0, 0, 0, 0, 0, 0, 0, 0, 0, 0, 0, 0, 0]",288,128,147456.0,589828.0,765517201,765528433,765528496,765531249,0,113023,113023,-1,1,11232,2753,4,64,64,2
12,3,"[2, 128, 128, 3, 3, 0, 0, 0, 0, 0, 0, 0, 0, 0, 0, 2, 128, 128, 3, 3, 0, 0, 0, 0, 0, 0, 0, 0, 0, 0]",288,128,147456.0,884736.0,765633829,765644821,765644272,765647985,0,125023,125023,-1,1,10992,3713,4,64,64,2
12,3,"[2, 128, 128, 3, 3, 0, 0, 0, 0, 0, 0, 0, 0, 0, 0, 2, 128, 128, 3, 3, 0, 0, 0, 0, 0, 0, 0, 0, 0, 0]",288,128,147456.0,884736.0,765762763,765773216,765773008,765776849,0,110720,110720,-1,1,10453,3841,4,64,64,2
16,3,"[2, 128, 0, 0, 0, 0, 0, 0, 0, 0, 0, 0, 0, 0, 0, 4, 0, 0, 0, 0, 0, 0, 0, 0, 0, 0, 0, 0, 0, 0]",1,128,128.0,516.0,765877194,765887637,765887569,765889648,0,112160,112160,-1,1,10443,2079,4,64,64,2
12,3,"[2, 128, 0, 0, 0, 0, 0, 0, 0, 0, 0, 0, 0, 0, 0, 2, 128, 0, 0, 0, 0, 0, 0, 0, 0, 0, 0, 0, 0, 0]",1,128,128.0,768.0,765990829,766001422,766001808,766004273,0,116192,116192,-1,1,10593,2465,4,64,64,2
12,3,"[2, 128, 0, 0, 0, 0, 0, 0, 0, 0, 0, 0, 0, 0, 0, 2, 128, 0, 0, 0, 0, 0, 0, 0, 0, 0, 0, 0, 0, 0]",1,128,128.0,768.0,766106886,766121519,766120465,766122897,0,134464,134464,-1,1,14633,2432,4,64,64,2
16,3,"[2, 128, 0, 0, 0, 0, 0, 0, 0, 0, 0, 0, 0, 0, 0, 4, 0, 0, 0, 0, 0, 0, 0, 0, 0, 0, 0, 0, 0, 0]",1,128,128.0,516.0,766244754,766257295,766257361,766259825,0,115552,115552,-1,1,12541,2464,4,64,64,2
12,3,"[2, 128, 0, 0, 0, 0, 0, 0, 0, 0, 0, 0, 0, 0, 0, 2, 128, 0, 0, 0, 0, 0, 0, 0, 0, 0, 0, 0, 0, 0]",1,128,128.0,768.0,766365110,766387220,766375377,766384689,0,87616,87616,-1,1,22110,9312,4,64,64,2
12,3,"[2, 128, 0, 0, 0, 0, 0, 0, 0, 0, 0, 0, 0, 0, 0, 2, 128, 0, 0, 0, 0, 0, 0, 0, 0, 0, 0, 0, 0, 0]",1,128,128.0,768.0,766464200,766471592,766472305,766474801,0,79488,79488,-1,1,7392,2496,4,64,64,2
16,3,"[2, 128, 128, 3, 3, 0, 0, 0, 0, 0, 0, 0, 0, 0, 0, 4, 0, 0, 0, 0, 0, 0, 0, 0, 0, 0, 0, 0, 0, 0]",288,128,147456.0,589828.0,766545773,766553637,766554289,766557297,0,75488,75488,-1,1,7864,3008,4,64,64,2
12,3,"[2, 128, 128, 3, 3, 0, 0, 0, 0, 0, 0, 0, 0, 0, 0, 2, 128, 128, 3, 3, 0, 0, 0, 0, 0, 0, 0, 0, 0, 0]",288,128,147456.0,884736.0,766624861,766632721,766632785,766636433,0,73472,73472,-1,1,7860,3648,4,64,64,2
12,3,"[2, 128, 128, 3, 3, 0, 0, 0, 0, 0, 0, 0, 0, 0, 0, 2, 128, 128, 3, 3, 0, 0, 0, 0, 0, 0, 0, 0, 0, 0]",288,128,147456.0,884736.0,766702175,766709152,766709905,766712945,0,75072,75072,-1,1,6977,3040,4,64,64,2
16,3,"[2, 128, 0, 0, 0, 0, 0, 0, 0, 0, 0, 0, 0, 0, 0, 4, 0, 0, 0, 0, 0, 0, 0, 0, 0, 0, 0, 0, 0, 0]",1,128,128.0,516.0,766779814,766787174,766788017,766790769,0,74944,74944,-1,1,7360,2752,4,64,64,2
12,3,"[2, 128, 0, 0, 0, 0, 0, 0, 0, 0, 0, 0, 0, 0, 0, 2, 128, 0, 0, 0, 0, 0, 0, 0, 0, 0, 0, 0, 0, 0]",1,128,128.0,768.0,766858097,766865087,766865713,766868177,0,74144,74144,-1,1,6990,2464,4,64,64,2
12,3,"[2, 128, 0, 0, 0, 0, 0, 0, 0, 0, 0, 0, 0, 0, 0, 2, 128, 0, 0, 0, 0, 0, 0, 0, 0, 0, 0, 0, 0, 0]",1,128,128.0,768.0,766934729,766942226,766942321,766944369,0,85888,85888,-1,1,7497,2048,4,64,64,2
16,3,"[2, 128, 0, 0, 0, 0, 0, 0, 0, 0, 0, 0, 0, 0, 0, 4, 0, 0, 0, 0, 0, 0, 0, 0, 0, 0, 0, 0, 0, 0]",1,128,128.0,516.0,767021393,767029718,767030257,767032433,0,76896,76896,-1,1,8325,2176,4,64,64,2
12,3,"[2, 128, 0, 0, 0, 0, 0, 0, 0, 0, 0, 0, 0, 0, 0, 2, 128, 0, 0, 0, 0, 0, 0, 0, 0, 0, 0, 0, 0, 0]",1,128,128.0,768.0,767101131,767108120,767109329,767111793,0,74208,74208,-1,1,6989,2464,4,64,64,2
12,3,"[2, 128, 0, 0, 0, 0, 0, 0, 0, 0, 0, 0, 0, 0, 0, 2, 128, 0, 0, 0, 0, 0, 0, 0, 0, 0, 0, 0, 0, 0]",1,128,128.0,768.0,767178282,767185654,767186001,767188081,0,85600,85600,-1,1,7372,2080,4,64,64,2
16,3,"[2, 256, 128, 3, 3, 0, 0, 0, 0, 0, 0, 0, 0, 0, 0, 4, 0, 0, 0, 0, 0, 0, 0, 0, 0, 0, 0, 0, 0, 0]",576,128,294912.0,1179652.0,767262829,767273197,767273681,767277809,0,83456,83456,-1,1,10368,4128,4,64,64,2
12,3,"[2, 256, 128, 3, 3, 0, 0, 0, 0, 0, 0, 0, 0, 0, 0, 2, 256, 128, 3, 3, 0, 0, 0, 0, 0, 0, 0, 0, 0, 0]",576,128,294912.0,1769472.0,767352925,767360655,767361265,767365521,0,75808,75808,-1,1,7730,4256,4,64,64,2
12,3,"[2, 256, 128, 3, 3, 0, 0, 0, 0, 0, 0, 0, 0, 0, 0, 2, 256, 128, 3, 3, 0, 0, 0, 0, 0, 0, 0, 0, 0, 0]",576,128,294912.0,1769472.0,767432806,767439850,767441329,767445201,0,83264,83264,-1,1,7044,3872,4,64,64,2
16,3,"[2, 256, 0, 0, 0, 0, 0, 0, 0, 0, 0, 0, 0, 0, 0, 4, 0, 0, 0, 0, 0, 0, 0, 0, 0, 0, 0, 0, 0, 0]",1,128,256.0,1028.0,767520139,767528305,767528465,767531537,0,76224,76224,-1,1,8166,3072,4,64,64,2
12,3,"[2, 256, 0, 0, 0, 0, 0, 0, 0, 0, 0, 0, 0, 0, 0, 2, 256, 0, 0, 0, 0, 0, 0, 0, 0, 0, 0, 0, 0, 0]",1,128,256.0,1536.0,767599923,767607003,767607761,767609969,0,73696,73696,-1,1,7080,2208,4,64,64,2
12,3,"[2, 256, 0, 0, 0, 0, 0, 0, 0, 0, 0, 0, 0, 0, 0, 2, 256, 0, 0, 0, 0, 0, 0, 0, 0, 0, 0, 0, 0, 0]",1,128,256.0,1536.0,767676134,767683314,767683665,767685745,0,75776,75776,-1,1,7180,2080,4,64,64,2
16,3,"[2, 256, 0, 0, 0, 0, 0, 0, 0, 0, 0, 0, 0, 0, 0, 4, 0, 0, 0, 0, 0, 0, 0, 0, 0, 0, 0, 0, 0, 0]",1,128,256.0,1028.0,767753791,767761350,767761521,767763569,0,77696,77696,-1,1,7559,2048,4,64,64,2
12,3,"[2, 256, 0, 0, 0, 0, 0, 0, 0, 0, 0, 0, 0, 0, 0, 2, 256, 0, 0, 0, 0, 0, 0, 0, 0, 0, 0, 0, 0, 0]",1,128,256.0,1536.0,767833119,767840575,767841265,767843441,0,76928,76928,-1,1,7456,2176,4,64,64,2
12,3,"[2, 256, 0, 0, 0, 0, 0, 0, 0, 0, 0, 0, 0, 0, 0, 2, 256, 0, 0, 0, 0, 0, 0, 0, 0, 0, 0, 0, 0, 0]",1,128,256.0,1536.0,767912247,767919674,767920369,767922897,0,76032,76032,-1,1,7427,2528,4,64,64,2
16,3,"[2, 256, 256, 3, 3, 0, 0, 0, 0, 0, 0, 0, 0, 0, 0, 4, 0, 0, 0, 0, 0, 0, 0, 0, 0, 0, 0, 0, 0, 0]",1152,128,589824.0,2359300.0,767990368,767998231,767998929,768005233,0,83968,83968,-1,1,7863,6304,4,64,64,2
12,3,"[2, 256, 256, 3, 3, 0, 0, 0, 0, 0, 0, 0, 0, 0, 0, 2, 256, 256, 3, 3, 0, 0, 0, 0, 0, 0, 0, 0, 0, 0]",1152,128,589824.0,3538944.0,768080286,768088211,768089201,768094705,0,72320,72320,-1,1,7925,5504,4,64,64,2
12,3,"[2, 256, 256, 3, 3, 0, 0, 0, 0, 0, 0, 0, 0, 0, 0, 2, 256, 256, 3, 3, 0, 0, 0, 0, 0, 0, 0, 0, 0, 0]",1152,128,589824.0,3538944.0,768159140,768166933,768167025,768173169,0,73696,73696,-1,1,7793,6144,4,64,64,2
16,3,"[2, 256, 0, 0, 0, 0, 0, 0, 0, 0, 0, 0, 0, 0, 0, 4, 0, 0, 0, 0, 0, 0, 0, 0, 0, 0, 0, 0, 0, 0]",1,128,256.0,1028.0,768238606,768246529,768246865,768248945,0,79840,79840,-1,1,7923,2080,4,64,64,2
12,3,"[2, 256, 0, 0, 0, 0, 0, 0, 0, 0, 0, 0, 0, 0, 0, 2, 256, 0, 0, 0, 0, 0, 0, 0, 0, 0, 0, 0, 0, 0]",1,128,256.0,1536.0,768319413,768328511,768328785,768330865,0,87232,87232,-1,1,9098,2080,4,64,64,2
12,3,"[2, 256, 0, 0, 0, 0, 0, 0, 0, 0, 0, 0, 0, 0, 0, 2, 256, 0, 0, 0, 0, 0, 0, 0, 0, 0, 0, 0, 0, 0]",1,128,256.0,1536.0,768408875,768417499,768418097,768420881,0,79968,79968,-1,1,8624,2784,4,64,64,2
16,3,"[2, 256, 0, 0, 0, 0, 0, 0, 0, 0, 0, 0, 0, 0, 0, 4, 0, 0, 0, 0, 0, 0, 0, 0, 0, 0, 0, 0, 0, 0]",1,128,256.0,1028.0,768491888,768500685,768500849,768502897,0,216096,216096,-1,1,8797,2048,4,64,64,2
12,3,"[2, 256, 0, 0, 0, 0, 0, 0, 0, 0, 0, 0, 0, 0, 0, 2, 256, 0, 0, 0, 0, 0, 0, 0, 0, 0, 0, 0, 0, 0]",1,128,256.0,1536.0,768708112,768718530,768718993,768721873,0,92193,92193,-1,1,10418,2880,4,64,64,2
12,3,"[2, 256, 0, 0, 0, 0, 0, 0, 0, 0, 0, 0, 0, 0, 0, 2, 256, 0, 0, 0, 0, 0, 0, 0, 0, 0, 0, 0, 0, 0]",1,128,256.0,1536.0,768804314,768813360,768814066,768816241,0,90209,90209,-1,1,9046,2175,4,64,64,2
16,3,"[2, 256, 128, 1, 1, 0, 0, 0, 0, 0, 0, 0, 0, 0, 0, 4, 0, 0, 0, 0, 0, 0, 0, 0, 0, 0, 0, 0, 0, 0]",64,128,32768.0,131076.0,768897544,768906406,768906450,768910002,0,79872,79872,-1,1,8862,3552,4,64,64,2
12,3,"[2, 256, 128, 1, 1, 0, 0, 0, 0, 0, 0, 0, 0, 0, 0, 2, 256, 128, 1, 1, 0, 0, 0, 0, 0, 0, 0, 0, 0, 0]",64,128,32768.0,196608.0,768981511,768989187,768989874,768992370,0,77824,77824,-1,1,7676,2496,4,64,64,2
12,3,"[2, 256, 128, 1, 1, 0, 0, 0, 0, 0, 0, 0, 0, 0, 0, 2, 256, 128, 1, 1, 0, 0, 0, 0, 0, 0, 0, 0, 0, 0]",64,128,32768.0,196608.0,769062064,769069739,769070194,769073681,0,82689,82689,-1,1,7675,3487,4,64,64,2
16,3,"[2, 256, 0, 0, 0, 0, 0, 0, 0, 0, 0, 0, 0, 0, 0, 4, 0, 0, 0, 0, 0, 0, 0, 0, 0, 0, 0, 0, 0, 0]",1,128,256.0,1028.0,769147916,769156305,769156370,769159697,0,77633,77633,-1,1,8389,3327,4,64,64,2
12,3,"[2, 256, 0, 0, 0, 0, 0, 0, 0, 0, 0, 0, 0, 0, 0, 2, 256, 0, 0, 0, 0, 0, 0, 0, 0, 0, 0, 0, 0, 0]",1,128,256.0,1536.0,769228881,769236596,769237330,769239890,0,73984,73984,-1,1,7715,2560,4,64,64,2
12,3,"[2, 256, 0, 0, 0, 0, 0, 0, 0, 0, 0, 0, 0, 0, 0, 2, 256, 0, 0, 0, 0, 0, 0, 0, 0, 0, 0, 0, 0, 0]",1,128,256.0,1536.0,769306413,769313659,769313874,769315954,0,77408,77408,-1,1,7246,2080,4,64,64,2
16,3,"[2, 256, 0, 0, 0, 0, 0, 0, 0, 0, 0, 0, 0, 0, 0, 4, 0, 0, 0, 0, 0, 0, 0, 0, 0, 0, 0, 0, 0, 0]",1,128,256.0,1028.0,769383319,769393153,769393362,769395826,0,94176,94176,-1,1,9834,2464,4,64,64,2
12,3,"[2, 256, 0, 0, 0, 0, 0, 0, 0, 0, 0, 0, 0, 0, 0, 2, 256, 0, 0, 0, 0, 0, 0, 0, 0, 0, 0, 0, 0, 0]",1,128,256.0,1536.0,769478924,769490821,769490002,769492082,0,85184,85184,-1,1,11897,2080,4,64,64,2
12,3,"[2, 256, 0, 0, 0, 0, 0, 0, 0, 0, 0, 0, 0, 0, 0, 2, 256, 0, 0, 0, 0, 0, 0, 0, 0, 0, 0, 0, 0, 0]",1,128,256.0,1536.0,769568421,769576537,769577266,769579794,0,80192,80192,-1,1,8116,2528,4,64,64,2
16,3,"[2, 256, 256, 3, 3, 0, 0, 0, 0, 0, 0, 0, 0, 0, 0, 4, 0, 0, 0, 0, 0, 0, 0, 0, 0, 0, 0, 0, 0, 0]",1152,128,589824.0,2359300.0,769651483,769659558,769659986,769666162,0,81600,81600,-1,1,8075,6176,4,64,64,2
12,3,"[2, 256, 256, 3, 3, 0, 0, 0, 0, 0, 0, 0, 0, 0, 0, 2, 256, 256, 3, 3, 0, 0, 0, 0, 0, 0, 0, 0, 0, 0]",1152,128,589824.0,3538944.0,769739569,769747372,769747762,769752178,0,75744,75744,-1,1,7803,4416,4,64,64,2
12,3,"[2, 256, 256, 3, 3, 0, 0, 0, 0, 0, 0, 0, 0, 0, 0, 2, 256, 256, 3, 3, 0, 0, 0, 0, 0, 0, 0, 0, 0, 0]",1152,128,589824.0,3538944.0,769820327,769827614,769827922,769834098,0,73440,73440,-1,1,7287,6176,4,64,64,2
16,3,"[2, 256, 0, 0, 0, 0, 0, 0, 0, 0, 0, 0, 0, 0, 0, 4, 0, 0, 0, 0, 0, 0, 0, 0, 0, 0, 0, 0, 0, 0]",1,128,256.0,1028.0,769899379,769906914,769907538,769909874,0,76032,76032,-1,1,7535,2336,4,64,64,2
12,3,"[2, 256, 0, 0, 0, 0, 0, 0, 0, 0, 0, 0, 0, 0, 0, 2, 256, 0, 0, 0, 0, 0, 0, 0, 0, 0, 0, 0, 0, 0]",1,128,256.0,1536.0,769978216,769985175,769985906,769988978,0,74464,74464,-1,1,6959,3072,4,64,64,2
12,3,"[2, 256, 0, 0, 0, 0, 0, 0, 0, 0, 0, 0, 0, 0, 0, 2, 256, 0, 0, 0, 0, 0, 0, 0, 0, 0, 0, 0, 0, 0]",1,128,256.0,1536.0,770055514,770062798,770063442,770066610,0,74656,74656,-1,1,7284,3168,4,64,64,2
16,3,"[2, 256, 0, 0, 0, 0, 0, 0, 0, 0, 0, 0, 0, 0, 0, 4, 0, 0, 0, 0, 0, 0, 0, 0, 0, 0, 0, 0, 0, 0]",1,128,256.0,1028.0,770133072,770141102,770141266,770143346,0,88032,88032,-1,1,8030,2080,4,64,64,2
12,3,"[2, 256, 0, 0, 0, 0, 0, 0, 0, 0, 0, 0, 0, 0, 0, 2, 256, 0, 0, 0, 0, 0, 0, 0, 0, 0, 0, 0, 0, 0]",1,128,256.0,1536.0,770221864,770230329,770231378,770234706,0,76832,76832,-1,1,8465,3328,4,64,64,2
12,3,"[2, 256, 0, 0, 0, 0, 0, 0, 0, 0, 0, 0, 0, 0, 0, 2, 256, 0, 0, 0, 0, 0, 0, 0, 0, 0, 0, 0, 0, 0]",1,128,256.0,1536.0,770304052,770311466,770311538,770314610,0,76800,76800,-1,1,7414,3072,4,64,64,2
16,3,"[2, 256, 256, 3, 3, 0, 0, 0, 0, 0, 0, 0, 0, 0, 0, 4, 0, 0, 0, 0, 0, 0, 0, 0, 0, 0, 0, 0, 0, 0]",1152,128,589824.0,2359300.0,770383127,770391357,770391410,770398898,0,73472,73472,-1,1,8230,7488,4,64,64,2
12,3,"[2, 256, 256, 3, 3, 0, 0, 0, 0, 0, 0, 0, 0, 0, 0, 2, 256, 256, 3, 3, 0, 0, 0, 0, 0, 0, 0, 0, 0, 0]",1152,128,589824.0,3538944.0,770464098,770471303,770472370,770477170,0,75744,75744,-1,1,7205,4800,4,64,64,2
12,3,"[2, 256, 256, 3, 3, 0, 0, 0, 0, 0, 0, 0, 0, 0, 0, 2, 256, 256, 3, 3, 0, 0, 0, 0, 0, 0, 0, 0, 0, 0]",1152,128,589824.0,3538944.0,770543494,770552874,770552914,770559090,0,83968,83968,-1,1,9380,6176,4,64,64,2
16,3,"[2, 256, 0, 0, 0, 0, 0, 0, 0, 0, 0, 0, 0, 0, 0, 4, 0, 0, 0, 0, 0, 0, 0, 0, 0, 0, 0, 0, 0, 0]",1,128,256.0,1028.0,770633981,770642669,770643058,770645106,0,85856,85856,-1,1,8688,2048,4,64,64,2
12,3,"[2, 256, 0, 0, 0, 0, 0, 0, 0, 0, 0, 0, 0, 0, 0, 2, 256, 0, 0, 0, 0, 0, 0, 0, 0, 0, 0, 0, 0, 0]",1,128,256.0,1536.0,770722511,770730300,770730962,770733170,0,77824,77824,-1,1,7789,2208,4,64,64,2
12,3,"[2, 256, 0, 0, 0, 0, 0, 0, 0, 0, 0, 0, 0, 0, 0, 2, 256, 0, 0, 0, 0, 0, 0, 0, 0, 0, 0, 0, 0, 0]",1,128,256.0,1536.0,770802697,770809981,770810994,770813042,0,77728,77728,-1,1,7284,2048,4,64,64,2
16,3,"[2, 256, 0, 0, 0, 0, 0, 0, 0, 0, 0, 0, 0, 0, 0, 4, 0, 0, 0, 0, 0, 0, 0, 0, 0, 0, 0, 0, 0, 0]",1,128,256.0,1028.0,770882046,770890002,770890770,770892914,0,75744,75744,-1,1,7956,2144,4,64,64,2
12,3,"[2, 256, 0, 0, 0, 0, 0, 0, 0, 0, 0, 0, 0, 0, 0, 2, 256, 0, 0, 0, 0, 0, 0, 0, 0, 0, 0, 0, 0, 0]",1,128,256.0,1536.0,770960820,770968108,770968658,770970738,0,76800,76800,-1,1,7288,2080,4,64,64,2
12,3,"[2, 256, 0, 0, 0, 0, 0, 0, 0, 0, 0, 0, 0, 0, 0, 2, 256, 0, 0, 0, 0, 0, 0, 0, 0, 0, 0, 0, 0, 0]",1,128,256.0,1536.0,771039637,771046864,771047538,771050066,0,77440,77440,-1,1,7227,2528,4,64,64,2
16,3,"[2, 256, 256, 3, 3, 0, 0, 0, 0, 0, 0, 0, 0, 0, 0, 4, 0, 0, 0, 0, 0, 0, 0, 0, 0, 0, 0, 0, 0, 0]",1152,128,589824.0,2359300.0,771117896,771126539,771127506,771133874,0,70656,70656,-1,1,8643,6368,4,64,64,2
12,3,"[2, 256, 256, 3, 3, 0, 0, 0, 0, 0, 0, 0, 0, 0, 0, 2, 256, 256, 3, 3, 0, 0, 0, 0, 0, 0, 0, 0, 0, 0]",1152,128,589824.0,3538944.0,771196814,771204372,771204530,771210354,0,79840,79840,-1,1,7558,5824,4,64,64,2
12,3,"[2, 256, 256, 3, 3, 0, 0, 0, 0, 0, 0, 0, 0, 0, 0, 2, 256, 256, 3, 3, 0, 0, 0, 0, 0, 0, 0, 0, 0, 0]",1152,128,589824.0,3538944.0,771281899,771290367,771290194,771296370,0,72736,72736,-1,1,8468,6176,4,64,64,2
16,3,"[2, 256, 0, 0, 0, 0, 0, 0, 0, 0, 0, 0, 0, 0, 0, 4, 0, 0, 0, 0, 0, 0, 0, 0, 0, 0, 0, 0, 0, 0]",1,128,256.0,1028.0,771361118,771368375,771369106,771371666,0,74208,74208,-1,1,7257,2560,4,64,64,2
12,3,"[2, 256, 0, 0, 0, 0, 0, 0, 0, 0, 0, 0, 0, 0, 0, 2, 256, 0, 0, 0, 0, 0, 0, 0, 0, 0, 0, 0, 0, 0]",1,128,256.0,1536.0,771437959,771445112,771445874,771447922,0,75744,75744,-1,1,7153,2048,4,64,64,2
12,3,"[2, 256, 0, 0, 0, 0, 0, 0, 0, 0, 0, 0, 0, 0, 0, 2, 256, 0, 0, 0, 0, 0, 0, 0, 0, 0, 0, 0, 0, 0]",1,128,256.0,1536.0,771515794,771523322,771523666,771525746,0,75424,75424,-1,1,7528,2080,4,64,64,2
16,3,"[2, 256, 0, 0, 0, 0, 0, 0, 0, 0, 0, 0, 0, 0, 0, 4, 0, 0, 0, 0, 0, 0, 0, 0, 0, 0, 0, 0, 0, 0]",1,128,256.0,1028.0,771593124,771600518,771601170,771603570,0,93920,93920,-1,1,7394,2400,4,64,64,2
12,3,"[2, 256, 0, 0, 0, 0, 0, 0, 0, 0, 0, 0, 0, 0, 0, 2, 256, 0, 0, 0, 0, 0, 0, 0, 0, 0, 0, 0, 0, 0]",1,128,256.0,1536.0,771686953,771697571,771697490,771699826,0,96193,96193,-1,1,10618,2336,4,64,64,2
12,3,"[2, 256, 0, 0, 0, 0, 0, 0, 0, 0, 0, 0, 0, 0, 0, 2, 256, 0, 0, 0, 0, 0, 0, 0, 0, 0, 0, 0, 0, 0]",1,128,256.0,1536.0,771786274,771795290,771796019,771798130,0,83425,83425,-1,1,9016,2111,4,64,64,2
16,3,"[2, 256, 256, 3, 3, 0, 0, 0, 0, 0, 0, 0, 0, 0, 0, 4, 0, 0, 0, 0, 0, 0, 0, 0, 0, 0, 0, 0, 0, 0]",1152,128,589824.0,2359300.0,771872781,771880841,771881555,771888242,0,72001,72001,-1,1,8060,6687,4,64,64,2
12,3,"[2, 256, 256, 3, 3, 0, 0, 0, 0, 0, 0, 0, 0, 0, 0, 2, 256, 256, 3, 3, 0, 0, 0, 0, 0, 0, 0, 0, 0, 0]",1152,128,589824.0,3538944.0,771952461,771959646,771960243,771966066,0,71681,71681,-1,1,7185,5823,4,64,64,2
12,3,"[2, 256, 256, 3, 3, 0, 0, 0, 0, 0, 0, 0, 0, 0, 0, 2, 256, 256, 3, 3, 0, 0, 0, 0, 0, 0, 0, 0, 0, 0]",1152,128,589824.0,3538944.0,772030099,772037160,772037747,772043859,0,73759,73759,-1,1,7061,6112,4,64,64,2
16,3,"[2, 256, 0, 0, 0, 0, 0, 0, 0, 0, 0, 0, 0, 0, 0, 4, 0, 0, 0, 0, 0, 0, 0, 0, 0, 0, 0, 0, 0, 0]",1,128,256.0,1028.0,772109343,772117164,772117618,772119666,0,215009,215009,-1,1,7821,2048,4,64,64,2
12,3,"[2, 256, 0, 0, 0, 0, 0, 0, 0, 0, 0, 0, 0, 0, 0, 2, 256, 0, 0, 0, 0, 0, 0, 0, 0, 0, 0, 0, 0, 0]",1,128,256.0,1536.0,772324098,772344289,772334675,772337810,0,93057,93057,-1,1,20191,3135,4,64,64,2
12,3,"[2, 256, 0, 0, 0, 0, 0, 0, 0, 0, 0, 0, 0, 0, 0, 2, 256, 0, 0, 0, 0, 0, 0, 0, 0, 0, 0, 0, 0, 0]",1,128,256.0,1536.0,772421963,772430301,772430867,772433011,0,79456,79456,-1,1,8338,2144,4,64,64,2
16,3,"[2, 256, 0, 0, 0, 0, 0, 0, 0, 0, 0, 0, 0, 0, 0, 4, 0, 0, 0, 0, 0, 0, 0, 0, 0, 0, 0, 0, 0, 0]",1,128,256.0,1028.0,772503980,772511812,772512467,772514931,0,75744,75744,-1,1,7832,2464,4,64,64,2
12,3,"[2, 256, 0, 0, 0, 0, 0, 0, 0, 0, 0, 0, 0, 0, 0, 2, 256, 0, 0, 0, 0, 0, 0, 0, 0, 0, 0, 0, 0, 0]",1,128,256.0,1536.0,772582703,772590271,772590675,772592755,0,75744,75744,-1,1,7568,2080,4,64,64,2
12,3,"[2, 256, 0, 0, 0, 0, 0, 0, 0, 0, 0, 0, 0, 0, 0, 2, 256, 0, 0, 0, 0, 0, 0, 0, 0, 0, 0, 0, 0, 0]",1,128,256.0,1536.0,772660975,772668331,772668499,772670579,0,77728,77728,-1,1,7356,2080,4,64,64,2
16,3,"[2, 256, 256, 3, 3, 0, 0, 0, 0, 0, 0, 0, 0, 0, 0, 4, 0, 0, 0, 0, 0, 0, 0, 0, 0, 0, 0, 0, 0, 0]",1152,128,589824.0,2359300.0,772740268,772747641,772748307,772754547,0,90112,90112,-1,1,7373,6240,4,64,64,2
12,3,"[2, 256, 256, 3, 3, 0, 0, 0, 0, 0, 0, 0, 0, 0, 0, 2, 256, 256, 3, 3, 0, 0, 0, 0, 0, 0, 0, 0, 0, 0]",1152,128,589824.0,3538944.0,772835017,772844503,772844659,772850643,0,92320,92320,-1,1,9486,5984,4,64,64,2
12,3,"[2, 256, 256, 3, 3, 0, 0, 0, 0, 0, 0, 0, 0, 0, 0, 2, 256, 256, 3, 3, 0, 0, 0, 0, 0, 0, 0, 0, 0, 0]",1152,128,589824.0,3538944.0,772934481,772942985,772942963,772949107,0,75776,75776,-1,1,8504,6144,4,64,64,2
16,3,"[2, 256, 0, 0, 0, 0, 0, 0, 0, 0, 0, 0, 0, 0, 0, 4, 0, 0, 0, 0, 0, 0, 0, 0, 0, 0, 0, 0, 0, 0]",1,128,256.0,1028.0,773016263,773024258,773024883,773026931,0,75776,75776,-1,1,7995,2048,4,64,64,2
12,3,"[2, 256, 0, 0, 0, 0, 0, 0, 0, 0, 0, 0, 0, 0, 0, 2, 256, 0, 0, 0, 0, 0, 0, 0, 0, 0, 0, 0, 0, 0]",1,128,256.0,1536.0,773094985,773102402,773102707,773104755,0,75680,75680,-1,1,7417,2048,4,64,64,2
12,3,"[2, 256, 0, 0, 0, 0, 0, 0, 0, 0, 0, 0, 0, 0, 0, 2, 256, 0, 0, 0, 0, 0, 0, 0, 0, 0, 0, 0, 0, 0]",1,128,256.0,1536.0,773172208,773179820,773180435,773182579,0,77920,77920,-1,1,7612,2144,4,64,64,2
16,3,"[2, 256, 0, 0, 0, 0, 0, 0, 0, 0, 0, 0, 0, 0, 0, 4, 0, 0, 0, 0, 0, 0, 0, 0, 0, 0, 0, 0, 0, 0]",1,128,256.0,1028.0,773252515,773260038,773260499,773263539,0,73888,73888,-1,1,7523,3040,4,64,64,2
12,3,"[2, 256, 0, 0, 0, 0, 0, 0, 0, 0, 0, 0, 0, 0, 0, 2, 256, 0, 0, 0, 0, 0, 0, 0, 0, 0, 0, 0, 0, 0]",1,128,256.0,1536.0,773329547,773336674,773337427,773339955,0,82112,82112,-1,1,7127,2528,4,64,64,2
12,3,"[2, 256, 0, 0, 0, 0, 0, 0, 0, 0, 0, 0, 0, 0, 0, 2, 256, 0, 0, 0, 0, 0, 0, 0, 0, 0, 0, 0, 0, 0]",1,128,256.0,1536.0,773413874,773421316,773422067,773424243,0,78944,78944,-1,1,7442,2176,4,64,64,2
16,3,"[2, 256, 256, 3, 3, 0, 0, 0, 0, 0, 0, 0, 0, 0, 0, 4, 0, 0, 0, 0, 0, 0, 0, 0, 0, 0, 0, 0, 0, 0]",1152,128,589824.0,2359300.0,773494214,773502361,773503187,773509587,0,72672,72672,-1,1,8147,6400,4,64,64,2
12,3,"[2, 256, 256, 3, 3, 0, 0, 0, 0, 0, 0, 0, 0, 0, 0, 2, 256, 256, 3, 3, 0, 0, 0, 0, 0, 0, 0, 0, 0, 0]",1152,128,589824.0,3538944.0,773574667,773581779,773582259,773588083,0,70976,70976,-1,1,7112,5824,4,64,64,2
12,3,"[2, 256, 256, 3, 3, 0, 0, 0, 0, 0, 0, 0, 0, 0, 0, 2, 256, 256, 3, 3, 0, 0, 0, 0, 0, 0, 0, 0, 0, 0]",1152,128,589824.0,3538944.0,773651339,773658201,773659059,773664915,0,70080,70080,-1,1,6862,5856,4,64,64,2
16,3,"[2, 256, 0, 0, 0, 0, 0, 0, 0, 0, 0, 0, 0, 0, 0, 4, 0, 0, 0, 0, 0, 0, 0, 0, 0, 0, 0, 0, 0, 0]",1,128,256.0,1028.0,773726561,773734030,773734995,773737491,0,73792,73792,-1,1,7469,2496,4,64,64,2
12,3,"[2, 256, 0, 0, 0, 0, 0, 0, 0, 0, 0, 0, 0, 0, 0, 2, 256, 0, 0, 0, 0, 0, 0, 0, 0, 0, 0, 0, 0, 0]",1,128,256.0,1536.0,773803752,773810928,773811283,773813363,0,94176,94176,-1,1,7176,2080,4,64,64,2
12,3,"[2, 256, 0, 0, 0, 0, 0, 0, 0, 0, 0, 0, 0, 0, 0, 2, 256, 0, 0, 0, 0, 0, 0, 0, 0, 0, 0, 0, 0, 0]",1,128,256.0,1536.0,773898117,773907517,773907539,773909619,0,104416,104416,-1,1,9400,2080,4,64,64,2
16,3,"[2, 256, 0, 0, 0, 0, 0, 0, 0, 0, 0, 0, 0, 0, 0, 4, 0, 0, 0, 0, 0, 0, 0, 0, 0, 0, 0, 0, 0, 0]",1,128,256.0,1028.0,774003813,774014179,774014035,774016115,0,81824,81824,-1,1,10366,2080,4,64,64,2
12,3,"[2, 256, 0, 0, 0, 0, 0, 0, 0, 0, 0, 0, 0, 0, 0, 2, 256, 0, 0, 0, 0, 0, 0, 0, 0, 0, 0, 0, 0, 0]",1,128,256.0,1536.0,774089635,774097412,774097939,774100083,0,77792,77792,-1,1,7777,2144,4,64,64,2
12,3,"[2, 256, 0, 0, 0, 0, 0, 0, 0, 0, 0, 0, 0, 0, 0, 2, 256, 0, 0, 0, 0, 0, 0, 0, 0, 0, 0, 0, 0, 0]",1,128,256.0,1536.0,774170099,774177499,774177875,774179955,0,81568,81568,-1,1,7400,2080,4,64,64,2
16,3,"[2, 256, 256, 3, 3, 0, 0, 0, 0, 0, 0, 0, 0, 0, 0, 4, 0, 0, 0, 0, 0, 0, 0, 0, 0, 0, 0, 0, 0, 0]",1152,128,589824.0,2359300.0,774252602,774261009,774261523,774267731,0,75456,75456,-1,1,8407,6208,4,64,64,2
12,3,"[2, 256, 256, 3, 3, 0, 0, 0, 0, 0, 0, 0, 0, 0, 0, 2, 256, 256, 3, 3, 0, 0, 0, 0, 0, 0, 0, 0, 0, 0]",1152,128,589824.0,3538944.0,774335049,774342316,774343187,774347891,0,73280,73280,-1,1,7267,4704,4,64,64,2
12,3,"[2, 256, 256, 3, 3, 0, 0, 0, 0, 0, 0, 0, 0, 0, 0, 2, 256, 256, 3, 3, 0, 0, 0, 0, 0, 0, 0, 0, 0, 0]",1152,128,589824.0,3538944.0,774413478,774420589,774421171,774427155,0,80800,80800,-1,1,7111,5984,4,64,64,2
16,3,"[2, 256, 0, 0, 0, 0, 0, 0, 0, 0, 0, 0, 0, 0, 0, 4, 0, 0, 0, 0, 0, 0, 0, 0, 0, 0, 0, 0, 0, 0]",1,128,256.0,1028.0,774499943,774507900,774507955,774511283,0,76192,76192,-1,1,7957,3328,4,64,64,2
12,3,"[2, 256, 0, 0, 0, 0, 0, 0, 0, 0, 0, 0, 0, 0, 0, 2, 256, 0, 0, 0, 0, 0, 0, 0, 0, 0, 0, 0, 0, 0]",1,128,256.0,1536.0,774580353,774587250,774587475,774590675,0,74624,74624,-1,1,6897,3200,4,64,64,2
12,3,"[2, 256, 0, 0, 0, 0, 0, 0, 0, 0, 0, 0, 0, 0, 0, 2, 256, 0, 0, 0, 0, 0, 0, 0, 0, 0, 0, 0, 0, 0]",1,128,256.0,1536.0,774656903,774664187,774665299,774667379,0,75744,75744,-1,1,7284,2080,4,64,64,2
16,3,"[2, 256, 0, 0, 0, 0, 0, 0, 0, 0, 0, 0, 0, 0, 0, 4, 0, 0, 0, 0, 0, 0, 0, 0, 0, 0, 0, 0, 0, 0]",1,128,256.0,1028.0,774733887,774742557,774743123,774745203,0,75776,75776,-1,1,8670,2080,4,64,64,2
12,3,"[2, 256, 0, 0, 0, 0, 0, 0, 0, 0, 0, 0, 0, 0, 0, 2, 256, 0, 0, 0, 0, 0, 0, 0, 0, 0, 0, 0, 0, 0]",1,128,256.0,1536.0,774812855,774820365,774820979,774823027,0,75712,75712,-1,1,7510,2048,4,64,64,2
12,3,"[2, 256, 0, 0, 0, 0, 0, 0, 0, 0, 0, 0, 0, 0, 0, 2, 256, 0, 0, 0, 0, 0, 0, 0, 0, 0, 0, 0, 0, 0]",1,128,256.0,1536.0,774890185,774898079,774898739,774900851,0,77984,77984,-1,1,7894,2112,4,64,64,2
16,3,"[2, 256, 256, 3, 3, 0, 0, 0, 0, 0, 0, 0, 0, 0, 0, 4, 0, 0, 0, 0, 0, 0, 0, 0, 0, 0, 0, 0, 0, 0]",1152,128,589824.0,2359300.0,774969288,774987657,774978835,774984819,0,98464,98464,-1,1,18369,5984,4,64,64,2
12,3,"[2, 256, 256, 3, 3, 0, 0, 0, 0, 0, 0, 0, 0, 0, 0, 2, 256, 256, 3, 3, 0, 0, 0, 0, 0, 0, 0, 0, 0, 0]",1152,128,589824.0,3538944.0,775072580,775083146,775083283,775089203,0,75808,75808,-1,1,10566,5920,4,64,64,2
12,3,"[2, 256, 256, 3, 3, 0, 0, 0, 0, 0, 0, 0, 0, 0, 0, 2, 256, 256, 3, 3, 0, 0, 0, 0, 0, 0, 0, 0, 0, 0]",1152,128,589824.0,3538944.0,775156771,775164577,775165011,775171027,0,75937,75937,-1,1,7806,6016,4,64,64,2
16,3,"[2, 256, 0, 0, 0, 0, 0, 0, 0, 0, 0, 0, 0, 0, 0, 4, 0, 0, 0, 0, 0, 0, 0, 0, 0, 0, 0, 0, 0, 0]",1,128,256.0,1028.0,775238693,775246511,775246964,775250132,0,75968,75968,-1,1,7818,3168,4,64,64,2
12,3,"[2, 256, 0, 0, 0, 0, 0, 0, 0, 0, 0, 0, 0, 0, 0, 2, 256, 0, 0, 0, 0, 0, 0, 0, 0, 0, 0, 0, 0, 0]",1,128,256.0,1536.0,775317062,775324872,775326100,775328659,0,84320,84320,-1,1,7810,2559,4,64,64,2
12,3,"[2, 256, 0, 0, 0, 0, 0, 0, 0, 0, 0, 0, 0, 0, 0, 2, 256, 0, 0, 0, 0, 0, 0, 0, 0, 0, 0, 0, 0, 0]",1,128,256.0,1536.0,775404344,775412755,775412979,775416116,0,78336,78336,-1,1,8411,3137,4,64,64,2
16,3,"[2, 256, 0, 0, 0, 0, 0, 0, 0, 0, 0, 0, 0, 0, 0, 4, 0, 0, 0, 0, 0, 0, 0, 0, 0, 0, 0, 0, 0, 0]",1,128,256.0,1028.0,775486053,775493859,775494452,775496820,0,85344,85344,-1,1,7806,2368,4,64,64,2
12,3,"[2, 256, 0, 0, 0, 0, 0, 0, 0, 0, 0, 0, 0, 0, 0, 2, 256, 0, 0, 0, 0, 0, 0, 0, 0, 0, 0, 0, 0, 0]",1,128,256.0,1536.0,775573614,775581566,775582164,775584692,0,78176,78176,-1,1,7952,2528,4,64,64,2
12,3,"[2, 256, 0, 0, 0, 0, 0, 0, 0, 0, 0, 0, 0, 0, 0, 2, 256, 0, 0, 0, 0, 0, 0, 0, 0, 0, 0, 0, 0, 0]",1,128,256.0,1536.0,775654868,775662127,775662868,775666036,0,213024,213024,-1,1,7259,3168,4,64,64,2
16,3,"[2, 256, 256, 3, 3, 0, 0, 0, 0, 0, 0, 0, 0, 0, 0, 4, 0, 0, 0, 0, 0, 0, 0, 0, 0, 0, 0, 0, 0, 0]",1152,128,589824.0,2359300.0,775867690,775878659,775879060,775885588,0,87488,87488,-1,1,10969,6528,4,64,64,2
12,3,"[2, 256, 256, 3, 3, 0, 0, 0, 0, 0, 0, 0, 0, 0, 0, 2, 256, 256, 3, 3, 0, 0, 0, 0, 0, 0, 0, 0, 0, 0]",1152,128,589824.0,3538944.0,775963687,775972555,775973076,775978100,0,78976,78976,-1,1,8868,5024,4,64,64,2
12,3,"[2, 256, 256, 3, 3, 0, 0, 0, 0, 0, 0, 0, 0, 0, 0, 2, 256, 256, 3, 3, 0, 0, 0, 0, 0, 0, 0, 0, 0, 0]",1152,128,589824.0,3538944.0,776046824,776056530,776057076,776063220,0,100320,100320,-1,1,9706,6144,4,64,64,2
16,3,"[2, 256, 0, 0, 0, 0, 0, 0, 0, 0, 0, 0, 0, 0, 0, 4, 0, 0, 0, 0, 0, 0, 0, 0, 0, 0, 0, 0, 0, 0]",1,128,256.0,1028.0,776152482,776162932,776163540,776166004,0,83488,83488,-1,1,10450,2464,4,64,64,2
12,3,"[2, 256, 0, 0, 0, 0, 0, 0, 0, 0, 0, 0, 0, 0, 0, 2, 256, 0, 0, 0, 0, 0, 0, 0, 0, 0, 0, 0, 0, 0]",1,128,256.0,1536.0,776240877,776248795,776249492,776252020,0,77952,77952,-1,1,7918,2528,4,64,64,2
12,3,"[2, 256, 0, 0, 0, 0, 0, 0, 0, 0, 0, 0, 0, 0, 0, 2, 256, 0, 0, 0, 0, 0, 0, 0, 0, 0, 0, 0, 0, 0]",1,128,256.0,1536.0,776321162,776329316,776329972,776332404,0,75968,75968,-1,1,8154,2432,4,64,64,2
16,3,"[2, 256, 0, 0, 0, 0, 0, 0, 0, 0, 0, 0, 0, 0, 0, 4, 0, 0, 0, 0, 0, 0, 0, 0, 0, 0, 0, 0, 0, 0]",1,128,256.0,1028.0,776400726,776408404,776408372,776411444,0,76736,76736,-1,1,7678,3072,4,64,64,2
12,3,"[2, 256, 0, 0, 0, 0, 0, 0, 0, 0, 0, 0, 0, 0, 0, 2, 256, 0, 0, 0, 0, 0, 0, 0, 0, 0, 0, 0, 0, 0]",1,128,256.0,1536.0,776480493,776488060,776488180,776491252,0,74240,74240,-1,1,7567,3072,4,64,64,2
12,3,"[2, 256, 0, 0, 0, 0, 0, 0, 0, 0, 0, 0, 0, 0, 0, 2, 256, 0, 0, 0, 0, 0, 0, 0, 0, 0, 0, 0, 0, 0]",1,128,256.0,1536.0,776557686,776564808,776565492,776567924,0,75744,75744,-1,1,7122,2432,4,64,64,2
16,3,"[2, 256, 256, 3, 3, 0, 0, 0, 0, 0, 0, 0, 0, 0, 0, 4, 0, 0, 0, 0, 0, 0, 0, 0, 0, 0, 0, 0, 0, 0]",1152,128,589824.0,2359300.0,776636011,776643363,776643668,776649844,0,92192,92192,-1,1,7352,6176,4,64,64,2
12,3,"[2, 256, 256, 3, 3, 0, 0, 0, 0, 0, 0, 0, 0, 0, 0, 2, 256, 256, 3, 3, 0, 0, 0, 0, 0, 0, 0, 0, 0, 0]",1152,128,589824.0,3538944.0,776735183,776741765,776742036,776747988,0,55648,55648,-1,1,6582,5952,4,64,64,2
12,3,"[2, 256, 256, 3, 3, 0, 0, 0, 0, 0, 0, 0, 0, 0, 0, 2, 256, 256, 3, 3, 0, 0, 0, 0, 0, 0, 0, 0, 0, 0]",1152,128,589824.0,3538944.0,776797510,776803171,776803636,776809588,0,63840,63840,-1,1,5661,5952,4,64,64,2
16,3,"[2, 256, 0, 0, 0, 0, 0, 0, 0, 0, 0, 0, 0, 0, 0, 4, 0, 0, 0, 0, 0, 0, 0, 0, 0, 0, 0, 0, 0, 0]",1,128,256.0,1028.0,776865943,776873575,776873428,776876468,0,62112,62112,-1,1,7632,3040,4,64,64,2
12,3,"[2, 256, 0, 0, 0, 0, 0, 0, 0, 0, 0, 0, 0, 0, 0, 2, 256, 0, 0, 0, 0, 0, 0, 0, 0, 0, 0, 0, 0, 0]",1,128,256.0,1536.0,776931831,776937875,776938580,776940660,0,61440,61440,-1,1,6044,2080,4,64,64,2
12,3,"[2, 256, 0, 0, 0, 0, 0, 0, 0, 0, 0, 0, 0, 0, 0, 2, 256, 0, 0, 0, 0, 0, 0, 0, 0, 0, 0, 0, 0, 0]",1,128,256.0,1536.0,776994481,777001160,777002100,777004148,0,84352,84352,-1,1,6679,2048,4,64,64,2
16,3,"[2, 256, 0, 0, 0, 0, 0, 0, 0, 0, 0, 0, 0, 0, 0, 4, 0, 0, 0, 0, 0, 0, 0, 0, 0, 0, 0, 0, 0, 0]",1,128,256.0,1028.0,777080698,777088053,777088500,777091572,0,70240,70240,-1,1,7355,3072,4,64,64,2
12,3,"[2, 256, 0, 0, 0, 0, 0, 0, 0, 0, 0, 0, 0, 0, 0, 2, 256, 0, 0, 0, 0, 0, 0, 0, 0, 0, 0, 0, 0, 0]",1,128,256.0,1536.0,777155112,777161419,777161812,777163892,0,73216,73216,-1,1,6307,2080,4,64,64,2
12,3,"[2, 256, 0, 0, 0, 0, 0, 0, 0, 0, 0, 0, 0, 0, 0, 2, 256, 0, 0, 0, 0, 0, 0, 0, 0, 0, 0, 0, 0, 0]",1,128,256.0,1536.0,777228559,777236309,777237108,777239668,0,67456,67456,-1,1,7750,2560,4,64,64,2
16,3,"[2, 512, 256, 3, 3, 0, 0, 0, 0, 0, 0, 0, 0, 0, 0, 4, 0, 0, 0, 0, 0, 0, 0, 0, 0, 0, 0, 0, 0, 0]",2304,128,1179648.0,4718596.0,777299469,777306218,777307124,777317492,0,51552,51552,-1,1,6749,10368,4,64,64,2
12,3,"[2, 512, 256, 3, 3, 0, 0, 0, 0, 0, 0, 0, 0, 0, 0, 2, 512, 256, 3, 3, 0, 0, 0, 0, 0, 0, 0, 0, 0, 0]",2304,128,1179648.0,7077888.0,777362477,777368430,777369044,777376884,0,54304,54304,-1,1,5953,7840,4,64,64,2
12,3,"[2, 512, 256, 3, 3, 0, 0, 0, 0, 0, 0, 0, 0, 0, 0, 2, 512, 256, 3, 3, 0, 0, 0, 0, 0, 0, 0, 0, 0, 0]",2304,128,1179648.0,7077888.0,777423969,777430251,777431188,777441396,0,52224,52224,-1,1,6282,10208,4,64,64,2
16,3,"[2, 512, 0, 0, 0, 0, 0, 0, 0, 0, 0, 0, 0, 0, 0, 4, 0, 0, 0, 0, 0, 0, 0, 0, 0, 0, 0, 0, 0, 0]",1,128,512.0,2052.0,777486108,777492705,777493620,777495668,0,66912,66912,-1,1,6597,2048,4,64,64,2
12,3,"[2, 512, 0, 0, 0, 0, 0, 0, 0, 0, 0, 0, 0, 0, 0, 2, 512, 0, 0, 0, 0, 0, 0, 0, 0, 0, 0, 0, 0, 0]",1,128,512.0,3072.0,777554944,777561365,777562580,777565076,0,59168,59168,-1,1,6421,2496,4,64,64,2
12,3,"[2, 512, 0, 0, 0, 0, 0, 0, 0, 0, 0, 0, 0, 0, 0, 2, 512, 0, 0, 0, 0, 0, 0, 0, 0, 0, 0, 0, 0, 0]",1,128,512.0,3072.0,777617213,777623080,777624244,777626740,0,57568,57568,-1,1,5867,2496,4,64,64,2
16,3,"[2, 512, 0, 0, 0, 0, 0, 0, 0, 0, 0, 0, 0, 0, 0, 4, 0, 0, 0, 0, 0, 0, 0, 0, 0, 0, 0, 0, 0, 0]",1,128,512.0,2052.0,777677759,777683999,777684308,777687316,0,57856,57856,-1,1,6240,3008,4,64,64,2
12,3,"[2, 512, 0, 0, 0, 0, 0, 0, 0, 0, 0, 0, 0, 0, 0, 2, 512, 0, 0, 0, 0, 0, 0, 0, 0, 0, 0, 0, 0, 0]",1,128,512.0,3072.0,777738447,777744163,777745172,777747572,0,57216,57216,-1,1,5716,2400,4,64,64,2
12,3,"[2, 512, 0, 0, 0, 0, 0, 0, 0, 0, 0, 0, 0, 0, 0, 2, 512, 0, 0, 0, 0, 0, 0, 0, 0, 0, 0, 0, 0, 0]",1,128,512.0,3072.0,777797968,777803866,777804788,777806964,0,59808,59808,-1,1,5898,2176,4,64,64,2
16,3,"[2, 512, 512, 3, 3, 0, 0, 0, 0, 0, 0, 0, 0, 0, 0, 4, 0, 0, 0, 0, 0, 0, 0, 0, 0, 0, 0, 0, 0, 0]",4608,128,2359296.0,9437188.0,777860297,777866359,777866772,777886580,0,43008,43008,-1,1,6062,19808,4,64,64,2
12,3,"[2, 512, 512, 3, 3, 0, 0, 0, 0, 0, 0, 0, 0, 0, 0, 2, 512, 512, 3, 3, 0, 0, 0, 0, 0, 0, 0, 0, 0, 0]",4608,128,2359296.0,14155776.0,777921969,777928851,777929588,777954420,0,43360,43360,-1,1,6882,24832,4,64,64,2
12,3,"[2, 512, 512, 3, 3, 0, 0, 0, 0, 0, 0, 0, 0, 0, 0, 2, 512, 512, 3, 3, 0, 0, 0, 0, 0, 0, 0, 0, 0, 0]",4608,128,2359296.0,14155776.0,777990260,777997161,777997780,778026100,0,36128,36128,-1,1,6901,28320,4,64,64,2
16,3,"[2, 512, 0, 0, 0, 0, 0, 0, 0, 0, 0, 0, 0, 0, 0, 4, 0, 0, 0, 0, 0, 0, 0, 0, 0, 0, 0, 0, 0, 0]",1,128,512.0,2052.0,778053612,778060753,778062228,778064980,0,57600,57600,-1,1,7141,2752,4,64,64,2
12,3,"[2, 512, 0, 0, 0, 0, 0, 0, 0, 0, 0, 0, 0, 0, 0, 2, 512, 0, 0, 0, 0, 0, 0, 0, 0, 0, 0, 0, 0, 0]",1,128,512.0,3072.0,778116032,778122003,778122580,778125908,0,57697,57697,-1,1,5971,3328,4,64,64,2
12,3,"[2, 512, 0, 0, 0, 0, 0, 0, 0, 0, 0, 0, 0, 0, 0, 2, 512, 0, 0, 0, 0, 0, 0, 0, 0, 0, 0, 0, 0, 0]",1,128,512.0,3072.0,778176903,778182655,778183605,778185845,0,59103,59103,-1,1,5752,2240,4,64,64,2
16,3,"[2, 512, 0, 0, 0, 0, 0, 0, 0, 0, 0, 0, 0, 0, 0, 4, 0, 0, 0, 0, 0, 0, 0, 0, 0, 0, 0, 0, 0, 0]",1,128,512.0,2052.0,778237865,778244096,778244948,778247284,0,81184,81184,-1,1,6231,2336,4,64,64,2
12,3,"[2, 512, 0, 0, 0, 0, 0, 0, 0, 0, 0, 0, 0, 0, 0, 2, 512, 0, 0, 0, 0, 0, 0, 0, 0, 0, 0, 0, 0, 0]",1,128,512.0,3072.0,778319739,778328050,778328468,778330997,0,71679,71679,-1,1,8311,2529,4,64,64,2
12,3,"[2, 512, 0, 0, 0, 0, 0, 0, 0, 0, 0, 0, 0, 0, 0, 2, 512, 0, 0, 0, 0, 0, 0, 0, 0, 0, 0, 0, 0, 0]",1,128,512.0,3072.0,778394647,778401837,778402676,778404980,0,63393,63393,-1,1,7190,2304,4,64,64,2
16,3,"[2, 512, 256, 1, 1, 0, 0, 0, 0, 0, 0, 0, 0, 0, 0, 4, 0, 0, 0, 0, 0, 0, 0, 0, 0, 0, 0, 0, 0, 0]",256,128,131072.0,524292.0,778460708,778467588,778468373,778471636,0,59905,59905,-1,1,6880,3263,4,64,64,2
12,3,"[2, 512, 256, 1, 1, 0, 0, 0, 0, 0, 0, 0, 0, 0, 0, 2, 512, 256, 1, 1, 0, 0, 0, 0, 0, 0, 0, 0, 0, 0]",256,128,131072.0,786432.0,778524622,778530977,778531541,778535189,0,58496,58496,-1,1,6355,3648,4,64,64,2
12,3,"[2, 512, 256, 1, 1, 0, 0, 0, 0, 0, 0, 0, 0, 0, 0, 2, 512, 256, 1, 1, 0, 0, 0, 0, 0, 0, 0, 0, 0, 0]",256,128,131072.0,786432.0,778587242,778593245,778593685,778597364,0,59233,59233,-1,1,6003,3679,4,64,64,2
16,3,"[2, 512, 0, 0, 0, 0, 0, 0, 0, 0, 0, 0, 0, 0, 0, 4, 0, 0, 0, 0, 0, 0, 0, 0, 0, 0, 0, 0, 0, 0]",1,128,512.0,2052.0,778648716,778655539,778656597,778658933,0,58816,58816,-1,1,6823,2336,4,64,64,2
12,3,"[2, 512, 0, 0, 0, 0, 0, 0, 0, 0, 0, 0, 0, 0, 0, 2, 512, 0, 0, 0, 0, 0, 0, 0, 0, 0, 0, 0, 0, 0]",1,128,512.0,3072.0,778710795,778716902,778717749,778720213,0,177952,177952,-1,1,6107,2464,4,64,64,2
12,3,"[2, 512, 0, 0, 0, 0, 0, 0, 0, 0, 0, 0, 0, 0, 0, 2, 512, 0, 0, 0, 0, 0, 0, 0, 0, 0, 0, 0, 0, 0]",1,128,512.0,3072.0,778887412,778897754,778898165,778900597,0,88288,88288,-1,1,10342,2432,4,64,64,2
16,3,"[2, 512, 0, 0, 0, 0, 0, 0, 0, 0, 0, 0, 0, 0, 0, 4, 0, 0, 0, 0, 0, 0, 0, 0, 0, 0, 0, 0, 0, 0]",1,128,512.0,2052.0,778969522,778988739,778988885,778991925,0,59552,59552,-1,1,19217,3040,4,64,64,2
12,3,"[2, 512, 0, 0, 0, 0, 0, 0, 0, 0, 0, 0, 0, 0, 0, 2, 512, 0, 0, 0, 0, 0, 0, 0, 0, 0, 0, 0, 0, 0]",1,128,512.0,3072.0,779043961,779049974,779051477,779053973,0,55584,55584,-1,1,6013,2496,4,64,64,2
12,3,"[2, 512, 0, 0, 0, 0, 0, 0, 0, 0, 0, 0, 0, 0, 0, 2, 512, 0, 0, 0, 0, 0, 0, 0, 0, 0, 0, 0, 0, 0]",1,128,512.0,3072.0,779102534,779109030,779109557,779112661,0,58112,58112,-1,1,6496,3104,4,64,64,2
16,3,"[2, 512, 512, 3, 3, 0, 0, 0, 0, 0, 0, 0, 0, 0, 0, 4, 0, 0, 0, 0, 0, 0, 0, 0, 0, 0, 0, 0, 0, 0]",4608,128,2359296.0,9437188.0,779162820,779169914,779170773,779189365,0,42432,42432,-1,1,7094,18592,4,64,64,2
12,3,"[2, 512, 512, 3, 3, 0, 0, 0, 0, 0, 0, 0, 0, 0, 0, 2, 512, 512, 3, 3, 0, 0, 0, 0, 0, 0, 0, 0, 0, 0]",4608,128,2359296.0,14155776.0,779224254,779230143,779231797,779256949,0,40320,40320,-1,1,5889,25152,4,64,64,2
12,3,"[2, 512, 512, 3, 3, 0, 0, 0, 0, 0, 0, 0, 0, 0, 0, 2, 512, 512, 3, 3, 0, 0, 0, 0, 0, 0, 0, 0, 0, 0]",4608,128,2359296.0,14155776.0,779289897,779296097,779297269,779324533,0,37184,37184,-1,1,6200,27264,4,64,64,2
16,3,"[2, 512, 0, 0, 0, 0, 0, 0, 0, 0, 0, 0, 0, 0, 0, 4, 0, 0, 0, 0, 0, 0, 0, 0, 0, 0, 0, 0, 0, 0]",1,128,512.0,2052.0,779352777,779361480,779361717,779365045,0,84224,84224,-1,1,8703,3328,4,64,64,2
12,3,"[2, 512, 0, 0, 0, 0, 0, 0, 0, 0, 0, 0, 0, 0, 0, 2, 512, 0, 0, 0, 0, 0, 0, 0, 0, 0, 0, 0, 0, 0]",1,128,512.0,3072.0,779441566,779448436,779449269,779451509,0,61408,61408,-1,1,6870,2240,4,64,64,2
12,3,"[2, 512, 0, 0, 0, 0, 0, 0, 0, 0, 0, 0, 0, 0, 0, 2, 512, 0, 0, 0, 0, 0, 0, 0, 0, 0, 0, 0, 0, 0]",1,128,512.0,3072.0,779506158,779512295,779512917,779514997,0,61152,61152,-1,1,6137,2080,4,64,64,2
16,3,"[2, 512, 0, 0, 0, 0, 0, 0, 0, 0, 0, 0, 0, 0, 0, 4, 0, 0, 0, 0, 0, 0, 0, 0, 0, 0, 0, 0, 0, 0]",1,128,512.0,2052.0,779568623,779575129,779576149,779578485,0,58400,58400,-1,1,6506,2336,4,64,64,2
12,3,"[2, 512, 0, 0, 0, 0, 0, 0, 0, 0, 0, 0, 0, 0, 0, 2, 512, 0, 0, 0, 0, 0, 0, 0, 0, 0, 0, 0, 0, 0]",1,128,512.0,3072.0,779629421,779635693,779636885,779639349,0,64064,64064,-1,1,6272,2464,4,64,64,2
12,3,"[2, 512, 0, 0, 0, 0, 0, 0, 0, 0, 0, 0, 0, 0, 0, 2, 512, 0, 0, 0, 0, 0, 0, 0, 0, 0, 0, 0, 0, 0]",1,128,512.0,3072.0,779696688,779702964,779703413,779706549,0,60640,60640,-1,1,6276,3136,4,64,64,2
16,3,"[2, 512, 512, 3, 3, 0, 0, 0, 0, 0, 0, 0, 0, 0, 0, 4, 0, 0, 0, 0, 0, 0, 0, 0, 0, 0, 0, 0, 0, 0]",4608,128,2359296.0,9437188.0,779760230,779767331,779767189,779787093,0,41504,41504,-1,1,7101,19904,4,64,64,2
12,3,"[2, 512, 512, 3, 3, 0, 0, 0, 0, 0, 0, 0, 0, 0, 0, 2, 512, 512, 3, 3, 0, 0, 0, 0, 0, 0, 0, 0, 0, 0]",4608,128,2359296.0,14155776.0,779822234,779828014,779828597,779854965,0,34816,34816,-1,1,5780,26368,4,64,64,2
12,3,"[2, 512, 512, 3, 3, 0, 0, 0, 0, 0, 0, 0, 0, 0, 0, 2, 512, 512, 3, 3, 0, 0, 0, 0, 0, 0, 0, 0, 0, 0]",4608,128,2359296.0,14155776.0,779882764,779889122,779889781,779918453,0,33792,33792,-1,1,6358,28672,4,64,64,2
16,3,"[2, 512, 0, 0, 0, 0, 0, 0, 0, 0, 0, 0, 0, 0, 0, 4, 0, 0, 0, 0, 0, 0, 0, 0, 0, 0, 0, 0, 0, 0]",1,128,512.0,2052.0,779944947,779951164,779952245,779954997,0,57632,57632,-1,1,6217,2752,4,64,64,2
12,3,"[2, 512, 0, 0, 0, 0, 0, 0, 0, 0, 0, 0, 0, 0, 0, 2, 512, 0, 0, 0, 0, 0, 0, 0, 0, 0, 0, 0, 0, 0]",1,128,512.0,3072.0,780006398,780012022,780012629,780015861,0,64192,64192,-1,1,5624,3232,4,64,64,2
12,3,"[2, 512, 0, 0, 0, 0, 0, 0, 0, 0, 0, 0, 0, 0, 0, 2, 512, 0, 0, 0, 0, 0, 0, 0, 0, 0, 0, 0, 0, 0]",1,128,512.0,3072.0,780072385,780079127,780080053,780082293,0,61408,61408,-1,1,6742,2240,4,64,64,2
16,3,"[2, 512, 0, 0, 0, 0, 0, 0, 0, 0, 0, 0, 0, 0, 0, 4, 0, 0, 0, 0, 0, 0, 0, 0, 0, 0, 0, 0, 0, 0]",1,128,512.0,2052.0,780136849,780143214,780143701,780145781,0,59168,59168,-1,1,6365,2080,4,64,64,2
12,3,"[2, 512, 0, 0, 0, 0, 0, 0, 0, 0, 0, 0, 0, 0, 0, 2, 512, 0, 0, 0, 0, 0, 0, 0, 0, 0, 0, 0, 0, 0]",1,128,512.0,3072.0,780198244,780204144,780204949,780207221,0,59392,59392,-1,1,5900,2272,4,64,64,2
12,3,"[2, 512, 0, 0, 0, 0, 0, 0, 0, 0, 0, 0, 0, 0, 0, 2, 512, 0, 0, 0, 0, 0, 0, 0, 0, 0, 0, 0, 0, 0]",1,128,512.0,3072.0,780260136,780265965,780266613,780268661,0,60704,60704,-1,1,5829,2048,4,64,64,2
16,3,"[2, 512, 512, 3, 3, 0, 0, 0, 0, 0, 0, 0, 0, 0, 0, 4, 0, 0, 0, 0, 0, 0, 0, 0, 0, 0, 0, 0, 0, 0]",4608,128,2359296.0,9437188.0,780322109,780328331,780329365,780348533,0,43008,43008,-1,1,6222,19168,4,64,64,2
12,3,"[2, 512, 512, 3, 3, 0, 0, 0, 0, 0, 0, 0, 0, 0, 0, 2, 512, 512, 3, 3, 0, 0, 0, 0, 0, 0, 0, 0, 0, 0]",4608,128,2359296.0,14155776.0,780384683,780390606,780391541,780418165,0,52544,52544,-1,1,5923,26624,4,64,64,2
12,3,"[2, 512, 512, 3, 3, 0, 0, 0, 0, 0, 0, 0, 0, 0, 0, 2, 512, 512, 3, 3, 0, 0, 0, 0, 0, 0, 0, 0, 0, 0]",4608,128,2359296.0,14155776.0,780461599,780469485,780470709,780499125,0,51648,51648,-1,1,7886,28416,4,64,64,2
16,3,"[2, 512, 0, 0, 0, 0, 0, 0, 0, 0, 0, 0, 0, 0, 0, 4, 0, 0, 0, 0, 0, 0, 0, 0, 0, 0, 0, 0, 0, 0]",1,128,512.0,2052.0,780542211,780549701,780550773,780553333,0,61152,61152,-1,1,7490,2560,4,64,64,2
12,3,"[2, 512, 0, 0, 0, 0, 0, 0, 0, 0, 0, 0, 0, 0, 0, 2, 512, 0, 0, 0, 0, 0, 0, 0, 0, 0, 0, 0, 0, 0]",1,128,512.0,3072.0,780607708,780613632,780614485,780616821,0,59360,59360,-1,1,5924,2336,4,64,64,2
12,3,"[2, 512, 0, 0, 0, 0, 0, 0, 0, 0, 0, 0, 0, 0, 0, 2, 512, 0, 0, 0, 0, 0, 0, 0, 0, 0, 0, 0, 0, 0]",1,128,512.0,3072.0,780669680,780675811,780676181,780678261,0,60992,60992,-1,1,6131,2080,4,64,64,2
16,3,"[2, 512, 0, 0, 0, 0, 0, 0, 0, 0, 0, 0, 0, 0, 0, 4, 0, 0, 0, 0, 0, 0, 0, 0, 0, 0, 0, 0, 0, 0]",1,128,512.0,2052.0,780732182,780738198,780739253,780741717,0,57344,57344,-1,1,6016,2464,4,64,64,2
12,3,"[2, 512, 0, 0, 0, 0, 0, 0, 0, 0, 0, 0, 0, 0, 0, 2, 512, 0, 0, 0, 0, 0, 0, 0, 0, 0, 0, 0, 0, 0]",1,128,512.0,3072.0,780792417,780798259,780799061,780801141,0,63488,63488,-1,1,5842,2080,4,64,64,2
12,3,"[2, 512, 0, 0, 0, 0, 0, 0, 0, 0, 0, 0, 0, 0, 0, 2, 512, 0, 0, 0, 0, 0, 0, 0, 0, 0, 0, 0, 0, 0]",1,128,512.0,3072.0,780857862,780863984,780864629,780866677,0,69216,69216,-1,1,6122,2048,4,64,64,2
16,3,"[2, 512, 512, 3, 3, 0, 0, 0, 0, 0, 0, 0, 0, 0, 0, 4, 0, 0, 0, 0, 0, 0, 0, 0, 0, 0, 0, 0, 0, 0]",4608,128,2359296.0,9437188.0,780928771,780934986,780935893,780954741,0,44640,44640,-1,1,6215,18848,4,64,64,2
12,3,"[2, 512, 512, 3, 3, 0, 0, 0, 0, 0, 0, 0, 0, 0, 0, 2, 512, 512, 3, 3, 0, 0, 0, 0, 0, 0, 0, 0, 0, 0]",4608,128,2359296.0,14155776.0,780992313,780998284,780999381,781025589,0,35776,35776,-1,1,5971,26208,4,64,64,2
12,3,"[2, 512, 512, 3, 3, 0, 0, 0, 0, 0, 0, 0, 0, 0, 0, 2, 512, 512, 3, 3, 0, 0, 0, 0, 0, 0, 0, 0, 0, 0]",4608,128,2359296.0,14155776.0,781054872,781060811,781061365,781089909,0,34496,34496,-1,1,5939,28544,4,64,64,2
16,3,"[2, 512, 0, 0, 0, 0, 0, 0, 0, 0, 0, 0, 0, 0, 0, 4, 0, 0, 0, 0, 0, 0, 0, 0, 0, 0, 0, 0, 0, 0]",1,128,512.0,2052.0,781117196,781123186,781124405,781126773,0,57568,57568,-1,1,5990,2368,4,64,64,2
12,3,"[2, 512, 0, 0, 0, 0, 0, 0, 0, 0, 0, 0, 0, 0, 0, 2, 512, 0, 0, 0, 0, 0, 0, 0, 0, 0, 0, 0, 0, 0]",1,128,512.0,3072.0,781178190,781184281,781184341,781188085,0,59392,59392,-1,1,6091,3744,4,64,64,2
12,3,"[2, 512, 0, 0, 0, 0, 0, 0, 0, 0, 0, 0, 0, 0, 0, 2, 512, 0, 0, 0, 0, 0, 0, 0, 0, 0, 0, 0, 0, 0]",1,128,512.0,3072.0,781240266,781246213,781247477,781249653,0,59392,59392,-1,1,5947,2176,4,64,64,2
16,3,"[2, 512, 0, 0, 0, 0, 0, 0, 0, 0, 0, 0, 0, 0, 0, 4, 0, 0, 0, 0, 0, 0, 0, 0, 0, 0, 0, 0, 0, 0]",1,128,512.0,2052.0,781301644,781308190,781309045,781311093,0,66784,66784,-1,1,6546,2048,4,64,64,2
12,3,"[2, 512, 0, 0, 0, 0, 0, 0, 0, 0, 0, 0, 0, 0, 0, 2, 512, 0, 0, 0, 0, 0, 0, 0, 0, 0, 0, 0, 0, 0]",1,128,512.0,3072.0,781370672,781376542,781377877,781380373,0,58112,58112,-1,1,5870,2496,4,64,64,2
12,3,"[2, 512, 0, 0, 0, 0, 0, 0, 0, 0, 0, 0, 0, 0, 0, 2, 512, 0, 0, 0, 0, 0, 0, 0, 0, 0, 0, 0, 0, 0]",1,128,512.0,3072.0,781432363,781438136,781438485,781441493,0,60032,60032,-1,1,5773,3008,4,64,64,2
16,3,"[2, 445, 512, 0, 0, 0, 0, 0, 0, 0, 0, 0, 0, 0, 0, 4, 0, 0, 0, 0, 0, 0, 0, 0, 0, 0, 0, 0, 0, 0]",445,128,227840.0,911364.0,781495083,781501425,781501525,781505653,0,184288,184288,-1,1,6342,4128,4,64,64,2
12,3,"[2, 445, 512, 0, 0, 0, 0, 0, 0, 0, 0, 0, 0, 0, 0, 2, 445, 512, 0, 0, 0, 0, 0, 0, 0, 0, 0, 0, 0, 0]",445,128,227840.0,1367040.0,781678970,781689921,781689941,781694070,0,75743,75743,-1,1,10951,4129,4,64,64,2
12,3,"[2, 445, 512, 0, 0, 0, 0, 0, 0, 0, 0, 0, 0, 0, 0, 2, 445, 512, 0, 0, 0, 0, 0, 0, 0, 0, 0, 0, 0, 0]",445,128,227840.0,1367040.0,781760999,781768992,781769813,781773302,0,71775,71775,-1,1,7993,3489,4,64,64,2
16,3,"[2, 445, 0, 0, 0, 0, 0, 0, 0, 0, 0, 0, 0, 0, 0, 4, 0, 0, 0, 0, 0, 0, 0, 0, 0, 0, 0, 0, 0, 0]",1,128,445.0,1784.0,781836208,781844172,781845077,781847606,0,60480,60480,-1,1,7964,2529,4,64,64,2
12,3,"[2, 445, 0, 0, 0, 0, 0, 0, 0, 0, 0, 0, 0, 0, 0, 2, 445, 0, 0, 0, 0, 0, 0, 0, 0, 0, 0, 0, 0, 0]",1,128,445.0,2670.0,781900365,781907042,781908086,781910678,0,59104,59104,-1,1,6677,2592,4,64,64,2
12,3,"[2, 445, 0, 0, 0, 0, 0, 0, 0, 0, 0, 0, 0, 0, 0, 2, 445, 0, 0, 0, 0, 0, 0, 0, 0, 0, 0, 0, 0, 0]",1,128,445.0,2670.0,781962239,781968901,781969782,781972342,0,0,0,-1,1,6662,2560,4,64,64,2
