op,dir,params,grid,block,flops,bytes,rStartTime,rEndTime,kStartTime,kEndTime,staticSharedMemory,space,space1,seq,kernels,rduration,kduration,batch,h,w,input_type
203,1,"[128, 3, 32, 32, 64, 16, 16, 7, 7, 3, 3, 2, 2, 1, 1, 1, 8, 0, 0, 0, 0, 0, 0, 0, 0, 0, 0, 0, 0, 0]",2048,64,0.0,0.0,6247671088,6247688924,6277393367,6278696179,4352,89216,89216,549141,1,17836,1302812,128,32,32,3
205,1,"[4, 0, 0, 0, 0, 0, 0, 0, 0, 0, 0, 0, 0, 0, 0, 4, 0, 0, 0, 0, 0, 0, 0, 0, 0, 0, 0, 0, 0, 0]",64,512,16777216.0,67108864.0,6278772473,6279134308,6278785395,6279310385,272,372959,26656,549142,2,29033,178687,128,32,32,3
152,1,"[8, 128, 64, 16, 16, 0, 0, 0, 0, 0, 0, 0, 0, 0, 0, 0, 0, 0, 0, 0, 0, 0, 0, 0, 0, 0, 0, 0, 0, 0]",4096,128,2097152.0,33554432.0,6279323220,6279338008,6279337041,6279401873,0,155520,155520,549143,1,14788,64832,128,32,32,3
183,1,"[8, 128, 64, 16, 16, 0, 0, 0, 0, 0, 0, 0, 0, 0, 0, 0, 0, 0, 0, 0, 0, 0, 0, 0, 0, 0, 0, 0, 0, 0]",2048,256,0.0,0.0,6279539881,6279558593,6279557393,6279613168,0,209120,209120,549144,1,18712,55775,128,32,32,3
203,1,"[128, 64, 8, 8, 64, 8, 8, 1, 1, 0, 0, 1, 1, 1, 1, 1, 8, 0, 0, 0, 0, 0, 0, 0, 0, 0, 0, 0, 0, 0]",128,256,0.0,0.0,6279808067,6279824331,6279822288,6280113391,12544,48384,48384,549145,1,16264,291103,128,32,32,3
205,1,"[4, 0, 0, 0, 0, 0, 0, 0, 0, 0, 0, 0, 0, 0, 0, 4, 0, 0, 0, 0, 0, 0, 0, 0, 0, 0, 0, 0, 0, 0]",64,512,4194304.0,16777216.0,6280151797,6280443301,6280161775,6280491630,272,412159,133728,549146,2,23318,51424,128,32,32,3
152,1,"[8, 128, 64, 8, 8, 0, 0, 0, 0, 0, 0, 0, 0, 0, 0, 0, 0, 0, 0, 0, 0, 0, 0, 0, 0, 0, 0, 0, 0, 0]",1024,128,524288.0,8388608.0,6280614356,6280625768,6280625358,6280635598,0,245567,245567,549147,1,11412,10240,128,32,32,3
203,1,"[128, 64, 8, 8, 64, 8, 8, 3, 3, 1, 1, 1, 1, 1, 1, 1, 8, 0, 0, 0, 0, 0, 0, 0, 0, 0, 0, 0, 0, 0]",512,64,0.0,0.0,6280869143,6280882426,6280881165,6282138857,4352,55264,55264,549148,1,13283,1257692,128,32,32,3
205,1,"[4, 0, 0, 0, 0, 0, 0, 0, 0, 0, 0, 0, 0, 0, 0, 4, 0, 0, 0, 0, 0, 0, 0, 0, 0, 0, 0, 0, 0, 0]",64,512,4194304.0,16777216.0,6282183650,6282463675,6282194121,6282511592,272,401183,134880,549149,2,22457,51168,128,32,32,3
152,1,"[8, 128, 64, 8, 8, 0, 0, 0, 0, 0, 0, 0, 0, 0, 0, 0, 0, 0, 0, 0, 0, 0, 0, 0, 0, 0, 0, 0, 0, 0]",1024,128,524288.0,8388608.0,6282635001,6282646138,6282646472,6282656616,0,202335,202335,549150,1,11137,10144,128,32,32,3
203,1,"[128, 64, 8, 8, 256, 8, 8, 1, 1, 0, 0, 1, 1, 1, 1, 1, 8, 0, 0, 0, 0, 0, 0, 0, 0, 0, 0, 0, 0, 0]",2048,64,0.0,0.0,6282846943,6282859368,6282858951,6283420902,4352,50848,50848,549151,1,12425,561951,128,32,32,3
205,1,"[4, 0, 0, 0, 0, 0, 0, 0, 0, 0, 0, 0, 0, 0, 0, 4, 0, 0, 0, 0, 0, 0, 0, 0, 0, 0, 0, 0, 0, 0]",256,512,16777216.0,67108864.0,6283462421,6283738738,6283471750,6283920612,272,320959,56576,549152,2,20747,184479,128,32,32,3
203,1,"[128, 64, 8, 8, 256, 8, 8, 1, 1, 0, 0, 1, 1, 1, 1, 1, 8, 0, 0, 0, 0, 0, 0, 0, 0, 0, 0, 0, 0, 0]",2048,64,0.0,0.0,6283964459,6283977311,6283977188,6284540802,4352,47328,47328,549153,1,12852,563614,128,32,32,3
205,1,"[4, 0, 0, 0, 0, 0, 0, 0, 0, 0, 0, 0, 0, 0, 0, 4, 0, 0, 0, 0, 0, 0, 0, 0, 0, 0, 0, 0, 0, 0]",256,512,16777216.0,67108864.0,6284578121,6284873391,6284588130,6285055201,272,283808,1120,549154,2,21796,184383,128,32,32,3
35,1,"[8, 128, 256, 8, 8, 0, 0, 0, 0, 0, 0, 0, 0, 0, 0, 8, 128, 256, 8, 8, 0, 0, 0, 0, 0, 0, 0, 0, 0, 0]",4096,128,2097152.0,50331648.0,6284967015,6284977561,6285056321,6285150689,0,608,608,549155,1,10546,94368,128,32,32,3
152,1,"[8, 128, 256, 8, 8, 0, 0, 0, 0, 0, 0, 0, 0, 0, 0, 0, 0, 0, 0, 0, 0, 0, 0, 0, 0, 0, 0, 0, 0, 0]",4096,128,2097152.0,33554432.0,6285123544,6285132291,6285151297,6285214945,0,165471,165471,549156,1,8747,63648,128,32,32,3
203,1,"[128, 256, 8, 8, 64, 8, 8, 1, 1, 0, 0, 1, 1, 1, 1, 1, 8, 0, 0, 0, 0, 0, 0, 0, 0, 0, 0, 0, 0, 0]",256,256,0.0,0.0,6285368162,6285389519,6285380416,6292423884,20736,69600,62880,549157,2,20019,7036748,128,32,32,3
205,1,"[4, 0, 0, 0, 0, 0, 0, 0, 0, 0, 0, 0, 0, 0, 0, 4, 0, 0, 0, 0, 0, 0, 0, 0, 0, 0, 0, 0, 0, 0]",64,512,4194304.0,16777216.0,6292474432,6292860059,6292486764,6292909227,272,498591,127392,549158,2,24570,51264,128,32,32,3
152,1,"[8, 128, 64, 8, 8, 0, 0, 0, 0, 0, 0, 0, 0, 0, 0, 0, 0, 0, 0, 0, 0, 0, 0, 0, 0, 0, 0, 0, 0, 0]",1024,128,524288.0,8388608.0,6293026363,6293037062,6293036619,6293046474,0,239584,239584,549159,1,10699,9855,128,32,32,3
203,1,"[128, 64, 8, 8, 64, 8, 8, 3, 3, 1, 1, 1, 1, 1, 1, 1, 8, 0, 0, 0, 0, 0, 0, 0, 0, 0, 0, 0, 0, 0]",512,64,0.0,0.0,6293273975,6293286276,6293286058,6294544806,4352,51584,51584,549160,1,12301,1258748,128,32,32,3
205,1,"[4, 0, 0, 0, 0, 0, 0, 0, 0, 0, 0, 0, 0, 0, 0, 4, 0, 0, 0, 0, 0, 0, 0, 0, 0, 0, 0, 0, 0, 0]",64,512,4194304.0,16777216.0,6294585706,6294857290,6294596390,6294906053,272,381407,123104,549161,2,21494,51360,128,32,32,3
152,1,"[8, 128, 64, 8, 8, 0, 0, 0, 0, 0, 0, 0, 0, 0, 0, 0, 0, 0, 0, 0, 0, 0, 0, 0, 0, 0, 0, 0, 0, 0]",1024,128,524288.0,8388608.0,6295018921,6295029169,6295029157,6295039173,0,194559,194559,549162,1,10248,10016,128,32,32,3
203,1,"[128, 64, 8, 8, 256, 8, 8, 1, 1, 0, 0, 1, 1, 1, 1, 1, 8, 0, 0, 0, 0, 0, 0, 0, 0, 0, 0, 0, 0, 0]",2048,64,0.0,0.0,6295222290,6295233829,6295233732,6295796547,4352,58815,58815,549163,1,11539,562815,128,32,32,3
205,1,"[4, 0, 0, 0, 0, 0, 0, 0, 0, 0, 0, 0, 0, 0, 0, 4, 0, 0, 0, 0, 0, 0, 0, 0, 0, 0, 0, 0, 0, 0]",256,512,16777216.0,67108864.0,6295843227,6296113282,6295855362,6296296065,272,256160,512,549164,2,23684,185055,128,32,32,3
35,1,"[8, 128, 256, 8, 8, 0, 0, 0, 0, 0, 0, 0, 0, 0, 0, 8, 128, 256, 8, 8, 0, 0, 0, 0, 0, 0, 0, 0, 0, 0]",4096,128,2097152.0,50331648.0,6296201670,6296218875,6296296577,6296390849,0,1376,1376,549165,1,17205,94272,128,32,32,3
152,1,"[8, 128, 256, 8, 8, 0, 0, 0, 0, 0, 0, 0, 0, 0, 0, 0, 0, 0, 0, 0, 0, 0, 0, 0, 0, 0, 0, 0, 0, 0]",4096,128,2097152.0,33554432.0,6296364274,6296373630,6296392225,6296456385,0,165439,165439,549166,1,9356,64160,128,32,32,3
203,1,"[128, 256, 8, 8, 64, 8, 8, 1, 1, 0, 0, 1, 1, 1, 1, 1, 8, 0, 0, 0, 0, 0, 0, 0, 0, 0, 0, 0, 0, 0]",256,256,0.0,0.0,6296609664,6296629226,6296621824,6303708332,20736,69056,63456,549167,2,18505,7080908,128,32,32,3
205,1,"[4, 0, 0, 0, 0, 0, 0, 0, 0, 0, 0, 0, 0, 0, 0, 4, 0, 0, 0, 0, 0, 0, 0, 0, 0, 0, 0, 0, 0, 0]",64,512,4194304.0,16777216.0,6303760076,6304044854,6303771788,6304093355,272,405503,135136,549168,2,23026,51200,128,32,32,3
152,1,"[8, 128, 64, 8, 8, 0, 0, 0, 0, 0, 0, 0, 0, 0, 0, 0, 0, 0, 0, 0, 0, 0, 0, 0, 0, 0, 0, 0, 0, 0]",1024,128,524288.0,8388608.0,6304217702,6304228402,6304228491,6304238763,0,219327,219327,549169,1,10700,10272,128,32,32,3
203,1,"[128, 64, 8, 8, 64, 8, 8, 3, 3, 1, 1, 1, 1, 1, 1, 1, 8, 0, 0, 0, 0, 0, 0, 0, 0, 0, 0, 0, 0, 0]",512,64,0.0,0.0,6304447392,6304458784,6304458090,6305717223,4352,52639,52639,549170,1,11392,1259133,128,32,32,3
205,1,"[4, 0, 0, 0, 0, 0, 0, 0, 0, 0, 0, 0, 0, 0, 0, 4, 0, 0, 0, 0, 0, 0, 0, 0, 0, 0, 0, 0, 0, 0]",64,512,4194304.0,16777216.0,6305759132,6306035421,6305769862,6306085190,272,396863,133951,549171,2,21740,52416,128,32,32,3
152,1,"[8, 128, 64, 8, 8, 0, 0, 0, 0, 0, 0, 0, 0, 0, 0, 0, 0, 0, 0, 0, 0, 0, 0, 0, 0, 0, 0, 0, 0, 0]",1024,128,524288.0,8388608.0,6306208085,6306219171,6306219141,6306229253,0,208095,208095,549172,1,11086,10112,128,32,32,3
203,1,"[128, 64, 8, 8, 256, 8, 8, 1, 1, 0, 0, 1, 1, 1, 1, 1, 8, 0, 0, 0, 0, 0, 0, 0, 0, 0, 0, 0, 0, 0]",2048,64,0.0,0.0,6306425959,6306437632,6306437348,6306999459,4352,49152,49152,549173,1,11673,562111,128,32,32,3
205,1,"[4, 0, 0, 0, 0, 0, 0, 0, 0, 0, 0, 0, 0, 0, 0, 4, 0, 0, 0, 0, 0, 0, 0, 0, 0, 0, 0, 0, 0, 0]",256,512,16777216.0,67108864.0,6307038843,6307321661,6307048611,6307503265,272,271936,1473,549174,2,21033,184191,128,32,32,3
35,1,"[8, 128, 256, 8, 8, 0, 0, 0, 0, 0, 0, 0, 0, 0, 0, 8, 128, 256, 8, 8, 0, 0, 0, 0, 0, 0, 0, 0, 0, 0]",4096,128,2097152.0,50331648.0,6307417669,6307427672,6307504738,6307598817,0,576,576,549175,1,10003,94079,128,32,32,3
152,1,"[8, 128, 256, 8, 8, 0, 0, 0, 0, 0, 0, 0, 0, 0, 0, 0, 0, 0, 0, 0, 0, 0, 0, 0, 0, 0, 0, 0, 0, 0]",4096,128,2097152.0,33554432.0,6307573381,6307582504,6307599393,6307664097,0,178623,178623,549176,1,9123,64704,128,32,32,3
203,1,"[128, 256, 8, 8, 128, 8, 8, 1, 1, 0, 0, 1, 1, 1, 1, 1, 8, 0, 0, 0, 0, 0, 0, 0, 0, 0, 0, 0, 0, 0]",256,256,0.0,0.0,6307830008,6307849492,6307842720,6315113068,20736,59711,55168,549177,2,18457,7265805,128,32,32,3
205,1,"[4, 0, 0, 0, 0, 0, 0, 0, 0, 0, 0, 0, 0, 0, 0, 4, 0, 0, 0, 0, 0, 0, 0, 0, 0, 0, 0, 0, 0, 0]",128,512,8388608.0,33554432.0,6315156411,6315554353,6315168236,6315648138,272,513855,130272,549178,2,22945,96319,128,32,32,3
152,1,"[8, 128, 128, 8, 8, 0, 0, 0, 0, 0, 0, 0, 0, 0, 0, 0, 0, 0, 0, 0, 0, 0, 0, 0, 0, 0, 0, 0, 0, 0]",2048,128,1048576.0,16777216.0,6315765885,6315778516,6315778410,6315809930,0,162111,162111,549179,1,12631,31520,128,32,32,3
203,1,"[128, 128, 8, 8, 128, 4, 4, 3, 3, 1, 1, 2, 2, 1, 1, 1, 8, 0, 0, 0, 0, 0, 0, 0, 0, 0, 0, 0, 0, 0]",32,256,0.0,0.0,6315959511,6315972738,6315972041,6318470242,12544,53280,53280,549180,1,13227,2498201,128,32,32,3
205,1,"[4, 0, 0, 0, 0, 0, 0, 0, 0, 0, 0, 0, 0, 0, 0, 4, 0, 0, 0, 0, 0, 0, 0, 0, 0, 0, 0, 0, 0, 0]",128,512,2097152.0,8388608.0,6318512825,6318772076,6318523522,6318818081,272,385856,139616,549181,2,21954,48319,128,32,32,3
152,1,"[8, 128, 128, 4, 4, 0, 0, 0, 0, 0, 0, 0, 0, 0, 0, 0, 0, 0, 0, 0, 0, 0, 0, 0, 0, 0, 0, 0, 0, 0]",512,128,262144.0,4194304.0,6318946439,6318958364,6318957697,6318963457,0,220767,220767,549182,1,11925,5760,128,32,32,3
203,1,"[128, 128, 4, 4, 512, 4, 4, 1, 1, 0, 0, 1, 1, 1, 1, 1, 8, 0, 0, 0, 0, 0, 0, 0, 0, 0, 0, 0, 0, 0]",128,256,0.0,0.0,6319172668,6319189553,6319184224,6320503933,20736,66975,61407,549183,2,15887,1314141,128,32,32,3
205,1,"[4, 0, 0, 0, 0, 0, 0, 0, 0, 0, 0, 0, 0, 0, 0, 4, 0, 0, 0, 0, 0, 0, 0, 0, 0, 0, 0, 0, 0, 0]",512,512,8388608.0,33554432.0,6320554127,6320827098,6320565340,6321000667,272,317888,58272,549184,2,22453,175711,128,32,32,3
203,1,"[128, 256, 8, 8, 512, 4, 4, 1, 1, 0, 0, 2, 2, 1, 1, 1, 8, 0, 0, 0, 0, 0, 0, 0, 0, 0, 0, 0, 0, 0]",256,256,0.0,0.0,6321047121,6321064523,6321058939,6323901555,20736,57312,53216,549185,2,16461,2838520,128,32,32,3
205,1,"[4, 0, 0, 0, 0, 0, 0, 0, 0, 0, 0, 0, 0, 0, 0, 4, 0, 0, 0, 0, 0, 0, 0, 0, 0, 0, 0, 0, 0, 0]",512,512,8388608.0,33554432.0,6323944494,6324222517,6323954771,6324395088,272,264608,1,549186,2,23235,175710,128,32,32,3
35,1,"[8, 128, 512, 4, 4, 0, 0, 0, 0, 0, 0, 0, 0, 0, 0, 8, 128, 512, 4, 4, 0, 0, 0, 0, 0, 0, 0, 0, 0, 0]",2048,128,1048576.0,25165824.0,6324326594,6324338119,6324395089,6324442226,0,63455,63455,549187,1,11525,47137,128,32,32,3
152,1,"[8, 128, 512, 4, 4, 0, 0, 0, 0, 0, 0, 0, 0, 0, 0, 0, 0, 0, 0, 0, 0, 0, 0, 0, 0, 0, 0, 0, 0, 0]",2048,128,1048576.0,16777216.0,6324496092,6324505595,6324505681,6324538481,0,176576,176576,549188,1,9503,32800,128,32,32,3
203,1,"[128, 512, 4, 4, 128, 4, 4, 1, 1, 0, 0, 1, 1, 1, 1, 1, 8, 0, 0, 0, 0, 0, 0, 0, 0, 0, 0, 0, 0, 0]",512,256,0.0,0.0,6324704094,6324722710,6324715057,6325836909,12544,57824,52768,549189,2,17178,1116796,128,32,32,3
205,1,"[4, 0, 0, 0, 0, 0, 0, 0, 0, 0, 0, 0, 0, 0, 0, 4, 0, 0, 0, 0, 0, 0, 0, 0, 0, 0, 0, 0, 0, 0]",128,512,2097152.0,8388608.0,6325879660,6326143503,6325889677,6326189164,272,384864,133120,549190,2,20189,47743,128,32,32,3
152,1,"[8, 128, 128, 4, 4, 0, 0, 0, 0, 0, 0, 0, 0, 0, 0, 0, 0, 0, 0, 0, 0, 0, 0, 0, 0, 0, 0, 0, 0, 0]",512,128,262144.0,4194304.0,6326312187,6326322382,6326322284,6326327404,0,238272,238272,549191,1,10195,5120,128,32,32,3
203,1,"[128, 128, 4, 4, 128, 4, 4, 3, 3, 1, 1, 1, 1, 1, 1, 1, 8, 0, 0, 0, 0, 0, 0, 0, 0, 0, 0, 0, 0, 0]",64,256,0.0,0.0,6326552156,6326566087,6326565676,6329068644,18688,63264,63264,549192,1,13931,2502968,128,32,32,3
205,1,"[4, 0, 0, 0, 0, 0, 0, 0, 0, 0, 0, 0, 0, 0, 0, 4, 0, 0, 0, 0, 0, 0, 0, 0, 0, 0, 0, 0, 0, 0]",128,512,2097152.0,8388608.0,6329118892,6329402188,6329131908,6329447523,272,395743,127136,549193,2,24001,47008,128,32,32,3
152,1,"[8, 128, 128, 4, 4, 0, 0, 0, 0, 0, 0, 0, 0, 0, 0, 0, 0, 0, 0, 0, 0, 0, 0, 0, 0, 0, 0, 0, 0, 0]",512,128,262144.0,4194304.0,6329564642,6329575069,6329574659,6329580387,0,227263,227263,549194,1,10427,5728,128,32,32,3
203,1,"[128, 128, 4, 4, 512, 4, 4, 1, 1, 0, 0, 1, 1, 1, 1, 1, 8, 0, 0, 0, 0, 0, 0, 0, 0, 0, 0, 0, 0, 0]",128,256,0.0,0.0,6329796249,6329813471,6329807650,6331116511,20736,56191,51615,549195,2,16250,1304285,128,32,32,3
205,1,"[4, 0, 0, 0, 0, 0, 0, 0, 0, 0, 0, 0, 0, 0, 0, 4, 0, 0, 0, 0, 0, 0, 0, 0, 0, 0, 0, 0, 0, 0]",512,512,8388608.0,33554432.0,6331158844,6331532958,6331168126,6331706205,272,362687,224,549196,2,21157,175616,128,32,32,3
35,1,"[8, 128, 512, 4, 4, 0, 0, 0, 0, 0, 0, 0, 0, 0, 0, 8, 128, 512, 4, 4, 0, 0, 0, 0, 0, 0, 0, 0, 0, 0]",2048,128,1048576.0,25165824.0,6331641371,6331652515,6331706429,6331752701,0,56127,56127,549197,1,11144,46272,128,32,32,3
152,1,"[8, 128, 512, 4, 4, 0, 0, 0, 0, 0, 0, 0, 0, 0, 0, 0, 0, 0, 0, 0, 0, 0, 0, 0, 0, 0, 0, 0, 0, 0]",2048,128,1048576.0,16777216.0,6331798711,6331808368,6331808828,6331841629,0,173791,173791,549198,1,9657,32801,128,32,32,3
203,1,"[128, 512, 4, 4, 128, 4, 4, 1, 1, 0, 0, 1, 1, 1, 1, 1, 8, 0, 0, 0, 0, 0, 0, 0, 0, 0, 0, 0, 0, 0]",512,256,0.0,0.0,6332003511,6332021792,6332015420,6333135961,12544,57504,53216,549199,2,17124,1116253,128,32,32,3
205,1,"[4, 0, 0, 0, 0, 0, 0, 0, 0, 0, 0, 0, 0, 0, 0, 4, 0, 0, 0, 0, 0, 0, 0, 0, 0, 0, 0, 0, 0, 0]",128,512,2097152.0,8388608.0,6333179558,6333448911,6333189177,6333494360,272,384798,126847,549200,2,20558,47232,128,32,32,3
152,1,"[8, 128, 128, 4, 4, 0, 0, 0, 0, 0, 0, 0, 0, 0, 0, 0, 0, 0, 0, 0, 0, 0, 0, 0, 0, 0, 0, 0, 0, 0]",512,128,262144.0,4194304.0,6333611051,6333620991,6333621207,6333625431,0,235488,235488,549201,1,9940,4224,128,32,32,3
203,1,"[128, 128, 4, 4, 128, 4, 4, 3, 3, 1, 1, 1, 1, 1, 1, 1, 8, 0, 0, 0, 0, 0, 0, 0, 0, 0, 0, 0, 0, 0]",64,256,0.0,0.0,6333848685,6333861676,6333860919,6336363600,18688,57055,57055,549202,1,12991,2502681,128,32,32,3
205,1,"[4, 0, 0, 0, 0, 0, 0, 0, 0, 0, 0, 0, 0, 0, 0, 4, 0, 0, 0, 0, 0, 0, 0, 0, 0, 0, 0, 0, 0, 0]",128,512,2097152.0,8388608.0,6336409221,6336677390,6336420655,6336721999,272,387071,132895,549203,2,22972,47168,128,32,32,3
152,1,"[8, 128, 128, 4, 4, 0, 0, 0, 0, 0, 0, 0, 0, 0, 0, 0, 0, 0, 0, 0, 0, 0, 0, 0, 0, 0, 0, 0, 0, 0]",512,128,262144.0,4194304.0,6336844738,6336854888,6336854894,6336860590,0,211072,211072,549204,1,10150,5696,128,32,32,3
203,1,"[128, 128, 4, 4, 512, 4, 4, 1, 1, 0, 0, 1, 1, 1, 1, 1, 8, 0, 0, 0, 0, 0, 0, 0, 0, 0, 0, 0, 0, 0]",128,256,0.0,0.0,6337060551,6337077534,6337071662,6338376362,20736,56352,51584,549205,2,16013,1299932,128,32,32,3
205,1,"[4, 0, 0, 0, 0, 0, 0, 0, 0, 0, 0, 0, 0, 0, 0, 4, 0, 0, 0, 0, 0, 0, 0, 0, 0, 0, 0, 0, 0, 0]",512,512,8388608.0,33554432.0,6338418354,6338683512,6338427946,6338857033,272,254271,576,549206,2,19949,175392,128,32,32,3
35,1,"[8, 128, 512, 4, 4, 0, 0, 0, 0, 0, 0, 0, 0, 0, 0, 8, 128, 512, 4, 4, 0, 0, 0, 0, 0, 0, 0, 0, 0, 0]",2048,128,1048576.0,25165824.0,6338773234,6338782204,6338857609,6338903112,0,28640,28640,549207,1,8970,45503,128,32,32,3
152,1,"[8, 128, 512, 4, 4, 0, 0, 0, 0, 0, 0, 0, 0, 0, 0, 0, 0, 0, 0, 0, 0, 0, 0, 0, 0, 0, 0, 0, 0, 0]",2048,128,1048576.0,16777216.0,6338923348,6338931835,6338931752,6338964552,0,169056,169056,549208,1,8487,32800,128,32,32,3
203,1,"[128, 512, 4, 4, 128, 4, 4, 1, 1, 0, 0, 1, 1, 1, 1, 1, 8, 0, 0, 0, 0, 0, 0, 0, 0, 0, 0, 0, 0, 0]",512,256,0.0,0.0,6339122425,6339139641,6339133608,6340254629,12544,65600,61120,549209,2,16171,1116541,128,32,32,3
205,1,"[4, 0, 0, 0, 0, 0, 0, 0, 0, 0, 0, 0, 0, 0, 0, 4, 0, 0, 0, 0, 0, 0, 0, 0, 0, 0, 0, 0, 0, 0]",128,512,2097152.0,8388608.0,6340304294,6340586485,6340315749,6340631619,272,409248,140736,549210,2,22391,47358,128,32,32,3
152,1,"[8, 128, 128, 4, 4, 0, 0, 0, 0, 0, 0, 0, 0, 0, 0, 0, 0, 0, 0, 0, 0, 0, 0, 0, 0, 0, 0, 0, 0, 0]",512,128,262144.0,4194304.0,6340761304,6340772373,6340772355,6340777027,0,225759,225759,549211,1,11069,4672,128,32,32,3
203,1,"[128, 128, 4, 4, 128, 4, 4, 3, 3, 1, 1, 1, 1, 1, 1, 1, 8, 0, 0, 0, 0, 0, 0, 0, 0, 0, 0, 0, 0, 0]",64,256,0.0,0.0,6340991370,6341003503,6341002786,6343506299,18688,56000,56000,549212,1,12133,2503513,128,32,32,3
205,1,"[4, 0, 0, 0, 0, 0, 0, 0, 0, 0, 0, 0, 0, 0, 0, 4, 0, 0, 0, 0, 0, 0, 0, 0, 0, 0, 0, 0, 0, 0]",128,512,2097152.0,8388608.0,6343551900,6343835893,6343562299,6343881786,272,402399,130624,549213,2,21348,47712,128,32,32,3
152,1,"[8, 128, 128, 4, 4, 0, 0, 0, 0, 0, 0, 0, 0, 0, 0, 0, 0, 0, 0, 0, 0, 0, 0, 0, 0, 0, 0, 0, 0, 0]",512,128,262144.0,4194304.0,6344001892,6344012302,6344012410,6344016954,0,223135,223135,549214,1,10410,4544,128,32,32,3
203,1,"[128, 128, 4, 4, 512, 4, 4, 1, 1, 0, 0, 1, 1, 1, 1, 1, 8, 0, 0, 0, 0, 0, 0, 0, 0, 0, 0, 0, 0, 0]",128,256,0.0,0.0,6344228978,6344245663,6344240089,6345567286,20736,53663,49215,549215,2,15706,1322749,128,32,32,3
205,1,"[4, 0, 0, 0, 0, 0, 0, 0, 0, 0, 0, 0, 0, 0, 0, 4, 0, 0, 0, 0, 0, 0, 0, 0, 0, 0, 0, 0, 0, 0]",512,512,8388608.0,33554432.0,6345606830,6345997395,6345616501,6346170740,272,379423,608,549216,2,21703,175424,128,32,32,3
35,1,"[8, 128, 512, 4, 4, 0, 0, 0, 0, 0, 0, 0, 0, 0, 0, 8, 128, 512, 4, 4, 0, 0, 0, 0, 0, 0, 0, 0, 0, 0]",2048,128,1048576.0,25165824.0,6346090531,6346100557,6346171348,6346217940,0,33376,33376,549217,1,10026,46592,128,32,32,3
152,1,"[8, 128, 512, 4, 4, 0, 0, 0, 0, 0, 0, 0, 0, 0, 0, 0, 0, 0, 0, 0, 0, 0, 0, 0, 0, 0, 0, 0, 0, 0]",2048,128,1048576.0,16777216.0,6346243033,6346251616,6346251316,6346284083,0,175232,175232,549218,1,8583,32767,128,32,32,3
203,1,"[128, 512, 4, 4, 256, 4, 4, 1, 1, 0, 0, 1, 1, 1, 1, 1, 8, 0, 0, 0, 0, 0, 0, 0, 0, 0, 0, 0, 0, 0]",512,256,0.0,0.0,6346447859,6346464935,6346459315,6347582512,12544,59616,55264,549219,2,16058,1118845,128,32,32,3
205,1,"[4, 0, 0, 0, 0, 0, 0, 0, 0, 0, 0, 0, 0, 0, 0, 4, 0, 0, 0, 0, 0, 0, 0, 0, 0, 0, 0, 0, 0, 0]",256,512,4194304.0,16777216.0,6347628010,6347893023,6347637776,6347981487,272,346590,93663,549220,2,20740,90784,128,32,32,3
152,1,"[8, 128, 256, 4, 4, 0, 0, 0, 0, 0, 0, 0, 0, 0, 0, 0, 0, 0, 0, 0, 0, 0, 0, 0, 0, 0, 0, 0, 0, 0]",1024,128,524288.0,8388608.0,6348064039,6348075206,6348075150,6348083694,0,183904,183904,549221,1,11167,8544,128,32,32,3
203,1,"[128, 256, 4, 4, 256, 2, 2, 3, 3, 1, 1, 2, 2, 1, 1, 1, 8, 0, 0, 0, 0, 0, 0, 0, 0, 0, 0, 0, 0, 0]",16,256,0.0,0.0,6348256246,6348267981,6348267598,6353253408,12544,52319,52319,549222,1,11735,4985810,128,32,32,3
205,1,"[4, 0, 0, 0, 0, 0, 0, 0, 0, 0, 0, 0, 0, 0, 0, 4, 0, 0, 0, 0, 0, 0, 0, 0, 0, 0, 0, 0, 0, 0]",256,512,1048576.0,4194304.0,6353294702,6353573565,6353305727,6353662015,272,344030,78623,549223,2,22188,90881,128,32,32,3
152,1,"[8, 128, 256, 2, 2, 0, 0, 0, 0, 0, 0, 0, 0, 0, 0, 0, 0, 0, 0, 0, 0, 0, 0, 0, 0, 0, 0, 0, 0, 0]",256,128,131072.0,2097152.0,6353730689,6353740771,6353740638,6353744414,0,220096,220096,549224,1,10082,3776,128,32,32,3
203,1,"[128, 256, 2, 2, 1024, 2, 2, 1, 1, 0, 0, 1, 1, 1, 1, 1, 8, 0, 0, 0, 0, 0, 0, 0, 0, 0, 0, 0, 0, 0]",256,256,0.0,0.0,6353946905,6353970466,6353964510,6355166234,20736,53376,48864,549225,2,22564,1197212,128,32,32,3
205,1,"[4, 0, 0, 0, 0, 0, 0, 0, 0, 0, 0, 0, 0, 0, 0, 4, 0, 0, 0, 0, 0, 0, 0, 0, 0, 0, 0, 0, 0, 0]",1024,512,4194304.0,16777216.0,6355205082,6355454357,6355215098,6355794904,272,237153,33,549226,2,19999,342686,128,32,32,3
203,1,"[128, 512, 4, 4, 1024, 2, 2, 1, 1, 0, 0, 2, 2, 1, 1, 1, 8, 0, 0, 0, 0, 0, 0, 0, 0, 0, 0, 0, 0, 0]",512,256,0.0,0.0,6355655850,6355680202,6355794937,6356915221,12544,54463,53248,549227,2,23316,1119069,128,32,32,3
205,1,"[4, 0, 0, 0, 0, 0, 0, 0, 0, 0, 0, 0, 0, 0, 0, 4, 0, 0, 0, 0, 0, 0, 0, 0, 0, 0, 0, 0, 0, 0]",1024,512,4194304.0,16777216.0,6356959130,6357223775,6356968469,6357564275,272,253409,129,549228,2,19723,342526,128,32,32,3
35,1,"[8, 128, 1024, 2, 2, 0, 0, 0, 0, 0, 0, 0, 0, 0, 0, 8, 128, 1024, 2, 2, 0, 0, 0, 0, 0, 0, 0, 0, 0, 0]",1024,128,524288.0,12582912.0,6357312184,6357321425,6357564404,6357586963,0,1440,1440,549229,1,9241,22559,128,32,32,3
152,1,"[8, 128, 1024, 2, 2, 0, 0, 0, 0, 0, 0, 0, 0, 0, 0, 0, 0, 0, 0, 0, 0, 0, 0, 0, 0, 0, 0, 0, 0, 0]",1024,128,524288.0,8388608.0,6357473648,6357482570,6357588403,6357596531,0,79648,79648,549230,1,8922,8128,128,32,32,3
203,1,"[128, 1024, 2, 2, 256, 2, 2, 1, 1, 0, 0, 1, 1, 1, 1, 1, 8, 0, 0, 0, 0, 0, 0, 0, 0, 0, 0, 0, 0, 0]",1024,256,0.0,0.0,6357662970,6357684683,6357676179,6359904877,12544,66496,59936,549231,2,20433,2222138,128,32,32,3
205,1,"[4, 0, 0, 0, 0, 0, 0, 0, 0, 0, 0, 0, 0, 0, 0, 4, 0, 0, 0, 0, 0, 0, 0, 0, 0, 0, 0, 0, 0, 0]",256,512,1048576.0,4194304.0,6359953499,6360229610,6359964813,6360317996,272,344414,82143,549232,2,22714,90912,128,32,32,3
152,1,"[8, 128, 256, 2, 2, 0, 0, 0, 0, 0, 0, 0, 0, 0, 0, 0, 0, 0, 0, 0, 0, 0, 0, 0, 0, 0, 0, 0, 0, 0]",256,128,131072.0,2097152.0,6360389999,6360400285,6360400139,6360402955,0,227136,227136,549233,1,10286,2816,128,32,32,3
203,1,"[128, 256, 2, 2, 256, 2, 2, 3, 3, 1, 1, 1, 1, 1, 1, 1, 8, 0, 0, 0, 0, 0, 0, 0, 0, 0, 0, 0, 0, 0]",16,256,0.0,0.0,6360619349,6360630247,6360630091,6365629437,18688,58784,58784,549234,1,10898,4999346,128,32,32,3
205,1,"[4, 0, 0, 0, 0, 0, 0, 0, 0, 0, 0, 0, 0, 0, 0, 4, 0, 0, 0, 0, 0, 0, 0, 0, 0, 0, 0, 0, 0, 0]",256,512,1048576.0,4194304.0,6365676858,6366058654,6365688221,6366146843,272,450526,82368,549235,2,23372,90464,128,32,32,3
152,1,"[8, 128, 256, 2, 2, 0, 0, 0, 0, 0, 0, 0, 0, 0, 0, 0, 0, 0, 0, 0, 0, 0, 0, 0, 0, 0, 0, 0, 0, 0]",256,128,131072.0,2097152.0,6366218308,6366229770,6366229211,6366232859,0,241567,241567,549236,1,11462,3648,128,32,32,3
203,1,"[128, 256, 2, 2, 1024, 2, 2, 1, 1, 0, 0, 1, 1, 1, 1, 1, 8, 0, 0, 0, 0, 0, 0, 0, 0, 0, 0, 0, 0, 0]",256,256,0.0,0.0,6366461765,6366479809,6366474426,6367676407,20736,57984,52448,549237,2,17051,1196445,128,32,32,3
205,1,"[4, 0, 0, 0, 0, 0, 0, 0, 0, 0, 0, 0, 0, 0, 0, 4, 0, 0, 0, 0, 0, 0, 0, 0, 0, 0, 0, 0, 0, 0]",1024,512,4194304.0,16777216.0,6367718768,6367974575,6367728855,6368314357,272,244927,1216,549238,2,20734,341791,128,32,32,3
35,1,"[8, 128, 1024, 2, 2, 0, 0, 0, 0, 0, 0, 0, 0, 0, 0, 8, 128, 1024, 2, 2, 0, 0, 0, 0, 0, 0, 0, 0, 0, 0]",1024,128,524288.0,12582912.0,6368068557,6368077812,6368315573,6368334837,0,352,352,549239,1,9255,19264,128,32,32,3
152,1,"[8, 128, 1024, 2, 2, 0, 0, 0, 0, 0, 0, 0, 0, 0, 0, 0, 0, 0, 0, 0, 0, 0, 0, 0, 0, 0, 0, 0, 0, 0]",1024,128,524288.0,8388608.0,6368221749,6368230280,6368335189,6368343029,0,79840,79840,549240,1,8531,7840,128,32,32,3
203,1,"[128, 1024, 2, 2, 256, 2, 2, 1, 1, 0, 0, 1, 1, 1, 1, 1, 8, 0, 0, 0, 0, 0, 0, 0, 0, 0, 0, 0, 0, 0]",1024,256,0.0,0.0,6368411261,6368428621,6368422869,6370648718,12544,53760,49664,549241,2,16371,2221753,128,32,32,3
205,1,"[4, 0, 0, 0, 0, 0, 0, 0, 0, 0, 0, 0, 0, 0, 0, 4, 0, 0, 0, 0, 0, 0, 0, 0, 0, 0, 0, 0, 0, 0]",256,512,1048576.0,4194304.0,6370688304,6370945243,6370698382,6371034093,272,332768,87456,549242,2,20887,90399,128,32,32,3
152,1,"[8, 128, 256, 2, 2, 0, 0, 0, 0, 0, 0, 0, 0, 0, 0, 0, 0, 0, 0, 0, 0, 0, 0, 0, 0, 0, 0, 0, 0, 0]",256,128,131072.0,2097152.0,6371110372,6371121296,6371121549,6371124205,0,216223,216223,549243,1,10924,2656,128,32,32,3
203,1,"[128, 256, 2, 2, 256, 2, 2, 3, 3, 1, 1, 1, 1, 1, 1, 1, 8, 0, 0, 0, 0, 0, 0, 0, 0, 0, 0, 0, 0, 0]",16,256,0.0,0.0,6371328876,6371340394,6371340428,6376339838,18688,57920,57920,549244,1,11518,4999410,128,32,32,3
205,1,"[4, 0, 0, 0, 0, 0, 0, 0, 0, 0, 0, 0, 0, 0, 0, 4, 0, 0, 0, 0, 0, 0, 0, 0, 0, 0, 0, 0, 0, 0]",256,512,1048576.0,4194304.0,6376387033,6376651023,6376397758,6376739101,272,339456,88512,549245,2,21428,90399,128,32,32,3
152,1,"[8, 128, 256, 2, 2, 0, 0, 0, 0, 0, 0, 0, 0, 0, 0, 0, 0, 0, 0, 0, 0, 0, 0, 0, 0, 0, 0, 0, 0, 0]",256,128,131072.0,2097152.0,6376817207,6376827562,6376827613,6376831421,0,225759,225759,549246,1,10355,3808,128,32,32,3
203,1,"[128, 256, 2, 2, 1024, 2, 2, 1, 1, 0, 0, 1, 1, 1, 1, 1, 8, 0, 0, 0, 0, 0, 0, 0, 0, 0, 0, 0, 0, 0]",256,256,0.0,0.0,6377046112,6377062533,6377057180,6378258521,20736,54016,49696,549247,2,15456,1197021,128,32,32,3
205,1,"[4, 0, 0, 0, 0, 0, 0, 0, 0, 0, 0, 0, 0, 0, 0, 4, 0, 0, 0, 0, 0, 0, 0, 0, 0, 0, 0, 0, 0, 0]",1024,512,4194304.0,16777216.0,6378297929,6378565863,6378308217,6378906231,272,255935,320,549248,2,20708,342399,128,32,32,3
35,1,"[8, 128, 1024, 2, 2, 0, 0, 0, 0, 0, 0, 0, 0, 0, 0, 8, 128, 1024, 2, 2, 0, 0, 0, 0, 0, 0, 0, 0, 0, 0]",1024,128,524288.0,12582912.0,6378654761,6378664045,6378906551,6378926711,0,352,352,549249,1,9284,20160,128,32,32,3
152,1,"[8, 128, 1024, 2, 2, 0, 0, 0, 0, 0, 0, 0, 0, 0, 0, 0, 0, 0, 0, 0, 0, 0, 0, 0, 0, 0, 0, 0, 0, 0]",1024,128,524288.0,8388608.0,6378807382,6378816694,6378927063,6378935255,0,72032,72032,549250,1,9312,8192,128,32,32,3
203,1,"[128, 1024, 2, 2, 256, 2, 2, 1, 1, 0, 0, 1, 1, 1, 1, 1, 8, 0, 0, 0, 0, 0, 0, 0, 0, 0, 0, 0, 0, 0]",1024,256,0.0,0.0,6378996706,6379012653,6379007287,6381232464,12544,54816,51936,549251,2,14979,2222297,128,32,32,3
205,1,"[4, 0, 0, 0, 0, 0, 0, 0, 0, 0, 0, 0, 0, 0, 0, 4, 0, 0, 0, 0, 0, 0, 0, 0, 0, 0, 0, 0, 0, 0]",256,512,1048576.0,4194304.0,6381274835,6381543519,6381284400,6381631823,272,341664,84608,549252,2,20596,90367,128,32,32,3
152,1,"[8, 128, 256, 2, 2, 0, 0, 0, 0, 0, 0, 0, 0, 0, 0, 0, 0, 0, 0, 0, 0, 0, 0, 0, 0, 0, 0, 0, 0, 0]",256,128,131072.0,2097152.0,6381706011,6381716192,6381716431,6381720399,0,216640,216640,549253,1,10181,3968,128,32,32,3
203,1,"[128, 256, 2, 2, 256, 2, 2, 3, 3, 1, 1, 1, 1, 1, 1, 1, 8, 0, 0, 0, 0, 0, 0, 0, 0, 0, 0, 0, 0, 0]",16,256,0.0,0.0,6381925181,6381937323,6381937039,6386936768,18688,57312,57312,549254,1,12142,4999729,128,32,32,3
205,1,"[4, 0, 0, 0, 0, 0, 0, 0, 0, 0, 0, 0, 0, 0, 0, 4, 0, 0, 0, 0, 0, 0, 0, 0, 0, 0, 0, 0, 0, 0]",256,512,1048576.0,4194304.0,6386983309,6387366336,6386994080,6387454143,272,455615,85888,549255,2,22519,90336,128,32,32,3
152,1,"[8, 128, 256, 2, 2, 0, 0, 0, 0, 0, 0, 0, 0, 0, 0, 0, 0, 0, 0, 0, 0, 0, 0, 0, 0, 0, 0, 0, 0, 0]",256,128,131072.0,2097152.0,6387529600,6387540261,6387540031,6387542975,0,253791,253791,549256,1,10661,2944,128,32,32,3
203,1,"[128, 256, 2, 2, 1024, 2, 2, 1, 1, 0, 0, 1, 1, 1, 1, 1, 8, 0, 0, 0, 0, 0, 0, 0, 0, 0, 0, 0, 0, 0]",256,256,0.0,0.0,6387784976,6387802981,6387796766,6388999098,20736,57760,53248,549257,2,16979,1197820,128,32,32,3
205,1,"[4, 0, 0, 0, 0, 0, 0, 0, 0, 0, 0, 0, 0, 0, 0, 4, 0, 0, 0, 0, 0, 0, 0, 0, 0, 0, 0, 0, 0, 0]",1024,512,4194304.0,16777216.0,6389041498,6389305610,6389052346,6389646232,272,251425,1,549258,2,21627,342462,128,32,32,3
35,1,"[8, 128, 1024, 2, 2, 0, 0, 0, 0, 0, 0, 0, 0, 0, 0, 8, 128, 1024, 2, 2, 0, 0, 0, 0, 0, 0, 0, 0, 0, 0]",1024,128,524288.0,12582912.0,6389394160,6389403971,6389646233,6389666648,0,65,65,549259,1,9811,20415,128,32,32,3
152,1,"[8, 128, 1024, 2, 2, 0, 0, 0, 0, 0, 0, 0, 0, 0, 0, 0, 0, 0, 0, 0, 0, 0, 0, 0, 0, 0, 0, 0, 0, 0]",1024,128,524288.0,8388608.0,6389553720,6389562337,6389666713,6389674936,0,70944,70944,549260,1,8617,8223,128,32,32,3
203,1,"[128, 1024, 2, 2, 256, 2, 2, 1, 1, 0, 0, 1, 1, 1, 1, 1, 8, 0, 0, 0, 0, 0, 0, 0, 0, 0, 0, 0, 0, 0]",1024,256,0.0,0.0,6389734647,6389750581,6389745880,6391970738,12544,61216,58720,549261,2,14930,2222362,128,32,32,3
205,1,"[4, 0, 0, 0, 0, 0, 0, 0, 0, 0, 0, 0, 0, 0, 0, 4, 0, 0, 0, 0, 0, 0, 0, 0, 0, 0, 0, 0, 0, 0]",256,512,1048576.0,4194304.0,6392018603,6392287321,6392029458,6392375441,272,338303,83264,549262,2,21836,90944,128,32,32,3
152,1,"[8, 128, 256, 2, 2, 0, 0, 0, 0, 0, 0, 0, 0, 0, 0, 0, 0, 0, 0, 0, 0, 0, 0, 0, 0, 0, 0, 0, 0, 0]",256,128,131072.0,2097152.0,6392448624,6392459152,6392458705,6392462257,0,221023,221023,549263,1,10528,3552,128,32,32,3
203,1,"[128, 256, 2, 2, 256, 2, 2, 3, 3, 1, 1, 1, 1, 1, 1, 1, 8, 0, 0, 0, 0, 0, 0, 0, 0, 0, 0, 0, 0, 0]",16,256,0.0,0.0,6392671737,6392683051,6392683280,6397683778,18688,56160,56160,549264,1,11314,5000498,128,32,32,3
205,1,"[4, 0, 0, 0, 0, 0, 0, 0, 0, 0, 0, 0, 0, 0, 0, 4, 0, 0, 0, 0, 0, 0, 0, 0, 0, 0, 0, 0, 0, 0]",256,512,1048576.0,4194304.0,6397729636,6397997526,6397739938,6398085665,272,335742,80415,549265,2,21582,90400,128,32,32,3
152,1,"[8, 128, 256, 2, 2, 0, 0, 0, 0, 0, 0, 0, 0, 0, 0, 0, 0, 0, 0, 0, 0, 0, 0, 0, 0, 0, 0, 0, 0, 0]",256,128,131072.0,2097152.0,6398155693,6398166401,6398166080,6398170016,0,224544,224544,549266,1,10708,3936,128,32,32,3
203,1,"[128, 256, 2, 2, 1024, 2, 2, 1, 1, 0, 0, 1, 1, 1, 1, 1, 8, 0, 0, 0, 0, 0, 0, 0, 0, 0, 0, 0, 0, 0]",256,256,0.0,0.0,6398383426,6398400327,6398394560,6399595420,20736,65696,61440,549267,2,15920,1196604,128,32,32,3
205,1,"[4, 0, 0, 0, 0, 0, 0, 0, 0, 0, 0, 0, 0, 0, 0, 4, 0, 0, 0, 0, 0, 0, 0, 0, 0, 0, 0, 0, 0, 0]",1024,512,4194304.0,16777216.0,6399645971,6399917752,6399656860,6400258235,272,258879,608,549268,2,23681,343104,128,32,32,3
35,1,"[8, 128, 1024, 2, 2, 0, 0, 0, 0, 0, 0, 0, 0, 0, 0, 8, 128, 1024, 2, 2, 0, 0, 0, 0, 0, 0, 0, 0, 0, 0]",1024,128,524288.0,12582912.0,6400005982,6400015206,6400258843,6400278810,0,544,544,549269,1,9224,19967,128,32,32,3
152,1,"[8, 128, 1024, 2, 2, 0, 0, 0, 0, 0, 0, 0, 0, 0, 0, 0, 0, 0, 0, 0, 0, 0, 0, 0, 0, 0, 0, 0, 0, 0]",1024,128,524288.0,8388608.0,6400165096,6400175323,6400279354,6400287354,0,73888,73888,549270,1,10227,8000,128,32,32,3
203,1,"[128, 1024, 2, 2, 256, 2, 2, 1, 1, 0, 0, 1, 1, 1, 1, 1, 8, 0, 0, 0, 0, 0, 0, 0, 0, 0, 0, 0, 0, 0]",1024,256,0.0,0.0,6400350672,6400366628,6400361242,6402586740,12544,55232,51168,549271,2,14936,2221434,128,32,32,3
205,1,"[4, 0, 0, 0, 0, 0, 0, 0, 0, 0, 0, 0, 0, 0, 0, 4, 0, 0, 0, 0, 0, 0, 0, 0, 0, 0, 0, 0, 0, 0]",256,512,1048576.0,4194304.0,6402627293,6402899016,6402637908,6402986899,272,348863,90080,549272,2,21113,90208,128,32,32,3
152,1,"[8, 128, 256, 2, 2, 0, 0, 0, 0, 0, 0, 0, 0, 0, 0, 0, 0, 0, 0, 0, 0, 0, 0, 0, 0, 0, 0, 0, 0, 0]",256,128,131072.0,2097152.0,6403066787,6403077531,6403076979,6403081107,0,217055,217055,549273,1,10744,4128,128,32,32,3
203,1,"[128, 256, 2, 2, 256, 2, 2, 3, 3, 1, 1, 1, 1, 1, 1, 1, 8, 0, 0, 0, 0, 0, 0, 0, 0, 0, 0, 0, 0, 0]",16,256,0.0,0.0,6403287004,6403298335,6403298162,6408298564,18688,66335,66335,549274,1,11331,5000402,128,32,32,3
205,1,"[4, 0, 0, 0, 0, 0, 0, 0, 0, 0, 0, 0, 0, 0, 0, 4, 0, 0, 0, 0, 0, 0, 0, 0, 0, 0, 0, 0, 0, 0]",256,512,1048576.0,4194304.0,6408352699,6408636678,6408364899,6408724866,272,351136,81440,549275,2,23424,90271,128,32,32,3
152,1,"[8, 128, 256, 2, 2, 0, 0, 0, 0, 0, 0, 0, 0, 0, 0, 0, 0, 0, 0, 0, 0, 0, 0, 0, 0, 0, 0, 0, 0, 0]",256,128,131072.0,2097152.0,6408796063,6408806406,6408806306,6408809346,0,225248,225248,549276,1,10343,3040,128,32,32,3
203,1,"[128, 256, 2, 2, 1024, 2, 2, 1, 1, 0, 0, 1, 1, 1, 1, 1, 8, 0, 0, 0, 0, 0, 0, 0, 0, 0, 0, 0, 0, 0]",256,256,0.0,0.0,6409023541,6409040744,6409034594,6410236798,20736,53663,49440,549277,2,16208,1197981,128,32,32,3
205,1,"[4, 0, 0, 0, 0, 0, 0, 0, 0, 0, 0, 0, 0, 0, 0, 4, 0, 0, 0, 0, 0, 0, 0, 0, 0, 0, 0, 0, 0, 0]",1024,512,4194304.0,16777216.0,6410276696,6410536708,6410286238,6410877276,272,247583,512,549278,2,20028,343967,128,32,32,3
35,1,"[8, 128, 1024, 2, 2, 0, 0, 0, 0, 0, 0, 0, 0, 0, 0, 8, 128, 1024, 2, 2, 0, 0, 0, 0, 0, 0, 0, 0, 0, 0]",1024,128,524288.0,12582912.0,6410624851,6410633886,6410877788,6410898108,0,224,224,549279,1,9035,20320,128,32,32,3
152,1,"[8, 128, 1024, 2, 2, 0, 0, 0, 0, 0, 0, 0, 0, 0, 0, 0, 0, 0, 0, 0, 0, 0, 0, 0, 0, 0, 0, 0, 0, 0]",1024,128,524288.0,8388608.0,6410786453,6410795899,6410898332,6410906492,0,74144,74144,549280,1,9446,8160,128,32,32,3
203,1,"[128, 1024, 2, 2, 256, 2, 2, 1, 1, 0, 0, 1, 1, 1, 1, 1, 8, 0, 0, 0, 0, 0, 0, 0, 0, 0, 0, 0, 0, 0]",1024,256,0.0,0.0,6410970182,6410986166,6410980636,6413206390,12544,73152,69920,549281,2,14991,2222522,128,32,32,3
205,1,"[4, 0, 0, 0, 0, 0, 0, 0, 0, 0, 0, 0, 0, 0, 0, 4, 0, 0, 0, 0, 0, 0, 0, 0, 0, 0, 0, 0, 0, 0]",256,512,1048576.0,4194304.0,6413264663,6413564916,6413276310,6413652852,272,374687,88000,549282,2,24603,89855,128,32,32,3
152,1,"[8, 128, 256, 2, 2, 0, 0, 0, 0, 0, 0, 0, 0, 0, 0, 0, 0, 0, 0, 0, 0, 0, 0, 0, 0, 0, 0, 0, 0, 0]",256,128,131072.0,2097152.0,6413730313,6413740886,6413740852,6413744436,0,223808,223808,549283,1,10573,3584,128,32,32,3
203,1,"[128, 256, 2, 2, 256, 2, 2, 3, 3, 1, 1, 1, 1, 1, 1, 1, 8, 0, 0, 0, 0, 0, 0, 0, 0, 0, 0, 0, 0, 0]",16,256,0.0,0.0,6413957565,6413968979,6413968244,6418967397,18688,64896,64896,549284,1,11414,4999153,128,32,32,3
205,1,"[4, 0, 0, 0, 0, 0, 0, 0, 0, 0, 0, 0, 0, 0, 0, 4, 0, 0, 0, 0, 0, 0, 0, 0, 0, 0, 0, 0, 0, 0]",256,512,1048576.0,4194304.0,6419021022,6419295685,6419032293,6419383140,272,346975,86272,549285,2,21922,90144,128,32,32,3
152,1,"[8, 128, 256, 2, 2, 0, 0, 0, 0, 0, 0, 0, 0, 0, 0, 0, 0, 0, 0, 0, 0, 0, 0, 0, 0, 0, 0, 0, 0, 0]",256,128,131072.0,2097152.0,6419459614,6419469575,6419469412,6419473252,0,248031,248031,549286,1,9961,3840,128,32,32,3
203,1,"[128, 256, 2, 2, 1024, 2, 2, 1, 1, 0, 0, 1, 1, 1, 1, 1, 8, 0, 0, 0, 0, 0, 0, 0, 0, 0, 0, 0, 0, 0]",256,256,0.0,0.0,6419709476,6419727408,6419721283,6420923168,20736,59616,55136,549287,2,17002,1197405,128,32,32,3
205,1,"[4, 0, 0, 0, 0, 0, 0, 0, 0, 0, 0, 0, 0, 0, 0, 4, 0, 0, 0, 0, 0, 0, 0, 0, 0, 0, 0, 0, 0, 0]",1024,512,4194304.0,16777216.0,6420968060,6421224617,6420978304,6421565374,272,244575,576,549288,2,20615,343071,128,32,32,3
35,1,"[8, 128, 1024, 2, 2, 0, 0, 0, 0, 0, 0, 0, 0, 0, 0, 8, 128, 1024, 2, 2, 0, 0, 0, 0, 0, 0, 0, 0, 0, 0]",1024,128,524288.0,12582912.0,6421312919,6421321834,6421565950,6421584734,0,1152,1152,549289,1,8915,18784,128,32,32,3
152,1,"[8, 128, 1024, 2, 2, 0, 0, 0, 0, 0, 0, 0, 0, 0, 0, 0, 0, 0, 0, 0, 0, 0, 0, 0, 0, 0, 0, 0, 0, 0]",1024,128,524288.0,8388608.0,6421472965,6421481641,6421585886,6421592926,0,83648,83648,549290,1,8676,7040,128,32,32,3
203,1,"[128, 1024, 2, 2, 256, 2, 2, 1, 1, 0, 0, 1, 1, 1, 1, 1, 8, 0, 0, 0, 0, 0, 0, 0, 0, 0, 0, 0, 0, 0]",1024,256,0.0,0.0,6421666606,6421681327,6421676574,6423902167,12544,58176,54112,549291,2,13811,2221529,128,32,32,3
205,1,"[4, 0, 0, 0, 0, 0, 0, 0, 0, 0, 0, 0, 0, 0, 0, 4, 0, 0, 0, 0, 0, 0, 0, 0, 0, 0, 0, 0, 0, 0]",256,512,1048576.0,4194304.0,6423945908,6424221970,6423956279,6424310198,272,462879,199328,549292,2,21697,90368,128,32,32,3
152,1,"[8, 128, 256, 2, 2, 0, 0, 0, 0, 0, 0, 0, 0, 0, 0, 0, 0, 0, 0, 0, 0, 0, 0, 0, 0, 0, 0, 0, 0, 0]",256,128,131072.0,2097152.0,6424498159,6424510047,6424509526,6424513366,0,220639,220639,549293,1,11888,3840,128,32,32,3
203,1,"[128, 256, 2, 2, 256, 2, 2, 3, 3, 1, 1, 1, 1, 1, 1, 1, 8, 0, 0, 0, 0, 0, 0, 0, 0, 0, 0, 0, 0, 0]",16,256,0.0,0.0,6424723004,6424734283,6424734005,6429733703,18688,56640,56640,549294,1,11279,4999698,128,32,32,3
205,1,"[4, 0, 0, 0, 0, 0, 0, 0, 0, 0, 0, 0, 0, 0, 0, 4, 0, 0, 0, 0, 0, 0, 0, 0, 0, 0, 0, 0, 0, 0]",256,512,1048576.0,4194304.0,6429778725,6430040937,6429790343,6430128966,272,338047,89536,549295,2,21453,90112,128,32,32,3
152,1,"[8, 128, 256, 2, 2, 0, 0, 0, 0, 0, 0, 0, 0, 0, 0, 0, 0, 0, 0, 0, 0, 0, 0, 0, 0, 0, 0, 0, 0, 0]",256,128,131072.0,2097152.0,6430208314,6430218911,6430218502,6430222309,0,220224,220224,549296,1,10597,3807,128,32,32,3
203,1,"[128, 256, 2, 2, 1024, 2, 2, 1, 1, 0, 0, 1, 1, 1, 1, 1, 8, 0, 0, 0, 0, 0, 0, 0, 0, 0, 0, 0, 0, 0]",256,256,0.0,0.0,6430431840,6430448032,6430442533,6431644482,20736,61407,57343,549297,2,15150,1197885,128,32,32,3
205,1,"[4, 0, 0, 0, 0, 0, 0, 0, 0, 0, 0, 0, 0, 0, 0, 4, 0, 0, 0, 0, 0, 0, 0, 0, 0, 0, 0, 0, 0, 0]",1024,512,4194304.0,16777216.0,6431691652,6431956474,6431701825,6432297215,272,253472,545,549298,2,20311,342463,128,32,32,3
35,1,"[8, 128, 1024, 2, 2, 0, 0, 0, 0, 0, 0, 0, 0, 0, 0, 8, 128, 1024, 2, 2, 0, 0, 0, 0, 0, 0, 0, 0, 0, 0]",1024,128,524288.0,12582912.0,6432048507,6432058378,6432297760,6432317919,0,320,320,549299,1,9871,20159,128,32,32,3
152,1,"[8, 128, 1024, 2, 2, 0, 0, 0, 0, 0, 0, 0, 0, 0, 0, 0, 0, 0, 0, 0, 0, 0, 0, 0, 0, 0, 0, 0, 0, 0]",1024,128,524288.0,8388608.0,6432199882,6432208938,6432318239,6432326464,0,83775,83775,549300,1,9056,8225,128,32,32,3
203,1,"[128, 1024, 2, 2, 256, 2, 2, 1, 1, 0, 0, 1, 1, 1, 1, 1, 8, 0, 0, 0, 0, 0, 0, 0, 0, 0, 0, 0, 0, 0]",1024,256,0.0,0.0,6432398074,6432415607,6432410239,6434636185,12544,54976,50912,549301,2,16548,2221882,128,32,32,3
205,1,"[4, 0, 0, 0, 0, 0, 0, 0, 0, 0, 0, 0, 0, 0, 0, 4, 0, 0, 0, 0, 0, 0, 0, 0, 0, 0, 0, 0, 0, 0]",256,512,1048576.0,4194304.0,6434676537,6434936117,6434687097,6435023672,272,338047,91584,549302,2,21404,90112,128,32,32,3
152,1,"[8, 128, 256, 2, 2, 0, 0, 0, 0, 0, 0, 0, 0, 0, 0, 0, 0, 0, 0, 0, 0, 0, 0, 0, 0, 0, 0, 0, 0, 0]",256,128,131072.0,2097152.0,6435104815,6435115354,6435115256,6435118936,0,220095,220095,549303,1,10539,3680,128,32,32,3
203,1,"[128, 256, 2, 2, 256, 2, 2, 3, 3, 1, 1, 1, 1, 1, 1, 1, 8, 0, 0, 0, 0, 0, 0, 0, 0, 0, 0, 0, 0, 0]",16,256,0.0,0.0,6435328224,6435339564,6435339031,6440339817,18688,56832,56832,549304,1,11340,5000786,128,32,32,3
205,1,"[4, 0, 0, 0, 0, 0, 0, 0, 0, 0, 0, 0, 0, 0, 0, 4, 0, 0, 0, 0, 0, 0, 0, 0, 0, 0, 0, 0, 0, 0]",256,512,1048576.0,4194304.0,6440385689,6440647410,6440396649,6440735528,272,339167,90592,549305,2,21730,90304,128,32,32,3
152,1,"[8, 128, 256, 2, 2, 0, 0, 0, 0, 0, 0, 0, 0, 0, 0, 0, 0, 0, 0, 0, 0, 0, 0, 0, 0, 0, 0, 0, 0, 0]",256,128,131072.0,2097152.0,6440816044,6440826655,6440826120,6440829735,0,222624,222624,549306,1,10611,3615,128,32,32,3
203,1,"[128, 256, 2, 2, 1024, 2, 2, 1, 1, 0, 0, 1, 1, 1, 1, 1, 8, 0, 0, 0, 0, 0, 0, 0, 0, 0, 0, 0, 0, 0]",256,256,0.0,0.0,6441041068,6441058050,6441052359,6442254595,20736,53856,49696,549307,2,16018,1198076,128,32,32,3
205,1,"[4, 0, 0, 0, 0, 0, 0, 0, 0, 0, 0, 0, 0, 0, 0, 4, 0, 0, 0, 0, 0, 0, 0, 0, 0, 0, 0, 0, 0, 0]",1024,512,4194304.0,16777216.0,6442295085,6442551795,6442304291,6442892033,272,245440,1,549308,2,19129,342303,128,32,32,3
35,1,"[8, 128, 1024, 2, 2, 0, 0, 0, 0, 0, 0, 0, 0, 0, 0, 8, 128, 1024, 2, 2, 0, 0, 0, 0, 0, 0, 0, 0, 0, 0]",1024,128,524288.0,12582912.0,6442639394,6442649503,6442892034,6442912512,0,1,1,549309,1,10109,20478,128,32,32,3
152,1,"[8, 128, 1024, 2, 2, 0, 0, 0, 0, 0, 0, 0, 0, 0, 0, 0, 0, 0, 0, 0, 0, 0, 0, 0, 0, 0, 0, 0, 0, 0]",1024,128,524288.0,8388608.0,6442791533,6442800405,6442912513,6442920738,0,63103,63103,549310,1,8872,8225,128,32,32,3
203,1,"[128, 1024, 2, 2, 256, 2, 2, 1, 1, 0, 0, 1, 1, 1, 1, 1, 8, 0, 0, 0, 0, 0, 0, 0, 0, 0, 0, 0, 0, 0]",1024,256,0.0,0.0,6442973223,6442988851,6442983841,6445208347,12544,56832,53216,549311,2,14677,2220890,128,32,32,3
205,1,"[4, 0, 0, 0, 0, 0, 0, 0, 0, 0, 0, 0, 0, 0, 0, 4, 0, 0, 0, 0, 0, 0, 0, 0, 0, 0, 0, 0, 0, 0]",256,512,1048576.0,4194304.0,6445251887,6445618681,6445261563,6445706010,272,441470,87199,549312,2,21395,90176,128,32,32,3
152,1,"[8, 128, 256, 2, 2, 0, 0, 0, 0, 0, 0, 0, 0, 0, 0, 0, 0, 0, 0, 0, 0, 0, 0, 0, 0, 0, 0, 0, 0, 0]",256,128,131072.0,2097152.0,6445783337,6445793411,6445793209,6445796121,0,223232,223232,549313,1,10074,2912,128,32,32,3
203,1,"[128, 256, 2, 2, 256, 2, 2, 3, 3, 1, 1, 1, 1, 1, 1, 1, 8, 0, 0, 0, 0, 0, 0, 0, 0, 0, 0, 0, 0, 0]",16,256,0.0,0.0,6446008137,6446019593,6446019353,6451019754,18688,49920,49920,549314,1,11456,5000401,128,32,32,3
205,1,"[4, 0, 0, 0, 0, 0, 0, 0, 0, 0, 0, 0, 0, 0, 0, 4, 0, 0, 0, 0, 0, 0, 0, 0, 0, 0, 0, 0, 0, 0]",256,512,1048576.0,4194304.0,6451059916,6451318250,6451069674,6451405577,272,329216,83296,549315,2,20449,89983,128,32,32,3
152,1,"[8, 128, 256, 2, 2, 0, 0, 0, 0, 0, 0, 0, 0, 0, 0, 0, 0, 0, 0, 0, 0, 0, 0, 0, 0, 0, 0, 0, 0, 0]",256,128,131072.0,2097152.0,6451478611,6451488966,6451488873,6451491593,0,232959,232959,549316,1,10355,2720,128,32,32,3
203,1,"[128, 256, 2, 2, 1024, 2, 2, 1, 1, 0, 0, 1, 1, 1, 1, 1, 8, 0, 0, 0, 0, 0, 0, 0, 0, 0, 0, 0, 0, 0]",256,256,0.0,0.0,6451713743,6451729940,6451724552,6452926501,20736,57343,53024,549317,2,15228,1197630,128,32,32,3
205,1,"[4, 0, 0, 0, 0, 0, 0, 0, 0, 0, 0, 0, 0, 0, 0, 4, 0, 0, 0, 0, 0, 0, 0, 0, 0, 0, 0, 0, 0, 0]",1024,512,4194304.0,16777216.0,6452970116,6453221019,6452979525,6453561763,272,239871,320,549318,2,18810,342687,128,32,32,3
35,1,"[8, 128, 1024, 2, 2, 0, 0, 0, 0, 0, 0, 0, 0, 0, 0, 8, 128, 1024, 2, 2, 0, 0, 0, 0, 0, 0, 0, 0, 0, 0]",1024,128,524288.0,12582912.0,6453308458,6453316939,6453562083,6453582051,0,512,512,549319,1,8481,19968,128,32,32,3
152,1,"[8, 128, 1024, 2, 2, 0, 0, 0, 0, 0, 0, 0, 0, 0, 0, 0, 0, 0, 0, 0, 0, 0, 0, 0, 0, 0, 0, 0, 0, 0]",1024,128,524288.0,8388608.0,6453467406,6453476315,6453582563,6453590787,0,71008,71008,549320,1,8909,8224,128,32,32,3
203,1,"[128, 1024, 2, 2, 256, 2, 2, 1, 1, 0, 0, 1, 1, 1, 1, 1, 8, 0, 0, 0, 0, 0, 0, 0, 0, 0, 0, 0, 0, 0]",1024,256,0.0,0.0,6453651193,6453666853,6453661795,6455887805,12544,51104,46976,549321,2,14692,2221882,128,32,32,3
205,1,"[4, 0, 0, 0, 0, 0, 0, 0, 0, 0, 0, 0, 0, 0, 0, 4, 0, 0, 0, 0, 0, 0, 0, 0, 0, 0, 0, 0, 0, 0]",256,512,1048576.0,4194304.0,6455925466,6456178004,6455934781,6456265468,272,328767,88031,549322,2,19601,89951,128,32,32,3
152,1,"[8, 128, 256, 2, 2, 0, 0, 0, 0, 0, 0, 0, 0, 0, 0, 0, 0, 0, 0, 0, 0, 0, 0, 0, 0, 0, 0, 0, 0, 0]",256,128,131072.0,2097152.0,6456343868,6456354018,6456353499,6456357531,0,215488,215488,549323,1,10150,4032,128,32,32,3
203,1,"[128, 256, 2, 2, 256, 2, 2, 3, 3, 1, 1, 1, 1, 1, 1, 1, 8, 0, 0, 0, 0, 0, 0, 0, 0, 0, 0, 0, 0, 0]",16,256,0.0,0.0,6456562617,6456573632,6456573019,6461573773,18688,51263,51263,549324,1,11015,5000754,128,32,32,3
205,1,"[4, 0, 0, 0, 0, 0, 0, 0, 0, 0, 0, 0, 0, 0, 0, 4, 0, 0, 0, 0, 0, 0, 0, 0, 0, 0, 0, 0, 0, 0]",256,512,1048576.0,4194304.0,6461615378,6461873674,6461625036,6461960939,272,327328,81376,549325,2,20543,89951,128,32,32,3
152,1,"[8, 128, 256, 2, 2, 0, 0, 0, 0, 0, 0, 0, 0, 0, 0, 0, 0, 0, 0, 0, 0, 0, 0, 0, 0, 0, 0, 0, 0, 0]",256,128,131072.0,2097152.0,6462032656,6462042523,6462042315,6462046507,0,225696,225696,549326,1,9867,4192,128,32,32,3
203,1,"[128, 256, 2, 2, 1024, 2, 2, 1, 1, 0, 0, 1, 1, 1, 1, 1, 8, 0, 0, 0, 0, 0, 0, 0, 0, 0, 0, 0, 0, 0]",256,256,0.0,0.0,6462261659,6462277985,6462272203,6463474279,20736,53439,49248,549327,2,15342,1197885,128,32,32,3
205,1,"[4, 0, 0, 0, 0, 0, 0, 0, 0, 0, 0, 0, 0, 0, 0, 4, 0, 0, 0, 0, 0, 0, 0, 0, 0, 0, 0, 0, 0, 0]",1024,512,4194304.0,16777216.0,6463514898,6463780931,6463523527,6464121061,272,255615,480,549328,2,19478,342399,128,32,32,3
35,1,"[8, 128, 1024, 2, 2, 0, 0, 0, 0, 0, 0, 0, 0, 0, 0, 8, 128, 1024, 2, 2, 0, 0, 0, 0, 0, 0, 0, 0, 0, 0]",1024,128,524288.0,12582912.0,6463877626,6463887563,6464121541,6464141797,0,256,256,549329,1,9937,20256,128,32,32,3
152,1,"[8, 128, 1024, 2, 2, 0, 0, 0, 0, 0, 0, 0, 0, 0, 0, 0, 0, 0, 0, 0, 0, 0, 0, 0, 0, 0, 0, 0, 0, 0]",1024,128,524288.0,8388608.0,6464029505,6464038035,6464142053,6464150245,0,71776,71776,549330,1,8530,8192,128,32,32,3
203,1,"[128, 1024, 2, 2, 256, 2, 2, 1, 1, 0, 0, 1, 1, 1, 1, 1, 8, 0, 0, 0, 0, 0, 0, 0, 0, 0, 0, 0, 0, 0]",1024,256,0.0,0.0,6464211880,6464227474,6464222021,6466447487,12544,48544,45504,549331,2,14605,2222426,128,32,32,3
205,1,"[4, 0, 0, 0, 0, 0, 0, 0, 0, 0, 0, 0, 0, 0, 0, 4, 0, 0, 0, 0, 0, 0, 0, 0, 0, 0, 0, 0, 0, 0]",256,512,1048576.0,4194304.0,6466484254,6466851458,6466492991,6466939613,272,440511,84384,549332,2,19353,90495,128,32,32,3
152,1,"[8, 128, 256, 2, 2, 0, 0, 0, 0, 0, 0, 0, 0, 0, 0, 0, 0, 0, 0, 0, 0, 0, 0, 0, 0, 0, 0, 0, 0, 0]",256,128,131072.0,2097152.0,6467013813,6467023973,6467023997,6467027677,0,212639,212639,549333,1,10160,3680,128,32,32,3
203,1,"[128, 256, 2, 2, 256, 2, 2, 3, 3, 1, 1, 1, 1, 1, 1, 1, 8, 0, 0, 0, 0, 0, 0, 0, 0, 0, 0, 0, 0, 0]",16,256,0.0,0.0,6467229121,6467240382,6467240316,6472239502,18688,51488,51488,549334,1,11261,4999186,128,32,32,3
205,1,"[4, 0, 0, 0, 0, 0, 0, 0, 0, 0, 0, 0, 0, 0, 0, 4, 0, 0, 0, 0, 0, 0, 0, 0, 0, 0, 0, 0, 0, 0]",256,512,1048576.0,4194304.0,6472280940,6472544754,6472290990,6472633037,272,331455,79552,549335,2,20101,90144,128,32,32,3
152,1,"[8, 128, 256, 2, 2, 0, 0, 0, 0, 0, 0, 0, 0, 0, 0, 0, 0, 0, 0, 0, 0, 0, 0, 0, 0, 0, 0, 0, 0, 0]",256,128,131072.0,2097152.0,6472702554,6472712548,6472712589,6472716333,0,213567,213567,549336,1,9994,3744,128,32,32,3
203,1,"[128, 256, 2, 2, 1024, 2, 2, 1, 1, 0, 0, 1, 1, 1, 1, 1, 8, 0, 0, 0, 0, 0, 0, 0, 0, 0, 0, 0, 0, 0]",256,256,0.0,0.0,6472919233,6472935791,6472929900,6474131561,20736,56480,52064,549337,2,15560,1197245,128,32,32,3
205,1,"[4, 0, 0, 0, 0, 0, 0, 0, 0, 0, 0, 0, 0, 0, 0, 4, 0, 0, 0, 0, 0, 0, 0, 0, 0, 0, 0, 0, 0, 0]",1024,512,4194304.0,16777216.0,6474174521,6474432725,6474183625,6474773190,272,247712,1,549338,2,19207,341854,128,32,32,3
35,1,"[8, 128, 1024, 2, 2, 0, 0, 0, 0, 0, 0, 0, 0, 0, 0, 8, 128, 1024, 2, 2, 0, 0, 0, 0, 0, 0, 0, 0, 0, 0]",1024,128,524288.0,12582912.0,6474521191,6474530409,6474773191,6474793671,0,1088,1088,549339,1,9218,20480,128,32,32,3
152,1,"[8, 128, 1024, 2, 2, 0, 0, 0, 0, 0, 0, 0, 0, 0, 0, 0, 0, 0, 0, 0, 0, 0, 0, 0, 0, 0, 0, 0, 0, 0]",1024,128,524288.0,8388608.0,6474673307,6474689632,6474794759,6474801863,0,72896,72896,549340,1,16325,7104,128,32,32,3
203,1,"[128, 1024, 2, 2, 256, 2, 2, 1, 1, 0, 0, 1, 1, 1, 1, 1, 8, 0, 0, 0, 0, 0, 0, 0, 0, 0, 0, 0, 0, 0]",1024,256,0.0,0.0,6474864318,6474879812,6474874759,6477099712,12544,50016,46272,549341,2,14494,2221209,128,32,32,3
205,1,"[4, 0, 0, 0, 0, 0, 0, 0, 0, 0, 0, 0, 0, 0, 0, 4, 0, 0, 0, 0, 0, 0, 0, 0, 0, 0, 0, 0, 0, 0]",256,512,1048576.0,4194304.0,6477136125,6477395457,6477145984,6477483775,272,326144,79296,549342,2,20385,90943,128,32,32,3
152,1,"[8, 128, 256, 2, 2, 0, 0, 0, 0, 0, 0, 0, 0, 0, 0, 0, 0, 0, 0, 0, 0, 0, 0, 0, 0, 0, 0, 0, 0, 0]",256,128,131072.0,2097152.0,6477553816,6477563526,6477563071,6477566655,0,223231,223231,549343,1,9710,3584,128,32,32,3
203,1,"[128, 256, 2, 2, 256, 2, 2, 3, 3, 1, 1, 1, 1, 1, 1, 1, 8, 0, 0, 0, 0, 0, 0, 0, 0, 0, 0, 0, 0, 0]",16,256,0.0,0.0,6477779440,6477789933,6477789886,6482789040,18688,60448,60448,549344,1,10493,4999154,128,32,32,3
205,1,"[4, 0, 0, 0, 0, 0, 0, 0, 0, 0, 0, 0, 0, 0, 0, 4, 0, 0, 0, 0, 0, 0, 0, 0, 0, 0, 0, 0, 0, 0]",256,512,1048576.0,4194304.0,6482838006,6483110348,6482849488,6483198639,272,340256,81440,549345,2,22404,90335,128,32,32,3
152,1,"[8, 128, 256, 2, 2, 0, 0, 0, 0, 0, 0, 0, 0, 0, 0, 0, 0, 0, 0, 0, 0, 0, 0, 0, 0, 0, 0, 0, 0, 0]",256,128,131072.0,2097152.0,6483269956,6483280033,6483280079,6483283727,0,225535,225535,549346,1,10077,3648,128,32,32,3
203,1,"[128, 256, 2, 2, 1024, 2, 2, 1, 1, 0, 0, 1, 1, 1, 1, 1, 8, 0, 0, 0, 0, 0, 0, 0, 0, 0, 0, 0, 0, 0]",256,256,0.0,0.0,6483498298,6483514736,6483509262,6484709899,20736,51072,47264,549347,2,15486,1196829,128,32,32,3
205,1,"[4, 0, 0, 0, 0, 0, 0, 0, 0, 0, 0, 0, 0, 0, 0, 4, 0, 0, 0, 0, 0, 0, 0, 0, 0, 0, 0, 0, 0, 0]",1024,512,4194304.0,16777216.0,6484747580,6484999890,6484757163,6485340808,272,240832,1,549348,2,19271,342814,128,32,32,3
35,1,"[8, 128, 1024, 2, 2, 0, 0, 0, 0, 0, 0, 0, 0, 0, 0, 8, 128, 1024, 2, 2, 0, 0, 0, 0, 0, 0, 0, 0, 0, 0]",1024,128,524288.0,12582912.0,6485086621,6485095307,6485340809,6485361289,0,288,288,549349,1,8686,20480,128,32,32,3
152,1,"[8, 128, 1024, 2, 2, 0, 0, 0, 0, 0, 0, 0, 0, 0, 0, 0, 0, 0, 0, 0, 0, 0, 0, 0, 0, 0, 0, 0, 0, 0]",1024,128,524288.0,8388608.0,6485243870,6485252585,6485361577,6485369513,0,67904,67904,549350,1,8715,7936,128,32,32,3
203,1,"[128, 1024, 2, 2, 256, 2, 2, 1, 1, 0, 0, 1, 1, 1, 1, 1, 8, 0, 0, 0, 0, 0, 0, 0, 0, 0, 0, 0, 0, 0]",1024,256,0.0,0.0,6485427334,6485442875,6485437417,6487663043,12544,57375,54495,549351,2,14537,2222746,128,32,32,3
205,1,"[4, 0, 0, 0, 0, 0, 0, 0, 0, 0, 0, 0, 0, 0, 0, 4, 0, 0, 0, 0, 0, 0, 0, 0, 0, 0, 0, 0, 0, 0]",256,512,1048576.0,4194304.0,6487706947,6487966977,6487717538,6488054434,272,327966,81215,549352,2,21616,90145,128,32,32,3
152,1,"[8, 128, 256, 2, 2, 0, 0, 0, 0, 0, 0, 0, 0, 0, 0, 0, 0, 0, 0, 0, 0, 0, 0, 0, 0, 0, 0, 0, 0, 0]",256,128,131072.0,2097152.0,6488125337,6488135643,6488135649,6488138401,0,221600,221600,549353,1,10306,2752,128,32,32,3
203,1,"[128, 256, 2, 2, 256, 2, 2, 3, 3, 1, 1, 1, 1, 1, 1, 1, 8, 0, 0, 0, 0, 0, 0, 0, 0, 0, 0, 0, 0, 0]",16,256,0.0,0.0,6488349359,6488360701,6488360001,6493358738,18688,55296,55296,549354,1,11342,4998737,128,32,32,3
205,1,"[4, 0, 0, 0, 0, 0, 0, 0, 0, 0, 0, 0, 0, 0, 0, 4, 0, 0, 0, 0, 0, 0, 0, 0, 0, 0, 0, 0, 0, 0]",256,512,1048576.0,4194304.0,6493404123,6493659093,6493414034,6493747153,272,330880,88064,549355,2,20452,90303,128,32,32,3
152,1,"[8, 128, 256, 2, 2, 0, 0, 0, 0, 0, 0, 0, 0, 0, 0, 0, 0, 0, 0, 0, 0, 0, 0, 0, 0, 0, 0, 0, 0, 0]",256,128,131072.0,2097152.0,6493825101,6493835423,6493835217,6493839473,0,217632,217632,549356,1,10322,4256,128,32,32,3
203,1,"[128, 256, 2, 2, 1024, 2, 2, 1, 1, 0, 0, 1, 1, 1, 1, 1, 8, 0, 0, 0, 0, 0, 0, 0, 0, 0, 0, 0, 0, 0]",256,256,0.0,0.0,6494045834,6494062513,6494057105,6495258797,20736,49664,45600,549357,2,15717,1197628,128,32,32,3
205,1,"[4, 0, 0, 0, 0, 0, 0, 0, 0, 0, 0, 0, 0, 0, 0, 4, 0, 0, 0, 0, 0, 0, 0, 0, 0, 0, 0, 0, 0, 0]",1024,512,4194304.0,16777216.0,6495295720,6495554318,6495304397,6495895691,272,248319,512,549358,2,19453,343487,128,32,32,3
35,1,"[8, 128, 1024, 2, 2, 0, 0, 0, 0, 0, 0, 0, 0, 0, 0, 8, 128, 1024, 2, 2, 0, 0, 0, 0, 0, 0, 0, 0, 0, 0]",1024,128,524288.0,12582912.0,6495679744,6495691343,6495896203,6495916363,0,288,288,549359,1,11599,20160,128,32,32,3
152,1,"[8, 128, 1024, 2, 2, 0, 0, 0, 0, 0, 0, 0, 0, 0, 0, 0, 0, 0, 0, 0, 0, 0, 0, 0, 0, 0, 0, 0, 0, 0]",1024,128,524288.0,8388608.0,6495836819,6495845659,6495916651,6495924875,0,106432,106432,549360,1,8840,8224,128,32,32,3
203,1,"[128, 1024, 2, 2, 256, 2, 2, 1, 1, 0, 0, 1, 1, 1, 1, 1, 8, 0, 0, 0, 0, 0, 0, 0, 0, 0, 0, 0, 0, 0]",1024,256,0.0,0.0,6496020165,6496035974,6496031307,6498256997,12544,48863,44799,549361,2,14849,2221626,128,32,32,3
205,1,"[4, 0, 0, 0, 0, 0, 0, 0, 0, 0, 0, 0, 0, 0, 0, 4, 0, 0, 0, 0, 0, 0, 0, 0, 0, 0, 0, 0, 0, 0]",256,512,1048576.0,4194304.0,6498292676,6498546242,6498301796,6498634372,272,323967,81503,549362,2,18843,90112,128,32,32,3
152,1,"[8, 128, 256, 2, 2, 0, 0, 0, 0, 0, 0, 0, 0, 0, 0, 0, 0, 0, 0, 0, 0, 0, 0, 0, 0, 0, 0, 0, 0, 0]",256,128,131072.0,2097152.0,6498706342,6498715810,6498715875,6498719619,0,211328,211328,549363,1,9468,3744,128,32,32,3
203,1,"[128, 256, 2, 2, 256, 2, 2, 3, 3, 1, 1, 1, 1, 1, 1, 1, 8, 0, 0, 0, 0, 0, 0, 0, 0, 0, 0, 0, 0, 0]",16,256,0.0,0.0,6498920574,6498931144,6498930947,6503930484,18688,59488,59488,549364,1,10570,4999537,128,32,32,3
205,1,"[4, 0, 0, 0, 0, 0, 0, 0, 0, 0, 0, 0, 0, 0, 0, 4, 0, 0, 0, 0, 0, 0, 0, 0, 0, 0, 0, 0, 0, 0]",256,512,1048576.0,4194304.0,6503979212,6504242455,6503989972,6504329843,272,339936,89856,549365,2,21494,89791,128,32,32,3
152,1,"[8, 128, 256, 2, 2, 0, 0, 0, 0, 0, 0, 0, 0, 0, 0, 0, 0, 0, 0, 0, 0, 0, 0, 0, 0, 0, 0, 0, 0, 0]",256,128,131072.0,2097152.0,6504409830,6504419660,6504419699,6504423411,0,218751,218751,549366,1,9830,3712,128,32,32,3
203,1,"[128, 256, 2, 2, 1024, 2, 2, 1, 1, 0, 0, 1, 1, 1, 1, 1, 8, 0, 0, 0, 0, 0, 0, 0, 0, 0, 0, 0, 0, 0]",256,256,0.0,0.0,6504630950,6504648104,6504642162,6505843311,20736,51136,46752,549367,2,16172,1196765,128,32,32,3
205,1,"[4, 0, 0, 0, 0, 0, 0, 0, 0, 0, 0, 0, 0, 0, 0, 4, 0, 0, 0, 0, 0, 0, 0, 0, 0, 0, 0, 0, 0, 0]",1024,512,4194304.0,16777216.0,6505880647,6506137812,6505890063,6506478188,272,245760,1,549368,2,19630,342366,128,32,32,3
35,1,"[8, 128, 1024, 2, 2, 0, 0, 0, 0, 0, 0, 0, 0, 0, 0, 8, 128, 1024, 2, 2, 0, 0, 0, 0, 0, 0, 0, 0, 0, 0]",1024,128,524288.0,12582912.0,6506225664,6506234169,6506478189,6506498636,0,1,1,549369,1,8505,20447,128,32,32,3
152,1,"[8, 128, 1024, 2, 2, 0, 0, 0, 0, 0, 0, 0, 0, 0, 0, 0, 0, 0, 0, 0, 0, 0, 0, 0, 0, 0, 0, 0, 0, 0]",1024,128,524288.0,8388608.0,6506484252,6506495131,6506498637,6506506861,0,178240,178240,549370,1,10879,8224,128,32,32,3
203,1,"[128, 1024, 2, 2, 256, 2, 2, 1, 1, 0, 0, 1, 1, 1, 1, 1, 8, 0, 0, 0, 0, 0, 0, 0, 0, 0, 0, 0, 0, 0]",1024,256,0.0,0.0,6506675187,6506690971,6506685101,6508911206,12544,51616,47072,549371,2,14848,2221561,128,32,32,3
205,1,"[4, 0, 0, 0, 0, 0, 0, 0, 0, 0, 0, 0, 0, 0, 0, 4, 0, 0, 0, 0, 0, 0, 0, 0, 0, 0, 0, 0, 0, 0]",256,512,1048576.0,4194304.0,6508948891,6509206255,6508958278,6509294181,272,326687,80928,549372,2,20316,90144,128,32,32,3
152,1,"[8, 128, 256, 2, 2, 0, 0, 0, 0, 0, 0, 0, 0, 0, 0, 0, 0, 0, 0, 0, 0, 0, 0, 0, 0, 0, 0, 0, 0, 0]",256,128,131072.0,2097152.0,6509365415,6509375547,6509375109,6509378149,0,220735,220735,549373,1,10132,3040,128,32,32,3
203,1,"[128, 256, 2, 2, 256, 2, 2, 3, 3, 1, 1, 1, 1, 1, 1, 1, 8, 0, 0, 0, 0, 0, 0, 0, 0, 0, 0, 0, 0, 0]",16,256,0.0,0.0,6509588390,6509599161,6509598884,6514598486,18688,58880,58880,549374,1,10771,4999602,128,32,32,3
205,1,"[4, 0, 0, 0, 0, 0, 0, 0, 0, 0, 0, 0, 0, 0, 0, 4, 0, 0, 0, 0, 0, 0, 0, 0, 0, 0, 0, 0, 0, 0]",256,512,1048576.0,4194304.0,6514646193,6514907399,6514657366,6514995669,272,325823,77952,549375,2,21485,90432,128,32,32,3
152,1,"[8, 128, 256, 2, 2, 0, 0, 0, 0, 0, 0, 0, 0, 0, 0, 0, 0, 0, 0, 0, 0, 0, 0, 0, 0, 0, 0, 0, 0, 0]",256,128,131072.0,2097152.0,6515063512,6515073727,6515073621,6515077717,0,222239,222239,549376,1,10215,4096,128,32,32,3
203,1,"[128, 256, 2, 2, 1024, 2, 2, 1, 1, 0, 0, 1, 1, 1, 1, 1, 8, 0, 0, 0, 0, 0, 0, 0, 0, 0, 0, 0, 0, 0]",256,256,0.0,0.0,6515288714,6515305380,6515299956,6516502097,20736,53248,48128,549377,2,15697,1197021,128,32,32,3
205,1,"[4, 0, 0, 0, 0, 0, 0, 0, 0, 0, 0, 0, 0, 0, 0, 4, 0, 0, 0, 0, 0, 0, 0, 0, 0, 0, 0, 0, 0, 0]",1024,512,4194304.0,16777216.0,6516541184,6516794196,6516550225,6517133903,272,243231,1568,549378,2,19255,342015,128,32,32,3
35,1,"[8, 128, 1024, 2, 2, 0, 0, 0, 0, 0, 0, 0, 0, 0, 0, 8, 128, 1024, 2, 2, 0, 0, 0, 0, 0, 0, 0, 0, 0, 0]",1024,128,524288.0,12582912.0,6516887601,6516896928,6517135471,6517155439,0,544,544,549379,1,9327,19968,128,32,32,3
152,1,"[8, 128, 1024, 2, 2, 0, 0, 0, 0, 0, 0, 0, 0, 0, 0, 0, 0, 0, 0, 0, 0, 0, 0, 0, 0, 0, 0, 0, 0, 0]",1024,128,524288.0,8388608.0,6517040403,6517048911,6517155983,6517164175,0,65184,65184,549380,1,8508,8192,128,32,32,3
203,1,"[128, 1024, 2, 2, 256, 2, 2, 1, 1, 0, 0, 1, 1, 1, 1, 1, 8, 0, 0, 0, 0, 0, 0, 0, 0, 0, 0, 0, 0, 0]",1024,256,0.0,0.0,6517218830,6517234809,6517229359,6519454280,12544,48928,45056,549381,2,14955,2221049,128,32,32,3
205,1,"[4, 0, 0, 0, 0, 0, 0, 0, 0, 0, 0, 0, 0, 0, 0, 4, 0, 0, 0, 0, 0, 0, 0, 0, 0, 0, 0, 0, 0, 0]",256,512,1048576.0,4194304.0,6519490381,6519796363,6519499336,6519884359,272,388479,93600,549382,2,20713,90144,128,32,32,3
152,1,"[8, 128, 256, 2, 2, 0, 0, 0, 0, 0, 0, 0, 0, 0, 0, 0, 0, 0, 0, 0, 0, 0, 0, 0, 0, 0, 0, 0, 0, 0]",256,128,131072.0,2097152.0,6519967985,6519978231,6519977959,6519981703,0,212383,212383,549383,1,10246,3744,128,32,32,3
203,1,"[128, 256, 2, 2, 256, 2, 2, 3, 3, 1, 1, 1, 1, 1, 1, 1, 8, 0, 0, 0, 0, 0, 0, 0, 0, 0, 0, 0, 0, 0]",16,256,0.0,0.0,6520183486,6520194676,6520194086,6525193912,18688,50144,50144,549384,1,11190,4999826,128,32,32,3
205,1,"[4, 0, 0, 0, 0, 0, 0, 0, 0, 0, 0, 0, 0, 0, 0, 4, 0, 0, 0, 0, 0, 0, 0, 0, 0, 0, 0, 0, 0, 0]",256,512,1048576.0,4194304.0,6525234295,6525485993,6525244056,6525573687,272,329855,90272,549385,2,20638,90048,128,32,32,3
152,1,"[8, 128, 256, 2, 2, 0, 0, 0, 0, 0, 0, 0, 0, 0, 0, 0, 0, 0, 0, 0, 0, 0, 0, 0, 0, 0, 0, 0, 0, 0]",256,128,131072.0,2097152.0,6525653884,6525664395,6525663959,6525667895,0,217599,217599,549386,1,10511,3936,128,32,32,3
203,1,"[128, 256, 2, 2, 1024, 2, 2, 1, 1, 0, 0, 1, 1, 1, 1, 1, 8, 0, 0, 0, 0, 0, 0, 0, 0, 0, 0, 0, 0, 0]",256,256,0.0,0.0,6525874685,6525891471,6525885494,6527087155,20736,49664,45024,549387,2,15858,1197021,128,32,32,3
205,1,"[4, 0, 0, 0, 0, 0, 0, 0, 0, 0, 0, 0, 0, 0, 0, 4, 0, 0, 0, 0, 0, 0, 0, 0, 0, 0, 0, 0, 0, 0]",1024,512,4194304.0,16777216.0,6527123575,6527479726,6527132179,6527820049,272,345599,256,549388,2,20070,342527,128,32,32,3
35,1,"[8, 128, 1024, 2, 2, 0, 0, 0, 0, 0, 0, 0, 0, 0, 0, 8, 128, 1024, 2, 2, 0, 0, 0, 0, 0, 0, 0, 0, 0, 0]",1024,128,524288.0,12582912.0,6527574455,6527583982,6527820305,6527840465,0,352,352,549389,1,9527,20160,128,32,32,3
152,1,"[8, 128, 1024, 2, 2, 0, 0, 0, 0, 0, 0, 0, 0, 0, 0, 0, 0, 0, 0, 0, 0, 0, 0, 0, 0, 0, 0, 0, 0, 0]",1024,128,524288.0,8388608.0,6527760440,6527771390,6527840817,6527849009,0,117855,117855,549390,1,10950,8192,128,32,32,3
203,1,"[128, 1024, 2, 2, 256, 2, 2, 1, 1, 0, 0, 1, 1, 1, 1, 1, 8, 0, 0, 0, 0, 0, 0, 0, 0, 0, 0, 0, 0, 0]",1024,256,0.0,0.0,6527955745,6527971868,6527966864,6530191818,12544,47680,45120,549391,2,15126,2222394,128,32,32,3
205,1,"[4, 0, 0, 0, 0, 0, 0, 0, 0, 0, 0, 0, 0, 0, 0, 4, 0, 0, 0, 0, 0, 0, 0, 0, 0, 0, 0, 0, 0, 0]",256,512,1048576.0,4194304.0,6530228372,6530483804,6530236938,6530572361,272,327775,82752,549392,2,18799,90400,128,32,32,3
152,1,"[8, 128, 256, 2, 2, 0, 0, 0, 0, 0, 0, 0, 0, 0, 0, 0, 0, 0, 0, 0, 0, 0, 0, 0, 0, 0, 0, 0, 0, 0]",256,128,131072.0,2097152.0,6530645437,6530656008,6530655113,6530658857,0,221247,221247,549393,1,10571,3744,128,32,32,3
203,1,"[128, 256, 2, 2, 256, 2, 2, 3, 3, 1, 1, 1, 1, 1, 1, 1, 8, 0, 0, 0, 0, 0, 0, 0, 0, 0, 0, 0, 0, 0]",16,256,0.0,0.0,6530870015,6530880708,6530880104,6535879194,18688,61408,61408,549394,1,10693,4999090,128,32,32,3
205,1,"[4, 0, 0, 0, 0, 0, 0, 0, 0, 0, 0, 0, 0, 0, 0, 4, 0, 0, 0, 0, 0, 0, 0, 0, 0, 0, 0, 0, 0, 0]",256,512,1048576.0,4194304.0,6535930098,6536205012,6535940602,6536292889,272,345470,83359,549395,2,22250,90176,128,32,32,3
152,1,"[8, 128, 256, 2, 2, 0, 0, 0, 0, 0, 0, 0, 0, 0, 0, 0, 0, 0, 0, 0, 0, 0, 0, 0, 0, 0, 0, 0, 0, 0]",256,128,131072.0,2097152.0,6536365177,6536375600,6536376248,6536378904,0,225280,225280,549396,1,10423,2656,128,32,32,3
203,1,"[128, 256, 2, 2, 1024, 2, 2, 1, 1, 0, 0, 1, 1, 1, 1, 1, 8, 0, 0, 0, 0, 0, 0, 0, 0, 0, 0, 0, 0, 0]",256,256,0.0,0.0,6536593729,6536609753,6536604184,6537806356,20736,57568,53248,549397,2,15103,1197852,128,32,32,3
205,1,"[4, 0, 0, 0, 0, 0, 0, 0, 0, 0, 0, 0, 0, 0, 0, 4, 0, 0, 0, 0, 0, 0, 0, 0, 0, 0, 0, 0, 0, 0]",1024,512,4194304.0,16777216.0,6537850091,6538100122,6537859604,6538440659,272,239231,576,549398,2,19461,342400,128,32,32,3
35,1,"[8, 128, 1024, 2, 2, 0, 0, 0, 0, 0, 0, 0, 0, 0, 0, 8, 128, 1024, 2, 2, 0, 0, 0, 0, 0, 0, 0, 0, 0, 0]",1024,128,524288.0,12582912.0,6538188202,6538196988,6538441235,6538460915,0,608,608,549399,1,8786,19680,128,32,32,3
152,1,"[8, 128, 1024, 2, 2, 0, 0, 0, 0, 0, 0, 0, 0, 0, 0, 0, 0, 0, 0, 0, 0, 0, 0, 0, 0, 0, 0, 0, 0, 0]",1024,128,524288.0,8388608.0,6538349242,6538357988,6538461523,6538469907,0,69631,69631,549400,1,8746,8384,128,32,32,3
203,1,"[128, 1024, 2, 2, 256, 2, 2, 1, 1, 0, 0, 1, 1, 1, 1, 1, 8, 0, 0, 0, 0, 0, 0, 0, 0, 0, 0, 0, 0, 0]",1024,256,0.0,0.0,6538529370,6538545484,6538539538,6540765516,12544,49696,45568,549401,2,15195,2221850,128,32,32,3
205,1,"[4, 0, 0, 0, 0, 0, 0, 0, 0, 0, 0, 0, 0, 0, 0, 4, 0, 0, 0, 0, 0, 0, 0, 0, 0, 0, 0, 0, 0, 0]",256,512,1048576.0,4194304.0,6540802289,6541051719,6540811084,6541140235,272,328223,90304,549402,2,18973,91232,128,32,32,3
152,1,"[8, 128, 256, 2, 2, 0, 0, 0, 0, 0, 0, 0, 0, 0, 0, 0, 0, 0, 0, 0, 0, 0, 0, 0, 0, 0, 0, 0, 0, 0]",256,128,131072.0,2097152.0,6541220337,6541230000,6541230539,6541234155,0,214047,214047,549403,1,9663,3616,128,32,32,3
203,1,"[128, 256, 2, 2, 256, 2, 2, 3, 3, 1, 1, 1, 1, 1, 1, 1, 8, 0, 0, 0, 0, 0, 0, 0, 0, 0, 0, 0, 0, 0]",16,256,0.0,0.0,6541437847,6541448871,6541448202,6546447932,18688,54176,54176,549404,1,11024,4999730,128,32,32,3
205,1,"[4, 0, 0, 0, 0, 0, 0, 0, 0, 0, 0, 0, 0, 0, 0, 4, 0, 0, 0, 0, 0, 0, 0, 0, 0, 0, 0, 0, 0, 0]",256,512,1048576.0,4194304.0,6546488081,6546745737,6546502108,6546833883,272,321246,79903,549405,2,24411,90432,128,32,32,3
152,1,"[8, 128, 256, 2, 2, 0, 0, 0, 0, 0, 0, 0, 0, 0, 0, 0, 0, 0, 0, 0, 0, 0, 0, 0, 0, 0, 0, 0, 0, 0]",256,128,131072.0,2097152.0,6546904504,6546913884,6546913786,6546917690,0,224672,224672,549406,1,9380,3904,128,32,32,3
203,1,"[128, 256, 2, 2, 1024, 2, 2, 1, 1, 0, 0, 1, 1, 1, 1, 1, 8, 0, 0, 0, 0, 0, 0, 0, 0, 0, 0, 0, 0, 0]",256,256,0.0,0.0,6547131912,6547147668,6547142362,6548343286,20736,53664,49408,549407,2,14760,1196668,128,32,32,3
205,1,"[4, 0, 0, 0, 0, 0, 0, 0, 0, 0, 0, 0, 0, 0, 0, 4, 0, 0, 0, 0, 0, 0, 0, 0, 0, 0, 0, 0, 0, 0]",1024,512,4194304.0,16777216.0,6548383439,6548746598,6548392694,6549086675,272,351744,1,549408,2,20475,342238,128,32,32,3
35,1,"[8, 128, 1024, 2, 2, 0, 0, 0, 0, 0, 0, 0, 0, 0, 0, 8, 128, 1024, 2, 2, 0, 0, 0, 0, 0, 0, 0, 0, 0, 0]",1024,128,524288.0,12582912.0,6548836326,6548845632,6549086676,6549107188,0,640,640,549409,1,9306,20512,128,32,32,3
152,1,"[8, 128, 1024, 2, 2, 0, 0, 0, 0, 0, 0, 0, 0, 0, 0, 0, 0, 0, 0, 0, 0, 0, 0, 0, 0, 0, 0, 0, 0, 0]",1024,128,524288.0,8388608.0,6548988946,6548998090,6549107828,6549115380,0,73472,73472,549410,1,9144,7552,128,32,32,3
203,1,"[128, 1024, 2, 2, 256, 2, 2, 1, 1, 0, 0, 1, 1, 1, 1, 1, 8, 0, 0, 0, 0, 0, 0, 0, 0, 0, 0, 0, 0, 0]",1024,256,0.0,0.0,6549177939,6549194417,6549188852,6551414638,12544,51520,47424,549411,2,15499,2221690,128,32,32,3
205,1,"[4, 0, 0, 0, 0, 0, 0, 0, 0, 0, 0, 0, 0, 0, 0, 4, 0, 0, 0, 0, 0, 0, 0, 0, 0, 0, 0, 0, 0, 0]",256,512,1048576.0,4194304.0,6551452991,6551715429,6551462062,6551804013,272,333759,82272,549412,2,19006,90464,128,32,32,3
152,1,"[8, 128, 256, 2, 2, 0, 0, 0, 0, 0, 0, 0, 0, 0, 0, 0, 0, 0, 0, 0, 0, 0, 0, 0, 0, 0, 0, 0, 0, 0]",256,128,131072.0,2097152.0,6551875745,6551886592,6551886285,6551890284,0,219264,219264,549413,1,10847,3999,128,32,32,3
203,1,"[128, 256, 2, 2, 256, 2, 2, 3, 3, 1, 1, 1, 1, 1, 1, 1, 8, 0, 0, 0, 0, 0, 0, 0, 0, 0, 0, 0, 0, 0]",16,256,0.0,0.0,6552098684,6552110154,6552109548,6557110366,18688,45408,45408,549414,1,11470,5000818,128,32,32,3
205,1,"[4, 0, 0, 0, 0, 0, 0, 0, 0, 0, 0, 0, 0, 0, 0, 4, 0, 0, 0, 0, 0, 0, 0, 0, 0, 0, 0, 0, 0, 0]",256,512,1048576.0,4194304.0,6557146530,6557403731,6557155774,6557491677,272,326175,80415,549415,2,19749,90143,128,32,32,3
152,1,"[8, 128, 256, 2, 2, 0, 0, 0, 0, 0, 0, 0, 0, 0, 0, 0, 0, 0, 0, 0, 0, 0, 0, 0, 0, 0, 0, 0, 0, 0]",256,128,131072.0,2097152.0,6557563106,6557572587,6557572092,6557575644,0,224352,224352,549416,1,9481,3552,128,32,32,3
203,1,"[128, 256, 2, 2, 1024, 2, 2, 1, 1, 0, 0, 1, 1, 1, 1, 1, 8, 0, 0, 0, 0, 0, 0, 0, 0, 0, 0, 0, 0, 0]",256,256,0.0,0.0,6557789567,6557806015,6557799996,6559002296,20736,61696,56064,549417,2,15522,1196668,128,32,32,3
205,1,"[4, 0, 0, 0, 0, 0, 0, 0, 0, 0, 0, 0, 0, 0, 0, 4, 0, 0, 0, 0, 0, 0, 0, 0, 0, 0, 0, 0, 0, 0]",1024,512,4194304.0,16777216.0,6559048201,6559316297,6559058360,6559657494,272,256447,480,549418,2,21052,343167,128,32,32,3
35,1,"[8, 128, 1024, 2, 2, 0, 0, 0, 0, 0, 0, 0, 0, 0, 0, 8, 128, 1024, 2, 2, 0, 0, 0, 0, 0, 0, 0, 0, 0, 0]",1024,128,524288.0,12582912.0,6559402749,6559412464,6559657974,6559676886,0,1312,1312,549419,1,9715,18912,128,32,32,3
152,1,"[8, 128, 1024, 2, 2, 0, 0, 0, 0, 0, 0, 0, 0, 0, 0, 0, 0, 0, 0, 0, 0, 0, 0, 0, 0, 0, 0, 0, 0, 0]",1024,128,524288.0,8388608.0,6559564193,6559572919,6559678198,6559686326,0,78592,78592,549420,1,8726,8128,128,32,32,3
203,1,"[128, 1024, 2, 2, 256, 2, 2, 1, 1, 0, 0, 1, 1, 1, 1, 1, 8, 0, 0, 0, 0, 0, 0, 0, 0, 0, 0, 0, 0, 0]",1024,256,0.0,0.0,6559753941,6559769950,6559764918,6561989072,12544,52256,48704,549421,2,15047,2220602,128,32,32,3
205,1,"[4, 0, 0, 0, 0, 0, 0, 0, 0, 0, 0, 0, 0, 0, 0, 4, 0, 0, 0, 0, 0, 0, 0, 0, 0, 0, 0, 0, 0, 0]",256,512,1048576.0,4194304.0,6562027707,6562278204,6562037776,6562365903,272,325439,87456,549422,2,20137,90144,128,32,32,3
152,1,"[8, 128, 256, 2, 2, 0, 0, 0, 0, 0, 0, 0, 0, 0, 0, 0, 0, 0, 0, 0, 0, 0, 0, 0, 0, 0, 0, 0, 0, 0]",256,128,131072.0,2097152.0,6562443099,6562453429,6562453359,6562457102,0,213664,213664,549423,1,10330,3743,128,32,32,3
203,1,"[128, 256, 2, 2, 256, 2, 2, 3, 3, 1, 1, 1, 1, 1, 1, 1, 8, 0, 0, 0, 0, 0, 0, 0, 0, 0, 0, 0, 0, 0]",16,256,0.0,0.0,6562659119,6562670466,6562670766,6567671264,18688,62432,62432,549424,1,11347,5000498,128,32,32,3
205,1,"[4, 0, 0, 0, 0, 0, 0, 0, 0, 0, 0, 0, 0, 0, 0, 4, 0, 0, 0, 0, 0, 0, 0, 0, 0, 0, 0, 0, 0, 0]",256,512,1048576.0,4194304.0,6567722962,6567994989,6567733696,6568083327,272,341471,82175,549425,2,21809,90335,128,32,32,3
152,1,"[8, 128, 256, 2, 2, 0, 0, 0, 0, 0, 0, 0, 0, 0, 0, 0, 0, 0, 0, 0, 0, 0, 0, 0, 0, 0, 0, 0, 0, 0]",256,128,131072.0,2097152.0,6568155873,6568165558,6568165502,6568169118,0,224224,224224,549426,1,9685,3616,128,32,32,3
203,1,"[128, 256, 2, 2, 1024, 2, 2, 1, 1, 0, 0, 1, 1, 1, 1, 1, 8, 0, 0, 0, 0, 0, 0, 0, 0, 0, 0, 0, 0, 0]",256,256,0.0,0.0,6568382768,6568398946,6568393342,6569596698,20736,57313,53248,549427,2,15213,1199291,128,32,32,3
205,1,"[4, 0, 0, 0, 0, 0, 0, 0, 0, 0, 0, 0, 0, 0, 0, 4, 0, 0, 0, 0, 0, 0, 0, 0, 0, 0, 0, 0, 0, 0]",1024,512,4194304.0,16777216.0,6569639325,6569896578,6569649946,6570236344,272,245375,1024,549428,2,20924,342047,128,32,32,3
35,1,"[8, 128, 1024, 2, 2, 0, 0, 0, 0, 0, 0, 0, 0, 0, 0, 8, 128, 1024, 2, 2, 0, 0, 0, 0, 0, 0, 0, 0, 0, 0]",1024,128,524288.0,12582912.0,6569982887,6569991907,6570237368,6570256824,0,1440,1440,549429,1,9020,19456,128,32,32,3
152,1,"[8, 128, 1024, 2, 2, 0, 0, 0, 0, 0, 0, 0, 0, 0, 0, 0, 0, 0, 0, 0, 0, 0, 0, 0, 0, 0, 0, 0, 0, 0]",1024,128,524288.0,8388608.0,6570141887,6570150428,6570258264,6570266840,0,67808,67808,549430,1,8541,8576,128,32,32,3
203,1,"[128, 1024, 2, 2, 256, 2, 2, 1, 1, 0, 0, 1, 1, 1, 1, 1, 8, 0, 0, 0, 0, 0, 0, 0, 0, 0, 0, 0, 0, 0]",1024,256,0.0,0.0,6570324561,6570340296,6570334648,6572560562,12544,51616,47488,549431,2,14800,2221786,128,32,32,3
205,1,"[4, 0, 0, 0, 0, 0, 0, 0, 0, 0, 0, 0, 0, 0, 0, 4, 0, 0, 0, 0, 0, 0, 0, 0, 0, 0, 0, 0, 0, 0]",256,512,1048576.0,4194304.0,6572598705,6572848261,6572608050,6572936753,272,327231,89216,549432,2,19622,90688,128,32,32,3
152,1,"[8, 128, 256, 2, 2, 0, 0, 0, 0, 0, 0, 0, 0, 0, 0, 0, 0, 0, 0, 0, 0, 0, 0, 0, 0, 0, 0, 0, 0, 0]",256,128,131072.0,2097152.0,6573016236,6573026767,6573025969,6573029808,0,215008,215008,549433,1,10531,3839,128,32,32,3
203,1,"[128, 256, 2, 2, 256, 2, 2, 3, 3, 1, 1, 1, 1, 1, 1, 1, 8, 0, 0, 0, 0, 0, 0, 0, 0, 0, 0, 0, 0, 0]",16,256,0.0,0.0,6573233607,6573245087,6573244816,6578244002,18688,57311,57311,549434,1,11480,4999186,128,32,32,3
205,1,"[4, 0, 0, 0, 0, 0, 0, 0, 0, 0, 0, 0, 0, 0, 0, 4, 0, 0, 0, 0, 0, 0, 0, 0, 0, 0, 0, 0, 0, 0]",256,512,1048576.0,4194304.0,6578291275,6578547537,6578301313,6578636384,272,354911,110784,549435,2,20694,90944,128,32,32,3
152,1,"[8, 128, 256, 2, 2, 0, 0, 0, 0, 0, 0, 0, 0, 0, 0, 0, 0, 0, 0, 0, 0, 0, 0, 0, 0, 0, 0, 0, 0, 0]",256,128,131072.0,2097152.0,6578735696,6578747250,6578747168,6578749856,0,229344,229344,549436,1,11554,2688,128,32,32,3
203,1,"[128, 256, 2, 2, 1024, 2, 2, 1, 1, 0, 0, 1, 1, 1, 1, 1, 8, 0, 0, 0, 0, 0, 0, 0, 0, 0, 0, 0, 0, 0]",256,256,0.0,0.0,6578967841,6578985294,6578979200,6580181404,20736,71808,67584,549437,2,16463,1197980,128,32,32,3
205,1,"[4, 0, 0, 0, 0, 0, 0, 0, 0, 0, 0, 0, 0, 0, 0, 4, 0, 0, 0, 0, 0, 0, 0, 0, 0, 0, 0, 0, 0, 0]",1024,512,4194304.0,16777216.0,6580237111,6580511048,6580248988,6580851098,272,260831,1024,549438,2,22760,342303,128,32,32,3
35,1,"[8, 128, 1024, 2, 2, 0, 0, 0, 0, 0, 0, 0, 0, 0, 0, 8, 128, 1024, 2, 2, 0, 0, 0, 0, 0, 0, 0, 0, 0, 0]",1024,128,524288.0,12582912.0,6580606865,6580616858,6580852122,6580871578,0,1280,1280,549439,1,9993,19456,128,32,32,3
152,1,"[8, 128, 1024, 2, 2, 0, 0, 0, 0, 0, 0, 0, 0, 0, 0, 0, 0, 0, 0, 0, 0, 0, 0, 0, 0, 0, 0, 0, 0, 0]",1024,128,524288.0,8388608.0,6580760338,6580769819,6580872858,6580881018,0,73984,73984,549440,1,9481,8160,128,32,32,3
203,1,"[128, 1024, 2, 2, 256, 2, 2, 1, 1, 0, 0, 1, 1, 1, 1, 1, 8, 0, 0, 0, 0, 0, 0, 0, 0, 0, 0, 0, 0, 0]",1024,256,0.0,0.0,6580943622,6580961106,6580955002,6583180724,12544,53760,49664,549441,2,16468,2221626,128,32,32,3
205,1,"[4, 0, 0, 0, 0, 0, 0, 0, 0, 0, 0, 0, 0, 0, 0, 4, 0, 0, 0, 0, 0, 0, 0, 0, 0, 0, 0, 0, 0, 0]",256,512,1048576.0,4194304.0,6583220212,6583470725,6583230388,6583558547,272,338271,100095,549442,2,19634,89983,128,32,32,3
152,1,"[8, 128, 256, 2, 2, 0, 0, 0, 0, 0, 0, 0, 0, 0, 0, 0, 0, 0, 0, 0, 0, 0, 0, 0, 0, 0, 0, 0, 0, 0]",256,128,131072.0,2097152.0,6583648081,6583658532,6583658642,6583662290,0,219264,219264,549443,1,10451,3648,128,32,32,3
203,1,"[128, 256, 2, 2, 256, 2, 2, 3, 3, 1, 1, 1, 1, 1, 1, 1, 8, 0, 0, 0, 0, 0, 0, 0, 0, 0, 0, 0, 0, 0]",16,256,0.0,0.0,6583870761,6583881854,6583881554,6588881283,18688,49152,49152,549444,1,11093,4999729,128,32,32,3
205,1,"[4, 0, 0, 0, 0, 0, 0, 0, 0, 0, 0, 0, 0, 0, 0, 4, 0, 0, 0, 0, 0, 0, 0, 0, 0, 0, 0, 0, 0, 0]",256,512,1048576.0,4194304.0,6588920964,6589174875,6588930435,6589262210,272,443808,201952,549445,2,19548,89919,128,32,32,3
152,1,"[8, 128, 256, 2, 2, 0, 0, 0, 0, 0, 0, 0, 0, 0, 0, 0, 0, 0, 0, 0, 0, 0, 0, 0, 0, 0, 0, 0, 0, 0]",256,128,131072.0,2097152.0,6589452745,6589464303,6589464162,6589467010,0,225247,225247,549446,1,11558,2848,128,32,32,3
203,1,"[128, 256, 2, 2, 1024, 2, 2, 1, 1, 0, 0, 1, 1, 1, 1, 1, 8, 0, 0, 0, 0, 0, 0, 0, 0, 0, 0, 0, 0, 0]",256,256,0.0,0.0,6589681490,6589698197,6589692257,6590893566,20736,53792,49696,549447,2,15755,1197213,128,32,32,3
205,1,"[4, 0, 0, 0, 0, 0, 0, 0, 0, 0, 0, 0, 0, 0, 0, 4, 0, 0, 0, 0, 0, 0, 0, 0, 0, 0, 0, 0, 0, 0]",1024,512,4194304.0,16777216.0,6590933828,6591187906,6590943262,6591528572,272,242591,512,549448,2,19112,343231,128,32,32,3
35,1,"[8, 128, 1024, 2, 2, 0, 0, 0, 0, 0, 0, 0, 0, 0, 0, 8, 128, 1024, 2, 2, 0, 0, 0, 0, 0, 0, 0, 0, 0, 0]",1024,128,524288.0,12582912.0,6591274336,6591283781,6591529084,6591547772,0,1504,1504,549449,1,9445,18688,128,32,32,3
152,1,"[8, 128, 1024, 2, 2, 0, 0, 0, 0, 0, 0, 0, 0, 0, 0, 0, 0, 0, 0, 0, 0, 0, 0, 0, 0, 0, 0, 0, 0, 0]",1024,128,524288.0,8388608.0,6591425678,6591433665,6591549276,6591557276,0,82688,82688,549450,1,7987,8000,128,32,32,3
203,1,"[128, 1024, 2, 2, 512, 2, 2, 1, 1, 0, 0, 1, 1, 1, 1, 1, 8, 0, 0, 0, 0, 0, 0, 0, 0, 0, 0, 0, 0, 0]",256,64,0.0,0.0,6591627968,6591641232,6591639964,6592760185,4352,47263,47263,549451,1,13264,1120221,128,32,32,3
205,1,"[4, 0, 0, 0, 0, 0, 0, 0, 0, 0, 0, 0, 0, 0, 0, 4, 0, 0, 0, 0, 0, 0, 0, 0, 0, 0, 0, 0, 0, 0]",512,512,2097152.0,8388608.0,6592798822,6593048446,6592807448,6593220983,272,241536,3904,549452,2,19219,175903,128,32,32,3
152,1,"[8, 128, 512, 2, 2, 0, 0, 0, 0, 0, 0, 0, 0, 0, 0, 0, 0, 0, 0, 0, 0, 0, 0, 0, 0, 0, 0, 0, 0, 0]",512,128,262144.0,4194304.0,6593214530,6593224970,6593224887,6593229175,0,173952,173952,549453,1,10440,4288,128,32,32,3
203,1,"[128, 512, 2, 2, 512, 1, 1, 3, 3, 1, 1, 2, 2, 1, 1, 1, 8, 0, 0, 0, 0, 0, 0, 0, 0, 0, 0, 0, 0, 0]",8,256,0.0,0.0,6593391834,6593403658,6593403127,6603364058,12544,51808,51808,549454,1,11824,9960931,128,32,32,3
205,1,"[4, 0, 0, 0, 0, 0, 0, 0, 0, 0, 0, 0, 0, 0, 0, 4, 0, 0, 0, 0, 0, 0, 0, 0, 0, 0, 0, 0, 0, 0]",512,512,524288.0,2097152.0,6603405998,6603685341,6603415866,6603857977,272,272256,5440,549455,2,21053,175295,128,32,32,3
152,1,"[8, 128, 512, 1, 1, 0, 0, 0, 0, 0, 0, 0, 0, 0, 0, 0, 0, 0, 0, 0, 0, 0, 0, 0, 0, 0, 0, 0, 0, 0]",128,128,65536.0,1048576.0,6603853149,6603863466,6603863417,6603866265,0,190783,190783,549456,1,10317,2848,128,32,32,3
203,1,"[128, 512, 1, 1, 2048, 1, 1, 1, 1, 0, 0, 1, 1, 1, 1, 1, 8, 0, 0, 0, 0, 0, 0, 0, 0, 0, 0, 0, 0, 0]",32,256,0.0,0.0,6604045651,6604058036,6604057048,6605172309,12544,51040,51040,549457,1,12385,1115261,128,32,32,3
205,1,"[4, 0, 0, 0, 0, 0, 0, 0, 0, 0, 0, 0, 0, 0, 0, 4, 0, 0, 0, 0, 0, 0, 0, 0, 0, 0, 0, 0, 0, 0]",2048,512,2097152.0,8388608.0,6605213723,6605467339,6605223349,6606123187,272,241920,160,549458,2,19715,658078,128,32,32,3
203,1,"[128, 1024, 2, 2, 2048, 1, 1, 1, 1, 0, 0, 2, 2, 1, 1, 1, 8, 0, 0, 0, 0, 0, 0, 0, 0, 0, 0, 0, 0, 0]",32,256,0.0,0.0,6605683396,6605694665,6606123347,6608351052,18688,48768,48768,549459,1,11269,2227705,128,32,32,3
205,1,"[4, 0, 0, 0, 0, 0, 0, 0, 0, 0, 0, 0, 0, 0, 0, 4, 0, 0, 0, 0, 0, 0, 0, 0, 0, 0, 0, 0, 0, 0]",2048,512,2097152.0,8388608.0,6608389217,6608651257,6608399820,6609307306,272,249311,512,549460,2,20239,658687,128,32,32,3
35,1,"[8, 128, 2048, 1, 1, 0, 0, 0, 0, 0, 0, 0, 0, 0, 0, 8, 128, 2048, 1, 1, 0, 0, 0, 0, 0, 0, 0, 0, 0, 0]",512,128,262144.0,6291456.0,6608748244,6608758014,6609307818,6609316170,0,1120,1120,549461,1,9770,8352,128,32,32,3
152,1,"[8, 128, 2048, 1, 1, 0, 0, 0, 0, 0, 0, 0, 0, 0, 0, 0, 0, 0, 0, 0, 0, 0, 0, 0, 0, 0, 0, 0, 0, 0]",512,128,262144.0,4194304.0,6608903303,6608912293,6609317290,6609322314,0,1151,1151,549462,1,8990,5024,128,32,32,3
203,1,"[128, 2048, 1, 1, 512, 1, 1, 1, 1, 0, 0, 1, 1, 1, 1, 1, 8, 0, 0, 0, 0, 0, 0, 0, 0, 0, 0, 0, 0, 0]",8,256,0.0,0.0,6609100088,6609112491,6609323465,6613755869,12544,49184,49184,549463,1,12403,4432404,128,32,32,3
205,1,"[4, 0, 0, 0, 0, 0, 0, 0, 0, 0, 0, 0, 0, 0, 0, 4, 0, 0, 0, 0, 0, 0, 0, 0, 0, 0, 0, 0, 0, 0]",512,512,524288.0,2097152.0,6613794329,6614052312,6613805053,6614224988,272,358334,113311,549464,2,21643,174912,128,32,32,3
152,1,"[8, 128, 512, 1, 1, 0, 0, 0, 0, 0, 0, 0, 0, 0, 0, 0, 0, 0, 0, 0, 0, 0, 0, 0, 0, 0, 0, 0, 0, 0]",128,128,65536.0,1048576.0,6614327420,6614338733,6614338299,6614341531,0,171808,171808,549465,1,11313,3232,128,32,32,3
203,1,"[128, 512, 1, 1, 512, 1, 1, 3, 3, 1, 1, 1, 1, 1, 1, 1, 8, 0, 0, 0, 0, 0, 0, 0, 0, 0, 0, 0, 0, 0]",8,256,0.0,0.0,6614501019,6614513750,6614513339,6624473087,12544,56992,56992,549466,1,12731,9959748,128,32,32,3
205,1,"[4, 0, 0, 0, 0, 0, 0, 0, 0, 0, 0, 0, 0, 0, 0, 4, 0, 0, 0, 0, 0, 0, 0, 0, 0, 0, 0, 0, 0, 0]",512,512,524288.0,2097152.0,6624519057,6624781710,6624530079,6624954109,272,249504,544,549467,2,21484,175070,128,32,32,3
152,1,"[8, 128, 512, 1, 1, 0, 0, 0, 0, 0, 0, 0, 0, 0, 0, 0, 0, 0, 0, 0, 0, 0, 0, 0, 0, 0, 0, 0, 0, 0]",128,128,65536.0,1048576.0,6624940663,6624950817,6624954653,6624956701,0,190464,190464,549468,1,10154,2048,128,32,32,3
203,1,"[128, 512, 1, 1, 2048, 1, 1, 1, 1, 0, 0, 1, 1, 1, 1, 1, 8, 0, 0, 0, 0, 0, 0, 0, 0, 0, 0, 0, 0, 0]",32,256,0.0,0.0,6625136078,6625147760,6625147165,6626262361,12544,52224,52224,549469,1,11682,1115196,128,32,32,3
205,1,"[4, 0, 0, 0, 0, 0, 0, 0, 0, 0, 0, 0, 0, 0, 0, 4, 0, 0, 0, 0, 0, 0, 0, 0, 0, 0, 0, 0, 0, 0]",2048,512,2097152.0,8388608.0,6626305553,6626559412,6626314585,6627215063,272,242752,544,549470,2,19663,658270,128,32,32,3
35,1,"[8, 128, 2048, 1, 1, 0, 0, 0, 0, 0, 0, 0, 0, 0, 0, 8, 128, 2048, 1, 1, 0, 0, 0, 0, 0, 0, 0, 0, 0, 0]",512,128,262144.0,6291456.0,6626647253,6626656855,6627215607,6627223095,0,544,544,549471,1,9602,7488,128,32,32,3
152,1,"[8, 128, 2048, 1, 1, 0, 0, 0, 0, 0, 0, 0, 0, 0, 0, 0, 0, 0, 0, 0, 0, 0, 0, 0, 0, 0, 0, 0, 0, 0]",512,128,262144.0,4194304.0,6626809366,6626818186,6627223639,6627227927,0,1376,1376,549472,1,8820,4288,128,32,32,3
203,1,"[128, 2048, 1, 1, 512, 1, 1, 1, 1, 0, 0, 1, 1, 1, 1, 1, 8, 0, 0, 0, 0, 0, 0, 0, 0, 0, 0, 0, 0, 0]",8,256,0.0,0.0,6627001599,6627013905,6627229303,6631661450,12544,63104,63104,549473,1,12306,4432147,128,32,32,3
205,1,"[4, 0, 0, 0, 0, 0, 0, 0, 0, 0, 0, 0, 0, 0, 0, 4, 0, 0, 0, 0, 0, 0, 0, 0, 0, 0, 0, 0, 0, 0]",512,512,524288.0,2097152.0,6631713583,6631977577,6631724554,6632149257,272,295519,44704,549474,2,21544,173888,128,32,32,3
152,1,"[8, 128, 512, 1, 1, 0, 0, 0, 0, 0, 0, 0, 0, 0, 0, 0, 0, 0, 0, 0, 0, 0, 0, 0, 0, 0, 0, 0, 0, 0]",128,128,65536.0,1048576.0,6632181535,6632193735,6632193961,6632196361,0,182591,182591,549475,1,12200,2400,128,32,32,3
203,1,"[128, 512, 1, 1, 512, 1, 1, 3, 3, 1, 1, 1, 1, 1, 1, 1, 8, 0, 0, 0, 0, 0, 0, 0, 0, 0, 0, 0, 0, 0]",8,256,0.0,0.0,6632367517,6632379070,6632378952,6642339436,12544,56960,56960,549476,1,11553,9960484,128,32,32,3
205,1,"[4, 0, 0, 0, 0, 0, 0, 0, 0, 0, 0, 0, 0, 0, 0, 4, 0, 0, 0, 0, 0, 0, 0, 0, 0, 0, 0, 0, 0, 0]",512,512,524288.0,2097152.0,6642385734,6642652868,6642396396,6642824939,272,266271,12192,549477,2,21805,174464,128,32,32,3
152,1,"[8, 128, 512, 1, 1, 0, 0, 0, 0, 0, 0, 0, 0, 0, 0, 0, 0, 0, 0, 0, 0, 0, 0, 0, 0, 0, 0, 0, 0, 0]",128,128,65536.0,1048576.0,6642826531,6642837151,6642837131,6642839786,0,190304,190304,549478,1,10620,2655,128,32,32,3
203,1,"[128, 512, 1, 1, 2048, 1, 1, 1, 1, 0, 0, 1, 1, 1, 1, 1, 8, 0, 0, 0, 0, 0, 0, 0, 0, 0, 0, 0, 0, 0]",32,256,0.0,0.0,6643019264,6643030452,6643030090,6644144359,12544,50944,50944,549479,1,11188,1114269,128,32,32,3
205,1,"[4, 0, 0, 0, 0, 0, 0, 0, 0, 0, 0, 0, 0, 0, 0, 4, 0, 0, 0, 0, 0, 0, 0, 0, 0, 0, 0, 0, 0, 0]",2048,512,2097152.0,8388608.0,6644185473,6644444375,6644195303,6645100260,272,246847,480,549480,2,20926,658590,128,32,32,3
35,1,"[8, 128, 2048, 1, 1, 0, 0, 0, 0, 0, 0, 0, 0, 0, 0, 8, 128, 2048, 1, 1, 0, 0, 0, 0, 0, 0, 0, 0, 0, 0]",512,128,262144.0,6291456.0,6644532396,6644541836,6645100740,6645108420,0,512,512,549481,1,9440,7680,128,32,32,3
152,1,"[8, 128, 2048, 1, 1, 0, 0, 0, 0, 0, 0, 0, 0, 0, 0, 0, 0, 0, 0, 0, 0, 0, 0, 0, 0, 0, 0, 0, 0, 0]",512,128,262144.0,4194304.0,6644693954,6644702724,6645108932,6645113060,0,1472,1472,549482,1,8770,4128,128,32,32,3
199,1,"[8, 128, 2048, 1, 1, 0, 0, 0, 0, 0, 0, 0, 0, 0, 0, 0, 0, 0, 0, 0, 0, 0, 0, 0, 0, 0, 0, 0, 0, 0]",512,128,0.0,0.0,6644826762,6644838433,6645114532,6645126884,16,480,480,549483,1,11671,12352,128,32,32,3
201,1,"[8, 128, 2048, 0, 0, 0, 0, 0, 0, 0, 8, 68, 2048, 0, 0, 0, 0, 0, 0, 0, 8, 68, 0, 0, 0, 0, 0, 0, 0, 0]",56,64,35651584.0,2245120.0,6645074009,6645086012,6645127364,6645299043,17408,385,385,549485,1,12003,171679,128,32,32,3
201,1,"[8, 128, 2048, 0, 0, 0, 0, 0, 0, 0, 8, 68, 2048, 0, 0, 0, 0, 0, 0, 0, 8, 68, 0, 0, 0, 0, 0, 0, 0, 0]",24,512,35651584.0,2245120.0,6645088963,6645096054,6645299428,6645305538,0,1,1,549486,1,7091,6110,128,32,32,3
181,1,"[8, 128, 68, 0, 0, 0, 0, 0, 0, 0, 0, 0, 0, 0, 0, 4, 128, 68, 0, 0, 0, 0, 0, 0, 0, 0, 0, 0, 0, 0]",17,512,0.0,0.0,6645234506,6645367318,6645305539,6645369059,16,1366493,1332445,549487,5,42725,29472,128,32,32,3
181,2,"[8, 128, 68, 0, 0, 0, 0, 0, 0, 0, 0, 0, 0, 0, 0, 4, 128, 68, 0, 0, 0, 0, 0, 0, 0, 0, 0, 0, 0, 0]",17,128,0.0,0.0,6646666847,6647014826,6646701504,6647019743,0,442911,139071,549487,4,92722,14399,128,32,32,3
201,2,"[8, 128, 2048, 0, 0, 0, 0, 0, 0, 0, 8, 68, 2048, 0, 0, 0, 0, 0, 0, 0, 8, 68, 0, 0, 0, 0, 0, 0, 0, 0]",320,512,35651584.0,2245120.0,6647143806,6647268190,6647158814,6647406814,16896,314752,307295,549486,3,44322,240543,128,32,32,3
199,2,"[8, 128, 2048, 1, 1, 0, 0, 0, 0, 0, 0, 0, 0, 0, 0, 0, 0, 0, 0, 0, 0, 0, 0, 0, 0, 0, 0, 0, 0, 0]",512,128,0.0,0.0,6647699300,6647715807,6647714109,6647722205,0,77664,77664,549483,1,16507,8096,128,32,32,3
152,2,"[8, 128, 2048, 1, 1, 0, 0, 0, 0, 0, 0, 0, 0, 0, 0, 0, 0, 0, 0, 0, 0, 0, 0, 0, 0, 0, 0, 0, 0, 0]",512,128,262144.0,6291456.0,6647786320,6647801737,6647799869,6647808220,0,175712,175712,549482,1,15417,8351,128,32,32,3
205,2,"[8, 128, 2048, 1, 1, 0, 0, 0, 0, 0, 0, 0, 0, 0, 0, 0, 0, 0, 0, 0, 0, 0, 0, 0, 0, 0, 0, 0, 0, 0]",2048,512,2097152.0,10485760.0,6647968050,6647986580,6647983932,6648176859,800,137184,137184,549480,1,18530,192927,128,32,32,3
203,2,"[128, 512, 1, 1, 2048, 1, 1, 1, 1, 0, 0, 1, 1, 1, 1, 1, 8, 0, 0, 0, 0, 0, 0, 0, 0, 0, 0, 0, 0, 0]",512,256,0.0,0.0,6648296475,6648568797,6648314043,6649542264,6404,89471,49695,549479,3,54142,1188445,128,32,32,3
152,2,"[8, 128, 512, 1, 1, 0, 0, 0, 0, 0, 0, 0, 0, 0, 0, 0, 0, 0, 0, 0, 0, 0, 0, 0, 0, 0, 0, 0, 0, 0]",128,128,65536.0,1572864.0,6648738775,6648754137,6649591959,6649596119,0,1056,1056,549478,1,15362,4160,128,32,32,3
205,2,"[8, 128, 512, 1, 1, 0, 0, 0, 0, 0, 0, 0, 0, 0, 0, 0, 0, 0, 0, 0, 0, 0, 0, 0, 0, 0, 0, 0, 0, 0]",512,512,524288.0,2621440.0,6648881134,6648898473,6649597175,6649649367,800,7360,7360,549477,1,17339,52192,128,32,32,3
203,2,"[128, 512, 1, 1, 512, 1, 1, 3, 3, 1, 1, 1, 1, 1, 1, 1, 8, 0, 0, 0, 0, 0, 0, 0, 0, 0, 0, 0, 0, 0]",1152,256,0.0,0.0,6649274633,6649487356,6649656727,6670929595,20736,142974,107007,549476,3,48164,21236901,128,32,32,3
152,2,"[8, 128, 512, 1, 1, 0, 0, 0, 0, 0, 0, 0, 0, 0, 0, 0, 0, 0, 0, 0, 0, 0, 0, 0, 0, 0, 0, 0, 0, 0]",128,128,65536.0,1572864.0,6649645820,6649659323,6671036602,6671040667,0,1568,1568,549475,1,13503,4065,128,32,32,3
205,2,"[8, 128, 512, 1, 1, 0, 0, 0, 0, 0, 0, 0, 0, 0, 0, 0, 0, 0, 0, 0, 0, 0, 0, 0, 0, 0, 0, 0, 0, 0]",512,512,524288.0,2621440.0,6649786060,6649801272,6671042235,6671095322,800,5952,5952,549474,1,15212,53087,128,32,32,3
203,2,"[128, 2048, 1, 1, 512, 1, 1, 1, 1, 0, 0, 1, 1, 1, 1, 1, 8, 0, 0, 0, 0, 0, 0, 0, 0, 0, 0, 0, 0, 0]",1024,256,0.0,0.0,6650107942,6650305763,6671101274,6672269111,6404,84704,63360,549473,3,41217,1146493,128,32,32,3
152,2,"[8, 128, 2048, 1, 1, 0, 0, 0, 0, 0, 0, 0, 0, 0, 0, 0, 0, 0, 0, 0, 0, 0, 0, 0, 0, 0, 0, 0, 0, 0]",512,128,262144.0,6291456.0,6650506356,6650520353,6672332471,6672345239,0,1280,1280,549472,1,13997,12768,128,32,32,3
205,2,"[8, 128, 2048, 1, 1, 0, 0, 0, 0, 0, 0, 0, 0, 0, 0, 0, 0, 0, 0, 0, 0, 0, 0, 0, 0, 0, 0, 0, 0, 0]",2048,512,2097152.0,10485760.0,6650664729,6650679907,6672346519,6672538902,800,6912,6912,549470,1,15178,192383,128,32,32,3
203,2,"[128, 512, 1, 1, 2048, 1, 1, 1, 1, 0, 0, 1, 1, 1, 1, 1, 8, 0, 0, 0, 0, 0, 0, 0, 0, 0, 0, 0, 0, 0]",512,256,0.0,0.0,6650946235,6651150210,6672545814,6673751955,6404,66113,49376,549469,3,39197,1189404,128,32,32,3
152,2,"[8, 128, 512, 1, 1, 0, 0, 0, 0, 0, 0, 0, 0, 0, 0, 0, 0, 0, 0, 0, 0, 0, 0, 0, 0, 0, 0, 0, 0, 0]",128,128,65536.0,1572864.0,6651304527,6651317307,6673801331,6673805459,0,1344,1344,549468,1,12780,4128,128,32,32,3
205,2,"[8, 128, 512, 1, 1, 0, 0, 0, 0, 0, 0, 0, 0, 0, 0, 0, 0, 0, 0, 0, 0, 0, 0, 0, 0, 0, 0, 0, 0, 0]",512,512,524288.0,2621440.0,6651438330,6651453195,6673806803,6673859987,800,6079,6079,549467,1,14865,53184,128,32,32,3
203,2,"[128, 512, 1, 1, 512, 1, 1, 3, 3, 1, 1, 1, 1, 1, 1, 1, 8, 0, 0, 0, 0, 0, 0, 0, 0, 0, 0, 0, 0, 0]",1152,256,0.0,0.0,6651807797,6651998627,6673866066,6695138902,20736,142655,107072,549466,3,42799,21237253,128,32,32,3
152,2,"[8, 128, 512, 1, 1, 0, 0, 0, 0, 0, 0, 0, 0, 0, 0, 0, 0, 0, 0, 0, 0, 0, 0, 0, 0, 0, 0, 0, 0, 0]",128,128,65536.0,1572864.0,6652152345,6652165987,6695245974,6695251254,0,544,544,549465,1,13642,5280,128,32,32,3
205,2,"[8, 128, 512, 1, 1, 0, 0, 0, 0, 0, 0, 0, 0, 0, 0, 0, 0, 0, 0, 0, 0, 0, 0, 0, 0, 0, 0, 0, 0, 0]",512,512,524288.0,2621440.0,6652288953,6652303528,6695251798,6695304790,800,5920,5920,549464,1,14575,52992,128,32,32,3
203,2,"[128, 2048, 1, 1, 512, 1, 1, 1, 1, 0, 0, 1, 1, 1, 1, 1, 8, 0, 0, 0, 0, 0, 0, 0, 0, 0, 0, 0, 0, 0]",1024,256,0.0,0.0,6652621412,6652823288,6695310710,6696478770,6404,83808,63392,549463,3,42324,1147644,128,32,32,3
152,2,"[8, 128, 2048, 1, 1, 0, 0, 0, 0, 0, 0, 0, 0, 0, 0, 0, 0, 0, 0, 0, 0, 0, 0, 0, 0, 0, 0, 0, 0, 0]",512,128,262144.0,6291456.0,6653036205,6653048838,6696542162,6696554578,0,1312,1312,549462,1,12633,12416,128,32,32,3
205,2,"[8, 128, 2048, 1, 1, 0, 0, 0, 0, 0, 0, 0, 0, 0, 0, 0, 0, 0, 0, 0, 0, 0, 0, 0, 0, 0, 0, 0, 0, 0]",2048,512,2097152.0,10485760.0,6653196724,6653211602,6696555890,6696749042,800,6208,6208,549460,1,14878,193152,128,32,32,3
203,2,"[128, 1024, 2, 2, 2048, 1, 1, 1, 1, 0, 0, 2, 2, 1, 1, 1, 8, 0, 0, 0, 0, 0, 0, 0, 0, 0, 0, 0, 0, 0]",2048,512,536870912.0,23068672.0,6653481102,6653666240,6696755250,6732369485,25600,125919,94623,549459,3,41727,35582939,128,32,32,3
205,2,"[8, 128, 2048, 1, 1, 0, 0, 0, 0, 0, 0, 0, 0, 0, 0, 0, 0, 0, 0, 0, 0, 0, 0, 0, 0, 0, 0, 0, 0, 0]",2048,512,2097152.0,10485760.0,6653875413,6653890558,6732464108,6732658316,800,6464,6464,549458,1,15145,194208,128,32,32,3
203,2,"[128, 512, 1, 1, 2048, 1, 1, 1, 1, 0, 0, 1, 1, 1, 1, 1, 8, 0, 0, 0, 0, 0, 0, 0, 0, 0, 0, 0, 0, 0]",512,256,0.0,0.0,6654153077,6654340927,6732664780,6733871080,6404,68288,50560,549457,3,39938,1188572,128,32,32,3
152,2,"[8, 128, 512, 1, 1, 0, 0, 0, 0, 0, 0, 0, 0, 0, 0, 0, 0, 0, 0, 0, 0, 0, 0, 0, 0, 0, 0, 0, 0, 0]",128,128,65536.0,1572864.0,6654492314,6654505912,6733921640,6733926376,0,256,256,549456,1,13598,4736,128,32,32,3
205,2,"[8, 128, 512, 1, 1, 0, 0, 0, 0, 0, 0, 0, 0, 0, 0, 0, 0, 0, 0, 0, 0, 0, 0, 0, 0, 0, 0, 0, 0, 0]",512,512,524288.0,2621440.0,6654628654,6654643765,6733926632,6733979624,800,6144,6144,549455,1,15111,52992,128,32,32,3
203,2,"[128, 512, 2, 2, 512, 1, 1, 3, 3, 1, 1, 2, 2, 1, 1, 1, 8, 0, 0, 0, 0, 0, 0, 0, 0, 0, 0, 0, 0, 0]",9216,256,603979776.0,21495808.0,6654932443,6655114497,6733985768,6772849594,6404,143104,106976,549454,3,40432,38827698,128,32,32,3
152,2,"[8, 128, 512, 2, 2, 0, 0, 0, 0, 0, 0, 0, 0, 0, 0, 0, 0, 0, 0, 0, 0, 0, 0, 0, 0, 0, 0, 0, 0, 0]",512,128,262144.0,6291456.0,6655265058,6655278038,6772956570,6772969305,0,1,1,549453,1,12980,12735,128,32,32,3
205,2,"[8, 128, 512, 2, 2, 0, 0, 0, 0, 0, 0, 0, 0, 0, 0, 0, 0, 0, 0, 0, 0, 0, 0, 0, 0, 0, 0, 0, 0, 0]",512,512,2097152.0,10485760.0,6655398266,6655412167,6772969306,6773028729,800,7360,7360,549452,1,13901,59423,128,32,32,3
203,2,"[128, 1024, 2, 2, 512, 2, 2, 1, 1, 0, 0, 1, 1, 1, 1, 1, 8, 0, 0, 0, 0, 0, 0, 0, 0, 0, 0, 0, 0, 0]",2048,256,0.0,0.0,6655748667,6655940854,6773036089,6775316339,6404,64289,52864,549451,3,41323,2268825,128,32,32,3
152,2,"[8, 128, 1024, 2, 2, 0, 0, 0, 0, 0, 0, 0, 0, 0, 0, 0, 0, 0, 0, 0, 0, 0, 0, 0, 0, 0, 0, 0, 0, 0]",1024,128,524288.0,12582912.0,6656135911,6656149774,6775369203,6775394163,0,1056,1056,549450,1,13863,24960,128,32,32,3
205,2,"[8, 128, 1024, 2, 2, 0, 0, 0, 0, 0, 0, 0, 0, 0, 0, 0, 0, 0, 0, 0, 0, 0, 0, 0, 0, 0, 0, 0, 0, 0]",1024,512,4194304.0,20971520.0,6656293335,6656307799,6775395219,6775510290,800,6752,6752,549448,1,14464,115071,128,32,32,3
203,2,"[128, 256, 2, 2, 1024, 2, 2, 1, 1, 0, 0, 1, 1, 1, 1, 1, 8, 0, 0, 0, 0, 0, 0, 0, 0, 0, 0, 0, 0, 0]",512,256,268435456.0,7340032.0,6656571775,6656779704,6775517042,6780533988,6404,18976,9856,549447,3,39031,5007826,128,32,32,3
152,2,"[8, 128, 256, 2, 2, 0, 0, 0, 0, 0, 0, 0, 0, 0, 0, 0, 0, 0, 0, 0, 0, 0, 0, 0, 0, 0, 0, 0, 0, 0]",256,128,131072.0,3145728.0,6656930596,6656943005,6780543844,6780551012,0,576,576,549446,1,12409,7168,128,32,32,3
205,2,"[8, 128, 256, 2, 2, 0, 0, 0, 0, 0, 0, 0, 0, 0, 0, 0, 0, 0, 0, 0, 0, 0, 0, 0, 0, 0, 0, 0, 0, 0]",256,512,1048576.0,5242880.0,6657062371,6657076535,6780551588,6780583044,800,6400,6400,549445,1,14164,31456,128,32,32,3
203,2,"[128, 256, 2, 2, 256, 2, 2, 3, 3, 1, 1, 1, 1, 1, 1, 1, 8, 0, 0, 0, 0, 0, 0, 0, 0, 0, 0, 0, 0, 0]",512,256,0.0,0.0,6657411697,6657614763,6780589444,6792838625,20740,38083,26528,549444,3,42265,12237626,128,32,32,3
152,2,"[8, 128, 256, 2, 2, 0, 0, 0, 0, 0, 0, 0, 0, 0, 0, 0, 0, 0, 0, 0, 0, 0, 0, 0, 0, 0, 0, 0, 0, 0]",256,128,131072.0,3145728.0,6657766764,6657779207,6792865153,6792871745,0,1312,1312,549443,1,12443,6592,128,32,32,3
205,2,"[8, 128, 256, 2, 2, 0, 0, 0, 0, 0, 0, 0, 0, 0, 0, 0, 0, 0, 0, 0, 0, 0, 0, 0, 0, 0, 0, 0, 0, 0]",256,512,1048576.0,5242880.0,6657901632,6657916126,6792873057,6792904289,800,6336,6336,549442,1,14494,31232,128,32,32,3
203,2,"[128, 1024, 2, 2, 256, 2, 2, 1, 1, 0, 0, 1, 1, 1, 1, 1, 8, 0, 0, 0, 0, 0, 0, 0, 0, 0, 0, 0, 0, 0]",2048,256,0.0,0.0,6658235844,6658436509,6792910625,6794067678,4356,47040,38976,549441,3,60930,1148989,128,32,32,3
152,2,"[8, 128, 1024, 2, 2, 0, 0, 0, 0, 0, 0, 0, 0, 0, 0, 0, 0, 0, 0, 0, 0, 0, 0, 0, 0, 0, 0, 0, 0, 0]",1024,128,524288.0,12582912.0,6658633293,6658645995,6794106654,6794132477,0,512,512,549440,1,12702,25823,128,32,32,3
205,2,"[8, 128, 1024, 2, 2, 0, 0, 0, 0, 0, 0, 0, 0, 0, 0, 0, 0, 0, 0, 0, 0, 0, 0, 0, 0, 0, 0, 0, 0, 0]",1024,512,4194304.0,20971520.0,6658787323,6658802161,6794132989,6794247964,800,6145,6145,549438,1,14838,114975,128,32,32,3
203,2,"[128, 256, 2, 2, 1024, 2, 2, 1, 1, 0, 0, 1, 1, 1, 1, 1, 8, 0, 0, 0, 0, 0, 0, 0, 0, 0, 0, 0, 0, 0]",512,256,268435456.0,7340032.0,6659075398,6659267057,6794254109,6799271727,6404,16929,10208,549437,3,39903,5010897,128,32,32,3
152,2,"[8, 128, 256, 2, 2, 0, 0, 0, 0, 0, 0, 0, 0, 0, 0, 0, 0, 0, 0, 0, 0, 0, 0, 0, 0, 0, 0, 0, 0, 0]",256,128,131072.0,3145728.0,6659416148,6659429089,6799281935,6799289391,0,576,576,549436,1,12941,7456,128,32,32,3
205,2,"[8, 128, 256, 2, 2, 0, 0, 0, 0, 0, 0, 0, 0, 0, 0, 0, 0, 0, 0, 0, 0, 0, 0, 0, 0, 0, 0, 0, 0, 0]",256,512,1048576.0,5242880.0,6659551192,6659565903,6799289967,6799320846,800,6177,6177,549435,1,14711,30879,128,32,32,3
203,2,"[128, 256, 2, 2, 256, 2, 2, 3, 3, 1, 1, 1, 1, 1, 1, 1, 8, 0, 0, 0, 0, 0, 0, 0, 0, 0, 0, 0, 0, 0]",512,256,0.0,0.0,6659918075,6660117562,6799327023,6811578092,20740,39360,26368,549434,3,40691,12238077,128,32,32,3
152,2,"[8, 128, 256, 2, 2, 0, 0, 0, 0, 0, 0, 0, 0, 0, 0, 0, 0, 0, 0, 0, 0, 0, 0, 0, 0, 0, 0, 0, 0, 0]",256,128,131072.0,3145728.0,6660270323,6660302744,6811604460,6811610892,0,1408,1408,549433,1,32421,6432,128,32,32,3
205,2,"[8, 128, 256, 2, 2, 0, 0, 0, 0, 0, 0, 0, 0, 0, 0, 0, 0, 0, 0, 0, 0, 0, 0, 0, 0, 0, 0, 0, 0, 0]",256,512,1048576.0,5242880.0,6660425882,6660441097,6811612300,6811643660,800,6112,6112,549432,1,15215,31360,128,32,32,3
203,2,"[128, 1024, 2, 2, 256, 2, 2, 1, 1, 0, 0, 1, 1, 1, 1, 1, 8, 0, 0, 0, 0, 0, 0, 0, 0, 0, 0, 0, 0, 0]",2048,256,0.0,0.0,6660764320,6660945592,6811649772,6812804872,4356,46112,39232,549431,3,40548,1148220,128,32,32,3
152,2,"[8, 128, 1024, 2, 2, 0, 0, 0, 0, 0, 0, 0, 0, 0, 0, 0, 0, 0, 0, 0, 0, 0, 0, 0, 0, 0, 0, 0, 0, 0]",1024,128,524288.0,12582912.0,6661139944,6661152367,6812844104,6812869864,0,544,544,549430,1,12423,25760,128,32,32,3
205,2,"[8, 128, 1024, 2, 2, 0, 0, 0, 0, 0, 0, 0, 0, 0, 0, 0, 0, 0, 0, 0, 0, 0, 0, 0, 0, 0, 0, 0, 0, 0]",1024,512,4194304.0,20971520.0,6661295636,6661310449,6812870408,6812986312,800,6752,6752,549428,1,14813,115904,128,32,32,3
203,2,"[128, 256, 2, 2, 1024, 2, 2, 1, 1, 0, 0, 1, 1, 1, 1, 1, 8, 0, 0, 0, 0, 0, 0, 0, 0, 0, 0, 0, 0, 0]",512,256,268435456.0,7340032.0,6661593296,6661782778,6812993064,6818012122,6404,15648,8960,549427,3,38736,5012370,128,32,32,3
152,2,"[8, 128, 256, 2, 2, 0, 0, 0, 0, 0, 0, 0, 0, 0, 0, 0, 0, 0, 0, 0, 0, 0, 0, 0, 0, 0, 0, 0, 0, 0]",256,128,131072.0,3145728.0,6661936358,6661949533,6818021082,6818028826,0,480,480,549426,1,13175,7744,128,32,32,3
205,2,"[8, 128, 256, 2, 2, 0, 0, 0, 0, 0, 0, 0, 0, 0, 0, 0, 0, 0, 0, 0, 0, 0, 0, 0, 0, 0, 0, 0, 0, 0]",256,512,1048576.0,5242880.0,6662071156,6662085847,6818029306,6818060025,800,6144,6144,549425,1,14691,30719,128,32,32,3
203,2,"[128, 256, 2, 2, 256, 2, 2, 3, 3, 1, 1, 1, 1, 1, 1, 1, 8, 0, 0, 0, 0, 0, 0, 0, 0, 0, 0, 0, 0, 0]",512,256,0.0,0.0,6662441012,6662640034,6818066169,6830316695,20740,37504,26624,549424,3,40904,12239646,128,32,32,3
152,2,"[8, 128, 256, 2, 2, 0, 0, 0, 0, 0, 0, 0, 0, 0, 0, 0, 0, 0, 0, 0, 0, 0, 0, 0, 0, 0, 0, 0, 0, 0]",256,128,131072.0,3145728.0,6662792561,6662805626,6830343319,6830350039,0,1312,1312,549423,1,13065,6720,128,32,32,3
205,2,"[8, 128, 256, 2, 2, 0, 0, 0, 0, 0, 0, 0, 0, 0, 0, 0, 0, 0, 0, 0, 0, 0, 0, 0, 0, 0, 0, 0, 0, 0]",256,512,1048576.0,5242880.0,6662925782,6662939407,6830351351,6830382583,800,6080,6080,549422,1,13625,31232,128,32,32,3
203,2,"[128, 1024, 2, 2, 256, 2, 2, 1, 1, 0, 0, 1, 1, 1, 1, 1, 8, 0, 0, 0, 0, 0, 0, 0, 0, 0, 0, 0, 0, 0]",2048,256,0.0,0.0,6663261059,6663429914,6830388663,6831543986,4356,48194,38945,549421,3,36064,1146074,128,32,32,3
152,2,"[8, 128, 1024, 2, 2, 0, 0, 0, 0, 0, 0, 0, 0, 0, 0, 0, 0, 0, 0, 0, 0, 0, 0, 0, 0, 0, 0, 0, 0, 0]",1024,128,524288.0,12582912.0,6663562117,6663570557,6831582931,6831608595,0,544,544,549420,1,8440,25664,128,32,32,3
205,2,"[8, 128, 1024, 2, 2, 0, 0, 0, 0, 0, 0, 0, 0, 0, 0, 0, 0, 0, 0, 0, 0, 0, 0, 0, 0, 0, 0, 0, 0, 0]",1024,512,4194304.0,20971520.0,6663677096,6663687911,6831609139,6831724243,800,7296,7296,549418,1,10815,115104,128,32,32,3
203,2,"[128, 256, 2, 2, 1024, 2, 2, 1, 1, 0, 0, 1, 1, 1, 1, 1, 8, 0, 0, 0, 0, 0, 0, 0, 0, 0, 0, 0, 0, 0]",512,256,268435456.0,7340032.0,6663877373,6664016448,6831731539,6836747973,6404,17184,10208,549417,3,27938,5009458,128,32,32,3
152,2,"[8, 128, 256, 2, 2, 0, 0, 0, 0, 0, 0, 0, 0, 0, 0, 0, 0, 0, 0, 0, 0, 0, 0, 0, 0, 0, 0, 0, 0, 0]",256,128,131072.0,3145728.0,6664120507,6664129834,6836758181,6836765605,0,544,544,549416,1,9327,7424,128,32,32,3
205,2,"[8, 128, 256, 2, 2, 0, 0, 0, 0, 0, 0, 0, 0, 0, 0, 0, 0, 0, 0, 0, 0, 0, 0, 0, 0, 0, 0, 0, 0, 0]",256,512,1048576.0,5242880.0,6664211773,6664221514,6836766149,6836797091,800,6177,6177,549415,1,9741,30942,128,32,32,3
203,2,"[128, 256, 2, 2, 256, 2, 2, 3, 3, 1, 1, 1, 1, 1, 1, 1, 8, 0, 0, 0, 0, 0, 0, 0, 0, 0, 0, 0, 0, 0]",512,256,0.0,0.0,6664448973,6664583195,6836803268,6849052322,20740,38783,26592,549414,3,27132,12236863,128,32,32,3
152,2,"[8, 128, 256, 2, 2, 0, 0, 0, 0, 0, 0, 0, 0, 0, 0, 0, 0, 0, 0, 0, 0, 0, 0, 0, 0, 0, 0, 0, 0, 0]",256,128,131072.0,3145728.0,6664687559,6664696690,6849078914,6849087138,0,352,352,549413,1,9131,8224,128,32,32,3
205,2,"[8, 128, 256, 2, 2, 0, 0, 0, 0, 0, 0, 0, 0, 0, 0, 0, 0, 0, 0, 0, 0, 0, 0, 0, 0, 0, 0, 0, 0, 0]",256,512,1048576.0,5242880.0,6664791570,6664801923,6849087490,6849119010,800,6048,6048,549412,1,10353,31520,128,32,32,3
203,2,"[128, 1024, 2, 2, 256, 2, 2, 1, 1, 0, 0, 1, 1, 1, 1, 1, 8, 0, 0, 0, 0, 0, 0, 0, 0, 0, 0, 0, 0, 0]",2048,256,0.0,0.0,6665032250,6665156744,6849125058,6850278558,4356,45633,38752,549411,3,28747,1146619,128,32,32,3
152,2,"[8, 128, 1024, 2, 2, 0, 0, 0, 0, 0, 0, 0, 0, 0, 0, 0, 0, 0, 0, 0, 0, 0, 0, 0, 0, 0, 0, 0, 0, 0]",1024,128,524288.0,12582912.0,6665287223,6665296061,6850317310,6850342525,0,1,1,549410,1,8838,25215,128,32,32,3
205,2,"[8, 128, 1024, 2, 2, 0, 0, 0, 0, 0, 0, 0, 0, 0, 0, 0, 0, 0, 0, 0, 0, 0, 0, 0, 0, 0, 0, 0, 0, 0]",1024,512,4194304.0,20971520.0,6665391413,6665401208,6850342526,6850458846,800,6560,6560,549408,1,9795,116320,128,32,32,3
203,2,"[128, 256, 2, 2, 1024, 2, 2, 1, 1, 0, 0, 1, 1, 1, 1, 1, 8, 0, 0, 0, 0, 0, 0, 0, 0, 0, 0, 0, 0, 0]",512,256,268435456.0,7340032.0,6665577311,6665705064,6850465406,6855480975,6404,16865,10209,549407,3,26593,5008913,128,32,32,3
152,2,"[8, 128, 256, 2, 2, 0, 0, 0, 0, 0, 0, 0, 0, 0, 0, 0, 0, 0, 0, 0, 0, 0, 0, 0, 0, 0, 0, 0, 0, 0]",256,128,131072.0,3145728.0,6665807011,6665815739,6855491184,6855497359,0,1408,1408,549406,1,8728,6175,128,32,32,3
205,2,"[8, 128, 256, 2, 2, 0, 0, 0, 0, 0, 0, 0, 0, 0, 0, 0, 0, 0, 0, 0, 0, 0, 0, 0, 0, 0, 0, 0, 0, 0]",256,512,1048576.0,5242880.0,6665898904,6665908659,6855498767,6855529679,800,6368,6368,549405,1,9755,30912,128,32,32,3
203,2,"[128, 256, 2, 2, 256, 2, 2, 3, 3, 1, 1, 1, 1, 1, 1, 1, 8, 0, 0, 0, 0, 0, 0, 0, 0, 0, 0, 0, 0, 0]",512,256,0.0,0.0,6666136623,6666278989,6855536047,6867785324,20740,38465,26816,549404,3,27130,12237628,128,32,32,3
152,2,"[8, 128, 256, 2, 2, 0, 0, 0, 0, 0, 0, 0, 0, 0, 0, 0, 0, 0, 0, 0, 0, 0, 0, 0, 0, 0, 0, 0, 0, 0]",256,128,131072.0,3145728.0,6666385385,6666393973,6867812140,6867819820,0,288,288,549403,1,8588,7680,128,32,32,3
205,2,"[8, 128, 256, 2, 2, 0, 0, 0, 0, 0, 0, 0, 0, 0, 0, 0, 0, 0, 0, 0, 0, 0, 0, 0, 0, 0, 0, 0, 0, 0]",256,512,1048576.0,5242880.0,6666477647,6666487845,6867820108,6867850860,800,6624,6624,549402,1,10198,30752,128,32,32,3
203,2,"[128, 1024, 2, 2, 256, 2, 2, 1, 1, 0, 0, 1, 1, 1, 1, 1, 8, 0, 0, 0, 0, 0, 0, 0, 0, 0, 0, 0, 0, 0]",2048,256,0.0,0.0,6666703849,6666826566,6867857484,6869015337,4356,44864,37664,549401,3,28047,1150653,128,32,32,3
152,2,"[8, 128, 1024, 2, 2, 0, 0, 0, 0, 0, 0, 0, 0, 0, 0, 0, 0, 0, 0, 0, 0, 0, 0, 0, 0, 0, 0, 0, 0, 0]",1024,128,524288.0,12582912.0,6666961878,6666971436,6869053001,6869079529,0,288,288,549400,1,9558,26528,128,32,32,3
205,2,"[8, 128, 1024, 2, 2, 0, 0, 0, 0, 0, 0, 0, 0, 0, 0, 0, 0, 0, 0, 0, 0, 0, 0, 0, 0, 0, 0, 0, 0, 0]",1024,512,4194304.0,20971520.0,6667068502,6667078884,6869079817,6869193993,800,6464,6464,549398,1,10382,114176,128,32,32,3
203,2,"[128, 256, 2, 2, 1024, 2, 2, 1, 1, 0, 0, 1, 1, 1, 1, 1, 8, 0, 0, 0, 0, 0, 0, 0, 0, 0, 0, 0, 0, 0]",512,256,268435456.0,7340032.0,6667257568,6667385273,6869200457,6874218074,6404,18690,10208,549397,3,27522,5009135,128,32,32,3
152,2,"[8, 128, 256, 2, 2, 0, 0, 0, 0, 0, 0, 0, 0, 0, 0, 0, 0, 0, 0, 0, 0, 0, 0, 0, 0, 0, 0, 0, 0, 0]",256,128,131072.0,3145728.0,6667502630,6667512079,6874228282,6874235674,0,512,512,549396,1,9449,7392,128,32,32,3
205,2,"[8, 128, 256, 2, 2, 0, 0, 0, 0, 0, 0, 0, 0, 0, 0, 0, 0, 0, 0, 0, 0, 0, 0, 0, 0, 0, 0, 0, 0, 0]",256,512,1048576.0,5242880.0,6667596046,6667615072,6874236186,6874267162,800,6080,6080,549395,1,19026,30976,128,32,32,3
203,2,"[128, 256, 2, 2, 256, 2, 2, 3, 3, 1, 1, 1, 1, 1, 1, 1, 8, 0, 0, 0, 0, 0, 0, 0, 0, 0, 0, 0, 0, 0]",512,256,0.0,0.0,6667847166,6667980686,6874273242,6886520151,20740,36960,26816,549394,3,27766,12236765,128,32,32,3
152,2,"[8, 128, 256, 2, 2, 0, 0, 0, 0, 0, 0, 0, 0, 0, 0, 0, 0, 0, 0, 0, 0, 0, 0, 0, 0, 0, 0, 0, 0, 0]",256,128,131072.0,3145728.0,6668084304,6668093663,6886546967,6886554743,0,416,416,549393,1,9359,7776,128,32,32,3
205,2,"[8, 128, 256, 2, 2, 0, 0, 0, 0, 0, 0, 0, 0, 0, 0, 0, 0, 0, 0, 0, 0, 0, 0, 0, 0, 0, 0, 0, 0, 0]",256,512,1048576.0,5242880.0,6668178303,6668188184,6886555159,6886585911,800,6656,6656,549392,1,9881,30752,128,32,32,3
203,2,"[128, 1024, 2, 2, 256, 2, 2, 1, 1, 0, 0, 1, 1, 1, 1, 1, 8, 0, 0, 0, 0, 0, 0, 0, 0, 0, 0, 0, 0, 0]",2048,256,0.0,0.0,6668401539,6668522871,6886592567,6887749172,4356,46239,38912,549391,3,27155,1149278,128,32,32,3
152,2,"[8, 128, 1024, 2, 2, 0, 0, 0, 0, 0, 0, 0, 0, 0, 0, 0, 0, 0, 0, 0, 0, 0, 0, 0, 0, 0, 0, 0, 0, 0]",1024,128,524288.0,12582912.0,6668654607,6668663583,6887788084,6887814260,0,416,416,549390,1,8976,26176,128,32,32,3
205,2,"[8, 128, 1024, 2, 2, 0, 0, 0, 0, 0, 0, 0, 0, 0, 0, 0, 0, 0, 0, 0, 0, 0, 0, 0, 0, 0, 0, 0, 0, 0]",1024,512,4194304.0,20971520.0,6668771665,6668782424,6887814676,6887930452,800,6527,6527,549388,1,10759,115776,128,32,32,3
203,2,"[128, 256, 2, 2, 1024, 2, 2, 1, 1, 0, 0, 1, 1, 1, 1, 1, 8, 0, 0, 0, 0, 0, 0, 0, 0, 0, 0, 0, 0, 0]",512,256,268435456.0,7340032.0,6668961789,6669089767,6887936979,6892954341,6404,17600,9152,549387,3,28104,5008914,128,32,32,3
152,2,"[8, 128, 256, 2, 2, 0, 0, 0, 0, 0, 0, 0, 0, 0, 0, 0, 0, 0, 0, 0, 0, 0, 0, 0, 0, 0, 0, 0, 0, 0]",256,128,131072.0,3145728.0,6669191637,6669200164,6892963493,6892970853,0,544,544,549386,1,8527,7360,128,32,32,3
205,2,"[8, 128, 256, 2, 2, 0, 0, 0, 0, 0, 0, 0, 0, 0, 0, 0, 0, 0, 0, 0, 0, 0, 0, 0, 0, 0, 0, 0, 0, 0]",256,512,1048576.0,5242880.0,6669284197,6669293917,6892971397,6893002277,800,6144,6144,549385,1,9720,30880,128,32,32,3
203,2,"[128, 256, 2, 2, 256, 2, 2, 3, 3, 1, 1, 1, 1, 1, 1, 1, 8, 0, 0, 0, 0, 0, 0, 0, 0, 0, 0, 0, 0, 0]",512,256,0.0,0.0,6669519662,6669654147,6893008421,6905261570,20740,38560,26592,549384,3,28493,12241181,128,32,32,3
152,2,"[8, 128, 256, 2, 2, 0, 0, 0, 0, 0, 0, 0, 0, 0, 0, 0, 0, 0, 0, 0, 0, 0, 0, 0, 0, 0, 0, 0, 0, 0]",256,128,131072.0,3145728.0,6669756951,6669765631,6905288162,6905295778,0,480,480,549383,1,8680,7616,128,32,32,3
205,2,"[8, 128, 256, 2, 2, 0, 0, 0, 0, 0, 0, 0, 0, 0, 0, 0, 0, 0, 0, 0, 0, 0, 0, 0, 0, 0, 0, 0, 0, 0]",256,512,1048576.0,5242880.0,6669848505,6669858579,6905296258,6905327073,800,6145,6145,549382,1,10074,30815,128,32,32,3
203,2,"[128, 1024, 2, 2, 256, 2, 2, 1, 1, 0, 0, 1, 1, 1, 1, 1, 8, 0, 0, 0, 0, 0, 0, 0, 0, 0, 0, 0, 0, 0]",2048,256,0.0,0.0,6670082471,6670206070,6905333218,6906489887,4356,47136,39136,549381,3,26892,1148669,128,32,32,3
152,2,"[8, 128, 1024, 2, 2, 0, 0, 0, 0, 0, 0, 0, 0, 0, 0, 0, 0, 0, 0, 0, 0, 0, 0, 0, 0, 0, 0, 0, 0, 0]",1024,128,524288.0,12582912.0,6670338652,6670347291,6906529023,6906555199,0,576,576,549380,1,8639,26176,128,32,32,3
205,2,"[8, 128, 1024, 2, 2, 0, 0, 0, 0, 0, 0, 0, 0, 0, 0, 0, 0, 0, 0, 0, 0, 0, 0, 0, 0, 0, 0, 0, 0, 0]",1024,512,4194304.0,20971520.0,6670445069,6670454804,6906555775,6906670590,800,7680,7680,549378,1,9735,114815,128,32,32,3
203,2,"[128, 256, 2, 2, 1024, 2, 2, 1, 1, 0, 0, 1, 1, 1, 1, 1, 8, 0, 0, 0, 0, 0, 0, 0, 0, 0, 0, 0, 0, 0]",512,256,268435456.0,7340032.0,6670633684,6670759024,6906678270,6911696368,6404,17216,9984,549377,3,26655,5010866,128,32,32,3
152,2,"[8, 128, 256, 2, 2, 0, 0, 0, 0, 0, 0, 0, 0, 0, 0, 0, 0, 0, 0, 0, 0, 0, 0, 0, 0, 0, 0, 0, 0, 0]",256,128,131072.0,3145728.0,6670859536,6670868757,6911706352,6911712752,0,1376,1376,549376,1,9221,6400,128,32,32,3
205,2,"[8, 128, 256, 2, 2, 0, 0, 0, 0, 0, 0, 0, 0, 0, 0, 0, 0, 0, 0, 0, 0, 0, 0, 0, 0, 0, 0, 0, 0, 0]",256,512,1048576.0,5242880.0,6670951925,6670961552,6911714128,6911745232,800,6112,6112,549375,1,9627,31104,128,32,32,3
203,2,"[128, 256, 2, 2, 256, 2, 2, 3, 3, 1, 1, 1, 1, 1, 1, 1, 8, 0, 0, 0, 0, 0, 0, 0, 0, 0, 0, 0, 0, 0]",512,256,0.0,0.0,6671205874,6671341147,6911751344,6923999981,20740,37888,26464,549374,3,28991,12237213,128,32,32,3
152,2,"[8, 128, 256, 2, 2, 0, 0, 0, 0, 0, 0, 0, 0, 0, 0, 0, 0, 0, 0, 0, 0, 0, 0, 0, 0, 0, 0, 0, 0, 0]",256,128,131072.0,3145728.0,6671445281,6671454521,6924026445,6924033484,0,1,1,549373,1,9240,7039,128,32,32,3
205,2,"[8, 128, 256, 2, 2, 0, 0, 0, 0, 0, 0, 0, 0, 0, 0, 0, 0, 0, 0, 0, 0, 0, 0, 0, 0, 0, 0, 0, 0, 0]",256,512,1048576.0,5242880.0,6671537404,6671546896,6924033485,6924065453,800,6016,6016,549372,1,9492,31968,128,32,32,3
203,2,"[128, 1024, 2, 2, 256, 2, 2, 1, 1, 0, 0, 1, 1, 1, 1, 1, 8, 0, 0, 0, 0, 0, 0, 0, 0, 0, 0, 0, 0, 0]",2048,256,0.0,0.0,6671772590,6671896377,6924071469,6925224906,4356,45121,38720,549371,3,29037,1147036,128,32,32,3
152,2,"[8, 128, 1024, 2, 2, 0, 0, 0, 0, 0, 0, 0, 0, 0, 0, 0, 0, 0, 0, 0, 0, 0, 0, 0, 0, 0, 0, 0, 0, 0]",1024,128,524288.0,12582912.0,6672046113,6672054778,6925263626,6925288872,0,1,1,549370,1,8665,25246,128,32,32,3
205,2,"[8, 128, 1024, 2, 2, 0, 0, 0, 0, 0, 0, 0, 0, 0, 0, 0, 0, 0, 0, 0, 0, 0, 0, 0, 0, 0, 0, 0, 0, 0]",1024,512,4194304.0,20971520.0,6672152040,6672162292,6925288873,6925405353,800,6432,6432,549368,1,10252,116480,128,32,32,3
203,2,"[128, 256, 2, 2, 1024, 2, 2, 1, 1, 0, 0, 1, 1, 1, 1, 1, 8, 0, 0, 0, 0, 0, 0, 0, 0, 0, 0, 0, 0, 0]",512,256,268435456.0,7340032.0,6672341155,6672478822,6925411785,6930431323,6404,18463,9696,549367,3,26894,5010771,128,32,32,3
152,2,"[8, 128, 256, 2, 2, 0, 0, 0, 0, 0, 0, 0, 0, 0, 0, 0, 0, 0, 0, 0, 0, 0, 0, 0, 0, 0, 0, 0, 0, 0]",256,128,131072.0,3145728.0,6672583540,6672592339,6930441019,6930447770,0,1,1,549366,1,8799,6751,128,32,32,3
205,2,"[8, 128, 256, 2, 2, 0, 0, 0, 0, 0, 0, 0, 0, 0, 0, 0, 0, 0, 0, 0, 0, 0, 0, 0, 0, 0, 0, 0, 0, 0]",256,512,1048576.0,5242880.0,6672674228,6672683968,6930447771,6930479579,800,6240,6240,549365,1,9740,31808,128,32,32,3
203,2,"[128, 256, 2, 2, 256, 2, 2, 3, 3, 1, 1, 1, 1, 1, 1, 1, 8, 0, 0, 0, 0, 0, 0, 0, 0, 0, 0, 0, 0, 0]",512,256,0.0,0.0,6672911741,6673046802,6930485819,6942737816,20740,39264,26592,549364,3,29593,12239325,128,32,32,3
152,2,"[8, 128, 256, 2, 2, 0, 0, 0, 0, 0, 0, 0, 0, 0, 0, 0, 0, 0, 0, 0, 0, 0, 0, 0, 0, 0, 0, 0, 0, 0]",256,128,131072.0,3145728.0,6673151309,6673160048,6942764408,6942772440,0,256,256,549363,1,8739,8032,128,32,32,3
205,2,"[8, 128, 256, 2, 2, 0, 0, 0, 0, 0, 0, 0, 0, 0, 0, 0, 0, 0, 0, 0, 0, 0, 0, 0, 0, 0, 0, 0, 0, 0]",256,512,1048576.0,5242880.0,6673244926,6673252061,6942772696,6942803352,800,6496,6496,549362,1,7135,30656,128,32,32,3
203,2,"[128, 1024, 2, 2, 256, 2, 2, 1, 1, 0, 0, 1, 1, 1, 1, 1, 8, 0, 0, 0, 0, 0, 0, 0, 0, 0, 0, 0, 0, 0]",2048,256,0.0,0.0,6673406466,6673494401,6942809848,6943964564,4356,47008,38880,549361,3,20928,1146588,128,32,32,3
152,2,"[8, 128, 1024, 2, 2, 0, 0, 0, 0, 0, 0, 0, 0, 0, 0, 0, 0, 0, 0, 0, 0, 0, 0, 0, 0, 0, 0, 0, 0, 0]",1024,128,524288.0,12582912.0,6673610376,6673617578,6944003444,6944029460,0,480,480,549360,1,7202,26016,128,32,32,3
205,2,"[8, 128, 1024, 2, 2, 0, 0, 0, 0, 0, 0, 0, 0, 0, 0, 0, 0, 0, 0, 0, 0, 0, 0, 0, 0, 0, 0, 0, 0, 0]",1024,512,4194304.0,20971520.0,6673691407,6673698486,6944029940,6944144788,800,7392,7392,549358,1,7079,114848,128,32,32,3
203,2,"[128, 256, 2, 2, 1024, 2, 2, 1, 1, 0, 0, 1, 1, 1, 1, 1, 8, 0, 0, 0, 0, 0, 0, 0, 0, 0, 0, 0, 0, 0]",512,256,268435456.0,7340032.0,6673828867,6673920063,6944152180,6949170246,6404,18304,9536,549357,3,19672,5009298,128,32,32,3
152,2,"[8, 128, 256, 2, 2, 0, 0, 0, 0, 0, 0, 0, 0, 0, 0, 0, 0, 0, 0, 0, 0, 0, 0, 0, 0, 0, 0, 0, 0, 0]",256,128,131072.0,3145728.0,6673995812,6674002344,6949179782,6949186917,0,1,1,549356,1,6532,7135,128,32,32,3
205,2,"[8, 128, 256, 2, 2, 0, 0, 0, 0, 0, 0, 0, 0, 0, 0, 0, 0, 0, 0, 0, 0, 0, 0, 0, 0, 0, 0, 0, 0, 0]",256,512,1048576.0,5242880.0,6674062783,6674070375,6949186918,6949217670,800,7296,7296,549355,1,7592,30752,128,32,32,3
203,2,"[128, 256, 2, 2, 256, 2, 2, 3, 3, 1, 1, 1, 1, 1, 1, 1, 8, 0, 0, 0, 0, 0, 0, 0, 0, 0, 0, 0, 0, 0]",512,256,0.0,0.0,6674235846,6674333097,6949224966,6961474179,20740,37472,26656,549354,3,20610,12238397,128,32,32,3
152,2,"[8, 128, 256, 2, 2, 0, 0, 0, 0, 0, 0, 0, 0, 0, 0, 0, 0, 0, 0, 0, 0, 0, 0, 0, 0, 0, 0, 0, 0, 0]",256,128,131072.0,3145728.0,6674409227,6674415971,6961500835,6961507683,0,1088,1088,549353,1,6744,6848,128,32,32,3
205,2,"[8, 128, 256, 2, 2, 0, 0, 0, 0, 0, 0, 0, 0, 0, 0, 0, 0, 0, 0, 0, 0, 0, 0, 0, 0, 0, 0, 0, 0, 0]",256,512,1048576.0,5242880.0,6674484600,6674492191,6961508771,6961539779,800,6144,6144,549352,1,7591,31008,128,32,32,3
203,2,"[128, 1024, 2, 2, 256, 2, 2, 1, 1, 0, 0, 1, 1, 1, 1, 1, 8, 0, 0, 0, 0, 0, 0, 0, 0, 0, 0, 0, 0, 0]",2048,256,0.0,0.0,6674648883,6674737543,6961545923,6962703711,4356,46625,38880,549351,3,20899,1150043,128,32,32,3
152,2,"[8, 128, 1024, 2, 2, 0, 0, 0, 0, 0, 0, 0, 0, 0, 0, 0, 0, 0, 0, 0, 0, 0, 0, 0, 0, 0, 0, 0, 0, 0]",1024,128,524288.0,12582912.0,6674832769,6674838794,6962742591,6962768991,0,224,224,549350,1,6025,26400,128,32,32,3
205,2,"[8, 128, 1024, 2, 2, 0, 0, 0, 0, 0, 0, 0, 0, 0, 0, 0, 0, 0, 0, 0, 0, 0, 0, 0, 0, 0, 0, 0, 0, 0]",1024,512,4194304.0,20971520.0,6674910073,6674917374,6962769215,6962883902,800,6529,6529,549348,1,7301,114687,128,32,32,3
203,2,"[128, 256, 2, 2, 1024, 2, 2, 1, 1, 0, 0, 1, 1, 1, 1, 1, 8, 0, 0, 0, 0, 0, 0, 0, 0, 0, 0, 0, 0, 0]",512,256,268435456.0,7340032.0,6675044847,6675136178,6962890431,6967909553,6404,16832,8320,549347,3,19396,5010610,128,32,32,3
152,2,"[8, 128, 256, 2, 2, 0, 0, 0, 0, 0, 0, 0, 0, 0, 0, 0, 0, 0, 0, 0, 0, 0, 0, 0, 0, 0, 0, 0, 0, 0]",256,128,131072.0,3145728.0,6675211929,6675218770,6967917873,6967925873,0,224,224,549346,1,6841,8000,128,32,32,3
205,2,"[8, 128, 256, 2, 2, 0, 0, 0, 0, 0, 0, 0, 0, 0, 0, 0, 0, 0, 0, 0, 0, 0, 0, 0, 0, 0, 0, 0, 0, 0]",256,512,1048576.0,5242880.0,6675279607,6675287047,6967926097,6967956816,800,6561,6561,549345,1,7440,30719,128,32,32,3
203,2,"[128, 256, 2, 2, 256, 2, 2, 3, 3, 1, 1, 1, 1, 1, 1, 1, 8, 0, 0, 0, 0, 0, 0, 0, 0, 0, 0, 0, 0, 0]",512,256,0.0,0.0,6675459767,6675555683,6967963377,6980211246,20740,38241,26816,549344,3,20235,12236444,128,32,32,3
152,2,"[8, 128, 256, 2, 2, 0, 0, 0, 0, 0, 0, 0, 0, 0, 0, 0, 0, 0, 0, 0, 0, 0, 0, 0, 0, 0, 0, 0, 0, 0]",256,128,131072.0,3145728.0,6675641073,6675647609,6980238062,6980244782,0,1312,1312,549343,1,6536,6720,128,32,32,3
205,2,"[8, 128, 256, 2, 2, 0, 0, 0, 0, 0, 0, 0, 0, 0, 0, 0, 0, 0, 0, 0, 0, 0, 0, 0, 0, 0, 0, 0, 0, 0]",256,512,1048576.0,5242880.0,6675710618,6675718101,6980246094,6980277230,800,6047,6047,549342,1,7483,31136,128,32,32,3
203,2,"[128, 1024, 2, 2, 256, 2, 2, 1, 1, 0, 0, 1, 1, 1, 1, 1, 8, 0, 0, 0, 0, 0, 0, 0, 0, 0, 0, 0, 0, 0]",2048,256,0.0,0.0,6675874937,6675963463,6980283277,6981438729,4356,47072,38913,549341,3,20264,1147293,128,32,32,3
152,2,"[8, 128, 1024, 2, 2, 0, 0, 0, 0, 0, 0, 0, 0, 0, 0, 0, 0, 0, 0, 0, 0, 0, 0, 0, 0, 0, 0, 0, 0, 0]",1024,128,524288.0,12582912.0,6676061502,6676067466,6981477642,6981503626,0,576,576,549340,1,5964,25984,128,32,32,3
205,2,"[8, 128, 1024, 2, 2, 0, 0, 0, 0, 0, 0, 0, 0, 0, 0, 0, 0, 0, 0, 0, 0, 0, 0, 0, 0, 0, 0, 0, 0, 0]",1024,512,4194304.0,20971520.0,6676137158,6676144270,6981504202,6981618986,800,7328,7328,549338,1,7112,114784,128,32,32,3
203,2,"[128, 256, 2, 2, 1024, 2, 2, 1, 1, 0, 0, 1, 1, 1, 1, 1, 8, 0, 0, 0, 0, 0, 0, 0, 0, 0, 0, 0, 0, 0]",512,256,268435456.0,7340032.0,6676283682,6676375414,6981626314,6986643835,6404,16417,9537,549337,3,20128,5010641,128,32,32,3
152,2,"[8, 128, 256, 2, 2, 0, 0, 0, 0, 0, 0, 0, 0, 0, 0, 0, 0, 0, 0, 0, 0, 0, 0, 0, 0, 0, 0, 0, 0, 0]",256,128,131072.0,3145728.0,6676451770,6676458448,6986653372,6986660859,0,288,288,549336,1,6678,7487,128,32,32,3
205,2,"[8, 128, 256, 2, 2, 0, 0, 0, 0, 0, 0, 0, 0, 0, 0, 0, 0, 0, 0, 0, 0, 0, 0, 0, 0, 0, 0, 0, 0, 0]",256,512,1048576.0,5242880.0,6676524672,6676533195,6986661147,6986691867,800,7200,7200,549335,1,8523,30720,128,32,32,3
203,2,"[128, 256, 2, 2, 256, 2, 2, 3, 3, 1, 1, 1, 1, 1, 1, 1, 8, 0, 0, 0, 0, 0, 0, 0, 0, 0, 0, 0, 0, 0]",512,256,0.0,0.0,6676697478,6676793540,6986699067,6998951161,20740,38881,26816,549334,3,20719,12240029,128,32,32,3
152,2,"[8, 128, 256, 2, 2, 0, 0, 0, 0, 0, 0, 0, 0, 0, 0, 0, 0, 0, 0, 0, 0, 0, 0, 0, 0, 0, 0, 0, 0, 0]",256,128,131072.0,3145728.0,6676869968,6676876412,6998977977,6998985816,0,256,256,549333,1,6444,7839,128,32,32,3
205,2,"[8, 128, 256, 2, 2, 0, 0, 0, 0, 0, 0, 0, 0, 0, 0, 0, 0, 0, 0, 0, 0, 0, 0, 0, 0, 0, 0, 0, 0, 0]",256,512,1048576.0,5242880.0,6676936113,6676943614,6998986072,6999016696,800,6656,6656,549332,1,7501,30624,128,32,32,3
203,2,"[128, 1024, 2, 2, 256, 2, 2, 1, 1, 0, 0, 1, 1, 1, 1, 1, 8, 0, 0, 0, 0, 0, 0, 0, 0, 0, 0, 0, 0, 0]",2048,256,0.0,0.0,6677111734,6677199770,6999023352,7000177909,4356,46944,38880,549331,3,19567,1146493,128,32,32,3
152,2,"[8, 128, 1024, 2, 2, 0, 0, 0, 0, 0, 0, 0, 0, 0, 0, 0, 0, 0, 0, 0, 0, 0, 0, 0, 0, 0, 0, 0, 0, 0]",1024,128,524288.0,12582912.0,6677297343,6677303553,7000216789,7000243412,0,1,1,549330,1,6210,26623,128,32,32,3
205,2,"[8, 128, 1024, 2, 2, 0, 0, 0, 0, 0, 0, 0, 0, 0, 0, 0, 0, 0, 0, 0, 0, 0, 0, 0, 0, 0, 0, 0, 0, 0]",1024,512,4194304.0,20971520.0,6677378228,6677385591,7000243413,7000359285,800,6592,6592,549328,1,7363,115872,128,32,32,3
203,2,"[128, 256, 2, 2, 1024, 2, 2, 1, 1, 0, 0, 1, 1, 1, 1, 1, 8, 0, 0, 0, 0, 0, 0, 0, 0, 0, 0, 0, 0, 0]",512,256,268435456.0,7340032.0,6677518261,6677608035,7000365877,7005383910,6404,16897,10208,549327,3,18483,5011344,128,32,32,3
152,2,"[8, 128, 256, 2, 2, 0, 0, 0, 0, 0, 0, 0, 0, 0, 0, 0, 0, 0, 0, 0, 0, 0, 0, 0, 0, 0, 0, 0, 0, 0]",256,128,131072.0,3145728.0,6677686255,6677692521,7005394118,7005400294,0,1504,1504,549326,1,6266,6176,128,32,32,3
205,2,"[8, 128, 256, 2, 2, 0, 0, 0, 0, 0, 0, 0, 0, 0, 0, 0, 0, 0, 0, 0, 0, 0, 0, 0, 0, 0, 0, 0, 0, 0]",256,512,1048576.0,5242880.0,6677756218,6677763184,7005401798,7005432838,800,6336,6336,549325,1,6966,31040,128,32,32,3
203,2,"[128, 256, 2, 2, 256, 2, 2, 3, 3, 1, 1, 1, 1, 1, 1, 1, 8, 0, 0, 0, 0, 0, 0, 0, 0, 0, 0, 0, 0, 0]",512,256,0.0,0.0,6677930907,6678035891,7005439174,7017688259,20740,37760,26624,549324,3,20204,12237949,128,32,32,3
152,2,"[8, 128, 256, 2, 2, 0, 0, 0, 0, 0, 0, 0, 0, 0, 0, 0, 0, 0, 0, 0, 0, 0, 0, 0, 0, 0, 0, 0, 0, 0]",256,128,131072.0,3145728.0,6678114034,6678121798,7017714883,7017722915,0,128,128,549323,1,7764,8032,128,32,32,3
205,2,"[8, 128, 256, 2, 2, 0, 0, 0, 0, 0, 0, 0, 0, 0, 0, 0, 0, 0, 0, 0, 0, 0, 0, 0, 0, 0, 0, 0, 0, 0]",256,512,1048576.0,5242880.0,6678181357,6678188830,7017723043,7017753795,800,7200,7200,549322,1,7473,30752,128,32,32,3
203,2,"[128, 1024, 2, 2, 256, 2, 2, 1, 1, 0, 0, 1, 1, 1, 1, 1, 8, 0, 0, 0, 0, 0, 0, 0, 0, 0, 0, 0, 0, 0]",2048,256,0.0,0.0,6678344426,6678438026,7017760995,7018916896,4356,47201,39040,549321,3,20918,1147740,128,32,32,3
152,2,"[8, 128, 1024, 2, 2, 0, 0, 0, 0, 0, 0, 0, 0, 0, 0, 0, 0, 0, 0, 0, 0, 0, 0, 0, 0, 0, 0, 0, 0, 0]",1024,128,524288.0,12582912.0,6678533379,6678540016,7018955936,7018981856,0,576,576,549320,1,6637,25920,128,32,32,3
205,2,"[8, 128, 1024, 2, 2, 0, 0, 0, 0, 0, 0, 0, 0, 0, 0, 0, 0, 0, 0, 0, 0, 0, 0, 0, 0, 0, 0, 0, 0, 0]",1024,512,4194304.0,20971520.0,6678608496,6678615252,7018982432,7019098432,800,6752,6752,549318,1,6756,116000,128,32,32,3
203,2,"[128, 256, 2, 2, 1024, 2, 2, 1, 1, 0, 0, 1, 1, 1, 1, 1, 8, 0, 0, 0, 0, 0, 0, 0, 0, 0, 0, 0, 0, 0]",512,256,268435456.0,7340032.0,6678741541,6678832115,7019105184,7024124497,6404,16929,9312,549317,3,18992,5011696,128,32,32,3
152,2,"[8, 128, 256, 2, 2, 0, 0, 0, 0, 0, 0, 0, 0, 0, 0, 0, 0, 0, 0, 0, 0, 0, 0, 0, 0, 0, 0, 0, 0, 0]",256,128,131072.0,3145728.0,6678908058,6678924985,7024133809,7024141105,0,352,352,549316,1,16927,7296,128,32,32,3
205,2,"[8, 128, 256, 2, 2, 0, 0, 0, 0, 0, 0, 0, 0, 0, 0, 0, 0, 0, 0, 0, 0, 0, 0, 0, 0, 0, 0, 0, 0, 0]",256,512,1048576.0,5242880.0,6678985123,6678992414,7024141457,7024172176,800,6305,6305,549315,1,7291,30719,128,32,32,3
203,2,"[128, 256, 2, 2, 256, 2, 2, 3, 3, 1, 1, 1, 1, 1, 1, 1, 8, 0, 0, 0, 0, 0, 0, 0, 0, 0, 0, 0, 0, 0]",512,256,0.0,0.0,6679155622,6679251382,7024178481,7036427406,20740,38496,26688,549314,3,20688,12237117,128,32,32,3
152,2,"[8, 128, 256, 2, 2, 0, 0, 0, 0, 0, 0, 0, 0, 0, 0, 0, 0, 0, 0, 0, 0, 0, 0, 0, 0, 0, 0, 0, 0, 0]",256,128,131072.0,3145728.0,6679325786,6679331777,7036454094,7036461838,0,352,352,549313,1,5991,7744,128,32,32,3
205,2,"[8, 128, 256, 2, 2, 0, 0, 0, 0, 0, 0, 0, 0, 0, 0, 0, 0, 0, 0, 0, 0, 0, 0, 0, 0, 0, 0, 0, 0, 0]",256,512,1048576.0,5242880.0,6679390456,6679397247,7036462190,7036492942,800,7264,7264,549312,1,6791,30752,128,32,32,3
203,2,"[128, 1024, 2, 2, 256, 2, 2, 1, 1, 0, 0, 1, 1, 1, 1, 1, 8, 0, 0, 0, 0, 0, 0, 0, 0, 0, 0, 0, 0, 0]",2048,256,0.0,0.0,6679548771,6679646064,7036500206,7037656170,4356,48256,38913,549311,3,22111,1146621,128,32,32,3
152,2,"[8, 128, 1024, 2, 2, 0, 0, 0, 0, 0, 0, 0, 0, 0, 0, 0, 0, 0, 0, 0, 0, 0, 0, 0, 0, 0, 0, 0, 0, 0]",1024,128,524288.0,12582912.0,6679743312,6679749344,7037695083,7037721195,0,512,512,549310,1,6032,26112,128,32,32,3
205,2,"[8, 128, 1024, 2, 2, 0, 0, 0, 0, 0, 0, 0, 0, 0, 0, 0, 0, 0, 0, 0, 0, 0, 0, 0, 0, 0, 0, 0, 0, 0]",1024,512,4194304.0,20971520.0,6679824296,6679832140,7037721707,7037837706,800,6784,6784,549308,1,7844,115999,128,32,32,3
203,2,"[128, 256, 2, 2, 1024, 2, 2, 1, 1, 0, 0, 1, 1, 1, 1, 1, 8, 0, 0, 0, 0, 0, 0, 0, 0, 0, 0, 0, 0, 0]",512,256,268435456.0,7340032.0,6679962022,6680052501,7037844490,7042862204,6404,17504,10208,549307,3,19801,5010418,128,32,32,3
152,2,"[8, 128, 256, 2, 2, 0, 0, 0, 0, 0, 0, 0, 0, 0, 0, 0, 0, 0, 0, 0, 0, 0, 0, 0, 0, 0, 0, 0, 0, 0]",256,128,131072.0,3145728.0,6680127746,6680133868,7042872412,7042878588,0,1280,1280,549306,1,6122,6176,128,32,32,3
205,2,"[8, 128, 256, 2, 2, 0, 0, 0, 0, 0, 0, 0, 0, 0, 0, 0, 0, 0, 0, 0, 0, 0, 0, 0, 0, 0, 0, 0, 0, 0]",256,512,1048576.0,5242880.0,6680191602,6680199032,7042879868,7042910876,800,6176,6176,549305,1,7430,31008,128,32,32,3
203,2,"[128, 256, 2, 2, 256, 2, 2, 3, 3, 1, 1, 1, 1, 1, 1, 1, 8, 0, 0, 0, 0, 0, 0, 0, 0, 0, 0, 0, 0, 0]",512,256,0.0,0.0,6680358184,6680452519,7042917052,7055165849,20740,37985,26368,549304,3,20339,12237180,128,32,32,3
152,2,"[8, 128, 256, 2, 2, 0, 0, 0, 0, 0, 0, 0, 0, 0, 0, 0, 0, 0, 0, 0, 0, 0, 0, 0, 0, 0, 0, 0, 0, 0]",256,128,131072.0,3145728.0,6680528534,6680534651,7055192217,7055199288,0,1,1,549303,1,6117,7071,128,32,32,3
205,2,"[8, 128, 256, 2, 2, 0, 0, 0, 0, 0, 0, 0, 0, 0, 0, 0, 0, 0, 0, 0, 0, 0, 0, 0, 0, 0, 0, 0, 0, 0]",256,512,1048576.0,5242880.0,6680592358,6680599575,7055199289,7055231257,800,6496,6496,549302,1,7217,31968,128,32,32,3
203,2,"[128, 1024, 2, 2, 256, 2, 2, 1, 1, 0, 0, 1, 1, 1, 1, 1, 8, 0, 0, 0, 0, 0, 0, 0, 0, 0, 0, 0, 0, 0]",2048,256,0.0,0.0,6680775713,6680862744,7055237753,7056394934,4356,47647,39135,549301,3,19130,1148669,128,32,32,3
152,2,"[8, 128, 1024, 2, 2, 0, 0, 0, 0, 0, 0, 0, 0, 0, 0, 0, 0, 0, 0, 0, 0, 0, 0, 0, 0, 0, 0, 0, 0, 0]",1024,128,524288.0,12582912.0,6680958991,6680965172,7056434069,7056458838,0,1375,1375,549300,1,6181,24769,128,32,32,3
205,2,"[8, 128, 1024, 2, 2, 0, 0, 0, 0, 0, 0, 0, 0, 0, 0, 0, 0, 0, 0, 0, 0, 0, 0, 0, 0, 0, 0, 0, 0, 0]",1024,512,4194304.0,20971520.0,6681035045,6681042237,7056460213,7056574741,800,6752,6752,549298,1,7192,114528,128,32,32,3
203,2,"[128, 256, 2, 2, 1024, 2, 2, 1, 1, 0, 0, 1, 1, 1, 1, 1, 8, 0, 0, 0, 0, 0, 0, 0, 0, 0, 0, 0, 0, 0]",512,256,268435456.0,7340032.0,6681168356,6681259465,7056581493,7061599303,6404,17887,10240,549297,3,19123,5010163,128,32,32,3
152,2,"[8, 128, 256, 2, 2, 0, 0, 0, 0, 0, 0, 0, 0, 0, 0, 0, 0, 0, 0, 0, 0, 0, 0, 0, 0, 0, 0, 0, 0, 0]",256,128,131072.0,3145728.0,6681334126,6681341057,7061609543,7061616935,0,480,480,549296,1,6931,7392,128,32,32,3
205,2,"[8, 128, 256, 2, 2, 0, 0, 0, 0, 0, 0, 0, 0, 0, 0, 0, 0, 0, 0, 0, 0, 0, 0, 0, 0, 0, 0, 0, 0, 0]",256,512,1048576.0,5242880.0,6681399169,6681407001,7061617415,7061648422,800,6145,6145,549295,1,7832,31007,128,32,32,3
203,2,"[128, 256, 2, 2, 256, 2, 2, 3, 3, 1, 1, 1, 1, 1, 1, 1, 8, 0, 0, 0, 0, 0, 0, 0, 0, 0, 0, 0, 0, 0]",512,256,0.0,0.0,6681577488,6681675033,7061654567,7073903300,20740,38016,26336,549294,3,20743,12237053,128,32,32,3
152,2,"[8, 128, 256, 2, 2, 0, 0, 0, 0, 0, 0, 0, 0, 0, 0, 0, 0, 0, 0, 0, 0, 0, 0, 0, 0, 0, 0, 0, 0, 0]",256,128,131072.0,3145728.0,6681749302,6681755543,7073929636,7073936420,0,1504,1504,549293,1,6241,6784,128,32,32,3
205,2,"[8, 128, 256, 2, 2, 0, 0, 0, 0, 0, 0, 0, 0, 0, 0, 0, 0, 0, 0, 0, 0, 0, 0, 0, 0, 0, 0, 0, 0, 0]",256,512,1048576.0,5242880.0,6681815692,6681822548,7073937924,7073969028,800,6080,6080,549292,1,6856,31104,128,32,32,3
203,2,"[128, 1024, 2, 2, 256, 2, 2, 1, 1, 0, 0, 1, 1, 1, 1, 1, 8, 0, 0, 0, 0, 0, 0, 0, 0, 0, 0, 0, 0, 0]",2048,256,0.0,0.0,6681978350,6682065250,7073975108,7075130401,4356,46591,38911,549291,3,19745,1147613,128,32,32,3
152,2,"[8, 128, 1024, 2, 2, 0, 0, 0, 0, 0, 0, 0, 0, 0, 0, 0, 0, 0, 0, 0, 0, 0, 0, 0, 0, 0, 0, 0, 0, 0]",1024,128,524288.0,12582912.0,6682161002,6682167180,7075169312,7075195392,0,544,544,549290,1,6178,26080,128,32,32,3
205,2,"[8, 128, 1024, 2, 2, 0, 0, 0, 0, 0, 0, 0, 0, 0, 0, 0, 0, 0, 0, 0, 0, 0, 0, 0, 0, 0, 0, 0, 0, 0]",1024,512,4194304.0,20971520.0,6682251930,6682259326,7075195936,7075310624,800,7296,7296,549288,1,7396,114688,128,32,32,3
203,2,"[128, 256, 2, 2, 1024, 2, 2, 1, 1, 0, 0, 1, 1, 1, 1, 1, 8, 0, 0, 0, 0, 0, 0, 0, 0, 0, 0, 0, 0, 0]",512,256,268435456.0,7340032.0,6682388299,6682489857,7075317920,7080335602,6404,17024,9312,549287,3,19104,5009970,128,32,32,3
152,2,"[8, 128, 256, 2, 2, 0, 0, 0, 0, 0, 0, 0, 0, 0, 0, 0, 0, 0, 0, 0, 0, 0, 0, 0, 0, 0, 0, 0, 0, 0]",256,128,131072.0,3145728.0,6682565515,6682572139,7080344914,7080352498,0,288,288,549286,1,6624,7584,128,32,32,3
205,2,"[8, 128, 256, 2, 2, 0, 0, 0, 0, 0, 0, 0, 0, 0, 0, 0, 0, 0, 0, 0, 0, 0, 0, 0, 0, 0, 0, 0, 0, 0]",256,512,1048576.0,5242880.0,6682633607,6682640449,7080352786,7080384690,800,6496,6496,549285,1,6842,31904,128,32,32,3
203,2,"[128, 256, 2, 2, 256, 2, 2, 3, 3, 1, 1, 1, 1, 1, 1, 1, 8, 0, 0, 0, 0, 0, 0, 0, 0, 0, 0, 0, 0, 0]",512,256,0.0,0.0,6682802290,6682896660,7080391186,7092636655,20740,36642,26624,549284,3,18947,12235451,128,32,32,3
152,2,"[8, 128, 256, 2, 2, 0, 0, 0, 0, 0, 0, 0, 0, 0, 0, 0, 0, 0, 0, 0, 0, 0, 0, 0, 0, 0, 0, 0, 0, 0]",256,128,131072.0,3145728.0,6682972552,6682978706,7092663279,7092671055,0,384,384,549283,1,6154,7776,128,32,32,3
205,2,"[8, 128, 256, 2, 2, 0, 0, 0, 0, 0, 0, 0, 0, 0, 0, 0, 0, 0, 0, 0, 0, 0, 0, 0, 0, 0, 0, 0, 0, 0]",256,512,1048576.0,5242880.0,6683039020,6683046004,7092671439,7092702191,800,6304,6304,549282,1,6984,30752,128,32,32,3
203,2,"[128, 1024, 2, 2, 256, 2, 2, 1, 1, 0, 0, 1, 1, 1, 1, 1, 8, 0, 0, 0, 0, 0, 0, 0, 0, 0, 0, 0, 0, 0]",2048,256,0.0,0.0,6683199254,6683286251,7092708495,7093863307,4356,46785,39008,549281,3,21215,1147035,128,32,32,3
152,2,"[8, 128, 1024, 2, 2, 0, 0, 0, 0, 0, 0, 0, 0, 0, 0, 0, 0, 0, 0, 0, 0, 0, 0, 0, 0, 0, 0, 0, 0, 0]",1024,128,524288.0,12582912.0,6683381381,6683386555,7093902315,7093926891,0,1280,1280,549280,1,5174,24576,128,32,32,3
205,2,"[8, 128, 1024, 2, 2, 0, 0, 0, 0, 0, 0, 0, 0, 0, 0, 0, 0, 0, 0, 0, 0, 0, 0, 0, 0, 0, 0, 0, 0, 0]",1024,512,4194304.0,20971520.0,6683439930,6683445650,7093928171,7094043594,800,6145,6145,549278,1,5720,115423,128,32,32,3
203,2,"[128, 256, 2, 2, 1024, 2, 2, 1, 1, 0, 0, 1, 1, 1, 1, 1, 8, 0, 0, 0, 0, 0, 0, 0, 0, 0, 0, 0, 0, 0]",512,256,268435456.0,7340032.0,6683541903,6683616007,7094049739,7099067357,6404,18080,10208,549277,3,16204,5009746,128,32,32,3
152,2,"[8, 128, 256, 2, 2, 0, 0, 0, 0, 0, 0, 0, 0, 0, 0, 0, 0, 0, 0, 0, 0, 0, 0, 0, 0, 0, 0, 0, 0, 0]",256,128,131072.0,3145728.0,6683675553,6683680868,7099077565,7099084925,0,608,608,549276,1,5315,7360,128,32,32,3
205,2,"[8, 128, 256, 2, 2, 0, 0, 0, 0, 0, 0, 0, 0, 0, 0, 0, 0, 0, 0, 0, 0, 0, 0, 0, 0, 0, 0, 0, 0, 0]",256,512,1048576.0,5242880.0,6683726803,6683732372,7099085533,7099116476,800,6113,6113,549275,1,5569,30943,128,32,32,3
203,2,"[128, 256, 2, 2, 256, 2, 2, 3, 3, 1, 1, 1, 1, 1, 1, 1, 8, 0, 0, 0, 0, 0, 0, 0, 0, 0, 0, 0, 0, 0]",512,256,0.0,0.0,6683851855,6683924989,7099122589,7111371418,20740,39680,26240,549274,3,15768,12235389,128,32,32,3
152,2,"[8, 128, 256, 2, 2, 0, 0, 0, 0, 0, 0, 0, 0, 0, 0, 0, 0, 0, 0, 0, 0, 0, 0, 0, 0, 0, 0, 0, 0, 0]",256,128,131072.0,3145728.0,6683984217,6683989208,7111397658,7111404474,0,1056,1056,549273,1,4991,6816,128,32,32,3
205,2,"[8, 128, 256, 2, 2, 0, 0, 0, 0, 0, 0, 0, 0, 0, 0, 0, 0, 0, 0, 0, 0, 0, 0, 0, 0, 0, 0, 0, 0, 0]",256,512,1048576.0,5242880.0,6684041708,6684047044,7111405530,7111436698,800,6560,6560,549272,1,5336,31168,128,32,32,3
203,2,"[128, 1024, 2, 2, 256, 2, 2, 1, 1, 0, 0, 1, 1, 1, 1, 1, 8, 0, 0, 0, 0, 0, 0, 0, 0, 0, 0, 0, 0, 0]",2048,256,0.0,0.0,6684160784,6684227173,7111443258,7112598390,4356,46464,38560,549271,3,14856,1147228,128,32,32,3
152,2,"[8, 128, 1024, 2, 2, 0, 0, 0, 0, 0, 0, 0, 0, 0, 0, 0, 0, 0, 0, 0, 0, 0, 0, 0, 0, 0, 0, 0, 0, 0]",1024,128,524288.0,12582912.0,6684297650,6684302185,7112636950,7112661942,0,1120,1120,549270,1,4535,24992,128,32,32,3
205,2,"[8, 128, 1024, 2, 2, 0, 0, 0, 0, 0, 0, 0, 0, 0, 0, 0, 0, 0, 0, 0, 0, 0, 0, 0, 0, 0, 0, 0, 0, 0]",1024,512,4194304.0,20971520.0,6684355255,6684360950,7112663062,7112778454,800,6464,6464,549268,1,5695,115392,128,32,32,3
203,2,"[128, 256, 2, 2, 1024, 2, 2, 1, 1, 0, 0, 1, 1, 1, 1, 1, 8, 0, 0, 0, 0, 0, 0, 0, 0, 0, 0, 0, 0, 0]",512,256,268435456.0,7340032.0,6684457379,6684527059,7112784918,7117802407,6404,18082,10209,549267,3,16309,5009616,128,32,32,3
152,2,"[8, 128, 256, 2, 2, 0, 0, 0, 0, 0, 0, 0, 0, 0, 0, 0, 0, 0, 0, 0, 0, 0, 0, 0, 0, 0, 0, 0, 0, 0]",256,128,131072.0,3145728.0,6684584757,6684589488,7117812616,7117818792,0,1215,1215,549266,1,4731,6176,128,32,32,3
205,2,"[8, 128, 256, 2, 2, 0, 0, 0, 0, 0, 0, 0, 0, 0, 0, 0, 0, 0, 0, 0, 0, 0, 0, 0, 0, 0, 0, 0, 0, 0]",256,512,1048576.0,5242880.0,6684634518,6684639469,7117820007,7117851047,800,6112,6112,549265,1,4951,31040,128,32,32,3
203,2,"[128, 256, 2, 2, 256, 2, 2, 3, 3, 1, 1, 1, 1, 1, 1, 1, 8, 0, 0, 0, 0, 0, 0, 0, 0, 0, 0, 0, 0, 0]",512,256,0.0,0.0,6684769576,6684843453,7117857159,7130103813,20740,36001,25472,549264,3,14996,12236125,128,32,32,3
152,2,"[8, 128, 256, 2, 2, 0, 0, 0, 0, 0, 0, 0, 0, 0, 0, 0, 0, 0, 0, 0, 0, 0, 0, 0, 0, 0, 0, 0, 0, 0]",256,128,131072.0,3145728.0,6684903245,6684908042,7130129285,7130137028,0,417,417,549263,1,4797,7743,128,32,32,3
205,2,"[8, 128, 256, 2, 2, 0, 0, 0, 0, 0, 0, 0, 0, 0, 0, 0, 0, 0, 0, 0, 0, 0, 0, 0, 0, 0, 0, 0, 0, 0]",256,512,1048576.0,5242880.0,6684952464,6684958072,7130137445,7130168197,800,6303,6303,549262,1,5608,30752,128,32,32,3
203,2,"[128, 1024, 2, 2, 256, 2, 2, 1, 1, 0, 0, 1, 1, 1, 1, 1, 8, 0, 0, 0, 0, 0, 0, 0, 0, 0, 0, 0, 0, 0]",2048,256,0.0,0.0,6685073452,6685139877,7130174500,7131329409,4356,46144,39008,549261,3,15164,1147773,128,32,32,3
152,2,"[8, 128, 1024, 2, 2, 0, 0, 0, 0, 0, 0, 0, 0, 0, 0, 0, 0, 0, 0, 0, 0, 0, 0, 0, 0, 0, 0, 0, 0, 0]",1024,128,524288.0,12582912.0,6685211941,6685216756,7131368417,7131394881,0,224,224,549260,1,4815,26464,128,32,32,3
205,2,"[8, 128, 1024, 2, 2, 0, 0, 0, 0, 0, 0, 0, 0, 0, 0, 0, 0, 0, 0, 0, 0, 0, 0, 0, 0, 0, 0, 0, 0, 0]",1024,512,4194304.0,20971520.0,6685269963,6685276265,7131395105,7131510657,800,6815,6815,549258,1,6302,115552,128,32,32,3
203,2,"[128, 256, 2, 2, 1024, 2, 2, 1, 1, 0, 0, 1, 1, 1, 1, 1, 8, 0, 0, 0, 0, 0, 0, 0, 0, 0, 0, 0, 0, 0]",512,256,268435456.0,7340032.0,6685383253,6685452453,7131517472,7136535410,6404,16993,9984,549257,3,14837,5010929,128,32,32,3
152,2,"[8, 128, 256, 2, 2, 0, 0, 0, 0, 0, 0, 0, 0, 0, 0, 0, 0, 0, 0, 0, 0, 0, 0, 0, 0, 0, 0, 0, 0, 0]",256,128,131072.0,3145728.0,6685510723,6685515318,7136545394,7136551794,0,1536,1536,549256,1,4595,6400,128,32,32,3
205,2,"[8, 128, 256, 2, 2, 0, 0, 0, 0, 0, 0, 0, 0, 0, 0, 0, 0, 0, 0, 0, 0, 0, 0, 0, 0, 0, 0, 0, 0, 0]",256,512,1048576.0,5242880.0,6685561257,6685566315,7136553330,7136584434,800,6208,6208,549255,1,5058,31104,128,32,32,3
203,2,"[128, 256, 2, 2, 256, 2, 2, 3, 3, 1, 1, 1, 1, 1, 1, 1, 8, 0, 0, 0, 0, 0, 0, 0, 0, 0, 0, 0, 0, 0]",512,256,0.0,0.0,6685686534,6685759079,7136590642,7148843280,20740,38112,26655,549254,3,15465,12241181,128,32,32,3
152,2,"[8, 128, 256, 2, 2, 0, 0, 0, 0, 0, 0, 0, 0, 0, 0, 0, 0, 0, 0, 0, 0, 0, 0, 0, 0, 0, 0, 0, 0, 0]",256,128,131072.0,3145728.0,6685817507,6685822614,7148869935,7148876623,0,1184,1184,549253,1,5107,6688,128,32,32,3
205,2,"[8, 128, 256, 2, 2, 0, 0, 0, 0, 0, 0, 0, 0, 0, 0, 0, 0, 0, 0, 0, 0, 0, 0, 0, 0, 0, 0, 0, 0, 0]",256,512,1048576.0,5242880.0,6685867640,6685872908,7148877807,7148909007,800,6112,6112,549252,1,5268,31200,128,32,32,3
203,2,"[128, 1024, 2, 2, 256, 2, 2, 1, 1, 0, 0, 1, 1, 1, 1, 1, 8, 0, 0, 0, 0, 0, 0, 0, 0, 0, 0, 0, 0, 0]",2048,256,0.0,0.0,6685997667,6686066183,7148915119,7150070348,4356,46720,39040,549251,3,16013,1147549,128,32,32,3
152,2,"[8, 128, 1024, 2, 2, 0, 0, 0, 0, 0, 0, 0, 0, 0, 0, 0, 0, 0, 0, 0, 0, 0, 0, 0, 0, 0, 0, 0, 0, 0]",1024,128,524288.0,12582912.0,6686139499,6686144361,7150109388,7150135244,0,512,512,549250,1,4862,25856,128,32,32,3
205,2,"[8, 128, 1024, 2, 2, 0, 0, 0, 0, 0, 0, 0, 0, 0, 0, 0, 0, 0, 0, 0, 0, 0, 0, 0, 0, 0, 0, 0, 0, 0]",1024,512,4194304.0,20971520.0,6686197630,6686203118,7150135756,7150250411,800,6528,6528,549248,1,5488,114655,128,32,32,3
203,2,"[128, 256, 2, 2, 1024, 2, 2, 1, 1, 0, 0, 1, 1, 1, 1, 1, 8, 0, 0, 0, 0, 0, 0, 0, 0, 0, 0, 0, 0, 0]",512,256,268435456.0,7340032.0,6686301163,6686371812,7150256939,7155274557,6404,17025,10240,549247,3,16332,5010833,128,32,32,3
152,2,"[8, 128, 256, 2, 2, 0, 0, 0, 0, 0, 0, 0, 0, 0, 0, 0, 0, 0, 0, 0, 0, 0, 0, 0, 0, 0, 0, 0, 0, 0]",256,128,131072.0,3145728.0,6686428670,6686433568,7155284797,7155291965,0,512,512,549246,1,4898,7168,128,32,32,3
205,2,"[8, 128, 256, 2, 2, 0, 0, 0, 0, 0, 0, 0, 0, 0, 0, 0, 0, 0, 0, 0, 0, 0, 0, 0, 0, 0, 0, 0, 0, 0]",256,512,1048576.0,5242880.0,6686480484,6686485720,7155292477,7155323453,800,6368,6368,549245,1,5236,30976,128,32,32,3
203,2,"[128, 256, 2, 2, 256, 2, 2, 3, 3, 1, 1, 1, 1, 1, 1, 1, 8, 0, 0, 0, 0, 0, 0, 0, 0, 0, 0, 0, 0, 0]",512,256,0.0,0.0,6686607130,6686686863,7155329821,7167578842,20740,38912,26304,549244,3,16613,12236413,128,32,32,3
152,2,"[8, 128, 256, 2, 2, 0, 0, 0, 0, 0, 0, 0, 0, 0, 0, 0, 0, 0, 0, 0, 0, 0, 0, 0, 0, 0, 0, 0, 0, 0]",256,128,131072.0,3145728.0,6686745720,6686750809,7167605146,7167612986,0,544,544,549243,1,5089,7840,128,32,32,3
205,2,"[8, 128, 256, 2, 2, 0, 0, 0, 0, 0, 0, 0, 0, 0, 0, 0, 0, 0, 0, 0, 0, 0, 0, 0, 0, 0, 0, 0, 0, 0]",256,512,1048576.0,5242880.0,6686797233,6686802541,7167613530,7167644409,800,6177,6177,549242,1,5308,30879,128,32,32,3
203,2,"[128, 1024, 2, 2, 256, 2, 2, 1, 1, 0, 0, 1, 1, 1, 1, 1, 8, 0, 0, 0, 0, 0, 0, 0, 0, 0, 0, 0, 0, 0]",2048,256,0.0,0.0,6686917794,6686983726,7167650586,7168809143,4356,48064,39488,549241,3,15199,1149981,128,32,32,3
152,2,"[8, 128, 1024, 2, 2, 0, 0, 0, 0, 0, 0, 0, 0, 0, 0, 0, 0, 0, 0, 0, 0, 0, 0, 0, 0, 0, 0, 0, 0, 0]",1024,128,524288.0,12582912.0,6687056770,6687062038,7168848631,7168874327,0,512,512,549240,1,5268,25696,128,32,32,3
205,2,"[8, 128, 1024, 2, 2, 0, 0, 0, 0, 0, 0, 0, 0, 0, 0, 0, 0, 0, 0, 0, 0, 0, 0, 0, 0, 0, 0, 0, 0, 0]",1024,512,4194304.0,20971520.0,6687115049,6687121222,7168874839,7168989974,800,7328,7328,549238,1,6173,115135,128,32,32,3
203,2,"[128, 256, 2, 2, 1024, 2, 2, 1, 1, 0, 0, 1, 1, 1, 1, 1, 8, 0, 0, 0, 0, 0, 0, 0, 0, 0, 0, 0, 0, 0]",512,256,268435456.0,7340032.0,6687217695,6687287820,7168997302,7174015752,6404,17920,9984,549237,3,15937,5010514,128,32,32,3
152,2,"[8, 128, 256, 2, 2, 0, 0, 0, 0, 0, 0, 0, 0, 0, 0, 0, 0, 0, 0, 0, 0, 0, 0, 0, 0, 0, 0, 0, 0, 0]",256,128,131072.0,3145728.0,6687345255,6687358150,7174025736,7174032136,0,1344,1344,549236,1,12895,6400,128,32,32,3
205,2,"[8, 128, 256, 2, 2, 0, 0, 0, 0, 0, 0, 0, 0, 0, 0, 0, 0, 0, 0, 0, 0, 0, 0, 0, 0, 0, 0, 0, 0, 0]",256,512,1048576.0,5242880.0,6687403986,6687409183,7174033480,7174064648,800,6048,6048,549235,1,5197,31168,128,32,32,3
203,2,"[128, 256, 2, 2, 256, 2, 2, 3, 3, 1, 1, 1, 1, 1, 1, 1, 8, 0, 0, 0, 0, 0, 0, 0, 0, 0, 0, 0, 0, 0]",512,256,0.0,0.0,6687529513,6687607000,7174070696,7186318053,20740,38145,26592,549234,3,21053,12235804,128,32,32,3
152,2,"[8, 128, 256, 2, 2, 0, 0, 0, 0, 0, 0, 0, 0, 0, 0, 0, 0, 0, 0, 0, 0, 0, 0, 0, 0, 0, 0, 0, 0, 0]",256,128,131072.0,3145728.0,6687671213,6687676298,7186344645,7186352453,0,384,384,549233,1,5085,7808,128,32,32,3
205,2,"[8, 128, 256, 2, 2, 0, 0, 0, 0, 0, 0, 0, 0, 0, 0, 0, 0, 0, 0, 0, 0, 0, 0, 0, 0, 0, 0, 0, 0, 0]",256,512,1048576.0,5242880.0,6687724084,6687729750,7186352837,7186383589,800,6656,6656,549232,1,5666,30752,128,32,32,3
203,2,"[128, 1024, 2, 2, 256, 2, 2, 1, 1, 0, 0, 1, 1, 1, 1, 1, 8, 0, 0, 0, 0, 0, 0, 0, 0, 0, 0, 0, 0, 0]",2048,256,0.0,0.0,6687843803,6687913360,7186390245,7187546850,4356,47168,38912,549231,3,16555,1148349,128,32,32,3
152,2,"[8, 128, 1024, 2, 2, 0, 0, 0, 0, 0, 0, 0, 0, 0, 0, 0, 0, 0, 0, 0, 0, 0, 0, 0, 0, 0, 0, 0, 0, 0]",1024,128,524288.0,12582912.0,6687985448,6687990292,7187585762,7187612225,0,129,129,549230,1,4844,26463,128,32,32,3
205,2,"[8, 128, 1024, 2, 2, 0, 0, 0, 0, 0, 0, 0, 0, 0, 0, 0, 0, 0, 0, 0, 0, 0, 0, 0, 0, 0, 0, 0, 0, 0]",1024,512,4194304.0,20971520.0,6688049491,6688055246,7187612354,7187728481,800,6752,6752,549228,1,5755,116127,128,32,32,3
203,2,"[128, 512, 4, 4, 1024, 2, 2, 1, 1, 0, 0, 2, 2, 1, 1, 1, 8, 0, 0, 0, 0, 0, 0, 0, 0, 0, 0, 0, 0, 0]",4096,256,536870912.0,16777216.0,6688151723,6688219286,7187735233,7197738917,12548,32064,23040,549227,3,16041,9994660,128,32,32,3
205,2,"[8, 128, 1024, 2, 2, 0, 0, 0, 0, 0, 0, 0, 0, 0, 0, 0, 0, 0, 0, 0, 0, 0, 0, 0, 0, 0, 0, 0, 0, 0]",1024,512,4194304.0,20971520.0,6688296699,6688302162,7197761957,7197876900,800,6145,6145,549226,1,5463,114943,128,32,32,3
203,2,"[128, 256, 2, 2, 1024, 2, 2, 1, 1, 0, 0, 1, 1, 1, 1, 1, 8, 0, 0, 0, 0, 0, 0, 0, 0, 0, 0, 0, 0, 0]",512,256,268435456.0,7340032.0,6688397243,6688464080,7197883045,7202898614,6404,16800,10208,549225,3,14358,5008977,128,32,32,3
152,2,"[8, 128, 256, 2, 2, 0, 0, 0, 0, 0, 0, 0, 0, 0, 0, 0, 0, 0, 0, 0, 0, 0, 0, 0, 0, 0, 0, 0, 0, 0]",256,128,131072.0,3145728.0,6688520655,6688525804,7202908822,7202916278,0,544,544,549224,1,5149,7456,128,32,32,3
205,2,"[8, 128, 256, 2, 2, 0, 0, 0, 0, 0, 0, 0, 0, 0, 0, 0, 0, 0, 0, 0, 0, 0, 0, 0, 0, 0, 0, 0, 0, 0]",256,512,1048576.0,5242880.0,6688572987,6688578983,7202916822,7202947733,800,6177,6177,549223,1,5996,30911,128,32,32,3
203,2,"[128, 256, 4, 4, 256, 2, 2, 3, 3, 1, 1, 2, 2, 1, 1, 1, 8, 0, 0, 0, 0, 0, 0, 0, 0, 0, 0, 0, 0, 0]",4608,256,603979776.0,9961472.0,6688673075,6688747845,7202953910,7214693013,20740,36480,27200,549222,3,14663,11729823,128,32,32,3
152,2,"[8, 128, 256, 4, 4, 0, 0, 0, 0, 0, 0, 0, 0, 0, 0, 0, 0, 0, 0, 0, 0, 0, 0, 0, 0, 0, 0, 0, 0, 0]",1024,128,524288.0,12582912.0,6688805033,6688809601,7214720213,7214746228,0,1,1,549221,1,4568,26015,128,32,32,3
205,2,"[8, 128, 256, 4, 4, 0, 0, 0, 0, 0, 0, 0, 0, 0, 0, 0, 0, 0, 0, 0, 0, 0, 0, 0, 0, 0, 0, 0, 0, 0]",256,512,4194304.0,20971520.0,6688853754,6688858833,7214746229,7214792852,800,6624,6624,549220,1,5079,46623,128,32,32,3
203,2,"[128, 512, 4, 4, 256, 4, 4, 1, 1, 0, 0, 1, 1, 1, 1, 1, 8, 0, 0, 0, 0, 0, 0, 0, 0, 0, 0, 0, 0, 0]",4096,256,536870912.0,13631488.0,6688955135,6689022089,7214799476,7218188363,6400,62946,55584,549219,3,15068,3381525,128,32,32,3
152,2,"[8, 128, 512, 4, 4, 0, 0, 0, 0, 0, 0, 0, 0, 0, 0, 0, 0, 0, 0, 0, 0, 0, 0, 0, 0, 0, 0, 0, 0, 0]",2048,128,1048576.0,25165824.0,6689093215,6689098205,7218243947,7218292650,0,513,513,549218,1,4990,48703,128,32,32,3
205,2,"[8, 128, 512, 4, 4, 0, 0, 0, 0, 0, 0, 0, 0, 0, 0, 0, 0, 0, 0, 0, 0, 0, 0, 0, 0, 0, 0, 0, 0, 0]",512,512,8388608.0,41943040.0,6689150157,6689155564,7218293163,7218385513,800,6529,6529,549216,1,5407,92350,128,32,32,3
203,2,"[128, 128, 4, 4, 512, 4, 4, 1, 1, 0, 0, 1, 1, 1, 1, 1, 8, 0, 0, 0, 0, 0, 0, 0, 0, 0, 0, 0, 0, 0]",1024,256,268435456.0,11010048.0,6689249247,6689318121,7218392042,7220594788,18688,9760,4704,549215,3,16847,2197690,128,32,32,3
152,2,"[8, 128, 128, 4, 4, 0, 0, 0, 0, 0, 0, 0, 0, 0, 0, 0, 0, 0, 0, 0, 0, 0, 0, 0, 0, 0, 0, 0, 0, 0]",512,128,262144.0,6291456.0,6689375983,6689381003,7220599492,7220609668,0,640,640,549214,1,5020,10176,128,32,32,3
205,2,"[8, 128, 128, 4, 4, 0, 0, 0, 0, 0, 0, 0, 0, 0, 0, 0, 0, 0, 0, 0, 0, 0, 0, 0, 0, 0, 0, 0, 0, 0]",128,512,2097152.0,10485760.0,6689433215,6689439394,7220610308,7220633316,800,6624,6624,549213,1,6179,23008,128,32,32,3
203,2,"[128, 128, 4, 4, 128, 4, 4, 3, 3, 1, 1, 1, 1, 1, 1, 1, 8, 0, 0, 0, 0, 0, 0, 0, 0, 0, 0, 0, 0, 0]",9216,256,0.0,0.0,6689559213,6689627185,7220639940,7226980978,20736,10528,6144,549212,3,16758,6336654,128,32,32,3
152,2,"[8, 128, 128, 4, 4, 0, 0, 0, 0, 0, 0, 0, 0, 0, 0, 0, 0, 0, 0, 0, 0, 0, 0, 0, 0, 0, 0, 0, 0, 0]",512,128,262144.0,6291456.0,6689682661,6689687798,7226987122,7226999186,0,256,256,549211,1,5137,12064,128,32,32,3
205,2,"[8, 128, 128, 4, 4, 0, 0, 0, 0, 0, 0, 0, 0, 0, 0, 0, 0, 0, 0, 0, 0, 0, 0, 0, 0, 0, 0, 0, 0, 0]",128,512,2097152.0,10485760.0,6689731511,6689737329,7226999442,7227021905,800,6145,6145,549210,1,5818,22463,128,32,32,3
203,2,"[128, 512, 4, 4, 128, 4, 4, 1, 1, 0, 0, 1, 1, 1, 1, 1, 8, 0, 0, 0, 0, 0, 0, 0, 0, 0, 0, 0, 0, 0]",4096,256,268435456.0,11010048.0,6689830423,6689896743,7227028050,7228778093,10496,55264,50816,549209,3,17352,1745595,128,32,32,3
152,2,"[8, 128, 512, 4, 4, 0, 0, 0, 0, 0, 0, 0, 0, 0, 0, 0, 0, 0, 0, 0, 0, 0, 0, 0, 0, 0, 0, 0, 0, 0]",2048,128,1048576.0,25165824.0,6689965458,6689970435,7228828909,7228877420,0,1,1,549208,1,4977,48511,128,32,32,3
205,2,"[8, 128, 512, 4, 4, 0, 0, 0, 0, 0, 0, 0, 0, 0, 0, 0, 0, 0, 0, 0, 0, 0, 0, 0, 0, 0, 0, 0, 0, 0]",512,512,8388608.0,41943040.0,6690020402,6690025481,7228877421,7228968972,800,6720,6720,549206,1,5079,91551,128,32,32,3
203,2,"[128, 128, 4, 4, 512, 4, 4, 1, 1, 0, 0, 1, 1, 1, 1, 1, 8, 0, 0, 0, 0, 0, 0, 0, 0, 0, 0, 0, 0, 0]",1024,256,268435456.0,11010048.0,6690127318,6690190997,7228975692,7231178630,18688,8512,4800,549205,3,16950,2199226,128,32,32,3
152,2,"[8, 128, 128, 4, 4, 0, 0, 0, 0, 0, 0, 0, 0, 0, 0, 0, 0, 0, 0, 0, 0, 0, 0, 0, 0, 0, 0, 0, 0, 0]",512,128,262144.0,6291456.0,6690245786,6690251172,7231183430,7231193702,0,576,576,549204,1,5386,10272,128,32,32,3
205,2,"[8, 128, 128, 4, 4, 0, 0, 0, 0, 0, 0, 0, 0, 0, 0, 0, 0, 0, 0, 0, 0, 0, 0, 0, 0, 0, 0, 0, 0, 0]",128,512,2097152.0,10485760.0,6690293104,6690298924,7231194278,7231216230,800,7648,7648,549203,1,5820,21952,128,32,32,3
203,2,"[128, 128, 4, 4, 128, 4, 4, 3, 3, 1, 1, 1, 1, 1, 1, 1, 8, 0, 0, 0, 0, 0, 0, 0, 0, 0, 0, 0, 0, 0]",9216,256,0.0,0.0,6690417389,6690481438,7231223878,7237577300,20736,10752,6144,549202,3,17043,6348814,128,32,32,3
152,2,"[8, 128, 128, 4, 4, 0, 0, 0, 0, 0, 0, 0, 0, 0, 0, 0, 0, 0, 0, 0, 0, 0, 0, 0, 0, 0, 0, 0, 0, 0]",512,128,262144.0,6291456.0,6690536928,6690541697,7237583444,7237594996,0,480,480,549201,1,4769,11552,128,32,32,3
205,2,"[8, 128, 128, 4, 4, 0, 0, 0, 0, 0, 0, 0, 0, 0, 0, 0, 0, 0, 0, 0, 0, 0, 0, 0, 0, 0, 0, 0, 0, 0]",128,512,2097152.0,10485760.0,6690584228,6690589805,7237595476,7237618100,800,6272,6272,549200,1,5577,22624,128,32,32,3
203,2,"[128, 512, 4, 4, 128, 4, 4, 1, 1, 0, 0, 1, 1, 1, 1, 1, 8, 0, 0, 0, 0, 0, 0, 0, 0, 0, 0, 0, 0, 0]",4096,256,268435456.0,11010048.0,6690683494,6690751535,7237624372,7239370351,10496,56097,51616,549199,3,14458,1741498,128,32,32,3
152,2,"[8, 128, 512, 4, 4, 0, 0, 0, 0, 0, 0, 0, 0, 0, 0, 0, 0, 0, 0, 0, 0, 0, 0, 0, 0, 0, 0, 0, 0, 0]",2048,128,1048576.0,25165824.0,6690820689,6690825791,7239421967,7239469647,0,256,256,549198,1,5102,47680,128,32,32,3
205,2,"[8, 128, 512, 4, 4, 0, 0, 0, 0, 0, 0, 0, 0, 0, 0, 0, 0, 0, 0, 0, 0, 0, 0, 0, 0, 0, 0, 0, 0, 0]",512,512,8388608.0,41943040.0,6690876145,6690881744,7239469903,7239561806,800,6720,6720,549196,1,5599,91903,128,32,32,3
203,2,"[128, 128, 4, 4, 512, 4, 4, 1, 1, 0, 0, 1, 1, 1, 1, 1, 8, 0, 0, 0, 0, 0, 0, 0, 0, 0, 0, 0, 0, 0]",1024,256,268435456.0,11010048.0,6690974682,6691037108,7239568526,7241769544,18688,10592,5344,549195,3,14816,2195770,128,32,32,3
152,2,"[8, 128, 128, 4, 4, 0, 0, 0, 0, 0, 0, 0, 0, 0, 0, 0, 0, 0, 0, 0, 0, 0, 0, 0, 0, 0, 0, 0, 0, 0]",512,128,262144.0,6291456.0,6691092844,6691097723,7241774888,7241785128,0,544,544,549194,1,4879,10240,128,32,32,3
205,2,"[8, 128, 128, 4, 4, 0, 0, 0, 0, 0, 0, 0, 0, 0, 0, 0, 0, 0, 0, 0, 0, 0, 0, 0, 0, 0, 0, 0, 0, 0]",128,512,2097152.0,10485760.0,6691141283,6691147286,7241785672,7241808200,800,6368,6368,549193,1,6003,22528,128,32,32,3
203,2,"[128, 128, 4, 4, 128, 4, 4, 3, 3, 1, 1, 1, 1, 1, 1, 1, 8, 0, 0, 0, 0, 0, 0, 0, 0, 0, 0, 0, 0, 0]",9216,256,0.0,0.0,6691262946,6691324339,7241814568,7248158326,20736,11040,6720,549192,3,14994,6339438,128,32,32,3
152,2,"[8, 128, 128, 4, 4, 0, 0, 0, 0, 0, 0, 0, 0, 0, 0, 0, 0, 0, 0, 0, 0, 0, 0, 0, 0, 0, 0, 0, 0, 0]",512,128,262144.0,6291456.0,6691378768,6691383340,7248165046,7248175670,0,1248,1248,549191,1,4572,10624,128,32,32,3
205,2,"[8, 128, 128, 4, 4, 0, 0, 0, 0, 0, 0, 0, 0, 0, 0, 0, 0, 0, 0, 0, 0, 0, 0, 0, 0, 0, 0, 0, 0, 0]",128,512,2097152.0,10485760.0,6691436246,6691441851,7248176918,7248199638,800,6464,6464,549190,1,5605,22720,128,32,32,3
203,2,"[128, 512, 4, 4, 128, 4, 4, 1, 1, 0, 0, 1, 1, 1, 1, 1, 8, 0, 0, 0, 0, 0, 0, 0, 0, 0, 0, 0, 0, 0]",4096,256,268435456.0,11010048.0,6691537152,6691598626,7248206102,7249959473,10496,56545,51168,549189,3,15462,1747994,128,32,32,3
152,2,"[8, 128, 512, 4, 4, 0, 0, 0, 0, 0, 0, 0, 0, 0, 0, 0, 0, 0, 0, 0, 0, 0, 0, 0, 0, 0, 0, 0, 0, 0]",2048,128,1048576.0,25165824.0,6691676614,6691681676,7250010641,7250059408,0,416,416,549188,1,5062,48767,128,32,32,3
205,2,"[8, 128, 512, 4, 4, 0, 0, 0, 0, 0, 0, 0, 0, 0, 0, 0, 0, 0, 0, 0, 0, 0, 0, 0, 0, 0, 0, 0, 0, 0]",512,512,8388608.0,41943040.0,6691732792,6691738276,7250059824,7250151024,800,6752,6752,549186,1,5484,91200,128,32,32,3
203,2,"[128, 256, 8, 8, 512, 4, 4, 1, 1, 0, 0, 2, 2, 1, 1, 1, 8, 0, 0, 0, 0, 0, 0, 0, 0, 0, 0, 0, 0, 0]",8192,256,536870912.0,26214400.0,6691832172,6691900737,7250157776,7253573702,12548,12481,6177,549185,3,16097,3409622,128,32,32,3
205,2,"[8, 128, 512, 4, 4, 0, 0, 0, 0, 0, 0, 0, 0, 0, 0, 0, 0, 0, 0, 0, 0, 0, 0, 0, 0, 0, 0, 0, 0, 0]",512,512,8388608.0,41943040.0,6691977687,6691982984,7253579879,7253669862,800,6688,6688,549184,1,5297,89983,128,32,32,3
203,2,"[128, 128, 4, 4, 512, 4, 4, 1, 1, 0, 0, 1, 1, 1, 1, 1, 8, 0, 0, 0, 0, 0, 0, 0, 0, 0, 0, 0, 0, 0]",1024,256,268435456.0,11010048.0,6692078816,6692146812,7253676550,7255875552,18688,7808,4640,549183,3,15585,2195834,128,32,32,3
152,2,"[8, 128, 128, 4, 4, 0, 0, 0, 0, 0, 0, 0, 0, 0, 0, 0, 0, 0, 0, 0, 0, 0, 0, 0, 0, 0, 0, 0, 0, 0]",512,128,262144.0,6291456.0,6692202731,6692207334,7255880192,7255890463,0,1,1,549182,1,4603,10271,128,32,32,3
205,2,"[8, 128, 128, 4, 4, 0, 0, 0, 0, 0, 0, 0, 0, 0, 0, 0, 0, 0, 0, 0, 0, 0, 0, 0, 0, 0, 0, 0, 0, 0]",128,512,2097152.0,10485760.0,6692250699,6692256415,7255890464,7255912992,800,7776,7776,549181,1,5716,22528,128,32,32,3
203,2,"[128, 128, 8, 8, 128, 4, 4, 3, 3, 1, 1, 2, 2, 1, 1, 1, 8, 0, 0, 0, 0, 0, 0, 0, 0, 0, 0, 0, 0, 0]",4096,256,603979776.0,11665408.0,6692349206,6692414552,7255920768,7259963891,6404,13825,6401,549180,3,15260,4035699,128,32,32,3
152,2,"[8, 128, 128, 8, 8, 0, 0, 0, 0, 0, 0, 0, 0, 0, 0, 0, 0, 0, 0, 0, 0, 0, 0, 0, 0, 0, 0, 0, 0, 0]",2048,128,1048576.0,25165824.0,6692469811,6692475313,7259970292,7260019187,0,1,1,549179,1,5502,48895,128,32,32,3
205,2,"[8, 128, 128, 8, 8, 0, 0, 0, 0, 0, 0, 0, 0, 0, 0, 0, 0, 0, 0, 0, 0, 0, 0, 0, 0, 0, 0, 0, 0, 0]",128,512,8388608.0,41943040.0,6692520073,6692525808,7260019188,7260103188,800,6112,6112,549178,1,5735,84000,128,32,32,3
203,2,"[128, 256, 8, 8, 128, 8, 8, 1, 1, 0, 0, 1, 1, 1, 1, 1, 8, 0, 0, 0, 0, 0, 0, 0, 0, 0, 0, 0, 0, 0]",8192,256,536870912.0,25427968.0,6692620792,6692684192,7260109300,7262429709,10496,100192,96000,549177,3,15139,2316217,128,32,32,3
152,2,"[8, 128, 256, 8, 8, 0, 0, 0, 0, 0, 0, 0, 0, 0, 0, 0, 0, 0, 0, 0, 0, 0, 0, 0, 0, 0, 0, 0, 0, 0]",4096,128,2097152.0,50331648.0,6692753197,6692757953,7262525709,7262620173,0,480,480,549176,1,4756,94464,128,32,32,3
205,2,"[8, 128, 256, 8, 8, 0, 0, 0, 0, 0, 0, 0, 0, 0, 0, 0, 0, 0, 0, 0, 0, 0, 0, 0, 0, 0, 0, 0, 0, 0]",256,512,16777216.0,83886080.0,6692814969,6692820528,7262620653,7262785932,800,6688,6688,549174,1,5559,165279,128,32,32,3
203,2,"[128, 64, 8, 8, 256, 8, 8, 1, 1, 0, 0, 1, 1, 1, 1, 1, 8, 0, 0, 0, 0, 0, 0, 0, 0, 0, 0, 0, 0, 0]",2048,256,268435456.0,21102592.0,6692914445,6692975655,7262792620,7264231624,18688,8128,3872,549173,3,14509,1434748,128,32,32,3
152,2,"[8, 128, 64, 8, 8, 0, 0, 0, 0, 0, 0, 0, 0, 0, 0, 0, 0, 0, 0, 0, 0, 0, 0, 0, 0, 0, 0, 0, 0, 0]",1024,128,524288.0,12582912.0,6693029308,6693034368,7264235496,7264256392,0,224,224,549172,1,5060,20896,128,32,32,3
205,2,"[8, 128, 64, 8, 8, 0, 0, 0, 0, 0, 0, 0, 0, 0, 0, 0, 0, 0, 0, 0, 0, 0, 0, 0, 0, 0, 0, 0, 0, 0]",64,512,4194304.0,20971520.0,6693077154,6693082284,7264256616,7264301576,800,6112,6112,549171,1,5130,44960,128,32,32,3
203,2,"[128, 64, 8, 8, 64, 8, 8, 3, 3, 1, 1, 1, 1, 1, 1, 1, 8, 0, 0, 0, 0, 0, 0, 0, 0, 0, 0, 0, 0, 0]",2304,256,0.0,0.0,6693198763,6693262803,7264307688,7270576630,20736,9312,5120,549170,3,14896,6264750,128,32,32,3
152,2,"[8, 128, 64, 8, 8, 0, 0, 0, 0, 0, 0, 0, 0, 0, 0, 0, 0, 0, 0, 0, 0, 0, 0, 0, 0, 0, 0, 0, 0, 0]",1024,128,524288.0,12582912.0,6693317636,6693322147,7270581750,7270602838,0,384,384,549169,1,4511,21088,128,32,32,3
205,2,"[8, 128, 64, 8, 8, 0, 0, 0, 0, 0, 0, 0, 0, 0, 0, 0, 0, 0, 0, 0, 0, 0, 0, 0, 0, 0, 0, 0, 0, 0]",64,512,4194304.0,20971520.0,6693364494,6693369836,7270603222,7270648022,800,6400,6400,549168,1,5342,44800,128,32,32,3
203,2,"[128, 256, 8, 8, 64, 8, 8, 1, 1, 0, 0, 1, 1, 1, 1, 1, 8, 0, 0, 0, 0, 0, 0, 0, 0, 0, 0, 0, 0, 0]",8192,256,268435456.0,21102592.0,6693472894,6693535027,7270654422,7272404977,10496,99744,94688,549167,3,14769,1745499,128,32,32,3
152,2,"[8, 128, 256, 8, 8, 0, 0, 0, 0, 0, 0, 0, 0, 0, 0, 0, 0, 0, 0, 0, 0, 0, 0, 0, 0, 0, 0, 0, 0, 0]",4096,128,2097152.0,50331648.0,6693604497,6693608952,7272499665,7272593712,0,161,161,549166,1,4455,94047,128,32,32,3
205,2,"[8, 128, 256, 8, 8, 0, 0, 0, 0, 0, 0, 0, 0, 0, 0, 0, 0, 0, 0, 0, 0, 0, 0, 0, 0, 0, 0, 0, 0, 0]",256,512,16777216.0,83886080.0,6693658835,6693664564,7272593873,7272757744,800,7488,7488,549164,1,5729,163871,128,32,32,3
203,2,"[128, 64, 8, 8, 256, 8, 8, 1, 1, 0, 0, 1, 1, 1, 1, 1, 8, 0, 0, 0, 0, 0, 0, 0, 0, 0, 0, 0, 0, 0]",2048,256,268435456.0,21102592.0,6693757270,6693819154,7272765232,7274193355,18688,8737,3905,549163,3,16256,1423291,128,32,32,3
152,2,"[8, 128, 64, 8, 8, 0, 0, 0, 0, 0, 0, 0, 0, 0, 0, 0, 0, 0, 0, 0, 0, 0, 0, 0, 0, 0, 0, 0, 0, 0]",1024,128,524288.0,12582912.0,6693874504,6693879418,7274197260,7274217772,0,256,256,549162,1,4914,20512,128,32,32,3
205,2,"[8, 128, 64, 8, 8, 0, 0, 0, 0, 0, 0, 0, 0, 0, 0, 0, 0, 0, 0, 0, 0, 0, 0, 0, 0, 0, 0, 0, 0, 0]",64,512,4194304.0,20971520.0,6693922124,6693927581,7274218028,7274264076,800,6688,6688,549161,1,5457,46048,128,32,32,3
203,2,"[128, 64, 8, 8, 64, 8, 8, 3, 3, 1, 1, 1, 1, 1, 1, 1, 8, 0, 0, 0, 0, 0, 0, 0, 0, 0, 0, 0, 0, 0]",2304,256,0.0,0.0,6694044418,6694116124,7274270764,7280538074,20736,8192,4096,549160,3,16161,6263214,128,32,32,3
152,2,"[8, 128, 64, 8, 8, 0, 0, 0, 0, 0, 0, 0, 0, 0, 0, 0, 0, 0, 0, 0, 0, 0, 0, 0, 0, 0, 0, 0, 0, 0]",1024,128,524288.0,12582912.0,6694175082,6694179984,7280542170,7280564666,0,288,288,549159,1,4902,22496,128,32,32,3
205,2,"[8, 128, 64, 8, 8, 0, 0, 0, 0, 0, 0, 0, 0, 0, 0, 0, 0, 0, 0, 0, 0, 0, 0, 0, 0, 0, 0, 0, 0, 0]",64,512,4194304.0,20971520.0,6694222238,6694227525,7280564954,7280609754,800,6112,6112,549158,1,5287,44800,128,32,32,3
203,2,"[128, 256, 8, 8, 64, 8, 8, 1, 1, 0, 0, 1, 1, 1, 1, 1, 8, 0, 0, 0, 0, 0, 0, 0, 0, 0, 0, 0, 0, 0]",8192,256,268435456.0,21102592.0,6694335757,6694395445,7280615866,7282368948,10496,98529,94241,549157,3,13911,1748794,128,32,32,3
152,2,"[8, 128, 256, 8, 8, 0, 0, 0, 0, 0, 0, 0, 0, 0, 0, 0, 0, 0, 0, 0, 0, 0, 0, 0, 0, 0, 0, 0, 0, 0]",4096,128,2097152.0,50331648.0,6694463481,6694467969,7282463189,7282557396,0,1216,1216,549156,1,4488,94207,128,32,32,3
205,2,"[8, 128, 256, 8, 8, 0, 0, 0, 0, 0, 0, 0, 0, 0, 0, 0, 0, 0, 0, 0, 0, 0, 0, 0, 0, 0, 0, 0, 0, 0]",256,512,16777216.0,83886080.0,6694518494,6694523739,7282558612,7282722644,800,6752,6752,549154,1,5245,164032,128,32,32,3
203,2,"[128, 64, 8, 8, 256, 8, 8, 1, 1, 0, 0, 1, 1, 1, 1, 1, 8, 0, 0, 0, 0, 0, 0, 0, 0, 0, 0, 0, 0, 0]",2048,256,268435456.0,21102592.0,6694614938,6694674036,7282729396,7284158928,18688,9824,5280,549153,3,14326,1424988,128,32,32,3
205,2,"[8, 128, 256, 8, 8, 0, 0, 0, 0, 0, 0, 0, 0, 0, 0, 0, 0, 0, 0, 0, 0, 0, 0, 0, 0, 0, 0, 0, 0, 0]",256,512,16777216.0,83886080.0,6694748494,6694754380,7284164208,7284322767,800,7168,7168,549152,1,5886,158559,128,32,32,3
203,2,"[128, 64, 8, 8, 256, 8, 8, 1, 1, 0, 0, 1, 1, 1, 1, 1, 8, 0, 0, 0, 0, 0, 0, 0, 0, 0, 0, 0, 0, 0]",2048,256,268435456.0,21102592.0,6694853516,6694912513,7284329935,7285791179,18688,7009,4064,549151,3,14316,1458299,128,32,32,3
152,2,"[8, 128, 64, 8, 8, 0, 0, 0, 0, 0, 0, 0, 0, 0, 0, 0, 0, 0, 0, 0, 0, 0, 0, 0, 0, 0, 0, 0, 0, 0]",1024,128,524288.0,12582912.0,6694968094,6694972733,7285795243,7285815722,0,1,1,549150,1,4639,20479,128,32,32,3
205,2,"[8, 128, 64, 8, 8, 0, 0, 0, 0, 0, 0, 0, 0, 0, 0, 0, 0, 0, 0, 0, 0, 0, 0, 0, 0, 0, 0, 0, 0, 0]",64,512,4194304.0,20971520.0,6695015762,6695021585,7285815723,7285860778,800,6145,6145,549149,1,5823,45055,128,32,32,3
203,2,"[128, 64, 8, 8, 64, 8, 8, 3, 3, 1, 1, 1, 1, 1, 1, 1, 8, 0, 0, 0, 0, 0, 0, 0, 0, 0, 0, 0, 0, 0]",2304,256,0.0,0.0,6695137286,6695201507,7285866923,7292125592,20736,9953,4097,549148,3,17420,6252813,128,32,32,3
152,2,"[8, 128, 64, 8, 8, 0, 0, 0, 0, 0, 0, 0, 0, 0, 0, 0, 0, 0, 0, 0, 0, 0, 0, 0, 0, 0, 0, 0, 0, 0]",1024,128,524288.0,12582912.0,6695256324,6695261461,7292129689,7292151481,0,480,480,549147,1,5137,21792,128,32,32,3
205,2,"[8, 128, 64, 8, 8, 0, 0, 0, 0, 0, 0, 0, 0, 0, 0, 0, 0, 0, 0, 0, 0, 0, 0, 0, 0, 0, 0, 0, 0, 0]",64,512,4194304.0,20971520.0,6695305134,6695310384,7292151961,7292196889,800,6528,6528,549146,1,5250,44928,128,32,32,3
203,2,"[128, 64, 8, 8, 64, 8, 8, 1, 1, 0, 0, 1, 1, 1, 1, 1, 8, 0, 0, 0, 0, 0, 0, 0, 0, 0, 0, 0, 0, 0]",2048,256,67108864.0,8421376.0,6695403203,6695474822,7292203417,7292605880,6400,30400,25472,549145,3,16326,397535,128,32,32,3
183,2,"[8, 128, 64, 16, 16, 0, 0, 0, 0, 0, 0, 0, 0, 0, 0, 0, 0, 0, 0, 0, 0, 0, 0, 0, 0, 0, 0, 0, 0, 0]",8192,256,0.0,0.0,6695587866,6695622830,7292631352,7292737974,0,417,1,549144,2,19851,106206,128,32,32,3
152,2,"[8, 128, 64, 16, 16, 0, 0, 0, 0, 0, 0, 0, 0, 0, 0, 0, 0, 0, 0, 0, 0, 0, 0, 0, 0, 0, 0, 0, 0, 0]",4096,128,2097152.0,50331648.0,6695657109,6695664595,7292737975,7292833367,0,512,512,549143,1,7486,95392,128,32,32,3
205,2,"[8, 128, 64, 16, 16, 0, 0, 0, 0, 0, 0, 0, 0, 0, 0, 0, 0, 0, 0, 0, 0, 0, 0, 0, 0, 0, 0, 0, 0, 0]",64,512,16777216.0,83886080.0,6695734640,6695743461,7292833879,7292998071,800,8160,8160,549142,1,8821,164192,128,32,32,3
203,2,"[128, 3, 32, 32, 64, 16, 16, 7, 7, 3, 3, 2, 2, 1, 1, 1, 8, 0, 0, 0, 0, 0, 0, 0, 0, 0, 0, 0, 0, 0]",768,64,0.0,0.0,6695906619,6695913117,7293006231,7294734610,6400,3776,3776,549141,1,6498,1728379,128,32,32,3
16,3,"[8, 64, 3, 7, 7, 0, 0, 0, 0, 0, 0, 0, 0, 0, 0, 4, 0, 0, 0, 0, 0, 0, 0, 0, 0, 0, 0, 0, 0, 0]",19,128,9408.0,150532.0,6698435653,6698480488,7294738386,7294740786,0,288,288,-1,1,44835,2400,128,32,32,3
12,3,"[8, 64, 3, 7, 7, 0, 0, 0, 0, 0, 0, 0, 0, 0, 0, 8, 64, 3, 7, 7, 0, 0, 0, 0, 0, 0, 0, 0, 0, 0]",19,128,9408.0,225792.0,6698724164,6698748418,7294741074,7294742962,0,1120,1120,-1,1,24254,1888,128,32,32,3
12,3,"[8, 64, 3, 7, 7, 0, 0, 0, 0, 0, 0, 0, 0, 0, 0, 8, 64, 3, 7, 7, 0, 0, 0, 0, 0, 0, 0, 0, 0, 0]",19,128,9408.0,225792.0,6698968683,6698989099,7294744082,7294746290,0,544,544,-1,1,20416,2208,128,32,32,3
16,3,"[8, 64, 0, 0, 0, 0, 0, 0, 0, 0, 0, 0, 0, 0, 0, 4, 0, 0, 0, 0, 0, 0, 0, 0, 0, 0, 0, 0, 0, 0]",1,128,64.0,1028.0,6699196672,6699217407,7294746834,7294748786,0,288,288,-1,1,20735,1952,128,32,32,3
12,3,"[8, 64, 0, 0, 0, 0, 0, 0, 0, 0, 0, 0, 0, 0, 0, 8, 64, 0, 0, 0, 0, 0, 0, 0, 0, 0, 0, 0, 0, 0]",1,128,64.0,1536.0,6699421193,6699439708,7294749074,7294751153,0,1,1,-1,1,18515,2079,128,32,32,3
12,3,"[8, 64, 0, 0, 0, 0, 0, 0, 0, 0, 0, 0, 0, 0, 0, 8, 64, 0, 0, 0, 0, 0, 0, 0, 0, 0, 0, 0, 0, 0]",1,128,64.0,1536.0,6699695965,6699716897,7294751154,7294753202,0,1344,1344,-1,1,20932,2048,128,32,32,3
16,3,"[8, 64, 0, 0, 0, 0, 0, 0, 0, 0, 0, 0, 0, 0, 0, 4, 0, 0, 0, 0, 0, 0, 0, 0, 0, 0, 0, 0, 0, 0]",1,128,64.0,1028.0,6699921161,6699941638,7294754546,7294756466,0,544,544,-1,1,20477,1920,128,32,32,3
12,3,"[8, 64, 0, 0, 0, 0, 0, 0, 0, 0, 0, 0, 0, 0, 0, 8, 64, 0, 0, 0, 0, 0, 0, 0, 0, 0, 0, 0, 0, 0]",1,128,64.0,1536.0,6700136215,6700154005,7294757010,7294759058,0,256,256,-1,1,17790,2048,128,32,32,3
12,3,"[8, 64, 0, 0, 0, 0, 0, 0, 0, 0, 0, 0, 0, 0, 0, 8, 64, 0, 0, 0, 0, 0, 0, 0, 0, 0, 0, 0, 0, 0]",1,128,64.0,1536.0,6700346392,6700363991,7294759314,7294761361,0,1,1,-1,1,17599,2047,128,32,32,3
16,3,"[8, 64, 64, 1, 1, 0, 0, 0, 0, 0, 0, 0, 0, 0, 0, 4, 0, 0, 0, 0, 0, 0, 0, 0, 0, 0, 0, 0, 0, 0]",8,128,4096.0,65540.0,6700558729,6700576914,7294761362,7294763442,0,1536,1536,-1,1,18185,2080,128,32,32,3
12,3,"[8, 64, 64, 1, 1, 0, 0, 0, 0, 0, 0, 0, 0, 0, 0, 8, 64, 64, 1, 1, 0, 0, 0, 0, 0, 0, 0, 0, 0, 0]",8,128,4096.0,98304.0,6700775810,6700793620,7294764978,7294767122,0,384,384,-1,1,17810,2144,128,32,32,3
12,3,"[8, 64, 64, 1, 1, 0, 0, 0, 0, 0, 0, 0, 0, 0, 0, 8, 64, 64, 1, 1, 0, 0, 0, 0, 0, 0, 0, 0, 0, 0]",8,128,4096.0,98304.0,6701012170,6701031006,7294767506,7294769553,0,1,1,-1,1,18836,2047,128,32,32,3
16,3,"[8, 64, 0, 0, 0, 0, 0, 0, 0, 0, 0, 0, 0, 0, 0, 4, 0, 0, 0, 0, 0, 0, 0, 0, 0, 0, 0, 0, 0, 0]",1,128,64.0,1028.0,6701224589,6701242375,7294769554,7294771634,0,1248,1248,-1,1,17786,2080,128,32,32,3
12,3,"[8, 64, 0, 0, 0, 0, 0, 0, 0, 0, 0, 0, 0, 0, 0, 8, 64, 0, 0, 0, 0, 0, 0, 0, 0, 0, 0, 0, 0, 0]",1,128,64.0,1536.0,6701434473,6701451435,7294772882,7294774962,0,512,512,-1,1,16962,2080,128,32,32,3
12,3,"[8, 64, 0, 0, 0, 0, 0, 0, 0, 0, 0, 0, 0, 0, 0, 8, 64, 0, 0, 0, 0, 0, 0, 0, 0, 0, 0, 0, 0, 0]",1,128,64.0,1536.0,6701643932,6701661364,7294775474,7294777586,0,160,160,-1,1,17432,2112,128,32,32,3
16,3,"[8, 64, 0, 0, 0, 0, 0, 0, 0, 0, 0, 0, 0, 0, 0, 4, 0, 0, 0, 0, 0, 0, 0, 0, 0, 0, 0, 0, 0, 0]",1,128,64.0,1028.0,6701853189,6701870488,7294777746,7294779826,0,384,384,-1,1,17299,2080,128,32,32,3
12,3,"[8, 64, 0, 0, 0, 0, 0, 0, 0, 0, 0, 0, 0, 0, 0, 8, 64, 0, 0, 0, 0, 0, 0, 0, 0, 0, 0, 0, 0, 0]",1,128,64.0,1536.0,6702060276,6702077369,7294780210,7294781874,0,1312,1312,-1,1,17093,1664,128,32,32,3
12,3,"[8, 64, 0, 0, 0, 0, 0, 0, 0, 0, 0, 0, 0, 0, 0, 8, 64, 0, 0, 0, 0, 0, 0, 0, 0, 0, 0, 0, 0, 0]",1,128,64.0,1536.0,6702284545,6702302752,7294783186,7294785234,0,544,544,-1,1,18207,2048,128,32,32,3
16,3,"[8, 64, 64, 3, 3, 0, 0, 0, 0, 0, 0, 0, 0, 0, 0, 4, 0, 0, 0, 0, 0, 0, 0, 0, 0, 0, 0, 0, 0, 0]",72,128,36864.0,589828.0,6702497010,6702514867,7294785778,7294788018,0,1120,1120,-1,1,17857,2240,128,32,32,3
12,3,"[8, 64, 64, 3, 3, 0, 0, 0, 0, 0, 0, 0, 0, 0, 0, 8, 64, 64, 3, 3, 0, 0, 0, 0, 0, 0, 0, 0, 0, 0]",72,128,36864.0,884736.0,6702705096,6702722185,7294789138,7294791890,0,256,256,-1,1,17089,2752,128,32,32,3
12,3,"[8, 64, 64, 3, 3, 0, 0, 0, 0, 0, 0, 0, 0, 0, 0, 8, 64, 64, 3, 3, 0, 0, 0, 0, 0, 0, 0, 0, 0, 0]",72,128,36864.0,884736.0,6702918741,6702935890,7294792146,7294795346,0,640,640,-1,1,17149,3200,128,32,32,3
16,3,"[8, 64, 0, 0, 0, 0, 0, 0, 0, 0, 0, 0, 0, 0, 0, 4, 0, 0, 0, 0, 0, 0, 0, 0, 0, 0, 0, 0, 0, 0]",1,128,64.0,1028.0,6703129240,6703147243,7294795986,7294797874,0,352,352,-1,1,18003,1888,128,32,32,3
12,3,"[8, 64, 0, 0, 0, 0, 0, 0, 0, 0, 0, 0, 0, 0, 0, 8, 64, 0, 0, 0, 0, 0, 0, 0, 0, 0, 0, 0, 0, 0]",1,128,64.0,1536.0,6703340511,6703357852,7294798226,7294800305,0,1,1,-1,1,17341,2079,128,32,32,3
12,3,"[8, 64, 0, 0, 0, 0, 0, 0, 0, 0, 0, 0, 0, 0, 0, 8, 64, 0, 0, 0, 0, 0, 0, 0, 0, 0, 0, 0, 0, 0]",1,128,64.0,1536.0,6703550347,6703589119,7294800306,7294802354,0,1312,1312,-1,1,38772,2048,128,32,32,3
16,3,"[8, 64, 0, 0, 0, 0, 0, 0, 0, 0, 0, 0, 0, 0, 0, 4, 0, 0, 0, 0, 0, 0, 0, 0, 0, 0, 0, 0, 0, 0]",1,128,64.0,1028.0,6703810405,6703830959,7294803666,7294805585,0,577,577,-1,1,20554,1919,128,32,32,3
12,3,"[8, 64, 0, 0, 0, 0, 0, 0, 0, 0, 0, 0, 0, 0, 0, 8, 64, 0, 0, 0, 0, 0, 0, 0, 0, 0, 0, 0, 0, 0]",1,128,64.0,1536.0,6704026019,6704044350,7294806162,7294808242,0,224,224,-1,1,18331,2080,128,32,32,3
12,3,"[8, 64, 0, 0, 0, 0, 0, 0, 0, 0, 0, 0, 0, 0, 0, 8, 64, 0, 0, 0, 0, 0, 0, 0, 0, 0, 0, 0, 0, 0]",1,128,64.0,1536.0,6704235093,6704252584,7294808466,7294810513,0,1,1,-1,1,17491,2047,128,32,32,3
16,3,"[8, 256, 64, 1, 1, 0, 0, 0, 0, 0, 0, 0, 0, 0, 0, 4, 0, 0, 0, 0, 0, 0, 0, 0, 0, 0, 0, 0, 0, 0]",32,128,16384.0,262148.0,6704448387,6704466634,7294810514,7294813682,0,639,639,-1,1,18247,3168,128,32,32,3
12,3,"[8, 256, 64, 1, 1, 0, 0, 0, 0, 0, 0, 0, 0, 0, 0, 8, 256, 64, 1, 1, 0, 0, 0, 0, 0, 0, 0, 0, 0, 0]",32,128,16384.0,393216.0,6704658746,6704676503,7294814321,7294816562,0,96,96,-1,1,17757,2241,128,32,32,3
12,3,"[8, 256, 64, 1, 1, 0, 0, 0, 0, 0, 0, 0, 0, 0, 0, 8, 256, 64, 1, 1, 0, 0, 0, 0, 0, 0, 0, 0, 0, 0]",32,128,16384.0,393216.0,6704871826,6704890350,7294816658,7294819921,0,513,513,-1,1,18524,3263,128,32,32,3
16,3,"[8, 256, 0, 0, 0, 0, 0, 0, 0, 0, 0, 0, 0, 0, 0, 4, 0, 0, 0, 0, 0, 0, 0, 0, 0, 0, 0, 0, 0, 0]",1,128,256.0,4100.0,6705099444,6705117546,7294820434,7294822418,0,415,415,-1,1,18102,1984,128,32,32,3
12,3,"[8, 256, 0, 0, 0, 0, 0, 0, 0, 0, 0, 0, 0, 0, 0, 8, 256, 0, 0, 0, 0, 0, 0, 0, 0, 0, 0, 0, 0, 0]",1,128,256.0,6144.0,6705309529,6705327248,7294822833,7294824881,0,545,545,-1,1,17719,2048,128,32,32,3
12,3,"[8, 256, 0, 0, 0, 0, 0, 0, 0, 0, 0, 0, 0, 0, 0, 8, 256, 0, 0, 0, 0, 0, 0, 0, 0, 0, 0, 0, 0, 0]",1,128,256.0,6144.0,6705517083,6705534329,7294825426,7294827953,0,576,576,-1,1,17246,2527,128,32,32,3
16,3,"[8, 256, 0, 0, 0, 0, 0, 0, 0, 0, 0, 0, 0, 0, 0, 4, 0, 0, 0, 0, 0, 0, 0, 0, 0, 0, 0, 0, 0, 0]",1,128,256.0,4100.0,6705722557,6705740002,7294828529,7294830545,0,480,480,-1,1,17445,2016,128,32,32,3
12,3,"[8, 256, 0, 0, 0, 0, 0, 0, 0, 0, 0, 0, 0, 0, 0, 8, 256, 0, 0, 0, 0, 0, 0, 0, 0, 0, 0, 0, 0, 0]",1,128,256.0,6144.0,6705930802,6705948001,7294831025,7294833040,0,1,1,-1,1,17199,2015,128,32,32,3
12,3,"[8, 256, 0, 0, 0, 0, 0, 0, 0, 0, 0, 0, 0, 0, 0, 8, 256, 0, 0, 0, 0, 0, 0, 0, 0, 0, 0, 0, 0, 0]",1,128,256.0,6144.0,6706139728,6706157188,7294833041,7294835121,0,1536,1536,-1,1,17460,2080,128,32,32,3
16,3,"[8, 256, 64, 1, 1, 0, 0, 0, 0, 0, 0, 0, 0, 0, 0, 4, 0, 0, 0, 0, 0, 0, 0, 0, 0, 0, 0, 0, 0, 0]",32,128,16384.0,262148.0,6706368325,6706386495,7294836657,7294839184,0,1,1,-1,1,18170,2527,128,32,32,3
12,3,"[8, 256, 64, 1, 1, 0, 0, 0, 0, 0, 0, 0, 0, 0, 0, 8, 256, 64, 1, 1, 0, 0, 0, 0, 0, 0, 0, 0, 0, 0]",32,128,16384.0,393216.0,6706582415,6706599901,7294839185,7294842385,0,513,513,-1,1,17486,3200,128,32,32,3
12,3,"[8, 256, 64, 1, 1, 0, 0, 0, 0, 0, 0, 0, 0, 0, 0, 8, 256, 64, 1, 1, 0, 0, 0, 0, 0, 0, 0, 0, 0, 0]",32,128,16384.0,393216.0,6706795113,6706812723,7294842898,7294845169,0,192,192,-1,1,17610,2271,128,32,32,3
16,3,"[8, 256, 0, 0, 0, 0, 0, 0, 0, 0, 0, 0, 0, 0, 0, 4, 0, 0, 0, 0, 0, 0, 0, 0, 0, 0, 0, 0, 0, 0]",1,128,256.0,4100.0,6707441634,6707467600,7294845361,7294847410,0,511,511,-1,1,25966,2049,128,32,32,3
12,3,"[8, 256, 0, 0, 0, 0, 0, 0, 0, 0, 0, 0, 0, 0, 0, 8, 256, 0, 0, 0, 0, 0, 0, 0, 0, 0, 0, 0, 0, 0]",1,128,256.0,6144.0,6707712685,6707736084,7294847921,7294849457,0,1568,1568,-1,1,23399,1536,128,32,32,3
12,3,"[8, 256, 0, 0, 0, 0, 0, 0, 0, 0, 0, 0, 0, 0, 0, 8, 256, 0, 0, 0, 0, 0, 0, 0, 0, 0, 0, 0, 0, 0]",1,128,256.0,6144.0,6707959540,6707980584,7294851025,7294853201,0,320,320,-1,1,21044,2176,128,32,32,3
16,3,"[8, 256, 0, 0, 0, 0, 0, 0, 0, 0, 0, 0, 0, 0, 0, 4, 0, 0, 0, 0, 0, 0, 0, 0, 0, 0, 0, 0, 0, 0]",1,128,256.0,4100.0,6708177244,6731215143,7294853521,7294855601,0,448,448,-1,1,23037899,2080,128,32,32,3
12,3,"[8, 256, 0, 0, 0, 0, 0, 0, 0, 0, 0, 0, 0, 0, 0, 8, 256, 0, 0, 0, 0, 0, 0, 0, 0, 0, 0, 0, 0, 0]",1,128,256.0,6144.0,6731370097,6731386569,7294856049,7294858993,0,608,608,-1,1,16472,2944,128,32,32,3
12,3,"[8, 256, 0, 0, 0, 0, 0, 0, 0, 0, 0, 0, 0, 0, 0, 8, 256, 0, 0, 0, 0, 0, 0, 0, 0, 0, 0, 0, 0, 0]",1,128,256.0,6144.0,6731483145,6731493415,7294859601,7294861745,0,256,256,-1,1,10270,2144,128,32,32,3
16,3,"[8, 64, 256, 1, 1, 0, 0, 0, 0, 0, 0, 0, 0, 0, 0, 4, 0, 0, 0, 0, 0, 0, 0, 0, 0, 0, 0, 0, 0, 0]",32,128,16384.0,262148.0,6731587368,6732378039,7294862001,7294863793,0,1440,1440,-1,1,790671,1792,128,32,32,3
12,3,"[8, 64, 256, 1, 1, 0, 0, 0, 0, 0, 0, 0, 0, 0, 0, 8, 64, 256, 1, 1, 0, 0, 0, 0, 0, 0, 0, 0, 0, 0]",32,128,16384.0,393216.0,6732488985,6732499603,7294865233,7294867505,0,352,352,-1,1,10618,2272,128,32,32,3
12,3,"[8, 64, 256, 1, 1, 0, 0, 0, 0, 0, 0, 0, 0, 0, 0, 8, 64, 256, 1, 1, 0, 0, 0, 0, 0, 0, 0, 0, 0, 0]",32,128,16384.0,393216.0,6732589813,6732664486,7294867857,7294869937,0,1376,1376,-1,1,74673,2080,128,32,32,3
16,3,"[8, 64, 0, 0, 0, 0, 0, 0, 0, 0, 0, 0, 0, 0, 0, 4, 0, 0, 0, 0, 0, 0, 0, 0, 0, 0, 0, 0, 0, 0]",1,128,64.0,1028.0,6732768830,6732777780,7294871313,7294873233,0,576,576,-1,1,8950,1920,128,32,32,3
12,3,"[8, 64, 0, 0, 0, 0, 0, 0, 0, 0, 0, 0, 0, 0, 0, 8, 64, 0, 0, 0, 0, 0, 0, 0, 0, 0, 0, 0, 0, 0]",1,128,64.0,1536.0,6732862969,6732871456,7294873809,7294875889,0,160,160,-1,1,8487,2080,128,32,32,3
12,3,"[8, 64, 0, 0, 0, 0, 0, 0, 0, 0, 0, 0, 0, 0, 0, 8, 64, 0, 0, 0, 0, 0, 0, 0, 0, 0, 0, 0, 0, 0]",1,128,64.0,1536.0,6732956950,6732965247,7294876049,7294878129,0,1024,1024,-1,1,8297,2080,128,32,32,3
16,3,"[8, 64, 0, 0, 0, 0, 0, 0, 0, 0, 0, 0, 0, 0, 0, 4, 0, 0, 0, 0, 0, 0, 0, 0, 0, 0, 0, 0, 0, 0]",1,128,64.0,1028.0,6733049087,6733285656,7294879153,7294880177,0,1472,1472,-1,1,236569,1024,128,32,32,3
12,3,"[8, 64, 0, 0, 0, 0, 0, 0, 0, 0, 0, 0, 0, 0, 0, 8, 64, 0, 0, 0, 0, 0, 0, 0, 0, 0, 0, 0, 0, 0]",1,128,64.0,1536.0,6733374342,6733383689,7294881649,7294883697,0,544,544,-1,1,9347,2048,128,32,32,3
12,3,"[8, 64, 0, 0, 0, 0, 0, 0, 0, 0, 0, 0, 0, 0, 0, 8, 64, 0, 0, 0, 0, 0, 0, 0, 0, 0, 0, 0, 0, 0]",1,128,64.0,1536.0,6733469922,6733478758,7294884241,7294886321,0,320,320,-1,1,8836,2080,128,32,32,3
16,3,"[8, 64, 64, 3, 3, 0, 0, 0, 0, 0, 0, 0, 0, 0, 0, 4, 0, 0, 0, 0, 0, 0, 0, 0, 0, 0, 0, 0, 0, 0]",72,128,36864.0,589828.0,6733563216,6733877987,7294886641,7294889681,0,608,608,-1,1,314771,3040,128,32,32,3
12,3,"[8, 64, 64, 3, 3, 0, 0, 0, 0, 0, 0, 0, 0, 0, 0, 8, 64, 64, 3, 3, 0, 0, 0, 0, 0, 0, 0, 0, 0, 0]",72,128,36864.0,884736.0,6733969826,6733978964,7294890289,7294892465,0,1152,1152,-1,1,9138,2176,128,32,32,3
12,3,"[8, 64, 64, 3, 3, 0, 0, 0, 0, 0, 0, 0, 0, 0, 0, 8, 64, 64, 3, 3, 0, 0, 0, 0, 0, 0, 0, 0, 0, 0]",72,128,36864.0,884736.0,6734062929,6734071409,7294893617,7294896465,0,64,64,-1,1,8480,2848,128,32,32,3
16,3,"[8, 64, 0, 0, 0, 0, 0, 0, 0, 0, 0, 0, 0, 0, 0, 4, 0, 0, 0, 0, 0, 0, 0, 0, 0, 0, 0, 0, 0, 0]",1,128,64.0,1028.0,6734155243,6734164968,7294896529,7294898609,0,512,512,-1,1,9725,2080,128,32,32,3
12,3,"[8, 64, 0, 0, 0, 0, 0, 0, 0, 0, 0, 0, 0, 0, 0, 8, 64, 0, 0, 0, 0, 0, 0, 0, 0, 0, 0, 0, 0, 0]",1,128,64.0,1536.0,6734246821,6734255268,7294899121,7294902001,0,512,512,-1,1,8447,2880,128,32,32,3
12,3,"[8, 64, 0, 0, 0, 0, 0, 0, 0, 0, 0, 0, 0, 0, 0, 8, 64, 0, 0, 0, 0, 0, 0, 0, 0, 0, 0, 0, 0, 0]",1,128,64.0,1536.0,6734339214,6734347946,7294902513,7294904593,0,128,128,-1,1,8732,2080,128,32,32,3
16,3,"[8, 64, 0, 0, 0, 0, 0, 0, 0, 0, 0, 0, 0, 0, 0, 4, 0, 0, 0, 0, 0, 0, 0, 0, 0, 0, 0, 0, 0, 0]",1,128,64.0,1028.0,6734440166,6734448820,7294904721,7294906768,0,1,1,-1,1,8654,2047,128,32,32,3
12,3,"[8, 64, 0, 0, 0, 0, 0, 0, 0, 0, 0, 0, 0, 0, 0, 8, 64, 0, 0, 0, 0, 0, 0, 0, 0, 0, 0, 0, 0, 0]",1,128,64.0,1536.0,6734532655,6771553156,7294906769,7294908849,0,1472,1472,-1,1,37020501,2080,128,32,32,3
12,3,"[8, 64, 0, 0, 0, 0, 0, 0, 0, 0, 0, 0, 0, 0, 0, 8, 64, 0, 0, 0, 0, 0, 0, 0, 0, 0, 0, 0, 0, 0]",1,128,64.0,1536.0,6771675808,6771690221,7294910321,7294912401,0,512,512,-1,1,14413,2080,128,32,32,3
16,3,"[8, 256, 64, 1, 1, 0, 0, 0, 0, 0, 0, 0, 0, 0, 0, 4, 0, 0, 0, 0, 0, 0, 0, 0, 0, 0, 0, 0, 0, 0]",32,128,16384.0,262148.0,6771769580,6771778459,7294912913,7294914960,0,1,1,-1,1,8879,2047,128,32,32,3
12,3,"[8, 256, 64, 1, 1, 0, 0, 0, 0, 0, 0, 0, 0, 0, 0, 8, 256, 64, 1, 1, 0, 0, 0, 0, 0, 0, 0, 0, 0, 0]",32,128,16384.0,393216.0,6771842712,6772854965,7294914961,7294917041,0,1568,1568,-1,1,1012253,2080,128,32,32,3
12,3,"[8, 256, 64, 1, 1, 0, 0, 0, 0, 0, 0, 0, 0, 0, 0, 8, 256, 64, 1, 1, 0, 0, 0, 0, 0, 0, 0, 0, 0, 0]",32,128,16384.0,393216.0,6772920188,6772960881,7294918609,7294920913,0,256,256,-1,1,40693,2304,128,32,32,3
16,3,"[8, 256, 0, 0, 0, 0, 0, 0, 0, 0, 0, 0, 0, 0, 0, 4, 0, 0, 0, 0, 0, 0, 0, 0, 0, 0, 0, 0, 0, 0]",1,128,256.0,4100.0,6773024886,6773031729,7294921169,7294923185,0,608,608,-1,1,6843,2016,128,32,32,3
12,3,"[8, 256, 0, 0, 0, 0, 0, 0, 0, 0, 0, 0, 0, 0, 0, 8, 256, 0, 0, 0, 0, 0, 0, 0, 0, 0, 0, 0, 0, 0]",1,128,256.0,6144.0,6773091619,6773097596,7294923793,7294926321,0,576,576,-1,1,5977,2528,128,32,32,3
12,3,"[8, 256, 0, 0, 0, 0, 0, 0, 0, 0, 0, 0, 0, 0, 0, 8, 256, 0, 0, 0, 0, 0, 0, 0, 0, 0, 0, 0, 0, 0]",1,128,256.0,6144.0,6773161923,6773168072,7294926897,7294929329,0,256,256,-1,1,6149,2432,128,32,32,3
16,3,"[8, 256, 0, 0, 0, 0, 0, 0, 0, 0, 0, 0, 0, 0, 0, 4, 0, 0, 0, 0, 0, 0, 0, 0, 0, 0, 0, 0, 0, 0]",1,128,256.0,4100.0,6773227166,6773233348,7294929585,7294931377,0,1152,1152,-1,1,6182,1792,128,32,32,3
12,3,"[8, 256, 0, 0, 0, 0, 0, 0, 0, 0, 0, 0, 0, 0, 0, 8, 256, 0, 0, 0, 0, 0, 0, 0, 0, 0, 0, 0, 0, 0]",1,128,256.0,6144.0,6773291708,6773298429,7294932529,7294934705,0,576,576,-1,1,6721,2176,128,32,32,3
12,3,"[8, 256, 0, 0, 0, 0, 0, 0, 0, 0, 0, 0, 0, 0, 0, 8, 256, 0, 0, 0, 0, 0, 0, 0, 0, 0, 0, 0, 0, 0]",1,128,256.0,6144.0,6773358063,6774168917,7294935281,7294937457,0,224,224,-1,1,810854,2176,128,32,32,3
16,3,"[8, 64, 256, 1, 1, 0, 0, 0, 0, 0, 0, 0, 0, 0, 0, 4, 0, 0, 0, 0, 0, 0, 0, 0, 0, 0, 0, 0, 0, 0]",32,128,16384.0,262148.0,6774233467,6774240327,7294937681,7294939569,0,1248,1248,-1,1,6860,1888,128,32,32,3
12,3,"[8, 64, 256, 1, 1, 0, 0, 0, 0, 0, 0, 0, 0, 0, 0, 8, 64, 256, 1, 1, 0, 0, 0, 0, 0, 0, 0, 0, 0, 0]",32,128,16384.0,393216.0,6774301028,6774306973,7294940817,7294943153,0,480,480,-1,1,5945,2336,128,32,32,3
12,3,"[8, 64, 256, 1, 1, 0, 0, 0, 0, 0, 0, 0, 0, 0, 0, 8, 64, 256, 1, 1, 0, 0, 0, 0, 0, 0, 0, 0, 0, 0]",32,128,16384.0,393216.0,6774365071,6775320977,7294943633,7294945712,0,1,1,-1,1,955906,2079,128,32,32,3
16,3,"[8, 64, 0, 0, 0, 0, 0, 0, 0, 0, 0, 0, 0, 0, 0, 4, 0, 0, 0, 0, 0, 0, 0, 0, 0, 0, 0, 0, 0, 0]",1,128,64.0,1028.0,6775382691,6775389295,7294945713,7294948913,0,608,608,-1,1,6604,3200,128,32,32,3
12,3,"[8, 64, 0, 0, 0, 0, 0, 0, 0, 0, 0, 0, 0, 0, 0, 8, 64, 0, 0, 0, 0, 0, 0, 0, 0, 0, 0, 0, 0, 0]",1,128,64.0,1536.0,6775455021,6775461938,7294949521,7294951601,0,224,224,-1,1,6917,2080,128,32,32,3
12,3,"[8, 64, 0, 0, 0, 0, 0, 0, 0, 0, 0, 0, 0, 0, 0, 8, 64, 0, 0, 0, 0, 0, 0, 0, 0, 0, 0, 0, 0, 0]",1,128,64.0,1536.0,6775519514,6775525247,7294951825,7294953872,0,1,1,-1,1,5733,2047,128,32,32,3
16,3,"[8, 64, 0, 0, 0, 0, 0, 0, 0, 0, 0, 0, 0, 0, 0, 4, 0, 0, 0, 0, 0, 0, 0, 0, 0, 0, 0, 0, 0, 0]",1,128,64.0,1028.0,6775581977,6775588044,7294953873,7294955953,0,1376,1376,-1,1,6067,2080,128,32,32,3
12,3,"[8, 64, 0, 0, 0, 0, 0, 0, 0, 0, 0, 0, 0, 0, 0, 8, 64, 0, 0, 0, 0, 0, 0, 0, 0, 0, 0, 0, 0, 0]",1,128,64.0,1536.0,6775652996,6775659138,7294957329,7294959409,0,640,640,-1,1,6142,2080,128,32,32,3
12,3,"[8, 64, 0, 0, 0, 0, 0, 0, 0, 0, 0, 0, 0, 0, 0, 8, 64, 0, 0, 0, 0, 0, 0, 0, 0, 0, 0, 0, 0, 0]",1,128,64.0,1536.0,6775844800,6775853141,7294960049,7294962064,0,1,1,-1,1,8341,2015,128,32,32,3
16,3,"[8, 64, 64, 3, 3, 0, 0, 0, 0, 0, 0, 0, 0, 0, 0, 4, 0, 0, 0, 0, 0, 0, 0, 0, 0, 0, 0, 0, 0, 0]",72,128,36864.0,589828.0,6775921819,6775930176,7294962065,7294965361,0,512,512,-1,1,8357,3296,128,32,32,3
12,3,"[8, 64, 64, 3, 3, 0, 0, 0, 0, 0, 0, 0, 0, 0, 0, 8, 64, 64, 3, 3, 0, 0, 0, 0, 0, 0, 0, 0, 0, 0]",72,128,36864.0,884736.0,6775996314,6779954483,7294965873,7294968240,0,1,1,-1,1,3958169,2367,128,32,32,3
12,3,"[8, 64, 64, 3, 3, 0, 0, 0, 0, 0, 0, 0, 0, 0, 0, 8, 64, 64, 3, 3, 0, 0, 0, 0, 0, 0, 0, 0, 0, 0]",72,128,36864.0,884736.0,6780020301,6780027396,7294968241,7294972337,0,320,320,-1,1,7095,4096,128,32,32,3
16,3,"[8, 64, 0, 0, 0, 0, 0, 0, 0, 0, 0, 0, 0, 0, 0, 4, 0, 0, 0, 0, 0, 0, 0, 0, 0, 0, 0, 0, 0, 0]",1,128,64.0,1028.0,6780087134,6780093375,7294972657,7294974385,0,1024,1024,-1,1,6241,1728,128,32,32,3
12,3,"[8, 64, 0, 0, 0, 0, 0, 0, 0, 0, 0, 0, 0, 0, 0, 8, 64, 0, 0, 0, 0, 0, 0, 0, 0, 0, 0, 0, 0, 0]",1,128,64.0,1536.0,6780158061,6780538790,7294975409,7294977489,0,512,512,-1,1,380729,2080,128,32,32,3
12,3,"[8, 64, 0, 0, 0, 0, 0, 0, 0, 0, 0, 0, 0, 0, 0, 8, 64, 0, 0, 0, 0, 0, 0, 0, 0, 0, 0, 0, 0, 0]",1,128,64.0,1536.0,6780603137,6780609757,7294978001,7294980177,0,352,352,-1,1,6620,2176,128,32,32,3
16,3,"[8, 64, 0, 0, 0, 0, 0, 0, 0, 0, 0, 0, 0, 0, 0, 4, 0, 0, 0, 0, 0, 0, 0, 0, 0, 0, 0, 0, 0, 0]",1,128,64.0,1028.0,6780669275,6780675199,7294980529,7294982544,0,1,1,-1,1,5924,2015,128,32,32,3
12,3,"[8, 64, 0, 0, 0, 0, 0, 0, 0, 0, 0, 0, 0, 0, 0, 8, 64, 0, 0, 0, 0, 0, 0, 0, 0, 0, 0, 0, 0, 0]",1,128,64.0,1536.0,6780732909,6780739506,7294982545,7294984625,0,1216,1216,-1,1,6597,2080,128,32,32,3
12,3,"[8, 64, 0, 0, 0, 0, 0, 0, 0, 0, 0, 0, 0, 0, 0, 8, 64, 0, 0, 0, 0, 0, 0, 0, 0, 0, 0, 0, 0, 0]",1,128,64.0,1536.0,6780796905,6780802683,7294985841,7294987985,0,640,640,-1,1,5778,2144,128,32,32,3
16,3,"[8, 256, 64, 1, 1, 0, 0, 0, 0, 0, 0, 0, 0, 0, 0, 4, 0, 0, 0, 0, 0, 0, 0, 0, 0, 0, 0, 0, 0, 0]",32,128,16384.0,262148.0,6780862653,6780868477,7294988625,7294990768,0,1,1,-1,1,5824,2143,128,32,32,3
12,3,"[8, 256, 64, 1, 1, 0, 0, 0, 0, 0, 0, 0, 0, 0, 0, 8, 256, 64, 1, 1, 0, 0, 0, 0, 0, 0, 0, 0, 0, 0]",32,128,16384.0,393216.0,6780927151,6780933063,7294990769,7294992817,0,1312,1312,-1,1,5912,2048,128,32,32,3
12,3,"[8, 256, 64, 1, 1, 0, 0, 0, 0, 0, 0, 0, 0, 0, 0, 8, 256, 64, 1, 1, 0, 0, 0, 0, 0, 0, 0, 0, 0, 0]",32,128,16384.0,393216.0,6780991092,6790584969,7294994129,7294996401,0,512,512,-1,1,9593877,2272,128,32,32,3
16,3,"[8, 256, 0, 0, 0, 0, 0, 0, 0, 0, 0, 0, 0, 0, 0, 4, 0, 0, 0, 0, 0, 0, 0, 0, 0, 0, 0, 0, 0, 0]",1,128,256.0,4100.0,6790678592,6790688733,7294996913,7294998929,0,224,224,-1,1,10141,2016,128,32,32,3
12,3,"[8, 256, 0, 0, 0, 0, 0, 0, 0, 0, 0, 0, 0, 0, 0, 8, 256, 0, 0, 0, 0, 0, 0, 0, 0, 0, 0, 0, 0, 0]",1,128,256.0,6144.0,6790754003,6790761234,7294999153,7295001009,0,1248,1248,-1,1,7231,1856,128,32,32,3
12,3,"[8, 256, 0, 0, 0, 0, 0, 0, 0, 0, 0, 0, 0, 0, 0, 8, 256, 0, 0, 0, 0, 0, 0, 0, 0, 0, 0, 0, 0, 0]",1,128,256.0,6144.0,6790820703,6792845660,7295002257,7295004401,0,608,608,-1,1,2024957,2144,128,32,32,3
16,3,"[8, 256, 0, 0, 0, 0, 0, 0, 0, 0, 0, 0, 0, 0, 0, 4, 0, 0, 0, 0, 0, 0, 0, 0, 0, 0, 0, 0, 0, 0]",1,128,256.0,4100.0,6792926345,6792934875,7295005009,7295007153,0,1024,1024,-1,1,8530,2144,128,32,32,3
12,3,"[8, 256, 0, 0, 0, 0, 0, 0, 0, 0, 0, 0, 0, 0, 0, 8, 256, 0, 0, 0, 0, 0, 0, 0, 0, 0, 0, 0, 0, 0]",1,128,256.0,6144.0,6792998155,6793004926,7295008177,7295010449,0,544,544,-1,1,6771,2272,128,32,32,3
12,3,"[8, 256, 0, 0, 0, 0, 0, 0, 0, 0, 0, 0, 0, 0, 0, 8, 256, 0, 0, 0, 0, 0, 0, 0, 0, 0, 0, 0, 0, 0]",1,128,256.0,6144.0,6793062534,6793068233,7295010993,7295013169,0,256,256,-1,1,5699,2176,128,32,32,3
16,3,"[8, 128, 256, 1, 1, 0, 0, 0, 0, 0, 0, 0, 0, 0, 0, 4, 0, 0, 0, 0, 0, 0, 0, 0, 0, 0, 0, 0, 0, 0]",64,128,32768.0,524292.0,6793126473,6793132500,7295013425,7295016561,0,544,544,-1,1,6027,3136,128,32,32,3
12,3,"[8, 128, 256, 1, 1, 0, 0, 0, 0, 0, 0, 0, 0, 0, 0, 8, 128, 256, 1, 1, 0, 0, 0, 0, 0, 0, 0, 0, 0, 0]",64,128,32768.0,786432.0,6793191051,6793197440,7295017105,7295019440,0,1,1,-1,1,6389,2335,128,32,32,3
12,3,"[8, 128, 256, 1, 1, 0, 0, 0, 0, 0, 0, 0, 0, 0, 0, 8, 128, 256, 1, 1, 0, 0, 0, 0, 0, 0, 0, 0, 0, 0]",64,128,32768.0,786432.0,6793255474,6793261466,7295019441,7295023185,0,352,352,-1,1,5992,3744,128,32,32,3
16,3,"[8, 128, 0, 0, 0, 0, 0, 0, 0, 0, 0, 0, 0, 0, 0, 4, 0, 0, 0, 0, 0, 0, 0, 0, 0, 0, 0, 0, 0, 0]",1,128,128.0,2052.0,6793325110,6793488540,7295023537,7295025552,0,1,1,-1,1,163430,2015,128,32,32,3
12,3,"[8, 128, 0, 0, 0, 0, 0, 0, 0, 0, 0, 0, 0, 0, 0, 8, 128, 0, 0, 0, 0, 0, 0, 0, 0, 0, 0, 0, 0, 0]",1,128,128.0,3072.0,6793546691,6793552646,7295025553,7295027633,0,1248,1248,-1,1,5955,2080,128,32,32,3
12,3,"[8, 128, 0, 0, 0, 0, 0, 0, 0, 0, 0, 0, 0, 0, 0, 8, 128, 0, 0, 0, 0, 0, 0, 0, 0, 0, 0, 0, 0, 0]",1,128,128.0,3072.0,6793608429,6793614373,7295028881,7295030993,0,640,640,-1,1,5944,2112,128,32,32,3
16,3,"[8, 128, 0, 0, 0, 0, 0, 0, 0, 0, 0, 0, 0, 0, 0, 4, 0, 0, 0, 0, 0, 0, 0, 0, 0, 0, 0, 0, 0, 0]",1,128,128.0,2052.0,6793671401,6794072466,7295031633,7295033585,0,256,256,-1,1,401065,1952,128,32,32,3
12,3,"[8, 128, 0, 0, 0, 0, 0, 0, 0, 0, 0, 0, 0, 0, 0, 8, 128, 0, 0, 0, 0, 0, 0, 0, 0, 0, 0, 0, 0, 0]",1,128,128.0,3072.0,6794134377,6794141041,7295033841,7295035792,0,1,1,-1,1,6664,1951,128,32,32,3
12,3,"[8, 128, 0, 0, 0, 0, 0, 0, 0, 0, 0, 0, 0, 0, 0, 8, 128, 0, 0, 0, 0, 0, 0, 0, 0, 0, 0, 0, 0, 0]",1,128,128.0,3072.0,6794203155,6794208830,7295035793,7295037873,0,1536,1536,-1,1,5675,2080,128,32,32,3
16,3,"[8, 128, 128, 3, 3, 0, 0, 0, 0, 0, 0, 0, 0, 0, 0, 4, 0, 0, 0, 0, 0, 0, 0, 0, 0, 0, 0, 0, 0, 0]",288,128,147456.0,2359300.0,6794265908,6794271919,7295039409,7295044017,0,1408,1408,-1,1,6011,4608,128,32,32,3
12,3,"[8, 128, 128, 3, 3, 0, 0, 0, 0, 0, 0, 0, 0, 0, 0, 8, 128, 128, 3, 3, 0, 0, 0, 0, 0, 0, 0, 0, 0, 0]",288,128,147456.0,3538944.0,6794329927,6794335655,7295045425,7295050161,0,1120,1120,-1,1,5728,4736,128,32,32,3
12,3,"[8, 128, 128, 3, 3, 0, 0, 0, 0, 0, 0, 0, 0, 0, 0, 8, 128, 128, 3, 3, 0, 0, 0, 0, 0, 0, 0, 0, 0, 0]",288,128,147456.0,3538944.0,6794392623,6794398017,7295051281,7295056305,0,1088,1088,-1,1,5394,5024,128,32,32,3
16,3,"[8, 128, 0, 0, 0, 0, 0, 0, 0, 0, 0, 0, 0, 0, 0, 4, 0, 0, 0, 0, 0, 0, 0, 0, 0, 0, 0, 0, 0, 0]",1,128,128.0,2052.0,6794453950,6794459547,7295057393,7295058353,0,1600,1600,-1,1,5597,960,128,32,32,3
12,3,"[8, 128, 0, 0, 0, 0, 0, 0, 0, 0, 0, 0, 0, 0, 0, 8, 128, 0, 0, 0, 0, 0, 0, 0, 0, 0, 0, 0, 0, 0]",1,128,128.0,3072.0,6794514719,6794520532,7295059953,7295062289,0,224,224,-1,1,5813,2336,128,32,32,3
12,3,"[8, 128, 0, 0, 0, 0, 0, 0, 0, 0, 0, 0, 0, 0, 0, 8, 128, 0, 0, 0, 0, 0, 0, 0, 0, 0, 0, 0, 0, 0]",1,128,128.0,3072.0,6794584615,6798692837,7295062513,7295064464,0,1,1,-1,1,4108222,1951,128,32,32,3
16,3,"[8, 128, 0, 0, 0, 0, 0, 0, 0, 0, 0, 0, 0, 0, 0, 4, 0, 0, 0, 0, 0, 0, 0, 0, 0, 0, 0, 0, 0, 0]",1,128,128.0,2052.0,6798764588,6798771865,7295064465,7295066545,0,1440,1440,-1,1,7277,2080,128,32,32,3
12,3,"[8, 128, 0, 0, 0, 0, 0, 0, 0, 0, 0, 0, 0, 0, 0, 8, 128, 0, 0, 0, 0, 0, 0, 0, 0, 0, 0, 0, 0, 0]",1,128,128.0,3072.0,6798836587,6798842791,7295067985,7295070097,0,512,512,-1,1,6204,2112,128,32,32,3
12,3,"[8, 128, 0, 0, 0, 0, 0, 0, 0, 0, 0, 0, 0, 0, 0, 8, 128, 0, 0, 0, 0, 0, 0, 0, 0, 0, 0, 0, 0, 0]",1,128,128.0,3072.0,6798901367,6799276965,7295070609,7295072689,0,416,416,-1,1,375598,2080,128,32,32,3
16,3,"[8, 512, 128, 1, 1, 0, 0, 0, 0, 0, 0, 0, 0, 0, 0, 4, 0, 0, 0, 0, 0, 0, 0, 0, 0, 0, 0, 0, 0, 0]",128,128,65536.0,1048580.0,6799338606,6799345284,7295073105,7295076784,0,1,1,-1,1,6678,3679,128,32,32,3
12,3,"[8, 512, 128, 1, 1, 0, 0, 0, 0, 0, 0, 0, 0, 0, 0, 8, 512, 128, 1, 1, 0, 0, 0, 0, 0, 0, 0, 0, 0, 0]",128,128,65536.0,1572864.0,6799403546,6799409339,7295076785,7295080881,0,352,352,-1,1,5793,4096,128,32,32,3
12,3,"[8, 512, 128, 1, 1, 0, 0, 0, 0, 0, 0, 0, 0, 0, 0, 8, 512, 128, 1, 1, 0, 0, 0, 0, 0, 0, 0, 0, 0, 0]",128,128,65536.0,1572864.0,6799469902,6799476025,7295081233,7295084881,0,256,256,-1,1,6123,3648,128,32,32,3
16,3,"[8, 512, 0, 0, 0, 0, 0, 0, 0, 0, 0, 0, 0, 0, 0, 4, 0, 0, 0, 0, 0, 0, 0, 0, 0, 0, 0, 0, 0, 0]",1,128,512.0,8196.0,6799536736,6799542701,7295085137,7295087025,0,1088,1088,-1,1,5965,1888,128,32,32,3
12,3,"[8, 512, 0, 0, 0, 0, 0, 0, 0, 0, 0, 0, 0, 0, 0, 8, 512, 0, 0, 0, 0, 0, 0, 0, 0, 0, 0, 0, 0, 0]",1,128,512.0,12288.0,6799722585,6799732231,7295088113,7295090257,0,544,544,-1,1,9646,2144,128,32,32,3
12,3,"[8, 512, 0, 0, 0, 0, 0, 0, 0, 0, 0, 0, 0, 0, 0, 8, 512, 0, 0, 0, 0, 0, 0, 0, 0, 0, 0, 0, 0, 0]",1,128,512.0,12288.0,6799799875,6799806440,7295090801,7295092945,0,256,256,-1,1,6565,2144,128,32,32,3
16,3,"[8, 512, 0, 0, 0, 0, 0, 0, 0, 0, 0, 0, 0, 0, 0, 4, 0, 0, 0, 0, 0, 0, 0, 0, 0, 0, 0, 0, 0, 0]",1,128,512.0,8196.0,6799866307,6809323699,7295093201,7295095184,0,1,1,-1,1,9457392,1983,128,32,32,3
12,3,"[8, 512, 0, 0, 0, 0, 0, 0, 0, 0, 0, 0, 0, 0, 0, 8, 512, 0, 0, 0, 0, 0, 0, 0, 0, 0, 0, 0, 0, 0]",1,128,512.0,12288.0,6809415909,6809425836,7295095185,7295098289,0,480,480,-1,1,9927,3104,128,32,32,3
12,3,"[8, 512, 0, 0, 0, 0, 0, 0, 0, 0, 0, 0, 0, 0, 0, 8, 512, 0, 0, 0, 0, 0, 0, 0, 0, 0, 0, 0, 0, 0]",1,128,512.0,12288.0,6809491495,6809498031,7295098769,7295101361,0,256,256,-1,1,6536,2592,128,32,32,3
16,3,"[8, 512, 256, 1, 1, 0, 0, 0, 0, 0, 0, 0, 0, 0, 0, 4, 0, 0, 0, 0, 0, 0, 0, 0, 0, 0, 0, 0, 0, 0]",256,128,131072.0,2097156.0,6809560953,6811582869,7295101617,7295106993,0,480,480,-1,1,2021916,5376,128,32,32,3
12,3,"[8, 512, 256, 1, 1, 0, 0, 0, 0, 0, 0, 0, 0, 0, 0, 8, 512, 256, 1, 1, 0, 0, 0, 0, 0, 0, 0, 0, 0, 0]",256,128,131072.0,3145728.0,6811671130,6811681623,7295107473,7295111601,0,1344,1344,-1,1,10493,4128,128,32,32,3
12,3,"[8, 512, 256, 1, 1, 0, 0, 0, 0, 0, 0, 0, 0, 0, 0, 8, 512, 256, 1, 1, 0, 0, 0, 0, 0, 0, 0, 0, 0, 0]",256,128,131072.0,3145728.0,6811749140,6811755822,7295112945,7295117712,0,1,1,-1,1,6682,4767,128,32,32,3
16,3,"[8, 512, 0, 0, 0, 0, 0, 0, 0, 0, 0, 0, 0, 0, 0, 4, 0, 0, 0, 0, 0, 0, 0, 0, 0, 0, 0, 0, 0, 0]",1,128,512.0,8196.0,6811818211,6811824464,7295117713,7295120881,0,640,640,-1,1,6253,3168,128,32,32,3
12,3,"[8, 512, 0, 0, 0, 0, 0, 0, 0, 0, 0, 0, 0, 0, 0, 8, 512, 0, 0, 0, 0, 0, 0, 0, 0, 0, 0, 0, 0, 0]",1,128,512.0,12288.0,6811883622,6811889866,7295121521,7295123633,0,288,288,-1,1,6244,2112,128,32,32,3
12,3,"[8, 512, 0, 0, 0, 0, 0, 0, 0, 0, 0, 0, 0, 0, 0, 8, 512, 0, 0, 0, 0, 0, 0, 0, 0, 0, 0, 0, 0, 0]",1,128,512.0,12288.0,6811953820,6811960636,7295123921,7295125937,0,1088,1088,-1,1,6816,2016,128,32,32,3
16,3,"[8, 512, 0, 0, 0, 0, 0, 0, 0, 0, 0, 0, 0, 0, 0, 4, 0, 0, 0, 0, 0, 0, 0, 0, 0, 0, 0, 0, 0, 0]",1,128,512.0,8196.0,6812018834,6812024496,7295127025,7295129105,0,512,512,-1,1,5662,2080,128,32,32,3
12,3,"[8, 512, 0, 0, 0, 0, 0, 0, 0, 0, 0, 0, 0, 0, 0, 8, 512, 0, 0, 0, 0, 0, 0, 0, 0, 0, 0, 0, 0, 0]",1,128,512.0,12288.0,6812081722,6812227620,7295129617,7295131761,0,288,288,-1,1,145898,2144,128,32,32,3
12,3,"[8, 512, 0, 0, 0, 0, 0, 0, 0, 0, 0, 0, 0, 0, 0, 8, 512, 0, 0, 0, 0, 0, 0, 0, 0, 0, 0, 0, 0, 0]",1,128,512.0,12288.0,6812286726,6812292800,7295132049,7295134129,0,672,672,-1,1,6074,2080,128,32,32,3
16,3,"[8, 128, 512, 1, 1, 0, 0, 0, 0, 0, 0, 0, 0, 0, 0, 4, 0, 0, 0, 0, 0, 0, 0, 0, 0, 0, 0, 0, 0, 0]",128,128,65536.0,1048580.0,6812351096,6812364400,7295134801,7295138225,0,1184,1184,-1,1,13304,3424,128,32,32,3
12,3,"[8, 128, 512, 1, 1, 0, 0, 0, 0, 0, 0, 0, 0, 0, 0, 8, 128, 512, 1, 1, 0, 0, 0, 0, 0, 0, 0, 0, 0, 0]",128,128,65536.0,1572864.0,6812424462,6812809765,7295139409,7295142321,0,1152,1152,-1,1,385303,2912,128,32,32,3
12,3,"[8, 128, 512, 1, 1, 0, 0, 0, 0, 0, 0, 0, 0, 0, 0, 8, 128, 512, 1, 1, 0, 0, 0, 0, 0, 0, 0, 0, 0, 0]",128,128,65536.0,1572864.0,6812872559,6812879231,7295143473,7295146384,0,1,1,-1,1,6672,2911,128,32,32,3
16,3,"[8, 128, 0, 0, 0, 0, 0, 0, 0, 0, 0, 0, 0, 0, 0, 4, 0, 0, 0, 0, 0, 0, 0, 0, 0, 0, 0, 0, 0, 0]",1,128,128.0,2052.0,6812935994,6812942063,7295146385,7295148465,0,1408,1408,-1,1,6069,2080,128,32,32,3
12,3,"[8, 128, 0, 0, 0, 0, 0, 0, 0, 0, 0, 0, 0, 0, 0, 8, 128, 0, 0, 0, 0, 0, 0, 0, 0, 0, 0, 0, 0, 0]",1,128,128.0,3072.0,6812998977,6813004455,7295149873,7295152177,0,384,384,-1,1,5478,2304,128,32,32,3
12,3,"[8, 128, 0, 0, 0, 0, 0, 0, 0, 0, 0, 0, 0, 0, 0, 8, 128, 0, 0, 0, 0, 0, 0, 0, 0, 0, 0, 0, 0, 0]",1,128,128.0,3072.0,6813059731,6813065623,7295152561,7295154576,0,1,1,-1,1,5892,2015,128,32,32,3
16,3,"[8, 128, 0, 0, 0, 0, 0, 0, 0, 0, 0, 0, 0, 0, 0, 4, 0, 0, 0, 0, 0, 0, 0, 0, 0, 0, 0, 0, 0, 0]",1,128,128.0,2052.0,6813120966,6813126648,7295154577,7295156656,0,1184,1184,-1,1,5682,2079,128,32,32,3
12,3,"[8, 128, 0, 0, 0, 0, 0, 0, 0, 0, 0, 0, 0, 0, 0, 8, 128, 0, 0, 0, 0, 0, 0, 0, 0, 0, 0, 0, 0, 0]",1,128,128.0,3072.0,6813182560,6813188236,7295157840,7295160017,0,576,576,-1,1,5676,2177,128,32,32,3
12,3,"[8, 128, 0, 0, 0, 0, 0, 0, 0, 0, 0, 0, 0, 0, 0, 8, 128, 0, 0, 0, 0, 0, 0, 0, 0, 0, 0, 0, 0, 0]",1,128,128.0,3072.0,6813250723,6813256618,7295160593,7295162705,0,64,64,-1,1,5895,2112,128,32,32,3
16,3,"[8, 128, 128, 3, 3, 0, 0, 0, 0, 0, 0, 0, 0, 0, 0, 4, 0, 0, 0, 0, 0, 0, 0, 0, 0, 0, 0, 0, 0, 0]",288,128,147456.0,2359300.0,6813314104,6817434645,7295162769,7295168912,0,1,1,-1,1,4120541,6143,128,32,32,3
12,3,"[8, 128, 128, 3, 3, 0, 0, 0, 0, 0, 0, 0, 0, 0, 0, 8, 128, 128, 3, 3, 0, 0, 0, 0, 0, 0, 0, 0, 0, 0]",288,128,147456.0,3538944.0,6817528752,6817538308,7295168913,7295174512,0,545,545,-1,1,9556,5599,128,32,32,3
12,3,"[8, 128, 128, 3, 3, 0, 0, 0, 0, 0, 0, 0, 0, 0, 0, 8, 128, 128, 3, 3, 0, 0, 0, 0, 0, 0, 0, 0, 0, 0]",288,128,147456.0,3538944.0,6817601984,6817608813,7295175057,7295180528,0,545,545,-1,1,6829,5471,128,32,32,3
16,3,"[8, 128, 0, 0, 0, 0, 0, 0, 0, 0, 0, 0, 0, 0, 0, 4, 0, 0, 0, 0, 0, 0, 0, 0, 0, 0, 0, 0, 0, 0]",1,128,128.0,2052.0,6817669726,6818016721,7295181073,7295183247,0,1,1,-1,1,346995,2174,128,32,32,3
12,3,"[8, 128, 0, 0, 0, 0, 0, 0, 0, 0, 0, 0, 0, 0, 0, 8, 128, 0, 0, 0, 0, 0, 0, 0, 0, 0, 0, 0, 0, 0]",1,128,128.0,3072.0,6818078340,6818084941,7295183248,7295185329,0,1375,1375,-1,1,6601,2081,128,32,32,3
12,3,"[8, 128, 0, 0, 0, 0, 0, 0, 0, 0, 0, 0, 0, 0, 0, 8, 128, 0, 0, 0, 0, 0, 0, 0, 0, 0, 0, 0, 0, 0]",1,128,128.0,3072.0,6818142444,6818148078,7295186704,7295188849,0,543,543,-1,1,5634,2145,128,32,32,3
16,3,"[8, 128, 0, 0, 0, 0, 0, 0, 0, 0, 0, 0, 0, 0, 0, 4, 0, 0, 0, 0, 0, 0, 0, 0, 0, 0, 0, 0, 0, 0]",1,128,128.0,2052.0,6818205496,6818211385,7295189392,7295191312,0,128,128,-1,1,5889,1920,128,32,32,3
12,3,"[8, 128, 0, 0, 0, 0, 0, 0, 0, 0, 0, 0, 0, 0, 0, 8, 128, 0, 0, 0, 0, 0, 0, 0, 0, 0, 0, 0, 0, 0]",1,128,128.0,3072.0,6818269049,6818274986,7295191440,7295193520,0,1088,1088,-1,1,5937,2080,128,32,32,3
12,3,"[8, 128, 0, 0, 0, 0, 0, 0, 0, 0, 0, 0, 0, 0, 0, 8, 128, 0, 0, 0, 0, 0, 0, 0, 0, 0, 0, 0, 0, 0]",1,128,128.0,3072.0,6818330571,6818336157,7295194608,7295196752,0,544,544,-1,1,5586,2144,128,32,32,3
16,3,"[8, 512, 128, 1, 1, 0, 0, 0, 0, 0, 0, 0, 0, 0, 0, 4, 0, 0, 0, 0, 0, 0, 0, 0, 0, 0, 0, 0, 0, 0]",128,128,65536.0,1048580.0,6818399219,6818406895,7295197296,7295200848,0,512,512,-1,1,7676,3552,128,32,32,3
12,3,"[8, 512, 128, 1, 1, 0, 0, 0, 0, 0, 0, 0, 0, 0, 0, 8, 512, 128, 1, 1, 0, 0, 0, 0, 0, 0, 0, 0, 0, 0]",128,128,65536.0,1572864.0,6818466540,6828061381,7295201360,7295204880,0,576,576,-1,1,9594841,3520,128,32,32,3
12,3,"[8, 512, 128, 1, 1, 0, 0, 0, 0, 0, 0, 0, 0, 0, 0, 8, 512, 128, 1, 1, 0, 0, 0, 0, 0, 0, 0, 0, 0, 0]",128,128,65536.0,1572864.0,6828134391,6828141870,7295205456,7295207856,0,1568,1568,-1,1,7479,2400,128,32,32,3
16,3,"[8, 512, 0, 0, 0, 0, 0, 0, 0, 0, 0, 0, 0, 0, 0, 4, 0, 0, 0, 0, 0, 0, 0, 0, 0, 0, 0, 0, 0, 0]",1,128,512.0,8196.0,6828201694,6828207908,7295209424,7295211536,0,416,416,-1,1,6214,2112,128,32,32,3
12,3,"[8, 512, 0, 0, 0, 0, 0, 0, 0, 0, 0, 0, 0, 0, 0, 8, 512, 0, 0, 0, 0, 0, 0, 0, 0, 0, 0, 0, 0, 0]",1,128,512.0,12288.0,6828270915,6830322826,7295211952,7295213999,0,1,1,-1,1,2051911,2047,128,32,32,3
12,3,"[8, 512, 0, 0, 0, 0, 0, 0, 0, 0, 0, 0, 0, 0, 0, 8, 512, 0, 0, 0, 0, 0, 0, 0, 0, 0, 0, 0, 0, 0]",1,128,512.0,12288.0,6830384302,6830390809,7295214000,7295216048,0,1376,1376,-1,1,6507,2048,128,32,32,3
16,3,"[8, 512, 0, 0, 0, 0, 0, 0, 0, 0, 0, 0, 0, 0, 0, 4, 0, 0, 0, 0, 0, 0, 0, 0, 0, 0, 0, 0, 0, 0]",1,128,512.0,8196.0,6830448752,6830455006,7295217424,7295219504,0,512,512,-1,1,6254,2080,128,32,32,3
12,3,"[8, 512, 0, 0, 0, 0, 0, 0, 0, 0, 0, 0, 0, 0, 0, 8, 512, 0, 0, 0, 0, 0, 0, 0, 0, 0, 0, 0, 0, 0]",1,128,512.0,12288.0,6830510794,6830516871,7295220016,7295222159,0,1,1,-1,1,6077,2143,128,32,32,3
12,3,"[8, 512, 0, 0, 0, 0, 0, 0, 0, 0, 0, 0, 0, 0, 0, 8, 512, 0, 0, 0, 0, 0, 0, 0, 0, 0, 0, 0, 0, 0]",1,128,512.0,12288.0,6830577362,6830583851,7295222160,7295224240,0,1568,1568,-1,1,6489,2080,128,32,32,3
16,3,"[8, 128, 512, 1, 1, 0, 0, 0, 0, 0, 0, 0, 0, 0, 0, 4, 0, 0, 0, 0, 0, 0, 0, 0, 0, 0, 0, 0, 0, 0]",128,128,65536.0,1048580.0,6830642353,6830648730,7295225808,7295228336,0,1408,1408,-1,1,6377,2528,128,32,32,3
12,3,"[8, 128, 512, 1, 1, 0, 0, 0, 0, 0, 0, 0, 0, 0, 0, 8, 128, 512, 1, 1, 0, 0, 0, 0, 0, 0, 0, 0, 0, 0]",128,128,65536.0,1572864.0,6830821560,6830829143,7295229744,7295232432,0,1408,1408,-1,1,7583,2688,128,32,32,3
12,3,"[8, 128, 512, 1, 1, 0, 0, 0, 0, 0, 0, 0, 0, 0, 0, 8, 128, 512, 1, 1, 0, 0, 0, 0, 0, 0, 0, 0, 0, 0]",128,128,65536.0,1572864.0,6830888857,6830967225,7295233840,7295236528,0,1376,1376,-1,1,78368,2688,128,32,32,3
16,3,"[8, 128, 0, 0, 0, 0, 0, 0, 0, 0, 0, 0, 0, 0, 0, 4, 0, 0, 0, 0, 0, 0, 0, 0, 0, 0, 0, 0, 0, 0]",1,128,128.0,2052.0,6831026552,6831033512,7295237904,7295239920,0,576,576,-1,1,6960,2016,128,32,32,3
12,3,"[8, 128, 0, 0, 0, 0, 0, 0, 0, 0, 0, 0, 0, 0, 0, 8, 128, 0, 0, 0, 0, 0, 0, 0, 0, 0, 0, 0, 0, 0]",1,128,128.0,3072.0,6831097286,6831103422,7295240496,7295242608,0,64,64,-1,1,6136,2112,128,32,32,3
12,3,"[8, 128, 0, 0, 0, 0, 0, 0, 0, 0, 0, 0, 0, 0, 0, 8, 128, 0, 0, 0, 0, 0, 0, 0, 0, 0, 0, 0, 0, 0]",1,128,128.0,3072.0,6831161144,6831548498,7295242672,7295244720,0,1120,1120,-1,1,387354,2048,128,32,32,3
16,3,"[8, 128, 0, 0, 0, 0, 0, 0, 0, 0, 0, 0, 0, 0, 0, 4, 0, 0, 0, 0, 0, 0, 0, 0, 0, 0, 0, 0, 0, 0]",1,128,128.0,2052.0,6831613122,6831621144,7295245840,7295247792,0,608,608,-1,1,8022,1952,128,32,32,3
12,3,"[8, 128, 0, 0, 0, 0, 0, 0, 0, 0, 0, 0, 0, 0, 0, 8, 128, 0, 0, 0, 0, 0, 0, 0, 0, 0, 0, 0, 0, 0]",1,128,128.0,3072.0,6831680530,6831686411,7295248400,7295250576,0,256,256,-1,1,5881,2176,128,32,32,3
12,3,"[8, 128, 0, 0, 0, 0, 0, 0, 0, 0, 0, 0, 0, 0, 0, 8, 128, 0, 0, 0, 0, 0, 0, 0, 0, 0, 0, 0, 0, 0]",1,128,128.0,3072.0,6831743945,6831749862,7295250832,7295252912,0,1568,1568,-1,1,5917,2080,128,32,32,3
16,3,"[8, 128, 128, 3, 3, 0, 0, 0, 0, 0, 0, 0, 0, 0, 0, 4, 0, 0, 0, 0, 0, 0, 0, 0, 0, 0, 0, 0, 0, 0]",288,128,147456.0,2359300.0,6831807311,6831813692,7295254480,7295259056,0,1408,1408,-1,1,6381,4576,128,32,32,3
12,3,"[8, 128, 128, 3, 3, 0, 0, 0, 0, 0, 0, 0, 0, 0, 0, 8, 128, 128, 3, 3, 0, 0, 0, 0, 0, 0, 0, 0, 0, 0]",288,128,147456.0,3538944.0,6831871387,6831876937,7295260464,7295265167,0,1,1,-1,1,5550,4703,128,32,32,3
12,3,"[8, 128, 128, 3, 3, 0, 0, 0, 0, 0, 0, 0, 0, 0, 0, 8, 128, 128, 3, 3, 0, 0, 0, 0, 0, 0, 0, 0, 0, 0]",288,128,147456.0,3538944.0,6831941342,6831947100,7295265168,7295271344,0,416,416,-1,1,5758,6176,128,32,32,3
16,3,"[8, 128, 0, 0, 0, 0, 0, 0, 0, 0, 0, 0, 0, 0, 0, 4, 0, 0, 0, 0, 0, 0, 0, 0, 0, 0, 0, 0, 0, 0]",1,128,128.0,2052.0,6832004080,6832009622,7295271760,7295273392,0,1248,1248,-1,1,5542,1632,128,32,32,3
12,3,"[8, 128, 0, 0, 0, 0, 0, 0, 0, 0, 0, 0, 0, 0, 0, 8, 128, 0, 0, 0, 0, 0, 0, 0, 0, 0, 0, 0, 0, 0]",1,128,128.0,3072.0,6832066702,6836168794,7295274640,7295277264,0,192,192,-1,1,4102092,2624,128,32,32,3
12,3,"[8, 128, 0, 0, 0, 0, 0, 0, 0, 0, 0, 0, 0, 0, 0, 8, 128, 0, 0, 0, 0, 0, 0, 0, 0, 0, 0, 0, 0, 0]",1,128,128.0,3072.0,6836234761,6836241206,7295277456,7295279503,0,1,1,-1,1,6445,2047,128,32,32,3
16,3,"[8, 128, 0, 0, 0, 0, 0, 0, 0, 0, 0, 0, 0, 0, 0, 4, 0, 0, 0, 0, 0, 0, 0, 0, 0, 0, 0, 0, 0, 0]",1,128,128.0,2052.0,6836300477,6836306575,7295279504,7295281584,0,1312,1312,-1,1,6098,2080,128,32,32,3
12,3,"[8, 128, 0, 0, 0, 0, 0, 0, 0, 0, 0, 0, 0, 0, 0, 8, 128, 0, 0, 0, 0, 0, 0, 0, 0, 0, 0, 0, 0, 0]",1,128,128.0,3072.0,6836362920,6836753852,7295282896,7295285104,0,544,544,-1,1,390932,2208,128,32,32,3
12,3,"[8, 128, 0, 0, 0, 0, 0, 0, 0, 0, 0, 0, 0, 0, 0, 8, 128, 0, 0, 0, 0, 0, 0, 0, 0, 0, 0, 0, 0, 0]",1,128,128.0,3072.0,6836813112,6836818853,7295285648,7295287695,0,1,1,-1,1,5741,2047,128,32,32,3
16,3,"[8, 512, 128, 1, 1, 0, 0, 0, 0, 0, 0, 0, 0, 0, 0, 4, 0, 0, 0, 0, 0, 0, 0, 0, 0, 0, 0, 0, 0, 0]",128,128,65536.0,1048580.0,6836877624,6836883676,7295287696,7295291728,0,256,256,-1,1,6052,4032,128,32,32,3
12,3,"[8, 512, 128, 1, 1, 0, 0, 0, 0, 0, 0, 0, 0, 0, 0, 8, 512, 128, 1, 1, 0, 0, 0, 0, 0, 0, 0, 0, 0, 0]",128,128,65536.0,1572864.0,6836941090,6836947111,7295291984,7295295887,0,1,1,-1,1,6021,3903,128,32,32,3
12,3,"[8, 512, 128, 1, 1, 0, 0, 0, 0, 0, 0, 0, 0, 0, 0, 8, 512, 128, 1, 1, 0, 0, 0, 0, 0, 0, 0, 0, 0, 0]",128,128,65536.0,1572864.0,6837003913,6837010015,7295295888,7295299984,0,224,224,-1,1,6102,4096,128,32,32,3
16,3,"[8, 512, 0, 0, 0, 0, 0, 0, 0, 0, 0, 0, 0, 0, 0, 4, 0, 0, 0, 0, 0, 0, 0, 0, 0, 0, 0, 0, 0, 0]",1,128,512.0,8196.0,6837073348,6837079418,7295300208,7295302064,0,1120,1120,-1,1,6070,1856,128,32,32,3
12,3,"[8, 512, 0, 0, 0, 0, 0, 0, 0, 0, 0, 0, 0, 0, 0, 8, 512, 0, 0, 0, 0, 0, 0, 0, 0, 0, 0, 0, 0, 0]",1,128,512.0,12288.0,6837135910,6837141495,7295303184,7295305424,0,512,512,-1,1,5585,2240,128,32,32,3
12,3,"[8, 512, 0, 0, 0, 0, 0, 0, 0, 0, 0, 0, 0, 0, 0, 8, 512, 0, 0, 0, 0, 0, 0, 0, 0, 0, 0, 0, 0, 0]",1,128,512.0,12288.0,6837197738,6846798962,7295305936,7295308175,0,1,1,-1,1,9601224,2239,128,32,32,3
16,3,"[8, 512, 0, 0, 0, 0, 0, 0, 0, 0, 0, 0, 0, 0, 0, 4, 0, 0, 0, 0, 0, 0, 0, 0, 0, 0, 0, 0, 0, 0]",1,128,512.0,8196.0,6846873962,6846882209,7295308176,7295310256,0,1440,1440,-1,1,8247,2080,128,32,32,3
12,3,"[8, 512, 0, 0, 0, 0, 0, 0, 0, 0, 0, 0, 0, 0, 0, 8, 512, 0, 0, 0, 0, 0, 0, 0, 0, 0, 0, 0, 0, 0]",1,128,512.0,12288.0,6846949695,6846956129,7295311696,7295313808,0,512,512,-1,1,6434,2112,128,32,32,3
12,3,"[8, 512, 0, 0, 0, 0, 0, 0, 0, 0, 0, 0, 0, 0, 0, 8, 512, 0, 0, 0, 0, 0, 0, 0, 0, 0, 0, 0, 0, 0]",1,128,512.0,12288.0,6847014551,6849059756,7295314320,7295316400,0,320,320,-1,1,2045205,2080,128,32,32,3
16,3,"[8, 128, 512, 1, 1, 0, 0, 0, 0, 0, 0, 0, 0, 0, 0, 4, 0, 0, 0, 0, 0, 0, 0, 0, 0, 0, 0, 0, 0, 0]",128,128,65536.0,1048580.0,6849144230,6849153966,7295316720,7295320496,0,288,288,-1,1,9736,3776,128,32,32,3
12,3,"[8, 128, 512, 1, 1, 0, 0, 0, 0, 0, 0, 0, 0, 0, 0, 8, 128, 512, 1, 1, 0, 0, 0, 0, 0, 0, 0, 0, 0, 0]",128,128,65536.0,1572864.0,6849218249,6849224963,7295320784,7295324591,0,1,1,-1,1,6714,3807,128,32,32,3
12,3,"[8, 128, 512, 1, 1, 0, 0, 0, 0, 0, 0, 0, 0, 0, 0, 8, 128, 512, 1, 1, 0, 0, 0, 0, 0, 0, 0, 0, 0, 0]",128,128,65536.0,1572864.0,6849286311,6849292197,7295324592,7295328528,0,224,224,-1,1,5886,3936,128,32,32,3
16,3,"[8, 128, 0, 0, 0, 0, 0, 0, 0, 0, 0, 0, 0, 0, 0, 4, 0, 0, 0, 0, 0, 0, 0, 0, 0, 0, 0, 0, 0, 0]",1,128,128.0,2052.0,6849357798,6849364345,7295328752,7295330703,0,1,1,-1,1,6547,1951,128,32,32,3
12,3,"[8, 128, 0, 0, 0, 0, 0, 0, 0, 0, 0, 0, 0, 0, 0, 8, 128, 0, 0, 0, 0, 0, 0, 0, 0, 0, 0, 0, 0, 0]",1,128,128.0,3072.0,6849421781,6849428289,7295330704,7295332784,0,1440,1440,-1,1,6508,2080,128,32,32,3
12,3,"[8, 128, 0, 0, 0, 0, 0, 0, 0, 0, 0, 0, 0, 0, 0, 8, 128, 0, 0, 0, 0, 0, 0, 0, 0, 0, 0, 0, 0, 0]",1,128,128.0,3072.0,6849484641,6849490757,7295334224,7295336432,0,448,448,-1,1,6116,2208,128,32,32,3
16,3,"[8, 128, 0, 0, 0, 0, 0, 0, 0, 0, 0, 0, 0, 0, 0, 4, 0, 0, 0, 0, 0, 0, 0, 0, 0, 0, 0, 0, 0, 0]",1,128,128.0,2052.0,6849546466,6849702570,7295336880,7295338895,0,1,1,-1,1,156104,2015,128,32,32,3
12,3,"[8, 128, 0, 0, 0, 0, 0, 0, 0, 0, 0, 0, 0, 0, 0, 8, 128, 0, 0, 0, 0, 0, 0, 0, 0, 0, 0, 0, 0, 0]",1,128,128.0,3072.0,6849770081,6849776210,7295338896,7295340976,0,1088,1088,-1,1,6129,2080,128,32,32,3
12,3,"[8, 128, 0, 0, 0, 0, 0, 0, 0, 0, 0, 0, 0, 0, 0, 8, 128, 0, 0, 0, 0, 0, 0, 0, 0, 0, 0, 0, 0, 0]",1,128,128.0,3072.0,6849834499,6849840318,7295342064,7295344208,0,608,608,-1,1,5819,2144,128,32,32,3
16,3,"[8, 128, 128, 3, 3, 0, 0, 0, 0, 0, 0, 0, 0, 0, 0, 4, 0, 0, 0, 0, 0, 0, 0, 0, 0, 0, 0, 0, 0, 0]",288,128,147456.0,2359300.0,6849897377,6850283353,7295344816,7295350320,0,512,512,-1,1,385976,5504,128,32,32,3
12,3,"[8, 128, 128, 3, 3, 0, 0, 0, 0, 0, 0, 0, 0, 0, 0, 8, 128, 128, 3, 3, 0, 0, 0, 0, 0, 0, 0, 0, 0, 0]",288,128,147456.0,3538944.0,6850344317,6850350531,7295350832,7295355312,0,1216,1216,-1,1,6214,4480,128,32,32,3
12,3,"[8, 128, 128, 3, 3, 0, 0, 0, 0, 0, 0, 0, 0, 0, 0, 8, 128, 128, 3, 3, 0, 0, 0, 0, 0, 0, 0, 0, 0, 0]",288,128,147456.0,3538944.0,6850409557,6850416030,7295356528,7295361455,0,1,1,-1,1,6473,4927,128,32,32,3
16,3,"[8, 128, 0, 0, 0, 0, 0, 0, 0, 0, 0, 0, 0, 0, 0, 4, 0, 0, 0, 0, 0, 0, 0, 0, 0, 0, 0, 0, 0, 0]",1,128,128.0,2052.0,6850472436,6850478159,7295361456,7295363504,0,1440,1440,-1,1,5723,2048,128,32,32,3
12,3,"[8, 128, 0, 0, 0, 0, 0, 0, 0, 0, 0, 0, 0, 0, 0, 8, 128, 0, 0, 0, 0, 0, 0, 0, 0, 0, 0, 0, 0, 0]",1,128,128.0,3072.0,6850534354,6850539809,7295364944,7295367184,0,384,384,-1,1,5455,2240,128,32,32,3
12,3,"[8, 128, 0, 0, 0, 0, 0, 0, 0, 0, 0, 0, 0, 0, 0, 8, 128, 0, 0, 0, 0, 0, 0, 0, 0, 0, 0, 0, 0, 0]",1,128,128.0,3072.0,6850597090,6850602535,7295367568,7295369647,0,1,1,-1,1,5445,2079,128,32,32,3
16,3,"[8, 128, 0, 0, 0, 0, 0, 0, 0, 0, 0, 0, 0, 0, 0, 4, 0, 0, 0, 0, 0, 0, 0, 0, 0, 0, 0, 0, 0, 0]",1,128,128.0,2052.0,6850776532,6850785490,7295369648,7295371696,0,1088,1088,-1,1,8958,2048,128,32,32,3
12,3,"[8, 128, 0, 0, 0, 0, 0, 0, 0, 0, 0, 0, 0, 0, 0, 8, 128, 0, 0, 0, 0, 0, 0, 0, 0, 0, 0, 0, 0, 0]",1,128,128.0,3072.0,6850852875,6850860252,7295372784,7295374992,0,544,544,-1,1,7377,2208,128,32,32,3
12,3,"[8, 128, 0, 0, 0, 0, 0, 0, 0, 0, 0, 0, 0, 0, 0, 8, 128, 0, 0, 0, 0, 0, 0, 0, 0, 0, 0, 0, 0, 0]",1,128,128.0,3072.0,6850918139,6854902630,7295375536,7295377680,0,256,256,-1,1,3984491,2144,128,32,32,3
16,3,"[8, 512, 128, 1, 1, 0, 0, 0, 0, 0, 0, 0, 0, 0, 0, 4, 0, 0, 0, 0, 0, 0, 0, 0, 0, 0, 0, 0, 0, 0]",128,128,65536.0,1048580.0,6854968602,6854976625,7295377936,7295381840,0,256,256,-1,1,8023,3904,128,32,32,3
12,3,"[8, 512, 128, 1, 1, 0, 0, 0, 0, 0, 0, 0, 0, 0, 0, 8, 512, 128, 1, 1, 0, 0, 0, 0, 0, 0, 0, 0, 0, 0]",128,128,65536.0,1572864.0,6855035856,6855041494,7295382096,7295385936,0,96,96,-1,1,5638,3840,128,32,32,3
12,3,"[8, 512, 128, 1, 1, 0, 0, 0, 0, 0, 0, 0, 0, 0, 0, 8, 512, 128, 1, 1, 0, 0, 0, 0, 0, 0, 0, 0, 0, 0]",128,128,65536.0,1572864.0,6855099206,6855485974,7295386032,7295389840,0,288,288,-1,1,386768,3808,128,32,32,3
16,3,"[8, 512, 0, 0, 0, 0, 0, 0, 0, 0, 0, 0, 0, 0, 0, 4, 0, 0, 0, 0, 0, 0, 0, 0, 0, 0, 0, 0, 0, 0]",1,128,512.0,8196.0,6855552745,6855560132,7295390128,7295392143,0,1,1,-1,1,7387,2015,128,32,32,3
12,3,"[8, 512, 0, 0, 0, 0, 0, 0, 0, 0, 0, 0, 0, 0, 0, 8, 512, 0, 0, 0, 0, 0, 0, 0, 0, 0, 0, 0, 0, 0]",1,128,512.0,12288.0,6855630996,6855639160,7295392144,7295394224,0,1536,1536,-1,1,8164,2080,128,32,32,3
12,3,"[8, 512, 0, 0, 0, 0, 0, 0, 0, 0, 0, 0, 0, 0, 0, 8, 512, 0, 0, 0, 0, 0, 0, 0, 0, 0, 0, 0, 0, 0]",1,128,512.0,12288.0,6855725821,6855734602,7295395760,7295398320,0,416,416,-1,1,8781,2560,128,32,32,3
16,3,"[8, 512, 0, 0, 0, 0, 0, 0, 0, 0, 0, 0, 0, 0, 0, 4, 0, 0, 0, 0, 0, 0, 0, 0, 0, 0, 0, 0, 0, 0]",1,128,512.0,8196.0,6855806319,6855813254,7295398736,7295400368,0,1280,1280,-1,1,6935,1632,128,32,32,3
12,3,"[8, 512, 0, 0, 0, 0, 0, 0, 0, 0, 0, 0, 0, 0, 0, 8, 512, 0, 0, 0, 0, 0, 0, 0, 0, 0, 0, 0, 0, 0]",1,128,512.0,12288.0,6855871244,6855877318,7295401648,7295403824,0,608,608,-1,1,6074,2176,128,32,32,3
12,3,"[8, 512, 0, 0, 0, 0, 0, 0, 0, 0, 0, 0, 0, 0, 0, 8, 512, 0, 0, 0, 0, 0, 0, 0, 0, 0, 0, 0, 0, 0]",1,128,512.0,12288.0,6855935430,6855941519,7295404432,7295406512,0,320,320,-1,1,6089,2080,128,32,32,3
16,3,"[8, 256, 512, 1, 1, 0, 0, 0, 0, 0, 0, 0, 0, 0, 0, 4, 0, 0, 0, 0, 0, 0, 0, 0, 0, 0, 0, 0, 0, 0]",256,128,131072.0,2097156.0,6855999815,6865530781,7295406832,7295412400,0,224,224,-1,1,9530966,5568,128,32,32,3
12,3,"[8, 256, 512, 1, 1, 0, 0, 0, 0, 0, 0, 0, 0, 0, 0, 8, 256, 512, 1, 1, 0, 0, 0, 0, 0, 0, 0, 0, 0, 0]",256,128,131072.0,3145728.0,6865601815,6865608600,7295412624,7295418000,0,576,576,-1,1,6785,5376,128,32,32,3
12,3,"[8, 256, 512, 1, 1, 0, 0, 0, 0, 0, 0, 0, 0, 0, 0, 8, 256, 512, 1, 1, 0, 0, 0, 0, 0, 0, 0, 0, 0, 0]",256,128,131072.0,3145728.0,6865668789,6865674589,7295418576,7295422896,0,1248,1248,-1,1,5800,4320,128,32,32,3
16,3,"[8, 256, 0, 0, 0, 0, 0, 0, 0, 0, 0, 0, 0, 0, 0, 4, 0, 0, 0, 0, 0, 0, 0, 0, 0, 0, 0, 0, 0, 0]",1,128,256.0,4100.0,6865731894,6867790738,7295424144,7295426160,0,608,608,-1,1,2058844,2016,128,32,32,3
12,3,"[8, 256, 0, 0, 0, 0, 0, 0, 0, 0, 0, 0, 0, 0, 0, 8, 256, 0, 0, 0, 0, 0, 0, 0, 0, 0, 0, 0, 0, 0]",1,128,256.0,6144.0,6867852566,6867864919,7295426768,7295428976,0,192,192,-1,1,12353,2208,128,32,32,3
12,3,"[8, 256, 0, 0, 0, 0, 0, 0, 0, 0, 0, 0, 0, 0, 0, 8, 256, 0, 0, 0, 0, 0, 0, 0, 0, 0, 0, 0, 0, 0]",1,128,256.0,6144.0,6867923431,6867929604,7295429168,7295431088,0,1120,1120,-1,1,6173,1920,128,32,32,3
16,3,"[8, 256, 0, 0, 0, 0, 0, 0, 0, 0, 0, 0, 0, 0, 0, 4, 0, 0, 0, 0, 0, 0, 0, 0, 0, 0, 0, 0, 0, 0]",1,128,256.0,4100.0,6867987235,6867993160,7295432208,7295434224,0,608,608,-1,1,5925,2016,128,32,32,3
12,3,"[8, 256, 0, 0, 0, 0, 0, 0, 0, 0, 0, 0, 0, 0, 0, 8, 256, 0, 0, 0, 0, 0, 0, 0, 0, 0, 0, 0, 0, 0]",1,128,256.0,6144.0,6868048918,6868054523,7295434832,7295437232,0,576,576,-1,1,5605,2400,128,32,32,3
12,3,"[8, 256, 0, 0, 0, 0, 0, 0, 0, 0, 0, 0, 0, 0, 0, 8, 256, 0, 0, 0, 0, 0, 0, 0, 0, 0, 0, 0, 0, 0]",1,128,256.0,6144.0,6868112959,6868118898,7295437808,7295440304,0,576,576,-1,1,5939,2496,128,32,32,3
16,3,"[8, 256, 256, 3, 3, 0, 0, 0, 0, 0, 0, 0, 0, 0, 0, 4, 0, 0, 0, 0, 0, 0, 0, 0, 0, 0, 0, 0, 0, 0]",1152,128,589824.0,9437188.0,6868176328,6868182016,7295440880,7295459727,0,1,1,-1,1,5688,18847,128,32,32,3
12,3,"[8, 256, 256, 3, 3, 0, 0, 0, 0, 0, 0, 0, 0, 0, 0, 8, 256, 256, 3, 3, 0, 0, 0, 0, 0, 0, 0, 0, 0, 0]",1152,128,589824.0,14155776.0,6868239916,6868436830,7295459728,7295484336,0,384,384,-1,1,196914,24608,128,32,32,3
12,3,"[8, 256, 256, 3, 3, 0, 0, 0, 0, 0, 0, 0, 0, 0, 0, 8, 256, 256, 3, 3, 0, 0, 0, 0, 0, 0, 0, 0, 0, 0]",1152,128,589824.0,14155776.0,6868498318,6868504462,7295484720,7295512592,0,384,384,-1,1,6144,27872,128,32,32,3
16,3,"[8, 256, 0, 0, 0, 0, 0, 0, 0, 0, 0, 0, 0, 0, 0, 4, 0, 0, 0, 0, 0, 0, 0, 0, 0, 0, 0, 0, 0, 0]",1,128,256.0,4100.0,6868562512,6868568411,7295512976,7295515056,0,1216,1216,-1,1,5899,2080,128,32,32,3
12,3,"[8, 256, 0, 0, 0, 0, 0, 0, 0, 0, 0, 0, 0, 0, 0, 8, 256, 0, 0, 0, 0, 0, 0, 0, 0, 0, 0, 0, 0, 0]",1,128,256.0,6144.0,6868625284,6869019685,7295516272,7295518768,0,352,352,-1,1,394401,2496,128,32,32,3
12,3,"[8, 256, 0, 0, 0, 0, 0, 0, 0, 0, 0, 0, 0, 0, 0, 8, 256, 0, 0, 0, 0, 0, 0, 0, 0, 0, 0, 0, 0, 0]",1,128,256.0,6144.0,6869079505,6869085843,7295519120,7295521199,0,513,513,-1,1,6338,2079,128,32,32,3
16,3,"[8, 256, 0, 0, 0, 0, 0, 0, 0, 0, 0, 0, 0, 0, 0, 4, 0, 0, 0, 0, 0, 0, 0, 0, 0, 0, 0, 0, 0, 0]",1,128,256.0,4100.0,6869143960,6869149641,7295521712,7295523248,0,1440,1440,-1,1,5681,1536,128,32,32,3
12,3,"[8, 256, 0, 0, 0, 0, 0, 0, 0, 0, 0, 0, 0, 0, 0, 8, 256, 0, 0, 0, 0, 0, 0, 0, 0, 0, 0, 0, 0, 0]",1,128,256.0,6144.0,6869212989,6869218810,7295524688,7295526831,0,480,480,-1,1,5821,2143,128,32,32,3
12,3,"[8, 256, 0, 0, 0, 0, 0, 0, 0, 0, 0, 0, 0, 0, 0, 8, 256, 0, 0, 0, 0, 0, 0, 0, 0, 0, 0, 0, 0, 0]",1,128,256.0,6144.0,6869276545,6869282449,7295527311,7295529392,0,576,576,-1,1,5904,2081,128,32,32,3
16,3,"[8, 1024, 256, 1, 1, 0, 0, 0, 0, 0, 0, 0, 0, 0, 0, 4, 0, 0, 0, 0, 0, 0, 0, 0, 0, 0, 0, 0, 0, 0]",512,128,262144.0,4194308.0,6869340853,6869346600,7295529968,7295539183,0,448,448,-1,1,5747,9215,128,32,32,3
12,3,"[8, 1024, 256, 1, 1, 0, 0, 0, 0, 0, 0, 0, 0, 0, 0, 8, 1024, 256, 1, 1, 0, 0, 0, 0, 0, 0, 0, 0, 0, 0]",512,128,262144.0,6291456.0,6869404349,6869409753,7295539631,7295547024,0,511,511,-1,1,5404,7393,128,32,32,3
12,3,"[8, 1024, 256, 1, 1, 0, 0, 0, 0, 0, 0, 0, 0, 0, 0, 8, 1024, 256, 1, 1, 0, 0, 0, 0, 0, 0, 0, 0, 0, 0]",512,128,262144.0,6291456.0,6869466124,6869471916,7295547535,7295556016,0,224,224,-1,1,5792,8481,128,32,32,3
16,3,"[8, 1024, 0, 0, 0, 0, 0, 0, 0, 0, 0, 0, 0, 0, 0, 4, 0, 0, 0, 0, 0, 0, 0, 0, 0, 0, 0, 0, 0, 0]",2,128,1024.0,16388.0,6869528514,6873641604,7295556240,7295558063,0,1280,1280,-1,1,4113090,1823,128,32,32,3
12,3,"[8, 1024, 0, 0, 0, 0, 0, 0, 0, 0, 0, 0, 0, 0, 0, 8, 1024, 0, 0, 0, 0, 0, 0, 0, 0, 0, 0, 0, 0, 0]",2,128,1024.0,24576.0,6873730172,6873739678,7295559343,7295561552,0,511,511,-1,1,9506,2209,128,32,32,3
12,3,"[8, 1024, 0, 0, 0, 0, 0, 0, 0, 0, 0, 0, 0, 0, 0, 8, 1024, 0, 0, 0, 0, 0, 0, 0, 0, 0, 0, 0, 0, 0]",2,128,1024.0,24576.0,6873803191,6873809619,7295562063,7295564175,0,288,288,-1,1,6428,2112,128,32,32,3
16,3,"[8, 1024, 0, 0, 0, 0, 0, 0, 0, 0, 0, 0, 0, 0, 0, 4, 0, 0, 0, 0, 0, 0, 0, 0, 0, 0, 0, 0, 0, 0]",2,128,1024.0,16388.0,6873875255,6874223595,7295564463,7295566255,0,1248,1248,-1,1,348340,1792,128,32,32,3
12,3,"[8, 1024, 0, 0, 0, 0, 0, 0, 0, 0, 0, 0, 0, 0, 0, 8, 1024, 0, 0, 0, 0, 0, 0, 0, 0, 0, 0, 0, 0, 0]",2,128,1024.0,24576.0,6874289148,6874295862,7295567503,7295569615,0,480,480,-1,1,6714,2112,128,32,32,3
12,3,"[8, 1024, 0, 0, 0, 0, 0, 0, 0, 0, 0, 0, 0, 0, 0, 8, 1024, 0, 0, 0, 0, 0, 0, 0, 0, 0, 0, 0, 0, 0]",2,128,1024.0,24576.0,6874353889,6874359633,7295570095,7295572271,0,224,224,-1,1,5744,2176,128,32,32,3
16,3,"[8, 1024, 512, 1, 1, 0, 0, 0, 0, 0, 0, 0, 0, 0, 0, 4, 0, 0, 0, 0, 0, 0, 0, 0, 0, 0, 0, 0, 0, 0]",1024,128,524288.0,8388612.0,6874417477,6874423412,7295572495,7295588783,0,608,608,-1,1,5935,16288,128,32,32,3
12,3,"[8, 1024, 512, 1, 1, 0, 0, 0, 0, 0, 0, 0, 0, 0, 0, 8, 1024, 512, 1, 1, 0, 0, 0, 0, 0, 0, 0, 0, 0, 0]",1024,128,524288.0,12582912.0,6874481786,6874487448,7295589391,7295607215,0,1216,1216,-1,1,5662,17824,128,32,32,3
12,3,"[8, 1024, 512, 1, 1, 0, 0, 0, 0, 0, 0, 0, 0, 0, 0, 8, 1024, 512, 1, 1, 0, 0, 0, 0, 0, 0, 0, 0, 0, 0]",1024,128,524288.0,12582912.0,6874651753,6874660116,7295608431,7295631215,0,480,480,-1,1,8363,22784,128,32,32,3
16,3,"[8, 1024, 0, 0, 0, 0, 0, 0, 0, 0, 0, 0, 0, 0, 0, 4, 0, 0, 0, 0, 0, 0, 0, 0, 0, 0, 0, 0, 0, 0]",2,128,1024.0,16388.0,6874726622,6874733623,7295631695,7295633839,0,576,576,-1,1,7001,2144,128,32,32,3
12,3,"[8, 1024, 0, 0, 0, 0, 0, 0, 0, 0, 0, 0, 0, 0, 0, 8, 1024, 0, 0, 0, 0, 0, 0, 0, 0, 0, 0, 0, 0, 0]",2,128,1024.0,24576.0,6874799275,6884266338,7295634415,7295637071,0,576,576,-1,1,9467063,2656,128,32,32,3
12,3,"[8, 1024, 0, 0, 0, 0, 0, 0, 0, 0, 0, 0, 0, 0, 0, 8, 1024, 0, 0, 0, 0, 0, 0, 0, 0, 0, 0, 0, 0, 0]",2,128,1024.0,24576.0,6884343229,6884351543,7295637647,7295639791,0,256,256,-1,1,8314,2144,128,32,32,3
16,3,"[8, 1024, 0, 0, 0, 0, 0, 0, 0, 0, 0, 0, 0, 0, 0, 4, 0, 0, 0, 0, 0, 0, 0, 0, 0, 0, 0, 0, 0, 0]",2,128,1024.0,16388.0,6884413384,6884419962,7295640047,7295641998,0,1,1,-1,1,6578,1951,128,32,32,3
12,3,"[8, 1024, 0, 0, 0, 0, 0, 0, 0, 0, 0, 0, 0, 0, 0, 8, 1024, 0, 0, 0, 0, 0, 0, 0, 0, 0, 0, 0, 0, 0]",2,128,1024.0,24576.0,6884477616,6886525242,7295641999,7295645167,0,608,608,-1,1,2047626,3168,128,32,32,3
12,3,"[8, 1024, 0, 0, 0, 0, 0, 0, 0, 0, 0, 0, 0, 0, 0, 8, 1024, 0, 0, 0, 0, 0, 0, 0, 0, 0, 0, 0, 0, 0]",2,128,1024.0,24576.0,6886588357,6886594931,7295645775,7295647951,0,256,256,-1,1,6574,2176,128,32,32,3
16,3,"[8, 256, 1024, 1, 1, 0, 0, 0, 0, 0, 0, 0, 0, 0, 0, 4, 0, 0, 0, 0, 0, 0, 0, 0, 0, 0, 0, 0, 0, 0]",512,128,262144.0,4194308.0,6886655235,6886661266,7295648207,7295656367,0,1280,1280,-1,1,6031,8160,128,32,32,3
12,3,"[8, 256, 1024, 1, 1, 0, 0, 0, 0, 0, 0, 0, 0, 0, 0, 8, 256, 1024, 1, 1, 0, 0, 0, 0, 0, 0, 0, 0, 0, 0]",512,128,262144.0,6291456.0,6886719480,6886725158,7295657647,7295664526,0,1,1,-1,1,5678,6879,128,32,32,3
12,3,"[8, 256, 1024, 1, 1, 0, 0, 0, 0, 0, 0, 0, 0, 0, 0, 8, 256, 1024, 1, 1, 0, 0, 0, 0, 0, 0, 0, 0, 0, 0]",512,128,262144.0,6291456.0,6886782371,6886789078,7295664527,7295672751,0,1408,1408,-1,1,6707,8224,128,32,32,3
16,3,"[8, 256, 0, 0, 0, 0, 0, 0, 0, 0, 0, 0, 0, 0, 0, 4, 0, 0, 0, 0, 0, 0, 0, 0, 0, 0, 0, 0, 0, 0]",1,128,256.0,4100.0,6886845976,6886851842,7295674159,7295676111,0,576,576,-1,1,5866,1952,128,32,32,3
12,3,"[8, 256, 0, 0, 0, 0, 0, 0, 0, 0, 0, 0, 0, 0, 0, 8, 256, 0, 0, 0, 0, 0, 0, 0, 0, 0, 0, 0, 0, 0]",1,128,256.0,6144.0,6886913708,6886919738,7295676687,7295678862,0,1,1,-1,1,6030,2175,128,32,32,3
12,3,"[8, 256, 0, 0, 0, 0, 0, 0, 0, 0, 0, 0, 0, 0, 0, 8, 256, 0, 0, 0, 0, 0, 0, 0, 0, 0, 0, 0, 0, 0]",1,128,256.0,6144.0,6886976833,6887170736,7295678863,7295680943,0,1216,1216,-1,1,193903,2080,128,32,32,3
16,3,"[8, 256, 0, 0, 0, 0, 0, 0, 0, 0, 0, 0, 0, 0, 0, 4, 0, 0, 0, 0, 0, 0, 0, 0, 0, 0, 0, 0, 0, 0]",1,128,256.0,4100.0,6887228600,6887234298,7295682159,7295684175,0,576,576,-1,1,5698,2016,128,32,32,3
12,3,"[8, 256, 0, 0, 0, 0, 0, 0, 0, 0, 0, 0, 0, 0, 0, 8, 256, 0, 0, 0, 0, 0, 0, 0, 0, 0, 0, 0, 0, 0]",1,128,256.0,6144.0,6887290792,6887303131,7295684751,7295686959,0,96,96,-1,1,12339,2208,128,32,32,3
12,3,"[8, 256, 0, 0, 0, 0, 0, 0, 0, 0, 0, 0, 0, 0, 0, 8, 256, 0, 0, 0, 0, 0, 0, 0, 0, 0, 0, 0, 0, 0]",1,128,256.0,6144.0,6887361317,6887754642,7295687055,7295689135,0,1120,1120,-1,1,393325,2080,128,32,32,3
16,3,"[8, 256, 256, 3, 3, 0, 0, 0, 0, 0, 0, 0, 0, 0, 0, 4, 0, 0, 0, 0, 0, 0, 0, 0, 0, 0, 0, 0, 0, 0]",1152,128,589824.0,9437188.0,6887822956,6887829462,7295690255,7295709103,0,480,480,-1,1,6506,18848,128,32,32,3
12,3,"[8, 256, 256, 3, 3, 0, 0, 0, 0, 0, 0, 0, 0, 0, 0, 8, 256, 256, 3, 3, 0, 0, 0, 0, 0, 0, 0, 0, 0, 0]",1152,128,589824.0,14155776.0,6887889448,6887895379,7295709583,7295732143,0,1440,1440,-1,1,5931,22560,128,32,32,3
12,3,"[8, 256, 256, 3, 3, 0, 0, 0, 0, 0, 0, 0, 0, 0, 0, 8, 256, 256, 3, 3, 0, 0, 0, 0, 0, 0, 0, 0, 0, 0]",1152,128,589824.0,14155776.0,6887952486,6887958117,7295733583,7295760814,0,1,1,-1,1,5631,27231,128,32,32,3
16,3,"[8, 256, 0, 0, 0, 0, 0, 0, 0, 0, 0, 0, 0, 0, 0, 4, 0, 0, 0, 0, 0, 0, 0, 0, 0, 0, 0, 0, 0, 0]",1,128,256.0,4100.0,6888014750,6888020732,7295760815,7295764047,0,544,544,-1,1,5982,3232,128,32,32,3
12,3,"[8, 256, 0, 0, 0, 0, 0, 0, 0, 0, 0, 0, 0, 0, 0, 8, 256, 0, 0, 0, 0, 0, 0, 0, 0, 0, 0, 0, 0, 0]",1,128,256.0,6144.0,6888077437,6888083624,7295764591,7295766959,0,288,288,-1,1,6187,2368,128,32,32,3
12,3,"[8, 256, 0, 0, 0, 0, 0, 0, 0, 0, 0, 0, 0, 0, 0, 8, 256, 0, 0, 0, 0, 0, 0, 0, 0, 0, 0, 0, 0, 0]",1,128,256.0,6144.0,6888140706,6888146794,7295767247,7295769007,0,1344,1344,-1,1,6088,1760,128,32,32,3
16,3,"[8, 256, 0, 0, 0, 0, 0, 0, 0, 0, 0, 0, 0, 0, 0, 4, 0, 0, 0, 0, 0, 0, 0, 0, 0, 0, 0, 0, 0, 0]",1,128,256.0,4100.0,6888211575,6888217996,7295770351,7295772367,0,608,608,-1,1,6421,2016,128,32,32,3
12,3,"[8, 256, 0, 0, 0, 0, 0, 0, 0, 0, 0, 0, 0, 0, 0, 8, 256, 0, 0, 0, 0, 0, 0, 0, 0, 0, 0, 0, 0, 0]",1,128,256.0,6144.0,6888276555,6892378144,7295772975,7295775118,0,1,1,-1,1,4101589,2143,128,32,32,3
12,3,"[8, 256, 0, 0, 0, 0, 0, 0, 0, 0, 0, 0, 0, 0, 0, 8, 256, 0, 0, 0, 0, 0, 0, 0, 0, 0, 0, 0, 0, 0]",1,128,256.0,6144.0,6892442240,6892448953,7295775119,7295777199,0,1248,1248,-1,1,6713,2080,128,32,32,3
16,3,"[8, 1024, 256, 1, 1, 0, 0, 0, 0, 0, 0, 0, 0, 0, 0, 4, 0, 0, 0, 0, 0, 0, 0, 0, 0, 0, 0, 0, 0, 0]",512,128,262144.0,4194308.0,6892508437,6892514502,7295778447,7295786799,0,544,544,-1,1,6065,8352,128,32,32,3
12,3,"[8, 1024, 256, 1, 1, 0, 0, 0, 0, 0, 0, 0, 0, 0, 0, 8, 1024, 256, 1, 1, 0, 0, 0, 0, 0, 0, 0, 0, 0, 0]",512,128,262144.0,6291456.0,6892572476,6892958751,7295787343,7295793583,0,1120,1120,-1,1,386275,6240,128,32,32,3
12,3,"[8, 1024, 256, 1, 1, 0, 0, 0, 0, 0, 0, 0, 0, 0, 0, 8, 1024, 256, 1, 1, 0, 0, 0, 0, 0, 0, 0, 0, 0, 0]",512,128,262144.0,6291456.0,6893020311,6893026365,7295794703,7295803279,0,512,512,-1,1,6054,8576,128,32,32,3
16,3,"[8, 1024, 0, 0, 0, 0, 0, 0, 0, 0, 0, 0, 0, 0, 0, 4, 0, 0, 0, 0, 0, 0, 0, 0, 0, 0, 0, 0, 0, 0]",2,128,1024.0,16388.0,6893084926,6893090578,7295803791,7295805838,0,1,1,-1,1,5652,2047,128,32,32,3
12,3,"[8, 1024, 0, 0, 0, 0, 0, 0, 0, 0, 0, 0, 0, 0, 0, 8, 1024, 0, 0, 0, 0, 0, 0, 0, 0, 0, 0, 0, 0, 0]",2,128,1024.0,24576.0,6893147736,6893153129,7295805839,7295807919,0,1536,1536,-1,1,5393,2080,128,32,32,3
12,3,"[8, 1024, 0, 0, 0, 0, 0, 0, 0, 0, 0, 0, 0, 0, 0, 8, 1024, 0, 0, 0, 0, 0, 0, 0, 0, 0, 0, 0, 0, 0]",2,128,1024.0,24576.0,6893211522,6893216847,7295809455,7295811567,0,448,448,-1,1,5325,2112,128,32,32,3
16,3,"[8, 1024, 0, 0, 0, 0, 0, 0, 0, 0, 0, 0, 0, 0, 0, 4, 0, 0, 0, 0, 0, 0, 0, 0, 0, 0, 0, 0, 0, 0]",2,128,1024.0,16388.0,6893280189,6893286113,7295812015,7295814030,0,1,1,-1,1,5924,2015,128,32,32,3
12,3,"[8, 1024, 0, 0, 0, 0, 0, 0, 0, 0, 0, 0, 0, 0, 0, 8, 1024, 0, 0, 0, 0, 0, 0, 0, 0, 0, 0, 0, 0, 0]",2,128,1024.0,24576.0,6893343062,6893348800,7295814031,7295816111,0,1440,1440,-1,1,5738,2080,128,32,32,3
12,3,"[8, 1024, 0, 0, 0, 0, 0, 0, 0, 0, 0, 0, 0, 0, 0, 8, 1024, 0, 0, 0, 0, 0, 0, 0, 0, 0, 0, 0, 0, 0]",2,128,1024.0,24576.0,6893405952,6903002928,7295817551,7295819663,0,512,512,-1,1,9596976,2112,128,32,32,3
16,3,"[8, 256, 1024, 1, 1, 0, 0, 0, 0, 0, 0, 0, 0, 0, 0, 4, 0, 0, 0, 0, 0, 0, 0, 0, 0, 0, 0, 0, 0, 0]",512,128,262144.0,4194308.0,6903068741,6903076096,7295820175,7295828366,0,1,1,-1,1,7355,8191,128,32,32,3
12,3,"[8, 256, 1024, 1, 1, 0, 0, 0, 0, 0, 0, 0, 0, 0, 0, 8, 256, 1024, 1, 1, 0, 0, 0, 0, 0, 0, 0, 0, 0, 0]",512,128,262144.0,6291456.0,6903137535,6903143355,7295828367,7295836303,0,256,256,-1,1,5820,7936,128,32,32,3
12,3,"[8, 256, 1024, 1, 1, 0, 0, 0, 0, 0, 0, 0, 0, 0, 0, 8, 256, 1024, 1, 1, 0, 0, 0, 0, 0, 0, 0, 0, 0, 0]",512,128,262144.0,6291456.0,6903200866,6905266512,7295836559,7295844782,0,1,1,-1,1,2065646,8223,128,32,32,3
16,3,"[8, 256, 0, 0, 0, 0, 0, 0, 0, 0, 0, 0, 0, 0, 0, 4, 0, 0, 0, 0, 0, 0, 0, 0, 0, 0, 0, 0, 0, 0]",1,128,256.0,4100.0,6905330981,6905337572,7295844783,7295848015,0,480,480,-1,1,6591,3232,128,32,32,3
12,3,"[8, 256, 0, 0, 0, 0, 0, 0, 0, 0, 0, 0, 0, 0, 0, 8, 256, 0, 0, 0, 0, 0, 0, 0, 0, 0, 0, 0, 0, 0]",1,128,256.0,6144.0,6905395203,6905401790,7295848495,7295850703,0,224,224,-1,1,6587,2208,128,32,32,3
12,3,"[8, 256, 0, 0, 0, 0, 0, 0, 0, 0, 0, 0, 0, 0, 0, 8, 256, 0, 0, 0, 0, 0, 0, 0, 0, 0, 0, 0, 0, 0]",1,128,256.0,6144.0,6905459679,6905465200,7295850927,7295852975,0,1024,1024,-1,1,5521,2048,128,32,32,3
16,3,"[8, 256, 0, 0, 0, 0, 0, 0, 0, 0, 0, 0, 0, 0, 0, 4, 0, 0, 0, 0, 0, 0, 0, 0, 0, 0, 0, 0, 0, 0]",1,128,256.0,4100.0,6905522985,6905528571,7295853999,7295855023,0,1536,1536,-1,1,5586,1024,128,32,32,3
12,3,"[8, 256, 0, 0, 0, 0, 0, 0, 0, 0, 0, 0, 0, 0, 0, 8, 256, 0, 0, 0, 0, 0, 0, 0, 0, 0, 0, 0, 0, 0]",1,128,256.0,6144.0,6905693869,6905701691,7295856559,7295858766,0,321,321,-1,1,7822,2207,128,32,32,3
12,3,"[8, 256, 0, 0, 0, 0, 0, 0, 0, 0, 0, 0, 0, 0, 0, 8, 256, 0, 0, 0, 0, 0, 0, 0, 0, 0, 0, 0, 0, 0]",1,128,256.0,6144.0,6905766931,6905773369,7295859087,7295861167,0,1056,1056,-1,1,6438,2080,128,32,32,3
16,3,"[8, 256, 256, 3, 3, 0, 0, 0, 0, 0, 0, 0, 0, 0, 0, 4, 0, 0, 0, 0, 0, 0, 0, 0, 0, 0, 0, 0, 0, 0]",1152,128,589824.0,9437188.0,6905834882,6905912713,7295862223,7295881039,0,480,480,-1,1,77831,18816,128,32,32,3
12,3,"[8, 256, 256, 3, 3, 0, 0, 0, 0, 0, 0, 0, 0, 0, 0, 8, 256, 256, 3, 3, 0, 0, 0, 0, 0, 0, 0, 0, 0, 0]",1152,128,589824.0,14155776.0,6905971774,6905977524,7295881519,7295905486,0,576,576,-1,1,5750,23967,128,32,32,3
12,3,"[8, 256, 256, 3, 3, 0, 0, 0, 0, 0, 0, 0, 0, 0, 0, 8, 256, 256, 3, 3, 0, 0, 0, 0, 0, 0, 0, 0, 0, 0]",1152,128,589824.0,14155776.0,6906040502,6906046435,7295906062,7295933998,0,576,576,-1,1,5933,27936,128,32,32,3
16,3,"[8, 256, 0, 0, 0, 0, 0, 0, 0, 0, 0, 0, 0, 0, 0, 4, 0, 0, 0, 0, 0, 0, 0, 0, 0, 0, 0, 0, 0, 0]",1,128,256.0,4100.0,6906105020,6906494610,7295934574,7295936942,0,320,320,-1,1,389590,2368,128,32,32,3
12,3,"[8, 256, 0, 0, 0, 0, 0, 0, 0, 0, 0, 0, 0, 0, 0, 8, 256, 0, 0, 0, 0, 0, 0, 0, 0, 0, 0, 0, 0, 0]",1,128,256.0,6144.0,6906560751,6906567141,7295937262,7295940046,0,544,544,-1,1,6390,2784,128,32,32,3
12,3,"[8, 256, 0, 0, 0, 0, 0, 0, 0, 0, 0, 0, 0, 0, 0, 8, 256, 0, 0, 0, 0, 0, 0, 0, 0, 0, 0, 0, 0, 0]",1,128,256.0,6144.0,6906624737,6906630659,7295940590,7295942766,0,288,288,-1,1,5922,2176,128,32,32,3
16,3,"[8, 256, 0, 0, 0, 0, 0, 0, 0, 0, 0, 0, 0, 0, 0, 4, 0, 0, 0, 0, 0, 0, 0, 0, 0, 0, 0, 0, 0, 0]",1,128,256.0,4100.0,6906688623,6906694304,7295943054,7295945134,0,1184,1184,-1,1,5681,2080,128,32,32,3
12,3,"[8, 256, 0, 0, 0, 0, 0, 0, 0, 0, 0, 0, 0, 0, 0, 8, 256, 0, 0, 0, 0, 0, 0, 0, 0, 0, 0, 0, 0, 0]",1,128,256.0,6144.0,6906751373,6906757140,7295946318,7295948494,0,544,544,-1,1,5767,2176,128,32,32,3
12,3,"[8, 256, 0, 0, 0, 0, 0, 0, 0, 0, 0, 0, 0, 0, 0, 8, 256, 0, 0, 0, 0, 0, 0, 0, 0, 0, 0, 0, 0, 0]",1,128,256.0,6144.0,6906813360,6906818758,7295949038,7295951214,0,224,224,-1,1,5398,2176,128,32,32,3
16,3,"[8, 1024, 256, 1, 1, 0, 0, 0, 0, 0, 0, 0, 0, 0, 0, 4, 0, 0, 0, 0, 0, 0, 0, 0, 0, 0, 0, 0, 0, 0]",512,128,262144.0,4194308.0,6906875929,6906881553,7295951438,7295959470,0,1376,1376,-1,1,5624,8032,128,32,32,3
12,3,"[8, 1024, 256, 1, 1, 0, 0, 0, 0, 0, 0, 0, 0, 0, 0, 8, 1024, 256, 1, 1, 0, 0, 0, 0, 0, 0, 0, 0, 0, 0]",512,128,262144.0,6291456.0,6906944975,6906951067,7295960846,7295967629,0,1,1,-1,1,6092,6783,128,32,32,3
12,3,"[8, 1024, 256, 1, 1, 0, 0, 0, 0, 0, 0, 0, 0, 0, 0, 8, 1024, 256, 1, 1, 0, 0, 0, 0, 0, 0, 0, 0, 0, 0]",512,128,262144.0,6291456.0,6907007913,6911117747,7295967630,7295977006,0,512,512,-1,1,4109834,9376,128,32,32,3
16,3,"[8, 1024, 0, 0, 0, 0, 0, 0, 0, 0, 0, 0, 0, 0, 0, 4, 0, 0, 0, 0, 0, 0, 0, 0, 0, 0, 0, 0, 0, 0]",2,128,1024.0,16388.0,6911192817,6911200904,7295977518,7295979630,0,288,288,-1,1,8087,2112,128,32,32,3
12,3,"[8, 1024, 0, 0, 0, 0, 0, 0, 0, 0, 0, 0, 0, 0, 0, 8, 1024, 0, 0, 0, 0, 0, 0, 0, 0, 0, 0, 0, 0, 0]",2,128,1024.0,24576.0,6911266826,6911273607,7295979918,7295981998,0,512,512,-1,1,6781,2080,128,32,32,3
12,3,"[8, 1024, 0, 0, 0, 0, 0, 0, 0, 0, 0, 0, 0, 0, 0, 8, 1024, 0, 0, 0, 0, 0, 0, 0, 0, 0, 0, 0, 0, 0]",2,128,1024.0,24576.0,6911336107,6911702706,7295982510,7295984046,0,1568,1568,-1,1,366599,1536,128,32,32,3
16,3,"[8, 1024, 0, 0, 0, 0, 0, 0, 0, 0, 0, 0, 0, 0, 0, 4, 0, 0, 0, 0, 0, 0, 0, 0, 0, 0, 0, 0, 0, 0]",2,128,1024.0,16388.0,6911786575,6911794993,7295985614,7295987726,0,384,384,-1,1,8418,2112,128,32,32,3
12,3,"[8, 1024, 0, 0, 0, 0, 0, 0, 0, 0, 0, 0, 0, 0, 0, 8, 1024, 0, 0, 0, 0, 0, 0, 0, 0, 0, 0, 0, 0, 0]",2,128,1024.0,24576.0,6911855827,6911862310,7295988110,7295990190,0,448,448,-1,1,6483,2080,128,32,32,3
12,3,"[8, 1024, 0, 0, 0, 0, 0, 0, 0, 0, 0, 0, 0, 0, 0, 8, 1024, 0, 0, 0, 0, 0, 0, 0, 0, 0, 0, 0, 0, 0]",2,128,1024.0,24576.0,6911919729,6911925257,7295990638,7295992238,0,1440,1440,-1,1,5528,1600,128,32,32,3
16,3,"[8, 256, 1024, 1, 1, 0, 0, 0, 0, 0, 0, 0, 0, 0, 0, 4, 0, 0, 0, 0, 0, 0, 0, 0, 0, 0, 0, 0, 0, 0]",512,128,262144.0,4194308.0,6911984298,6911990140,7295993678,7296002126,0,352,352,-1,1,5842,8448,128,32,32,3
12,3,"[8, 256, 1024, 1, 1, 0, 0, 0, 0, 0, 0, 0, 0, 0, 0, 8, 256, 1024, 1, 1, 0, 0, 0, 0, 0, 0, 0, 0, 0, 0]",512,128,262144.0,6291456.0,6912047923,6912053519,7296002478,7296008622,0,1408,1408,-1,1,5596,6144,128,32,32,3
12,3,"[8, 256, 1024, 1, 1, 0, 0, 0, 0, 0, 0, 0, 0, 0, 0, 8, 256, 1024, 1, 1, 0, 0, 0, 0, 0, 0, 0, 0, 0, 0]",512,128,262144.0,6291456.0,6912112254,6912117703,7296010030,7296018446,0,384,384,-1,1,5449,8416,128,32,32,3
16,3,"[8, 256, 0, 0, 0, 0, 0, 0, 0, 0, 0, 0, 0, 0, 0, 4, 0, 0, 0, 0, 0, 0, 0, 0, 0, 0, 0, 0, 0, 0]",1,128,256.0,4100.0,6912176681,6921749279,7296018830,7296020910,0,320,320,-1,1,9572598,2080,128,32,32,3
12,3,"[8, 256, 0, 0, 0, 0, 0, 0, 0, 0, 0, 0, 0, 0, 0, 8, 256, 0, 0, 0, 0, 0, 0, 0, 0, 0, 0, 0, 0, 0]",1,128,256.0,6144.0,6921843336,6921853278,7296021230,7296022958,0,1536,1536,-1,1,9942,1728,128,32,32,3
12,3,"[8, 256, 0, 0, 0, 0, 0, 0, 0, 0, 0, 0, 0, 0, 0, 8, 256, 0, 0, 0, 0, 0, 0, 0, 0, 0, 0, 0, 0, 0]",1,128,256.0,6144.0,6921925810,6921934126,7296024494,7296026638,0,416,416,-1,1,8316,2144,128,32,32,3
16,3,"[8, 256, 0, 0, 0, 0, 0, 0, 0, 0, 0, 0, 0, 0, 0, 4, 0, 0, 0, 0, 0, 0, 0, 0, 0, 0, 0, 0, 0, 0]",1,128,256.0,4100.0,6921999533,6924006595,7296027054,7296029102,0,384,384,-1,1,2007062,2048,128,32,32,3
12,3,"[8, 256, 0, 0, 0, 0, 0, 0, 0, 0, 0, 0, 0, 0, 0, 8, 256, 0, 0, 0, 0, 0, 0, 0, 0, 0, 0, 0, 0, 0]",1,128,256.0,6144.0,6924082617,6924091470,7296029486,7296031150,0,1376,1376,-1,1,8853,1664,128,32,32,3
12,3,"[8, 256, 0, 0, 0, 0, 0, 0, 0, 0, 0, 0, 0, 0, 0, 8, 256, 0, 0, 0, 0, 0, 0, 0, 0, 0, 0, 0, 0, 0]",1,128,256.0,6144.0,6924154693,6924160657,7296032526,7296034702,0,512,512,-1,1,5964,2176,128,32,32,3
16,3,"[8, 256, 256, 3, 3, 0, 0, 0, 0, 0, 0, 0, 0, 0, 0, 4, 0, 0, 0, 0, 0, 0, 0, 0, 0, 0, 0, 0, 0, 0]",1152,128,589824.0,9437188.0,6924226637,6924233571,7296035214,7296053678,0,1120,1120,-1,1,6934,18464,128,32,32,3
12,3,"[8, 256, 256, 3, 3, 0, 0, 0, 0, 0, 0, 0, 0, 0, 0, 8, 256, 256, 3, 3, 0, 0, 0, 0, 0, 0, 0, 0, 0, 0]",1152,128,589824.0,14155776.0,6924293148,6924299937,7296054798,7296078254,0,640,640,-1,1,6789,23456,128,32,32,3
12,3,"[8, 256, 256, 3, 3, 0, 0, 0, 0, 0, 0, 0, 0, 0, 0, 8, 256, 256, 3, 3, 0, 0, 0, 0, 0, 0, 0, 0, 0, 0]",1152,128,589824.0,14155776.0,6924358268,6924363905,7296078894,7296106478,0,448,448,-1,1,5637,27584,128,32,32,3
16,3,"[8, 256, 0, 0, 0, 0, 0, 0, 0, 0, 0, 0, 0, 0, 0, 4, 0, 0, 0, 0, 0, 0, 0, 0, 0, 0, 0, 0, 0, 0]",1,128,256.0,4100.0,6924421476,6924427525,7296106926,7296108974,0,1504,1504,-1,1,6049,2048,128,32,32,3
12,3,"[8, 256, 0, 0, 0, 0, 0, 0, 0, 0, 0, 0, 0, 0, 0, 8, 256, 0, 0, 0, 0, 0, 0, 0, 0, 0, 0, 0, 0, 0]",1,128,256.0,6144.0,6924485278,6924652151,7296110478,7296112910,0,256,256,-1,1,166873,2432,128,32,32,3
12,3,"[8, 256, 0, 0, 0, 0, 0, 0, 0, 0, 0, 0, 0, 0, 0, 8, 256, 0, 0, 0, 0, 0, 0, 0, 0, 0, 0, 0, 0, 0]",1,128,256.0,6144.0,6924720228,6924727373,7296113166,7296115118,0,1152,1152,-1,1,7145,1952,128,32,32,3
16,3,"[8, 256, 0, 0, 0, 0, 0, 0, 0, 0, 0, 0, 0, 0, 0, 4, 0, 0, 0, 0, 0, 0, 0, 0, 0, 0, 0, 0, 0, 0]",1,128,256.0,4100.0,6924787813,6924794638,7296116270,7296118286,0,608,608,-1,1,6825,2016,128,32,32,3
12,3,"[8, 256, 0, 0, 0, 0, 0, 0, 0, 0, 0, 0, 0, 0, 0, 8, 256, 0, 0, 0, 0, 0, 0, 0, 0, 0, 0, 0, 0, 0]",1,128,256.0,6144.0,6924853238,6925230153,7296118894,7296121229,0,1,1,-1,1,376915,2335,128,32,32,3
12,3,"[8, 256, 0, 0, 0, 0, 0, 0, 0, 0, 0, 0, 0, 0, 0, 8, 256, 0, 0, 0, 0, 0, 0, 0, 0, 0, 0, 0, 0, 0]",1,128,256.0,6144.0,6925289071,6925295273,7296121230,7296124398,0,576,576,-1,1,6202,3168,128,32,32,3
16,3,"[8, 1024, 256, 1, 1, 0, 0, 0, 0, 0, 0, 0, 0, 0, 0, 4, 0, 0, 0, 0, 0, 0, 0, 0, 0, 0, 0, 0, 0, 0]",512,128,262144.0,4194308.0,6925353083,6925359282,7296124974,7296133454,0,64,64,-1,1,6199,8480,128,32,32,3
12,3,"[8, 1024, 256, 1, 1, 0, 0, 0, 0, 0, 0, 0, 0, 0, 0, 8, 1024, 256, 1, 1, 0, 0, 0, 0, 0, 0, 0, 0, 0, 0]",512,128,262144.0,6291456.0,6925416679,6925422289,7296133518,7296141230,0,480,480,-1,1,5610,7712,128,32,32,3
12,3,"[8, 1024, 256, 1, 1, 0, 0, 0, 0, 0, 0, 0, 0, 0, 0, 8, 1024, 256, 1, 1, 0, 0, 0, 0, 0, 0, 0, 0, 0, 0]",512,128,262144.0,6291456.0,6925480418,6925485934,7296141710,7296149934,0,288,288,-1,1,5516,8224,128,32,32,3
16,3,"[8, 1024, 0, 0, 0, 0, 0, 0, 0, 0, 0, 0, 0, 0, 0, 4, 0, 0, 0, 0, 0, 0, 0, 0, 0, 0, 0, 0, 0, 0]",2,128,1024.0,16388.0,6925549010,6925557363,7296150222,7296151982,0,1472,1472,-1,1,8353,1760,128,32,32,3
12,3,"[8, 1024, 0, 0, 0, 0, 0, 0, 0, 0, 0, 0, 0, 0, 0, 8, 1024, 0, 0, 0, 0, 0, 0, 0, 0, 0, 0, 0, 0, 0]",2,128,1024.0,24576.0,6925736721,6925746924,7296153454,7296155566,0,480,480,-1,1,10203,2112,128,32,32,3
12,3,"[8, 1024, 0, 0, 0, 0, 0, 0, 0, 0, 0, 0, 0, 0, 0, 8, 1024, 0, 0, 0, 0, 0, 0, 0, 0, 0, 0, 0, 0, 0]",2,128,1024.0,24576.0,6925809791,6925816619,7296156046,7296158093,0,1,1,-1,1,6828,2047,128,32,32,3
16,3,"[8, 1024, 0, 0, 0, 0, 0, 0, 0, 0, 0, 0, 0, 0, 0, 4, 0, 0, 0, 0, 0, 0, 0, 0, 0, 0, 0, 0, 0, 0]",2,128,1024.0,16388.0,6925875448,6929852406,7296158094,7296160174,0,1152,1152,-1,1,3976958,2080,128,32,32,3
12,3,"[8, 1024, 0, 0, 0, 0, 0, 0, 0, 0, 0, 0, 0, 0, 0, 8, 1024, 0, 0, 0, 0, 0, 0, 0, 0, 0, 0, 0, 0, 0]",2,128,1024.0,24576.0,6929920175,6929926980,7296161326,7296163438,0,512,512,-1,1,6805,2112,128,32,32,3
12,3,"[8, 1024, 0, 0, 0, 0, 0, 0, 0, 0, 0, 0, 0, 0, 0, 8, 1024, 0, 0, 0, 0, 0, 0, 0, 0, 0, 0, 0, 0, 0]",2,128,1024.0,24576.0,6929984957,6929990600,7296163950,7296166094,0,256,256,-1,1,5643,2144,128,32,32,3
16,3,"[8, 256, 1024, 1, 1, 0, 0, 0, 0, 0, 0, 0, 0, 0, 0, 4, 0, 0, 0, 0, 0, 0, 0, 0, 0, 0, 0, 0, 0, 0]",512,128,262144.0,4194308.0,6930049886,6930436115,7296166350,7296175534,0,544,544,-1,1,386229,9184,128,32,32,3
12,3,"[8, 256, 1024, 1, 1, 0, 0, 0, 0, 0, 0, 0, 0, 0, 0, 8, 256, 1024, 1, 1, 0, 0, 0, 0, 0, 0, 0, 0, 0, 0]",512,128,262144.0,6291456.0,6930495713,6930502152,7296176078,7296182702,0,448,448,-1,1,6439,6624,128,32,32,3
12,3,"[8, 256, 1024, 1, 1, 0, 0, 0, 0, 0, 0, 0, 0, 0, 0, 8, 256, 1024, 1, 1, 0, 0, 0, 0, 0, 0, 0, 0, 0, 0]",512,128,262144.0,6291456.0,6930560041,6930566228,7296183150,7296192014,0,576,576,-1,1,6187,8864,128,32,32,3
16,3,"[8, 256, 0, 0, 0, 0, 0, 0, 0, 0, 0, 0, 0, 0, 0, 4, 0, 0, 0, 0, 0, 0, 0, 0, 0, 0, 0, 0, 0, 0]",1,128,256.0,4100.0,6930622014,6930627525,7296192590,7296194574,0,384,384,-1,1,5511,1984,128,32,32,3
12,3,"[8, 256, 0, 0, 0, 0, 0, 0, 0, 0, 0, 0, 0, 0, 0, 8, 256, 0, 0, 0, 0, 0, 0, 0, 0, 0, 0, 0, 0, 0]",1,128,256.0,6144.0,6930682969,6930688865,7296194958,7296197037,0,609,609,-1,1,5896,2079,128,32,32,3
12,3,"[8, 256, 0, 0, 0, 0, 0, 0, 0, 0, 0, 0, 0, 0, 0, 8, 256, 0, 0, 0, 0, 0, 0, 0, 0, 0, 0, 0, 0, 0]",1,128,256.0,6144.0,6930750450,6930756266,7296197646,7296200206,0,544,544,-1,1,5816,2560,128,32,32,3
16,3,"[8, 256, 0, 0, 0, 0, 0, 0, 0, 0, 0, 0, 0, 0, 0, 4, 0, 0, 0, 0, 0, 0, 0, 0, 0, 0, 0, 0, 0, 0]",1,128,256.0,4100.0,6930812365,6930818007,7296200750,7296202734,0,447,447,-1,1,5642,1984,128,32,32,3
12,3,"[8, 256, 0, 0, 0, 0, 0, 0, 0, 0, 0, 0, 0, 0, 0, 8, 256, 0, 0, 0, 0, 0, 0, 0, 0, 0, 0, 0, 0, 0]",1,128,256.0,6144.0,6930876132,6940485242,7296203181,7296205230,0,544,544,-1,1,9609110,2049,128,32,32,3
12,3,"[8, 256, 0, 0, 0, 0, 0, 0, 0, 0, 0, 0, 0, 0, 0, 8, 256, 0, 0, 0, 0, 0, 0, 0, 0, 0, 0, 0, 0, 0]",1,128,256.0,6144.0,6940590914,6940602165,7296205774,7296207278,0,1536,1536,-1,1,11251,1504,128,32,32,3
16,3,"[8, 256, 256, 3, 3, 0, 0, 0, 0, 0, 0, 0, 0, 0, 0, 4, 0, 0, 0, 0, 0, 0, 0, 0, 0, 0, 0, 0, 0, 0]",1152,128,589824.0,9437188.0,6940669531,6940676632,7296208814,7296227757,0,641,641,-1,1,7101,18943,128,32,32,3
12,3,"[8, 256, 256, 3, 3, 0, 0, 0, 0, 0, 0, 0, 0, 0, 0, 8, 256, 256, 3, 3, 0, 0, 0, 0, 0, 0, 0, 0, 0, 0]",1152,128,589824.0,14155776.0,6940737428,6942743107,7296228398,7296252334,0,448,448,-1,1,2005679,23936,128,32,32,3
12,3,"[8, 256, 256, 3, 3, 0, 0, 0, 0, 0, 0, 0, 0, 0, 0, 8, 256, 256, 3, 3, 0, 0, 0, 0, 0, 0, 0, 0, 0, 0]",1152,128,589824.0,14155776.0,6942806927,6942813502,7296252782,7296280429,0,576,576,-1,1,6575,27647,128,32,32,3
16,3,"[8, 256, 0, 0, 0, 0, 0, 0, 0, 0, 0, 0, 0, 0, 0, 4, 0, 0, 0, 0, 0, 0, 0, 0, 0, 0, 0, 0, 0, 0]",1,128,256.0,4100.0,6942878391,6942885234,7296281005,7296283053,0,1024,1024,-1,1,6843,2048,128,32,32,3
12,3,"[8, 256, 0, 0, 0, 0, 0, 0, 0, 0, 0, 0, 0, 0, 0, 8, 256, 0, 0, 0, 0, 0, 0, 0, 0, 0, 0, 0, 0, 0]",1,128,256.0,6144.0,6942942857,6942949118,7296284077,7296286509,0,544,544,-1,1,6261,2432,128,32,32,3
12,3,"[8, 256, 0, 0, 0, 0, 0, 0, 0, 0, 0, 0, 0, 0, 0, 8, 256, 0, 0, 0, 0, 0, 0, 0, 0, 0, 0, 0, 0, 0]",1,128,256.0,6144.0,6943006913,6943012529,7296287053,7296289197,0,1152,1152,-1,1,5616,2144,128,32,32,3
16,3,"[8, 256, 0, 0, 0, 0, 0, 0, 0, 0, 0, 0, 0, 0, 0, 4, 0, 0, 0, 0, 0, 0, 0, 0, 0, 0, 0, 0, 0, 0]",1,128,256.0,4100.0,6943069684,6943076060,7296290349,7296292397,0,512,512,-1,1,6376,2048,128,32,32,3
12,3,"[8, 256, 0, 0, 0, 0, 0, 0, 0, 0, 0, 0, 0, 0, 0, 8, 256, 0, 0, 0, 0, 0, 0, 0, 0, 0, 0, 0, 0, 0]",1,128,256.0,6144.0,6943133696,6943139329,7296292909,7296295117,0,192,192,-1,1,5633,2208,128,32,32,3
12,3,"[8, 256, 0, 0, 0, 0, 0, 0, 0, 0, 0, 0, 0, 0, 0, 8, 256, 0, 0, 0, 0, 0, 0, 0, 0, 0, 0, 0, 0, 0]",1,128,256.0,6144.0,6943196175,6943388376,7296295309,7296297389,0,1024,1024,-1,1,192201,2080,128,32,32,3
16,3,"[8, 1024, 256, 1, 1, 0, 0, 0, 0, 0, 0, 0, 0, 0, 0, 4, 0, 0, 0, 0, 0, 0, 0, 0, 0, 0, 0, 0, 0, 0]",512,128,262144.0,4194308.0,6943452027,6943458281,7296298413,7296306733,0,512,512,-1,1,6254,8320,128,32,32,3
12,3,"[8, 1024, 256, 1, 1, 0, 0, 0, 0, 0, 0, 0, 0, 0, 0, 8, 1024, 256, 1, 1, 0, 0, 0, 0, 0, 0, 0, 0, 0, 0]",512,128,262144.0,6291456.0,6943517869,6943523526,7296307245,7296313773,0,416,416,-1,1,5657,6528,128,32,32,3
12,3,"[8, 1024, 256, 1, 1, 0, 0, 0, 0, 0, 0, 0, 0, 0, 0, 8, 1024, 256, 1, 1, 0, 0, 0, 0, 0, 0, 0, 0, 0, 0]",512,128,262144.0,6291456.0,6943582054,6943971349,7296314189,7296323053,0,640,640,-1,1,389295,8864,128,32,32,3
16,3,"[8, 1024, 0, 0, 0, 0, 0, 0, 0, 0, 0, 0, 0, 0, 0, 4, 0, 0, 0, 0, 0, 0, 0, 0, 0, 0, 0, 0, 0, 0]",2,128,1024.0,16388.0,6944053817,6944062824,7296323693,7296325805,0,224,224,-1,1,9007,2112,128,32,32,3
12,3,"[8, 1024, 0, 0, 0, 0, 0, 0, 0, 0, 0, 0, 0, 0, 0, 8, 1024, 0, 0, 0, 0, 0, 0, 0, 0, 0, 0, 0, 0, 0]",2,128,1024.0,24576.0,6944125436,6944132146,7296326029,7296328109,0,1216,1216,-1,1,6710,2080,128,32,32,3
12,3,"[8, 1024, 0, 0, 0, 0, 0, 0, 0, 0, 0, 0, 0, 0, 0, 8, 1024, 0, 0, 0, 0, 0, 0, 0, 0, 0, 0, 0, 0, 0]",2,128,1024.0,24576.0,6944191345,6944196931,7296329325,7296331469,0,608,608,-1,1,5586,2144,128,32,32,3
16,3,"[8, 1024, 0, 0, 0, 0, 0, 0, 0, 0, 0, 0, 0, 0, 0, 4, 0, 0, 0, 0, 0, 0, 0, 0, 0, 0, 0, 0, 0, 0]",2,128,1024.0,16388.0,6944263723,6944270620,7296332077,7296334189,0,32,32,-1,1,6897,2112,128,32,32,3
12,3,"[8, 1024, 0, 0, 0, 0, 0, 0, 0, 0, 0, 0, 0, 0, 0, 8, 1024, 0, 0, 0, 0, 0, 0, 0, 0, 0, 0, 0, 0, 0]",2,128,1024.0,24576.0,6944327125,6944333063,7296334221,7296336301,0,1120,1120,-1,1,5938,2080,128,32,32,3
12,3,"[8, 1024, 0, 0, 0, 0, 0, 0, 0, 0, 0, 0, 0, 0, 0, 8, 1024, 0, 0, 0, 0, 0, 0, 0, 0, 0, 0, 0, 0, 0]",2,128,1024.0,24576.0,6944389854,6944395460,7296337421,7296339597,0,576,576,-1,1,5606,2176,128,32,32,3
16,3,"[8, 256, 1024, 1, 1, 0, 0, 0, 0, 0, 0, 0, 0, 0, 0, 4, 0, 0, 0, 0, 0, 0, 0, 0, 0, 0, 0, 0, 0, 0]",512,128,262144.0,4194308.0,6944454162,6944460269,7296340173,7296348461,0,96,96,-1,1,6107,8288,128,32,32,3
12,3,"[8, 256, 1024, 1, 1, 0, 0, 0, 0, 0, 0, 0, 0, 0, 0, 8, 256, 1024, 1, 1, 0, 0, 0, 0, 0, 0, 0, 0, 0, 0]",512,128,262144.0,6291456.0,6944517770,6948592523,7296348557,7296356205,0,480,480,-1,1,4074753,7648,128,32,32,3
12,3,"[8, 256, 1024, 1, 1, 0, 0, 0, 0, 0, 0, 0, 0, 0, 0, 8, 256, 1024, 1, 1, 0, 0, 0, 0, 0, 0, 0, 0, 0, 0]",512,128,262144.0,6291456.0,6948672013,6948680372,7296356685,7296364972,0,1,1,-1,1,8359,8287,128,32,32,3
16,3,"[8, 256, 0, 0, 0, 0, 0, 0, 0, 0, 0, 0, 0, 0, 0, 4, 0, 0, 0, 0, 0, 0, 0, 0, 0, 0, 0, 0, 0, 0]",1,128,256.0,4100.0,6948741986,6948748625,7296364973,7296367021,0,1440,1440,-1,1,6639,2048,128,32,32,3
12,3,"[8, 256, 0, 0, 0, 0, 0, 0, 0, 0, 0, 0, 0, 0, 0, 8, 256, 0, 0, 0, 0, 0, 0, 0, 0, 0, 0, 0, 0, 0]",1,128,256.0,6144.0,6948807938,6949174520,7296368461,7296370637,0,448,448,-1,1,366582,2176,128,32,32,3
12,3,"[8, 256, 0, 0, 0, 0, 0, 0, 0, 0, 0, 0, 0, 0, 0, 8, 256, 0, 0, 0, 0, 0, 0, 0, 0, 0, 0, 0, 0, 0]",1,128,256.0,6144.0,6949235394,6949241509,7296371085,7296373132,0,1,1,-1,1,6115,2047,128,32,32,3
16,3,"[8, 256, 0, 0, 0, 0, 0, 0, 0, 0, 0, 0, 0, 0, 0, 4, 0, 0, 0, 0, 0, 0, 0, 0, 0, 0, 0, 0, 0, 0]",1,128,256.0,4100.0,6949298980,6949305434,7296373133,7296375213,0,1376,1376,-1,1,6454,2080,128,32,32,3
12,3,"[8, 256, 0, 0, 0, 0, 0, 0, 0, 0, 0, 0, 0, 0, 0, 8, 256, 0, 0, 0, 0, 0, 0, 0, 0, 0, 0, 0, 0, 0]",1,128,256.0,6144.0,6949367964,6949374207,7296376589,7296378733,0,544,544,-1,1,6243,2144,128,32,32,3
12,3,"[8, 256, 0, 0, 0, 0, 0, 0, 0, 0, 0, 0, 0, 0, 0, 8, 256, 0, 0, 0, 0, 0, 0, 0, 0, 0, 0, 0, 0, 0]",1,128,256.0,6144.0,6949433680,6949439219,7296379277,7296381324,0,1,1,-1,1,5539,2047,128,32,32,3
16,3,"[8, 256, 256, 3, 3, 0, 0, 0, 0, 0, 0, 0, 0, 0, 0, 4, 0, 0, 0, 0, 0, 0, 0, 0, 0, 0, 0, 0, 0, 0]",1152,128,589824.0,9437188.0,6949601326,6949609540,7296381325,7296400813,0,512,512,-1,1,8214,19488,128,32,32,3
12,3,"[8, 256, 256, 3, 3, 0, 0, 0, 0, 0, 0, 0, 0, 0, 0, 8, 256, 256, 3, 3, 0, 0, 0, 0, 0, 0, 0, 0, 0, 0]",1152,128,589824.0,14155776.0,6949678044,6949684765,7296401325,7296425421,0,608,608,-1,1,6721,24096,128,32,32,3
12,3,"[8, 256, 256, 3, 3, 0, 0, 0, 0, 0, 0, 0, 0, 0, 0, 8, 256, 256, 3, 3, 0, 0, 0, 0, 0, 0, 0, 0, 0, 0]",1152,128,589824.0,14155776.0,6949744945,6959222391,7296426029,7296453037,0,1472,1472,-1,1,9477446,27008,128,32,32,3
16,3,"[8, 256, 0, 0, 0, 0, 0, 0, 0, 0, 0, 0, 0, 0, 0, 4, 0, 0, 0, 0, 0, 0, 0, 0, 0, 0, 0, 0, 0, 0]",1,128,256.0,4100.0,6959319554,6959330259,7296454509,7296456877,0,224,224,-1,1,10705,2368,128,32,32,3
12,3,"[8, 256, 0, 0, 0, 0, 0, 0, 0, 0, 0, 0, 0, 0, 0, 8, 256, 0, 0, 0, 0, 0, 0, 0, 0, 0, 0, 0, 0, 0]",1,128,256.0,6144.0,6959400454,6959408049,7296457101,7296459181,0,1248,1248,-1,1,7595,2080,128,32,32,3
12,3,"[8, 256, 0, 0, 0, 0, 0, 0, 0, 0, 0, 0, 0, 0, 0, 8, 256, 0, 0, 0, 0, 0, 0, 0, 0, 0, 0, 0, 0, 0]",1,128,256.0,6144.0,6959467986,6961480444,7296460429,7296462605,0,608,608,-1,1,2012458,2176,128,32,32,3
16,3,"[8, 256, 0, 0, 0, 0, 0, 0, 0, 0, 0, 0, 0, 0, 0, 4, 0, 0, 0, 0, 0, 0, 0, 0, 0, 0, 0, 0, 0, 0]",1,128,256.0,4100.0,6961557192,6961566007,7296463213,7296465325,0,544,544,-1,1,8815,2112,128,32,32,3
12,3,"[8, 256, 0, 0, 0, 0, 0, 0, 0, 0, 0, 0, 0, 0, 0, 8, 256, 0, 0, 0, 0, 0, 0, 0, 0, 0, 0, 0, 0, 0]",1,128,256.0,6144.0,6961629073,6961636003,7296465869,7296468461,0,512,512,-1,1,6930,2592,128,32,32,3
12,3,"[8, 256, 0, 0, 0, 0, 0, 0, 0, 0, 0, 0, 0, 0, 0, 8, 256, 0, 0, 0, 0, 0, 0, 0, 0, 0, 0, 0, 0, 0]",1,128,256.0,6144.0,6961695573,6961701082,7296468973,7296471117,0,320,320,-1,1,5509,2144,128,32,32,3
16,3,"[8, 1024, 256, 1, 1, 0, 0, 0, 0, 0, 0, 0, 0, 0, 0, 4, 0, 0, 0, 0, 0, 0, 0, 0, 0, 0, 0, 0, 0, 0]",512,128,262144.0,4194308.0,6961767055,6961773229,7296471437,7296479661,0,1312,1312,-1,1,6174,8224,128,32,32,3
12,3,"[8, 1024, 256, 1, 1, 0, 0, 0, 0, 0, 0, 0, 0, 0, 0, 8, 1024, 256, 1, 1, 0, 0, 0, 0, 0, 0, 0, 0, 0, 0]",512,128,262144.0,6291456.0,6961831775,6961837589,7296480973,7296487757,0,224,224,-1,1,5814,6784,128,32,32,3
12,3,"[8, 1024, 256, 1, 1, 0, 0, 0, 0, 0, 0, 0, 0, 0, 0, 8, 1024, 256, 1, 1, 0, 0, 0, 0, 0, 0, 0, 0, 0, 0]",512,128,262144.0,6291456.0,6961895008,6961901250,7296487981,7296496045,0,1376,1376,-1,1,6242,8064,128,32,32,3
16,3,"[8, 1024, 0, 0, 0, 0, 0, 0, 0, 0, 0, 0, 0, 0, 0, 4, 0, 0, 0, 0, 0, 0, 0, 0, 0, 0, 0, 0, 0, 0]",2,128,1024.0,16388.0,6961958733,6962124034,7296497421,7296499533,0,544,544,-1,1,165301,2112,128,32,32,3
12,3,"[8, 1024, 0, 0, 0, 0, 0, 0, 0, 0, 0, 0, 0, 0, 0, 8, 1024, 0, 0, 0, 0, 0, 0, 0, 0, 0, 0, 0, 0, 0]",2,128,1024.0,24576.0,6962188842,6962195901,7296500077,7296502189,0,288,288,-1,1,7059,2112,128,32,32,3
12,3,"[8, 1024, 0, 0, 0, 0, 0, 0, 0, 0, 0, 0, 0, 0, 0, 8, 1024, 0, 0, 0, 0, 0, 0, 0, 0, 0, 0, 0, 0, 0]",2,128,1024.0,24576.0,6962253768,6962259384,7296502477,7296504237,0,1312,1312,-1,1,5616,1760,128,32,32,3
16,3,"[8, 1024, 0, 0, 0, 0, 0, 0, 0, 0, 0, 0, 0, 0, 0, 4, 0, 0, 0, 0, 0, 0, 0, 0, 0, 0, 0, 0, 0, 0]",2,128,1024.0,16388.0,6962316933,6962708624,7296505549,7296507661,0,512,512,-1,1,391691,2112,128,32,32,3
12,3,"[8, 1024, 0, 0, 0, 0, 0, 0, 0, 0, 0, 0, 0, 0, 0, 8, 1024, 0, 0, 0, 0, 0, 0, 0, 0, 0, 0, 0, 0, 0]",2,128,1024.0,24576.0,6962769957,6962776081,7296508173,7296510285,0,64,64,-1,1,6124,2112,128,32,32,3
12,3,"[8, 1024, 0, 0, 0, 0, 0, 0, 0, 0, 0, 0, 0, 0, 0, 8, 1024, 0, 0, 0, 0, 0, 0, 0, 0, 0, 0, 0, 0, 0]",2,128,1024.0,24576.0,6962834424,6962840861,7296510349,7296512429,0,1120,1120,-1,1,6437,2080,128,32,32,3
16,3,"[8, 256, 1024, 1, 1, 0, 0, 0, 0, 0, 0, 0, 0, 0, 0, 4, 0, 0, 0, 0, 0, 0, 0, 0, 0, 0, 0, 0, 0, 0]",512,128,262144.0,4194308.0,6962899165,6962904841,7296513549,7296522253,0,384,384,-1,1,5676,8704,128,32,32,3
12,3,"[8, 256, 1024, 1, 1, 0, 0, 0, 0, 0, 0, 0, 0, 0, 0, 8, 256, 1024, 1, 1, 0, 0, 0, 0, 0, 0, 0, 0, 0, 0]",512,128,262144.0,6291456.0,6962961563,6962967426,7296522637,7296528813,0,1280,1280,-1,1,5863,6176,128,32,32,3
12,3,"[8, 256, 1024, 1, 1, 0, 0, 0, 0, 0, 0, 0, 0, 0, 0, 8, 256, 1024, 1, 1, 0, 0, 0, 0, 0, 0, 0, 0, 0, 0]",512,128,262144.0,6291456.0,6963022583,6963027995,7296530093,7296538509,0,512,512,-1,1,5412,8416,128,32,32,3
16,3,"[8, 256, 0, 0, 0, 0, 0, 0, 0, 0, 0, 0, 0, 0, 0, 4, 0, 0, 0, 0, 0, 0, 0, 0, 0, 0, 0, 0, 0, 0]",1,128,256.0,4100.0,6963090830,6963096736,7296539021,7296541037,0,256,256,-1,1,5906,2016,128,32,32,3
12,3,"[8, 256, 0, 0, 0, 0, 0, 0, 0, 0, 0, 0, 0, 0, 0, 8, 256, 0, 0, 0, 0, 0, 0, 0, 0, 0, 0, 0, 0, 0]",1,128,256.0,6144.0,6963153392,6963158970,7296541293,7296543149,0,1248,1248,-1,1,5578,1856,128,32,32,3
12,3,"[8, 256, 0, 0, 0, 0, 0, 0, 0, 0, 0, 0, 0, 0, 0, 8, 256, 0, 0, 0, 0, 0, 0, 0, 0, 0, 0, 0, 0, 0]",1,128,256.0,6144.0,6963215215,6967331230,7296544397,7296546573,0,576,576,-1,1,4116015,2176,128,32,32,3
16,3,"[8, 256, 0, 0, 0, 0, 0, 0, 0, 0, 0, 0, 0, 0, 0, 4, 0, 0, 0, 0, 0, 0, 0, 0, 0, 0, 0, 0, 0, 0]",1,128,256.0,4100.0,6967412782,6967421610,7296547149,7296549165,0,96,96,-1,1,8828,2016,128,32,32,3
12,3,"[8, 256, 0, 0, 0, 0, 0, 0, 0, 0, 0, 0, 0, 0, 0, 8, 256, 0, 0, 0, 0, 0, 0, 0, 0, 0, 0, 0, 0, 0]",1,128,256.0,6144.0,6967484634,6967491439,7296549261,7296551341,0,1088,1088,-1,1,6805,2080,128,32,32,3
12,3,"[8, 256, 0, 0, 0, 0, 0, 0, 0, 0, 0, 0, 0, 0, 0, 8, 256, 0, 0, 0, 0, 0, 0, 0, 0, 0, 0, 0, 0, 0]",1,128,256.0,6144.0,6967550715,6967915146,7296552429,7296554669,0,544,544,-1,1,364431,2240,128,32,32,3
16,3,"[8, 256, 256, 3, 3, 0, 0, 0, 0, 0, 0, 0, 0, 0, 0, 4, 0, 0, 0, 0, 0, 0, 0, 0, 0, 0, 0, 0, 0, 0]",1152,128,589824.0,9437188.0,6967998550,6968006799,7296555213,7296573868,0,480,480,-1,1,8249,18655,128,32,32,3
12,3,"[8, 256, 256, 3, 3, 0, 0, 0, 0, 0, 0, 0, 0, 0, 0, 8, 256, 256, 3, 3, 0, 0, 0, 0, 0, 0, 0, 0, 0, 0]",1152,128,589824.0,14155776.0,6968068830,6968075269,7296574348,7296598443,0,1,1,-1,1,6439,24095,128,32,32,3
12,3,"[8, 256, 256, 3, 3, 0, 0, 0, 0, 0, 0, 0, 0, 0, 0, 8, 256, 256, 3, 3, 0, 0, 0, 0, 0, 0, 0, 0, 0, 0]",1152,128,589824.0,14155776.0,6968135185,6968140785,7296598444,7296626476,0,512,512,-1,1,5600,28032,128,32,32,3
16,3,"[8, 256, 0, 0, 0, 0, 0, 0, 0, 0, 0, 0, 0, 0, 0, 4, 0, 0, 0, 0, 0, 0, 0, 0, 0, 0, 0, 0, 0, 0]",1,128,256.0,4100.0,6968200865,6968206839,7296626988,7296629164,0,1281,1281,-1,1,5974,2176,128,32,32,3
12,3,"[8, 256, 0, 0, 0, 0, 0, 0, 0, 0, 0, 0, 0, 0, 0, 8, 256, 0, 0, 0, 0, 0, 0, 0, 0, 0, 0, 0, 0, 0]",1,128,256.0,6144.0,6968271035,6968277238,7296630445,7296632908,0,320,320,-1,1,6203,2463,128,32,32,3
12,3,"[8, 256, 0, 0, 0, 0, 0, 0, 0, 0, 0, 0, 0, 0, 0, 8, 256, 0, 0, 0, 0, 0, 0, 0, 0, 0, 0, 0, 0, 0]",1,128,256.0,6144.0,6968334229,6968339645,7296633228,7296635275,0,1,1,-1,1,5416,2047,128,32,32,3
16,3,"[8, 256, 0, 0, 0, 0, 0, 0, 0, 0, 0, 0, 0, 0, 0, 4, 0, 0, 0, 0, 0, 0, 0, 0, 0, 0, 0, 0, 0, 0]",1,128,256.0,4100.0,6968397449,6977958882,7296635276,7296637356,0,1408,1408,-1,1,9561433,2080,128,32,32,3
12,3,"[8, 256, 0, 0, 0, 0, 0, 0, 0, 0, 0, 0, 0, 0, 0, 8, 256, 0, 0, 0, 0, 0, 0, 0, 0, 0, 0, 0, 0, 0]",1,128,256.0,6144.0,6978042445,6978051175,7296638764,7296640940,0,480,480,-1,1,8730,2176,128,32,32,3
12,3,"[8, 256, 0, 0, 0, 0, 0, 0, 0, 0, 0, 0, 0, 0, 0, 8, 256, 0, 0, 0, 0, 0, 0, 0, 0, 0, 0, 0, 0, 0]",1,128,256.0,6144.0,6978114270,6978120646,7296641420,7296643500,0,352,352,-1,1,6376,2080,128,32,32,3
16,3,"[8, 1024, 256, 1, 1, 0, 0, 0, 0, 0, 0, 0, 0, 0, 0, 4, 0, 0, 0, 0, 0, 0, 0, 0, 0, 0, 0, 0, 0, 0]",512,128,262144.0,4194308.0,6978187388,6980217273,7296643852,7296651692,0,1504,1504,-1,1,2029885,7840,128,32,32,3
12,3,"[8, 1024, 256, 1, 1, 0, 0, 0, 0, 0, 0, 0, 0, 0, 0, 8, 1024, 256, 1, 1, 0, 0, 0, 0, 0, 0, 0, 0, 0, 0]",512,128,262144.0,6291456.0,6980292444,6980300154,7296653196,7296659788,0,224,224,-1,1,7710,6592,128,32,32,3
12,3,"[8, 1024, 256, 1, 1, 0, 0, 0, 0, 0, 0, 0, 0, 0, 0, 8, 1024, 256, 1, 1, 0, 0, 0, 0, 0, 0, 0, 0, 0, 0]",512,128,262144.0,6291456.0,6980360028,6980366174,7296660012,7296668076,0,1408,1408,-1,1,6146,8064,128,32,32,3
16,3,"[8, 1024, 0, 0, 0, 0, 0, 0, 0, 0, 0, 0, 0, 0, 0, 4, 0, 0, 0, 0, 0, 0, 0, 0, 0, 0, 0, 0, 0, 0]",2,128,1024.0,16388.0,6980426420,6980432751,7296669484,7296671596,0,512,512,-1,1,6331,2112,128,32,32,3
12,3,"[8, 1024, 0, 0, 0, 0, 0, 0, 0, 0, 0, 0, 0, 0, 0, 8, 1024, 0, 0, 0, 0, 0, 0, 0, 0, 0, 0, 0, 0, 0]",2,128,1024.0,24576.0,6980491105,6980497450,7296672108,7296674220,0,256,256,-1,1,6345,2112,128,32,32,3
12,3,"[8, 1024, 0, 0, 0, 0, 0, 0, 0, 0, 0, 0, 0, 0, 0, 8, 1024, 0, 0, 0, 0, 0, 0, 0, 0, 0, 0, 0, 0, 0]",2,128,1024.0,24576.0,6980661677,6980669802,7296674476,7296676268,0,1312,1312,-1,1,8125,1792,128,32,32,3
16,3,"[8, 1024, 0, 0, 0, 0, 0, 0, 0, 0, 0, 0, 0, 0, 0, 4, 0, 0, 0, 0, 0, 0, 0, 0, 0, 0, 0, 0, 0, 0]",2,128,1024.0,16388.0,6980737416,6980744267,7296677580,7296679692,0,512,512,-1,1,6851,2112,128,32,32,3
12,3,"[8, 1024, 0, 0, 0, 0, 0, 0, 0, 0, 0, 0, 0, 0, 0, 8, 1024, 0, 0, 0, 0, 0, 0, 0, 0, 0, 0, 0, 0, 0]",2,128,1024.0,24576.0,6980801248,6980860852,7296680204,7296682316,0,64,64,-1,1,59604,2112,128,32,32,3
12,3,"[8, 1024, 0, 0, 0, 0, 0, 0, 0, 0, 0, 0, 0, 0, 0, 8, 1024, 0, 0, 0, 0, 0, 0, 0, 0, 0, 0, 0, 0, 0]",2,128,1024.0,24576.0,6980918565,6980924638,7296682380,7296684460,0,1088,1088,-1,1,6073,2080,128,32,32,3
16,3,"[8, 256, 1024, 1, 1, 0, 0, 0, 0, 0, 0, 0, 0, 0, 0, 4, 0, 0, 0, 0, 0, 0, 0, 0, 0, 0, 0, 0, 0, 0]",512,128,262144.0,4194308.0,6980989216,6980995424,7296685548,7296694252,0,448,448,-1,1,6208,8704,128,32,32,3
12,3,"[8, 256, 1024, 1, 1, 0, 0, 0, 0, 0, 0, 0, 0, 0, 0, 8, 256, 1024, 1, 1, 0, 0, 0, 0, 0, 0, 0, 0, 0, 0]",512,128,262144.0,6291456.0,6981054057,6981443570,7296694700,7296700844,0,1248,1248,-1,1,389513,6144,128,32,32,3
12,3,"[8, 256, 1024, 1, 1, 0, 0, 0, 0, 0, 0, 0, 0, 0, 0, 8, 256, 1024, 1, 1, 0, 0, 0, 0, 0, 0, 0, 0, 0, 0]",512,128,262144.0,6291456.0,6981506624,6981513446,7296702092,7296710316,0,512,512,-1,1,6822,8224,128,32,32,3
16,3,"[8, 256, 0, 0, 0, 0, 0, 0, 0, 0, 0, 0, 0, 0, 0, 4, 0, 0, 0, 0, 0, 0, 0, 0, 0, 0, 0, 0, 0, 0]",1,128,256.0,4100.0,6981573275,6981579930,7296710828,7296712876,0,224,224,-1,1,6655,2048,128,32,32,3
12,3,"[8, 256, 0, 0, 0, 0, 0, 0, 0, 0, 0, 0, 0, 0, 0, 8, 256, 0, 0, 0, 0, 0, 0, 0, 0, 0, 0, 0, 0, 0]",1,128,256.0,6144.0,6981638436,6981644017,7296713100,7296715180,0,1248,1248,-1,1,5581,2080,128,32,32,3
12,3,"[8, 256, 0, 0, 0, 0, 0, 0, 0, 0, 0, 0, 0, 0, 0, 8, 256, 0, 0, 0, 0, 0, 0, 0, 0, 0, 0, 0, 0, 0]",1,128,256.0,6144.0,6981700068,6981706340,7296716428,7296718636,0,544,544,-1,1,6272,2208,128,32,32,3
16,3,"[8, 256, 0, 0, 0, 0, 0, 0, 0, 0, 0, 0, 0, 0, 0, 4, 0, 0, 0, 0, 0, 0, 0, 0, 0, 0, 0, 0, 0, 0]",1,128,256.0,4100.0,6981761918,6981767350,7296719180,7296721228,0,224,224,-1,1,5432,2048,128,32,32,3
12,3,"[8, 256, 0, 0, 0, 0, 0, 0, 0, 0, 0, 0, 0, 0, 0, 8, 256, 0, 0, 0, 0, 0, 0, 0, 0, 0, 0, 0, 0, 0]",1,128,256.0,6144.0,6981822244,6981828672,7296721452,7296723372,0,1312,1312,-1,1,6428,1920,128,32,32,3
12,3,"[8, 256, 0, 0, 0, 0, 0, 0, 0, 0, 0, 0, 0, 0, 0, 8, 256, 0, 0, 0, 0, 0, 0, 0, 0, 0, 0, 0, 0, 0]",1,128,256.0,6144.0,6981892807,6981899089,7296724684,7296726892,0,544,544,-1,1,6282,2208,128,32,32,3
16,3,"[8, 256, 256, 3, 3, 0, 0, 0, 0, 0, 0, 0, 0, 0, 0, 4, 0, 0, 0, 0, 0, 0, 0, 0, 0, 0, 0, 0, 0, 0]",1152,128,589824.0,9437188.0,6981958063,6986065268,7296727436,7296747116,0,512,512,-1,1,4107205,19680,128,32,32,3
12,3,"[8, 256, 256, 3, 3, 0, 0, 0, 0, 0, 0, 0, 0, 0, 0, 8, 256, 256, 3, 3, 0, 0, 0, 0, 0, 0, 0, 0, 0, 0]",1152,128,589824.0,14155776.0,6986147008,6986155458,7296747628,7296771596,0,608,608,-1,1,8450,23968,128,32,32,3
12,3,"[8, 256, 256, 3, 3, 0, 0, 0, 0, 0, 0, 0, 0, 0, 0, 8, 256, 256, 3, 3, 0, 0, 0, 0, 0, 0, 0, 0, 0, 0]",1152,128,589824.0,14155776.0,6986216578,6986223147,7296772204,7296799148,0,1184,1184,-1,1,6569,26944,128,32,32,3
16,3,"[8, 256, 0, 0, 0, 0, 0, 0, 0, 0, 0, 0, 0, 0, 0, 4, 0, 0, 0, 0, 0, 0, 0, 0, 0, 0, 0, 0, 0, 0]",1,128,256.0,4100.0,6986283080,6986648265,7296800332,7296802892,0,352,352,-1,1,365185,2560,128,32,32,3
12,3,"[8, 256, 0, 0, 0, 0, 0, 0, 0, 0, 0, 0, 0, 0, 0, 8, 256, 0, 0, 0, 0, 0, 0, 0, 0, 0, 0, 0, 0, 0]",1,128,256.0,6144.0,6986707465,6986714037,7296803244,7296805292,0,1184,1184,-1,1,6572,2048,128,32,32,3
12,3,"[8, 256, 0, 0, 0, 0, 0, 0, 0, 0, 0, 0, 0, 0, 0, 8, 256, 0, 0, 0, 0, 0, 0, 0, 0, 0, 0, 0, 0, 0]",1,128,256.0,6144.0,6986771447,6986777014,7296806476,7296808652,0,512,512,-1,1,5567,2176,128,32,32,3
16,3,"[8, 256, 0, 0, 0, 0, 0, 0, 0, 0, 0, 0, 0, 0, 0, 4, 0, 0, 0, 0, 0, 0, 0, 0, 0, 0, 0, 0, 0, 0]",1,128,256.0,4100.0,6986835072,6986840921,7296809164,7296811148,0,288,288,-1,1,5849,1984,128,32,32,3
12,3,"[8, 256, 0, 0, 0, 0, 0, 0, 0, 0, 0, 0, 0, 0, 0, 8, 256, 0, 0, 0, 0, 0, 0, 0, 0, 0, 0, 0, 0, 0]",1,128,256.0,6144.0,6986898002,6986904164,7296811436,7296813484,0,1120,1120,-1,1,6162,2048,128,32,32,3
12,3,"[8, 256, 0, 0, 0, 0, 0, 0, 0, 0, 0, 0, 0, 0, 0, 8, 256, 0, 0, 0, 0, 0, 0, 0, 0, 0, 0, 0, 0, 0]",1,128,256.0,6144.0,6986959169,6986964669,7296814604,7296816876,0,512,512,-1,1,5500,2272,128,32,32,3
16,3,"[8, 1024, 256, 1, 1, 0, 0, 0, 0, 0, 0, 0, 0, 0, 0, 4, 0, 0, 0, 0, 0, 0, 0, 0, 0, 0, 0, 0, 0, 0]",512,128,262144.0,4194308.0,6987028620,6987034835,7296817388,7296825772,0,448,448,-1,1,6215,8384,128,32,32,3
12,3,"[8, 1024, 256, 1, 1, 0, 0, 0, 0, 0, 0, 0, 0, 0, 0, 8, 1024, 256, 1, 1, 0, 0, 0, 0, 0, 0, 0, 0, 0, 0]",512,128,262144.0,6291456.0,6987093101,6996696763,7296826220,7296833228,0,512,512,-1,1,9603662,7008,128,32,32,3
12,3,"[8, 1024, 256, 1, 1, 0, 0, 0, 0, 0, 0, 0, 0, 0, 0, 8, 1024, 256, 1, 1, 0, 0, 0, 0, 0, 0, 0, 0, 0, 0]",512,128,262144.0,6291456.0,6996791404,6996802617,7296833740,7296842155,0,1,1,-1,1,11213,8415,128,32,32,3
16,3,"[8, 1024, 0, 0, 0, 0, 0, 0, 0, 0, 0, 0, 0, 0, 0, 4, 0, 0, 0, 0, 0, 0, 0, 0, 0, 0, 0, 0, 0, 0]",2,128,1024.0,16388.0,6996869991,6996876913,7296842156,7296844204,0,1216,1216,-1,1,6922,2048,128,32,32,3
12,3,"[8, 1024, 0, 0, 0, 0, 0, 0, 0, 0, 0, 0, 0, 0, 0, 8, 1024, 0, 0, 0, 0, 0, 0, 0, 0, 0, 0, 0, 0, 0]",2,128,1024.0,24576.0,6996944096,6998956493,7296845420,7296847532,0,512,512,-1,1,2012397,2112,128,32,32,3
12,3,"[8, 1024, 0, 0, 0, 0, 0, 0, 0, 0, 0, 0, 0, 0, 0, 8, 1024, 0, 0, 0, 0, 0, 0, 0, 0, 0, 0, 0, 0, 0]",2,128,1024.0,24576.0,6999019483,6999025757,7296848044,7296850188,0,128,128,-1,1,6274,2144,128,32,32,3
16,3,"[8, 1024, 0, 0, 0, 0, 0, 0, 0, 0, 0, 0, 0, 0, 0, 4, 0, 0, 0, 0, 0, 0, 0, 0, 0, 0, 0, 0, 0, 0]",2,128,1024.0,16388.0,6999085525,6999091820,7296850316,7296852363,0,1,1,-1,1,6295,2047,128,32,32,3
12,3,"[8, 1024, 0, 0, 0, 0, 0, 0, 0, 0, 0, 0, 0, 0, 0, 8, 1024, 0, 0, 0, 0, 0, 0, 0, 0, 0, 0, 0, 0, 0]",2,128,1024.0,24576.0,6999148106,6999154391,7296852364,7296854444,0,1632,1632,-1,1,6285,2080,128,32,32,3
12,3,"[8, 1024, 0, 0, 0, 0, 0, 0, 0, 0, 0, 0, 0, 0, 0, 8, 1024, 0, 0, 0, 0, 0, 0, 0, 0, 0, 0, 0, 0, 0]",2,128,1024.0,24576.0,6999216633,6999222330,7296856076,7296858188,0,352,352,-1,1,5697,2112,128,32,32,3
16,3,"[8, 256, 1024, 1, 1, 0, 0, 0, 0, 0, 0, 0, 0, 0, 0, 4, 0, 0, 0, 0, 0, 0, 0, 0, 0, 0, 0, 0, 0, 0]",512,128,262144.0,4194308.0,6999282198,6999288735,7296858540,7296866732,0,1664,1664,-1,1,6537,8192,128,32,32,3
12,3,"[8, 256, 1024, 1, 1, 0, 0, 0, 0, 0, 0, 0, 0, 0, 0, 8, 256, 1024, 1, 1, 0, 0, 0, 0, 0, 0, 0, 0, 0, 0]",512,128,262144.0,6291456.0,6999346902,6999352635,7296868396,7296874924,0,1120,1120,-1,1,5733,6528,128,32,32,3
12,3,"[8, 256, 1024, 1, 1, 0, 0, 0, 0, 0, 0, 0, 0, 0, 0, 8, 256, 1024, 1, 1, 0, 0, 0, 0, 0, 0, 0, 0, 0, 0]",512,128,262144.0,6291456.0,6999408655,6999607015,7296876044,7296884492,0,544,544,-1,1,198360,8448,128,32,32,3
16,3,"[8, 256, 0, 0, 0, 0, 0, 0, 0, 0, 0, 0, 0, 0, 0, 4, 0, 0, 0, 0, 0, 0, 0, 0, 0, 0, 0, 0, 0, 0]",1,128,256.0,4100.0,6999695443,6999704692,7296885036,7296887052,0,256,256,-1,1,9249,2016,128,32,32,3
12,3,"[8, 256, 0, 0, 0, 0, 0, 0, 0, 0, 0, 0, 0, 0, 0, 8, 256, 0, 0, 0, 0, 0, 0, 0, 0, 0, 0, 0, 0, 0]",1,128,256.0,6144.0,6999767020,6999773491,7296887308,7296889260,0,1120,1120,-1,1,6471,1952,128,32,32,3
12,3,"[8, 256, 0, 0, 0, 0, 0, 0, 0, 0, 0, 0, 0, 0, 0, 8, 256, 0, 0, 0, 0, 0, 0, 0, 0, 0, 0, 0, 0, 0]",1,128,256.0,6144.0,6999831388,7000183912,7296890380,7296892620,0,512,512,-1,1,352524,2240,128,32,32,3
16,3,"[8, 256, 0, 0, 0, 0, 0, 0, 0, 0, 0, 0, 0, 0, 0, 4, 0, 0, 0, 0, 0, 0, 0, 0, 0, 0, 0, 0, 0, 0]",1,128,256.0,4100.0,7000244691,7000250973,7296893132,7296895371,0,1,1,-1,1,6282,2239,128,32,32,3
12,3,"[8, 256, 0, 0, 0, 0, 0, 0, 0, 0, 0, 0, 0, 0, 0, 8, 256, 0, 0, 0, 0, 0, 0, 0, 0, 0, 0, 0, 0, 0]",1,128,256.0,6144.0,7000307765,7000314274,7296895372,7296897452,0,1472,1472,-1,1,6509,2080,128,32,32,3
12,3,"[8, 256, 0, 0, 0, 0, 0, 0, 0, 0, 0, 0, 0, 0, 0, 8, 256, 0, 0, 0, 0, 0, 0, 0, 0, 0, 0, 0, 0, 0]",1,128,256.0,6144.0,7000371792,7000377204,7296898924,7296901132,0,384,384,-1,1,5412,2208,128,32,32,3
16,3,"[8, 256, 256, 3, 3, 0, 0, 0, 0, 0, 0, 0, 0, 0, 0, 4, 0, 0, 0, 0, 0, 0, 0, 0, 0, 0, 0, 0, 0, 0]",1152,128,589824.0,9437188.0,7000436275,7000442888,7296901516,7296919980,0,1184,1184,-1,1,6613,18464,128,32,32,3
12,3,"[8, 256, 256, 3, 3, 0, 0, 0, 0, 0, 0, 0, 0, 0, 0, 8, 256, 256, 3, 3, 0, 0, 0, 0, 0, 0, 0, 0, 0, 0]",1152,128,589824.0,14155776.0,7000605298,7000614361,7296921164,7296944555,0,576,576,-1,1,9063,23391,128,32,32,3
12,3,"[8, 256, 256, 3, 3, 0, 0, 0, 0, 0, 0, 0, 0, 0, 0, 8, 256, 256, 3, 3, 0, 0, 0, 0, 0, 0, 0, 0, 0, 0]",1152,128,589824.0,14155776.0,7000680895,7000688300,7296945131,7296973003,0,225,225,-1,1,7405,27872,128,32,32,3
16,3,"[8, 256, 0, 0, 0, 0, 0, 0, 0, 0, 0, 0, 0, 0, 0, 4, 0, 0, 0, 0, 0, 0, 0, 0, 0, 0, 0, 0, 0, 0]",1,128,256.0,4100.0,7000750771,7000757299,7296973228,7296975275,0,1408,1408,-1,1,6528,2047,128,32,32,3
12,3,"[8, 256, 0, 0, 0, 0, 0, 0, 0, 0, 0, 0, 0, 0, 0, 8, 256, 0, 0, 0, 0, 0, 0, 0, 0, 0, 0, 0, 0, 0]",1,128,256.0,6144.0,7000814309,7004806108,7296976683,7296979115,0,224,224,-1,1,3991799,2432,128,32,32,3
12,3,"[8, 256, 0, 0, 0, 0, 0, 0, 0, 0, 0, 0, 0, 0, 0, 8, 256, 0, 0, 0, 0, 0, 0, 0, 0, 0, 0, 0, 0, 0]",1,128,256.0,6144.0,7004885829,7004894526,7296979339,7296981419,0,640,640,-1,1,8697,2080,128,32,32,3
16,3,"[8, 256, 0, 0, 0, 0, 0, 0, 0, 0, 0, 0, 0, 0, 0, 4, 0, 0, 0, 0, 0, 0, 0, 0, 0, 0, 0, 0, 0, 0]",1,128,256.0,4100.0,7004956330,7004963125,7296982059,7296983467,0,1568,1568,-1,1,6795,1408,128,32,32,3
12,3,"[8, 256, 0, 0, 0, 0, 0, 0, 0, 0, 0, 0, 0, 0, 0, 8, 256, 0, 0, 0, 0, 0, 0, 0, 0, 0, 0, 0, 0, 0]",1,128,256.0,6144.0,7005020933,7005389549,7296985035,7296987243,0,289,289,-1,1,368616,2208,128,32,32,3
12,3,"[8, 256, 0, 0, 0, 0, 0, 0, 0, 0, 0, 0, 0, 0, 0, 8, 256, 0, 0, 0, 0, 0, 0, 0, 0, 0, 0, 0, 0, 0]",1,128,256.0,6144.0,7005449695,7005457018,7296987532,7296989611,0,1056,1056,-1,1,7323,2079,128,32,32,3
16,3,"[8, 1024, 256, 1, 1, 0, 0, 0, 0, 0, 0, 0, 0, 0, 0, 4, 0, 0, 0, 0, 0, 0, 0, 0, 0, 0, 0, 0, 0, 0]",512,128,262144.0,4194308.0,7005516896,7005523624,7296990667,7296999051,0,512,512,-1,1,6728,8384,128,32,32,3
12,3,"[8, 1024, 256, 1, 1, 0, 0, 0, 0, 0, 0, 0, 0, 0, 0, 8, 1024, 256, 1, 1, 0, 0, 0, 0, 0, 0, 0, 0, 0, 0]",512,128,262144.0,6291456.0,7005581123,7005587198,7296999563,7297005995,0,448,448,-1,1,6075,6432,128,32,32,3
12,3,"[8, 1024, 256, 1, 1, 0, 0, 0, 0, 0, 0, 0, 0, 0, 0, 8, 1024, 256, 1, 1, 0, 0, 0, 0, 0, 0, 0, 0, 0, 0]",512,128,262144.0,6291456.0,7005643377,7005649655,7297006443,7297014187,0,1536,1536,-1,1,6278,7744,128,32,32,3
16,3,"[8, 1024, 0, 0, 0, 0, 0, 0, 0, 0, 0, 0, 0, 0, 0, 4, 0, 0, 0, 0, 0, 0, 0, 0, 0, 0, 0, 0, 0, 0]",2,128,1024.0,16388.0,7005711846,7005717774,7297015723,7297017803,0,448,448,-1,1,5928,2080,128,32,32,3
12,3,"[8, 1024, 0, 0, 0, 0, 0, 0, 0, 0, 0, 0, 0, 0, 0, 8, 1024, 0, 0, 0, 0, 0, 0, 0, 0, 0, 0, 0, 0, 0]",2,128,1024.0,24576.0,7005776486,7005782584,7297018251,7297020331,0,1024,1024,-1,1,6098,2080,128,32,32,3
12,3,"[8, 1024, 0, 0, 0, 0, 0, 0, 0, 0, 0, 0, 0, 0, 0, 8, 1024, 0, 0, 0, 0, 0, 0, 0, 0, 0, 0, 0, 0, 0]",2,128,1024.0,24576.0,7005839195,7015437474,7297021355,7297023499,0,608,608,-1,1,9598279,2144,128,32,32,3
16,3,"[8, 1024, 0, 0, 0, 0, 0, 0, 0, 0, 0, 0, 0, 0, 0, 4, 0, 0, 0, 0, 0, 0, 0, 0, 0, 0, 0, 0, 0, 0]",2,128,1024.0,16388.0,7015531979,7015542114,7297024107,7297026251,0,256,256,-1,1,10135,2144,128,32,32,3
12,3,"[8, 1024, 0, 0, 0, 0, 0, 0, 0, 0, 0, 0, 0, 0, 0, 8, 1024, 0, 0, 0, 0, 0, 0, 0, 0, 0, 0, 0, 0, 0]",2,128,1024.0,24576.0,7015619882,7015629786,7297026507,7297028490,0,1,1,-1,1,9904,1983,128,32,32,3
12,3,"[8, 1024, 0, 0, 0, 0, 0, 0, 0, 0, 0, 0, 0, 0, 0, 8, 1024, 0, 0, 0, 0, 0, 0, 0, 0, 0, 0, 0, 0, 0]",2,128,1024.0,24576.0,7015708980,7017695684,7297028491,7297031595,0,512,512,-1,1,1986704,3104,128,32,32,3
16,3,"[8, 256, 1024, 1, 1, 0, 0, 0, 0, 0, 0, 0, 0, 0, 0, 4, 0, 0, 0, 0, 0, 0, 0, 0, 0, 0, 0, 0, 0, 0]",512,128,262144.0,4194308.0,7017764952,7017772399,7297032107,7297040779,0,32,32,-1,1,7447,8672,128,32,32,3
12,3,"[8, 256, 1024, 1, 1, 0, 0, 0, 0, 0, 0, 0, 0, 0, 0, 8, 256, 1024, 1, 1, 0, 0, 0, 0, 0, 0, 0, 0, 0, 0]",512,128,262144.0,6291456.0,7017833422,7017839960,7297040811,7297048107,0,608,608,-1,1,6538,7296,128,32,32,3
12,3,"[8, 256, 1024, 1, 1, 0, 0, 0, 0, 0, 0, 0, 0, 0, 0, 8, 256, 1024, 1, 1, 0, 0, 0, 0, 0, 0, 0, 0, 0, 0]",512,128,262144.0,6291456.0,7017898495,7017904538,7297048715,7297056971,0,192,192,-1,1,6043,8256,128,32,32,3
16,3,"[8, 256, 0, 0, 0, 0, 0, 0, 0, 0, 0, 0, 0, 0, 0, 4, 0, 0, 0, 0, 0, 0, 0, 0, 0, 0, 0, 0, 0, 0]",1,128,256.0,4100.0,7017967788,7017974076,7297057163,7297059243,0,1152,1152,-1,1,6288,2080,128,32,32,3
12,3,"[8, 256, 0, 0, 0, 0, 0, 0, 0, 0, 0, 0, 0, 0, 0, 8, 256, 0, 0, 0, 0, 0, 0, 0, 0, 0, 0, 0, 0, 0]",1,128,256.0,6144.0,7018031573,7018037845,7297060395,7297062603,0,544,544,-1,1,6272,2208,128,32,32,3
12,3,"[8, 256, 0, 0, 0, 0, 0, 0, 0, 0, 0, 0, 0, 0, 0, 8, 256, 0, 0, 0, 0, 0, 0, 0, 0, 0, 0, 0, 0, 0]",1,128,256.0,6144.0,7018094860,7018100844,7297063147,7297065323,0,256,256,-1,1,5984,2176,128,32,32,3
16,3,"[8, 256, 0, 0, 0, 0, 0, 0, 0, 0, 0, 0, 0, 0, 0, 4, 0, 0, 0, 0, 0, 0, 0, 0, 0, 0, 0, 0, 0, 0]",1,128,256.0,4100.0,7018158576,7018339027,7297065579,7297067435,0,1088,1088,-1,1,180451,1856,128,32,32,3
12,3,"[8, 256, 0, 0, 0, 0, 0, 0, 0, 0, 0, 0, 0, 0, 0, 8, 256, 0, 0, 0, 0, 0, 0, 0, 0, 0, 0, 0, 0, 0]",1,128,256.0,6144.0,7018404025,7018410714,7297068523,7297070699,0,576,576,-1,1,6689,2176,128,32,32,3
12,3,"[8, 256, 0, 0, 0, 0, 0, 0, 0, 0, 0, 0, 0, 0, 0, 8, 256, 0, 0, 0, 0, 0, 0, 0, 0, 0, 0, 0, 0, 0]",1,128,256.0,6144.0,7018468597,7018474465,7297071275,7297073451,0,224,224,-1,1,5868,2176,128,32,32,3
16,3,"[8, 256, 256, 3, 3, 0, 0, 0, 0, 0, 0, 0, 0, 0, 0, 4, 0, 0, 0, 0, 0, 0, 0, 0, 0, 0, 0, 0, 0, 0]",1152,128,589824.0,9437188.0,7018532808,7018922122,7297073675,7297093323,0,512,512,-1,1,389314,19648,128,32,32,3
12,3,"[8, 256, 256, 3, 3, 0, 0, 0, 0, 0, 0, 0, 0, 0, 0, 8, 256, 256, 3, 3, 0, 0, 0, 0, 0, 0, 0, 0, 0, 0]",1152,128,589824.0,14155776.0,7018984924,7018990745,7297093835,7297116587,0,1472,1472,-1,1,5821,22752,128,32,32,3
12,3,"[8, 256, 256, 3, 3, 0, 0, 0, 0, 0, 0, 0, 0, 0, 0, 8, 256, 256, 3, 3, 0, 0, 0, 0, 0, 0, 0, 0, 0, 0]",1152,128,589824.0,14155776.0,7019049475,7019055418,7297118059,7297145259,0,1184,1184,-1,1,5943,27200,128,32,32,3
16,3,"[8, 256, 0, 0, 0, 0, 0, 0, 0, 0, 0, 0, 0, 0, 0, 4, 0, 0, 0, 0, 0, 0, 0, 0, 0, 0, 0, 0, 0, 0]",1,128,256.0,4100.0,7019111489,7019117150,7297146443,7297148843,0,512,512,-1,1,5661,2400,128,32,32,3
12,3,"[8, 256, 0, 0, 0, 0, 0, 0, 0, 0, 0, 0, 0, 0, 0, 8, 256, 0, 0, 0, 0, 0, 0, 0, 0, 0, 0, 0, 0, 0]",1,128,256.0,6144.0,7019174196,7019180604,7297149355,7297151403,0,672,672,-1,1,6408,2048,128,32,32,3
12,3,"[8, 256, 0, 0, 0, 0, 0, 0, 0, 0, 0, 0, 0, 0, 0, 8, 256, 0, 0, 0, 0, 0, 0, 0, 0, 0, 0, 0, 0, 0]",1,128,256.0,6144.0,7019242749,7019248849,7297152075,7297154603,0,576,576,-1,1,6100,2528,128,32,32,3
16,3,"[8, 256, 0, 0, 0, 0, 0, 0, 0, 0, 0, 0, 0, 0, 0, 4, 0, 0, 0, 0, 0, 0, 0, 0, 0, 0, 0, 0, 0, 0]",1,128,256.0,4100.0,7019306728,7019312438,7297155179,7297157514,0,1,1,-1,1,5710,2335,128,32,32,3
12,3,"[8, 256, 0, 0, 0, 0, 0, 0, 0, 0, 0, 0, 0, 0, 0, 8, 256, 0, 0, 0, 0, 0, 0, 0, 0, 0, 0, 0, 0, 0]",1,128,256.0,6144.0,7019368415,7019373937,7297157515,7297159595,0,1216,1216,-1,1,5522,2080,128,32,32,3
12,3,"[8, 256, 0, 0, 0, 0, 0, 0, 0, 0, 0, 0, 0, 0, 0, 8, 256, 0, 0, 0, 0, 0, 0, 0, 0, 0, 0, 0, 0, 0]",1,128,256.0,6144.0,7019429233,7023547111,7297160811,7297162987,0,576,576,-1,1,4117878,2176,128,32,32,3
16,3,"[8, 1024, 256, 1, 1, 0, 0, 0, 0, 0, 0, 0, 0, 0, 0, 4, 0, 0, 0, 0, 0, 0, 0, 0, 0, 0, 0, 0, 0, 0]",512,128,262144.0,4194308.0,7023636115,7023647082,7297163563,7297171850,0,1,1,-1,1,10967,8287,128,32,32,3
12,3,"[8, 1024, 256, 1, 1, 0, 0, 0, 0, 0, 0, 0, 0, 0, 0, 8, 1024, 256, 1, 1, 0, 0, 0, 0, 0, 0, 0, 0, 0, 0]",512,128,262144.0,6291456.0,7023725546,7023733107,7297171851,7297179563,0,480,480,-1,1,7561,7712,128,32,32,3
12,3,"[8, 1024, 256, 1, 1, 0, 0, 0, 0, 0, 0, 0, 0, 0, 0, 8, 1024, 256, 1, 1, 0, 0, 0, 0, 0, 0, 0, 0, 0, 0]",512,128,262144.0,6291456.0,7023800160,7024129248,7297180043,7297188267,0,1184,1184,-1,1,329088,8224,128,32,32,3
16,3,"[8, 1024, 0, 0, 0, 0, 0, 0, 0, 0, 0, 0, 0, 0, 0, 4, 0, 0, 0, 0, 0, 0, 0, 0, 0, 0, 0, 0, 0, 0]",2,128,1024.0,16388.0,7024193112,7024200507,7297189451,7297191531,0,608,608,-1,1,7395,2080,128,32,32,3
12,3,"[8, 1024, 0, 0, 0, 0, 0, 0, 0, 0, 0, 0, 0, 0, 0, 8, 1024, 0, 0, 0, 0, 0, 0, 0, 0, 0, 0, 0, 0, 0]",2,128,1024.0,24576.0,7024259885,7024265612,7297192139,7297194251,0,128,128,-1,1,5727,2112,128,32,32,3
12,3,"[8, 1024, 0, 0, 0, 0, 0, 0, 0, 0, 0, 0, 0, 0, 0, 8, 1024, 0, 0, 0, 0, 0, 0, 0, 0, 0, 0, 0, 0, 0]",2,128,1024.0,24576.0,7024324458,7024330018,7297194379,7297196459,0,1184,1184,-1,1,5560,2080,128,32,32,3
16,3,"[8, 1024, 0, 0, 0, 0, 0, 0, 0, 0, 0, 0, 0, 0, 0, 4, 0, 0, 0, 0, 0, 0, 0, 0, 0, 0, 0, 0, 0, 0]",2,128,1024.0,16388.0,7024388639,7024394551,7297197643,7297199723,0,608,608,-1,1,5912,2080,128,32,32,3
12,3,"[8, 1024, 0, 0, 0, 0, 0, 0, 0, 0, 0, 0, 0, 0, 0, 8, 1024, 0, 0, 0, 0, 0, 0, 0, 0, 0, 0, 0, 0, 0]",2,128,1024.0,24576.0,7024579780,7024589234,7297200331,7297202475,0,96,96,-1,1,9454,2144,128,32,32,3
12,3,"[8, 1024, 0, 0, 0, 0, 0, 0, 0, 0, 0, 0, 0, 0, 0, 8, 1024, 0, 0, 0, 0, 0, 0, 0, 0, 0, 0, 0, 0, 0]",2,128,1024.0,24576.0,7024653733,7024660091,7297202571,7297204651,0,1056,1056,-1,1,6358,2080,128,32,32,3
16,3,"[8, 256, 1024, 1, 1, 0, 0, 0, 0, 0, 0, 0, 0, 0, 0, 4, 0, 0, 0, 0, 0, 0, 0, 0, 0, 0, 0, 0, 0, 0]",512,128,262144.0,4194308.0,7024723502,7034175919,7297205707,7297214155,0,608,608,-1,1,9452417,8448,128,32,32,3
12,3,"[8, 256, 1024, 1, 1, 0, 0, 0, 0, 0, 0, 0, 0, 0, 0, 8, 256, 1024, 1, 1, 0, 0, 0, 0, 0, 0, 0, 0, 0, 0]",512,128,262144.0,6291456.0,7034271524,7034281572,7297214763,7297221035,0,1056,1056,-1,1,10048,6272,128,32,32,3
12,3,"[8, 256, 1024, 1, 1, 0, 0, 0, 0, 0, 0, 0, 0, 0, 0, 8, 256, 1024, 1, 1, 0, 0, 0, 0, 0, 0, 0, 0, 0, 0]",512,128,262144.0,6291456.0,7034345754,7034352144,7297222091,7297230411,0,608,608,-1,1,6390,8320,128,32,32,3
16,3,"[8, 256, 0, 0, 0, 0, 0, 0, 0, 0, 0, 0, 0, 0, 0, 4, 0, 0, 0, 0, 0, 0, 0, 0, 0, 0, 0, 0, 0, 0]",1,128,256.0,4100.0,7034420011,7036435050,7297231019,7297233003,0,288,288,-1,1,2015039,1984,128,32,32,3
12,3,"[8, 256, 0, 0, 0, 0, 0, 0, 0, 0, 0, 0, 0, 0, 0, 8, 256, 0, 0, 0, 0, 0, 0, 0, 0, 0, 0, 0, 0, 0]",1,128,256.0,6144.0,7036513286,7036521640,7297233291,7297235371,0,640,640,-1,1,8354,2080,128,32,32,3
12,3,"[8, 256, 0, 0, 0, 0, 0, 0, 0, 0, 0, 0, 0, 0, 0, 8, 256, 0, 0, 0, 0, 0, 0, 0, 0, 0, 0, 0, 0, 0]",1,128,256.0,6144.0,7036582118,7036588231,7297236011,7297238635,0,640,640,-1,1,6113,2624,128,32,32,3
16,3,"[8, 256, 0, 0, 0, 0, 0, 0, 0, 0, 0, 0, 0, 0, 0, 4, 0, 0, 0, 0, 0, 0, 0, 0, 0, 0, 0, 0, 0, 0]",1,128,256.0,4100.0,7036648761,7036654714,7297239275,7297241259,0,224,224,-1,1,5953,1984,128,32,32,3
12,3,"[8, 256, 0, 0, 0, 0, 0, 0, 0, 0, 0, 0, 0, 0, 0, 8, 256, 0, 0, 0, 0, 0, 0, 0, 0, 0, 0, 0, 0, 0]",1,128,256.0,6144.0,7036713162,7036726503,7297241483,7297243563,0,1024,1024,-1,1,13341,2080,128,32,32,3
12,3,"[8, 256, 0, 0, 0, 0, 0, 0, 0, 0, 0, 0, 0, 0, 0, 8, 256, 0, 0, 0, 0, 0, 0, 0, 0, 0, 0, 0, 0, 0]",1,128,256.0,6144.0,7036784053,7036789824,7297244587,7297246827,0,512,512,-1,1,5771,2240,128,32,32,3
16,3,"[8, 256, 256, 3, 3, 0, 0, 0, 0, 0, 0, 0, 0, 0, 0, 4, 0, 0, 0, 0, 0, 0, 0, 0, 0, 0, 0, 0, 0, 0]",1152,128,589824.0,9437188.0,7036848688,7036854858,7297247339,7297266090,0,1,1,-1,1,6170,18751,128,32,32,3
12,3,"[8, 256, 256, 3, 3, 0, 0, 0, 0, 0, 0, 0, 0, 0, 0, 8, 256, 256, 3, 3, 0, 0, 0, 0, 0, 0, 0, 0, 0, 0]",1152,128,589824.0,14155776.0,7036911277,7037078320,7297266091,7297290634,0,224,224,-1,1,167043,24543,128,32,32,3
12,3,"[8, 256, 256, 3, 3, 0, 0, 0, 0, 0, 0, 0, 0, 0, 0, 8, 256, 256, 3, 3, 0, 0, 0, 0, 0, 0, 0, 0, 0, 0]",1152,128,589824.0,14155776.0,7037137183,7037142966,7297290858,7297318762,0,545,545,-1,1,5783,27904,128,32,32,3
16,3,"[8, 256, 0, 0, 0, 0, 0, 0, 0, 0, 0, 0, 0, 0, 0, 4, 0, 0, 0, 0, 0, 0, 0, 0, 0, 0, 0, 0, 0, 0]",1,128,256.0,4100.0,7037205220,7037211227,7297319307,7297321353,0,1,1,-1,1,6007,2046,128,32,32,3
12,3,"[8, 256, 0, 0, 0, 0, 0, 0, 0, 0, 0, 0, 0, 0, 0, 8, 256, 0, 0, 0, 0, 0, 0, 0, 0, 0, 0, 0, 0, 0]",1,128,256.0,6144.0,7037267445,7037660733,7297321354,7297324778,0,512,512,-1,1,393288,3424,128,32,32,3
12,3,"[8, 256, 0, 0, 0, 0, 0, 0, 0, 0, 0, 0, 0, 0, 0, 8, 256, 0, 0, 0, 0, 0, 0, 0, 0, 0, 0, 0, 0, 0]",1,128,256.0,6144.0,7037719706,7037725685,7297325290,7297327467,0,223,223,-1,1,5979,2177,128,32,32,3
16,3,"[8, 256, 0, 0, 0, 0, 0, 0, 0, 0, 0, 0, 0, 0, 0, 4, 0, 0, 0, 0, 0, 0, 0, 0, 0, 0, 0, 0, 0, 0]",1,128,256.0,4100.0,7037782207,7037788238,7297327690,7297329578,0,1056,1056,-1,1,6031,1888,128,32,32,3
12,3,"[8, 256, 0, 0, 0, 0, 0, 0, 0, 0, 0, 0, 0, 0, 0, 8, 256, 0, 0, 0, 0, 0, 0, 0, 0, 0, 0, 0, 0, 0]",1,128,256.0,6144.0,7037845460,7037850962,7297330634,7297333482,0,257,257,-1,1,5502,2848,128,32,32,3
12,3,"[8, 256, 0, 0, 0, 0, 0, 0, 0, 0, 0, 0, 0, 0, 0, 8, 256, 0, 0, 0, 0, 0, 0, 0, 0, 0, 0, 0, 0, 0]",1,128,256.0,6144.0,7037907000,7037912929,7297333739,7297335722,0,1120,1120,-1,1,5929,1983,128,32,32,3
16,3,"[8, 1024, 256, 1, 1, 0, 0, 0, 0, 0, 0, 0, 0, 0, 0, 4, 0, 0, 0, 0, 0, 0, 0, 0, 0, 0, 0, 0, 0, 0]",512,128,262144.0,4194308.0,7037971591,7037977416,7297336842,7297345226,0,512,512,-1,1,5825,8384,128,32,32,3
12,3,"[8, 1024, 256, 1, 1, 0, 0, 0, 0, 0, 0, 0, 0, 0, 0, 8, 1024, 256, 1, 1, 0, 0, 0, 0, 0, 0, 0, 0, 0, 0]",512,128,262144.0,6291456.0,7038039851,7038045559,7297345738,7297352105,0,1,1,-1,1,5708,6367,128,32,32,3
12,3,"[8, 1024, 256, 1, 1, 0, 0, 0, 0, 0, 0, 0, 0, 0, 0, 8, 1024, 256, 1, 1, 0, 0, 0, 0, 0, 0, 0, 0, 0, 0]",512,128,262144.0,6291456.0,7038103430,7038108700,7297352106,7297360298,0,1536,1536,-1,1,5270,8192,128,32,32,3
16,3,"[8, 1024, 0, 0, 0, 0, 0, 0, 0, 0, 0, 0, 0, 0, 0, 4, 0, 0, 0, 0, 0, 0, 0, 0, 0, 0, 0, 0, 0, 0]",2,128,1024.0,16388.0,7038165619,7042285219,7297361834,7297363914,0,448,448,-1,1,4119600,2080,128,32,32,3
12,3,"[8, 1024, 0, 0, 0, 0, 0, 0, 0, 0, 0, 0, 0, 0, 0, 8, 1024, 0, 0, 0, 0, 0, 0, 0, 0, 0, 0, 0, 0, 0]",2,128,1024.0,24576.0,7042371756,7042380970,7297364362,7297366409,0,1,1,-1,1,9214,2047,128,32,32,3
12,3,"[8, 1024, 0, 0, 0, 0, 0, 0, 0, 0, 0, 0, 0, 0, 0, 8, 1024, 0, 0, 0, 0, 0, 0, 0, 0, 0, 0, 0, 0, 0]",2,128,1024.0,24576.0,7042444159,7042450427,7297366410,7297368490,0,1344,1344,-1,1,6268,2080,128,32,32,3
16,3,"[8, 1024, 0, 0, 0, 0, 0, 0, 0, 0, 0, 0, 0, 0, 0, 4, 0, 0, 0, 0, 0, 0, 0, 0, 0, 0, 0, 0, 0, 0]",2,128,1024.0,16388.0,7042511942,7042867442,7297369834,7297371914,0,544,544,-1,1,355500,2080,128,32,32,3
12,3,"[8, 1024, 0, 0, 0, 0, 0, 0, 0, 0, 0, 0, 0, 0, 0, 8, 1024, 0, 0, 0, 0, 0, 0, 0, 0, 0, 0, 0, 0, 0]",2,128,1024.0,24576.0,7042929951,7042936497,7297372458,7297374538,0,64,64,-1,1,6546,2080,128,32,32,3
12,3,"[8, 1024, 0, 0, 0, 0, 0, 0, 0, 0, 0, 0, 0, 0, 0, 8, 1024, 0, 0, 0, 0, 0, 0, 0, 0, 0, 0, 0, 0, 0]",2,128,1024.0,24576.0,7042994131,7042999752,7297374602,7297376682,0,1120,1120,-1,1,5621,2080,128,32,32,3
16,3,"[8, 256, 1024, 1, 1, 0, 0, 0, 0, 0, 0, 0, 0, 0, 0, 4, 0, 0, 0, 0, 0, 0, 0, 0, 0, 0, 0, 0, 0, 0]",512,128,262144.0,4194308.0,7043059077,7043065249,7297377802,7297386474,0,416,416,-1,1,6172,8672,128,32,32,3
12,3,"[8, 256, 1024, 1, 1, 0, 0, 0, 0, 0, 0, 0, 0, 0, 0, 8, 256, 1024, 1, 1, 0, 0, 0, 0, 0, 0, 0, 0, 0, 0]",512,128,262144.0,6291456.0,7043122751,7043128765,7297386890,7297393066,0,1088,1088,-1,1,6014,6176,128,32,32,3
12,3,"[8, 256, 1024, 1, 1, 0, 0, 0, 0, 0, 0, 0, 0, 0, 0, 8, 256, 1024, 1, 1, 0, 0, 0, 0, 0, 0, 0, 0, 0, 0]",512,128,262144.0,6291456.0,7043201935,7043209439,7297394154,7297402794,0,480,480,-1,1,7504,8640,128,32,32,3
16,3,"[8, 256, 0, 0, 0, 0, 0, 0, 0, 0, 0, 0, 0, 0, 0, 4, 0, 0, 0, 0, 0, 0, 0, 0, 0, 0, 0, 0, 0, 0]",1,128,256.0,4100.0,7043271304,7043278057,7297403274,7297405354,0,352,352,-1,1,6753,2080,128,32,32,3
12,3,"[8, 256, 0, 0, 0, 0, 0, 0, 0, 0, 0, 0, 0, 0, 0, 8, 256, 0, 0, 0, 0, 0, 0, 0, 0, 0, 0, 0, 0, 0]",1,128,256.0,6144.0,7043335008,7052917725,7297405706,7297407402,0,1312,1312,-1,1,9582717,1696,128,32,32,3
12,3,"[8, 256, 0, 0, 0, 0, 0, 0, 0, 0, 0, 0, 0, 0, 0, 8, 256, 0, 0, 0, 0, 0, 0, 0, 0, 0, 0, 0, 0, 0]",1,128,256.0,6144.0,7053023921,7053034608,7297408714,7297410890,0,576,576,-1,1,10687,2176,128,32,32,3
16,3,"[8, 256, 0, 0, 0, 0, 0, 0, 0, 0, 0, 0, 0, 0, 0, 4, 0, 0, 0, 0, 0, 0, 0, 0, 0, 0, 0, 0, 0, 0]",1,128,256.0,4100.0,7053106807,7053114842,7297411466,7297413482,0,256,256,-1,1,8035,2016,128,32,32,3
12,3,"[8, 256, 0, 0, 0, 0, 0, 0, 0, 0, 0, 0, 0, 0, 0, 8, 256, 0, 0, 0, 0, 0, 0, 0, 0, 0, 0, 0, 0, 0]",1,128,256.0,6144.0,7053176196,7055170827,7297413738,7297415594,0,1248,1248,-1,1,1994631,1856,128,32,32,3
12,3,"[8, 256, 0, 0, 0, 0, 0, 0, 0, 0, 0, 0, 0, 0, 0, 8, 256, 0, 0, 0, 0, 0, 0, 0, 0, 0, 0, 0, 0, 0]",1,128,256.0,6144.0,7055234450,7055241089,7297416842,7297419466,0,192,192,-1,1,6639,2624,128,32,32,3
16,3,"[8, 256, 256, 3, 3, 0, 0, 0, 0, 0, 0, 0, 0, 0, 0, 4, 0, 0, 0, 0, 0, 0, 0, 0, 0, 0, 0, 0, 0, 0]",1152,128,589824.0,9437188.0,7055301670,7055307604,7297419658,7297438122,0,1504,1504,-1,1,5934,18464,128,32,32,3
12,3,"[8, 256, 256, 3, 3, 0, 0, 0, 0, 0, 0, 0, 0, 0, 0, 8, 256, 256, 3, 3, 0, 0, 0, 0, 0, 0, 0, 0, 0, 0]",1152,128,589824.0,14155776.0,7055368723,7055374457,7297439626,7297462698,0,1248,1248,-1,1,5734,23072,128,32,32,3
12,3,"[8, 256, 256, 3, 3, 0, 0, 0, 0, 0, 0, 0, 0, 0, 0, 8, 256, 256, 3, 3, 0, 0, 0, 0, 0, 0, 0, 0, 0, 0]",1152,128,589824.0,14155776.0,7055439384,7055445508,7297463946,7297491337,0,1,1,-1,1,6124,27391,128,32,32,3
16,3,"[8, 256, 0, 0, 0, 0, 0, 0, 0, 0, 0, 0, 0, 0, 0, 4, 0, 0, 0, 0, 0, 0, 0, 0, 0, 0, 0, 0, 0, 0]",1,128,256.0,4100.0,7055654181,7055663912,7297491338,7297494538,0,512,512,-1,1,9731,3200,128,32,32,3
12,3,"[8, 256, 0, 0, 0, 0, 0, 0, 0, 0, 0, 0, 0, 0, 0, 8, 256, 0, 0, 0, 0, 0, 0, 0, 0, 0, 0, 0, 0, 0]",1,128,256.0,6144.0,7055735637,7055742973,7297495050,7297497481,0,1,1,-1,1,7336,2431,128,32,32,3
12,3,"[8, 256, 0, 0, 0, 0, 0, 0, 0, 0, 0, 0, 0, 0, 0, 8, 256, 0, 0, 0, 0, 0, 0, 0, 0, 0, 0, 0, 0, 0]",1,128,256.0,6144.0,7055801467,7055816562,7297497482,7297499562,0,1408,1408,-1,1,15095,2080,128,32,32,3
16,3,"[8, 256, 0, 0, 0, 0, 0, 0, 0, 0, 0, 0, 0, 0, 0, 4, 0, 0, 0, 0, 0, 0, 0, 0, 0, 0, 0, 0, 0, 0]",1,128,256.0,4100.0,7055877022,7055883523,7297500970,7297502986,0,544,544,-1,1,6501,2016,128,32,32,3
12,3,"[8, 256, 0, 0, 0, 0, 0, 0, 0, 0, 0, 0, 0, 0, 0, 8, 256, 0, 0, 0, 0, 0, 0, 0, 0, 0, 0, 0, 0, 0]",1,128,256.0,6144.0,7055949020,7055955389,7297503530,7297505706,0,256,256,-1,1,6369,2176,128,32,32,3
12,3,"[8, 256, 0, 0, 0, 0, 0, 0, 0, 0, 0, 0, 0, 0, 0, 8, 256, 0, 0, 0, 0, 0, 0, 0, 0, 0, 0, 0, 0, 0]",1,128,256.0,6144.0,7056013951,7056399997,7297505962,7297507754,0,1312,1312,-1,1,386046,1792,128,32,32,3
16,3,"[8, 1024, 256, 1, 1, 0, 0, 0, 0, 0, 0, 0, 0, 0, 0, 4, 0, 0, 0, 0, 0, 0, 0, 0, 0, 0, 0, 0, 0, 0]",512,128,262144.0,4194308.0,7056462506,7056469036,7297509066,7297517674,0,288,288,-1,1,6530,8608,128,32,32,3
12,3,"[8, 1024, 256, 1, 1, 0, 0, 0, 0, 0, 0, 0, 0, 0, 0, 8, 1024, 256, 1, 1, 0, 0, 0, 0, 0, 0, 0, 0, 0, 0]",512,128,262144.0,6291456.0,7056529035,7056534964,7297517962,7297524138,0,1440,1440,-1,1,5929,6176,128,32,32,3
12,3,"[8, 1024, 256, 1, 1, 0, 0, 0, 0, 0, 0, 0, 0, 0, 0, 8, 1024, 256, 1, 1, 0, 0, 0, 0, 0, 0, 0, 0, 0, 0]",512,128,262144.0,6291456.0,7056594028,7056600359,7297525578,7297533994,0,384,384,-1,1,6331,8416,128,32,32,3
16,3,"[8, 1024, 0, 0, 0, 0, 0, 0, 0, 0, 0, 0, 0, 0, 0, 4, 0, 0, 0, 0, 0, 0, 0, 0, 0, 0, 0, 0, 0, 0]",2,128,1024.0,16388.0,7056656902,7056662860,7297534378,7297536426,0,576,576,-1,1,5958,2048,128,32,32,3
12,3,"[8, 1024, 0, 0, 0, 0, 0, 0, 0, 0, 0, 0, 0, 0, 0, 8, 1024, 0, 0, 0, 0, 0, 0, 0, 0, 0, 0, 0, 0, 0]",2,128,1024.0,24576.0,7056719554,7056725034,7297537002,7297538474,0,1504,1504,-1,1,5480,1472,128,32,32,3
12,3,"[8, 1024, 0, 0, 0, 0, 0, 0, 0, 0, 0, 0, 0, 0, 0, 8, 1024, 0, 0, 0, 0, 0, 0, 0, 0, 0, 0, 0, 0, 0]",2,128,1024.0,24576.0,7056782676,7056795630,7297539978,7297542090,0,448,448,-1,1,12954,2112,128,32,32,3
16,3,"[8, 1024, 0, 0, 0, 0, 0, 0, 0, 0, 0, 0, 0, 0, 0, 4, 0, 0, 0, 0, 0, 0, 0, 0, 0, 0, 0, 0, 0, 0]",2,128,1024.0,16388.0,7056853072,7056858733,7297542538,7297544585,0,1,1,-1,1,5661,2047,128,32,32,3
12,3,"[8, 1024, 0, 0, 0, 0, 0, 0, 0, 0, 0, 0, 0, 0, 0, 8, 1024, 0, 0, 0, 0, 0, 0, 0, 0, 0, 0, 0, 0, 0]",2,128,1024.0,24576.0,7056915255,7061020271,7297544586,7297546666,0,1184,1184,-1,1,4105016,2080,128,32,32,3
12,3,"[8, 1024, 0, 0, 0, 0, 0, 0, 0, 0, 0, 0, 0, 0, 0, 8, 1024, 0, 0, 0, 0, 0, 0, 0, 0, 0, 0, 0, 0, 0]",2,128,1024.0,24576.0,7061084910,7061091405,7297547850,7297550058,0,544,544,-1,1,6495,2208,128,32,32,3
16,3,"[8, 256, 1024, 1, 1, 0, 0, 0, 0, 0, 0, 0, 0, 0, 0, 4, 0, 0, 0, 0, 0, 0, 0, 0, 0, 0, 0, 0, 0, 0]",512,128,262144.0,4194308.0,7061150609,7061156416,7297550602,7297558954,0,480,480,-1,1,5807,8352,128,32,32,3
12,3,"[8, 256, 1024, 1, 1, 0, 0, 0, 0, 0, 0, 0, 0, 0, 0, 8, 256, 1024, 1, 1, 0, 0, 0, 0, 0, 0, 0, 0, 0, 0]",512,128,262144.0,6291456.0,7061213170,7061605130,7297559434,7297566442,0,608,608,-1,1,391960,7008,128,32,32,3
12,3,"[8, 256, 1024, 1, 1, 0, 0, 0, 0, 0, 0, 0, 0, 0, 0, 8, 256, 1024, 1, 1, 0, 0, 0, 0, 0, 0, 0, 0, 0, 0]",512,128,262144.0,6291456.0,7061664723,7061671028,7297567050,7297575338,0,1088,1088,-1,1,6305,8288,128,32,32,3
16,3,"[8, 256, 0, 0, 0, 0, 0, 0, 0, 0, 0, 0, 0, 0, 0, 4, 0, 0, 0, 0, 0, 0, 0, 0, 0, 0, 0, 0, 0, 0]",1,128,256.0,4100.0,7061728610,7061734107,7297576426,7297578474,0,576,576,-1,1,5497,2048,128,32,32,3
12,3,"[8, 256, 0, 0, 0, 0, 0, 0, 0, 0, 0, 0, 0, 0, 0, 8, 256, 0, 0, 0, 0, 0, 0, 0, 0, 0, 0, 0, 0, 0]",1,128,256.0,6144.0,7061791768,7061797182,7297579050,7297581226,0,224,224,-1,1,5414,2176,128,32,32,3
12,3,"[8, 256, 0, 0, 0, 0, 0, 0, 0, 0, 0, 0, 0, 0, 0, 8, 256, 0, 0, 0, 0, 0, 0, 0, 0, 0, 0, 0, 0, 0]",1,128,256.0,6144.0,7061857652,7061864331,7297581450,7297583530,0,640,640,-1,1,6679,2080,128,32,32,3
16,3,"[8, 256, 0, 0, 0, 0, 0, 0, 0, 0, 0, 0, 0, 0, 0, 4, 0, 0, 0, 0, 0, 0, 0, 0, 0, 0, 0, 0, 0, 0]",1,128,256.0,4100.0,7061921344,7061926983,7297584170,7297585578,0,1568,1568,-1,1,5639,1408,128,32,32,3
12,3,"[8, 256, 0, 0, 0, 0, 0, 0, 0, 0, 0, 0, 0, 0, 0, 8, 256, 0, 0, 0, 0, 0, 0, 0, 0, 0, 0, 0, 0, 0]",1,128,256.0,6144.0,7061983575,7061988926,7297587146,7297589450,0,224,224,-1,1,5351,2304,128,32,32,3
12,3,"[8, 256, 0, 0, 0, 0, 0, 0, 0, 0, 0, 0, 0, 0, 0, 8, 256, 0, 0, 0, 0, 0, 0, 0, 0, 0, 0, 0, 0, 0]",1,128,256.0,6144.0,7062044747,7071649572,7297589674,7297591722,0,1056,1056,-1,1,9604825,2048,128,32,32,3
16,3,"[8, 256, 256, 3, 3, 0, 0, 0, 0, 0, 0, 0, 0, 0, 0, 4, 0, 0, 0, 0, 0, 0, 0, 0, 0, 0, 0, 0, 0, 0]",1152,128,589824.0,9437188.0,7071747759,7071757625,7297592778,7297612042,0,128,128,-1,1,9866,19264,128,32,32,3
12,3,"[8, 256, 256, 3, 3, 0, 0, 0, 0, 0, 0, 0, 0, 0, 0, 8, 256, 256, 3, 3, 0, 0, 0, 0, 0, 0, 0, 0, 0, 0]",1152,128,589824.0,14155776.0,7071820563,7071827327,7297612170,7297636682,0,224,224,-1,1,6764,24512,128,32,32,3
12,3,"[8, 256, 256, 3, 3, 0, 0, 0, 0, 0, 0, 0, 0, 0, 0, 8, 256, 256, 3, 3, 0, 0, 0, 0, 0, 0, 0, 0, 0, 0]",1152,128,589824.0,14155776.0,7071887062,7073907745,7297636906,7297664873,0,544,544,-1,1,2020683,27967,128,32,32,3
16,3,"[8, 256, 0, 0, 0, 0, 0, 0, 0, 0, 0, 0, 0, 0, 0, 4, 0, 0, 0, 0, 0, 0, 0, 0, 0, 0, 0, 0, 0, 0]",1,128,256.0,4100.0,7073970271,7073976534,7297665417,7297667497,0,544,544,-1,1,6263,2080,128,32,32,3
12,3,"[8, 256, 0, 0, 0, 0, 0, 0, 0, 0, 0, 0, 0, 0, 0, 8, 256, 0, 0, 0, 0, 0, 0, 0, 0, 0, 0, 0, 0, 0]",1,128,256.0,6144.0,7074041110,7074047155,7297668041,7297670826,0,608,608,-1,1,6045,2785,128,32,32,3
12,3,"[8, 256, 0, 0, 0, 0, 0, 0, 0, 0, 0, 0, 0, 0, 0, 8, 256, 0, 0, 0, 0, 0, 0, 0, 0, 0, 0, 0, 0, 0]",1,128,256.0,6144.0,7074104681,7074110512,7297671434,7297673640,0,1,1,-1,1,5831,2206,128,32,32,3
16,3,"[8, 256, 0, 0, 0, 0, 0, 0, 0, 0, 0, 0, 0, 0, 0, 4, 0, 0, 0, 0, 0, 0, 0, 0, 0, 0, 0, 0, 0, 0]",1,128,256.0,4100.0,7074167128,7074172825,7297673641,7297675690,0,1119,1119,-1,1,5697,2049,128,32,32,3
12,3,"[8, 256, 0, 0, 0, 0, 0, 0, 0, 0, 0, 0, 0, 0, 0, 8, 256, 0, 0, 0, 0, 0, 0, 0, 0, 0, 0, 0, 0, 0]",1,128,256.0,6144.0,7074229038,7074235358,7297676809,7297678985,0,576,576,-1,1,6320,2176,128,32,32,3
12,3,"[8, 256, 0, 0, 0, 0, 0, 0, 0, 0, 0, 0, 0, 0, 0, 8, 256, 0, 0, 0, 0, 0, 0, 0, 0, 0, 0, 0, 0, 0]",1,128,256.0,6144.0,7074292184,7074297514,7297679561,7297681737,0,224,224,-1,1,5330,2176,128,32,32,3
16,3,"[8, 1024, 256, 1, 1, 0, 0, 0, 0, 0, 0, 0, 0, 0, 0, 4, 0, 0, 0, 0, 0, 0, 0, 0, 0, 0, 0, 0, 0, 0]",512,128,262144.0,4194308.0,7074356618,7074552763,7297681961,7297690025,0,1440,1440,-1,1,196145,8064,128,32,32,3
12,3,"[8, 1024, 256, 1, 1, 0, 0, 0, 0, 0, 0, 0, 0, 0, 0, 8, 1024, 256, 1, 1, 0, 0, 0, 0, 0, 0, 0, 0, 0, 0]",512,128,262144.0,6291456.0,7074614369,7074621435,7297691465,7297698025,0,192,192,-1,1,7066,6560,128,32,32,3
12,3,"[8, 1024, 256, 1, 1, 0, 0, 0, 0, 0, 0, 0, 0, 0, 0, 8, 1024, 256, 1, 1, 0, 0, 0, 0, 0, 0, 0, 0, 0, 0]",512,128,262144.0,6291456.0,7074679697,7074685659,7297698217,7297706408,0,1,1,-1,1,5962,8191,128,32,32,3
16,3,"[8, 1024, 0, 0, 0, 0, 0, 0, 0, 0, 0, 0, 0, 0, 0, 4, 0, 0, 0, 0, 0, 0, 0, 0, 0, 0, 0, 0, 0, 0]",2,128,1024.0,16388.0,7074743116,7075135524,7297706409,7297709481,0,512,512,-1,1,392408,3072,128,32,32,3
12,3,"[8, 1024, 0, 0, 0, 0, 0, 0, 0, 0, 0, 0, 0, 0, 0, 8, 1024, 0, 0, 0, 0, 0, 0, 0, 0, 0, 0, 0, 0, 0]",2,128,1024.0,24576.0,7075195104,7075200987,7297709993,7297712520,0,1,1,-1,1,5883,2527,128,32,32,3
12,3,"[8, 1024, 0, 0, 0, 0, 0, 0, 0, 0, 0, 0, 0, 0, 0, 8, 1024, 0, 0, 0, 0, 0, 0, 0, 0, 0, 0, 0, 0, 0]",2,128,1024.0,24576.0,7075258482,7075264260,7297712521,7297714601,0,1312,1312,-1,1,5778,2080,128,32,32,3
16,3,"[8, 1024, 0, 0, 0, 0, 0, 0, 0, 0, 0, 0, 0, 0, 0, 4, 0, 0, 0, 0, 0, 0, 0, 0, 0, 0, 0, 0, 0, 0]",2,128,1024.0,16388.0,7075327209,7075334005,7297715913,7297717993,0,608,608,-1,1,6796,2080,128,32,32,3
12,3,"[8, 1024, 0, 0, 0, 0, 0, 0, 0, 0, 0, 0, 0, 0, 0, 8, 1024, 0, 0, 0, 0, 0, 0, 0, 0, 0, 0, 0, 0, 0]",2,128,1024.0,24576.0,7075391949,7075397917,7297718601,7297720681,0,32,32,-1,1,5968,2080,128,32,32,3
12,3,"[8, 1024, 0, 0, 0, 0, 0, 0, 0, 0, 0, 0, 0, 0, 0, 8, 1024, 0, 0, 0, 0, 0, 0, 0, 0, 0, 0, 0, 0, 0]",2,128,1024.0,24576.0,7075554225,7075561672,7297720713,7297722793,0,1152,1152,-1,1,7447,2080,128,32,32,3
16,3,"[8, 256, 1024, 1, 1, 0, 0, 0, 0, 0, 0, 0, 0, 0, 0, 4, 0, 0, 0, 0, 0, 0, 0, 0, 0, 0, 0, 0, 0, 0]",512,128,262144.0,4194308.0,7075642327,7075652386,7297723945,7297732681,0,352,352,-1,1,10059,8736,128,32,32,3
12,3,"[8, 256, 1024, 1, 1, 0, 0, 0, 0, 0, 0, 0, 0, 0, 0, 8, 256, 1024, 1, 1, 0, 0, 0, 0, 0, 0, 0, 0, 0, 0]",512,128,262144.0,6291456.0,7075726954,7075734795,7297733033,7297739177,0,1376,1376,-1,1,7841,6144,128,32,32,3
12,3,"[8, 256, 1024, 1, 1, 0, 0, 0, 0, 0, 0, 0, 0, 0, 0, 8, 256, 1024, 1, 1, 0, 0, 0, 0, 0, 0, 0, 0, 0, 0]",512,128,262144.0,6291456.0,7075802984,7079757965,7297740553,7297748681,0,576,576,-1,1,3954981,8128,128,32,32,3
16,3,"[8, 256, 0, 0, 0, 0, 0, 0, 0, 0, 0, 0, 0, 0, 0, 4, 0, 0, 0, 0, 0, 0, 0, 0, 0, 0, 0, 0, 0, 0]",1,128,256.0,4100.0,7079835265,7079843482,7297749257,7297751432,0,1,1,-1,1,8217,2175,128,32,32,3
12,3,"[8, 256, 0, 0, 0, 0, 0, 0, 0, 0, 0, 0, 0, 0, 0, 8, 256, 0, 0, 0, 0, 0, 0, 0, 0, 0, 0, 0, 0, 0]",1,128,256.0,6144.0,7079903913,7079910358,7297751433,7297753513,0,1504,1504,-1,1,6445,2080,128,32,32,3
12,3,"[8, 256, 0, 0, 0, 0, 0, 0, 0, 0, 0, 0, 0, 0, 0, 8, 256, 0, 0, 0, 0, 0, 0, 0, 0, 0, 0, 0, 0, 0]",1,128,256.0,6144.0,7079968338,7080340425,7297755017,7297757193,0,384,384,-1,1,372087,2176,128,32,32,3
16,3,"[8, 256, 0, 0, 0, 0, 0, 0, 0, 0, 0, 0, 0, 0, 0, 4, 0, 0, 0, 0, 0, 0, 0, 0, 0, 0, 0, 0, 0, 0]",1,128,256.0,4100.0,7080406007,7080413243,7297757577,7297759624,0,1,1,-1,1,7236,2047,128,32,32,3
12,3,"[8, 256, 0, 0, 0, 0, 0, 0, 0, 0, 0, 0, 0, 0, 0, 8, 256, 0, 0, 0, 0, 0, 0, 0, 0, 0, 0, 0, 0, 0]",1,128,256.0,6144.0,7080470585,7080476975,7297759625,7297761705,0,1376,1376,-1,1,6390,2080,128,32,32,3
12,3,"[8, 256, 0, 0, 0, 0, 0, 0, 0, 0, 0, 0, 0, 0, 0, 8, 256, 0, 0, 0, 0, 0, 0, 0, 0, 0, 0, 0, 0, 0]",1,128,256.0,6144.0,7080534485,7080547517,7297763081,7297765289,0,480,480,-1,1,13032,2208,128,32,32,3
16,3,"[8, 256, 256, 3, 3, 0, 0, 0, 0, 0, 0, 0, 0, 0, 0, 4, 0, 0, 0, 0, 0, 0, 0, 0, 0, 0, 0, 0, 0, 0]",1152,128,589824.0,9437188.0,7080606437,7080612750,7297765769,7297784233,0,1408,1408,-1,1,6313,18464,128,32,32,3
12,3,"[8, 256, 256, 3, 3, 0, 0, 0, 0, 0, 0, 0, 0, 0, 0, 8, 256, 256, 3, 3, 0, 0, 0, 0, 0, 0, 0, 0, 0, 0]",1152,128,589824.0,14155776.0,7080670106,7080676174,7297785641,7297808809,0,1280,1280,-1,1,6068,23168,128,32,32,3
12,3,"[8, 256, 256, 3, 3, 0, 0, 0, 0, 0, 0, 0, 0, 0, 0, 8, 256, 256, 3, 3, 0, 0, 0, 0, 0, 0, 0, 0, 0, 0]",1152,128,589824.0,14155776.0,7080735286,7080740780,7297810089,7297837448,0,1,1,-1,1,5494,27359,128,32,32,3
16,3,"[8, 256, 0, 0, 0, 0, 0, 0, 0, 0, 0, 0, 0, 0, 0, 4, 0, 0, 0, 0, 0, 0, 0, 0, 0, 0, 0, 0, 0, 0]",1,128,256.0,4100.0,7080796707,7090384354,7297837449,7297840649,0,480,480,-1,1,9587647,3200,128,32,32,3
12,3,"[8, 256, 0, 0, 0, 0, 0, 0, 0, 0, 0, 0, 0, 0, 0, 8, 256, 0, 0, 0, 0, 0, 0, 0, 0, 0, 0, 0, 0, 0]",1,128,256.0,6144.0,7090453980,7090461124,7297841129,7297843561,0,32,32,-1,1,7144,2432,128,32,32,3
12,3,"[8, 256, 0, 0, 0, 0, 0, 0, 0, 0, 0, 0, 0, 0, 0, 8, 256, 0, 0, 0, 0, 0, 0, 0, 0, 0, 0, 0, 0, 0]",1,128,256.0,6144.0,7090521707,7090527561,7297843593,7297845673,0,1184,1184,-1,1,5854,2080,128,32,32,3
16,3,"[8, 256, 0, 0, 0, 0, 0, 0, 0, 0, 0, 0, 0, 0, 0, 4, 0, 0, 0, 0, 0, 0, 0, 0, 0, 0, 0, 0, 0, 0]",1,128,256.0,4100.0,7090585692,7092643887,7297846857,7297848841,0,640,640,-1,1,2058195,1984,128,32,32,3
12,3,"[8, 256, 0, 0, 0, 0, 0, 0, 0, 0, 0, 0, 0, 0, 0, 8, 256, 0, 0, 0, 0, 0, 0, 0, 0, 0, 0, 0, 0, 0]",1,128,256.0,6144.0,7092723078,7092731512,7297849481,7297851625,0,256,256,-1,1,8434,2144,128,32,32,3
12,3,"[8, 256, 0, 0, 0, 0, 0, 0, 0, 0, 0, 0, 0, 0, 0, 8, 256, 0, 0, 0, 0, 0, 0, 0, 0, 0, 0, 0, 0, 0]",1,128,256.0,6144.0,7092791141,7092797269,7297851881,7297853865,0,1120,1120,-1,1,6128,1984,128,32,32,3
16,3,"[8, 1024, 256, 1, 1, 0, 0, 0, 0, 0, 0, 0, 0, 0, 0, 4, 0, 0, 0, 0, 0, 0, 0, 0, 0, 0, 0, 0, 0, 0]",512,128,262144.0,4194308.0,7092863599,7092870579,7297854985,7297863465,0,480,480,-1,1,6980,8480,128,32,32,3
12,3,"[8, 1024, 256, 1, 1, 0, 0, 0, 0, 0, 0, 0, 0, 0, 0, 8, 1024, 256, 1, 1, 0, 0, 0, 0, 0, 0, 0, 0, 0, 0]",512,128,262144.0,6291456.0,7092929004,7092935288,7297863945,7297870249,0,1408,1408,-1,1,6284,6304,128,32,32,3
12,3,"[8, 1024, 256, 1, 1, 0, 0, 0, 0, 0, 0, 0, 0, 0, 0, 8, 1024, 256, 1, 1, 0, 0, 0, 0, 0, 0, 0, 0, 0, 0]",512,128,262144.0,6291456.0,7092991531,7092997803,7297871657,7297880105,0,352,352,-1,1,6272,8448,128,32,32,3
16,3,"[8, 1024, 0, 0, 0, 0, 0, 0, 0, 0, 0, 0, 0, 0, 0, 4, 0, 0, 0, 0, 0, 0, 0, 0, 0, 0, 0, 0, 0, 0]",2,128,1024.0,16388.0,7093053270,7093058856,7297880457,7297882504,0,1,1,-1,1,5586,2047,128,32,32,3
12,3,"[8, 1024, 0, 0, 0, 0, 0, 0, 0, 0, 0, 0, 0, 0, 0, 8, 1024, 0, 0, 0, 0, 0, 0, 0, 0, 0, 0, 0, 0, 0]",2,128,1024.0,24576.0,7093115419,7093286378,7297882505,7297884585,0,1280,1280,-1,1,170959,2080,128,32,32,3
12,3,"[8, 1024, 0, 0, 0, 0, 0, 0, 0, 0, 0, 0, 0, 0, 0, 8, 1024, 0, 0, 0, 0, 0, 0, 0, 0, 0, 0, 0, 0, 0]",2,128,1024.0,24576.0,7093346120,7093352261,7297885865,7297887977,0,640,640,-1,1,6141,2112,128,32,32,3
16,3,"[8, 1024, 0, 0, 0, 0, 0, 0, 0, 0, 0, 0, 0, 0, 0, 4, 0, 0, 0, 0, 0, 0, 0, 0, 0, 0, 0, 0, 0, 0]",2,128,1024.0,16388.0,7093412305,7093418688,7297888617,7297890696,0,1,1,-1,1,6383,2079,128,32,32,3
12,3,"[8, 1024, 0, 0, 0, 0, 0, 0, 0, 0, 0, 0, 0, 0, 0, 8, 1024, 0, 0, 0, 0, 0, 0, 0, 0, 0, 0, 0, 0, 0]",2,128,1024.0,24576.0,7093473929,7093867674,7297890697,7297892777,0,1184,1184,-1,1,393745,2080,128,32,32,3
12,3,"[8, 1024, 0, 0, 0, 0, 0, 0, 0, 0, 0, 0, 0, 0, 0, 8, 1024, 0, 0, 0, 0, 0, 0, 0, 0, 0, 0, 0, 0, 0]",2,128,1024.0,24576.0,7093926528,7093932406,7297893961,7297896393,0,448,448,-1,1,5878,2432,128,32,32,3
16,3,"[8, 256, 1024, 1, 1, 0, 0, 0, 0, 0, 0, 0, 0, 0, 0, 4, 0, 0, 0, 0, 0, 0, 0, 0, 0, 0, 0, 0, 0, 0]",512,128,262144.0,4194308.0,7093991276,7093996852,7297896841,7297905065,0,1024,1024,-1,1,5576,8224,128,32,32,3
12,3,"[8, 256, 1024, 1, 1, 0, 0, 0, 0, 0, 0, 0, 0, 0, 0, 8, 256, 1024, 1, 1, 0, 0, 0, 0, 0, 0, 0, 0, 0, 0]",512,128,262144.0,6291456.0,7094054313,7094059837,7297906089,7297913065,0,224,224,-1,1,5524,6976,128,32,32,3
12,3,"[8, 256, 1024, 1, 1, 0, 0, 0, 0, 0, 0, 0, 0, 0, 0, 8, 256, 1024, 1, 1, 0, 0, 0, 0, 0, 0, 0, 0, 0, 0]",512,128,262144.0,6291456.0,7094123572,7094129741,7297913289,7297921449,0,1120,1120,-1,1,6169,8160,128,32,32,3
16,3,"[8, 256, 0, 0, 0, 0, 0, 0, 0, 0, 0, 0, 0, 0, 0, 4, 0, 0, 0, 0, 0, 0, 0, 0, 0, 0, 0, 0, 0, 0]",1,128,256.0,4100.0,7094188817,7094194540,7297922569,7297924649,0,544,544,-1,1,5723,2080,128,32,32,3
12,3,"[8, 256, 0, 0, 0, 0, 0, 0, 0, 0, 0, 0, 0, 0, 0, 8, 256, 0, 0, 0, 0, 0, 0, 0, 0, 0, 0, 0, 0, 0]",1,128,256.0,6144.0,7094251394,7094256823,7297925193,7297927593,0,288,288,-1,1,5429,2400,128,32,32,3
12,3,"[8, 256, 0, 0, 0, 0, 0, 0, 0, 0, 0, 0, 0, 0, 0, 8, 256, 0, 0, 0, 0, 0, 0, 0, 0, 0, 0, 0, 0, 0]",1,128,256.0,6144.0,7094312856,7094318736,7297927881,7297929641,0,1344,1344,-1,1,5880,1760,128,32,32,3
16,3,"[8, 256, 0, 0, 0, 0, 0, 0, 0, 0, 0, 0, 0, 0, 0, 4, 0, 0, 0, 0, 0, 0, 0, 0, 0, 0, 0, 0, 0, 0]",1,128,256.0,4100.0,7094377053,7098489299,7297930985,7297932969,0,608,608,-1,1,4112246,1984,128,32,32,3
12,3,"[8, 256, 0, 0, 0, 0, 0, 0, 0, 0, 0, 0, 0, 0, 0, 8, 256, 0, 0, 0, 0, 0, 0, 0, 0, 0, 0, 0, 0, 0]",1,128,256.0,6144.0,7098553902,7098561025,7297933577,7297935785,0,320,320,-1,1,7123,2208,128,32,32,3
12,3,"[8, 256, 0, 0, 0, 0, 0, 0, 0, 0, 0, 0, 0, 0, 0, 8, 256, 0, 0, 0, 0, 0, 0, 0, 0, 0, 0, 0, 0, 0]",1,128,256.0,6144.0,7098619110,7098625012,7297936105,7297937833,0,1536,1536,-1,1,5902,1728,128,32,32,3
16,3,"[8, 256, 256, 3, 3, 0, 0, 0, 0, 0, 0, 0, 0, 0, 0, 4, 0, 0, 0, 0, 0, 0, 0, 0, 0, 0, 0, 0, 0, 0]",1152,128,589824.0,9437188.0,7098682571,7099073023,7297939369,7297958280,0,1,1,-1,1,390452,18911,128,32,32,3
12,3,"[8, 256, 256, 3, 3, 0, 0, 0, 0, 0, 0, 0, 0, 0, 0, 8, 256, 256, 3, 3, 0, 0, 0, 0, 0, 0, 0, 0, 0, 0]",1152,128,589824.0,14155776.0,7099133483,7099139657,7297958281,7297982856,0,1,1,-1,1,6174,24575,128,32,32,3
12,3,"[8, 256, 256, 3, 3, 0, 0, 0, 0, 0, 0, 0, 0, 0, 0, 8, 256, 256, 3, 3, 0, 0, 0, 0, 0, 0, 0, 0, 0, 0]",1152,128,589824.0,14155776.0,7099197653,7099203082,7297982857,7298011336,0,224,224,-1,1,5429,28479,128,32,32,3
16,3,"[8, 256, 0, 0, 0, 0, 0, 0, 0, 0, 0, 0, 0, 0, 0, 4, 0, 0, 0, 0, 0, 0, 0, 0, 0, 0, 0, 0, 0, 0]",1,128,256.0,4100.0,7099265532,7099271186,7298011560,7298013609,0,1151,1151,-1,1,5654,2049,128,32,32,3
12,3,"[8, 256, 0, 0, 0, 0, 0, 0, 0, 0, 0, 0, 0, 0, 0, 8, 256, 0, 0, 0, 0, 0, 0, 0, 0, 0, 0, 0, 0, 0]",1,128,256.0,6144.0,7099426965,7099434665,7298014760,7298017576,0,128,128,-1,1,7700,2816,128,32,32,3
12,3,"[8, 256, 0, 0, 0, 0, 0, 0, 0, 0, 0, 0, 0, 0, 0, 8, 256, 0, 0, 0, 0, 0, 0, 0, 0, 0, 0, 0, 0, 0]",1,128,256.0,6144.0,7099498733,7099506004,7298017704,7298019753,0,1088,1088,-1,1,7271,2049,128,32,32,3
16,3,"[8, 256, 0, 0, 0, 0, 0, 0, 0, 0, 0, 0, 0, 0, 0, 4, 0, 0, 0, 0, 0, 0, 0, 0, 0, 0, 0, 0, 0, 0]",1,128,256.0,4100.0,7099565054,7099571244,7298020841,7298022825,0,608,608,-1,1,6190,1984,128,32,32,3
12,3,"[8, 256, 0, 0, 0, 0, 0, 0, 0, 0, 0, 0, 0, 0, 0, 8, 256, 0, 0, 0, 0, 0, 0, 0, 0, 0, 0, 0, 0, 0]",1,128,256.0,6144.0,7099634537,7109116157,7298023433,7298025608,0,288,288,-1,1,9481620,2175,128,32,32,3
12,3,"[8, 256, 0, 0, 0, 0, 0, 0, 0, 0, 0, 0, 0, 0, 0, 8, 256, 0, 0, 0, 0, 0, 0, 0, 0, 0, 0, 0, 0, 0]",1,128,256.0,6144.0,7109188499,7109195390,7298025896,7298027944,0,1024,1024,-1,1,6891,2048,128,32,32,3
16,3,"[8, 1024, 256, 1, 1, 0, 0, 0, 0, 0, 0, 0, 0, 0, 0, 4, 0, 0, 0, 0, 0, 0, 0, 0, 0, 0, 0, 0, 0, 0]",512,128,262144.0,4194308.0,7109257664,7109264310,7298028968,7298037480,0,576,576,-1,1,6646,8512,128,32,32,3
12,3,"[8, 1024, 256, 1, 1, 0, 0, 0, 0, 0, 0, 0, 0, 0, 0, 8, 1024, 256, 1, 1, 0, 0, 0, 0, 0, 0, 0, 0, 0, 0]",512,128,262144.0,6291456.0,7109322396,7111376508,7298038056,7298044328,0,1120,1120,-1,1,2054112,6272,128,32,32,3
12,3,"[8, 1024, 256, 1, 1, 0, 0, 0, 0, 0, 0, 0, 0, 0, 0, 8, 1024, 256, 1, 1, 0, 0, 0, 0, 0, 0, 0, 0, 0, 0]",512,128,262144.0,6291456.0,7111437964,7111444315,7298045448,7298053704,0,576,576,-1,1,6351,8256,128,32,32,3
16,3,"[8, 1024, 0, 0, 0, 0, 0, 0, 0, 0, 0, 0, 0, 0, 0, 4, 0, 0, 0, 0, 0, 0, 0, 0, 0, 0, 0, 0, 0, 0]",2,128,1024.0,16388.0,7111503553,7111509262,7298054280,7298056583,0,1,1,-1,1,5709,2303,128,32,32,3
12,3,"[8, 1024, 0, 0, 0, 0, 0, 0, 0, 0, 0, 0, 0, 0, 0, 8, 1024, 0, 0, 0, 0, 0, 0, 0, 0, 0, 0, 0, 0, 0]",2,128,1024.0,24576.0,7111570187,7111575975,7298056584,7298058664,0,1184,1184,-1,1,5788,2080,128,32,32,3
12,3,"[8, 1024, 0, 0, 0, 0, 0, 0, 0, 0, 0, 0, 0, 0, 0, 8, 1024, 0, 0, 0, 0, 0, 0, 0, 0, 0, 0, 0, 0, 0]",2,128,1024.0,24576.0,7111638516,7111644773,7298059848,7298061992,0,640,640,-1,1,6257,2144,128,32,32,3
16,3,"[8, 1024, 0, 0, 0, 0, 0, 0, 0, 0, 0, 0, 0, 0, 0, 4, 0, 0, 0, 0, 0, 0, 0, 0, 0, 0, 0, 0, 0, 0]",2,128,1024.0,16388.0,7111702767,7111708946,7298062632,7298064744,0,288,288,-1,1,6179,2112,128,32,32,3
12,3,"[8, 1024, 0, 0, 0, 0, 0, 0, 0, 0, 0, 0, 0, 0, 0, 8, 1024, 0, 0, 0, 0, 0, 0, 0, 0, 0, 0, 0, 0, 0]",2,128,1024.0,24576.0,7111766983,7111773394,7298065032,7298066856,0,1184,1184,-1,1,6411,1824,128,32,32,3
12,3,"[8, 1024, 0, 0, 0, 0, 0, 0, 0, 0, 0, 0, 0, 0, 0, 8, 1024, 0, 0, 0, 0, 0, 0, 0, 0, 0, 0, 0, 0, 0]",2,128,1024.0,24576.0,7111829936,7112021320,7298068040,7298070216,0,576,576,-1,1,191384,2176,128,32,32,3
16,3,"[8, 256, 1024, 1, 1, 0, 0, 0, 0, 0, 0, 0, 0, 0, 0, 4, 0, 0, 0, 0, 0, 0, 0, 0, 0, 0, 0, 0, 0, 0]",512,128,262144.0,4194308.0,7112082609,7112089173,7298070792,7298079144,0,544,544,-1,1,6564,8352,128,32,32,3
12,3,"[8, 256, 1024, 1, 1, 0, 0, 0, 0, 0, 0, 0, 0, 0, 0, 8, 256, 1024, 1, 1, 0, 0, 0, 0, 0, 0, 0, 0, 0, 0]",512,128,262144.0,6291456.0,7112145551,7112151562,7298079688,7298086984,0,352,352,-1,1,6011,7296,128,32,32,3
12,3,"[8, 256, 1024, 1, 1, 0, 0, 0, 0, 0, 0, 0, 0, 0, 0, 8, 256, 1024, 1, 1, 0, 0, 0, 0, 0, 0, 0, 0, 0, 0]",512,128,262144.0,6291456.0,7112207796,7112602579,7298087336,7298095528,0,640,640,-1,1,394783,8192,128,32,32,3
16,3,"[8, 256, 0, 0, 0, 0, 0, 0, 0, 0, 0, 0, 0, 0, 0, 4, 0, 0, 0, 0, 0, 0, 0, 0, 0, 0, 0, 0, 0, 0]",1,128,256.0,4100.0,7112662432,7112669123,7298096168,7298097576,0,1472,1472,-1,1,6691,1408,128,32,32,3
12,3,"[8, 256, 0, 0, 0, 0, 0, 0, 0, 0, 0, 0, 0, 0, 0, 8, 256, 0, 0, 0, 0, 0, 0, 0, 0, 0, 0, 0, 0, 0]",1,128,256.0,6144.0,7112725965,7112731866,7298099048,7298101256,0,384,384,-1,1,5901,2208,128,32,32,3
12,3,"[8, 256, 0, 0, 0, 0, 0, 0, 0, 0, 0, 0, 0, 0, 0, 8, 256, 0, 0, 0, 0, 0, 0, 0, 0, 0, 0, 0, 0, 0]",1,128,256.0,6144.0,7112788193,7112793892,7298101640,7298103687,0,1,1,-1,1,5699,2047,128,32,32,3
16,3,"[8, 256, 0, 0, 0, 0, 0, 0, 0, 0, 0, 0, 0, 0, 0, 4, 0, 0, 0, 0, 0, 0, 0, 0, 0, 0, 0, 0, 0, 0]",1,128,256.0,4100.0,7112854729,7112861172,7298103688,7298105768,0,1408,1408,-1,1,6443,2080,128,32,32,3
12,3,"[8, 256, 0, 0, 0, 0, 0, 0, 0, 0, 0, 0, 0, 0, 0, 8, 256, 0, 0, 0, 0, 0, 0, 0, 0, 0, 0, 0, 0, 0]",1,128,256.0,6144.0,7112917683,7112923699,7298107176,7298109384,0,448,448,-1,1,6016,2208,128,32,32,3
12,3,"[8, 256, 0, 0, 0, 0, 0, 0, 0, 0, 0, 0, 0, 0, 0, 8, 256, 0, 0, 0, 0, 0, 0, 0, 0, 0, 0, 0, 0, 0]",1,128,256.0,6144.0,7112979861,7112985517,7298109832,7298111879,0,1,1,-1,1,5656,2047,128,32,32,3
16,3,"[8, 256, 256, 3, 3, 0, 0, 0, 0, 0, 0, 0, 0, 0, 0, 4, 0, 0, 0, 0, 0, 0, 0, 0, 0, 0, 0, 0, 0, 0]",1152,128,589824.0,9437188.0,7113042484,7113048587,7298111880,7298130344,0,1472,1472,-1,1,6103,18464,128,32,32,3
12,3,"[8, 256, 256, 3, 3, 0, 0, 0, 0, 0, 0, 0, 0, 0, 0, 8, 256, 256, 3, 3, 0, 0, 0, 0, 0, 0, 0, 0, 0, 0]",1152,128,589824.0,14155776.0,7113107472,7117224702,7298131816,7298154919,0,1,1,-1,1,4117230,23103,128,32,32,3
12,3,"[8, 256, 256, 3, 3, 0, 0, 0, 0, 0, 0, 0, 0, 0, 0, 8, 256, 256, 3, 3, 0, 0, 0, 0, 0, 0, 0, 0, 0, 0]",1152,128,589824.0,14155776.0,7117288501,7117294842,7298154920,7298183368,0,192,192,-1,1,6341,28448,128,32,32,3
16,3,"[8, 256, 0, 0, 0, 0, 0, 0, 0, 0, 0, 0, 0, 0, 0, 4, 0, 0, 0, 0, 0, 0, 0, 0, 0, 0, 0, 0, 0, 0]",1,128,256.0,4100.0,7117353494,7117359347,7298183560,7298185640,0,1184,1184,-1,1,5853,2080,128,32,32,3
12,3,"[8, 256, 0, 0, 0, 0, 0, 0, 0, 0, 0, 0, 0, 0, 0, 8, 256, 0, 0, 0, 0, 0, 0, 0, 0, 0, 0, 0, 0, 0]",1,128,256.0,6144.0,7117416383,7117807608,7298186824,7298189576,0,224,224,-1,1,391225,2752,128,32,32,3
12,3,"[8, 256, 0, 0, 0, 0, 0, 0, 0, 0, 0, 0, 0, 0, 0, 8, 256, 0, 0, 0, 0, 0, 0, 0, 0, 0, 0, 0, 0, 0]",1,128,256.0,6144.0,7117866321,7117872608,7298189800,7298191784,0,1088,1088,-1,1,6287,1984,128,32,32,3
16,3,"[8, 256, 0, 0, 0, 0, 0, 0, 0, 0, 0, 0, 0, 0, 0, 4, 0, 0, 0, 0, 0, 0, 0, 0, 0, 0, 0, 0, 0, 0]",1,128,256.0,4100.0,7117933734,7117939921,7298192872,7298194888,0,576,576,-1,1,6187,2016,128,32,32,3
12,3,"[8, 256, 0, 0, 0, 0, 0, 0, 0, 0, 0, 0, 0, 0, 0, 8, 256, 0, 0, 0, 0, 0, 0, 0, 0, 0, 0, 0, 0, 0]",1,128,256.0,6144.0,7117996318,7118002315,7298195464,7298197800,0,224,224,-1,1,5997,2336,128,32,32,3
12,3,"[8, 256, 0, 0, 0, 0, 0, 0, 0, 0, 0, 0, 0, 0, 0, 8, 256, 0, 0, 0, 0, 0, 0, 0, 0, 0, 0, 0, 0, 0]",1,128,256.0,6144.0,7118057732,7118063717,7298198024,7298199976,0,1120,1120,-1,1,5985,1952,128,32,32,3
16,3,"[8, 1024, 256, 1, 1, 0, 0, 0, 0, 0, 0, 0, 0, 0, 0, 4, 0, 0, 0, 0, 0, 0, 0, 0, 0, 0, 0, 0, 0, 0]",512,128,262144.0,4194308.0,7118121969,7118128038,7298201096,7298209320,0,608,608,-1,1,6069,8224,128,32,32,3
12,3,"[8, 1024, 256, 1, 1, 0, 0, 0, 0, 0, 0, 0, 0, 0, 0, 8, 1024, 256, 1, 1, 0, 0, 0, 0, 0, 0, 0, 0, 0, 0]",512,128,262144.0,6291456.0,7118186056,7118192560,7298209928,7298216360,0,1088,1088,-1,1,6504,6432,128,32,32,3
12,3,"[8, 1024, 256, 1, 1, 0, 0, 0, 0, 0, 0, 0, 0, 0, 0, 8, 1024, 256, 1, 1, 0, 0, 0, 0, 0, 0, 0, 0, 0, 0]",512,128,262144.0,6291456.0,7118250010,7127852339,7298217448,7298226056,0,544,544,-1,1,9602329,8608,128,32,32,3
16,3,"[8, 1024, 0, 0, 0, 0, 0, 0, 0, 0, 0, 0, 0, 0, 0, 4, 0, 0, 0, 0, 0, 0, 0, 0, 0, 0, 0, 0, 0, 0]",2,128,1024.0,16388.0,7127937112,7127946802,7298226600,7298228615,0,1,1,-1,1,9690,2015,128,32,32,3
12,3,"[8, 1024, 0, 0, 0, 0, 0, 0, 0, 0, 0, 0, 0, 0, 0, 8, 1024, 0, 0, 0, 0, 0, 0, 0, 0, 0, 0, 0, 0, 0]",2,128,1024.0,24576.0,7128010117,7128016325,7298228616,7298230696,0,1344,1344,-1,1,6208,2080,128,32,32,3
12,3,"[8, 1024, 0, 0, 0, 0, 0, 0, 0, 0, 0, 0, 0, 0, 0, 8, 1024, 0, 0, 0, 0, 0, 0, 0, 0, 0, 0, 0, 0, 0]",2,128,1024.0,24576.0,7128074456,7130109671,7298232040,7298234152,0,576,576,-1,1,2035215,2112,128,32,32,3
16,3,"[8, 1024, 0, 0, 0, 0, 0, 0, 0, 0, 0, 0, 0, 0, 0, 4, 0, 0, 0, 0, 0, 0, 0, 0, 0, 0, 0, 0, 0, 0]",2,128,1024.0,16388.0,7130194741,7130203804,7298234728,7298236807,0,1,1,-1,1,9063,2079,128,32,32,3
12,3,"[8, 1024, 0, 0, 0, 0, 0, 0, 0, 0, 0, 0, 0, 0, 0, 8, 1024, 0, 0, 0, 0, 0, 0, 0, 0, 0, 0, 0, 0, 0]",2,128,1024.0,24576.0,7130265446,7130271922,7298236808,7298238888,0,1056,1056,-1,1,6476,2080,128,32,32,3
12,3,"[8, 1024, 0, 0, 0, 0, 0, 0, 0, 0, 0, 0, 0, 0, 0, 8, 1024, 0, 0, 0, 0, 0, 0, 0, 0, 0, 0, 0, 0, 0]",2,128,1024.0,24576.0,7130329409,7130335572,7298239944,7298242120,0,576,576,-1,1,6163,2176,128,32,32,3
16,3,"[8, 256, 1024, 1, 1, 0, 0, 0, 0, 0, 0, 0, 0, 0, 0, 4, 0, 0, 0, 0, 0, 0, 0, 0, 0, 0, 0, 0, 0, 0]",512,128,262144.0,4194308.0,7130394189,7130400140,7298242696,7298251143,0,1,1,-1,1,5951,8447,128,32,32,3
12,3,"[8, 256, 1024, 1, 1, 0, 0, 0, 0, 0, 0, 0, 0, 0, 0, 8, 256, 1024, 1, 1, 0, 0, 0, 0, 0, 0, 0, 0, 0, 0]",512,128,262144.0,6291456.0,7130562274,7130570155,7298251144,7298258696,0,512,512,-1,1,7881,7552,128,32,32,3
12,3,"[8, 256, 1024, 1, 1, 0, 0, 0, 0, 0, 0, 0, 0, 0, 0, 8, 256, 1024, 1, 1, 0, 0, 0, 0, 0, 0, 0, 0, 0, 0]",512,128,262144.0,6291456.0,7130639656,7130646004,7298259208,7298267527,0,1,1,-1,1,6348,8319,128,32,32,3
16,3,"[8, 256, 0, 0, 0, 0, 0, 0, 0, 0, 0, 0, 0, 0, 0, 4, 0, 0, 0, 0, 0, 0, 0, 0, 0, 0, 0, 0, 0, 0]",1,128,256.0,4100.0,7130705314,7130752306,7298267528,7298269608,0,1312,1312,-1,1,46992,2080,128,32,32,3
12,3,"[8, 256, 0, 0, 0, 0, 0, 0, 0, 0, 0, 0, 0, 0, 0, 8, 256, 0, 0, 0, 0, 0, 0, 0, 0, 0, 0, 0, 0, 0]",1,128,256.0,6144.0,7130810950,7130816938,7298270920,7298273064,0,576,576,-1,1,5988,2144,128,32,32,3
12,3,"[8, 256, 0, 0, 0, 0, 0, 0, 0, 0, 0, 0, 0, 0, 0, 8, 256, 0, 0, 0, 0, 0, 0, 0, 0, 0, 0, 0, 0, 0]",1,128,256.0,6144.0,7130875097,7130881204,7298273640,7298275752,0,416,416,-1,1,6107,2112,128,32,32,3
16,3,"[8, 256, 0, 0, 0, 0, 0, 0, 0, 0, 0, 0, 0, 0, 0, 4, 0, 0, 0, 0, 0, 0, 0, 0, 0, 0, 0, 0, 0, 0]",1,128,256.0,4100.0,7130938155,7131334845,7298276168,7298277800,0,1248,1248,-1,1,396690,1632,128,32,32,3
12,3,"[8, 256, 0, 0, 0, 0, 0, 0, 0, 0, 0, 0, 0, 0, 0, 8, 256, 0, 0, 0, 0, 0, 0, 0, 0, 0, 0, 0, 0, 0]",1,128,256.0,6144.0,7131394226,7131400886,7298279048,7298281288,0,544,544,-1,1,6660,2240,128,32,32,3
12,3,"[8, 256, 0, 0, 0, 0, 0, 0, 0, 0, 0, 0, 0, 0, 0, 8, 256, 0, 0, 0, 0, 0, 0, 0, 0, 0, 0, 0, 0, 0]",1,128,256.0,6144.0,7131458980,7131465531,7298281832,7298283944,0,416,416,-1,1,6551,2112,128,32,32,3
16,3,"[8, 256, 256, 3, 3, 0, 0, 0, 0, 0, 0, 0, 0, 0, 0, 4, 0, 0, 0, 0, 0, 0, 0, 0, 0, 0, 0, 0, 0, 0]",1152,128,589824.0,9437188.0,7131530660,7131537031,7298284360,7298303880,0,512,512,-1,1,6371,19520,128,32,32,3
12,3,"[8, 256, 256, 3, 3, 0, 0, 0, 0, 0, 0, 0, 0, 0, 0, 8, 256, 256, 3, 3, 0, 0, 0, 0, 0, 0, 0, 0, 0, 0]",1152,128,589824.0,14155776.0,7131593899,7131605338,7298304392,7298326952,0,1504,1504,-1,1,11439,22560,128,32,32,3
12,3,"[8, 256, 256, 3, 3, 0, 0, 0, 0, 0, 0, 0, 0, 0, 0, 8, 256, 256, 3, 3, 0, 0, 0, 0, 0, 0, 0, 0, 0, 0]",1152,128,589824.0,14155776.0,7131662651,7131668675,7298328456,7298355622,0,1,1,-1,1,6024,27166,128,32,32,3
16,3,"[8, 256, 0, 0, 0, 0, 0, 0, 0, 0, 0, 0, 0, 0, 0, 4, 0, 0, 0, 0, 0, 0, 0, 0, 0, 0, 0, 0, 0, 0]",1,128,256.0,4100.0,7131726351,7131732112,7298355623,7298358823,0,608,608,-1,1,5761,3200,128,32,32,3
12,3,"[8, 256, 0, 0, 0, 0, 0, 0, 0, 0, 0, 0, 0, 0, 0, 8, 256, 0, 0, 0, 0, 0, 0, 0, 0, 0, 0, 0, 0, 0]",1,128,256.0,6144.0,7131787059,7131793082,7298359431,7298361767,0,352,352,-1,1,6023,2336,128,32,32,3
12,3,"[8, 256, 0, 0, 0, 0, 0, 0, 0, 0, 0, 0, 0, 0, 0, 8, 256, 0, 0, 0, 0, 0, 0, 0, 0, 0, 0, 0, 0, 0]",1,128,256.0,6144.0,7131847419,7135956758,7298362119,7298363815,0,1345,1345,-1,1,4109339,1696,128,32,32,3
16,3,"[8, 256, 0, 0, 0, 0, 0, 0, 0, 0, 0, 0, 0, 0, 0, 4, 0, 0, 0, 0, 0, 0, 0, 0, 0, 0, 0, 0, 0, 0]",1,128,256.0,4100.0,7136032251,7136040466,7298365160,7298367175,0,608,608,-1,1,8215,2015,128,32,32,3
12,3,"[8, 256, 0, 0, 0, 0, 0, 0, 0, 0, 0, 0, 0, 0, 0, 8, 256, 0, 0, 0, 0, 0, 0, 0, 0, 0, 0, 0, 0, 0]",1,128,256.0,6144.0,7136100590,7136107812,7298367783,7298369959,0,224,224,-1,1,7222,2176,128,32,32,3
12,3,"[8, 256, 0, 0, 0, 0, 0, 0, 0, 0, 0, 0, 0, 0, 0, 8, 256, 0, 0, 0, 0, 0, 0, 0, 0, 0, 0, 0, 0, 0]",1,128,256.0,6144.0,7136170969,7136539898,7298370183,7298372008,0,1280,1280,-1,1,368929,1825,128,32,32,3
16,3,"[8, 1024, 256, 1, 1, 0, 0, 0, 0, 0, 0, 0, 0, 0, 0, 4, 0, 0, 0, 0, 0, 0, 0, 0, 0, 0, 0, 0, 0, 0]",512,128,262144.0,4194308.0,7136609909,7136617506,7298373288,7298381831,0,384,384,-1,1,7597,8543,128,32,32,3
12,3,"[8, 1024, 256, 1, 1, 0, 0, 0, 0, 0, 0, 0, 0, 0, 0, 8, 1024, 256, 1, 1, 0, 0, 0, 0, 0, 0, 0, 0, 0, 0]",512,128,262144.0,6291456.0,7136676678,7136684265,7298382215,7298388391,0,1248,1248,-1,1,7587,6176,128,32,32,3
12,3,"[8, 1024, 256, 1, 1, 0, 0, 0, 0, 0, 0, 0, 0, 0, 0, 8, 1024, 256, 1, 1, 0, 0, 0, 0, 0, 0, 0, 0, 0, 0]",512,128,262144.0,6291456.0,7136743488,7136749283,7298389639,7298397959,0,544,544,-1,1,5795,8320,128,32,32,3
16,3,"[8, 1024, 0, 0, 0, 0, 0, 0, 0, 0, 0, 0, 0, 0, 0, 4, 0, 0, 0, 0, 0, 0, 0, 0, 0, 0, 0, 0, 0, 0]",2,128,1024.0,16388.0,7136807050,7136812587,7298398503,7298400679,0,224,224,-1,1,5537,2176,128,32,32,3
12,3,"[8, 1024, 0, 0, 0, 0, 0, 0, 0, 0, 0, 0, 0, 0, 0, 8, 1024, 0, 0, 0, 0, 0, 0, 0, 0, 0, 0, 0, 0, 0]",2,128,1024.0,24576.0,7136870117,7136876774,7298400903,7298402727,0,1280,1280,-1,1,6657,1824,128,32,32,3
12,3,"[8, 1024, 0, 0, 0, 0, 0, 0, 0, 0, 0, 0, 0, 0, 0, 8, 1024, 0, 0, 0, 0, 0, 0, 0, 0, 0, 0, 0, 0, 0]",2,128,1024.0,24576.0,7136932683,7136938371,7298404007,7298406119,0,576,576,-1,1,5688,2112,128,32,32,3
16,3,"[8, 1024, 0, 0, 0, 0, 0, 0, 0, 0, 0, 0, 0, 0, 0, 4, 0, 0, 0, 0, 0, 0, 0, 0, 0, 0, 0, 0, 0, 0]",2,128,1024.0,16388.0,7136994525,7146583603,7298406695,7298408871,0,224,224,-1,1,9589078,2176,128,32,32,3
12,3,"[8, 1024, 0, 0, 0, 0, 0, 0, 0, 0, 0, 0, 0, 0, 0, 8, 1024, 0, 0, 0, 0, 0, 0, 0, 0, 0, 0, 0, 0, 0]",2,128,1024.0,24576.0,7146650361,7146657098,7298409095,7298410919,0,1120,1120,-1,1,6737,1824,128,32,32,3
12,3,"[8, 1024, 0, 0, 0, 0, 0, 0, 0, 0, 0, 0, 0, 0, 0, 8, 1024, 0, 0, 0, 0, 0, 0, 0, 0, 0, 0, 0, 0, 0]",2,128,1024.0,24576.0,7146716283,7146722474,7298412039,7298414183,0,640,640,-1,1,6191,2144,128,32,32,3
16,3,"[8, 256, 1024, 1, 1, 0, 0, 0, 0, 0, 0, 0, 0, 0, 0, 4, 0, 0, 0, 0, 0, 0, 0, 0, 0, 0, 0, 0, 0, 0]",512,128,262144.0,4194308.0,7146781073,7148848285,7298414823,7298423207,0,576,576,-1,1,2067212,8384,128,32,32,3
12,3,"[8, 256, 1024, 1, 1, 0, 0, 0, 0, 0, 0, 0, 0, 0, 0, 8, 256, 1024, 1, 1, 0, 0, 0, 0, 0, 0, 0, 0, 0, 0]",512,128,262144.0,6291456.0,7148911668,7148918379,7298423783,7298430983,0,384,384,-1,1,6711,7200,128,32,32,3
12,3,"[8, 256, 1024, 1, 1, 0, 0, 0, 0, 0, 0, 0, 0, 0, 0, 8, 256, 1024, 1, 1, 0, 0, 0, 0, 0, 0, 0, 0, 0, 0]",512,128,262144.0,6291456.0,7148975772,7148981800,7298431367,7298439591,0,1184,1184,-1,1,6028,8224,128,32,32,3
16,3,"[8, 256, 0, 0, 0, 0, 0, 0, 0, 0, 0, 0, 0, 0, 0, 4, 0, 0, 0, 0, 0, 0, 0, 0, 0, 0, 0, 0, 0, 0]",1,128,256.0,4100.0,7149038730,7149044883,7298440775,7298442791,0,544,544,-1,1,6153,2016,128,32,32,3
12,3,"[8, 256, 0, 0, 0, 0, 0, 0, 0, 0, 0, 0, 0, 0, 0, 8, 256, 0, 0, 0, 0, 0, 0, 0, 0, 0, 0, 0, 0, 0]",1,128,256.0,6144.0,7149102194,7149107698,7298443335,7298445511,0,224,224,-1,1,5504,2176,128,32,32,3
12,3,"[8, 256, 0, 0, 0, 0, 0, 0, 0, 0, 0, 0, 0, 0, 0, 8, 256, 0, 0, 0, 0, 0, 0, 0, 0, 0, 0, 0, 0, 0]",1,128,256.0,6144.0,7149168458,7149174933,7298445735,7298447783,0,1088,1088,-1,1,6475,2048,128,32,32,3
16,3,"[8, 256, 0, 0, 0, 0, 0, 0, 0, 0, 0, 0, 0, 0, 0, 4, 0, 0, 0, 0, 0, 0, 0, 0, 0, 0, 0, 0, 0, 0]",1,128,256.0,4100.0,7149231800,7149237463,7298448871,7298450887,0,608,608,-1,1,5663,2016,128,32,32,3
12,3,"[8, 256, 0, 0, 0, 0, 0, 0, 0, 0, 0, 0, 0, 0, 0, 8, 256, 0, 0, 0, 0, 0, 0, 0, 0, 0, 0, 0, 0, 0]",1,128,256.0,6144.0,7149293086,7149493203,7298451495,7298453671,0,256,256,-1,1,200117,2176,128,32,32,3
12,3,"[8, 256, 0, 0, 0, 0, 0, 0, 0, 0, 0, 0, 0, 0, 0, 8, 256, 0, 0, 0, 0, 0, 0, 0, 0, 0, 0, 0, 0, 0]",1,128,256.0,6144.0,7149557760,7149563927,7298453927,7298455975,0,1024,1024,-1,1,6167,2048,128,32,32,3
16,3,"[8, 256, 256, 3, 3, 0, 0, 0, 0, 0, 0, 0, 0, 0, 0, 4, 0, 0, 0, 0, 0, 0, 0, 0, 0, 0, 0, 0, 0, 0]",1152,128,589824.0,9437188.0,7149623465,7149629788,7298456999,7298475815,0,544,544,-1,1,6323,18816,128,32,32,3
12,3,"[8, 256, 256, 3, 3, 0, 0, 0, 0, 0, 0, 0, 0, 0, 0, 8, 256, 256, 3, 3, 0, 0, 0, 0, 0, 0, 0, 0, 0, 0]",1152,128,589824.0,14155776.0,7149687090,7150075657,7298476359,7298500103,0,608,608,-1,1,388567,23744,128,32,32,3
12,3,"[8, 256, 256, 3, 3, 0, 0, 0, 0, 0, 0, 0, 0, 0, 0, 8, 256, 256, 3, 3, 0, 0, 0, 0, 0, 0, 0, 0, 0, 0]",1152,128,589824.0,14155776.0,7150135661,7150141805,7298500711,7298527655,0,1184,1184,-1,1,6144,26944,128,32,32,3
16,3,"[8, 256, 0, 0, 0, 0, 0, 0, 0, 0, 0, 0, 0, 0, 0, 4, 0, 0, 0, 0, 0, 0, 0, 0, 0, 0, 0, 0, 0, 0]",1,128,256.0,4100.0,7150199565,7150205175,7298528839,7298531239,0,480,480,-1,1,5610,2400,128,32,32,3
12,3,"[8, 256, 0, 0, 0, 0, 0, 0, 0, 0, 0, 0, 0, 0, 0, 8, 256, 0, 0, 0, 0, 0, 0, 0, 0, 0, 0, 0, 0, 0]",1,128,256.0,6144.0,7150261548,7150266922,7298531719,7298533799,0,640,640,-1,1,5374,2080,128,32,32,3
12,3,"[8, 256, 0, 0, 0, 0, 0, 0, 0, 0, 0, 0, 0, 0, 0, 8, 256, 0, 0, 0, 0, 0, 0, 0, 0, 0, 0, 0, 0, 0]",1,128,256.0,6144.0,7150323966,7150330190,7298534439,7298537479,0,384,384,-1,1,6224,3040,128,32,32,3
16,3,"[8, 256, 0, 0, 0, 0, 0, 0, 0, 0, 0, 0, 0, 0, 0, 4, 0, 0, 0, 0, 0, 0, 0, 0, 0, 0, 0, 0, 0, 0]",1,128,256.0,4100.0,7150493528,7150502084,7298537863,7298539910,0,1,1,-1,1,8556,2047,128,32,32,3
12,3,"[8, 256, 0, 0, 0, 0, 0, 0, 0, 0, 0, 0, 0, 0, 0, 8, 256, 0, 0, 0, 0, 0, 0, 0, 0, 0, 0, 0, 0, 0]",1,128,256.0,6144.0,7150568211,7150575347,7298539911,7298541991,0,1472,1472,-1,1,7136,2080,128,32,32,3
12,3,"[8, 256, 0, 0, 0, 0, 0, 0, 0, 0, 0, 0, 0, 0, 0, 8, 256, 0, 0, 0, 0, 0, 0, 0, 0, 0, 0, 0, 0, 0]",1,128,256.0,6144.0,7150633207,7150639466,7298543463,7298545607,0,480,480,-1,1,6259,2144,128,32,32,3
16,3,"[8, 1024, 256, 1, 1, 0, 0, 0, 0, 0, 0, 0, 0, 0, 0, 4, 0, 0, 0, 0, 0, 0, 0, 0, 0, 0, 0, 0, 0, 0]",512,128,262144.0,4194308.0,7150697525,7154697357,7298546087,7298554279,0,544,544,-1,1,3999832,8192,128,32,32,3
12,3,"[8, 1024, 256, 1, 1, 0, 0, 0, 0, 0, 0, 0, 0, 0, 0, 8, 1024, 256, 1, 1, 0, 0, 0, 0, 0, 0, 0, 0, 0, 0]",512,128,262144.0,6291456.0,7154774850,7154783215,7298554823,7298561895,0,576,576,-1,1,8365,7072,128,32,32,3
12,3,"[8, 1024, 256, 1, 1, 0, 0, 0, 0, 0, 0, 0, 0, 0, 0, 8, 1024, 256, 1, 1, 0, 0, 0, 0, 0, 0, 0, 0, 0, 0]",512,128,262144.0,6291456.0,7154844035,7154849932,7298562471,7298570663,0,1024,1024,-1,1,5897,8192,128,32,32,3
16,3,"[8, 1024, 0, 0, 0, 0, 0, 0, 0, 0, 0, 0, 0, 0, 0, 4, 0, 0, 0, 0, 0, 0, 0, 0, 0, 0, 0, 0, 0, 0]",2,128,1024.0,16388.0,7154910215,7155279704,7298571687,7298573799,0,576,576,-1,1,369489,2112,128,32,32,3
12,3,"[8, 1024, 0, 0, 0, 0, 0, 0, 0, 0, 0, 0, 0, 0, 0, 8, 1024, 0, 0, 0, 0, 0, 0, 0, 0, 0, 0, 0, 0, 0]",2,128,1024.0,24576.0,7155341513,7155348984,7298574375,7298576583,0,192,192,-1,1,7471,2208,128,32,32,3
12,3,"[8, 1024, 0, 0, 0, 0, 0, 0, 0, 0, 0, 0, 0, 0, 0, 8, 1024, 0, 0, 0, 0, 0, 0, 0, 0, 0, 0, 0, 0, 0]",2,128,1024.0,24576.0,7155406430,7155411929,7298576775,7298578855,0,1056,1056,-1,1,5499,2080,128,32,32,3
16,3,"[8, 1024, 0, 0, 0, 0, 0, 0, 0, 0, 0, 0, 0, 0, 0, 4, 0, 0, 0, 0, 0, 0, 0, 0, 0, 0, 0, 0, 0, 0]",2,128,1024.0,16388.0,7155470614,7155476133,7298579911,7298581959,0,544,544,-1,1,5519,2048,128,32,32,3
12,3,"[8, 1024, 0, 0, 0, 0, 0, 0, 0, 0, 0, 0, 0, 0, 0, 8, 1024, 0, 0, 0, 0, 0, 0, 0, 0, 0, 0, 0, 0, 0]",2,128,1024.0,24576.0,7155531750,7155537336,7298582503,7298584647,0,352,352,-1,1,5586,2144,128,32,32,3
12,3,"[8, 1024, 0, 0, 0, 0, 0, 0, 0, 0, 0, 0, 0, 0, 0, 8, 1024, 0, 0, 0, 0, 0, 0, 0, 0, 0, 0, 0, 0, 0]",2,128,1024.0,24576.0,7155598218,7155609203,7298584999,7298587047,0,608,608,-1,1,10985,2048,128,32,32,3
16,3,"[8, 256, 1024, 1, 1, 0, 0, 0, 0, 0, 0, 0, 0, 0, 0, 4, 0, 0, 0, 0, 0, 0, 0, 0, 0, 0, 0, 0, 0, 0]",512,128,262144.0,4194308.0,7155669946,7155676240,7298587655,7298596615,0,544,544,-1,1,6294,8960,128,32,32,3
12,3,"[8, 256, 1024, 1, 1, 0, 0, 0, 0, 0, 0, 0, 0, 0, 0, 8, 256, 1024, 1, 1, 0, 0, 0, 0, 0, 0, 0, 0, 0, 0]",512,128,262144.0,6291456.0,7155733907,7165324129,7298597159,7298603431,0,1120,1120,-1,1,9590222,6272,128,32,32,3
12,3,"[8, 256, 1024, 1, 1, 0, 0, 0, 0, 0, 0, 0, 0, 0, 0, 8, 256, 1024, 1, 1, 0, 0, 0, 0, 0, 0, 0, 0, 0, 0]",512,128,262144.0,6291456.0,7165398171,7165404925,7298604551,7298612839,0,512,512,-1,1,6754,8288,128,32,32,3
16,3,"[8, 256, 0, 0, 0, 0, 0, 0, 0, 0, 0, 0, 0, 0, 0, 4, 0, 0, 0, 0, 0, 0, 0, 0, 0, 0, 0, 0, 0, 0]",1,128,256.0,4100.0,7165464748,7165470654,7298613351,7298615687,0,32,32,-1,1,5906,2336,128,32,32,3
12,3,"[8, 256, 0, 0, 0, 0, 0, 0, 0, 0, 0, 0, 0, 0, 0, 8, 256, 0, 0, 0, 0, 0, 0, 0, 0, 0, 0, 0, 0, 0]",1,128,256.0,6144.0,7165528919,7167583448,7298615719,7298617767,0,1216,1216,-1,1,2054529,2048,128,32,32,3
12,3,"[8, 256, 0, 0, 0, 0, 0, 0, 0, 0, 0, 0, 0, 0, 0, 8, 256, 0, 0, 0, 0, 0, 0, 0, 0, 0, 0, 0, 0, 0]",1,128,256.0,6144.0,7167647750,7167654910,7298618983,7298621255,0,576,576,-1,1,7160,2272,128,32,32,3
16,3,"[8, 256, 0, 0, 0, 0, 0, 0, 0, 0, 0, 0, 0, 0, 0, 4, 0, 0, 0, 0, 0, 0, 0, 0, 0, 0, 0, 0, 0, 0]",1,128,256.0,4100.0,7167718763,7167725332,7298621831,7298623911,0,224,224,-1,1,6569,2080,128,32,32,3
12,3,"[8, 256, 0, 0, 0, 0, 0, 0, 0, 0, 0, 0, 0, 0, 0, 8, 256, 0, 0, 0, 0, 0, 0, 0, 0, 0, 0, 0, 0, 0]",1,128,256.0,6144.0,7167782350,7167788105,7298624135,7298625959,0,1280,1280,-1,1,5755,1824,128,32,32,3
12,3,"[8, 256, 0, 0, 0, 0, 0, 0, 0, 0, 0, 0, 0, 0, 0, 8, 256, 0, 0, 0, 0, 0, 0, 0, 0, 0, 0, 0, 0, 0]",1,128,256.0,6144.0,7167846630,7167852403,7298627239,7298629383,0,608,608,-1,1,5773,2144,128,32,32,3
16,3,"[8, 256, 256, 3, 3, 0, 0, 0, 0, 0, 0, 0, 0, 0, 0, 4, 0, 0, 0, 0, 0, 0, 0, 0, 0, 0, 0, 0, 0, 0]",1152,128,589824.0,9437188.0,7167911052,7167916754,7298629991,7298648454,0,1,1,-1,1,5702,18463,128,32,32,3
12,3,"[8, 256, 256, 3, 3, 0, 0, 0, 0, 0, 0, 0, 0, 0, 0, 8, 256, 256, 3, 3, 0, 0, 0, 0, 0, 0, 0, 0, 0, 0]",1152,128,589824.0,14155776.0,7167974207,7167980031,7298648455,7298673030,0,1,1,-1,1,5824,24575,128,32,32,3
12,3,"[8, 256, 256, 3, 3, 0, 0, 0, 0, 0, 0, 0, 0, 0, 0, 8, 256, 256, 3, 3, 0, 0, 0, 0, 0, 0, 0, 0, 0, 0]",1152,128,589824.0,14155776.0,7168037079,7168228566,7298673031,7298701671,0,63,63,-1,1,191487,28640,128,32,32,3
16,3,"[8, 256, 0, 0, 0, 0, 0, 0, 0, 0, 0, 0, 0, 0, 0, 4, 0, 0, 0, 0, 0, 0, 0, 0, 0, 0, 0, 0, 0, 0]",1,128,256.0,4100.0,7168289579,7168295742,7298701734,7298703783,0,1440,1440,-1,1,6163,2049,128,32,32,3
12,3,"[8, 256, 0, 0, 0, 0, 0, 0, 0, 0, 0, 0, 0, 0, 0, 8, 256, 0, 0, 0, 0, 0, 0, 0, 0, 0, 0, 0, 0, 0]",1,128,256.0,6144.0,7168353244,7168358980,7298705223,7298707687,0,159,159,-1,1,5736,2464,128,32,32,3
12,3,"[8, 256, 0, 0, 0, 0, 0, 0, 0, 0, 0, 0, 0, 0, 0, 8, 256, 0, 0, 0, 0, 0, 0, 0, 0, 0, 0, 0, 0, 0]",1,128,256.0,6144.0,7168414545,7168813713,7298707846,7298709927,0,1056,1056,-1,1,399168,2081,128,32,32,3
16,3,"[8, 256, 0, 0, 0, 0, 0, 0, 0, 0, 0, 0, 0, 0, 0, 4, 0, 0, 0, 0, 0, 0, 0, 0, 0, 0, 0, 0, 0, 0]",1,128,256.0,4100.0,7168871932,7168878348,7298710983,7298713414,0,576,576,-1,1,6416,2431,128,32,32,3
12,3,"[8, 256, 0, 0, 0, 0, 0, 0, 0, 0, 0, 0, 0, 0, 0, 8, 256, 0, 0, 0, 0, 0, 0, 0, 0, 0, 0, 0, 0, 0]",1,128,256.0,6144.0,7168935278,7168941905,7298713990,7298716071,0,352,352,-1,1,6627,2081,128,32,32,3
12,3,"[8, 256, 0, 0, 0, 0, 0, 0, 0, 0, 0, 0, 0, 0, 0, 8, 256, 0, 0, 0, 0, 0, 0, 0, 0, 0, 0, 0, 0, 0]",1,128,256.0,6144.0,7169002782,7169008978,7298716423,7298718118,0,1408,1408,-1,1,6196,1695,128,32,32,3
16,3,"[8, 1024, 256, 1, 1, 0, 0, 0, 0, 0, 0, 0, 0, 0, 0, 4, 0, 0, 0, 0, 0, 0, 0, 0, 0, 0, 0, 0, 0, 0]",512,128,262144.0,4194308.0,7169066805,7169072444,7298719526,7298728166,0,160,160,-1,1,5639,8640,128,32,32,3
12,3,"[8, 1024, 256, 1, 1, 0, 0, 0, 0, 0, 0, 0, 0, 0, 0, 8, 1024, 256, 1, 1, 0, 0, 0, 0, 0, 0, 0, 0, 0, 0]",512,128,262144.0,6291456.0,7169128648,7169134004,7298728326,7298735558,0,609,609,-1,1,5356,7232,128,32,32,3
12,3,"[8, 1024, 256, 1, 1, 0, 0, 0, 0, 0, 0, 0, 0, 0, 0, 8, 1024, 256, 1, 1, 0, 0, 0, 0, 0, 0, 0, 0, 0, 0]",512,128,262144.0,6291456.0,7169190120,7169195841,7298736167,7298744742,0,288,288,-1,1,5721,8575,128,32,32,3
16,3,"[8, 1024, 0, 0, 0, 0, 0, 0, 0, 0, 0, 0, 0, 0, 0, 4, 0, 0, 0, 0, 0, 0, 0, 0, 0, 0, 0, 0, 0, 0]",2,128,1024.0,16388.0,7169251537,7169257519,7298745030,7298746790,0,1184,1184,-1,1,5982,1760,128,32,32,3
12,3,"[8, 1024, 0, 0, 0, 0, 0, 0, 0, 0, 0, 0, 0, 0, 0, 8, 1024, 0, 0, 0, 0, 0, 0, 0, 0, 0, 0, 0, 0, 0]",2,128,1024.0,24576.0,7169313680,7173435512,7298747974,7298750150,0,480,480,-1,1,4121832,2176,128,32,32,3
12,3,"[8, 1024, 0, 0, 0, 0, 0, 0, 0, 0, 0, 0, 0, 0, 0, 8, 1024, 0, 0, 0, 0, 0, 0, 0, 0, 0, 0, 0, 0, 0]",2,128,1024.0,24576.0,7173499427,7173505688,7298750630,7298752774,0,256,256,-1,1,6261,2144,128,32,32,3
16,3,"[8, 1024, 0, 0, 0, 0, 0, 0, 0, 0, 0, 0, 0, 0, 0, 4, 0, 0, 0, 0, 0, 0, 0, 0, 0, 0, 0, 0, 0, 0]",2,128,1024.0,16388.0,7173562812,7173568977,7298753030,7298754949,0,1,1,-1,1,6165,1919,128,32,32,3
12,3,"[8, 1024, 0, 0, 0, 0, 0, 0, 0, 0, 0, 0, 0, 0, 0, 8, 1024, 0, 0, 0, 0, 0, 0, 0, 0, 0, 0, 0, 0, 0]",2,128,1024.0,24576.0,7173631139,7174020292,7298754950,7298758086,0,512,512,-1,1,389153,3136,128,32,32,3
12,3,"[8, 1024, 0, 0, 0, 0, 0, 0, 0, 0, 0, 0, 0, 0, 0, 8, 1024, 0, 0, 0, 0, 0, 0, 0, 0, 0, 0, 0, 0, 0]",2,128,1024.0,24576.0,7174081455,7174087980,7298758598,7298760742,0,384,384,-1,1,6525,2144,128,32,32,3
16,3,"[8, 256, 1024, 1, 1, 0, 0, 0, 0, 0, 0, 0, 0, 0, 0, 4, 0, 0, 0, 0, 0, 0, 0, 0, 0, 0, 0, 0, 0, 0]",512,128,262144.0,4194308.0,7174146493,7174152510,7298761126,7298769318,0,1056,1056,-1,1,6017,8192,128,32,32,3
12,3,"[8, 256, 1024, 1, 1, 0, 0, 0, 0, 0, 0, 0, 0, 0, 0, 8, 256, 1024, 1, 1, 0, 0, 0, 0, 0, 0, 0, 0, 0, 0]",512,128,262144.0,6291456.0,7174208829,7174214917,7298770374,7298777509,0,1,1,-1,1,6088,7135,128,32,32,3
12,3,"[8, 256, 1024, 1, 1, 0, 0, 0, 0, 0, 0, 0, 0, 0, 0, 8, 256, 1024, 1, 1, 0, 0, 0, 0, 0, 0, 0, 0, 0, 0]",512,128,262144.0,6291456.0,7174369991,7174377955,7298777510,7298785702,0,1504,1504,-1,1,7964,8192,128,32,32,3
16,3,"[8, 256, 0, 0, 0, 0, 0, 0, 0, 0, 0, 0, 0, 0, 0, 4, 0, 0, 0, 0, 0, 0, 0, 0, 0, 0, 0, 0, 0, 0]",1,128,256.0,4100.0,7174445058,7174452638,7298787206,7298789222,0,480,480,-1,1,7580,2016,128,32,32,3
12,3,"[8, 256, 0, 0, 0, 0, 0, 0, 0, 0, 0, 0, 0, 0, 0, 8, 256, 0, 0, 0, 0, 0, 0, 0, 0, 0, 0, 0, 0, 0]",1,128,256.0,6144.0,7174516062,7174522644,7298789702,7298791846,0,256,256,-1,1,6582,2144,128,32,32,3
12,3,"[8, 256, 0, 0, 0, 0, 0, 0, 0, 0, 0, 0, 0, 0, 0, 8, 256, 0, 0, 0, 0, 0, 0, 0, 0, 0, 0, 0, 0, 0]",1,128,256.0,6144.0,7174580705,7184064390,7298792102,7298793894,0,1312,1312,-1,1,9483685,1792,128,32,32,3
16,3,"[8, 256, 0, 0, 0, 0, 0, 0, 0, 0, 0, 0, 0, 0, 0, 4, 0, 0, 0, 0, 0, 0, 0, 0, 0, 0, 0, 0, 0, 0]",1,128,256.0,4100.0,7184128908,7184136804,7298795206,7298797222,0,608,608,-1,1,7896,2016,128,32,32,3
12,3,"[8, 256, 0, 0, 0, 0, 0, 0, 0, 0, 0, 0, 0, 0, 0, 8, 256, 0, 0, 0, 0, 0, 0, 0, 0, 0, 0, 0, 0, 0]",1,128,256.0,6144.0,7184194671,7184200817,7298797830,7298800005,0,1,1,-1,1,6146,2175,128,32,32,3
12,3,"[8, 256, 0, 0, 0, 0, 0, 0, 0, 0, 0, 0, 0, 0, 0, 8, 256, 0, 0, 0, 0, 0, 0, 0, 0, 0, 0, 0, 0, 0]",1,128,256.0,6144.0,7184257273,7186323669,7298800006,7298803302,0,608,608,-1,1,2066396,3296,128,32,32,3
16,3,"[8, 256, 256, 3, 3, 0, 0, 0, 0, 0, 0, 0, 0, 0, 0, 4, 0, 0, 0, 0, 0, 0, 0, 0, 0, 0, 0, 0, 0, 0]",1152,128,589824.0,9437188.0,7186386495,7186393077,7298803910,7298822566,0,576,576,-1,1,6582,18656,128,32,32,3
12,3,"[8, 256, 256, 3, 3, 0, 0, 0, 0, 0, 0, 0, 0, 0, 0, 8, 256, 256, 3, 3, 0, 0, 0, 0, 0, 0, 0, 0, 0, 0]",1152,128,589824.0,14155776.0,7186451929,7186458334,7298823142,7298847142,0,1184,1184,-1,1,6405,24000,128,32,32,3
12,3,"[8, 256, 256, 3, 3, 0, 0, 0, 0, 0, 0, 0, 0, 0, 0, 8, 256, 256, 3, 3, 0, 0, 0, 0, 0, 0, 0, 0, 0, 0]",1152,128,589824.0,14155776.0,7186515322,7186521144,7298848326,7298875814,0,352,352,-1,1,5822,27488,128,32,32,3
16,3,"[8, 256, 0, 0, 0, 0, 0, 0, 0, 0, 0, 0, 0, 0, 0, 4, 0, 0, 0, 0, 0, 0, 0, 0, 0, 0, 0, 0, 0, 0]",1,128,256.0,4100.0,7186582502,7186588412,7298876166,7298878982,0,544,544,-1,1,5910,2816,128,32,32,3
12,3,"[8, 256, 0, 0, 0, 0, 0, 0, 0, 0, 0, 0, 0, 0, 0, 8, 256, 0, 0, 0, 0, 0, 0, 0, 0, 0, 0, 0, 0, 0]",1,128,256.0,6144.0,7186646028,7186652044,7298879526,7298881958,0,256,256,-1,1,6016,2432,128,32,32,3
12,3,"[8, 256, 0, 0, 0, 0, 0, 0, 0, 0, 0, 0, 0, 0, 0, 8, 256, 0, 0, 0, 0, 0, 0, 0, 0, 0, 0, 0, 0, 0]",1,128,256.0,6144.0,7186706728,7186712195,7298882214,7298884006,0,1408,1408,-1,1,5467,1792,128,32,32,3
16,3,"[8, 256, 0, 0, 0, 0, 0, 0, 0, 0, 0, 0, 0, 0, 0, 4, 0, 0, 0, 0, 0, 0, 0, 0, 0, 0, 0, 0, 0, 0]",1,128,256.0,4100.0,7186767339,7186968167,7298885414,7298887430,0,480,480,-1,1,200828,2016,128,32,32,3
12,3,"[8, 256, 0, 0, 0, 0, 0, 0, 0, 0, 0, 0, 0, 0, 0, 8, 256, 0, 0, 0, 0, 0, 0, 0, 0, 0, 0, 0, 0, 0]",1,128,256.0,6144.0,7187030633,7187036880,7298887910,7298890086,0,224,224,-1,1,6247,2176,128,32,32,3
12,3,"[8, 256, 0, 0, 0, 0, 0, 0, 0, 0, 0, 0, 0, 0, 0, 8, 256, 0, 0, 0, 0, 0, 0, 0, 0, 0, 0, 0, 0, 0]",1,128,256.0,6144.0,7187092464,7187098302,7298890310,7298893222,0,512,512,-1,1,5838,2912,128,32,32,3
16,3,"[8, 1024, 256, 1, 1, 0, 0, 0, 0, 0, 0, 0, 0, 0, 0, 4, 0, 0, 0, 0, 0, 0, 0, 0, 0, 0, 0, 0, 0, 0]",512,128,262144.0,4194308.0,7187156055,7187552109,7298893734,7298902214,0,224,224,-1,1,396054,8480,128,32,32,3
12,3,"[8, 1024, 256, 1, 1, 0, 0, 0, 0, 0, 0, 0, 0, 0, 0, 8, 1024, 256, 1, 1, 0, 0, 0, 0, 0, 0, 0, 0, 0, 0]",512,128,262144.0,6291456.0,7187617201,7187623833,7298902438,7298908582,0,1472,1472,-1,1,6632,6144,128,32,32,3
12,3,"[8, 1024, 256, 1, 1, 0, 0, 0, 0, 0, 0, 0, 0, 0, 0, 8, 1024, 256, 1, 1, 0, 0, 0, 0, 0, 0, 0, 0, 0, 0]",512,128,262144.0,6291456.0,7187682630,7187688580,7298910054,7298918342,0,480,480,-1,1,5950,8288,128,32,32,3
16,3,"[8, 1024, 0, 0, 0, 0, 0, 0, 0, 0, 0, 0, 0, 0, 0, 4, 0, 0, 0, 0, 0, 0, 0, 0, 0, 0, 0, 0, 0, 0]",2,128,1024.0,16388.0,7187747092,7187752708,7298918822,7298920870,0,512,512,-1,1,5616,2048,128,32,32,3
12,3,"[8, 1024, 0, 0, 0, 0, 0, 0, 0, 0, 0, 0, 0, 0, 0, 8, 1024, 0, 0, 0, 0, 0, 0, 0, 0, 0, 0, 0, 0, 0]",2,128,1024.0,24576.0,7187811319,7187817926,7298921382,7298922918,0,1440,1440,-1,1,6607,1536,128,32,32,3
12,3,"[8, 1024, 0, 0, 0, 0, 0, 0, 0, 0, 0, 0, 0, 0, 0, 8, 1024, 0, 0, 0, 0, 0, 0, 0, 0, 0, 0, 0, 0, 0]",2,128,1024.0,24576.0,7187873948,7187885802,7298924358,7298926470,0,544,544,-1,1,11854,2112,128,32,32,3
16,3,"[8, 1024, 0, 0, 0, 0, 0, 0, 0, 0, 0, 0, 0, 0, 0, 4, 0, 0, 0, 0, 0, 0, 0, 0, 0, 0, 0, 0, 0, 0]",2,128,1024.0,16388.0,7187943943,7187949975,7298927014,7298929029,0,1,1,-1,1,6032,2015,128,32,32,3
12,3,"[8, 1024, 0, 0, 0, 0, 0, 0, 0, 0, 0, 0, 0, 0, 0, 8, 1024, 0, 0, 0, 0, 0, 0, 0, 0, 0, 0, 0, 0, 0]",2,128,1024.0,24576.0,7188008224,7188013713,7298929030,7298932326,0,544,544,-1,1,5489,3296,128,32,32,3
12,3,"[8, 1024, 0, 0, 0, 0, 0, 0, 0, 0, 0, 0, 0, 0, 0, 8, 1024, 0, 0, 0, 0, 0, 0, 0, 0, 0, 0, 0, 0, 0]",2,128,1024.0,24576.0,7188069605,7196596649,7298932870,7298935014,0,256,256,-1,1,8527044,2144,128,32,32,3
16,3,"[8, 256, 1024, 1, 1, 0, 0, 0, 0, 0, 0, 0, 0, 0, 0, 4, 0, 0, 0, 0, 0, 0, 0, 0, 0, 0, 0, 0, 0, 0]",512,128,262144.0,4194308.0,7196669942,7196677249,7298935270,7298943398,0,1408,1408,-1,1,7307,8128,128,32,32,3
12,3,"[8, 256, 1024, 1, 1, 0, 0, 0, 0, 0, 0, 0, 0, 0, 0, 8, 256, 1024, 1, 1, 0, 0, 0, 0, 0, 0, 0, 0, 0, 0]",512,128,262144.0,6291456.0,7196742281,7196748855,7298944806,7298951557,0,1,1,-1,1,6574,6751,128,32,32,3
12,3,"[8, 256, 1024, 1, 1, 0, 0, 0, 0, 0, 0, 0, 0, 0, 0, 8, 256, 1024, 1, 1, 0, 0, 0, 0, 0, 0, 0, 0, 0, 0]",512,128,262144.0,6291456.0,7196808519,7197743357,7298951558,7298959782,0,1440,1440,-1,1,934838,8224,128,32,32,3
16,3,"[8, 256, 0, 0, 0, 0, 0, 0, 0, 0, 0, 0, 0, 0, 0, 4, 0, 0, 0, 0, 0, 0, 0, 0, 0, 0, 0, 0, 0, 0]",1,128,256.0,4100.0,7197805606,7197812268,7298961222,7298963590,0,288,288,-1,1,6662,2368,128,32,32,3
12,3,"[8, 256, 0, 0, 0, 0, 0, 0, 0, 0, 0, 0, 0, 0, 0, 8, 256, 0, 0, 0, 0, 0, 0, 0, 0, 0, 0, 0, 0, 0]",1,128,256.0,6144.0,7197868730,7197881414,7298963878,7298965925,0,1,1,-1,1,12684,2047,128,32,32,3
12,3,"[8, 256, 0, 0, 0, 0, 0, 0, 0, 0, 0, 0, 0, 0, 0, 8, 256, 0, 0, 0, 0, 0, 0, 0, 0, 0, 0, 0, 0, 0]",1,128,256.0,6144.0,7197938323,7197944222,7298965926,7298969030,0,576,576,-1,1,5899,3104,128,32,32,3
16,3,"[8, 256, 0, 0, 0, 0, 0, 0, 0, 0, 0, 0, 0, 0, 0, 4, 0, 0, 0, 0, 0, 0, 0, 0, 0, 0, 0, 0, 0, 0]",1,128,256.0,4100.0,7198000129,7198005871,7298969606,7298971654,0,384,384,-1,1,5742,2048,128,32,32,3
12,3,"[8, 256, 0, 0, 0, 0, 0, 0, 0, 0, 0, 0, 0, 0, 0, 8, 256, 0, 0, 0, 0, 0, 0, 0, 0, 0, 0, 0, 0, 0]",1,128,256.0,6144.0,7198061285,7198066606,7298972038,7298974118,0,640,640,-1,1,5321,2080,128,32,32,3
12,3,"[8, 256, 0, 0, 0, 0, 0, 0, 0, 0, 0, 0, 0, 0, 0, 8, 256, 0, 0, 0, 0, 0, 0, 0, 0, 0, 0, 0, 0, 0]",1,128,256.0,6144.0,7198127699,7202319973,7298974758,7298977286,0,512,512,-1,1,4192274,2528,128,32,32,3
16,3,"[8, 256, 256, 3, 3, 0, 0, 0, 0, 0, 0, 0, 0, 0, 0, 4, 0, 0, 0, 0, 0, 0, 0, 0, 0, 0, 0, 0, 0, 0]",1152,128,589824.0,9437188.0,7202386581,7202394076,7298977798,7298996646,0,288,288,-1,1,7495,18848,128,32,32,3
12,3,"[8, 256, 256, 3, 3, 0, 0, 0, 0, 0, 0, 0, 0, 0, 0, 8, 256, 256, 3, 3, 0, 0, 0, 0, 0, 0, 0, 0, 0, 0]",1152,128,589824.0,14155776.0,7202453860,7202460081,7298996934,7299021222,0,1503,1503,-1,1,6221,24288,128,32,32,3
12,3,"[8, 256, 256, 3, 3, 0, 0, 0, 0, 0, 0, 0, 0, 0, 0, 8, 256, 256, 3, 3, 0, 0, 0, 0, 0, 0, 0, 0, 0, 0]",1152,128,589824.0,14155776.0,7202516619,7202903575,7299022725,7299049894,0,1087,1087,-1,1,386956,27169,128,32,32,3
16,3,"[8, 256, 0, 0, 0, 0, 0, 0, 0, 0, 0, 0, 0, 0, 0, 4, 0, 0, 0, 0, 0, 0, 0, 0, 0, 0, 0, 0, 0, 0]",1,128,256.0,4100.0,7202963398,7202969929,7299050981,7299053477,0,480,480,-1,1,6531,2496,128,32,32,3
12,3,"[8, 256, 0, 0, 0, 0, 0, 0, 0, 0, 0, 0, 0, 0, 0, 8, 256, 0, 0, 0, 0, 0, 0, 0, 0, 0, 0, 0, 0, 0]",1,128,256.0,6144.0,7203025970,7203031967,7299053957,7299056038,0,1056,1056,-1,1,5997,2081,128,32,32,3
12,3,"[8, 256, 0, 0, 0, 0, 0, 0, 0, 0, 0, 0, 0, 0, 0, 8, 256, 0, 0, 0, 0, 0, 0, 0, 0, 0, 0, 0, 0, 0]",1,128,256.0,6144.0,7203088964,7203094571,7299057094,7299059237,0,512,512,-1,1,5607,2143,128,32,32,3
16,3,"[8, 256, 0, 0, 0, 0, 0, 0, 0, 0, 0, 0, 0, 0, 0, 4, 0, 0, 0, 0, 0, 0, 0, 0, 0, 0, 0, 0, 0, 0]",1,128,256.0,4100.0,7203151658,7203157269,7299059749,7299061765,0,417,417,-1,1,5611,2016,128,32,32,3
12,3,"[8, 256, 0, 0, 0, 0, 0, 0, 0, 0, 0, 0, 0, 0, 0, 8, 256, 0, 0, 0, 0, 0, 0, 0, 0, 0, 0, 0, 0, 0]",1,128,256.0,6144.0,7203317496,7203325252,7299062182,7299064229,0,545,545,-1,1,7756,2047,128,32,32,3
12,3,"[8, 256, 0, 0, 0, 0, 0, 0, 0, 0, 0, 0, 0, 0, 0, 8, 256, 0, 0, 0, 0, 0, 0, 0, 0, 0, 0, 0, 0, 0]",1,128,256.0,6144.0,7203390542,7203396883,7299064774,7299066310,0,1536,1536,-1,1,6341,1536,128,32,32,3
16,3,"[8, 1024, 256, 1, 1, 0, 0, 0, 0, 0, 0, 0, 0, 0, 0, 4, 0, 0, 0, 0, 0, 0, 0, 0, 0, 0, 0, 0, 0, 0]",512,128,262144.0,4194308.0,7203456352,7212437892,7299067846,7299076325,0,192,192,-1,1,8981540,8479,128,32,32,3
12,3,"[8, 1024, 256, 1, 1, 0, 0, 0, 0, 0, 0, 0, 0, 0, 0, 8, 1024, 256, 1, 1, 0, 0, 0, 0, 0, 0, 0, 0, 0, 0]",512,128,262144.0,6291456.0,7212512267,7212520219,7299076517,7299082661,0,1505,1505,-1,1,7952,6144,128,32,32,3
12,3,"[8, 1024, 256, 1, 1, 0, 0, 0, 0, 0, 0, 0, 0, 0, 0, 8, 1024, 256, 1, 1, 0, 0, 0, 0, 0, 0, 0, 0, 0, 0]",512,128,262144.0,6291456.0,7212588470,7212594675,7299084166,7299092613,0,256,256,-1,1,6205,8447,128,32,32,3
16,3,"[8, 1024, 0, 0, 0, 0, 0, 0, 0, 0, 0, 0, 0, 0, 0, 4, 0, 0, 0, 0, 0, 0, 0, 0, 0, 0, 0, 0, 0, 0]",2,128,1024.0,16388.0,7212655140,7214698500,7299092869,7299094948,0,1,1,-1,1,2043360,2079,128,32,32,3
12,3,"[8, 1024, 0, 0, 0, 0, 0, 0, 0, 0, 0, 0, 0, 0, 0, 8, 1024, 0, 0, 0, 0, 0, 0, 0, 0, 0, 0, 0, 0, 0]",2,128,1024.0,24576.0,7214759197,7214765355,7299094949,7299096997,0,1472,1472,-1,1,6158,2048,128,32,32,3
12,3,"[8, 1024, 0, 0, 0, 0, 0, 0, 0, 0, 0, 0, 0, 0, 0, 8, 1024, 0, 0, 0, 0, 0, 0, 0, 0, 0, 0, 0, 0, 0]",2,128,1024.0,24576.0,7214823056,7214828563,7299098469,7299100645,0,448,448,-1,1,5507,2176,128,32,32,3
16,3,"[8, 1024, 0, 0, 0, 0, 0, 0, 0, 0, 0, 0, 0, 0, 0, 4, 0, 0, 0, 0, 0, 0, 0, 0, 0, 0, 0, 0, 0, 0]",2,128,1024.0,16388.0,7214939027,7214950844,7299101093,7299103141,0,416,416,-1,1,11817,2048,128,32,32,3
12,3,"[8, 1024, 0, 0, 0, 0, 0, 0, 0, 0, 0, 0, 0, 0, 0, 8, 1024, 0, 0, 0, 0, 0, 0, 0, 0, 0, 0, 0, 0, 0]",2,128,1024.0,24576.0,7215017473,7215025755,7299103557,7299105189,0,1344,1344,-1,1,8282,1632,128,32,32,3
12,3,"[8, 1024, 0, 0, 0, 0, 0, 0, 0, 0, 0, 0, 0, 0, 0, 8, 1024, 0, 0, 0, 0, 0, 0, 0, 0, 0, 0, 0, 0, 0]",2,128,1024.0,24576.0,7215083570,7215089443,7299106533,7299108677,0,576,576,-1,1,5873,2144,128,32,32,3
16,3,"[8, 256, 1024, 1, 1, 0, 0, 0, 0, 0, 0, 0, 0, 0, 0, 4, 0, 0, 0, 0, 0, 0, 0, 0, 0, 0, 0, 0, 0, 0]",512,128,262144.0,4194308.0,7215149779,7215155774,7299109253,7299117477,0,1024,1024,-1,1,5995,8224,128,32,32,3
12,3,"[8, 256, 1024, 1, 1, 0, 0, 0, 0, 0, 0, 0, 0, 0, 0, 8, 256, 1024, 1, 1, 0, 0, 0, 0, 0, 0, 0, 0, 0, 0]",512,128,262144.0,6291456.0,7215214512,7217048239,7299118501,7299125157,0,480,480,-1,1,1833727,6656,128,32,32,3
12,3,"[8, 256, 1024, 1, 1, 0, 0, 0, 0, 0, 0, 0, 0, 0, 0, 8, 256, 1024, 1, 1, 0, 0, 0, 0, 0, 0, 0, 0, 0, 0]",512,128,262144.0,6291456.0,7217114330,7217121924,7299125637,7299133861,0,1056,1056,-1,1,7594,8224,128,32,32,3
16,3,"[8, 256, 0, 0, 0, 0, 0, 0, 0, 0, 0, 0, 0, 0, 0, 4, 0, 0, 0, 0, 0, 0, 0, 0, 0, 0, 0, 0, 0, 0]",1,128,256.0,4100.0,7217182306,7217188431,7299134917,7299135909,0,1536,1536,-1,1,6125,992,128,32,32,3
12,3,"[8, 256, 0, 0, 0, 0, 0, 0, 0, 0, 0, 0, 0, 0, 0, 8, 256, 0, 0, 0, 0, 0, 0, 0, 0, 0, 0, 0, 0, 0]",1,128,256.0,6144.0,7217251645,7218192866,7299137445,7299139749,0,256,256,-1,1,941221,2304,128,32,32,3
12,3,"[8, 256, 0, 0, 0, 0, 0, 0, 0, 0, 0, 0, 0, 0, 0, 8, 256, 0, 0, 0, 0, 0, 0, 0, 0, 0, 0, 0, 0, 0]",1,128,256.0,6144.0,7218253781,7218259680,7299140005,7299142053,0,1024,1024,-1,1,5899,2048,128,32,32,3
16,3,"[8, 256, 0, 0, 0, 0, 0, 0, 0, 0, 0, 0, 0, 0, 0, 4, 0, 0, 0, 0, 0, 0, 0, 0, 0, 0, 0, 0, 0, 0]",1,128,256.0,4100.0,7218319147,7218325909,7299143077,7299144101,0,1600,1600,-1,1,6762,1024,128,32,32,3
12,3,"[8, 256, 0, 0, 0, 0, 0, 0, 0, 0, 0, 0, 0, 0, 0, 8, 256, 0, 0, 0, 0, 0, 0, 0, 0, 0, 0, 0, 0, 0]",1,128,256.0,6144.0,7218382528,7218389003,7299145701,7299147941,0,256,256,-1,1,6475,2240,128,32,32,3
12,3,"[8, 256, 0, 0, 0, 0, 0, 0, 0, 0, 0, 0, 0, 0, 0, 8, 256, 0, 0, 0, 0, 0, 0, 0, 0, 0, 0, 0, 0, 0]",1,128,256.0,6144.0,7218444313,7218450096,7299148197,7299150212,0,1,1,-1,1,5783,2015,128,32,32,3
16,3,"[8, 256, 256, 3, 3, 0, 0, 0, 0, 0, 0, 0, 0, 0, 0, 4, 0, 0, 0, 0, 0, 0, 0, 0, 0, 0, 0, 0, 0, 0]",1152,128,589824.0,9437188.0,7218507068,7218513152,7299150213,7299170725,0,320,320,-1,1,6084,20512,128,32,32,3
12,3,"[8, 256, 256, 3, 3, 0, 0, 0, 0, 0, 0, 0, 0, 0, 0, 8, 256, 256, 3, 3, 0, 0, 0, 0, 0, 0, 0, 0, 0, 0]",1152,128,589824.0,14155776.0,7218576371,7218582367,7299171045,7299194789,0,480,480,-1,1,5996,23744,128,32,32,3
12,3,"[8, 256, 256, 3, 3, 0, 0, 0, 0, 0, 0, 0, 0, 0, 0, 8, 256, 256, 3, 3, 0, 0, 0, 0, 0, 0, 0, 0, 0, 0]",1152,128,589824.0,14155776.0,7218640163,7218646077,7299195269,7299223013,0,480,480,-1,1,5914,27744,128,32,32,3
16,3,"[8, 256, 0, 0, 0, 0, 0, 0, 0, 0, 0, 0, 0, 0, 0, 4, 0, 0, 0, 0, 0, 0, 0, 0, 0, 0, 0, 0, 0, 0]",1,128,256.0,4100.0,7218702512,7219802807,7299223493,7299225893,0,128,128,-1,1,1100295,2400,128,32,32,3
12,3,"[8, 256, 0, 0, 0, 0, 0, 0, 0, 0, 0, 0, 0, 0, 0, 8, 256, 0, 0, 0, 0, 0, 0, 0, 0, 0, 0, 0, 0, 0]",1,128,256.0,6144.0,7219867333,7219873709,7299226021,7299229413,0,576,576,-1,1,6376,3392,128,32,32,3
12,3,"[8, 256, 0, 0, 0, 0, 0, 0, 0, 0, 0, 0, 0, 0, 0, 8, 256, 0, 0, 0, 0, 0, 0, 0, 0, 0, 0, 0, 0, 0]",1,128,256.0,6144.0,7219932086,7220599147,7299229989,7299232132,0,1,1,-1,1,667061,2143,128,32,32,3
16,3,"[8, 256, 0, 0, 0, 0, 0, 0, 0, 0, 0, 0, 0, 0, 0, 4, 0, 0, 0, 0, 0, 0, 0, 0, 0, 0, 0, 0, 0, 0]",1,128,256.0,4100.0,7220661543,7220668093,7299232133,7299234213,0,1152,1152,-1,1,6550,2080,128,32,32,3
12,3,"[8, 256, 0, 0, 0, 0, 0, 0, 0, 0, 0, 0, 0, 0, 0, 8, 256, 0, 0, 0, 0, 0, 0, 0, 0, 0, 0, 0, 0, 0]",1,128,256.0,6144.0,7220726267,7220732966,7299235365,7299237573,0,544,544,-1,1,6699,2208,128,32,32,3
12,3,"[8, 256, 0, 0, 0, 0, 0, 0, 0, 0, 0, 0, 0, 0, 0, 8, 256, 0, 0, 0, 0, 0, 0, 0, 0, 0, 0, 0, 0, 0]",1,128,256.0,6144.0,7220789696,7220795441,7299238117,7299240261,0,256,256,-1,1,5745,2144,128,32,32,3
16,3,"[8, 1024, 256, 1, 1, 0, 0, 0, 0, 0, 0, 0, 0, 0, 0, 4, 0, 0, 0, 0, 0, 0, 0, 0, 0, 0, 0, 0, 0, 0]",512,128,262144.0,4194308.0,7220859615,7220865990,7299240517,7299249637,0,576,576,-1,1,6375,9120,128,32,32,3
12,3,"[8, 1024, 256, 1, 1, 0, 0, 0, 0, 0, 0, 0, 0, 0, 0, 8, 1024, 256, 1, 1, 0, 0, 0, 0, 0, 0, 0, 0, 0, 0]",512,128,262144.0,6291456.0,7220925024,7220931134,7299250213,7299256741,0,1024,1024,-1,1,6110,6528,128,32,32,3
12,3,"[8, 1024, 256, 1, 1, 0, 0, 0, 0, 0, 0, 0, 0, 0, 0, 8, 1024, 256, 1, 1, 0, 0, 0, 0, 0, 0, 0, 0, 0, 0]",512,128,262144.0,6291456.0,7220988920,7220994455,7299257765,7299265957,0,480,480,-1,1,5535,8192,128,32,32,3
16,3,"[8, 1024, 0, 0, 0, 0, 0, 0, 0, 0, 0, 0, 0, 0, 0, 4, 0, 0, 0, 0, 0, 0, 0, 0, 0, 0, 0, 0, 0, 0]",2,128,1024.0,16388.0,7221051251,7225643869,7299266437,7299268581,0,416,416,-1,1,4592618,2144,128,32,32,3
12,3,"[8, 1024, 0, 0, 0, 0, 0, 0, 0, 0, 0, 0, 0, 0, 0, 8, 1024, 0, 0, 0, 0, 0, 0, 0, 0, 0, 0, 0, 0, 0]",2,128,1024.0,24576.0,7225722760,7225730650,7299268997,7299271076,0,1,1,-1,1,7890,2079,128,32,32,3
12,3,"[8, 1024, 0, 0, 0, 0, 0, 0, 0, 0, 0, 0, 0, 0, 0, 8, 1024, 0, 0, 0, 0, 0, 0, 0, 0, 0, 0, 0, 0, 0]",2,128,1024.0,24576.0,7225792146,7226986646,7299271077,7299273125,0,1344,1344,-1,1,1194500,2048,128,32,32,3
16,3,"[8, 1024, 0, 0, 0, 0, 0, 0, 0, 0, 0, 0, 0, 0, 0, 4, 0, 0, 0, 0, 0, 0, 0, 0, 0, 0, 0, 0, 0, 0]",2,128,1024.0,16388.0,7227049123,7227055678,7299274469,7299276581,0,576,576,-1,1,6555,2112,128,32,32,3
12,3,"[8, 1024, 0, 0, 0, 0, 0, 0, 0, 0, 0, 0, 0, 0, 0, 8, 1024, 0, 0, 0, 0, 0, 0, 0, 0, 0, 0, 0, 0, 0]",2,128,1024.0,24576.0,7227113153,7227119377,7299277157,7299279236,0,1,1,-1,1,6224,2079,128,32,32,3
12,3,"[8, 1024, 0, 0, 0, 0, 0, 0, 0, 0, 0, 0, 0, 0, 0, 8, 1024, 0, 0, 0, 0, 0, 0, 0, 0, 0, 0, 0, 0, 0]",2,128,1024.0,24576.0,7227176467,7227182579,7299279237,7299281317,0,1216,1216,-1,1,6112,2080,128,32,32,3
16,3,"[8, 256, 1024, 1, 1, 0, 0, 0, 0, 0, 0, 0, 0, 0, 0, 4, 0, 0, 0, 0, 0, 0, 0, 0, 0, 0, 0, 0, 0, 0]",512,128,262144.0,4194308.0,7227240139,7227245803,7299282533,7299291237,0,320,320,-1,1,5664,8704,128,32,32,3
12,3,"[8, 256, 1024, 1, 1, 0, 0, 0, 0, 0, 0, 0, 0, 0, 0, 8, 256, 1024, 1, 1, 0, 0, 0, 0, 0, 0, 0, 0, 0, 0]",512,128,262144.0,6291456.0,7227303334,7227308990,7299291557,7299297701,0,1536,1536,-1,1,5656,6144,128,32,32,3
12,3,"[8, 256, 1024, 1, 1, 0, 0, 0, 0, 0, 0, 0, 0, 0, 0, 8, 256, 1024, 1, 1, 0, 0, 0, 0, 0, 0, 0, 0, 0, 0]",512,128,262144.0,6291456.0,7227365274,7227371922,7299299237,7299307621,0,288,288,-1,1,6648,8384,128,32,32,3
16,3,"[8, 256, 0, 0, 0, 0, 0, 0, 0, 0, 0, 0, 0, 0, 0, 4, 0, 0, 0, 0, 0, 0, 0, 0, 0, 0, 0, 0, 0, 0]",1,128,256.0,4100.0,7227437348,7228174541,7299307909,7299309989,0,384,384,-1,1,737193,2080,128,32,32,3
12,3,"[8, 256, 0, 0, 0, 0, 0, 0, 0, 0, 0, 0, 0, 0, 0, 8, 256, 0, 0, 0, 0, 0, 0, 0, 0, 0, 0, 0, 0, 0]",1,128,256.0,6144.0,7228340532,7228356023,7299310373,7299312037,0,1440,1440,-1,1,15491,1664,128,32,32,3
12,3,"[8, 256, 0, 0, 0, 0, 0, 0, 0, 0, 0, 0, 0, 0, 0, 8, 256, 0, 0, 0, 0, 0, 0, 0, 0, 0, 0, 0, 0, 0]",1,128,256.0,6144.0,7228420090,7228782790,7299313477,7299315653,0,480,480,-1,1,362700,2176,128,32,32,3
16,3,"[8, 256, 0, 0, 0, 0, 0, 0, 0, 0, 0, 0, 0, 0, 0, 4, 0, 0, 0, 0, 0, 0, 0, 0, 0, 0, 0, 0, 0, 0]",1,128,256.0,4100.0,7228849426,7228856267,7299316133,7299318148,0,1,1,-1,1,6841,2015,128,32,32,3
12,3,"[8, 256, 0, 0, 0, 0, 0, 0, 0, 0, 0, 0, 0, 0, 0, 8, 256, 0, 0, 0, 0, 0, 0, 0, 0, 0, 0, 0, 0, 0]",1,128,256.0,6144.0,7228913468,7228919280,7299318149,7299320229,0,1280,1280,-1,1,5812,2080,128,32,32,3
12,3,"[8, 256, 0, 0, 0, 0, 0, 0, 0, 0, 0, 0, 0, 0, 0, 8, 256, 0, 0, 0, 0, 0, 0, 0, 0, 0, 0, 0, 0, 0]",1,128,256.0,6144.0,7228975387,7228980949,7299321509,7299323717,0,544,544,-1,1,5562,2208,128,32,32,3
16,3,"[8, 256, 256, 3, 3, 0, 0, 0, 0, 0, 0, 0, 0, 0, 0, 4, 0, 0, 0, 0, 0, 0, 0, 0, 0, 0, 0, 0, 0, 0]",1152,128,589824.0,9437188.0,7229038788,7229044776,7299324261,7299342757,0,1056,1056,-1,1,5988,18496,128,32,32,3
12,3,"[8, 256, 256, 3, 3, 0, 0, 0, 0, 0, 0, 0, 0, 0, 0, 8, 256, 256, 3, 3, 0, 0, 0, 0, 0, 0, 0, 0, 0, 0]",1152,128,589824.0,14155776.0,7229101660,7229107116,7299343813,7299367301,0,288,288,-1,1,5456,23488,128,32,32,3
12,3,"[8, 256, 256, 3, 3, 0, 0, 0, 0, 0, 0, 0, 0, 0, 0, 8, 256, 256, 3, 3, 0, 0, 0, 0, 0, 0, 0, 0, 0, 0]",1152,128,589824.0,14155776.0,7229163998,7229169314,7299367589,7299395780,0,193,193,-1,1,5316,28191,128,32,32,3
16,3,"[8, 256, 0, 0, 0, 0, 0, 0, 0, 0, 0, 0, 0, 0, 0, 4, 0, 0, 0, 0, 0, 0, 0, 0, 0, 0, 0, 0, 0, 0]",1,128,256.0,4100.0,7229231039,7229237778,7299395973,7299398053,0,1312,1312,-1,1,6739,2080,128,32,32,3
12,3,"[8, 256, 0, 0, 0, 0, 0, 0, 0, 0, 0, 0, 0, 0, 0, 8, 256, 0, 0, 0, 0, 0, 0, 0, 0, 0, 0, 0, 0, 0]",1,128,256.0,6144.0,7229295676,7230386152,7299399365,7299401861,0,287,287,-1,1,1090476,2496,128,32,32,3
12,3,"[8, 256, 0, 0, 0, 0, 0, 0, 0, 0, 0, 0, 0, 0, 0, 8, 256, 0, 0, 0, 0, 0, 0, 0, 0, 0, 0, 0, 0, 0]",1,128,256.0,6144.0,7230447565,7230453697,7299402148,7299404197,0,608,608,-1,1,6132,2049,128,32,32,3
16,3,"[8, 256, 0, 0, 0, 0, 0, 0, 0, 0, 0, 0, 0, 0, 0, 4, 0, 0, 0, 0, 0, 0, 0, 0, 0, 0, 0, 0, 0, 0]",1,128,256.0,4100.0,7230511431,7231183343,7299404805,7299406245,0,1504,1504,-1,1,671912,1440,128,32,32,3
12,3,"[8, 256, 0, 0, 0, 0, 0, 0, 0, 0, 0, 0, 0, 0, 0, 8, 256, 0, 0, 0, 0, 0, 0, 0, 0, 0, 0, 0, 0, 0]",1,128,256.0,6144.0,7231242843,7231248945,7299407749,7299410052,0,288,288,-1,1,6102,2303,128,32,32,3
12,3,"[8, 256, 0, 0, 0, 0, 0, 0, 0, 0, 0, 0, 0, 0, 0, 8, 256, 0, 0, 0, 0, 0, 0, 0, 0, 0, 0, 0, 0, 0]",1,128,256.0,6144.0,7231306304,7231311816,7299410340,7299412389,0,1280,1280,-1,1,5512,2049,128,32,32,3
16,3,"[8, 1024, 256, 1, 1, 0, 0, 0, 0, 0, 0, 0, 0, 0, 0, 4, 0, 0, 0, 0, 0, 0, 0, 0, 0, 0, 0, 0, 0, 0]",512,128,262144.0,4194308.0,7231369079,7231375019,7299413669,7299421988,0,608,608,-1,1,5940,8319,128,32,32,3
12,3,"[8, 1024, 256, 1, 1, 0, 0, 0, 0, 0, 0, 0, 0, 0, 0, 8, 1024, 256, 1, 1, 0, 0, 0, 0, 0, 0, 0, 0, 0, 0]",512,128,262144.0,6291456.0,7231431484,7231436831,7299422596,7299428772,0,1473,1473,-1,1,5347,6176,128,32,32,3
12,3,"[8, 1024, 256, 1, 1, 0, 0, 0, 0, 0, 0, 0, 0, 0, 0, 8, 1024, 256, 1, 1, 0, 0, 0, 0, 0, 0, 0, 0, 0, 0]",512,128,262144.0,6291456.0,7231497858,7231503579,7299430245,7299438692,0,289,289,-1,1,5721,8447,128,32,32,3
16,3,"[8, 1024, 0, 0, 0, 0, 0, 0, 0, 0, 0, 0, 0, 0, 0, 4, 0, 0, 0, 0, 0, 0, 0, 0, 0, 0, 0, 0, 0, 0]",2,128,1024.0,16388.0,7231560473,7231566584,7299438981,7299441059,0,1,1,-1,1,6111,2078,128,32,32,3
12,3,"[8, 1024, 0, 0, 0, 0, 0, 0, 0, 0, 0, 0, 0, 0, 0, 8, 1024, 0, 0, 0, 0, 0, 0, 0, 0, 0, 0, 0, 0, 0]",2,128,1024.0,24576.0,7231633768,7236235275,7299441060,7299444388,0,576,576,-1,1,4601507,3328,128,32,32,3
12,3,"[8, 1024, 0, 0, 0, 0, 0, 0, 0, 0, 0, 0, 0, 0, 0, 8, 1024, 0, 0, 0, 0, 0, 0, 0, 0, 0, 0, 0, 0, 0]",2,128,1024.0,24576.0,7236364993,7236378031,7299444964,7299447108,0,256,256,-1,1,13038,2144,128,32,32,3
16,3,"[8, 1024, 0, 0, 0, 0, 0, 0, 0, 0, 0, 0, 0, 0, 0, 4, 0, 0, 0, 0, 0, 0, 0, 0, 0, 0, 0, 0, 0, 0]",2,128,1024.0,16388.0,7236456076,7237588687,7299447364,7299449252,0,1184,1184,-1,1,1132611,1888,128,32,32,3
12,3,"[8, 1024, 0, 0, 0, 0, 0, 0, 0, 0, 0, 0, 0, 0, 0, 8, 1024, 0, 0, 0, 0, 0, 0, 0, 0, 0, 0, 0, 0, 0]",2,128,1024.0,24576.0,7237703011,7237715356,7299450436,7299452676,0,512,512,-1,1,12345,2240,128,32,32,3
12,3,"[8, 1024, 0, 0, 0, 0, 0, 0, 0, 0, 0, 0, 0, 0, 0, 8, 1024, 0, 0, 0, 0, 0, 0, 0, 0, 0, 0, 0, 0, 0]",2,128,1024.0,24576.0,7237785093,7237792763,7299453188,7299455300,0,64,64,-1,1,7670,2112,128,32,32,3
16,3,"[8, 512, 1024, 1, 1, 0, 0, 0, 0, 0, 0, 0, 0, 0, 0, 4, 0, 0, 0, 0, 0, 0, 0, 0, 0, 0, 0, 0, 0, 0]",1024,128,524288.0,8388612.0,7237860645,7237868160,7299455364,7299471780,0,1088,1088,-1,1,7515,16416,128,32,32,3
12,3,"[8, 512, 1024, 1, 1, 0, 0, 0, 0, 0, 0, 0, 0, 0, 0, 8, 512, 1024, 1, 1, 0, 0, 0, 0, 0, 0, 0, 0, 0, 0]",1024,128,524288.0,12582912.0,7237928785,7237935892,7299472868,7299491332,0,544,544,-1,1,7107,18464,128,32,32,3
12,3,"[8, 512, 1024, 1, 1, 0, 0, 0, 0, 0, 0, 0, 0, 0, 0, 8, 512, 1024, 1, 1, 0, 0, 0, 0, 0, 0, 0, 0, 0, 0]",1024,128,524288.0,12582912.0,7237993485,7237999178,7299491876,7299514788,0,224,224,-1,1,5693,22912,128,32,32,3
16,3,"[8, 512, 0, 0, 0, 0, 0, 0, 0, 0, 0, 0, 0, 0, 0, 4, 0, 0, 0, 0, 0, 0, 0, 0, 0, 0, 0, 0, 0, 0]",1,128,512.0,8196.0,7238064902,7238071246,7299515012,7299516836,0,1504,1504,-1,1,6344,1824,128,32,32,3
12,3,"[8, 512, 0, 0, 0, 0, 0, 0, 0, 0, 0, 0, 0, 0, 0, 8, 512, 0, 0, 0, 0, 0, 0, 0, 0, 0, 0, 0, 0, 0]",1,128,512.0,12288.0,7238130067,7238769937,7299518340,7299520740,0,160,160,-1,1,639870,2400,128,32,32,3
12,3,"[8, 512, 0, 0, 0, 0, 0, 0, 0, 0, 0, 0, 0, 0, 0, 8, 512, 0, 0, 0, 0, 0, 0, 0, 0, 0, 0, 0, 0, 0]",1,128,512.0,12288.0,7238830318,7238836903,7299520900,7299522980,0,1024,1024,-1,1,6585,2080,128,32,32,3
16,3,"[8, 512, 0, 0, 0, 0, 0, 0, 0, 0, 0, 0, 0, 0, 0, 4, 0, 0, 0, 0, 0, 0, 0, 0, 0, 0, 0, 0, 0, 0]",1,128,512.0,8196.0,7238895639,7239374786,7299524004,7299526500,0,544,544,-1,1,479147,2496,128,32,32,3
12,3,"[8, 512, 0, 0, 0, 0, 0, 0, 0, 0, 0, 0, 0, 0, 0, 8, 512, 0, 0, 0, 0, 0, 0, 0, 0, 0, 0, 0, 0, 0]",1,128,512.0,12288.0,7239441960,7239448420,7299527044,7299529124,0,384,384,-1,1,6460,2080,128,32,32,3
12,3,"[8, 512, 0, 0, 0, 0, 0, 0, 0, 0, 0, 0, 0, 0, 0, 8, 512, 0, 0, 0, 0, 0, 0, 0, 0, 0, 0, 0, 0, 0]",1,128,512.0,12288.0,7239508061,7239513874,7299529508,7299531172,0,1376,1376,-1,1,5813,1664,128,32,32,3
16,3,"[8, 512, 512, 3, 3, 0, 0, 0, 0, 0, 0, 0, 0, 0, 0, 4, 0, 0, 0, 0, 0, 0, 0, 0, 0, 0, 0, 0, 0, 0]",4608,128,2359296.0,37748740.0,7239571912,7239577814,7299532548,7299603940,0,512,512,-1,1,5902,71392,128,32,32,3
12,3,"[8, 512, 512, 3, 3, 0, 0, 0, 0, 0, 0, 0, 0, 0, 0, 8, 512, 512, 3, 3, 0, 0, 0, 0, 0, 0, 0, 0, 0, 0]",4608,128,2359296.0,56623104.0,7239641559,7239647802,7299604452,7299710724,0,608,608,-1,1,6243,106272,128,32,32,3
12,3,"[8, 512, 512, 3, 3, 0, 0, 0, 0, 0, 0, 0, 0, 0, 0, 8, 512, 512, 3, 3, 0, 0, 0, 0, 0, 0, 0, 0, 0, 0]",4608,128,2359296.0,56623104.0,7239706417,7239711955,7299711332,7299817219,0,576,576,-1,1,5538,105887,128,32,32,3
16,3,"[8, 512, 0, 0, 0, 0, 0, 0, 0, 0, 0, 0, 0, 0, 0, 4, 0, 0, 0, 0, 0, 0, 0, 0, 0, 0, 0, 0, 0, 0]",1,128,512.0,8196.0,7239768106,7239774453,7299817795,7299819906,0,1,1,-1,1,6347,2111,128,32,32,3
12,3,"[8, 512, 0, 0, 0, 0, 0, 0, 0, 0, 0, 0, 0, 0, 0, 8, 512, 0, 0, 0, 0, 0, 0, 0, 0, 0, 0, 0, 0, 0]",1,128,512.0,12288.0,7239839099,7239845407,7299819907,7299823587,0,416,416,-1,1,6308,3680,128,32,32,3
12,3,"[8, 512, 0, 0, 0, 0, 0, 0, 0, 0, 0, 0, 0, 0, 0, 8, 512, 0, 0, 0, 0, 0, 0, 0, 0, 0, 0, 0, 0, 0]",1,128,512.0,12288.0,7239901780,7240979693,7299824003,7299826083,0,480,480,-1,1,1077913,2080,128,32,32,3
16,3,"[8, 512, 0, 0, 0, 0, 0, 0, 0, 0, 0, 0, 0, 0, 0, 4, 0, 0, 0, 0, 0, 0, 0, 0, 0, 0, 0, 0, 0, 0]",1,128,512.0,8196.0,7241040887,7241047452,7299826563,7299828131,0,1376,1376,-1,1,6565,1568,128,32,32,3
12,3,"[8, 512, 0, 0, 0, 0, 0, 0, 0, 0, 0, 0, 0, 0, 0, 8, 512, 0, 0, 0, 0, 0, 0, 0, 0, 0, 0, 0, 0, 0]",1,128,512.0,12288.0,7241105657,7241774925,7299829507,7299831619,0,480,480,-1,1,669268,2112,128,32,32,3
12,3,"[8, 512, 0, 0, 0, 0, 0, 0, 0, 0, 0, 0, 0, 0, 0, 8, 512, 0, 0, 0, 0, 0, 0, 0, 0, 0, 0, 0, 0, 0]",1,128,512.0,12288.0,7241836974,7241842966,7299832099,7299834243,0,288,288,-1,1,5992,2144,128,32,32,3
16,3,"[8, 2048, 512, 1, 1, 0, 0, 0, 0, 0, 0, 0, 0, 0, 0, 4, 0, 0, 0, 0, 0, 0, 0, 0, 0, 0, 0, 0, 0, 0]",2048,128,1048576.0,16777220.0,7242002386,7242010905,7299834531,7299867042,0,1,1,-1,1,8519,32511,128,32,32,3
12,3,"[8, 2048, 512, 1, 1, 0, 0, 0, 0, 0, 0, 0, 0, 0, 0, 8, 2048, 512, 1, 1, 0, 0, 0, 0, 0, 0, 0, 0, 0, 0]",2048,128,1048576.0,25165824.0,7242078903,7242086113,7299867043,7299916162,0,1,1,-1,1,7210,49119,128,32,32,3
12,3,"[8, 2048, 512, 1, 1, 0, 0, 0, 0, 0, 0, 0, 0, 0, 0, 8, 2048, 512, 1, 1, 0, 0, 0, 0, 0, 0, 0, 0, 0, 0]",2048,128,1048576.0,25165824.0,7242150744,7242156981,7299916163,7299965059,0,256,256,-1,1,6237,48896,128,32,32,3
16,3,"[8, 2048, 0, 0, 0, 0, 0, 0, 0, 0, 0, 0, 0, 0, 0, 4, 0, 0, 0, 0, 0, 0, 0, 0, 0, 0, 0, 0, 0, 0]",4,128,2048.0,32772.0,7242216333,7242222713,7299965315,7299967395,0,1376,1376,-1,1,6380,2080,128,32,32,3
12,3,"[8, 2048, 0, 0, 0, 0, 0, 0, 0, 0, 0, 0, 0, 0, 0, 8, 2048, 0, 0, 0, 0, 0, 0, 0, 0, 0, 0, 0, 0, 0]",4,128,2048.0,49152.0,7242279541,7242285485,7299968771,7299971139,0,320,320,-1,1,5944,2368,128,32,32,3
12,3,"[8, 2048, 0, 0, 0, 0, 0, 0, 0, 0, 0, 0, 0, 0, 0, 8, 2048, 0, 0, 0, 0, 0, 0, 0, 0, 0, 0, 0, 0, 0]",4,128,2048.0,49152.0,7242342864,7246816653,7299971459,7299973539,0,480,480,-1,1,4473789,2080,128,32,32,3
16,3,"[8, 2048, 0, 0, 0, 0, 0, 0, 0, 0, 0, 0, 0, 0, 0, 4, 0, 0, 0, 0, 0, 0, 0, 0, 0, 0, 0, 0, 0, 0]",4,128,2048.0,32772.0,7246881949,7246888833,7299974019,7299975587,0,1536,1536,-1,1,6884,1568,128,32,32,3
12,3,"[8, 2048, 0, 0, 0, 0, 0, 0, 0, 0, 0, 0, 0, 0, 0, 8, 2048, 0, 0, 0, 0, 0, 0, 0, 0, 0, 0, 0, 0, 0]",4,128,2048.0,49152.0,7246946677,7248163572,7299977123,7299979235,0,448,448,-1,1,1216895,2112,128,32,32,3
12,3,"[8, 2048, 0, 0, 0, 0, 0, 0, 0, 0, 0, 0, 0, 0, 0, 8, 2048, 0, 0, 0, 0, 0, 0, 0, 0, 0, 0, 0, 0, 0]",4,128,2048.0,49152.0,7248231610,7248238326,7299979683,7299981698,0,1,1,-1,1,6716,2015,128,32,32,3
16,3,"[8, 2048, 1024, 1, 1, 0, 0, 0, 0, 0, 0, 0, 0, 0, 0, 4, 0, 0, 0, 0, 0, 0, 0, 0, 0, 0, 0, 0, 0, 0]",4096,128,2097152.0,33554436.0,7248297783,7248304075,7299981699,7300046499,0,512,512,-1,1,6292,64800,128,32,32,3
12,3,"[8, 2048, 1024, 1, 1, 0, 0, 0, 0, 0, 0, 0, 0, 0, 0, 8, 2048, 1024, 1, 1, 0, 0, 0, 0, 0, 0, 0, 0, 0, 0]",4096,128,2097152.0,50331648.0,7248364121,7248370061,7300047011,7300141442,0,1,1,-1,1,5940,94431,128,32,32,3
12,3,"[8, 2048, 1024, 1, 1, 0, 0, 0, 0, 0, 0, 0, 0, 0, 0, 8, 2048, 1024, 1, 1, 0, 0, 0, 0, 0, 0, 0, 0, 0, 0]",4096,128,2097152.0,50331648.0,7248428202,7248434128,7300141443,7300235681,0,1,1,-1,1,5926,94238,128,32,32,3
16,3,"[8, 2048, 0, 0, 0, 0, 0, 0, 0, 0, 0, 0, 0, 0, 0, 4, 0, 0, 0, 0, 0, 0, 0, 0, 0, 0, 0, 0, 0, 0]",4,128,2048.0,32772.0,7248490930,7248496541,7300235682,7300239106,0,544,544,-1,1,5611,3424,128,32,32,3
12,3,"[8, 2048, 0, 0, 0, 0, 0, 0, 0, 0, 0, 0, 0, 0, 0, 8, 2048, 0, 0, 0, 0, 0, 0, 0, 0, 0, 0, 0, 0, 0]",4,128,2048.0,49152.0,7248552957,7248558724,7300239650,7300241793,0,1,1,-1,1,5767,2143,128,32,32,3
12,3,"[8, 2048, 0, 0, 0, 0, 0, 0, 0, 0, 0, 0, 0, 0, 0, 8, 2048, 0, 0, 0, 0, 0, 0, 0, 0, 0, 0, 0, 0, 0]",4,128,2048.0,49152.0,7248620900,7249349672,7300241794,7300243874,0,1408,1408,-1,1,728772,2080,128,32,32,3
16,3,"[8, 2048, 0, 0, 0, 0, 0, 0, 0, 0, 0, 0, 0, 0, 0, 4, 0, 0, 0, 0, 0, 0, 0, 0, 0, 0, 0, 0, 0, 0]",4,128,2048.0,32772.0,7249411894,7249418076,7300245282,7300247394,0,544,544,-1,1,6182,2112,128,32,32,3
12,3,"[8, 2048, 0, 0, 0, 0, 0, 0, 0, 0, 0, 0, 0, 0, 0, 8, 2048, 0, 0, 0, 0, 0, 0, 0, 0, 0, 0, 0, 0, 0]",4,128,2048.0,49152.0,7249475511,7249964530,7300247938,7300249985,0,1,1,-1,1,489019,2047,128,32,32,3
12,3,"[8, 2048, 0, 0, 0, 0, 0, 0, 0, 0, 0, 0, 0, 0, 0, 8, 2048, 0, 0, 0, 0, 0, 0, 0, 0, 0, 0, 0, 0, 0]",4,128,2048.0,49152.0,7250027712,7250034080,7300249986,7300252066,0,1344,1344,-1,1,6368,2080,128,32,32,3
16,3,"[8, 512, 2048, 1, 1, 0, 0, 0, 0, 0, 0, 0, 0, 0, 0, 4, 0, 0, 0, 0, 0, 0, 0, 0, 0, 0, 0, 0, 0, 0]",2048,128,1048576.0,16777220.0,7250093136,7250099378,7300253410,7300285922,0,512,512,-1,1,6242,32512,128,32,32,3
12,3,"[8, 512, 2048, 1, 1, 0, 0, 0, 0, 0, 0, 0, 0, 0, 0, 8, 512, 2048, 1, 1, 0, 0, 0, 0, 0, 0, 0, 0, 0, 0]",2048,128,1048576.0,25165824.0,7250156533,7250162586,7300286434,7300335682,0,320,320,-1,1,6053,49248,128,32,32,3
12,3,"[8, 512, 2048, 1, 1, 0, 0, 0, 0, 0, 0, 0, 0, 0, 0, 8, 512, 2048, 1, 1, 0, 0, 0, 0, 0, 0, 0, 0, 0, 0]",2048,128,1048576.0,25165824.0,7250219240,7250224970,7300336002,7300384962,0,224,224,-1,1,5730,48960,128,32,32,3
16,3,"[8, 512, 0, 0, 0, 0, 0, 0, 0, 0, 0, 0, 0, 0, 0, 4, 0, 0, 0, 0, 0, 0, 0, 0, 0, 0, 0, 0, 0, 0]",1,128,512.0,8196.0,7250281044,7250286880,7300385186,7300387234,0,1472,1472,-1,1,5836,2048,128,32,32,3
12,3,"[8, 512, 0, 0, 0, 0, 0, 0, 0, 0, 0, 0, 0, 0, 0, 8, 512, 0, 0, 0, 0, 0, 0, 0, 0, 0, 0, 0, 0, 0]",1,128,512.0,12288.0,7250342601,7250348029,7300388706,7300391042,0,256,256,-1,1,5428,2336,128,32,32,3
12,3,"[8, 512, 0, 0, 0, 0, 0, 0, 0, 0, 0, 0, 0, 0, 0, 8, 512, 0, 0, 0, 0, 0, 0, 0, 0, 0, 0, 0, 0, 0]",1,128,512.0,12288.0,7250411558,7250417476,7300391298,7300393378,0,608,608,-1,1,5918,2080,128,32,32,3
16,3,"[8, 512, 0, 0, 0, 0, 0, 0, 0, 0, 0, 0, 0, 0, 0, 4, 0, 0, 0, 0, 0, 0, 0, 0, 0, 0, 0, 0, 0, 0]",1,128,512.0,8196.0,7250474403,7252421226,7300393986,7300395426,0,1600,1600,-1,1,1946823,1440,128,32,32,3
12,3,"[8, 512, 0, 0, 0, 0, 0, 0, 0, 0, 0, 0, 0, 0, 0, 8, 512, 0, 0, 0, 0, 0, 0, 0, 0, 0, 0, 0, 0, 0]",1,128,512.0,12288.0,7252502341,7252510644,7300397026,7300399138,0,352,352,-1,1,8303,2112,128,32,32,3
12,3,"[8, 512, 0, 0, 0, 0, 0, 0, 0, 0, 0, 0, 0, 0, 0, 8, 512, 0, 0, 0, 0, 0, 0, 0, 0, 0, 0, 0, 0, 0]",1,128,512.0,12288.0,7252572204,7252578360,7300399490,7300401570,0,1088,1088,-1,1,6156,2080,128,32,32,3
16,3,"[8, 512, 512, 3, 3, 0, 0, 0, 0, 0, 0, 0, 0, 0, 0, 4, 0, 0, 0, 0, 0, 0, 0, 0, 0, 0, 0, 0, 0, 0]",4608,128,2359296.0,37748740.0,7252638408,7253578449,7300402658,7300474689,0,577,577,-1,1,940041,72031,128,32,32,3
12,3,"[8, 512, 512, 3, 3, 0, 0, 0, 0, 0, 0, 0, 0, 0, 0, 8, 512, 512, 3, 3, 0, 0, 0, 0, 0, 0, 0, 0, 0, 0]",4608,128,2359296.0,56623104.0,7253646515,7253652927,7300475266,7300581057,0,608,608,-1,1,6412,105791,128,32,32,3
12,3,"[8, 512, 512, 3, 3, 0, 0, 0, 0, 0, 0, 0, 0, 0, 0, 8, 512, 512, 3, 3, 0, 0, 0, 0, 0, 0, 0, 0, 0, 0]",4608,128,2359296.0,56623104.0,7253716097,7253722301,7300581665,7300687489,0,640,640,-1,1,6204,105824,128,32,32,3
16,3,"[8, 512, 0, 0, 0, 0, 0, 0, 0, 0, 0, 0, 0, 0, 0, 4, 0, 0, 0, 0, 0, 0, 0, 0, 0, 0, 0, 0, 0, 0]",1,128,512.0,8196.0,7253780133,7253785941,7300688129,7300690304,0,1,1,-1,1,5808,2175,128,32,32,3
12,3,"[8, 512, 0, 0, 0, 0, 0, 0, 0, 0, 0, 0, 0, 0, 0, 8, 512, 0, 0, 0, 0, 0, 0, 0, 0, 0, 0, 0, 0, 0]",1,128,512.0,12288.0,7253842085,7253847801,7300690305,7300693537,0,512,512,-1,1,5716,3232,128,32,32,3
12,3,"[8, 512, 0, 0, 0, 0, 0, 0, 0, 0, 0, 0, 0, 0, 0, 8, 512, 0, 0, 0, 0, 0, 0, 0, 0, 0, 0, 0, 0, 0]",1,128,512.0,12288.0,7253904058,7253909523,7300694049,7300696161,0,288,288,-1,1,5465,2112,128,32,32,3
16,3,"[8, 512, 0, 0, 0, 0, 0, 0, 0, 0, 0, 0, 0, 0, 0, 4, 0, 0, 0, 0, 0, 0, 0, 0, 0, 0, 0, 0, 0, 0]",1,128,512.0,8196.0,7253965021,7255087307,7300696449,7300698529,0,1312,1312,-1,1,1122286,2080,128,32,32,3
12,3,"[8, 512, 0, 0, 0, 0, 0, 0, 0, 0, 0, 0, 0, 0, 0, 8, 512, 0, 0, 0, 0, 0, 0, 0, 0, 0, 0, 0, 0, 0]",1,128,512.0,12288.0,7255147935,7255154367,7300699841,7300701953,0,512,512,-1,1,6432,2112,128,32,32,3
12,3,"[8, 512, 0, 0, 0, 0, 0, 0, 0, 0, 0, 0, 0, 0, 0, 8, 512, 0, 0, 0, 0, 0, 0, 0, 0, 0, 0, 0, 0, 0]",1,128,512.0,12288.0,7255211819,7255880126,7300702465,7300704609,0,256,256,-1,1,668307,2144,128,32,32,3
16,3,"[8, 2048, 512, 1, 1, 0, 0, 0, 0, 0, 0, 0, 0, 0, 0, 4, 0, 0, 0, 0, 0, 0, 0, 0, 0, 0, 0, 0, 0, 0]",2048,128,1048576.0,16777220.0,7255944738,7255951978,7300704865,7300737441,0,416,416,-1,1,7240,32576,128,32,32,3
12,3,"[8, 2048, 512, 1, 1, 0, 0, 0, 0, 0, 0, 0, 0, 0, 0, 8, 2048, 512, 1, 1, 0, 0, 0, 0, 0, 0, 0, 0, 0, 0]",2048,128,1048576.0,25165824.0,7256015177,7256021091,7300737857,7300786593,0,1439,1439,-1,1,5914,48736,128,32,32,3
12,3,"[8, 2048, 512, 1, 1, 0, 0, 0, 0, 0, 0, 0, 0, 0, 0, 8, 2048, 512, 1, 1, 0, 0, 0, 0, 0, 0, 0, 0, 0, 0]",2048,128,1048576.0,25165824.0,7256079270,7256085455,7300788032,7300835745,0,1119,1119,-1,1,6185,47713,128,32,32,3
16,3,"[8, 2048, 0, 0, 0, 0, 0, 0, 0, 0, 0, 0, 0, 0, 0, 4, 0, 0, 0, 0, 0, 0, 0, 0, 0, 0, 0, 0, 0, 0]",4,128,2048.0,32772.0,7256140977,7256146835,7300836864,7300839392,0,416,416,-1,1,5858,2528,128,32,32,3
12,3,"[8, 2048, 0, 0, 0, 0, 0, 0, 0, 0, 0, 0, 0, 0, 0, 8, 2048, 0, 0, 0, 0, 0, 0, 0, 0, 0, 0, 0, 0, 0]",4,128,2048.0,49152.0,7256203100,7256208933,7300839808,7300841855,0,1,1,-1,1,5833,2047,128,32,32,3
12,3,"[8, 2048, 0, 0, 0, 0, 0, 0, 0, 0, 0, 0, 0, 0, 0, 8, 2048, 0, 0, 0, 0, 0, 0, 0, 0, 0, 0, 0, 0, 0]",4,128,2048.0,49152.0,7256363654,7256371664,7300841856,7300845024,0,512,512,-1,1,8010,3168,128,32,32,3
16,3,"[8, 2048, 0, 0, 0, 0, 0, 0, 0, 0, 0, 0, 0, 0, 0, 4, 0, 0, 0, 0, 0, 0, 0, 0, 0, 0, 0, 0, 0, 0]",4,128,2048.0,32772.0,7256444582,7258419292,7300845536,7300847776,0,224,224,-1,1,1974710,2240,128,32,32,3
12,3,"[8, 2048, 0, 0, 0, 0, 0, 0, 0, 0, 0, 0, 0, 0, 0, 8, 2048, 0, 0, 0, 0, 0, 0, 0, 0, 0, 0, 0, 0, 0]",4,128,2048.0,49152.0,7258480745,7258487207,7300848000,7300850047,0,1,1,-1,1,6462,2047,128,32,32,3
12,3,"[8, 2048, 0, 0, 0, 0, 0, 0, 0, 0, 0, 0, 0, 0, 0, 8, 2048, 0, 0, 0, 0, 0, 0, 0, 0, 0, 0, 0, 0, 0]",4,128,2048.0,49152.0,7258544935,7258550929,7300850048,7300852128,0,1504,1504,-1,1,5994,2080,128,32,32,3
16,3,"[8, 512, 2048, 1, 1, 0, 0, 0, 0, 0, 0, 0, 0, 0, 0, 4, 0, 0, 0, 0, 0, 0, 0, 0, 0, 0, 0, 0, 0, 0]",2048,128,1048576.0,16777220.0,7258607834,7259969572,7300853632,7300886880,0,32,32,-1,1,1361738,33248,128,32,32,3
12,3,"[8, 512, 2048, 1, 1, 0, 0, 0, 0, 0, 0, 0, 0, 0, 0, 8, 512, 2048, 1, 1, 0, 0, 0, 0, 0, 0, 0, 0, 0, 0]",2048,128,1048576.0,25165824.0,7260040157,7260048172,7300886912,7300936064,0,256,256,-1,1,8015,49152,128,32,32,3
12,3,"[8, 512, 2048, 1, 1, 0, 0, 0, 0, 0, 0, 0, 0, 0, 0, 8, 512, 2048, 1, 1, 0, 0, 0, 0, 0, 0, 0, 0, 0, 0]",2048,128,1048576.0,25165824.0,7260108724,7260114561,7300936320,7300985184,0,32,32,-1,1,5837,48864,128,32,32,3
16,3,"[8, 512, 0, 0, 0, 0, 0, 0, 0, 0, 0, 0, 0, 0, 0, 4, 0, 0, 0, 0, 0, 0, 0, 0, 0, 0, 0, 0, 0, 0]",1,128,512.0,8196.0,7260180515,7260186688,7300985216,7300988512,0,512,512,-1,1,6173,3296,128,32,32,3
12,3,"[8, 512, 0, 0, 0, 0, 0, 0, 0, 0, 0, 0, 0, 0, 0, 8, 512, 0, 0, 0, 0, 0, 0, 0, 0, 0, 0, 0, 0, 0]",1,128,512.0,12288.0,7260243987,7260250262,7300989024,7300991392,0,288,288,-1,1,6275,2368,128,32,32,3
12,3,"[8, 512, 0, 0, 0, 0, 0, 0, 0, 0, 0, 0, 0, 0, 0, 8, 512, 0, 0, 0, 0, 0, 0, 0, 0, 0, 0, 0, 0, 0]",1,128,512.0,12288.0,7260306216,7260312590,7300991680,7300993440,0,1344,1344,-1,1,6374,1760,128,32,32,3
16,3,"[8, 512, 0, 0, 0, 0, 0, 0, 0, 0, 0, 0, 0, 0, 0, 4, 0, 0, 0, 0, 0, 0, 0, 0, 0, 0, 0, 0, 0, 0]",1,128,512.0,8196.0,7260369738,7260375888,7300994784,7300996864,0,608,608,-1,1,6150,2080,128,32,32,3
12,3,"[8, 512, 0, 0, 0, 0, 0, 0, 0, 0, 0, 0, 0, 0, 0, 8, 512, 0, 0, 0, 0, 0, 0, 0, 0, 0, 0, 0, 0, 0]",1,128,512.0,12288.0,7260431055,7261286473,7300997472,7300999584,0,288,288,-1,1,855418,2112,128,32,32,3
12,3,"[8, 512, 0, 0, 0, 0, 0, 0, 0, 0, 0, 0, 0, 0, 0, 8, 512, 0, 0, 0, 0, 0, 0, 0, 0, 0, 0, 0, 0, 0]",1,128,512.0,12288.0,7261347243,7261353317,7300999872,7301001632,0,1280,1280,-1,1,6074,1760,128,32,32,3
16,3,"[8, 512, 512, 3, 3, 0, 0, 0, 0, 0, 0, 0, 0, 0, 0, 4, 0, 0, 0, 0, 0, 0, 0, 0, 0, 0, 0, 0, 0, 0]",4608,128,2359296.0,37748740.0,7261413207,7262434733,7301002912,7301074624,0,640,640,-1,1,1021526,71712,128,32,32,3
12,3,"[8, 512, 512, 3, 3, 0, 0, 0, 0, 0, 0, 0, 0, 0, 0, 8, 512, 512, 3, 3, 0, 0, 0, 0, 0, 0, 0, 0, 0, 0]",4608,128,2359296.0,56623104.0,7262494735,7262525538,7301075264,7301181376,0,448,448,-1,1,30803,106112,128,32,32,3
12,3,"[8, 512, 512, 3, 3, 0, 0, 0, 0, 0, 0, 0, 0, 0, 0, 8, 512, 512, 3, 3, 0, 0, 0, 0, 0, 0, 0, 0, 0, 0]",4608,128,2359296.0,56623104.0,7262584477,7262590161,7301181824,7301287615,0,640,640,-1,1,5684,105791,128,32,32,3
16,3,"[8, 512, 0, 0, 0, 0, 0, 0, 0, 0, 0, 0, 0, 0, 0, 4, 0, 0, 0, 0, 0, 0, 0, 0, 0, 0, 0, 0, 0, 0]",1,128,512.0,8196.0,7262647128,7262653262,7301288255,7301290399,0,640,640,-1,1,6134,2144,128,32,32,3
12,3,"[8, 512, 0, 0, 0, 0, 0, 0, 0, 0, 0, 0, 0, 0, 0, 8, 512, 0, 0, 0, 0, 0, 0, 0, 0, 0, 0, 0, 0, 0]",1,128,512.0,12288.0,7262710574,7262790167,7301291039,7301293759,0,512,512,-1,1,79593,2720,128,32,32,3
12,3,"[8, 512, 0, 0, 0, 0, 0, 0, 0, 0, 0, 0, 0, 0, 0, 8, 512, 0, 0, 0, 0, 0, 0, 0, 0, 0, 0, 0, 0, 0]",1,128,512.0,12288.0,7262853456,7262860485,7301294271,7301296415,0,256,256,-1,1,7029,2144,128,32,32,3
16,3,"[8, 512, 0, 0, 0, 0, 0, 0, 0, 0, 0, 0, 0, 0, 0, 4, 0, 0, 0, 0, 0, 0, 0, 0, 0, 0, 0, 0, 0, 0]",1,128,512.0,8196.0,7262917302,7262923079,7301296671,7301298591,0,1120,1120,-1,1,5777,1920,128,32,32,3
12,3,"[8, 512, 0, 0, 0, 0, 0, 0, 0, 0, 0, 0, 0, 0, 0, 8, 512, 0, 0, 0, 0, 0, 0, 0, 0, 0, 0, 0, 0, 0]",1,128,512.0,12288.0,7262977733,7262983838,7301299711,7301301823,0,512,512,-1,1,6105,2112,128,32,32,3
12,3,"[8, 512, 0, 0, 0, 0, 0, 0, 0, 0, 0, 0, 0, 0, 0, 8, 512, 0, 0, 0, 0, 0, 0, 0, 0, 0, 0, 0, 0, 0]",1,128,512.0,12288.0,7263038875,7263524240,7301302335,7301304447,0,288,288,-1,1,485365,2112,128,32,32,3
16,3,"[8, 2048, 512, 1, 1, 0, 0, 0, 0, 0, 0, 0, 0, 0, 0, 4, 0, 0, 0, 0, 0, 0, 0, 0, 0, 0, 0, 0, 0, 0]",2048,128,1048576.0,16777220.0,7263585296,7263591390,7301304735,7301337502,0,1,1,-1,1,6094,32767,128,32,32,3
12,3,"[8, 2048, 512, 1, 1, 0, 0, 0, 0, 0, 0, 0, 0, 0, 0, 8, 2048, 512, 1, 1, 0, 0, 0, 0, 0, 0, 0, 0, 0, 0]",2048,128,1048576.0,25165824.0,7263670243,7264238465,7301337503,7301386655,0,1088,1088,-1,1,568222,49152,128,32,32,3
12,3,"[8, 2048, 512, 1, 1, 0, 0, 0, 0, 0, 0, 0, 0, 0, 0, 8, 2048, 512, 1, 1, 0, 0, 0, 0, 0, 0, 0, 0, 0, 0]",2048,128,1048576.0,25165824.0,7264308156,7264316021,7301387743,7301435807,0,544,544,-1,1,7865,48064,128,32,32,3
16,3,"[8, 2048, 0, 0, 0, 0, 0, 0, 0, 0, 0, 0, 0, 0, 0, 4, 0, 0, 0, 0, 0, 0, 0, 0, 0, 0, 0, 0, 0, 0]",4,128,2048.0,32772.0,7264376715,7264383273,7301436351,7301439167,0,512,512,-1,1,6558,2816,128,32,32,3
12,3,"[8, 2048, 0, 0, 0, 0, 0, 0, 0, 0, 0, 0, 0, 0, 0, 8, 2048, 0, 0, 0, 0, 0, 0, 0, 0, 0, 0, 0, 0, 0]",4,128,2048.0,49152.0,7264440741,7264446377,7301439679,7301441918,0,1,1,-1,1,5636,2239,128,32,32,3
12,3,"[8, 2048, 0, 0, 0, 0, 0, 0, 0, 0, 0, 0, 0, 0, 0, 8, 2048, 0, 0, 0, 0, 0, 0, 0, 0, 0, 0, 0, 0, 0]",4,128,2048.0,49152.0,7264502221,7264508268,7301441919,7301443999,0,1312,1312,-1,1,6047,2080,128,32,32,3
16,3,"[8, 2048, 0, 0, 0, 0, 0, 0, 0, 0, 0, 0, 0, 0, 0, 4, 0, 0, 0, 0, 0, 0, 0, 0, 0, 0, 0, 0, 0, 0]",4,128,2048.0,32772.0,7264564592,7264571026,7301445311,7301447551,0,544,544,-1,1,6434,2240,128,32,32,3
12,3,"[8, 2048, 0, 0, 0, 0, 0, 0, 0, 0, 0, 0, 0, 0, 0, 8, 2048, 0, 0, 0, 0, 0, 0, 0, 0, 0, 0, 0, 0, 0]",4,128,2048.0,49152.0,7264626308,7264631994,7301448095,7301450143,0,448,448,-1,1,5686,2048,128,32,32,3
12,3,"[8, 2048, 0, 0, 0, 0, 0, 0, 0, 0, 0, 0, 0, 0, 0, 8, 2048, 0, 0, 0, 0, 0, 0, 0, 0, 0, 0, 0, 0, 0]",4,128,2048.0,49152.0,7264693109,7269325553,7301450591,7301452191,0,1440,1440,-1,1,4632444,1600,128,32,32,3
16,3,"[8, 68, 2048, 0, 0, 0, 0, 0, 0, 0, 0, 0, 0, 0, 0, 4, 0, 0, 0, 0, 0, 0, 0, 0, 0, 0, 0, 0, 0, 0]",272,128,139264.0,2228228.0,7269394030,7269400929,7301453631,7301458335,0,1312,1312,-1,1,6899,4704,128,32,32,3
12,3,"[8, 68, 2048, 0, 0, 0, 0, 0, 0, 0, 0, 0, 0, 0, 0, 8, 68, 2048, 0, 0, 0, 0, 0, 0, 0, 0, 0, 0, 0, 0]",272,128,139264.0,3342336.0,7269459260,7270582321,7301459647,7301464479,0,608,608,-1,1,1123061,4832,128,32,32,3
12,3,"[8, 68, 2048, 0, 0, 0, 0, 0, 0, 0, 0, 0, 0, 0, 0, 8, 68, 2048, 0, 0, 0, 0, 0, 0, 0, 0, 0, 0, 0, 0]",272,128,139264.0,3342336.0,7270643143,7270649384,7301465087,7301470527,0,96,96,-1,1,6241,5440,128,32,32,3
16,3,"[8, 68, 0, 0, 0, 0, 0, 0, 0, 0, 0, 0, 0, 0, 0, 4, 0, 0, 0, 0, 0, 0, 0, 0, 0, 0, 0, 0, 0, 0]",1,128,68.0,1092.0,7270708284,7270715126,7301470623,7301472671,0,1120,1120,-1,1,6842,2048,128,32,32,3
12,3,"[8, 68, 0, 0, 0, 0, 0, 0, 0, 0, 0, 0, 0, 0, 0, 8, 68, 0, 0, 0, 0, 0, 0, 0, 0, 0, 0, 0, 0, 0]",1,128,68.0,1632.0,7270777389,7270784036,7301473791,7301475967,0,608,608,-1,1,6647,2176,128,32,32,3
12,3,"[8, 68, 0, 0, 0, 0, 0, 0, 0, 0, 0, 0, 0, 0, 0, 8, 68, 0, 0, 0, 0, 0, 0, 0, 0, 0, 0, 0, 0, 0]",1,128,68.0,1632.0,7270841033,7270846788,7301476575,7301478655,0,0,0,-1,1,5755,2080,128,32,32,3
