op,dir,params,grid,block,flops,bytes,rStartTime,rEndTime,kStartTime,kEndTime,staticSharedMemory,space,space1,seq,kernels,rduration,kduration,batch,h,w,input_type
203,1,"[256, 3, 16, 16, 24, 8, 8, 3, 3, 1, 1, 2, 2, 1, 1, 1, 2, 0, 0, 0, 0, 0, 0, 0, 0, 0, 0, 0, 0, 0]",512,64,0.0,0.0,950616140,950630197,950629411,950645411,2304,173632,173632,534872,1,14057,16000,256,16,16,2
205,1,"[4, 0, 0, 0, 0, 0, 0, 0, 0, 0, 0, 0, 0, 0, 0, 4, 0, 0, 0, 0, 0, 0, 0, 0, 0, 0, 0, 0, 0, 0]",6144,512,3145728.0,3145728.0,950808237,951103511,950819043,951112322,640,431294,167359,534873,4,36382,29344,256,16,16,2
152,1,"[2, 256, 24, 8, 8, 0, 0, 0, 0, 0, 0, 0, 0, 0, 0, 0, 0, 0, 0, 0, 0, 0, 0, 0, 0, 0, 0, 0, 0, 0]",768,128,393216.0,1572864.0,951269757,951279329,951279681,951282753,0,191776,191776,534874,1,9572,3072,256,16,16,2
183,1,"[2, 256, 24, 8, 8, 0, 0, 0, 0, 0, 0, 0, 0, 0, 0, 0, 0, 0, 0, 0, 0, 0, 0, 0, 0, 0, 0, 0, 0, 0]",384,256,0.0,0.0,951462231,951474306,951474529,951482913,0,161759,161759,534875,1,12075,8384,256,16,16,2
203,1,"[256, 24, 4, 4, 24, 2, 2, 3, 3, 1, 1, 2, 2, 1, 1, 24, 2, 0, 0, 0, 0, 0, 0, 0, 0, 0, 0, 0, 0, 0]",24,1024,0.0,0.0,951633555,951644874,951644672,951649345,0,134591,134591,534876,1,11319,4673,256,16,16,2
205,1,"[4, 0, 0, 0, 0, 0, 0, 0, 0, 0, 0, 0, 0, 0, 0, 4, 0, 0, 0, 0, 0, 0, 0, 0, 0, 0, 0, 0, 0, 0]",3072,512,196608.0,196608.0,951775478,952061106,951783936,952066943,640,445279,184192,534877,4,32987,21920,256,16,16,2
203,1,"[256, 24, 2, 2, 58, 2, 2, 1, 1, 0, 0, 1, 1, 1, 1, 1, 2, 0, 0, 0, 0, 0, 0, 0, 0, 0, 0, 0, 0, 0]",64,64,0.0,0.0,952238966,952251674,952251135,952259327,2304,141599,141599,534878,1,12708,8192,256,16,16,2
205,1,"[4, 0, 0, 0, 0, 0, 0, 0, 0, 0, 0, 0, 0, 0, 0, 4, 0, 0, 0, 0, 0, 0, 0, 0, 0, 0, 0, 0, 0, 0]",7424,512,475136.0,475136.0,952391879,952661681,952400926,952671293,640,409119,161760,534879,4,29185,23008,256,16,16,2
152,1,"[2, 256, 58, 2, 2, 0, 0, 0, 0, 0, 0, 0, 0, 0, 0, 0, 0, 0, 0, 0, 0, 0, 0, 0, 0, 0, 0, 0, 0, 0]",116,128,59392.0,237568.0,952823759,952833788,952833053,952836381,0,285247,285247,534880,1,10029,3328,256,16,16,2
203,1,"[256, 24, 4, 4, 58, 4, 4, 1, 1, 0, 0, 1, 1, 1, 1, 1, 2, 0, 0, 0, 0, 0, 0, 0, 0, 0, 0, 0, 0, 0]",256,64,0.0,0.0,953107991,953121554,953121628,953131804,2304,145472,145472,534881,1,13563,10176,256,16,16,2
205,1,"[4, 0, 0, 0, 0, 0, 0, 0, 0, 0, 0, 0, 0, 0, 0, 4, 0, 0, 0, 0, 0, 0, 0, 0, 0, 0, 0, 0, 0, 0]",7424,512,1900544.0,1900544.0,953267780,953541375,953277276,953551931,640,412798,162815,534882,4,30861,24672,256,16,16,2
152,1,"[2, 256, 58, 4, 4, 0, 0, 0, 0, 0, 0, 0, 0, 0, 0, 0, 0, 0, 0, 0, 0, 0, 0, 0, 0, 0, 0, 0, 0, 0]",464,128,237568.0,950272.0,953704901,953713969,953714746,953717818,0,132256,132256,534883,1,9068,3072,256,16,16,2
203,1,"[256, 58, 4, 4, 58, 2, 2, 3, 3, 1, 1, 2, 2, 1, 1, 58, 2, 0, 0, 0, 0, 0, 0, 0, 0, 0, 0, 0, 0, 0]",58,1024,0.0,0.0,953840350,953849453,953850074,953855034,0,128800,128800,534884,1,9103,4960,256,16,16,2
205,1,"[4, 0, 0, 0, 0, 0, 0, 0, 0, 0, 0, 0, 0, 0, 0, 4, 0, 0, 0, 0, 0, 0, 0, 0, 0, 0, 0, 0, 0, 0]",7424,512,475136.0,475136.0,953974971,954227992,953983834,954238009,640,449246,221183,534885,4,28699,26112,256,16,16,2
203,1,"[256, 58, 2, 2, 58, 2, 2, 1, 1, 0, 0, 1, 1, 1, 1, 1, 2, 0, 0, 0, 0, 0, 0, 0, 0, 0, 0, 0, 0, 0]",256,128,0.0,0.0,954447124,954459250,954459192,954477624,0,136480,136480,534886,1,12126,18432,256,16,16,2
205,1,"[4, 0, 0, 0, 0, 0, 0, 0, 0, 0, 0, 0, 0, 0, 0, 4, 0, 0, 0, 0, 0, 0, 0, 0, 0, 0, 0, 0, 0, 0]",7424,512,475136.0,475136.0,954604000,954867120,954614104,954876983,640,408734,169503,534887,4,30993,23648,256,16,16,2
152,1,"[2, 256, 58, 2, 2, 0, 0, 0, 0, 0, 0, 0, 0, 0, 0, 0, 0, 0, 0, 0, 0, 0, 0, 0, 0, 0, 0, 0, 0, 0]",116,128,59392.0,237568.0,955037137,955046006,955046486,955049015,0,100319,100319,534888,1,8869,2529,256,16,16,2
213,1,"[2, 256, 58, 2, 2, 0, 0, 0, 0, 0, 0, 0, 0, 0, 0, 2, 256, 58, 2, 2, 0, 0, 0, 0, 0, 0, 0, 0, 0, 0]",272,512,0.0,475136.0,955139587,955149314,955149334,955155094,0,184704,184704,534889,1,9727,5760,256,16,16,2
239,1,"[0, 0, 0, 0, 0, 0, 0, 0, 0, 0, 0, 0, 0, 0, 0, 0, 0, 0, 0, 0, 0, 0, 0, 0, 0, 0, 0, 0, 0, 0]",232,128,0.0,0.0,955329587,955339854,955339798,955343926,0,296959,296959,534892,1,10267,4128,256,16,16,2
203,1,"[256, 58, 2, 2, 58, 2, 2, 1, 1, 0, 0, 1, 1, 1, 1, 1, 2, 0, 0, 0, 0, 0, 0, 0, 0, 0, 0, 0, 0, 0]",256,128,0.0,0.0,955627805,955726783,955640885,955745333,0,231519,149567,534895,2,21227,22496,256,16,16,2
205,1,"[4, 0, 0, 0, 0, 0, 0, 0, 0, 0, 0, 0, 0, 0, 0, 4, 0, 0, 0, 0, 0, 0, 0, 0, 0, 0, 0, 0, 0, 0]",7424,512,475136.0,475136.0,955885577,956159756,955894900,956170739,640,418879,170144,534896,4,31032,27104,256,16,16,2
152,1,"[2, 256, 58, 2, 2, 0, 0, 0, 0, 0, 0, 0, 0, 0, 0, 0, 0, 0, 0, 0, 0, 0, 0, 0, 0, 0, 0, 0, 0, 0]",116,128,59392.0,237568.0,956323653,956340582,956340883,956343347,0,136895,136895,534897,1,16929,2464,256,16,16,2
203,1,"[256, 58, 2, 2, 58, 2, 2, 3, 3, 1, 1, 1, 1, 1, 1, 58, 2, 0, 0, 0, 0, 0, 0, 0, 0, 0, 0, 0, 0, 0]",58,1024,0.0,0.0,956469623,956479692,956480242,956484658,0,122976,122976,534898,1,10069,4416,256,16,16,2
205,1,"[4, 0, 0, 0, 0, 0, 0, 0, 0, 0, 0, 0, 0, 0, 0, 4, 0, 0, 0, 0, 0, 0, 0, 0, 0, 0, 0, 0, 0, 0]",7424,512,475136.0,475136.0,956599304,956863230,956607634,956873457,640,435743,196064,534899,4,28865,26144,256,16,16,2
203,1,"[256, 58, 2, 2, 58, 2, 2, 1, 1, 0, 0, 1, 1, 1, 1, 1, 2, 0, 0, 0, 0, 0, 0, 0, 0, 0, 0, 0, 0, 0]",256,128,0.0,0.0,957057973,957069409,957069521,957086769,0,136479,136479,534900,1,11436,17248,256,16,16,2
205,1,"[4, 0, 0, 0, 0, 0, 0, 0, 0, 0, 0, 0, 0, 0, 0, 4, 0, 0, 0, 0, 0, 0, 0, 0, 0, 0, 0, 0, 0, 0]",7424,512,475136.0,475136.0,957213614,957488177,957223248,957498416,640,523069,274015,534901,4,29680,26114,256,16,16,2
152,1,"[2, 256, 58, 2, 2, 0, 0, 0, 0, 0, 0, 0, 0, 0, 0, 0, 0, 0, 0, 0, 0, 0, 0, 0, 0, 0, 0, 0, 0, 0]",116,128,59392.0,237568.0,957760351,957772234,957772431,957774895,0,104415,104415,534902,1,11883,2464,256,16,16,2
213,1,"[2, 256, 58, 2, 2, 0, 0, 0, 0, 0, 0, 0, 0, 0, 0, 2, 256, 58, 2, 2, 0, 0, 0, 0, 0, 0, 0, 0, 0, 0]",272,512,0.0,475136.0,957868814,957878863,957879310,957885486,0,174208,174208,534903,1,10049,6176,256,16,16,2
239,1,"[0, 0, 0, 0, 0, 0, 0, 0, 0, 0, 0, 0, 0, 0, 0, 0, 0, 0, 0, 0, 0, 0, 0, 0, 0, 0, 0, 0, 0, 0]",232,128,0.0,0.0,958049698,958060001,958059694,958064718,0,291807,291807,534906,1,10303,5024,256,16,16,2
203,1,"[256, 58, 2, 2, 58, 2, 2, 1, 1, 0, 0, 1, 1, 1, 1, 1, 2, 0, 0, 0, 0, 0, 0, 0, 0, 0, 0, 0, 0, 0]",256,128,0.0,0.0,958344498,958431111,958356525,958449805,0,211135,139903,534909,2,19807,22048,256,16,16,2
205,1,"[4, 0, 0, 0, 0, 0, 0, 0, 0, 0, 0, 0, 0, 0, 0, 4, 0, 0, 0, 0, 0, 0, 0, 0, 0, 0, 0, 0, 0, 0]",7424,512,475136.0,475136.0,958580660,958846181,958589708,958856235,640,401761,161216,534910,4,28818,25982,256,16,16,2
152,1,"[2, 256, 58, 2, 2, 0, 0, 0, 0, 0, 0, 0, 0, 0, 0, 0, 0, 0, 0, 0, 0, 0, 0, 0, 0, 0, 0, 0, 0, 0]",116,128,59392.0,237568.0,959008477,959017009,959017451,959020075,0,138624,138624,534911,1,8532,2624,256,16,16,2
203,1,"[256, 58, 2, 2, 58, 2, 2, 3, 3, 1, 1, 1, 1, 1, 1, 58, 2, 0, 0, 0, 0, 0, 0, 0, 0, 0, 0, 0, 0, 0]",58,1024,0.0,0.0,959141159,959158756,959158699,959163435,0,124895,124895,534912,1,17597,4736,256,16,16,2
205,1,"[4, 0, 0, 0, 0, 0, 0, 0, 0, 0, 0, 0, 0, 0, 0, 4, 0, 0, 0, 0, 0, 0, 0, 0, 0, 0, 0, 0, 0, 0]",7424,512,475136.0,475136.0,959280003,959537004,959288330,959546410,640,427806,194271,534913,4,27995,24545,256,16,16,2
203,1,"[256, 58, 2, 2, 58, 2, 2, 1, 1, 0, 0, 1, 1, 1, 1, 1, 2, 0, 0, 0, 0, 0, 0, 0, 0, 0, 0, 0, 0, 0]",256,128,0.0,0.0,959729456,959740165,959740681,959758569,0,141215,141215,534914,1,10709,17888,256,16,16,2
205,1,"[4, 0, 0, 0, 0, 0, 0, 0, 0, 0, 0, 0, 0, 0, 0, 4, 0, 0, 0, 0, 0, 0, 0, 0, 0, 0, 0, 0, 0, 0]",7424,512,475136.0,475136.0,959889643,960161348,959899784,960171048,640,406431,161119,534915,4,29928,25952,256,16,16,2
152,1,"[2, 256, 58, 2, 2, 0, 0, 0, 0, 0, 0, 0, 0, 0, 0, 0, 0, 0, 0, 0, 0, 0, 0, 0, 0, 0, 0, 0, 0, 0]",116,128,59392.0,237568.0,960323182,960331725,960332167,960334823,0,95776,95776,534916,1,8543,2656,256,16,16,2
213,1,"[2, 256, 58, 2, 2, 0, 0, 0, 0, 0, 0, 0, 0, 0, 0, 2, 256, 58, 2, 2, 0, 0, 0, 0, 0, 0, 0, 0, 0, 0]",272,512,0.0,475136.0,960421969,960430064,960430599,960437191,0,182239,182239,534917,1,8095,6592,256,16,16,2
239,1,"[0, 0, 0, 0, 0, 0, 0, 0, 0, 0, 0, 0, 0, 0, 0, 0, 0, 0, 0, 0, 0, 0, 0, 0, 0, 0, 0, 0, 0, 0]",232,128,0.0,0.0,960608559,960619781,960619430,960623654,0,284639,284639,534920,1,11222,4224,256,16,16,2
203,1,"[256, 58, 2, 2, 58, 2, 2, 1, 1, 0, 0, 1, 1, 1, 1, 1, 2, 0, 0, 0, 0, 0, 0, 0, 0, 0, 0, 0, 0, 0]",256,128,0.0,0.0,960895714,960981167,960908293,960999781,0,216864,147456,534923,2,19811,22080,256,16,16,2
205,1,"[4, 0, 0, 0, 0, 0, 0, 0, 0, 0, 0, 0, 0, 0, 0, 4, 0, 0, 0, 0, 0, 0, 0, 0, 0, 0, 0, 0, 0, 0]",7424,512,475136.0,475136.0,961137563,961404291,961147237,961414180,640,410750,168223,534924,4,29323,24416,256,16,16,2
152,1,"[2, 256, 58, 2, 2, 0, 0, 0, 0, 0, 0, 0, 0, 0, 0, 0, 0, 0, 0, 0, 0, 0, 0, 0, 0, 0, 0, 0, 0, 0]",116,128,59392.0,237568.0,961574041,961582611,961582403,961585603,0,131488,131488,534925,1,8570,3200,256,16,16,2
203,1,"[256, 58, 2, 2, 58, 2, 2, 3, 3, 1, 1, 1, 1, 1, 1, 58, 2, 0, 0, 0, 0, 0, 0, 0, 0, 0, 0, 0, 0, 0]",58,1024,0.0,0.0,961708054,961716819,961717091,961721379,0,124224,124224,534926,1,8765,4288,256,16,16,2
205,1,"[4, 0, 0, 0, 0, 0, 0, 0, 0, 0, 0, 0, 0, 0, 0, 4, 0, 0, 0, 0, 0, 0, 0, 0, 0, 0, 0, 0, 0, 0]",7424,512,475136.0,475136.0,961837303,962205582,961845603,962214946,640,530622,186335,534927,4,29774,25056,256,16,16,2
203,1,"[256, 58, 2, 2, 58, 2, 2, 1, 1, 0, 0, 1, 1, 1, 1, 1, 2, 0, 0, 0, 0, 0, 0, 0, 0, 0, 0, 0, 0, 0]",256,128,0.0,0.0,962391217,962401133,962401281,962419489,0,146944,146944,534928,1,9916,18208,256,16,16,2
205,1,"[4, 0, 0, 0, 0, 0, 0, 0, 0, 0, 0, 0, 0, 0, 0, 4, 0, 0, 0, 0, 0, 0, 0, 0, 0, 0, 0, 0, 0, 0]",7424,512,475136.0,475136.0,962556148,962821005,962566433,962831392,640,403710,165215,534929,4,30287,26464,256,16,16,2
152,1,"[2, 256, 58, 2, 2, 0, 0, 0, 0, 0, 0, 0, 0, 0, 0, 0, 0, 0, 0, 0, 0, 0, 0, 0, 0, 0, 0, 0, 0, 0]",116,128,59392.0,237568.0,962987078,962996019,962996607,962999263,0,92224,92224,534930,1,8941,2656,256,16,16,2
213,1,"[2, 256, 58, 2, 2, 0, 0, 0, 0, 0, 0, 0, 0, 0, 0, 2, 256, 58, 2, 2, 0, 0, 0, 0, 0, 0, 0, 0, 0, 0]",272,512,0.0,475136.0,963082675,963091129,963091487,963097631,0,173536,173536,534931,1,8454,6144,256,16,16,2
239,1,"[0, 0, 0, 0, 0, 0, 0, 0, 0, 0, 0, 0, 0, 0, 0, 0, 0, 0, 0, 0, 0, 0, 0, 0, 0, 0, 0, 0, 0, 0]",232,128,0.0,0.0,963260180,963270623,963271167,963275423,0,217247,217247,534934,1,10443,4256,256,16,16,2
203,1,"[256, 116, 2, 2, 116, 1, 1, 3, 3, 1, 1, 2, 2, 1, 1, 116, 2, 0, 0, 0, 0, 0, 0, 0, 0, 0, 0, 0, 0, 0]",29,1024,0.0,0.0,963480915,963492283,963492670,963496990,0,129023,129023,534936,1,11368,4320,256,16,16,2
205,1,"[4, 0, 0, 0, 0, 0, 0, 0, 0, 0, 0, 0, 0, 0, 0, 4, 0, 0, 0, 0, 0, 0, 0, 0, 0, 0, 0, 0, 0, 0]",4,512,237568.0,237568.0,963617350,963880477,963626013,963886109,6145,482718,243679,534937,4,30470,21057,256,16,16,2
203,1,"[256, 116, 1, 1, 116, 1, 1, 1, 1, 0, 0, 1, 1, 1, 1, 1, 2, 0, 0, 0, 0, 0, 0, 0, 0, 0, 0, 0, 0, 0]",1024,1024,0.0,0.0,964122543,964166671,964129788,964185116,2112,159808,146592,534938,4,21114,42112,256,16,16,2
205,1,"[4, 0, 0, 0, 0, 0, 0, 0, 0, 0, 0, 0, 0, 0, 0, 4, 0, 0, 0, 0, 0, 0, 0, 0, 0, 0, 0, 0, 0, 0]",4,512,237568.0,237568.0,964323030,964582198,964331708,964588411,6145,396702,159903,534939,4,27565,19904,256,16,16,2
152,1,"[2, 256, 116, 1, 1, 0, 0, 0, 0, 0, 0, 0, 0, 0, 0, 0, 0, 0, 0, 0, 0, 0, 0, 0, 0, 0, 0, 0, 0, 0]",58,128,29696.0,118784.0,964739298,964747635,964748314,964750362,0,200928,200928,534940,1,8337,2048,256,16,16,2
203,1,"[256, 116, 2, 2, 116, 2, 2, 1, 1, 0, 0, 1, 1, 1, 1, 1, 2, 0, 0, 0, 0, 0, 0, 0, 0, 0, 0, 0, 0, 0]",512,128,0.0,0.0,964940812,964952178,964951290,964981786,0,123199,123199,534941,1,11366,30496,256,16,16,2
205,1,"[4, 0, 0, 0, 0, 0, 0, 0, 0, 0, 0, 0, 0, 0, 0, 4, 0, 0, 0, 0, 0, 0, 0, 0, 0, 0, 0, 0, 0, 0]",14848,512,950272.0,950272.0,965096306,965368054,965104985,965384664,640,397215,152096,534942,4,28710,34560,256,16,16,2
152,1,"[2, 256, 116, 2, 2, 0, 0, 0, 0, 0, 0, 0, 0, 0, 0, 0, 0, 0, 0, 0, 0, 0, 0, 0, 0, 0, 0, 0, 0, 0]",232,128,118784.0,475136.0,965528420,965536664,965536760,965538840,0,130976,130976,534943,1,8244,2080,256,16,16,2
203,1,"[256, 116, 2, 2, 116, 1, 1, 3, 3, 1, 1, 2, 2, 1, 1, 116, 2, 0, 0, 0, 0, 0, 0, 0, 0, 0, 0, 0, 0, 0]",29,1024,0.0,0.0,965660486,965669145,965669816,965674008,0,136831,136831,534944,1,8659,4192,256,16,16,2
205,1,"[4, 0, 0, 0, 0, 0, 0, 0, 0, 0, 0, 0, 0, 0, 0, 4, 0, 0, 0, 0, 0, 0, 0, 0, 0, 0, 0, 0, 0, 0]",4,512,237568.0,237568.0,965802161,966047335,965810839,966052887,6145,446240,223231,534945,4,27679,19039,256,16,16,2
203,1,"[256, 116, 1, 1, 116, 1, 1, 1, 1, 0, 0, 1, 1, 1, 1, 1, 2, 0, 0, 0, 0, 0, 0, 0, 0, 0, 0, 0, 0, 0]",1024,1024,0.0,0.0,966269343,966310603,966276118,966333462,2112,152127,139231,534946,4,20462,44448,256,16,16,2
205,1,"[4, 0, 0, 0, 0, 0, 0, 0, 0, 0, 0, 0, 0, 0, 0, 4, 0, 0, 0, 0, 0, 0, 0, 0, 0, 0, 0, 0, 0, 0]",4,512,237568.0,237568.0,966464070,966822281,966472693,966828564,6145,506367,170272,534947,4,29845,19776,256,16,16,2
152,1,"[2, 256, 116, 1, 1, 0, 0, 0, 0, 0, 0, 0, 0, 0, 0, 0, 0, 0, 0, 0, 0, 0, 0, 0, 0, 0, 0, 0, 0, 0]",58,128,29696.0,118784.0,966990107,966998430,966998836,967001108,0,94175,94175,534948,1,8323,2272,256,16,16,2
213,1,"[2, 256, 116, 1, 1, 0, 0, 0, 0, 0, 0, 0, 0, 0, 0, 2, 256, 116, 1, 1, 0, 0, 0, 0, 0, 0, 0, 0, 0, 0]",272,512,0.0,237568.0,967086569,967094945,967095283,967099411,0,178240,178240,534949,1,8376,4128,256,16,16,2
239,1,"[0, 0, 0, 0, 0, 0, 0, 0, 0, 0, 0, 0, 0, 0, 0, 0, 0, 0, 0, 0, 0, 0, 0, 0, 0, 0, 0, 0, 0, 0]",116,128,0.0,0.0,967267467,967277543,967277651,967281683,0,282847,282847,534952,1,10076,4032,256,16,16,2
203,1,"[256, 116, 1, 1, 116, 1, 1, 1, 1, 0, 0, 1, 1, 1, 1, 1, 2, 0, 0, 0, 0, 0, 0, 0, 0, 0, 0, 0, 0, 0]",1024,1024,0.0,0.0,967552760,967695980,967564530,967719922,2112,257663,149535,534955,5,31006,47264,256,16,16,2
205,1,"[4, 0, 0, 0, 0, 0, 0, 0, 0, 0, 0, 0, 0, 0, 0, 4, 0, 0, 0, 0, 0, 0, 0, 0, 0, 0, 0, 0, 0, 0]",4,512,237568.0,237568.0,967860755,968119037,967869457,968125329,6145,410879,176223,534956,4,27848,21216,256,16,16,2
152,1,"[2, 256, 116, 1, 1, 0, 0, 0, 0, 0, 0, 0, 0, 0, 0, 0, 0, 0, 0, 0, 0, 0, 0, 0, 0, 0, 0, 0, 0, 0]",58,128,29696.0,118784.0,968293068,968301487,968301552,968304688,0,171999,171999,534957,1,8419,3136,256,16,16,2
203,1,"[256, 116, 1, 1, 116, 1, 1, 3, 3, 1, 1, 1, 1, 1, 1, 116, 2, 0, 0, 0, 0, 0, 0, 0, 0, 0, 0, 0, 0, 0]",3840,256,0.0,0.0,968464804,968477065,968476687,968508431,3904,116704,116704,534958,1,12261,31744,256,16,16,2
205,1,"[4, 0, 0, 0, 0, 0, 0, 0, 0, 0, 0, 0, 0, 0, 0, 4, 0, 0, 0, 0, 0, 0, 0, 0, 0, 0, 0, 0, 0, 0]",4,512,237568.0,237568.0,968616682,968877398,968625135,968883214,6145,439711,200256,534959,4,29008,18624,256,16,16,2
203,1,"[256, 116, 1, 1, 116, 1, 1, 1, 1, 0, 0, 1, 1, 1, 1, 1, 2, 0, 0, 0, 0, 0, 0, 0, 0, 0, 0, 0, 0, 0]",1024,1024,0.0,0.0,969076982,969115313,969083470,969141165,2112,155295,141408,534960,4,19043,43808,256,16,16,2
205,1,"[4, 0, 0, 0, 0, 0, 0, 0, 0, 0, 0, 0, 0, 0, 0, 4, 0, 0, 0, 0, 0, 0, 0, 0, 0, 0, 0, 0, 0, 0]",4,512,237568.0,237568.0,969273828,969522565,969282573,969528332,6145,393632,167904,534961,4,27676,20031,256,16,16,2
152,1,"[2, 256, 116, 1, 1, 0, 0, 0, 0, 0, 0, 0, 0, 0, 0, 0, 0, 0, 0, 0, 0, 0, 0, 0, 0, 0, 0, 0, 0, 0]",58,128,29696.0,118784.0,969687083,969696507,969696236,969698316,0,95840,95840,534962,1,9424,2080,256,16,16,2
213,1,"[2, 256, 116, 1, 1, 0, 0, 0, 0, 0, 0, 0, 0, 0, 0, 2, 256, 116, 1, 1, 0, 0, 0, 0, 0, 0, 0, 0, 0, 0]",272,512,0.0,237568.0,969784641,969793445,969794156,969798668,0,170015,170015,534963,1,8804,4512,256,16,16,2
239,1,"[0, 0, 0, 0, 0, 0, 0, 0, 0, 0, 0, 0, 0, 0, 0, 0, 0, 0, 0, 0, 0, 0, 0, 0, 0, 0, 0, 0, 0, 0]",116,128,0.0,0.0,969959257,969968886,969968683,969973835,0,284767,284767,534966,1,9629,5152,256,16,16,2
203,1,"[256, 116, 1, 1, 116, 1, 1, 1, 1, 0, 0, 1, 1, 1, 1, 1, 2, 0, 0, 0, 0, 0, 0, 0, 0, 0, 0, 0, 0, 0]",1024,1024,0.0,0.0,970246610,970382216,970258602,970406506,2112,238975,139327,534969,5,31262,48256,256,16,16,2
205,1,"[4, 0, 0, 0, 0, 0, 0, 0, 0, 0, 0, 0, 0, 0, 0, 4, 0, 0, 0, 0, 0, 0, 0, 0, 0, 0, 0, 0, 0, 0]",4,512,237568.0,237568.0,970536900,970793953,970545833,970799945,6145,393662,159935,534970,4,28184,20385,256,16,16,2
152,1,"[2, 256, 116, 1, 1, 0, 0, 0, 0, 0, 0, 0, 0, 0, 0, 0, 0, 0, 0, 0, 0, 0, 0, 0, 0, 0, 0, 0, 0, 0]",58,128,29696.0,118784.0,970952084,970959960,970959880,970962952,0,170592,170592,534971,1,7876,3072,256,16,16,2
203,1,"[256, 116, 1, 1, 116, 1, 1, 3, 3, 1, 1, 1, 1, 1, 1, 116, 2, 0, 0, 0, 0, 0, 0, 0, 0, 0, 0, 0, 0, 0]",3840,256,0.0,0.0,971122277,971133307,971133544,971166408,3904,108863,108863,534972,1,11030,32864,256,16,16,2
205,1,"[4, 0, 0, 0, 0, 0, 0, 0, 0, 0, 0, 0, 0, 0, 0, 4, 0, 0, 0, 0, 0, 0, 0, 0, 0, 0, 0, 0, 0, 0]",4,512,237568.0,237568.0,971266586,971629488,971275271,971635718,6145,579455,237472,534973,4,31425,18464,256,16,16,2
203,1,"[256, 116, 1, 1, 116, 1, 1, 1, 1, 0, 0, 1, 1, 1, 1, 1, 2, 0, 0, 0, 0, 0, 0, 0, 0, 0, 0, 0, 0, 0]",1024,1024,0.0,0.0,971866179,971904588,971873190,971928389,2112,152065,140800,534974,4,19764,43934,256,16,16,2
205,1,"[4, 0, 0, 0, 0, 0, 0, 0, 0, 0, 0, 0, 0, 0, 0, 4, 0, 0, 0, 0, 0, 0, 0, 0, 0, 0, 0, 0, 0, 0]",4,512,237568.0,237568.0,972059801,972314087,972069189,972319748,6145,390335,159040,534975,4,28678,19264,256,16,16,2
152,1,"[2, 256, 116, 1, 1, 0, 0, 0, 0, 0, 0, 0, 0, 0, 0, 0, 0, 0, 0, 0, 0, 0, 0, 0, 0, 0, 0, 0, 0, 0]",58,128,29696.0,118784.0,972470098,972485487,972478788,972481380,0,102528,102528,534976,1,15389,2592,256,16,16,2
213,1,"[2, 256, 116, 1, 1, 0, 0, 0, 0, 0, 0, 0, 0, 0, 0, 2, 256, 116, 1, 1, 0, 0, 0, 0, 0, 0, 0, 0, 0, 0]",272,512,0.0,237568.0,972575254,972583663,972583908,972589635,0,172416,172416,534977,1,8409,5727,256,16,16,2
239,1,"[0, 0, 0, 0, 0, 0, 0, 0, 0, 0, 0, 0, 0, 0, 0, 0, 0, 0, 0, 0, 0, 0, 0, 0, 0, 0, 0, 0, 0, 0]",116,128,0.0,0.0,972751289,972761754,972762051,972766211,0,283647,283647,534980,1,10465,4160,256,16,16,2
203,1,"[256, 116, 1, 1, 116, 1, 1, 1, 1, 0, 0, 1, 1, 1, 1, 1, 2, 0, 0, 0, 0, 0, 0, 0, 0, 0, 0, 0, 0, 0]",1024,1024,0.0,0.0,973037251,973173509,973049858,973196290,2112,243487,142463,534983,5,31520,45408,256,16,16,2
205,1,"[4, 0, 0, 0, 0, 0, 0, 0, 0, 0, 0, 0, 0, 0, 0, 4, 0, 0, 0, 0, 0, 0, 0, 0, 0, 0, 0, 0, 0, 0]",4,512,237568.0,237568.0,973329486,973587607,973338753,973593601,6145,396702,161759,534984,4,28424,19905,256,16,16,2
152,1,"[2, 256, 116, 1, 1, 0, 0, 0, 0, 0, 0, 0, 0, 0, 0, 0, 0, 0, 0, 0, 0, 0, 0, 0, 0, 0, 0, 0, 0, 0]",58,128,29696.0,118784.0,973746024,973754575,973755360,973757440,0,168032,168032,534985,1,8551,2080,256,16,16,2
203,1,"[256, 116, 1, 1, 116, 1, 1, 3, 3, 1, 1, 1, 1, 1, 1, 116, 2, 0, 0, 0, 0, 0, 0, 0, 0, 0, 0, 0, 0, 0]",3840,256,0.0,0.0,973915123,973925799,973925472,973958143,3904,110592,110592,534986,1,10676,32671,256,16,16,2
205,1,"[4, 0, 0, 0, 0, 0, 0, 0, 0, 0, 0, 0, 0, 0, 0, 4, 0, 0, 0, 0, 0, 0, 0, 0, 0, 0, 0, 0, 0, 0]",4,512,237568.0,237568.0,974060246,974304275,974068735,974310398,6145,432705,209984,534987,4,27226,18942,256,16,16,2
203,1,"[256, 116, 1, 1, 116, 1, 1, 1, 1, 0, 0, 1, 1, 1, 1, 1, 2, 0, 0, 0, 0, 0, 0, 0, 0, 0, 0, 0, 0, 0]",1024,1024,0.0,0.0,974513473,974553835,974520382,974576510,2112,149408,136575,534988,4,20972,43295,256,16,16,2
205,1,"[4, 0, 0, 0, 0, 0, 0, 0, 0, 0, 0, 0, 0, 0, 0, 4, 0, 0, 0, 0, 0, 0, 0, 0, 0, 0, 0, 0, 0, 0]",4,512,237568.0,237568.0,974704304,974960964,974713085,974967613,6145,394173,159903,534989,4,27765,20258,256,16,16,2
152,1,"[2, 256, 116, 1, 1, 0, 0, 0, 0, 0, 0, 0, 0, 0, 0, 0, 0, 0, 0, 0, 0, 0, 0, 0, 0, 0, 0, 0, 0, 0]",58,128,29696.0,118784.0,975118626,975126981,975127516,975129596,0,92320,92320,534990,1,8355,2080,256,16,16,2
213,1,"[2, 256, 116, 1, 1, 0, 0, 0, 0, 0, 0, 0, 0, 0, 0, 2, 256, 116, 1, 1, 0, 0, 0, 0, 0, 0, 0, 0, 0, 0]",272,512,0.0,237568.0,975213829,975222068,975221916,975227900,0,180319,180319,534991,1,8239,5984,256,16,16,2
239,1,"[0, 0, 0, 0, 0, 0, 0, 0, 0, 0, 0, 0, 0, 0, 0, 0, 0, 0, 0, 0, 0, 0, 0, 0, 0, 0, 0, 0, 0, 0]",116,128,0.0,0.0,975397787,975408440,975408219,975412219,0,278400,278400,534994,1,10653,4000,256,16,16,2
203,1,"[256, 116, 1, 1, 116, 1, 1, 1, 1, 0, 0, 1, 1, 1, 1, 1, 2, 0, 0, 0, 0, 0, 0, 0, 0, 0, 0, 0, 0, 0]",1024,1024,0.0,0.0,975678759,975827213,975690619,975850234,2112,256736,144032,534997,5,30815,46911,256,16,16,2
205,1,"[4, 0, 0, 0, 0, 0, 0, 0, 0, 0, 0, 0, 0, 0, 0, 4, 0, 0, 0, 0, 0, 0, 0, 0, 0, 0, 0, 0, 0, 0]",4,512,237568.0,237568.0,975985393,976347524,975994266,976354137,6145,502079,163999,534998,4,30641,21791,256,16,16,2
152,1,"[2, 256, 116, 1, 1, 0, 0, 0, 0, 0, 0, 0, 0, 0, 0, 0, 0, 0, 0, 0, 0, 0, 0, 0, 0, 0, 0, 0, 0, 0]",58,128,29696.0,118784.0,976509734,976517903,976518136,976520184,0,159456,159456,534999,1,8169,2048,256,16,16,2
203,1,"[256, 116, 1, 1, 116, 1, 1, 3, 3, 1, 1, 1, 1, 1, 1, 116, 2, 0, 0, 0, 0, 0, 0, 0, 0, 0, 0, 0, 0, 0]",3840,256,0.0,0.0,976669302,976679222,976679640,976712471,3904,118080,118080,535000,1,9920,32831,256,16,16,2
205,1,"[4, 0, 0, 0, 0, 0, 0, 0, 0, 0, 0, 0, 0, 0, 0, 4, 0, 0, 0, 0, 0, 0, 0, 0, 0, 0, 0, 0, 0, 0]",4,512,237568.0,237568.0,976820779,977070625,976830551,977077014,6145,432736,207040,535001,4,29656,20767,256,16,16,2
203,1,"[256, 116, 1, 1, 116, 1, 1, 1, 1, 0, 0, 1, 1, 1, 1, 1, 2, 0, 0, 0, 0, 0, 0, 0, 0, 0, 0, 0, 0, 0]",1024,1024,0.0,0.0,977277916,977317123,977284054,977339382,2112,148384,137215,535002,4,19922,44159,256,16,16,2
205,1,"[4, 0, 0, 0, 0, 0, 0, 0, 0, 0, 0, 0, 0, 0, 0, 4, 0, 0, 0, 0, 0, 0, 0, 0, 0, 0, 0, 0, 0, 0]",4,512,237568.0,237568.0,977468668,977718945,977476597,977725621,6145,397247,168031,535003,4,27573,19808,256,16,16,2
152,1,"[2, 256, 116, 1, 1, 0, 0, 0, 0, 0, 0, 0, 0, 0, 0, 0, 0, 0, 0, 0, 0, 0, 0, 0, 0, 0, 0, 0, 0, 0]",58,128,29696.0,118784.0,977884362,977893268,977893652,977896244,0,93600,93600,535004,1,8906,2592,256,16,16,2
213,1,"[2, 256, 116, 1, 1, 0, 0, 0, 0, 0, 0, 0, 0, 0, 0, 2, 256, 116, 1, 1, 0, 0, 0, 0, 0, 0, 0, 0, 0, 0]",272,512,0.0,237568.0,977980775,977989022,977989844,977994740,0,212223,212223,535005,1,8247,4896,256,16,16,2
239,1,"[0, 0, 0, 0, 0, 0, 0, 0, 0, 0, 0, 0, 0, 0, 0, 0, 0, 0, 0, 0, 0, 0, 0, 0, 0, 0, 0, 0, 0, 0]",116,128,0.0,0.0,978194548,978206548,978206963,978211123,0,285343,285343,535008,1,12000,4160,256,16,16,2
203,1,"[256, 116, 1, 1, 116, 1, 1, 1, 1, 0, 0, 1, 1, 1, 1, 1, 2, 0, 0, 0, 0, 0, 0, 0, 0, 0, 0, 0, 0, 0]",1024,1024,0.0,0.0,978484470,978618296,978496466,978641906,2112,251743,151551,535011,5,31066,45248,256,16,16,2
205,1,"[4, 0, 0, 0, 0, 0, 0, 0, 0, 0, 0, 0, 0, 0, 0, 4, 0, 0, 0, 0, 0, 0, 0, 0, 0, 0, 0, 0, 0, 0]",4,512,237568.0,237568.0,978784594,979038401,978793457,979045297,6145,401662,170015,535012,4,29269,20193,256,16,16,2
152,1,"[2, 256, 116, 1, 1, 0, 0, 0, 0, 0, 0, 0, 0, 0, 0, 0, 0, 0, 0, 0, 0, 0, 0, 0, 0, 0, 0, 0, 0, 0]",58,128,29696.0,118784.0,979205660,979214873,979215312,979217392,0,161760,161760,535013,1,9213,2080,256,16,16,2
203,1,"[256, 116, 1, 1, 116, 1, 1, 3, 3, 1, 1, 1, 1, 1, 1, 116, 2, 0, 0, 0, 0, 0, 0, 0, 0, 0, 0, 0, 0, 0]",3840,256,0.0,0.0,979369458,979379099,979379152,979411952,3904,110591,110591,535014,1,9641,32800,256,16,16,2
205,1,"[4, 0, 0, 0, 0, 0, 0, 0, 0, 0, 0, 0, 0, 0, 0, 4, 0, 0, 0, 0, 0, 0, 0, 0, 0, 0, 0, 0, 0, 0]",4,512,237568.0,237568.0,979513936,979764804,979522543,979770351,6145,440447,210495,535015,4,27723,17856,256,16,16,2
203,1,"[256, 116, 1, 1, 116, 1, 1, 1, 1, 0, 0, 1, 1, 1, 1, 1, 2, 0, 0, 0, 0, 0, 0, 0, 0, 0, 0, 0, 0, 0]",1024,1024,0.0,0.0,979973661,980013315,979980846,980036590,2112,150687,137055,535016,4,20555,42112,256,16,16,2
205,1,"[4, 0, 0, 0, 0, 0, 0, 0, 0, 0, 0, 0, 0, 0, 0, 4, 0, 0, 0, 0, 0, 0, 0, 0, 0, 0, 0, 0, 0, 0]",4,512,237568.0,237568.0,980164161,980416613,980173645,980422925,6145,403615,174431,535017,4,28139,20096,256,16,16,2
152,1,"[2, 256, 116, 1, 1, 0, 0, 0, 0, 0, 0, 0, 0, 0, 0, 0, 0, 0, 0, 0, 0, 0, 0, 0, 0, 0, 0, 0, 0, 0]",58,128,29696.0,118784.0,980587950,980596911,980597356,980599788,0,95456,95456,535018,1,8961,2432,256,16,16,2
213,1,"[2, 256, 116, 1, 1, 0, 0, 0, 0, 0, 0, 0, 0, 0, 0, 2, 256, 116, 1, 1, 0, 0, 0, 0, 0, 0, 0, 0, 0, 0]",272,512,0.0,237568.0,980685972,980694110,980695244,980700140,0,280895,280895,535019,1,8138,4896,256,16,16,2
239,1,"[0, 0, 0, 0, 0, 0, 0, 0, 0, 0, 0, 0, 0, 0, 0, 0, 0, 0, 0, 0, 0, 0, 0, 0, 0, 0, 0, 0, 0, 0]",116,128,0.0,0.0,980968683,980981521,980981035,980984843,0,314783,314783,535022,1,12838,3808,256,16,16,2
203,1,"[256, 116, 1, 1, 116, 1, 1, 1, 1, 0, 0, 1, 1, 1, 1, 1, 2, 0, 0, 0, 0, 0, 0, 0, 0, 0, 0, 0, 0, 0]",1024,1024,0.0,0.0,981286949,981424401,981299626,981447658,2112,241055,137599,535025,5,32338,44576,256,16,16,2
205,1,"[4, 0, 0, 0, 0, 0, 0, 0, 0, 0, 0, 0, 0, 0, 0, 4, 0, 0, 0, 0, 0, 0, 0, 0, 0, 0, 0, 0, 0, 0]",4,512,237568.0,237568.0,981577067,981833430,981585257,981840265,6145,392959,158431,535026,4,27275,20480,256,16,16,2
152,1,"[2, 256, 116, 1, 1, 0, 0, 0, 0, 0, 0, 0, 0, 0, 0, 0, 0, 0, 0, 0, 0, 0, 0, 0, 0, 0, 0, 0, 0, 0]",58,128,29696.0,118784.0,981990490,981998793,981998696,982002184,0,164576,164576,535027,1,8303,3488,256,16,16,2
203,1,"[256, 116, 1, 1, 116, 1, 1, 3, 3, 1, 1, 1, 1, 1, 1, 116, 2, 0, 0, 0, 0, 0, 0, 0, 0, 0, 0, 0, 0, 0]",3840,256,0.0,0.0,982155809,982166857,982166760,982199271,3904,110560,110560,535028,1,11048,32511,256,16,16,2
205,1,"[4, 0, 0, 0, 0, 0, 0, 0, 0, 0, 0, 0, 0, 0, 0, 4, 0, 0, 0, 0, 0, 0, 0, 0, 0, 0, 0, 0, 0, 0]",4,512,237568.0,237568.0,982300743,982549698,982309831,982555622,6145,426079,198624,535029,4,27898,18336,256,16,16,2
203,1,"[256, 116, 1, 1, 116, 1, 1, 1, 1, 0, 0, 1, 1, 1, 1, 1, 2, 0, 0, 0, 0, 0, 0, 0, 0, 0, 0, 0, 0, 0]",1024,1024,0.0,0.0,982748435,982785831,982754246,982811622,2112,145184,133247,535030,4,18418,45439,256,16,16,2
205,1,"[4, 0, 0, 0, 0, 0, 0, 0, 0, 0, 0, 0, 0, 0, 0, 4, 0, 0, 0, 0, 0, 0, 0, 0, 0, 0, 0, 0, 0, 0]",4,512,237568.0,237568.0,982936275,983192279,982944869,983198693,6145,392575,159711,535031,4,28437,20960,256,16,16,2
152,1,"[2, 256, 116, 1, 1, 0, 0, 0, 0, 0, 0, 0, 0, 0, 0, 0, 0, 0, 0, 0, 0, 0, 0, 0, 0, 0, 0, 0, 0, 0]",58,128,29696.0,118784.0,983350212,983358222,983358404,983360484,0,102336,102336,535032,1,8010,2080,256,16,16,2
213,1,"[2, 256, 116, 1, 1, 0, 0, 0, 0, 0, 0, 0, 0, 0, 0, 2, 256, 116, 1, 1, 0, 0, 0, 0, 0, 0, 0, 0, 0, 0]",272,512,0.0,237568.0,983453193,983462301,983462820,983468132,0,174495,174495,535033,1,9108,5312,256,16,16,2
239,1,"[0, 0, 0, 0, 0, 0, 0, 0, 0, 0, 0, 0, 0, 0, 0, 0, 0, 0, 0, 0, 0, 0, 0, 0, 0, 0, 0, 0, 0, 0]",116,128,0.0,0.0,983632408,983642344,983642627,983646755,0,291264,291264,535036,1,9936,4128,256,16,16,2
203,1,"[256, 116, 1, 1, 116, 1, 1, 1, 1, 0, 0, 1, 1, 1, 1, 1, 2, 0, 0, 0, 0, 0, 0, 0, 0, 0, 0, 0, 0, 0]",1024,1024,0.0,0.0,983925103,984059475,983938019,984083202,2112,236063,137536,535039,5,32088,46656,256,16,16,2
205,1,"[4, 0, 0, 0, 0, 0, 0, 0, 0, 0, 0, 0, 0, 0, 0, 4, 0, 0, 0, 0, 0, 0, 0, 0, 0, 0, 0, 0, 0, 0]",4,512,237568.0,237568.0,984212337,984467076,984220738,984472545,6145,392702,159199,535040,4,28716,18304,256,16,16,2
152,1,"[2, 256, 116, 1, 1, 0, 0, 0, 0, 0, 0, 0, 0, 0, 0, 0, 0, 0, 0, 0, 0, 0, 0, 0, 0, 0, 0, 0, 0, 0]",58,128,29696.0,118784.0,984623253,984631246,984631744,984634305,0,159103,159103,535041,1,7993,2561,256,16,16,2
203,1,"[256, 116, 1, 1, 116, 1, 1, 3, 3, 1, 1, 1, 1, 1, 1, 116, 2, 0, 0, 0, 0, 0, 0, 0, 0, 0, 0, 0, 0, 0]",3840,256,0.0,0.0,984783406,984793832,984793408,984826272,3904,118400,118400,535042,1,10426,32864,256,16,16,2
205,1,"[4, 0, 0, 0, 0, 0, 0, 0, 0, 0, 0, 0, 0, 0, 0, 4, 0, 0, 0, 0, 0, 0, 0, 0, 0, 0, 0, 0, 0, 0]",4,512,237568.0,237568.0,984935120,985179598,984944672,985186527,6145,429118,207583,535043,4,28176,20320,256,16,16,2
203,1,"[256, 116, 1, 1, 116, 1, 1, 1, 1, 0, 0, 1, 1, 1, 1, 1, 2, 0, 0, 0, 0, 0, 0, 0, 0, 0, 0, 0, 0, 0]",1024,1024,0.0,0.0,985387851,985435926,985394110,985458686,2112,159808,138560,535044,4,19781,43328,256,16,16,2
205,1,"[4, 0, 0, 0, 0, 0, 0, 0, 0, 0, 0, 0, 0, 0, 0, 4, 0, 0, 0, 0, 0, 0, 0, 0, 0, 0, 0, 0, 0, 0]",4,512,237568.0,237568.0,985588483,986038139,985597246,986044508,6145,651870,226144,535045,4,31808,21536,256,16,16,2
152,1,"[2, 256, 116, 1, 1, 0, 0, 0, 0, 0, 0, 0, 0, 0, 0, 0, 0, 0, 0, 0, 0, 0, 0, 0, 0, 0, 0, 0, 0, 0]",58,128,29696.0,118784.0,986261153,986270534,986270652,986272732,0,132191,132191,535046,1,9381,2080,256,16,16,2
213,1,"[2, 256, 116, 1, 1, 0, 0, 0, 0, 0, 0, 0, 0, 0, 0, 2, 256, 116, 1, 1, 0, 0, 0, 0, 0, 0, 0, 0, 0, 0]",272,512,0.0,237568.0,986394476,986403957,986404923,986409947,0,204096,204096,535047,1,9481,5024,256,16,16,2
239,1,"[0, 0, 0, 0, 0, 0, 0, 0, 0, 0, 0, 0, 0, 0, 0, 0, 0, 0, 0, 0, 0, 0, 0, 0, 0, 0, 0, 0, 0, 0]",116,128,0.0,0.0,986602693,986613835,986614043,986618171,0,328319,328319,535050,1,11142,4128,256,16,16,2
203,1,"[256, 232, 1, 1, 232, 1, 1, 3, 3, 1, 1, 2, 2, 1, 1, 232, 2, 0, 0, 0, 0, 0, 0, 0, 0, 0, 0, 0, 0, 0]",58,1024,0.0,0.0,986933300,986946822,986946490,986950618,0,139615,139615,535052,1,13522,4128,256,16,16,2
205,1,"[4, 0, 0, 0, 0, 0, 0, 0, 0, 0, 0, 0, 0, 0, 0, 4, 0, 0, 0, 0, 0, 0, 0, 0, 0, 0, 0, 0, 0, 0]",8,512,475136.0,475136.0,987080997,987441516,987090233,987447928,6145,633310,296831,535053,4,31937,21216,256,16,16,2
203,1,"[256, 232, 1, 1, 232, 1, 1, 1, 1, 0, 0, 1, 1, 1, 1, 1, 2, 0, 0, 0, 0, 0, 0, 0, 0, 0, 0, 0, 0, 0]",16,128,0.0,0.0,987730767,987744744,987744759,987756887,0,203360,203360,535054,1,13977,12128,256,16,16,2
205,1,"[4, 0, 0, 0, 0, 0, 0, 0, 0, 0, 0, 0, 0, 0, 0, 4, 0, 0, 0, 0, 0, 0, 0, 0, 0, 0, 0, 0, 0, 0]",8,512,475136.0,475136.0,987949557,988311070,987960247,988316630,6145,530686,192511,535055,4,32511,18208,256,16,16,2
152,1,"[2, 256, 232, 1, 1, 0, 0, 0, 0, 0, 0, 0, 0, 0, 0, 0, 0, 0, 0, 0, 0, 0, 0, 0, 0, 0, 0, 0, 0, 0]",116,128,59392.0,237568.0,988499930,988508710,988509141,988511189,0,282879,282879,535056,1,8780,2048,256,16,16,2
203,1,"[256, 232, 1, 1, 232, 1, 1, 1, 1, 0, 0, 1, 1, 1, 1, 1, 2, 0, 0, 0, 0, 0, 0, 0, 0, 0, 0, 0, 0, 0]",16,128,0.0,0.0,988781991,988794536,988794068,988806100,0,158752,158752,535057,1,12545,12032,256,16,16,2
205,1,"[4, 0, 0, 0, 0, 0, 0, 0, 0, 0, 0, 0, 0, 0, 0, 4, 0, 0, 0, 0, 0, 0, 0, 0, 0, 0, 0, 0, 0, 0]",8,512,475136.0,475136.0,988954990,989206967,988964852,989213235,6145,398783,170752,535058,4,29230,20352,256,16,16,2
152,1,"[2, 256, 232, 1, 1, 0, 0, 0, 0, 0, 0, 0, 0, 0, 0, 0, 0, 0, 0, 0, 0, 0, 0, 0, 0, 0, 0, 0, 0, 0]",116,128,59392.0,237568.0,989374734,989383746,989383987,989387155,0,133343,133343,535059,1,9012,3168,256,16,16,2
203,1,"[256, 232, 1, 1, 232, 1, 1, 3, 3, 1, 1, 2, 2, 1, 1, 232, 2, 0, 0, 0, 0, 0, 0, 0, 0, 0, 0, 0, 0, 0]",58,1024,0.0,0.0,989510960,989519894,989520498,989524946,0,123104,123104,535060,1,8934,4448,256,16,16,2
205,1,"[4, 0, 0, 0, 0, 0, 0, 0, 0, 0, 0, 0, 0, 0, 0, 4, 0, 0, 0, 0, 0, 0, 0, 0, 0, 0, 0, 0, 0, 0]",8,512,475136.0,475136.0,989640081,989892655,989648050,989899025,6145,428735,197280,535061,4,27463,19520,256,16,16,2
203,1,"[256, 232, 1, 1, 232, 1, 1, 1, 1, 0, 0, 1, 1, 1, 1, 1, 2, 0, 0, 0, 0, 0, 0, 0, 0, 0, 0, 0, 0, 0]",16,128,0.0,0.0,990085052,990096635,990096305,990108624,0,143392,143392,535062,1,11583,12319,256,16,16,2
205,1,"[4, 0, 0, 0, 0, 0, 0, 0, 0, 0, 0, 0, 0, 0, 0, 4, 0, 0, 0, 0, 0, 0, 0, 0, 0, 0, 0, 0, 0, 0]",8,512,475136.0,475136.0,990243316,990499885,990252016,990505936,6145,393791,161151,535063,4,28999,21280,256,16,16,2
152,1,"[2, 256, 232, 1, 1, 0, 0, 0, 0, 0, 0, 0, 0, 0, 0, 0, 0, 0, 0, 0, 0, 0, 0, 0, 0, 0, 0, 0, 0, 0]",116,128,59392.0,237568.0,990657923,990666212,990667087,990669711,0,101503,101503,535064,1,8289,2624,256,16,16,2
213,1,"[2, 256, 232, 1, 1, 0, 0, 0, 0, 0, 0, 0, 0, 0, 0, 2, 256, 232, 1, 1, 0, 0, 0, 0, 0, 0, 0, 0, 0, 0]",272,512,0.0,475136.0,990760999,990770358,990771214,990776271,0,286079,286079,535065,1,9359,5057,256,16,16,2
239,1,"[0, 0, 0, 0, 0, 0, 0, 0, 0, 0, 0, 0, 0, 0, 0, 0, 0, 0, 0, 0, 0, 0, 0, 0, 0, 0, 0, 0, 0, 0]",232,128,0.0,0.0,991050249,991062174,991062350,991066446,0,305439,305439,535068,1,11925,4096,256,16,16,2
203,1,"[256, 232, 1, 1, 232, 1, 1, 1, 1, 0, 0, 1, 1, 1, 1, 1, 2, 0, 0, 0, 0, 0, 0, 0, 0, 0, 0, 0, 0, 0]",116,128,0.0,0.0,991358970,991450430,991371885,991462349,0,224127,149599,535071,2,21602,15936,256,16,16,2
205,1,"[4, 0, 0, 0, 0, 0, 0, 0, 0, 0, 0, 0, 0, 0, 0, 4, 0, 0, 0, 0, 0, 0, 0, 0, 0, 0, 0, 0, 0, 0]",8,512,475136.0,475136.0,991603234,991872118,991611948,991878091,6145,408448,163904,535072,4,29559,21599,256,16,16,2
152,1,"[2, 256, 232, 1, 1, 0, 0, 0, 0, 0, 0, 0, 0, 0, 0, 0, 0, 0, 0, 0, 0, 0, 0, 0, 0, 0, 0, 0, 0, 0]",116,128,59392.0,237568.0,992033467,992041957,992041995,992045515,0,168447,168447,535073,1,8490,3520,256,16,16,2
203,1,"[256, 232, 1, 1, 232, 1, 1, 3, 3, 1, 1, 1, 1, 1, 1, 232, 2, 0, 0, 0, 0, 0, 0, 0, 0, 0, 0, 0, 0, 0]",7424,256,0.0,0.0,992203081,992213892,992213962,992273354,3904,86400,86400,535074,1,10811,59392,256,16,16,2
205,1,"[4, 0, 0, 0, 0, 0, 0, 0, 0, 0, 0, 0, 0, 0, 0, 4, 0, 0, 0, 0, 0, 0, 0, 0, 0, 0, 0, 0, 0, 0]",8,512,475136.0,475136.0,992350942,992598710,992359754,992604905,6145,423871,200192,535075,4,27655,21472,256,16,16,2
203,1,"[256, 232, 1, 1, 232, 1, 1, 1, 1, 0, 0, 1, 1, 1, 1, 1, 2, 0, 0, 0, 0, 0, 0, 0, 0, 0, 0, 0, 0, 0]",16,128,0.0,0.0,992793389,992804486,992805097,992816073,0,143231,143231,535076,1,11097,10976,256,16,16,2
205,1,"[4, 0, 0, 0, 0, 0, 0, 0, 0, 0, 0, 0, 0, 0, 0, 4, 0, 0, 0, 0, 0, 0, 0, 0, 0, 0, 0, 0, 0, 0]",8,512,475136.0,475136.0,992949619,993207047,992959304,993213383,6145,397215,163040,535077,4,29662,19904,256,16,16,2
152,1,"[2, 256, 232, 1, 1, 0, 0, 0, 0, 0, 0, 0, 0, 0, 0, 0, 0, 0, 0, 0, 0, 0, 0, 0, 0, 0, 0, 0, 0, 0]",116,128,59392.0,237568.0,993367757,993376032,993376423,993379015,0,94432,94432,535078,1,8275,2592,256,16,16,2
213,1,"[2, 256, 232, 1, 1, 0, 0, 0, 0, 0, 0, 0, 0, 0, 0, 2, 256, 232, 1, 1, 0, 0, 0, 0, 0, 0, 0, 0, 0, 0]",272,512,0.0,475136.0,993464129,993472640,993473447,993479623,0,177791,177791,535079,1,8511,6176,256,16,16,2
239,1,"[0, 0, 0, 0, 0, 0, 0, 0, 0, 0, 0, 0, 0, 0, 0, 0, 0, 0, 0, 0, 0, 0, 0, 0, 0, 0, 0, 0, 0, 0]",232,128,0.0,0.0,993647310,993657121,993657414,993661542,0,304543,304543,535082,1,9811,4128,256,16,16,2
203,1,"[256, 232, 1, 1, 232, 1, 1, 1, 1, 0, 0, 1, 1, 1, 1, 1, 2, 0, 0, 0, 0, 0, 0, 0, 0, 0, 0, 0, 0, 0]",116,128,0.0,0.0,993953238,994044450,993966085,994056965,0,236896,161152,535085,2,20996,15136,256,16,16,2
205,1,"[4, 0, 0, 0, 0, 0, 0, 0, 0, 0, 0, 0, 0, 0, 0, 4, 0, 0, 0, 0, 0, 0, 0, 0, 0, 0, 0, 0, 0, 0]",8,512,475136.0,475136.0,994208444,994462458,994218117,994468804,6145,399070,167455,535086,4,28304,19072,256,16,16,2
152,1,"[2, 256, 232, 1, 1, 0, 0, 0, 0, 0, 0, 0, 0, 0, 0, 0, 0, 0, 0, 0, 0, 0, 0, 0, 0, 0, 0, 0, 0, 0]",116,128,59392.0,237568.0,994627600,994635736,994636259,994638787,0,161152,161152,535087,1,8136,2528,256,16,16,2
203,1,"[256, 232, 1, 1, 232, 1, 1, 3, 3, 1, 1, 1, 1, 1, 1, 232, 2, 0, 0, 0, 0, 0, 0, 0, 0, 0, 0, 0, 0, 0]",7424,256,0.0,0.0,994789939,994799607,994799939,994859331,3904,84575,84575,535088,1,9668,59392,256,16,16,2
205,1,"[4, 0, 0, 0, 0, 0, 0, 0, 0, 0, 0, 0, 0, 0, 0, 4, 0, 0, 0, 0, 0, 0, 0, 0, 0, 0, 0, 0, 0, 0]",8,512,475136.0,475136.0,994934953,995191568,994943906,995197858,6145,425342,189791,535089,4,29243,18401,256,16,16,2
203,1,"[256, 232, 1, 1, 232, 1, 1, 1, 1, 0, 0, 1, 1, 1, 1, 1, 2, 0, 0, 0, 0, 0, 0, 0, 0, 0, 0, 0, 0, 0]",16,128,0.0,0.0,995376649,995387369,995387649,995398593,0,145376,145376,535090,1,10720,10944,256,16,16,2
205,1,"[4, 0, 0, 0, 0, 0, 0, 0, 0, 0, 0, 0, 0, 0, 0, 4, 0, 0, 0, 0, 0, 0, 0, 0, 0, 0, 0, 0, 0, 0]",8,512,475136.0,475136.0,995534210,995909103,995543969,995916160,6145,523838,172671,535091,4,31681,21024,256,16,16,2
152,1,"[2, 256, 232, 1, 1, 0, 0, 0, 0, 0, 0, 0, 0, 0, 0, 0, 0, 0, 0, 0, 0, 0, 0, 0, 0, 0, 0, 0, 0, 0]",116,128,59392.0,237568.0,996080318,996088994,996088831,996091999,0,94208,94208,535092,1,8676,3168,256,16,16,2
213,1,"[2, 256, 232, 1, 1, 0, 0, 0, 0, 0, 0, 0, 0, 0, 0, 2, 256, 232, 1, 1, 0, 0, 0, 0, 0, 0, 0, 0, 0, 0]",272,512,0.0,475136.0,996177081,996185229,996186207,996192735,0,170463,170463,535093,1,8148,6528,256,16,16,2
239,1,"[0, 0, 0, 0, 0, 0, 0, 0, 0, 0, 0, 0, 0, 0, 0, 0, 0, 0, 0, 0, 0, 0, 0, 0, 0, 0, 0, 0, 0, 0]",232,128,0.0,0.0,996353427,996363580,996363198,996367294,0,294815,294815,535096,1,10153,4096,256,16,16,2
203,1,"[256, 232, 1, 1, 232, 1, 1, 1, 1, 0, 0, 1, 1, 1, 1, 1, 2, 0, 0, 0, 0, 0, 0, 0, 0, 0, 0, 0, 0, 0]",116,128,0.0,0.0,996649267,996740418,996662109,996753341,0,225343,149728,535099,2,21537,15617,256,16,16,2
205,1,"[4, 0, 0, 0, 0, 0, 0, 0, 0, 0, 0, 0, 0, 0, 0, 4, 0, 0, 0, 0, 0, 0, 0, 0, 0, 0, 0, 0, 0, 0]",8,512,475136.0,475136.0,996893222,997152806,996903069,997159228,6145,395934,159967,535100,4,29113,20192,256,16,16,2
152,1,"[2, 256, 232, 1, 1, 0, 0, 0, 0, 0, 0, 0, 0, 0, 0, 0, 0, 0, 0, 0, 0, 0, 0, 0, 0, 0, 0, 0, 0, 0]",116,128,59392.0,237568.0,997310783,997318720,997319195,997321659,0,167904,167904,535101,1,7937,2464,256,16,16,2
203,1,"[256, 232, 1, 1, 232, 1, 1, 3, 3, 1, 1, 1, 1, 1, 1, 232, 2, 0, 0, 0, 0, 0, 0, 0, 0, 0, 0, 0, 0, 0]",7424,256,0.0,0.0,997479263,997489372,997489563,997548987,3904,85504,85504,535102,1,10109,59424,256,16,16,2
205,1,"[4, 0, 0, 0, 0, 0, 0, 0, 0, 0, 0, 0, 0, 0, 0, 4, 0, 0, 0, 0, 0, 0, 0, 0, 0, 0, 0, 0, 0, 0]",8,512,475136.0,475136.0,997625384,997873208,997634491,997879866,6145,425150,199519,535103,4,27129,19744,256,16,16,2
203,1,"[256, 232, 1, 1, 232, 1, 1, 1, 1, 0, 0, 1, 1, 1, 1, 1, 2, 0, 0, 0, 0, 0, 0, 0, 0, 0, 0, 0, 0, 0]",16,128,0.0,0.0,998067828,998078905,998079385,998091385,0,143648,143648,535104,1,11077,12000,256,16,16,2
205,1,"[4, 0, 0, 0, 0, 0, 0, 0, 0, 0, 0, 0, 0, 0, 0, 4, 0, 0, 0, 0, 0, 0, 0, 0, 0, 0, 0, 0, 0, 0]",8,512,475136.0,475136.0,998225290,998484766,998235033,998491064,6145,396927,161056,535105,4,28749,20160,256,16,16,2
152,1,"[2, 256, 232, 1, 1, 0, 0, 0, 0, 0, 0, 0, 0, 0, 0, 0, 0, 0, 0, 0, 0, 0, 0, 0, 0, 0, 0, 0, 0, 0]",116,128,59392.0,237568.0,998643437,998651500,998652120,998654904,0,94175,94175,535106,1,8063,2784,256,16,16,2
213,1,"[2, 256, 232, 1, 1, 0, 0, 0, 0, 0, 0, 0, 0, 0, 0, 2, 256, 232, 1, 1, 0, 0, 0, 0, 0, 0, 0, 0, 0, 0]",272,512,0.0,475136.0,998740282,998748142,998749079,998755255,0,182272,182272,535107,1,7860,6176,256,16,16,2
239,1,"[0, 0, 0, 0, 0, 0, 0, 0, 0, 0, 0, 0, 0, 0, 0, 0, 0, 0, 0, 0, 0, 0, 0, 0, 0, 0, 0, 0, 0, 0]",232,128,0.0,0.0,998926201,998937392,998937527,998941623,0,264319,264319,535110,1,11191,4096,256,16,16,2
203,1,"[256, 464, 1, 1, 1024, 1, 1, 1, 1, 0, 0, 1, 1, 1, 1, 1, 2, 0, 0, 0, 0, 0, 0, 0, 0, 0, 0, 0, 0, 0]",64,128,0.0,0.0,999193393,999206922,999205942,999221910,0,135136,135136,535112,1,13529,15968,256,16,16,2
205,1,"[4, 0, 0, 0, 0, 0, 0, 0, 0, 0, 0, 0, 0, 0, 0, 4, 0, 0, 0, 0, 0, 0, 0, 0, 0, 0, 0, 0, 0, 0]",32,512,2097152.0,2097152.0,999347417,999591539,999357046,999598165,6145,365470,145567,535113,4,29445,21216,256,16,16,2
152,1,"[2, 256, 1024, 1, 1, 0, 0, 0, 0, 0, 0, 0, 0, 0, 0, 0, 0, 0, 0, 0, 0, 0, 0, 0, 0, 0, 0, 0, 0, 0]",512,128,262144.0,1048576.0,999735500,999743184,999743732,999746484,0,110816,110816,535114,1,7684,2752,256,16,16,2
210,1,"[2, 256, 1024, 1, 1, 0, 0, 0, 0, 0, 0, 0, 0, 0, 0, 0, 0, 0, 0, 0, 0, 0, 0, 0, 0, 0, 0, 0, 0, 0]",512,128,262145.0,524290.0,999845891,999858123,999857300,999867028,16,194848,194848,535115,1,12232,9728,256,16,16,2
201,1,"[2, 256, 1024, 0, 0, 0, 0, 0, 0, 0, 2, 394, 1024, 0, 0, 0, 0, 0, 0, 0, 2, 394, 0, 0, 0, 0, 0, 0, 0, 0]",64,128,206569472.0,1028608.0,1000052634,1000062343,1000061876,1000121267,0,91744,91744,535116,1,9709,59391,256,16,16,2
181,1,"[2, 256, 394, 0, 0, 0, 0, 0, 0, 0, 0, 0, 0, 0, 0, 4, 256, 394, 0, 0, 0, 0, 0, 0, 0, 0, 0, 0, 0, 0]",197,512,0.0,0.0,1000201251,1000342834,1000213011,1000346227,16,1135133,1032893,535118,5,46069,30976,256,16,16,2
181,2,"[2, 256, 394, 0, 0, 0, 0, 0, 0, 0, 0, 0, 0, 0, 0, 4, 256, 394, 0, 0, 0, 0, 0, 0, 0, 0, 0, 0, 0, 0]",394,128,0.0,0.0,1001343015,1001770596,1001379120,1001767854,0,1099516,724062,535118,4,103522,13280,256,16,16,2
210,2,"[2, 256, 1024, 1, 1, 0, 0, 0, 0, 0, 0, 0, 0, 0, 0, 0, 0, 0, 0, 0, 0, 0, 0, 0, 0, 0, 0, 0, 0, 0]",512,128,262145.0,524290.0,1002475369,1002493247,1002491916,1002494892,0,92160,92160,535115,1,17878,2976,256,16,16,2
152,2,"[2, 256, 1024, 1, 1, 0, 0, 0, 0, 0, 0, 0, 0, 0, 0, 0, 0, 0, 0, 0, 0, 0, 0, 0, 0, 0, 0, 0, 0, 0]",512,128,262144.0,1572864.0,1002571022,1002590216,1002587052,1002590604,0,133632,133632,535114,1,19194,3552,256,16,16,2
205,2,"[2, 256, 1024, 1, 1, 0, 0, 0, 0, 0, 0, 0, 0, 0, 0, 0, 0, 0, 0, 0, 0, 0, 0, 0, 0, 0, 0, 0, 0, 0]",32,512,2097152.0,2621440.0,1002709508,1002769788,1002724236,1002773004,4097,868189,831037,535113,2,30030,11616,256,16,16,2
203,2,"[256, 464, 1, 1, 1024, 1, 1, 1, 1, 0, 0, 1, 1, 1, 1, 1, 2, 0, 0, 0, 0, 0, 0, 0, 0, 0, 0, 0, 0, 0]",256,128,0.0,0.0,1003583094,1003986350,1003604041,1004004104,0,880317,523998,535112,2,50725,43744,256,16,16,2
152,2,"[2, 256, 232, 1, 1, 0, 0, 0, 0, 0, 0, 0, 0, 0, 0, 0, 0, 0, 0, 0, 0, 0, 0, 0, 0, 0, 0, 0, 0, 0]",116,128,59392.0,356352.0,1004509205,1004530290,1004528102,1004532647,0,124671,124671,535106,1,21085,4545,256,16,16,2
205,2,"[2, 256, 232, 1, 1, 0, 0, 0, 0, 0, 0, 0, 0, 0, 0, 0, 0, 0, 0, 0, 0, 0, 0, 0, 0, 0, 0, 0, 0, 0]",8,512,475136.0,593920.0,1004639773,1004705080,1004657318,1004708774,4097,491423,450623,535105,2,32658,10656,256,16,16,2
203,2,"[256, 232, 1, 1, 232, 1, 1, 1, 1, 0, 0, 1, 1, 1, 1, 1, 2, 0, 0, 0, 0, 0, 0, 0, 0, 0, 0, 0, 0, 0]",32,128,0.0,0.0,1005140016,1005438043,1005159397,1005443268,0,499358,233215,535104,2,44402,17728,256,16,16,2
205,2,"[2, 256, 232, 1, 1, 0, 0, 0, 0, 0, 0, 0, 0, 0, 0, 0, 0, 0, 0, 0, 0, 0, 0, 0, 0, 0, 0, 0, 0, 0]",8,512,475136.0,593920.0,1005662202,1005717649,1005676483,1005721667,4097,339839,305023,535103,2,27872,10368,256,16,16,2
203,2,"[256, 232, 1, 1, 232, 1, 1, 3, 3, 1, 1, 1, 1, 1, 1, 232, 2, 0, 0, 0, 0, 0, 0, 0, 0, 0, 0, 0, 0, 0]",7424,256,0.0,0.0,1006008462,1006327584,1006026690,1006328737,3904,431934,214624,535102,4,69511,84737,256,16,16,2
152,2,"[2, 256, 232, 1, 1, 0, 0, 0, 0, 0, 0, 0, 0, 0, 0, 0, 0, 0, 0, 0, 0, 0, 0, 0, 0, 0, 0, 0, 0, 0]",116,128,59392.0,356352.0,1006529217,1006546217,1006543361,1006545825,0,114655,114655,535101,1,17000,2464,256,16,16,2
205,2,"[2, 256, 232, 1, 1, 0, 0, 0, 0, 0, 0, 0, 0, 0, 0, 0, 0, 0, 0, 0, 0, 0, 0, 0, 0, 0, 0, 0, 0, 0]",8,512,475136.0,593920.0,1006644330,1006717273,1006660480,1006721504,4097,305311,255871,535100,2,32798,11584,256,16,16,2
203,2,"[256, 232, 1, 1, 232, 1, 1, 1, 1, 0, 0, 1, 1, 1, 1, 1, 2, 0, 0, 0, 0, 0, 0, 0, 0, 0, 0, 0, 0, 0]",116,128,0.0,0.0,1006962844,1007415547,1006977375,1007421822,0,996413,574046,535099,3,56920,22080,256,16,16,2
152,2,"[2, 256, 232, 1, 1, 0, 0, 0, 0, 0, 0, 0, 0, 0, 0, 0, 0, 0, 0, 0, 0, 0, 0, 0, 0, 0, 0, 0, 0, 0]",116,128,59392.0,356352.0,1007980852,1007998222,1007995868,1008001821,0,110015,110015,535092,1,17370,5953,256,16,16,2
205,2,"[2, 256, 232, 1, 1, 0, 0, 0, 0, 0, 0, 0, 0, 0, 0, 0, 0, 0, 0, 0, 0, 0, 0, 0, 0, 0, 0, 0, 0, 0]",8,512,475136.0,593920.0,1008097580,1008151767,1008111836,1008155548,4097,445599,410943,535091,2,27069,9056,256,16,16,2
203,2,"[256, 232, 1, 1, 232, 1, 1, 1, 1, 0, 0, 1, 1, 1, 1, 1, 2, 0, 0, 0, 0, 0, 0, 0, 0, 0, 0, 0, 0, 0]",32,128,0.0,0.0,1008521033,1008787125,1008566491,1008792474,0,435455,227616,535090,2,68634,18144,256,16,16,2
205,2,"[2, 256, 232, 1, 1, 0, 0, 0, 0, 0, 0, 0, 0, 0, 0, 0, 0, 0, 0, 0, 0, 0, 0, 0, 0, 0, 0, 0, 0, 0]",8,512,475136.0,593920.0,1009007033,1009060914,1009020090,1009064857,4097,332383,298079,535089,2,26374,10463,256,16,16,2
203,2,"[256, 232, 1, 1, 232, 1, 1, 3, 3, 1, 1, 1, 1, 1, 1, 232, 2, 0, 0, 0, 0, 0, 0, 0, 0, 0, 0, 0, 0, 0]",7424,256,0.0,0.0,1009345783,1009628903,1009362936,1009631928,3904,374719,188639,535088,4,64265,82912,256,16,16,2
152,2,"[2, 256, 232, 1, 1, 0, 0, 0, 0, 0, 0, 0, 0, 0, 0, 0, 0, 0, 0, 0, 0, 0, 0, 0, 0, 0, 0, 0, 0, 0]",116,128,59392.0,356352.0,1009806821,1009822821,1009820567,1009822615,0,114656,114656,535087,1,16000,2048,256,16,16,2
205,2,"[2, 256, 232, 1, 1, 0, 0, 0, 0, 0, 0, 0, 0, 0, 0, 0, 0, 0, 0, 0, 0, 0, 0, 0, 0, 0, 0, 0, 0, 0]",8,512,475136.0,593920.0,1009923267,1009976657,1009937271,1009980311,4097,268639,235519,535086,2,26435,9920,256,16,16,2
203,2,"[256, 232, 1, 1, 232, 1, 1, 1, 1, 0, 0, 1, 1, 1, 1, 1, 2, 0, 0, 0, 0, 0, 0, 0, 0, 0, 0, 0, 0, 0]",116,128,0.0,0.0,1010201358,1010631490,1010215830,1010637461,0,963997,564702,535085,3,54073,22336,256,16,16,2
152,2,"[2, 256, 232, 1, 1, 0, 0, 0, 0, 0, 0, 0, 0, 0, 0, 0, 0, 0, 0, 0, 0, 0, 0, 0, 0, 0, 0, 0, 0, 0]",116,128,59392.0,356352.0,1011186604,1011203774,1011202163,1011207059,0,109696,109696,535078,1,17170,4896,256,16,16,2
205,2,"[2, 256, 232, 1, 1, 0, 0, 0, 0, 0, 0, 0, 0, 0, 0, 0, 0, 0, 0, 0, 0, 0, 0, 0, 0, 0, 0, 0, 0, 0]",8,512,475136.0,593920.0,1011302220,1011355539,1011316755,1011360019,4097,415711,382847,535077,2,27270,10400,256,16,16,2
203,2,"[256, 232, 1, 1, 232, 1, 1, 1, 1, 0, 0, 1, 1, 1, 1, 1, 2, 0, 0, 0, 0, 0, 0, 0, 0, 0, 0, 0, 0, 0]",32,128,0.0,0.0,1011723986,1011973566,1011742866,1011979153,0,448766,228511,535076,2,40583,16032,256,16,16,2
205,2,"[2, 256, 232, 1, 1, 0, 0, 0, 0, 0, 0, 0, 0, 0, 0, 0, 0, 0, 0, 0, 0, 0, 0, 0, 0, 0, 0, 0, 0, 0]",8,512,475136.0,593920.0,1012193508,1012247378,1012207664,1012251504,4097,324735,290687,535075,2,26732,9792,256,16,16,2
203,2,"[256, 232, 1, 1, 232, 1, 1, 3, 3, 1, 1, 1, 1, 1, 1, 232, 2, 0, 0, 0, 0, 0, 0, 0, 0, 0, 0, 0, 0, 0]",7424,256,0.0,0.0,1012525510,1012796007,1012542191,1012798351,3904,378527,205183,535074,4,61539,82816,256,16,16,2
152,2,"[2, 256, 232, 1, 1, 0, 0, 0, 0, 0, 0, 0, 0, 0, 0, 0, 0, 0, 0, 0, 0, 0, 0, 0, 0, 0, 0, 0, 0, 0]",116,128,59392.0,356352.0,1012989337,1013005834,1013003534,1013006734,0,110176,110176,535073,1,16497,3200,256,16,16,2
205,2,"[2, 256, 232, 1, 1, 0, 0, 0, 0, 0, 0, 0, 0, 0, 0, 0, 0, 0, 0, 0, 0, 0, 0, 0, 0, 0, 0, 0, 0, 0]",8,512,475136.0,593920.0,1013103288,1013156217,1013116910,1013160813,4097,271583,237568,535072,2,26373,9888,256,16,16,2
203,2,"[256, 232, 1, 1, 232, 1, 1, 1, 1, 0, 0, 1, 1, 1, 1, 1, 2, 0, 0, 0, 0, 0, 0, 0, 0, 0, 0, 0, 0, 0]",116,128,0.0,0.0,1013384106,1013822663,1013398381,1013828491,0,949534,542015,535071,3,54418,22591,256,16,16,2
152,2,"[2, 256, 232, 1, 1, 0, 0, 0, 0, 0, 0, 0, 0, 0, 0, 0, 0, 0, 0, 0, 0, 0, 0, 0, 0, 0, 0, 0, 0, 0]",116,128,59392.0,356352.0,1014353210,1014372007,1014370506,1014375306,0,111840,111840,535064,1,18797,4800,256,16,16,2
205,2,"[2, 256, 232, 1, 1, 0, 0, 0, 0, 0, 0, 0, 0, 0, 0, 0, 0, 0, 0, 0, 0, 0, 0, 0, 0, 0, 0, 0, 0, 0]",8,512,475136.0,593920.0,1014476942,1014512643,1014487146,1014518314,4097,274783,254303,535063,2,18219,10688,256,16,16,2
203,2,"[256, 232, 1, 1, 232, 1, 1, 1, 1, 0, 0, 1, 1, 1, 1, 1, 2, 0, 0, 0, 0, 0, 0, 0, 0, 0, 0, 0, 0, 0]",32,128,0.0,0.0,1014759724,1014925165,1014772617,1014932360,0,290943,149664,535062,2,27973,18464,256,16,16,2
205,2,"[2, 256, 232, 1, 1, 0, 0, 0, 0, 0, 0, 0, 0, 0, 0, 0, 0, 0, 0, 0, 0, 0, 0, 0, 0, 0, 0, 0, 0, 0]",8,512,475136.0,593920.0,1015072740,1015107437,1015082024,1015112552,4097,189567,169983,535061,2,17586,10944,256,16,16,2
203,2,"[256, 232, 1, 1, 232, 1, 1, 3, 3, 1, 1, 2, 2, 1, 1, 232, 2, 0, 0, 0, 0, 0, 0, 0, 0, 0, 0, 0, 0, 0]",2088,1024,0.0,0.0,1015270003,1015306143,1015282535,1015423879,0,5248,4096,535060,2,24119,140192,256,16,16,2
152,2,"[2, 256, 232, 1, 1, 0, 0, 0, 0, 0, 0, 0, 0, 0, 0, 0, 0, 0, 0, 0, 0, 0, 0, 0, 0, 0, 0, 0, 0, 0]",116,128,59392.0,356352.0,1015394464,1015404324,1015427975,1015430023,0,43456,43456,535059,1,9860,2048,256,16,16,2
205,2,"[2, 256, 232, 1, 1, 0, 0, 0, 0, 0, 0, 0, 0, 0, 0, 0, 0, 0, 0, 0, 0, 0, 0, 0, 0, 0, 0, 0, 0, 0]",8,512,475136.0,593920.0,1015464760,1015497334,1015473479,1015501703,4097,262079,243679,535058,2,16339,9824,256,16,16,2
203,2,"[256, 232, 1, 1, 232, 1, 1, 1, 1, 0, 0, 1, 1, 1, 1, 1, 2, 0, 0, 0, 0, 0, 0, 0, 0, 0, 0, 0, 0, 0]",32,128,0.0,0.0,1015731884,1015897486,1015745382,1015904934,0,268831,127167,535057,2,28250,17888,256,16,16,2
152,2,"[2, 256, 232, 1, 1, 0, 0, 0, 0, 0, 0, 0, 0, 0, 0, 0, 0, 0, 0, 0, 0, 0, 0, 0, 0, 0, 0, 0, 0, 0]",116,128,59392.0,356352.0,1016021643,1016032170,1016032101,1016036229,0,74816,74816,535056,1,10527,4128,256,16,16,2
205,2,"[2, 256, 232, 1, 1, 0, 0, 0, 0, 0, 0, 0, 0, 0, 0, 0, 0, 0, 0, 0, 0, 0, 0, 0, 0, 0, 0, 0, 0, 0]",8,512,475136.0,593920.0,1016100183,1016135654,1016111045,1016140613,4097,275711,256031,535055,2,17901,9888,256,16,16,2
203,2,"[256, 232, 1, 1, 232, 1, 1, 1, 1, 0, 0, 1, 1, 1, 1, 1, 2, 0, 0, 0, 0, 0, 0, 0, 0, 0, 0, 0, 0, 0]",32,128,0.0,0.0,1016383468,1016534985,1016396644,1016542084,0,278879,150623,535054,2,26586,17184,256,16,16,2
205,2,"[2, 256, 232, 1, 1, 0, 0, 0, 0, 0, 0, 0, 0, 0, 0, 0, 0, 0, 0, 0, 0, 0, 0, 0, 0, 0, 0, 0, 0, 0]",8,512,475136.0,593920.0,1016682640,1016717918,1016692707,1016722307,4097,179168,158816,535053,2,17804,9248,256,16,16,2
203,2,"[256, 232, 1, 1, 232, 1, 1, 3, 3, 1, 1, 2, 2, 1, 1, 232, 2, 0, 0, 0, 0, 0, 0, 0, 0, 0, 0, 0, 0, 0]",2088,1024,0.0,0.0,1016869161,1016902878,1016881123,1017022338,0,201888,201088,535052,2,23043,140415,256,16,16,2
152,2,"[2, 256, 116, 1, 1, 0, 0, 0, 0, 0, 0, 0, 0, 0, 0, 0, 0, 0, 0, 0, 0, 0, 0, 0, 0, 0, 0, 0, 0, 0]",58,128,29696.0,178176.0,1017212058,1017223725,1017223426,1017227938,0,69855,69855,535046,1,11667,4512,256,16,16,2
205,2,"[2, 256, 116, 1, 1, 0, 0, 0, 0, 0, 0, 0, 0, 0, 0, 0, 0, 0, 0, 0, 0, 0, 0, 0, 0, 0, 0, 0, 0, 0]",4,512,237568.0,296960.0,1017287250,1017323957,1017297793,1017328513,4097,366431,346111,535045,2,19158,10400,256,16,16,2
203,2,"[256, 116, 1, 1, 116, 1, 1, 1, 1, 0, 0, 1, 1, 1, 1, 1, 2, 0, 0, 0, 0, 0, 0, 0, 0, 0, 0, 0, 0, 0]",1024,1024,0.0,0.0,1017663190,1017897656,1017674624,1017905856,2112,329631,154175,535044,5,57161,55776,256,16,16,2
205,2,"[2, 256, 116, 1, 1, 0, 0, 0, 0, 0, 0, 0, 0, 0, 0, 0, 0, 0, 0, 0, 0, 0, 0, 0, 0, 0, 0, 0, 0, 0]",4,512,237568.0,296960.0,1018050415,1018087423,1018060031,1018092415,4097,220640,198624,535043,2,18403,10368,256,16,16,2
203,2,"[256, 116, 1, 1, 116, 1, 1, 3, 3, 1, 1, 1, 1, 1, 1, 116, 2, 0, 0, 0, 0, 0, 0, 0, 0, 0, 0, 0, 0, 0]",3840,256,0.0,0.0,1018278420,1018376999,1018291039,1018407806,7504,138496,86016,535042,2,28993,64287,256,16,16,2
152,2,"[2, 256, 116, 1, 1, 0, 0, 0, 0, 0, 0, 0, 0, 0, 0, 0, 0, 0, 0, 0, 0, 0, 0, 0, 0, 0, 0, 0, 0, 0]",58,128,29696.0,178176.0,1018484491,1018494812,1018493822,1018497022,0,72544,72544,535041,1,10321,3200,256,16,16,2
205,2,"[2, 256, 116, 1, 1, 0, 0, 0, 0, 0, 0, 0, 0, 0, 0, 0, 0, 0, 0, 0, 0, 0, 0, 0, 0, 0, 0, 0, 0, 0]",4,512,237568.0,296960.0,1018559041,1018594984,1018569566,1018600126,4097,176287,156063,535040,2,18014,10336,256,16,16,2
203,2,"[256, 116, 1, 1, 116, 1, 1, 1, 1, 0, 0, 1, 1, 1, 1, 1, 2, 0, 0, 0, 0, 0, 0, 0, 0, 0, 0, 0, 0, 0]",1024,1024,0.0,0.0,1018745343,1019140926,1018756189,1019149084,2112,707294,372799,535039,6,63170,58400,256,16,16,2
152,2,"[2, 256, 116, 1, 1, 0, 0, 0, 0, 0, 0, 0, 0, 0, 0, 0, 0, 0, 0, 0, 0, 0, 0, 0, 0, 0, 0, 0, 0, 0]",58,128,29696.0,178176.0,1019510660,1019522472,1019521883,1019526011,0,73696,73696,535032,1,11812,4128,256,16,16,2
205,2,"[2, 256, 116, 1, 1, 0, 0, 0, 0, 0, 0, 0, 0, 0, 0, 0, 0, 0, 0, 0, 0, 0, 0, 0, 0, 0, 0, 0, 0, 0]",4,512,237568.0,296960.0,1019589174,1019625327,1019599707,1019630459,4097,314623,294879,535031,2,18336,11008,256,16,16,2
203,2,"[256, 116, 1, 1, 116, 1, 1, 1, 1, 0, 0, 1, 1, 1, 1, 1, 2, 0, 0, 0, 0, 0, 0, 0, 0, 0, 0, 0, 0, 0]",1024,1024,0.0,0.0,1019915940,1020110484,1019925338,1020119929,2112,299648,159424,535030,5,47170,54367,256,16,16,2
205,2,"[2, 256, 116, 1, 1, 0, 0, 0, 0, 0, 0, 0, 0, 0, 0, 0, 0, 0, 0, 0, 0, 0, 0, 0, 0, 0, 0, 0, 0, 0]",4,512,237568.0,296960.0,1020267363,1020304791,1020279353,1020310105,4097,214303,194815,535029,2,19298,11264,256,16,16,2
203,2,"[256, 116, 1, 1, 116, 1, 1, 3, 3, 1, 1, 1, 1, 1, 1, 116, 2, 0, 0, 0, 0, 0, 0, 0, 0, 0, 0, 0, 0, 0]",3840,256,0.0,0.0,1020492715,1020600209,1020504920,1020631512,7504,150015,88447,535028,2,27326,65024,256,16,16,2
152,2,"[2, 256, 116, 1, 1, 0, 0, 0, 0, 0, 0, 0, 0, 0, 0, 0, 0, 0, 0, 0, 0, 0, 0, 0, 0, 0, 0, 0, 0, 0]",58,128,29696.0,178176.0,1020710749,1020720718,1020719959,1020722039,0,70976,70976,535027,1,9969,2080,256,16,16,2
205,2,"[2, 256, 116, 1, 1, 0, 0, 0, 0, 0, 0, 0, 0, 0, 0, 0, 0, 0, 0, 0, 0, 0, 0, 0, 0, 0, 0, 0, 0, 0]",4,512,237568.0,296960.0,1020783489,1020818888,1020793015,1020823991,4097,177888,157152,535026,2,17320,10240,256,16,16,2
203,2,"[256, 116, 1, 1, 116, 1, 1, 1, 1, 0, 0, 1, 1, 1, 1, 1, 2, 0, 0, 0, 0, 0, 0, 0, 0, 0, 0, 0, 0, 0]",1024,1024,0.0,0.0,1020970940,1021325664,1020981143,1021333942,2112,671358,377247,535025,6,57756,58688,256,16,16,2
152,2,"[2, 256, 116, 1, 1, 0, 0, 0, 0, 0, 0, 0, 0, 0, 0, 0, 0, 0, 0, 0, 0, 0, 0, 0, 0, 0, 0, 0, 0, 0]",58,128,29696.0,178176.0,1021699687,1021711549,1021711189,1021715317,0,73631,73631,535018,1,11862,4128,256,16,16,2
205,2,"[2, 256, 116, 1, 1, 0, 0, 0, 0, 0, 0, 0, 0, 0, 0, 0, 0, 0, 0, 0, 0, 0, 0, 0, 0, 0, 0, 0, 0, 0]",4,512,237568.0,296960.0,1021778138,1021815946,1021788948,1021821332,4097,320127,299199,535017,2,18996,11456,256,16,16,2
203,2,"[256, 116, 1, 1, 116, 1, 1, 1, 1, 0, 0, 1, 1, 1, 1, 1, 2, 0, 0, 0, 0, 0, 0, 0, 0, 0, 0, 0, 0, 0]",1024,1024,0.0,0.0,1022110862,1022298032,1022120531,1022307155,2112,282527,149535,535016,5,46293,53632,256,16,16,2
205,2,"[2, 256, 116, 1, 1, 0, 0, 0, 0, 0, 0, 0, 0, 0, 0, 0, 0, 0, 0, 0, 0, 0, 0, 0, 0, 0, 0, 0, 0, 0]",4,512,237568.0,296960.0,1022446492,1022482717,1022456690,1022487410,4097,216959,196608,535015,2,17866,10369,256,16,16,2
203,2,"[256, 116, 1, 1, 116, 1, 1, 3, 3, 1, 1, 1, 1, 1, 1, 116, 2, 0, 0, 0, 0, 0, 0, 0, 0, 0, 0, 0, 0, 0]",3840,256,0.0,0.0,1022672111,1022760720,1022684018,1022792562,7504,126142,83167,535014,2,25916,65569,256,16,16,2
152,2,"[2, 256, 116, 1, 1, 0, 0, 0, 0, 0, 0, 0, 0, 0, 0, 0, 0, 0, 0, 0, 0, 0, 0, 0, 0, 0, 0, 0, 0, 0]",58,128,29696.0,178176.0,1022865610,1022876060,1022875729,1022878225,0,72256,72256,535013,1,10450,2496,256,16,16,2
205,2,"[2, 256, 116, 1, 1, 0, 0, 0, 0, 0, 0, 0, 0, 0, 0, 0, 0, 0, 0, 0, 0, 0, 0, 0, 0, 0, 0, 0, 0, 0]",4,512,237568.0,296960.0,1022939773,1022976657,1022950481,1022980977,4097,172000,151520,535012,2,18393,10016,256,16,16,2
203,2,"[256, 116, 1, 1, 116, 1, 1, 1, 1, 0, 0, 1, 1, 1, 1, 1, 2, 0, 0, 0, 0, 0, 0, 0, 0, 0, 0, 0, 0, 0]",1024,1024,0.0,0.0,1023122843,1023483971,1023132497,1023492975,2112,673822,369887,535011,6,55708,56543,256,16,16,2
152,2,"[2, 256, 116, 1, 1, 0, 0, 0, 0, 0, 0, 0, 0, 0, 0, 0, 0, 0, 0, 0, 0, 0, 0, 0, 0, 0, 0, 0, 0, 0]",58,128,29696.0,178176.0,1023850855,1023862783,1023862862,1023867502,0,69440,69440,535004,1,11928,4640,256,16,16,2
205,2,"[2, 256, 116, 1, 1, 0, 0, 0, 0, 0, 0, 0, 0, 0, 0, 0, 0, 0, 0, 0, 0, 0, 0, 0, 0, 0, 0, 0, 0, 0]",4,512,237568.0,296960.0,1023926533,1023962414,1023936942,1023967502,4097,300031,280479,535003,2,18754,11008,256,16,16,2
203,2,"[256, 116, 1, 1, 116, 1, 1, 1, 1, 0, 0, 1, 1, 1, 1, 1, 2, 0, 0, 0, 0, 0, 0, 0, 0, 0, 0, 0, 0, 0]",1024,1024,0.0,0.0,1024239099,1024429084,1024247981,1024438189,2112,289919,156671,535002,5,46554,56960,256,16,16,2
205,2,"[2, 256, 116, 1, 1, 0, 0, 0, 0, 0, 0, 0, 0, 0, 0, 0, 0, 0, 0, 0, 0, 0, 0, 0, 0, 0, 0, 0, 0, 0]",4,512,237568.0,296960.0,1024587763,1024612609,1024594860,1024618476,4097,156064,143776,535001,2,12682,11328,256,16,16,2
203,2,"[256, 116, 1, 1, 116, 1, 1, 3, 3, 1, 1, 1, 1, 1, 1, 116, 2, 0, 0, 0, 0, 0, 0, 0, 0, 0, 0, 0, 0, 0]",3840,256,0.0,0.0,1024752715,1024815542,1024762252,1024848492,7504,71103,50559,535000,2,17506,65696,256,16,16,2
152,2,"[2, 256, 116, 1, 1, 0, 0, 0, 0, 0, 0, 0, 0, 0, 0, 0, 0, 0, 0, 0, 0, 0, 0, 0, 0, 0, 0, 0, 0, 0]",58,128,29696.0,178176.0,1024891478,1024898691,1024899051,1024901579,0,51680,51680,534999,1,7213,2528,256,16,16,2
205,2,"[2, 256, 116, 1, 1, 0, 0, 0, 0, 0, 0, 0, 0, 0, 0, 0, 0, 0, 0, 0, 0, 0, 0, 0, 0, 0, 0, 0, 0, 0]",4,512,237568.0,296960.0,1024946256,1024971626,1024953259,1024977067,4097,117472,105152,534998,2,12635,11488,256,16,16,2
203,2,"[256, 116, 1, 1, 116, 1, 1, 1, 1, 0, 0, 1, 1, 1, 1, 1, 2, 0, 0, 0, 0, 0, 0, 0, 0, 0, 0, 0, 0, 0]",1024,1024,0.0,0.0,1025074570,1025321305,1025082219,1025331178,2112,436735,248351,534997,6,40340,60575,256,16,16,2
152,2,"[2, 256, 116, 1, 1, 0, 0, 0, 0, 0, 0, 0, 0, 0, 0, 0, 0, 0, 0, 0, 0, 0, 0, 0, 0, 0, 0, 0, 0, 0]",58,128,29696.0,178176.0,1025571230,1025578687,1025579529,1025583977,0,48704,48704,534990,1,7457,4448,256,16,16,2
205,2,"[2, 256, 116, 1, 1, 0, 0, 0, 0, 0, 0, 0, 0, 0, 0, 0, 0, 0, 0, 0, 0, 0, 0, 0, 0, 0, 0, 0, 0, 0]",4,512,237568.0,296960.0,1025624311,1025649237,1025632681,1025655401,4097,217088,206144,534989,2,13110,11776,256,16,16,2
203,2,"[256, 116, 1, 1, 116, 1, 1, 1, 1, 0, 0, 1, 1, 1, 1, 1, 2, 0, 0, 0, 0, 0, 0, 0, 0, 0, 0, 0, 0, 0]",1024,1024,0.0,0.0,1025853756,1025988156,1025861545,1025997672,2112,186561,103744,534988,5,33542,53310,256,16,16,2
205,2,"[2, 256, 116, 1, 1, 0, 0, 0, 0, 0, 0, 0, 0, 0, 0, 0, 0, 0, 0, 0, 0, 0, 0, 0, 0, 0, 0, 0, 0, 0]",4,512,237568.0,296960.0,1026093641,1026119446,1026101416,1026124648,4097,149312,134976,534987,2,12222,8896,256,16,16,2
203,2,"[256, 116, 1, 1, 116, 1, 1, 3, 3, 1, 1, 1, 1, 1, 1, 116, 2, 0, 0, 0, 0, 0, 0, 0, 0, 0, 0, 0, 0, 0]",3840,256,0.0,0.0,1026250823,1026311643,1026259624,1026343783,7504,67712,48160,534986,2,16816,64607,256,16,16,2
152,2,"[2, 256, 116, 1, 1, 0, 0, 0, 0, 0, 0, 0, 0, 0, 0, 0, 0, 0, 0, 0, 0, 0, 0, 0, 0, 0, 0, 0, 0, 0]",58,128,29696.0,178176.0,1026384483,1026391257,1026391943,1026394439,0,46976,46976,534985,1,6774,2496,256,16,16,2
205,2,"[2, 256, 116, 1, 1, 0, 0, 0, 0, 0, 0, 0, 0, 0, 0, 0, 0, 0, 0, 0, 0, 0, 0, 0, 0, 0, 0, 0, 0, 0]",4,512,237568.0,296960.0,1026433809,1026457267,1026441415,1026462567,4097,115551,103743,534984,2,11779,9344,256,16,16,2
203,2,"[256, 116, 1, 1, 116, 1, 1, 1, 1, 0, 0, 1, 1, 1, 1, 1, 2, 0, 0, 0, 0, 0, 0, 0, 0, 0, 0, 0, 0, 0]",1024,1024,0.0,0.0,1026558964,1026816629,1026566310,1026826950,2112,452928,251391,534983,6,39537,59103,256,16,16,2
152,2,"[2, 256, 116, 1, 1, 0, 0, 0, 0, 0, 0, 0, 0, 0, 0, 0, 0, 0, 0, 0, 0, 0, 0, 0, 0, 0, 0, 0, 0, 0]",58,128,29696.0,178176.0,1027069749,1027077850,1027078341,1027082949,0,48480,48480,534976,1,8101,4608,256,16,16,2
205,2,"[2, 256, 116, 1, 1, 0, 0, 0, 0, 0, 0, 0, 0, 0, 0, 0, 0, 0, 0, 0, 0, 0, 0, 0, 0, 0, 0, 0, 0, 0]",4,512,237568.0,296960.0,1027123068,1027148679,1027131429,1027154277,4097,209119,196607,534975,2,13294,10336,256,16,16,2
203,2,"[256, 116, 1, 1, 116, 1, 1, 1, 1, 0, 0, 1, 1, 1, 1, 1, 2, 0, 0, 0, 0, 0, 0, 0, 0, 0, 0, 0, 0, 0]",1024,1024,0.0,0.0,1027343443,1027477720,1027350884,1027487972,2112,187425,106208,534974,5,33293,55871,256,16,16,2
205,2,"[2, 256, 116, 1, 1, 0, 0, 0, 0, 0, 0, 0, 0, 0, 0, 0, 0, 0, 0, 0, 0, 0, 0, 0, 0, 0, 0, 0, 0, 0]",4,512,237568.0,296960.0,1027585980,1027610984,1027594180,1027615588,4097,157663,145375,534973,2,12913,9120,256,16,16,2
203,2,"[256, 116, 1, 1, 116, 1, 1, 3, 3, 1, 1, 1, 1, 1, 1, 116, 2, 0, 0, 0, 0, 0, 0, 0, 0, 0, 0, 0, 0, 0]",3840,256,0.0,0.0,1027752208,1027821028,1027760963,1027853155,7504,78176,51200,534972,2,18487,65216,256,16,16,2
152,2,"[2, 256, 116, 1, 1, 0, 0, 0, 0, 0, 0, 0, 0, 0, 0, 0, 0, 0, 0, 0, 0, 0, 0, 0, 0, 0, 0, 0, 0, 0]",58,128,29696.0,178176.0,1027897262,1027904395,1027904355,1027906403,0,50335,50335,534971,1,7133,2048,256,16,16,2
205,2,"[2, 256, 116, 1, 1, 0, 0, 0, 0, 0, 0, 0, 0, 0, 0, 0, 0, 0, 0, 0, 0, 0, 0, 0, 0, 0, 0, 0, 0, 0]",4,512,237568.0,296960.0,1027948744,1027973447,1027956738,1027978083,4097,124895,112607,534970,2,12894,9057,256,16,16,2
203,2,"[256, 116, 1, 1, 116, 1, 1, 1, 1, 0, 0, 1, 1, 1, 1, 1, 2, 0, 0, 0, 0, 0, 0, 0, 0, 0, 0, 0, 0, 0]",1024,1024,0.0,0.0,1028082073,1028341544,1028090690,1028350817,2112,452384,252223,534969,6,40448,59966,256,16,16,2
152,2,"[2, 256, 116, 1, 1, 0, 0, 0, 0, 0, 0, 0, 0, 0, 0, 0, 0, 0, 0, 0, 0, 0, 0, 0, 0, 0, 0, 0, 0, 0]",58,128,29696.0,178176.0,1028595368,1028602904,1028603040,1028608256,0,49312,49312,534962,1,7536,5216,256,16,16,2
205,2,"[2, 256, 116, 1, 1, 0, 0, 0, 0, 0, 0, 0, 0, 0, 0, 0, 0, 0, 0, 0, 0, 0, 0, 0, 0, 0, 0, 0, 0, 0]",4,512,237568.0,296960.0,1028649187,1028674259,1028657568,1028679808,4097,226784,215744,534961,2,13336,11200,256,16,16,2
203,2,"[256, 116, 1, 1, 116, 1, 1, 1, 1, 0, 0, 1, 1, 1, 1, 1, 2, 0, 0, 0, 0, 0, 0, 0, 0, 0, 0, 0, 0, 0]",1024,1024,0.0,0.0,1028888628,1029025967,1028895552,1029035999,2112,190464,105312,534960,5,33759,55295,256,16,16,2
205,2,"[2, 256, 116, 1, 1, 0, 0, 0, 0, 0, 0, 0, 0, 0, 0, 0, 0, 0, 0, 0, 0, 0, 0, 0, 0, 0, 0, 0, 0, 0]",4,512,237568.0,296960.0,1029133341,1029157368,1029141311,1029162943,4097,144096,133536,534959,2,11945,11072,256,16,16,2
203,2,"[256, 116, 1, 1, 116, 1, 1, 3, 3, 1, 1, 1, 1, 1, 1, 116, 2, 0, 0, 0, 0, 0, 0, 0, 0, 0, 0, 0, 0, 0]",3840,256,0.0,0.0,1029287034,1029349315,1029296479,1029382526,7504,66209,45504,534958,2,18184,65342,256,16,16,2
152,2,"[2, 256, 116, 1, 1, 0, 0, 0, 0, 0, 0, 0, 0, 0, 0, 0, 0, 0, 0, 0, 0, 0, 0, 0, 0, 0, 0, 0, 0, 0]",58,128,29696.0,178176.0,1029420958,1029427708,1029428030,1029430110,0,47488,47488,534957,1,6750,2080,256,16,16,2
205,2,"[2, 256, 116, 1, 1, 0, 0, 0, 0, 0, 0, 0, 0, 0, 0, 0, 0, 0, 0, 0, 0, 0, 0, 0, 0, 0, 0, 0, 0, 0]",4,512,237568.0,296960.0,1029470492,1029494731,1029477598,1029499742,4097,116000,103872,534956,2,12259,10016,256,16,16,2
203,2,"[256, 116, 1, 1, 116, 1, 1, 1, 1, 0, 0, 1, 1, 1, 1, 1, 2, 0, 0, 0, 0, 0, 0, 0, 0, 0, 0, 0, 0, 0]",1024,1024,0.0,0.0,1029595856,1029853849,1029603614,1029863293,2112,457344,256063,534955,6,40854,58398,256,16,16,2
152,2,"[2, 256, 116, 1, 1, 0, 0, 0, 0, 0, 0, 0, 0, 0, 0, 0, 0, 0, 0, 0, 0, 0, 0, 0, 0, 0, 0, 0, 0, 0]",58,128,29696.0,178176.0,1030111452,1030118984,1030119356,1030124060,0,45536,45536,534948,1,7532,4704,256,16,16,2
205,2,"[2, 256, 116, 1, 1, 0, 0, 0, 0, 0, 0, 0, 0, 0, 0, 0, 0, 0, 0, 0, 0, 0, 0, 0, 0, 0, 0, 0, 0, 0]",4,512,237568.0,296960.0,1030162125,1030186123,1030169596,1030191772,4097,209983,198719,534947,2,12839,10912,256,16,16,2
203,2,"[256, 116, 1, 1, 116, 1, 1, 1, 1, 0, 0, 1, 1, 1, 1, 1, 2, 0, 0, 0, 0, 0, 0, 0, 0, 0, 0, 0, 0, 0]",1024,1024,0.0,0.0,1030383383,1030515801,1030390491,1030525787,2112,188512,108480,534946,5,32699,55264,256,16,16,2
205,2,"[2, 256, 116, 1, 1, 0, 0, 0, 0, 0, 0, 0, 0, 0, 0, 0, 0, 0, 0, 0, 0, 0, 0, 0, 0, 0, 0, 0, 0, 0]",4,512,237568.0,296960.0,1030625961,1030652557,1030634267,1030658203,4097,132447,119487,534945,2,13426,10976,256,16,16,2
203,2,"[256, 116, 2, 2, 116, 1, 1, 3, 3, 1, 1, 2, 2, 1, 1, 116, 2, 0, 0, 0, 0, 0, 0, 0, 0, 0, 0, 0, 0, 0]",1044,1024,0.0,0.0,1030768905,1030795307,1030777690,1030869850,0,4864,4096,534944,2,18007,91392,256,16,16,2
152,2,"[2, 256, 116, 2, 2, 0, 0, 0, 0, 0, 0, 0, 0, 0, 0, 0, 0, 0, 0, 0, 0, 0, 0, 0, 0, 0, 0, 0, 0, 0]",232,128,118784.0,712704.0,1030853250,1030860771,1030873946,1030877018,0,56448,56448,534943,1,7521,3072,256,16,16,2
205,2,"[2, 256, 116, 2, 2, 0, 0, 0, 0, 0, 0, 0, 0, 0, 0, 0, 0, 0, 0, 0, 0, 0, 0, 0, 0, 0, 0, 0, 0, 0]",116,512,950272.0,1187840.0,1030924682,1030934620,1030933466,1030955546,256,198943,198943,534942,1,9938,22080,256,16,16,2
203,2,"[256, 116, 2, 2, 116, 2, 2, 1, 1, 0, 0, 1, 1, 1, 1, 1, 2, 0, 0, 0, 0, 0, 0, 0, 0, 0, 0, 0, 0, 0]",1024,1024,0.0,0.0,1031147334,1031384442,1031154489,1031394136,2112,243552,86208,534941,8,48580,82303,256,16,16,2
152,2,"[2, 256, 116, 1, 1, 0, 0, 0, 0, 0, 0, 0, 0, 0, 0, 0, 0, 0, 0, 0, 0, 0, 0, 0, 0, 0, 0, 0, 0, 0]",58,128,29696.0,178176.0,1031473455,1031480461,1031480344,1031485752,0,51584,51584,534940,1,7006,5408,256,16,16,2
205,2,"[2, 256, 116, 1, 1, 0, 0, 0, 0, 0, 0, 0, 0, 0, 0, 0, 0, 0, 0, 0, 0, 0, 0, 0, 0, 0, 0, 0, 0, 0]",4,512,237568.0,296960.0,1031528442,1031554398,1031537336,1031560024,4097,221311,209311,534939,2,13601,10688,256,16,16,2
203,2,"[256, 116, 1, 1, 116, 1, 1, 1, 1, 0, 0, 1, 1, 1, 1, 1, 2, 0, 0, 0, 0, 0, 0, 0, 0, 0, 0, 0, 0, 0]",1024,1024,0.0,0.0,1031762814,1031907959,1031769335,1031918135,2112,196384,104704,534938,5,41092,57120,256,16,16,2
205,2,"[2, 256, 116, 1, 1, 0, 0, 0, 0, 0, 0, 0, 0, 0, 0, 0, 0, 0, 0, 0, 0, 0, 0, 0, 0, 0, 0, 0, 0, 0]",4,512,237568.0,296960.0,1032015572,1032041724,1032022839,1032047319,4097,123263,109791,534937,2,13240,11008,256,16,16,2
203,2,"[256, 116, 2, 2, 116, 1, 1, 3, 3, 1, 1, 2, 2, 1, 1, 116, 2, 0, 0, 0, 0, 0, 0, 0, 0, 0, 0, 0, 0, 0]",1044,1024,0.0,0.0,1032148658,1032170750,1032157110,1032248150,0,137056,136800,534936,2,15186,90784,256,16,16,2
152,2,"[2, 256, 58, 2, 2, 0, 0, 0, 0, 0, 0, 0, 0, 0, 0, 0, 0, 0, 0, 0, 0, 0, 0, 0, 0, 0, 0, 0, 0, 0]",116,128,59392.0,356352.0,1032376454,1032384603,1032384950,1032389461,0,61440,61440,534930,1,8149,4511,256,16,16,2
205,2,"[2, 256, 58, 2, 2, 0, 0, 0, 0, 0, 0, 0, 0, 0, 0, 0, 0, 0, 0, 0, 0, 0, 0, 0, 0, 0, 0, 0, 0, 0]",58,512,475136.0,593920.0,1032443350,1032451122,1032450901,1032469013,256,216416,216416,534929,1,7772,18112,256,16,16,2
203,2,"[256, 58, 2, 2, 58, 2, 2, 1, 1, 0, 0, 1, 1, 1, 1, 1, 2, 0, 0, 0, 0, 0, 0, 0, 0, 0, 0, 0, 0, 0]",512,1024,6889472.0,244296.0,1032677405,1032931988,1032685429,1032944116,41984,304063,118976,534928,8,71450,73600,256,16,16,2
205,2,"[2, 256, 58, 2, 2, 0, 0, 0, 0, 0, 0, 0, 0, 0, 0, 0, 0, 0, 0, 0, 0, 0, 0, 0, 0, 0, 0, 0, 0, 0]",58,512,475136.0,593920.0,1033055139,1033062716,1033063092,1033079636,256,97439,97439,534927,1,7577,16544,256,16,16,2
203,2,"[256, 58, 2, 2, 58, 2, 2, 3, 3, 1, 1, 1, 1, 1, 1, 58, 2, 0, 0, 0, 0, 0, 0, 0, 0, 0, 0, 0, 0, 0]",522,1024,0.0,0.0,1033168868,1033191286,1033177075,1033233235,0,23968,22816,534926,2,14925,55008,256,16,16,2
152,2,"[2, 256, 58, 2, 2, 0, 0, 0, 0, 0, 0, 0, 0, 0, 0, 0, 0, 0, 0, 0, 0, 0, 0, 0, 0, 0, 0, 0, 0, 0]",116,128,59392.0,356352.0,1033249241,1033256389,1033256051,1033259283,0,59328,59328,534925,1,7148,3232,256,16,16,2
205,2,"[2, 256, 58, 2, 2, 0, 0, 0, 0, 0, 0, 0, 0, 0, 0, 0, 0, 0, 0, 0, 0, 0, 0, 0, 0, 0, 0, 0, 0, 0]",58,512,475136.0,593920.0,1033310760,1033317572,1033318611,1033335635,256,92160,92160,534924,1,6812,17024,256,16,16,2
203,2,"[256, 58, 2, 2, 58, 2, 2, 1, 1, 0, 0, 1, 1, 1, 1, 1, 2, 0, 0, 0, 0, 0, 0, 0, 0, 0, 0, 0, 0, 0]",512,1024,6889472.0,244296.0,1033419248,1033738268,1033427795,1033753042,41984,497343,252191,534923,9,62371,80095,256,16,16,2
152,2,"[2, 256, 58, 2, 2, 0, 0, 0, 0, 0, 0, 0, 0, 0, 0, 0, 0, 0, 0, 0, 0, 0, 0, 0, 0, 0, 0, 0, 0, 0]",116,128,59392.0,356352.0,1033996504,1034004831,1034005233,1034009425,0,58944,58944,534916,1,8327,4192,256,16,16,2
205,2,"[2, 256, 58, 2, 2, 0, 0, 0, 0, 0, 0, 0, 0, 0, 0, 0, 0, 0, 0, 0, 0, 0, 0, 0, 0, 0, 0, 0, 0, 0]",58,512,475136.0,593920.0,1034060738,1034067951,1034068369,1034085201,256,182175,182175,534915,1,7213,16832,256,16,16,2
203,2,"[256, 58, 2, 2, 58, 2, 2, 1, 1, 0, 0, 1, 1, 1, 1, 1, 2, 0, 0, 0, 0, 0, 0, 0, 0, 0, 0, 0, 0, 0]",512,1024,6889472.0,244296.0,1034260028,1034425167,1034267376,1034441072,41984,210144,110815,534914,8,48307,74367,256,16,16,2
205,2,"[2, 256, 58, 2, 2, 0, 0, 0, 0, 0, 0, 0, 0, 0, 0, 0, 0, 0, 0, 0, 0, 0, 0, 0, 0, 0, 0, 0, 0, 0]",58,512,475136.0,593920.0,1034543513,1034551495,1034551887,1034568527,256,92160,92160,534913,1,7982,16640,256,16,16,2
203,2,"[256, 58, 2, 2, 58, 2, 2, 3, 3, 1, 1, 1, 1, 1, 1, 58, 2, 0, 0, 0, 0, 0, 0, 0, 0, 0, 0, 0, 0, 0]",522,1024,0.0,0.0,1034655290,1034670806,1034660687,1034717711,0,7200,6592,534912,2,10017,56416,256,16,16,2
152,2,"[2, 256, 58, 2, 2, 0, 0, 0, 0, 0, 0, 0, 0, 0, 0, 0, 0, 0, 0, 0, 0, 0, 0, 0, 0, 0, 0, 0, 0, 0]",116,128,59392.0,356352.0,1034718508,1034724091,1034724303,1034727631,0,41568,41568,534911,1,5583,3328,256,16,16,2
205,2,"[2, 256, 58, 2, 2, 0, 0, 0, 0, 0, 0, 0, 0, 0, 0, 0, 0, 0, 0, 0, 0, 0, 0, 0, 0, 0, 0, 0, 0, 0]",58,512,475136.0,593920.0,1034762998,1034768792,1034769199,1034787438,256,59616,59616,534910,1,5794,18239,256,16,16,2
203,2,"[256, 58, 2, 2, 58, 2, 2, 1, 1, 0, 0, 1, 1, 1, 1, 1, 2, 0, 0, 0, 0, 0, 0, 0, 0, 0, 0, 0, 0, 0]",512,1024,6889472.0,244296.0,1034841006,1035052146,1034847054,1035070286,41984,322719,178143,534909,9,41359,78656,256,16,16,2
152,2,"[2, 256, 58, 2, 2, 0, 0, 0, 0, 0, 0, 0, 0, 0, 0, 0, 0, 0, 0, 0, 0, 0, 0, 0, 0, 0, 0, 0, 0, 0]",116,128,59392.0,356352.0,1035242244,1035247714,1035248429,1035252557,0,43296,43296,534902,1,5470,4128,256,16,16,2
205,2,"[2, 256, 58, 2, 2, 0, 0, 0, 0, 0, 0, 0, 0, 0, 0, 0, 0, 0, 0, 0, 0, 0, 0, 0, 0, 0, 0, 0, 0, 0]",58,512,475136.0,593920.0,1035289629,1035295661,1035295853,1035313901,256,140800,140800,534901,1,6032,18048,256,16,16,2
203,2,"[256, 58, 2, 2, 58, 2, 2, 1, 1, 0, 0, 1, 1, 1, 1, 1, 2, 0, 0, 0, 0, 0, 0, 0, 0, 0, 0, 0, 0, 0]",512,1024,6889472.0,244296.0,1035447797,1035573721,1035454701,1035592428,41984,142783,78240,534900,8,36757,73184,256,16,16,2
205,2,"[2, 256, 58, 2, 2, 0, 0, 0, 0, 0, 0, 0, 0, 0, 0, 0, 0, 0, 0, 0, 0, 0, 0, 0, 0, 0, 0, 0, 0, 0]",58,512,475136.0,593920.0,1035664716,1035670828,1035670668,1035688012,256,69984,69984,534899,1,6112,17344,256,16,16,2
203,2,"[256, 58, 2, 2, 58, 2, 2, 3, 3, 1, 1, 1, 1, 1, 1, 58, 2, 0, 0, 0, 0, 0, 0, 0, 0, 0, 0, 0, 0, 0]",522,1024,0.0,0.0,1035751171,1035767024,1035757996,1035813708,0,8480,7296,534898,2,10234,54528,256,16,16,2
152,2,"[2, 256, 58, 2, 2, 0, 0, 0, 0, 0, 0, 0, 0, 0, 0, 0, 0, 0, 0, 0, 0, 0, 0, 0, 0, 0, 0, 0, 0, 0]",116,128,59392.0,356352.0,1035814956,1035820120,1035821004,1035823659,0,41568,41568,534897,1,5164,2655,256,16,16,2
205,2,"[2, 256, 58, 2, 2, 0, 0, 0, 0, 0, 0, 0, 0, 0, 0, 0, 0, 0, 0, 0, 0, 0, 0, 0, 0, 0, 0, 0, 0, 0]",58,512,475136.0,593920.0,1035859446,1035864678,1035865227,1035882507,256,61696,61696,534896,1,5232,17280,256,16,16,2
203,2,"[256, 58, 2, 2, 58, 2, 2, 1, 1, 0, 0, 1, 1, 1, 1, 1, 2, 0, 0, 0, 0, 0, 0, 0, 0, 0, 0, 0, 0, 0]",512,1024,6889472.0,244296.0,1035937944,1036156445,1035944203,1036174155,41984,328992,179263,534895,9,41450,80223,256,16,16,2
152,2,"[2, 256, 58, 2, 2, 0, 0, 0, 0, 0, 0, 0, 0, 0, 0, 0, 0, 0, 0, 0, 0, 0, 0, 0, 0, 0, 0, 0, 0, 0]",116,128,59392.0,356352.0,1036346670,1036352608,1036353418,1036358474,0,42624,42624,534888,1,5938,5056,256,16,16,2
205,2,"[2, 256, 58, 2, 2, 0, 0, 0, 0, 0, 0, 0, 0, 0, 0, 0, 0, 0, 0, 0, 0, 0, 0, 0, 0, 0, 0, 0, 0, 0]",58,512,475136.0,593920.0,1036394570,1036400229,1036401098,1036417770,256,129119,129119,534887,1,5659,16672,256,16,16,2
203,2,"[256, 58, 2, 2, 58, 2, 2, 1, 1, 0, 0, 1, 1, 1, 1, 1, 2, 0, 0, 0, 0, 0, 0, 0, 0, 0, 0, 0, 0, 0]",512,1024,6889472.0,244296.0,1036541454,1036664168,1036546889,1036682057,41984,143456,82272,534886,8,35307,73984,256,16,16,2
205,2,"[2, 256, 58, 2, 2, 0, 0, 0, 0, 0, 0, 0, 0, 0, 0, 0, 0, 0, 0, 0, 0, 0, 0, 0, 0, 0, 0, 0, 0, 0]",58,512,475136.0,593920.0,1036758549,1036763946,1036764329,1036782409,256,65248,65248,534885,1,5397,18080,256,16,16,2
203,2,"[256, 58, 4, 4, 58, 2, 2, 3, 3, 1, 1, 2, 2, 1, 1, 58, 2, 0, 0, 0, 0, 0, 0, 0, 0, 0, 0, 0, 0, 0]",522,1024,0.0,0.0,1036841797,1036864698,1036847657,1036913480,0,5696,4064,534884,2,9708,64191,256,16,16,2
152,2,"[2, 256, 58, 4, 4, 0, 0, 0, 0, 0, 0, 0, 0, 0, 0, 0, 0, 0, 0, 0, 0, 0, 0, 0, 0, 0, 0, 0, 0, 0]",464,128,237568.0,1425408.0,1036908372,1036913336,1036917544,1036921480,0,36480,36480,534883,1,4964,3936,256,16,16,2
205,2,"[2, 256, 58, 4, 4, 0, 0, 0, 0, 0, 0, 0, 0, 0, 0, 0, 0, 0, 0, 0, 0, 0, 0, 0, 0, 0, 0, 0, 0, 0]",58,512,1900544.0,2375680.0,1036951540,1036957032,1036957960,1036976360,256,139104,139104,534882,1,5492,18400,256,16,16,2
203,2,"[256, 24, 4, 4, 58, 4, 4, 1, 1, 0, 0, 1, 1, 1, 1, 1, 2, 0, 0, 0, 0, 0, 0, 0, 0, 0, 0, 0, 0, 0]",512,1024,0.0,0.0,1037107433,1037258222,1037115464,1037277223,2112,148541,54048,534881,7,40129,67266,256,16,16,2
152,2,"[2, 256, 58, 2, 2, 0, 0, 0, 0, 0, 0, 0, 0, 0, 0, 0, 0, 0, 0, 0, 0, 0, 0, 0, 0, 0, 0, 0, 0, 0]",116,128,59392.0,356352.0,1037325330,1037331092,1037331271,1037337063,0,47424,47424,534880,1,5762,5792,256,16,16,2
205,2,"[2, 256, 58, 2, 2, 0, 0, 0, 0, 0, 0, 0, 0, 0, 0, 0, 0, 0, 0, 0, 0, 0, 0, 0, 0, 0, 0, 0, 0, 0]",58,512,475136.0,593920.0,1037378163,1037384052,1037384487,1037402599,256,102720,102720,534879,1,5889,18112,256,16,16,2
203,2,"[256, 24, 2, 2, 58, 2, 2, 1, 1, 0, 0, 1, 1, 1, 1, 1, 2, 0, 0, 0, 0, 0, 0, 0, 0, 0, 0, 0, 0, 0]",512,256,0.0,0.0,1037496025,1037612510,1037505319,1037623302,2304,172959,88896,534878,5,32392,33920,256,16,16,2
205,2,"[2, 256, 24, 2, 2, 0, 0, 0, 0, 0, 0, 0, 0, 0, 0, 0, 0, 0, 0, 0, 0, 0, 0, 0, 0, 0, 0, 0, 0, 0]",24,512,196608.0,245760.0,1037706080,1037711467,1037712198,1037728582,256,63424,63424,534877,1,5387,16384,256,16,16,2
203,2,"[256, 24, 4, 4, 24, 2, 2, 3, 3, 1, 1, 2, 2, 1, 1, 24, 2, 0, 0, 0, 0, 0, 0, 0, 0, 0, 0, 0, 0, 0]",216,1024,0.0,0.0,1037785985,1037800806,1037792006,1037826885,0,58049,57313,534876,2,9999,34143,256,16,16,2
183,2,"[2, 256, 24, 8, 8, 0, 0, 0, 0, 0, 0, 0, 0, 0, 0, 0, 0, 0, 0, 0, 0, 0, 0, 0, 0, 0, 0, 0, 0, 0]",6144,256,0.0,0.0,1037876583,1037897052,1037884198,1037947141,0,11103,576,534875,2,15704,52416,256,16,16,2
152,2,"[2, 256, 24, 8, 8, 0, 0, 0, 0, 0, 0, 0, 0, 0, 0, 0, 0, 0, 0, 0, 0, 0, 0, 0, 0, 0, 0, 0, 0, 0]",768,128,393216.0,2359296.0,1037919154,1037924569,1037947717,1037951813,0,16736,16736,534874,1,5415,4096,256,16,16,2
205,2,"[2, 256, 24, 8, 8, 0, 0, 0, 0, 0, 0, 0, 0, 0, 0, 0, 0, 0, 0, 0, 0, 0, 0, 0, 0, 0, 0, 0, 0, 0]",24,512,3145728.0,3932160.0,1037962057,1037967634,1037968549,1037998565,256,108064,108064,534873,1,5577,30016,256,16,16,2
203,2,"[256, 3, 16, 16, 24, 8, 8, 3, 3, 1, 1, 2, 2, 1, 1, 1, 2, 0, 0, 0, 0, 0, 0, 0, 0, 0, 0, 0, 0, 0]",256,64,0.0,0.0,1038096359,1038106236,1038106629,1038183237,2304,1494331,1494331,534872,1,9877,76608,256,16,16,2
16,3,"[2, 24, 3, 3, 3, 0, 0, 0, 0, 0, 0, 0, 0, 0, 0, 4, 0, 0, 0, 0, 0, 0, 0, 0, 0, 0, 0, 0, 0, 0]",2,128,648.0,2596.0,1039647074,1039680223,1039677568,1039680064,0,202048,202048,-1,1,33149,2496,256,16,16,2
12,3,"[2, 24, 3, 3, 3, 0, 0, 0, 0, 0, 0, 0, 0, 0, 0, 2, 24, 3, 3, 3, 0, 0, 0, 0, 0, 0, 0, 0, 0, 0]",2,128,648.0,3888.0,1039864965,1039883526,1039882112,1039884640,0,160639,160639,-1,1,18561,2528,256,16,16,2
12,3,"[2, 24, 3, 3, 3, 0, 0, 0, 0, 0, 0, 0, 0, 0, 0, 2, 24, 3, 3, 3, 0, 0, 0, 0, 0, 0, 0, 0, 0, 0]",2,128,648.0,3888.0,1040031176,1040046474,1040045279,1040048831,0,150048,150048,-1,1,15298,3552,256,16,16,2
16,3,"[2, 24, 0, 0, 0, 0, 0, 0, 0, 0, 0, 0, 0, 0, 0, 4, 0, 0, 0, 0, 0, 0, 0, 0, 0, 0, 0, 0, 0, 0]",1,128,24.0,100.0,1040185050,1040200269,1040198879,1040201887,0,146079,146079,-1,1,15219,3008,256,16,16,2
12,3,"[2, 24, 0, 0, 0, 0, 0, 0, 0, 0, 0, 0, 0, 0, 0, 2, 24, 0, 0, 0, 0, 0, 0, 0, 0, 0, 0, 0, 0, 0]",1,128,24.0,144.0,1040334851,1040348666,1040347966,1040350014,0,145408,145408,-1,1,13815,2048,256,16,16,2
12,3,"[2, 24, 0, 0, 0, 0, 0, 0, 0, 0, 0, 0, 0, 0, 0, 2, 24, 0, 0, 0, 0, 0, 0, 0, 0, 0, 0, 0, 0, 0]",1,128,24.0,144.0,1040483031,1040495815,1040495422,1040497470,0,157984,157984,-1,1,12784,2048,256,16,16,2
16,3,"[2, 24, 0, 0, 0, 0, 0, 0, 0, 0, 0, 0, 0, 0, 0, 4, 0, 0, 0, 0, 0, 0, 0, 0, 0, 0, 0, 0, 0, 0]",1,128,24.0,100.0,1040642955,1040656658,1040655454,1040658654,0,143999,143999,-1,1,13703,3200,256,16,16,2
12,3,"[2, 24, 0, 0, 0, 0, 0, 0, 0, 0, 0, 0, 0, 0, 0, 2, 24, 0, 0, 0, 0, 0, 0, 0, 0, 0, 0, 0, 0, 0]",1,128,24.0,144.0,1040791156,1040803581,1040802653,1040804669,0,142656,142656,-1,1,12425,2016,256,16,16,2
12,3,"[2, 24, 0, 0, 0, 0, 0, 0, 0, 0, 0, 0, 0, 0, 0, 2, 24, 0, 0, 0, 0, 0, 0, 0, 0, 0, 0, 0, 0, 0]",1,128,24.0,144.0,1040935206,1040947487,1040947325,1040949789,0,141727,141727,-1,1,12281,2464,256,16,16,2
16,3,"[2, 24, 1, 3, 3, 0, 0, 0, 0, 0, 0, 0, 0, 0, 0, 4, 0, 0, 0, 0, 0, 0, 0, 0, 0, 0, 0, 0, 0, 0]",1,128,216.0,868.0,1041079214,1041092730,1041091516,1041094524,0,144608,144608,-1,1,13516,3008,256,16,16,2
12,3,"[2, 24, 1, 3, 3, 0, 0, 0, 0, 0, 0, 0, 0, 0, 0, 2, 24, 1, 3, 3, 0, 0, 0, 0, 0, 0, 0, 0, 0, 0]",1,128,216.0,1296.0,1041227352,1041240300,1041239132,1041242172,0,144287,144287,-1,1,12948,3040,256,16,16,2
12,3,"[2, 24, 1, 3, 3, 0, 0, 0, 0, 0, 0, 0, 0, 0, 0, 2, 24, 1, 3, 3, 0, 0, 0, 0, 0, 0, 0, 0, 0, 0]",1,128,216.0,1296.0,1041374776,1041387325,1041386459,1041389627,0,151840,151840,-1,1,12549,3168,256,16,16,2
16,3,"[2, 24, 0, 0, 0, 0, 0, 0, 0, 0, 0, 0, 0, 0, 0, 4, 0, 0, 0, 0, 0, 0, 0, 0, 0, 0, 0, 0, 0, 0]",1,128,24.0,100.0,1041527940,1041541973,1041541467,1041543899,0,141408,141408,-1,1,14033,2432,256,16,16,2
12,3,"[2, 24, 0, 0, 0, 0, 0, 0, 0, 0, 0, 0, 0, 0, 0, 2, 24, 0, 0, 0, 0, 0, 0, 0, 0, 0, 0, 0, 0, 0]",1,128,24.0,144.0,1041673903,1041686079,1041685307,1041687355,0,139231,139231,-1,1,12176,2048,256,16,16,2
12,3,"[2, 24, 0, 0, 0, 0, 0, 0, 0, 0, 0, 0, 0, 0, 0, 2, 24, 0, 0, 0, 0, 0, 0, 0, 0, 0, 0, 0, 0, 0]",1,128,24.0,144.0,1041814806,1041827065,1041826586,1041828666,0,138848,138848,-1,1,12259,2080,256,16,16,2
16,3,"[2, 24, 0, 0, 0, 0, 0, 0, 0, 0, 0, 0, 0, 0, 0, 4, 0, 0, 0, 0, 0, 0, 0, 0, 0, 0, 0, 0, 0, 0]",1,128,24.0,100.0,1041955081,1041967913,1041967514,1041969946,0,139327,139327,-1,1,12832,2432,256,16,16,2
12,3,"[2, 24, 0, 0, 0, 0, 0, 0, 0, 0, 0, 0, 0, 0, 0, 2, 24, 0, 0, 0, 0, 0, 0, 0, 0, 0, 0, 0, 0, 0]",1,128,24.0,144.0,1042098102,1042110089,1042109273,1042111289,0,141248,141248,-1,1,11987,2016,256,16,16,2
12,3,"[2, 24, 0, 0, 0, 0, 0, 0, 0, 0, 0, 0, 0, 0, 0, 2, 24, 0, 0, 0, 0, 0, 0, 0, 0, 0, 0, 0, 0, 0]",1,128,24.0,144.0,1042240319,1042252605,1042252537,1042254649,0,142975,142975,-1,1,12286,2112,256,16,16,2
16,3,"[2, 58, 24, 1, 1, 0, 0, 0, 0, 0, 0, 0, 0, 0, 0, 4, 0, 0, 0, 0, 0, 0, 0, 0, 0, 0, 0, 0, 0, 0]",3,128,1392.0,5572.0,1042385267,1042398548,1042397624,1042400057,0,157119,157119,-1,1,13281,2433,256,16,16,2
12,3,"[2, 58, 24, 1, 1, 0, 0, 0, 0, 0, 0, 0, 0, 0, 0, 2, 58, 24, 1, 1, 0, 0, 0, 0, 0, 0, 0, 0, 0, 0]",3,128,1392.0,8352.0,1042544904,1042557873,1042557176,1042559640,0,145535,145535,-1,1,12969,2464,256,16,16,2
12,3,"[2, 58, 24, 1, 1, 0, 0, 0, 0, 0, 0, 0, 0, 0, 0, 2, 58, 24, 1, 1, 0, 0, 0, 0, 0, 0, 0, 0, 0, 0]",3,128,1392.0,8352.0,1042693997,1042706049,1042705175,1042707256,0,142495,142495,-1,1,12052,2081,256,16,16,2
16,3,"[2, 58, 0, 0, 0, 0, 0, 0, 0, 0, 0, 0, 0, 0, 0, 4, 0, 0, 0, 0, 0, 0, 0, 0, 0, 0, 0, 0, 0, 0]",1,128,58.0,236.0,1042837610,1042850314,1042849751,1042852183,0,141600,141600,-1,1,12704,2432,256,16,16,2
12,3,"[2, 58, 0, 0, 0, 0, 0, 0, 0, 0, 0, 0, 0, 0, 0, 2, 58, 0, 0, 0, 0, 0, 0, 0, 0, 0, 0, 0, 0, 0]",1,128,58.0,348.0,1042981754,1042994159,1042993783,1042996023,0,141311,141311,-1,1,12405,2240,256,16,16,2
12,3,"[2, 58, 0, 0, 0, 0, 0, 0, 0, 0, 0, 0, 0, 0, 0, 2, 58, 0, 0, 0, 0, 0, 0, 0, 0, 0, 0, 0, 0, 0]",1,128,58.0,348.0,1043125036,1043138008,1043137334,1043139382,0,139104,139104,-1,1,12972,2048,256,16,16,2
16,3,"[2, 58, 0, 0, 0, 0, 0, 0, 0, 0, 0, 0, 0, 0, 0, 4, 0, 0, 0, 0, 0, 0, 0, 0, 0, 0, 0, 0, 0, 0]",1,128,58.0,236.0,1043266321,1043278870,1043278486,1043280694,0,154815,154815,-1,1,12549,2208,256,16,16,2
12,3,"[2, 58, 0, 0, 0, 0, 0, 0, 0, 0, 0, 0, 0, 0, 0, 2, 58, 0, 0, 0, 0, 0, 0, 0, 0, 0, 0, 0, 0, 0]",1,128,58.0,348.0,1043423086,1043436010,1043435509,1043438069,0,141568,141568,-1,1,12924,2560,256,16,16,2
12,3,"[2, 58, 0, 0, 0, 0, 0, 0, 0, 0, 0, 0, 0, 0, 0, 2, 58, 0, 0, 0, 0, 0, 0, 0, 0, 0, 0, 0, 0, 0]",1,128,58.0,348.0,1043567507,1043579933,1043579637,1043581749,0,142592,142592,-1,1,12426,2112,256,16,16,2
16,3,"[2, 58, 24, 1, 1, 0, 0, 0, 0, 0, 0, 0, 0, 0, 0, 4, 0, 0, 0, 0, 0, 0, 0, 0, 0, 0, 0, 0, 0, 0]",3,128,1392.0,5572.0,1043711695,1043724583,1043724341,1043727157,0,155615,155615,-1,1,12888,2816,256,16,16,2
12,3,"[2, 58, 24, 1, 1, 0, 0, 0, 0, 0, 0, 0, 0, 0, 0, 2, 58, 24, 1, 1, 0, 0, 0, 0, 0, 0, 0, 0, 0, 0]",3,128,1392.0,8352.0,1043870371,1043883611,1043882772,1043884852,0,145120,145120,-1,1,13240,2080,256,16,16,2
12,3,"[2, 58, 24, 1, 1, 0, 0, 0, 0, 0, 0, 0, 0, 0, 0, 2, 58, 24, 1, 1, 0, 0, 0, 0, 0, 0, 0, 0, 0, 0]",3,128,1392.0,8352.0,1044017373,1044030178,1044029972,1044032308,0,141663,141663,-1,1,12805,2336,256,16,16,2
16,3,"[2, 58, 0, 0, 0, 0, 0, 0, 0, 0, 0, 0, 0, 0, 0, 4, 0, 0, 0, 0, 0, 0, 0, 0, 0, 0, 0, 0, 0, 0]",1,128,58.0,236.0,1044162337,1044175132,1044173971,1044177043,0,153568,153568,-1,1,12795,3072,256,16,16,2
12,3,"[2, 58, 0, 0, 0, 0, 0, 0, 0, 0, 0, 0, 0, 0, 0, 2, 58, 0, 0, 0, 0, 0, 0, 0, 0, 0, 0, 0, 0, 0]",1,128,58.0,348.0,1044317748,1044331236,1044330611,1044333235,0,139392,139392,-1,1,13488,2624,256,16,16,2
12,3,"[2, 58, 0, 0, 0, 0, 0, 0, 0, 0, 0, 0, 0, 0, 0, 2, 58, 0, 0, 0, 0, 0, 0, 0, 0, 0, 0, 0, 0, 0]",1,128,58.0,348.0,1044460786,1044472786,1044472627,1044474674,0,137440,137440,-1,1,12000,2047,256,16,16,2
16,3,"[2, 58, 0, 0, 0, 0, 0, 0, 0, 0, 0, 0, 0, 0, 0, 4, 0, 0, 0, 0, 0, 0, 0, 0, 0, 0, 0, 0, 0, 0]",1,128,58.0,236.0,1044599671,1044612867,1044612114,1044615154,0,137344,137344,-1,1,13196,3040,256,16,16,2
12,3,"[2, 58, 0, 0, 0, 0, 0, 0, 0, 0, 0, 0, 0, 0, 0, 2, 58, 0, 0, 0, 0, 0, 0, 0, 0, 0, 0, 0, 0, 0]",1,128,58.0,348.0,1044740580,1044752781,1044752498,1044755250,0,173855,173855,-1,1,12201,2752,256,16,16,2
12,3,"[2, 58, 0, 0, 0, 0, 0, 0, 0, 0, 0, 0, 0, 0, 0, 2, 58, 0, 0, 0, 0, 0, 0, 0, 0, 0, 0, 0, 0, 0]",1,128,58.0,348.0,1044914202,1044929836,1044929105,1044931377,0,170208,170208,-1,1,15634,2272,256,16,16,2
16,3,"[2, 58, 1, 3, 3, 0, 0, 0, 0, 0, 0, 0, 0, 0, 0, 4, 0, 0, 0, 0, 0, 0, 0, 0, 0, 0, 0, 0, 0, 0]",2,128,522.0,2092.0,1045087111,1045103251,1045101585,1045104593,0,164991,164991,-1,1,16140,3008,256,16,16,2
12,3,"[2, 58, 1, 3, 3, 0, 0, 0, 0, 0, 0, 0, 0, 0, 0, 2, 58, 1, 3, 3, 0, 0, 0, 0, 0, 0, 0, 0, 0, 0]",2,128,522.0,3132.0,1045256156,1045271134,1045269584,1045272624,0,178943,178943,-1,1,14978,3040,256,16,16,2
12,3,"[2, 58, 1, 3, 3, 0, 0, 0, 0, 0, 0, 0, 0, 0, 0, 2, 58, 1, 3, 3, 0, 0, 0, 0, 0, 0, 0, 0, 0, 0]",2,128,522.0,3132.0,1045437545,1045452958,1045451567,1045455152,0,487870,487870,-1,1,15413,3585,256,16,16,2
16,3,"[2, 58, 0, 0, 0, 0, 0, 0, 0, 0, 0, 0, 0, 0, 0, 4, 0, 0, 0, 0, 0, 0, 0, 0, 0, 0, 0, 0, 0, 0]",1,128,58.0,236.0,1045924572,1045944590,1045943022,1045945134,0,182240,182240,-1,1,20018,2112,256,16,16,2
12,3,"[2, 58, 0, 0, 0, 0, 0, 0, 0, 0, 0, 0, 0, 0, 0, 2, 58, 0, 0, 0, 0, 0, 0, 0, 0, 0, 0, 0, 0, 0]",1,128,58.0,348.0,1046112355,1046128556,1046127374,1046129454,0,170111,170111,-1,1,16201,2080,256,16,16,2
12,3,"[2, 58, 0, 0, 0, 0, 0, 0, 0, 0, 0, 0, 0, 0, 0, 2, 58, 0, 0, 0, 0, 0, 0, 0, 0, 0, 0, 0, 0, 0]",1,128,58.0,348.0,1046285641,1046300927,1046299565,1046302637,0,168448,168448,-1,1,15286,3072,256,16,16,2
16,3,"[2, 58, 0, 0, 0, 0, 0, 0, 0, 0, 0, 0, 0, 0, 0, 4, 0, 0, 0, 0, 0, 0, 0, 0, 0, 0, 0, 0, 0, 0]",1,128,58.0,236.0,1046456517,1046472170,1046471085,1046473517,0,184287,184287,-1,1,15653,2432,256,16,16,2
12,3,"[2, 58, 0, 0, 0, 0, 0, 0, 0, 0, 0, 0, 0, 0, 0, 2, 58, 0, 0, 0, 0, 0, 0, 0, 0, 0, 0, 0, 0, 0]",1,128,58.0,348.0,1046643235,1046658748,1046657804,1046659884,0,167296,167296,-1,1,15513,2080,256,16,16,2
12,3,"[2, 58, 0, 0, 0, 0, 0, 0, 0, 0, 0, 0, 0, 0, 0, 2, 58, 0, 0, 0, 0, 0, 0, 0, 0, 0, 0, 0, 0, 0]",1,128,58.0,348.0,1046812934,1046828213,1046827180,1046829676,0,170143,170143,-1,1,15279,2496,256,16,16,2
16,3,"[2, 58, 58, 1, 1, 0, 0, 0, 0, 0, 0, 0, 0, 0, 0, 4, 0, 0, 0, 0, 0, 0, 0, 0, 0, 0, 0, 0, 0, 0]",7,128,3364.0,13460.0,1046985022,1047000824,1046999819,1047001899,0,167936,167936,-1,1,15802,2080,256,16,16,2
12,3,"[2, 58, 58, 1, 1, 0, 0, 0, 0, 0, 0, 0, 0, 0, 0, 2, 58, 58, 1, 1, 0, 0, 0, 0, 0, 0, 0, 0, 0, 0]",7,128,3364.0,20184.0,1047156523,1047171226,1047169835,1047172907,0,164127,164127,-1,1,14703,3072,256,16,16,2
12,3,"[2, 58, 58, 1, 1, 0, 0, 0, 0, 0, 0, 0, 0, 0, 0, 2, 58, 58, 1, 1, 0, 0, 0, 0, 0, 0, 0, 0, 0, 0]",7,128,3364.0,20184.0,1047322744,1047337542,1047337034,1047339562,0,162048,162048,-1,1,14798,2528,256,16,16,2
16,3,"[2, 58, 0, 0, 0, 0, 0, 0, 0, 0, 0, 0, 0, 0, 0, 4, 0, 0, 0, 0, 0, 0, 0, 0, 0, 0, 0, 0, 0, 0]",1,128,58.0,236.0,1047487624,1047503123,1047501610,1047503658,0,179455,179455,-1,1,15499,2048,256,16,16,2
12,3,"[2, 58, 0, 0, 0, 0, 0, 0, 0, 0, 0, 0, 0, 0, 0, 2, 58, 0, 0, 0, 0, 0, 0, 0, 0, 0, 0, 0, 0, 0]",1,128,58.0,348.0,1047669153,1047684164,1047683113,1047685577,0,176576,176576,-1,1,15011,2464,256,16,16,2
12,3,"[2, 58, 0, 0, 0, 0, 0, 0, 0, 0, 0, 0, 0, 0, 0, 2, 58, 0, 0, 0, 0, 0, 0, 0, 0, 0, 0, 0, 0, 0]",1,128,58.0,348.0,1047848043,1047863769,1047862153,1047865193,0,168031,168031,-1,1,15726,3040,256,16,16,2
16,3,"[2, 58, 0, 0, 0, 0, 0, 0, 0, 0, 0, 0, 0, 0, 0, 4, 0, 0, 0, 0, 0, 0, 0, 0, 0, 0, 0, 0, 0, 0]",1,128,58.0,236.0,1048018881,1048034295,1048033224,1048035688,0,166272,166272,-1,1,15414,2464,256,16,16,2
12,3,"[2, 58, 0, 0, 0, 0, 0, 0, 0, 0, 0, 0, 0, 0, 0, 2, 58, 0, 0, 0, 0, 0, 0, 0, 0, 0, 0, 0, 0, 0]",1,128,58.0,348.0,1048188397,1048202696,1048201960,1048204072,0,163839,163839,-1,1,14299,2112,256,16,16,2
12,3,"[2, 58, 0, 0, 0, 0, 0, 0, 0, 0, 0, 0, 0, 0, 0, 2, 58, 0, 0, 0, 0, 0, 0, 0, 0, 0, 0, 0, 0, 0]",1,128,58.0,348.0,1048354462,1048369097,1048367911,1048371335,0,167999,167999,-1,1,14635,3424,256,16,16,2
16,3,"[2, 58, 58, 1, 1, 0, 0, 0, 0, 0, 0, 0, 0, 0, 0, 4, 0, 0, 0, 0, 0, 0, 0, 0, 0, 0, 0, 0, 0, 0]",7,128,3364.0,13460.0,1048524763,1048540683,1048539334,1048541863,0,167647,167647,-1,1,15920,2529,256,16,16,2
12,3,"[2, 58, 58, 1, 1, 0, 0, 0, 0, 0, 0, 0, 0, 0, 0, 2, 58, 58, 1, 1, 0, 0, 0, 0, 0, 0, 0, 0, 0, 0]",7,128,3364.0,20184.0,1048695312,1048710267,1048709510,1048711974,0,179808,179808,-1,1,14955,2464,256,16,16,2
12,3,"[2, 58, 58, 1, 1, 0, 0, 0, 0, 0, 0, 0, 0, 0, 0, 2, 58, 58, 1, 1, 0, 0, 0, 0, 0, 0, 0, 0, 0, 0]",7,128,3364.0,20184.0,1048876901,1048892512,1048891782,1048894246,0,165727,165727,-1,1,15611,2464,256,16,16,2
16,3,"[2, 58, 0, 0, 0, 0, 0, 0, 0, 0, 0, 0, 0, 0, 0, 4, 0, 0, 0, 0, 0, 0, 0, 0, 0, 0, 0, 0, 0, 0]",1,128,58.0,236.0,1049045510,1049061065,1049059973,1049062181,0,165504,165504,-1,1,15555,2208,256,16,16,2
12,3,"[2, 58, 0, 0, 0, 0, 0, 0, 0, 0, 0, 0, 0, 0, 0, 2, 58, 0, 0, 0, 0, 0, 0, 0, 0, 0, 0, 0, 0, 0]",1,128,58.0,348.0,1049213829,1049228499,1049227685,1049230117,0,165855,165855,-1,1,14670,2432,256,16,16,2
12,3,"[2, 58, 0, 0, 0, 0, 0, 0, 0, 0, 0, 0, 0, 0, 0, 2, 58, 0, 0, 0, 0, 0, 0, 0, 0, 0, 0, 0, 0, 0]",1,128,58.0,348.0,1049382494,1049397320,1049395972,1049399428,0,167776,167776,-1,1,14826,3456,256,16,16,2
16,3,"[2, 58, 0, 0, 0, 0, 0, 0, 0, 0, 0, 0, 0, 0, 0, 4, 0, 0, 0, 0, 0, 0, 0, 0, 0, 0, 0, 0, 0, 0]",1,128,58.0,236.0,1049550770,1049569371,1049567204,1049569700,0,186399,186399,-1,1,18601,2496,256,16,16,2
12,3,"[2, 58, 0, 0, 0, 0, 0, 0, 0, 0, 0, 0, 0, 0, 0, 2, 58, 0, 0, 0, 0, 0, 0, 0, 0, 0, 0, 0, 0, 0]",1,128,58.0,348.0,1049739725,1049756734,1049756099,1049758499,0,197728,197728,-1,1,17009,2400,256,16,16,2
12,3,"[2, 58, 0, 0, 0, 0, 0, 0, 0, 0, 0, 0, 0, 0, 0, 2, 58, 0, 0, 0, 0, 0, 0, 0, 0, 0, 0, 0, 0, 0]",1,128,58.0,348.0,1049939691,1049956950,1049956227,1049958723,0,174527,174527,-1,1,17259,2496,256,16,16,2
16,3,"[2, 58, 1, 3, 3, 0, 0, 0, 0, 0, 0, 0, 0, 0, 0, 4, 0, 0, 0, 0, 0, 0, 0, 0, 0, 0, 0, 0, 0, 0]",2,128,522.0,2092.0,1050118829,1050134707,1050133250,1050135330,0,169792,169792,-1,1,15878,2080,256,16,16,2
12,3,"[2, 58, 1, 3, 3, 0, 0, 0, 0, 0, 0, 0, 0, 0, 0, 2, 58, 1, 3, 3, 0, 0, 0, 0, 0, 0, 0, 0, 0, 0]",2,128,522.0,3132.0,1050291372,1050305777,1050305122,1050307361,0,170048,170048,-1,1,14405,2239,256,16,16,2
12,3,"[2, 58, 1, 3, 3, 0, 0, 0, 0, 0, 0, 0, 0, 0, 0, 2, 58, 1, 3, 3, 0, 0, 0, 0, 0, 0, 0, 0, 0, 0]",2,128,522.0,3132.0,1050464098,1050478740,1050477409,1050480449,0,166911,166911,-1,1,14642,3040,256,16,16,2
16,3,"[2, 58, 0, 0, 0, 0, 0, 0, 0, 0, 0, 0, 0, 0, 0, 4, 0, 0, 0, 0, 0, 0, 0, 0, 0, 0, 0, 0, 0, 0]",1,128,58.0,236.0,1050633747,1050648901,1050647360,1050650432,0,167136,167136,-1,1,15154,3072,256,16,16,2
12,3,"[2, 58, 0, 0, 0, 0, 0, 0, 0, 0, 0, 0, 0, 0, 0, 2, 58, 0, 0, 0, 0, 0, 0, 0, 0, 0, 0, 0, 0, 0]",1,128,58.0,348.0,1050804288,1050818908,1050817568,1050820640,0,184991,184991,-1,1,14620,3072,256,16,16,2
12,3,"[2, 58, 0, 0, 0, 0, 0, 0, 0, 0, 0, 0, 0, 0, 0, 2, 58, 0, 0, 0, 0, 0, 0, 0, 0, 0, 0, 0, 0, 0]",1,128,58.0,348.0,1050974859,1051006568,1051005631,1051007775,0,172384,172384,-1,1,31709,2144,256,16,16,2
16,3,"[2, 58, 0, 0, 0, 0, 0, 0, 0, 0, 0, 0, 0, 0, 0, 4, 0, 0, 0, 0, 0, 0, 0, 0, 0, 0, 0, 0, 0, 0]",1,128,58.0,236.0,1051166014,1051182120,1051180159,1051183199,0,166271,166271,-1,1,16106,3040,256,16,16,2
12,3,"[2, 58, 0, 0, 0, 0, 0, 0, 0, 0, 0, 0, 0, 0, 0, 2, 58, 0, 0, 0, 0, 0, 0, 0, 0, 0, 0, 0, 0, 0]",1,128,58.0,348.0,1051335628,1051350258,1051349470,1051351838,0,165888,165888,-1,1,14630,2368,256,16,16,2
12,3,"[2, 58, 0, 0, 0, 0, 0, 0, 0, 0, 0, 0, 0, 0, 0, 2, 58, 0, 0, 0, 0, 0, 0, 0, 0, 0, 0, 0, 0, 0]",1,128,58.0,348.0,1051504223,1051519028,1051517726,1051519774,0,167967,167967,-1,1,14805,2048,256,16,16,2
16,3,"[2, 58, 58, 1, 1, 0, 0, 0, 0, 0, 0, 0, 0, 0, 0, 4, 0, 0, 0, 0, 0, 0, 0, 0, 0, 0, 0, 0, 0, 0]",7,128,3364.0,13460.0,1051674097,1051689316,1051687741,1051690845,0,180768,180768,-1,1,15219,3104,256,16,16,2
12,3,"[2, 58, 58, 1, 1, 0, 0, 0, 0, 0, 0, 0, 0, 0, 0, 2, 58, 58, 1, 1, 0, 0, 0, 0, 0, 0, 0, 0, 0, 0]",7,128,3364.0,20184.0,1051857193,1051872718,1051871613,1051874077,0,167615,167615,-1,1,15525,2464,256,16,16,2
12,3,"[2, 58, 58, 1, 1, 0, 0, 0, 0, 0, 0, 0, 0, 0, 0, 2, 58, 58, 1, 1, 0, 0, 0, 0, 0, 0, 0, 0, 0, 0]",7,128,3364.0,20184.0,1052028100,1052042536,1052041692,1052044060,0,180192,180192,-1,1,14436,2368,256,16,16,2
16,3,"[2, 58, 0, 0, 0, 0, 0, 0, 0, 0, 0, 0, 0, 0, 0, 4, 0, 0, 0, 0, 0, 0, 0, 0, 0, 0, 0, 0, 0, 0]",1,128,58.0,236.0,1052209613,1052225812,1052224252,1052226332,0,167456,167456,-1,1,16199,2080,256,16,16,2
12,3,"[2, 58, 0, 0, 0, 0, 0, 0, 0, 0, 0, 0, 0, 0, 0, 2, 58, 0, 0, 0, 0, 0, 0, 0, 0, 0, 0, 0, 0, 0]",1,128,58.0,348.0,1052379969,1052394434,1052393788,1052396283,0,163840,163840,-1,1,14465,2495,256,16,16,2
12,3,"[2, 58, 0, 0, 0, 0, 0, 0, 0, 0, 0, 0, 0, 0, 0, 2, 58, 0, 0, 0, 0, 0, 0, 0, 0, 0, 0, 0, 0, 0]",1,128,58.0,348.0,1052546404,1052561152,1052560123,1052562203,0,161855,161855,-1,1,14748,2080,256,16,16,2
16,3,"[2, 58, 0, 0, 0, 0, 0, 0, 0, 0, 0, 0, 0, 0, 0, 4, 0, 0, 0, 0, 0, 0, 0, 0, 0, 0, 0, 0, 0, 0]",1,128,58.0,236.0,1052710889,1052725595,1052724058,1052727099,0,164799,164799,-1,1,14706,3041,256,16,16,2
12,3,"[2, 58, 0, 0, 0, 0, 0, 0, 0, 0, 0, 0, 0, 0, 0, 2, 58, 0, 0, 0, 0, 0, 0, 0, 0, 0, 0, 0, 0, 0]",1,128,58.0,348.0,1052878578,1052893238,1052891898,1052893978,0,452319,452319,-1,1,14660,2080,256,16,16,2
12,3,"[2, 58, 0, 0, 0, 0, 0, 0, 0, 0, 0, 0, 0, 0, 0, 2, 58, 0, 0, 0, 0, 0, 0, 0, 0, 0, 0, 0, 0, 0]",1,128,58.0,348.0,1053328719,1053347281,1053346297,1053348632,0,185696,185696,-1,1,18562,2335,256,16,16,2
16,3,"[2, 58, 58, 1, 1, 0, 0, 0, 0, 0, 0, 0, 0, 0, 0, 4, 0, 0, 0, 0, 0, 0, 0, 0, 0, 0, 0, 0, 0, 0]",7,128,3364.0,13460.0,1053519333,1053535489,1053534328,1053536856,0,168064,168064,-1,1,16156,2528,256,16,16,2
12,3,"[2, 58, 58, 1, 1, 0, 0, 0, 0, 0, 0, 0, 0, 0, 0, 2, 58, 58, 1, 1, 0, 0, 0, 0, 0, 0, 0, 0, 0, 0]",7,128,3364.0,20184.0,1053690723,1053705718,1053704920,1053707032,0,167935,167935,-1,1,14995,2112,256,16,16,2
12,3,"[2, 58, 58, 1, 1, 0, 0, 0, 0, 0, 0, 0, 0, 0, 0, 2, 58, 58, 1, 1, 0, 0, 0, 0, 0, 0, 0, 0, 0, 0]",7,128,3364.0,20184.0,1053861043,1053875701,1053874967,1053877015,0,163840,163840,-1,1,14658,2048,256,16,16,2
16,3,"[2, 58, 0, 0, 0, 0, 0, 0, 0, 0, 0, 0, 0, 0, 0, 4, 0, 0, 0, 0, 0, 0, 0, 0, 0, 0, 0, 0, 0, 0]",1,128,58.0,236.0,1054026488,1054041835,1054040855,1054042903,0,163487,163487,-1,1,15347,2048,256,16,16,2
12,3,"[2, 58, 0, 0, 0, 0, 0, 0, 0, 0, 0, 0, 0, 0, 0, 2, 58, 0, 0, 0, 0, 0, 0, 0, 0, 0, 0, 0, 0, 0]",1,128,58.0,348.0,1054192525,1054206954,1054206390,1054208790,0,161792,161792,-1,1,14429,2400,256,16,16,2
12,3,"[2, 58, 0, 0, 0, 0, 0, 0, 0, 0, 0, 0, 0, 0, 0, 2, 58, 0, 0, 0, 0, 0, 0, 0, 0, 0, 0, 0, 0, 0]",1,128,58.0,348.0,1054356908,1054371497,1054370582,1054372630,0,180223,180223,-1,1,14589,2048,256,16,16,2
16,3,"[2, 58, 0, 0, 0, 0, 0, 0, 0, 0, 0, 0, 0, 0, 0, 4, 0, 0, 0, 0, 0, 0, 0, 0, 0, 0, 0, 0, 0, 0]",1,128,58.0,236.0,1054538807,1054554507,1054552853,1054555925,0,162464,162464,-1,1,15700,3072,256,16,16,2
12,3,"[2, 58, 0, 0, 0, 0, 0, 0, 0, 0, 0, 0, 0, 0, 0, 2, 58, 0, 0, 0, 0, 0, 0, 0, 0, 0, 0, 0, 0, 0]",1,128,58.0,348.0,1054704240,1054718985,1054718389,1054720789,0,157663,157663,-1,1,14745,2400,256,16,16,2
12,3,"[2, 58, 0, 0, 0, 0, 0, 0, 0, 0, 0, 0, 0, 0, 0, 2, 58, 0, 0, 0, 0, 0, 0, 0, 0, 0, 0, 0, 0, 0]",1,128,58.0,348.0,1054868407,1054878434,1054878452,1054880532,0,108288,108288,-1,1,10027,2080,256,16,16,2
16,3,"[2, 58, 1, 3, 3, 0, 0, 0, 0, 0, 0, 0, 0, 0, 0, 4, 0, 0, 0, 0, 0, 0, 0, 0, 0, 0, 0, 0, 0, 0]",2,128,522.0,2092.0,1054978583,1054989029,1054988820,1054991124,0,110560,110560,-1,1,10446,2304,256,16,16,2
12,3,"[2, 58, 1, 3, 3, 0, 0, 0, 0, 0, 0, 0, 0, 0, 0, 2, 58, 1, 3, 3, 0, 0, 0, 0, 0, 0, 0, 0, 0, 0]",2,128,522.0,3132.0,1055091676,1055101917,1055101684,1055103763,0,108960,108960,-1,1,10241,2079,256,16,16,2
12,3,"[2, 58, 1, 3, 3, 0, 0, 0, 0, 0, 0, 0, 0, 0, 0, 2, 58, 1, 3, 3, 0, 0, 0, 0, 0, 0, 0, 0, 0, 0]",2,128,522.0,3132.0,1055202870,1055213079,1055212723,1055216243,0,118176,118176,-1,1,10209,3520,256,16,16,2
16,3,"[2, 58, 0, 0, 0, 0, 0, 0, 0, 0, 0, 0, 0, 0, 0, 4, 0, 0, 0, 0, 0, 0, 0, 0, 0, 0, 0, 0, 0, 0]",1,128,58.0,236.0,1055322819,1055334055,1055334419,1055337235,0,108319,108319,-1,1,11236,2816,256,16,16,2
12,3,"[2, 58, 0, 0, 0, 0, 0, 0, 0, 0, 0, 0, 0, 0, 0, 2, 58, 0, 0, 0, 0, 0, 0, 0, 0, 0, 0, 0, 0, 0]",1,128,58.0,348.0,1055435143,1055445208,1055445554,1055447826,0,108512,108512,-1,1,10065,2272,256,16,16,2
12,3,"[2, 58, 0, 0, 0, 0, 0, 0, 0, 0, 0, 0, 0, 0, 0, 2, 58, 0, 0, 0, 0, 0, 0, 0, 0, 0, 0, 0, 0, 0]",1,128,58.0,348.0,1055546406,1055556584,1055556338,1055559474,0,107936,107936,-1,1,10178,3136,256,16,16,2
16,3,"[2, 58, 0, 0, 0, 0, 0, 0, 0, 0, 0, 0, 0, 0, 0, 4, 0, 0, 0, 0, 0, 0, 0, 0, 0, 0, 0, 0, 0, 0]",1,128,58.0,236.0,1055657272,1055667806,1055667410,1055670482,0,109087,109087,-1,1,10534,3072,256,16,16,2
12,3,"[2, 58, 0, 0, 0, 0, 0, 0, 0, 0, 0, 0, 0, 0, 0, 2, 58, 0, 0, 0, 0, 0, 0, 0, 0, 0, 0, 0, 0, 0]",1,128,58.0,348.0,1055769593,1055779327,1055779569,1055781650,0,118815,118815,-1,1,9734,2081,256,16,16,2
12,3,"[2, 58, 0, 0, 0, 0, 0, 0, 0, 0, 0, 0, 0, 0, 0, 2, 58, 0, 0, 0, 0, 0, 0, 0, 0, 0, 0, 0, 0, 0]",1,128,58.0,348.0,1055890299,1055900856,1055900465,1055903537,0,121824,121824,-1,1,10557,3072,256,16,16,2
16,3,"[2, 58, 58, 1, 1, 0, 0, 0, 0, 0, 0, 0, 0, 0, 0, 4, 0, 0, 0, 0, 0, 0, 0, 0, 0, 0, 0, 0, 0, 0]",7,128,3364.0,13460.0,1056014305,1056025606,1056025361,1056027409,0,112864,112864,-1,1,11301,2048,256,16,16,2
12,3,"[2, 58, 58, 1, 1, 0, 0, 0, 0, 0, 0, 0, 0, 0, 0, 2, 58, 58, 1, 1, 0, 0, 0, 0, 0, 0, 0, 0, 0, 0]",7,128,3364.0,20184.0,1056130483,1056140725,1056140273,1056143441,0,110719,110719,-1,1,10242,3168,256,16,16,2
12,3,"[2, 58, 58, 1, 1, 0, 0, 0, 0, 0, 0, 0, 0, 0, 0, 2, 58, 58, 1, 1, 0, 0, 0, 0, 0, 0, 0, 0, 0, 0]",7,128,3364.0,20184.0,1056243829,1056254065,1056254160,1056256688,0,110432,110432,-1,1,10236,2528,256,16,16,2
16,3,"[2, 58, 0, 0, 0, 0, 0, 0, 0, 0, 0, 0, 0, 0, 0, 4, 0, 0, 0, 0, 0, 0, 0, 0, 0, 0, 0, 0, 0, 0]",1,128,58.0,236.0,1056356781,1056367059,1056367120,1056369424,0,108544,108544,-1,1,10278,2304,256,16,16,2
12,3,"[2, 58, 0, 0, 0, 0, 0, 0, 0, 0, 0, 0, 0, 0, 0, 2, 58, 0, 0, 0, 0, 0, 0, 0, 0, 0, 0, 0, 0, 0]",1,128,58.0,348.0,1056467603,1056478104,1056477968,1056480015,0,108928,108928,-1,1,10501,2047,256,16,16,2
12,3,"[2, 58, 0, 0, 0, 0, 0, 0, 0, 0, 0, 0, 0, 0, 0, 2, 58, 0, 0, 0, 0, 0, 0, 0, 0, 0, 0, 0, 0, 0]",1,128,58.0,348.0,1056578914,1056589220,1056588943,1056592239,0,106048,106048,-1,1,10306,3296,256,16,16,2
16,3,"[2, 58, 0, 0, 0, 0, 0, 0, 0, 0, 0, 0, 0, 0, 0, 4, 0, 0, 0, 0, 0, 0, 0, 0, 0, 0, 0, 0, 0, 0]",1,128,58.0,236.0,1056687837,1056698326,1056698287,1056700783,0,120288,120288,-1,1,10489,2496,256,16,16,2
12,3,"[2, 58, 0, 0, 0, 0, 0, 0, 0, 0, 0, 0, 0, 0, 0, 2, 58, 0, 0, 0, 0, 0, 0, 0, 0, 0, 0, 0, 0, 0]",1,128,58.0,348.0,1056810591,1056821117,1056821071,1056823598,0,108992,108992,-1,1,10526,2527,256,16,16,2
12,3,"[2, 58, 0, 0, 0, 0, 0, 0, 0, 0, 0, 0, 0, 0, 0, 2, 58, 0, 0, 0, 0, 0, 0, 0, 0, 0, 0, 0, 0, 0]",1,128,58.0,348.0,1056922130,1056932622,1056932590,1056934670,0,127040,127040,-1,1,10492,2080,256,16,16,2
16,3,"[2, 58, 58, 1, 1, 0, 0, 0, 0, 0, 0, 0, 0, 0, 0, 4, 0, 0, 0, 0, 0, 0, 0, 0, 0, 0, 0, 0, 0, 0]",7,128,3364.0,13460.0,1057051620,1057062293,1057061710,1057065262,0,108575,108575,-1,1,10673,3552,256,16,16,2
12,3,"[2, 58, 58, 1, 1, 0, 0, 0, 0, 0, 0, 0, 0, 0, 0, 2, 58, 58, 1, 1, 0, 0, 0, 0, 0, 0, 0, 0, 0, 0]",7,128,3364.0,20184.0,1057163880,1057173710,1057173837,1057176333,0,108736,108736,-1,1,9830,2496,256,16,16,2
12,3,"[2, 58, 58, 1, 1, 0, 0, 0, 0, 0, 0, 0, 0, 0, 0, 2, 58, 58, 1, 1, 0, 0, 0, 0, 0, 0, 0, 0, 0, 0]",7,128,3364.0,20184.0,1057275229,1057285594,1057285069,1057288173,0,109344,109344,-1,1,10365,3104,256,16,16,2
16,3,"[2, 58, 0, 0, 0, 0, 0, 0, 0, 0, 0, 0, 0, 0, 0, 4, 0, 0, 0, 0, 0, 0, 0, 0, 0, 0, 0, 0, 0, 0]",1,128,58.0,236.0,1057387383,1057398081,1057397517,1057400685,0,120031,120031,-1,1,10698,3168,256,16,16,2
12,3,"[2, 58, 0, 0, 0, 0, 0, 0, 0, 0, 0, 0, 0, 0, 0, 2, 58, 0, 0, 0, 0, 0, 0, 0, 0, 0, 0, 0, 0, 0]",1,128,58.0,348.0,1057510807,1057521065,1057520716,1057523757,0,110559,110559,-1,1,10258,3041,256,16,16,2
12,3,"[2, 58, 0, 0, 0, 0, 0, 0, 0, 0, 0, 0, 0, 0, 0, 2, 58, 0, 0, 0, 0, 0, 0, 0, 0, 0, 0, 0, 0, 0]",1,128,58.0,348.0,1057623136,1057633895,1057634316,1057636812,0,107200,107200,-1,1,10759,2496,256,16,16,2
16,3,"[2, 58, 0, 0, 0, 0, 0, 0, 0, 0, 0, 0, 0, 0, 0, 4, 0, 0, 0, 0, 0, 0, 0, 0, 0, 0, 0, 0, 0, 0]",1,128,58.0,236.0,1057734297,1057745078,1057744012,1057747052,0,109408,109408,-1,1,10781,3040,256,16,16,2
12,3,"[2, 58, 0, 0, 0, 0, 0, 0, 0, 0, 0, 0, 0, 0, 0, 2, 58, 0, 0, 0, 0, 0, 0, 0, 0, 0, 0, 0, 0, 0]",1,128,58.0,348.0,1057846754,1057856871,1057856460,1057859532,0,107295,107295,-1,1,10117,3072,256,16,16,2
12,3,"[2, 58, 0, 0, 0, 0, 0, 0, 0, 0, 0, 0, 0, 0, 0, 2, 58, 0, 0, 0, 0, 0, 0, 0, 0, 0, 0, 0, 0, 0]",1,128,58.0,348.0,1057955984,1057966644,1057966827,1057968907,0,110688,110688,-1,1,10660,2080,256,16,16,2
16,3,"[2, 58, 1, 3, 3, 0, 0, 0, 0, 0, 0, 0, 0, 0, 0, 4, 0, 0, 0, 0, 0, 0, 0, 0, 0, 0, 0, 0, 0, 0]",2,128,522.0,2092.0,1058069632,1058080184,1058079595,1058082827,0,117472,117472,-1,1,10552,3232,256,16,16,2
12,3,"[2, 58, 1, 3, 3, 0, 0, 0, 0, 0, 0, 0, 0, 0, 0, 2, 58, 1, 3, 3, 0, 0, 0, 0, 0, 0, 0, 0, 0, 0]",2,128,522.0,3132.0,1058190599,1058200851,1058200299,1058202378,0,112640,112640,-1,1,10252,2079,256,16,16,2
12,3,"[2, 58, 1, 3, 3, 0, 0, 0, 0, 0, 0, 0, 0, 0, 0, 2, 58, 1, 3, 3, 0, 0, 0, 0, 0, 0, 0, 0, 0, 0]",2,128,522.0,3132.0,1058305243,1058315768,1058315018,1058317066,0,110560,110560,-1,1,10525,2048,256,16,16,2
16,3,"[2, 58, 0, 0, 0, 0, 0, 0, 0, 0, 0, 0, 0, 0, 0, 4, 0, 0, 0, 0, 0, 0, 0, 0, 0, 0, 0, 0, 0, 0]",1,128,58.0,236.0,1058417483,1058427688,1058427626,1058429706,0,281759,281759,-1,1,10205,2080,256,16,16,2
12,3,"[2, 58, 0, 0, 0, 0, 0, 0, 0, 0, 0, 0, 0, 0, 0, 2, 58, 0, 0, 0, 0, 0, 0, 0, 0, 0, 0, 0, 0, 0]",1,128,58.0,348.0,1058698980,1058711499,1058711465,1058713897,0,119264,119264,-1,1,12519,2432,256,16,16,2
12,3,"[2, 58, 0, 0, 0, 0, 0, 0, 0, 0, 0, 0, 0, 0, 0, 2, 58, 0, 0, 0, 0, 0, 0, 0, 0, 0, 0, 0, 0, 0]",1,128,58.0,348.0,1058822192,1058833019,1058833161,1058835209,0,112255,112255,-1,1,10827,2048,256,16,16,2
16,3,"[2, 58, 0, 0, 0, 0, 0, 0, 0, 0, 0, 0, 0, 0, 0, 4, 0, 0, 0, 0, 0, 0, 0, 0, 0, 0, 0, 0, 0, 0]",1,128,58.0,236.0,1058936356,1058947066,1058947464,1058949896,0,122624,122624,-1,1,10710,2432,256,16,16,2
12,3,"[2, 58, 0, 0, 0, 0, 0, 0, 0, 0, 0, 0, 0, 0, 0, 2, 58, 0, 0, 0, 0, 0, 0, 0, 0, 0, 0, 0, 0, 0]",1,128,58.0,348.0,1059061388,1059072136,1059072520,1059074824,0,110528,110528,-1,1,10748,2304,256,16,16,2
12,3,"[2, 58, 0, 0, 0, 0, 0, 0, 0, 0, 0, 0, 0, 0, 0, 2, 58, 0, 0, 0, 0, 0, 0, 0, 0, 0, 0, 0, 0, 0]",1,128,58.0,348.0,1059175045,1059184975,1059185352,1059187464,0,110559,110559,-1,1,9930,2112,256,16,16,2
16,3,"[2, 58, 58, 1, 1, 0, 0, 0, 0, 0, 0, 0, 0, 0, 0, 4, 0, 0, 0, 0, 0, 0, 0, 0, 0, 0, 0, 0, 0, 0]",7,128,3364.0,13460.0,1059288020,1059298315,1059298023,1059301287,0,109824,109824,-1,1,10295,3264,256,16,16,2
12,3,"[2, 58, 58, 1, 1, 0, 0, 0, 0, 0, 0, 0, 0, 0, 0, 2, 58, 58, 1, 1, 0, 0, 0, 0, 0, 0, 0, 0, 0, 0]",7,128,3364.0,20184.0,1059401214,1059411139,1059411111,1059414631,0,108224,108224,-1,1,9925,3520,256,16,16,2
12,3,"[2, 58, 58, 1, 1, 0, 0, 0, 0, 0, 0, 0, 0, 0, 0, 2, 58, 58, 1, 1, 0, 0, 0, 0, 0, 0, 0, 0, 0, 0]",7,128,3364.0,20184.0,1059512011,1059522715,1059522855,1059525383,0,110623,110623,-1,1,10704,2528,256,16,16,2
16,3,"[2, 58, 0, 0, 0, 0, 0, 0, 0, 0, 0, 0, 0, 0, 0, 4, 0, 0, 0, 0, 0, 0, 0, 0, 0, 0, 0, 0, 0, 0]",1,128,58.0,236.0,1059626283,1059636565,1059636006,1059639046,0,115360,115360,-1,1,10282,3040,256,16,16,2
12,3,"[2, 58, 0, 0, 0, 0, 0, 0, 0, 0, 0, 0, 0, 0, 0, 2, 58, 0, 0, 0, 0, 0, 0, 0, 0, 0, 0, 0, 0, 0]",1,128,58.0,348.0,1059744035,1059754157,1059754406,1059756806,0,116544,116544,-1,1,10122,2400,256,16,16,2
12,3,"[2, 58, 0, 0, 0, 0, 0, 0, 0, 0, 0, 0, 0, 0, 0, 2, 58, 0, 0, 0, 0, 0, 0, 0, 0, 0, 0, 0, 0, 0]",1,128,58.0,348.0,1059862145,1059872623,1059873350,1059875590,0,110175,110175,-1,1,10478,2240,256,16,16,2
16,3,"[2, 58, 0, 0, 0, 0, 0, 0, 0, 0, 0, 0, 0, 0, 0, 4, 0, 0, 0, 0, 0, 0, 0, 0, 0, 0, 0, 0, 0, 0]",1,128,58.0,236.0,1059974972,1059985458,1059985765,1059988229,0,108512,108512,-1,1,10486,2464,256,16,16,2
12,3,"[2, 58, 0, 0, 0, 0, 0, 0, 0, 0, 0, 0, 0, 0, 0, 2, 58, 0, 0, 0, 0, 0, 0, 0, 0, 0, 0, 0, 0, 0]",1,128,58.0,348.0,1060086365,1060096739,1060096741,1060098821,0,106464,106464,-1,1,10374,2080,256,16,16,2
12,3,"[2, 58, 0, 0, 0, 0, 0, 0, 0, 0, 0, 0, 0, 0, 0, 2, 58, 0, 0, 0, 0, 0, 0, 0, 0, 0, 0, 0, 0, 0]",1,128,58.0,348.0,1060195517,1060205863,1060205285,1060207365,0,110623,110623,-1,1,10346,2080,256,16,16,2
16,3,"[2, 116, 1, 3, 3, 0, 0, 0, 0, 0, 0, 0, 0, 0, 0, 4, 0, 0, 0, 0, 0, 0, 0, 0, 0, 0, 0, 0, 0, 0]",3,128,1044.0,4180.0,1060307435,1060318067,1060317988,1060321540,0,108928,108928,-1,1,10632,3552,256,16,16,2
12,3,"[2, 116, 1, 3, 3, 0, 0, 0, 0, 0, 0, 0, 0, 0, 0, 2, 116, 1, 3, 3, 0, 0, 0, 0, 0, 0, 0, 0, 0, 0]",3,128,1044.0,6264.0,1060420041,1060430562,1060430468,1060432644,0,124096,124096,-1,1,10521,2176,256,16,16,2
12,3,"[2, 116, 1, 3, 3, 0, 0, 0, 0, 0, 0, 0, 0, 0, 0, 2, 116, 1, 3, 3, 0, 0, 0, 0, 0, 0, 0, 0, 0, 0]",3,128,1044.0,6264.0,1060546049,1060556433,1060556740,1060559236,0,108575,108575,-1,1,10384,2496,256,16,16,2
16,3,"[2, 116, 0, 0, 0, 0, 0, 0, 0, 0, 0, 0, 0, 0, 0, 4, 0, 0, 0, 0, 0, 0, 0, 0, 0, 0, 0, 0, 0, 0]",1,128,116.0,468.0,1060657588,1060667809,1060667811,1060670211,0,110560,110560,-1,1,10221,2400,256,16,16,2
12,3,"[2, 116, 0, 0, 0, 0, 0, 0, 0, 0, 0, 0, 0, 0, 0, 2, 116, 0, 0, 0, 0, 0, 0, 0, 0, 0, 0, 0, 0, 0]",1,128,116.0,696.0,1060769406,1060780960,1060780771,1060782851,0,110752,110752,-1,1,11554,2080,256,16,16,2
12,3,"[2, 116, 0, 0, 0, 0, 0, 0, 0, 0, 0, 0, 0, 0, 0, 2, 116, 0, 0, 0, 0, 0, 0, 0, 0, 0, 0, 0, 0, 0]",1,128,116.0,696.0,1060883777,1060893738,1060893603,1060896643,0,109407,109407,-1,1,9961,3040,256,16,16,2
16,3,"[2, 116, 0, 0, 0, 0, 0, 0, 0, 0, 0, 0, 0, 0, 0, 4, 0, 0, 0, 0, 0, 0, 0, 0, 0, 0, 0, 0, 0, 0]",1,128,116.0,468.0,1060996199,1061006150,1061006050,1061008130,0,110112,110112,-1,1,9951,2080,256,16,16,2
12,3,"[2, 116, 0, 0, 0, 0, 0, 0, 0, 0, 0, 0, 0, 0, 0, 2, 116, 0, 0, 0, 0, 0, 0, 0, 0, 0, 0, 0, 0, 0]",1,128,116.0,696.0,1061107562,1061118190,1061118242,1061120738,0,118752,118752,-1,1,10628,2496,256,16,16,2
12,3,"[2, 116, 0, 0, 0, 0, 0, 0, 0, 0, 0, 0, 0, 0, 0, 2, 116, 0, 0, 0, 0, 0, 0, 0, 0, 0, 0, 0, 0, 0]",1,128,116.0,696.0,1061228513,1061239464,1061239490,1061241602,0,112639,112639,-1,1,10951,2112,256,16,16,2
16,3,"[2, 116, 116, 1, 1, 0, 0, 0, 0, 0, 0, 0, 0, 0, 0, 4, 0, 0, 0, 0, 0, 0, 0, 0, 0, 0, 0, 0, 0, 0]",27,128,13456.0,53828.0,1061344330,1061354586,1061354241,1061357473,0,110592,110592,-1,1,10256,3232,256,16,16,2
12,3,"[2, 116, 116, 1, 1, 0, 0, 0, 0, 0, 0, 0, 0, 0, 0, 2, 116, 116, 1, 1, 0, 0, 0, 0, 0, 0, 0, 0, 0, 0]",27,128,13456.0,80736.0,1061457599,1061468015,1061468065,1061470849,0,110688,110688,-1,1,10416,2784,256,16,16,2
12,3,"[2, 116, 116, 1, 1, 0, 0, 0, 0, 0, 0, 0, 0, 0, 0, 2, 116, 116, 1, 1, 0, 0, 0, 0, 0, 0, 0, 0, 0, 0]",27,128,13456.0,80736.0,1061571964,1061581817,1061581537,1061583617,0,109663,109663,-1,1,9853,2080,256,16,16,2
16,3,"[2, 116, 0, 0, 0, 0, 0, 0, 0, 0, 0, 0, 0, 0, 0, 4, 0, 0, 0, 0, 0, 0, 0, 0, 0, 0, 0, 0, 0, 0]",1,128,116.0,468.0,1061682742,1061693193,1061693280,1061695744,0,110848,110848,-1,1,10451,2464,256,16,16,2
12,3,"[2, 116, 0, 0, 0, 0, 0, 0, 0, 0, 0, 0, 0, 0, 0, 2, 116, 0, 0, 0, 0, 0, 0, 0, 0, 0, 0, 0, 0, 0]",1,128,116.0,696.0,1061795965,1061806407,1061806592,1061808896,0,119808,119808,-1,1,10442,2304,256,16,16,2
12,3,"[2, 116, 0, 0, 0, 0, 0, 0, 0, 0, 0, 0, 0, 0, 0, 2, 116, 0, 0, 0, 0, 0, 0, 0, 0, 0, 0, 0, 0, 0]",1,128,116.0,696.0,1061918433,1061928549,1061928704,1061931168,0,109119,109119,-1,1,10116,2464,256,16,16,2
16,3,"[2, 116, 0, 0, 0, 0, 0, 0, 0, 0, 0, 0, 0, 0, 0, 4, 0, 0, 0, 0, 0, 0, 0, 0, 0, 0, 0, 0, 0, 0]",1,128,116.0,468.0,1062029778,1062040438,1062040287,1062042367,0,110976,110976,-1,1,10660,2080,256,16,16,2
12,3,"[2, 116, 0, 0, 0, 0, 0, 0, 0, 0, 0, 0, 0, 0, 0, 2, 116, 0, 0, 0, 0, 0, 0, 0, 0, 0, 0, 0, 0, 0]",1,128,116.0,696.0,1062143484,1062153830,1062153343,1062156415,0,109504,109504,-1,1,10346,3072,256,16,16,2
12,3,"[2, 116, 0, 0, 0, 0, 0, 0, 0, 0, 0, 0, 0, 0, 0, 2, 116, 0, 0, 0, 0, 0, 0, 0, 0, 0, 0, 0, 0, 0]",1,128,116.0,696.0,1062256183,1062266151,1062265919,1062268927,0,108671,108671,-1,1,9968,3008,256,16,16,2
16,3,"[2, 116, 116, 1, 1, 0, 0, 0, 0, 0, 0, 0, 0, 0, 0, 4, 0, 0, 0, 0, 0, 0, 0, 0, 0, 0, 0, 0, 0, 0]",27,128,13456.0,53828.0,1062367373,1062377525,1062377598,1062380094,0,108800,108800,-1,1,10152,2496,256,16,16,2
12,3,"[2, 116, 116, 1, 1, 0, 0, 0, 0, 0, 0, 0, 0, 0, 0, 2, 116, 116, 1, 1, 0, 0, 0, 0, 0, 0, 0, 0, 0, 0]",27,128,13456.0,80736.0,1062479447,1062489241,1062488894,1062492190,0,109024,109024,-1,1,9794,3296,256,16,16,2
12,3,"[2, 116, 116, 1, 1, 0, 0, 0, 0, 0, 0, 0, 0, 0, 0, 2, 116, 116, 1, 1, 0, 0, 0, 0, 0, 0, 0, 0, 0, 0]",27,128,13456.0,80736.0,1062590426,1062600943,1062601214,1062603518,0,118783,118783,-1,1,10517,2304,256,16,16,2
16,3,"[2, 116, 0, 0, 0, 0, 0, 0, 0, 0, 0, 0, 0, 0, 0, 4, 0, 0, 0, 0, 0, 0, 0, 0, 0, 0, 0, 0, 0, 0]",1,128,116.0,468.0,1062711775,1062722209,1062722301,1062724349,0,109728,109728,-1,1,10434,2048,256,16,16,2
12,3,"[2, 116, 0, 0, 0, 0, 0, 0, 0, 0, 0, 0, 0, 0, 0, 2, 116, 0, 0, 0, 0, 0, 0, 0, 0, 0, 0, 0, 0, 0]",1,128,116.0,696.0,1062823845,1062833648,1062834077,1062836541,0,108000,108000,-1,1,9803,2464,256,16,16,2
12,3,"[2, 116, 0, 0, 0, 0, 0, 0, 0, 0, 0, 0, 0, 0, 0, 2, 116, 0, 0, 0, 0, 0, 0, 0, 0, 0, 0, 0, 0, 0]",1,128,116.0,696.0,1062934760,1062944366,1062944541,1062947005,0,107423,107423,-1,1,9606,2464,256,16,16,2
16,3,"[2, 116, 0, 0, 0, 0, 0, 0, 0, 0, 0, 0, 0, 0, 0, 4, 0, 0, 0, 0, 0, 0, 0, 0, 0, 0, 0, 0, 0, 0]",1,128,116.0,468.0,1063044281,1063054446,1063054428,1063057948,0,106464,106464,-1,1,10165,3520,256,16,16,2
12,3,"[2, 116, 0, 0, 0, 0, 0, 0, 0, 0, 0, 0, 0, 0, 0, 2, 116, 0, 0, 0, 0, 0, 0, 0, 0, 0, 0, 0, 0, 0]",1,128,116.0,696.0,1063153802,1063163887,1063164412,1063166716,0,108512,108512,-1,1,10085,2304,256,16,16,2
12,3,"[2, 116, 0, 0, 0, 0, 0, 0, 0, 0, 0, 0, 0, 0, 0, 2, 116, 0, 0, 0, 0, 0, 0, 0, 0, 0, 0, 0, 0, 0]",1,128,116.0,696.0,1063265327,1063275070,1063275228,1063277308,0,123903,123903,-1,1,9743,2080,256,16,16,2
16,3,"[2, 116, 1, 3, 3, 0, 0, 0, 0, 0, 0, 0, 0, 0, 0, 4, 0, 0, 0, 0, 0, 0, 0, 0, 0, 0, 0, 0, 0, 0]",3,128,1044.0,4180.0,1063390757,1063401259,1063401211,1063403739,0,286880,286880,-1,1,10502,2528,256,16,16,2
12,3,"[2, 116, 1, 3, 3, 0, 0, 0, 0, 0, 0, 0, 0, 0, 0, 2, 116, 1, 3, 3, 0, 0, 0, 0, 0, 0, 0, 0, 0, 0]",3,128,1044.0,6264.0,1063677719,1063690953,1063690619,1063693050,0,124640,124640,-1,1,13234,2431,256,16,16,2
12,3,"[2, 116, 1, 3, 3, 0, 0, 0, 0, 0, 0, 0, 0, 0, 0, 2, 116, 1, 3, 3, 0, 0, 0, 0, 0, 0, 0, 0, 0, 0]",3,128,1044.0,6264.0,1063806420,1063817617,1063817690,1063820026,0,114688,114688,-1,1,11197,2336,256,16,16,2
16,3,"[2, 116, 0, 0, 0, 0, 0, 0, 0, 0, 0, 0, 0, 0, 0, 4, 0, 0, 0, 0, 0, 0, 0, 0, 0, 0, 0, 0, 0, 0]",1,128,116.0,468.0,1063924024,1063934871,1063934714,1063936762,0,112639,112639,-1,1,10847,2048,256,16,16,2
12,3,"[2, 116, 0, 0, 0, 0, 0, 0, 0, 0, 0, 0, 0, 0, 0, 2, 116, 0, 0, 0, 0, 0, 0, 0, 0, 0, 0, 0, 0, 0]",1,128,116.0,696.0,1064038450,1064049430,1064049401,1064051449,0,120800,120800,-1,1,10980,2048,256,16,16,2
12,3,"[2, 116, 0, 0, 0, 0, 0, 0, 0, 0, 0, 0, 0, 0, 0, 2, 116, 0, 0, 0, 0, 0, 0, 0, 0, 0, 0, 0, 0, 0]",1,128,116.0,696.0,1064161999,1064172399,1064172249,1064174329,0,108992,108992,-1,1,10400,2080,256,16,16,2
16,3,"[2, 116, 0, 0, 0, 0, 0, 0, 0, 0, 0, 0, 0, 0, 0, 4, 0, 0, 0, 0, 0, 0, 0, 0, 0, 0, 0, 0, 0, 0]",1,128,116.0,468.0,1064273273,1064283722,1064283321,1064286361,0,108575,108575,-1,1,10449,3040,256,16,16,2
12,3,"[2, 116, 0, 0, 0, 0, 0, 0, 0, 0, 0, 0, 0, 0, 0, 2, 116, 0, 0, 0, 0, 0, 0, 0, 0, 0, 0, 0, 0, 0]",1,128,116.0,696.0,1064384413,1064394868,1064394936,1064397465,0,107967,107967,-1,1,10455,2529,256,16,16,2
12,3,"[2, 116, 0, 0, 0, 0, 0, 0, 0, 0, 0, 0, 0, 0, 0, 2, 116, 0, 0, 0, 0, 0, 0, 0, 0, 0, 0, 0, 0, 0]",1,128,116.0,696.0,1064495233,1064505359,1064505432,1064508152,0,111744,111744,-1,1,10126,2720,256,16,16,2
16,3,"[2, 116, 116, 1, 1, 0, 0, 0, 0, 0, 0, 0, 0, 0, 0, 4, 0, 0, 0, 0, 0, 0, 0, 0, 0, 0, 0, 0, 0, 0]",27,128,13456.0,53828.0,1064609548,1064619971,1064619896,1064622456,0,108896,108896,-1,1,10423,2560,256,16,16,2
12,3,"[2, 116, 116, 1, 1, 0, 0, 0, 0, 0, 0, 0, 0, 0, 0, 2, 116, 116, 1, 1, 0, 0, 0, 0, 0, 0, 0, 0, 0, 0]",27,128,13456.0,80736.0,1064721068,1064731635,1064731352,1064734967,0,108640,108640,-1,1,10567,3615,256,16,16,2
12,3,"[2, 116, 116, 1, 1, 0, 0, 0, 0, 0, 0, 0, 0, 0, 0, 2, 116, 116, 1, 1, 0, 0, 0, 0, 0, 0, 0, 0, 0, 0]",27,128,13456.0,80736.0,1064833387,1064843383,1064843607,1064846071,0,118752,118752,-1,1,9996,2464,256,16,16,2
16,3,"[2, 116, 0, 0, 0, 0, 0, 0, 0, 0, 0, 0, 0, 0, 0, 4, 0, 0, 0, 0, 0, 0, 0, 0, 0, 0, 0, 0, 0, 0]",1,128,116.0,468.0,1064954336,1064964874,1064964823,1064966903,0,101760,101760,-1,1,10538,2080,256,16,16,2
12,3,"[2, 116, 0, 0, 0, 0, 0, 0, 0, 0, 0, 0, 0, 0, 0, 2, 116, 0, 0, 0, 0, 0, 0, 0, 0, 0, 0, 0, 0, 0]",1,128,116.0,696.0,1065060646,1065068084,1065068663,1065071126,0,75200,75200,-1,1,7438,2463,256,16,16,2
12,3,"[2, 116, 0, 0, 0, 0, 0, 0, 0, 0, 0, 0, 0, 0, 0, 2, 116, 0, 0, 0, 0, 0, 0, 0, 0, 0, 0, 0, 0, 0]",1,128,116.0,696.0,1065136724,1065144936,1065146326,1065149174,0,73120,73120,-1,1,8212,2848,256,16,16,2
16,3,"[2, 116, 0, 0, 0, 0, 0, 0, 0, 0, 0, 0, 0, 0, 0, 4, 0, 0, 0, 0, 0, 0, 0, 0, 0, 0, 0, 0, 0, 0]",1,128,116.0,468.0,1065214021,1065221431,1065222294,1065224790,0,73856,73856,-1,1,7410,2496,256,16,16,2
12,3,"[2, 116, 0, 0, 0, 0, 0, 0, 0, 0, 0, 0, 0, 0, 0, 2, 116, 0, 0, 0, 0, 0, 0, 0, 0, 0, 0, 0, 0, 0]",1,128,116.0,696.0,1065291133,1065298208,1065298646,1065301750,0,81920,81920,-1,1,7075,3104,256,16,16,2
12,3,"[2, 116, 0, 0, 0, 0, 0, 0, 0, 0, 0, 0, 0, 0, 0, 2, 116, 0, 0, 0, 0, 0, 0, 0, 0, 0, 0, 0, 0, 0]",1,128,116.0,696.0,1065375328,1065383064,1065383670,1065386134,0,86623,86623,-1,1,7736,2464,256,16,16,2
16,3,"[2, 116, 116, 1, 1, 0, 0, 0, 0, 0, 0, 0, 0, 0, 0, 4, 0, 0, 0, 0, 0, 0, 0, 0, 0, 0, 0, 0, 0, 0]",27,128,13456.0,53828.0,1065463906,1065472547,1065472757,1065474805,0,77792,77792,-1,1,8641,2048,256,16,16,2
12,3,"[2, 116, 116, 1, 1, 0, 0, 0, 0, 0, 0, 0, 0, 0, 0, 2, 116, 116, 1, 1, 0, 0, 0, 0, 0, 0, 0, 0, 0, 0]",27,128,13456.0,80736.0,1065545036,1065552245,1065552597,1065555893,0,76128,76128,-1,1,7209,3296,256,16,16,2
12,3,"[2, 116, 116, 1, 1, 0, 0, 0, 0, 0, 0, 0, 0, 0, 0, 2, 116, 116, 1, 1, 0, 0, 0, 0, 0, 0, 0, 0, 0, 0]",27,128,13456.0,80736.0,1065624152,1065631811,1065632021,1065634517,0,77664,77664,-1,1,7659,2496,256,16,16,2
16,3,"[2, 116, 0, 0, 0, 0, 0, 0, 0, 0, 0, 0, 0, 0, 0, 4, 0, 0, 0, 0, 0, 0, 0, 0, 0, 0, 0, 0, 0, 0]",1,128,116.0,468.0,1065703566,1065711152,1065712181,1065714421,0,74111,74111,-1,1,7586,2240,256,16,16,2
12,3,"[2, 116, 0, 0, 0, 0, 0, 0, 0, 0, 0, 0, 0, 0, 0, 2, 116, 0, 0, 0, 0, 0, 0, 0, 0, 0, 0, 0, 0, 0]",1,128,116.0,696.0,1065780531,1065788766,1065788532,1065791604,0,74048,74048,-1,1,8235,3072,256,16,16,2
12,3,"[2, 116, 0, 0, 0, 0, 0, 0, 0, 0, 0, 0, 0, 0, 0, 2, 116, 0, 0, 0, 0, 0, 0, 0, 0, 0, 0, 0, 0, 0]",1,128,116.0,696.0,1065857666,1065864701,1065865652,1065868020,0,83488,83488,-1,1,7035,2368,256,16,16,2
16,3,"[2, 116, 0, 0, 0, 0, 0, 0, 0, 0, 0, 0, 0, 0, 0, 4, 0, 0, 0, 0, 0, 0, 0, 0, 0, 0, 0, 0, 0, 0]",1,128,116.0,468.0,1065942989,1065951099,1065951508,1065954004,0,78208,78208,-1,1,8110,2496,256,16,16,2
12,3,"[2, 116, 0, 0, 0, 0, 0, 0, 0, 0, 0, 0, 0, 0, 0, 2, 116, 0, 0, 0, 0, 0, 0, 0, 0, 0, 0, 0, 0, 0]",1,128,116.0,696.0,1066024642,1066032201,1066032212,1066035348,0,76351,76351,-1,1,7559,3136,256,16,16,2
12,3,"[2, 116, 0, 0, 0, 0, 0, 0, 0, 0, 0, 0, 0, 0, 0, 2, 116, 0, 0, 0, 0, 0, 0, 0, 0, 0, 0, 0, 0, 0]",1,128,116.0,696.0,1066104060,1066111161,1066111699,1066114868,0,76159,76159,-1,1,7101,3169,256,16,16,2
16,3,"[2, 116, 1, 3, 3, 0, 0, 0, 0, 0, 0, 0, 0, 0, 0, 4, 0, 0, 0, 0, 0, 0, 0, 0, 0, 0, 0, 0, 0, 0]",3,128,1044.0,4180.0,1066182620,1066190408,1066191027,1066193523,0,77696,77696,-1,1,7788,2496,256,16,16,2
12,3,"[2, 116, 1, 3, 3, 0, 0, 0, 0, 0, 0, 0, 0, 0, 0, 2, 116, 1, 3, 3, 0, 0, 0, 0, 0, 0, 0, 0, 0, 0]",3,128,1044.0,6264.0,1066263317,1066270669,1066271219,1066273523,0,77792,77792,-1,1,7352,2304,256,16,16,2
12,3,"[2, 116, 1, 3, 3, 0, 0, 0, 0, 0, 0, 0, 0, 0, 0, 2, 116, 1, 3, 3, 0, 0, 0, 0, 0, 0, 0, 0, 0, 0]",3,128,1044.0,6264.0,1066342948,1066350909,1066351315,1066353395,0,77791,77791,-1,1,7961,2080,256,16,16,2
16,3,"[2, 116, 0, 0, 0, 0, 0, 0, 0, 0, 0, 0, 0, 0, 0, 4, 0, 0, 0, 0, 0, 0, 0, 0, 0, 0, 0, 0, 0, 0]",1,128,116.0,468.0,1066421806,1066430157,1066431186,1066433267,0,83551,83551,-1,1,8351,2081,256,16,16,2
12,3,"[2, 116, 0, 0, 0, 0, 0, 0, 0, 0, 0, 0, 0, 0, 0, 2, 116, 0, 0, 0, 0, 0, 0, 0, 0, 0, 0, 0, 0, 0]",1,128,116.0,696.0,1066507893,1066516230,1066516818,1066519282,0,75744,75744,-1,1,8337,2464,256,16,16,2
12,3,"[2, 116, 0, 0, 0, 0, 0, 0, 0, 0, 0, 0, 0, 0, 0, 2, 116, 0, 0, 0, 0, 0, 0, 0, 0, 0, 0, 0, 0, 0]",1,128,116.0,696.0,1066587193,1066594896,1066595026,1066597106,0,77472,77472,-1,1,7703,2080,256,16,16,2
16,3,"[2, 116, 0, 0, 0, 0, 0, 0, 0, 0, 0, 0, 0, 0, 0, 4, 0, 0, 0, 0, 0, 0, 0, 0, 0, 0, 0, 0, 0, 0]",1,128,116.0,468.0,1066665968,1066673455,1066674578,1066676978,0,73856,73856,-1,1,7487,2400,256,16,16,2
12,3,"[2, 116, 0, 0, 0, 0, 0, 0, 0, 0, 0, 0, 0, 0, 0, 2, 116, 0, 0, 0, 0, 0, 0, 0, 0, 0, 0, 0, 0, 0]",1,128,116.0,696.0,1066743323,1066750806,1066750834,1066753873,0,74304,74304,-1,1,7483,3039,256,16,16,2
12,3,"[2, 116, 0, 0, 0, 0, 0, 0, 0, 0, 0, 0, 0, 0, 0, 2, 116, 0, 0, 0, 0, 0, 0, 0, 0, 0, 0, 0, 0, 0]",1,128,116.0,696.0,1066819858,1066827469,1066828177,1066830577,0,75328,75328,-1,1,7611,2400,256,16,16,2
16,3,"[2, 116, 116, 1, 1, 0, 0, 0, 0, 0, 0, 0, 0, 0, 0, 4, 0, 0, 0, 0, 0, 0, 0, 0, 0, 0, 0, 0, 0, 0]",27,128,13456.0,53828.0,1066897721,1066905065,1066905905,1066908401,0,96256,96256,-1,1,7344,2496,256,16,16,2
12,3,"[2, 116, 116, 1, 1, 0, 0, 0, 0, 0, 0, 0, 0, 0, 0, 2, 116, 116, 1, 1, 0, 0, 0, 0, 0, 0, 0, 0, 0, 0]",27,128,13456.0,80736.0,1066980905,1067004315,1067004657,1067007857,0,74976,74976,-1,1,23410,3200,256,16,16,2
12,3,"[2, 116, 116, 1, 1, 0, 0, 0, 0, 0, 0, 0, 0, 0, 0, 2, 116, 116, 1, 1, 0, 0, 0, 0, 0, 0, 0, 0, 0, 0]",27,128,13456.0,80736.0,1067074823,1067082552,1067082833,1067085937,0,76191,76191,-1,1,7729,3104,256,16,16,2
16,3,"[2, 116, 0, 0, 0, 0, 0, 0, 0, 0, 0, 0, 0, 0, 0, 4, 0, 0, 0, 0, 0, 0, 0, 0, 0, 0, 0, 0, 0, 0]",1,128,116.0,468.0,1067153316,1067161525,1067162128,1067164400,0,75552,75552,-1,1,8209,2272,256,16,16,2
12,3,"[2, 116, 0, 0, 0, 0, 0, 0, 0, 0, 0, 0, 0, 0, 0, 2, 116, 0, 0, 0, 0, 0, 0, 0, 0, 0, 0, 0, 0, 0]",1,128,116.0,696.0,1067231589,1067239313,1067239952,1067242224,0,77536,77536,-1,1,7724,2272,256,16,16,2
12,3,"[2, 116, 0, 0, 0, 0, 0, 0, 0, 0, 0, 0, 0, 0, 0, 2, 116, 0, 0, 0, 0, 0, 0, 0, 0, 0, 0, 0, 0, 0]",1,128,116.0,696.0,1067311060,1067319110,1067319760,1067322096,0,208895,208895,-1,1,8050,2336,256,16,16,2
16,3,"[2, 116, 0, 0, 0, 0, 0, 0, 0, 0, 0, 0, 0, 0, 0, 4, 0, 0, 0, 0, 0, 0, 0, 0, 0, 0, 0, 0, 0, 0]",1,128,116.0,468.0,1067520359,1067530930,1067530991,1067533039,0,93696,93696,-1,1,10571,2048,256,16,16,2
12,3,"[2, 116, 0, 0, 0, 0, 0, 0, 0, 0, 0, 0, 0, 0, 0, 2, 116, 0, 0, 0, 0, 0, 0, 0, 0, 0, 0, 0, 0, 0]",1,128,116.0,696.0,1067617492,1067626211,1067626735,1067629263,0,77856,77856,-1,1,8719,2528,256,16,16,2
12,3,"[2, 116, 0, 0, 0, 0, 0, 0, 0, 0, 0, 0, 0, 0, 0, 2, 116, 0, 0, 0, 0, 0, 0, 0, 0, 0, 0, 0, 0, 0]",1,128,116.0,696.0,1067699271,1067707239,1067707119,1067710383,0,86176,86176,-1,1,7968,3264,256,16,16,2
16,3,"[2, 116, 116, 1, 1, 0, 0, 0, 0, 0, 0, 0, 0, 0, 0, 4, 0, 0, 0, 0, 0, 0, 0, 0, 0, 0, 0, 0, 0, 0]",27,128,13456.0,53828.0,1067782343,1067796677,1067796559,1067799086,0,82144,82144,-1,1,14334,2527,256,16,16,2
12,3,"[2, 116, 116, 1, 1, 0, 0, 0, 0, 0, 0, 0, 0, 0, 0, 2, 116, 116, 1, 1, 0, 0, 0, 0, 0, 0, 0, 0, 0, 0]",27,128,13456.0,80736.0,1067871584,1067881764,1067881230,1067884430,0,83200,83200,-1,1,10180,3200,256,16,16,2
12,3,"[2, 116, 116, 1, 1, 0, 0, 0, 0, 0, 0, 0, 0, 0, 0, 2, 116, 116, 1, 1, 0, 0, 0, 0, 0, 0, 0, 0, 0, 0]",27,128,13456.0,80736.0,1067959704,1067967518,1067967630,1067970702,0,80096,80096,-1,1,7814,3072,256,16,16,2
16,3,"[2, 116, 0, 0, 0, 0, 0, 0, 0, 0, 0, 0, 0, 0, 0, 4, 0, 0, 0, 0, 0, 0, 0, 0, 0, 0, 0, 0, 0, 0]",1,128,116.0,468.0,1068042338,1068050686,1068050798,1068053230,0,85984,85984,-1,1,8348,2432,256,16,16,2
12,3,"[2, 116, 0, 0, 0, 0, 0, 0, 0, 0, 0, 0, 0, 0, 0, 2, 116, 0, 0, 0, 0, 0, 0, 0, 0, 0, 0, 0, 0, 0]",1,128,116.0,696.0,1068131638,1068139231,1068139214,1068141294,0,77791,77791,-1,1,7593,2080,256,16,16,2
12,3,"[2, 116, 0, 0, 0, 0, 0, 0, 0, 0, 0, 0, 0, 0, 0, 2, 116, 0, 0, 0, 0, 0, 0, 0, 0, 0, 0, 0, 0, 0]",1,128,116.0,696.0,1068210625,1068218154,1068219085,1068221165,0,79104,79104,-1,1,7529,2080,256,16,16,2
16,3,"[2, 116, 0, 0, 0, 0, 0, 0, 0, 0, 0, 0, 0, 0, 0, 4, 0, 0, 0, 0, 0, 0, 0, 0, 0, 0, 0, 0, 0, 0]",1,128,116.0,468.0,1068291507,1068299707,1068300269,1068302765,0,76096,76096,-1,1,8200,2496,256,16,16,2
12,3,"[2, 116, 0, 0, 0, 0, 0, 0, 0, 0, 0, 0, 0, 0, 0, 2, 116, 0, 0, 0, 0, 0, 0, 0, 0, 0, 0, 0, 0, 0]",1,128,116.0,696.0,1068370966,1068378499,1068378861,1068382157,0,72704,72704,-1,1,7533,3296,256,16,16,2
12,3,"[2, 116, 0, 0, 0, 0, 0, 0, 0, 0, 0, 0, 0, 0, 0, 2, 116, 0, 0, 0, 0, 0, 0, 0, 0, 0, 0, 0, 0, 0]",1,128,116.0,696.0,1068447224,1068454689,1068454861,1068457869,0,76639,76639,-1,1,7465,3008,256,16,16,2
16,3,"[2, 116, 1, 3, 3, 0, 0, 0, 0, 0, 0, 0, 0, 0, 0, 4, 0, 0, 0, 0, 0, 0, 0, 0, 0, 0, 0, 0, 0, 0]",3,128,1044.0,4180.0,1068525901,1068534765,1068534508,1068536556,0,85984,85984,-1,1,8864,2048,256,16,16,2
12,3,"[2, 116, 1, 3, 3, 0, 0, 0, 0, 0, 0, 0, 0, 0, 0, 2, 116, 1, 3, 3, 0, 0, 0, 0, 0, 0, 0, 0, 0, 0]",3,128,1044.0,6264.0,1068614236,1068622236,1068622540,1068624620,0,77824,77824,-1,1,8000,2080,256,16,16,2
12,3,"[2, 116, 1, 3, 3, 0, 0, 0, 0, 0, 0, 0, 0, 0, 0, 2, 116, 1, 3, 3, 0, 0, 0, 0, 0, 0, 0, 0, 0, 0]",3,128,1044.0,6264.0,1068694683,1068702075,1068702444,1068704492,0,75776,75776,-1,1,7392,2048,256,16,16,2
16,3,"[2, 116, 0, 0, 0, 0, 0, 0, 0, 0, 0, 0, 0, 0, 0, 4, 0, 0, 0, 0, 0, 0, 0, 0, 0, 0, 0, 0, 0, 0]",1,128,116.0,468.0,1068772558,1068780275,1068780268,1068783340,0,72928,72928,-1,1,7717,3072,256,16,16,2
12,3,"[2, 116, 0, 0, 0, 0, 0, 0, 0, 0, 0, 0, 0, 0, 0, 2, 116, 0, 0, 0, 0, 0, 0, 0, 0, 0, 0, 0, 0, 0]",1,128,116.0,696.0,1068849009,1068856507,1068856268,1068859339,0,73664,73664,-1,1,7498,3071,256,16,16,2
12,3,"[2, 116, 0, 0, 0, 0, 0, 0, 0, 0, 0, 0, 0, 0, 0, 2, 116, 0, 0, 0, 0, 0, 0, 0, 0, 0, 0, 0, 0, 0]",1,128,116.0,696.0,1068924833,1068932239,1068933003,1068935499,0,76000,76000,-1,1,7406,2496,256,16,16,2
16,3,"[2, 116, 0, 0, 0, 0, 0, 0, 0, 0, 0, 0, 0, 0, 0, 4, 0, 0, 0, 0, 0, 0, 0, 0, 0, 0, 0, 0, 0, 0]",1,128,116.0,468.0,1069002715,1069010942,1069011499,1069013739,0,74976,74976,-1,1,8227,2240,256,16,16,2
12,3,"[2, 116, 0, 0, 0, 0, 0, 0, 0, 0, 0, 0, 0, 0, 0, 2, 116, 0, 0, 0, 0, 0, 0, 0, 0, 0, 0, 0, 0, 0]",1,128,116.0,696.0,1069080639,1069097352,1069088715,1069091275,0,85440,85440,-1,1,16713,2560,256,16,16,2
12,3,"[2, 116, 0, 0, 0, 0, 0, 0, 0, 0, 0, 0, 0, 0, 0, 2, 116, 0, 0, 0, 0, 0, 0, 0, 0, 0, 0, 0, 0, 0]",1,128,116.0,696.0,1069168037,1069175916,1069176715,1069179626,0,75520,75520,-1,1,7879,2911,256,16,16,2
16,3,"[2, 116, 116, 1, 1, 0, 0, 0, 0, 0, 0, 0, 0, 0, 0, 4, 0, 0, 0, 0, 0, 0, 0, 0, 0, 0, 0, 0, 0, 0]",27,128,13456.0,53828.0,1069247073,1069254430,1069255146,1069257450,0,74880,74880,-1,1,7357,2304,256,16,16,2
12,3,"[2, 116, 116, 1, 1, 0, 0, 0, 0, 0, 0, 0, 0, 0, 0, 2, 116, 116, 1, 1, 0, 0, 0, 0, 0, 0, 0, 0, 0, 0]",27,128,13456.0,80736.0,1069324349,1069331736,1069332330,1069334986,0,76064,76064,-1,1,7387,2656,256,16,16,2
12,3,"[2, 116, 116, 1, 1, 0, 0, 0, 0, 0, 0, 0, 0, 0, 0, 2, 116, 116, 1, 1, 0, 0, 0, 0, 0, 0, 0, 0, 0, 0]",27,128,13456.0,80736.0,1069403135,1069410476,1069411050,1069414186,0,76448,76448,-1,1,7341,3136,256,16,16,2
16,3,"[2, 116, 0, 0, 0, 0, 0, 0, 0, 0, 0, 0, 0, 0, 0, 4, 0, 0, 0, 0, 0, 0, 0, 0, 0, 0, 0, 0, 0, 0]",1,128,116.0,468.0,1069481867,1069490050,1069490634,1069492970,0,74175,74175,-1,1,8183,2336,256,16,16,2
12,3,"[2, 116, 0, 0, 0, 0, 0, 0, 0, 0, 0, 0, 0, 0, 0, 2, 116, 0, 0, 0, 0, 0, 0, 0, 0, 0, 0, 0, 0, 0]",1,128,116.0,696.0,1069559441,1069567174,1069567145,1069570537,0,84224,84224,-1,1,7733,3392,256,16,16,2
12,3,"[2, 116, 0, 0, 0, 0, 0, 0, 0, 0, 0, 0, 0, 0, 0, 2, 116, 0, 0, 0, 0, 0, 0, 0, 0, 0, 0, 0, 0, 0]",1,128,116.0,696.0,1069646498,1069654244,1069654761,1069656809,0,76160,76160,-1,1,7746,2048,256,16,16,2
16,3,"[2, 116, 0, 0, 0, 0, 0, 0, 0, 0, 0, 0, 0, 0, 0, 4, 0, 0, 0, 0, 0, 0, 0, 0, 0, 0, 0, 0, 0, 0]",1,128,116.0,468.0,1069725540,1069733034,1069732969,1069736009,0,74432,74432,-1,1,7494,3040,256,16,16,2
12,3,"[2, 116, 0, 0, 0, 0, 0, 0, 0, 0, 0, 0, 0, 0, 0, 2, 116, 0, 0, 0, 0, 0, 0, 0, 0, 0, 0, 0, 0, 0]",1,128,116.0,696.0,1069803071,1069810335,1069810441,1069813481,0,76767,76767,-1,1,7264,3040,256,16,16,2
12,3,"[2, 116, 0, 0, 0, 0, 0, 0, 0, 0, 0, 0, 0, 0, 0, 2, 116, 0, 0, 0, 0, 0, 0, 0, 0, 0, 0, 0, 0, 0]",1,128,116.0,696.0,1069882345,1069889591,1069890248,1069892328,0,77568,77568,-1,1,7246,2080,256,16,16,2
16,3,"[2, 116, 116, 1, 1, 0, 0, 0, 0, 0, 0, 0, 0, 0, 0, 4, 0, 0, 0, 0, 0, 0, 0, 0, 0, 0, 0, 0, 0, 0]",27,128,13456.0,53828.0,1069961757,1069969439,1069969896,1069972200,0,75744,75744,-1,1,7682,2304,256,16,16,2
12,3,"[2, 116, 116, 1, 1, 0, 0, 0, 0, 0, 0, 0, 0, 0, 0, 2, 116, 116, 1, 1, 0, 0, 0, 0, 0, 0, 0, 0, 0, 0]",27,128,13456.0,80736.0,1070040660,1070047829,1070047944,1070051368,0,81728,81728,-1,1,7169,3424,256,16,16,2
12,3,"[2, 116, 116, 1, 1, 0, 0, 0, 0, 0, 0, 0, 0, 0, 0, 2, 116, 116, 1, 1, 0, 0, 0, 0, 0, 0, 0, 0, 0, 0]",27,128,13456.0,80736.0,1070123970,1070132384,1070133096,1070135656,0,75904,75904,-1,1,8414,2560,256,16,16,2
16,3,"[2, 116, 0, 0, 0, 0, 0, 0, 0, 0, 0, 0, 0, 0, 0, 4, 0, 0, 0, 0, 0, 0, 0, 0, 0, 0, 0, 0, 0, 0]",1,128,116.0,468.0,1070202889,1070210942,1070211560,1070213864,0,75583,75583,-1,1,8053,2304,256,16,16,2
12,3,"[2, 116, 0, 0, 0, 0, 0, 0, 0, 0, 0, 0, 0, 0, 0, 2, 116, 0, 0, 0, 0, 0, 0, 0, 0, 0, 0, 0, 0, 0]",1,128,116.0,696.0,1070281267,1070288767,1070289447,1070291687,0,75744,75744,-1,1,7500,2240,256,16,16,2
12,3,"[2, 116, 0, 0, 0, 0, 0, 0, 0, 0, 0, 0, 0, 0, 0, 2, 116, 0, 0, 0, 0, 0, 0, 0, 0, 0, 0, 0, 0, 0]",1,128,116.0,696.0,1070359659,1070367131,1070367431,1070369511,0,75744,75744,-1,1,7472,2080,256,16,16,2
16,3,"[2, 116, 0, 0, 0, 0, 0, 0, 0, 0, 0, 0, 0, 0, 0, 4, 0, 0, 0, 0, 0, 0, 0, 0, 0, 0, 0, 0, 0, 0]",1,128,116.0,468.0,1070436875,1070444654,1070445255,1070447335,0,76960,76960,-1,1,7779,2080,256,16,16,2
12,3,"[2, 116, 0, 0, 0, 0, 0, 0, 0, 0, 0, 0, 0, 0, 0, 2, 116, 0, 0, 0, 0, 0, 0, 0, 0, 0, 0, 0, 0, 0]",1,128,116.0,696.0,1070515667,1070523153,1070524295,1070526823,0,74079,74079,-1,1,7486,2528,256,16,16,2
12,3,"[2, 116, 0, 0, 0, 0, 0, 0, 0, 0, 0, 0, 0, 0, 0, 2, 116, 0, 0, 0, 0, 0, 0, 0, 0, 0, 0, 0, 0, 0]",1,128,116.0,696.0,1070593296,1070600536,1070600902,1070602982,0,83904,83904,-1,1,7240,2080,256,16,16,2
16,3,"[2, 116, 1, 3, 3, 0, 0, 0, 0, 0, 0, 0, 0, 0, 0, 4, 0, 0, 0, 0, 0, 0, 0, 0, 0, 0, 0, 0, 0, 0]",3,128,1044.0,4180.0,1070678545,1070686396,1070686886,1070688998,0,76160,76160,-1,1,7851,2112,256,16,16,2
12,3,"[2, 116, 1, 3, 3, 0, 0, 0, 0, 0, 0, 0, 0, 0, 0, 2, 116, 1, 3, 3, 0, 0, 0, 0, 0, 0, 0, 0, 0, 0]",3,128,1044.0,6264.0,1070757722,1070765023,1070765158,1070768198,0,198527,198527,-1,1,7301,3040,256,16,16,2
12,3,"[2, 116, 1, 3, 3, 0, 0, 0, 0, 0, 0, 0, 0, 0, 0, 2, 116, 1, 3, 3, 0, 0, 0, 0, 0, 0, 0, 0, 0, 0]",3,128,1044.0,6264.0,1070956008,1070966151,1070966725,1070969189,0,89728,89728,-1,1,10143,2464,256,16,16,2
16,3,"[2, 116, 0, 0, 0, 0, 0, 0, 0, 0, 0, 0, 0, 0, 0, 4, 0, 0, 0, 0, 0, 0, 0, 0, 0, 0, 0, 0, 0, 0]",1,128,116.0,468.0,1071050155,1071058422,1071058917,1071061413,0,78272,78272,-1,1,8267,2496,256,16,16,2
12,3,"[2, 116, 0, 0, 0, 0, 0, 0, 0, 0, 0, 0, 0, 0, 0, 2, 116, 0, 0, 0, 0, 0, 0, 0, 0, 0, 0, 0, 0, 0]",1,128,116.0,696.0,1071131948,1071139586,1071139685,1071142725,0,84864,84864,-1,1,7638,3040,256,16,16,2
12,3,"[2, 116, 0, 0, 0, 0, 0, 0, 0, 0, 0, 0, 0, 0, 0, 2, 116, 0, 0, 0, 0, 0, 0, 0, 0, 0, 0, 0, 0, 0]",1,128,116.0,696.0,1071219002,1071226820,1071227589,1071229669,0,76895,76895,-1,1,7818,2080,256,16,16,2
16,3,"[2, 116, 0, 0, 0, 0, 0, 0, 0, 0, 0, 0, 0, 0, 0, 4, 0, 0, 0, 0, 0, 0, 0, 0, 0, 0, 0, 0, 0, 0]",1,128,116.0,468.0,1071298501,1071306055,1071306564,1071309060,0,75296,75296,-1,1,7554,2496,256,16,16,2
12,3,"[2, 116, 0, 0, 0, 0, 0, 0, 0, 0, 0, 0, 0, 0, 0, 2, 116, 0, 0, 0, 0, 0, 0, 0, 0, 0, 0, 0, 0, 0]",1,128,116.0,696.0,1071376206,1071383831,1071384356,1071386852,0,74240,74240,-1,1,7625,2496,256,16,16,2
12,3,"[2, 116, 0, 0, 0, 0, 0, 0, 0, 0, 0, 0, 0, 0, 0, 2, 116, 0, 0, 0, 0, 0, 0, 0, 0, 0, 0, 0, 0, 0]",1,128,116.0,696.0,1071453094,1071461018,1071461092,1071463140,0,77792,77792,-1,1,7924,2048,256,16,16,2
16,3,"[2, 116, 116, 1, 1, 0, 0, 0, 0, 0, 0, 0, 0, 0, 0, 4, 0, 0, 0, 0, 0, 0, 0, 0, 0, 0, 0, 0, 0, 0]",27,128,13456.0,53828.0,1071532165,1071540353,1071540932,1071544036,0,75039,75039,-1,1,8188,3104,256,16,16,2
12,3,"[2, 116, 116, 1, 1, 0, 0, 0, 0, 0, 0, 0, 0, 0, 0, 2, 116, 116, 1, 1, 0, 0, 0, 0, 0, 0, 0, 0, 0, 0]",27,128,13456.0,80736.0,1071610782,1071618449,1071619075,1071622851,0,81952,81952,-1,1,7667,3776,256,16,16,2
12,3,"[2, 116, 116, 1, 1, 0, 0, 0, 0, 0, 0, 0, 0, 0, 0, 2, 116, 116, 1, 1, 0, 0, 0, 0, 0, 0, 0, 0, 0, 0]",27,128,13456.0,80736.0,1071696348,1071704391,1071704803,1071706851,0,75776,75776,-1,1,8043,2048,256,16,16,2
16,3,"[2, 116, 0, 0, 0, 0, 0, 0, 0, 0, 0, 0, 0, 0, 0, 4, 0, 0, 0, 0, 0, 0, 0, 0, 0, 0, 0, 0, 0, 0]",1,128,116.0,468.0,1071775213,1071782540,1071782627,1071784675,0,83264,83264,-1,1,7327,2048,256,16,16,2
12,3,"[2, 116, 0, 0, 0, 0, 0, 0, 0, 0, 0, 0, 0, 0, 0, 2, 116, 0, 0, 0, 0, 0, 0, 0, 0, 0, 0, 0, 0, 0]",1,128,116.0,696.0,1071859409,1071867553,1071867939,1071870467,0,73535,73535,-1,1,8144,2528,256,16,16,2
12,3,"[2, 116, 0, 0, 0, 0, 0, 0, 0, 0, 0, 0, 0, 0, 0, 2, 116, 0, 0, 0, 0, 0, 0, 0, 0, 0, 0, 0, 0, 0]",1,128,116.0,696.0,1071936083,1071943233,1071944002,1071946466,0,75744,75744,-1,1,7150,2464,256,16,16,2
16,3,"[2, 116, 0, 0, 0, 0, 0, 0, 0, 0, 0, 0, 0, 0, 0, 4, 0, 0, 0, 0, 0, 0, 0, 0, 0, 0, 0, 0, 0, 0]",1,128,116.0,468.0,1072014505,1072021733,1072022210,1072024290,0,73696,73696,-1,1,7228,2080,256,16,16,2
12,3,"[2, 116, 0, 0, 0, 0, 0, 0, 0, 0, 0, 0, 0, 0, 0, 2, 116, 0, 0, 0, 0, 0, 0, 0, 0, 0, 0, 0, 0, 0]",1,128,116.0,696.0,1072089744,1072097344,1072097986,1072100066,0,73728,73728,-1,1,7600,2080,256,16,16,2
12,3,"[2, 116, 0, 0, 0, 0, 0, 0, 0, 0, 0, 0, 0, 0, 0, 2, 116, 0, 0, 0, 0, 0, 0, 0, 0, 0, 0, 0, 0, 0]",1,128,116.0,696.0,1072165173,1072173159,1072173794,1072175842,0,84992,84992,-1,1,7986,2048,256,16,16,2
16,3,"[2, 116, 116, 1, 1, 0, 0, 0, 0, 0, 0, 0, 0, 0, 0, 4, 0, 0, 0, 0, 0, 0, 0, 0, 0, 0, 0, 0, 0, 0]",27,128,13456.0,53828.0,1072251879,1072260327,1072260834,1072263298,0,77791,77791,-1,1,8448,2464,256,16,16,2
12,3,"[2, 116, 116, 1, 1, 0, 0, 0, 0, 0, 0, 0, 0, 0, 0, 2, 116, 116, 1, 1, 0, 0, 0, 0, 0, 0, 0, 0, 0, 0]",27,128,13456.0,80736.0,1072332686,1072340479,1072341089,1072343777,0,75776,75776,-1,1,7793,2688,256,16,16,2
12,3,"[2, 116, 116, 1, 1, 0, 0, 0, 0, 0, 0, 0, 0, 0, 0, 2, 116, 116, 1, 1, 0, 0, 0, 0, 0, 0, 0, 0, 0, 0]",27,128,13456.0,80736.0,1072412328,1072419308,1072419553,1072421601,0,77792,77792,-1,1,6980,2048,256,16,16,2
16,3,"[2, 116, 0, 0, 0, 0, 0, 0, 0, 0, 0, 0, 0, 0, 0, 4, 0, 0, 0, 0, 0, 0, 0, 0, 0, 0, 0, 0, 0, 0]",1,128,116.0,468.0,1072491508,1072498846,1072499393,1072501473,0,74912,74912,-1,1,7338,2080,256,16,16,2
12,3,"[2, 116, 0, 0, 0, 0, 0, 0, 0, 0, 0, 0, 0, 0, 0, 2, 116, 0, 0, 0, 0, 0, 0, 0, 0, 0, 0, 0, 0, 0]",1,128,116.0,696.0,1072568475,1072575748,1072576385,1072578849,0,74175,74175,-1,1,7273,2464,256,16,16,2
12,3,"[2, 116, 0, 0, 0, 0, 0, 0, 0, 0, 0, 0, 0, 0, 0, 2, 116, 0, 0, 0, 0, 0, 0, 0, 0, 0, 0, 0, 0, 0]",1,128,116.0,696.0,1072645016,1072652404,1072653024,1072655072,0,85120,85120,-1,1,7388,2048,256,16,16,2
16,3,"[2, 116, 0, 0, 0, 0, 0, 0, 0, 0, 0, 0, 0, 0, 0, 4, 0, 0, 0, 0, 0, 0, 0, 0, 0, 0, 0, 0, 0, 0]",1,128,116.0,468.0,1072731962,1072739663,1072740192,1072742656,0,76480,76480,-1,1,7701,2464,256,16,16,2
12,3,"[2, 116, 0, 0, 0, 0, 0, 0, 0, 0, 0, 0, 0, 0, 0, 2, 116, 0, 0, 0, 0, 0, 0, 0, 0, 0, 0, 0, 0, 0]",1,128,116.0,696.0,1072811705,1072818953,1072819136,1072822208,0,76544,76544,-1,1,7248,3072,256,16,16,2
12,3,"[2, 116, 0, 0, 0, 0, 0, 0, 0, 0, 0, 0, 0, 0, 0, 2, 116, 0, 0, 0, 0, 0, 0, 0, 0, 0, 0, 0, 0, 0]",1,128,116.0,696.0,1072890714,1072897962,1072898752,1072900832,0,77792,77792,-1,1,7248,2080,256,16,16,2
16,3,"[2, 116, 1, 3, 3, 0, 0, 0, 0, 0, 0, 0, 0, 0, 0, 4, 0, 0, 0, 0, 0, 0, 0, 0, 0, 0, 0, 0, 0, 0]",3,128,1044.0,4180.0,1072969646,1072978128,1072978624,1072980703,0,77216,77216,-1,1,8482,2079,256,16,16,2
12,3,"[2, 116, 1, 3, 3, 0, 0, 0, 0, 0, 0, 0, 0, 0, 0, 2, 116, 1, 3, 3, 0, 0, 0, 0, 0, 0, 0, 0, 0, 0]",3,128,1044.0,6264.0,1073049524,1073056967,1073057919,1073060511,0,73760,73760,-1,1,7443,2592,256,16,16,2
12,3,"[2, 116, 1, 3, 3, 0, 0, 0, 0, 0, 0, 0, 0, 0, 0, 2, 116, 1, 3, 3, 0, 0, 0, 0, 0, 0, 0, 0, 0, 0]",3,128,1044.0,6264.0,1073126848,1073133873,1073134271,1073136351,0,83328,83328,-1,1,7025,2080,256,16,16,2
16,3,"[2, 116, 0, 0, 0, 0, 0, 0, 0, 0, 0, 0, 0, 0, 0, 4, 0, 0, 0, 0, 0, 0, 0, 0, 0, 0, 0, 0, 0, 0]",1,128,116.0,468.0,1073210275,1073218609,1073219679,1073222175,0,75584,75584,-1,1,8334,2496,256,16,16,2
12,3,"[2, 116, 0, 0, 0, 0, 0, 0, 0, 0, 0, 0, 0, 0, 0, 2, 116, 0, 0, 0, 0, 0, 0, 0, 0, 0, 0, 0, 0, 0]",1,128,116.0,696.0,1073289937,1073297081,1073297759,1073300190,0,73728,73728,-1,1,7144,2431,256,16,16,2
12,3,"[2, 116, 0, 0, 0, 0, 0, 0, 0, 0, 0, 0, 0, 0, 0, 2, 116, 0, 0, 0, 0, 0, 0, 0, 0, 0, 0, 0, 0, 0]",1,128,116.0,696.0,1073366353,1073373525,1073373918,1073375966,0,75744,75744,-1,1,7172,2048,256,16,16,2
16,3,"[2, 116, 0, 0, 0, 0, 0, 0, 0, 0, 0, 0, 0, 0, 0, 4, 0, 0, 0, 0, 0, 0, 0, 0, 0, 0, 0, 0, 0, 0]",1,128,116.0,468.0,1073443219,1073451317,1073451710,1073453790,0,73888,73888,-1,1,8098,2080,256,16,16,2
12,3,"[2, 116, 0, 0, 0, 0, 0, 0, 0, 0, 0, 0, 0, 0, 0, 2, 116, 0, 0, 0, 0, 0, 0, 0, 0, 0, 0, 0, 0, 0]",1,128,116.0,696.0,1073520140,1073527622,1073527678,1073530846,0,75520,75520,-1,1,7482,3168,256,16,16,2
12,3,"[2, 116, 0, 0, 0, 0, 0, 0, 0, 0, 0, 0, 0, 0, 0, 2, 116, 0, 0, 0, 0, 0, 0, 0, 0, 0, 0, 0, 0, 0]",1,128,116.0,696.0,1073598331,1073605789,1073606366,1073608894,0,76351,76351,-1,1,7458,2528,256,16,16,2
16,3,"[2, 116, 116, 1, 1, 0, 0, 0, 0, 0, 0, 0, 0, 0, 0, 4, 0, 0, 0, 0, 0, 0, 0, 0, 0, 0, 0, 0, 0, 0]",27,128,13456.0,53828.0,1073677620,1073685307,1073685245,1073688349,0,84928,84928,-1,1,7687,3104,256,16,16,2
12,3,"[2, 116, 116, 1, 1, 0, 0, 0, 0, 0, 0, 0, 0, 0, 0, 2, 116, 116, 1, 1, 0, 0, 0, 0, 0, 0, 0, 0, 0, 0]",27,128,13456.0,80736.0,1073764301,1073772226,1073773277,1073775325,0,75584,75584,-1,1,7925,2048,256,16,16,2
12,3,"[2, 116, 116, 1, 1, 0, 0, 0, 0, 0, 0, 0, 0, 0, 0, 2, 116, 116, 1, 1, 0, 0, 0, 0, 0, 0, 0, 0, 0, 0]",27,128,13456.0,80736.0,1073843185,1073850285,1073850909,1073853149,0,75776,75776,-1,1,7100,2240,256,16,16,2
16,3,"[2, 116, 0, 0, 0, 0, 0, 0, 0, 0, 0, 0, 0, 0, 0, 4, 0, 0, 0, 0, 0, 0, 0, 0, 0, 0, 0, 0, 0, 0]",1,128,116.0,468.0,1073920642,1073928141,1073928925,1073930973,0,75712,75712,-1,1,7499,2048,256,16,16,2
12,3,"[2, 116, 0, 0, 0, 0, 0, 0, 0, 0, 0, 0, 0, 0, 0, 2, 116, 0, 0, 0, 0, 0, 0, 0, 0, 0, 0, 0, 0, 0]",1,128,116.0,696.0,1073998182,1074006013,1074006685,1074008796,0,75072,75072,-1,1,7831,2111,256,16,16,2
12,3,"[2, 116, 0, 0, 0, 0, 0, 0, 0, 0, 0, 0, 0, 0, 0, 2, 116, 0, 0, 0, 0, 0, 0, 0, 0, 0, 0, 0, 0, 0]",1,128,116.0,696.0,1074075556,1074083210,1074083868,1074086364,0,73536,73536,-1,1,7654,2496,256,16,16,2
16,3,"[2, 116, 0, 0, 0, 0, 0, 0, 0, 0, 0, 0, 0, 0, 0, 4, 0, 0, 0, 0, 0, 0, 0, 0, 0, 0, 0, 0, 0, 0]",1,128,116.0,468.0,1074152141,1074159367,1074159900,1074162396,0,202656,202656,-1,1,7226,2496,256,16,16,2
12,3,"[2, 116, 0, 0, 0, 0, 0, 0, 0, 0, 0, 0, 0, 0, 0, 2, 116, 0, 0, 0, 0, 0, 0, 0, 0, 0, 0, 0, 0, 0]",1,128,116.0,696.0,1074354869,1074364727,1074365052,1074367196,0,86015,86015,-1,1,9858,2144,256,16,16,2
12,3,"[2, 116, 0, 0, 0, 0, 0, 0, 0, 0, 0, 0, 0, 0, 0, 2, 116, 0, 0, 0, 0, 0, 0, 0, 0, 0, 0, 0, 0, 0]",1,128,116.0,696.0,1074444317,1074452679,1074453211,1074455259,0,79520,79520,-1,1,8362,2048,256,16,16,2
16,3,"[2, 116, 116, 1, 1, 0, 0, 0, 0, 0, 0, 0, 0, 0, 0, 4, 0, 0, 0, 0, 0, 0, 0, 0, 0, 0, 0, 0, 0, 0]",27,128,13456.0,53828.0,1074526498,1074534147,1074534779,1074537179,0,85984,85984,-1,1,7649,2400,256,16,16,2
12,3,"[2, 116, 116, 1, 1, 0, 0, 0, 0, 0, 0, 0, 0, 0, 0, 2, 116, 116, 1, 1, 0, 0, 0, 0, 0, 0, 0, 0, 0, 0]",27,128,13456.0,80736.0,1074616333,1074622625,1074623163,1074626299,0,59839,59839,-1,1,6292,3136,256,16,16,2
12,3,"[2, 116, 116, 1, 1, 0, 0, 0, 0, 0, 0, 0, 0, 0, 0, 2, 116, 116, 1, 1, 0, 0, 0, 0, 0, 0, 0, 0, 0, 0]",27,128,13456.0,80736.0,1074679093,1074685241,1074686138,1074688731,0,67103,67103,-1,1,6148,2593,256,16,16,2
16,3,"[2, 116, 0, 0, 0, 0, 0, 0, 0, 0, 0, 0, 0, 0, 0, 4, 0, 0, 0, 0, 0, 0, 0, 0, 0, 0, 0, 0, 0, 0]",1,128,116.0,468.0,1074748354,1074755079,1074755834,1074758298,0,61568,61568,-1,1,6725,2464,256,16,16,2
12,3,"[2, 116, 0, 0, 0, 0, 0, 0, 0, 0, 0, 0, 0, 0, 0, 2, 116, 0, 0, 0, 0, 0, 0, 0, 0, 0, 0, 0, 0, 0]",1,128,116.0,696.0,1074813238,1074819379,1074819866,1074822970,0,60288,60288,-1,1,6141,3104,256,16,16,2
12,3,"[2, 116, 0, 0, 0, 0, 0, 0, 0, 0, 0, 0, 0, 0, 0, 2, 116, 0, 0, 0, 0, 0, 0, 0, 0, 0, 0, 0, 0, 0]",1,128,116.0,696.0,1074876606,1074882446,1074883258,1074885338,0,61056,61056,-1,1,5840,2080,256,16,16,2
16,3,"[2, 116, 0, 0, 0, 0, 0, 0, 0, 0, 0, 0, 0, 0, 0, 4, 0, 0, 0, 0, 0, 0, 0, 0, 0, 0, 0, 0, 0, 0]",1,128,116.0,468.0,1074939032,1074945559,1074946394,1074948826,0,59392,59392,-1,1,6527,2432,256,16,16,2
12,3,"[2, 116, 0, 0, 0, 0, 0, 0, 0, 0, 0, 0, 0, 0, 0, 2, 116, 0, 0, 0, 0, 0, 0, 0, 0, 0, 0, 0, 0, 0]",1,128,116.0,696.0,1075001138,1075007374,1075008218,1075010266,0,59455,59455,-1,1,6236,2048,256,16,16,2
12,3,"[2, 116, 0, 0, 0, 0, 0, 0, 0, 0, 0, 0, 0, 0, 0, 2, 116, 0, 0, 0, 0, 0, 0, 0, 0, 0, 0, 0, 0, 0]",1,128,116.0,696.0,1075063509,1075069224,1075069721,1075072761,0,60608,60608,-1,1,5715,3040,256,16,16,2
16,3,"[2, 116, 1, 3, 3, 0, 0, 0, 0, 0, 0, 0, 0, 0, 0, 4, 0, 0, 0, 0, 0, 0, 0, 0, 0, 0, 0, 0, 0, 0]",3,128,1044.0,4180.0,1075126831,1075133161,1075133369,1075136409,0,68416,68416,-1,1,6330,3040,256,16,16,2
12,3,"[2, 116, 1, 3, 3, 0, 0, 0, 0, 0, 0, 0, 0, 0, 0, 2, 116, 1, 3, 3, 0, 0, 0, 0, 0, 0, 0, 0, 0, 0]",3,128,1044.0,6264.0,1075197730,1075204575,1075204825,1075208089,0,61920,61920,-1,1,6845,3264,256,16,16,2
12,3,"[2, 116, 1, 3, 3, 0, 0, 0, 0, 0, 0, 0, 0, 0, 0, 2, 116, 1, 3, 3, 0, 0, 0, 0, 0, 0, 0, 0, 0, 0]",3,128,1044.0,6264.0,1075262809,1075268943,1075270009,1075272409,0,60640,60640,-1,1,6134,2400,256,16,16,2
16,3,"[2, 116, 0, 0, 0, 0, 0, 0, 0, 0, 0, 0, 0, 0, 0, 4, 0, 0, 0, 0, 0, 0, 0, 0, 0, 0, 0, 0, 0, 0]",1,128,116.0,468.0,1075326137,1075332259,1075333049,1075335545,0,59744,59744,-1,1,6122,2496,256,16,16,2
12,3,"[2, 116, 0, 0, 0, 0, 0, 0, 0, 0, 0, 0, 0, 0, 0, 2, 116, 0, 0, 0, 0, 0, 0, 0, 0, 0, 0, 0, 0, 0]",1,128,116.0,696.0,1075389135,1075394965,1075395289,1075399032,0,59360,59360,-1,1,5830,3743,256,16,16,2
12,3,"[2, 116, 0, 0, 0, 0, 0, 0, 0, 0, 0, 0, 0, 0, 0, 2, 116, 0, 0, 0, 0, 0, 0, 0, 0, 0, 0, 0, 0, 0]",1,128,116.0,696.0,1075451392,1075457704,1075458392,1075460824,0,61440,61440,-1,1,6312,2432,256,16,16,2
16,3,"[2, 116, 0, 0, 0, 0, 0, 0, 0, 0, 0, 0, 0, 0, 0, 4, 0, 0, 0, 0, 0, 0, 0, 0, 0, 0, 0, 0, 0, 0]",1,128,116.0,468.0,1075515092,1075521521,1075522264,1075524312,0,67168,67168,-1,1,6429,2048,256,16,16,2
12,3,"[2, 116, 0, 0, 0, 0, 0, 0, 0, 0, 0, 0, 0, 0, 0, 2, 116, 0, 0, 0, 0, 0, 0, 0, 0, 0, 0, 0, 0, 0]",1,128,116.0,696.0,1075584089,1075590622,1075591480,1075593944,0,61184,61184,-1,1,6533,2464,256,16,16,2
12,3,"[2, 116, 0, 0, 0, 0, 0, 0, 0, 0, 0, 0, 0, 0, 0, 2, 116, 0, 0, 0, 0, 0, 0, 0, 0, 0, 0, 0, 0, 0]",1,128,116.0,696.0,1075648010,1075654112,1075655128,1075657432,0,62656,62656,-1,1,6102,2304,256,16,16,2
16,3,"[2, 116, 116, 1, 1, 0, 0, 0, 0, 0, 0, 0, 0, 0, 0, 4, 0, 0, 0, 0, 0, 0, 0, 0, 0, 0, 0, 0, 0, 0]",27,128,13456.0,53828.0,1075712753,1075719400,1075720088,1075722808,0,61567,61567,-1,1,6647,2720,256,16,16,2
12,3,"[2, 116, 116, 1, 1, 0, 0, 0, 0, 0, 0, 0, 0, 0, 0, 2, 116, 116, 1, 1, 0, 0, 0, 0, 0, 0, 0, 0, 0, 0]",27,128,13456.0,80736.0,1075777584,1075784014,1075784375,1075787607,0,68448,68448,-1,1,6430,3232,256,16,16,2
12,3,"[2, 116, 116, 1, 1, 0, 0, 0, 0, 0, 0, 0, 0, 0, 0, 2, 116, 116, 1, 1, 0, 0, 0, 0, 0, 0, 0, 0, 0, 0]",27,128,13456.0,80736.0,1075849059,1075855628,1075856055,1075858135,0,62976,62976,-1,1,6569,2080,256,16,16,2
16,3,"[2, 116, 0, 0, 0, 0, 0, 0, 0, 0, 0, 0, 0, 0, 0, 4, 0, 0, 0, 0, 0, 0, 0, 0, 0, 0, 0, 0, 0, 0]",1,128,116.0,468.0,1075913965,1075920290,1075921111,1075923575,0,66016,66016,-1,1,6325,2464,256,16,16,2
12,3,"[2, 116, 0, 0, 0, 0, 0, 0, 0, 0, 0, 0, 0, 0, 0, 2, 116, 0, 0, 0, 0, 0, 0, 0, 0, 0, 0, 0, 0, 0]",1,128,116.0,696.0,1075975712,1075990084,1075989591,1075992631,0,61759,61759,-1,1,14372,3040,256,16,16,2
12,3,"[2, 116, 0, 0, 0, 0, 0, 0, 0, 0, 0, 0, 0, 0, 0, 2, 116, 0, 0, 0, 0, 0, 0, 0, 0, 0, 0, 0, 0, 0]",1,128,116.0,696.0,1076047171,1076053264,1076054390,1076056791,0,62911,62911,-1,1,6093,2401,256,16,16,2
16,3,"[2, 116, 0, 0, 0, 0, 0, 0, 0, 0, 0, 0, 0, 0, 0, 4, 0, 0, 0, 0, 0, 0, 0, 0, 0, 0, 0, 0, 0, 0]",1,128,116.0,468.0,1076112432,1076118713,1076119702,1076122198,0,59488,59488,-1,1,6281,2496,256,16,16,2
12,3,"[2, 116, 0, 0, 0, 0, 0, 0, 0, 0, 0, 0, 0, 0, 0, 2, 116, 0, 0, 0, 0, 0, 0, 0, 0, 0, 0, 0, 0, 0]",1,128,116.0,696.0,1076175007,1076181293,1076181686,1076183766,0,59712,59712,-1,1,6286,2080,256,16,16,2
12,3,"[2, 116, 0, 0, 0, 0, 0, 0, 0, 0, 0, 0, 0, 0, 0, 2, 116, 0, 0, 0, 0, 0, 0, 0, 0, 0, 0, 0, 0, 0]",1,128,116.0,696.0,1076237230,1076243102,1076243478,1076246518,0,60160,60160,-1,1,5872,3040,256,16,16,2
16,3,"[2, 116, 116, 1, 1, 0, 0, 0, 0, 0, 0, 0, 0, 0, 0, 4, 0, 0, 0, 0, 0, 0, 0, 0, 0, 0, 0, 0, 0, 0]",27,128,13456.0,53828.0,1076300055,1076306511,1076306678,1076309910,0,62240,62240,-1,1,6456,3232,256,16,16,2
12,3,"[2, 116, 116, 1, 1, 0, 0, 0, 0, 0, 0, 0, 0, 0, 0, 2, 116, 116, 1, 1, 0, 0, 0, 0, 0, 0, 0, 0, 0, 0]",27,128,13456.0,80736.0,1076365716,1076371719,1076372150,1076375350,0,67711,67711,-1,1,6003,3200,256,16,16,2
12,3,"[2, 116, 116, 1, 1, 0, 0, 0, 0, 0, 0, 0, 0, 0, 0, 2, 116, 116, 1, 1, 0, 0, 0, 0, 0, 0, 0, 0, 0, 0]",27,128,13456.0,80736.0,1076435848,1076442155,1076443061,1076445558,0,60127,60127,-1,1,6307,2497,256,16,16,2
16,3,"[2, 116, 0, 0, 0, 0, 0, 0, 0, 0, 0, 0, 0, 0, 0, 4, 0, 0, 0, 0, 0, 0, 0, 0, 0, 0, 0, 0, 0, 0]",1,128,116.0,468.0,1076499206,1076505427,1076505685,1076509237,0,59296,59296,-1,1,6221,3552,256,16,16,2
12,3,"[2, 116, 0, 0, 0, 0, 0, 0, 0, 0, 0, 0, 0, 0, 0, 2, 116, 0, 0, 0, 0, 0, 0, 0, 0, 0, 0, 0, 0, 0]",1,128,116.0,696.0,1076560917,1076567341,1076568533,1076570837,0,58624,58624,-1,1,6424,2304,256,16,16,2
12,3,"[2, 116, 0, 0, 0, 0, 0, 0, 0, 0, 0, 0, 0, 0, 0, 2, 116, 0, 0, 0, 0, 0, 0, 0, 0, 0, 0, 0, 0, 0]",1,128,116.0,696.0,1076622573,1076628718,1076629461,1076631957,0,60800,60800,-1,1,6145,2496,256,16,16,2
16,3,"[2, 116, 0, 0, 0, 0, 0, 0, 0, 0, 0, 0, 0, 0, 0, 4, 0, 0, 0, 0, 0, 0, 0, 0, 0, 0, 0, 0, 0, 0]",1,128,116.0,468.0,1076685438,1076691924,1076692757,1076695253,0,59872,59872,-1,1,6486,2496,256,16,16,2
12,3,"[2, 116, 0, 0, 0, 0, 0, 0, 0, 0, 0, 0, 0, 0, 0, 2, 116, 0, 0, 0, 0, 0, 0, 0, 0, 0, 0, 0, 0, 0]",1,128,116.0,696.0,1076748392,1076754349,1076755125,1076757204,0,67264,67264,-1,1,5957,2079,256,16,16,2
12,3,"[2, 116, 0, 0, 0, 0, 0, 0, 0, 0, 0, 0, 0, 0, 0, 2, 116, 0, 0, 0, 0, 0, 0, 0, 0, 0, 0, 0, 0, 0]",1,128,116.0,696.0,1076816776,1076823621,1076824468,1076826836,0,63296,63296,-1,1,6845,2368,256,16,16,2
16,3,"[2, 116, 1, 3, 3, 0, 0, 0, 0, 0, 0, 0, 0, 0, 0, 4, 0, 0, 0, 0, 0, 0, 0, 0, 0, 0, 0, 0, 0, 0]",3,128,1044.0,4180.0,1076882712,1076889333,1076890132,1076892372,0,61056,61056,-1,1,6621,2240,256,16,16,2
12,3,"[2, 116, 1, 3, 3, 0, 0, 0, 0, 0, 0, 0, 0, 0, 0, 2, 116, 1, 3, 3, 0, 0, 0, 0, 0, 0, 0, 0, 0, 0]",3,128,1044.0,6264.0,1076945996,1076952529,1076953428,1076955860,0,61664,61664,-1,1,6533,2432,256,16,16,2
12,3,"[2, 116, 1, 3, 3, 0, 0, 0, 0, 0, 0, 0, 0, 0, 0, 2, 116, 1, 3, 3, 0, 0, 0, 0, 0, 0, 0, 0, 0, 0]",3,128,1044.0,6264.0,1077009237,1077016637,1077017524,1077020596,0,161791,161791,-1,1,7400,3072,256,16,16,2
16,3,"[2, 116, 0, 0, 0, 0, 0, 0, 0, 0, 0, 0, 0, 0, 0, 4, 0, 0, 0, 0, 0, 0, 0, 0, 0, 0, 0, 0, 0, 0]",1,128,116.0,468.0,1077173244,1077181819,1077182387,1077184851,0,79264,79264,-1,1,8575,2464,256,16,16,2
12,3,"[2, 116, 0, 0, 0, 0, 0, 0, 0, 0, 0, 0, 0, 0, 0, 2, 116, 0, 0, 0, 0, 0, 0, 0, 0, 0, 0, 0, 0, 0]",1,128,116.0,696.0,1077248402,1077263440,1077264115,1077266611,0,63936,63936,-1,1,15038,2496,256,16,16,2
12,3,"[2, 116, 0, 0, 0, 0, 0, 0, 0, 0, 0, 0, 0, 0, 0, 2, 116, 0, 0, 0, 0, 0, 0, 0, 0, 0, 0, 0, 0, 0]",1,128,116.0,696.0,1077323077,1077329473,1077330547,1077332691,0,61216,61216,-1,1,6396,2144,256,16,16,2
16,3,"[2, 116, 0, 0, 0, 0, 0, 0, 0, 0, 0, 0, 0, 0, 0, 4, 0, 0, 0, 0, 0, 0, 0, 0, 0, 0, 0, 0, 0, 0]",1,128,116.0,468.0,1077387104,1077393786,1077393907,1077396179,0,60735,60735,-1,1,6682,2272,256,16,16,2
12,3,"[2, 116, 0, 0, 0, 0, 0, 0, 0, 0, 0, 0, 0, 0, 0, 2, 116, 0, 0, 0, 0, 0, 0, 0, 0, 0, 0, 0, 0, 0]",1,128,116.0,696.0,1077449426,1077455733,1077456914,1077459378,0,59680,59680,-1,1,6307,2464,256,16,16,2
12,3,"[2, 116, 0, 0, 0, 0, 0, 0, 0, 0, 0, 0, 0, 0, 0, 2, 116, 0, 0, 0, 0, 0, 0, 0, 0, 0, 0, 0, 0, 0]",1,128,116.0,696.0,1077511859,1077518235,1077519058,1077521106,0,61344,61344,-1,1,6376,2048,256,16,16,2
16,3,"[2, 116, 116, 1, 1, 0, 0, 0, 0, 0, 0, 0, 0, 0, 0, 4, 0, 0, 0, 0, 0, 0, 0, 0, 0, 0, 0, 0, 0, 0]",27,128,13456.0,53828.0,1077575181,1077581692,1077582450,1077584594,0,59616,59616,-1,1,6511,2144,256,16,16,2
12,3,"[2, 116, 116, 1, 1, 0, 0, 0, 0, 0, 0, 0, 0, 0, 0, 2, 116, 116, 1, 1, 0, 0, 0, 0, 0, 0, 0, 0, 0, 0]",27,128,13456.0,80736.0,1077637844,1077643864,1077644210,1077647506,0,66080,66080,-1,1,6020,3296,256,16,16,2
12,3,"[2, 116, 116, 1, 1, 0, 0, 0, 0, 0, 0, 0, 0, 0, 0, 2, 116, 116, 1, 1, 0, 0, 0, 0, 0, 0, 0, 0, 0, 0]",27,128,13456.0,80736.0,1077706537,1077713140,1077713586,1077717138,0,59936,59936,-1,1,6603,3552,256,16,16,2
16,3,"[2, 116, 0, 0, 0, 0, 0, 0, 0, 0, 0, 0, 0, 0, 0, 4, 0, 0, 0, 0, 0, 0, 0, 0, 0, 0, 0, 0, 0, 0]",1,128,116.0,468.0,1077770366,1077776390,1077777074,1077779154,0,60575,60575,-1,1,6024,2080,256,16,16,2
12,3,"[2, 116, 0, 0, 0, 0, 0, 0, 0, 0, 0, 0, 0, 0, 0, 2, 116, 0, 0, 0, 0, 0, 0, 0, 0, 0, 0, 0, 0, 0]",1,128,116.0,696.0,1077832598,1077838752,1077839729,1077842225,0,59904,59904,-1,1,6154,2496,256,16,16,2
12,3,"[2, 116, 0, 0, 0, 0, 0, 0, 0, 0, 0, 0, 0, 0, 0, 2, 116, 0, 0, 0, 0, 0, 0, 0, 0, 0, 0, 0, 0, 0]",1,128,116.0,696.0,1077895886,1077901761,1077902129,1077905361,0,60352,60352,-1,1,5875,3232,256,16,16,2
16,3,"[2, 116, 0, 0, 0, 0, 0, 0, 0, 0, 0, 0, 0, 0, 0, 4, 0, 0, 0, 0, 0, 0, 0, 0, 0, 0, 0, 0, 0, 0]",1,128,116.0,468.0,1077959021,1077965306,1077965713,1077968785,0,59808,59808,-1,1,6285,3072,256,16,16,2
12,3,"[2, 116, 0, 0, 0, 0, 0, 0, 0, 0, 0, 0, 0, 0, 0, 2, 116, 0, 0, 0, 0, 0, 0, 0, 0, 0, 0, 0, 0, 0]",1,128,116.0,696.0,1078021206,1078028164,1078028593,1078031057,0,65376,65376,-1,1,6958,2464,256,16,16,2
12,3,"[2, 116, 0, 0, 0, 0, 0, 0, 0, 0, 0, 0, 0, 0, 0, 2, 116, 0, 0, 0, 0, 0, 0, 0, 0, 0, 0, 0, 0, 0]",1,128,116.0,696.0,1078089404,1078095564,1078096433,1078098641,0,61407,61407,-1,1,6160,2208,256,16,16,2
16,3,"[2, 116, 116, 1, 1, 0, 0, 0, 0, 0, 0, 0, 0, 0, 0, 4, 0, 0, 0, 0, 0, 0, 0, 0, 0, 0, 0, 0, 0, 0]",27,128,13456.0,53828.0,1078153587,1078159781,1078160048,1078163472,0,63584,63584,-1,1,6194,3424,256,16,16,2
12,3,"[2, 116, 116, 1, 1, 0, 0, 0, 0, 0, 0, 0, 0, 0, 0, 2, 116, 116, 1, 1, 0, 0, 0, 0, 0, 0, 0, 0, 0, 0]",27,128,13456.0,80736.0,1078218301,1078226253,1078227056,1078229712,0,92192,92192,-1,1,7952,2656,256,16,16,2
12,3,"[2, 116, 116, 1, 1, 0, 0, 0, 0, 0, 0, 0, 0, 0, 0, 2, 116, 116, 1, 1, 0, 0, 0, 0, 0, 0, 0, 0, 0, 0]",27,128,13456.0,80736.0,1078312757,1078321616,1078321904,1078324976,0,70592,70592,-1,1,8859,3072,256,16,16,2
16,3,"[2, 116, 0, 0, 0, 0, 0, 0, 0, 0, 0, 0, 0, 0, 0, 4, 0, 0, 0, 0, 0, 0, 0, 0, 0, 0, 0, 0, 0, 0]",1,128,116.0,468.0,1078388295,1078395420,1078395568,1078397648,0,63455,63455,-1,1,7125,2080,256,16,16,2
12,3,"[2, 116, 0, 0, 0, 0, 0, 0, 0, 0, 0, 0, 0, 0, 0, 2, 116, 0, 0, 0, 0, 0, 0, 0, 0, 0, 0, 0, 0, 0]",1,128,116.0,696.0,1078453798,1078460419,1078461103,1078463184,0,62751,62751,-1,1,6621,2081,256,16,16,2
12,3,"[2, 116, 0, 0, 0, 0, 0, 0, 0, 0, 0, 0, 0, 0, 0, 2, 116, 0, 0, 0, 0, 0, 0, 0, 0, 0, 0, 0, 0, 0]",1,128,116.0,696.0,1078518614,1078525035,1078525935,1078528431,0,71456,71456,-1,1,6421,2496,256,16,16,2
16,3,"[2, 116, 0, 0, 0, 0, 0, 0, 0, 0, 0, 0, 0, 0, 0, 4, 0, 0, 0, 0, 0, 0, 0, 0, 0, 0, 0, 0, 0, 0]",1,128,116.0,468.0,1078592392,1078599137,1078599887,1078602383,0,61696,61696,-1,1,6745,2496,256,16,16,2
12,3,"[2, 116, 0, 0, 0, 0, 0, 0, 0, 0, 0, 0, 0, 0, 0, 2, 116, 0, 0, 0, 0, 0, 0, 0, 0, 0, 0, 0, 0, 0]",1,128,116.0,696.0,1078657534,1078663835,1078664079,1078667311,0,61600,61600,-1,1,6301,3232,256,16,16,2
12,3,"[2, 116, 0, 0, 0, 0, 0, 0, 0, 0, 0, 0, 0, 0, 0, 2, 116, 0, 0, 0, 0, 0, 0, 0, 0, 0, 0, 0, 0, 0]",1,128,116.0,696.0,1078721903,1078728020,1078728911,1078731407,0,62816,62816,-1,1,6117,2496,256,16,16,2
16,3,"[2, 116, 1, 3, 3, 0, 0, 0, 0, 0, 0, 0, 0, 0, 0, 4, 0, 0, 0, 0, 0, 0, 0, 0, 0, 0, 0, 0, 0, 0]",3,128,1044.0,4180.0,1078786953,1078793420,1078794223,1078796687,0,63135,63135,-1,1,6467,2464,256,16,16,2
12,3,"[2, 116, 1, 3, 3, 0, 0, 0, 0, 0, 0, 0, 0, 0, 0, 2, 116, 1, 3, 3, 0, 0, 0, 0, 0, 0, 0, 0, 0, 0]",3,128,1044.0,6264.0,1078852621,1078858860,1078859822,1078862510,0,61344,61344,-1,1,6239,2688,256,16,16,2
12,3,"[2, 116, 1, 3, 3, 0, 0, 0, 0, 0, 0, 0, 0, 0, 0, 2, 116, 1, 3, 3, 0, 0, 0, 0, 0, 0, 0, 0, 0, 0]",3,128,1044.0,6264.0,1078916423,1078922880,1078923854,1078926030,0,67552,67552,-1,1,6457,2176,256,16,16,2
16,3,"[2, 116, 0, 0, 0, 0, 0, 0, 0, 0, 0, 0, 0, 0, 0, 4, 0, 0, 0, 0, 0, 0, 0, 0, 0, 0, 0, 0, 0, 0]",1,128,116.0,468.0,1078986203,1078993124,1078993582,1078995662,0,61504,61504,-1,1,6921,2080,256,16,16,2
12,3,"[2, 116, 0, 0, 0, 0, 0, 0, 0, 0, 0, 0, 0, 0, 0, 2, 116, 0, 0, 0, 0, 0, 0, 0, 0, 0, 0, 0, 0, 0]",1,128,116.0,696.0,1079050062,1079056789,1079057166,1079060206,0,58304,58304,-1,1,6727,3040,256,16,16,2
12,3,"[2, 116, 0, 0, 0, 0, 0, 0, 0, 0, 0, 0, 0, 0, 0, 2, 116, 0, 0, 0, 0, 0, 0, 0, 0, 0, 0, 0, 0, 0]",1,128,116.0,696.0,1079111518,1079117460,1079118510,1079120590,0,59391,59391,-1,1,5942,2080,256,16,16,2
16,3,"[2, 116, 0, 0, 0, 0, 0, 0, 0, 0, 0, 0, 0, 0, 0, 4, 0, 0, 0, 0, 0, 0, 0, 0, 0, 0, 0, 0, 0, 0]",1,128,116.0,468.0,1079173805,1079179703,1079179981,1079183246,0,60223,60223,-1,1,5898,3265,256,16,16,2
12,3,"[2, 116, 0, 0, 0, 0, 0, 0, 0, 0, 0, 0, 0, 0, 0, 2, 116, 0, 0, 0, 0, 0, 0, 0, 0, 0, 0, 0, 0, 0]",1,128,116.0,696.0,1079237123,1079243036,1079243469,1079245517,0,61632,61632,-1,1,5913,2048,256,16,16,2
12,3,"[2, 116, 0, 0, 0, 0, 0, 0, 0, 0, 0, 0, 0, 0, 0, 2, 116, 0, 0, 0, 0, 0, 0, 0, 0, 0, 0, 0, 0, 0]",1,128,116.0,696.0,1079300377,1079306740,1079307149,1079310157,0,66400,66400,-1,1,6363,3008,256,16,16,2
16,3,"[2, 116, 116, 1, 1, 0, 0, 0, 0, 0, 0, 0, 0, 0, 0, 4, 0, 0, 0, 0, 0, 0, 0, 0, 0, 0, 0, 0, 0, 0]",27,128,13456.0,53828.0,1079369697,1079375962,1079376557,1079379789,0,67456,67456,-1,1,6265,3232,256,16,16,2
12,3,"[2, 116, 116, 1, 1, 0, 0, 0, 0, 0, 0, 0, 0, 0, 0, 2, 116, 116, 1, 1, 0, 0, 0, 0, 0, 0, 0, 0, 0, 0]",27,128,13456.0,80736.0,1079438984,1079446024,1079447245,1079449933,0,63839,63839,-1,1,7040,2688,256,16,16,2
12,3,"[2, 116, 116, 1, 1, 0, 0, 0, 0, 0, 0, 0, 0, 0, 0, 2, 116, 116, 1, 1, 0, 0, 0, 0, 0, 0, 0, 0, 0, 0]",27,128,13456.0,80736.0,1079507026,1079513159,1079513772,1079515853,0,61407,61407,-1,1,6133,2081,256,16,16,2
16,3,"[2, 116, 0, 0, 0, 0, 0, 0, 0, 0, 0, 0, 0, 0, 0, 4, 0, 0, 0, 0, 0, 0, 0, 0, 0, 0, 0, 0, 0, 0]",1,128,116.0,468.0,1079569898,1079576685,1079577260,1079579340,0,61408,61408,-1,1,6787,2080,256,16,16,2
12,3,"[2, 116, 0, 0, 0, 0, 0, 0, 0, 0, 0, 0, 0, 0, 0, 2, 116, 0, 0, 0, 0, 0, 0, 0, 0, 0, 0, 0, 0, 0]",1,128,116.0,696.0,1079634392,1079640713,1079640748,1079644364,0,59520,59520,-1,1,6321,3616,256,16,16,2
12,3,"[2, 116, 0, 0, 0, 0, 0, 0, 0, 0, 0, 0, 0, 0, 0, 2, 116, 0, 0, 0, 0, 0, 0, 0, 0, 0, 0, 0, 0, 0]",1,128,116.0,696.0,1079696400,1079702718,1079703884,1079706316,0,61152,61152,-1,1,6318,2432,256,16,16,2
16,3,"[2, 116, 0, 0, 0, 0, 0, 0, 0, 0, 0, 0, 0, 0, 0, 4, 0, 0, 0, 0, 0, 0, 0, 0, 0, 0, 0, 0, 0, 0]",1,128,116.0,468.0,1079759661,1079766607,1079767468,1079769804,0,77792,77792,-1,1,6946,2336,256,16,16,2
12,3,"[2, 116, 0, 0, 0, 0, 0, 0, 0, 0, 0, 0, 0, 0, 0, 2, 116, 0, 0, 0, 0, 0, 0, 0, 0, 0, 0, 0, 0, 0]",1,128,116.0,696.0,1079839273,1079847175,1079847596,1079849675,0,163808,163808,-1,1,7902,2079,256,16,16,2
12,3,"[2, 116, 0, 0, 0, 0, 0, 0, 0, 0, 0, 0, 0, 0, 0, 2, 116, 0, 0, 0, 0, 0, 0, 0, 0, 0, 0, 0, 0, 0]",1,128,116.0,696.0,1080004503,1080013006,1080013483,1080015563,0,72768,72768,-1,1,8503,2080,256,16,16,2
16,3,"[2, 232, 1, 3, 3, 0, 0, 0, 0, 0, 0, 0, 0, 0, 0, 4, 0, 0, 0, 0, 0, 0, 0, 0, 0, 0, 0, 0, 0, 0]",5,128,2088.0,8356.0,1080080243,1080087402,1080088331,1080090795,0,62144,62144,-1,1,7159,2464,256,16,16,2
12,3,"[2, 232, 1, 3, 3, 0, 0, 0, 0, 0, 0, 0, 0, 0, 0, 2, 232, 1, 3, 3, 0, 0, 0, 0, 0, 0, 0, 0, 0, 0]",5,128,2088.0,12528.0,1080146345,1080152788,1080152939,1080156427,0,59968,59968,-1,1,6443,3488,256,16,16,2
12,3,"[2, 232, 1, 3, 3, 0, 0, 0, 0, 0, 0, 0, 0, 0, 0, 2, 232, 1, 3, 3, 0, 0, 0, 0, 0, 0, 0, 0, 0, 0]",5,128,2088.0,12528.0,1080209014,1080216037,1080216395,1080219563,0,67775,67775,-1,1,7023,3168,256,16,16,2
16,3,"[2, 232, 0, 0, 0, 0, 0, 0, 0, 0, 0, 0, 0, 0, 0, 4, 0, 0, 0, 0, 0, 0, 0, 0, 0, 0, 0, 0, 0, 0]",1,128,232.0,932.0,1080279708,1080286492,1080287338,1080289802,0,60672,60672,-1,1,6784,2464,256,16,16,2
12,3,"[2, 232, 0, 0, 0, 0, 0, 0, 0, 0, 0, 0, 0, 0, 0, 2, 232, 0, 0, 0, 0, 0, 0, 0, 0, 0, 0, 0, 0, 0]",1,128,232.0,1392.0,1080343154,1080349585,1080350474,1080352970,0,60000,60000,-1,1,6431,2496,256,16,16,2
12,3,"[2, 232, 0, 0, 0, 0, 0, 0, 0, 0, 0, 0, 0, 0, 0, 2, 232, 0, 0, 0, 0, 0, 0, 0, 0, 0, 0, 0, 0, 0]",1,128,232.0,1392.0,1080406374,1080412617,1080412970,1080416042,0,60288,60288,-1,1,6243,3072,256,16,16,2
16,3,"[2, 232, 0, 0, 0, 0, 0, 0, 0, 0, 0, 0, 0, 0, 0, 4, 0, 0, 0, 0, 0, 0, 0, 0, 0, 0, 0, 0, 0, 0]",1,128,232.0,932.0,1080469228,1080475992,1080476330,1080478410,0,60959,60959,-1,1,6764,2080,256,16,16,2
12,3,"[2, 232, 0, 0, 0, 0, 0, 0, 0, 0, 0, 0, 0, 0, 0, 2, 232, 0, 0, 0, 0, 0, 0, 0, 0, 0, 0, 0, 0, 0]",1,128,232.0,1392.0,1080532161,1080538464,1080539369,1080541898,0,59679,59679,-1,1,6303,2529,256,16,16,2
12,3,"[2, 232, 0, 0, 0, 0, 0, 0, 0, 0, 0, 0, 0, 0, 0, 2, 232, 0, 0, 0, 0, 0, 0, 0, 0, 0, 0, 0, 0, 0]",1,128,232.0,1392.0,1080595112,1080601206,1080601577,1080604681,0,72384,72384,-1,1,6094,3104,256,16,16,2
16,3,"[2, 232, 232, 1, 1, 0, 0, 0, 0, 0, 0, 0, 0, 0, 0, 4, 0, 0, 0, 0, 0, 0, 0, 0, 0, 0, 0, 0, 0, 0]",106,128,53824.0,215300.0,1080669417,1080676413,1080677065,1080680265,0,65696,65696,-1,1,6996,3200,256,16,16,2
12,3,"[2, 232, 232, 1, 1, 0, 0, 0, 0, 0, 0, 0, 0, 0, 0, 2, 232, 232, 1, 1, 0, 0, 0, 0, 0, 0, 0, 0, 0, 0]",106,128,53824.0,322944.0,1080738184,1080745131,1080745961,1080748745,0,62560,62560,-1,1,6947,2784,256,16,16,2
12,3,"[2, 232, 232, 1, 1, 0, 0, 0, 0, 0, 0, 0, 0, 0, 0, 2, 232, 232, 1, 1, 0, 0, 0, 0, 0, 0, 0, 0, 0, 0]",106,128,53824.0,322944.0,1080803891,1080809997,1080811305,1080814121,0,61696,61696,-1,1,6106,2816,256,16,16,2
16,3,"[2, 232, 0, 0, 0, 0, 0, 0, 0, 0, 0, 0, 0, 0, 0, 4, 0, 0, 0, 0, 0, 0, 0, 0, 0, 0, 0, 0, 0, 0]",1,128,232.0,932.0,1080869454,1080875528,1080875817,1080878792,0,62784,62784,-1,1,6074,2975,256,16,16,2
12,3,"[2, 232, 0, 0, 0, 0, 0, 0, 0, 0, 0, 0, 0, 0, 0, 2, 232, 0, 0, 0, 0, 0, 0, 0, 0, 0, 0, 0, 0, 0]",1,128,232.0,1392.0,1080935054,1080941052,1080941576,1080944616,0,60320,60320,-1,1,5998,3040,256,16,16,2
12,3,"[2, 232, 0, 0, 0, 0, 0, 0, 0, 0, 0, 0, 0, 0, 0, 2, 232, 0, 0, 0, 0, 0, 0, 0, 0, 0, 0, 0, 0, 0]",1,128,232.0,1392.0,1080998589,1081004764,1081004936,1081008616,0,59488,59488,-1,1,6175,3680,256,16,16,2
16,3,"[2, 232, 0, 0, 0, 0, 0, 0, 0, 0, 0, 0, 0, 0, 0, 4, 0, 0, 0, 0, 0, 0, 0, 0, 0, 0, 0, 0, 0, 0]",1,128,232.0,932.0,1081060648,1081066989,1081068104,1081070280,0,67200,67200,-1,1,6341,2176,256,16,16,2
12,3,"[2, 232, 0, 0, 0, 0, 0, 0, 0, 0, 0, 0, 0, 0, 0, 2, 232, 0, 0, 0, 0, 0, 0, 0, 0, 0, 0, 0, 0, 0]",1,128,232.0,1392.0,1081129509,1081136611,1081137480,1081139912,0,60672,60672,-1,1,7102,2432,256,16,16,2
12,3,"[2, 232, 0, 0, 0, 0, 0, 0, 0, 0, 0, 0, 0, 0, 0, 2, 232, 0, 0, 0, 0, 0, 0, 0, 0, 0, 0, 0, 0, 0]",1,128,232.0,1392.0,1081193694,1081199441,1081200584,1081203112,0,63135,63135,-1,1,5747,2528,256,16,16,2
16,3,"[2, 232, 232, 1, 1, 0, 0, 0, 0, 0, 0, 0, 0, 0, 0, 4, 0, 0, 0, 0, 0, 0, 0, 0, 0, 0, 0, 0, 0, 0]",106,128,53824.0,215300.0,1081257935,1081265238,1081266247,1081268935,0,61600,61600,-1,1,7303,2688,256,16,16,2
12,3,"[2, 232, 232, 1, 1, 0, 0, 0, 0, 0, 0, 0, 0, 0, 0, 2, 232, 232, 1, 1, 0, 0, 0, 0, 0, 0, 0, 0, 0, 0]",106,128,53824.0,322944.0,1081324307,1081330236,1081330535,1081334183,0,59648,59648,-1,1,5929,3648,256,16,16,2
12,3,"[2, 232, 232, 1, 1, 0, 0, 0, 0, 0, 0, 0, 0, 0, 0, 2, 232, 232, 1, 1, 0, 0, 0, 0, 0, 0, 0, 0, 0, 0]",106,128,53824.0,322944.0,1081387314,1081393395,1081393831,1081397287,0,58304,58304,-1,1,6081,3456,256,16,16,2
16,3,"[2, 232, 0, 0, 0, 0, 0, 0, 0, 0, 0, 0, 0, 0, 0, 4, 0, 0, 0, 0, 0, 0, 0, 0, 0, 0, 0, 0, 0, 0]",1,128,232.0,932.0,1081449122,1081455522,1081455591,1081458727,0,67840,67840,-1,1,6400,3136,256,16,16,2
12,3,"[2, 232, 0, 0, 0, 0, 0, 0, 0, 0, 0, 0, 0, 0, 0, 2, 232, 0, 0, 0, 0, 0, 0, 0, 0, 0, 0, 0, 0, 0]",1,128,232.0,1392.0,1081519418,1081525626,1081526567,1081529031,0,59488,59488,-1,1,6208,2464,256,16,16,2
12,3,"[2, 232, 0, 0, 0, 0, 0, 0, 0, 0, 0, 0, 0, 0, 0, 2, 232, 0, 0, 0, 0, 0, 0, 0, 0, 0, 0, 0, 0, 0]",1,128,232.0,1392.0,1081582338,1081588045,1081588519,1081591591,0,59871,59871,-1,1,5707,3072,256,16,16,2
16,3,"[2, 232, 0, 0, 0, 0, 0, 0, 0, 0, 0, 0, 0, 0, 0, 4, 0, 0, 0, 0, 0, 0, 0, 0, 0, 0, 0, 0, 0, 0]",1,128,232.0,932.0,1081643405,1081650008,1081651462,1081653894,0,61056,61056,-1,1,6603,2432,256,16,16,2
12,3,"[2, 232, 0, 0, 0, 0, 0, 0, 0, 0, 0, 0, 0, 0, 0, 2, 232, 0, 0, 0, 0, 0, 0, 0, 0, 0, 0, 0, 0, 0]",1,128,232.0,1392.0,1081707217,1081714081,1081714950,1081717446,0,58656,58656,-1,1,6864,2496,256,16,16,2
12,3,"[2, 232, 0, 0, 0, 0, 0, 0, 0, 0, 0, 0, 0, 0, 0, 2, 232, 0, 0, 0, 0, 0, 0, 0, 0, 0, 0, 0, 0, 0]",1,128,232.0,1392.0,1081768881,1081775042,1081776102,1081778726,0,61792,61792,-1,1,6161,2624,256,16,16,2
16,3,"[2, 232, 1, 3, 3, 0, 0, 0, 0, 0, 0, 0, 0, 0, 0, 4, 0, 0, 0, 0, 0, 0, 0, 0, 0, 0, 0, 0, 0, 0]",5,128,2088.0,8356.0,1081833259,1081840369,1081840518,1081843526,0,66431,66431,-1,1,7110,3008,256,16,16,2
12,3,"[2, 232, 1, 3, 3, 0, 0, 0, 0, 0, 0, 0, 0, 0, 0, 2, 232, 1, 3, 3, 0, 0, 0, 0, 0, 0, 0, 0, 0, 0]",5,128,2088.0,12528.0,1081902799,1081909388,1081909957,1081912006,0,63487,63487,-1,1,6589,2049,256,16,16,2
12,3,"[2, 232, 1, 3, 3, 0, 0, 0, 0, 0, 0, 0, 0, 0, 0, 2, 232, 1, 3, 3, 0, 0, 0, 0, 0, 0, 0, 0, 0, 0]",5,128,2088.0,12528.0,1081968215,1081974618,1081975493,1081977541,0,60800,60800,-1,1,6403,2048,256,16,16,2
16,3,"[2, 232, 0, 0, 0, 0, 0, 0, 0, 0, 0, 0, 0, 0, 0, 4, 0, 0, 0, 0, 0, 0, 0, 0, 0, 0, 0, 0, 0, 0]",1,128,232.0,932.0,1082031078,1082037339,1082038341,1082040837,0,59264,59264,-1,1,6261,2496,256,16,16,2
12,3,"[2, 232, 0, 0, 0, 0, 0, 0, 0, 0, 0, 0, 0, 0, 0, 2, 232, 0, 0, 0, 0, 0, 0, 0, 0, 0, 0, 0, 0, 0]",1,128,232.0,1392.0,1082092972,1082098968,1082100101,1082102469,0,59488,59488,-1,1,5996,2368,256,16,16,2
12,3,"[2, 232, 0, 0, 0, 0, 0, 0, 0, 0, 0, 0, 0, 0, 0, 2, 232, 0, 0, 0, 0, 0, 0, 0, 0, 0, 0, 0, 0, 0]",1,128,232.0,1392.0,1082154958,1082161282,1082161957,1082165029,0,59872,59872,-1,1,6324,3072,256,16,16,2
16,3,"[2, 232, 0, 0, 0, 0, 0, 0, 0, 0, 0, 0, 0, 0, 0, 4, 0, 0, 0, 0, 0, 0, 0, 0, 0, 0, 0, 0, 0, 0]",1,128,232.0,932.0,1082217896,1082224114,1082224901,1082227397,0,59328,59328,-1,1,6218,2496,256,16,16,2
12,3,"[2, 232, 0, 0, 0, 0, 0, 0, 0, 0, 0, 0, 0, 0, 0, 2, 232, 0, 0, 0, 0, 0, 0, 0, 0, 0, 0, 0, 0, 0]",1,128,232.0,1392.0,1082279593,1082285846,1082286725,1082288837,0,66975,66975,-1,1,6253,2112,256,16,16,2
12,3,"[2, 232, 0, 0, 0, 0, 0, 0, 0, 0, 0, 0, 0, 0, 0, 2, 232, 0, 0, 0, 0, 0, 0, 0, 0, 0, 0, 0, 0, 0]",1,128,232.0,1392.0,1082348882,1082354973,1082355812,1082358340,0,61536,61536,-1,1,6091,2528,256,16,16,2
16,3,"[2, 232, 232, 1, 1, 0, 0, 0, 0, 0, 0, 0, 0, 0, 0, 4, 0, 0, 0, 0, 0, 0, 0, 0, 0, 0, 0, 0, 0, 0]",106,128,53824.0,215300.0,1082413082,1082419530,1082419876,1082423716,0,59968,59968,-1,1,6448,3840,256,16,16,2
12,3,"[2, 232, 232, 1, 1, 0, 0, 0, 0, 0, 0, 0, 0, 0, 0, 2, 232, 232, 1, 1, 0, 0, 0, 0, 0, 0, 0, 0, 0, 0]",106,128,53824.0,322944.0,1082476890,1082483424,1082483684,1082487236,0,61536,61536,-1,1,6534,3552,256,16,16,2
12,3,"[2, 232, 232, 1, 1, 0, 0, 0, 0, 0, 0, 0, 0, 0, 0, 2, 232, 232, 1, 1, 0, 0, 0, 0, 0, 0, 0, 0, 0, 0]",106,128,53824.0,322944.0,1082541875,1082547675,1082548772,1082550980,0,59360,59360,-1,1,5800,2208,256,16,16,2
16,3,"[2, 232, 0, 0, 0, 0, 0, 0, 0, 0, 0, 0, 0, 0, 0, 4, 0, 0, 0, 0, 0, 0, 0, 0, 0, 0, 0, 0, 0, 0]",1,128,232.0,932.0,1082603489,1082609784,1082610340,1082612419,0,172320,172320,-1,1,6295,2079,256,16,16,2
12,3,"[2, 232, 0, 0, 0, 0, 0, 0, 0, 0, 0, 0, 0, 0, 0, 2, 232, 0, 0, 0, 0, 0, 0, 0, 0, 0, 0, 0, 0, 0]",1,128,232.0,1392.0,1082775755,1082784768,1082784739,1082787779,0,71488,71488,-1,1,9013,3040,256,16,16,2
12,3,"[2, 232, 0, 0, 0, 0, 0, 0, 0, 0, 0, 0, 0, 0, 0, 2, 232, 0, 0, 0, 0, 0, 0, 0, 0, 0, 0, 0, 0, 0]",1,128,232.0,1392.0,1082851263,1082858425,1082859267,1082861763,0,65120,65120,-1,1,7162,2496,256,16,16,2
16,3,"[2, 232, 0, 0, 0, 0, 0, 0, 0, 0, 0, 0, 0, 0, 0, 4, 0, 0, 0, 0, 0, 0, 0, 0, 0, 0, 0, 0, 0, 0]",1,128,232.0,932.0,1082919430,1082926171,1082926883,1082929379,0,60287,60287,-1,1,6741,2496,256,16,16,2
12,3,"[2, 232, 0, 0, 0, 0, 0, 0, 0, 0, 0, 0, 0, 0, 0, 2, 232, 0, 0, 0, 0, 0, 0, 0, 0, 0, 0, 0, 0, 0]",1,128,232.0,1392.0,1082983341,1082989365,1082989666,1082992706,0,59936,59936,-1,1,6024,3040,256,16,16,2
12,3,"[2, 232, 0, 0, 0, 0, 0, 0, 0, 0, 0, 0, 0, 0, 0, 2, 232, 0, 0, 0, 0, 0, 0, 0, 0, 0, 0, 0, 0, 0]",1,128,232.0,1392.0,1083045495,1083051653,1083052642,1083054786,0,61440,61440,-1,1,6158,2144,256,16,16,2
16,3,"[2, 232, 232, 1, 1, 0, 0, 0, 0, 0, 0, 0, 0, 0, 0, 4, 0, 0, 0, 0, 0, 0, 0, 0, 0, 0, 0, 0, 0, 0]",106,128,53824.0,215300.0,1083109116,1083115714,1083116226,1083119586,0,67424,67424,-1,1,6598,3360,256,16,16,2
12,3,"[2, 232, 232, 1, 1, 0, 0, 0, 0, 0, 0, 0, 0, 0, 0, 2, 232, 232, 1, 1, 0, 0, 0, 0, 0, 0, 0, 0, 0, 0]",106,128,53824.0,322944.0,1083179545,1083186080,1083187010,1083189890,0,60864,60864,-1,1,6535,2880,256,16,16,2
12,3,"[2, 232, 232, 1, 1, 0, 0, 0, 0, 0, 0, 0, 0, 0, 0, 2, 232, 232, 1, 1, 0, 0, 0, 0, 0, 0, 0, 0, 0, 0]",106,128,53824.0,322944.0,1083243755,1083249741,1083250754,1083253442,0,60736,60736,-1,1,5986,2688,256,16,16,2
16,3,"[2, 232, 0, 0, 0, 0, 0, 0, 0, 0, 0, 0, 0, 0, 0, 4, 0, 0, 0, 0, 0, 0, 0, 0, 0, 0, 0, 0, 0, 0]",1,128,232.0,932.0,1083306390,1083313340,1083314178,1083316641,0,60096,60096,-1,1,6950,2463,256,16,16,2
12,3,"[2, 232, 0, 0, 0, 0, 0, 0, 0, 0, 0, 0, 0, 0, 0, 2, 232, 0, 0, 0, 0, 0, 0, 0, 0, 0, 0, 0, 0, 0]",1,128,232.0,1392.0,1083369484,1083376411,1083376737,1083379809,0,75616,75616,-1,1,6927,3072,256,16,16,2
12,3,"[2, 232, 0, 0, 0, 0, 0, 0, 0, 0, 0, 0, 0, 0, 0, 2, 232, 0, 0, 0, 0, 0, 0, 0, 0, 0, 0, 0, 0, 0]",1,128,232.0,1392.0,1083445061,1083454756,1083455425,1083457889,0,103872,103872,-1,1,9695,2464,256,16,16,2
16,3,"[2, 232, 0, 0, 0, 0, 0, 0, 0, 0, 0, 0, 0, 0, 0, 4, 0, 0, 0, 0, 0, 0, 0, 0, 0, 0, 0, 0, 0, 0]",1,128,232.0,932.0,1083550265,1083561308,1083561761,1083564193,0,80511,80511,-1,1,11043,2432,256,16,16,2
12,3,"[2, 232, 0, 0, 0, 0, 0, 0, 0, 0, 0, 0, 0, 0, 0, 2, 232, 0, 0, 0, 0, 0, 0, 0, 0, 0, 0, 0, 0, 0]",1,128,232.0,1392.0,1083634736,1083644587,1083644704,1083647776,0,76672,76672,-1,1,9851,3072,256,16,16,2
12,3,"[2, 232, 0, 0, 0, 0, 0, 0, 0, 0, 0, 0, 0, 0, 0, 2, 232, 0, 0, 0, 0, 0, 0, 0, 0, 0, 0, 0, 0, 0]",1,128,232.0,1392.0,1083715169,1083723389,1083724448,1083726528,0,73728,73728,-1,1,8220,2080,256,16,16,2
16,3,"[2, 232, 1, 3, 3, 0, 0, 0, 0, 0, 0, 0, 0, 0, 0, 4, 0, 0, 0, 0, 0, 0, 0, 0, 0, 0, 0, 0, 0, 0]",5,128,2088.0,8356.0,1083787819,1083800223,1083800256,1083803648,0,65760,65760,-1,1,12404,3392,256,16,16,2
12,3,"[2, 232, 1, 3, 3, 0, 0, 0, 0, 0, 0, 0, 0, 0, 0, 2, 232, 1, 3, 3, 0, 0, 0, 0, 0, 0, 0, 0, 0, 0]",5,128,2088.0,12528.0,1083861923,1083868426,1083869408,1083871936,0,63456,63456,-1,1,6503,2528,256,16,16,2
12,3,"[2, 232, 1, 3, 3, 0, 0, 0, 0, 0, 0, 0, 0, 0, 0, 2, 232, 1, 3, 3, 0, 0, 0, 0, 0, 0, 0, 0, 0, 0]",5,128,2088.0,12528.0,1083928839,1083934838,1083935392,1083937472,0,62720,62720,-1,1,5999,2080,256,16,16,2
16,3,"[2, 232, 0, 0, 0, 0, 0, 0, 0, 0, 0, 0, 0, 0, 0, 4, 0, 0, 0, 0, 0, 0, 0, 0, 0, 0, 0, 0, 0, 0]",1,128,232.0,932.0,1083993183,1083999471,1084000192,1084003007,0,73120,73120,-1,1,6288,2815,256,16,16,2
12,3,"[2, 232, 0, 0, 0, 0, 0, 0, 0, 0, 0, 0, 0, 0, 0, 2, 232, 0, 0, 0, 0, 0, 0, 0, 0, 0, 0, 0, 0, 0]",1,128,232.0,1392.0,1084065612,1084075818,1084076127,1084078687,0,108800,108800,-1,1,10206,2560,256,16,16,2
12,3,"[2, 232, 0, 0, 0, 0, 0, 0, 0, 0, 0, 0, 0, 0, 0, 2, 232, 0, 0, 0, 0, 0, 0, 0, 0, 0, 0, 0, 0, 0]",1,128,232.0,1392.0,1084176263,1084188197,1084187487,1084190687,0,105183,105183,-1,1,11934,3200,256,16,16,2
16,3,"[2, 232, 0, 0, 0, 0, 0, 0, 0, 0, 0, 0, 0, 0, 0, 4, 0, 0, 0, 0, 0, 0, 0, 0, 0, 0, 0, 0, 0, 0]",1,128,232.0,932.0,1084284702,1084295852,1084295870,1084297919,0,106111,106111,-1,1,11150,2049,256,16,16,2
12,3,"[2, 232, 0, 0, 0, 0, 0, 0, 0, 0, 0, 0, 0, 0, 0, 2, 232, 0, 0, 0, 0, 0, 0, 0, 0, 0, 0, 0, 0, 0]",1,128,232.0,1392.0,1084392532,1084403744,1084404030,1084406462,0,77344,77344,-1,1,11212,2432,256,16,16,2
12,3,"[2, 232, 0, 0, 0, 0, 0, 0, 0, 0, 0, 0, 0, 0, 0, 2, 232, 0, 0, 0, 0, 0, 0, 0, 0, 0, 0, 0, 0, 0]",1,128,232.0,1392.0,1084473567,1084482969,1084483806,1084486302,0,98624,98624,-1,1,9402,2496,256,16,16,2
16,3,"[2, 232, 232, 1, 1, 0, 0, 0, 0, 0, 0, 0, 0, 0, 0, 4, 0, 0, 0, 0, 0, 0, 0, 0, 0, 0, 0, 0, 0, 0]",106,128,53824.0,215300.0,1084574097,1084585100,1084584926,1084588158,0,73759,73759,-1,1,11003,3232,256,16,16,2
12,3,"[2, 232, 232, 1, 1, 0, 0, 0, 0, 0, 0, 0, 0, 0, 0, 2, 232, 232, 1, 1, 0, 0, 0, 0, 0, 0, 0, 0, 0, 0]",106,128,53824.0,322944.0,1084653378,1084661271,1084661917,1084664509,0,73696,73696,-1,1,7893,2592,256,16,16,2
12,3,"[2, 232, 232, 1, 1, 0, 0, 0, 0, 0, 0, 0, 0, 0, 0, 2, 232, 232, 1, 1, 0, 0, 0, 0, 0, 0, 0, 0, 0, 0]",106,128,53824.0,322944.0,1084721762,1084737536,1084738205,1084741853,0,67872,67872,-1,1,15774,3648,256,16,16,2
16,3,"[2, 232, 0, 0, 0, 0, 0, 0, 0, 0, 0, 0, 0, 0, 0, 4, 0, 0, 0, 0, 0, 0, 0, 0, 0, 0, 0, 0, 0, 0]",1,128,232.0,932.0,1084800348,1084809107,1084809725,1084811965,0,65024,65024,-1,1,8759,2240,256,16,16,2
12,3,"[2, 232, 0, 0, 0, 0, 0, 0, 0, 0, 0, 0, 0, 0, 0, 2, 232, 0, 0, 0, 0, 0, 0, 0, 0, 0, 0, 0, 0, 0]",1,128,232.0,1392.0,1084869258,1084876007,1084876989,1084879453,0,64640,64640,-1,1,6749,2464,256,16,16,2
12,3,"[2, 232, 0, 0, 0, 0, 0, 0, 0, 0, 0, 0, 0, 0, 0, 2, 232, 0, 0, 0, 0, 0, 0, 0, 0, 0, 0, 0, 0, 0]",1,128,232.0,1392.0,1084936226,1084943038,1084944093,1084946589,0,63936,63936,-1,1,6812,2496,256,16,16,2
16,3,"[2, 232, 0, 0, 0, 0, 0, 0, 0, 0, 0, 0, 0, 0, 0, 4, 0, 0, 0, 0, 0, 0, 0, 0, 0, 0, 0, 0, 0, 0]",1,128,232.0,932.0,1085003092,1085009634,1085010525,1085012669,0,60639,60639,-1,1,6542,2144,256,16,16,2
12,3,"[2, 232, 0, 0, 0, 0, 0, 0, 0, 0, 0, 0, 0, 0, 0, 2, 232, 0, 0, 0, 0, 0, 0, 0, 0, 0, 0, 0, 0, 0]",1,128,232.0,1392.0,1085065909,1085072425,1085073308,1085075804,0,59712,59712,-1,1,6516,2496,256,16,16,2
12,3,"[2, 232, 0, 0, 0, 0, 0, 0, 0, 0, 0, 0, 0, 0, 0, 2, 232, 0, 0, 0, 0, 0, 0, 0, 0, 0, 0, 0, 0, 0]",1,128,232.0,1392.0,1085128919,1085134874,1085135516,1085137596,0,69600,69600,-1,1,5955,2080,256,16,16,2
16,3,"[2, 232, 232, 1, 1, 0, 0, 0, 0, 0, 0, 0, 0, 0, 0, 4, 0, 0, 0, 0, 0, 0, 0, 0, 0, 0, 0, 0, 0, 0]",106,128,53824.0,215300.0,1085200121,1085206881,1085207196,1085210940,0,61792,61792,-1,1,6760,3744,256,16,16,2
12,3,"[2, 232, 232, 1, 1, 0, 0, 0, 0, 0, 0, 0, 0, 0, 0, 2, 232, 232, 1, 1, 0, 0, 0, 0, 0, 0, 0, 0, 0, 0]",106,128,53824.0,322944.0,1085265289,1085272816,1085272732,1085276156,0,62112,62112,-1,1,7527,3424,256,16,16,2
12,3,"[2, 232, 232, 1, 1, 0, 0, 0, 0, 0, 0, 0, 0, 0, 0, 2, 232, 232, 1, 1, 0, 0, 0, 0, 0, 0, 0, 0, 0, 0]",106,128,53824.0,322944.0,1085331475,1085337751,1085338268,1085341563,0,60224,60224,-1,1,6276,3295,256,16,16,2
16,3,"[2, 232, 0, 0, 0, 0, 0, 0, 0, 0, 0, 0, 0, 0, 0, 4, 0, 0, 0, 0, 0, 0, 0, 0, 0, 0, 0, 0, 0, 0]",1,128,232.0,932.0,1085394964,1085401460,1085401787,1085404859,0,62080,62080,-1,1,6496,3072,256,16,16,2
12,3,"[2, 232, 0, 0, 0, 0, 0, 0, 0, 0, 0, 0, 0, 0, 0, 2, 232, 0, 0, 0, 0, 0, 0, 0, 0, 0, 0, 0, 0, 0]",1,128,232.0,1392.0,1085459359,1085466009,1085466939,1085469371,0,59552,59552,-1,1,6650,2432,256,16,16,2
12,3,"[2, 232, 0, 0, 0, 0, 0, 0, 0, 0, 0, 0, 0, 0, 0, 2, 232, 0, 0, 0, 0, 0, 0, 0, 0, 0, 0, 0, 0, 0]",1,128,232.0,1392.0,1085522113,1085528415,1085528923,1085531963,0,65824,65824,-1,1,6302,3040,256,16,16,2
16,3,"[2, 232, 0, 0, 0, 0, 0, 0, 0, 0, 0, 0, 0, 0, 0, 4, 0, 0, 0, 0, 0, 0, 0, 0, 0, 0, 0, 0, 0, 0]",1,128,232.0,932.0,1085590051,1085596922,1085597787,1085600283,0,61568,61568,-1,1,6871,2496,256,16,16,2
12,3,"[2, 232, 0, 0, 0, 0, 0, 0, 0, 0, 0, 0, 0, 0, 0, 2, 232, 0, 0, 0, 0, 0, 0, 0, 0, 0, 0, 0, 0, 0]",1,128,232.0,1392.0,1085654835,1085660916,1085661851,1085663931,0,61663,61663,-1,1,6081,2080,256,16,16,2
12,3,"[2, 232, 0, 0, 0, 0, 0, 0, 0, 0, 0, 0, 0, 0, 0, 2, 232, 0, 0, 0, 0, 0, 0, 0, 0, 0, 0, 0, 0, 0]",1,128,232.0,1392.0,1085718675,1085725211,1085725594,1085728603,0,166335,166335,-1,1,6536,3009,256,16,16,2
16,3,"[2, 232, 1, 3, 3, 0, 0, 0, 0, 0, 0, 0, 0, 0, 0, 4, 0, 0, 0, 0, 0, 0, 0, 0, 0, 0, 0, 0, 0, 0]",5,128,2088.0,8356.0,1085885028,1085894364,1085894938,1085897402,0,75776,75776,-1,1,9336,2464,256,16,16,2
12,3,"[2, 232, 1, 3, 3, 0, 0, 0, 0, 0, 0, 0, 0, 0, 0, 2, 232, 1, 3, 3, 0, 0, 0, 0, 0, 0, 0, 0, 0, 0]",5,128,2088.0,12528.0,1085965184,1085972821,1085973178,1085975226,0,62847,62847,-1,1,7637,2048,256,16,16,2
12,3,"[2, 232, 1, 3, 3, 0, 0, 0, 0, 0, 0, 0, 0, 0, 0, 2, 232, 1, 3, 3, 0, 0, 0, 0, 0, 0, 0, 0, 0, 0]",5,128,2088.0,12528.0,1086030881,1086044655,1086038073,1086040569,0,71712,71712,-1,1,13774,2496,256,16,16,2
16,3,"[2, 232, 0, 0, 0, 0, 0, 0, 0, 0, 0, 0, 0, 0, 0, 4, 0, 0, 0, 0, 0, 0, 0, 0, 0, 0, 0, 0, 0, 0]",1,128,232.0,932.0,1086105001,1086111380,1086112281,1086114489,0,59360,59360,-1,1,6379,2208,256,16,16,2
12,3,"[2, 232, 0, 0, 0, 0, 0, 0, 0, 0, 0, 0, 0, 0, 0, 2, 232, 0, 0, 0, 0, 0, 0, 0, 0, 0, 0, 0, 0, 0]",1,128,232.0,1392.0,1086167550,1086173602,1086173849,1086177081,0,60032,60032,-1,1,6052,3232,256,16,16,2
12,3,"[2, 232, 0, 0, 0, 0, 0, 0, 0, 0, 0, 0, 0, 0, 0, 2, 232, 0, 0, 0, 0, 0, 0, 0, 0, 0, 0, 0, 0, 0]",1,128,232.0,1392.0,1086230148,1086235970,1086237113,1086239417,0,60864,60864,-1,1,5822,2304,256,16,16,2
16,3,"[2, 232, 0, 0, 0, 0, 0, 0, 0, 0, 0, 0, 0, 0, 0, 4, 0, 0, 0, 0, 0, 0, 0, 0, 0, 0, 0, 0, 0, 0]",1,128,232.0,932.0,1086292545,1086299391,1086300281,1086302745,0,61600,61600,-1,1,6846,2464,256,16,16,2
12,3,"[2, 232, 0, 0, 0, 0, 0, 0, 0, 0, 0, 0, 0, 0, 0, 2, 232, 0, 0, 0, 0, 0, 0, 0, 0, 0, 0, 0, 0, 0]",1,128,232.0,1392.0,1086357017,1086363311,1086364345,1086366393,0,59487,59487,-1,1,6294,2048,256,16,16,2
12,3,"[2, 232, 0, 0, 0, 0, 0, 0, 0, 0, 0, 0, 0, 0, 0, 2, 232, 0, 0, 0, 0, 0, 0, 0, 0, 0, 0, 0, 0, 0]",1,128,232.0,1392.0,1086419193,1086425544,1086425880,1086428952,0,68480,68480,-1,1,6351,3072,256,16,16,2
16,3,"[2, 232, 232, 1, 1, 0, 0, 0, 0, 0, 0, 0, 0, 0, 0, 4, 0, 0, 0, 0, 0, 0, 0, 0, 0, 0, 0, 0, 0, 0]",106,128,53824.0,215300.0,1086490025,1086496669,1086497432,1086500952,0,82528,82528,-1,1,6644,3520,256,16,16,2
12,3,"[2, 232, 232, 1, 1, 0, 0, 0, 0, 0, 0, 0, 0, 0, 0, 2, 232, 232, 1, 1, 0, 0, 0, 0, 0, 0, 0, 0, 0, 0]",106,128,53824.0,322944.0,1086572727,1086583356,1086583480,1086586968,0,105312,105312,-1,1,10629,3488,256,16,16,2
12,3,"[2, 232, 232, 1, 1, 0, 0, 0, 0, 0, 0, 0, 0, 0, 0, 2, 232, 232, 1, 1, 0, 0, 0, 0, 0, 0, 0, 0, 0, 0]",106,128,53824.0,322944.0,1086681988,1086692323,1086692280,1086695800,0,75903,75903,-1,1,10335,3520,256,16,16,2
16,3,"[2, 232, 0, 0, 0, 0, 0, 0, 0, 0, 0, 0, 0, 0, 0, 4, 0, 0, 0, 0, 0, 0, 0, 0, 0, 0, 0, 0, 0, 0]",1,128,232.0,932.0,1086763546,1086771148,1086771703,1086773943,0,62944,62944,-1,1,7602,2240,256,16,16,2
12,3,"[2, 232, 0, 0, 0, 0, 0, 0, 0, 0, 0, 0, 0, 0, 0, 2, 232, 0, 0, 0, 0, 0, 0, 0, 0, 0, 0, 0, 0, 0]",1,128,232.0,1392.0,1086829588,1086836143,1086836887,1086839383,0,61536,61536,-1,1,6555,2496,256,16,16,2
12,3,"[2, 232, 0, 0, 0, 0, 0, 0, 0, 0, 0, 0, 0, 0, 0, 2, 232, 0, 0, 0, 0, 0, 0, 0, 0, 0, 0, 0, 0, 0]",1,128,232.0,1392.0,1086893333,1086899935,1086900919,1086902967,0,73696,73696,-1,1,6602,2048,256,16,16,2
16,3,"[2, 232, 0, 0, 0, 0, 0, 0, 0, 0, 0, 0, 0, 0, 0, 4, 0, 0, 0, 0, 0, 0, 0, 0, 0, 0, 0, 0, 0, 0]",1,128,232.0,932.0,1086967659,1086976915,1086976663,1086978743,0,107615,107615,-1,1,9256,2080,256,16,16,2
12,3,"[2, 232, 0, 0, 0, 0, 0, 0, 0, 0, 0, 0, 0, 0, 0, 2, 232, 0, 0, 0, 0, 0, 0, 0, 0, 0, 0, 0, 0, 0]",1,128,232.0,1392.0,1087075429,1087085948,1087086358,1087088854,0,73888,73888,-1,1,10519,2496,256,16,16,2
12,3,"[2, 232, 0, 0, 0, 0, 0, 0, 0, 0, 0, 0, 0, 0, 0, 2, 232, 0, 0, 0, 0, 0, 0, 0, 0, 0, 0, 0, 0, 0]",1,128,232.0,1392.0,1087154291,1087161919,1087162742,1087165110,0,67584,67584,-1,1,7628,2368,256,16,16,2
16,3,"[2, 232, 232, 1, 1, 0, 0, 0, 0, 0, 0, 0, 0, 0, 0, 4, 0, 0, 0, 0, 0, 0, 0, 0, 0, 0, 0, 0, 0, 0]",106,128,53824.0,215300.0,1087225206,1087232577,1087232694,1087236118,0,64032,64032,-1,1,7371,3424,256,16,16,2
12,3,"[2, 232, 232, 1, 1, 0, 0, 0, 0, 0, 0, 0, 0, 0, 0, 2, 232, 232, 1, 1, 0, 0, 0, 0, 0, 0, 0, 0, 0, 0]",106,128,53824.0,322944.0,1087292910,1087299305,1087300150,1087302326,0,61120,61120,-1,1,6395,2176,256,16,16,2
12,3,"[2, 232, 232, 1, 1, 0, 0, 0, 0, 0, 0, 0, 0, 0, 0, 2, 232, 232, 1, 1, 0, 0, 0, 0, 0, 0, 0, 0, 0, 0]",106,128,53824.0,322944.0,1087356147,1087362489,1087363446,1087365814,0,61280,61280,-1,1,6342,2368,256,16,16,2
16,3,"[2, 232, 0, 0, 0, 0, 0, 0, 0, 0, 0, 0, 0, 0, 0, 4, 0, 0, 0, 0, 0, 0, 0, 0, 0, 0, 0, 0, 0, 0]",1,128,232.0,932.0,1087419991,1087426363,1087427094,1087429302,0,69375,69375,-1,1,6372,2208,256,16,16,2
12,3,"[2, 232, 0, 0, 0, 0, 0, 0, 0, 0, 0, 0, 0, 0, 0, 2, 232, 0, 0, 0, 0, 0, 0, 0, 0, 0, 0, 0, 0, 0]",1,128,232.0,1392.0,1087490639,1087497231,1087498677,1087500981,0,60608,60608,-1,1,6592,2304,256,16,16,2
12,3,"[2, 232, 0, 0, 0, 0, 0, 0, 0, 0, 0, 0, 0, 0, 0, 2, 232, 0, 0, 0, 0, 0, 0, 0, 0, 0, 0, 0, 0, 0]",1,128,232.0,1392.0,1087554754,1087560769,1087561589,1087564245,0,60672,60672,-1,1,6015,2656,256,16,16,2
16,3,"[2, 232, 0, 0, 0, 0, 0, 0, 0, 0, 0, 0, 0, 0, 0, 4, 0, 0, 0, 0, 0, 0, 0, 0, 0, 0, 0, 0, 0, 0]",1,128,232.0,932.0,1087618020,1087624233,1087624917,1087627349,0,59776,59776,-1,1,6213,2432,256,16,16,2
12,3,"[2, 232, 0, 0, 0, 0, 0, 0, 0, 0, 0, 0, 0, 0, 0, 2, 232, 0, 0, 0, 0, 0, 0, 0, 0, 0, 0, 0, 0, 0]",1,128,232.0,1392.0,1087680198,1087686171,1087687125,1087689397,0,59359,59359,-1,1,5973,2272,256,16,16,2
12,3,"[2, 232, 0, 0, 0, 0, 0, 0, 0, 0, 0, 0, 0, 0, 0, 2, 232, 0, 0, 0, 0, 0, 0, 0, 0, 0, 0, 0, 0, 0]",1,128,232.0,1392.0,1087741977,1087747956,1087748756,1087751893,0,70271,70271,-1,1,5979,3137,256,16,16,2
16,3,"[2, 232, 1, 3, 3, 0, 0, 0, 0, 0, 0, 0, 0, 0, 0, 4, 0, 0, 0, 0, 0, 0, 0, 0, 0, 0, 0, 0, 0, 0]",5,128,2088.0,8356.0,1087814540,1087821614,1087822164,1087824564,0,69600,69600,-1,1,7074,2400,256,16,16,2
12,3,"[2, 232, 1, 3, 3, 0, 0, 0, 0, 0, 0, 0, 0, 0, 0, 2, 232, 1, 3, 3, 0, 0, 0, 0, 0, 0, 0, 0, 0, 0]",5,128,2088.0,12528.0,1087887102,1087893638,1087894164,1087896244,0,79840,79840,-1,1,6536,2080,256,16,16,2
12,3,"[2, 232, 1, 3, 3, 0, 0, 0, 0, 0, 0, 0, 0, 0, 0, 2, 232, 1, 3, 3, 0, 0, 0, 0, 0, 0, 0, 0, 0, 0]",5,128,2088.0,12528.0,1087969413,1087975651,1087976084,1087978164,0,61536,61536,-1,1,6238,2080,256,16,16,2
16,3,"[2, 232, 0, 0, 0, 0, 0, 0, 0, 0, 0, 0, 0, 0, 0, 4, 0, 0, 0, 0, 0, 0, 0, 0, 0, 0, 0, 0, 0, 0]",1,128,232.0,932.0,1088032355,1088039425,1088039700,1088042740,0,60160,60160,-1,1,7070,3040,256,16,16,2
12,3,"[2, 232, 0, 0, 0, 0, 0, 0, 0, 0, 0, 0, 0, 0, 0, 2, 232, 0, 0, 0, 0, 0, 0, 0, 0, 0, 0, 0, 0, 0]",1,128,232.0,1392.0,1088095462,1088101959,1088102900,1088105140,0,59679,59679,-1,1,6497,2240,256,16,16,2
12,3,"[2, 232, 0, 0, 0, 0, 0, 0, 0, 0, 0, 0, 0, 0, 0, 2, 232, 0, 0, 0, 0, 0, 0, 0, 0, 0, 0, 0, 0, 0]",1,128,232.0,1392.0,1088157816,1088164629,1088164819,1088167859,0,59584,59584,-1,1,6813,3040,256,16,16,2
16,3,"[2, 232, 0, 0, 0, 0, 0, 0, 0, 0, 0, 0, 0, 0, 0, 4, 0, 0, 0, 0, 0, 0, 0, 0, 0, 0, 0, 0, 0, 0]",1,128,232.0,932.0,1088220374,1088226588,1088227443,1088229907,0,65664,65664,-1,1,6214,2464,256,16,16,2
12,3,"[2, 232, 0, 0, 0, 0, 0, 0, 0, 0, 0, 0, 0, 0, 0, 2, 232, 0, 0, 0, 0, 0, 0, 0, 0, 0, 0, 0, 0, 0]",1,128,232.0,1392.0,1088287725,1088294854,1088295571,1088297651,0,87168,87168,-1,1,7129,2080,256,16,16,2
12,3,"[2, 232, 0, 0, 0, 0, 0, 0, 0, 0, 0, 0, 0, 0, 0, 2, 232, 0, 0, 0, 0, 0, 0, 0, 0, 0, 0, 0, 0, 0]",1,128,232.0,1392.0,1088374029,1088384203,1088384819,1088387315,0,79904,79904,-1,1,10174,2496,256,16,16,2
16,3,"[2, 232, 232, 1, 1, 0, 0, 0, 0, 0, 0, 0, 0, 0, 0, 4, 0, 0, 0, 0, 0, 0, 0, 0, 0, 0, 0, 0, 0, 0]",106,128,53824.0,215300.0,1088458368,1088466725,1088467219,1088469683,0,65023,65023,-1,1,8357,2464,256,16,16,2
12,3,"[2, 232, 232, 1, 1, 0, 0, 0, 0, 0, 0, 0, 0, 0, 0, 2, 232, 232, 1, 1, 0, 0, 0, 0, 0, 0, 0, 0, 0, 0]",106,128,53824.0,322944.0,1088527390,1088533927,1088534706,1088537266,0,64800,64800,-1,1,6537,2560,256,16,16,2
12,3,"[2, 232, 232, 1, 1, 0, 0, 0, 0, 0, 0, 0, 0, 0, 0, 2, 232, 232, 1, 1, 0, 0, 0, 0, 0, 0, 0, 0, 0, 0]",106,128,53824.0,322944.0,1088594693,1088601008,1088602066,1088604850,0,61408,61408,-1,1,6315,2784,256,16,16,2
16,3,"[2, 232, 0, 0, 0, 0, 0, 0, 0, 0, 0, 0, 0, 0, 0, 4, 0, 0, 0, 0, 0, 0, 0, 0, 0, 0, 0, 0, 0, 0]",1,128,232.0,932.0,1088659440,1088665999,1088666258,1088669458,0,61792,61792,-1,1,6559,3200,256,16,16,2
12,3,"[2, 232, 0, 0, 0, 0, 0, 0, 0, 0, 0, 0, 0, 0, 0, 2, 232, 0, 0, 0, 0, 0, 0, 0, 0, 0, 0, 0, 0, 0]",1,128,232.0,1392.0,1088723779,1088730393,1088731250,1088733746,0,215007,215007,-1,1,6614,2496,256,16,16,2
12,3,"[2, 232, 0, 0, 0, 0, 0, 0, 0, 0, 0, 0, 0, 0, 0, 2, 232, 0, 0, 0, 0, 0, 0, 0, 0, 0, 0, 0, 0, 0]",1,128,232.0,1392.0,1088937744,1088947772,1088948753,1088950961,0,78912,78912,-1,1,10028,2208,256,16,16,2
16,3,"[2, 232, 0, 0, 0, 0, 0, 0, 0, 0, 0, 0, 0, 0, 0, 4, 0, 0, 0, 0, 0, 0, 0, 0, 0, 0, 0, 0, 0, 0]",1,128,232.0,932.0,1089021098,1089029141,1089029873,1089032369,0,63968,63968,-1,1,8043,2496,256,16,16,2
12,3,"[2, 232, 0, 0, 0, 0, 0, 0, 0, 0, 0, 0, 0, 0, 0, 2, 232, 0, 0, 0, 0, 0, 0, 0, 0, 0, 0, 0, 0, 0]",1,128,232.0,1392.0,1089089153,1089095718,1089096337,1089098417,0,61567,61567,-1,1,6565,2080,256,16,16,2
12,3,"[2, 232, 0, 0, 0, 0, 0, 0, 0, 0, 0, 0, 0, 0, 0, 2, 232, 0, 0, 0, 0, 0, 0, 0, 0, 0, 0, 0, 0, 0]",1,128,232.0,1392.0,1089153518,1089159769,1089159984,1089163120,0,62496,62496,-1,1,6251,3136,256,16,16,2
16,3,"[2, 1024, 464, 1, 1, 0, 0, 0, 0, 0, 0, 0, 0, 0, 0, 4, 0, 0, 0, 0, 0, 0, 0, 0, 0, 0, 0, 0, 0, 0]",928,128,475136.0,1900548.0,1089219010,1089225463,1089225616,1089231440,0,67648,67648,-1,1,6453,5824,256,16,16,2
12,3,"[2, 1024, 464, 1, 1, 0, 0, 0, 0, 0, 0, 0, 0, 0, 0, 2, 1024, 464, 1, 1, 0, 0, 0, 0, 0, 0, 0, 0, 0, 0]",928,128,475136.0,2850816.0,1089291576,1089298384,1089299088,1089304496,0,59616,59616,-1,1,6808,5408,256,16,16,2
12,3,"[2, 1024, 464, 1, 1, 0, 0, 0, 0, 0, 0, 0, 0, 0, 0, 2, 1024, 464, 1, 1, 0, 0, 0, 0, 0, 0, 0, 0, 0, 0]",928,128,475136.0,2850816.0,1089356522,1089362787,1089364112,1089368752,0,58688,58688,-1,1,6265,4640,256,16,16,2
16,3,"[2, 1024, 0, 0, 0, 0, 0, 0, 0, 0, 0, 0, 0, 0, 0, 4, 0, 0, 0, 0, 0, 0, 0, 0, 0, 0, 0, 0, 0, 0]",2,128,1024.0,4100.0,1089419879,1089426695,1089427440,1089429904,0,63488,63488,-1,1,6816,2464,256,16,16,2
12,3,"[2, 1024, 0, 0, 0, 0, 0, 0, 0, 0, 0, 0, 0, 0, 0, 2, 1024, 0, 0, 0, 0, 0, 0, 0, 0, 0, 0, 0, 0, 0]",2,128,1024.0,6144.0,1089486247,1089492295,1089493392,1089495728,0,59679,59679,-1,1,6048,2336,256,16,16,2
12,3,"[2, 1024, 0, 0, 0, 0, 0, 0, 0, 0, 0, 0, 0, 0, 0, 2, 1024, 0, 0, 0, 0, 0, 0, 0, 0, 0, 0, 0, 0, 0]",2,128,1024.0,6144.0,1089549239,1089555039,1089555407,1089558543,0,60064,60064,-1,1,5800,3136,256,16,16,2
16,3,"[2, 1024, 0, 0, 0, 0, 0, 0, 0, 0, 0, 0, 0, 0, 0, 4, 0, 0, 0, 0, 0, 0, 0, 0, 0, 0, 0, 0, 0, 0]",2,128,1024.0,4100.0,1089611966,1089618072,1089618607,1089620655,0,69024,69024,-1,1,6106,2048,256,16,16,2
12,3,"[2, 1024, 0, 0, 0, 0, 0, 0, 0, 0, 0, 0, 0, 0, 0, 2, 1024, 0, 0, 0, 0, 0, 0, 0, 0, 0, 0, 0, 0, 0]",2,128,1024.0,6144.0,1089681895,1089688966,1089689679,1089692175,0,61600,61600,-1,1,7071,2496,256,16,16,2
12,3,"[2, 1024, 0, 0, 0, 0, 0, 0, 0, 0, 0, 0, 0, 0, 0, 2, 1024, 0, 0, 0, 0, 0, 0, 0, 0, 0, 0, 0, 0, 0]",2,128,1024.0,6144.0,1089746552,1089752732,1089753775,1089755823,0,63456,63456,-1,1,6180,2048,256,16,16,2
16,3,"[2, 394, 1024, 0, 0, 0, 0, 0, 0, 0, 0, 0, 0, 0, 0, 4, 0, 0, 0, 0, 0, 0, 0, 0, 0, 0, 0, 0, 0, 0]",788,128,403456.0,1613828.0,1089811700,1089818410,1089819279,1089823407,0,60671,60671,-1,1,6710,4128,256,16,16,2
12,3,"[2, 394, 1024, 0, 0, 0, 0, 0, 0, 0, 0, 0, 0, 0, 0, 2, 394, 1024, 0, 0, 0, 0, 0, 0, 0, 0, 0, 0, 0, 0]",788,128,403456.0,2420736.0,1089876720,1089883198,1089884078,1089888558,0,56704,56704,-1,1,6478,4480,256,16,16,2
12,3,"[2, 394, 1024, 0, 0, 0, 0, 0, 0, 0, 0, 0, 0, 0, 0, 2, 394, 1024, 0, 0, 0, 0, 0, 0, 0, 0, 0, 0, 0, 0]",788,128,403456.0,2420736.0,1089938617,1089944349,1089945262,1089949710,0,58208,58208,-1,1,5732,4448,256,16,16,2
16,3,"[2, 394, 0, 0, 0, 0, 0, 0, 0, 0, 0, 0, 0, 0, 0, 4, 0, 0, 0, 0, 0, 0, 0, 0, 0, 0, 0, 0, 0, 0]",1,128,394.0,1580.0,1090001401,1090007714,1090007918,1090011342,0,65152,65152,-1,1,6313,3424,256,16,16,2
12,3,"[2, 394, 0, 0, 0, 0, 0, 0, 0, 0, 0, 0, 0, 0, 0, 2, 394, 0, 0, 0, 0, 0, 0, 0, 0, 0, 0, 0, 0, 0]",1,128,394.0,2364.0,1090069302,1090075535,1090076494,1090079086,0,59680,59680,-1,1,6233,2592,256,16,16,2
12,3,"[2, 394, 0, 0, 0, 0, 0, 0, 0, 0, 0, 0, 0, 0, 0, 2, 394, 0, 0, 0, 0, 0, 0, 0, 0, 0, 0, 0, 0, 0]",1,128,394.0,2364.0,1090132419,1090138244,1090138766,1090140846,0,0,0,-1,1,5825,2080,256,16,16,2
