op,dir,params,grid,block,flops,bytes,rStartTime,rEndTime,kStartTime,kEndTime,staticSharedMemory,space,space1,seq,kernels,rduration,kduration,batch,h,w,input_type
203,1,"[1024, 3, 32, 32, 24, 16, 16, 3, 3, 1, 1, 2, 2, 1, 1, 1, 8, 0, 0, 0, 0, 0, 0, 0, 0, 0, 0, 0, 0, 0]",8192,64,0.0,0.0,954676486,954691827,954690486,955805490,4352,60192,60192,682233,1,15341,1115004,1024,32,32,3
205,1,"[4, 0, 0, 0, 0, 0, 0, 0, 0, 0, 0, 0, 0, 0, 0, 4, 0, 0, 0, 0, 0, 0, 0, 0, 0, 0, 0, 0, 0, 0]",24,512,50331648.0,201326592.0,955855194,956158694,955865682,957321837,272,291999,1440,682234,2,24815,1165596,1024,32,32,3
152,1,"[8, 1024, 24, 16, 16, 0, 0, 0, 0, 0, 0, 0, 0, 0, 0, 0, 0, 0, 0, 0, 0, 0, 0, 0, 0, 0, 0, 0, 0, 0]",12288,128,6291456.0,100663296.0,956316920,956330175,957323277,957513868,0,480,480,682235,1,13255,190591,1024,32,32,3
183,1,"[8, 1024, 24, 16, 16, 0, 0, 0, 0, 0, 0, 0, 0, 0, 0, 0, 0, 0, 0, 0, 0, 0, 0, 0, 0, 0, 0, 0, 0, 0]",6144,256,0.0,0.0,956508665,956519343,957514348,957661803,0,1,1,682236,1,10678,147455,1024,32,32,3
203,1,"[1024, 24, 8, 8, 24, 4, 4, 3, 3, 1, 1, 2, 2, 1, 1, 24, 8, 0, 0, 0, 0, 0, 0, 0, 0, 0, 0, 0, 0, 0]",384,1024,0.0,0.0,956680725,956692410,957661804,957698668,0,45472,45472,682237,1,11685,36864,1024,32,32,3
205,1,"[4, 0, 0, 0, 0, 0, 0, 0, 0, 0, 0, 0, 0, 0, 0, 4, 0, 0, 0, 0, 0, 0, 0, 0, 0, 0, 0, 0, 0, 0]",24,512,3145728.0,12582912.0,957736045,957997879,957744140,958255050,272,252446,576,682238,2,18505,259040,1024,32,32,3
203,1,"[1024, 24, 4, 4, 24, 4, 4, 1, 1, 0, 0, 1, 1, 1, 1, 1, 8, 0, 0, 0, 0, 0, 0, 0, 0, 0, 0, 0, 0, 0]",256,256,0.0,0.0,958176343,958188861,958255626,958481001,12544,48448,48448,682239,1,12518,225375,1024,32,32,3
205,1,"[4, 0, 0, 0, 0, 0, 0, 0, 0, 0, 0, 0, 0, 0, 0, 4, 0, 0, 0, 0, 0, 0, 0, 0, 0, 0, 0, 0, 0, 0]",24,512,3145728.0,12582912.0,958519613,958775595,958529449,958927079,272,262271,18464,682240,2,18869,153823,1024,32,32,3
152,1,"[8, 1024, 24, 4, 4, 0, 0, 0, 0, 0, 0, 0, 0, 0, 0, 0, 0, 0, 0, 0, 0, 0, 0, 0, 0, 0, 0, 0, 0, 0]",768,128,393216.0,6291456.0,958935308,958945409,958945543,958952039,0,308575,308575,682241,1,10101,6496,1024,32,32,3
203,1,"[1024, 24, 8, 8, 24, 8, 8, 1, 1, 0, 0, 1, 1, 1, 1, 1, 8, 0, 0, 0, 0, 0, 0, 0, 0, 0, 0, 0, 0, 0]",2048,64,0.0,0.0,959248203,959261248,959260614,959490597,4352,47520,47520,682242,1,13045,229983,1024,32,32,3
205,1,"[4, 0, 0, 0, 0, 0, 0, 0, 0, 0, 0, 0, 0, 0, 0, 4, 0, 0, 0, 0, 0, 0, 0, 0, 0, 0, 0, 0, 0, 0]",24,512,12582912.0,50331648.0,959528902,959790777,959538117,960125539,272,252383,1120,682243,2,19468,336159,1024,32,32,3
152,1,"[8, 1024, 24, 8, 8, 0, 0, 0, 0, 0, 0, 0, 0, 0, 0, 0, 0, 0, 0, 0, 0, 0, 0, 0, 0, 0, 0, 0, 0, 0]",3072,128,1572864.0,25165824.0,959949017,959959150,960126659,960175875,0,480,480,682244,1,10133,49216,1024,32,32,3
203,1,"[1024, 24, 8, 8, 24, 4, 4, 3, 3, 1, 1, 2, 2, 1, 1, 24, 8, 0, 0, 0, 0, 0, 0, 0, 0, 0, 0, 0, 0, 0]",384,1024,0.0,0.0,960085644,960095579,960176355,960213251,0,43328,43328,682245,1,9935,36896,1024,32,32,3
205,1,"[4, 0, 0, 0, 0, 0, 0, 0, 0, 0, 0, 0, 0, 0, 0, 4, 0, 0, 0, 0, 0, 0, 0, 0, 0, 0, 0, 0, 0, 0]",24,512,3145728.0,12582912.0,960248498,960492732,960256579,960749697,272,234207,448,682246,2,17805,259359,1024,32,32,3
203,1,"[1024, 24, 4, 4, 24, 4, 4, 1, 1, 0, 0, 1, 1, 1, 1, 1, 8, 0, 0, 0, 0, 0, 0, 0, 0, 0, 0, 0, 0, 0]",256,256,0.0,0.0,960664628,960675799,960750145,960975456,12544,46496,46496,682247,1,11171,225311,1024,32,32,3
205,1,"[4, 0, 0, 0, 0, 0, 0, 0, 0, 0, 0, 0, 0, 0, 0, 4, 0, 0, 0, 0, 0, 0, 0, 0, 0, 0, 0, 0, 0, 0]",24,512,3145728.0,12582912.0,961012283,961264406,961021952,961415775,272,258655,18432,682248,2,19926,153600,1024,32,32,3
152,1,"[8, 1024, 24, 4, 4, 0, 0, 0, 0, 0, 0, 0, 0, 0, 0, 0, 0, 0, 0, 0, 0, 0, 0, 0, 0, 0, 0, 0, 0, 0]",768,128,393216.0,6291456.0,961424247,961433749,961434207,961440351,0,107775,107775,682249,1,9502,6144,1024,32,32,3
213,1,"[8, 1024, 24, 4, 4, 0, 0, 0, 0, 0, 0, 0, 0, 0, 0, 8, 1024, 24, 4, 4, 0, 0, 0, 0, 0, 0, 0, 0, 0, 0]",272,512,0.0,12582912.0,961536869,961548816,961548126,961575198,0,180959,180959,682250,1,11947,27072,1024,32,32,3
239,1,"[0, 0, 0, 0, 0, 0, 0, 0, 0, 0, 0, 0, 0, 0, 0, 0, 0, 0, 0, 0, 0, 0, 0, 0, 0, 0, 0, 0, 0, 0]",3072,128,0.0,0.0,961744058,961756570,961756157,961781629,0,281695,281695,682253,1,12512,25472,1024,32,32,3
203,1,"[1024, 24, 4, 4, 24, 4, 4, 1, 1, 0, 0, 1, 1, 1, 1, 1, 8, 0, 0, 0, 0, 0, 0, 0, 0, 0, 0, 0, 0, 0]",1536,256,0.0,0.0,962051230,962120150,962063324,962345563,12544,87968,42976,682256,2,20144,237247,1024,32,32,3
205,1,"[4, 0, 0, 0, 0, 0, 0, 0, 0, 0, 0, 0, 0, 0, 0, 4, 0, 0, 0, 0, 0, 0, 0, 0, 0, 0, 0, 0, 0, 0]",24,512,3145728.0,12582912.0,962379700,962637797,962388539,962789082,272,262367,14848,682257,2,18345,153024,1024,32,32,3
152,1,"[8, 1024, 24, 4, 4, 0, 0, 0, 0, 0, 0, 0, 0, 0, 0, 0, 0, 0, 0, 0, 0, 0, 0, 0, 0, 0, 0, 0, 0, 0]",768,128,393216.0,6291456.0,962794612,962803823,962803930,962810458,0,134335,134335,682258,1,9211,6528,1024,32,32,3
203,1,"[1024, 24, 4, 4, 24, 4, 4, 3, 3, 1, 1, 1, 1, 1, 1, 24, 8, 0, 0, 0, 0, 0, 0, 0, 0, 0, 0, 0, 0, 0]",384,1024,0.0,0.0,962935648,962944664,962944793,962969241,0,101056,101056,682259,1,9016,24448,1024,32,32,3
205,1,"[4, 0, 0, 0, 0, 0, 0, 0, 0, 0, 0, 0, 0, 0, 0, 4, 0, 0, 0, 0, 0, 0, 0, 0, 0, 0, 0, 0, 0, 0]",24,512,3145728.0,12582912.0,963062215,963314723,963070297,963571863,272,242495,448,682260,2,17077,259519,1024,32,32,3
203,1,"[1024, 24, 4, 4, 24, 4, 4, 1, 1, 0, 0, 1, 1, 1, 1, 1, 8, 0, 0, 0, 0, 0, 0, 0, 0, 0, 0, 0, 0, 0]",256,256,0.0,0.0,963476969,963486923,963572311,963797590,12544,47680,47680,682261,1,9954,225279,1024,32,32,3
205,1,"[4, 0, 0, 0, 0, 0, 0, 0, 0, 0, 0, 0, 0, 0, 0, 4, 0, 0, 0, 0, 0, 0, 0, 0, 0, 0, 0, 0, 0, 0]",24,512,3145728.0,12582912.0,963836869,964085311,963845270,964235861,272,367774,130143,682262,2,18150,152960,1024,32,32,3
152,1,"[8, 1024, 24, 4, 4, 0, 0, 0, 0, 0, 0, 0, 0, 0, 0, 0, 0, 0, 0, 0, 0, 0, 0, 0, 0, 0, 0, 0, 0, 0]",768,128,393216.0,6291456.0,964354805,964365800,964366004,964372820,0,98560,98560,682263,1,10995,6816,1024,32,32,3
213,1,"[8, 1024, 24, 4, 4, 0, 0, 0, 0, 0, 0, 0, 0, 0, 0, 8, 1024, 24, 4, 4, 0, 0, 0, 0, 0, 0, 0, 0, 0, 0]",272,512,0.0,12582912.0,964461188,964471892,964471380,964499572,0,163455,163455,682264,1,10704,28192,1024,32,32,3
239,1,"[0, 0, 0, 0, 0, 0, 0, 0, 0, 0, 0, 0, 0, 0, 0, 0, 0, 0, 0, 0, 0, 0, 0, 0, 0, 0, 0, 0, 0, 0]",3072,128,0.0,0.0,964652656,964662753,964663027,964687955,0,262111,262111,682267,1,10097,24928,1024,32,32,3
203,1,"[1024, 24, 4, 4, 24, 4, 4, 1, 1, 0, 0, 1, 1, 1, 1, 1, 8, 0, 0, 0, 0, 0, 0, 0, 0, 0, 0, 0, 0, 0]",1536,256,0.0,0.0,964938670,965008171,964950066,965233233,12544,89632,44064,682270,2,19734,237599,1024,32,32,3
205,1,"[4, 0, 0, 0, 0, 0, 0, 0, 0, 0, 0, 0, 0, 0, 0, 4, 0, 0, 0, 0, 0, 0, 0, 0, 0, 0, 0, 0, 0, 0]",24,512,3145728.0,12582912.0,965268374,965512505,965277297,965663312,272,257343,24480,682271,2,18254,153152,1024,32,32,3
152,1,"[8, 1024, 24, 4, 4, 0, 0, 0, 0, 0, 0, 0, 0, 0, 0, 0, 0, 0, 0, 0, 0, 0, 0, 0, 0, 0, 0, 0, 0, 0]",768,128,393216.0,6291456.0,965678081,965687582,965687792,965694031,0,124960,124960,682272,1,9501,6239,1024,32,32,3
203,1,"[1024, 24, 4, 4, 24, 4, 4, 3, 3, 1, 1, 1, 1, 1, 1, 24, 8, 0, 0, 0, 0, 0, 0, 0, 0, 0, 0, 0, 0, 0]",384,1024,0.0,0.0,965810003,965819126,965818991,965843535,0,101504,101504,682273,1,9123,24544,1024,32,32,3
205,1,"[4, 0, 0, 0, 0, 0, 0, 0, 0, 0, 0, 0, 0, 0, 0, 4, 0, 0, 0, 0, 0, 0, 0, 0, 0, 0, 0, 0, 0, 0]",24,512,3145728.0,12582912.0,965936450,966187068,965945039,966445612,272,239904,1,682274,2,17019,260670,1024,32,32,3
203,1,"[1024, 24, 4, 4, 24, 4, 4, 1, 1, 0, 0, 1, 1, 1, 1, 1, 8, 0, 0, 0, 0, 0, 0, 0, 0, 0, 0, 0, 0, 0]",256,256,0.0,0.0,966352469,966363374,966445613,966671980,12544,43392,43392,682275,1,10905,226367,1024,32,32,3
205,1,"[4, 0, 0, 0, 0, 0, 0, 0, 0, 0, 0, 0, 0, 0, 0, 4, 0, 0, 0, 0, 0, 0, 0, 0, 0, 0, 0, 0, 0, 0]",24,512,3145728.0,12582912.0,966705928,966965820,966715372,967117002,272,264735,16672,682276,2,18912,153567,1024,32,32,3
152,1,"[8, 1024, 24, 4, 4, 0, 0, 0, 0, 0, 0, 0, 0, 0, 0, 0, 0, 0, 0, 0, 0, 0, 0, 0, 0, 0, 0, 0, 0, 0]",768,128,393216.0,6291456.0,967124199,967133140,967133674,967139914,0,88096,88096,682277,1,8941,6240,1024,32,32,3
213,1,"[8, 1024, 24, 4, 4, 0, 0, 0, 0, 0, 0, 0, 0, 0, 0, 8, 1024, 24, 4, 4, 0, 0, 0, 0, 0, 0, 0, 0, 0, 0]",272,512,0.0,12582912.0,967219344,967228468,967228010,967256234,0,153791,153791,682278,1,9124,28224,1024,32,32,3
239,1,"[0, 0, 0, 0, 0, 0, 0, 0, 0, 0, 0, 0, 0, 0, 0, 0, 0, 0, 0, 0, 0, 0, 0, 0, 0, 0, 0, 0, 0, 0]",3072,128,0.0,0.0,967399888,967410015,967410025,967434761,0,256159,256159,682281,1,10127,24736,1024,32,32,3
203,1,"[1024, 24, 4, 4, 24, 4, 4, 1, 1, 0, 0, 1, 1, 1, 1, 1, 8, 0, 0, 0, 0, 0, 0, 0, 0, 0, 0, 0, 0, 0]",1536,256,0.0,0.0,967679938,967753955,967690920,967979592,12544,95455,44287,682284,2,19334,237504,1024,32,32,3
205,1,"[4, 0, 0, 0, 0, 0, 0, 0, 0, 0, 0, 0, 0, 0, 0, 4, 0, 0, 0, 0, 0, 0, 0, 0, 0, 0, 0, 0, 0, 0]",24,512,3145728.0,12582912.0,968014590,968271533,968023879,968421958,272,261887,16288,682285,2,18525,152480,1024,32,32,3
152,1,"[8, 1024, 24, 4, 4, 0, 0, 0, 0, 0, 0, 0, 0, 0, 0, 0, 0, 0, 0, 0, 0, 0, 0, 0, 0, 0, 0, 0, 0, 0]",768,128,393216.0,6291456.0,968427715,968437779,968438246,968444486,0,126847,126847,682286,1,10064,6240,1024,32,32,3
203,1,"[1024, 24, 4, 4, 24, 4, 4, 3, 3, 1, 1, 1, 1, 1, 1, 24, 8, 0, 0, 0, 0, 0, 0, 0, 0, 0, 0, 0, 0, 0]",384,1024,0.0,0.0,968562044,968571279,968571333,968595557,0,109376,109376,682287,1,9235,24224,1024,32,32,3
205,1,"[4, 0, 0, 0, 0, 0, 0, 0, 0, 0, 0, 0, 0, 0, 0, 4, 0, 0, 0, 0, 0, 0, 0, 0, 0, 0, 0, 0, 0, 0]",24,512,3145728.0,12582912.0,968696838,969051580,968704933,969297731,272,345215,608,682288,2,19450,248191,1024,32,32,3
203,1,"[1024, 24, 4, 4, 24, 4, 4, 1, 1, 0, 0, 1, 1, 1, 1, 1, 8, 0, 0, 0, 0, 0, 0, 0, 0, 0, 0, 0, 0, 0]",256,256,0.0,0.0,969225289,969236206,969298339,969523778,12544,54976,54976,682289,1,10917,225439,1024,32,32,3
205,1,"[4, 0, 0, 0, 0, 0, 0, 0, 0, 0, 0, 0, 0, 0, 0, 4, 0, 0, 0, 0, 0, 0, 0, 0, 0, 0, 0, 0, 0, 0]",24,512,3145728.0,12582912.0,969569581,969817698,969578754,969968192,272,261567,24544,682290,2,18669,152415,1024,32,32,3
152,1,"[8, 1024, 24, 4, 4, 0, 0, 0, 0, 0, 0, 0, 0, 0, 0, 0, 0, 0, 0, 0, 0, 0, 0, 0, 0, 0, 0, 0, 0, 0]",768,128,393216.0,6291456.0,969982618,969992628,969992736,969998912,0,89600,89600,682291,1,10010,6176,1024,32,32,3
213,1,"[8, 1024, 24, 4, 4, 0, 0, 0, 0, 0, 0, 0, 0, 0, 0, 8, 1024, 24, 4, 4, 0, 0, 0, 0, 0, 0, 0, 0, 0, 0]",272,512,0.0,12582912.0,970079569,970088165,970088512,970115488,0,144735,144735,682292,1,8596,26976,1024,32,32,3
239,1,"[0, 0, 0, 0, 0, 0, 0, 0, 0, 0, 0, 0, 0, 0, 0, 0, 0, 0, 0, 0, 0, 0, 0, 0, 0, 0, 0, 0, 0, 0]",3072,128,0.0,0.0,970250385,970259848,970260223,970285279,0,201056,201056,682295,1,9463,25056,1024,32,32,3
203,1,"[1024, 48, 4, 4, 48, 2, 2, 3, 3, 1, 1, 2, 2, 1, 1, 48, 8, 0, 0, 0, 0, 0, 0, 0, 0, 0, 0, 0, 0, 0]",192,1024,0.0,0.0,970474973,970486089,970486335,970508063,0,103199,103199,682297,1,11116,21728,1024,32,32,3
205,1,"[4, 0, 0, 0, 0, 0, 0, 0, 0, 0, 0, 0, 0, 0, 0, 4, 0, 0, 0, 0, 0, 0, 0, 0, 0, 0, 0, 0, 0, 0]",48,512,1572864.0,6291456.0,970602644,970853335,970611262,971110908,272,239743,32,682298,2,17639,259935,1024,32,32,3
203,1,"[1024, 48, 2, 2, 48, 2, 2, 1, 1, 0, 0, 1, 1, 1, 1, 1, 8, 0, 0, 0, 0, 0, 0, 0, 0, 0, 0, 0, 0, 0]",64,256,0.0,0.0,971016281,971026921,971110940,971221564,12544,47104,47104,682299,1,10640,110624,1024,32,32,3
205,1,"[4, 0, 0, 0, 0, 0, 0, 0, 0, 0, 0, 0, 0, 0, 0, 4, 0, 0, 0, 0, 0, 0, 0, 0, 0, 0, 0, 0, 0, 0]",48,512,1572864.0,6291456.0,971259600,971514075,971268668,971665370,272,256799,13088,682300,2,18741,152991,1024,32,32,3
152,1,"[8, 1024, 48, 2, 2, 0, 0, 0, 0, 0, 0, 0, 0, 0, 0, 0, 0, 0, 0, 0, 0, 0, 0, 0, 0, 0, 0, 0, 0, 0]",384,128,196608.0,3145728.0,971668188,971678297,971678458,971682362,0,176096,176096,682301,1,10109,3904,1024,32,32,3
203,1,"[1024, 48, 4, 4, 48, 4, 4, 1, 1, 0, 0, 1, 1, 1, 1, 1, 8, 0, 0, 0, 0, 0, 0, 0, 0, 0, 0, 0, 0, 0]",256,256,0.0,0.0,971847559,971858270,971858458,972292152,12544,48640,48640,682302,1,10711,433694,1024,32,32,3
205,1,"[4, 0, 0, 0, 0, 0, 0, 0, 0, 0, 0, 0, 0, 0, 0, 4, 0, 0, 0, 0, 0, 0, 0, 0, 0, 0, 0, 0, 0, 0]",48,512,6291456.0,25165824.0,972331719,972578695,972340792,972732983,272,256543,20448,682303,2,18407,156096,1024,32,32,3
152,1,"[8, 1024, 48, 4, 4, 0, 0, 0, 0, 0, 0, 0, 0, 0, 0, 0, 0, 0, 0, 0, 0, 0, 0, 0, 0, 0, 0, 0, 0, 0]",1536,128,786432.0,12582912.0,972743904,972753309,972753431,972778038,0,109760,109760,682304,1,9405,24607,1024,32,32,3
203,1,"[1024, 48, 4, 4, 48, 2, 2, 3, 3, 1, 1, 2, 2, 1, 1, 48, 8, 0, 0, 0, 0, 0, 0, 0, 0, 0, 0, 0, 0, 0]",192,1024,0.0,0.0,972878237,972887492,972887798,972907062,0,105856,105856,682305,1,9255,19264,1024,32,32,3
205,1,"[4, 0, 0, 0, 0, 0, 0, 0, 0, 0, 0, 0, 0, 0, 0, 4, 0, 0, 0, 0, 0, 0, 0, 0, 0, 0, 0, 0, 0, 0]",48,512,1572864.0,6291456.0,973004311,973251657,973012918,973406324,272,252543,16448,682306,2,17389,157311,1024,32,32,3
203,1,"[1024, 48, 2, 2, 48, 2, 2, 1, 1, 0, 0, 1, 1, 1, 1, 1, 8, 0, 0, 0, 0, 0, 0, 0, 0, 0, 0, 0, 0, 0]",64,256,0.0,0.0,973412379,973422773,973422772,973533492,12544,47360,47360,682307,1,10394,110720,1024,32,32,3
205,1,"[4, 0, 0, 0, 0, 0, 0, 0, 0, 0, 0, 0, 0, 0, 0, 4, 0, 0, 0, 0, 0, 0, 0, 0, 0, 0, 0, 0, 0, 0]",48,512,1572864.0,6291456.0,973572583,973924887,973580852,974075570,272,375230,33248,682308,2,19351,152736,1024,32,32,3
152,1,"[8, 1024, 48, 2, 2, 0, 0, 0, 0, 0, 0, 0, 0, 0, 0, 0, 0, 0, 0, 0, 0, 0, 0, 0, 0, 0, 0, 0, 0, 0]",384,128,196608.0,3145728.0,974098486,974108752,974108818,974113202,0,92640,92640,682309,1,10266,4384,1024,32,32,3
213,1,"[8, 1024, 48, 2, 2, 0, 0, 0, 0, 0, 0, 0, 0, 0, 0, 8, 1024, 48, 2, 2, 0, 0, 0, 0, 0, 0, 0, 0, 0, 0]",272,512,0.0,6291456.0,974197371,974206456,974205842,974217169,0,178784,178784,682310,1,9085,11327,1024,32,32,3
239,1,"[0, 0, 0, 0, 0, 0, 0, 0, 0, 0, 0, 0, 0, 0, 0, 0, 0, 0, 0, 0, 0, 0, 0, 0, 0, 0, 0, 0, 0, 0]",1536,128,0.0,0.0,974385066,974396098,974395953,974404145,0,274047,274047,682313,1,11032,8192,1024,32,32,3
203,1,"[1024, 48, 2, 2, 48, 2, 2, 1, 1, 0, 0, 1, 1, 1, 1, 1, 8, 0, 0, 0, 0, 0, 0, 0, 0, 0, 0, 0, 0, 0]",768,256,0.0,0.0,974666677,974734859,974678192,974846255,12544,104287,51424,682316,2,19336,115200,1024,32,32,3
205,1,"[4, 0, 0, 0, 0, 0, 0, 0, 0, 0, 0, 0, 0, 0, 0, 4, 0, 0, 0, 0, 0, 0, 0, 0, 0, 0, 0, 0, 0, 0]",48,512,1572864.0,6291456.0,974889196,975145627,974897679,975296910,272,274910,28991,682317,2,19201,153312,1024,32,32,3
152,1,"[8, 1024, 48, 2, 2, 0, 0, 0, 0, 0, 0, 0, 0, 0, 0, 0, 0, 0, 0, 0, 0, 0, 0, 0, 0, 0, 0, 0, 0, 0]",384,128,196608.0,3145728.0,975316094,975326425,975325901,975329837,0,129088,129088,682318,1,10331,3936,1024,32,32,3
203,1,"[1024, 48, 2, 2, 48, 2, 2, 3, 3, 1, 1, 1, 1, 1, 1, 48, 8, 0, 0, 0, 0, 0, 0, 0, 0, 0, 0, 0, 0, 0]",192,1024,0.0,0.0,975449933,975459106,975458925,975472205,0,109887,109887,682319,1,9173,13280,1024,32,32,3
205,1,"[4, 0, 0, 0, 0, 0, 0, 0, 0, 0, 0, 0, 0, 0, 0, 4, 0, 0, 0, 0, 0, 0, 0, 0, 0, 0, 0, 0, 0, 0]",48,512,1572864.0,6291456.0,975574038,975822808,975582092,975981099,272,251007,11872,682320,2,17486,159872,1024,32,32,3
203,1,"[1024, 48, 2, 2, 48, 2, 2, 1, 1, 0, 0, 1, 1, 1, 1, 1, 8, 0, 0, 0, 0, 0, 0, 0, 0, 0, 0, 0, 0, 0]",64,256,0.0,0.0,975982971,975992734,975992971,976103531,12544,41216,41216,682321,1,9763,110560,1024,32,32,3
205,1,"[4, 0, 0, 0, 0, 0, 0, 0, 0, 0, 0, 0, 0, 0, 0, 4, 0, 0, 0, 0, 0, 0, 0, 0, 0, 0, 0, 0, 0, 0]",48,512,1572864.0,6291456.0,976135815,976385055,976144747,976535977,272,254719,16480,682322,2,18413,152991,1024,32,32,3
152,1,"[8, 1024, 48, 2, 2, 0, 0, 0, 0, 0, 0, 0, 0, 0, 0, 0, 0, 0, 0, 0, 0, 0, 0, 0, 0, 0, 0, 0, 0, 0]",384,128,196608.0,3145728.0,976543442,976552442,976552457,976556585,0,98464,98464,682323,1,9000,4128,1024,32,32,3
213,1,"[8, 1024, 48, 2, 2, 0, 0, 0, 0, 0, 0, 0, 0, 0, 0, 8, 1024, 48, 2, 2, 0, 0, 0, 0, 0, 0, 0, 0, 0, 0]",272,512,0.0,6291456.0,976646239,976655457,976655049,976667145,0,163167,163167,682324,1,9218,12096,1024,32,32,3
239,1,"[0, 0, 0, 0, 0, 0, 0, 0, 0, 0, 0, 0, 0, 0, 0, 0, 0, 0, 0, 0, 0, 0, 0, 0, 0, 0, 0, 0, 0, 0]",1536,128,0.0,0.0,976820515,976829989,976830312,976839208,0,277951,277951,682327,1,9474,8896,1024,32,32,3
203,1,"[1024, 48, 2, 2, 48, 2, 2, 1, 1, 0, 0, 1, 1, 1, 1, 1, 8, 0, 0, 0, 0, 0, 0, 0, 0, 0, 0, 0, 0, 0]",768,256,0.0,0.0,977105489,977172988,977117159,977283623,12544,101311,49439,682330,2,19410,114592,1024,32,32,3
205,1,"[4, 0, 0, 0, 0, 0, 0, 0, 0, 0, 0, 0, 0, 0, 0, 4, 0, 0, 0, 0, 0, 0, 0, 0, 0, 0, 0, 0, 0, 0]",48,512,1572864.0,6291456.0,977324347,977579767,977333062,977730085,272,262816,17760,682331,2,18658,151967,1024,32,32,3
152,1,"[8, 1024, 48, 2, 2, 0, 0, 0, 0, 0, 0, 0, 0, 0, 0, 0, 0, 0, 0, 0, 0, 0, 0, 0, 0, 0, 0, 0, 0, 0]",384,128,196608.0,3145728.0,977738738,977747943,977747845,977752197,0,128415,128415,682332,1,9205,4352,1024,32,32,3
203,1,"[1024, 48, 2, 2, 48, 2, 2, 3, 3, 1, 1, 1, 1, 1, 1, 48, 8, 0, 0, 0, 0, 0, 0, 0, 0, 0, 0, 0, 0, 0]",192,1024,0.0,0.0,977871747,977880524,977880612,977893892,0,118656,118656,682333,1,8777,13280,1024,32,32,3
205,1,"[4, 0, 0, 0, 0, 0, 0, 0, 0, 0, 0, 0, 0, 0, 0, 4, 0, 0, 0, 0, 0, 0, 0, 0, 0, 0, 0, 0, 0, 0]",48,512,1572864.0,6291456.0,978004077,978357700,978012548,978512418,272,372159,28672,682334,2,18437,156383,1024,32,32,3
203,1,"[1024, 48, 2, 2, 48, 2, 2, 1, 1, 0, 0, 1, 1, 1, 1, 1, 8, 0, 0, 0, 0, 0, 0, 0, 0, 0, 0, 0, 0, 0]",64,256,0.0,0.0,978530613,978541128,978541090,978651682,12544,44576,44576,682335,1,10515,110592,1024,32,32,3
205,1,"[4, 0, 0, 0, 0, 0, 0, 0, 0, 0, 0, 0, 0, 0, 0, 4, 0, 0, 0, 0, 0, 0, 0, 0, 0, 0, 0, 0, 0, 0]",48,512,1572864.0,6291456.0,978686325,978938835,978696258,979089952,272,254559,14240,682336,2,19083,153375,1024,32,32,3
152,1,"[8, 1024, 48, 2, 2, 0, 0, 0, 0, 0, 0, 0, 0, 0, 0, 0, 0, 0, 0, 0, 0, 0, 0, 0, 0, 0, 0, 0, 0, 0]",384,128,196608.0,3145728.0,979094575,979104013,979104192,979108384,0,91968,91968,682337,1,9438,4192,1024,32,32,3
213,1,"[8, 1024, 48, 2, 2, 0, 0, 0, 0, 0, 0, 0, 0, 0, 0, 8, 1024, 48, 2, 2, 0, 0, 0, 0, 0, 0, 0, 0, 0, 0]",272,512,0.0,6291456.0,979189492,979199414,979200352,979211904,0,168831,168831,682338,1,9922,11552,1024,32,32,3
239,1,"[0, 0, 0, 0, 0, 0, 0, 0, 0, 0, 0, 0, 0, 0, 0, 0, 0, 0, 0, 0, 0, 0, 0, 0, 0, 0, 0, 0, 0, 0]",1536,128,0.0,0.0,979370704,979380880,979380735,979390143,0,273151,273151,682341,1,10176,9408,1024,32,32,3
203,1,"[1024, 48, 2, 2, 48, 2, 2, 1, 1, 0, 0, 1, 1, 1, 1, 1, 8, 0, 0, 0, 0, 0, 0, 0, 0, 0, 0, 0, 0, 0]",768,256,0.0,0.0,979651530,979718120,979663294,979829278,12544,96031,44607,682344,2,19050,114560,1024,32,32,3
205,1,"[4, 0, 0, 0, 0, 0, 0, 0, 0, 0, 0, 0, 0, 0, 0, 4, 0, 0, 0, 0, 0, 0, 0, 0, 0, 0, 0, 0, 0, 0]",48,512,1572864.0,6291456.0,979865151,980109074,979873885,980259356,272,257408,23968,682345,2,17967,152031,1024,32,32,3
152,1,"[8, 1024, 48, 2, 2, 0, 0, 0, 0, 0, 0, 0, 0, 0, 0, 0, 0, 0, 0, 0, 0, 0, 0, 0, 0, 0, 0, 0, 0, 0]",384,128,196608.0,3145728.0,980274035,980283494,980283324,980287676,0,127296,127296,682346,1,9459,4352,1024,32,32,3
203,1,"[1024, 48, 2, 2, 48, 2, 2, 3, 3, 1, 1, 1, 1, 1, 1, 48, 8, 0, 0, 0, 0, 0, 0, 0, 0, 0, 0, 0, 0, 0]",192,1024,0.0,0.0,980405818,980414893,980414972,980427291,0,112608,112608,682347,1,9075,12319,1024,32,32,3
205,1,"[4, 0, 0, 0, 0, 0, 0, 0, 0, 0, 0, 0, 0, 0, 0, 4, 0, 0, 0, 0, 0, 0, 0, 0, 0, 0, 0, 0, 0, 0]",48,512,1572864.0,6291456.0,980532150,980780345,980539899,980935194,272,254207,15520,682348,2,16765,156608,1024,32,32,3
203,1,"[1024, 48, 2, 2, 48, 2, 2, 1, 1, 0, 0, 1, 1, 1, 1, 1, 8, 0, 0, 0, 0, 0, 0, 0, 0, 0, 0, 0, 0, 0]",64,256,0.0,0.0,980940550,980950522,980950714,981061465,12544,47776,47776,682349,1,9972,110751,1024,32,32,3
205,1,"[4, 0, 0, 0, 0, 0, 0, 0, 0, 0, 0, 0, 0, 0, 0, 4, 0, 0, 0, 0, 0, 0, 0, 0, 0, 0, 0, 0, 0, 0]",48,512,1572864.0,6291456.0,981100487,981351311,981109241,981502456,272,253695,13984,682350,2,18023,153504,1024,32,32,3
152,1,"[8, 1024, 48, 2, 2, 0, 0, 0, 0, 0, 0, 0, 0, 0, 0, 0, 0, 0, 0, 0, 0, 0, 0, 0, 0, 0, 0, 0, 0, 0]",384,128,196608.0,3145728.0,981506988,981516179,981516440,981520824,0,99423,99423,682351,1,9191,4384,1024,32,32,3
213,1,"[8, 1024, 48, 2, 2, 0, 0, 0, 0, 0, 0, 0, 0, 0, 0, 8, 1024, 48, 2, 2, 0, 0, 0, 0, 0, 0, 0, 0, 0, 0]",272,512,0.0,6291456.0,981610585,981619765,981620247,981631511,0,165024,165024,682352,1,9180,11264,1024,32,32,3
239,1,"[0, 0, 0, 0, 0, 0, 0, 0, 0, 0, 0, 0, 0, 0, 0, 0, 0, 0, 0, 0, 0, 0, 0, 0, 0, 0, 0, 0, 0, 0]",1536,128,0.0,0.0,981786214,981795785,981796535,981805335,0,277983,277983,682355,1,9571,8800,1024,32,32,3
203,1,"[1024, 48, 2, 2, 48, 2, 2, 1, 1, 0, 0, 1, 1, 1, 1, 1, 8, 0, 0, 0, 0, 0, 0, 0, 0, 0, 0, 0, 0, 0]",768,256,0.0,0.0,982071086,982138101,982083318,982249333,12544,98879,47136,682358,2,18923,114272,1024,32,32,3
205,1,"[4, 0, 0, 0, 0, 0, 0, 0, 0, 0, 0, 0, 0, 0, 0, 4, 0, 0, 0, 0, 0, 0, 0, 0, 0, 0, 0, 0, 0, 0]",48,512,1572864.0,6291456.0,982287548,982656505,982296469,982807059,272,374879,16384,682359,2,18996,152095,1024,32,32,3
152,1,"[8, 1024, 48, 2, 2, 0, 0, 0, 0, 0, 0, 0, 0, 0, 0, 0, 0, 0, 0, 0, 0, 0, 0, 0, 0, 0, 0, 0, 0, 0]",384,128,196608.0,3145728.0,982813474,982823313,982823443,982827539,0,135168,135168,682360,1,9839,4096,1024,32,32,3
203,1,"[1024, 48, 2, 2, 48, 2, 2, 3, 3, 1, 1, 1, 1, 1, 1, 48, 8, 0, 0, 0, 0, 0, 0, 0, 0, 0, 0, 0, 0, 0]",192,1024,0.0,0.0,982953447,982963000,982962707,982974995,0,113183,113183,682361,1,9553,12288,1024,32,32,3
205,1,"[4, 0, 0, 0, 0, 0, 0, 0, 0, 0, 0, 0, 0, 0, 0, 4, 0, 0, 0, 0, 0, 0, 0, 0, 0, 0, 0, 0, 0, 0]",48,512,1572864.0,6291456.0,983079924,983322285,983088178,983478769,272,253183,20480,682362,2,17989,157888,1024,32,32,3
203,1,"[1024, 48, 2, 2, 48, 2, 2, 1, 1, 0, 0, 1, 1, 1, 1, 1, 8, 0, 0, 0, 0, 0, 0, 0, 0, 0, 0, 0, 0, 0]",64,256,0.0,0.0,983489434,983499413,983499249,983609872,12544,40928,40928,682363,1,9979,110623,1024,32,32,3
205,1,"[4, 0, 0, 0, 0, 0, 0, 0, 0, 0, 0, 0, 0, 0, 0, 4, 0, 0, 0, 0, 0, 0, 0, 0, 0, 0, 0, 0, 0, 0]",48,512,1572864.0,6291456.0,983642352,983894154,983650800,984045103,272,256703,15328,682364,2,18554,152928,1024,32,32,3
152,1,"[8, 1024, 48, 2, 2, 0, 0, 0, 0, 0, 0, 0, 0, 0, 0, 0, 0, 0, 0, 0, 0, 0, 0, 0, 0, 0, 0, 0, 0, 0]",384,128,196608.0,3145728.0,984050997,984060497,984060431,984064527,0,92159,92159,682365,1,9500,4096,1024,32,32,3
213,1,"[8, 1024, 48, 2, 2, 0, 0, 0, 0, 0, 0, 0, 0, 0, 0, 8, 1024, 48, 2, 2, 0, 0, 0, 0, 0, 0, 0, 0, 0, 0]",272,512,0.0,6291456.0,984147449,984156629,984156686,984168622,0,168544,168544,682366,1,9180,11936,1024,32,32,3
239,1,"[0, 0, 0, 0, 0, 0, 0, 0, 0, 0, 0, 0, 0, 0, 0, 0, 0, 0, 0, 0, 0, 0, 0, 0, 0, 0, 0, 0, 0, 0]",1536,128,0.0,0.0,984327369,984336991,984337166,984346574,0,271199,271199,682369,1,9622,9408,1024,32,32,3
203,1,"[1024, 48, 2, 2, 48, 2, 2, 1, 1, 0, 0, 1, 1, 1, 1, 1, 8, 0, 0, 0, 0, 0, 0, 0, 0, 0, 0, 0, 0, 0]",768,256,0.0,0.0,984606816,984681784,984617773,984793484,12544,109376,48928,682372,2,19184,115263,1024,32,32,3
205,1,"[4, 0, 0, 0, 0, 0, 0, 0, 0, 0, 0, 0, 0, 0, 0, 4, 0, 0, 0, 0, 0, 0, 0, 0, 0, 0, 0, 0, 0, 0]",48,512,1572864.0,6291456.0,984833470,985079634,984842412,985229835,272,259967,24544,682373,2,17917,152000,1024,32,32,3
152,1,"[8, 1024, 48, 2, 2, 0, 0, 0, 0, 0, 0, 0, 0, 0, 0, 0, 0, 0, 0, 0, 0, 0, 0, 0, 0, 0, 0, 0, 0, 0]",384,128,196608.0,3145728.0,985244592,985254745,985254379,985258507,0,126943,126943,682374,1,10153,4128,1024,32,32,3
203,1,"[1024, 48, 2, 2, 48, 2, 2, 3, 3, 1, 1, 1, 1, 1, 1, 48, 8, 0, 0, 0, 0, 0, 0, 0, 0, 0, 0, 0, 0, 0]",192,1024,0.0,0.0,985376081,985385448,985385450,985397770,0,111936,111936,682375,1,9367,12320,1024,32,32,3
205,1,"[4, 0, 0, 0, 0, 0, 0, 0, 0, 0, 0, 0, 0, 0, 0, 4, 0, 0, 0, 0, 0, 0, 0, 0, 0, 0, 0, 0, 0, 0]",48,512,1572864.0,6291456.0,985501544,985746630,985509706,985899144,272,251455,16608,682376,2,16837,154591,1024,32,32,3
203,1,"[1024, 48, 2, 2, 48, 2, 2, 1, 1, 0, 0, 1, 1, 1, 1, 1, 8, 0, 0, 0, 0, 0, 0, 0, 0, 0, 0, 0, 0, 0]",64,256,0.0,0.0,985905233,985915543,985915752,986026472,12544,47104,47104,682377,1,10310,110720,1024,32,32,3
205,1,"[4, 0, 0, 0, 0, 0, 0, 0, 0, 0, 0, 0, 0, 0, 0, 4, 0, 0, 0, 0, 0, 0, 0, 0, 0, 0, 0, 0, 0, 0]",48,512,1572864.0,6291456.0,986064997,986308041,986073576,986458630,272,266976,34464,682378,2,17627,152542,1024,32,32,3
152,1,"[8, 1024, 48, 2, 2, 0, 0, 0, 0, 0, 0, 0, 0, 0, 0, 0, 0, 0, 0, 0, 0, 0, 0, 0, 0, 0, 0, 0, 0, 0]",384,128,196608.0,3145728.0,986483086,986492942,986493094,986497542,0,94112,94112,682379,1,9856,4448,1024,32,32,3
213,1,"[8, 1024, 48, 2, 2, 0, 0, 0, 0, 0, 0, 0, 0, 0, 0, 8, 1024, 48, 2, 2, 0, 0, 0, 0, 0, 0, 0, 0, 0, 0]",272,512,0.0,6291456.0,986582011,986591191,986591654,986603398,0,273503,273503,682380,1,9180,11744,1024,32,32,3
239,1,"[0, 0, 0, 0, 0, 0, 0, 0, 0, 0, 0, 0, 0, 0, 0, 0, 0, 0, 0, 0, 0, 0, 0, 0, 0, 0, 0, 0, 0, 0]",1536,128,0.0,0.0,986865528,986877077,986876901,986884613,0,294879,294879,682383,1,11549,7712,1024,32,32,3
203,1,"[1024, 48, 2, 2, 48, 2, 2, 1, 1, 0, 0, 1, 1, 1, 1, 1, 8, 0, 0, 0, 0, 0, 0, 0, 0, 0, 0, 0, 0, 0]",768,256,0.0,0.0,987167906,987235180,987179492,987345411,12544,99711,48480,682386,2,19205,114688,1024,32,32,3
205,1,"[4, 0, 0, 0, 0, 0, 0, 0, 0, 0, 0, 0, 0, 0, 0, 4, 0, 0, 0, 0, 0, 0, 0, 0, 0, 0, 0, 0, 0, 0]",48,512,1572864.0,6291456.0,987385150,987639341,987393891,987789826,272,259615,15488,682387,2,18024,151808,1024,32,32,3
152,1,"[8, 1024, 48, 2, 2, 0, 0, 0, 0, 0, 0, 0, 0, 0, 0, 0, 0, 0, 0, 0, 0, 0, 0, 0, 0, 0, 0, 0, 0, 0]",384,128,196608.0,3145728.0,987796315,987805356,987805314,987809633,0,135840,135840,682388,1,9041,4319,1024,32,32,3
203,1,"[1024, 48, 2, 2, 48, 2, 2, 3, 3, 1, 1, 1, 1, 1, 1, 48, 8, 0, 0, 0, 0, 0, 0, 0, 0, 0, 0, 0, 0, 0]",192,1024,0.0,0.0,987936248,987945064,987945473,987957761,0,114655,114655,682389,1,8816,12288,1024,32,32,3
205,1,"[4, 0, 0, 0, 0, 0, 0, 0, 0, 0, 0, 0, 0, 0, 0, 4, 0, 0, 0, 0, 0, 0, 0, 0, 0, 0, 0, 0, 0, 0]",48,512,1572864.0,6291456.0,988064187,988315938,988072416,988471263,272,259039,17408,682390,2,17420,157216,1024,32,32,3
203,1,"[1024, 48, 2, 2, 48, 2, 2, 1, 1, 0, 0, 1, 1, 1, 1, 1, 8, 0, 0, 0, 0, 0, 0, 0, 0, 0, 0, 0, 0, 0]",64,256,0.0,0.0,988479018,988488887,988488671,988600127,12544,47776,47776,682391,1,9869,111456,1024,32,32,3
205,1,"[4, 0, 0, 0, 0, 0, 0, 0, 0, 0, 0, 0, 0, 0, 0, 4, 0, 0, 0, 0, 0, 0, 0, 0, 0, 0, 0, 0, 0, 0]",48,512,1572864.0,6291456.0,988639316,988891054,988647903,989041149,272,257120,15936,682392,2,17948,152062,1024,32,32,3
152,1,"[8, 1024, 48, 2, 2, 0, 0, 0, 0, 0, 0, 0, 0, 0, 0, 0, 0, 0, 0, 0, 0, 0, 0, 0, 0, 0, 0, 0, 0, 0]",384,128,196608.0,3145728.0,989047253,989056877,989057085,989061437,0,91552,91552,682393,1,9624,4352,1024,32,32,3
213,1,"[8, 1024, 48, 2, 2, 0, 0, 0, 0, 0, 0, 0, 0, 0, 0, 8, 1024, 48, 2, 2, 0, 0, 0, 0, 0, 0, 0, 0, 0, 0]",272,512,0.0,6291456.0,989142409,989152340,989152989,989164029,0,167711,167711,682394,1,9931,11040,1024,32,32,3
239,1,"[0, 0, 0, 0, 0, 0, 0, 0, 0, 0, 0, 0, 0, 0, 0, 0, 0, 0, 0, 0, 0, 0, 0, 0, 0, 0, 0, 0, 0, 0]",1536,128,0.0,0.0,989322502,989331570,989331740,989340060,0,278591,278591,682397,1,9068,8320,1024,32,32,3
203,1,"[1024, 48, 2, 2, 48, 2, 2, 1, 1, 0, 0, 1, 1, 1, 1, 1, 8, 0, 0, 0, 0, 0, 0, 0, 0, 0, 0, 0, 0, 0]",768,256,0.0,0.0,989606297,989673816,989618651,989784571,12544,100319,49151,682400,2,19228,114752,1024,32,32,3
205,1,"[4, 0, 0, 0, 0, 0, 0, 0, 0, 0, 0, 0, 0, 0, 0, 4, 0, 0, 0, 0, 0, 0, 0, 0, 0, 0, 0, 0, 0, 0]",48,512,1572864.0,6291456.0,989825234,990076555,989833722,990226937,272,259199,18400,682401,2,18430,152416,1024,32,32,3
152,1,"[8, 1024, 48, 2, 2, 0, 0, 0, 0, 0, 0, 0, 0, 0, 0, 0, 0, 0, 0, 0, 0, 0, 0, 0, 0, 0, 0, 0, 0, 0]",384,128,196608.0,3145728.0,990235842,990245769,990245337,990249465,0,134527,134527,682402,1,9927,4128,1024,32,32,3
203,1,"[1024, 48, 2, 2, 48, 2, 2, 3, 3, 1, 1, 1, 1, 1, 1, 48, 8, 0, 0, 0, 0, 0, 0, 0, 0, 0, 0, 0, 0, 0]",192,1024,0.0,0.0,990374174,990383940,990383992,990396856,0,127392,127392,682403,1,9766,12864,1024,32,32,3
205,1,"[4, 0, 0, 0, 0, 0, 0, 0, 0, 0, 0, 0, 0, 0, 0, 4, 0, 0, 0, 0, 0, 0, 0, 0, 0, 0, 0, 0, 0, 0]",48,512,1572864.0,6291456.0,990515720,990767001,990524248,990928534,272,256479,15328,682404,2,17840,163135,1024,32,32,3
203,1,"[1024, 48, 2, 2, 48, 2, 2, 1, 1, 0, 0, 1, 1, 1, 1, 1, 8, 0, 0, 0, 0, 0, 0, 0, 0, 0, 0, 0, 0, 0]",64,256,0.0,0.0,990933730,990943633,990943862,991054326,12544,47104,47104,682405,1,9903,110464,1024,32,32,3
205,1,"[4, 0, 0, 0, 0, 0, 0, 0, 0, 0, 0, 0, 0, 0, 0, 4, 0, 0, 0, 0, 0, 0, 0, 0, 0, 0, 0, 0, 0, 0]",48,512,1572864.0,6291456.0,991092663,991456417,991101430,991607284,272,376190,23680,682406,2,19279,153344,1024,32,32,3
152,1,"[8, 1024, 48, 2, 2, 0, 0, 0, 0, 0, 0, 0, 0, 0, 0, 0, 0, 0, 0, 0, 0, 0, 0, 0, 0, 0, 0, 0, 0, 0]",384,128,196608.0,3145728.0,991620480,991630878,991630964,991635316,0,92160,92160,682407,1,10398,4352,1024,32,32,3
213,1,"[8, 1024, 48, 2, 2, 0, 0, 0, 0, 0, 0, 0, 0, 0, 0, 8, 1024, 48, 2, 2, 0, 0, 0, 0, 0, 0, 0, 0, 0, 0]",272,512,0.0,6291456.0,991717740,991726734,991727476,991738356,0,167999,167999,682408,1,8994,10880,1024,32,32,3
239,1,"[0, 0, 0, 0, 0, 0, 0, 0, 0, 0, 0, 0, 0, 0, 0, 0, 0, 0, 0, 0, 0, 0, 0, 0, 0, 0, 0, 0, 0, 0]",1536,128,0.0,0.0,991896732,991906579,991906355,991915923,0,197343,197343,682411,1,9847,9568,1024,32,32,3
203,1,"[1024, 96, 2, 2, 96, 1, 1, 3, 3, 1, 1, 2, 2, 1, 1, 96, 8, 0, 0, 0, 0, 0, 0, 0, 0, 0, 0, 0, 0, 0]",96,1024,0.0,0.0,992102704,992113960,992113266,992123378,0,126944,126944,682413,1,11256,10112,1024,32,32,3
205,1,"[4, 0, 0, 0, 0, 0, 0, 0, 0, 0, 0, 0, 0, 0, 0, 4, 0, 0, 0, 0, 0, 0, 0, 0, 0, 0, 0, 0, 0, 0]",96,512,786432.0,3145728.0,992241184,992494683,992250322,992797167,272,241664,1,682414,2,20357,305182,1024,32,32,3
203,1,"[1024, 96, 1, 1, 96, 1, 1, 1, 1, 0, 0, 1, 1, 1, 1, 1, 8, 0, 0, 0, 0, 0, 0, 0, 0, 0, 0, 0, 0, 0]",32,256,0.0,0.0,992661114,992673574,992797168,992911760,10496,45407,45407,682415,1,12460,114592,1024,32,32,3
205,1,"[4, 0, 0, 0, 0, 0, 0, 0, 0, 0, 0, 0, 0, 0, 0, 4, 0, 0, 0, 0, 0, 0, 0, 0, 0, 0, 0, 0, 0, 0]",96,512,786432.0,3145728.0,992948279,993202652,992957167,993501676,272,243328,1,682416,2,20522,301182,1024,32,32,3
152,1,"[8, 1024, 96, 1, 1, 0, 0, 0, 0, 0, 0, 0, 0, 0, 0, 0, 0, 0, 0, 0, 0, 0, 0, 0, 0, 0, 0, 0, 0, 0]",192,128,98304.0,1572864.0,993383870,993395498,993501677,993505517,0,116704,116704,682417,1,11628,3840,1024,32,32,3
203,1,"[1024, 96, 2, 2, 96, 2, 2, 1, 1, 0, 0, 1, 1, 1, 1, 1, 8, 0, 0, 0, 0, 0, 0, 0, 0, 0, 0, 0, 0, 0]",96,256,0.0,0.0,993610978,993631686,993622221,994621001,20736,55232,47008,682418,2,18672,990556,1024,32,32,3
205,1,"[4, 0, 0, 0, 0, 0, 0, 0, 0, 0, 0, 0, 0, 0, 0, 4, 0, 0, 0, 0, 0, 0, 0, 0, 0, 0, 0, 0, 0, 0]",96,512,3145728.0,12582912.0,994658586,994908956,994668009,995208711,272,239135,512,682419,2,18332,302079,1024,32,32,3
152,1,"[8, 1024, 96, 2, 2, 0, 0, 0, 0, 0, 0, 0, 0, 0, 0, 0, 0, 0, 0, 0, 0, 0, 0, 0, 0, 0, 0, 0, 0, 0]",768,128,393216.0,6291456.0,995074319,995084187,995209223,995215623,0,2240,2240,682420,1,9868,6400,1024,32,32,3
203,1,"[1024, 96, 2, 2, 96, 1, 1, 3, 3, 1, 1, 2, 2, 1, 1, 96, 8, 0, 0, 0, 0, 0, 0, 0, 0, 0, 0, 0, 0, 0]",96,1024,0.0,0.0,995208284,995217552,995217863,995227495,0,117344,117344,682421,1,9268,9632,1024,32,32,3
205,1,"[4, 0, 0, 0, 0, 0, 0, 0, 0, 0, 0, 0, 0, 0, 0, 4, 0, 0, 0, 0, 0, 0, 0, 0, 0, 0, 0, 0, 0, 0]",96,512,786432.0,3145728.0,995336939,995586446,995344839,995897829,272,241023,1408,682422,2,17970,313375,1024,32,32,3
203,1,"[1024, 96, 1, 1, 96, 1, 1, 1, 1, 0, 0, 1, 1, 1, 1, 1, 8, 0, 0, 0, 0, 0, 0, 0, 0, 0, 0, 0, 0, 0]",32,256,0.0,0.0,995756014,995766858,995899237,996012516,10496,46752,46752,682423,1,10844,113279,1024,32,32,3
205,1,"[4, 0, 0, 0, 0, 0, 0, 0, 0, 0, 0, 0, 0, 0, 0, 4, 0, 0, 0, 0, 0, 0, 0, 0, 0, 0, 0, 0, 0, 0]",96,512,786432.0,3145728.0,996049613,996307863,996059268,996607747,272,246784,480,682424,2,20777,302175,1024,32,32,3
152,1,"[8, 1024, 96, 1, 1, 0, 0, 0, 0, 0, 0, 0, 0, 0, 0, 0, 0, 0, 0, 0, 0, 0, 0, 0, 0, 0, 0, 0, 0, 0]",192,128,98304.0,1572864.0,996475894,996485877,996608227,996611554,0,512,512,682425,1,9983,3327,1024,32,32,3
213,1,"[8, 1024, 96, 1, 1, 0, 0, 0, 0, 0, 0, 0, 0, 0, 0, 8, 1024, 96, 1, 1, 0, 0, 0, 0, 0, 0, 0, 0, 0, 0]",272,512,0.0,3145728.0,996577075,996586096,996612066,996616674,0,262559,262559,682426,1,9021,4608,1024,32,32,3
239,1,"[0, 0, 0, 0, 0, 0, 0, 0, 0, 0, 0, 0, 0, 0, 0, 0, 0, 0, 0, 0, 0, 0, 0, 0, 0, 0, 0, 0, 0, 0]",768,128,0.0,0.0,996867747,996879602,996879233,996882913,0,296287,296287,682429,1,11855,3680,1024,32,32,3
203,1,"[1024, 96, 1, 1, 96, 1, 1, 1, 1, 0, 0, 1, 1, 1, 1, 1, 8, 0, 0, 0, 0, 0, 0, 0, 0, 0, 0, 0, 0, 0]",384,256,0.0,0.0,997166466,997244641,997179200,997358048,10496,118304,55520,682432,2,20657,116064,1024,32,32,3
205,1,"[4, 0, 0, 0, 0, 0, 0, 0, 0, 0, 0, 0, 0, 0, 0, 4, 0, 0, 0, 0, 0, 0, 0, 0, 0, 0, 0, 0, 0, 0]",96,512,786432.0,3145728.0,997403879,997657299,997413568,997956062,272,243071,1408,682433,2,19824,300831,1024,32,32,3
152,1,"[8, 1024, 96, 1, 1, 0, 0, 0, 0, 0, 0, 0, 0, 0, 0, 0, 0, 0, 0, 0, 0, 0, 0, 0, 0, 0, 0, 0, 0, 0]",192,128,98304.0,1572864.0,997823300,997833043,997957470,997960158,0,2016,2016,682434,1,9743,2688,1024,32,32,3
203,1,"[1024, 96, 1, 1, 96, 1, 1, 3, 3, 1, 1, 1, 1, 1, 1, 96, 8, 0, 0, 0, 0, 0, 0, 0, 0, 0, 0, 0, 0, 0]",96,1024,0.0,0.0,997953137,997962364,997962174,997971422,0,114175,114175,682435,1,9227,9248,1024,32,32,3
205,1,"[4, 0, 0, 0, 0, 0, 0, 0, 0, 0, 0, 0, 0, 0, 0, 4, 0, 0, 0, 0, 0, 0, 0, 0, 0, 0, 0, 0, 0, 0]",96,512,786432.0,3145728.0,998077778,998323877,998085597,998648091,272,237343,160,682436,2,17405,325311,1024,32,32,3
203,1,"[1024, 96, 1, 1, 96, 1, 1, 1, 1, 0, 0, 1, 1, 1, 1, 1, 8, 0, 0, 0, 0, 0, 0, 0, 0, 0, 0, 0, 0, 0]",32,256,0.0,0.0,998497068,998507723,998648251,998761947,10496,46112,46112,682437,1,10655,113696,1024,32,32,3
205,1,"[4, 0, 0, 0, 0, 0, 0, 0, 0, 0, 0, 0, 0, 0, 0, 4, 0, 0, 0, 0, 0, 0, 0, 0, 0, 0, 0, 0, 0, 0]",96,512,786432.0,3145728.0,998798765,999054761,998808059,999354840,272,245152,1,682438,2,18866,301630,1024,32,32,3
152,1,"[8, 1024, 96, 1, 1, 0, 0, 0, 0, 0, 0, 0, 0, 0, 0, 0, 0, 0, 0, 0, 0, 0, 0, 0, 0, 0, 0, 0, 0, 0]",192,128,98304.0,1572864.0,999210323,999219875,999354841,999358873,0,32,32,682439,1,9552,4032,1024,32,32,3
213,1,"[8, 1024, 96, 1, 1, 0, 0, 0, 0, 0, 0, 0, 0, 0, 0, 8, 1024, 96, 1, 1, 0, 0, 0, 0, 0, 0, 0, 0, 0, 0]",272,512,0.0,3145728.0,999306009,999314585,999358905,999366713,0,129407,129407,682440,1,8576,7808,1024,32,32,3
239,1,"[0, 0, 0, 0, 0, 0, 0, 0, 0, 0, 0, 0, 0, 0, 0, 0, 0, 0, 0, 0, 0, 0, 0, 0, 0, 0, 0, 0, 0, 0]",768,128,0.0,0.0,999485242,999495567,999496120,999499960,0,274655,274655,682443,1,10325,3840,1024,32,32,3
203,1,"[1024, 96, 1, 1, 96, 1, 1, 1, 1, 0, 0, 1, 1, 1, 1, 1, 8, 0, 0, 0, 0, 0, 0, 0, 0, 0, 0, 0, 0, 0]",384,256,0.0,0.0,999763442,999840115,999774615,999954455,10496,107103,43647,682446,2,19462,116384,1024,32,32,3
205,1,"[4, 0, 0, 0, 0, 0, 0, 0, 0, 0, 0, 0, 0, 0, 0, 4, 0, 0, 0, 0, 0, 0, 0, 0, 0, 0, 0, 0, 0, 0]",96,512,786432.0,3145728.0,999989276,1000232971,999998102,1000532436,272,233087,1,682447,2,18274,301248,1024,32,32,3
152,1,"[8, 1024, 96, 1, 1, 0, 0, 0, 0, 0, 0, 0, 0, 0, 0, 0, 0, 0, 0, 0, 0, 0, 0, 0, 0, 0, 0, 0, 0, 0]",192,128,98304.0,1572864.0,1000398772,1000408992,1000532437,1000536468,0,3617,3617,682448,1,10220,4031,1024,32,32,3
203,1,"[1024, 96, 1, 1, 96, 1, 1, 3, 3, 1, 1, 1, 1, 1, 1, 96, 8, 0, 0, 0, 0, 0, 0, 0, 0, 0, 0, 0, 0, 0]",96,1024,0.0,0.0,1000529817,1000539251,1000540085,1000548821,0,112671,112671,682449,1,9434,8736,1024,32,32,3
205,1,"[4, 0, 0, 0, 0, 0, 0, 0, 0, 0, 0, 0, 0, 0, 0, 4, 0, 0, 0, 0, 0, 0, 0, 0, 0, 0, 0, 0, 0, 0]",96,512,786432.0,3145728.0,1000654101,1000901041,1000661492,1001232338,272,238015,480,682450,2,16843,333311,1024,32,32,3
203,1,"[1024, 96, 1, 1, 96, 1, 1, 1, 1, 0, 0, 1, 1, 1, 1, 1, 8, 0, 0, 0, 0, 0, 0, 0, 0, 0, 0, 0, 0, 0]",32,256,0.0,0.0,1001068027,1001078373,1001232818,1001345490,10496,47552,47552,682451,1,10346,112672,1024,32,32,3
205,1,"[4, 0, 0, 0, 0, 0, 0, 0, 0, 0, 0, 0, 0, 0, 0, 4, 0, 0, 0, 0, 0, 0, 0, 0, 0, 0, 0, 0, 0, 0]",96,512,786432.0,3145728.0,1001384702,1001744701,1001393042,1002043855,272,351295,1088,682452,2,19166,300606,1024,32,32,3
152,1,"[8, 1024, 96, 1, 1, 0, 0, 0, 0, 0, 0, 0, 0, 0, 0, 0, 0, 0, 0, 0, 0, 0, 0, 0, 0, 0, 0, 0, 0, 0]",192,128,98304.0,1572864.0,1001902584,1001912559,1002044943,1002047918,0,1,1,682453,1,9975,2975,1024,32,32,3
213,1,"[8, 1024, 96, 1, 1, 0, 0, 0, 0, 0, 0, 0, 0, 0, 0, 8, 1024, 96, 1, 1, 0, 0, 0, 0, 0, 0, 0, 0, 0, 0]",272,512,0.0,3145728.0,1001997174,1002005849,1002047919,1002055375,0,129280,129280,682454,1,8675,7456,1024,32,32,3
239,1,"[0, 0, 0, 0, 0, 0, 0, 0, 0, 0, 0, 0, 0, 0, 0, 0, 0, 0, 0, 0, 0, 0, 0, 0, 0, 0, 0, 0, 0, 0]",768,128,0.0,0.0,1002174311,1002184480,1002184655,1002188335,0,281183,281183,682457,1,10169,3680,1024,32,32,3
203,1,"[1024, 96, 1, 1, 96, 1, 1, 1, 1, 0, 0, 1, 1, 1, 1, 1, 8, 0, 0, 0, 0, 0, 0, 0, 0, 0, 0, 0, 0, 0]",384,256,0.0,0.0,1002457619,1002540361,1002469518,1002654157,10496,111392,42784,682460,2,19574,116031,1024,32,32,3
205,1,"[4, 0, 0, 0, 0, 0, 0, 0, 0, 0, 0, 0, 0, 0, 0, 4, 0, 0, 0, 0, 0, 0, 0, 0, 0, 0, 0, 0, 0, 0]",96,512,786432.0,3145728.0,1002687938,1002931592,1002696941,1003231211,272,233471,448,682461,2,17916,301247,1024,32,32,3
152,1,"[8, 1024, 96, 1, 1, 0, 0, 0, 0, 0, 0, 0, 0, 0, 0, 0, 0, 0, 0, 0, 0, 0, 0, 0, 0, 0, 0, 0, 0, 0]",192,128,98304.0,1572864.0,1003096414,1003105955,1003231659,1003235211,0,576,576,682462,1,9541,3552,1024,32,32,3
203,1,"[1024, 96, 1, 1, 96, 1, 1, 3, 3, 1, 1, 1, 1, 1, 1, 96, 8, 0, 0, 0, 0, 0, 0, 0, 0, 0, 0, 0, 0, 0]",96,1024,0.0,0.0,1003226483,1003235517,1003235787,1003243979,0,115232,115232,682463,1,9034,8192,1024,32,32,3
205,1,"[4, 0, 0, 0, 0, 0, 0, 0, 0, 0, 0, 0, 0, 0, 0, 4, 0, 0, 0, 0, 0, 0, 0, 0, 0, 0, 0, 0, 0, 0]",96,512,786432.0,3145728.0,1003351623,1003598308,1003359211,1003927624,272,236832,385,682464,2,16985,331966,1024,32,32,3
203,1,"[1024, 96, 1, 1, 96, 1, 1, 1, 1, 0, 0, 1, 1, 1, 1, 1, 8, 0, 0, 0, 0, 0, 0, 0, 0, 0, 0, 0, 0, 0]",32,256,0.0,0.0,1003763068,1003773277,1003928009,1004041992,10496,47296,47296,682465,1,10209,113983,1024,32,32,3
205,1,"[4, 0, 0, 0, 0, 0, 0, 0, 0, 0, 0, 0, 0, 0, 0, 4, 0, 0, 0, 0, 0, 0, 0, 0, 0, 0, 0, 0, 0, 0]",96,512,786432.0,3145728.0,1004079962,1004331148,1004089288,1004631494,272,240831,480,682466,2,18375,301855,1024,32,32,3
152,1,"[8, 1024, 96, 1, 1, 0, 0, 0, 0, 0, 0, 0, 0, 0, 0, 0, 0, 0, 0, 0, 0, 0, 0, 0, 0, 0, 0, 0, 0, 0]",192,128,98304.0,1572864.0,1004487247,1004496690,1004631974,1004634566,0,1216,1216,682467,1,9443,2592,1024,32,32,3
213,1,"[8, 1024, 96, 1, 1, 0, 0, 0, 0, 0, 0, 0, 0, 0, 0, 8, 1024, 96, 1, 1, 0, 0, 0, 0, 0, 0, 0, 0, 0, 0]",272,512,0.0,3145728.0,1004583565,1004592710,1004635782,1004642406,0,131392,131392,682468,1,9145,6624,1024,32,32,3
239,1,"[0, 0, 0, 0, 0, 0, 0, 0, 0, 0, 0, 0, 0, 0, 0, 0, 0, 0, 0, 0, 0, 0, 0, 0, 0, 0, 0, 0, 0, 0]",768,128,0.0,0.0,1004763690,1004773876,1004773798,1004777926,0,277791,277791,682471,1,10186,4128,1024,32,32,3
203,1,"[1024, 192, 1, 1, 1024, 1, 1, 1, 1, 0, 0, 1, 1, 1, 1, 1, 8, 0, 0, 0, 0, 0, 0, 0, 0, 0, 0, 0, 0, 0]",128,256,0.0,0.0,1005043702,1005056334,1005055717,1005900226,18688,53728,53728,682473,1,12632,844509,1024,32,32,3
205,1,"[4, 0, 0, 0, 0, 0, 0, 0, 0, 0, 0, 0, 0, 0, 0, 4, 0, 0, 0, 0, 0, 0, 0, 0, 0, 0, 0, 0, 0, 0]",1024,512,8388608.0,33554432.0,1005944626,1006186291,1005953954,1008550328,272,232416,1184,682474,2,19167,2365142,1024,32,32,3
152,1,"[8, 1024, 1024, 1, 1, 0, 0, 0, 0, 0, 0, 0, 0, 0, 0, 0, 0, 0, 0, 0, 0, 0, 0, 0, 0, 0, 0, 0, 0, 0]",2048,128,1048576.0,16777216.0,1006330176,1006345201,1008551512,1008581048,0,384,384,682475,1,15025,29536,1024,32,32,3
210,1,"[8, 1024, 1024, 1, 1, 0, 0, 0, 0, 0, 0, 0, 0, 0, 0, 0, 0, 0, 0, 0, 0, 0, 0, 0, 0, 0, 0, 0, 0, 0]",2048,128,1048577.0,8388616.0,1006446251,1006457536,1008581432,1008621976,16,32,32,682476,1,11285,40544,1024,32,32,3
201,1,"[8, 1024, 1024, 0, 0, 0, 0, 0, 0, 0, 8, 327, 1024, 0, 0, 0, 0, 0, 0, 0, 8, 327, 0, 0, 0, 0, 0, 0, 0, 0]",96,64,685768704.0,9058304.0,1006626986,1006640473,1008622008,1010835120,17408,768,768,682477,1,13487,2213112,1024,32,32,3
181,1,"[8, 1024, 327, 0, 0, 0, 0, 0, 0, 0, 0, 0, 0, 0, 0, 4, 1024, 327, 0, 0, 0, 0, 0, 0, 0, 0, 0, 0, 0, 0]",654,512,0.0,0.0,1006767658,1006906062,1010835888,1010926000,16,650110,646206,682479,5,41985,86208,1024,32,32,3
181,2,"[8, 1024, 327, 0, 0, 0, 0, 0, 0, 0, 0, 0, 0, 0, 0, 4, 1024, 327, 0, 0, 0, 0, 0, 0, 0, 0, 0, 0, 0, 0]",654,128,0.0,0.0,1011537274,1011879261,1011572206,1011913132,0,4057234,3764179,682479,4,96554,47871,1024,32,32,3
210,2,"[8, 1024, 1024, 1, 1, 0, 0, 0, 0, 0, 0, 0, 0, 0, 0, 0, 0, 0, 0, 0, 0, 0, 0, 0, 0, 0, 0, 0, 0, 0]",2048,128,1048577.0,8388616.0,1012500900,1012517637,1015677311,1015710111,0,1120,1120,682476,1,16737,32800,1024,32,32,3
152,2,"[8, 1024, 1024, 1, 1, 0, 0, 0, 0, 0, 0, 0, 0, 0, 0, 0, 0, 0, 0, 0, 0, 0, 0, 0, 0, 0, 0, 0, 0, 0]",2048,128,1048576.0,25165824.0,1012592022,1012609579,1015711231,1015759263,0,1248,1248,682475,1,17557,48032,1024,32,32,3
205,2,"[8, 1024, 1024, 1, 1, 0, 0, 0, 0, 0, 0, 0, 0, 0, 0, 0, 0, 0, 0, 0, 0, 0, 0, 0, 0, 0, 0, 0, 0, 0]",1024,512,8388608.0,41943040.0,1012760484,1012780246,1015760511,1016299869,800,6208,6208,682474,1,19762,539358,1024,32,32,3
203,2,"[1024, 192, 1, 1, 1024, 1, 1, 1, 1, 0, 0, 1, 1, 1, 1, 1, 8, 0, 0, 0, 0, 0, 0, 0, 0, 0, 0, 0, 0, 0]",768,256,0.0,0.0,1013203283,1013479108,1016306077,1021606249,20736,22529,16161,682473,3,54906,5293804,1024,32,32,3
152,2,"[8, 1024, 96, 1, 1, 0, 0, 0, 0, 0, 0, 0, 0, 0, 0, 0, 0, 0, 0, 0, 0, 0, 0, 0, 0, 0, 0, 0, 0, 0]",384,128,98304.0,2359296.0,1013974053,1013992750,1021622410,1021626762,0,1088,1088,682467,1,18697,4352,1024,32,32,3
205,2,"[8, 1024, 96, 1, 1, 0, 0, 0, 0, 0, 0, 0, 0, 0, 0, 0, 0, 0, 0, 0, 0, 0, 0, 0, 0, 0, 0, 0, 0, 0]",96,512,786432.0,3932160.0,1014130192,1014148326,1021627850,1021699466,800,5088,5088,682466,1,18134,71616,1024,32,32,3
203,2,"[1024, 96, 1, 1, 96, 1, 1, 1, 1, 0, 0, 1, 1, 1, 1, 1, 8, 0, 0, 0, 0, 0, 0, 0, 0, 0, 0, 0, 0, 0]",9216,256,18874368.0,1646592.0,1014486396,1014695267,1021704554,1024004449,6400,8257,3617,682465,3,50097,2295255,1024,32,32,3
205,2,"[8, 1024, 96, 1, 1, 0, 0, 0, 0, 0, 0, 0, 0, 0, 0, 0, 0, 0, 0, 0, 0, 0, 0, 0, 0, 0, 0, 0, 0, 0]",96,512,786432.0,3932160.0,1014935152,1014952323,1024008066,1024079266,800,5056,5056,682464,1,17171,71200,1024,32,32,3
203,2,"[1024, 96, 1, 1, 96, 1, 1, 3, 3, 1, 1, 1, 1, 1, 1, 96, 8, 0, 0, 0, 0, 0, 0, 0, 0, 0, 0, 0, 0, 0]",864,1024,0.0,0.0,1015184306,1015232792,1024084322,1024267745,0,4224,2944,682463,2,30013,182143,1024,32,32,3
152,2,"[8, 1024, 96, 1, 1, 0, 0, 0, 0, 0, 0, 0, 0, 0, 0, 0, 0, 0, 0, 0, 0, 0, 0, 0, 0, 0, 0, 0, 0, 0]",192,128,98304.0,2359296.0,1015358903,1015374207,1024270689,1024274177,0,576,576,682462,1,15304,3488,1024,32,32,3
205,2,"[8, 1024, 96, 1, 1, 0, 0, 0, 0, 0, 0, 0, 0, 0, 0, 0, 0, 0, 0, 0, 0, 0, 0, 0, 0, 0, 0, 0, 0, 0]",96,512,786432.0,3932160.0,1015500044,1015516260,1024274753,1024345921,800,5792,5792,682461,1,16216,71168,1024,32,32,3
203,2,"[1024, 96, 1, 1, 96, 1, 1, 1, 1, 0, 0, 1, 1, 1, 1, 1, 8, 0, 0, 0, 0, 0, 0, 0, 0, 0, 0, 0, 0, 0]",9216,256,18874368.0,1646592.0,1015763311,1016075819,1024351713,1026646392,6400,20160,15008,682460,4,56969,2289527,1024,32,32,3
152,2,"[8, 1024, 96, 1, 1, 0, 0, 0, 0, 0, 0, 0, 0, 0, 0, 0, 0, 0, 0, 0, 0, 0, 0, 0, 0, 0, 0, 0, 0, 0]",384,128,98304.0,2359296.0,1016594308,1016611669,1026661400,1026666872,0,224,224,682453,1,17361,5472,1024,32,32,3
205,2,"[8, 1024, 96, 1, 1, 0, 0, 0, 0, 0, 0, 0, 0, 0, 0, 0, 0, 0, 0, 0, 0, 0, 0, 0, 0, 0, 0, 0, 0, 0]",96,512,786432.0,3932160.0,1016743622,1016760749,1026667096,1026738456,800,5920,5920,682452,1,17127,71360,1024,32,32,3
203,2,"[1024, 96, 1, 1, 96, 1, 1, 1, 1, 0, 0, 1, 1, 1, 1, 1, 8, 0, 0, 0, 0, 0, 0, 0, 0, 0, 0, 0, 0, 0]",9216,256,18874368.0,1646592.0,1017051937,1017238117,1026744376,1029040496,6400,7809,4448,682451,3,42495,2292759,1024,32,32,3
205,2,"[8, 1024, 96, 1, 1, 0, 0, 0, 0, 0, 0, 0, 0, 0, 0, 0, 0, 0, 0, 0, 0, 0, 0, 0, 0, 0, 0, 0, 0, 0]",96,512,786432.0,3932160.0,1017471179,1017487721,1029044944,1029116239,800,5953,5953,682450,1,16542,71295,1024,32,32,3
203,2,"[1024, 96, 1, 1, 96, 1, 1, 3, 3, 1, 1, 1, 1, 1, 1, 96, 8, 0, 0, 0, 0, 0, 0, 0, 0, 0, 0, 0, 0, 0]",864,1024,0.0,0.0,1017714840,1017782784,1029122192,1029304687,0,5120,4064,682449,2,50988,181439,1024,32,32,3
152,2,"[8, 1024, 96, 1, 1, 0, 0, 0, 0, 0, 0, 0, 0, 0, 0, 0, 0, 0, 0, 0, 0, 0, 0, 0, 0, 0, 0, 0, 0, 0]",192,128,98304.0,2359296.0,1017910776,1017925433,1029308751,1029312047,0,544,544,682448,1,14657,3296,1024,32,32,3
205,2,"[8, 1024, 96, 1, 1, 0, 0, 0, 0, 0, 0, 0, 0, 0, 0, 0, 0, 0, 0, 0, 0, 0, 0, 0, 0, 0, 0, 0, 0, 0]",96,512,786432.0,3932160.0,1018052758,1018068691,1029312591,1029382511,800,6144,6144,682447,1,15933,69920,1024,32,32,3
203,2,"[1024, 96, 1, 1, 96, 1, 1, 1, 1, 0, 0, 1, 1, 1, 1, 1, 8, 0, 0, 0, 0, 0, 0, 0, 0, 0, 0, 0, 0, 0]",9216,256,18874368.0,1646592.0,1018296091,1018633971,1029388655,1031680359,6400,19712,15744,682446,4,58312,2287736,1024,32,32,3
152,2,"[8, 1024, 96, 1, 1, 0, 0, 0, 0, 0, 0, 0, 0, 0, 0, 0, 0, 0, 0, 0, 0, 0, 0, 0, 0, 0, 0, 0, 0, 0]",384,128,98304.0,2359296.0,1019146076,1019162747,1031696103,1031700839,0,1088,1088,682439,1,16671,4736,1024,32,32,3
205,2,"[8, 1024, 96, 1, 1, 0, 0, 0, 0, 0, 0, 0, 0, 0, 0, 0, 0, 0, 0, 0, 0, 0, 0, 0, 0, 0, 0, 0, 0, 0]",96,512,786432.0,3932160.0,1019294999,1019311941,1031701927,1031772518,800,6112,6112,682438,1,16942,70591,1024,32,32,3
203,2,"[1024, 96, 1, 1, 96, 1, 1, 1, 1, 0, 0, 1, 1, 1, 1, 1, 8, 0, 0, 0, 0, 0, 0, 0, 0, 0, 0, 0, 0, 0]",9216,256,18874368.0,1646592.0,1019602030,1019787719,1031778630,1034077886,6400,8064,2720,682437,3,42448,2293912,1024,32,32,3
205,2,"[8, 1024, 96, 1, 1, 0, 0, 0, 0, 0, 0, 0, 0, 0, 0, 0, 0, 0, 0, 0, 0, 0, 0, 0, 0, 0, 0, 0, 0, 0]",96,512,786432.0,3932160.0,1020033518,1020049485,1034080606,1034152253,800,6113,6113,682436,1,15967,71647,1024,32,32,3
203,2,"[1024, 96, 1, 1, 96, 1, 1, 3, 3, 1, 1, 1, 1, 1, 1, 96, 8, 0, 0, 0, 0, 0, 0, 0, 0, 0, 0, 0, 0, 0]",864,1024,0.0,0.0,1020274466,1020317287,1034158366,1034340573,0,3904,3296,682435,2,26667,181599,1024,32,32,3
152,2,"[8, 1024, 96, 1, 1, 0, 0, 0, 0, 0, 0, 0, 0, 0, 0, 0, 0, 0, 0, 0, 0, 0, 0, 0, 0, 0, 0, 0, 0, 0]",192,128,98304.0,2359296.0,1020442185,1020456819,1034343869,1034346812,0,1,1,682434,1,14634,2943,1024,32,32,3
205,2,"[8, 1024, 96, 1, 1, 0, 0, 0, 0, 0, 0, 0, 0, 0, 0, 0, 0, 0, 0, 0, 0, 0, 0, 0, 0, 0, 0, 0, 0, 0]",96,512,786432.0,3932160.0,1020580632,1020595998,1034346813,1034418269,800,5952,5952,682433,1,15366,71456,1024,32,32,3
203,2,"[1024, 96, 1, 1, 96, 1, 1, 1, 1, 0, 0, 1, 1, 1, 1, 1, 8, 0, 0, 0, 0, 0, 0, 0, 0, 0, 0, 0, 0, 0]",9216,256,18874368.0,1646592.0,1020812402,1021113456,1034424221,1036781908,6400,18850,15617,682432,4,53555,2354454,1024,32,32,3
152,2,"[8, 1024, 96, 1, 1, 0, 0, 0, 0, 0, 0, 0, 0, 0, 0, 0, 0, 0, 0, 0, 0, 0, 0, 0, 0, 0, 0, 0, 0, 0]",384,128,98304.0,2359296.0,1021623672,1021640474,1036797525,1036802356,0,1,1,682425,1,16802,4831,1024,32,32,3
205,2,"[8, 1024, 96, 1, 1, 0, 0, 0, 0, 0, 0, 0, 0, 0, 0, 0, 0, 0, 0, 0, 0, 0, 0, 0, 0, 0, 0, 0, 0, 0]",96,512,786432.0,3932160.0,1021790549,1021807588,1036802357,1036873908,800,5728,5728,682424,1,17039,71551,1024,32,32,3
203,2,"[1024, 96, 1, 1, 96, 1, 1, 1, 1, 0, 0, 1, 1, 1, 1, 1, 8, 0, 0, 0, 0, 0, 0, 0, 0, 0, 0, 0, 0, 0]",9216,256,18874368.0,1646592.0,1022097531,1022279335,1036879636,1039177644,6400,6657,2464,682423,3,42264,2293815,1024,32,32,3
205,2,"[8, 1024, 96, 1, 1, 0, 0, 0, 0, 0, 0, 0, 0, 0, 0, 0, 0, 0, 0, 0, 0, 0, 0, 0, 0, 0, 0, 0, 0, 0]",96,512,786432.0,3932160.0,1022527614,1022548902,1039180108,1039251692,800,5760,5760,682422,1,21288,71584,1024,32,32,3
203,2,"[1024, 96, 2, 2, 96, 1, 1, 3, 3, 1, 1, 2, 2, 1, 1, 96, 8, 0, 0, 0, 0, 0, 0, 0, 0, 0, 0, 0, 0, 0]",864,1024,0.0,0.0,1022788005,1022833598,1039257452,1039484427,0,3296,2880,682421,2,27451,226559,1024,32,32,3
152,2,"[8, 1024, 96, 2, 2, 0, 0, 0, 0, 0, 0, 0, 0, 0, 0, 0, 0, 0, 0, 0, 0, 0, 0, 0, 0, 0, 0, 0, 0, 0]",768,128,393216.0,9437184.0,1022957959,1022971816,1039487307,1039499595,0,1088,1088,682420,1,13857,12288,1024,32,32,3
205,2,"[8, 1024, 96, 2, 2, 0, 0, 0, 0, 0, 0, 0, 0, 0, 0, 0, 0, 0, 0, 0, 0, 0, 0, 0, 0, 0, 0, 0, 0, 0]",96,512,3145728.0,15728640.0,1023098925,1023115029,1039500683,1039583563,800,7488,7488,682419,1,16104,82880,1024,32,32,3
203,2,"[1024, 96, 2, 2, 96, 2, 2, 1, 1, 0, 0, 1, 1, 1, 1, 1, 8, 0, 0, 0, 0, 0, 0, 0, 0, 0, 0, 0, 0, 0]",9216,256,75497472.0,6365184.0,1023397950,1023585689,1039591051,1042129218,6400,8033,4064,682418,3,43388,2534198,1024,32,32,3
152,2,"[8, 1024, 96, 1, 1, 0, 0, 0, 0, 0, 0, 0, 0, 0, 0, 0, 0, 0, 0, 0, 0, 0, 0, 0, 0, 0, 0, 0, 0, 0]",384,128,98304.0,2359296.0,1023747207,1023762504,1042133282,1042138850,0,544,544,682417,1,15297,5568,1024,32,32,3
205,2,"[8, 1024, 96, 1, 1, 0, 0, 0, 0, 0, 0, 0, 0, 0, 0, 0, 0, 0, 0, 0, 0, 0, 0, 0, 0, 0, 0, 0, 0, 0]",96,512,786432.0,3932160.0,1023910888,1023927704,1042139394,1042210625,800,5857,5857,682416,1,16816,71231,1024,32,32,3
203,2,"[1024, 96, 1, 1, 96, 1, 1, 1, 1, 0, 0, 1, 1, 1, 1, 1, 8, 0, 0, 0, 0, 0, 0, 0, 0, 0, 0, 0, 0, 0]",9216,256,18874368.0,1646592.0,1024210751,1024390386,1042216482,1044513081,6400,6018,3329,682415,3,41340,2293910,1024,32,32,3
205,2,"[8, 1024, 96, 1, 1, 0, 0, 0, 0, 0, 0, 0, 0, 0, 0, 0, 0, 0, 0, 0, 0, 0, 0, 0, 0, 0, 0, 0, 0, 0]",96,512,786432.0,3932160.0,1024618287,1024634555,1044516410,1044586809,800,6112,6112,682414,1,16268,70399,1024,32,32,3
203,2,"[1024, 96, 2, 2, 96, 1, 1, 3, 3, 1, 1, 2, 2, 1, 1, 96, 8, 0, 0, 0, 0, 0, 0, 0, 0, 0, 0, 0, 0, 0]",864,1024,0.0,0.0,1024859434,1024903995,1044592921,1044820279,0,25920,24545,682413,2,27178,225983,1024,32,32,3
152,2,"[8, 1024, 48, 2, 2, 0, 0, 0, 0, 0, 0, 0, 0, 0, 0, 0, 0, 0, 0, 0, 0, 0, 0, 0, 0, 0, 0, 0, 0, 0]",768,128,196608.0,4718592.0,1025357391,1025375031,1044844824,1044853048,0,352,352,682407,1,17640,8224,1024,32,32,3
205,2,"[8, 1024, 48, 2, 2, 0, 0, 0, 0, 0, 0, 0, 0, 0, 0, 0, 0, 0, 0, 0, 0, 0, 0, 0, 0, 0, 0, 0, 0, 0]",48,512,1572864.0,7864320.0,1025517356,1025534466,1044853400,1044897176,800,5664,5664,682406,1,17110,43776,1024,32,32,3
203,2,"[1024, 48, 2, 2, 48, 2, 2, 1, 1, 0, 0, 1, 1, 1, 1, 1, 8, 0, 0, 0, 0, 0, 0, 0, 0, 0, 0, 0, 0, 0]",2048,256,18874368.0,3164160.0,1025847505,1026037348,1044902840,1045993779,10496,7010,3489,682405,3,42130,1087418,1024,32,32,3
205,2,"[8, 1024, 48, 2, 2, 0, 0, 0, 0, 0, 0, 0, 0, 0, 0, 0, 0, 0, 0, 0, 0, 0, 0, 0, 0, 0, 0, 0, 0, 0]",48,512,1572864.0,7864320.0,1026267263,1026283099,1045997268,1046040884,800,6144,6144,682404,1,15836,43616,1024,32,32,3
203,2,"[1024, 48, 2, 2, 48, 2, 2, 3, 3, 1, 1, 1, 1, 1, 1, 48, 8, 0, 0, 0, 0, 0, 0, 0, 0, 0, 0, 0, 0, 0]",432,1024,0.0,0.0,1026538083,1026580682,1046047028,1046204499,0,3681,3457,682403,2,26634,157247,1024,32,32,3
152,2,"[8, 1024, 48, 2, 2, 0, 0, 0, 0, 0, 0, 0, 0, 0, 0, 0, 0, 0, 0, 0, 0, 0, 0, 0, 0, 0, 0, 0, 0, 0]",384,128,196608.0,4718592.0,1026717579,1026732258,1046207956,1046211955,0,513,513,682402,1,14679,3999,1024,32,32,3
205,2,"[8, 1024, 48, 2, 2, 0, 0, 0, 0, 0, 0, 0, 0, 0, 0, 0, 0, 0, 0, 0, 0, 0, 0, 0, 0, 0, 0, 0, 0, 0]",48,512,1572864.0,7864320.0,1026860783,1026876062,1046212468,1046255411,800,5728,5728,682401,1,15279,42943,1024,32,32,3
203,2,"[1024, 48, 2, 2, 48, 2, 2, 1, 1, 0, 0, 1, 1, 1, 1, 1, 8, 0, 0, 0, 0, 0, 0, 0, 0, 0, 0, 0, 0, 0]",2048,256,18874368.0,3164160.0,1027103867,1027415589,1046261139,1047365935,10496,28034,24576,682400,4,55729,1101338,1024,32,32,3
152,2,"[8, 1024, 48, 2, 2, 0, 0, 0, 0, 0, 0, 0, 0, 0, 0, 0, 0, 0, 0, 0, 0, 0, 0, 0, 0, 0, 0, 0, 0, 0]",768,128,196608.0,4718592.0,1027946135,1027963671,1047390511,1047398703,0,1472,1472,682393,1,17536,8192,1024,32,32,3
205,2,"[8, 1024, 48, 2, 2, 0, 0, 0, 0, 0, 0, 0, 0, 0, 0, 0, 0, 0, 0, 0, 0, 0, 0, 0, 0, 0, 0, 0, 0, 0]",48,512,1572864.0,7864320.0,1028096584,1028112845,1047400175,1047443471,800,6080,6080,682392,1,16261,43296,1024,32,32,3
203,2,"[1024, 48, 2, 2, 48, 2, 2, 1, 1, 0, 0, 1, 1, 1, 1, 1, 8, 0, 0, 0, 0, 0, 0, 0, 0, 0, 0, 0, 0, 0]",2048,256,18874368.0,3164160.0,1028398854,1028582261,1047449551,1048568107,10496,8160,3744,682391,3,42060,1114140,1024,32,32,3
205,2,"[8, 1024, 48, 2, 2, 0, 0, 0, 0, 0, 0, 0, 0, 0, 0, 0, 0, 0, 0, 0, 0, 0, 0, 0, 0, 0, 0, 0, 0, 0]",48,512,1572864.0,7864320.0,1028813309,1028842816,1048571851,1048615211,800,6112,6112,682390,1,29507,43360,1024,32,32,3
203,2,"[1024, 48, 2, 2, 48, 2, 2, 3, 3, 1, 1, 1, 1, 1, 1, 48, 8, 0, 0, 0, 0, 0, 0, 0, 0, 0, 0, 0, 0, 0]",432,1024,0.0,0.0,1028988606,1029017916,1048621323,1048777002,0,5473,4097,682389,2,18537,154303,1024,32,32,3
152,2,"[8, 1024, 48, 2, 2, 0, 0, 0, 0, 0, 0, 0, 0, 0, 0, 0, 0, 0, 0, 0, 0, 0, 0, 0, 0, 0, 0, 0, 0, 0]",384,128,196608.0,4718592.0,1029098197,1029107579,1048781099,1048785194,0,1056,1056,682388,1,9382,4095,1024,32,32,3
205,2,"[8, 1024, 48, 2, 2, 0, 0, 0, 0, 0, 0, 0, 0, 0, 0, 0, 0, 0, 0, 0, 0, 0, 0, 0, 0, 0, 0, 0, 0, 0]",48,512,1572864.0,7864320.0,1029187795,1029198347,1048786250,1048829258,800,5440,5440,682387,1,10552,43008,1024,32,32,3
203,2,"[1024, 48, 2, 2, 48, 2, 2, 1, 1, 0, 0, 1, 1, 1, 1, 1, 8, 0, 0, 0, 0, 0, 0, 0, 0, 0, 0, 0, 0, 0]",2048,256,18874368.0,3164160.0,1029336470,1029551531,1048834698,1049942310,10496,27874,24576,682386,4,51757,1104314,1024,32,32,3
152,2,"[8, 1024, 48, 2, 2, 0, 0, 0, 0, 0, 0, 0, 0, 0, 0, 0, 0, 0, 0, 0, 0, 0, 0, 0, 0, 0, 0, 0, 0, 0]",768,128,196608.0,4718592.0,1029879328,1029890877,1049966886,1049976294,0,640,640,682379,1,11549,9408,1024,32,32,3
205,2,"[8, 1024, 48, 2, 2, 0, 0, 0, 0, 0, 0, 0, 0, 0, 0, 0, 0, 0, 0, 0, 0, 0, 0, 0, 0, 0, 0, 0, 0, 0]",48,512,1572864.0,7864320.0,1029977468,1029988328,1049976934,1050020134,800,6144,6144,682378,1,10860,43200,1024,32,32,3
203,2,"[1024, 48, 2, 2, 48, 2, 2, 1, 1, 0, 0, 1, 1, 1, 1, 1, 8, 0, 0, 0, 0, 0, 0, 0, 0, 0, 0, 0, 0, 0]",2048,256,18874368.0,3164160.0,1030174825,1030297238,1050026278,1051207970,10496,7585,4000,682377,3,29835,1178107,1024,32,32,3
205,2,"[8, 1024, 48, 2, 2, 0, 0, 0, 0, 0, 0, 0, 0, 0, 0, 0, 0, 0, 0, 0, 0, 0, 0, 0, 0, 0, 0, 0, 0, 0]",48,512,1572864.0,7864320.0,1030513058,1030527682,1051211970,1051256290,800,4896,4896,682376,1,14624,44320,1024,32,32,3
203,2,"[1024, 48, 2, 2, 48, 2, 2, 3, 3, 1, 1, 1, 1, 1, 1, 48, 8, 0, 0, 0, 0, 0, 0, 0, 0, 0, 0, 0, 0, 0]",432,1024,0.0,0.0,1030704705,1030733311,1051261186,1051418880,0,4033,3649,682375,2,17683,157310,1024,32,32,3
152,2,"[8, 1024, 48, 2, 2, 0, 0, 0, 0, 0, 0, 0, 0, 0, 0, 0, 0, 0, 0, 0, 0, 0, 0, 0, 0, 0, 0, 0, 0, 0]",384,128,196608.0,4718592.0,1030815650,1030825482,1051422529,1051426593,0,480,480,682374,1,9832,4064,1024,32,32,3
205,2,"[8, 1024, 48, 2, 2, 0, 0, 0, 0, 0, 0, 0, 0, 0, 0, 0, 0, 0, 0, 0, 0, 0, 0, 0, 0, 0, 0, 0, 0, 0]",48,512,1572864.0,7864320.0,1030919055,1030929929,1051427073,1051470112,800,5889,5889,682373,1,10874,43039,1024,32,32,3
203,2,"[1024, 48, 2, 2, 48, 2, 2, 1, 1, 0, 0, 1, 1, 1, 1, 1, 8, 0, 0, 0, 0, 0, 0, 0, 0, 0, 0, 0, 0, 0]",2048,256,18874368.0,3164160.0,1031071984,1031276979,1051476001,1052590365,10496,28416,24576,682372,4,36729,1110524,1024,32,32,3
152,2,"[8, 1024, 48, 2, 2, 0, 0, 0, 0, 0, 0, 0, 0, 0, 0, 0, 0, 0, 0, 0, 0, 0, 0, 0, 0, 0, 0, 0, 0, 0]",768,128,196608.0,4718592.0,1031607518,1031618565,1052614941,1052624541,0,576,576,682365,1,11047,9600,1024,32,32,3
205,2,"[8, 1024, 48, 2, 2, 0, 0, 0, 0, 0, 0, 0, 0, 0, 0, 0, 0, 0, 0, 0, 0, 0, 0, 0, 0, 0, 0, 0, 0, 0]",48,512,1572864.0,7864320.0,1031704246,1031715390,1052625117,1052668189,800,6112,6112,682364,1,11144,43072,1024,32,32,3
203,2,"[1024, 48, 2, 2, 48, 2, 2, 1, 1, 0, 0, 1, 1, 1, 1, 1, 8, 0, 0, 0, 0, 0, 0, 0, 0, 0, 0, 0, 0, 0]",2048,256,18874368.0,3164160.0,1031903467,1032024044,1052674301,1053882648,10496,7232,4032,682363,3,27646,1205147,1024,32,32,3
205,2,"[8, 1024, 48, 2, 2, 0, 0, 0, 0, 0, 0, 0, 0, 0, 0, 0, 0, 0, 0, 0, 0, 0, 0, 0, 0, 0, 0, 0, 0, 0]",48,512,1572864.0,7864320.0,1032189215,1032201190,1053886680,1053930872,800,6368,6368,682362,1,11975,44192,1024,32,32,3
203,2,"[1024, 48, 2, 2, 48, 2, 2, 3, 3, 1, 1, 1, 1, 1, 1, 48, 8, 0, 0, 0, 0, 0, 0, 0, 0, 0, 0, 0, 0, 0]",432,1024,0.0,0.0,1032348698,1032376406,1053937240,1054093592,0,5344,3968,682361,2,17593,154976,1024,32,32,3
152,2,"[8, 1024, 48, 2, 2, 0, 0, 0, 0, 0, 0, 0, 0, 0, 0, 0, 0, 0, 0, 0, 0, 0, 0, 0, 0, 0, 0, 0, 0, 0]",384,128,196608.0,4718592.0,1032456848,1032466240,1054097560,1054101751,0,1,1,682360,1,9392,4191,1024,32,32,3
205,2,"[8, 1024, 48, 2, 2, 0, 0, 0, 0, 0, 0, 0, 0, 0, 0, 0, 0, 0, 0, 0, 0, 0, 0, 0, 0, 0, 0, 0, 0, 0]",48,512,1572864.0,7864320.0,1032545380,1032555312,1054101752,1054144792,800,6527,6527,682359,1,9932,43040,1024,32,32,3
203,2,"[1024, 48, 2, 2, 48, 2, 2, 1, 1, 0, 0, 1, 1, 1, 1, 1, 8, 0, 0, 0, 0, 0, 0, 0, 0, 0, 0, 0, 0, 0]",2048,256,18874368.0,3164160.0,1032693653,1032892368,1054151319,1055277332,10496,27552,23935,682358,4,35780,1122396,1024,32,32,3
152,2,"[8, 1024, 48, 2, 2, 0, 0, 0, 0, 0, 0, 0, 0, 0, 0, 0, 0, 0, 0, 0, 0, 0, 0, 0, 0, 0, 0, 0, 0, 0]",768,128,196608.0,4718592.0,1033228020,1033238533,1055301267,1055310099,0,416,416,682351,1,10513,8832,1024,32,32,3
205,2,"[8, 1024, 48, 2, 2, 0, 0, 0, 0, 0, 0, 0, 0, 0, 0, 0, 0, 0, 0, 0, 0, 0, 0, 0, 0, 0, 0, 0, 0, 0]",48,512,1572864.0,7864320.0,1033326779,1033338629,1055310515,1055354291,800,4928,4928,682350,1,11850,43776,1024,32,32,3
203,2,"[1024, 48, 2, 2, 48, 2, 2, 1, 1, 0, 0, 1, 1, 1, 1, 1, 8, 0, 0, 0, 0, 0, 0, 0, 0, 0, 0, 0, 0, 0]",2048,256,18874368.0,3164160.0,1033540223,1033659543,1055359219,1056605551,10496,6752,2944,682349,3,27023,1242524,1024,32,32,3
205,2,"[8, 1024, 48, 2, 2, 0, 0, 0, 0, 0, 0, 0, 0, 0, 0, 0, 0, 0, 0, 0, 0, 0, 0, 0, 0, 0, 0, 0, 0, 0]",48,512,1572864.0,7864320.0,1033810782,1033821723,1056608495,1056653039,800,6208,6208,682348,1,10941,44544,1024,32,32,3
203,2,"[1024, 48, 2, 2, 48, 2, 2, 3, 3, 1, 1, 1, 1, 1, 1, 48, 8, 0, 0, 0, 0, 0, 0, 0, 0, 0, 0, 0, 0, 0]",432,1024,0.0,0.0,1033967701,1033995639,1056659247,1056816814,0,3136,2624,682347,2,17801,157055,1024,32,32,3
152,2,"[8, 1024, 48, 2, 2, 0, 0, 0, 0, 0, 0, 0, 0, 0, 0, 0, 0, 0, 0, 0, 0, 0, 0, 0, 0, 0, 0, 0, 0, 0]",384,128,196608.0,4718592.0,1034075458,1034084788,1056819438,1056823566,0,1152,1152,682346,1,9330,4128,1024,32,32,3
205,2,"[8, 1024, 48, 2, 2, 0, 0, 0, 0, 0, 0, 0, 0, 0, 0, 0, 0, 0, 0, 0, 0, 0, 0, 0, 0, 0, 0, 0, 0, 0]",48,512,1572864.0,7864320.0,1034165805,1034176667,1056824718,1056867790,800,4928,4928,682345,1,10862,43072,1024,32,32,3
203,2,"[1024, 48, 2, 2, 48, 2, 2, 1, 1, 0, 0, 1, 1, 1, 1, 1, 8, 0, 0, 0, 0, 0, 0, 0, 0, 0, 0, 0, 0, 0]",2048,256,18874368.0,3164160.0,1034313564,1034522969,1056872718,1057976586,10496,29409,24512,682344,4,36413,1098971,1024,32,32,3
152,2,"[8, 1024, 48, 2, 2, 0, 0, 0, 0, 0, 0, 0, 0, 0, 0, 0, 0, 0, 0, 0, 0, 0, 0, 0, 0, 0, 0, 0, 0, 0]",768,128,196608.0,4718592.0,1034861720,1034873293,1058001098,1058009354,0,1408,1408,682337,1,11573,8256,1024,32,32,3
205,2,"[8, 1024, 48, 2, 2, 0, 0, 0, 0, 0, 0, 0, 0, 0, 0, 0, 0, 0, 0, 0, 0, 0, 0, 0, 0, 0, 0, 0, 0, 0]",48,512,1572864.0,7864320.0,1034960459,1034971142,1058010762,1058054282,800,5856,5856,682336,1,10683,43520,1024,32,32,3
203,2,"[1024, 48, 2, 2, 48, 2, 2, 1, 1, 0, 0, 1, 1, 1, 1, 1, 8, 0, 0, 0, 0, 0, 0, 0, 0, 0, 0, 0, 0, 0]",2048,256,18874368.0,3164160.0,1035159683,1035278707,1058060138,1059182822,10496,7584,3200,682335,3,27742,1118300,1024,32,32,3
205,2,"[8, 1024, 48, 2, 2, 0, 0, 0, 0, 0, 0, 0, 0, 0, 0, 0, 0, 0, 0, 0, 0, 0, 0, 0, 0, 0, 0, 0, 0, 0]",48,512,1572864.0,7864320.0,1035430723,1035441438,1059186022,1059229957,800,6112,6112,682334,1,10715,43935,1024,32,32,3
203,2,"[1024, 48, 2, 2, 48, 2, 2, 3, 3, 1, 1, 1, 1, 1, 1, 48, 8, 0, 0, 0, 0, 0, 0, 0, 0, 0, 0, 0, 0, 0]",432,1024,0.0,0.0,1035585431,1035613160,1059236069,1059393573,0,3648,3456,682333,2,17411,157312,1024,32,32,3
152,2,"[8, 1024, 48, 2, 2, 0, 0, 0, 0, 0, 0, 0, 0, 0, 0, 0, 0, 0, 0, 0, 0, 0, 0, 0, 0, 0, 0, 0, 0, 0]",384,128,196608.0,4718592.0,1035693652,1035703222,1059397029,1059401157,0,480,480,682332,1,9570,4128,1024,32,32,3
205,2,"[8, 1024, 48, 2, 2, 0, 0, 0, 0, 0, 0, 0, 0, 0, 0, 0, 0, 0, 0, 0, 0, 0, 0, 0, 0, 0, 0, 0, 0, 0]",48,512,1572864.0,7864320.0,1035785539,1035795867,1059401637,1059444613,800,5888,5888,682331,1,10328,42976,1024,32,32,3
203,2,"[1024, 48, 2, 2, 48, 2, 2, 1, 1, 0, 0, 1, 1, 1, 1, 1, 8, 0, 0, 0, 0, 0, 0, 0, 0, 0, 0, 0, 0, 0]",2048,256,18874368.0,3164160.0,1035933874,1036142250,1059450501,1060554145,10496,29408,23552,682330,4,37422,1097788,1024,32,32,3
152,2,"[8, 1024, 48, 2, 2, 0, 0, 0, 0, 0, 0, 0, 0, 0, 0, 0, 0, 0, 0, 0, 0, 0, 0, 0, 0, 0, 0, 0, 0, 0]",768,128,196608.0,4718592.0,1036471114,1036481991,1060577697,1060587425,0,320,320,682323,1,10877,9728,1024,32,32,3
205,2,"[8, 1024, 48, 2, 2, 0, 0, 0, 0, 0, 0, 0, 0, 0, 0, 0, 0, 0, 0, 0, 0, 0, 0, 0, 0, 0, 0, 0, 0, 0]",48,512,1572864.0,7864320.0,1036569793,1036580218,1060587745,1060630785,800,6112,6112,682322,1,10425,43040,1024,32,32,3
203,2,"[1024, 48, 2, 2, 48, 2, 2, 1, 1, 0, 0, 1, 1, 1, 1, 1, 8, 0, 0, 0, 0, 0, 0, 0, 0, 0, 0, 0, 0, 0]",2048,256,18874368.0,3164160.0,1036765216,1036883337,1060636897,1061670845,10496,6721,3776,682321,3,26990,1031003,1024,32,32,3
205,2,"[8, 1024, 48, 2, 2, 0, 0, 0, 0, 0, 0, 0, 0, 0, 0, 0, 0, 0, 0, 0, 0, 0, 0, 0, 0, 0, 0, 0, 0, 0]",48,512,1572864.0,7864320.0,1037032917,1037044522,1061674621,1061718268,800,5921,5921,682320,1,11605,43647,1024,32,32,3
203,2,"[1024, 48, 2, 2, 48, 2, 2, 3, 3, 1, 1, 1, 1, 1, 1, 48, 8, 0, 0, 0, 0, 0, 0, 0, 0, 0, 0, 0, 0, 0]",432,1024,0.0,0.0,1037190332,1037218783,1061724189,1061879964,0,3457,3456,682319,2,18209,155774,1024,32,32,3
152,2,"[8, 1024, 48, 2, 2, 0, 0, 0, 0, 0, 0, 0, 0, 0, 0, 0, 0, 0, 0, 0, 0, 0, 0, 0, 0, 0, 0, 0, 0, 0]",384,128,196608.0,4718592.0,1037318622,1037328381,1061883420,1061887420,0,576,576,682318,1,9759,4000,1024,32,32,3
205,2,"[8, 1024, 48, 2, 2, 0, 0, 0, 0, 0, 0, 0, 0, 0, 0, 0, 0, 0, 0, 0, 0, 0, 0, 0, 0, 0, 0, 0, 0, 0]",48,512,1572864.0,7864320.0,1037411814,1037422514,1061887996,1061930844,800,5792,5792,682317,1,10700,42848,1024,32,32,3
203,2,"[1024, 48, 2, 2, 48, 2, 2, 1, 1, 0, 0, 1, 1, 1, 1, 1, 8, 0, 0, 0, 0, 0, 0, 0, 0, 0, 0, 0, 0, 0]",2048,256,18874368.0,3164160.0,1037563325,1037806265,1061936636,1063035128,10496,30177,24544,682316,4,37492,1092859,1024,32,32,3
152,2,"[8, 1024, 48, 2, 2, 0, 0, 0, 0, 0, 0, 0, 0, 0, 0, 0, 0, 0, 0, 0, 0, 0, 0, 0, 0, 0, 0, 0, 0, 0]",768,128,196608.0,4718592.0,1038140466,1038151859,1063059672,1063069656,0,256,256,682309,1,11393,9984,1024,32,32,3
205,2,"[8, 1024, 48, 2, 2, 0, 0, 0, 0, 0, 0, 0, 0, 0, 0, 0, 0, 0, 0, 0, 0, 0, 0, 0, 0, 0, 0, 0, 0, 0]",48,512,1572864.0,7864320.0,1038240066,1038251114,1063069912,1063112952,800,6144,6144,682308,1,11048,43040,1024,32,32,3
203,2,"[1024, 48, 2, 2, 48, 2, 2, 1, 1, 0, 0, 1, 1, 1, 1, 1, 8, 0, 0, 0, 0, 0, 0, 0, 0, 0, 0, 0, 0, 0]",2048,256,18874368.0,3164160.0,1038502899,1038639314,1063119096,1064184052,10496,6400,4064,682307,3,29107,1062620,1024,32,32,3
205,2,"[8, 1024, 48, 2, 2, 0, 0, 0, 0, 0, 0, 0, 0, 0, 0, 0, 0, 0, 0, 0, 0, 0, 0, 0, 0, 0, 0, 0, 0, 0]",48,512,1572864.0,7864320.0,1038813744,1038824259,1064188116,1064232436,800,5536,5536,682306,1,10515,44320,1024,32,32,3
203,2,"[1024, 48, 4, 4, 48, 2, 2, 3, 3, 1, 1, 2, 2, 1, 1, 48, 8, 0, 0, 0, 0, 0, 0, 0, 0, 0, 0, 0, 0, 0]",768,1024,0.0,0.0,1038975079,1039004090,1064237972,1064437843,0,4544,4256,682305,2,17664,199583,1024,32,32,3
152,2,"[8, 1024, 48, 4, 4, 0, 0, 0, 0, 0, 0, 0, 0, 0, 0, 0, 0, 0, 0, 0, 0, 0, 0, 0, 0, 0, 0, 0, 0, 0]",1536,128,786432.0,18874368.0,1039086309,1039096331,1064442099,1064478963,0,1216,1216,682304,1,10022,36864,1024,32,32,3
205,2,"[8, 1024, 48, 4, 4, 0, 0, 0, 0, 0, 0, 0, 0, 0, 0, 0, 0, 0, 0, 0, 0, 0, 0, 0, 0, 0, 0, 0, 0, 0]",48,512,6291456.0,31457280.0,1039168247,1039175072,1064480179,1064556467,800,6432,6432,682303,1,6825,76288,1024,32,32,3
203,2,"[1024, 48, 4, 4, 48, 4, 4, 1, 1, 0, 0, 1, 1, 1, 1, 1, 8, 0, 0, 0, 0, 0, 0, 0, 0, 0, 0, 0, 0, 0]",3072,256,75497472.0,12601344.0,1039345264,1039431010,1064562899,1065750767,10496,8608,4095,682302,3,19791,1183355,1024,32,32,3
152,2,"[8, 1024, 48, 2, 2, 0, 0, 0, 0, 0, 0, 0, 0, 0, 0, 0, 0, 0, 0, 0, 0, 0, 0, 0, 0, 0, 0, 0, 0, 0]",768,128,196608.0,4718592.0,1039511667,1039518919,1065754862,1065763053,0,1,1,682301,1,7252,8191,1024,32,32,3
205,2,"[8, 1024, 48, 2, 2, 0, 0, 0, 0, 0, 0, 0, 0, 0, 0, 0, 0, 0, 0, 0, 0, 0, 0, 0, 0, 0, 0, 0, 0, 0]",48,512,1572864.0,7864320.0,1039581700,1039589078,1065763054,1065806061,800,5985,5985,682300,1,7378,43007,1024,32,32,3
203,2,"[1024, 48, 2, 2, 48, 2, 2, 1, 1, 0, 0, 1, 1, 1, 1, 1, 8, 0, 0, 0, 0, 0, 0, 0, 0, 0, 0, 0, 0, 0]",2048,256,18874368.0,3164160.0,1039744183,1039846572,1065812046,1066899051,10496,6175,3007,682299,3,20061,1083837,1024,32,32,3
205,2,"[8, 1024, 48, 2, 2, 0, 0, 0, 0, 0, 0, 0, 0, 0, 0, 0, 0, 0, 0, 0, 0, 0, 0, 0, 0, 0, 0, 0, 0, 0]",48,512,1572864.0,7864320.0,1039958744,1039966115,1066902058,1066946346,800,5824,5824,682298,1,7371,44288,1024,32,32,3
203,2,"[1024, 48, 4, 4, 48, 2, 2, 3, 3, 1, 1, 2, 2, 1, 1, 48, 8, 0, 0, 0, 0, 0, 0, 0, 0, 0, 0, 0, 0, 0]",768,1024,0.0,0.0,1040073422,1040093244,1066952170,1067150762,0,69087,67743,682297,2,12385,197248,1024,32,32,3
152,2,"[8, 1024, 24, 4, 4, 0, 0, 0, 0, 0, 0, 0, 0, 0, 0, 0, 0, 0, 0, 0, 0, 0, 0, 0, 0, 0, 0, 0, 0, 0]",1536,128,393216.0,9437184.0,1040294173,1040302160,1067218505,1067238985,0,480,480,682291,1,7987,20480,1024,32,32,3
205,2,"[8, 1024, 24, 4, 4, 0, 0, 0, 0, 0, 0, 0, 0, 0, 0, 0, 0, 0, 0, 0, 0, 0, 0, 0, 0, 0, 0, 0, 0, 0]",24,512,3145728.0,15728640.0,1040362975,1040370152,1067239465,1067309289,800,7168,7168,682290,1,7177,69824,1024,32,32,3
203,2,"[1024, 24, 4, 4, 24, 4, 4, 1, 1, 0, 0, 1, 1, 1, 1, 1, 8, 0, 0, 0, 0, 0, 0, 0, 0, 0, 0, 0, 0, 0]",1536,256,18874368.0,6296064.0,1040525674,1040611608,1067316457,1068857060,6400,7681,3648,682289,3,19970,1536570,1024,32,32,3
205,2,"[8, 1024, 24, 4, 4, 0, 0, 0, 0, 0, 0, 0, 0, 0, 0, 0, 0, 0, 0, 0, 0, 0, 0, 0, 0, 0, 0, 0, 0, 0]",24,512,3145728.0,15728640.0,1040730687,1040738646,1068860708,1068927170,800,6177,6177,682288,1,7959,66462,1024,32,32,3
203,2,"[1024, 24, 4, 4, 24, 4, 4, 3, 3, 1, 1, 1, 1, 1, 1, 24, 8, 0, 0, 0, 0, 0, 0, 0, 0, 0, 0, 0, 0, 0]",384,1024,0.0,0.0,1040842689,1040863091,1068933347,1069048035,0,4640,4160,682287,2,12953,114208,1024,32,32,3
152,2,"[8, 1024, 24, 4, 4, 0, 0, 0, 0, 0, 0, 0, 0, 0, 0, 0, 0, 0, 0, 0, 0, 0, 0, 0, 0, 0, 0, 0, 0, 0]",768,128,393216.0,9437184.0,1040918833,1040925579,1069052195,1069066275,0,224,224,682286,1,6746,14080,1024,32,32,3
205,2,"[8, 1024, 24, 4, 4, 0, 0, 0, 0, 0, 0, 0, 0, 0, 0, 0, 0, 0, 0, 0, 0, 0, 0, 0, 0, 0, 0, 0, 0, 0]",24,512,3145728.0,15728640.0,1040983208,1040990142,1069066499,1069134051,800,7296,7296,682285,1,6934,67552,1024,32,32,3
203,2,"[1024, 24, 4, 4, 24, 4, 4, 1, 1, 0, 0, 1, 1, 1, 1, 1, 8, 0, 0, 0, 0, 0, 0, 0, 0, 0, 0, 0, 0, 0]",1536,256,18874368.0,6296064.0,1041090104,1041230293,1069141347,1070817500,6400,56800,52385,682284,4,25009,1671738,1024,32,32,3
152,2,"[8, 1024, 24, 4, 4, 0, 0, 0, 0, 0, 0, 0, 0, 0, 0, 0, 0, 0, 0, 0, 0, 0, 0, 0, 0, 0, 0, 0, 0, 0]",1536,128,393216.0,9437184.0,1041473043,1041480897,1070869885,1070890268,0,512,512,682277,1,7854,20383,1024,32,32,3
205,2,"[8, 1024, 24, 4, 4, 0, 0, 0, 0, 0, 0, 0, 0, 0, 0, 0, 0, 0, 0, 0, 0, 0, 0, 0, 0, 0, 0, 0, 0, 0]",24,512,3145728.0,15728640.0,1041541527,1041548964,1070890780,1070962172,800,6464,6464,682276,1,7437,71392,1024,32,32,3
203,2,"[1024, 24, 4, 4, 24, 4, 4, 1, 1, 0, 0, 1, 1, 1, 1, 1, 8, 0, 0, 0, 0, 0, 0, 0, 0, 0, 0, 0, 0, 0]",1536,256,18874368.0,6296064.0,1041689520,1041772893,1070968636,1072490647,6400,8128,3744,682275,3,19812,1517627,1024,32,32,3
205,2,"[8, 1024, 24, 4, 4, 0, 0, 0, 0, 0, 0, 0, 0, 0, 0, 0, 0, 0, 0, 0, 0, 0, 0, 0, 0, 0, 0, 0, 0, 0]",24,512,3145728.0,15728640.0,1041879299,1041886465,1072494391,1072561367,800,7007,7007,682274,1,7166,66976,1024,32,32,3
203,2,"[1024, 24, 4, 4, 24, 4, 4, 3, 3, 1, 1, 1, 1, 1, 1, 24, 8, 0, 0, 0, 0, 0, 0, 0, 0, 0, 0, 0, 0, 0]",384,1024,0.0,0.0,1041988142,1042007421,1072568374,1072682262,0,3584,3008,682273,2,11923,113312,1024,32,32,3
152,2,"[8, 1024, 24, 4, 4, 0, 0, 0, 0, 0, 0, 0, 0, 0, 0, 0, 0, 0, 0, 0, 0, 0, 0, 0, 0, 0, 0, 0, 0, 0]",768,128,393216.0,9437184.0,1042064095,1042070476,1072685270,1072699605,0,1,1,682272,1,6381,14335,1024,32,32,3
205,2,"[8, 1024, 24, 4, 4, 0, 0, 0, 0, 0, 0, 0, 0, 0, 0, 0, 0, 0, 0, 0, 0, 0, 0, 0, 0, 0, 0, 0, 0, 0]",24,512,3145728.0,15728640.0,1042123904,1042131637,1072699606,1072768310,800,6432,6432,682271,1,7733,68704,1024,32,32,3
203,2,"[1024, 24, 4, 4, 24, 4, 4, 1, 1, 0, 0, 1, 1, 1, 1, 1, 8, 0, 0, 0, 0, 0, 0, 0, 0, 0, 0, 0, 0, 0]",1536,256,18874368.0,6296064.0,1042227727,1042373400,1072774742,1074390480,6400,56448,51776,682270,4,24991,1611066,1024,32,32,3
152,2,"[8, 1024, 24, 4, 4, 0, 0, 0, 0, 0, 0, 0, 0, 0, 0, 0, 0, 0, 0, 0, 0, 0, 0, 0, 0, 0, 0, 0, 0, 0]",1536,128,393216.0,9437184.0,1042613229,1042621695,1074442256,1074462928,0,544,544,682263,1,8466,20672,1024,32,32,3
205,2,"[8, 1024, 24, 4, 4, 0, 0, 0, 0, 0, 0, 0, 0, 0, 0, 0, 0, 0, 0, 0, 0, 0, 0, 0, 0, 0, 0, 0, 0, 0]",24,512,3145728.0,15728640.0,1042680650,1042688141,1074463472,1074534415,800,6337,6337,682262,1,7491,70943,1024,32,32,3
203,2,"[1024, 24, 4, 4, 24, 4, 4, 1, 1, 0, 0, 1, 1, 1, 1, 1, 8, 0, 0, 0, 0, 0, 0, 0, 0, 0, 0, 0, 0, 0]",1536,256,18874368.0,6296064.0,1042818780,1042901527,1074540752,1076282569,6400,7775,3296,682261,3,19798,1737338,1024,32,32,3
205,2,"[8, 1024, 24, 4, 4, 0, 0, 0, 0, 0, 0, 0, 0, 0, 0, 0, 0, 0, 0, 0, 0, 0, 0, 0, 0, 0, 0, 0, 0, 0]",24,512,3145728.0,15728640.0,1043008595,1043016232,1076285865,1076353224,800,6689,6689,682260,1,7637,67359,1024,32,32,3
203,2,"[1024, 24, 4, 4, 24, 4, 4, 3, 3, 1, 1, 1, 1, 1, 1, 24, 8, 0, 0, 0, 0, 0, 0, 0, 0, 0, 0, 0, 0, 0]",384,1024,0.0,0.0,1043127912,1043147660,1076359913,1076474025,0,3873,3872,682259,2,12520,114111,1024,32,32,3
152,2,"[8, 1024, 24, 4, 4, 0, 0, 0, 0, 0, 0, 0, 0, 0, 0, 0, 0, 0, 0, 0, 0, 0, 0, 0, 0, 0, 0, 0, 0, 0]",768,128,393216.0,9437184.0,1043202970,1043209797,1076477897,1076491849,0,544,544,682258,1,6827,13952,1024,32,32,3
205,2,"[8, 1024, 24, 4, 4, 0, 0, 0, 0, 0, 0, 0, 0, 0, 0, 0, 0, 0, 0, 0, 0, 0, 0, 0, 0, 0, 0, 0, 0, 0]",24,512,3145728.0,15728640.0,1043266652,1043274262,1076492393,1076560040,800,7264,7264,682257,1,7610,67647,1024,32,32,3
203,2,"[1024, 24, 4, 4, 24, 4, 4, 1, 1, 0, 0, 1, 1, 1, 1, 1, 8, 0, 0, 0, 0, 0, 0, 0, 0, 0, 0, 0, 0, 0]",1536,256,18874368.0,6296064.0,1043369090,1043517869,1076567304,1078050915,6400,55808,51296,682256,4,25670,1479099,1024,32,32,3
152,2,"[8, 1024, 24, 4, 4, 0, 0, 0, 0, 0, 0, 0, 0, 0, 0, 0, 0, 0, 0, 0, 0, 0, 0, 0, 0, 0, 0, 0, 0, 0]",1536,128,393216.0,9437184.0,1043749859,1043758175,1078102211,1078122691,0,1536,1536,682249,1,8316,20480,1024,32,32,3
205,2,"[8, 1024, 24, 4, 4, 0, 0, 0, 0, 0, 0, 0, 0, 0, 0, 0, 0, 0, 0, 0, 0, 0, 0, 0, 0, 0, 0, 0, 0, 0]",24,512,3145728.0,15728640.0,1043817093,1043824975,1078124227,1078194371,800,6624,6624,682248,1,7882,70144,1024,32,32,3
203,2,"[1024, 24, 4, 4, 24, 4, 4, 1, 1, 0, 0, 1, 1, 1, 1, 1, 8, 0, 0, 0, 0, 0, 0, 0, 0, 0, 0, 0, 0, 0]",1536,256,18874368.0,6296064.0,1043956750,1044039533,1078200995,1079683261,6400,8961,4321,682247,3,20027,1477626,1024,32,32,3
205,2,"[8, 1024, 24, 4, 4, 0, 0, 0, 0, 0, 0, 0, 0, 0, 0, 0, 0, 0, 0, 0, 0, 0, 0, 0, 0, 0, 0, 0, 0, 0]",24,512,3145728.0,15728640.0,1044150617,1044157707,1079687582,1079754877,800,6176,6176,682246,1,7090,67295,1024,32,32,3
203,2,"[1024, 24, 8, 8, 24, 4, 4, 3, 3, 1, 1, 2, 2, 1, 1, 24, 8, 0, 0, 0, 0, 0, 0, 0, 0, 0, 0, 0, 0, 0]",1536,1024,0.0,0.0,1044263630,1044285044,1079761053,1079945309,0,4831,3743,682245,2,12881,183168,1024,32,32,3
152,2,"[8, 1024, 24, 8, 8, 0, 0, 0, 0, 0, 0, 0, 0, 0, 0, 0, 0, 0, 0, 0, 0, 0, 0, 0, 0, 0, 0, 0, 0, 0]",3072,128,1572864.0,37748736.0,1044353589,1044360711,1079949052,1080021020,0,288,288,682244,1,7122,71968,1024,32,32,3
205,2,"[8, 1024, 24, 8, 8, 0, 0, 0, 0, 0, 0, 0, 0, 0, 0, 0, 0, 0, 0, 0, 0, 0, 0, 0, 0, 0, 0, 0, 0, 0]",24,512,12582912.0,62914560.0,1044421423,1044428652,1080021308,1080236219,800,6113,6113,682243,1,7229,214911,1024,32,32,3
203,2,"[1024, 24, 8, 8, 24, 8, 8, 1, 1, 0, 0, 1, 1, 1, 1, 1, 8, 0, 0, 0, 0, 0, 0, 0, 0, 0, 0, 0, 0, 0]",6144,256,75497472.0,25170432.0,1044560000,1044642380,1080242332,1081841462,6400,7841,4256,682242,3,18823,1595545,1024,32,32,3
152,2,"[8, 1024, 24, 4, 4, 0, 0, 0, 0, 0, 0, 0, 0, 0, 0, 0, 0, 0, 0, 0, 0, 0, 0, 0, 0, 0, 0, 0, 0, 0]",1536,128,393216.0,9437184.0,1044719316,1044726780,1081845718,1081860278,0,1024,1024,682241,1,7464,14560,1024,32,32,3
205,2,"[8, 1024, 24, 4, 4, 0, 0, 0, 0, 0, 0, 0, 0, 0, 0, 0, 0, 0, 0, 0, 0, 0, 0, 0, 0, 0, 0, 0, 0, 0]",24,512,3145728.0,15728640.0,1044790833,1044798498,1081861302,1081931766,800,6400,6400,682240,1,7665,70464,1024,32,32,3
203,2,"[1024, 24, 4, 4, 24, 4, 4, 1, 1, 0, 0, 1, 1, 1, 1, 1, 8, 0, 0, 0, 0, 0, 0, 0, 0, 0, 0, 0, 0, 0]",1536,256,18874368.0,6296064.0,1044930906,1045013512,1081938166,1083476144,6400,7136,4224,682239,3,19011,1535066,1024,32,32,3
205,2,"[8, 1024, 24, 4, 4, 0, 0, 0, 0, 0, 0, 0, 0, 0, 0, 0, 0, 0, 0, 0, 0, 0, 0, 0, 0, 0, 0, 0, 0, 0]",24,512,3145728.0,15728640.0,1045121951,1045129524,1083480368,1083546800,800,6496,6496,682238,1,7573,66432,1024,32,32,3
203,2,"[1024, 24, 8, 8, 24, 4, 4, 3, 3, 1, 1, 2, 2, 1, 1, 24, 8, 0, 0, 0, 0, 0, 0, 0, 0, 0, 0, 0, 0, 0]",1536,1024,0.0,0.0,1045229695,1045248617,1083553296,1083736239,0,78016,77408,682237,2,11822,182335,1024,32,32,3
183,2,"[8, 1024, 24, 16, 16, 0, 0, 0, 0, 0, 0, 0, 0, 0, 0, 0, 0, 0, 0, 0, 0, 0, 0, 0, 0, 0, 0, 0, 0, 0]",24576,256,0.0,0.0,1045349063,1045371898,1083813647,1084124622,0,1153,576,682236,2,16096,310398,1024,32,32,3
152,2,"[8, 1024, 24, 16, 16, 0, 0, 0, 0, 0, 0, 0, 0, 0, 0, 0, 0, 0, 0, 0, 0, 0, 0, 0, 0, 0, 0, 0, 0, 0]",12288,128,6291456.0,150994944.0,1045400042,1045407006,1084125198,1084403885,0,320,320,682235,1,6964,278687,1024,32,32,3
205,2,"[8, 1024, 24, 16, 16, 0, 0, 0, 0, 0, 0, 0, 0, 0, 0, 0, 0, 0, 0, 0, 0, 0, 0, 0, 0, 0, 0, 0, 0, 0]",24,512,50331648.0,251658240.0,1045464960,1045471983,1084404205,1085126826,800,10208,10208,682234,1,7023,722621,1024,32,32,3
203,2,"[1024, 3, 32, 32, 24, 16, 16, 3, 3, 1, 1, 2, 2, 1, 1, 1, 8, 0, 0, 0, 0, 0, 0, 0, 0, 0, 0, 0, 0, 0]",1024,64,0.0,0.0,1045613134,1045618845,1085137034,1086455814,4352,3487,3487,682233,1,5711,1318780,1024,32,32,3
16,3,"[8, 24, 3, 3, 3, 0, 0, 0, 0, 0, 0, 0, 0, 0, 0, 4, 0, 0, 0, 0, 0, 0, 0, 0, 0, 0, 0, 0, 0, 0]",2,128,648.0,10372.0,1047159451,1047186336,1086459301,1086461797,0,289,289,-1,1,26885,2496,1024,32,32,3
12,3,"[8, 24, 3, 3, 3, 0, 0, 0, 0, 0, 0, 0, 0, 0, 0, 8, 24, 3, 3, 3, 0, 0, 0, 0, 0, 0, 0, 0, 0, 0]",2,128,648.0,15552.0,1047356702,1047372730,1086462086,1086464165,0,545,545,-1,1,16028,2079,1024,32,32,3
12,3,"[8, 24, 3, 3, 3, 0, 0, 0, 0, 0, 0, 0, 0, 0, 0, 8, 24, 3, 3, 3, 0, 0, 0, 0, 0, 0, 0, 0, 0, 0]",2,128,648.0,15552.0,1047517050,1047530329,1086464710,1086466214,0,1471,1471,-1,1,13279,1504,1024,32,32,3
16,3,"[8, 24, 0, 0, 0, 0, 0, 0, 0, 0, 0, 0, 0, 0, 0, 4, 0, 0, 0, 0, 0, 0, 0, 0, 0, 0, 0, 0, 0, 0]",1,128,24.0,388.0,1047663910,1047677418,1086467685,1086469638,0,512,512,-1,1,13508,1953,1024,32,32,3
12,3,"[8, 24, 0, 0, 0, 0, 0, 0, 0, 0, 0, 0, 0, 0, 0, 8, 24, 0, 0, 0, 0, 0, 0, 0, 0, 0, 0, 0, 0, 0]",1,128,24.0,576.0,1047811418,1047823942,1086470150,1086472229,0,224,224,-1,1,12524,2079,1024,32,32,3
12,3,"[8, 24, 0, 0, 0, 0, 0, 0, 0, 0, 0, 0, 0, 0, 0, 8, 24, 0, 0, 0, 0, 0, 0, 0, 0, 0, 0, 0, 0, 0]",1,128,24.0,576.0,1047955052,1047966755,1086472453,1086474404,0,1,1,-1,1,11703,1951,1024,32,32,3
16,3,"[8, 24, 0, 0, 0, 0, 0, 0, 0, 0, 0, 0, 0, 0, 0, 4, 0, 0, 0, 0, 0, 0, 0, 0, 0, 0, 0, 0, 0, 0]",1,128,24.0,388.0,1048097261,1048110012,1086474405,1086476453,0,1568,1568,-1,1,12751,2048,1024,32,32,3
12,3,"[8, 24, 0, 0, 0, 0, 0, 0, 0, 0, 0, 0, 0, 0, 0, 8, 24, 0, 0, 0, 0, 0, 0, 0, 0, 0, 0, 0, 0, 0]",1,128,24.0,576.0,1048251108,1048264441,1086478021,1086480069,0,449,449,-1,1,13333,2048,1024,32,32,3
12,3,"[8, 24, 0, 0, 0, 0, 0, 0, 0, 0, 0, 0, 0, 0, 0, 8, 24, 0, 0, 0, 0, 0, 0, 0, 0, 0, 0, 0, 0, 0]",1,128,24.0,576.0,1048396174,1048408556,1086480518,1086482597,0,320,320,-1,1,12382,2079,1024,32,32,3
16,3,"[8, 24, 1, 3, 3, 0, 0, 0, 0, 0, 0, 0, 0, 0, 0, 4, 0, 0, 0, 0, 0, 0, 0, 0, 0, 0, 0, 0, 0, 0]",1,128,216.0,3460.0,1048539874,1048552162,1086482917,1086484646,0,1215,1215,-1,1,12288,1729,1024,32,32,3
12,3,"[8, 24, 1, 3, 3, 0, 0, 0, 0, 0, 0, 0, 0, 0, 0, 8, 24, 1, 3, 3, 0, 0, 0, 0, 0, 0, 0, 0, 0, 0]",1,128,216.0,5184.0,1048684378,1048696351,1086485861,1086488005,0,545,545,-1,1,11973,2144,1024,32,32,3
12,3,"[8, 24, 1, 3, 3, 0, 0, 0, 0, 0, 0, 0, 0, 0, 0, 8, 24, 1, 3, 3, 0, 0, 0, 0, 0, 0, 0, 0, 0, 0]",1,128,216.0,5184.0,1048825633,1048837378,1086488550,1086490693,0,96,96,-1,1,11745,2143,1024,32,32,3
16,3,"[8, 24, 0, 0, 0, 0, 0, 0, 0, 0, 0, 0, 0, 0, 0, 4, 0, 0, 0, 0, 0, 0, 0, 0, 0, 0, 0, 0, 0, 0]",1,128,24.0,388.0,1048964105,1048976195,1086490789,1086492837,0,512,512,-1,1,12090,2048,1024,32,32,3
12,3,"[8, 24, 0, 0, 0, 0, 0, 0, 0, 0, 0, 0, 0, 0, 0, 8, 24, 0, 0, 0, 0, 0, 0, 0, 0, 0, 0, 0, 0, 0]",1,128,24.0,576.0,1049102741,1049128659,1086493349,1086494885,0,1408,1408,-1,1,25918,1536,1024,32,32,3
12,3,"[8, 24, 0, 0, 0, 0, 0, 0, 0, 0, 0, 0, 0, 0, 0, 8, 24, 0, 0, 0, 0, 0, 0, 0, 0, 0, 0, 0, 0, 0]",1,128,24.0,576.0,1049321189,1049337710,1086496293,1086498341,0,544,544,-1,1,16521,2048,1024,32,32,3
16,3,"[8, 24, 0, 0, 0, 0, 0, 0, 0, 0, 0, 0, 0, 0, 0, 4, 0, 0, 0, 0, 0, 0, 0, 0, 0, 0, 0, 0, 0, 0]",1,128,24.0,388.0,1049509691,1049525700,1086498885,1086500933,0,224,224,-1,1,16009,2048,1024,32,32,3
12,3,"[8, 24, 0, 0, 0, 0, 0, 0, 0, 0, 0, 0, 0, 0, 0, 8, 24, 0, 0, 0, 0, 0, 0, 0, 0, 0, 0, 0, 0, 0]",1,128,24.0,576.0,1049702296,1049718174,1086501157,1086503077,0,1024,1024,-1,1,15878,1920,1024,32,32,3
12,3,"[8, 24, 0, 0, 0, 0, 0, 0, 0, 0, 0, 0, 0, 0, 0, 8, 24, 0, 0, 0, 0, 0, 0, 0, 0, 0, 0, 0, 0, 0]",1,128,24.0,576.0,1049892027,1049907801,1086504101,1086506181,0,544,544,-1,1,15774,2080,1024,32,32,3
16,3,"[8, 24, 24, 1, 1, 0, 0, 0, 0, 0, 0, 0, 0, 0, 0, 4, 0, 0, 0, 0, 0, 0, 0, 0, 0, 0, 0, 0, 0, 0]",2,128,576.0,9220.0,1050083756,1050100021,1086506725,1086508805,0,416,416,-1,1,16265,2080,1024,32,32,3
12,3,"[8, 24, 24, 1, 1, 0, 0, 0, 0, 0, 0, 0, 0, 0, 0, 8, 24, 24, 1, 1, 0, 0, 0, 0, 0, 0, 0, 0, 0, 0]",2,128,576.0,13824.0,1050277538,1050293004,1086509221,1086511268,0,1,1,-1,1,15466,2047,1024,32,32,3
12,3,"[8, 24, 24, 1, 1, 0, 0, 0, 0, 0, 0, 0, 0, 0, 0, 8, 24, 24, 1, 1, 0, 0, 0, 0, 0, 0, 0, 0, 0, 0]",2,128,576.0,13824.0,1050503929,1050521295,1086511269,1086513317,0,1280,1280,-1,1,17366,2048,1024,32,32,3
16,3,"[8, 24, 0, 0, 0, 0, 0, 0, 0, 0, 0, 0, 0, 0, 0, 4, 0, 0, 0, 0, 0, 0, 0, 0, 0, 0, 0, 0, 0, 0]",1,128,24.0,388.0,1050699518,1050716007,1086514597,1086516517,0,576,576,-1,1,16489,1920,1024,32,32,3
12,3,"[8, 24, 0, 0, 0, 0, 0, 0, 0, 0, 0, 0, 0, 0, 0, 8, 24, 0, 0, 0, 0, 0, 0, 0, 0, 0, 0, 0, 0, 0]",1,128,24.0,576.0,1050889430,1050904566,1086517093,1086519173,0,288,288,-1,1,15136,2080,1024,32,32,3
12,3,"[8, 24, 0, 0, 0, 0, 0, 0, 0, 0, 0, 0, 0, 0, 0, 8, 24, 0, 0, 0, 0, 0, 0, 0, 0, 0, 0, 0, 0, 0]",1,128,24.0,576.0,1051077935,1051093900,1086519461,1086521508,0,1,1,-1,1,15965,2047,1024,32,32,3
16,3,"[8, 24, 0, 0, 0, 0, 0, 0, 0, 0, 0, 0, 0, 0, 0, 4, 0, 0, 0, 0, 0, 0, 0, 0, 0, 0, 0, 0, 0, 0]",1,128,24.0,388.0,1051265352,1051281924,1086521509,1086523557,0,1376,1376,-1,1,16572,2048,1024,32,32,3
12,3,"[8, 24, 0, 0, 0, 0, 0, 0, 0, 0, 0, 0, 0, 0, 0, 8, 24, 0, 0, 0, 0, 0, 0, 0, 0, 0, 0, 0, 0, 0]",1,128,24.0,576.0,1051453903,1051469211,1086524933,1086526981,0,576,576,-1,1,15308,2048,1024,32,32,3
12,3,"[8, 24, 0, 0, 0, 0, 0, 0, 0, 0, 0, 0, 0, 0, 0, 8, 24, 0, 0, 0, 0, 0, 0, 0, 0, 0, 0, 0, 0, 0]",1,128,24.0,576.0,1051659720,1051676377,1086527557,1086529637,0,192,192,-1,1,16657,2080,1024,32,32,3
16,3,"[8, 24, 24, 1, 1, 0, 0, 0, 0, 0, 0, 0, 0, 0, 0, 4, 0, 0, 0, 0, 0, 0, 0, 0, 0, 0, 0, 0, 0, 0]",2,128,576.0,9220.0,1051854514,1051871189,1086529829,1086531749,0,1056,1056,-1,1,16675,1920,1024,32,32,3
12,3,"[8, 24, 24, 1, 1, 0, 0, 0, 0, 0, 0, 0, 0, 0, 0, 8, 24, 24, 1, 1, 0, 0, 0, 0, 0, 0, 0, 0, 0, 0]",2,128,576.0,13824.0,1052050591,1052065763,1086532805,1086535013,0,544,544,-1,1,15172,2208,1024,32,32,3
12,3,"[8, 24, 24, 1, 1, 0, 0, 0, 0, 0, 0, 0, 0, 0, 0, 8, 24, 24, 1, 1, 0, 0, 0, 0, 0, 0, 0, 0, 0, 0]",2,128,576.0,13824.0,1052243051,1052258762,1086535557,1086537669,0,224,224,-1,1,15711,2112,1024,32,32,3
16,3,"[8, 24, 0, 0, 0, 0, 0, 0, 0, 0, 0, 0, 0, 0, 0, 4, 0, 0, 0, 0, 0, 0, 0, 0, 0, 0, 0, 0, 0, 0]",1,128,24.0,388.0,1052430349,1052446517,1086537893,1086539941,0,384,384,-1,1,16168,2048,1024,32,32,3
12,3,"[8, 24, 0, 0, 0, 0, 0, 0, 0, 0, 0, 0, 0, 0, 0, 8, 24, 0, 0, 0, 0, 0, 0, 0, 0, 0, 0, 0, 0, 0]",1,128,24.0,576.0,1052620341,1052635432,1086540325,1086541989,0,1312,1312,-1,1,15091,1664,1024,32,32,3
12,3,"[8, 24, 0, 0, 0, 0, 0, 0, 0, 0, 0, 0, 0, 0, 0, 8, 24, 0, 0, 0, 0, 0, 0, 0, 0, 0, 0, 0, 0, 0]",1,128,24.0,576.0,1052811227,1052826182,1086543301,1086545349,0,544,544,-1,1,14955,2048,1024,32,32,3
16,3,"[8, 24, 0, 0, 0, 0, 0, 0, 0, 0, 0, 0, 0, 0, 0, 4, 0, 0, 0, 0, 0, 0, 0, 0, 0, 0, 0, 0, 0, 0]",1,128,24.0,388.0,1053012353,1053028896,1086545893,1086547813,0,288,288,-1,1,16543,1920,1024,32,32,3
12,3,"[8, 24, 0, 0, 0, 0, 0, 0, 0, 0, 0, 0, 0, 0, 0, 8, 24, 0, 0, 0, 0, 0, 0, 0, 0, 0, 0, 0, 0, 0]",1,128,24.0,576.0,1053202391,1053217543,1086548101,1086550181,0,480,480,-1,1,15152,2080,1024,32,32,3
12,3,"[8, 24, 0, 0, 0, 0, 0, 0, 0, 0, 0, 0, 0, 0, 0, 8, 24, 0, 0, 0, 0, 0, 0, 0, 0, 0, 0, 0, 0, 0]",1,128,24.0,576.0,1053393416,1053409550,1086550661,1086552229,0,1408,1408,-1,1,16134,1568,1024,32,32,3
16,3,"[8, 24, 1, 3, 3, 0, 0, 0, 0, 0, 0, 0, 0, 0, 0, 4, 0, 0, 0, 0, 0, 0, 0, 0, 0, 0, 0, 0, 0, 0]",1,128,216.0,3460.0,1053584741,1053601029,1086553637,1086555621,0,512,512,-1,1,16288,1984,1024,32,32,3
12,3,"[8, 24, 1, 3, 3, 0, 0, 0, 0, 0, 0, 0, 0, 0, 0, 8, 24, 1, 3, 3, 0, 0, 0, 0, 0, 0, 0, 0, 0, 0]",1,128,216.0,5184.0,1053776822,1053792638,1086556133,1086558277,0,224,224,-1,1,15816,2144,1024,32,32,3
12,3,"[8, 24, 1, 3, 3, 0, 0, 0, 0, 0, 0, 0, 0, 0, 0, 8, 24, 1, 3, 3, 0, 0, 0, 0, 0, 0, 0, 0, 0, 0]",1,128,216.0,5184.0,1053970772,1053986310,1086558501,1086560421,0,1184,1184,-1,1,15538,1920,1024,32,32,3
16,3,"[8, 24, 0, 0, 0, 0, 0, 0, 0, 0, 0, 0, 0, 0, 0, 4, 0, 0, 0, 0, 0, 0, 0, 0, 0, 0, 0, 0, 0, 0]",1,128,24.0,388.0,1054564200,1054588068,1086561605,1086563525,0,512,512,-1,1,23868,1920,1024,32,32,3
12,3,"[8, 24, 0, 0, 0, 0, 0, 0, 0, 0, 0, 0, 0, 0, 0, 8, 24, 0, 0, 0, 0, 0, 0, 0, 0, 0, 0, 0, 0, 0]",1,128,24.0,576.0,1054789614,1054807893,1086564037,1086566085,0,448,448,-1,1,18279,2048,1024,32,32,3
12,3,"[8, 24, 0, 0, 0, 0, 0, 0, 0, 0, 0, 0, 0, 0, 0, 8, 24, 0, 0, 0, 0, 0, 0, 0, 0, 0, 0, 0, 0, 0]",1,128,24.0,576.0,1054990875,1055006645,1086566533,1086568613,0,320,320,-1,1,15770,2080,1024,32,32,3
16,3,"[8, 24, 0, 0, 0, 0, 0, 0, 0, 0, 0, 0, 0, 0, 0, 4, 0, 0, 0, 0, 0, 0, 0, 0, 0, 0, 0, 0, 0, 0]",1,128,24.0,388.0,1055182158,1055198489,1086568933,1086570661,0,1088,1088,-1,1,16331,1728,1024,32,32,3
12,3,"[8, 24, 0, 0, 0, 0, 0, 0, 0, 0, 0, 0, 0, 0, 0, 8, 24, 0, 0, 0, 0, 0, 0, 0, 0, 0, 0, 0, 0, 0]",1,128,24.0,576.0,1055372660,1055387585,1086571749,1086573797,0,576,576,-1,1,14925,2048,1024,32,32,3
12,3,"[8, 24, 0, 0, 0, 0, 0, 0, 0, 0, 0, 0, 0, 0, 0, 8, 24, 0, 0, 0, 0, 0, 0, 0, 0, 0, 0, 0, 0, 0]",1,128,24.0,576.0,1055578260,1055594513,1086574373,1086576453,0,320,320,-1,1,16253,2080,1024,32,32,3
16,3,"[8, 24, 24, 1, 1, 0, 0, 0, 0, 0, 0, 0, 0, 0, 0, 4, 0, 0, 0, 0, 0, 0, 0, 0, 0, 0, 0, 0, 0, 0]",2,128,576.0,9220.0,1055771041,1055787540,1086576773,1086578852,0,1,1,-1,1,16499,2079,1024,32,32,3
12,3,"[8, 24, 24, 1, 1, 0, 0, 0, 0, 0, 0, 0, 0, 0, 0, 8, 24, 24, 1, 1, 0, 0, 0, 0, 0, 0, 0, 0, 0, 0]",2,128,576.0,13824.0,1055963879,1055978928,1086578853,1086580901,0,1344,1344,-1,1,15049,2048,1024,32,32,3
12,3,"[8, 24, 24, 1, 1, 0, 0, 0, 0, 0, 0, 0, 0, 0, 0, 8, 24, 24, 1, 1, 0, 0, 0, 0, 0, 0, 0, 0, 0, 0]",2,128,576.0,13824.0,1056151715,1056167850,1086582245,1086584357,0,512,512,-1,1,16135,2112,1024,32,32,3
16,3,"[8, 24, 0, 0, 0, 0, 0, 0, 0, 0, 0, 0, 0, 0, 0, 4, 0, 0, 0, 0, 0, 0, 0, 0, 0, 0, 0, 0, 0, 0]",1,128,24.0,388.0,1056337132,1056353167,1086584869,1086586885,0,256,256,-1,1,16035,2016,1024,32,32,3
12,3,"[8, 24, 0, 0, 0, 0, 0, 0, 0, 0, 0, 0, 0, 0, 0, 8, 24, 0, 0, 0, 0, 0, 0, 0, 0, 0, 0, 0, 0, 0]",1,128,24.0,576.0,1056523015,1056539180,1086587141,1086589093,0,672,672,-1,1,16165,1952,1024,32,32,3
12,3,"[8, 24, 0, 0, 0, 0, 0, 0, 0, 0, 0, 0, 0, 0, 0, 8, 24, 0, 0, 0, 0, 0, 0, 0, 0, 0, 0, 0, 0, 0]",1,128,24.0,576.0,1056711552,1056746840,1086589765,1086592165,0,544,544,-1,1,35288,2400,1024,32,32,3
16,3,"[8, 24, 0, 0, 0, 0, 0, 0, 0, 0, 0, 0, 0, 0, 0, 4, 0, 0, 0, 0, 0, 0, 0, 0, 0, 0, 0, 0, 0, 0]",1,128,24.0,388.0,1056919570,1056935712,1086592709,1086594725,0,480,480,-1,1,16142,2016,1024,32,32,3
12,3,"[8, 24, 0, 0, 0, 0, 0, 0, 0, 0, 0, 0, 0, 0, 0, 8, 24, 0, 0, 0, 0, 0, 0, 0, 0, 0, 0, 0, 0, 0]",1,128,24.0,576.0,1057107983,1057123147,1086595205,1086597284,0,1,1,-1,1,15164,2079,1024,32,32,3
12,3,"[8, 24, 0, 0, 0, 0, 0, 0, 0, 0, 0, 0, 0, 0, 0, 8, 24, 0, 0, 0, 0, 0, 0, 0, 0, 0, 0, 0, 0, 0]",1,128,24.0,576.0,1057298698,1057313949,1086597285,1086599333,0,1248,1248,-1,1,15251,2048,1024,32,32,3
16,3,"[8, 24, 24, 1, 1, 0, 0, 0, 0, 0, 0, 0, 0, 0, 0, 4, 0, 0, 0, 0, 0, 0, 0, 0, 0, 0, 0, 0, 0, 0]",2,128,576.0,9220.0,1057488996,1057504784,1086600581,1086602693,0,512,512,-1,1,15788,2112,1024,32,32,3
12,3,"[8, 24, 24, 1, 1, 0, 0, 0, 0, 0, 0, 0, 0, 0, 0, 8, 24, 24, 1, 1, 0, 0, 0, 0, 0, 0, 0, 0, 0, 0]",2,128,576.0,13824.0,1057680653,1057695596,1086603205,1086605285,0,192,192,-1,1,14943,2080,1024,32,32,3
12,3,"[8, 24, 24, 1, 1, 0, 0, 0, 0, 0, 0, 0, 0, 0, 0, 8, 24, 24, 1, 1, 0, 0, 0, 0, 0, 0, 0, 0, 0, 0]",2,128,576.0,13824.0,1057870739,1057886027,1086605477,1086607524,0,1,1,-1,1,15288,2047,1024,32,32,3
16,3,"[8, 24, 0, 0, 0, 0, 0, 0, 0, 0, 0, 0, 0, 0, 0, 4, 0, 0, 0, 0, 0, 0, 0, 0, 0, 0, 0, 0, 0, 0]",1,128,24.0,388.0,1058076452,1058093587,1086607525,1086609573,0,1344,1344,-1,1,17135,2048,1024,32,32,3
12,3,"[8, 24, 0, 0, 0, 0, 0, 0, 0, 0, 0, 0, 0, 0, 0, 8, 24, 0, 0, 0, 0, 0, 0, 0, 0, 0, 0, 0, 0, 0]",1,128,24.0,576.0,1058267639,1058282707,1086610917,1086612997,0,512,512,-1,1,15068,2080,1024,32,32,3
12,3,"[8, 24, 0, 0, 0, 0, 0, 0, 0, 0, 0, 0, 0, 0, 0, 8, 24, 0, 0, 0, 0, 0, 0, 0, 0, 0, 0, 0, 0, 0]",1,128,24.0,576.0,1058469401,1058485548,1086613509,1086615589,0,224,224,-1,1,16147,2080,1024,32,32,3
16,3,"[8, 24, 0, 0, 0, 0, 0, 0, 0, 0, 0, 0, 0, 0, 0, 4, 0, 0, 0, 0, 0, 0, 0, 0, 0, 0, 0, 0, 0, 0]",1,128,24.0,388.0,1058658768,1058675495,1086615813,1086617765,0,672,672,-1,1,16727,1952,1024,32,32,3
12,3,"[8, 24, 0, 0, 0, 0, 0, 0, 0, 0, 0, 0, 0, 0, 0, 8, 24, 0, 0, 0, 0, 0, 0, 0, 0, 0, 0, 0, 0, 0]",1,128,24.0,576.0,1058849224,1058865141,1086618437,1086620837,0,480,480,-1,1,15917,2400,1024,32,32,3
12,3,"[8, 24, 0, 0, 0, 0, 0, 0, 0, 0, 0, 0, 0, 0, 0, 8, 24, 0, 0, 0, 0, 0, 0, 0, 0, 0, 0, 0, 0, 0]",1,128,24.0,576.0,1059027937,1059038484,1086621317,1086623493,0,384,384,-1,1,10547,2176,1024,32,32,3
16,3,"[8, 24, 1, 3, 3, 0, 0, 0, 0, 0, 0, 0, 0, 0, 0, 4, 0, 0, 0, 0, 0, 0, 0, 0, 0, 0, 0, 0, 0, 0]",1,128,216.0,3460.0,1059162209,1059173405,1086623877,1086625924,0,1,1,-1,1,11196,2047,1024,32,32,3
12,3,"[8, 24, 1, 3, 3, 0, 0, 0, 0, 0, 0, 0, 0, 0, 0, 8, 24, 1, 3, 3, 0, 0, 0, 0, 0, 0, 0, 0, 0, 0]",1,128,216.0,5184.0,1059288594,1059298764,1086625925,1086628005,0,1312,1312,-1,1,10170,2080,1024,32,32,3
12,3,"[8, 24, 1, 3, 3, 0, 0, 0, 0, 0, 0, 0, 0, 0, 0, 8, 24, 1, 3, 3, 0, 0, 0, 0, 0, 0, 0, 0, 0, 0]",1,128,216.0,5184.0,1059412993,1059423922,1086629317,1086631525,0,544,544,-1,1,10929,2208,1024,32,32,3
16,3,"[8, 24, 0, 0, 0, 0, 0, 0, 0, 0, 0, 0, 0, 0, 0, 4, 0, 0, 0, 0, 0, 0, 0, 0, 0, 0, 0, 0, 0, 0]",1,128,24.0,388.0,1059535069,1059546353,1086632069,1086633989,0,224,224,-1,1,11284,1920,1024,32,32,3
12,3,"[8, 24, 0, 0, 0, 0, 0, 0, 0, 0, 0, 0, 0, 0, 0, 8, 24, 0, 0, 0, 0, 0, 0, 0, 0, 0, 0, 0, 0, 0]",1,128,24.0,576.0,1059660326,1059670800,1086634213,1086636197,0,640,640,-1,1,10474,1984,1024,32,32,3
12,3,"[8, 24, 0, 0, 0, 0, 0, 0, 0, 0, 0, 0, 0, 0, 0, 8, 24, 0, 0, 0, 0, 0, 0, 0, 0, 0, 0, 0, 0, 0]",1,128,24.0,576.0,1059784923,1059794815,1086636837,1086638245,0,1536,1536,-1,1,9892,1408,1024,32,32,3
16,3,"[8, 24, 0, 0, 0, 0, 0, 0, 0, 0, 0, 0, 0, 0, 0, 4, 0, 0, 0, 0, 0, 0, 0, 0, 0, 0, 0, 0, 0, 0]",1,128,24.0,388.0,1059908281,1059918844,1086639781,1086641701,0,576,576,-1,1,10563,1920,1024,32,32,3
12,3,"[8, 24, 0, 0, 0, 0, 0, 0, 0, 0, 0, 0, 0, 0, 0, 8, 24, 0, 0, 0, 0, 0, 0, 0, 0, 0, 0, 0, 0, 0]",1,128,24.0,576.0,1060043855,1060054444,1086642277,1086644357,0,32,32,-1,1,10589,2080,1024,32,32,3
12,3,"[8, 24, 0, 0, 0, 0, 0, 0, 0, 0, 0, 0, 0, 0, 0, 8, 24, 0, 0, 0, 0, 0, 0, 0, 0, 0, 0, 0, 0, 0]",1,128,24.0,576.0,1060170380,1060181177,1086644389,1086646437,0,1088,1088,-1,1,10797,2048,1024,32,32,3
16,3,"[8, 24, 24, 1, 1, 0, 0, 0, 0, 0, 0, 0, 0, 0, 0, 4, 0, 0, 0, 0, 0, 0, 0, 0, 0, 0, 0, 0, 0, 0]",2,128,576.0,9220.0,1060298950,1060310216,1086647525,1086649605,0,544,544,-1,1,11266,2080,1024,32,32,3
12,3,"[8, 24, 24, 1, 1, 0, 0, 0, 0, 0, 0, 0, 0, 0, 0, 8, 24, 24, 1, 1, 0, 0, 0, 0, 0, 0, 0, 0, 0, 0]",2,128,576.0,13824.0,1060427229,1060437738,1086650149,1086652229,0,320,320,-1,1,10509,2080,1024,32,32,3
12,3,"[8, 24, 24, 1, 1, 0, 0, 0, 0, 0, 0, 0, 0, 0, 0, 8, 24, 24, 1, 1, 0, 0, 0, 0, 0, 0, 0, 0, 0, 0]",2,128,576.0,13824.0,1060555008,1060565188,1086652549,1086654629,0,544,544,-1,1,10180,2080,1024,32,32,3
16,3,"[8, 24, 0, 0, 0, 0, 0, 0, 0, 0, 0, 0, 0, 0, 0, 4, 0, 0, 0, 0, 0, 0, 0, 0, 0, 0, 0, 0, 0, 0]",1,128,24.0,388.0,1060678795,1060689526,1086655173,1086656677,0,1312,1312,-1,1,10731,1504,1024,32,32,3
12,3,"[8, 24, 0, 0, 0, 0, 0, 0, 0, 0, 0, 0, 0, 0, 0, 8, 24, 0, 0, 0, 0, 0, 0, 0, 0, 0, 0, 0, 0, 0]",1,128,24.0,576.0,1060814327,1060824777,1086657989,1086660101,0,512,512,-1,1,10450,2112,1024,32,32,3
12,3,"[8, 24, 0, 0, 0, 0, 0, 0, 0, 0, 0, 0, 0, 0, 0, 8, 24, 0, 0, 0, 0, 0, 0, 0, 0, 0, 0, 0, 0, 0]",1,128,24.0,576.0,1060938540,1060949133,1086660613,1086662661,0,224,224,-1,1,10593,2048,1024,32,32,3
16,3,"[8, 24, 0, 0, 0, 0, 0, 0, 0, 0, 0, 0, 0, 0, 0, 4, 0, 0, 0, 0, 0, 0, 0, 0, 0, 0, 0, 0, 0, 0]",1,128,24.0,388.0,1061060789,1061071095,1086662885,1086664869,0,512,512,-1,1,10306,1984,1024,32,32,3
12,3,"[8, 24, 0, 0, 0, 0, 0, 0, 0, 0, 0, 0, 0, 0, 0, 8, 24, 0, 0, 0, 0, 0, 0, 0, 0, 0, 0, 0, 0, 0]",1,128,24.0,576.0,1061184488,1061194723,1086665381,1086666917,0,1408,1408,-1,1,10235,1536,1024,32,32,3
12,3,"[8, 24, 0, 0, 0, 0, 0, 0, 0, 0, 0, 0, 0, 0, 0, 8, 24, 0, 0, 0, 0, 0, 0, 0, 0, 0, 0, 0, 0, 0]",1,128,24.0,576.0,1061497899,1061510726,1086668325,1086670373,0,576,576,-1,1,12827,2048,1024,32,32,3
16,3,"[8, 24, 24, 1, 1, 0, 0, 0, 0, 0, 0, 0, 0, 0, 0, 4, 0, 0, 0, 0, 0, 0, 0, 0, 0, 0, 0, 0, 0, 0]",2,128,576.0,9220.0,1061647241,1061659478,1086670949,1086673028,0,1,1,-1,1,12237,2079,1024,32,32,3
12,3,"[8, 24, 24, 1, 1, 0, 0, 0, 0, 0, 0, 0, 0, 0, 0, 8, 24, 24, 1, 1, 0, 0, 0, 0, 0, 0, 0, 0, 0, 0]",2,128,576.0,13824.0,1061777590,1061788588,1086673029,1086675109,0,1088,1088,-1,1,10998,2080,1024,32,32,3
12,3,"[8, 24, 24, 1, 1, 0, 0, 0, 0, 0, 0, 0, 0, 0, 0, 8, 24, 24, 1, 1, 0, 0, 0, 0, 0, 0, 0, 0, 0, 0]",2,128,576.0,13824.0,1061905005,1061915239,1086676197,1086678309,0,512,512,-1,1,10234,2112,1024,32,32,3
16,3,"[8, 24, 0, 0, 0, 0, 0, 0, 0, 0, 0, 0, 0, 0, 0, 4, 0, 0, 0, 0, 0, 0, 0, 0, 0, 0, 0, 0, 0, 0]",1,128,24.0,388.0,1062028201,1062038942,1086678821,1086680709,0,544,544,-1,1,10741,1888,1024,32,32,3
12,3,"[8, 24, 0, 0, 0, 0, 0, 0, 0, 0, 0, 0, 0, 0, 0, 8, 24, 0, 0, 0, 0, 0, 0, 0, 0, 0, 0, 0, 0, 0]",1,128,24.0,576.0,1062152841,1062163092,1086681253,1086683300,0,1,1,-1,1,10251,2047,1024,32,32,3
12,3,"[8, 24, 0, 0, 0, 0, 0, 0, 0, 0, 0, 0, 0, 0, 0, 8, 24, 0, 0, 0, 0, 0, 0, 0, 0, 0, 0, 0, 0, 0]",1,128,24.0,576.0,1062276795,1062287056,1086683301,1086685349,0,1120,1120,-1,1,10261,2048,1024,32,32,3
16,3,"[8, 24, 0, 0, 0, 0, 0, 0, 0, 0, 0, 0, 0, 0, 0, 4, 0, 0, 0, 0, 0, 0, 0, 0, 0, 0, 0, 0, 0, 0]",1,128,24.0,388.0,1062413442,1062425246,1086686469,1086688549,0,544,544,-1,1,11804,2080,1024,32,32,3
12,3,"[8, 24, 0, 0, 0, 0, 0, 0, 0, 0, 0, 0, 0, 0, 0, 8, 24, 0, 0, 0, 0, 0, 0, 0, 0, 0, 0, 0, 0, 0]",1,128,24.0,576.0,1062552113,1062562854,1086689093,1086691141,0,320,320,-1,1,10741,2048,1024,32,32,3
12,3,"[8, 24, 0, 0, 0, 0, 0, 0, 0, 0, 0, 0, 0, 0, 0, 8, 24, 0, 0, 0, 0, 0, 0, 0, 0, 0, 0, 0, 0, 0]",1,128,24.0,576.0,1062678111,1062688569,1086691461,1086693541,0,448,448,-1,1,10458,2080,1024,32,32,3
16,3,"[8, 24, 1, 3, 3, 0, 0, 0, 0, 0, 0, 0, 0, 0, 0, 4, 0, 0, 0, 0, 0, 0, 0, 0, 0, 0, 0, 0, 0, 0]",1,128,216.0,3460.0,1062803511,1062814157,1086693989,1086695589,0,1344,1344,-1,1,10646,1600,1024,32,32,3
12,3,"[8, 24, 1, 3, 3, 0, 0, 0, 0, 0, 0, 0, 0, 0, 0, 8, 24, 1, 3, 3, 0, 0, 0, 0, 0, 0, 0, 0, 0, 0]",1,128,216.0,5184.0,1062931113,1062941473,1086696933,1086699141,0,512,512,-1,1,10360,2208,1024,32,32,3
12,3,"[8, 24, 1, 3, 3, 0, 0, 0, 0, 0, 0, 0, 0, 0, 0, 8, 24, 1, 3, 3, 0, 0, 0, 0, 0, 0, 0, 0, 0, 0]",1,128,216.0,5184.0,1063059609,1063069771,1086699653,1086701733,0,384,384,-1,1,10162,2080,1024,32,32,3
16,3,"[8, 24, 0, 0, 0, 0, 0, 0, 0, 0, 0, 0, 0, 0, 0, 4, 0, 0, 0, 0, 0, 0, 0, 0, 0, 0, 0, 0, 0, 0]",1,128,24.0,388.0,1063182737,1063193700,1086702117,1086703781,0,1152,1152,-1,1,10963,1664,1024,32,32,3
12,3,"[8, 24, 0, 0, 0, 0, 0, 0, 0, 0, 0, 0, 0, 0, 0, 8, 24, 0, 0, 0, 0, 0, 0, 0, 0, 0, 0, 0, 0, 0]",1,128,24.0,576.0,1063317324,1063327994,1086704933,1086707013,0,576,576,-1,1,10670,2080,1024,32,32,3
12,3,"[8, 24, 0, 0, 0, 0, 0, 0, 0, 0, 0, 0, 0, 0, 0, 8, 24, 0, 0, 0, 0, 0, 0, 0, 0, 0, 0, 0, 0, 0]",1,128,24.0,576.0,1063443364,1063453947,1086707589,1086709637,0,288,288,-1,1,10583,2048,1024,32,32,3
16,3,"[8, 24, 0, 0, 0, 0, 0, 0, 0, 0, 0, 0, 0, 0, 0, 4, 0, 0, 0, 0, 0, 0, 0, 0, 0, 0, 0, 0, 0, 0]",1,128,24.0,388.0,1063564866,1063575646,1086709925,1086711940,0,1,1,-1,1,10780,2015,1024,32,32,3
12,3,"[8, 24, 0, 0, 0, 0, 0, 0, 0, 0, 0, 0, 0, 0, 0, 8, 24, 0, 0, 0, 0, 0, 0, 0, 0, 0, 0, 0, 0, 0]",1,128,24.0,576.0,1063687763,1063698232,1086711941,1086714021,0,1280,1280,-1,1,10469,2080,1024,32,32,3
12,3,"[8, 24, 0, 0, 0, 0, 0, 0, 0, 0, 0, 0, 0, 0, 0, 8, 24, 0, 0, 0, 0, 0, 0, 0, 0, 0, 0, 0, 0, 0]",1,128,24.0,576.0,1063812687,1063823424,1086715301,1086717349,0,544,544,-1,1,10737,2048,1024,32,32,3
16,3,"[8, 24, 24, 1, 1, 0, 0, 0, 0, 0, 0, 0, 0, 0, 0, 4, 0, 0, 0, 0, 0, 0, 0, 0, 0, 0, 0, 0, 0, 0]",2,128,576.0,9220.0,1063938318,1063949648,1086717893,1086719973,0,192,192,-1,1,11330,2080,1024,32,32,3
12,3,"[8, 24, 24, 1, 1, 0, 0, 0, 0, 0, 0, 0, 0, 0, 0, 8, 24, 24, 1, 1, 0, 0, 0, 0, 0, 0, 0, 0, 0, 0]",2,128,576.0,13824.0,1064064474,1064089436,1086720165,1086722180,0,1,1,-1,1,24962,2015,1024,32,32,3
12,3,"[8, 24, 24, 1, 1, 0, 0, 0, 0, 0, 0, 0, 0, 0, 0, 8, 24, 24, 1, 1, 0, 0, 0, 0, 0, 0, 0, 0, 0, 0]",2,128,576.0,13824.0,1064208317,1064219363,1086722181,1086724261,0,1503,1503,-1,1,11046,2080,1024,32,32,3
16,3,"[8, 24, 0, 0, 0, 0, 0, 0, 0, 0, 0, 0, 0, 0, 0, 4, 0, 0, 0, 0, 0, 0, 0, 0, 0, 0, 0, 0, 0, 0]",1,128,24.0,388.0,1064332136,1064342853,1086725764,1086727685,0,575,575,-1,1,10717,1921,1024,32,32,3
12,3,"[8, 24, 0, 0, 0, 0, 0, 0, 0, 0, 0, 0, 0, 0, 0, 8, 24, 0, 0, 0, 0, 0, 0, 0, 0, 0, 0, 0, 0, 0]",1,128,24.0,576.0,1064457612,1064467826,1086728260,1086730309,0,224,224,-1,1,10214,2049,1024,32,32,3
12,3,"[8, 24, 0, 0, 0, 0, 0, 0, 0, 0, 0, 0, 0, 0, 0, 8, 24, 0, 0, 0, 0, 0, 0, 0, 0, 0, 0, 0, 0, 0]",1,128,24.0,576.0,1064581428,1064591482,1086730533,1086732453,0,1024,1024,-1,1,10054,1920,1024,32,32,3
16,3,"[8, 24, 0, 0, 0, 0, 0, 0, 0, 0, 0, 0, 0, 0, 0, 4, 0, 0, 0, 0, 0, 0, 0, 0, 0, 0, 0, 0, 0, 0]",1,128,24.0,388.0,1064701897,1064713165,1086733477,1086734500,0,1473,1473,-1,1,11268,1023,1024,32,32,3
12,3,"[8, 24, 0, 0, 0, 0, 0, 0, 0, 0, 0, 0, 0, 0, 0, 8, 24, 0, 0, 0, 0, 0, 0, 0, 0, 0, 0, 0, 0, 0]",1,128,24.0,576.0,1064825945,1064836602,1086735973,1086738021,0,544,544,-1,1,10657,2048,1024,32,32,3
12,3,"[8, 24, 0, 0, 0, 0, 0, 0, 0, 0, 0, 0, 0, 0, 0, 8, 24, 0, 0, 0, 0, 0, 0, 0, 0, 0, 0, 0, 0, 0]",1,128,24.0,576.0,1064961600,1064972315,1086738565,1086740644,0,224,224,-1,1,10715,2079,1024,32,32,3
16,3,"[8, 24, 24, 1, 1, 0, 0, 0, 0, 0, 0, 0, 0, 0, 0, 4, 0, 0, 0, 0, 0, 0, 0, 0, 0, 0, 0, 0, 0, 0]",2,128,576.0,9220.0,1065086952,1065097643,1086740868,1086742693,0,1120,1120,-1,1,10691,1825,1024,32,32,3
12,3,"[8, 24, 24, 1, 1, 0, 0, 0, 0, 0, 0, 0, 0, 0, 0, 8, 24, 24, 1, 1, 0, 0, 0, 0, 0, 0, 0, 0, 0, 0]",2,128,576.0,13824.0,1065212149,1065222115,1086743813,1086745925,0,511,511,-1,1,9966,2112,1024,32,32,3
12,3,"[8, 24, 24, 1, 1, 0, 0, 0, 0, 0, 0, 0, 0, 0, 0, 8, 24, 24, 1, 1, 0, 0, 0, 0, 0, 0, 0, 0, 0, 0]",2,128,576.0,13824.0,1065336285,1065346943,1086746436,1086748548,0,256,256,-1,1,10658,2112,1024,32,32,3
16,3,"[8, 24, 0, 0, 0, 0, 0, 0, 0, 0, 0, 0, 0, 0, 0, 4, 0, 0, 0, 0, 0, 0, 0, 0, 0, 0, 0, 0, 0, 0]",1,128,24.0,388.0,1065457492,1065468305,1086748804,1086750885,0,480,480,-1,1,10813,2081,1024,32,32,3
12,3,"[8, 24, 0, 0, 0, 0, 0, 0, 0, 0, 0, 0, 0, 0, 0, 8, 24, 0, 0, 0, 0, 0, 0, 0, 0, 0, 0, 0, 0, 0]",1,128,24.0,576.0,1065582508,1065592503,1086751365,1086752932,0,1377,1377,-1,1,9995,1567,1024,32,32,3
12,3,"[8, 24, 0, 0, 0, 0, 0, 0, 0, 0, 0, 0, 0, 0, 0, 8, 24, 0, 0, 0, 0, 0, 0, 0, 0, 0, 0, 0, 0, 0]",1,128,24.0,576.0,1065718473,1065729155,1086754309,1086756356,0,576,576,-1,1,10682,2047,1024,32,32,3
16,3,"[8, 24, 0, 0, 0, 0, 0, 0, 0, 0, 0, 0, 0, 0, 0, 4, 0, 0, 0, 0, 0, 0, 0, 0, 0, 0, 0, 0, 0, 0]",1,128,24.0,388.0,1065842780,1065853721,1086756932,1086758917,0,159,159,-1,1,10941,1985,1024,32,32,3
12,3,"[8, 24, 0, 0, 0, 0, 0, 0, 0, 0, 0, 0, 0, 0, 0, 8, 24, 0, 0, 0, 0, 0, 0, 0, 0, 0, 0, 0, 0, 0]",1,128,24.0,576.0,1065965428,1065975367,1086759076,1086761123,0,1,1,-1,1,9939,2047,1024,32,32,3
12,3,"[8, 24, 0, 0, 0, 0, 0, 0, 0, 0, 0, 0, 0, 0, 0, 8, 24, 0, 0, 0, 0, 0, 0, 0, 0, 0, 0, 0, 0, 0]",1,128,24.0,576.0,1066087991,1066097925,1086761124,1086763173,0,1503,1503,-1,1,9934,2049,1024,32,32,3
16,3,"[8, 24, 1, 3, 3, 0, 0, 0, 0, 0, 0, 0, 0, 0, 0, 4, 0, 0, 0, 0, 0, 0, 0, 0, 0, 0, 0, 0, 0, 0]",1,128,216.0,3460.0,1066213727,1066224352,1086764676,1086766724,0,544,544,-1,1,10625,2048,1024,32,32,3
12,3,"[8, 24, 1, 3, 3, 0, 0, 0, 0, 0, 0, 0, 0, 0, 0, 8, 24, 1, 3, 3, 0, 0, 0, 0, 0, 0, 0, 0, 0, 0]",1,128,216.0,5184.0,1066345482,1066356048,1086767268,1086769316,0,384,384,-1,1,10566,2048,1024,32,32,3
12,3,"[8, 24, 1, 3, 3, 0, 0, 0, 0, 0, 0, 0, 0, 0, 0, 8, 24, 1, 3, 3, 0, 0, 0, 0, 0, 0, 0, 0, 0, 0]",1,128,216.0,5184.0,1066473300,1066483952,1086769700,1086771364,0,1312,1312,-1,1,10652,1664,1024,32,32,3
16,3,"[8, 24, 0, 0, 0, 0, 0, 0, 0, 0, 0, 0, 0, 0, 0, 4, 0, 0, 0, 0, 0, 0, 0, 0, 0, 0, 0, 0, 0, 0]",1,128,24.0,388.0,1066608204,1066619518,1086772676,1086774564,0,608,608,-1,1,11314,1888,1024,32,32,3
12,3,"[8, 24, 0, 0, 0, 0, 0, 0, 0, 0, 0, 0, 0, 0, 0, 8, 24, 0, 0, 0, 0, 0, 0, 0, 0, 0, 0, 0, 0, 0]",1,128,24.0,576.0,1066920195,1066932776,1086775172,1086777252,0,224,224,-1,1,12581,2080,1024,32,32,3
12,3,"[8, 24, 0, 0, 0, 0, 0, 0, 0, 0, 0, 0, 0, 0, 0, 8, 24, 0, 0, 0, 0, 0, 0, 0, 0, 0, 0, 0, 0, 0]",1,128,24.0,576.0,1067057487,1067068934,1086777476,1086779555,0,1,1,-1,1,11447,2079,1024,32,32,3
16,3,"[8, 24, 0, 0, 0, 0, 0, 0, 0, 0, 0, 0, 0, 0, 0, 4, 0, 0, 0, 0, 0, 0, 0, 0, 0, 0, 0, 0, 0, 0]",1,128,24.0,388.0,1067183883,1067195235,1086779556,1086781604,0,1281,1281,-1,1,11352,2048,1024,32,32,3
12,3,"[8, 24, 0, 0, 0, 0, 0, 0, 0, 0, 0, 0, 0, 0, 0, 8, 24, 0, 0, 0, 0, 0, 0, 0, 0, 0, 0, 0, 0, 0]",1,128,24.0,576.0,1067310314,1067321204,1086782885,1086784932,0,544,544,-1,1,10890,2047,1024,32,32,3
12,3,"[8, 24, 0, 0, 0, 0, 0, 0, 0, 0, 0, 0, 0, 0, 0, 8, 24, 0, 0, 0, 0, 0, 0, 0, 0, 0, 0, 0, 0, 0]",1,128,24.0,576.0,1067448850,1067459547,1086785476,1086787556,0,224,224,-1,1,10697,2080,1024,32,32,3
16,3,"[8, 24, 24, 1, 1, 0, 0, 0, 0, 0, 0, 0, 0, 0, 0, 4, 0, 0, 0, 0, 0, 0, 0, 0, 0, 0, 0, 0, 0, 0]",2,128,576.0,9220.0,1067575247,1067586194,1086787780,1086789763,0,1,1,-1,1,10947,1983,1024,32,32,3
12,3,"[8, 24, 24, 1, 1, 0, 0, 0, 0, 0, 0, 0, 0, 0, 0, 8, 24, 24, 1, 1, 0, 0, 0, 0, 0, 0, 0, 0, 0, 0]",2,128,576.0,13824.0,1067700488,1067710746,1086789764,1086791844,0,1504,1504,-1,1,10258,2080,1024,32,32,3
12,3,"[8, 24, 24, 1, 1, 0, 0, 0, 0, 0, 0, 0, 0, 0, 0, 8, 24, 24, 1, 1, 0, 0, 0, 0, 0, 0, 0, 0, 0, 0]",2,128,576.0,13824.0,1067823635,1067834028,1086793348,1086795492,0,416,416,-1,1,10393,2144,1024,32,32,3
16,3,"[8, 24, 0, 0, 0, 0, 0, 0, 0, 0, 0, 0, 0, 0, 0, 4, 0, 0, 0, 0, 0, 0, 0, 0, 0, 0, 0, 0, 0, 0]",1,128,24.0,388.0,1067945717,1067956572,1086795908,1086797988,0,256,256,-1,1,10855,2080,1024,32,32,3
12,3,"[8, 24, 0, 0, 0, 0, 0, 0, 0, 0, 0, 0, 0, 0, 0, 8, 24, 0, 0, 0, 0, 0, 0, 0, 0, 0, 0, 0, 0, 0]",1,128,24.0,576.0,1068070394,1068081071,1086798244,1086800036,0,1184,1184,-1,1,10677,1792,1024,32,32,3
12,3,"[8, 24, 0, 0, 0, 0, 0, 0, 0, 0, 0, 0, 0, 0, 0, 8, 24, 0, 0, 0, 0, 0, 0, 0, 0, 0, 0, 0, 0, 0]",1,128,24.0,576.0,1068202641,1068213230,1086801220,1086803268,0,576,576,-1,1,10589,2048,1024,32,32,3
16,3,"[8, 24, 0, 0, 0, 0, 0, 0, 0, 0, 0, 0, 0, 0, 0, 4, 0, 0, 0, 0, 0, 0, 0, 0, 0, 0, 0, 0, 0, 0]",1,128,24.0,388.0,1068326631,1068337640,1086803844,1086805796,0,384,384,-1,1,11009,1952,1024,32,32,3
12,3,"[8, 24, 0, 0, 0, 0, 0, 0, 0, 0, 0, 0, 0, 0, 0, 8, 24, 0, 0, 0, 0, 0, 0, 0, 0, 0, 0, 0, 0, 0]",1,128,24.0,576.0,1068449376,1068459559,1086806180,1086808228,0,352,352,-1,1,10183,2048,1024,32,32,3
12,3,"[8, 24, 0, 0, 0, 0, 0, 0, 0, 0, 0, 0, 0, 0, 0, 8, 24, 0, 0, 0, 0, 0, 0, 0, 0, 0, 0, 0, 0, 0]",1,128,24.0,576.0,1068572771,1068582824,1086808580,1086810276,0,1440,1440,-1,1,10053,1696,1024,32,32,3
16,3,"[8, 48, 1, 3, 3, 0, 0, 0, 0, 0, 0, 0, 0, 0, 0, 4, 0, 0, 0, 0, 0, 0, 0, 0, 0, 0, 0, 0, 0, 0]",1,128,432.0,6916.0,1068696956,1068708086,1086811716,1086813828,0,512,512,-1,1,11130,2112,1024,32,32,3
12,3,"[8, 48, 1, 3, 3, 0, 0, 0, 0, 0, 0, 0, 0, 0, 0, 8, 48, 1, 3, 3, 0, 0, 0, 0, 0, 0, 0, 0, 0, 0]",1,128,432.0,10368.0,1068821828,1068832173,1086814340,1086816387,0,1,1,-1,1,10345,2047,1024,32,32,3
12,3,"[8, 48, 1, 3, 3, 0, 0, 0, 0, 0, 0, 0, 0, 0, 0, 8, 48, 1, 3, 3, 0, 0, 0, 0, 0, 0, 0, 0, 0, 0]",1,128,432.0,10368.0,1068938527,1068946237,1086816388,1086818468,0,1376,1376,-1,1,7710,2080,1024,32,32,3
16,3,"[8, 48, 0, 0, 0, 0, 0, 0, 0, 0, 0, 0, 0, 0, 0, 4, 0, 0, 0, 0, 0, 0, 0, 0, 0, 0, 0, 0, 0, 0]",1,128,48.0,772.0,1069050019,1069058972,1086819844,1086821732,0,608,608,-1,1,8953,1888,1024,32,32,3
12,3,"[8, 48, 0, 0, 0, 0, 0, 0, 0, 0, 0, 0, 0, 0, 0, 8, 48, 0, 0, 0, 0, 0, 0, 0, 0, 0, 0, 0, 0, 0]",1,128,48.0,1152.0,1069136869,1069144107,1086822340,1086824420,0,192,192,-1,1,7238,2080,1024,32,32,3
12,3,"[8, 48, 0, 0, 0, 0, 0, 0, 0, 0, 0, 0, 0, 0, 0, 8, 48, 0, 0, 0, 0, 0, 0, 0, 0, 0, 0, 0, 0, 0]",1,128,48.0,1152.0,1069221897,1069229196,1086824612,1086826627,0,1,1,-1,1,7299,2015,1024,32,32,3
16,3,"[8, 48, 0, 0, 0, 0, 0, 0, 0, 0, 0, 0, 0, 0, 0, 4, 0, 0, 0, 0, 0, 0, 0, 0, 0, 0, 0, 0, 0, 0]",1,128,48.0,772.0,1069305486,1069312874,1086826628,1086828708,0,1344,1344,-1,1,7388,2080,1024,32,32,3
12,3,"[8, 48, 0, 0, 0, 0, 0, 0, 0, 0, 0, 0, 0, 0, 0, 8, 48, 0, 0, 0, 0, 0, 0, 0, 0, 0, 0, 0, 0, 0]",1,128,48.0,1152.0,1069388634,1069396002,1086830052,1086832132,0,576,576,-1,1,7368,2080,1024,32,32,3
12,3,"[8, 48, 0, 0, 0, 0, 0, 0, 0, 0, 0, 0, 0, 0, 0, 8, 48, 0, 0, 0, 0, 0, 0, 0, 0, 0, 0, 0, 0, 0]",1,128,48.0,1152.0,1069472839,1069479946,1086832708,1086834756,0,224,224,-1,1,7107,2048,1024,32,32,3
16,3,"[8, 48, 48, 1, 1, 0, 0, 0, 0, 0, 0, 0, 0, 0, 0, 4, 0, 0, 0, 0, 0, 0, 0, 0, 0, 0, 0, 0, 0, 0]",5,128,2304.0,36868.0,1069564256,1069571958,1086834980,1086836900,0,1024,1024,-1,1,7702,1920,1024,32,32,3
12,3,"[8, 48, 48, 1, 1, 0, 0, 0, 0, 0, 0, 0, 0, 0, 0, 8, 48, 48, 1, 1, 0, 0, 0, 0, 0, 0, 0, 0, 0, 0]",5,128,2304.0,55296.0,1069650974,1069657958,1086837924,1086840196,0,480,480,-1,1,6984,2272,1024,32,32,3
12,3,"[8, 48, 48, 1, 1, 0, 0, 0, 0, 0, 0, 0, 0, 0, 0, 8, 48, 48, 1, 1, 0, 0, 0, 0, 0, 0, 0, 0, 0, 0]",5,128,2304.0,55296.0,1069736640,1069743734,1086840676,1086842820,0,224,224,-1,1,7094,2144,1024,32,32,3
16,3,"[8, 48, 0, 0, 0, 0, 0, 0, 0, 0, 0, 0, 0, 0, 0, 4, 0, 0, 0, 0, 0, 0, 0, 0, 0, 0, 0, 0, 0, 0]",1,128,48.0,772.0,1069819569,1069827005,1086843044,1086845092,0,352,352,-1,1,7436,2048,1024,32,32,3
12,3,"[8, 48, 0, 0, 0, 0, 0, 0, 0, 0, 0, 0, 0, 0, 0, 8, 48, 0, 0, 0, 0, 0, 0, 0, 0, 0, 0, 0, 0, 0]",1,128,48.0,1152.0,1069903388,1069910730,1086845444,1086847140,0,1280,1280,-1,1,7342,1696,1024,32,32,3
12,3,"[8, 48, 0, 0, 0, 0, 0, 0, 0, 0, 0, 0, 0, 0, 0, 8, 48, 0, 0, 0, 0, 0, 0, 0, 0, 0, 0, 0, 0, 0]",1,128,48.0,1152.0,1069987337,1069994172,1086848420,1086850500,0,544,544,-1,1,6835,2080,1024,32,32,3
16,3,"[8, 48, 0, 0, 0, 0, 0, 0, 0, 0, 0, 0, 0, 0, 0, 4, 0, 0, 0, 0, 0, 0, 0, 0, 0, 0, 0, 0, 0, 0]",1,128,48.0,772.0,1070069060,1070086150,1086851044,1086852932,0,352,352,-1,1,17090,1888,1024,32,32,3
12,3,"[8, 48, 0, 0, 0, 0, 0, 0, 0, 0, 0, 0, 0, 0, 0, 8, 48, 0, 0, 0, 0, 0, 0, 0, 0, 0, 0, 0, 0, 0]",1,128,48.0,1152.0,1070164975,1070172445,1086853284,1086855299,0,1,1,-1,1,7470,2015,1024,32,32,3
12,3,"[8, 48, 0, 0, 0, 0, 0, 0, 0, 0, 0, 0, 0, 0, 0, 8, 48, 0, 0, 0, 0, 0, 0, 0, 0, 0, 0, 0, 0, 0]",1,128,48.0,1152.0,1070249991,1070257551,1086855300,1086857380,0,1376,1376,-1,1,7560,2080,1024,32,32,3
16,3,"[8, 48, 48, 1, 1, 0, 0, 0, 0, 0, 0, 0, 0, 0, 0, 4, 0, 0, 0, 0, 0, 0, 0, 0, 0, 0, 0, 0, 0, 0]",5,128,2304.0,36868.0,1070336333,1070350973,1086858756,1086860836,0,544,544,-1,1,14640,2080,1024,32,32,3
12,3,"[8, 48, 48, 1, 1, 0, 0, 0, 0, 0, 0, 0, 0, 0, 0, 8, 48, 48, 1, 1, 0, 0, 0, 0, 0, 0, 0, 0, 0, 0]",5,128,2304.0,55296.0,1070432783,1070440192,1086861380,1086863491,0,1,1,-1,1,7409,2111,1024,32,32,3
12,3,"[8, 48, 48, 1, 1, 0, 0, 0, 0, 0, 0, 0, 0, 0, 0, 8, 48, 48, 1, 1, 0, 0, 0, 0, 0, 0, 0, 0, 0, 0]",5,128,2304.0,55296.0,1070518752,1070525856,1086863492,1086865572,0,1184,1184,-1,1,7104,2080,1024,32,32,3
16,3,"[8, 48, 0, 0, 0, 0, 0, 0, 0, 0, 0, 0, 0, 0, 0, 4, 0, 0, 0, 0, 0, 0, 0, 0, 0, 0, 0, 0, 0, 0]",1,128,48.0,772.0,1070602005,1070609691,1086866756,1086868676,0,544,544,-1,1,7686,1920,1024,32,32,3
12,3,"[8, 48, 0, 0, 0, 0, 0, 0, 0, 0, 0, 0, 0, 0, 0, 8, 48, 0, 0, 0, 0, 0, 0, 0, 0, 0, 0, 0, 0, 0]",1,128,48.0,1152.0,1070695007,1070702455,1086869220,1086871332,0,384,384,-1,1,7448,2112,1024,32,32,3
12,3,"[8, 48, 0, 0, 0, 0, 0, 0, 0, 0, 0, 0, 0, 0, 0, 8, 48, 0, 0, 0, 0, 0, 0, 0, 0, 0, 0, 0, 0, 0]",1,128,48.0,1152.0,1070778883,1070786338,1086871716,1086873731,0,1,1,-1,1,7455,2015,1024,32,32,3
16,3,"[8, 48, 0, 0, 0, 0, 0, 0, 0, 0, 0, 0, 0, 0, 0, 4, 0, 0, 0, 0, 0, 0, 0, 0, 0, 0, 0, 0, 0, 0]",1,128,48.0,772.0,1070862199,1070869523,1086873732,1086875812,0,1120,1120,-1,1,7324,2080,1024,32,32,3
12,3,"[8, 48, 0, 0, 0, 0, 0, 0, 0, 0, 0, 0, 0, 0, 0, 8, 48, 0, 0, 0, 0, 0, 0, 0, 0, 0, 0, 0, 0, 0]",1,128,48.0,1152.0,1070945616,1070953473,1086876932,1086879044,0,512,512,-1,1,7857,2112,1024,32,32,3
12,3,"[8, 48, 0, 0, 0, 0, 0, 0, 0, 0, 0, 0, 0, 0, 0, 8, 48, 0, 0, 0, 0, 0, 0, 0, 0, 0, 0, 0, 0, 0]",1,128,48.0,1152.0,1071029099,1071036439,1086879556,1086881636,0,320,320,-1,1,7340,2080,1024,32,32,3
16,3,"[8, 48, 1, 3, 3, 0, 0, 0, 0, 0, 0, 0, 0, 0, 0, 4, 0, 0, 0, 0, 0, 0, 0, 0, 0, 0, 0, 0, 0, 0]",1,128,432.0,6916.0,1071113866,1071121404,1086881956,1086884003,0,1,1,-1,1,7538,2047,1024,32,32,3
12,3,"[8, 48, 1, 3, 3, 0, 0, 0, 0, 0, 0, 0, 0, 0, 0, 8, 48, 1, 3, 3, 0, 0, 0, 0, 0, 0, 0, 0, 0, 0]",1,128,432.0,10368.0,1071347173,1071358132,1086884004,1086886052,0,1504,1504,-1,1,10959,2048,1024,32,32,3
12,3,"[8, 48, 1, 3, 3, 0, 0, 0, 0, 0, 0, 0, 0, 0, 0, 8, 48, 1, 3, 3, 0, 0, 0, 0, 0, 0, 0, 0, 0, 0]",1,128,432.0,10368.0,1071439565,1071447447,1086887556,1086889796,0,352,352,-1,1,7882,2240,1024,32,32,3
16,3,"[8, 48, 0, 0, 0, 0, 0, 0, 0, 0, 0, 0, 0, 0, 0, 4, 0, 0, 0, 0, 0, 0, 0, 0, 0, 0, 0, 0, 0, 0]",1,128,48.0,772.0,1071526848,1071534693,1086890148,1086892196,0,256,256,-1,1,7845,2048,1024,32,32,3
12,3,"[8, 48, 0, 0, 0, 0, 0, 0, 0, 0, 0, 0, 0, 0, 0, 8, 48, 0, 0, 0, 0, 0, 0, 0, 0, 0, 0, 0, 0, 0]",1,128,48.0,1152.0,1071611272,1071618344,1086892452,1086894244,0,1184,1184,-1,1,7072,1792,1024,32,32,3
12,3,"[8, 48, 0, 0, 0, 0, 0, 0, 0, 0, 0, 0, 0, 0, 0, 8, 48, 0, 0, 0, 0, 0, 0, 0, 0, 0, 0, 0, 0, 0]",1,128,48.0,1152.0,1071695073,1071702241,1086895428,1086897476,0,576,576,-1,1,7168,2048,1024,32,32,3
16,3,"[8, 48, 0, 0, 0, 0, 0, 0, 0, 0, 0, 0, 0, 0, 0, 4, 0, 0, 0, 0, 0, 0, 0, 0, 0, 0, 0, 0, 0, 0]",1,128,48.0,772.0,1071778089,1071785599,1086898052,1086899940,0,416,416,-1,1,7510,1888,1024,32,32,3
12,3,"[8, 48, 0, 0, 0, 0, 0, 0, 0, 0, 0, 0, 0, 0, 0, 8, 48, 0, 0, 0, 0, 0, 0, 0, 0, 0, 0, 0, 0, 0]",1,128,48.0,1152.0,1071870447,1071878054,1086900356,1086902403,0,1,1,-1,1,7607,2047,1024,32,32,3
12,3,"[8, 48, 0, 0, 0, 0, 0, 0, 0, 0, 0, 0, 0, 0, 0, 8, 48, 0, 0, 0, 0, 0, 0, 0, 0, 0, 0, 0, 0, 0]",1,128,48.0,1152.0,1071954713,1071961853,1086902404,1086904484,0,1248,1248,-1,1,7140,2080,1024,32,32,3
16,3,"[8, 48, 48, 1, 1, 0, 0, 0, 0, 0, 0, 0, 0, 0, 0, 4, 0, 0, 0, 0, 0, 0, 0, 0, 0, 0, 0, 0, 0, 0]",5,128,2304.0,36868.0,1072038610,1072046103,1086905732,1086907812,0,544,544,-1,1,7493,2080,1024,32,32,3
12,3,"[8, 48, 48, 1, 1, 0, 0, 0, 0, 0, 0, 0, 0, 0, 0, 8, 48, 48, 1, 1, 0, 0, 0, 0, 0, 0, 0, 0, 0, 0]",5,128,2304.0,55296.0,1072124813,1072132139,1086908356,1086910500,0,96,96,-1,1,7326,2144,1024,32,32,3
12,3,"[8, 48, 48, 1, 1, 0, 0, 0, 0, 0, 0, 0, 0, 0, 0, 8, 48, 48, 1, 1, 0, 0, 0, 0, 0, 0, 0, 0, 0, 0]",5,128,2304.0,55296.0,1072210161,1072217242,1086910596,1086912676,0,1088,1088,-1,1,7081,2080,1024,32,32,3
16,3,"[8, 48, 0, 0, 0, 0, 0, 0, 0, 0, 0, 0, 0, 0, 0, 4, 0, 0, 0, 0, 0, 0, 0, 0, 0, 0, 0, 0, 0, 0]",1,128,48.0,772.0,1072293767,1072301707,1086913764,1086914724,0,1504,1504,-1,1,7940,960,1024,32,32,3
12,3,"[8, 48, 0, 0, 0, 0, 0, 0, 0, 0, 0, 0, 0, 0, 0, 8, 48, 0, 0, 0, 0, 0, 0, 0, 0, 0, 0, 0, 0, 0]",1,128,48.0,1152.0,1072387640,1072394922,1086916228,1086918308,0,480,480,-1,1,7282,2080,1024,32,32,3
12,3,"[8, 48, 0, 0, 0, 0, 0, 0, 0, 0, 0, 0, 0, 0, 0, 8, 48, 0, 0, 0, 0, 0, 0, 0, 0, 0, 0, 0, 0, 0]",1,128,48.0,1152.0,1072473153,1072481218,1086918788,1086920868,0,256,256,-1,1,8065,2080,1024,32,32,3
16,3,"[8, 48, 0, 0, 0, 0, 0, 0, 0, 0, 0, 0, 0, 0, 0, 4, 0, 0, 0, 0, 0, 0, 0, 0, 0, 0, 0, 0, 0, 0]",1,128,48.0,772.0,1072557665,1072565122,1086921124,1086922916,0,1024,1024,-1,1,7457,1792,1024,32,32,3
12,3,"[8, 48, 0, 0, 0, 0, 0, 0, 0, 0, 0, 0, 0, 0, 0, 8, 48, 0, 0, 0, 0, 0, 0, 0, 0, 0, 0, 0, 0, 0]",1,128,48.0,1152.0,1072642101,1072650281,1086923940,1086926052,0,512,512,-1,1,8180,2112,1024,32,32,3
12,3,"[8, 48, 0, 0, 0, 0, 0, 0, 0, 0, 0, 0, 0, 0, 0, 8, 48, 0, 0, 0, 0, 0, 0, 0, 0, 0, 0, 0, 0, 0]",1,128,48.0,1152.0,1072727116,1072734276,1086926564,1086928612,0,416,416,-1,1,7160,2048,1024,32,32,3
16,3,"[8, 48, 48, 1, 1, 0, 0, 0, 0, 0, 0, 0, 0, 0, 0, 4, 0, 0, 0, 0, 0, 0, 0, 0, 0, 0, 0, 0, 0, 0]",5,128,2304.0,36868.0,1072819125,1072827336,1086929028,1086931075,0,1,1,-1,1,8211,2047,1024,32,32,3
12,3,"[8, 48, 48, 1, 1, 0, 0, 0, 0, 0, 0, 0, 0, 0, 0, 8, 48, 48, 1, 1, 0, 0, 0, 0, 0, 0, 0, 0, 0, 0]",5,128,2304.0,55296.0,1072913666,1072921777,1086931076,1086933156,0,1376,1376,-1,1,8111,2080,1024,32,32,3
12,3,"[8, 48, 48, 1, 1, 0, 0, 0, 0, 0, 0, 0, 0, 0, 0, 8, 48, 48, 1, 1, 0, 0, 0, 0, 0, 0, 0, 0, 0, 0]",5,128,2304.0,55296.0,1073000776,1073007884,1086934532,1086936644,0,512,512,-1,1,7108,2112,1024,32,32,3
16,3,"[8, 48, 0, 0, 0, 0, 0, 0, 0, 0, 0, 0, 0, 0, 0, 4, 0, 0, 0, 0, 0, 0, 0, 0, 0, 0, 0, 0, 0, 0]",1,128,48.0,772.0,1073086674,1073093969,1086937156,1086939044,0,224,224,-1,1,7295,1888,1024,32,32,3
12,3,"[8, 48, 0, 0, 0, 0, 0, 0, 0, 0, 0, 0, 0, 0, 0, 8, 48, 0, 0, 0, 0, 0, 0, 0, 0, 0, 0, 0, 0, 0]",1,128,48.0,1152.0,1073170090,1073177691,1086939268,1086941347,0,1,1,-1,1,7601,2079,1024,32,32,3
12,3,"[8, 48, 0, 0, 0, 0, 0, 0, 0, 0, 0, 0, 0, 0, 0, 8, 48, 0, 0, 0, 0, 0, 0, 0, 0, 0, 0, 0, 0, 0]",1,128,48.0,1152.0,1073255093,1073262099,1086941348,1086943396,0,1440,1440,-1,1,7006,2048,1024,32,32,3
16,3,"[8, 48, 0, 0, 0, 0, 0, 0, 0, 0, 0, 0, 0, 0, 0, 4, 0, 0, 0, 0, 0, 0, 0, 0, 0, 0, 0, 0, 0, 0]",1,128,48.0,772.0,1073339521,1073347140,1086944836,1086946756,0,576,576,-1,1,7619,1920,1024,32,32,3
12,3,"[8, 48, 0, 0, 0, 0, 0, 0, 0, 0, 0, 0, 0, 0, 0, 8, 48, 0, 0, 0, 0, 0, 0, 0, 0, 0, 0, 0, 0, 0]",1,128,48.0,1152.0,1073423964,1073431301,1086947332,1086949412,0,224,224,-1,1,7337,2080,1024,32,32,3
12,3,"[8, 48, 0, 0, 0, 0, 0, 0, 0, 0, 0, 0, 0, 0, 0, 8, 48, 0, 0, 0, 0, 0, 0, 0, 0, 0, 0, 0, 0, 0]",1,128,48.0,1152.0,1073516822,1073524301,1086949636,1086951588,0,672,672,-1,1,7479,1952,1024,32,32,3
16,3,"[8, 48, 1, 3, 3, 0, 0, 0, 0, 0, 0, 0, 0, 0, 0, 4, 0, 0, 0, 0, 0, 0, 0, 0, 0, 0, 0, 0, 0, 0]",1,128,432.0,6916.0,1073602858,1073610384,1086952260,1086954724,0,480,480,-1,1,7526,2464,1024,32,32,3
12,3,"[8, 48, 1, 3, 3, 0, 0, 0, 0, 0, 0, 0, 0, 0, 0, 8, 48, 1, 3, 3, 0, 0, 0, 0, 0, 0, 0, 0, 0, 0]",1,128,432.0,10368.0,1073688649,1073695567,1086955204,1086957476,0,224,224,-1,1,6918,2272,1024,32,32,3
12,3,"[8, 48, 1, 3, 3, 0, 0, 0, 0, 0, 0, 0, 0, 0, 0, 8, 48, 1, 3, 3, 0, 0, 0, 0, 0, 0, 0, 0, 0, 0]",1,128,432.0,10368.0,1073773447,1073781006,1086957700,1086959780,0,1088,1088,-1,1,7559,2080,1024,32,32,3
16,3,"[8, 48, 0, 0, 0, 0, 0, 0, 0, 0, 0, 0, 0, 0, 0, 4, 0, 0, 0, 0, 0, 0, 0, 0, 0, 0, 0, 0, 0, 0]",1,128,48.0,772.0,1073856020,1073863398,1086960868,1086961828,0,1440,1440,-1,1,7378,960,1024,32,32,3
12,3,"[8, 48, 0, 0, 0, 0, 0, 0, 0, 0, 0, 0, 0, 0, 0, 8, 48, 0, 0, 0, 0, 0, 0, 0, 0, 0, 0, 0, 0, 0]",1,128,48.0,1152.0,1073941399,1073948387,1086963268,1086965348,0,544,544,-1,1,6988,2080,1024,32,32,3
12,3,"[8, 48, 0, 0, 0, 0, 0, 0, 0, 0, 0, 0, 0, 0, 0, 8, 48, 0, 0, 0, 0, 0, 0, 0, 0, 0, 0, 0, 0, 0]",1,128,48.0,1152.0,1074036403,1074043758,1086965892,1086967939,0,1,1,-1,1,7355,2047,1024,32,32,3
16,3,"[8, 48, 0, 0, 0, 0, 0, 0, 0, 0, 0, 0, 0, 0, 0, 4, 0, 0, 0, 0, 0, 0, 0, 0, 0, 0, 0, 0, 0, 0]",1,128,48.0,772.0,1074121451,1074128818,1086967940,1086970020,0,640,640,-1,1,7367,2080,1024,32,32,3
12,3,"[8, 48, 0, 0, 0, 0, 0, 0, 0, 0, 0, 0, 0, 0, 0, 8, 48, 0, 0, 0, 0, 0, 0, 0, 0, 0, 0, 0, 0, 0]",1,128,48.0,1152.0,1074206009,1074213266,1086970660,1086972068,0,1568,1568,-1,1,7257,1408,1024,32,32,3
12,3,"[8, 48, 0, 0, 0, 0, 0, 0, 0, 0, 0, 0, 0, 0, 0, 8, 48, 0, 0, 0, 0, 0, 0, 0, 0, 0, 0, 0, 0, 0]",1,128,48.0,1152.0,1074291467,1074299866,1086973636,1086975684,0,480,480,-1,1,8399,2048,1024,32,32,3
16,3,"[8, 48, 48, 1, 1, 0, 0, 0, 0, 0, 0, 0, 0, 0, 0, 4, 0, 0, 0, 0, 0, 0, 0, 0, 0, 0, 0, 0, 0, 0]",5,128,2304.0,36868.0,1074383599,1074392223,1086976164,1086978179,0,1,1,-1,1,8624,2015,1024,32,32,3
12,3,"[8, 48, 48, 1, 1, 0, 0, 0, 0, 0, 0, 0, 0, 0, 0, 8, 48, 48, 1, 1, 0, 0, 0, 0, 0, 0, 0, 0, 0, 0]",5,128,2304.0,55296.0,1074469424,1074476499,1086978180,1086980260,0,1376,1376,-1,1,7075,2080,1024,32,32,3
12,3,"[8, 48, 48, 1, 1, 0, 0, 0, 0, 0, 0, 0, 0, 0, 0, 8, 48, 48, 1, 1, 0, 0, 0, 0, 0, 0, 0, 0, 0, 0]",5,128,2304.0,55296.0,1074570346,1074579189,1086981636,1086983780,0,480,480,-1,1,8843,2144,1024,32,32,3
16,3,"[8, 48, 0, 0, 0, 0, 0, 0, 0, 0, 0, 0, 0, 0, 0, 4, 0, 0, 0, 0, 0, 0, 0, 0, 0, 0, 0, 0, 0, 0]",1,128,48.0,772.0,1074663171,1074671592,1086984260,1086986148,0,256,256,-1,1,8421,1888,1024,32,32,3
12,3,"[8, 48, 0, 0, 0, 0, 0, 0, 0, 0, 0, 0, 0, 0, 0, 8, 48, 0, 0, 0, 0, 0, 0, 0, 0, 0, 0, 0, 0, 0]",1,128,48.0,1152.0,1074751795,1074759705,1086986404,1086988452,0,576,576,-1,1,7910,2048,1024,32,32,3
12,3,"[8, 48, 0, 0, 0, 0, 0, 0, 0, 0, 0, 0, 0, 0, 0, 8, 48, 0, 0, 0, 0, 0, 0, 0, 0, 0, 0, 0, 0, 0]",1,128,48.0,1152.0,1074837967,1074845182,1086989028,1086990500,0,1440,1440,-1,1,7215,1472,1024,32,32,3
16,3,"[8, 48, 0, 0, 0, 0, 0, 0, 0, 0, 0, 0, 0, 0, 0, 4, 0, 0, 0, 0, 0, 0, 0, 0, 0, 0, 0, 0, 0, 0]",1,128,48.0,772.0,1075057245,1075068018,1086991940,1086993828,0,608,608,-1,1,10773,1888,1024,32,32,3
12,3,"[8, 48, 0, 0, 0, 0, 0, 0, 0, 0, 0, 0, 0, 0, 0, 8, 48, 0, 0, 0, 0, 0, 0, 0, 0, 0, 0, 0, 0, 0]",1,128,48.0,1152.0,1075155823,1075164920,1086994436,1086996516,0,128,128,-1,1,9097,2080,1024,32,32,3
12,3,"[8, 48, 0, 0, 0, 0, 0, 0, 0, 0, 0, 0, 0, 0, 0, 8, 48, 0, 0, 0, 0, 0, 0, 0, 0, 0, 0, 0, 0, 0]",1,128,48.0,1152.0,1075254802,1075262625,1086996644,1086998659,0,1,1,-1,1,7823,2015,1024,32,32,3
16,3,"[8, 48, 48, 1, 1, 0, 0, 0, 0, 0, 0, 0, 0, 0, 0, 4, 0, 0, 0, 0, 0, 0, 0, 0, 0, 0, 0, 0, 0, 0]",5,128,2304.0,36868.0,1075344384,1075352208,1086998660,1087000740,0,1536,1536,-1,1,7824,2080,1024,32,32,3
12,3,"[8, 48, 48, 1, 1, 0, 0, 0, 0, 0, 0, 0, 0, 0, 0, 8, 48, 48, 1, 1, 0, 0, 0, 0, 0, 0, 0, 0, 0, 0]",5,128,2304.0,55296.0,1075432957,1075440497,1087002276,1087004420,0,416,416,-1,1,7540,2144,1024,32,32,3
12,3,"[8, 48, 48, 1, 1, 0, 0, 0, 0, 0, 0, 0, 0, 0, 0, 8, 48, 48, 1, 1, 0, 0, 0, 0, 0, 0, 0, 0, 0, 0]",5,128,2304.0,55296.0,1075521499,1075529084,1087004836,1087006883,0,449,449,-1,1,7585,2047,1024,32,32,3
16,3,"[8, 48, 0, 0, 0, 0, 0, 0, 0, 0, 0, 0, 0, 0, 0, 4, 0, 0, 0, 0, 0, 0, 0, 0, 0, 0, 0, 0, 0, 0]",1,128,48.0,772.0,1075608986,1075619430,1087007332,1087008932,0,1119,1119,-1,1,10444,1600,1024,32,32,3
12,3,"[8, 48, 0, 0, 0, 0, 0, 0, 0, 0, 0, 0, 0, 0, 0, 8, 48, 0, 0, 0, 0, 0, 0, 0, 0, 0, 0, 0, 0, 0]",1,128,48.0,1152.0,1075738523,1075751480,1087010051,1087012195,0,513,513,-1,1,12957,2144,1024,32,32,3
12,3,"[8, 48, 0, 0, 0, 0, 0, 0, 0, 0, 0, 0, 0, 0, 0, 8, 48, 0, 0, 0, 0, 0, 0, 0, 0, 0, 0, 0, 0, 0]",1,128,48.0,1152.0,1075882183,1075894860,1087012708,1087014756,0,320,320,-1,1,12677,2048,1024,32,32,3
16,3,"[8, 48, 0, 0, 0, 0, 0, 0, 0, 0, 0, 0, 0, 0, 0, 4, 0, 0, 0, 0, 0, 0, 0, 0, 0, 0, 0, 0, 0, 0]",1,128,48.0,772.0,1076019674,1076031703,1087015076,1087017124,0,352,352,-1,1,12029,2048,1024,32,32,3
12,3,"[8, 48, 0, 0, 0, 0, 0, 0, 0, 0, 0, 0, 0, 0, 0, 8, 48, 0, 0, 0, 0, 0, 0, 0, 0, 0, 0, 0, 0, 0]",1,128,48.0,1152.0,1076156089,1076168218,1087017476,1087019171,0,1249,1249,-1,1,12129,1695,1024,32,32,3
12,3,"[8, 48, 0, 0, 0, 0, 0, 0, 0, 0, 0, 0, 0, 0, 0, 8, 48, 0, 0, 0, 0, 0, 0, 0, 0, 0, 0, 0, 0, 0]",1,128,48.0,1152.0,1076298370,1076310645,1087020420,1087022500,0,543,543,-1,1,12275,2080,1024,32,32,3
16,3,"[8, 48, 1, 3, 3, 0, 0, 0, 0, 0, 0, 0, 0, 0, 0, 4, 0, 0, 0, 0, 0, 0, 0, 0, 0, 0, 0, 0, 0, 0]",1,128,432.0,6916.0,1076450261,1076463460,1087023043,1087025156,0,159,159,-1,1,13199,2113,1024,32,32,3
12,3,"[8, 48, 1, 3, 3, 0, 0, 0, 0, 0, 0, 0, 0, 0, 0, 8, 48, 1, 3, 3, 0, 0, 0, 0, 0, 0, 0, 0, 0, 0]",1,128,432.0,10368.0,1076599035,1076611756,1087025315,1087027364,0,1056,1056,-1,1,12721,2049,1024,32,32,3
12,3,"[8, 48, 1, 3, 3, 0, 0, 0, 0, 0, 0, 0, 0, 0, 0, 8, 48, 1, 3, 3, 0, 0, 0, 0, 0, 0, 0, 0, 0, 0]",1,128,432.0,10368.0,1076755185,1076769232,1087028420,1087030660,0,512,512,-1,1,14047,2240,1024,32,32,3
16,3,"[8, 48, 0, 0, 0, 0, 0, 0, 0, 0, 0, 0, 0, 0, 0, 4, 0, 0, 0, 0, 0, 0, 0, 0, 0, 0, 0, 0, 0, 0]",1,128,48.0,772.0,1076873908,1076885481,1087031172,1087033091,0,384,384,-1,1,11573,1919,1024,32,32,3
12,3,"[8, 48, 0, 0, 0, 0, 0, 0, 0, 0, 0, 0, 0, 0, 0, 8, 48, 0, 0, 0, 0, 0, 0, 0, 0, 0, 0, 0, 0, 0]",1,128,48.0,1152.0,1076970100,1076978733,1087033475,1087035555,0,384,384,-1,1,8633,2080,1024,32,32,3
12,3,"[8, 48, 0, 0, 0, 0, 0, 0, 0, 0, 0, 0, 0, 0, 0, 8, 48, 0, 0, 0, 0, 0, 0, 0, 0, 0, 0, 0, 0, 0]",1,128,48.0,1152.0,1077060261,1077068497,1087035939,1087037603,0,1312,1312,-1,1,8236,1664,1024,32,32,3
16,3,"[8, 48, 0, 0, 0, 0, 0, 0, 0, 0, 0, 0, 0, 0, 0, 4, 0, 0, 0, 0, 0, 0, 0, 0, 0, 0, 0, 0, 0, 0]",1,128,48.0,772.0,1077147397,1077155504,1087038915,1087040803,0,576,576,-1,1,8107,1888,1024,32,32,3
12,3,"[8, 48, 0, 0, 0, 0, 0, 0, 0, 0, 0, 0, 0, 0, 0, 8, 48, 0, 0, 0, 0, 0, 0, 0, 0, 0, 0, 0, 0, 0]",1,128,48.0,1152.0,1077233480,1077241283,1087041379,1087043459,0,288,288,-1,1,7803,2080,1024,32,32,3
12,3,"[8, 48, 0, 0, 0, 0, 0, 0, 0, 0, 0, 0, 0, 0, 0, 8, 48, 0, 0, 0, 0, 0, 0, 0, 0, 0, 0, 0, 0, 0]",1,128,48.0,1152.0,1077319138,1077326570,1087043747,1087045796,0,480,480,-1,1,7432,2049,1024,32,32,3
16,3,"[8, 48, 48, 1, 1, 0, 0, 0, 0, 0, 0, 0, 0, 0, 0, 4, 0, 0, 0, 0, 0, 0, 0, 0, 0, 0, 0, 0, 0, 0]",5,128,2304.0,36868.0,1077415404,1077423769,1087046276,1087047843,0,1377,1377,-1,1,8365,1567,1024,32,32,3
12,3,"[8, 48, 48, 1, 1, 0, 0, 0, 0, 0, 0, 0, 0, 0, 0, 8, 48, 48, 1, 1, 0, 0, 0, 0, 0, 0, 0, 0, 0, 0]",5,128,2304.0,55296.0,1077504729,1077512025,1087049220,1087051395,0,545,545,-1,1,7296,2175,1024,32,32,3
12,3,"[8, 48, 48, 1, 1, 0, 0, 0, 0, 0, 0, 0, 0, 0, 0, 8, 48, 48, 1, 1, 0, 0, 0, 0, 0, 0, 0, 0, 0, 0]",5,128,2304.0,55296.0,1077590544,1077597812,1087051940,1087053987,0,352,352,-1,1,7268,2047,1024,32,32,3
16,3,"[8, 48, 0, 0, 0, 0, 0, 0, 0, 0, 0, 0, 0, 0, 0, 4, 0, 0, 0, 0, 0, 0, 0, 0, 0, 0, 0, 0, 0, 0]",1,128,48.0,772.0,1077674451,1077682289,1087054339,1087056035,0,1088,1088,-1,1,7838,1696,1024,32,32,3
12,3,"[8, 48, 0, 0, 0, 0, 0, 0, 0, 0, 0, 0, 0, 0, 0, 8, 48, 0, 0, 0, 0, 0, 0, 0, 0, 0, 0, 0, 0, 0]",1,128,48.0,1152.0,1077759272,1077766908,1087057123,1087059203,0,544,544,-1,1,7636,2080,1024,32,32,3
12,3,"[8, 48, 0, 0, 0, 0, 0, 0, 0, 0, 0, 0, 0, 0, 0, 8, 48, 0, 0, 0, 0, 0, 0, 0, 0, 0, 0, 0, 0, 0]",1,128,48.0,1152.0,1077845058,1077852412,1087059747,1087061795,0,384,384,-1,1,7354,2048,1024,32,32,3
16,3,"[8, 48, 0, 0, 0, 0, 0, 0, 0, 0, 0, 0, 0, 0, 0, 4, 0, 0, 0, 0, 0, 0, 0, 0, 0, 0, 0, 0, 0, 0]",1,128,48.0,772.0,1077938067,1077946474,1087062179,1087064227,0,256,256,-1,1,8407,2048,1024,32,32,3
12,3,"[8, 48, 0, 0, 0, 0, 0, 0, 0, 0, 0, 0, 0, 0, 0, 8, 48, 0, 0, 0, 0, 0, 0, 0, 0, 0, 0, 0, 0, 0]",1,128,48.0,1152.0,1078025233,1078032520,1087064483,1087066275,0,1184,1184,-1,1,7287,1792,1024,32,32,3
12,3,"[8, 48, 0, 0, 0, 0, 0, 0, 0, 0, 0, 0, 0, 0, 0, 8, 48, 0, 0, 0, 0, 0, 0, 0, 0, 0, 0, 0, 0, 0]",1,128,48.0,1152.0,1078110373,1078118196,1087067459,1087069539,0,512,512,-1,1,7823,2080,1024,32,32,3
16,3,"[8, 48, 48, 1, 1, 0, 0, 0, 0, 0, 0, 0, 0, 0, 0, 4, 0, 0, 0, 0, 0, 0, 0, 0, 0, 0, 0, 0, 0, 0]",5,128,2304.0,36868.0,1078197324,1078205183,1087070051,1087072163,0,256,256,-1,1,7859,2112,1024,32,32,3
12,3,"[8, 48, 48, 1, 1, 0, 0, 0, 0, 0, 0, 0, 0, 0, 0, 8, 48, 48, 1, 1, 0, 0, 0, 0, 0, 0, 0, 0, 0, 0]",5,128,2304.0,55296.0,1078284556,1078291854,1087072419,1087074466,0,1,1,-1,1,7298,2047,1024,32,32,3
12,3,"[8, 48, 48, 1, 1, 0, 0, 0, 0, 0, 0, 0, 0, 0, 0, 8, 48, 48, 1, 1, 0, 0, 0, 0, 0, 0, 0, 0, 0, 0]",5,128,2304.0,55296.0,1078377601,1078385190,1087074467,1087076515,0,1536,1536,-1,1,7589,2048,1024,32,32,3
16,3,"[8, 48, 0, 0, 0, 0, 0, 0, 0, 0, 0, 0, 0, 0, 0, 4, 0, 0, 0, 0, 0, 0, 0, 0, 0, 0, 0, 0, 0, 0]",1,128,48.0,772.0,1078464252,1078471995,1087078051,1087079971,0,576,576,-1,1,7743,1920,1024,32,32,3
12,3,"[8, 48, 0, 0, 0, 0, 0, 0, 0, 0, 0, 0, 0, 0, 0, 8, 48, 0, 0, 0, 0, 0, 0, 0, 0, 0, 0, 0, 0, 0]",1,128,48.0,1152.0,1078556320,1078563620,1087080547,1087082627,0,32,32,-1,1,7300,2080,1024,32,32,3
12,3,"[8, 48, 0, 0, 0, 0, 0, 0, 0, 0, 0, 0, 0, 0, 0, 8, 48, 0, 0, 0, 0, 0, 0, 0, 0, 0, 0, 0, 0, 0]",1,128,48.0,1152.0,1078640921,1078647875,1087082659,1087084707,0,1088,1088,-1,1,6954,2048,1024,32,32,3
16,3,"[8, 48, 0, 0, 0, 0, 0, 0, 0, 0, 0, 0, 0, 0, 0, 4, 0, 0, 0, 0, 0, 0, 0, 0, 0, 0, 0, 0, 0, 0]",1,128,48.0,772.0,1078726236,1078733764,1087085795,1087086755,0,1504,1504,-1,1,7528,960,1024,32,32,3
12,3,"[8, 48, 0, 0, 0, 0, 0, 0, 0, 0, 0, 0, 0, 0, 0, 8, 48, 0, 0, 0, 0, 0, 0, 0, 0, 0, 0, 0, 0, 0]",1,128,48.0,1152.0,1078811750,1078819652,1087088259,1087090339,0,512,512,-1,1,7902,2080,1024,32,32,3
12,3,"[8, 48, 0, 0, 0, 0, 0, 0, 0, 0, 0, 0, 0, 0, 0, 8, 48, 0, 0, 0, 0, 0, 0, 0, 0, 0, 0, 0, 0, 0]",1,128,48.0,1152.0,1078896408,1078903531,1087090851,1087092898,0,1,1,-1,1,7123,2047,1024,32,32,3
16,3,"[8, 48, 1, 3, 3, 0, 0, 0, 0, 0, 0, 0, 0, 0, 0, 4, 0, 0, 0, 0, 0, 0, 0, 0, 0, 0, 0, 0, 0, 0]",1,128,432.0,6916.0,1078980420,1078987909,1087092899,1087094947,0,1184,1184,-1,1,7489,2048,1024,32,32,3
12,3,"[8, 48, 1, 3, 3, 0, 0, 0, 0, 0, 0, 0, 0, 0, 0, 8, 48, 1, 3, 3, 0, 0, 0, 0, 0, 0, 0, 0, 0, 0]",1,128,432.0,10368.0,1079075869,1079081378,1087096131,1087098371,0,512,512,-1,1,5509,2240,1024,32,32,3
12,3,"[8, 48, 1, 3, 3, 0, 0, 0, 0, 0, 0, 0, 0, 0, 0, 8, 48, 1, 3, 3, 0, 0, 0, 0, 0, 0, 0, 0, 0, 0]",1,128,432.0,10368.0,1079237055,1079245120,1087098883,1087101090,0,1,1,-1,1,8065,2207,1024,32,32,3
16,3,"[8, 48, 0, 0, 0, 0, 0, 0, 0, 0, 0, 0, 0, 0, 0, 4, 0, 0, 0, 0, 0, 0, 0, 0, 0, 0, 0, 0, 0, 0]",1,128,48.0,772.0,1079308549,1079316064,1087101091,1087103138,0,1,1,-1,1,7515,2047,1024,32,32,3
12,3,"[8, 48, 0, 0, 0, 0, 0, 0, 0, 0, 0, 0, 0, 0, 0, 8, 48, 0, 0, 0, 0, 0, 0, 0, 0, 0, 0, 0, 0, 0]",1,128,48.0,1152.0,1079372896,1079378288,1087103139,1087106211,0,544,544,-1,1,5392,3072,1024,32,32,3
12,3,"[8, 48, 0, 0, 0, 0, 0, 0, 0, 0, 0, 0, 0, 0, 0, 8, 48, 0, 0, 0, 0, 0, 0, 0, 0, 0, 0, 0, 0, 0]",1,128,48.0,1152.0,1079432342,1079437494,1087106755,1087108803,0,480,480,-1,1,5152,2048,1024,32,32,3
16,3,"[8, 48, 0, 0, 0, 0, 0, 0, 0, 0, 0, 0, 0, 0, 0, 4, 0, 0, 0, 0, 0, 0, 0, 0, 0, 0, 0, 0, 0, 0]",1,128,48.0,772.0,1079499158,1079504918,1087109283,1087111330,0,1,1,-1,1,5760,2047,1024,32,32,3
12,3,"[8, 48, 0, 0, 0, 0, 0, 0, 0, 0, 0, 0, 0, 0, 0, 8, 48, 0, 0, 0, 0, 0, 0, 0, 0, 0, 0, 0, 0, 0]",1,128,48.0,1152.0,1079559980,1079565184,1087111331,1087113379,0,1088,1088,-1,1,5204,2048,1024,32,32,3
12,3,"[8, 48, 0, 0, 0, 0, 0, 0, 0, 0, 0, 0, 0, 0, 0, 8, 48, 0, 0, 0, 0, 0, 0, 0, 0, 0, 0, 0, 0, 0]",1,128,48.0,1152.0,1079620690,1079626617,1087114467,1087116515,0,576,576,-1,1,5927,2048,1024,32,32,3
16,3,"[8, 48, 48, 1, 1, 0, 0, 0, 0, 0, 0, 0, 0, 0, 0, 4, 0, 0, 0, 0, 0, 0, 0, 0, 0, 0, 0, 0, 0, 0]",5,128,2304.0,36868.0,1079681804,1079687502,1087117091,1087119171,0,352,352,-1,1,5698,2080,1024,32,32,3
12,3,"[8, 48, 48, 1, 1, 0, 0, 0, 0, 0, 0, 0, 0, 0, 0, 8, 48, 48, 1, 1, 0, 0, 0, 0, 0, 0, 0, 0, 0, 0]",5,128,2304.0,55296.0,1079743187,1079748631,1087119523,1087121571,0,512,512,-1,1,5444,2048,1024,32,32,3
12,3,"[8, 48, 48, 1, 1, 0, 0, 0, 0, 0, 0, 0, 0, 0, 0, 8, 48, 48, 1, 1, 0, 0, 0, 0, 0, 0, 0, 0, 0, 0]",5,128,2304.0,55296.0,1079803974,1079809235,1087122083,1087123619,0,1536,1536,-1,1,5261,1536,1024,32,32,3
16,3,"[8, 48, 0, 0, 0, 0, 0, 0, 0, 0, 0, 0, 0, 0, 0, 4, 0, 0, 0, 0, 0, 0, 0, 0, 0, 0, 0, 0, 0, 0]",1,128,48.0,772.0,1079863783,1079869556,1087125155,1087127043,0,608,608,-1,1,5773,1888,1024,32,32,3
12,3,"[8, 48, 0, 0, 0, 0, 0, 0, 0, 0, 0, 0, 0, 0, 0, 8, 48, 0, 0, 0, 0, 0, 0, 0, 0, 0, 0, 0, 0, 0]",1,128,48.0,1152.0,1079931584,1079937208,1087127651,1087129763,0,1056,1056,-1,1,5624,2112,1024,32,32,3
12,3,"[8, 48, 0, 0, 0, 0, 0, 0, 0, 0, 0, 0, 0, 0, 0, 8, 48, 0, 0, 0, 0, 0, 0, 0, 0, 0, 0, 0, 0, 0]",1,128,48.0,1152.0,1079993685,1079999513,1087130819,1087132867,0,544,544,-1,1,5828,2048,1024,32,32,3
16,3,"[8, 48, 0, 0, 0, 0, 0, 0, 0, 0, 0, 0, 0, 0, 0, 4, 0, 0, 0, 0, 0, 0, 0, 0, 0, 0, 0, 0, 0, 0]",1,128,48.0,772.0,1080054013,1080059432,1087133411,1087135331,0,576,576,-1,1,5419,1920,1024,32,32,3
12,3,"[8, 48, 0, 0, 0, 0, 0, 0, 0, 0, 0, 0, 0, 0, 0, 8, 48, 0, 0, 0, 0, 0, 0, 0, 0, 0, 0, 0, 0, 0]",1,128,48.0,1152.0,1080115035,1080120876,1087135907,1087137955,0,384,384,-1,1,5841,2048,1024,32,32,3
12,3,"[8, 48, 0, 0, 0, 0, 0, 0, 0, 0, 0, 0, 0, 0, 0, 8, 48, 0, 0, 0, 0, 0, 0, 0, 0, 0, 0, 0, 0, 0]",1,128,48.0,1152.0,1080175302,1080180480,1087138339,1087140003,0,1280,1280,-1,1,5178,1664,1024,32,32,3
16,3,"[8, 48, 48, 1, 1, 0, 0, 0, 0, 0, 0, 0, 0, 0, 0, 4, 0, 0, 0, 0, 0, 0, 0, 0, 0, 0, 0, 0, 0, 0]",5,128,2304.0,36868.0,1080236793,1080242826,1087141283,1087143395,0,512,512,-1,1,6033,2112,1024,32,32,3
12,3,"[8, 48, 48, 1, 1, 0, 0, 0, 0, 0, 0, 0, 0, 0, 0, 8, 48, 48, 1, 1, 0, 0, 0, 0, 0, 0, 0, 0, 0, 0]",5,128,2304.0,55296.0,1080304511,1080309995,1087143907,1087146051,0,288,288,-1,1,5484,2144,1024,32,32,3
12,3,"[8, 48, 48, 1, 1, 0, 0, 0, 0, 0, 0, 0, 0, 0, 0, 8, 48, 48, 1, 1, 0, 0, 0, 0, 0, 0, 0, 0, 0, 0]",5,128,2304.0,55296.0,1080366327,1080371707,1087146339,1087148195,0,1216,1216,-1,1,5380,1856,1024,32,32,3
16,3,"[8, 48, 0, 0, 0, 0, 0, 0, 0, 0, 0, 0, 0, 0, 0, 4, 0, 0, 0, 0, 0, 0, 0, 0, 0, 0, 0, 0, 0, 0]",1,128,48.0,772.0,1080426628,1080432130,1087149411,1087151331,0,512,512,-1,1,5502,1920,1024,32,32,3
12,3,"[8, 48, 0, 0, 0, 0, 0, 0, 0, 0, 0, 0, 0, 0, 0, 8, 48, 0, 0, 0, 0, 0, 0, 0, 0, 0, 0, 0, 0, 0]",1,128,48.0,1152.0,1080487609,1080492763,1087151843,1087153891,0,448,448,-1,1,5154,2048,1024,32,32,3
12,3,"[8, 48, 0, 0, 0, 0, 0, 0, 0, 0, 0, 0, 0, 0, 0, 8, 48, 0, 0, 0, 0, 0, 0, 0, 0, 0, 0, 0, 0, 0]",1,128,48.0,1152.0,1080547169,1080552568,1087154339,1087156387,0,352,352,-1,1,5399,2048,1024,32,32,3
16,3,"[8, 48, 0, 0, 0, 0, 0, 0, 0, 0, 0, 0, 0, 0, 0, 4, 0, 0, 0, 0, 0, 0, 0, 0, 0, 0, 0, 0, 0, 0]",1,128,48.0,772.0,1080607288,1080613328,1087156739,1087158435,0,1120,1120,-1,1,6040,1696,1024,32,32,3
12,3,"[8, 48, 0, 0, 0, 0, 0, 0, 0, 0, 0, 0, 0, 0, 0, 8, 48, 0, 0, 0, 0, 0, 0, 0, 0, 0, 0, 0, 0, 0]",1,128,48.0,1152.0,1080672871,1080678497,1087159555,1087161667,0,512,512,-1,1,5626,2112,1024,32,32,3
12,3,"[8, 48, 0, 0, 0, 0, 0, 0, 0, 0, 0, 0, 0, 0, 0, 8, 48, 0, 0, 0, 0, 0, 0, 0, 0, 0, 0, 0, 0, 0]",1,128,48.0,1152.0,1080733448,1080739262,1087162179,1087164259,0,288,288,-1,1,5814,2080,1024,32,32,3
16,3,"[8, 48, 1, 3, 3, 0, 0, 0, 0, 0, 0, 0, 0, 0, 0, 4, 0, 0, 0, 0, 0, 0, 0, 0, 0, 0, 0, 0, 0, 0]",1,128,432.0,6916.0,1080793884,1080800008,1087164547,1087166626,0,1,1,-1,1,6124,2079,1024,32,32,3
12,3,"[8, 48, 1, 3, 3, 0, 0, 0, 0, 0, 0, 0, 0, 0, 0, 8, 48, 1, 3, 3, 0, 0, 0, 0, 0, 0, 0, 0, 0, 0]",1,128,432.0,10368.0,1080855158,1080860273,1087166627,1087168675,0,1504,1504,-1,1,5115,2048,1024,32,32,3
12,3,"[8, 48, 1, 3, 3, 0, 0, 0, 0, 0, 0, 0, 0, 0, 0, 8, 48, 1, 3, 3, 0, 0, 0, 0, 0, 0, 0, 0, 0, 0]",1,128,432.0,10368.0,1080915719,1080921027,1087170179,1087172451,0,288,288,-1,1,5308,2272,1024,32,32,3
16,3,"[8, 48, 0, 0, 0, 0, 0, 0, 0, 0, 0, 0, 0, 0, 0, 4, 0, 0, 0, 0, 0, 0, 0, 0, 0, 0, 0, 0, 0, 0]",1,128,48.0,772.0,1080975754,1080981670,1087172739,1087174819,0,256,256,-1,1,5916,2080,1024,32,32,3
12,3,"[8, 48, 0, 0, 0, 0, 0, 0, 0, 0, 0, 0, 0, 0, 0, 8, 48, 0, 0, 0, 0, 0, 0, 0, 0, 0, 0, 0, 0, 0]",1,128,48.0,1152.0,1081037035,1081042812,1087175075,1087176867,0,1184,1184,-1,1,5777,1792,1024,32,32,3
12,3,"[8, 48, 0, 0, 0, 0, 0, 0, 0, 0, 0, 0, 0, 0, 0, 8, 48, 0, 0, 0, 0, 0, 0, 0, 0, 0, 0, 0, 0, 0]",1,128,48.0,1152.0,1081105093,1081110751,1087178051,1087180099,0,576,576,-1,1,5658,2048,1024,32,32,3
16,3,"[8, 48, 0, 0, 0, 0, 0, 0, 0, 0, 0, 0, 0, 0, 0, 4, 0, 0, 0, 0, 0, 0, 0, 0, 0, 0, 0, 0, 0, 0]",1,128,48.0,772.0,1081166146,1081172066,1087180675,1087182563,0,416,416,-1,1,5920,1888,1024,32,32,3
12,3,"[8, 48, 0, 0, 0, 0, 0, 0, 0, 0, 0, 0, 0, 0, 0, 8, 48, 0, 0, 0, 0, 0, 0, 0, 0, 0, 0, 0, 0, 0]",1,128,48.0,1152.0,1081227023,1081232268,1087182979,1087185059,0,384,384,-1,1,5245,2080,1024,32,32,3
12,3,"[8, 48, 0, 0, 0, 0, 0, 0, 0, 0, 0, 0, 0, 0, 0, 8, 48, 0, 0, 0, 0, 0, 0, 0, 0, 0, 0, 0, 0, 0]",1,128,48.0,1152.0,1081286157,1081291377,1087185443,1087187107,0,1280,1280,-1,1,5220,1664,1024,32,32,3
16,3,"[8, 48, 48, 1, 1, 0, 0, 0, 0, 0, 0, 0, 0, 0, 0, 4, 0, 0, 0, 0, 0, 0, 0, 0, 0, 0, 0, 0, 0, 0]",5,128,2304.0,36868.0,1081345950,1081352097,1087188387,1087190499,0,512,512,-1,1,6147,2112,1024,32,32,3
12,3,"[8, 48, 48, 1, 1, 0, 0, 0, 0, 0, 0, 0, 0, 0, 0, 8, 48, 48, 1, 1, 0, 0, 0, 0, 0, 0, 0, 0, 0, 0]",5,128,2304.0,55296.0,1081407428,1081412703,1087191011,1087193155,0,256,256,-1,1,5275,2144,1024,32,32,3
12,3,"[8, 48, 48, 1, 1, 0, 0, 0, 0, 0, 0, 0, 0, 0, 0, 8, 48, 48, 1, 1, 0, 0, 0, 0, 0, 0, 0, 0, 0, 0]",5,128,2304.0,55296.0,1081474990,1081481127,1087193411,1087195299,0,1152,1152,-1,1,6137,1888,1024,32,32,3
16,3,"[8, 48, 0, 0, 0, 0, 0, 0, 0, 0, 0, 0, 0, 0, 0, 4, 0, 0, 0, 0, 0, 0, 0, 0, 0, 0, 0, 0, 0, 0]",1,128,48.0,772.0,1081536648,1081542212,1087196451,1087198371,0,576,576,-1,1,5564,1920,1024,32,32,3
12,3,"[8, 48, 0, 0, 0, 0, 0, 0, 0, 0, 0, 0, 0, 0, 0, 8, 48, 0, 0, 0, 0, 0, 0, 0, 0, 0, 0, 0, 0, 0]",1,128,48.0,1152.0,1081596542,1081602088,1087198947,1087201027,0,384,384,-1,1,5546,2080,1024,32,32,3
12,3,"[8, 48, 0, 0, 0, 0, 0, 0, 0, 0, 0, 0, 0, 0, 0, 8, 48, 0, 0, 0, 0, 0, 0, 0, 0, 0, 0, 0, 0, 0]",1,128,48.0,1152.0,1081656580,1081661704,1087201411,1087203490,0,1,1,-1,1,5124,2079,1024,32,32,3
16,3,"[8, 48, 0, 0, 0, 0, 0, 0, 0, 0, 0, 0, 0, 0, 0, 4, 0, 0, 0, 0, 0, 0, 0, 0, 0, 0, 0, 0, 0, 0]",1,128,48.0,772.0,1081716642,1081722156,1087203491,1087205539,0,1120,1120,-1,1,5514,2048,1024,32,32,3
12,3,"[8, 48, 0, 0, 0, 0, 0, 0, 0, 0, 0, 0, 0, 0, 0, 8, 48, 0, 0, 0, 0, 0, 0, 0, 0, 0, 0, 0, 0, 0]",1,128,48.0,1152.0,1081881016,1081889487,1087206659,1087208739,0,544,544,-1,1,8471,2080,1024,32,32,3
12,3,"[8, 48, 0, 0, 0, 0, 0, 0, 0, 0, 0, 0, 0, 0, 0, 8, 48, 0, 0, 0, 0, 0, 0, 0, 0, 0, 0, 0, 0, 0]",1,128,48.0,1152.0,1081954344,1081961048,1087209283,1087211331,0,320,320,-1,1,6704,2048,1024,32,32,3
16,3,"[8, 48, 48, 1, 1, 0, 0, 0, 0, 0, 0, 0, 0, 0, 0, 4, 0, 0, 0, 0, 0, 0, 0, 0, 0, 0, 0, 0, 0, 0]",5,128,2304.0,36868.0,1082019089,1082025670,1087211651,1087213698,0,1,1,-1,1,6581,2047,1024,32,32,3
12,3,"[8, 48, 48, 1, 1, 0, 0, 0, 0, 0, 0, 0, 0, 0, 0, 8, 48, 48, 1, 1, 0, 0, 0, 0, 0, 0, 0, 0, 0, 0]",5,128,2304.0,55296.0,1082081399,1082087232,1087213699,1087215779,0,1376,1376,-1,1,5833,2080,1024,32,32,3
12,3,"[8, 48, 48, 1, 1, 0, 0, 0, 0, 0, 0, 0, 0, 0, 0, 8, 48, 48, 1, 1, 0, 0, 0, 0, 0, 0, 0, 0, 0, 0]",5,128,2304.0,55296.0,1082141616,1082147093,1087217155,1087219299,0,544,544,-1,1,5477,2144,1024,32,32,3
16,3,"[8, 48, 0, 0, 0, 0, 0, 0, 0, 0, 0, 0, 0, 0, 0, 4, 0, 0, 0, 0, 0, 0, 0, 0, 0, 0, 0, 0, 0, 0]",1,128,48.0,772.0,1082201284,1082207281,1087219843,1087221827,0,224,224,-1,1,5997,1984,1024,32,32,3
12,3,"[8, 48, 0, 0, 0, 0, 0, 0, 0, 0, 0, 0, 0, 0, 0, 8, 48, 0, 0, 0, 0, 0, 0, 0, 0, 0, 0, 0, 0, 0]",1,128,48.0,1152.0,1082261938,1082267292,1087222051,1087223971,0,1056,1056,-1,1,5354,1920,1024,32,32,3
12,3,"[8, 48, 0, 0, 0, 0, 0, 0, 0, 0, 0, 0, 0, 0, 0, 8, 48, 0, 0, 0, 0, 0, 0, 0, 0, 0, 0, 0, 0, 0]",1,128,48.0,1152.0,1082327997,1082333882,1087225027,1087227075,0,576,576,-1,1,5885,2048,1024,32,32,3
16,3,"[8, 48, 0, 0, 0, 0, 0, 0, 0, 0, 0, 0, 0, 0, 0, 4, 0, 0, 0, 0, 0, 0, 0, 0, 0, 0, 0, 0, 0, 0]",1,128,48.0,772.0,1082396559,1082402855,1087227651,1087229539,0,576,576,-1,1,6296,1888,1024,32,32,3
12,3,"[8, 48, 0, 0, 0, 0, 0, 0, 0, 0, 0, 0, 0, 0, 0, 8, 48, 0, 0, 0, 0, 0, 0, 0, 0, 0, 0, 0, 0, 0]",1,128,48.0,1152.0,1082457588,1082462929,1087230115,1087232163,0,224,224,-1,1,5341,2048,1024,32,32,3
12,3,"[8, 48, 0, 0, 0, 0, 0, 0, 0, 0, 0, 0, 0, 0, 0, 8, 48, 0, 0, 0, 0, 0, 0, 0, 0, 0, 0, 0, 0, 0]",1,128,48.0,1152.0,1082518152,1082523828,1087232387,1087234211,0,1120,1120,-1,1,5676,1824,1024,32,32,3
16,3,"[8, 48, 1, 3, 3, 0, 0, 0, 0, 0, 0, 0, 0, 0, 0, 4, 0, 0, 0, 0, 0, 0, 0, 0, 0, 0, 0, 0, 0, 0]",1,128,432.0,6916.0,1082580062,1082586057,1087235331,1087237443,0,512,512,-1,1,5995,2112,1024,32,32,3
12,3,"[8, 48, 1, 3, 3, 0, 0, 0, 0, 0, 0, 0, 0, 0, 0, 8, 48, 1, 3, 3, 0, 0, 0, 0, 0, 0, 0, 0, 0, 0]",1,128,432.0,10368.0,1082641497,1082646777,1087237955,1087240227,0,128,128,-1,1,5280,2272,1024,32,32,3
12,3,"[8, 48, 1, 3, 3, 0, 0, 0, 0, 0, 0, 0, 0, 0, 0, 8, 48, 1, 3, 3, 0, 0, 0, 0, 0, 0, 0, 0, 0, 0]",1,128,432.0,10368.0,1082708018,1082713575,1087240355,1087242403,0,1088,1088,-1,1,5557,2048,1024,32,32,3
16,3,"[8, 48, 0, 0, 0, 0, 0, 0, 0, 0, 0, 0, 0, 0, 0, 4, 0, 0, 0, 0, 0, 0, 0, 0, 0, 0, 0, 0, 0, 0]",1,128,48.0,772.0,1082768957,1082775371,1087243491,1087244451,0,1504,1504,-1,1,6414,960,1024,32,32,3
12,3,"[8, 48, 0, 0, 0, 0, 0, 0, 0, 0, 0, 0, 0, 0, 0, 8, 48, 0, 0, 0, 0, 0, 0, 0, 0, 0, 0, 0, 0, 0]",1,128,48.0,1152.0,1082830402,1082835680,1087245955,1087248067,0,480,480,-1,1,5278,2112,1024,32,32,3
12,3,"[8, 48, 0, 0, 0, 0, 0, 0, 0, 0, 0, 0, 0, 0, 0, 8, 48, 0, 0, 0, 0, 0, 0, 0, 0, 0, 0, 0, 0, 0]",1,128,48.0,1152.0,1082890458,1082896706,1087248547,1087250594,0,1,1,-1,1,6248,2047,1024,32,32,3
16,3,"[8, 48, 0, 0, 0, 0, 0, 0, 0, 0, 0, 0, 0, 0, 0, 4, 0, 0, 0, 0, 0, 0, 0, 0, 0, 0, 0, 0, 0, 0]",1,128,48.0,772.0,1082952416,1082958753,1087250595,1087252643,0,1056,1056,-1,1,6337,2048,1024,32,32,3
12,3,"[8, 48, 0, 0, 0, 0, 0, 0, 0, 0, 0, 0, 0, 0, 0, 8, 48, 0, 0, 0, 0, 0, 0, 0, 0, 0, 0, 0, 0, 0]",1,128,48.0,1152.0,1083013589,1083018830,1087253699,1087255811,0,512,512,-1,1,5241,2112,1024,32,32,3
12,3,"[8, 48, 0, 0, 0, 0, 0, 0, 0, 0, 0, 0, 0, 0, 0, 8, 48, 0, 0, 0, 0, 0, 0, 0, 0, 0, 0, 0, 0, 0]",1,128,48.0,1152.0,1083075013,1083080702,1087256323,1087258403,0,352,352,-1,1,5689,2080,1024,32,32,3
16,3,"[8, 48, 48, 1, 1, 0, 0, 0, 0, 0, 0, 0, 0, 0, 0, 4, 0, 0, 0, 0, 0, 0, 0, 0, 0, 0, 0, 0, 0, 0]",5,128,2304.0,36868.0,1083141701,1083148302,1087258755,1087260802,0,1,1,-1,1,6601,2047,1024,32,32,3
12,3,"[8, 48, 48, 1, 1, 0, 0, 0, 0, 0, 0, 0, 0, 0, 0, 8, 48, 48, 1, 1, 0, 0, 0, 0, 0, 0, 0, 0, 0, 0]",5,128,2304.0,55296.0,1083204633,1083210458,1087260803,1087262883,0,1312,1312,-1,1,5825,2080,1024,32,32,3
12,3,"[8, 48, 48, 1, 1, 0, 0, 0, 0, 0, 0, 0, 0, 0, 0, 8, 48, 48, 1, 1, 0, 0, 0, 0, 0, 0, 0, 0, 0, 0]",5,128,2304.0,55296.0,1083267725,1083273772,1087264195,1087266339,0,608,608,-1,1,6047,2144,1024,32,32,3
16,3,"[8, 48, 0, 0, 0, 0, 0, 0, 0, 0, 0, 0, 0, 0, 0, 4, 0, 0, 0, 0, 0, 0, 0, 0, 0, 0, 0, 0, 0, 0]",1,128,48.0,772.0,1083328572,1083334095,1087266947,1087268835,0,256,256,-1,1,5523,1888,1024,32,32,3
12,3,"[8, 48, 0, 0, 0, 0, 0, 0, 0, 0, 0, 0, 0, 0, 0, 8, 48, 0, 0, 0, 0, 0, 0, 0, 0, 0, 0, 0, 0, 0]",1,128,48.0,1152.0,1083389558,1083395105,1087269091,1087271075,0,640,640,-1,1,5547,1984,1024,32,32,3
12,3,"[8, 48, 0, 0, 0, 0, 0, 0, 0, 0, 0, 0, 0, 0, 0, 8, 48, 0, 0, 0, 0, 0, 0, 0, 0, 0, 0, 0, 0, 0]",1,128,48.0,1152.0,1083450596,1083456001,1087271715,1087273123,0,1536,1536,-1,1,5405,1408,1024,32,32,3
16,3,"[8, 48, 0, 0, 0, 0, 0, 0, 0, 0, 0, 0, 0, 0, 0, 4, 0, 0, 0, 0, 0, 0, 0, 0, 0, 0, 0, 0, 0, 0]",1,128,48.0,772.0,1083518019,1083524091,1087274659,1087276579,0,576,576,-1,1,6072,1920,1024,32,32,3
12,3,"[8, 48, 0, 0, 0, 0, 0, 0, 0, 0, 0, 0, 0, 0, 0, 8, 48, 0, 0, 0, 0, 0, 0, 0, 0, 0, 0, 0, 0, 0]",1,128,48.0,1152.0,1083580376,1083585753,1087277155,1087279203,0,224,224,-1,1,5377,2048,1024,32,32,3
12,3,"[8, 48, 0, 0, 0, 0, 0, 0, 0, 0, 0, 0, 0, 0, 0, 8, 48, 0, 0, 0, 0, 0, 0, 0, 0, 0, 0, 0, 0, 0]",1,128,48.0,1152.0,1083640980,1083646595,1087279427,1087281315,0,1088,1088,-1,1,5615,1888,1024,32,32,3
16,3,"[8, 48, 48, 1, 1, 0, 0, 0, 0, 0, 0, 0, 0, 0, 0, 4, 0, 0, 0, 0, 0, 0, 0, 0, 0, 0, 0, 0, 0, 0]",5,128,2304.0,36868.0,1083702898,1083708551,1087282403,1087284451,0,544,544,-1,1,5653,2048,1024,32,32,3
12,3,"[8, 48, 48, 1, 1, 0, 0, 0, 0, 0, 0, 0, 0, 0, 0, 8, 48, 48, 1, 1, 0, 0, 0, 0, 0, 0, 0, 0, 0, 0]",5,128,2304.0,55296.0,1083765046,1083770693,1087284995,1087287138,0,289,289,-1,1,5647,2143,1024,32,32,3
12,3,"[8, 48, 48, 1, 1, 0, 0, 0, 0, 0, 0, 0, 0, 0, 0, 8, 48, 48, 1, 1, 0, 0, 0, 0, 0, 0, 0, 0, 0, 0]",5,128,2304.0,55296.0,1083826552,1083831807,1087287427,1087289506,0,545,545,-1,1,5255,2079,1024,32,32,3
16,3,"[8, 48, 0, 0, 0, 0, 0, 0, 0, 0, 0, 0, 0, 0, 0, 4, 0, 0, 0, 0, 0, 0, 0, 0, 0, 0, 0, 0, 0, 0]",1,128,48.0,772.0,1083892179,1083898511,1087290051,1087291555,0,1344,1344,-1,1,6332,1504,1024,32,32,3
12,3,"[8, 48, 0, 0, 0, 0, 0, 0, 0, 0, 0, 0, 0, 0, 0, 8, 48, 0, 0, 0, 0, 0, 0, 0, 0, 0, 0, 0, 0, 0]",1,128,48.0,1152.0,1083954967,1083960267,1087292899,1087294946,0,545,545,-1,1,5300,2047,1024,32,32,3
12,3,"[8, 48, 0, 0, 0, 0, 0, 0, 0, 0, 0, 0, 0, 0, 0, 8, 48, 0, 0, 0, 0, 0, 0, 0, 0, 0, 0, 0, 0, 0]",1,128,48.0,1152.0,1084015738,1084021586,1087295491,1087297571,0,128,128,-1,1,5848,2080,1024,32,32,3
16,3,"[8, 48, 0, 0, 0, 0, 0, 0, 0, 0, 0, 0, 0, 0, 0, 4, 0, 0, 0, 0, 0, 0, 0, 0, 0, 0, 0, 0, 0, 0]",1,128,48.0,772.0,1084075952,1084081557,1087297699,1087299747,0,511,511,-1,1,5605,2048,1024,32,32,3
12,3,"[8, 48, 0, 0, 0, 0, 0, 0, 0, 0, 0, 0, 0, 0, 0, 8, 48, 0, 0, 0, 0, 0, 0, 0, 0, 0, 0, 0, 0, 0]",1,128,48.0,1152.0,1084136741,1084142383,1087300258,1087301794,0,1408,1408,-1,1,5642,1536,1024,32,32,3
12,3,"[8, 48, 0, 0, 0, 0, 0, 0, 0, 0, 0, 0, 0, 0, 0, 8, 48, 0, 0, 0, 0, 0, 0, 0, 0, 0, 0, 0, 0, 0]",1,128,48.0,1152.0,1084197461,1084202663,1087303202,1087305283,0,543,543,-1,1,5202,2081,1024,32,32,3
16,3,"[8, 48, 1, 3, 3, 0, 0, 0, 0, 0, 0, 0, 0, 0, 0, 4, 0, 0, 0, 0, 0, 0, 0, 0, 0, 0, 0, 0, 0, 0]",1,128,432.0,6916.0,1084257078,1084263479,1087305826,1087307937,0,1,1,-1,1,6401,2111,1024,32,32,3
12,3,"[8, 48, 1, 3, 3, 0, 0, 0, 0, 0, 0, 0, 0, 0, 0, 8, 48, 1, 3, 3, 0, 0, 0, 0, 0, 0, 0, 0, 0, 0]",1,128,432.0,10368.0,1084325800,1084331320,1087307938,1087309987,0,1216,1216,-1,1,5520,2049,1024,32,32,3
12,3,"[8, 48, 1, 3, 3, 0, 0, 0, 0, 0, 0, 0, 0, 0, 0, 8, 48, 1, 3, 3, 0, 0, 0, 0, 0, 0, 0, 0, 0, 0]",1,128,432.0,10368.0,1084388497,1084394232,1087311203,1087313986,0,64,64,-1,1,5735,2783,1024,32,32,3
16,3,"[8, 48, 0, 0, 0, 0, 0, 0, 0, 0, 0, 0, 0, 0, 0, 4, 0, 0, 0, 0, 0, 0, 0, 0, 0, 0, 0, 0, 0, 0]",1,128,48.0,772.0,1084449053,1084454982,1087314050,1087316131,0,512,512,-1,1,5929,2081,1024,32,32,3
12,3,"[8, 48, 0, 0, 0, 0, 0, 0, 0, 0, 0, 0, 0, 0, 0, 8, 48, 0, 0, 0, 0, 0, 0, 0, 0, 0, 0, 0, 0, 0]",1,128,48.0,1152.0,1084614169,1084621835,1087316643,1087318178,0,1440,1440,-1,1,7666,1535,1024,32,32,3
12,3,"[8, 48, 0, 0, 0, 0, 0, 0, 0, 0, 0, 0, 0, 0, 0, 8, 48, 0, 0, 0, 0, 0, 0, 0, 0, 0, 0, 0, 0, 0]",1,128,48.0,1152.0,1084680556,1084686393,1087319618,1087321827,0,415,415,-1,1,5837,2209,1024,32,32,3
16,3,"[8, 48, 0, 0, 0, 0, 0, 0, 0, 0, 0, 0, 0, 0, 0, 4, 0, 0, 0, 0, 0, 0, 0, 0, 0, 0, 0, 0, 0, 0]",1,128,48.0,772.0,1084750270,1084756268,1087322242,1087324291,0,224,224,-1,1,5998,2049,1024,32,32,3
12,3,"[8, 48, 0, 0, 0, 0, 0, 0, 0, 0, 0, 0, 0, 0, 0, 8, 48, 0, 0, 0, 0, 0, 0, 0, 0, 0, 0, 0, 0, 0]",1,128,48.0,1152.0,1084810899,1084816390,1087324515,1087326370,0,1088,1088,-1,1,5491,1855,1024,32,32,3
12,3,"[8, 48, 0, 0, 0, 0, 0, 0, 0, 0, 0, 0, 0, 0, 0, 8, 48, 0, 0, 0, 0, 0, 0, 0, 0, 0, 0, 0, 0, 0]",1,128,48.0,1152.0,1084872439,1084877997,1087327458,1087329634,0,577,577,-1,1,5558,2176,1024,32,32,3
16,3,"[8, 48, 48, 1, 1, 0, 0, 0, 0, 0, 0, 0, 0, 0, 0, 4, 0, 0, 0, 0, 0, 0, 0, 0, 0, 0, 0, 0, 0, 0]",5,128,2304.0,36868.0,1084932798,1084938319,1087330211,1087332323,0,191,191,-1,1,5521,2112,1024,32,32,3
12,3,"[8, 48, 48, 1, 1, 0, 0, 0, 0, 0, 0, 0, 0, 0, 0, 8, 48, 48, 1, 1, 0, 0, 0, 0, 0, 0, 0, 0, 0, 0]",5,128,2304.0,55296.0,1084995170,1085000436,1087332514,1087334563,0,1023,1023,-1,1,5266,2049,1024,32,32,3
12,3,"[8, 48, 48, 1, 1, 0, 0, 0, 0, 0, 0, 0, 0, 0, 0, 8, 48, 48, 1, 1, 0, 0, 0, 0, 0, 0, 0, 0, 0, 0]",5,128,2304.0,55296.0,1085055436,1085060613,1087335586,1087337763,0,575,575,-1,1,5177,2177,1024,32,32,3
16,3,"[8, 48, 0, 0, 0, 0, 0, 0, 0, 0, 0, 0, 0, 0, 0, 4, 0, 0, 0, 0, 0, 0, 0, 0, 0, 0, 0, 0, 0, 0]",1,128,48.0,772.0,1085121859,1085128652,1087338338,1087340258,0,416,416,-1,1,6793,1920,1024,32,32,3
12,3,"[8, 48, 0, 0, 0, 0, 0, 0, 0, 0, 0, 0, 0, 0, 0, 8, 48, 0, 0, 0, 0, 0, 0, 0, 0, 0, 0, 0, 0, 0]",1,128,48.0,1152.0,1085185784,1085191035,1087340674,1087342722,0,1,1,-1,1,5251,2048,1024,32,32,3
12,3,"[8, 48, 0, 0, 0, 0, 0, 0, 0, 0, 0, 0, 0, 0, 0, 8, 48, 0, 0, 0, 0, 0, 0, 0, 0, 0, 0, 0, 0, 0]",1,128,48.0,1152.0,1085247884,1085253870,1087342723,1087344802,0,1248,1248,-1,1,5986,2079,1024,32,32,3
16,3,"[8, 48, 0, 0, 0, 0, 0, 0, 0, 0, 0, 0, 0, 0, 0, 4, 0, 0, 0, 0, 0, 0, 0, 0, 0, 0, 0, 0, 0, 0]",1,128,48.0,772.0,1085307761,1085313755,1087346050,1087347970,0,576,576,-1,1,5994,1920,1024,32,32,3
12,3,"[8, 48, 0, 0, 0, 0, 0, 0, 0, 0, 0, 0, 0, 0, 0, 8, 48, 0, 0, 0, 0, 0, 0, 0, 0, 0, 0, 0, 0, 0]",1,128,48.0,1152.0,1085368257,1085373506,1087348546,1087350626,0,288,288,-1,1,5249,2080,1024,32,32,3
12,3,"[8, 48, 0, 0, 0, 0, 0, 0, 0, 0, 0, 0, 0, 0, 0, 8, 48, 0, 0, 0, 0, 0, 0, 0, 0, 0, 0, 0, 0, 0]",1,128,48.0,1152.0,1085428797,1085434067,1087350914,1087352993,0,1,1,-1,1,5270,2079,1024,32,32,3
16,3,"[8, 48, 48, 1, 1, 0, 0, 0, 0, 0, 0, 0, 0, 0, 0, 4, 0, 0, 0, 0, 0, 0, 0, 0, 0, 0, 0, 0, 0, 0]",5,128,2304.0,36868.0,1085490186,1085496137,1087352994,1087355042,0,1344,1344,-1,1,5951,2048,1024,32,32,3
12,3,"[8, 48, 48, 1, 1, 0, 0, 0, 0, 0, 0, 0, 0, 0, 0, 8, 48, 48, 1, 1, 0, 0, 0, 0, 0, 0, 0, 0, 0, 0]",5,128,2304.0,55296.0,1085557450,1085562961,1087356386,1087358530,0,512,512,-1,1,5511,2144,1024,32,32,3
12,3,"[8, 48, 48, 1, 1, 0, 0, 0, 0, 0, 0, 0, 0, 0, 0, 8, 48, 48, 1, 1, 0, 0, 0, 0, 0, 0, 0, 0, 0, 0]",5,128,2304.0,55296.0,1085618738,1085623970,1087359042,1087361153,0,1,1,-1,1,5232,2111,1024,32,32,3
16,3,"[8, 48, 0, 0, 0, 0, 0, 0, 0, 0, 0, 0, 0, 0, 0, 4, 0, 0, 0, 0, 0, 0, 0, 0, 0, 0, 0, 0, 0, 0]",1,128,48.0,772.0,1085677951,1085683350,1087361154,1087363234,0,544,544,-1,1,5399,2080,1024,32,32,3
12,3,"[8, 48, 0, 0, 0, 0, 0, 0, 0, 0, 0, 0, 0, 0, 0, 8, 48, 0, 0, 0, 0, 0, 0, 0, 0, 0, 0, 0, 0, 0]",1,128,48.0,1152.0,1085739094,1085744867,1087363778,1087365282,0,1440,1440,-1,1,5773,1504,1024,32,32,3
12,3,"[8, 48, 0, 0, 0, 0, 0, 0, 0, 0, 0, 0, 0, 0, 0, 8, 48, 0, 0, 0, 0, 0, 0, 0, 0, 0, 0, 0, 0, 0]",1,128,48.0,1152.0,1085800386,1085805794,1087366722,1087368802,0,544,544,-1,1,5408,2080,1024,32,32,3
16,3,"[8, 48, 0, 0, 0, 0, 0, 0, 0, 0, 0, 0, 0, 0, 0, 4, 0, 0, 0, 0, 0, 0, 0, 0, 0, 0, 0, 0, 0, 0]",1,128,48.0,772.0,1085860376,1085866416,1087369346,1087371266,0,224,224,-1,1,6040,1920,1024,32,32,3
12,3,"[8, 48, 0, 0, 0, 0, 0, 0, 0, 0, 0, 0, 0, 0, 0, 8, 48, 0, 0, 0, 0, 0, 0, 0, 0, 0, 0, 0, 0, 0]",1,128,48.0,1152.0,1085926786,1085933238,1087371490,1087373473,0,1,1,-1,1,6452,1983,1024,32,32,3
12,3,"[8, 48, 0, 0, 0, 0, 0, 0, 0, 0, 0, 0, 0, 0, 0, 8, 48, 0, 0, 0, 0, 0, 0, 0, 0, 0, 0, 0, 0, 0]",1,128,48.0,1152.0,1085988503,1085994107,1087373474,1087376578,0,512,512,-1,1,5604,3104,1024,32,32,3
16,3,"[8, 48, 1, 3, 3, 0, 0, 0, 0, 0, 0, 0, 0, 0, 0, 4, 0, 0, 0, 0, 0, 0, 0, 0, 0, 0, 0, 0, 0, 0]",1,128,432.0,6916.0,1086049950,1086055497,1087377090,1087379170,0,448,448,-1,1,5547,2080,1024,32,32,3
12,3,"[8, 48, 1, 3, 3, 0, 0, 0, 0, 0, 0, 0, 0, 0, 0, 8, 48, 1, 3, 3, 0, 0, 0, 0, 0, 0, 0, 0, 0, 0]",1,128,432.0,10368.0,1086111445,1086117167,1087379618,1087381633,0,1,1,-1,1,5722,2015,1024,32,32,3
12,3,"[8, 48, 1, 3, 3, 0, 0, 0, 0, 0, 0, 0, 0, 0, 0, 8, 48, 1, 3, 3, 0, 0, 0, 0, 0, 0, 0, 0, 0, 0]",1,128,432.0,10368.0,1086172703,1086178313,1087381634,1087383714,0,1504,1504,-1,1,5610,2080,1024,32,32,3
16,3,"[8, 48, 0, 0, 0, 0, 0, 0, 0, 0, 0, 0, 0, 0, 0, 4, 0, 0, 0, 0, 0, 0, 0, 0, 0, 0, 0, 0, 0, 0]",1,128,48.0,772.0,1086232739,1086239110,1087385218,1087387106,0,576,576,-1,1,6371,1888,1024,32,32,3
12,3,"[8, 48, 0, 0, 0, 0, 0, 0, 0, 0, 0, 0, 0, 0, 0, 8, 48, 0, 0, 0, 0, 0, 0, 0, 0, 0, 0, 0, 0, 0]",1,128,48.0,1152.0,1086294704,1086307583,1087387682,1087389794,0,32,32,-1,1,12879,2112,1024,32,32,3
12,3,"[8, 48, 0, 0, 0, 0, 0, 0, 0, 0, 0, 0, 0, 0, 0, 8, 48, 0, 0, 0, 0, 0, 0, 0, 0, 0, 0, 0, 0, 0]",1,128,48.0,1152.0,1086369239,1086375272,1087389826,1087391906,0,1024,1024,-1,1,6033,2080,1024,32,32,3
16,3,"[8, 48, 0, 0, 0, 0, 0, 0, 0, 0, 0, 0, 0, 0, 0, 4, 0, 0, 0, 0, 0, 0, 0, 0, 0, 0, 0, 0, 0, 0]",1,128,48.0,772.0,1086432231,1086437771,1087392930,1087393954,0,1472,1472,-1,1,5540,1024,1024,32,32,3
12,3,"[8, 48, 0, 0, 0, 0, 0, 0, 0, 0, 0, 0, 0, 0, 0, 8, 48, 0, 0, 0, 0, 0, 0, 0, 0, 0, 0, 0, 0, 0]",1,128,48.0,1152.0,1086492153,1086497369,1087395426,1087397506,0,544,544,-1,1,5216,2080,1024,32,32,3
12,3,"[8, 48, 0, 0, 0, 0, 0, 0, 0, 0, 0, 0, 0, 0, 0, 8, 48, 0, 0, 0, 0, 0, 0, 0, 0, 0, 0, 0, 0, 0]",1,128,48.0,1152.0,1086552582,1086558338,1087398050,1087400098,0,224,224,-1,1,5756,2048,1024,32,32,3
16,3,"[8, 48, 48, 1, 1, 0, 0, 0, 0, 0, 0, 0, 0, 0, 0, 4, 0, 0, 0, 0, 0, 0, 0, 0, 0, 0, 0, 0, 0, 0]",5,128,2304.0,36868.0,1086615075,1086620649,1087400322,1087402146,0,1120,1120,-1,1,5574,1824,1024,32,32,3
12,3,"[8, 48, 48, 1, 1, 0, 0, 0, 0, 0, 0, 0, 0, 0, 0, 8, 48, 48, 1, 1, 0, 0, 0, 0, 0, 0, 0, 0, 0, 0]",5,128,2304.0,55296.0,1086676054,1086681951,1087403266,1087405442,0,608,608,-1,1,5897,2176,1024,32,32,3
12,3,"[8, 48, 48, 1, 1, 0, 0, 0, 0, 0, 0, 0, 0, 0, 0, 8, 48, 48, 1, 1, 0, 0, 0, 0, 0, 0, 0, 0, 0, 0]",5,128,2304.0,55296.0,1086744953,1086750426,1087406050,1087408162,0,128,128,-1,1,5473,2112,1024,32,32,3
16,3,"[8, 48, 0, 0, 0, 0, 0, 0, 0, 0, 0, 0, 0, 0, 0, 4, 0, 0, 0, 0, 0, 0, 0, 0, 0, 0, 0, 0, 0, 0]",1,128,48.0,772.0,1086806356,1086812259,1087408290,1087410338,0,448,448,-1,1,5903,2048,1024,32,32,3
12,3,"[8, 48, 0, 0, 0, 0, 0, 0, 0, 0, 0, 0, 0, 0, 0, 8, 48, 0, 0, 0, 0, 0, 0, 0, 0, 0, 0, 0, 0, 0]",1,128,48.0,1152.0,1086867668,1086873486,1087410786,1087412386,0,1376,1376,-1,1,5818,1600,1024,32,32,3
12,3,"[8, 48, 0, 0, 0, 0, 0, 0, 0, 0, 0, 0, 0, 0, 0, 8, 48, 0, 0, 0, 0, 0, 0, 0, 0, 0, 0, 0, 0, 0]",1,128,48.0,1152.0,1086927346,1086932882,1087413762,1087415874,0,512,512,-1,1,5536,2112,1024,32,32,3
16,3,"[8, 48, 0, 0, 0, 0, 0, 0, 0, 0, 0, 0, 0, 0, 0, 4, 0, 0, 0, 0, 0, 0, 0, 0, 0, 0, 0, 0, 0, 0]",1,128,48.0,772.0,1086986675,1086992406,1087416386,1087418338,0,224,224,-1,1,5731,1952,1024,32,32,3
12,3,"[8, 48, 0, 0, 0, 0, 0, 0, 0, 0, 0, 0, 0, 0, 0, 8, 48, 0, 0, 0, 0, 0, 0, 0, 0, 0, 0, 0, 0, 0]",1,128,48.0,1152.0,1087046783,1087051973,1087418562,1087420545,0,1,1,-1,1,5190,1983,1024,32,32,3
12,3,"[8, 48, 0, 0, 0, 0, 0, 0, 0, 0, 0, 0, 0, 0, 0, 8, 48, 0, 0, 0, 0, 0, 0, 0, 0, 0, 0, 0, 0, 0]",1,128,48.0,1152.0,1087111980,1087117903,1087420546,1087422626,0,1472,1472,-1,1,5923,2080,1024,32,32,3
16,3,"[8, 96, 1, 3, 3, 0, 0, 0, 0, 0, 0, 0, 0, 0, 0, 4, 0, 0, 0, 0, 0, 0, 0, 0, 0, 0, 0, 0, 0, 0]",2,128,864.0,13828.0,1087274116,1087282824,1087424098,1087426210,0,480,480,-1,1,8708,2112,1024,32,32,3
12,3,"[8, 96, 1, 3, 3, 0, 0, 0, 0, 0, 0, 0, 0, 0, 0, 8, 96, 1, 3, 3, 0, 0, 0, 0, 0, 0, 0, 0, 0, 0]",2,128,864.0,20736.0,1087347577,1087353632,1087426690,1087428770,0,384,384,-1,1,6055,2080,1024,32,32,3
12,3,"[8, 96, 1, 3, 3, 0, 0, 0, 0, 0, 0, 0, 0, 0, 0, 8, 96, 1, 3, 3, 0, 0, 0, 0, 0, 0, 0, 0, 0, 0]",2,128,864.0,20736.0,1087410691,1087416026,1087429154,1087430818,0,47104,47104,-1,1,5335,1664,1024,32,32,3
16,3,"[8, 96, 0, 0, 0, 0, 0, 0, 0, 0, 0, 0, 0, 0, 0, 4, 0, 0, 0, 0, 0, 0, 0, 0, 0, 0, 0, 0, 0, 0]",1,128,96.0,1540.0,1087471538,1087477739,1087477922,1087479970,0,65344,65344,-1,1,6201,2048,1024,32,32,3
12,3,"[8, 96, 0, 0, 0, 0, 0, 0, 0, 0, 0, 0, 0, 0, 0, 8, 96, 0, 0, 0, 0, 0, 0, 0, 0, 0, 0, 0, 0, 0]",1,128,96.0,2304.0,1087532382,1087544687,1087545314,1087547394,0,61215,61215,-1,1,12305,2080,1024,32,32,3
12,3,"[8, 96, 0, 0, 0, 0, 0, 0, 0, 0, 0, 0, 0, 0, 0, 8, 96, 0, 0, 0, 0, 0, 0, 0, 0, 0, 0, 0, 0, 0]",1,128,96.0,2304.0,1087601877,1087607613,1087608609,1087611041,0,57568,57568,-1,1,5736,2432,1024,32,32,3
16,3,"[8, 96, 0, 0, 0, 0, 0, 0, 0, 0, 0, 0, 0, 0, 0, 4, 0, 0, 0, 0, 0, 0, 0, 0, 0, 0, 0, 0, 0, 0]",1,128,96.0,1540.0,1087662314,1087668447,1087668609,1087670433,0,59360,59360,-1,1,6133,1824,1024,32,32,3
12,3,"[8, 96, 0, 0, 0, 0, 0, 0, 0, 0, 0, 0, 0, 0, 0, 8, 96, 0, 0, 0, 0, 0, 0, 0, 0, 0, 0, 0, 0, 0]",1,128,96.0,2304.0,1087722902,1087728694,1087729793,1087731873,0,59168,59168,-1,1,5792,2080,1024,32,32,3
12,3,"[8, 96, 0, 0, 0, 0, 0, 0, 0, 0, 0, 0, 0, 0, 0, 8, 96, 0, 0, 0, 0, 0, 0, 0, 0, 0, 0, 0, 0, 0]",1,128,96.0,2304.0,1087784227,1087790369,1087791041,1087793121,0,59552,59552,-1,1,6142,2080,1024,32,32,3
16,3,"[8, 96, 96, 1, 1, 0, 0, 0, 0, 0, 0, 0, 0, 0, 0, 4, 0, 0, 0, 0, 0, 0, 0, 0, 0, 0, 0, 0, 0, 0]",18,128,9216.0,147460.0,1087846587,1087852455,1087852673,1087854753,0,58719,58719,-1,1,5868,2080,1024,32,32,3
12,3,"[8, 96, 96, 1, 1, 0, 0, 0, 0, 0, 0, 0, 0, 0, 0, 8, 96, 96, 1, 1, 0, 0, 0, 0, 0, 0, 0, 0, 0, 0]",18,128,9216.0,221184.0,1087907336,1087912639,1087913472,1087916032,0,65056,65056,-1,1,5303,2560,1024,32,32,3
12,3,"[8, 96, 96, 1, 1, 0, 0, 0, 0, 0, 0, 0, 0, 0, 0, 8, 96, 96, 1, 1, 0, 0, 0, 0, 0, 0, 0, 0, 0, 0]",18,128,9216.0,221184.0,1087973967,1087980378,1087981088,1087983392,0,57696,57696,-1,1,6411,2304,1024,32,32,3
16,3,"[8, 96, 0, 0, 0, 0, 0, 0, 0, 0, 0, 0, 0, 0, 0, 4, 0, 0, 0, 0, 0, 0, 0, 0, 0, 0, 0, 0, 0, 0]",1,128,96.0,1540.0,1088034863,1088040543,1088041088,1088043168,0,58720,58720,-1,1,5680,2080,1024,32,32,3
12,3,"[8, 96, 0, 0, 0, 0, 0, 0, 0, 0, 0, 0, 0, 0, 0, 8, 96, 0, 0, 0, 0, 0, 0, 0, 0, 0, 0, 0, 0, 0]",1,128,96.0,2304.0,1088095988,1088101207,1088101888,1088103968,0,57024,57024,-1,1,5219,2080,1024,32,32,3
12,3,"[8, 96, 0, 0, 0, 0, 0, 0, 0, 0, 0, 0, 0, 0, 0, 8, 96, 0, 0, 0, 0, 0, 0, 0, 0, 0, 0, 0, 0, 0]",1,128,96.0,2304.0,1088155000,1088160276,1088160992,1088163104,0,58207,58207,-1,1,5276,2112,1024,32,32,3
16,3,"[8, 96, 0, 0, 0, 0, 0, 0, 0, 0, 0, 0, 0, 0, 0, 4, 0, 0, 0, 0, 0, 0, 0, 0, 0, 0, 0, 0, 0, 0]",1,128,96.0,1540.0,1088214976,1088220304,1088221311,1088223327,0,57888,57888,-1,1,5328,2016,1024,32,32,3
12,3,"[8, 96, 0, 0, 0, 0, 0, 0, 0, 0, 0, 0, 0, 0, 0, 8, 96, 0, 0, 0, 0, 0, 0, 0, 0, 0, 0, 0, 0, 0]",1,128,96.0,2304.0,1088275576,1088280900,1088281215,1088282783,0,65024,65024,-1,1,5324,1568,1024,32,32,3
12,3,"[8, 96, 0, 0, 0, 0, 0, 0, 0, 0, 0, 0, 0, 0, 0, 8, 96, 0, 0, 0, 0, 0, 0, 0, 0, 0, 0, 0, 0, 0]",1,128,96.0,2304.0,1088341780,1088347260,1088347807,1088349919,0,59072,59072,-1,1,5480,2112,1024,32,32,3
16,3,"[8, 96, 96, 1, 1, 0, 0, 0, 0, 0, 0, 0, 0, 0, 0, 4, 0, 0, 0, 0, 0, 0, 0, 0, 0, 0, 0, 0, 0, 0]",18,128,9216.0,147460.0,1088402894,1088408496,1088408991,1088411135,0,58592,58592,-1,1,5602,2144,1024,32,32,3
12,3,"[8, 96, 96, 1, 1, 0, 0, 0, 0, 0, 0, 0, 0, 0, 0, 8, 96, 96, 1, 1, 0, 0, 0, 0, 0, 0, 0, 0, 0, 0]",18,128,9216.0,221184.0,1088463691,1088469476,1088469727,1088472319,0,58047,58047,-1,1,5785,2592,1024,32,32,3
12,3,"[8, 96, 96, 1, 1, 0, 0, 0, 0, 0, 0, 0, 0, 0, 0, 8, 96, 96, 1, 1, 0, 0, 0, 0, 0, 0, 0, 0, 0, 0]",18,128,9216.0,221184.0,1088524524,1088529686,1088530366,1088532542,0,57632,57632,-1,1,5162,2176,1024,32,32,3
16,3,"[8, 96, 0, 0, 0, 0, 0, 0, 0, 0, 0, 0, 0, 0, 0, 4, 0, 0, 0, 0, 0, 0, 0, 0, 0, 0, 0, 0, 0, 0]",1,128,96.0,1540.0,1088584227,1088589953,1088590174,1088592030,0,59168,59168,-1,1,5726,1856,1024,32,32,3
12,3,"[8, 96, 0, 0, 0, 0, 0, 0, 0, 0, 0, 0, 0, 0, 0, 8, 96, 0, 0, 0, 0, 0, 0, 0, 0, 0, 0, 0, 0, 0]",1,128,96.0,2304.0,1088645251,1088650960,1088651198,1088653278,0,60704,60704,-1,1,5709,2080,1024,32,32,3
12,3,"[8, 96, 0, 0, 0, 0, 0, 0, 0, 0, 0, 0, 0, 0, 0, 8, 96, 0, 0, 0, 0, 0, 0, 0, 0, 0, 0, 0, 0, 0]",1,128,96.0,2304.0,1088707469,1088713202,1088713982,1088716062,0,64351,64351,-1,1,5733,2080,1024,32,32,3
16,3,"[8, 96, 0, 0, 0, 0, 0, 0, 0, 0, 0, 0, 0, 0, 0, 4, 0, 0, 0, 0, 0, 0, 0, 0, 0, 0, 0, 0, 0, 0]",1,128,96.0,1540.0,1088773831,1088779915,1088780413,1088782397,0,59584,59584,-1,1,6084,1984,1024,32,32,3
12,3,"[8, 96, 0, 0, 0, 0, 0, 0, 0, 0, 0, 0, 0, 0, 0, 8, 96, 0, 0, 0, 0, 0, 0, 0, 0, 0, 0, 0, 0, 0]",1,128,96.0,2304.0,1088835854,1088841765,1088841981,1088843933,0,59392,59392,-1,1,5911,1952,1024,32,32,3
12,3,"[8, 96, 0, 0, 0, 0, 0, 0, 0, 0, 0, 0, 0, 0, 0, 8, 96, 0, 0, 0, 0, 0, 0, 0, 0, 0, 0, 0, 0, 0]",1,128,96.0,2304.0,1088897427,1088903014,1088903325,1088905373,0,59360,59360,-1,1,5587,2048,1024,32,32,3
16,3,"[8, 96, 1, 3, 3, 0, 0, 0, 0, 0, 0, 0, 0, 0, 0, 4, 0, 0, 0, 0, 0, 0, 0, 0, 0, 0, 0, 0, 0, 0]",2,128,864.0,13828.0,1088959076,1088964582,1088964733,1088966813,0,59391,59391,-1,1,5506,2080,1024,32,32,3
12,3,"[8, 96, 1, 3, 3, 0, 0, 0, 0, 0, 0, 0, 0, 0, 0, 8, 96, 1, 3, 3, 0, 0, 0, 0, 0, 0, 0, 0, 0, 0]",2,128,864.0,20736.0,1089020425,1089025719,1089026204,1089028253,0,59391,59391,-1,1,5294,2049,1024,32,32,3
12,3,"[8, 96, 1, 3, 3, 0, 0, 0, 0, 0, 0, 0, 0, 0, 0, 8, 96, 1, 3, 3, 0, 0, 0, 0, 0, 0, 0, 0, 0, 0]",2,128,864.0,20736.0,1089081219,1089087107,1089087644,1089089692,0,64864,64864,-1,1,5888,2048,1024,32,32,3
16,3,"[8, 96, 0, 0, 0, 0, 0, 0, 0, 0, 0, 0, 0, 0, 0, 4, 0, 0, 0, 0, 0, 0, 0, 0, 0, 0, 0, 0, 0, 0]",1,128,96.0,1540.0,1089148466,1089154055,1089154556,1089156508,0,59936,59936,-1,1,5589,1952,1024,32,32,3
12,3,"[8, 96, 0, 0, 0, 0, 0, 0, 0, 0, 0, 0, 0, 0, 0, 8, 96, 0, 0, 0, 0, 0, 0, 0, 0, 0, 0, 0, 0, 0]",1,128,96.0,2304.0,1089209451,1089215617,1089216444,1089218524,0,58655,58655,-1,1,6166,2080,1024,32,32,3
12,3,"[8, 96, 0, 0, 0, 0, 0, 0, 0, 0, 0, 0, 0, 0, 0, 8, 96, 0, 0, 0, 0, 0, 0, 0, 0, 0, 0, 0, 0, 0]",1,128,96.0,2304.0,1089271358,1089276459,1089277179,1089279260,0,57599,57599,-1,1,5101,2081,1024,32,32,3
16,3,"[8, 96, 0, 0, 0, 0, 0, 0, 0, 0, 0, 0, 0, 0, 0, 4, 0, 0, 0, 0, 0, 0, 0, 0, 0, 0, 0, 0, 0, 0]",1,128,96.0,1540.0,1089330481,1089336257,1089336859,1089338907,0,57408,57408,-1,1,5776,2048,1024,32,32,3
12,3,"[8, 96, 0, 0, 0, 0, 0, 0, 0, 0, 0, 0, 0, 0, 0, 8, 96, 0, 0, 0, 0, 0, 0, 0, 0, 0, 0, 0, 0, 0]",1,128,96.0,2304.0,1089390468,1089395675,1089396315,1089398395,0,58016,58016,-1,1,5207,2080,1024,32,32,3
12,3,"[8, 96, 0, 0, 0, 0, 0, 0, 0, 0, 0, 0, 0, 0, 0, 8, 96, 0, 0, 0, 0, 0, 0, 0, 0, 0, 0, 0, 0, 0]",1,128,96.0,2304.0,1089450698,1089456268,1089456411,1089458331,0,64032,64032,-1,1,5570,1920,1024,32,32,3
16,3,"[8, 96, 96, 1, 1, 0, 0, 0, 0, 0, 0, 0, 0, 0, 0, 4, 0, 0, 0, 0, 0, 0, 0, 0, 0, 0, 0, 0, 0, 0]",18,128,9216.0,147460.0,1089515802,1089522680,1089522363,1089524987,0,60191,60191,-1,1,6878,2624,1024,32,32,3
12,3,"[8, 96, 96, 1, 1, 0, 0, 0, 0, 0, 0, 0, 0, 0, 0, 8, 96, 96, 1, 1, 0, 0, 0, 0, 0, 0, 0, 0, 0, 0]",18,128,9216.0,221184.0,1089578784,1089584556,1089585178,1089587354,0,58560,58560,-1,1,5772,2176,1024,32,32,3
12,3,"[8, 96, 96, 1, 1, 0, 0, 0, 0, 0, 0, 0, 0, 0, 0, 8, 96, 96, 1, 1, 0, 0, 0, 0, 0, 0, 0, 0, 0, 0]",18,128,9216.0,221184.0,1089639977,1089645173,1089645914,1089648218,0,57472,57472,-1,1,5196,2304,1024,32,32,3
16,3,"[8, 96, 0, 0, 0, 0, 0, 0, 0, 0, 0, 0, 0, 0, 0, 4, 0, 0, 0, 0, 0, 0, 0, 0, 0, 0, 0, 0, 0, 0]",1,128,96.0,1540.0,1089699075,1089705037,1089705690,1089707610,0,59936,59936,-1,1,5962,1920,1024,32,32,3
12,3,"[8, 96, 0, 0, 0, 0, 0, 0, 0, 0, 0, 0, 0, 0, 0, 8, 96, 0, 0, 0, 0, 0, 0, 0, 0, 0, 0, 0, 0, 0]",1,128,96.0,2304.0,1089761227,1089766520,1089767546,1089769626,0,157567,157567,-1,1,5293,2080,1024,32,32,3
12,3,"[8, 96, 0, 0, 0, 0, 0, 0, 0, 0, 0, 0, 0, 0, 0, 8, 96, 0, 0, 0, 0, 0, 0, 0, 0, 0, 0, 0, 0, 0]",1,128,96.0,2304.0,1089919384,1089926644,1089927193,1089929305,0,75808,75808,-1,1,7260,2112,1024,32,32,3
16,3,"[8, 96, 0, 0, 0, 0, 0, 0, 0, 0, 0, 0, 0, 0, 0, 4, 0, 0, 0, 0, 0, 0, 0, 0, 0, 0, 0, 0, 0, 0]",1,128,96.0,1540.0,1089998261,1090005009,1090005113,1090007193,0,60960,60960,-1,1,6748,2080,1024,32,32,3
12,3,"[8, 96, 0, 0, 0, 0, 0, 0, 0, 0, 0, 0, 0, 0, 0, 8, 96, 0, 0, 0, 0, 0, 0, 0, 0, 0, 0, 0, 0, 0]",1,128,96.0,2304.0,1090061690,1090067559,1090068153,1090070265,0,58848,58848,-1,1,5869,2112,1024,32,32,3
12,3,"[8, 96, 0, 0, 0, 0, 0, 0, 0, 0, 0, 0, 0, 0, 0, 8, 96, 0, 0, 0, 0, 0, 0, 0, 0, 0, 0, 0, 0, 0]",1,128,96.0,2304.0,1090122716,1090128611,1090129113,1090131193,0,59455,59455,-1,1,5895,2080,1024,32,32,3
16,3,"[8, 96, 96, 1, 1, 0, 0, 0, 0, 0, 0, 0, 0, 0, 0, 4, 0, 0, 0, 0, 0, 0, 0, 0, 0, 0, 0, 0, 0, 0]",18,128,9216.0,147460.0,1090184134,1090190135,1090190648,1090192792,0,60160,60160,-1,1,6001,2144,1024,32,32,3
12,3,"[8, 96, 96, 1, 1, 0, 0, 0, 0, 0, 0, 0, 0, 0, 0, 8, 96, 96, 1, 1, 0, 0, 0, 0, 0, 0, 0, 0, 0, 0]",18,128,9216.0,221184.0,1090246104,1090252415,1090252952,1090255000,0,60416,60416,-1,1,6311,2048,1024,32,32,3
12,3,"[8, 96, 96, 1, 1, 0, 0, 0, 0, 0, 0, 0, 0, 0, 0, 8, 96, 96, 1, 1, 0, 0, 0, 0, 0, 0, 0, 0, 0, 0]",18,128,9216.0,221184.0,1090308567,1090314617,1090315416,1090317624,0,69728,69728,-1,1,6050,2208,1024,32,32,3
16,3,"[8, 96, 0, 0, 0, 0, 0, 0, 0, 0, 0, 0, 0, 0, 0, 4, 0, 0, 0, 0, 0, 0, 0, 0, 0, 0, 0, 0, 0, 0]",1,128,96.0,1540.0,1090380445,1090386885,1090387352,1090389272,0,62527,62527,-1,1,6440,1920,1024,32,32,3
12,3,"[8, 96, 0, 0, 0, 0, 0, 0, 0, 0, 0, 0, 0, 0, 0, 8, 96, 0, 0, 0, 0, 0, 0, 0, 0, 0, 0, 0, 0, 0]",1,128,96.0,2304.0,1090445395,1090451562,1090451799,1090453655,0,59360,59360,-1,1,6167,1856,1024,32,32,3
12,3,"[8, 96, 0, 0, 0, 0, 0, 0, 0, 0, 0, 0, 0, 0, 0, 8, 96, 0, 0, 0, 0, 0, 0, 0, 0, 0, 0, 0, 0, 0]",1,128,96.0,2304.0,1090506302,1090512007,1090513015,1090515095,0,58368,58368,-1,1,5705,2080,1024,32,32,3
16,3,"[8, 96, 0, 0, 0, 0, 0, 0, 0, 0, 0, 0, 0, 0, 0, 4, 0, 0, 0, 0, 0, 0, 0, 0, 0, 0, 0, 0, 0, 0]",1,128,96.0,1540.0,1090567414,1090572890,1090573463,1090574487,0,59488,59488,-1,1,5476,1024,1024,32,32,3
12,3,"[8, 96, 0, 0, 0, 0, 0, 0, 0, 0, 0, 0, 0, 0, 0, 8, 96, 0, 0, 0, 0, 0, 0, 0, 0, 0, 0, 0, 0, 0]",1,128,96.0,2304.0,1090627927,1090633135,1090633975,1090635927,0,58559,58559,-1,1,5208,1952,1024,32,32,3
12,3,"[8, 96, 0, 0, 0, 0, 0, 0, 0, 0, 0, 0, 0, 0, 0, 8, 96, 0, 0, 0, 0, 0, 0, 0, 0, 0, 0, 0, 0, 0]",1,128,96.0,2304.0,1090688570,1090693778,1090694486,1090696567,0,65407,65407,-1,1,5208,2081,1024,32,32,3
16,3,"[8, 96, 1, 3, 3, 0, 0, 0, 0, 0, 0, 0, 0, 0, 0, 4, 0, 0, 0, 0, 0, 0, 0, 0, 0, 0, 0, 0, 0, 0]",2,128,864.0,13828.0,1090755192,1090761396,1090761974,1090764086,0,61600,61600,-1,1,6204,2112,1024,32,32,3
12,3,"[8, 96, 1, 3, 3, 0, 0, 0, 0, 0, 0, 0, 0, 0, 0, 8, 96, 1, 3, 3, 0, 0, 0, 0, 0, 0, 0, 0, 0, 0]",2,128,864.0,20736.0,1090819316,1090824649,1090825686,1090828310,0,57440,57440,-1,1,5333,2624,1024,32,32,3
12,3,"[8, 96, 1, 3, 3, 0, 0, 0, 0, 0, 0, 0, 0, 0, 0, 8, 96, 1, 3, 3, 0, 0, 0, 0, 0, 0, 0, 0, 0, 0]",2,128,864.0,20736.0,1090879848,1090885395,1090885750,1090887830,0,59296,59296,-1,1,5547,2080,1024,32,32,3
16,3,"[8, 96, 0, 0, 0, 0, 0, 0, 0, 0, 0, 0, 0, 0, 0, 4, 0, 0, 0, 0, 0, 0, 0, 0, 0, 0, 0, 0, 0, 0]",1,128,96.0,1540.0,1090940982,1090946942,1090947126,1090949270,0,58720,58720,-1,1,5960,2144,1024,32,32,3
12,3,"[8, 96, 0, 0, 0, 0, 0, 0, 0, 0, 0, 0, 0, 0, 0, 8, 96, 0, 0, 0, 0, 0, 0, 0, 0, 0, 0, 0, 0, 0]",1,128,96.0,2304.0,1091001665,1091007267,1091007990,1091010037,0,57984,57984,-1,1,5602,2047,1024,32,32,3
12,3,"[8, 96, 0, 0, 0, 0, 0, 0, 0, 0, 0, 0, 0, 0, 0, 8, 96, 0, 0, 0, 0, 0, 0, 0, 0, 0, 0, 0, 0, 0]",1,128,96.0,2304.0,1091061335,1091067063,1091068021,1091070101,0,57312,57312,-1,1,5728,2080,1024,32,32,3
16,3,"[8, 96, 0, 0, 0, 0, 0, 0, 0, 0, 0, 0, 0, 0, 0, 4, 0, 0, 0, 0, 0, 0, 0, 0, 0, 0, 0, 0, 0, 0]",1,128,96.0,1540.0,1091121520,1091126946,1091127413,1091129397,0,66048,66048,-1,1,5426,1984,1024,32,32,3
12,3,"[8, 96, 0, 0, 0, 0, 0, 0, 0, 0, 0, 0, 0, 0, 0, 8, 96, 0, 0, 0, 0, 0, 0, 0, 0, 0, 0, 0, 0, 0]",1,128,96.0,2304.0,1091189438,1091195162,1091195445,1091197077,0,58944,58944,-1,1,5724,1632,1024,32,32,3
12,3,"[8, 96, 0, 0, 0, 0, 0, 0, 0, 0, 0, 0, 0, 0, 0, 8, 96, 0, 0, 0, 0, 0, 0, 0, 0, 0, 0, 0, 0, 0]",1,128,96.0,2304.0,1091250185,1091255741,1091256021,1091258293,0,59583,59583,-1,1,5556,2272,1024,32,32,3
16,3,"[8, 96, 96, 1, 1, 0, 0, 0, 0, 0, 0, 0, 0, 0, 0, 4, 0, 0, 0, 0, 0, 0, 0, 0, 0, 0, 0, 0, 0, 0]",18,128,9216.0,147460.0,1091311999,1091317483,1091317876,1091319956,0,59392,59392,-1,1,5484,2080,1024,32,32,3
12,3,"[8, 96, 96, 1, 1, 0, 0, 0, 0, 0, 0, 0, 0, 0, 0, 8, 96, 96, 1, 1, 0, 0, 0, 0, 0, 0, 0, 0, 0, 0]",18,128,9216.0,221184.0,1091373332,1091378812,1091379348,1091381396,0,58816,58816,-1,1,5480,2048,1024,32,32,3
12,3,"[8, 96, 96, 1, 1, 0, 0, 0, 0, 0, 0, 0, 0, 0, 0, 8, 96, 96, 1, 1, 0, 0, 0, 0, 0, 0, 0, 0, 0, 0]",18,128,9216.0,221184.0,1091434124,1091439486,1091440212,1091442388,0,57248,57248,-1,1,5362,2176,1024,32,32,3
16,3,"[8, 96, 0, 0, 0, 0, 0, 0, 0, 0, 0, 0, 0, 0, 0, 4, 0, 0, 0, 0, 0, 0, 0, 0, 0, 0, 0, 0, 0, 0]",1,128,96.0,1540.0,1091493591,1091499066,1091499636,1091501556,0,64288,64288,-1,1,5475,1920,1024,32,32,3
12,3,"[8, 96, 0, 0, 0, 0, 0, 0, 0, 0, 0, 0, 0, 0, 0, 8, 96, 0, 0, 0, 0, 0, 0, 0, 0, 0, 0, 0, 0, 0]",1,128,96.0,2304.0,1091559092,1091565582,1091565844,1091567763,0,59360,59360,-1,1,6490,1919,1024,32,32,3
12,3,"[8, 96, 0, 0, 0, 0, 0, 0, 0, 0, 0, 0, 0, 0, 0, 8, 96, 0, 0, 0, 0, 0, 0, 0, 0, 0, 0, 0, 0, 0]",1,128,96.0,2304.0,1091621220,1091626389,1091627123,1091629203,0,58880,58880,-1,1,5169,2080,1024,32,32,3
16,3,"[8, 96, 0, 0, 0, 0, 0, 0, 0, 0, 0, 0, 0, 0, 0, 4, 0, 0, 0, 0, 0, 0, 0, 0, 0, 0, 0, 0, 0, 0]",1,128,96.0,1540.0,1091681702,1091687588,1091688083,1091690035,0,57952,57952,-1,1,5886,1952,1024,32,32,3
12,3,"[8, 96, 0, 0, 0, 0, 0, 0, 0, 0, 0, 0, 0, 0, 0, 8, 96, 0, 0, 0, 0, 0, 0, 0, 0, 0, 0, 0, 0, 0]",1,128,96.0,2304.0,1091741892,1091747203,1091747987,1091750035,0,57152,57152,-1,1,5311,2048,1024,32,32,3
12,3,"[8, 96, 0, 0, 0, 0, 0, 0, 0, 0, 0, 0, 0, 0, 0, 8, 96, 0, 0, 0, 0, 0, 0, 0, 0, 0, 0, 0, 0, 0]",1,128,96.0,2304.0,1091801335,1091806337,1091807187,1091809427,0,57311,57311,-1,1,5002,2240,1024,32,32,3
16,3,"[8, 96, 96, 1, 1, 0, 0, 0, 0, 0, 0, 0, 0, 0, 0, 4, 0, 0, 0, 0, 0, 0, 0, 0, 0, 0, 0, 0, 0, 0]",18,128,9216.0,147460.0,1091860502,1091865968,1091866738,1091868818,0,59136,59136,-1,1,5466,2080,1024,32,32,3
12,3,"[8, 96, 96, 1, 1, 0, 0, 0, 0, 0, 0, 0, 0, 0, 0, 8, 96, 96, 1, 1, 0, 0, 0, 0, 0, 0, 0, 0, 0, 0]",18,128,9216.0,221184.0,1091921253,1091926923,1091927954,1091930258,0,63680,63680,-1,1,5670,2304,1024,32,32,3
12,3,"[8, 96, 96, 1, 1, 0, 0, 0, 0, 0, 0, 0, 0, 0, 0, 8, 96, 96, 1, 1, 0, 0, 0, 0, 0, 0, 0, 0, 0, 0]",18,128,9216.0,221184.0,1091988149,1091993619,1091993938,1091997138,0,58112,58112,-1,1,5470,3200,1024,32,32,3
16,3,"[8, 96, 0, 0, 0, 0, 0, 0, 0, 0, 0, 0, 0, 0, 0, 4, 0, 0, 0, 0, 0, 0, 0, 0, 0, 0, 0, 0, 0, 0]",1,128,96.0,1540.0,1092049536,1092055168,1092055250,1092057234,0,58624,58624,-1,1,5632,1984,1024,32,32,3
12,3,"[8, 96, 0, 0, 0, 0, 0, 0, 0, 0, 0, 0, 0, 0, 0, 8, 96, 0, 0, 0, 0, 0, 0, 0, 0, 0, 0, 0, 0, 0]",1,128,96.0,2304.0,1092108963,1092114649,1092115858,1092118289,0,56064,56064,-1,1,5686,2431,1024,32,32,3
12,3,"[8, 96, 0, 0, 0, 0, 0, 0, 0, 0, 0, 0, 0, 0, 0, 8, 96, 0, 0, 0, 0, 0, 0, 0, 0, 0, 0, 0, 0, 0]",1,128,96.0,2304.0,1092168532,1092174034,1092174353,1092176017,0,58976,58976,-1,1,5502,1664,1024,32,32,3
16,3,"[8, 96, 0, 0, 0, 0, 0, 0, 0, 0, 0, 0, 0, 0, 0, 4, 0, 0, 0, 0, 0, 0, 0, 0, 0, 0, 0, 0, 0, 0]",1,128,96.0,1540.0,1092228462,1092234450,1092234993,1092236913,0,58272,58272,-1,1,5988,1920,1024,32,32,3
12,3,"[8, 96, 0, 0, 0, 0, 0, 0, 0, 0, 0, 0, 0, 0, 0, 8, 96, 0, 0, 0, 0, 0, 0, 0, 0, 0, 0, 0, 0, 0]",1,128,96.0,2304.0,1092289626,1092294805,1092295185,1092298129,0,63264,63264,-1,1,5179,2944,1024,32,32,3
12,3,"[8, 96, 0, 0, 0, 0, 0, 0, 0, 0, 0, 0, 0, 0, 0, 8, 96, 0, 0, 0, 0, 0, 0, 0, 0, 0, 0, 0, 0, 0]",1,128,96.0,2304.0,1092355300,1092360710,1092361393,1092363473,0,60096,60096,-1,1,5410,2080,1024,32,32,3
16,3,"[8, 96, 1, 3, 3, 0, 0, 0, 0, 0, 0, 0, 0, 0, 0, 4, 0, 0, 0, 0, 0, 0, 0, 0, 0, 0, 0, 0, 0, 0]",2,128,864.0,13828.0,1092417465,1092422991,1092423569,1092425649,0,158015,158015,-1,1,5526,2080,1024,32,32,3
12,3,"[8, 96, 1, 3, 3, 0, 0, 0, 0, 0, 0, 0, 0, 0, 0, 8, 96, 1, 3, 3, 0, 0, 0, 0, 0, 0, 0, 0, 0, 0]",2,128,864.0,20736.0,1092576540,1092583623,1092583664,1092585616,0,68704,68704,-1,1,7083,1952,1024,32,32,3
12,3,"[8, 96, 1, 3, 3, 0, 0, 0, 0, 0, 0, 0, 0, 0, 0, 8, 96, 1, 3, 3, 0, 0, 0, 0, 0, 0, 0, 0, 0, 0]",2,128,864.0,20736.0,1092647533,1092653857,1092654320,1092656496,0,60192,60192,-1,1,6324,2176,1024,32,32,3
16,3,"[8, 96, 0, 0, 0, 0, 0, 0, 0, 0, 0, 0, 0, 0, 0, 4, 0, 0, 0, 0, 0, 0, 0, 0, 0, 0, 0, 0, 0, 0]",1,128,96.0,1540.0,1092710822,1092716587,1092716688,1092718735,0,65504,65504,-1,1,5765,2047,1024,32,32,3
12,3,"[8, 96, 0, 0, 0, 0, 0, 0, 0, 0, 0, 0, 0, 0, 0, 8, 96, 0, 0, 0, 0, 0, 0, 0, 0, 0, 0, 0, 0, 0]",1,128,96.0,2304.0,1092777993,1092783870,1092784239,1092786319,0,59680,59680,-1,1,5877,2080,1024,32,32,3
12,3,"[8, 96, 0, 0, 0, 0, 0, 0, 0, 0, 0, 0, 0, 0, 0, 8, 96, 0, 0, 0, 0, 0, 0, 0, 0, 0, 0, 0, 0, 0]",1,128,96.0,2304.0,1092840343,1092845657,1092845999,1092847759,0,60736,60736,-1,1,5314,1760,1024,32,32,3
16,3,"[8, 96, 0, 0, 0, 0, 0, 0, 0, 0, 0, 0, 0, 0, 0, 4, 0, 0, 0, 0, 0, 0, 0, 0, 0, 0, 0, 0, 0, 0]",1,128,96.0,1540.0,1092901790,1092907448,1092908495,1092910415,0,67487,67487,-1,1,5658,1920,1024,32,32,3
12,3,"[8, 96, 0, 0, 0, 0, 0, 0, 0, 0, 0, 0, 0, 0, 0, 8, 96, 0, 0, 0, 0, 0, 0, 0, 0, 0, 0, 0, 0, 0]",1,128,96.0,2304.0,1092970776,1092977405,1092977902,1092979983,0,60575,60575,-1,1,6629,2081,1024,32,32,3
12,3,"[8, 96, 0, 0, 0, 0, 0, 0, 0, 0, 0, 0, 0, 0, 0, 8, 96, 0, 0, 0, 0, 0, 0, 0, 0, 0, 0, 0, 0, 0]",1,128,96.0,2304.0,1093034574,1093040855,1093040558,1093042318,0,61760,61760,-1,1,6281,1760,1024,32,32,3
16,3,"[8, 96, 96, 1, 1, 0, 0, 0, 0, 0, 0, 0, 0, 0, 0, 4, 0, 0, 0, 0, 0, 0, 0, 0, 0, 0, 0, 0, 0, 0]",18,128,9216.0,147460.0,1093098374,1093103993,1093104078,1093105806,0,60480,60480,-1,1,5619,1728,1024,32,32,3
12,3,"[8, 96, 96, 1, 1, 0, 0, 0, 0, 0, 0, 0, 0, 0, 0, 8, 96, 96, 1, 1, 0, 0, 0, 0, 0, 0, 0, 0, 0, 0]",18,128,9216.0,221184.0,1093159804,1093165285,1093166286,1093168462,0,66112,66112,-1,1,5481,2176,1024,32,32,3
12,3,"[8, 96, 96, 1, 1, 0, 0, 0, 0, 0, 0, 0, 0, 0, 0, 8, 96, 96, 1, 1, 0, 0, 0, 0, 0, 0, 0, 0, 0, 0]",18,128,9216.0,221184.0,1093227944,1093233919,1093234574,1093236750,0,58719,58719,-1,1,5975,2176,1024,32,32,3
16,3,"[8, 96, 0, 0, 0, 0, 0, 0, 0, 0, 0, 0, 0, 0, 0, 4, 0, 0, 0, 0, 0, 0, 0, 0, 0, 0, 0, 0, 0, 0]",1,128,96.0,1540.0,1093289372,1093294920,1093295469,1093297389,0,58240,58240,-1,1,5548,1920,1024,32,32,3
12,3,"[8, 96, 0, 0, 0, 0, 0, 0, 0, 0, 0, 0, 0, 0, 0, 8, 96, 0, 0, 0, 0, 0, 0, 0, 0, 0, 0, 0, 0, 0]",1,128,96.0,2304.0,1093349659,1093355070,1093355629,1093357709,0,58944,58944,-1,1,5411,2080,1024,32,32,3
12,3,"[8, 96, 0, 0, 0, 0, 0, 0, 0, 0, 0, 0, 0, 0, 0, 8, 96, 0, 0, 0, 0, 0, 0, 0, 0, 0, 0, 0, 0, 0]",1,128,96.0,2304.0,1093409862,1093415597,1093416653,1093418701,0,57760,57760,-1,1,5735,2048,1024,32,32,3
16,3,"[8, 96, 0, 0, 0, 0, 0, 0, 0, 0, 0, 0, 0, 0, 0, 4, 0, 0, 0, 0, 0, 0, 0, 0, 0, 0, 0, 0, 0, 0]",1,128,96.0,1540.0,1093469909,1093476117,1093476461,1093478541,0,59360,59360,-1,1,6208,2080,1024,32,32,3
12,3,"[8, 96, 0, 0, 0, 0, 0, 0, 0, 0, 0, 0, 0, 0, 0, 8, 96, 0, 0, 0, 0, 0, 0, 0, 0, 0, 0, 0, 0, 0]",1,128,96.0,2304.0,1093531688,1093536992,1093537901,1093539980,0,64864,64864,-1,1,5304,2079,1024,32,32,3
12,3,"[8, 96, 0, 0, 0, 0, 0, 0, 0, 0, 0, 0, 0, 0, 0, 8, 96, 0, 0, 0, 0, 0, 0, 0, 0, 0, 0, 0, 0, 0]",1,128,96.0,2304.0,1093598636,1093604209,1093604844,1093606924,0,60000,60000,-1,1,5573,2080,1024,32,32,3
16,3,"[8, 96, 96, 1, 1, 0, 0, 0, 0, 0, 0, 0, 0, 0, 0, 4, 0, 0, 0, 0, 0, 0, 0, 0, 0, 0, 0, 0, 0, 0]",18,128,9216.0,147460.0,1093660852,1093666460,1093666924,1093669004,0,59488,59488,-1,1,5608,2080,1024,32,32,3
12,3,"[8, 96, 96, 1, 1, 0, 0, 0, 0, 0, 0, 0, 0, 0, 0, 8, 96, 96, 1, 1, 0, 0, 0, 0, 0, 0, 0, 0, 0, 0]",18,128,9216.0,221184.0,1093722269,1093728886,1093728492,1093730444,0,59712,59712,-1,1,6617,1952,1024,32,32,3
12,3,"[8, 96, 96, 1, 1, 0, 0, 0, 0, 0, 0, 0, 0, 0, 0, 8, 96, 96, 1, 1, 0, 0, 0, 0, 0, 0, 0, 0, 0, 0]",18,128,9216.0,221184.0,1093784327,1093789901,1093790156,1093791884,0,57472,57472,-1,1,5574,1728,1024,32,32,3
16,3,"[8, 96, 0, 0, 0, 0, 0, 0, 0, 0, 0, 0, 0, 0, 0, 4, 0, 0, 0, 0, 0, 0, 0, 0, 0, 0, 0, 0, 0, 0]",1,128,96.0,1540.0,1093843237,1093849239,1093849356,1093851275,0,59040,59040,-1,1,6002,1919,1024,32,32,3
12,3,"[8, 96, 0, 0, 0, 0, 0, 0, 0, 0, 0, 0, 0, 0, 0, 8, 96, 0, 0, 0, 0, 0, 0, 0, 0, 0, 0, 0, 0, 0]",1,128,96.0,2304.0,1093904293,1093909519,1093910315,1093912587,0,65632,65632,-1,1,5226,2272,1024,32,32,3
12,3,"[8, 96, 0, 0, 0, 0, 0, 0, 0, 0, 0, 0, 0, 0, 0, 8, 96, 0, 0, 0, 0, 0, 0, 0, 0, 0, 0, 0, 0, 0]",1,128,96.0,2304.0,1093971750,1093977575,1093978219,1093980299,0,75744,75744,-1,1,5825,2080,1024,32,32,3
16,3,"[8, 96, 0, 0, 0, 0, 0, 0, 0, 0, 0, 0, 0, 0, 0, 4, 0, 0, 0, 0, 0, 0, 0, 0, 0, 0, 0, 0, 0, 0]",1,128,96.0,1540.0,1094047758,1094055815,1094056043,1094058123,0,71679,71679,-1,1,8057,2080,1024,32,32,3
12,3,"[8, 96, 0, 0, 0, 0, 0, 0, 0, 0, 0, 0, 0, 0, 0, 8, 96, 0, 0, 0, 0, 0, 0, 0, 0, 0, 0, 0, 0, 0]",1,128,96.0,2304.0,1094122671,1094129514,1094129802,1094131850,0,61984,61984,-1,1,6843,2048,1024,32,32,3
12,3,"[8, 96, 0, 0, 0, 0, 0, 0, 0, 0, 0, 0, 0, 0, 0, 8, 96, 0, 0, 0, 0, 0, 0, 0, 0, 0, 0, 0, 0, 0]",1,128,96.0,2304.0,1094187408,1094193523,1094193834,1094195338,0,62560,62560,-1,1,6115,1504,1024,32,32,3
16,3,"[8, 96, 1, 3, 3, 0, 0, 0, 0, 0, 0, 0, 0, 0, 0, 4, 0, 0, 0, 0, 0, 0, 0, 0, 0, 0, 0, 0, 0, 0]",2,128,864.0,13828.0,1094251478,1094257340,1094257898,1094260522,0,59712,59712,-1,1,5862,2624,1024,32,32,3
12,3,"[8, 96, 1, 3, 3, 0, 0, 0, 0, 0, 0, 0, 0, 0, 0, 8, 96, 1, 3, 3, 0, 0, 0, 0, 0, 0, 0, 0, 0, 0]",2,128,864.0,20736.0,1094313852,1094319443,1094320234,1094322314,0,66047,66047,-1,1,5591,2080,1024,32,32,3
12,3,"[8, 96, 1, 3, 3, 0, 0, 0, 0, 0, 0, 0, 0, 0, 0, 8, 96, 1, 3, 3, 0, 0, 0, 0, 0, 0, 0, 0, 0, 0]",2,128,864.0,20736.0,1094382193,1094388091,1094388361,1094390922,0,65631,65631,-1,1,5898,2561,1024,32,32,3
16,3,"[8, 96, 0, 0, 0, 0, 0, 0, 0, 0, 0, 0, 0, 0, 0, 4, 0, 0, 0, 0, 0, 0, 0, 0, 0, 0, 0, 0, 0, 0]",1,128,96.0,1540.0,1094450084,1094455971,1094456553,1094457481,0,60704,60704,-1,1,5887,928,1024,32,32,3
12,3,"[8, 96, 0, 0, 0, 0, 0, 0, 0, 0, 0, 0, 0, 0, 0, 8, 96, 0, 0, 0, 0, 0, 0, 0, 0, 0, 0, 0, 0, 0]",1,128,96.0,2304.0,1094512282,1094517505,1094518185,1094520265,0,58528,58528,-1,1,5223,2080,1024,32,32,3
12,3,"[8, 96, 0, 0, 0, 0, 0, 0, 0, 0, 0, 0, 0, 0, 0, 8, 96, 0, 0, 0, 0, 0, 0, 0, 0, 0, 0, 0, 0, 0]",1,128,96.0,2304.0,1094573045,1094578501,1094578793,1094580361,0,59360,59360,-1,1,5456,1568,1024,32,32,3
16,3,"[8, 96, 0, 0, 0, 0, 0, 0, 0, 0, 0, 0, 0, 0, 0, 4, 0, 0, 0, 0, 0, 0, 0, 0, 0, 0, 0, 0, 0, 0]",1,128,96.0,1540.0,1094633295,1094639716,1094639721,1094641801,0,60799,60799,-1,1,6421,2080,1024,32,32,3
12,3,"[8, 96, 0, 0, 0, 0, 0, 0, 0, 0, 0, 0, 0, 0, 0, 8, 96, 0, 0, 0, 0, 0, 0, 0, 0, 0, 0, 0, 0, 0]",1,128,96.0,2304.0,1094695559,1094701375,1094702600,1094704680,0,57920,57920,-1,1,5816,2080,1024,32,32,3
12,3,"[8, 96, 0, 0, 0, 0, 0, 0, 0, 0, 0, 0, 0, 0, 0, 8, 96, 0, 0, 0, 0, 0, 0, 0, 0, 0, 0, 0, 0, 0]",1,128,96.0,2304.0,1094756484,1094761688,1094762600,1094764680,0,65504,65504,-1,1,5204,2080,1024,32,32,3
16,3,"[8, 96, 96, 1, 1, 0, 0, 0, 0, 0, 0, 0, 0, 0, 0, 4, 0, 0, 0, 0, 0, 0, 0, 0, 0, 0, 0, 0, 0, 0]",18,128,9216.0,147460.0,1094823944,1094829982,1094830184,1094832264,0,61408,61408,-1,1,6038,2080,1024,32,32,3
12,3,"[8, 96, 96, 1, 1, 0, 0, 0, 0, 0, 0, 0, 0, 0, 0, 8, 96, 96, 1, 1, 0, 0, 0, 0, 0, 0, 0, 0, 0, 0]",18,128,9216.0,221184.0,1094887256,1094893163,1094893672,1094895752,0,59391,59391,-1,1,5907,2080,1024,32,32,3
12,3,"[8, 96, 96, 1, 1, 0, 0, 0, 0, 0, 0, 0, 0, 0, 0, 8, 96, 96, 1, 1, 0, 0, 0, 0, 0, 0, 0, 0, 0, 0]",18,128,9216.0,221184.0,1094948703,1094954437,1094955143,1094957192,0,57887,57887,-1,1,5734,2049,1024,32,32,3
16,3,"[8, 96, 0, 0, 0, 0, 0, 0, 0, 0, 0, 0, 0, 0, 0, 4, 0, 0, 0, 0, 0, 0, 0, 0, 0, 0, 0, 0, 0, 0]",1,128,96.0,1540.0,1095008847,1095014882,1095015079,1095016583,0,59392,59392,-1,1,6035,1504,1024,32,32,3
12,3,"[8, 96, 0, 0, 0, 0, 0, 0, 0, 0, 0, 0, 0, 0, 0, 8, 96, 0, 0, 0, 0, 0, 0, 0, 0, 0, 0, 0, 0, 0]",1,128,96.0,2304.0,1095069869,1095075430,1095075975,1095078023,0,60768,60768,-1,1,5561,2048,1024,32,32,3
12,3,"[8, 96, 0, 0, 0, 0, 0, 0, 0, 0, 0, 0, 0, 0, 0, 8, 96, 0, 0, 0, 0, 0, 0, 0, 0, 0, 0, 0, 0, 0]",1,128,96.0,2304.0,1095132392,1095138093,1095138791,1095140871,0,166751,166751,-1,1,5701,2080,1024,32,32,3
16,3,"[8, 96, 0, 0, 0, 0, 0, 0, 0, 0, 0, 0, 0, 0, 0, 4, 0, 0, 0, 0, 0, 0, 0, 0, 0, 0, 0, 0, 0, 0]",1,128,96.0,1540.0,1095299722,1095307811,1095307622,1095309446,0,71712,71712,-1,1,8089,1824,1024,32,32,3
12,3,"[8, 96, 0, 0, 0, 0, 0, 0, 0, 0, 0, 0, 0, 0, 0, 8, 96, 0, 0, 0, 0, 0, 0, 0, 0, 0, 0, 0, 0, 0]",1,128,96.0,2304.0,1095374157,1095381113,1095381158,1095383174,0,61472,61472,-1,1,6956,2016,1024,32,32,3
12,3,"[8, 96, 0, 0, 0, 0, 0, 0, 0, 0, 0, 0, 0, 0, 0, 8, 96, 0, 0, 0, 0, 0, 0, 0, 0, 0, 0, 0, 0, 0]",1,128,96.0,2304.0,1095438701,1095444924,1095444646,1095446662,0,61152,61152,-1,1,6223,2016,1024,32,32,3
16,3,"[8, 1024, 192, 1, 1, 0, 0, 0, 0, 0, 0, 0, 0, 0, 0, 4, 0, 0, 0, 0, 0, 0, 0, 0, 0, 0, 0, 0, 0, 0]",384,128,196608.0,3145732.0,1095501546,1095507270,1095507814,1095514182,0,55647,55647,-1,1,5724,6368,1024,32,32,3
12,3,"[8, 1024, 192, 1, 1, 0, 0, 0, 0, 0, 0, 0, 0, 0, 0, 8, 1024, 192, 1, 1, 0, 0, 0, 0, 0, 0, 0, 0, 0, 0]",384,128,196608.0,4718592.0,1095564069,1095569474,1095569829,1095575685,0,57024,57024,-1,1,5405,5856,1024,32,32,3
12,3,"[8, 1024, 192, 1, 1, 0, 0, 0, 0, 0, 0, 0, 0, 0, 0, 8, 1024, 192, 1, 1, 0, 0, 0, 0, 0, 0, 0, 0, 0, 0]",384,128,196608.0,4718592.0,1095626564,1095631929,1095632709,1095639173,0,61408,61408,-1,1,5365,6464,1024,32,32,3
16,3,"[8, 1024, 0, 0, 0, 0, 0, 0, 0, 0, 0, 0, 0, 0, 0, 4, 0, 0, 0, 0, 0, 0, 0, 0, 0, 0, 0, 0, 0, 0]",2,128,1024.0,16388.0,1095693915,1095700453,1095700581,1095702661,0,61440,61440,-1,1,6538,2080,1024,32,32,3
12,3,"[8, 1024, 0, 0, 0, 0, 0, 0, 0, 0, 0, 0, 0, 0, 0, 8, 1024, 0, 0, 0, 0, 0, 0, 0, 0, 0, 0, 0, 0, 0]",2,128,1024.0,24576.0,1095757678,1095763504,1095764101,1095766149,0,61408,61408,-1,1,5826,2048,1024,32,32,3
12,3,"[8, 1024, 0, 0, 0, 0, 0, 0, 0, 0, 0, 0, 0, 0, 0, 8, 1024, 0, 0, 0, 0, 0, 0, 0, 0, 0, 0, 0, 0, 0]",2,128,1024.0,24576.0,1095821330,1095827314,1095827557,1095829636,0,60480,60480,-1,1,5984,2079,1024,32,32,3
16,3,"[8, 1024, 0, 0, 0, 0, 0, 0, 0, 0, 0, 0, 0, 0, 0, 4, 0, 0, 0, 0, 0, 0, 0, 0, 0, 0, 0, 0, 0, 0]",2,128,1024.0,16388.0,1095883439,1095889591,1095890116,1095892292,0,59968,59968,-1,1,6152,2176,1024,32,32,3
12,3,"[8, 1024, 0, 0, 0, 0, 0, 0, 0, 0, 0, 0, 0, 0, 0, 8, 1024, 0, 0, 0, 0, 0, 0, 0, 0, 0, 0, 0, 0, 0]",2,128,1024.0,24576.0,1095946075,1095951583,1095952260,1095954404,0,57888,57888,-1,1,5508,2144,1024,32,32,3
12,3,"[8, 1024, 0, 0, 0, 0, 0, 0, 0, 0, 0, 0, 0, 0, 0, 8, 1024, 0, 0, 0, 0, 0, 0, 0, 0, 0, 0, 0, 0, 0]",2,128,1024.0,24576.0,1096006912,1096012009,1096012292,1096013956,0,65632,65632,-1,1,5097,1664,1024,32,32,3
16,3,"[8, 327, 1024, 0, 0, 0, 0, 0, 0, 0, 0, 0, 0, 0, 0, 4, 0, 0, 0, 0, 0, 0, 0, 0, 0, 0, 0, 0, 0, 0]",654,128,334848.0,5357572.0,1096073575,1096079568,1096079588,1096089731,0,52320,52320,-1,1,5993,10143,1024,32,32,3
12,3,"[8, 327, 1024, 0, 0, 0, 0, 0, 0, 0, 0, 0, 0, 0, 0, 8, 327, 1024, 0, 0, 0, 0, 0, 0, 0, 0, 0, 0, 0, 0]",654,128,334848.0,8036352.0,1096135433,1096140989,1096142051,1096150371,0,53408,53408,-1,1,5556,8320,1024,32,32,3
12,3,"[8, 327, 1024, 0, 0, 0, 0, 0, 0, 0, 0, 0, 0, 0, 0, 8, 327, 1024, 0, 0, 0, 0, 0, 0, 0, 0, 0, 0, 0, 0]",654,128,334848.0,8036352.0,1096197742,1096202950,1096203779,1096214403,0,49792,49792,-1,1,5208,10624,1024,32,32,3
16,3,"[8, 327, 0, 0, 0, 0, 0, 0, 0, 0, 0, 0, 0, 0, 0, 4, 0, 0, 0, 0, 0, 0, 0, 0, 0, 0, 0, 0, 0, 0]",1,128,327.0,5236.0,1096258187,1096263986,1096264195,1096266915,0,58688,58688,-1,1,5799,2720,1024,32,32,3
12,3,"[8, 327, 0, 0, 0, 0, 0, 0, 0, 0, 0, 0, 0, 0, 0, 8, 327, 0, 0, 0, 0, 0, 0, 0, 0, 0, 0, 0, 0, 0]",1,128,327.0,7848.0,1096319787,1096325016,1096325603,1096328451,0,58207,58207,-1,1,5229,2848,1024,32,32,3
12,3,"[8, 327, 0, 0, 0, 0, 0, 0, 0, 0, 0, 0, 0, 0, 0, 8, 327, 0, 0, 0, 0, 0, 0, 0, 0, 0, 0, 0, 0, 0]",1,128,327.0,7848.0,1096380585,1096386082,1096386658,1096388738,0,0,0,-1,1,5497,2080,1024,32,32,3
