op,dir,params,grid,block,flops,bytes,rStartTime,rEndTime,kStartTime,kEndTime,staticSharedMemory,space,space1,seq,kernels,rduration,kduration,batch,h,w,input_type
203,1,"[8, 3, 512, 512, 24, 256, 256, 3, 3, 1, 1, 2, 2, 1, 1, 1, 2, 0, 0, 0, 0, 0, 0, 0, 0, 0, 0, 0, 0, 0]",4096,256,679477248.0,37750032.0,926337182,926362486,926351428,926521956,5376,61697,53536,228159,2,21184,162367,8,512,512,2
205,1,"[4, 0, 0, 0, 0, 0, 0, 0, 0, 0, 0, 0, 0, 0, 0, 4, 0, 0, 0, 0, 0, 0, 0, 0, 0, 0, 0, 0, 0, 0]",192,512,100663296.0,100663296.0,926566409,926883707,926575492,927551620,640,271359,448,228160,4,33432,705217,8,512,512,2
152,1,"[2, 8, 24, 256, 256, 0, 0, 0, 0, 0, 0, 0, 0, 0, 0, 0, 0, 0, 0, 0, 0, 0, 0, 0, 0, 0, 0, 0, 0, 0]",24576,128,12582912.0,50331648.0,927052913,927062704,927552068,927646309,0,1216,1216,228161,1,9791,94241,8,512,512,2
183,1,"[2, 8, 24, 256, 256, 0, 0, 0, 0, 0, 0, 0, 0, 0, 0, 0, 0, 0, 0, 0, 0, 0, 0, 0, 0, 0, 0, 0, 0, 0]",12288,256,0.0,0.0,927258944,927270721,927647525,927823845,0,608,608,228162,1,11777,176320,8,512,512,2
203,1,"[8, 24, 128, 128, 24, 64, 64, 3, 3, 1, 1, 2, 2, 1, 1, 24, 2, 0, 0, 0, 0, 0, 0, 0, 0, 0, 0, 0, 0, 0]",768,1024,0.0,0.0,927428523,927439278,927824453,927862373,0,49536,49536,228163,1,10755,37920,8,512,512,2
205,1,"[4, 0, 0, 0, 0, 0, 0, 0, 0, 0, 0, 0, 0, 0, 0, 4, 0, 0, 0, 0, 0, 0, 0, 0, 0, 0, 0, 0, 0, 0]",192,512,6291456.0,6291456.0,927902256,928186383,927911909,928203141,640,435041,190432,228164,4,31215,46623,8,512,512,2
203,1,"[8, 24, 64, 64, 24, 64, 64, 1, 1, 0, 0, 1, 1, 1, 1, 1, 2, 0, 0, 0, 0, 0, 0, 0, 0, 0, 0, 0, 0, 0]",1024,64,0.0,0.0,928380869,928393647,928393573,928412261,2304,133120,133120,228165,1,12778,18688,8,512,512,2
205,1,"[4, 0, 0, 0, 0, 0, 0, 0, 0, 0, 0, 0, 0, 0, 0, 4, 0, 0, 0, 0, 0, 0, 0, 0, 0, 0, 0, 0, 0, 0]",192,512,6291456.0,6291456.0,928536008,928808426,928545381,928823909,640,500160,260480,228166,4,29118,38848,8,512,512,2
152,1,"[2, 8, 24, 64, 64, 0, 0, 0, 0, 0, 0, 0, 0, 0, 0, 0, 0, 0, 0, 0, 0, 0, 0, 0, 0, 0, 0, 0, 0, 0]",1536,128,786432.0,3145728.0,929073437,929084493,929084389,929089829,0,225600,225600,228167,1,11056,5440,8,512,512,2
203,1,"[8, 24, 128, 128, 24, 128, 128, 1, 1, 0, 0, 1, 1, 1, 1, 1, 2, 0, 0, 0, 0, 0, 0, 0, 0, 0, 0, 0, 0, 0]",512,128,0.0,0.0,929302979,929314899,929315429,929368677,40960,99360,99360,228168,1,11920,53248,8,512,512,2
205,1,"[4, 0, 0, 0, 0, 0, 0, 0, 0, 0, 0, 0, 0, 0, 0, 4, 0, 0, 0, 0, 0, 0, 0, 0, 0, 0, 0, 0, 0, 0]",192,512,25165824.0,25165824.0,929457789,929729447,929468037,929888933,640,248192,11776,228169,4,30253,184480,8,512,512,2
152,1,"[2, 8, 24, 128, 128, 0, 0, 0, 0, 0, 0, 0, 0, 0, 0, 0, 0, 0, 0, 0, 0, 0, 0, 0, 0, 0, 0, 0, 0, 0]",6144,128,3145728.0,12582912.0,929891477,929899606,929900709,929923493,0,110656,110656,228170,1,8129,22784,8,512,512,2
203,1,"[8, 24, 128, 128, 24, 64, 64, 3, 3, 1, 1, 2, 2, 1, 1, 24, 2, 0, 0, 0, 0, 0, 0, 0, 0, 0, 0, 0, 0, 0]",768,1024,0.0,0.0,930024309,930033524,930034149,930071045,0,104864,104864,228171,1,9215,36896,8,512,512,2
205,1,"[4, 0, 0, 0, 0, 0, 0, 0, 0, 0, 0, 0, 0, 0, 0, 4, 0, 0, 0, 0, 0, 0, 0, 0, 0, 0, 0, 0, 0, 0]",192,512,6291456.0,6291456.0,930166905,930428074,930175909,930447301,640,401632,176672,228172,4,28511,46432,8,512,512,2
203,1,"[8, 24, 64, 64, 24, 64, 64, 1, 1, 0, 0, 1, 1, 1, 1, 1, 2, 0, 0, 0, 0, 0, 0, 0, 0, 0, 0, 0, 0, 0]",1024,64,0.0,0.0,930612564,930623467,930623973,930642533,2304,141504,141504,228173,1,10903,18560,8,512,512,2
205,1,"[4, 0, 0, 0, 0, 0, 0, 0, 0, 0, 0, 0, 0, 0, 0, 4, 0, 0, 0, 0, 0, 0, 0, 0, 0, 0, 0, 0, 0, 0]",192,512,6291456.0,6291456.0,930774061,931040413,930784037,931056229,640,394976,164000,228174,4,29177,41216,8,512,512,2
152,1,"[2, 8, 24, 64, 64, 0, 0, 0, 0, 0, 0, 0, 0, 0, 0, 0, 0, 0, 0, 0, 0, 0, 0, 0, 0, 0, 0, 0, 0, 0]",1536,128,786432.0,3145728.0,931211276,931220039,931220229,931225509,0,111296,111296,228175,1,8763,5280,8,512,512,2
213,1,"[2, 8, 24, 64, 64, 0, 0, 0, 0, 0, 0, 0, 0, 0, 0, 2, 8, 24, 64, 64, 0, 0, 0, 0, 0, 0, 0, 0, 0, 0]",272,512,0.0,6291456.0,931325324,931336736,931336805,931355077,0,183616,183616,228176,1,11412,18272,8,512,512,2
239,1,"[0, 0, 0, 0, 0, 0, 0, 0, 0, 0, 0, 0, 0, 0, 0, 0, 0, 0, 0, 0, 0, 0, 0, 0, 0, 0, 0, 0, 0, 0]",3072,128,0.0,0.0,931526860,931538443,931538693,931559237,0,287712,287712,228179,1,11583,20544,8,512,512,2
203,1,"[8, 24, 64, 64, 24, 64, 64, 1, 1, 0, 0, 1, 1, 1, 1, 1, 2, 0, 0, 0, 0, 0, 0, 0, 0, 0, 0, 0, 0, 0]",1536,128,0.0,0.0,931835265,931906489,931846949,931926181,2304,186912,135584,228182,2,20000,27904,8,512,512,2
205,1,"[4, 0, 0, 0, 0, 0, 0, 0, 0, 0, 0, 0, 0, 0, 0, 4, 0, 0, 0, 0, 0, 0, 0, 0, 0, 0, 0, 0, 0, 0]",192,512,6291456.0,6291456.0,932051142,932321806,932061765,932336229,640,405760,171200,228183,4,29289,39904,8,512,512,2
152,1,"[2, 8, 24, 64, 64, 0, 0, 0, 0, 0, 0, 0, 0, 0, 0, 0, 0, 0, 0, 0, 0, 0, 0, 0, 0, 0, 0, 0, 0, 0]",1536,128,786432.0,3145728.0,932497830,932506901,932507429,932512101,0,129632,129632,228184,1,9071,4672,8,512,512,2
203,1,"[8, 24, 64, 64, 24, 64, 64, 3, 3, 1, 1, 1, 1, 1, 1, 24, 2, 0, 0, 0, 0, 0, 0, 0, 0, 0, 0, 0, 0, 0]",768,1024,0.0,0.0,932633003,932641829,932641733,932673413,0,96992,96992,228185,1,8826,31680,8,512,512,2
205,1,"[4, 0, 0, 0, 0, 0, 0, 0, 0, 0, 0, 0, 0, 0, 0, 4, 0, 0, 0, 0, 0, 0, 0, 0, 0, 0, 0, 0, 0, 0]",192,512,6291456.0,6291456.0,932762093,933024747,932770405,933040069,640,396000,166528,228186,4,27650,40192,8,512,512,2
203,1,"[8, 24, 64, 64, 24, 64, 64, 1, 1, 0, 0, 1, 1, 1, 1, 1, 2, 0, 0, 0, 0, 0, 0, 0, 0, 0, 0, 0, 0, 0]",1024,64,0.0,0.0,933195176,933206525,933206597,933225061,2304,132801,132801,228187,1,11349,18464,8,512,512,2
205,1,"[4, 0, 0, 0, 0, 0, 0, 0, 0, 0, 0, 0, 0, 0, 0, 4, 0, 0, 0, 0, 0, 0, 0, 0, 0, 0, 0, 0, 0, 0]",192,512,6291456.0,6291456.0,933348519,933732984,933357862,933746437,640,506914,158657,228188,4,30363,40318,8,512,512,2
152,1,"[2, 8, 24, 64, 64, 0, 0, 0, 0, 0, 0, 0, 0, 0, 0, 0, 0, 0, 0, 0, 0, 0, 0, 0, 0, 0, 0, 0, 0, 0]",1536,128,786432.0,3145728.0,933896415,933904791,933905094,933910309,0,98305,98305,228189,1,8376,5215,8,512,512,2
213,1,"[2, 8, 24, 64, 64, 0, 0, 0, 0, 0, 0, 0, 0, 0, 0, 2, 8, 24, 64, 64, 0, 0, 0, 0, 0, 0, 0, 0, 0, 0]",272,512,0.0,6291456.0,933998671,934008620,934008614,934033318,0,155615,155615,228190,1,9949,24704,8,512,512,2
239,1,"[0, 0, 0, 0, 0, 0, 0, 0, 0, 0, 0, 0, 0, 0, 0, 0, 0, 0, 0, 0, 0, 0, 0, 0, 0, 0, 0, 0, 0, 0]",3072,128,0.0,0.0,934178772,934188238,934188933,934209381,0,276800,276800,228193,1,9466,20448,8,512,512,2
203,1,"[8, 24, 64, 64, 24, 64, 64, 1, 1, 0, 0, 1, 1, 1, 1, 1, 2, 0, 0, 0, 0, 0, 0, 0, 0, 0, 0, 0, 0, 0]",1536,128,0.0,0.0,934472666,934543396,934486181,934562405,2304,181471,132160,228196,2,20355,26913,8,512,512,2
205,1,"[4, 0, 0, 0, 0, 0, 0, 0, 0, 0, 0, 0, 0, 0, 0, 4, 0, 0, 0, 0, 0, 0, 0, 0, 0, 0, 0, 0, 0, 0]",192,512,6291456.0,6291456.0,934685151,934951716,934694565,934967718,640,382367,151744,228197,4,29171,42530,8,512,512,2
152,1,"[2, 8, 24, 64, 64, 0, 0, 0, 0, 0, 0, 0, 0, 0, 0, 0, 0, 0, 0, 0, 0, 0, 0, 0, 0, 0, 0, 0, 0, 0]",1536,128,786432.0,3145728.0,935111035,935119263,935119462,935123558,0,135136,135136,228198,1,8228,4096,8,512,512,2
203,1,"[8, 24, 64, 64, 24, 64, 64, 3, 3, 1, 1, 1, 1, 1, 1, 24, 2, 0, 0, 0, 0, 0, 0, 0, 0, 0, 0, 0, 0, 0]",768,1024,0.0,0.0,935248656,935258564,935258694,935289446,0,106496,106496,228199,1,9908,30752,8,512,512,2
205,1,"[4, 0, 0, 0, 0, 0, 0, 0, 0, 0, 0, 0, 0, 0, 0, 4, 0, 0, 0, 0, 0, 0, 0, 0, 0, 0, 0, 0, 0, 0]",192,512,6291456.0,6291456.0,935387012,935642445,935395942,935659110,640,406656,183264,228200,4,27275,39776,8,512,512,2
203,1,"[8, 24, 64, 64, 24, 64, 64, 1, 1, 0, 0, 1, 1, 1, 1, 1, 2, 0, 0, 0, 0, 0, 0, 0, 0, 0, 0, 0, 0, 0]",1024,64,0.0,0.0,935831876,935842049,935842374,935860838,2304,126944,126944,228201,1,10173,18464,8,512,512,2
205,1,"[4, 0, 0, 0, 0, 0, 0, 0, 0, 0, 0, 0, 0, 0, 0, 4, 0, 0, 0, 0, 0, 0, 0, 0, 0, 0, 0, 0, 0, 0]",192,512,6291456.0,6291456.0,935978635,936242665,935987782,936259974,640,378912,148928,228202,4,27057,42208,8,512,512,2
152,1,"[2, 8, 24, 64, 64, 0, 0, 0, 0, 0, 0, 0, 0, 0, 0, 0, 0, 0, 0, 0, 0, 0, 0, 0, 0, 0, 0, 0, 0, 0]",1536,128,786432.0,3145728.0,936399892,936408024,936408902,936413574,0,88256,88256,228203,1,8132,4672,8,512,512,2
213,1,"[2, 8, 24, 64, 64, 0, 0, 0, 0, 0, 0, 0, 0, 0, 0, 2, 8, 24, 64, 64, 0, 0, 0, 0, 0, 0, 0, 0, 0, 0]",272,512,0.0,6291456.0,936492855,936501481,936501830,936526438,0,155616,155616,228204,1,8626,24608,8,512,512,2
239,1,"[0, 0, 0, 0, 0, 0, 0, 0, 0, 0, 0, 0, 0, 0, 0, 0, 0, 0, 0, 0, 0, 0, 0, 0, 0, 0, 0, 0, 0, 0]",3072,128,0.0,0.0,936671029,936681437,936682054,936702566,0,257152,257152,228207,1,10408,20512,8,512,512,2
203,1,"[8, 24, 64, 64, 24, 64, 64, 1, 1, 0, 0, 1, 1, 1, 1, 1, 2, 0, 0, 0, 0, 0, 0, 0, 0, 0, 0, 0, 0, 0]",1536,128,0.0,0.0,936947896,937016648,936959718,937036358,2304,186496,137248,228210,2,18712,27392,8,512,512,2
205,1,"[4, 0, 0, 0, 0, 0, 0, 0, 0, 0, 0, 0, 0, 0, 0, 4, 0, 0, 0, 0, 0, 0, 0, 0, 0, 0, 0, 0, 0, 0]",192,512,6291456.0,6291456.0,937164122,937421162,937173606,937437798,640,382144,159136,228211,4,27678,41184,8,512,512,2
152,1,"[2, 8, 24, 64, 64, 0, 0, 0, 0, 0, 0, 0, 0, 0, 0, 0, 0, 0, 0, 0, 0, 0, 0, 0, 0, 0, 0, 0, 0, 0]",1536,128,786432.0,3145728.0,937588133,937596383,937596934,937601638,0,126624,126624,228212,1,8250,4704,8,512,512,2
203,1,"[8, 24, 64, 64, 24, 64, 64, 3, 3, 1, 1, 1, 1, 1, 1, 24, 2, 0, 0, 0, 0, 0, 0, 0, 0, 0, 0, 0, 0, 0]",768,1024,0.0,0.0,937719076,937727722,937728262,937759334,0,94176,94176,228213,1,8646,31072,8,512,512,2
205,1,"[4, 0, 0, 0, 0, 0, 0, 0, 0, 0, 0, 0, 0, 0, 0, 4, 0, 0, 0, 0, 0, 0, 0, 0, 0, 0, 0, 0, 0, 0]",192,512,6291456.0,6291456.0,937845492,938233153,937853510,938248806,640,519360,163168,228214,4,28909,39104,8,512,512,2
203,1,"[8, 24, 64, 64, 24, 64, 64, 1, 1, 0, 0, 1, 1, 1, 1, 1, 2, 0, 0, 0, 0, 0, 0, 0, 0, 0, 0, 0, 0, 0]",1024,64,0.0,0.0,938401102,938411144,938411974,938430662,2304,136608,136608,228215,1,10042,18688,8,512,512,2
205,1,"[4, 0, 0, 0, 0, 0, 0, 0, 0, 0, 0, 0, 0, 0, 0, 4, 0, 0, 0, 0, 0, 0, 0, 0, 0, 0, 0, 0, 0, 0]",192,512,6291456.0,6291456.0,938556843,938814093,938567270,938830438,640,378976,156672,228216,4,28194,40864,8,512,512,2
152,1,"[2, 8, 24, 64, 64, 0, 0, 0, 0, 0, 0, 0, 0, 0, 0, 0, 0, 0, 0, 0, 0, 0, 0, 0, 0, 0, 0, 0, 0, 0]",1536,128,786432.0,3145728.0,938978034,938986215,938987110,938991782,0,88000,88000,228217,1,8181,4672,8,512,512,2
213,1,"[2, 8, 24, 64, 64, 0, 0, 0, 0, 0, 0, 0, 0, 0, 0, 2, 8, 24, 64, 64, 0, 0, 0, 0, 0, 0, 0, 0, 0, 0]",272,512,0.0,6291456.0,939070666,939078722,939079782,939104262,0,154016,154016,228218,1,8056,24480,8,512,512,2
239,1,"[0, 0, 0, 0, 0, 0, 0, 0, 0, 0, 0, 0, 0, 0, 0, 0, 0, 0, 0, 0, 0, 0, 0, 0, 0, 0, 0, 0, 0, 0]",3072,128,0.0,0.0,939247558,939257565,939258278,939278470,0,201024,201024,228221,1,10007,20192,8,512,512,2
203,1,"[8, 48, 64, 64, 48, 32, 32, 3, 3, 1, 1, 2, 2, 1, 1, 48, 2, 0, 0, 0, 0, 0, 0, 0, 0, 0, 0, 0, 0, 0]",384,1024,0.0,0.0,939468160,939478947,939479494,939497126,0,107680,107680,228223,1,10787,17632,8,512,512,2
205,1,"[4, 0, 0, 0, 0, 0, 0, 0, 0, 0, 0, 0, 0, 0, 0, 4, 0, 0, 0, 0, 0, 0, 0, 0, 0, 0, 0, 0, 0, 0]",384,512,3145728.0,3145728.0,939596554,939856747,939604806,939862630,640,426144,190464,228224,4,27127,22144,8,512,512,2
203,1,"[8, 48, 32, 32, 48, 32, 32, 1, 1, 0, 0, 1, 1, 1, 1, 1, 2, 0, 0, 0, 0, 0, 0, 0, 0, 0, 0, 0, 0, 0]",64,128,0.0,0.0,940042675,940053340,940053094,940063334,32768,136640,136640,228225,1,10665,10240,8,512,512,2
205,1,"[4, 0, 0, 0, 0, 0, 0, 0, 0, 0, 0, 0, 0, 0, 0, 4, 0, 0, 0, 0, 0, 0, 0, 0, 0, 0, 0, 0, 0, 0]",384,512,3145728.0,3145728.0,940190533,940453525,940199974,940460422,640,394210,157088,228226,4,28865,23326,8,512,512,2
152,1,"[2, 8, 48, 32, 32, 0, 0, 0, 0, 0, 0, 0, 0, 0, 0, 0, 0, 0, 0, 0, 0, 0, 0, 0, 0, 0, 0, 0, 0, 0]",768,128,393216.0,1572864.0,940609391,940616860,940617510,940620390,0,189760,189760,228227,1,7469,2880,8,512,512,2
203,1,"[8, 48, 64, 64, 48, 64, 64, 1, 1, 0, 0, 1, 1, 1, 1, 1, 2, 0, 0, 0, 0, 0, 0, 0, 0, 0, 0, 0, 0, 0]",256,128,0.0,0.0,940799223,940809657,940810150,940835334,32768,141280,141280,228228,1,10434,25184,8,512,512,2
205,1,"[4, 0, 0, 0, 0, 0, 0, 0, 0, 0, 0, 0, 0, 0, 0, 4, 0, 0, 0, 0, 0, 0, 0, 0, 0, 0, 0, 0, 0, 0]",384,512,12582912.0,12582912.0,940964750,941244726,940976614,941265511,640,412798,178112,228229,4,38340,54211,8,512,512,2
152,1,"[2, 8, 48, 64, 64, 0, 0, 0, 0, 0, 0, 0, 0, 0, 0, 0, 0, 0, 0, 0, 0, 0, 0, 0, 0, 0, 0, 0, 0, 0]",3072,128,1572864.0,6291456.0,941432295,941443066,941443623,941451014,0,135297,135297,228230,1,10771,7391,8,512,512,2
203,1,"[8, 48, 64, 64, 48, 32, 32, 3, 3, 1, 1, 2, 2, 1, 1, 48, 2, 0, 0, 0, 0, 0, 0, 0, 0, 0, 0, 0, 0, 0]",384,1024,0.0,0.0,941576286,941585796,941586311,941603431,0,117759,117759,228231,1,9510,17120,8,512,512,2
205,1,"[4, 0, 0, 0, 0, 0, 0, 0, 0, 0, 0, 0, 0, 0, 0, 4, 0, 0, 0, 0, 0, 0, 0, 0, 0, 0, 0, 0, 0, 0]",384,512,3145728.0,3145728.0,941711959,942002100,941721190,942008166,640,464994,200481,228232,4,33556,22463,8,512,512,2
203,1,"[8, 48, 32, 32, 48, 32, 32, 1, 1, 0, 0, 1, 1, 1, 1, 1, 2, 0, 0, 0, 0, 0, 0, 0, 0, 0, 0, 0, 0, 0]",64,128,0.0,0.0,942197143,942208102,942208647,942217831,32768,167904,167904,228233,1,10959,9184,8,512,512,2
205,1,"[4, 0, 0, 0, 0, 0, 0, 0, 0, 0, 0, 0, 0, 0, 0, 4, 0, 0, 0, 0, 0, 0, 0, 0, 0, 0, 0, 0, 0, 0]",384,512,3145728.0,3145728.0,942375259,942778036,942385735,942784679,640,572064,196992,228234,4,39337,23872,8,512,512,2
152,1,"[2, 8, 48, 32, 32, 0, 0, 0, 0, 0, 0, 0, 0, 0, 0, 0, 0, 0, 0, 0, 0, 0, 0, 0, 0, 0, 0, 0, 0, 0]",768,128,393216.0,1572864.0,942969718,942981042,942981671,942985351,0,100256,100256,228235,1,11324,3680,8,512,512,2
213,1,"[2, 8, 48, 32, 32, 0, 0, 0, 0, 0, 0, 0, 0, 0, 0, 2, 8, 48, 32, 32, 0, 0, 0, 0, 0, 0, 0, 0, 0, 0]",272,512,0.0,3145728.0,943075881,943085098,943085607,943096263,0,181728,181728,228236,1,9217,10656,8,512,512,2
239,1,"[0, 0, 0, 0, 0, 0, 0, 0, 0, 0, 0, 0, 0, 0, 0, 0, 0, 0, 0, 0, 0, 0, 0, 0, 0, 0, 0, 0, 0, 0]",1536,128,0.0,0.0,943266311,943277048,943277991,943286887,0,274528,274528,228239,1,10737,8896,8,512,512,2
203,1,"[8, 48, 32, 32, 48, 32, 32, 1, 1, 0, 0, 1, 1, 1, 1, 1, 2, 0, 0, 0, 0, 0, 0, 0, 0, 0, 0, 0, 0, 0]",768,128,0.0,0.0,943549369,943628340,943561415,943639143,32768,212672,151072,228242,2,19450,16128,8,512,512,2
205,1,"[4, 0, 0, 0, 0, 0, 0, 0, 0, 0, 0, 0, 0, 0, 0, 4, 0, 0, 0, 0, 0, 0, 0, 0, 0, 0, 0, 0, 0, 0]",384,512,3145728.0,3145728.0,943780159,944039653,943790215,944046407,640,400353,168608,228243,4,28795,24447,8,512,512,2
152,1,"[2, 8, 48, 32, 32, 0, 0, 0, 0, 0, 0, 0, 0, 0, 0, 0, 0, 0, 0, 0, 0, 0, 0, 0, 0, 0, 0, 0, 0, 0]",768,128,393216.0,1572864.0,944206839,944215354,944215015,944218727,0,163808,163808,228244,1,8515,3712,8,512,512,2
203,1,"[8, 48, 32, 32, 48, 32, 32, 3, 3, 1, 1, 1, 1, 1, 1, 48, 2, 0, 0, 0, 0, 0, 0, 0, 0, 0, 0, 0, 0, 0]",192,256,0.0,0.0,944370364,944382720,944382535,944390759,17536,134656,134656,228245,1,12356,8224,8,512,512,2
205,1,"[4, 0, 0, 0, 0, 0, 0, 0, 0, 0, 0, 0, 0, 0, 0, 4, 0, 0, 0, 0, 0, 0, 0, 0, 0, 0, 0, 0, 0, 0]",384,512,3145728.0,3145728.0,944516103,944780893,944525415,944787943,640,417472,176096,228246,4,28349,21152,8,512,512,2
203,1,"[8, 48, 32, 32, 48, 32, 32, 1, 1, 0, 0, 1, 1, 1, 1, 1, 2, 0, 0, 0, 0, 0, 0, 0, 0, 0, 0, 0, 0, 0]",64,128,0.0,0.0,944953777,944963335,944964039,944973799,32768,136000,136000,228247,1,9558,9760,8,512,512,2
205,1,"[4, 0, 0, 0, 0, 0, 0, 0, 0, 0, 0, 0, 0, 0, 0, 4, 0, 0, 0, 0, 0, 0, 0, 0, 0, 0, 0, 0, 0, 0]",384,512,3145728.0,3145728.0,945101806,945364442,945109799,945371367,640,393953,157824,228248,4,27195,25439,8,512,512,2
152,1,"[2, 8, 48, 32, 32, 0, 0, 0, 0, 0, 0, 0, 0, 0, 0, 0, 0, 0, 0, 0, 0, 0, 0, 0, 0, 0, 0, 0, 0, 0]",768,128,393216.0,1572864.0,945520309,945528195,945529191,945532839,0,94880,94880,228249,1,7886,3648,8,512,512,2
213,1,"[2, 8, 48, 32, 32, 0, 0, 0, 0, 0, 0, 0, 0, 0, 0, 2, 8, 48, 32, 32, 0, 0, 0, 0, 0, 0, 0, 0, 0, 0]",272,512,0.0,3145728.0,945619274,945627620,945627719,945642087,0,158880,158880,228250,1,8346,14368,8,512,512,2
239,1,"[0, 0, 0, 0, 0, 0, 0, 0, 0, 0, 0, 0, 0, 0, 0, 0, 0, 0, 0, 0, 0, 0, 0, 0, 0, 0, 0, 0, 0, 0]",1536,128,0.0,0.0,945791004,945800200,945800967,945809863,0,274560,274560,228253,1,9196,8896,8,512,512,2
203,1,"[8, 48, 32, 32, 48, 32, 32, 1, 1, 0, 0, 1, 1, 1, 1, 1, 2, 0, 0, 0, 0, 0, 0, 0, 0, 0, 0, 0, 0, 0]",768,128,0.0,0.0,946072238,946150486,946084423,946162055,32768,202496,141024,228256,2,19189,16160,8,512,512,2
205,1,"[4, 0, 0, 0, 0, 0, 0, 0, 0, 0, 0, 0, 0, 0, 0, 4, 0, 0, 0, 0, 0, 0, 0, 0, 0, 0, 0, 0, 0, 0]",384,512,3145728.0,3145728.0,946293909,946561006,946303079,946567783,640,400576,159744,228257,4,27268,23872,8,512,512,2
152,1,"[2, 8, 48, 32, 32, 0, 0, 0, 0, 0, 0, 0, 0, 0, 0, 0, 0, 0, 0, 0, 0, 0, 0, 0, 0, 0, 0, 0, 0, 0]",768,128,393216.0,1572864.0,946718921,946727268,946727527,946731623,0,157664,157664,228258,1,8347,4096,8,512,512,2
203,1,"[8, 48, 32, 32, 48, 32, 32, 3, 3, 1, 1, 1, 1, 1, 1, 48, 2, 0, 0, 0, 0, 0, 0, 0, 0, 0, 0, 0, 0, 0]",192,256,0.0,0.0,946877975,946896281,946889287,946897511,17536,241632,241632,228259,1,18306,8224,8,512,512,2
205,1,"[4, 0, 0, 0, 0, 0, 0, 0, 0, 0, 0, 0, 0, 0, 0, 4, 0, 0, 0, 0, 0, 0, 0, 0, 0, 0, 0, 0, 0, 0]",384,512,3145728.0,3145728.0,947128809,947409866,947139143,947416679,640,431872,175264,228260,4,31649,20928,8,512,512,2
203,1,"[8, 48, 32, 32, 48, 32, 32, 1, 1, 0, 0, 1, 1, 1, 1, 1, 2, 0, 0, 0, 0, 0, 0, 0, 0, 0, 0, 0, 0, 0]",64,128,0.0,0.0,947581837,947591660,947591943,947602024,32768,137055,137055,228261,1,9823,10081,8,512,512,2
205,1,"[4, 0, 0, 0, 0, 0, 0, 0, 0, 0, 0, 0, 0, 0, 0, 4, 0, 0, 0, 0, 0, 0, 0, 0, 0, 0, 0, 0, 0, 0]",384,512,3145728.0,3145728.0,947729892,947994310,947739079,948000839,640,397312,159936,228262,4,29220,24384,8,512,512,2
152,1,"[2, 8, 48, 32, 32, 0, 0, 0, 0, 0, 0, 0, 0, 0, 0, 0, 0, 0, 0, 0, 0, 0, 0, 0, 0, 0, 0, 0, 0, 0]",768,128,393216.0,1572864.0,948152177,948159910,948160775,948164423,0,88865,88865,228263,1,7733,3648,8,512,512,2
213,1,"[2, 8, 48, 32, 32, 0, 0, 0, 0, 0, 0, 0, 0, 0, 0, 2, 8, 48, 32, 32, 0, 0, 0, 0, 0, 0, 0, 0, 0, 0]",272,512,0.0,3145728.0,948244335,948252637,948253288,948267623,0,161792,161792,228264,1,8302,14335,8,512,512,2
239,1,"[0, 0, 0, 0, 0, 0, 0, 0, 0, 0, 0, 0, 0, 0, 0, 0, 0, 0, 0, 0, 0, 0, 0, 0, 0, 0, 0, 0, 0, 0]",1536,128,0.0,0.0,948419829,948428847,948429415,948438663,0,269281,269281,228267,1,9018,9248,8,512,512,2
203,1,"[8, 48, 32, 32, 48, 32, 32, 1, 1, 0, 0, 1, 1, 1, 1, 1, 2, 0, 0, 0, 0, 0, 0, 0, 0, 0, 0, 0, 0, 0]",768,128,0.0,0.0,948696666,948780503,948707944,948791880,32768,210657,143040,228270,2,19139,16319,8,512,512,2
205,1,"[4, 0, 0, 0, 0, 0, 0, 0, 0, 0, 0, 0, 0, 0, 0, 4, 0, 0, 0, 0, 0, 0, 0, 0, 0, 0, 0, 0, 0, 0]",384,512,3145728.0,3145728.0,948924920,949185026,948934920,949191272,640,400704,167392,228271,4,28036,23040,8,512,512,2
152,1,"[2, 8, 48, 32, 32, 0, 0, 0, 0, 0, 0, 0, 0, 0, 0, 0, 0, 0, 0, 0, 0, 0, 0, 0, 0, 0, 0, 0, 0, 0]",768,128,393216.0,1572864.0,949349270,949358171,949358664,949362600,0,155904,155904,228272,1,8901,3936,8,512,512,2
203,1,"[8, 48, 32, 32, 48, 32, 32, 3, 3, 1, 1, 1, 1, 1, 1, 48, 2, 0, 0, 0, 0, 0, 0, 0, 0, 0, 0, 0, 0, 0]",192,256,0.0,0.0,949508294,949518175,949518504,949526792,17536,132800,132800,228273,1,9881,8288,8,512,512,2
205,1,"[4, 0, 0, 0, 0, 0, 0, 0, 0, 0, 0, 0, 0, 0, 0, 4, 0, 0, 0, 0, 0, 0, 0, 0, 0, 0, 0, 0, 0, 0]",384,512,3145728.0,3145728.0,949650045,949909598,949659592,949916264,640,411168,175616,228274,4,27951,21120,8,512,512,2
203,1,"[8, 48, 32, 32, 48, 32, 32, 1, 1, 0, 0, 1, 1, 1, 1, 1, 2, 0, 0, 0, 0, 0, 0, 0, 0, 0, 0, 0, 0, 0]",64,128,0.0,0.0,950081742,950091272,950091880,950101608,32768,142304,142304,228275,1,9530,9728,8,512,512,2
205,1,"[4, 0, 0, 0, 0, 0, 0, 0, 0, 0, 0, 0, 0, 0, 0, 4, 0, 0, 0, 0, 0, 0, 0, 0, 0, 0, 0, 0, 0, 0]",384,512,3145728.0,3145728.0,950235467,950489910,950243912,950495848,640,395904,165856,228276,4,26932,21888,8,512,512,2
152,1,"[2, 8, 48, 32, 32, 0, 0, 0, 0, 0, 0, 0, 0, 0, 0, 0, 0, 0, 0, 0, 0, 0, 0, 0, 0, 0, 0, 0, 0, 0]",768,128,393216.0,1572864.0,950653037,950661004,950661704,950665736,0,88256,88256,228277,1,7967,4032,8,512,512,2
213,1,"[2, 8, 48, 32, 32, 0, 0, 0, 0, 0, 0, 0, 0, 0, 0, 2, 8, 48, 32, 32, 0, 0, 0, 0, 0, 0, 0, 0, 0, 0]",272,512,0.0,3145728.0,950746283,950754115,950753992,950769864,0,160480,160480,228278,1,7832,15872,8,512,512,2
239,1,"[0, 0, 0, 0, 0, 0, 0, 0, 0, 0, 0, 0, 0, 0, 0, 0, 0, 0, 0, 0, 0, 0, 0, 0, 0, 0, 0, 0, 0, 0]",1536,128,0.0,0.0,950919833,950930075,950930344,950939848,0,277184,277184,228281,1,10242,9504,8,512,512,2
203,1,"[8, 48, 32, 32, 48, 32, 32, 1, 1, 0, 0, 1, 1, 1, 1, 1, 2, 0, 0, 0, 0, 0, 0, 0, 0, 0, 0, 0, 0, 0]",768,128,0.0,0.0,951205500,951286338,951217032,951297800,32768,317152,252416,228284,2,19475,16032,8,512,512,2
205,1,"[4, 0, 0, 0, 0, 0, 0, 0, 0, 0, 0, 0, 0, 0, 0, 4, 0, 0, 0, 0, 0, 0, 0, 0, 0, 0, 0, 0, 0, 0]",384,512,3145728.0,3145728.0,951539127,951809017,951550216,951815944,640,410016,168704,228285,4,29700,24416,8,512,512,2
152,1,"[2, 8, 48, 32, 32, 0, 0, 0, 0, 0, 0, 0, 0, 0, 0, 0, 0, 0, 0, 0, 0, 0, 0, 0, 0, 0, 0, 0, 0, 0]",768,128,393216.0,1572864.0,951975277,951984253,951984648,951988296,0,155424,155424,228286,1,8976,3648,8,512,512,2
203,1,"[8, 48, 32, 32, 48, 32, 32, 3, 3, 1, 1, 1, 1, 1, 1, 48, 2, 0, 0, 0, 0, 0, 0, 0, 0, 0, 0, 0, 0, 0]",192,256,0.0,0.0,952133802,952142978,952143720,952151976,17536,132064,132064,228287,1,9176,8256,8,512,512,2
205,1,"[4, 0, 0, 0, 0, 0, 0, 0, 0, 0, 0, 0, 0, 0, 0, 4, 0, 0, 0, 0, 0, 0, 0, 0, 0, 0, 0, 0, 0, 0]",384,512,3145728.0,3145728.0,952275691,952539872,952284040,952545896,640,417504,176160,228288,4,27989,20512,8,512,512,2
203,1,"[8, 48, 32, 32, 48, 32, 32, 1, 1, 0, 0, 1, 1, 1, 1, 1, 2, 0, 0, 0, 0, 0, 0, 0, 0, 0, 0, 0, 0, 0]",64,128,0.0,0.0,952711885,952721975,952722056,952732264,32768,137280,137280,228289,1,10090,10208,8,512,512,2
205,1,"[4, 0, 0, 0, 0, 0, 0, 0, 0, 0, 0, 0, 0, 0, 0, 4, 0, 0, 0, 0, 0, 0, 0, 0, 0, 0, 0, 0, 0, 0]",384,512,3145728.0,3145728.0,952860514,953125373,952869544,953131624,640,395200,157056,228290,4,28795,23936,8,512,512,2
152,1,"[2, 8, 48, 32, 32, 0, 0, 0, 0, 0, 0, 0, 0, 0, 0, 0, 0, 0, 0, 0, 0, 0, 0, 0, 0, 0, 0, 0, 0, 0]",768,128,393216.0,1572864.0,953279765,953287765,953288680,953291368,0,97664,97664,228291,1,8000,2688,8,512,512,2
213,1,"[2, 8, 48, 32, 32, 0, 0, 0, 0, 0, 0, 0, 0, 0, 0, 2, 8, 48, 32, 32, 0, 0, 0, 0, 0, 0, 0, 0, 0, 0]",272,512,0.0,3145728.0,953380251,953388284,953389032,953403432,0,156544,156544,228292,1,8033,14400,8,512,512,2
239,1,"[0, 0, 0, 0, 0, 0, 0, 0, 0, 0, 0, 0, 0, 0, 0, 0, 0, 0, 0, 0, 0, 0, 0, 0, 0, 0, 0, 0, 0, 0]",1536,128,0.0,0.0,953550500,953559829,953559976,953569480,0,278688,278688,228295,1,9329,9504,8,512,512,2
203,1,"[8, 48, 32, 32, 48, 32, 32, 1, 1, 0, 0, 1, 1, 1, 1, 1, 2, 0, 0, 0, 0, 0, 0, 0, 0, 0, 0, 0, 0, 0]",768,128,0.0,0.0,953836451,953911335,953848168,953922152,32768,200832,143104,228298,2,18747,16256,8,512,512,2
205,1,"[4, 0, 0, 0, 0, 0, 0, 0, 0, 0, 0, 0, 0, 0, 0, 4, 0, 0, 0, 0, 0, 0, 0, 0, 0, 0, 0, 0, 0, 0]",384,512,3145728.0,3145728.0,954055534,954316735,954065256,954323273,640,393535,157983,228299,4,27941,22465,8,512,512,2
152,1,"[2, 8, 48, 32, 32, 0, 0, 0, 0, 0, 0, 0, 0, 0, 0, 0, 0, 0, 0, 0, 0, 0, 0, 0, 0, 0, 0, 0, 0, 0]",768,128,393216.0,1572864.0,954473188,954481233,954481256,954485352,0,152960,152960,228300,1,8045,4096,8,512,512,2
203,1,"[8, 48, 32, 32, 48, 32, 32, 3, 3, 1, 1, 1, 1, 1, 1, 48, 2, 0, 0, 0, 0, 0, 0, 0, 0, 0, 0, 0, 0, 0]",192,256,0.0,0.0,954628005,954637975,954638312,954646537,17536,141919,141919,228301,1,9970,8225,8,512,512,2
205,1,"[4, 0, 0, 0, 0, 0, 0, 0, 0, 0, 0, 0, 0, 0, 0, 4, 0, 0, 0, 0, 0, 0, 0, 0, 0, 0, 0, 0, 0, 0]",384,512,3145728.0,3145728.0,954778779,955034183,954788456,955040361,640,416350,184287,228302,4,27659,19842,8,512,512,2
203,1,"[8, 48, 32, 32, 48, 32, 32, 1, 1, 0, 0, 1, 1, 1, 1, 1, 2, 0, 0, 0, 0, 0, 0, 0, 0, 0, 0, 0, 0, 0]",64,128,0.0,0.0,955214478,955224239,955224648,955234537,32768,145087,145087,228303,1,9761,9889,8,512,512,2
205,1,"[4, 0, 0, 0, 0, 0, 0, 0, 0, 0, 0, 0, 0, 0, 0, 4, 0, 0, 0, 0, 0, 0, 0, 0, 0, 0, 0, 0, 0, 0]",384,512,3145728.0,3145728.0,955369306,955636139,955379624,955642472,640,502273,263169,228304,4,29095,23744,8,512,512,2
152,1,"[2, 8, 48, 32, 32, 0, 0, 0, 0, 0, 0, 0, 0, 0, 0, 0, 0, 0, 0, 0, 0, 0, 0, 0, 0, 0, 0, 0, 0, 0]",768,128,393216.0,1572864.0,955893885,955904529,955905641,955908713,0,97696,97696,228305,1,10644,3072,8,512,512,2
213,1,"[2, 8, 48, 32, 32, 0, 0, 0, 0, 0, 0, 0, 0, 0, 0, 2, 8, 48, 32, 32, 0, 0, 0, 0, 0, 0, 0, 0, 0, 0]",272,512,0.0,3145728.0,955996921,956005272,956006409,956020745,0,166016,166016,228306,1,8351,14336,8,512,512,2
239,1,"[0, 0, 0, 0, 0, 0, 0, 0, 0, 0, 0, 0, 0, 0, 0, 0, 0, 0, 0, 0, 0, 0, 0, 0, 0, 0, 0, 0, 0, 0]",1536,128,0.0,0.0,956176163,956185860,956186761,956195433,0,268288,268288,228309,1,9697,8672,8,512,512,2
203,1,"[8, 48, 32, 32, 48, 32, 32, 1, 1, 0, 0, 1, 1, 1, 1, 1, 2, 0, 0, 0, 0, 0, 0, 0, 0, 0, 0, 0, 0, 0]",768,128,0.0,0.0,956452428,956535173,956463721,956538985,32768,206752,147392,228312,2,26054,15904,8,512,512,2
205,1,"[4, 0, 0, 0, 0, 0, 0, 0, 0, 0, 0, 0, 0, 0, 0, 4, 0, 0, 0, 0, 0, 0, 0, 0, 0, 0, 0, 0, 0, 0]",384,512,3145728.0,3145728.0,956676549,956932943,956686377,956938857,640,397120,167936,228313,4,27711,23296,8,512,512,2
152,1,"[2, 8, 48, 32, 32, 0, 0, 0, 0, 0, 0, 0, 0, 0, 0, 0, 0, 0, 0, 0, 0, 0, 0, 0, 0, 0, 0, 0, 0, 0]",768,128,393216.0,1572864.0,957098076,957106234,957106793,957110889,0,157664,157664,228314,1,8158,4096,8,512,512,2
203,1,"[8, 48, 32, 32, 48, 32, 32, 3, 3, 1, 1, 1, 1, 1, 1, 48, 2, 0, 0, 0, 0, 0, 0, 0, 0, 0, 0, 0, 0, 0]",192,256,0.0,0.0,957258952,957268559,957268553,957276777,17536,133088,133088,228315,1,9607,8224,8,512,512,2
205,1,"[4, 0, 0, 0, 0, 0, 0, 0, 0, 0, 0, 0, 0, 0, 0, 4, 0, 0, 0, 0, 0, 0, 0, 0, 0, 0, 0, 0, 0, 0]",384,512,3145728.0,3145728.0,957400954,957668733,957409865,957675625,640,420224,176320,228316,4,27630,21856,8,512,512,2
203,1,"[8, 48, 32, 32, 48, 32, 32, 1, 1, 0, 0, 1, 1, 1, 1, 1, 2, 0, 0, 0, 0, 0, 0, 0, 0, 0, 0, 0, 0, 0]",64,128,0.0,0.0,957841353,957851039,957851945,957861737,32768,142048,142048,228317,1,9686,9792,8,512,512,2
205,1,"[4, 0, 0, 0, 0, 0, 0, 0, 0, 0, 0, 0, 0, 0, 0, 4, 0, 0, 0, 0, 0, 0, 0, 0, 0, 0, 0, 0, 0, 0]",384,512,3145728.0,3145728.0,957995014,958252073,958003785,958258825,640,398273,166784,228318,4,27702,23551,8,512,512,2
152,1,"[2, 8, 48, 32, 32, 0, 0, 0, 0, 0, 0, 0, 0, 0, 0, 0, 0, 0, 0, 0, 0, 0, 0, 0, 0, 0, 0, 0, 0, 0]",768,128,393216.0,1572864.0,958416338,958424601,958425609,958429257,0,91936,91936,228319,1,8263,3648,8,512,512,2
213,1,"[2, 8, 48, 32, 32, 0, 0, 0, 0, 0, 0, 0, 0, 0, 0, 2, 8, 48, 32, 32, 0, 0, 0, 0, 0, 0, 0, 0, 0, 0]",272,512,0.0,3145728.0,958512353,958520507,958521193,958535529,0,160288,160288,228320,1,8154,14336,8,512,512,2
239,1,"[0, 0, 0, 0, 0, 0, 0, 0, 0, 0, 0, 0, 0, 0, 0, 0, 0, 0, 0, 0, 0, 0, 0, 0, 0, 0, 0, 0, 0, 0]",1536,128,0.0,0.0,958685911,958695042,958695817,958704233,0,282656,282656,228323,1,9131,8416,8,512,512,2
203,1,"[8, 48, 32, 32, 48, 32, 32, 1, 1, 0, 0, 1, 1, 1, 1, 1, 2, 0, 0, 0, 0, 0, 0, 0, 0, 0, 0, 0, 0, 0]",768,128,0.0,0.0,958975727,959052580,958986889,959062633,32768,202336,142464,228326,2,19161,15872,8,512,512,2
205,1,"[4, 0, 0, 0, 0, 0, 0, 0, 0, 0, 0, 0, 0, 0, 0, 4, 0, 0, 0, 0, 0, 0, 0, 0, 0, 0, 0, 0, 0, 0]",384,512,3145728.0,3145728.0,959195229,959469039,959205097,959475785,640,409216,160256,228327,4,28254,21728,8,512,512,2
152,1,"[2, 8, 48, 32, 32, 0, 0, 0, 0, 0, 0, 0, 0, 0, 0, 0, 0, 0, 0, 0, 0, 0, 0, 0, 0, 0, 0, 0, 0, 0]",768,128,393216.0,1572864.0,959627511,959635921,959636041,959639849,0,162080,162080,228328,1,8410,3808,8,512,512,2
203,1,"[8, 48, 32, 32, 48, 32, 32, 3, 3, 1, 1, 1, 1, 1, 1, 48, 2, 0, 0, 0, 0, 0, 0, 0, 0, 0, 0, 0, 0, 0]",192,256,0.0,0.0,959791680,959801076,959801929,959810089,17536,131136,131136,228329,1,9396,8160,8,512,512,2
205,1,"[4, 0, 0, 0, 0, 0, 0, 0, 0, 0, 0, 0, 0, 0, 0, 4, 0, 0, 0, 0, 0, 0, 0, 0, 0, 0, 0, 0, 0, 0]",384,512,3145728.0,3145728.0,959932706,960299648,959941225,960305769,640,523328,178176,228330,4,29891,19392,8,512,512,2
203,1,"[8, 48, 32, 32, 48, 32, 32, 1, 1, 0, 0, 1, 1, 1, 1, 1, 2, 0, 0, 0, 0, 0, 0, 0, 0, 0, 0, 0, 0, 0]",64,128,0.0,0.0,960474453,960483886,960483945,960494185,32768,135136,135136,228331,1,9433,10240,8,512,512,2
205,1,"[4, 0, 0, 0, 0, 0, 0, 0, 0, 0, 0, 0, 0, 0, 0, 4, 0, 0, 0, 0, 0, 0, 0, 0, 0, 0, 0, 0, 0, 0]",384,512,3145728.0,3145728.0,960620446,960884691,960629321,960891401,640,394400,157344,228332,4,29291,25024,8,512,512,2
152,1,"[2, 8, 48, 32, 32, 0, 0, 0, 0, 0, 0, 0, 0, 0, 0, 0, 0, 0, 0, 0, 0, 0, 0, 0, 0, 0, 0, 0, 0, 0]",768,128,393216.0,1572864.0,961039971,961047701,961048745,961052425,0,92992,92992,228333,1,7730,3680,8,512,512,2
213,1,"[2, 8, 48, 32, 32, 0, 0, 0, 0, 0, 0, 0, 0, 0, 0, 2, 8, 48, 32, 32, 0, 0, 0, 0, 0, 0, 0, 0, 0, 0]",272,512,0.0,3145728.0,961137129,961145761,961145417,961159785,0,159616,159616,228334,1,8632,14368,8,512,512,2
239,1,"[0, 0, 0, 0, 0, 0, 0, 0, 0, 0, 0, 0, 0, 0, 0, 0, 0, 0, 0, 0, 0, 0, 0, 0, 0, 0, 0, 0, 0, 0]",1536,128,0.0,0.0,961308360,961318226,961319401,961327721,0,198848,198848,228337,1,9866,8320,8,512,512,2
203,1,"[8, 96, 32, 32, 96, 16, 16, 3, 3, 1, 1, 2, 2, 1, 1, 96, 2, 0, 0, 0, 0, 0, 0, 0, 0, 0, 0, 0, 0, 0]",192,1024,0.0,0.0,961516523,961526586,961526569,961537801,0,121665,121665,228339,1,10063,11232,8,512,512,2
205,1,"[4, 0, 0, 0, 0, 0, 0, 0, 0, 0, 0, 0, 0, 0, 0, 4, 0, 0, 0, 0, 0, 0, 0, 0, 0, 0, 0, 0, 0, 0]",768,512,1572864.0,1572864.0,961650553,961911283,961659466,961917002,640,426334,184512,228340,4,29293,15714,8,512,512,2
203,1,"[8, 96, 16, 16, 96, 16, 16, 1, 1, 0, 0, 1, 1, 1, 1, 1, 2, 0, 0, 0, 0, 0, 0, 0, 0, 0, 0, 0, 0, 0]",16,128,0.0,0.0,962091317,962101028,962101514,962112105,32768,137184,137184,228341,1,9711,10591,8,512,512,2
205,1,"[4, 0, 0, 0, 0, 0, 0, 0, 0, 0, 0, 0, 0, 0, 0, 4, 0, 0, 0, 0, 0, 0, 0, 0, 0, 0, 0, 0, 0, 0]",768,512,1572864.0,1572864.0,962240244,962512373,962249289,962517609,640,416000,163808,228342,4,27575,16128,8,512,512,2
152,1,"[2, 8, 96, 16, 16, 0, 0, 0, 0, 0, 0, 0, 0, 0, 0, 0, 0, 0, 0, 0, 0, 0, 0, 0, 0, 0, 0, 0, 0, 0]",384,128,196608.0,786432.0,962672824,962681270,962681417,962684938,0,231328,231328,228343,1,8446,3521,8,512,512,2
203,1,"[8, 96, 32, 32, 96, 32, 32, 1, 1, 0, 0, 1, 1, 1, 1, 1, 2, 0, 0, 0, 0, 0, 0, 0, 0, 0, 0, 0, 0, 0]",768,256,150994944.0,3164160.0,962902501,962935435,962916266,962966122,49152,145217,135136,228344,3,24501,39775,8,512,512,2
205,1,"[4, 0, 0, 0, 0, 0, 0, 0, 0, 0, 0, 0, 0, 0, 0, 4, 0, 0, 0, 0, 0, 0, 0, 0, 0, 0, 0, 0, 0, 0]",768,512,6291456.0,6291456.0,963090712,963368783,963101258,963377546,640,415169,166080,228345,4,28475,27199,8,512,512,2
152,1,"[2, 8, 96, 32, 32, 0, 0, 0, 0, 0, 0, 0, 0, 0, 0, 0, 0, 0, 0, 0, 0, 0, 0, 0, 0, 0, 0, 0, 0, 0]",1536,128,786432.0,3145728.0,963534980,963543595,963543626,963548810,0,125856,125856,228346,1,8615,5184,8,512,512,2
203,1,"[8, 96, 32, 32, 96, 16, 16, 3, 3, 1, 1, 2, 2, 1, 1, 96, 2, 0, 0, 0, 0, 0, 0, 0, 0, 0, 0, 0, 0, 0]",192,1024,0.0,0.0,963665064,963674184,963674666,963684970,0,114688,114688,228347,1,9120,10304,8,512,512,2
205,1,"[4, 0, 0, 0, 0, 0, 0, 0, 0, 0, 0, 0, 0, 0, 0, 4, 0, 0, 0, 0, 0, 0, 0, 0, 0, 0, 0, 0, 0, 0]",768,512,1572864.0,1572864.0,963791628,964050483,963799658,964055658,640,416000,175840,228348,4,26200,15840,8,512,512,2
203,1,"[8, 96, 16, 16, 96, 16, 16, 1, 1, 0, 0, 1, 1, 1, 1, 1, 2, 0, 0, 0, 0, 0, 0, 0, 0, 0, 0, 0, 0, 0]",16,128,0.0,0.0,964221547,964230785,964231498,964242026,32768,135168,135168,228349,1,9238,10528,8,512,512,2
205,1,"[4, 0, 0, 0, 0, 0, 0, 0, 0, 0, 0, 0, 0, 0, 0, 4, 0, 0, 0, 0, 0, 0, 0, 0, 0, 0, 0, 0, 0, 0]",768,512,1572864.0,1572864.0,964368331,964731896,964377194,964737194,640,517152,172640,228350,4,29209,15488,8,512,512,2
152,1,"[2, 8, 96, 16, 16, 0, 0, 0, 0, 0, 0, 0, 0, 0, 0, 0, 0, 0, 0, 0, 0, 0, 0, 0, 0, 0, 0, 0, 0, 0]",384,128,196608.0,786432.0,964901841,964909834,964909834,964913546,0,88256,88256,228351,1,7993,3712,8,512,512,2
213,1,"[2, 8, 96, 16, 16, 0, 0, 0, 0, 0, 0, 0, 0, 0, 0, 2, 8, 96, 16, 16, 0, 0, 0, 0, 0, 0, 0, 0, 0, 0]",272,512,0.0,1572864.0,964993956,965001556,965001802,965009738,0,164096,164096,228352,1,7600,7936,8,512,512,2
239,1,"[0, 0, 0, 0, 0, 0, 0, 0, 0, 0, 0, 0, 0, 0, 0, 0, 0, 0, 0, 0, 0, 0, 0, 0, 0, 0, 0, 0, 0, 0]",768,128,0.0,0.0,965164777,965173866,965173834,965181066,0,273472,273472,228355,1,9089,7232,8,512,512,2
203,1,"[8, 96, 16, 16, 96, 16, 16, 1, 1, 0, 0, 1, 1, 1, 1, 1, 2, 0, 0, 0, 0, 0, 0, 0, 0, 0, 0, 0, 0, 0]",384,128,0.0,0.0,965443285,965520080,965454538,965531562,32768,199328,137792,228358,2,19246,15488,8,512,512,2
205,1,"[4, 0, 0, 0, 0, 0, 0, 0, 0, 0, 0, 0, 0, 0, 0, 4, 0, 0, 0, 0, 0, 0, 0, 0, 0, 0, 0, 0, 0, 0]",768,512,1572864.0,1572864.0,965660601,965921347,965669354,965927018,640,398720,157856,228359,4,26696,16800,8,512,512,2
152,1,"[2, 8, 96, 16, 16, 0, 0, 0, 0, 0, 0, 0, 0, 0, 0, 0, 0, 0, 0, 0, 0, 0, 0, 0, 0, 0, 0, 0, 0, 0]",384,128,196608.0,786432.0,966076401,966084409,966084874,966087274,0,161792,161792,228360,1,8008,2400,8,512,512,2
203,1,"[8, 96, 16, 16, 96, 16, 16, 3, 3, 1, 1, 1, 1, 1, 1, 96, 2, 0, 0, 0, 0, 0, 0, 0, 0, 0, 0, 0, 0, 0]",96,256,0.0,0.0,966238498,966249353,966249066,966255146,15552,134752,134752,228361,1,10855,6080,8,512,512,2
205,1,"[4, 0, 0, 0, 0, 0, 0, 0, 0, 0, 0, 0, 0, 0, 0, 4, 0, 0, 0, 0, 0, 0, 0, 0, 0, 0, 0, 0, 0, 0]",768,512,1572864.0,1572864.0,966381149,966641242,966389898,966646378,640,414848,173792,228362,4,26844,15424,8,512,512,2
203,1,"[8, 96, 16, 16, 96, 16, 16, 1, 1, 0, 0, 1, 1, 1, 1, 1, 2, 0, 0, 0, 0, 0, 0, 0, 0, 0, 0, 0, 0, 0]",16,128,0.0,0.0,966810564,966819708,966820170,966830698,32768,133280,133280,228363,1,9144,10528,8,512,512,2
205,1,"[4, 0, 0, 0, 0, 0, 0, 0, 0, 0, 0, 0, 0, 0, 0, 4, 0, 0, 0, 0, 0, 0, 0, 0, 0, 0, 0, 0, 0, 0]",768,512,1572864.0,1572864.0,966955643,967217617,966963978,967223402,640,406432,164704,228364,4,27741,17696,8,512,512,2
152,1,"[2, 8, 96, 16, 16, 0, 0, 0, 0, 0, 0, 0, 0, 0, 0, 0, 0, 0, 0, 0, 0, 0, 0, 0, 0, 0, 0, 0, 0, 0]",384,128,196608.0,786432.0,967379585,967388137,967388106,967391658,0,88352,88352,228365,1,8552,3552,8,512,512,2
213,1,"[2, 8, 96, 16, 16, 0, 0, 0, 0, 0, 0, 0, 0, 0, 0, 2, 8, 96, 16, 16, 0, 0, 0, 0, 0, 0, 0, 0, 0, 0]",272,512,0.0,1572864.0,967472143,967480140,967480010,967490154,0,169056,169056,228366,1,7997,10144,8,512,512,2
239,1,"[0, 0, 0, 0, 0, 0, 0, 0, 0, 0, 0, 0, 0, 0, 0, 0, 0, 0, 0, 0, 0, 0, 0, 0, 0, 0, 0, 0, 0, 0]",768,128,0.0,0.0,967649282,967658759,967659210,967665482,0,270368,270368,228369,1,9477,6272,8,512,512,2
203,1,"[8, 96, 16, 16, 96, 16, 16, 1, 1, 0, 0, 1, 1, 1, 1, 1, 2, 0, 0, 0, 0, 0, 0, 0, 0, 0, 0, 0, 0, 0]",384,128,0.0,0.0,967923772,968006477,967935850,968017866,32768,208544,141856,228372,2,19238,15328,8,512,512,2
205,1,"[4, 0, 0, 0, 0, 0, 0, 0, 0, 0, 0, 0, 0, 0, 0, 4, 0, 0, 0, 0, 0, 0, 0, 0, 0, 0, 0, 0, 0, 0]",768,512,1572864.0,1572864.0,968150835,968407988,968159722,968413386,640,402241,164225,228373,4,27234,15648,8,512,512,2
152,1,"[2, 8, 96, 16, 16, 0, 0, 0, 0, 0, 0, 0, 0, 0, 0, 0, 0, 0, 0, 0, 0, 0, 0, 0, 0, 0, 0, 0, 0, 0]",384,128,196608.0,786432.0,968569712,968577567,968577611,968581066,0,153249,153249,228374,1,7855,3455,8,512,512,2
203,1,"[8, 96, 16, 16, 96, 16, 16, 3, 3, 1, 1, 1, 1, 1, 1, 96, 2, 0, 0, 0, 0, 0, 0, 0, 0, 0, 0, 0, 0, 0]",96,256,0.0,0.0,968724140,968734081,968734315,968739434,15552,134624,134624,228375,1,9941,5119,8,512,512,2
205,1,"[4, 0, 0, 0, 0, 0, 0, 0, 0, 0, 0, 0, 0, 0, 0, 4, 0, 0, 0, 0, 0, 0, 0, 0, 0, 0, 0, 0, 0, 0]",768,512,1572864.0,1572864.0,968865173,969231130,968874058,969236779,640,533918,188095,228376,4,28756,16898,8,512,512,2
203,1,"[8, 96, 16, 16, 96, 16, 16, 1, 1, 0, 0, 1, 1, 1, 1, 1, 2, 0, 0, 0, 0, 0, 0, 0, 0, 0, 0, 0, 0, 0]",16,128,0.0,0.0,969413517,969424400,969424874,969435754,32768,135137,135137,228377,1,10883,10880,8,512,512,2
205,1,"[4, 0, 0, 0, 0, 0, 0, 0, 0, 0, 0, 0, 0, 0, 0, 4, 0, 0, 0, 0, 0, 0, 0, 0, 0, 0, 0, 0, 0, 0]",768,512,1572864.0,1572864.0,969562446,969814846,969570891,969820203,640,396705,163616,228378,4,26941,16223,8,512,512,2
152,1,"[2, 8, 96, 16, 16, 0, 0, 0, 0, 0, 0, 0, 0, 0, 0, 0, 0, 0, 0, 0, 0, 0, 0, 0, 0, 0, 0, 0, 0, 0]",384,128,196608.0,786432.0,969975254,969983168,969983819,969986667,0,89952,89952,228379,1,7914,2848,8,512,512,2
213,1,"[2, 8, 96, 16, 16, 0, 0, 0, 0, 0, 0, 0, 0, 0, 0, 2, 8, 96, 16, 16, 0, 0, 0, 0, 0, 0, 0, 0, 0, 0]",272,512,0.0,1572864.0,970067998,970075833,970076619,970086187,0,164320,164320,228380,1,7835,9568,8,512,512,2
239,1,"[0, 0, 0, 0, 0, 0, 0, 0, 0, 0, 0, 0, 0, 0, 0, 0, 0, 0, 0, 0, 0, 0, 0, 0, 0, 0, 0, 0, 0, 0]",768,128,0.0,0.0,970240105,970249555,970250507,970256875,0,277920,277920,228383,1,9450,6368,8,512,512,2
203,1,"[8, 96, 16, 16, 96, 16, 16, 1, 1, 0, 0, 1, 1, 1, 1, 1, 2, 0, 0, 0, 0, 0, 0, 0, 0, 0, 0, 0, 0, 0]",384,128,0.0,0.0,970523268,970598482,970534795,970610699,32768,201312,140992,228386,2,18281,15584,8,512,512,2
205,1,"[4, 0, 0, 0, 0, 0, 0, 0, 0, 0, 0, 0, 0, 0, 0, 4, 0, 0, 0, 0, 0, 0, 0, 0, 0, 0, 0, 0, 0, 0]",768,512,1572864.0,1572864.0,970742503,971004547,970751691,971010187,640,410848,168416,228387,4,28223,16064,8,512,512,2
152,1,"[2, 8, 96, 16, 16, 0, 0, 0, 0, 0, 0, 0, 0, 0, 0, 0, 0, 0, 0, 0, 0, 0, 0, 0, 0, 0, 0, 0, 0, 0]",384,128,196608.0,786432.0,971170230,971177999,971178603,971180651,0,163808,163808,228388,1,7769,2048,8,512,512,2
203,1,"[8, 96, 16, 16, 96, 16, 16, 3, 3, 1, 1, 1, 1, 1, 1, 96, 2, 0, 0, 0, 0, 0, 0, 0, 0, 0, 0, 0, 0, 0]",96,256,0.0,0.0,971334300,971344524,971344459,971350635,15552,134848,134848,228389,1,10224,6176,8,512,512,2
205,1,"[4, 0, 0, 0, 0, 0, 0, 0, 0, 0, 0, 0, 0, 0, 0, 4, 0, 0, 0, 0, 0, 0, 0, 0, 0, 0, 0, 0, 0, 0]",768,512,1572864.0,1572864.0,971476169,971738723,971485483,971743851,640,417856,175840,228390,4,28154,16352,8,512,512,2
203,1,"[8, 96, 16, 16, 96, 16, 16, 1, 1, 0, 0, 1, 1, 1, 1, 1, 2, 0, 0, 0, 0, 0, 0, 0, 0, 0, 0, 0, 0, 0]",16,128,0.0,0.0,971909198,971918935,971919691,971930219,32768,136384,136384,228391,1,9737,10528,8,512,512,2
205,1,"[4, 0, 0, 0, 0, 0, 0, 0, 0, 0, 0, 0, 0, 0, 0, 4, 0, 0, 0, 0, 0, 0, 0, 0, 0, 0, 0, 0, 0, 0]",768,512,1572864.0,1572864.0,972057465,972315379,972066603,972320907,640,393344,157248,228392,4,27669,18208,8,512,512,2
152,1,"[2, 8, 96, 16, 16, 0, 0, 0, 0, 0, 0, 0, 0, 0, 0, 0, 0, 0, 0, 0, 0, 0, 0, 0, 0, 0, 0, 0, 0, 0]",384,128,196608.0,786432.0,972470186,972477588,972478155,972481131,0,96256,96256,228393,1,7402,2976,8,512,512,2
213,1,"[2, 8, 96, 16, 16, 0, 0, 0, 0, 0, 0, 0, 0, 0, 0, 2, 8, 96, 16, 16, 0, 0, 0, 0, 0, 0, 0, 0, 0, 0]",272,512,0.0,1572864.0,972568697,972577607,972577387,972587627,0,165216,165216,228394,1,8910,10240,8,512,512,2
239,1,"[0, 0, 0, 0, 0, 0, 0, 0, 0, 0, 0, 0, 0, 0, 0, 0, 0, 0, 0, 0, 0, 0, 0, 0, 0, 0, 0, 0, 0, 0]",768,128,0.0,0.0,972742456,972752369,972752843,972759243,0,233216,233216,228397,1,9913,6400,8,512,512,2
203,1,"[8, 192, 16, 16, 1024, 16, 16, 1, 1, 0, 0, 1, 1, 1, 1, 1, 2, 0, 0, 0, 0, 0, 0, 0, 0, 0, 0, 0, 0, 0]",128,128,0.0,0.0,972980663,972991484,972992459,973021803,32768,113792,113792,228399,1,10821,29344,8,512,512,2
205,1,"[4, 0, 0, 0, 0, 0, 0, 0, 0, 0, 0, 0, 0, 0, 0, 4, 0, 0, 0, 0, 0, 0, 0, 0, 0, 0, 0, 0, 0, 0]",8192,512,16777216.0,16777216.0,973125227,973475062,973135595,973523115,640,430016,116544,228400,4,30247,74048,8,512,512,2
152,1,"[2, 8, 1024, 16, 16, 0, 0, 0, 0, 0, 0, 0, 0, 0, 0, 0, 0, 0, 0, 0, 0, 0, 0, 0, 0, 0, 0, 0, 0, 0]",4096,128,2097152.0,8388608.0,973629899,973638699,973639659,973652203,0,84288,84288,228401,1,8800,12544,8,512,512,2
210,1,"[2, 8, 1024, 16, 16, 0, 0, 0, 0, 0, 0, 0, 0, 0, 0, 0, 0, 0, 0, 0, 0, 0, 0, 0, 0, 0, 0, 0, 0, 0]",512,512,2097153.0,4194306.0,973726400,973736241,973736491,973750251,16,156640,156640,228402,1,9841,13760,8,512,512,2
201,1,"[2, 8, 1024, 0, 0, 0, 0, 0, 0, 0, 2, 336, 1024, 0, 0, 0, 0, 0, 0, 0, 2, 336, 0, 0, 0, 0, 0, 0, 0, 0]",144,32,5505024.0,363136.0,973897286,973907360,973906891,973913739,0,4288,4288,228403,1,10074,6848,8,512,512,2
201,1,"[2, 8, 1024, 0, 0, 0, 0, 0, 0, 0, 2, 336, 1024, 0, 0, 0, 0, 0, 0, 0, 2, 336, 0, 0, 0, 0, 0, 0, 0, 0]",11,512,5505024.0,363136.0,973910305,973918012,973918027,973920875,0,138560,138560,228404,1,7707,2848,8,512,512,2
181,1,"[2, 8, 336, 0, 0, 0, 0, 0, 0, 0, 0, 0, 0, 0, 0, 4, 8, 336, 0, 0, 0, 0, 0, 0, 0, 0, 0, 0, 0, 0]",6,512,0.0,0.0,974049577,974178088,974059435,974180971,16,1003712,901088,228405,5,40096,18912,8,512,512,2
181,2,"[2, 8, 336, 0, 0, 0, 0, 0, 0, 0, 0, 0, 0, 0, 0, 4, 8, 336, 0, 0, 0, 0, 0, 0, 0, 0, 0, 0, 0, 0]",11,128,0.0,0.0,975047991,975511109,975082059,975512171,0,584800,165312,228405,4,94962,10624,8,512,512,2
201,2,"[2, 8, 1024, 0, 0, 0, 0, 0, 0, 0, 2, 336, 1024, 0, 0, 0, 0, 0, 0, 0, 2, 336, 0, 0, 0, 0, 0, 0, 0, 0]",64,128,5505024.0,363136.0,975661106,975753932,975677483,975759979,32768,471553,403585,228404,2,32668,14528,8,512,512,2
210,2,"[2, 8, 1024, 16, 16, 0, 0, 0, 0, 0, 0, 0, 0, 0, 0, 0, 0, 0, 0, 0, 0, 0, 0, 0, 0, 0, 0, 0, 0, 0]",4096,128,2097153.0,4194306.0,976148173,976165853,976163564,976177451,0,80161,80161,228402,1,17680,13887,8,512,512,2
152,2,"[2, 8, 1024, 16, 16, 0, 0, 0, 0, 0, 0, 0, 0, 0, 0, 0, 0, 0, 0, 0, 0, 0, 0, 0, 0, 0, 0, 0, 0, 0]",4096,128,2097152.0,12582912.0,976241907,976260234,976257612,976282220,0,149408,149408,228401,1,18327,24608,8,512,512,2
205,2,"[2, 8, 1024, 16, 16, 0, 0, 0, 0, 0, 0, 0, 0, 0, 0, 0, 0, 0, 0, 0, 0, 0, 0, 0, 0, 0, 0, 0, 0, 0]",1024,512,16777216.0,20971520.0,976415289,976433254,976431628,976480876,256,405343,405343,228400,1,17965,49248,8,512,512,2
203,2,"[8, 192, 16, 16, 1024, 16, 16, 1, 1, 0, 0, 1, 1, 1, 1, 1, 2, 0, 0, 0, 0, 0, 0, 0, 0, 0, 0, 0, 0, 0]",2048,256,805306368.0,5373952.0,976865448,977351683,976886219,977411692,32768,817535,461824,228399,8,115748,169762,8,512,512,2
152,2,"[2, 8, 96, 16, 16, 0, 0, 0, 0, 0, 0, 0, 0, 0, 0, 0, 0, 0, 0, 0, 0, 0, 0, 0, 0, 0, 0, 0, 0, 0]",384,128,196608.0,1179648.0,977856540,977876103,977873516,977879660,0,169376,169376,228393,1,19563,6144,8,512,512,2
205,2,"[2, 8, 96, 16, 16, 0, 0, 0, 0, 0, 0, 0, 0, 0, 0, 0, 0, 0, 0, 0, 0, 0, 0, 0, 0, 0, 0, 0, 0, 0]",96,512,1572864.0,1966080.0,978033522,978050405,978049036,978056972,256,396352,396352,228392,1,16883,7936,8,512,512,2
203,2,"[8, 96, 16, 16, 96, 16, 16, 1, 1, 0, 0, 1, 1, 1, 1, 1, 2, 0, 0, 0, 0, 0, 0, 0, 0, 0, 0, 0, 0, 0]",192,256,37748736.0,804864.0,978433537,978853259,978453324,978860076,41984,605344,254880,228391,8,107573,56288,8,512,512,2
205,2,"[2, 8, 96, 16, 16, 0, 0, 0, 0, 0, 0, 0, 0, 0, 0, 0, 0, 0, 0, 0, 0, 0, 0, 0, 0, 0, 0, 0, 0, 0]",96,512,1572864.0,1966080.0,979101419,979116806,979114956,979122796,256,314944,314944,228390,1,15387,7840,8,512,512,2
203,2,"[8, 96, 16, 16, 96, 16, 16, 3, 3, 1, 1, 1, 1, 1, 1, 96, 2, 0, 0, 0, 0, 0, 0, 0, 0, 0, 0, 0, 0, 0]",96,256,0.0,0.0,979419232,979585408,979437740,979590924,15552,323168,184160,228389,2,40678,14176,8,512,512,2
152,2,"[2, 8, 96, 16, 16, 0, 0, 0, 0, 0, 0, 0, 0, 0, 0, 0, 0, 0, 0, 0, 0, 0, 0, 0, 0, 0, 0, 0, 0, 0]",384,128,196608.0,1179648.0,979757233,979779191,979775084,979778156,0,145216,145216,228388,1,21958,3072,8,512,512,2
205,2,"[2, 8, 96, 16, 16, 0, 0, 0, 0, 0, 0, 0, 0, 0, 0, 0, 0, 0, 0, 0, 0, 0, 0, 0, 0, 0, 0, 0, 0, 0]",96,512,1572864.0,1966080.0,979908231,979924665,979923372,979931020,256,227328,227328,228387,1,16434,7648,8,512,512,2
203,2,"[8, 96, 16, 16, 96, 16, 16, 1, 1, 0, 0, 1, 1, 1, 1, 1, 2, 0, 0, 0, 0, 0, 0, 0, 0, 0, 0, 0, 0, 0]",384,256,37748736.0,804864.0,980143739,980743035,980158348,980748908,41984,1081408,548960,228386,9,117125,58112,8,512,512,2
152,2,"[2, 8, 96, 16, 16, 0, 0, 0, 0, 0, 0, 0, 0, 0, 0, 0, 0, 0, 0, 0, 0, 0, 0, 0, 0, 0, 0, 0, 0, 0]",384,128,196608.0,1179648.0,981282386,981300171,981297868,981303916,0,135168,135168,228379,1,17785,6048,8,512,512,2
205,2,"[2, 8, 96, 16, 16, 0, 0, 0, 0, 0, 0, 0, 0, 0, 0, 0, 0, 0, 0, 0, 0, 0, 0, 0, 0, 0, 0, 0, 0, 0]",96,512,1572864.0,1966080.0,981424069,981440572,981439084,981447084,256,366176,366176,228378,1,16503,8000,8,512,512,2
203,2,"[8, 96, 16, 16, 96, 16, 16, 1, 1, 0, 0, 1, 1, 1, 1, 1, 2, 0, 0, 0, 0, 0, 0, 0, 0, 0, 0, 0, 0, 0]",192,256,37748736.0,804864.0,981794837,982144945,981813260,982153836,41984,538176,252928,228377,8,98712,55328,8,512,512,2
205,2,"[2, 8, 96, 16, 16, 0, 0, 0, 0, 0, 0, 0, 0, 0, 0, 0, 0, 0, 0, 0, 0, 0, 0, 0, 0, 0, 0, 0, 0, 0]",96,512,1572864.0,1966080.0,982392346,982408005,982406764,982413932,256,314656,314656,228376,1,15659,7168,8,512,512,2
203,2,"[8, 96, 16, 16, 96, 16, 16, 3, 3, 1, 1, 1, 1, 1, 1, 96, 2, 0, 0, 0, 0, 0, 0, 0, 0, 0, 0, 0, 0, 0]",96,256,0.0,0.0,982710761,982848143,982728588,982853772,15552,271905,161440,228375,2,38468,14719,8,512,512,2
152,2,"[2, 8, 96, 16, 16, 0, 0, 0, 0, 0, 0, 0, 0, 0, 0, 0, 0, 0, 0, 0, 0, 0, 0, 0, 0, 0, 0, 0, 0, 0]",384,128,196608.0,1179648.0,983002494,983016806,983015212,983018093,0,137120,137120,228374,1,14312,2881,8,512,512,2
205,2,"[2, 8, 96, 16, 16, 0, 0, 0, 0, 0, 0, 0, 0, 0, 0, 0, 0, 0, 0, 0, 0, 0, 0, 0, 0, 0, 0, 0, 0, 0]",96,512,1572864.0,1966080.0,983140474,983156326,983155213,983162861,256,239903,239903,228373,1,15852,7648,8,512,512,2
203,2,"[8, 96, 16, 16, 96, 16, 16, 1, 1, 0, 0, 1, 1, 1, 1, 1, 2, 0, 0, 0, 0, 0, 0, 0, 0, 0, 0, 0, 0, 0]",384,256,37748736.0,804864.0,983388622,983923155,983402764,983931501,41984,1035998,565536,228372,9,114619,58275,8,512,512,2
152,2,"[2, 8, 96, 16, 16, 0, 0, 0, 0, 0, 0, 0, 0, 0, 0, 0, 0, 0, 0, 0, 0, 0, 0, 0, 0, 0, 0, 0, 0, 0]",384,128,196608.0,1179648.0,984484188,984498796,984497037,984502893,0,121856,121856,228365,1,14608,5856,8,512,512,2
205,2,"[2, 8, 96, 16, 16, 0, 0, 0, 0, 0, 0, 0, 0, 0, 0, 0, 0, 0, 0, 0, 0, 0, 0, 0, 0, 0, 0, 0, 0, 0]",96,512,1572864.0,1966080.0,984612268,984625417,984624749,984631917,256,292576,292576,228364,1,13149,7168,8,512,512,2
203,2,"[8, 96, 16, 16, 96, 16, 16, 1, 1, 0, 0, 1, 1, 1, 1, 1, 2, 0, 0, 0, 0, 0, 0, 0, 0, 0, 0, 0, 0, 0]",192,256,37748736.0,804864.0,984909334,985195190,984924493,985206573,41984,427488,201504,228363,8,81673,56096,8,512,512,2
205,2,"[2, 8, 96, 16, 16, 0, 0, 0, 0, 0, 0, 0, 0, 0, 0, 0, 0, 0, 0, 0, 0, 0, 0, 0, 0, 0, 0, 0, 0, 0]",96,512,1572864.0,1966080.0,985396601,985408825,985408077,985415821,256,229824,229824,228362,1,12224,7744,8,512,512,2
203,2,"[8, 96, 16, 16, 96, 16, 16, 3, 3, 1, 1, 1, 1, 1, 1, 96, 2, 0, 0, 0, 0, 0, 0, 0, 0, 0, 0, 0, 0, 0]",96,256,0.0,0.0,985632516,985738848,985645645,985745805,15552,216832,131104,228361,2,28612,14432,8,512,512,2
152,2,"[2, 8, 96, 16, 16, 0, 0, 0, 0, 0, 0, 0, 0, 0, 0, 0, 0, 0, 0, 0, 0, 0, 0, 0, 0, 0, 0, 0, 0, 0]",384,128,196608.0,1179648.0,985865914,985877647,985876909,985880269,0,107392,107392,228360,1,11733,3360,8,512,512,2
205,2,"[2, 8, 96, 16, 16, 0, 0, 0, 0, 0, 0, 0, 0, 0, 0, 0, 0, 0, 0, 0, 0, 0, 0, 0, 0, 0, 0, 0, 0, 0]",96,512,1572864.0,1966080.0,985976396,985988885,985987661,985995501,256,182720,182720,228359,1,12489,7840,8,512,512,2
203,2,"[8, 96, 16, 16, 96, 16, 16, 1, 1, 0, 0, 1, 1, 1, 1, 1, 2, 0, 0, 0, 0, 0, 0, 0, 0, 0, 0, 0, 0, 0]",384,256,37748736.0,804864.0,986166923,986634525,986178221,986645101,41984,845888,438240,228358,9,99378,59232,8,512,512,2
152,2,"[2, 8, 96, 16, 16, 0, 0, 0, 0, 0, 0, 0, 0, 0, 0, 0, 0, 0, 0, 0, 0, 0, 0, 0, 0, 0, 0, 0, 0, 0]",384,128,196608.0,1179648.0,987070516,987084297,987083341,987089517,0,106496,106496,228351,1,13781,6176,8,512,512,2
205,2,"[2, 8, 96, 16, 16, 0, 0, 0, 0, 0, 0, 0, 0, 0, 0, 0, 0, 0, 0, 0, 0, 0, 0, 0, 0, 0, 0, 0, 0, 0]",96,512,1572864.0,1966080.0,987184519,987197103,987196013,987204205,256,306432,306432,228350,1,12584,8192,8,512,512,2
203,2,"[8, 96, 16, 16, 96, 16, 16, 1, 1, 0, 0, 1, 1, 1, 1, 1, 2, 0, 0, 0, 0, 0, 0, 0, 0, 0, 0, 0, 0, 0]",192,256,37748736.0,804864.0,987495567,987794404,987510637,987805869,41984,443616,203168,228349,8,83646,54784,8,512,512,2
205,2,"[2, 8, 96, 16, 16, 0, 0, 0, 0, 0, 0, 0, 0, 0, 0, 0, 0, 0, 0, 0, 0, 0, 0, 0, 0, 0, 0, 0, 0, 0]",96,512,1572864.0,1966080.0,987997187,988010218,988009037,988017261,256,206528,206528,228348,1,13031,8224,8,512,512,2
203,2,"[8, 96, 32, 32, 96, 16, 16, 3, 3, 1, 1, 2, 2, 1, 1, 96, 2, 0, 0, 0, 0, 0, 0, 0, 0, 0, 0, 0, 0, 0]",864,1024,0.0,0.0,988211613,988250278,988223789,988287597,0,80576,72032,228347,2,24286,55264,8,512,512,2
152,2,"[2, 8, 96, 32, 32, 0, 0, 0, 0, 0, 0, 0, 0, 0, 0, 0, 0, 0, 0, 0, 0, 0, 0, 0, 0, 0, 0, 0, 0, 0]",1536,128,786432.0,4718592.0,988348738,988361010,988359629,988365069,0,104160,104160,228346,1,12272,5440,8,512,512,2
205,2,"[2, 8, 96, 32, 32, 0, 0, 0, 0, 0, 0, 0, 0, 0, 0, 0, 0, 0, 0, 0, 0, 0, 0, 0, 0, 0, 0, 0, 0, 0]",96,512,6291456.0,7864320.0,988457645,988469536,988469229,988487917,256,292224,292224,228345,1,11891,18688,8,512,512,2
203,2,"[8, 96, 32, 32, 96, 32, 32, 1, 1, 0, 0, 1, 1, 1, 1, 1, 2, 0, 0, 0, 0, 0, 0, 0, 0, 0, 0, 0, 0, 0]",768,256,150994944.0,3164160.0,988764762,989087102,988780141,989112941,49152,370912,133088,228344,8,88552,94976,8,512,512,2
152,2,"[2, 8, 96, 16, 16, 0, 0, 0, 0, 0, 0, 0, 0, 0, 0, 0, 0, 0, 0, 0, 0, 0, 0, 0, 0, 0, 0, 0, 0, 0]",384,128,196608.0,1179648.0,989234639,989246895,989246029,989251821,0,116384,116384,228343,1,12256,5792,8,512,512,2
205,2,"[2, 8, 96, 16, 16, 0, 0, 0, 0, 0, 0, 0, 0, 0, 0, 0, 0, 0, 0, 0, 0, 0, 0, 0, 0, 0, 0, 0, 0, 0]",96,512,1572864.0,1966080.0,989355365,989368943,989368205,989376461,256,287264,287264,228342,1,13578,8256,8,512,512,2
203,2,"[8, 96, 16, 16, 96, 16, 16, 1, 1, 0, 0, 1, 1, 1, 1, 1, 2, 0, 0, 0, 0, 0, 0, 0, 0, 0, 0, 0, 0, 0]",192,256,37748736.0,804864.0,989648647,989963530,989663725,989975118,41984,457789,202303,228341,8,86968,55907,8,512,512,2
205,2,"[2, 8, 96, 16, 16, 0, 0, 0, 0, 0, 0, 0, 0, 0, 0, 0, 0, 0, 0, 0, 0, 0, 0, 0, 0, 0, 0, 0, 0, 0]",96,512,1572864.0,1966080.0,990165676,990178106,990177421,990185646,256,188384,188384,228340,1,12430,8225,8,512,512,2
203,2,"[8, 96, 32, 32, 96, 16, 16, 3, 3, 1, 1, 2, 2, 1, 1, 96, 2, 0, 0, 0, 0, 0, 0, 0, 0, 0, 0, 0, 0, 0]",864,1024,0.0,0.0,990362751,990399568,990374030,990437390,0,334144,326176,228339,2,23246,55392,8,512,512,2
152,2,"[2, 8, 48, 32, 32, 0, 0, 0, 0, 0, 0, 0, 0, 0, 0, 0, 0, 0, 0, 0, 0, 0, 0, 0, 0, 0, 0, 0, 0, 0]",768,128,393216.0,2359296.0,990750830,990764628,990763566,990771822,0,104096,104096,228333,1,13798,8256,8,512,512,2
205,2,"[2, 8, 48, 32, 32, 0, 0, 0, 0, 0, 0, 0, 0, 0, 0, 0, 0, 0, 0, 0, 0, 0, 0, 0, 0, 0, 0, 0, 0, 0]",48,512,3145728.0,3932160.0,990863598,990876290,990875918,990889742,256,289536,289536,228332,1,12692,13824,8,512,512,2
203,2,"[8, 48, 32, 32, 48, 32, 32, 1, 1, 0, 0, 1, 1, 1, 1, 1, 2, 0, 0, 0, 0, 0, 0, 0, 0, 0, 0, 0, 0, 0]",32,256,37748736.0,1577472.0,991164501,991445002,991179278,991485998,40960,416545,186912,228331,5,60692,77087,8,512,512,2
205,2,"[2, 8, 48, 32, 32, 0, 0, 0, 0, 0, 0, 0, 0, 0, 0, 0, 0, 0, 0, 0, 0, 0, 0, 0, 0, 0, 0, 0, 0, 0]",48,512,3145728.0,3932160.0,991659651,991673315,991672910,991687278,256,224288,224288,228330,1,13664,14368,8,512,512,2
203,2,"[8, 48, 32, 32, 48, 32, 32, 3, 3, 1, 1, 1, 1, 1, 1, 48, 2, 0, 0, 0, 0, 0, 0, 0, 0, 0, 0, 0, 0, 0]",192,256,7077888.0,1573728.0,991896926,992030849,991911566,992070062,17536,216640,108064,228329,2,38885,49920,8,512,512,2
152,2,"[2, 8, 48, 32, 32, 0, 0, 0, 0, 0, 0, 0, 0, 0, 0, 0, 0, 0, 0, 0, 0, 0, 0, 0, 0, 0, 0, 0, 0, 0]",768,128,393216.0,2359296.0,992166476,992178885,992178126,992180846,0,118496,118496,228328,1,12409,2720,8,512,512,2
205,2,"[2, 8, 48, 32, 32, 0, 0, 0, 0, 0, 0, 0, 0, 0, 0, 0, 0, 0, 0, 0, 0, 0, 0, 0, 0, 0, 0, 0, 0, 0]",48,512,3145728.0,3932160.0,992286483,992299827,992299342,992313038,256,178592,178592,228327,1,13344,13696,8,512,512,2
203,2,"[8, 48, 32, 32, 48, 32, 32, 1, 1, 0, 0, 1, 1, 1, 1, 1, 2, 0, 0, 0, 0, 0, 0, 0, 0, 0, 0, 0, 0, 0]",768,256,37748736.0,1577472.0,992480153,992849632,992491630,992887406,40960,718464,406624,228326,6,71329,83936,8,512,512,2
152,2,"[2, 8, 48, 32, 32, 0, 0, 0, 0, 0, 0, 0, 0, 0, 0, 0, 0, 0, 0, 0, 0, 0, 0, 0, 0, 0, 0, 0, 0, 0]",768,128,393216.0,2359296.0,993281207,993294832,993294030,993302382,0,113376,113376,228319,1,13625,8352,8,512,512,2
205,2,"[2, 8, 48, 32, 32, 0, 0, 0, 0, 0, 0, 0, 0, 0, 0, 0, 0, 0, 0, 0, 0, 0, 0, 0, 0, 0, 0, 0, 0, 0]",48,512,3145728.0,3932160.0,993403719,993416614,993415758,993430126,256,280256,280256,228318,1,12895,14368,8,512,512,2
203,2,"[8, 48, 32, 32, 48, 32, 32, 1, 1, 0, 0, 1, 1, 1, 1, 1, 2, 0, 0, 0, 0, 0, 0, 0, 0, 0, 0, 0, 0, 0]",32,256,37748736.0,1577472.0,993694969,993913320,993710382,993957966,40960,334304,163616,228317,5,63595,76896,8,512,512,2
205,2,"[2, 8, 48, 32, 32, 0, 0, 0, 0, 0, 0, 0, 0, 0, 0, 0, 0, 0, 0, 0, 0, 0, 0, 0, 0, 0, 0, 0, 0, 0]",48,512,3145728.0,3932160.0,994109762,994122033,994121582,994136046,256,233120,233120,228316,1,12271,14464,8,512,512,2
203,2,"[8, 48, 32, 32, 48, 32, 32, 3, 3, 1, 1, 1, 1, 1, 1, 48, 2, 0, 0, 0, 0, 0, 0, 0, 0, 0, 0, 0, 0, 0]",192,256,7077888.0,1573728.0,994353927,994460684,994369166,994501230,17536,147744,64896,228315,2,27692,49216,8,512,512,2
152,2,"[2, 8, 48, 32, 32, 0, 0, 0, 0, 0, 0, 0, 0, 0, 0, 0, 0, 0, 0, 0, 0, 0, 0, 0, 0, 0, 0, 0, 0, 0]",768,128,393216.0,2359296.0,994556477,994566174,994566126,994569838,0,82176,82176,228314,1,9697,3712,8,512,512,2
205,2,"[2, 8, 48, 32, 32, 0, 0, 0, 0, 0, 0, 0, 0, 0, 0, 0, 0, 0, 0, 0, 0, 0, 0, 0, 0, 0, 0, 0, 0, 0]",48,512,3145728.0,3932160.0,994642823,994651767,994652014,994665070,256,132832,132832,228313,1,8944,13056,8,512,512,2
203,2,"[8, 48, 32, 32, 48, 32, 32, 1, 1, 0, 0, 1, 1, 1, 1, 1, 2, 0, 0, 0, 0, 0, 0, 0, 0, 0, 0, 0, 0, 0]",768,256,37748736.0,1577472.0,994787201,995056810,994797902,995105230,40960,509344,286848,228312,6,51647,84832,8,512,512,2
152,2,"[2, 8, 48, 32, 32, 0, 0, 0, 0, 0, 0, 0, 0, 0, 0, 0, 0, 0, 0, 0, 0, 0, 0, 0, 0, 0, 0, 0, 0, 0]",768,128,393216.0,2359296.0,995380854,995392883,995392078,995400302,0,77280,77280,228305,1,12029,8224,8,512,512,2
205,2,"[2, 8, 48, 32, 32, 0, 0, 0, 0, 0, 0, 0, 0, 0, 0, 0, 0, 0, 0, 0, 0, 0, 0, 0, 0, 0, 0, 0, 0, 0]",48,512,3145728.0,3932160.0,995466151,995477886,995477582,995491502,256,201696,201696,228304,1,11735,13920,8,512,512,2
203,2,"[8, 48, 32, 32, 48, 32, 32, 1, 1, 0, 0, 1, 1, 1, 1, 1, 2, 0, 0, 0, 0, 0, 0, 0, 0, 0, 0, 0, 0, 0]",32,256,37748736.0,1577472.0,995682091,995828570,995693198,995877486,40960,204032,96224,228303,5,43297,76480,8,512,512,2
205,2,"[2, 8, 48, 32, 32, 0, 0, 0, 0, 0, 0, 0, 0, 0, 0, 0, 0, 0, 0, 0, 0, 0, 0, 0, 0, 0, 0, 0, 0, 0]",48,512,3145728.0,3932160.0,995964877,995973558,995973710,995988078,256,143488,143488,228302,1,8681,14368,8,512,512,2
203,2,"[8, 48, 32, 32, 48, 32, 32, 3, 3, 1, 1, 1, 1, 1, 1, 48, 2, 0, 0, 0, 0, 0, 0, 0, 0, 0, 0, 0, 0, 0]",192,256,7077888.0,1573728.0,996122263,996208664,996131566,996248174,17536,121088,53376,228301,2,20836,48896,8,512,512,2
152,2,"[2, 8, 48, 32, 32, 0, 0, 0, 0, 0, 0, 0, 0, 0, 0, 0, 0, 0, 0, 0, 0, 0, 0, 0, 0, 0, 0, 0, 0, 0]",768,128,393216.0,2359296.0,996293865,996302055,996301550,996305518,0,73088,73088,228300,1,8190,3968,8,512,512,2
205,2,"[2, 8, 48, 32, 32, 0, 0, 0, 0, 0, 0, 0, 0, 0, 0, 0, 0, 0, 0, 0, 0, 0, 0, 0, 0, 0, 0, 0, 0, 0]",48,512,3145728.0,3932160.0,996369828,996378309,996378606,996391534,256,116000,116000,228299,1,8481,12928,8,512,512,2
203,2,"[8, 48, 32, 32, 48, 32, 32, 1, 1, 0, 0, 1, 1, 1, 1, 1, 2, 0, 0, 0, 0, 0, 0, 0, 0, 0, 0, 0, 0, 0]",768,256,37748736.0,1577472.0,996498716,996730468,996507534,996780334,40960,436930,248289,228298,6,44976,84159,8,512,512,2
152,2,"[2, 8, 48, 32, 32, 0, 0, 0, 0, 0, 0, 0, 0, 0, 0, 0, 0, 0, 0, 0, 0, 0, 0, 0, 0, 0, 0, 0, 0, 0]",768,128,393216.0,2359296.0,997020000,997029073,997028623,997036655,0,67551,67551,228291,1,9073,8032,8,512,512,2
205,2,"[2, 8, 48, 32, 32, 0, 0, 0, 0, 0, 0, 0, 0, 0, 0, 0, 0, 0, 0, 0, 0, 0, 0, 0, 0, 0, 0, 0, 0, 0]",48,512,3145728.0,3932160.0,997095375,997103809,997104206,997118223,256,200735,200735,228290,1,8434,14017,8,512,512,2
203,2,"[8, 48, 32, 32, 48, 32, 32, 1, 1, 0, 0, 1, 1, 1, 1, 1, 2, 0, 0, 0, 0, 0, 0, 0, 0, 0, 0, 0, 0, 0]",32,256,37748736.0,1577472.0,997307580,997443356,997318958,997492334,40960,190722,93057,228289,5,38361,75711,8,512,512,2
205,2,"[2, 8, 48, 32, 32, 0, 0, 0, 0, 0, 0, 0, 0, 0, 0, 0, 0, 0, 0, 0, 0, 0, 0, 0, 0, 0, 0, 0, 0, 0]",48,512,3145728.0,3932160.0,997576379,997584918,997585391,997599823,256,142624,142624,228288,1,8539,14432,8,512,512,2
203,2,"[8, 48, 32, 32, 48, 32, 32, 3, 3, 1, 1, 1, 1, 1, 1, 48, 2, 0, 0, 0, 0, 0, 0, 0, 0, 0, 0, 0, 0, 0]",192,256,7077888.0,1573728.0,997732305,997805621,997742447,997847567,17536,105568,51264,228287,2,19539,50816,8,512,512,2
152,2,"[2, 8, 48, 32, 32, 0, 0, 0, 0, 0, 0, 0, 0, 0, 0, 0, 0, 0, 0, 0, 0, 0, 0, 0, 0, 0, 0, 0, 0, 0]",768,128,393216.0,2359296.0,997890676,997899136,997898831,997902863,0,73312,73312,228286,1,8460,4032,8,512,512,2
205,2,"[2, 8, 48, 32, 32, 0, 0, 0, 0, 0, 0, 0, 0, 0, 0, 0, 0, 0, 0, 0, 0, 0, 0, 0, 0, 0, 0, 0, 0, 0]",48,512,3145728.0,3932160.0,997967278,997975823,997976175,997988975,256,113056,113056,228285,1,8545,12800,8,512,512,2
203,2,"[8, 48, 32, 32, 48, 32, 32, 1, 1, 0, 0, 1, 1, 1, 1, 1, 2, 0, 0, 0, 0, 0, 0, 0, 0, 0, 0, 0, 0, 0]",768,256,37748736.0,1577472.0,998094224,998324844,998102031,998371951,40960,462976,275968,228284,6,46162,82912,8,512,512,2
152,2,"[2, 8, 48, 32, 32, 0, 0, 0, 0, 0, 0, 0, 0, 0, 0, 0, 0, 0, 0, 0, 0, 0, 0, 0, 0, 0, 0, 0, 0, 0]",768,128,393216.0,2359296.0,998637889,998647242,998647919,998655983,0,72320,72320,228277,1,9353,8064,8,512,512,2
205,2,"[2, 8, 48, 32, 32, 0, 0, 0, 0, 0, 0, 0, 0, 0, 0, 0, 0, 0, 0, 0, 0, 0, 0, 0, 0, 0, 0, 0, 0, 0]",48,512,3145728.0,3932160.0,998717927,998728396,998728303,998742639,256,197632,197632,228276,1,10469,14336,8,512,512,2
203,2,"[8, 48, 32, 32, 48, 32, 32, 1, 1, 0, 0, 1, 1, 1, 1, 1, 2, 0, 0, 0, 0, 0, 0, 0, 0, 0, 0, 0, 0, 0]",32,256,37748736.0,1577472.0,998929158,999063648,998940271,999113327,40960,192064,94176,228275,5,37535,75168,8,512,512,2
205,2,"[2, 8, 48, 32, 32, 0, 0, 0, 0, 0, 0, 0, 0, 0, 0, 0, 0, 0, 0, 0, 0, 0, 0, 0, 0, 0, 0, 0, 0, 0]",48,512,3145728.0,3932160.0,999199114,999207750,999207503,999221871,256,155232,155232,228274,1,8636,14368,8,512,512,2
203,2,"[8, 48, 32, 32, 48, 32, 32, 3, 3, 1, 1, 1, 1, 1, 1, 48, 2, 0, 0, 0, 0, 0, 0, 0, 0, 0, 0, 0, 0, 0]",192,256,7077888.0,1573728.0,999367464,999441626,999377103,999481967,17536,110592,54784,228273,2,19412,49056,8,512,512,2
152,2,"[2, 8, 48, 32, 32, 0, 0, 0, 0, 0, 0, 0, 0, 0, 0, 0, 0, 0, 0, 0, 0, 0, 0, 0, 0, 0, 0, 0, 0, 0]",768,128,393216.0,2359296.0,999527294,999536347,999536751,999540431,0,71712,71712,228272,1,9053,3680,8,512,512,2
205,2,"[2, 8, 48, 32, 32, 0, 0, 0, 0, 0, 0, 0, 0, 0, 0, 0, 0, 0, 0, 0, 0, 0, 0, 0, 0, 0, 0, 0, 0, 0]",48,512,3145728.0,3932160.0,999603237,999611615,999612143,999625327,256,122848,122848,228271,1,8378,13184,8,512,512,2
203,2,"[8, 48, 32, 32, 48, 32, 32, 1, 1, 0, 0, 1, 1, 1, 1, 1, 2, 0, 0, 0, 0, 0, 0, 0, 0, 0, 0, 0, 0, 0]",768,256,37748736.0,1577472.0,999738629,999972758,999748175,1000020591,40960,434400,245728,228270,6,46319,83744,8,512,512,2
152,2,"[2, 8, 48, 32, 32, 0, 0, 0, 0, 0, 0, 0, 0, 0, 0, 0, 0, 0, 0, 0, 0, 0, 0, 0, 0, 0, 0, 0, 0, 0]",768,128,393216.0,2359296.0,1000256731,1000266367,1000266319,1000274543,0,65120,65120,228263,1,9636,8224,8,512,512,2
205,2,"[2, 8, 48, 32, 32, 0, 0, 0, 0, 0, 0, 0, 0, 0, 0, 0, 0, 0, 0, 0, 0, 0, 0, 0, 0, 0, 0, 0, 0, 0]",48,512,3145728.0,3932160.0,1000330420,1000339193,1000339663,1000353903,256,184960,184960,228262,1,8773,14240,8,512,512,2
203,2,"[8, 48, 32, 32, 48, 32, 32, 1, 1, 0, 0, 1, 1, 1, 1, 1, 2, 0, 0, 0, 0, 0, 0, 0, 0, 0, 0, 0, 0, 0]",32,256,37748736.0,1577472.0,1000528431,1000664595,1000538863,1000712815,40960,203296,104416,228261,5,38970,75072,8,512,512,2
205,2,"[2, 8, 48, 32, 32, 0, 0, 0, 0, 0, 0, 0, 0, 0, 0, 0, 0, 0, 0, 0, 0, 0, 0, 0, 0, 0, 0, 0, 0, 0]",48,512,3145728.0,3932160.0,1000808473,1000817004,1000817231,1000831599,256,144704,144704,228260,1,8531,14368,8,512,512,2
203,2,"[8, 48, 32, 32, 48, 32, 32, 3, 3, 1, 1, 1, 1, 1, 1, 48, 2, 0, 0, 0, 0, 0, 0, 0, 0, 0, 0, 0, 0, 0]",192,256,7077888.0,1573728.0,1000965786,1001039593,1000976303,1001080847,17536,105536,51296,228259,2,20567,50304,8,512,512,2
152,2,"[2, 8, 48, 32, 32, 0, 0, 0, 0, 0, 0, 0, 0, 0, 0, 0, 0, 0, 0, 0, 0, 0, 0, 0, 0, 0, 0, 0, 0, 0]",768,128,393216.0,2359296.0,1001123556,1001132052,1001132143,1001135887,0,80576,80576,228258,1,8496,3744,8,512,512,2
205,2,"[2, 8, 48, 32, 32, 0, 0, 0, 0, 0, 0, 0, 0, 0, 0, 0, 0, 0, 0, 0, 0, 0, 0, 0, 0, 0, 0, 0, 0, 0]",48,512,3145728.0,3932160.0,1001207572,1001216116,1001216463,1001230191,256,117024,117024,228257,1,8544,13728,8,512,512,2
203,2,"[8, 48, 32, 32, 48, 32, 32, 1, 1, 0, 0, 1, 1, 1, 1, 1, 2, 0, 0, 0, 0, 0, 0, 0, 0, 0, 0, 0, 0, 0]",768,256,37748736.0,1577472.0,1001337502,1001584972,1001347215,1001632367,40960,458048,255744,228256,6,49008,82848,8,512,512,2
152,2,"[2, 8, 48, 32, 32, 0, 0, 0, 0, 0, 0, 0, 0, 0, 0, 0, 0, 0, 0, 0, 0, 0, 0, 0, 0, 0, 0, 0, 0, 0]",768,128,393216.0,2359296.0,1001878233,1001887852,1001888111,1001896271,0,88352,88352,228249,1,9619,8160,8,512,512,2
205,2,"[2, 8, 48, 32, 32, 0, 0, 0, 0, 0, 0, 0, 0, 0, 0, 0, 0, 0, 0, 0, 0, 0, 0, 0, 0, 0, 0, 0, 0, 0]",48,512,3145728.0,3932160.0,1001975231,1001984924,1001984623,1001998959,256,264192,264192,228248,1,9693,14336,8,512,512,2
203,2,"[8, 48, 32, 32, 48, 32, 32, 1, 1, 0, 0, 1, 1, 1, 1, 1, 2, 0, 0, 0, 0, 0, 0, 0, 0, 0, 0, 0, 0, 0]",32,256,37748736.0,1577472.0,1002251252,1002390266,1002263151,1002439279,40960,205184,102112,228247,5,39824,73056,8,512,512,2
205,2,"[2, 8, 48, 32, 32, 0, 0, 0, 0, 0, 0, 0, 0, 0, 0, 0, 0, 0, 0, 0, 0, 0, 0, 0, 0, 0, 0, 0, 0, 0]",48,512,3145728.0,3932160.0,1002532476,1002541172,1002541391,1002555663,256,178880,178880,228246,1,8696,14272,8,512,512,2
203,2,"[8, 48, 32, 32, 48, 32, 32, 3, 3, 1, 1, 1, 1, 1, 1, 48, 2, 0, 0, 0, 0, 0, 0, 0, 0, 0, 0, 0, 0, 0]",192,256,7077888.0,1573728.0,1002725082,1002800659,1002734543,1002841999,17536,115520,57792,228245,2,20454,49728,8,512,512,2
152,2,"[2, 8, 48, 32, 32, 0, 0, 0, 0, 0, 0, 0, 0, 0, 0, 0, 0, 0, 0, 0, 0, 0, 0, 0, 0, 0, 0, 0, 0, 0]",768,128,393216.0,2359296.0,1002891640,1002899665,1002899791,1002903503,0,76416,76416,228244,1,8025,3712,8,512,512,2
205,2,"[2, 8, 48, 32, 32, 0, 0, 0, 0, 0, 0, 0, 0, 0, 0, 0, 0, 0, 0, 0, 0, 0, 0, 0, 0, 0, 0, 0, 0, 0]",48,512,3145728.0,3932160.0,1002971012,1002979762,1002979919,1002993839,256,117504,117504,228243,1,8750,13920,8,512,512,2
203,2,"[8, 48, 32, 32, 48, 32, 32, 1, 1, 0, 0, 1, 1, 1, 1, 1, 2, 0, 0, 0, 0, 0, 0, 0, 0, 0, 0, 0, 0, 0]",768,256,37748736.0,1577472.0,1003102928,1003411842,1003111343,1003461039,40960,530561,266400,228242,6,46739,85535,8,512,512,2
152,2,"[2, 8, 48, 32, 32, 0, 0, 0, 0, 0, 0, 0, 0, 0, 0, 0, 0, 0, 0, 0, 0, 0, 0, 0, 0, 0, 0, 0, 0, 0]",768,128,393216.0,2359296.0,1003716940,1003727117,1003727439,1003735664,0,71040,71040,228235,1,10177,8225,8,512,512,2
205,2,"[2, 8, 48, 32, 32, 0, 0, 0, 0, 0, 0, 0, 0, 0, 0, 0, 0, 0, 0, 0, 0, 0, 0, 0, 0, 0, 0, 0, 0, 0]",48,512,3145728.0,3932160.0,1003796896,1003806522,1003806704,1003820719,256,233632,233632,228234,1,9626,14015,8,512,512,2
203,2,"[8, 48, 32, 32, 48, 32, 32, 1, 1, 0, 0, 1, 1, 1, 1, 1, 2, 0, 0, 0, 0, 0, 0, 0, 0, 0, 0, 0, 0, 0]",32,256,37748736.0,1577472.0,1004042760,1004200135,1004054351,1004249519,40960,218210,99777,228233,5,40188,76735,8,512,512,2
205,2,"[2, 8, 48, 32, 32, 0, 0, 0, 0, 0, 0, 0, 0, 0, 0, 0, 0, 0, 0, 0, 0, 0, 0, 0, 0, 0, 0, 0, 0, 0]",48,512,3145728.0,3932160.0,1004340474,1004349085,1004349296,1004363439,256,131681,131681,228232,1,8611,14143,8,512,512,2
203,2,"[8, 48, 64, 64, 48, 32, 32, 3, 3, 1, 1, 2, 2, 1, 1, 48, 2, 0, 0, 0, 0, 0, 0, 0, 0, 0, 0, 0, 0, 0]",1536,1024,0.0,0.0,1004485793,1004510781,1004495120,1004595823,0,5506,4065,228231,2,16120,99262,8,512,512,2
152,2,"[2, 8, 48, 64, 64, 0, 0, 0, 0, 0, 0, 0, 0, 0, 0, 0, 0, 0, 0, 0, 0, 0, 0, 0, 0, 0, 0, 0, 0, 0]",3072,128,1572864.0,9437184.0,1004576392,1004582979,1004599888,1004614256,0,22528,22528,228230,1,6587,14368,8,512,512,2
205,2,"[2, 8, 48, 64, 64, 0, 0, 0, 0, 0, 0, 0, 0, 0, 0, 0, 0, 0, 0, 0, 0, 0, 0, 0, 0, 0, 0, 0, 0, 0]",48,512,12582912.0,15728640.0,1004630084,1004635768,1004636784,1004706416,256,76064,76064,228229,1,5684,69632,8,512,512,2
203,2,"[8, 48, 64, 64, 48, 64, 64, 1, 1, 0, 0, 1, 1, 1, 1, 1, 2, 0, 0, 0, 0, 0, 0, 0, 0, 0, 0, 0, 0, 0]",128,256,150994944.0,6296064.0,1004774035,1004880160,1004782480,1005078384,40960,62463,4512,228228,5,27977,237953,8,512,512,2
152,2,"[2, 8, 48, 32, 32, 0, 0, 0, 0, 0, 0, 0, 0, 0, 0, 0, 0, 0, 0, 0, 0, 0, 0, 0, 0, 0, 0, 0, 0, 0]",768,128,393216.0,2359296.0,1004953898,1004960172,1005082896,1005091408,0,352,352,228227,1,6274,8512,8,512,512,2
205,2,"[2, 8, 48, 32, 32, 0, 0, 0, 0, 0, 0, 0, 0, 0, 0, 0, 0, 0, 0, 0, 0, 0, 0, 0, 0, 0, 0, 0, 0, 0]",48,512,3145728.0,3932160.0,1005016308,1005022516,1005091760,1005106800,256,61696,61696,228226,1,6208,15040,8,512,512,2
203,2,"[8, 48, 32, 32, 48, 32, 32, 1, 1, 0, 0, 1, 1, 1, 1, 1, 2, 0, 0, 0, 0, 0, 0, 0, 0, 0, 0, 0, 0, 0]",32,256,37748736.0,1577472.0,1005158779,1005258303,1005168496,1005310096,40960,131553,66240,228225,5,28351,76287,8,512,512,2
205,2,"[2, 8, 48, 32, 32, 0, 0, 0, 0, 0, 0, 0, 0, 0, 0, 0, 0, 0, 0, 0, 0, 0, 0, 0, 0, 0, 0, 0, 0, 0]",48,512,3145728.0,3932160.0,1005369872,1005376115,1005376336,1005390448,256,83936,83936,228224,1,6243,14112,8,512,512,2
203,2,"[8, 48, 64, 64, 48, 32, 32, 3, 3, 1, 1, 2, 2, 1, 1, 48, 2, 0, 0, 0, 0, 0, 0, 0, 0, 0, 0, 0, 0, 0]",1536,1024,0.0,0.0,1005468306,1005485868,1005474384,1005575888,0,96192,95456,228223,2,11108,100768,8,512,512,2
152,2,"[2, 8, 24, 64, 64, 0, 0, 0, 0, 0, 0, 0, 0, 0, 0, 0, 0, 0, 0, 0, 0, 0, 0, 0, 0, 0, 0, 0, 0, 0]",1536,128,786432.0,4718592.0,1005664667,1005671103,1005671344,1005683312,0,45440,45440,228217,1,6436,11968,8,512,512,2
205,2,"[2, 8, 24, 64, 64, 0, 0, 0, 0, 0, 0, 0, 0, 0, 0, 0, 0, 0, 0, 0, 0, 0, 0, 0, 0, 0, 0, 0, 0, 0]",24,512,6291456.0,7864320.0,1005722115,1005728370,1005728752,1005777200,256,90400,90400,228216,1,6255,48448,8,512,512,2
203,2,"[8, 24, 64, 64, 24, 64, 64, 1, 1, 0, 0, 1, 1, 1, 1, 1, 2, 0, 0, 0, 0, 0, 0, 0, 0, 0, 0, 0, 0, 0]",3072,256,0.0,0.0,1005857435,1006003732,1005867600,1006035568,3328,167232,81664,228215,5,35207,82400,8,512,512,2
205,2,"[2, 8, 24, 64, 64, 0, 0, 0, 0, 0, 0, 0, 0, 0, 0, 0, 0, 0, 0, 0, 0, 0, 0, 0, 0, 0, 0, 0, 0, 0]",24,512,6291456.0,7864320.0,1006110362,1006116391,1006117232,1006168432,256,53472,53472,228214,1,6029,51200,8,512,512,2
203,2,"[8, 24, 64, 64, 24, 64, 64, 3, 3, 1, 1, 1, 1, 1, 1, 24, 2, 0, 0, 0, 0, 0, 0, 0, 0, 0, 0, 0, 0, 0]",768,1024,0.0,0.0,1006215153,1006234328,1006221904,1006303856,0,5632,4096,228213,2,12286,80416,8,512,512,2
152,2,"[2, 8, 24, 64, 64, 0, 0, 0, 0, 0, 0, 0, 0, 0, 0, 0, 0, 0, 0, 0, 0, 0, 0, 0, 0, 0, 0, 0, 0, 0]",1536,128,786432.0,4718592.0,1006283623,1006289405,1006307952,1006313392,0,33056,33056,228212,1,5782,5440,8,512,512,2
205,2,"[2, 8, 24, 64, 64, 0, 0, 0, 0, 0, 0, 0, 0, 0, 0, 0, 0, 0, 0, 0, 0, 0, 0, 0, 0, 0, 0, 0, 0, 0]",24,512,6291456.0,7864320.0,1006339033,1006345339,1006346448,1006393904,256,44320,44320,228211,1,6306,47456,8,512,512,2
203,2,"[8, 24, 64, 64, 24, 64, 64, 1, 1, 0, 0, 1, 1, 1, 1, 1, 2, 0, 0, 0, 0, 0, 0, 0, 0, 0, 0, 0, 0, 0]",3072,256,0.0,0.0,1006431434,1006628003,1006438224,1006660208,3328,318400,192512,228210,6,37981,96096,8,512,512,2
152,2,"[2, 8, 24, 64, 64, 0, 0, 0, 0, 0, 0, 0, 0, 0, 0, 0, 0, 0, 0, 0, 0, 0, 0, 0, 0, 0, 0, 0, 0, 0]",1536,128,786432.0,4718592.0,1006845992,1006852173,1006852720,1006865008,0,45248,45248,228203,1,6181,12288,8,512,512,2
205,2,"[2, 8, 24, 64, 64, 0, 0, 0, 0, 0, 0, 0, 0, 0, 0, 0, 0, 0, 0, 0, 0, 0, 0, 0, 0, 0, 0, 0, 0, 0]",24,512,6291456.0,7864320.0,1006903578,1006909623,1006910256,1006958800,256,88512,88512,228202,1,6045,48544,8,512,512,2
203,2,"[8, 24, 64, 64, 24, 64, 64, 1, 1, 0, 0, 1, 1, 1, 1, 1, 2, 0, 0, 0, 0, 0, 0, 0, 0, 0, 0, 0, 0, 0]",3072,256,0.0,0.0,1007039491,1007168169,1007047312,1007200880,3328,154337,83904,228201,5,30466,83135,8,512,512,2
205,2,"[2, 8, 24, 64, 64, 0, 0, 0, 0, 0, 0, 0, 0, 0, 0, 0, 0, 0, 0, 0, 0, 0, 0, 0, 0, 0, 0, 0, 0, 0]",24,512,6291456.0,7864320.0,1007277670,1007284227,1007284784,1007336048,256,46912,46912,228200,1,6557,51264,8,512,512,2
203,2,"[8, 24, 64, 64, 24, 64, 64, 3, 3, 1, 1, 1, 1, 1, 1, 24, 2, 0, 0, 0, 0, 0, 0, 0, 0, 0, 0, 0, 0, 0]",768,1024,0.0,0.0,1007376403,1007393662,1007382960,1007464560,0,4544,4096,228199,2,10942,81152,8,512,512,2
152,2,"[2, 8, 24, 64, 64, 0, 0, 0, 0, 0, 0, 0, 0, 0, 0, 0, 0, 0, 0, 0, 0, 0, 0, 0, 0, 0, 0, 0, 0, 0]",1536,128,786432.0,4718592.0,1007441383,1007447825,1007468656,1007473264,0,30688,30688,228198,1,6442,4608,8,512,512,2
205,2,"[2, 8, 24, 64, 64, 0, 0, 0, 0, 0, 0, 0, 0, 0, 0, 0, 0, 0, 0, 0, 0, 0, 0, 0, 0, 0, 0, 0, 0, 0]",24,512,6291456.0,7864320.0,1007497266,1007502894,1007503952,1007552368,256,41696,41696,228197,1,5628,48416,8,512,512,2
203,2,"[8, 24, 64, 64, 24, 64, 64, 1, 1, 0, 0, 1, 1, 1, 1, 1, 2, 0, 0, 0, 0, 0, 0, 0, 0, 0, 0, 0, 0, 0]",3072,256,0.0,0.0,1007587345,1007769634,1007594064,1007804624,3328,315104,199424,228196,6,34522,94880,8,512,512,2
152,2,"[2, 8, 24, 64, 64, 0, 0, 0, 0, 0, 0, 0, 0, 0, 0, 0, 0, 0, 0, 0, 0, 0, 0, 0, 0, 0, 0, 0, 0, 0]",1536,128,786432.0,4718592.0,1007997432,1008003875,1008004048,1008017072,0,46016,46016,228189,1,6443,13024,8,512,512,2
205,2,"[2, 8, 24, 64, 64, 0, 0, 0, 0, 0, 0, 0, 0, 0, 0, 0, 0, 0, 0, 0, 0, 0, 0, 0, 0, 0, 0, 0, 0, 0]",24,512,6291456.0,7864320.0,1008056452,1008062502,1008063088,1008112144,256,83616,83616,228188,1,6050,49056,8,512,512,2
203,2,"[8, 24, 64, 64, 24, 64, 64, 1, 1, 0, 0, 1, 1, 1, 1, 1, 2, 0, 0, 0, 0, 0, 0, 0, 0, 0, 0, 0, 0, 0]",3072,256,0.0,0.0,1008187623,1008328085,1008195760,1008360048,3328,166656,81984,228187,5,29325,79616,8,512,512,2
205,2,"[2, 8, 24, 64, 64, 0, 0, 0, 0, 0, 0, 0, 0, 0, 0, 0, 0, 0, 0, 0, 0, 0, 0, 0, 0, 0, 0, 0, 0, 0]",24,512,6291456.0,7864320.0,1008435638,1008441843,1008442032,1008494384,256,43872,43872,228186,1,6205,52352,8,512,512,2
203,2,"[8, 24, 64, 64, 24, 64, 64, 3, 3, 1, 1, 1, 1, 1, 1, 24, 2, 0, 0, 0, 0, 0, 0, 0, 0, 0, 0, 0, 0, 0]",768,1024,0.0,0.0,1008531749,1008551496,1008538256,1008620144,0,6144,4512,228185,2,12646,80256,8,512,512,2
152,2,"[2, 8, 24, 64, 64, 0, 0, 0, 0, 0, 0, 0, 0, 0, 0, 0, 0, 0, 0, 0, 0, 0, 0, 0, 0, 0, 0, 0, 0, 0]",1536,128,786432.0,4718592.0,1008598995,1008605470,1008624656,1008630000,0,29280,29280,228184,1,6475,5344,8,512,512,2
205,2,"[2, 8, 24, 64, 64, 0, 0, 0, 0, 0, 0, 0, 0, 0, 0, 0, 0, 0, 0, 0, 0, 0, 0, 0, 0, 0, 0, 0, 0, 0]",24,512,6291456.0,7864320.0,1008653441,1008658943,1008659280,1008707792,256,55136,55136,228183,1,5502,48512,8,512,512,2
203,2,"[8, 24, 64, 64, 24, 64, 64, 1, 1, 0, 0, 1, 1, 1, 1, 1, 2, 0, 0, 0, 0, 0, 0, 0, 0, 0, 0, 0, 0, 0]",3072,256,0.0,0.0,1008755758,1008942023,1008762928,1008974448,3328,321024,204768,228182,6,35903,95264,8,512,512,2
152,2,"[2, 8, 24, 64, 64, 0, 0, 0, 0, 0, 0, 0, 0, 0, 0, 0, 0, 0, 0, 0, 0, 0, 0, 0, 0, 0, 0, 0, 0, 0]",1536,128,786432.0,4718592.0,1009172442,1009178690,1009179216,1009191536,0,47360,47360,228175,1,6248,12320,8,512,512,2
205,2,"[2, 8, 24, 64, 64, 0, 0, 0, 0, 0, 0, 0, 0, 0, 0, 0, 0, 0, 0, 0, 0, 0, 0, 0, 0, 0, 0, 0, 0, 0]",24,512,6291456.0,7864320.0,1009230051,1009238381,1009238896,1009287280,256,89984,89984,228174,1,8330,48384,8,512,512,2
203,2,"[8, 24, 64, 64, 24, 64, 64, 1, 1, 0, 0, 1, 1, 1, 1, 1, 2, 0, 0, 0, 0, 0, 0, 0, 0, 0, 0, 0, 0, 0]",3072,256,0.0,0.0,1009367747,1009497217,1009377264,1009530544,3328,166688,93088,228173,5,30943,79680,8,512,512,2
205,2,"[2, 8, 24, 64, 64, 0, 0, 0, 0, 0, 0, 0, 0, 0, 0, 0, 0, 0, 0, 0, 0, 0, 0, 0, 0, 0, 0, 0, 0, 0]",24,512,6291456.0,7864320.0,1009616852,1009623389,1009623632,1009674864,256,51168,51168,228172,1,6537,51232,8,512,512,2
203,2,"[8, 24, 128, 128, 24, 64, 64, 3, 3, 1, 1, 2, 2, 1, 1, 24, 2, 0, 0, 0, 0, 0, 0, 0, 0, 0, 0, 0, 0, 0]",3072,1024,0.0,0.0,1009719315,1009738044,1009726032,1009912432,0,6880,5536,228171,2,11597,185056,8,512,512,2
152,2,"[2, 8, 24, 128, 128, 0, 0, 0, 0, 0, 0, 0, 0, 0, 0, 0, 0, 0, 0, 0, 0, 0, 0, 0, 0, 0, 0, 0, 0, 0]",6144,128,3145728.0,18874368.0,1009788606,1009794609,1009917968,1009954544,0,800,800,228170,1,6003,36576,8,512,512,2
205,2,"[2, 8, 24, 128, 128, 0, 0, 0, 0, 0, 0, 0, 0, 0, 0, 0, 0, 0, 0, 0, 0, 0, 0, 0, 0, 0, 0, 0, 0, 0]",24,512,25165824.0,31457280.0,1009845539,1009851804,1009955344,1010202673,256,7903,7903,228169,1,6265,247329,8,512,512,2
203,2,"[8, 24, 128, 128, 24, 128, 128, 1, 1, 0, 0, 1, 1, 1, 1, 1, 2, 0, 0, 0, 0, 0, 0, 0, 0, 0, 0, 0, 0, 0]",12288,256,0.0,0.0,1009973435,1010106880,1010210576,1010462320,3328,13475,4737,228168,5,29269,243006,8,512,512,2
152,2,"[2, 8, 24, 64, 64, 0, 0, 0, 0, 0, 0, 0, 0, 0, 0, 0, 0, 0, 0, 0, 0, 0, 0, 0, 0, 0, 0, 0, 0, 0]",1536,128,786432.0,4718592.0,1010189374,1010195339,1010467057,1010477680,0,1120,1120,228167,1,5965,10623,8,512,512,2
205,2,"[2, 8, 24, 64, 64, 0, 0, 0, 0, 0, 0, 0, 0, 0, 0, 0, 0, 0, 0, 0, 0, 0, 0, 0, 0, 0, 0, 0, 0, 0]",24,512,6291456.0,7864320.0,1010253772,1010259651,1010478800,1010526513,256,7583,7583,228166,1,5879,47713,8,512,512,2
203,2,"[8, 24, 64, 64, 24, 64, 64, 1, 1, 0, 0, 1, 1, 1, 1, 1, 2, 0, 0, 0, 0, 0, 0, 0, 0, 0, 0, 0, 0, 0]",3072,256,0.0,0.0,1010381091,1010513641,1010534096,1010625073,3328,13024,4160,228165,5,28717,82113,8,512,512,2
205,2,"[2, 8, 24, 64, 64, 0, 0, 0, 0, 0, 0, 0, 0, 0, 0, 0, 0, 0, 0, 0, 0, 0, 0, 0, 0, 0, 0, 0, 0, 0]",24,512,6291456.0,7864320.0,1010617245,1010624125,1010629233,1010682032,256,33280,33280,228164,1,6880,52799,8,512,512,2
203,2,"[8, 24, 128, 128, 24, 64, 64, 3, 3, 1, 1, 2, 2, 1, 1, 24, 2, 0, 0, 0, 0, 0, 0, 0, 0, 0, 0, 0, 0, 0]",3072,1024,0.0,0.0,1010709235,1010726362,1010715312,1010901616,0,44129,42945,228163,2,11053,185120,8,512,512,2
183,2,"[2, 8, 24, 256, 256, 0, 0, 0, 0, 0, 0, 0, 0, 0, 0, 0, 0, 0, 0, 0, 0, 0, 0, 0, 0, 0, 0, 0, 0, 0]",49152,256,0.0,0.0,1010807527,1010827265,1010944561,1011481200,0,2465,1121,228162,2,14438,535295,8,512,512,2
152,2,"[2, 8, 24, 256, 256, 0, 0, 0, 0, 0, 0, 0, 0, 0, 0, 0, 0, 0, 0, 0, 0, 0, 0, 0, 0, 0, 0, 0, 0, 0]",24576,128,12582912.0,75497472.0,1010851636,1010857274,1011482321,1011620464,0,1,1,228161,1,5638,138143,8,512,512,2
205,2,"[2, 8, 24, 256, 256, 0, 0, 0, 0, 0, 0, 0, 0, 0, 0, 0, 0, 0, 0, 0, 0, 0, 0, 0, 0, 0, 0, 0, 0, 0]",24,512,100663296.0,125829120.0,1010904937,1010910935,1011620465,1012643601,256,40032,40032,228160,1,5998,1023136,8,512,512,2
203,2,"[8, 3, 512, 512, 24, 256, 256, 3, 3, 1, 1, 2, 2, 1, 1, 1, 2, 0, 0, 0, 0, 0, 0, 0, 0, 0, 0, 0, 0, 0]",65536,512,0.0,0.0,1011103417,1011156600,1012683633,1013322257,8224,9026,4032,228159,5,29848,633630,8,512,512,2
16,3,"[2, 24, 3, 3, 3, 0, 0, 0, 0, 0, 0, 0, 0, 0, 0, 4, 0, 0, 0, 0, 0, 0, 0, 0, 0, 0, 0, 0, 0, 0]",2,128,648.0,2596.0,1012988209,1013019351,1013326289,1013328497,0,1088,1088,-1,1,31142,2208,8,512,512,2
12,3,"[2, 24, 3, 3, 3, 0, 0, 0, 0, 0, 0, 0, 0, 0, 0, 2, 24, 3, 3, 3, 0, 0, 0, 0, 0, 0, 0, 0, 0, 0]",2,128,648.0,3888.0,1013181890,1013198219,1013329585,1013331921,0,24800,24800,-1,1,16329,2336,8,512,512,2
12,3,"[2, 24, 3, 3, 3, 0, 0, 0, 0, 0, 0, 0, 0, 0, 0, 2, 24, 3, 3, 3, 0, 0, 0, 0, 0, 0, 0, 0, 0, 0]",2,128,648.0,3888.0,1013342648,1013356512,1013356721,1013359217,0,159840,159840,-1,1,13864,2496,8,512,512,2
16,3,"[2, 24, 0, 0, 0, 0, 0, 0, 0, 0, 0, 0, 0, 0, 0, 4, 0, 0, 0, 0, 0, 0, 0, 0, 0, 0, 0, 0, 0, 0]",1,128,24.0,100.0,1013505675,1013520595,1013519057,1013522065,0,146368,146368,-1,1,14920,3008,8,512,512,2
12,3,"[2, 24, 0, 0, 0, 0, 0, 0, 0, 0, 0, 0, 0, 0, 0, 2, 24, 0, 0, 0, 0, 0, 0, 0, 0, 0, 0, 0, 0, 0]",1,128,24.0,144.0,1013655405,1013669599,1013668433,1013670513,0,146720,146720,-1,1,14194,2080,8,512,512,2
12,3,"[2, 24, 0, 0, 0, 0, 0, 0, 0, 0, 0, 0, 0, 0, 0, 2, 24, 0, 0, 0, 0, 0, 0, 0, 0, 0, 0, 0, 0, 0]",1,128,24.0,144.0,1013804685,1013817517,1013817233,1013820017,0,137184,137184,-1,1,12832,2784,8,512,512,2
16,3,"[2, 24, 0, 0, 0, 0, 0, 0, 0, 0, 0, 0, 0, 0, 0, 4, 0, 0, 0, 0, 0, 0, 0, 0, 0, 0, 0, 0, 0, 0]",1,128,24.0,100.0,1013945497,1013958161,1013957201,1013959281,0,139232,139232,-1,1,12664,2080,8,512,512,2
12,3,"[2, 24, 0, 0, 0, 0, 0, 0, 0, 0, 0, 0, 0, 0, 0, 2, 24, 0, 0, 0, 0, 0, 0, 0, 0, 0, 0, 0, 0, 0]",1,128,24.0,144.0,1014087473,1014099660,1014098513,1014101713,0,139360,139360,-1,1,12187,3200,8,512,512,2
12,3,"[2, 24, 0, 0, 0, 0, 0, 0, 0, 0, 0, 0, 0, 0, 0, 2, 24, 0, 0, 0, 0, 0, 0, 0, 0, 0, 0, 0, 0, 0]",1,128,24.0,144.0,1014228860,1014241094,1014241073,1014243537,0,157728,157728,-1,1,12234,2464,8,512,512,2
16,3,"[2, 24, 1, 3, 3, 0, 0, 0, 0, 0, 0, 0, 0, 0, 0, 4, 0, 0, 0, 0, 0, 0, 0, 0, 0, 0, 0, 0, 0, 0]",1,128,216.0,868.0,1014387782,1014401943,1014401265,1014403697,0,204544,204544,-1,1,14161,2432,8,512,512,2
12,3,"[2, 24, 1, 3, 3, 0, 0, 0, 0, 0, 0, 0, 0, 0, 0, 2, 24, 1, 3, 3, 0, 0, 0, 0, 0, 0, 0, 0, 0, 0]",1,128,216.0,1296.0,1014592122,1014609233,1014608241,1014610545,0,195840,195840,-1,1,17111,2304,8,512,512,2
12,3,"[2, 24, 1, 3, 3, 0, 0, 0, 0, 0, 0, 0, 0, 0, 0, 2, 24, 1, 3, 3, 0, 0, 0, 0, 0, 0, 0, 0, 0, 0]",1,128,216.0,1296.0,1014790815,1014807176,1014806385,1014809201,0,188480,188480,-1,1,16361,2816,8,512,512,2
16,3,"[2, 24, 0, 0, 0, 0, 0, 0, 0, 0, 0, 0, 0, 0, 0, 4, 0, 0, 0, 0, 0, 0, 0, 0, 0, 0, 0, 0, 0, 0]",1,128,24.0,100.0,1014982703,1014999480,1014997681,1015000977,0,189120,189120,-1,1,16777,3296,8,512,512,2
12,3,"[2, 24, 0, 0, 0, 0, 0, 0, 0, 0, 0, 0, 0, 0, 0, 2, 24, 0, 0, 0, 0, 0, 0, 0, 0, 0, 0, 0, 0, 0]",1,128,24.0,144.0,1015174979,1015191053,1015190097,1015192177,0,219360,219360,-1,1,16074,2080,8,512,512,2
12,3,"[2, 24, 0, 0, 0, 0, 0, 0, 0, 0, 0, 0, 0, 0, 0, 2, 24, 0, 0, 0, 0, 0, 0, 0, 0, 0, 0, 0, 0, 0]",1,128,24.0,144.0,1015395621,1015413374,1015411537,1015414545,0,190848,190848,-1,1,17753,3008,8,512,512,2
16,3,"[2, 24, 0, 0, 0, 0, 0, 0, 0, 0, 0, 0, 0, 0, 0, 4, 0, 0, 0, 0, 0, 0, 0, 0, 0, 0, 0, 0, 0, 0]",1,128,24.0,100.0,1015589519,1015606865,1015605393,1015607857,0,206496,206496,-1,1,17346,2464,8,512,512,2
12,3,"[2, 24, 0, 0, 0, 0, 0, 0, 0, 0, 0, 0, 0, 0, 0, 2, 24, 0, 0, 0, 0, 0, 0, 0, 0, 0, 0, 0, 0, 0]",1,128,24.0,144.0,1015798457,1015814938,1015814353,1015816817,0,237856,237856,-1,1,16481,2464,8,512,512,2
12,3,"[2, 24, 0, 0, 0, 0, 0, 0, 0, 0, 0, 0, 0, 0, 0, 2, 24, 0, 0, 0, 0, 0, 0, 0, 0, 0, 0, 0, 0, 0]",1,128,24.0,144.0,1016037152,1016056467,1016054673,1016057681,0,200736,200736,-1,1,19315,3008,8,512,512,2
16,3,"[2, 24, 24, 1, 1, 0, 0, 0, 0, 0, 0, 0, 0, 0, 0, 4, 0, 0, 0, 0, 0, 0, 0, 0, 0, 0, 0, 0, 0, 0]",2,128,576.0,2308.0,1016240249,1016260965,1016258417,1016260881,0,207200,207200,-1,1,20716,2464,8,512,512,2
12,3,"[2, 24, 24, 1, 1, 0, 0, 0, 0, 0, 0, 0, 0, 0, 0, 2, 24, 24, 1, 1, 0, 0, 0, 0, 0, 0, 0, 0, 0, 0]",2,128,576.0,3456.0,1016451673,1016469365,1016468081,1016470129,0,223040,223040,-1,1,17692,2048,8,512,512,2
12,3,"[2, 24, 24, 1, 1, 0, 0, 0, 0, 0, 0, 0, 0, 0, 0, 2, 24, 24, 1, 1, 0, 0, 0, 0, 0, 0, 0, 0, 0, 0]",2,128,576.0,3456.0,1016676527,1016694463,1016693169,1016695409,0,196576,196576,-1,1,17936,2240,8,512,512,2
16,3,"[2, 24, 0, 0, 0, 0, 0, 0, 0, 0, 0, 0, 0, 0, 0, 4, 0, 0, 0, 0, 0, 0, 0, 0, 0, 0, 0, 0, 0, 0]",1,128,24.0,100.0,1016876939,1016893952,1016891985,1016894065,0,216256,216256,-1,1,17013,2080,8,512,512,2
12,3,"[2, 24, 0, 0, 0, 0, 0, 0, 0, 0, 0, 0, 0, 0, 0, 2, 24, 0, 0, 0, 0, 0, 0, 0, 0, 0, 0, 0, 0, 0]",1,128,24.0,144.0,1017095153,1017111455,1017110321,1017112785,0,199008,199008,-1,1,16302,2464,8,512,512,2
12,3,"[2, 24, 0, 0, 0, 0, 0, 0, 0, 0, 0, 0, 0, 0, 0, 2, 24, 0, 0, 0, 0, 0, 0, 0, 0, 0, 0, 0, 0, 0]",1,128,24.0,144.0,1017296418,1017313152,1017311793,1017313905,0,192512,192512,-1,1,16734,2112,8,512,512,2
16,3,"[2, 24, 0, 0, 0, 0, 0, 0, 0, 0, 0, 0, 0, 0, 0, 4, 0, 0, 0, 0, 0, 0, 0, 0, 0, 0, 0, 0, 0, 0]",1,128,24.0,100.0,1017491257,1017507729,1017506417,1017508465,0,192256,192256,-1,1,16472,2048,8,512,512,2
12,3,"[2, 24, 0, 0, 0, 0, 0, 0, 0, 0, 0, 0, 0, 0, 0, 2, 24, 0, 0, 0, 0, 0, 0, 0, 0, 0, 0, 0, 0, 0]",1,128,24.0,144.0,1017685557,1017701602,1017700721,1017703026,0,190432,190432,-1,1,16045,2305,8,512,512,2
12,3,"[2, 24, 0, 0, 0, 0, 0, 0, 0, 0, 0, 0, 0, 0, 0, 2, 24, 0, 0, 0, 0, 0, 0, 0, 0, 0, 0, 0, 0, 0]",1,128,24.0,144.0,1017878835,1017894311,1017893458,1017895538,0,192127,192127,-1,1,15476,2080,8,512,512,2
16,3,"[2, 24, 24, 1, 1, 0, 0, 0, 0, 0, 0, 0, 0, 0, 0, 4, 0, 0, 0, 0, 0, 0, 0, 0, 0, 0, 0, 0, 0, 0]",2,128,576.0,2308.0,1018072270,1018088959,1018087665,1018090098,0,194880,194880,-1,1,16689,2433,8,512,512,2
12,3,"[2, 24, 24, 1, 1, 0, 0, 0, 0, 0, 0, 0, 0, 0, 0, 2, 24, 24, 1, 1, 0, 0, 0, 0, 0, 0, 0, 0, 0, 0]",2,128,576.0,3456.0,1018270877,1018286474,1018284978,1018288369,0,211297,211297,-1,1,15597,3391,8,512,512,2
12,3,"[2, 24, 24, 1, 1, 0, 0, 0, 0, 0, 0, 0, 0, 0, 0, 2, 24, 24, 1, 1, 0, 0, 0, 0, 0, 0, 0, 0, 0, 0]",2,128,576.0,3456.0,1018484490,1018500755,1018499666,1018501746,0,191968,191968,-1,1,16265,2080,8,512,512,2
16,3,"[2, 24, 0, 0, 0, 0, 0, 0, 0, 0, 0, 0, 0, 0, 0, 4, 0, 0, 0, 0, 0, 0, 0, 0, 0, 0, 0, 0, 0, 0]",1,128,24.0,100.0,1018678841,1018695016,1018693714,1018696146,0,190592,190592,-1,1,16175,2432,8,512,512,2
12,3,"[2, 24, 0, 0, 0, 0, 0, 0, 0, 0, 0, 0, 0, 0, 0, 2, 24, 0, 0, 0, 0, 0, 0, 0, 0, 0, 0, 0, 0, 0]",1,128,24.0,144.0,1018872629,1018888228,1018886738,1018888818,0,189632,189632,-1,1,15599,2080,8,512,512,2
12,3,"[2, 24, 0, 0, 0, 0, 0, 0, 0, 0, 0, 0, 0, 0, 0, 2, 24, 0, 0, 0, 0, 0, 0, 0, 0, 0, 0, 0, 0, 0]",1,128,24.0,144.0,1019063531,1019079104,1019078450,1019080914,0,200864,200864,-1,1,15573,2464,8,512,512,2
16,3,"[2, 24, 0, 0, 0, 0, 0, 0, 0, 0, 0, 0, 0, 0, 0, 4, 0, 0, 0, 0, 0, 0, 0, 0, 0, 0, 0, 0, 0, 0]",1,128,24.0,100.0,1019266136,1019283209,1019281778,1019284082,0,196480,196480,-1,1,17073,2304,8,512,512,2
12,3,"[2, 24, 0, 0, 0, 0, 0, 0, 0, 0, 0, 0, 0, 0, 0, 2, 24, 0, 0, 0, 0, 0, 0, 0, 0, 0, 0, 0, 0, 0]",1,128,24.0,144.0,1019465590,1019481647,1019480562,1019482738,0,212256,212256,-1,1,16057,2176,8,512,512,2
12,3,"[2, 24, 0, 0, 0, 0, 0, 0, 0, 0, 0, 0, 0, 0, 0, 2, 24, 0, 0, 0, 0, 0, 0, 0, 0, 0, 0, 0, 0, 0]",1,128,24.0,144.0,1019678125,1019696017,1019694994,1019697458,0,201216,201216,-1,1,17892,2464,8,512,512,2
16,3,"[2, 24, 1, 3, 3, 0, 0, 0, 0, 0, 0, 0, 0, 0, 0, 4, 0, 0, 0, 0, 0, 0, 0, 0, 0, 0, 0, 0, 0, 0]",1,128,216.0,868.0,1019882807,1019900624,1019898674,1019901746,0,195616,195616,-1,1,17817,3072,8,512,512,2
12,3,"[2, 24, 1, 3, 3, 0, 0, 0, 0, 0, 0, 0, 0, 0, 0, 2, 24, 1, 3, 3, 0, 0, 0, 0, 0, 0, 0, 0, 0, 0]",1,128,216.0,1296.0,1020082143,1020098952,1020097362,1020100402,0,627520,627520,-1,1,16809,3040,8,512,512,2
12,3,"[2, 24, 1, 3, 3, 0, 0, 0, 0, 0, 0, 0, 0, 0, 0, 2, 24, 1, 3, 3, 0, 0, 0, 0, 0, 0, 0, 0, 0, 0]",1,128,216.0,1296.0,1020707730,1020730069,1020727922,1020729970,0,243072,243072,-1,1,22339,2048,8,512,512,2
16,3,"[2, 24, 0, 0, 0, 0, 0, 0, 0, 0, 0, 0, 0, 0, 0, 4, 0, 0, 0, 0, 0, 0, 0, 0, 0, 0, 0, 0, 0, 0]",1,128,24.0,100.0,1020952198,1020975057,1020973042,1020975538,0,239808,239808,-1,1,22859,2496,8,512,512,2
12,3,"[2, 24, 0, 0, 0, 0, 0, 0, 0, 0, 0, 0, 0, 0, 0, 2, 24, 0, 0, 0, 0, 0, 0, 0, 0, 0, 0, 0, 0, 0]",1,128,24.0,144.0,1021194760,1021217137,1021215346,1021217394,0,202880,202880,-1,1,22377,2048,8,512,512,2
12,3,"[2, 24, 0, 0, 0, 0, 0, 0, 0, 0, 0, 0, 0, 0, 0, 2, 24, 0, 0, 0, 0, 0, 0, 0, 0, 0, 0, 0, 0, 0]",1,128,24.0,144.0,1021405029,1021421806,1021420274,1021423506,0,191552,191552,-1,1,16777,3232,8,512,512,2
16,3,"[2, 24, 0, 0, 0, 0, 0, 0, 0, 0, 0, 0, 0, 0, 0, 4, 0, 0, 0, 0, 0, 0, 0, 0, 0, 0, 0, 0, 0, 0]",1,128,24.0,100.0,1021599561,1021616996,1021615058,1021618034,0,189152,189152,-1,1,17435,2976,8,512,512,2
12,3,"[2, 24, 0, 0, 0, 0, 0, 0, 0, 0, 0, 0, 0, 0, 0, 2, 24, 0, 0, 0, 0, 0, 0, 0, 0, 0, 0, 0, 0, 0]",1,128,24.0,144.0,1021792663,1021808769,1021807186,1021810514,0,188448,188448,-1,1,16106,3328,8,512,512,2
12,3,"[2, 24, 0, 0, 0, 0, 0, 0, 0, 0, 0, 0, 0, 0, 0, 2, 24, 0, 0, 0, 0, 0, 0, 0, 0, 0, 0, 0, 0, 0]",1,128,24.0,144.0,1021984083,1021999705,1021998962,1022001458,0,191808,191808,-1,1,15622,2496,8,512,512,2
16,3,"[2, 24, 24, 1, 1, 0, 0, 0, 0, 0, 0, 0, 0, 0, 0, 4, 0, 0, 0, 0, 0, 0, 0, 0, 0, 0, 0, 0, 0, 0]",2,128,576.0,2308.0,1022177221,1022194525,1022193266,1022195762,0,191008,191008,-1,1,17304,2496,8,512,512,2
12,3,"[2, 24, 24, 1, 1, 0, 0, 0, 0, 0, 0, 0, 0, 0, 0, 2, 24, 24, 1, 1, 0, 0, 0, 0, 0, 0, 0, 0, 0, 0]",2,128,576.0,3456.0,1022371889,1022387987,1022386770,1022388850,0,208800,208800,-1,1,16098,2080,8,512,512,2
12,3,"[2, 24, 24, 1, 1, 0, 0, 0, 0, 0, 0, 0, 0, 0, 0, 2, 24, 24, 1, 1, 0, 0, 0, 0, 0, 0, 0, 0, 0, 0]",2,128,576.0,3456.0,1022582093,1022598455,1022597650,1022599794,0,188064,188064,-1,1,16362,2144,8,512,512,2
16,3,"[2, 24, 0, 0, 0, 0, 0, 0, 0, 0, 0, 0, 0, 0, 0, 4, 0, 0, 0, 0, 0, 0, 0, 0, 0, 0, 0, 0, 0, 0]",1,128,24.0,100.0,1022771755,1022788783,1022787858,1022790258,0,188384,188384,-1,1,17028,2400,8,512,512,2
12,3,"[2, 24, 0, 0, 0, 0, 0, 0, 0, 0, 0, 0, 0, 0, 0, 2, 24, 0, 0, 0, 0, 0, 0, 0, 0, 0, 0, 0, 0, 0]",1,128,24.0,144.0,1022964426,1022979688,1022978642,1022980722,0,192480,192480,-1,1,15262,2080,8,512,512,2
12,3,"[2, 24, 0, 0, 0, 0, 0, 0, 0, 0, 0, 0, 0, 0, 0, 2, 24, 0, 0, 0, 0, 0, 0, 0, 0, 0, 0, 0, 0, 0]",1,128,24.0,144.0,1023158588,1023174057,1023173202,1023175282,0,198016,198016,-1,1,15469,2080,8,512,512,2
16,3,"[2, 24, 0, 0, 0, 0, 0, 0, 0, 0, 0, 0, 0, 0, 0, 4, 0, 0, 0, 0, 0, 0, 0, 0, 0, 0, 0, 0, 0, 0]",1,128,24.0,100.0,1023357903,1023374641,1023373298,1023375730,0,188960,188960,-1,1,16738,2432,8,512,512,2
12,3,"[2, 24, 0, 0, 0, 0, 0, 0, 0, 0, 0, 0, 0, 0, 0, 2, 24, 0, 0, 0, 0, 0, 0, 0, 0, 0, 0, 0, 0, 0]",1,128,24.0,144.0,1023550439,1023566202,1023564690,1023567730,0,205792,205792,-1,1,15763,3040,8,512,512,2
12,3,"[2, 24, 0, 0, 0, 0, 0, 0, 0, 0, 0, 0, 0, 0, 0, 2, 24, 0, 0, 0, 0, 0, 0, 0, 0, 0, 0, 0, 0, 0]",1,128,24.0,144.0,1023758536,1023775192,1023773522,1023776786,0,191040,191040,-1,1,16656,3264,8,512,512,2
16,3,"[2, 24, 24, 1, 1, 0, 0, 0, 0, 0, 0, 0, 0, 0, 0, 4, 0, 0, 0, 0, 0, 0, 0, 0, 0, 0, 0, 0, 0, 0]",2,128,576.0,2308.0,1023952980,1023969611,1023967826,1023969906,0,194528,194528,-1,1,16631,2080,8,512,512,2
12,3,"[2, 24, 24, 1, 1, 0, 0, 0, 0, 0, 0, 0, 0, 0, 0, 2, 24, 24, 1, 1, 0, 0, 0, 0, 0, 0, 0, 0, 0, 0]",2,128,576.0,3456.0,1024149671,1024165626,1024164434,1024167698,0,185248,185248,-1,1,15955,3264,8,512,512,2
12,3,"[2, 24, 24, 1, 1, 0, 0, 0, 0, 0, 0, 0, 0, 0, 0, 2, 24, 24, 1, 1, 0, 0, 0, 0, 0, 0, 0, 0, 0, 0]",2,128,576.0,3456.0,1024342585,1024353265,1024352946,1024355986,0,139681,139681,-1,1,10680,3040,8,512,512,2
16,3,"[2, 24, 0, 0, 0, 0, 0, 0, 0, 0, 0, 0, 0, 0, 0, 4, 0, 0, 0, 0, 0, 0, 0, 0, 0, 0, 0, 0, 0, 0]",1,128,24.0,100.0,1024483782,1024496001,1024495667,1024498131,0,128383,128383,-1,1,12219,2464,8,512,512,2
12,3,"[2, 24, 0, 0, 0, 0, 0, 0, 0, 0, 0, 0, 0, 0, 0, 2, 24, 0, 0, 0, 0, 0, 0, 0, 0, 0, 0, 0, 0, 0]",1,128,24.0,144.0,1024615854,1024626480,1024626514,1024629010,0,135488,135488,-1,1,10626,2496,8,512,512,2
12,3,"[2, 24, 0, 0, 0, 0, 0, 0, 0, 0, 0, 0, 0, 0, 0, 2, 24, 0, 0, 0, 0, 0, 0, 0, 0, 0, 0, 0, 0, 0]",1,128,24.0,144.0,1024753270,1024764369,1024764498,1024766578,0,126048,126048,-1,1,11099,2080,8,512,512,2
16,3,"[2, 24, 0, 0, 0, 0, 0, 0, 0, 0, 0, 0, 0, 0, 0, 4, 0, 0, 0, 0, 0, 0, 0, 0, 0, 0, 0, 0, 0, 0]",1,128,24.0,100.0,1024880940,1024892781,1024892626,1024895123,0,123744,123744,-1,1,11841,2497,8,512,512,2
12,3,"[2, 24, 0, 0, 0, 0, 0, 0, 0, 0, 0, 0, 0, 0, 0, 2, 24, 0, 0, 0, 0, 0, 0, 0, 0, 0, 0, 0, 0, 0]",1,128,24.0,144.0,1025008801,1025019322,1025018867,1025021875,0,124768,124768,-1,1,10521,3008,8,512,512,2
12,3,"[2, 24, 0, 0, 0, 0, 0, 0, 0, 0, 0, 0, 0, 0, 0, 2, 24, 0, 0, 0, 0, 0, 0, 0, 0, 0, 0, 0, 0, 0]",1,128,24.0,144.0,1025135519,1025146063,1025146643,1025149107,0,123040,123040,-1,1,10544,2464,8,512,512,2
16,3,"[2, 24, 1, 3, 3, 0, 0, 0, 0, 0, 0, 0, 0, 0, 0, 4, 0, 0, 0, 0, 0, 0, 0, 0, 0, 0, 0, 0, 0, 0]",1,128,216.0,868.0,1025260587,1025272046,1025272147,1025274482,0,145697,145697,-1,1,11459,2335,8,512,512,2
12,3,"[2, 24, 1, 3, 3, 0, 0, 0, 0, 0, 0, 0, 0, 0, 0, 2, 24, 1, 3, 3, 0, 0, 0, 0, 0, 0, 0, 0, 0, 0]",1,128,216.0,1296.0,1025407563,1025420902,1025420179,1025423282,0,133825,133825,-1,1,13339,3103,8,512,512,2
12,3,"[2, 24, 1, 3, 3, 0, 0, 0, 0, 0, 0, 0, 0, 0, 0, 2, 24, 1, 3, 3, 0, 0, 0, 0, 0, 0, 0, 0, 0, 0]",1,128,216.0,1296.0,1025545405,1025556871,1025557107,1025559155,0,138944,138944,-1,1,11466,2048,8,512,512,2
16,3,"[2, 24, 0, 0, 0, 0, 0, 0, 0, 0, 0, 0, 0, 0, 0, 4, 0, 0, 0, 0, 0, 0, 0, 0, 0, 0, 0, 0, 0, 0]",1,128,24.0,100.0,1025686636,1025698121,1025698099,1025700467,0,141504,141504,-1,1,11485,2368,8,512,512,2
12,3,"[2, 24, 0, 0, 0, 0, 0, 0, 0, 0, 0, 0, 0, 0, 0, 2, 24, 0, 0, 0, 0, 0, 0, 0, 0, 0, 0, 0, 0, 0]",1,128,24.0,144.0,1025830120,1025842472,1025841971,1025844979,0,126080,126080,-1,1,12352,3008,8,512,512,2
12,3,"[2, 24, 0, 0, 0, 0, 0, 0, 0, 0, 0, 0, 0, 0, 0, 2, 24, 0, 0, 0, 0, 0, 0, 0, 0, 0, 0, 0, 0, 0]",1,128,24.0,144.0,1025960819,1025971516,1025971059,1025974099,0,124992,124992,-1,1,10697,3040,8,512,512,2
16,3,"[2, 24, 0, 0, 0, 0, 0, 0, 0, 0, 0, 0, 0, 0, 0, 4, 0, 0, 0, 0, 0, 0, 0, 0, 0, 0, 0, 0, 0, 0]",1,128,24.0,100.0,1026088263,1026099381,1026099091,1026101555,0,125216,125216,-1,1,11118,2464,8,512,512,2
12,3,"[2, 24, 0, 0, 0, 0, 0, 0, 0, 0, 0, 0, 0, 0, 0, 2, 24, 0, 0, 0, 0, 0, 0, 0, 0, 0, 0, 0, 0, 0]",1,128,24.0,144.0,1026216369,1026227060,1026226771,1026228851,0,122880,122880,-1,1,10691,2080,8,512,512,2
12,3,"[2, 24, 0, 0, 0, 0, 0, 0, 0, 0, 0, 0, 0, 0, 0, 2, 24, 0, 0, 0, 0, 0, 0, 0, 0, 0, 0, 0, 0, 0]",1,128,24.0,144.0,1026341502,1026351854,1026351731,1026353779,0,136512,136512,-1,1,10352,2048,8,512,512,2
16,3,"[2, 24, 24, 1, 1, 0, 0, 0, 0, 0, 0, 0, 0, 0, 0, 4, 0, 0, 0, 0, 0, 0, 0, 0, 0, 0, 0, 0, 0, 0]",2,128,576.0,2308.0,1026478640,1026490520,1026490291,1026492755,0,127424,127424,-1,1,11880,2464,8,512,512,2
12,3,"[2, 24, 24, 1, 1, 0, 0, 0, 0, 0, 0, 0, 0, 0, 0, 2, 24, 24, 1, 1, 0, 0, 0, 0, 0, 0, 0, 0, 0, 0]",2,128,576.0,3456.0,1026610204,1026620652,1026620179,1026623187,0,124992,124992,-1,1,10448,3008,8,512,512,2
12,3,"[2, 24, 24, 1, 1, 0, 0, 0, 0, 0, 0, 0, 0, 0, 0, 2, 24, 24, 1, 1, 0, 0, 0, 0, 0, 0, 0, 0, 0, 0]",2,128,576.0,3456.0,1026737243,1026747932,1026748179,1026750675,0,122720,122720,-1,1,10689,2496,8,512,512,2
16,3,"[2, 24, 0, 0, 0, 0, 0, 0, 0, 0, 0, 0, 0, 0, 0, 4, 0, 0, 0, 0, 0, 0, 0, 0, 0, 0, 0, 0, 0, 0]",1,128,24.0,100.0,1026862299,1026873630,1026873395,1026875827,0,122912,122912,-1,1,11331,2432,8,512,512,2
12,3,"[2, 24, 0, 0, 0, 0, 0, 0, 0, 0, 0, 0, 0, 0, 0, 2, 24, 0, 0, 0, 0, 0, 0, 0, 0, 0, 0, 0, 0, 0]",1,128,24.0,144.0,1026988042,1026998756,1026998739,1027000947,0,124416,124416,-1,1,10714,2208,8,512,512,2
12,3,"[2, 24, 0, 0, 0, 0, 0, 0, 0, 0, 0, 0, 0, 0, 0, 2, 24, 0, 0, 0, 0, 0, 0, 0, 0, 0, 0, 0, 0, 0]",1,128,24.0,144.0,1027114632,1027125221,1027125363,1027127859,0,135232,135232,-1,1,10589,2496,8,512,512,2
16,3,"[2, 24, 0, 0, 0, 0, 0, 0, 0, 0, 0, 0, 0, 0, 0, 4, 0, 0, 0, 0, 0, 0, 0, 0, 0, 0, 0, 0, 0, 0]",1,128,24.0,100.0,1027251564,1027264295,1027263091,1027265139,0,344096,344096,-1,1,12731,2048,8,512,512,2
12,3,"[2, 24, 0, 0, 0, 0, 0, 0, 0, 0, 0, 0, 0, 0, 0, 2, 24, 0, 0, 0, 0, 0, 0, 0, 0, 0, 0, 0, 0, 0]",1,128,24.0,144.0,1027595330,1027610304,1027609235,1027612339,0,138144,138144,-1,1,14974,3104,8,512,512,2
12,3,"[2, 24, 0, 0, 0, 0, 0, 0, 0, 0, 0, 0, 0, 0, 0, 2, 24, 0, 0, 0, 0, 0, 0, 0, 0, 0, 0, 0, 0, 0]",1,128,24.0,144.0,1027738697,1027750263,1027750483,1027752563,0,130912,130912,-1,1,11566,2080,8,512,512,2
16,3,"[2, 24, 24, 1, 1, 0, 0, 0, 0, 0, 0, 0, 0, 0, 0, 4, 0, 0, 0, 0, 0, 0, 0, 0, 0, 0, 0, 0, 0, 0]",2,128,576.0,2308.0,1027871459,1027883472,1027883475,1027885683,0,124896,124896,-1,1,12013,2208,8,512,512,2
12,3,"[2, 24, 24, 1, 1, 0, 0, 0, 0, 0, 0, 0, 0, 0, 0, 2, 24, 24, 1, 1, 0, 0, 0, 0, 0, 0, 0, 0, 0, 0]",2,128,576.0,3456.0,1028000234,1028010692,1028010579,1028012659,0,126144,126144,-1,1,10458,2080,8,512,512,2
12,3,"[2, 24, 24, 1, 1, 0, 0, 0, 0, 0, 0, 0, 0, 0, 0, 2, 24, 24, 1, 1, 0, 0, 0, 0, 0, 0, 0, 0, 0, 0]",2,128,576.0,3456.0,1028128216,1028138615,1028138803,1028141267,0,133504,133504,-1,1,10399,2464,8,512,512,2
16,3,"[2, 24, 0, 0, 0, 0, 0, 0, 0, 0, 0, 0, 0, 0, 0, 4, 0, 0, 0, 0, 0, 0, 0, 0, 0, 0, 0, 0, 0, 0]",1,128,24.0,100.0,1028263782,1028275624,1028274771,1028276851,0,124512,124512,-1,1,11842,2080,8,512,512,2
12,3,"[2, 24, 0, 0, 0, 0, 0, 0, 0, 0, 0, 0, 0, 0, 0, 2, 24, 0, 0, 0, 0, 0, 0, 0, 0, 0, 0, 0, 0, 0]",1,128,24.0,144.0,1028390397,1028401302,1028401363,1028403827,0,122496,122496,-1,1,10905,2464,8,512,512,2
12,3,"[2, 24, 0, 0, 0, 0, 0, 0, 0, 0, 0, 0, 0, 0, 0, 2, 24, 0, 0, 0, 0, 0, 0, 0, 0, 0, 0, 0, 0, 0]",1,128,24.0,144.0,1028515851,1028526736,1028526323,1028528755,0,122688,122688,-1,1,10885,2432,8,512,512,2
16,3,"[2, 24, 0, 0, 0, 0, 0, 0, 0, 0, 0, 0, 0, 0, 0, 4, 0, 0, 0, 0, 0, 0, 0, 0, 0, 0, 0, 0, 0, 0]",1,128,24.0,100.0,1028640927,1028651685,1028651443,1028653683,0,134144,134144,-1,1,10758,2240,8,512,512,2
12,3,"[2, 24, 0, 0, 0, 0, 0, 0, 0, 0, 0, 0, 0, 0, 0, 2, 24, 0, 0, 0, 0, 0, 0, 0, 0, 0, 0, 0, 0, 0]",1,128,24.0,144.0,1028775979,1028787883,1028787827,1028790291,0,127488,127488,-1,1,11904,2464,8,512,512,2
12,3,"[2, 24, 0, 0, 0, 0, 0, 0, 0, 0, 0, 0, 0, 0, 0, 2, 24, 0, 0, 0, 0, 0, 0, 0, 0, 0, 0, 0, 0, 0]",1,128,24.0,144.0,1028907119,1028917796,1028917779,1028919923,0,134656,134656,-1,1,10677,2144,8,512,512,2
16,3,"[2, 24, 1, 3, 3, 0, 0, 0, 0, 0, 0, 0, 0, 0, 0, 4, 0, 0, 0, 0, 0, 0, 0, 0, 0, 0, 0, 0, 0, 0]",1,128,216.0,868.0,1029042887,1029054994,1029054579,1029057107,0,126432,126432,-1,1,12107,2528,8,512,512,2
12,3,"[2, 24, 1, 3, 3, 0, 0, 0, 0, 0, 0, 0, 0, 0, 0, 2, 24, 1, 3, 3, 0, 0, 0, 0, 0, 0, 0, 0, 0, 0]",1,128,216.0,1296.0,1029172498,1029183415,1029183539,1029186035,0,123136,123136,-1,1,10917,2496,8,512,512,2
12,3,"[2, 24, 1, 3, 3, 0, 0, 0, 0, 0, 0, 0, 0, 0, 0, 2, 24, 1, 3, 3, 0, 0, 0, 0, 0, 0, 0, 0, 0, 0]",1,128,216.0,1296.0,1029298710,1029309678,1029309171,1029312563,0,121472,121472,-1,1,10968,3392,8,512,512,2
16,3,"[2, 24, 0, 0, 0, 0, 0, 0, 0, 0, 0, 0, 0, 0, 0, 4, 0, 0, 0, 0, 0, 0, 0, 0, 0, 0, 0, 0, 0, 0]",1,128,24.0,100.0,1029423844,1029434954,1029434035,1029437235,0,122880,122880,-1,1,11110,3200,8,512,512,2
12,3,"[2, 24, 0, 0, 0, 0, 0, 0, 0, 0, 0, 0, 0, 0, 0, 2, 24, 0, 0, 0, 0, 0, 0, 0, 0, 0, 0, 0, 0, 0]",1,128,24.0,144.0,1029548639,1029559759,1029560115,1029562579,0,120704,120704,-1,1,11120,2464,8,512,512,2
12,3,"[2, 24, 0, 0, 0, 0, 0, 0, 0, 0, 0, 0, 0, 0, 0, 2, 24, 0, 0, 0, 0, 0, 0, 0, 0, 0, 0, 0, 0, 0]",1,128,24.0,144.0,1029672895,1029683241,1029683283,1029685747,0,120384,120384,-1,1,10346,2464,8,512,512,2
16,3,"[2, 24, 0, 0, 0, 0, 0, 0, 0, 0, 0, 0, 0, 0, 0, 4, 0, 0, 0, 0, 0, 0, 0, 0, 0, 0, 0, 0, 0, 0]",1,128,24.0,100.0,1029795218,1029806213,1029806131,1029808595,0,135392,135392,-1,1,10995,2464,8,512,512,2
12,3,"[2, 24, 0, 0, 0, 0, 0, 0, 0, 0, 0, 0, 0, 0, 0, 2, 24, 0, 0, 0, 0, 0, 0, 0, 0, 0, 0, 0, 0, 0]",1,128,24.0,144.0,1029933598,1029944272,1029943987,1029946995,0,123872,123872,-1,1,10674,3008,8,512,512,2
12,3,"[2, 24, 0, 0, 0, 0, 0, 0, 0, 0, 0, 0, 0, 0, 0, 2, 24, 0, 0, 0, 0, 0, 0, 0, 0, 0, 0, 0, 0, 0]",1,128,24.0,144.0,1030060759,1030070882,1030070867,1030072947,0,125088,125088,-1,1,10123,2080,8,512,512,2
16,3,"[2, 24, 24, 1, 1, 0, 0, 0, 0, 0, 0, 0, 0, 0, 0, 4, 0, 0, 0, 0, 0, 0, 0, 0, 0, 0, 0, 0, 0, 0]",2,128,576.0,2308.0,1030187590,1030198781,1030198035,1030201043,0,125824,125824,-1,1,11191,3008,8,512,512,2
12,3,"[2, 24, 24, 1, 1, 0, 0, 0, 0, 0, 0, 0, 0, 0, 0, 2, 24, 24, 1, 1, 0, 0, 0, 0, 0, 0, 0, 0, 0, 0]",2,128,576.0,3456.0,1030316290,1030326995,1030326867,1030328947,0,127104,127104,-1,1,10705,2080,8,512,512,2
12,3,"[2, 24, 24, 1, 1, 0, 0, 0, 0, 0, 0, 0, 0, 0, 0, 2, 24, 24, 1, 1, 0, 0, 0, 0, 0, 0, 0, 0, 0, 0]",2,128,576.0,3456.0,1030445415,1030456614,1030456051,1030459123,0,121696,121696,-1,1,11199,3072,8,512,512,2
16,3,"[2, 24, 0, 0, 0, 0, 0, 0, 0, 0, 0, 0, 0, 0, 0, 4, 0, 0, 0, 0, 0, 0, 0, 0, 0, 0, 0, 0, 0, 0]",1,128,24.0,100.0,1030570048,1030581085,1030580819,1030582899,0,132352,132352,-1,1,11037,2080,8,512,512,2
12,3,"[2, 24, 0, 0, 0, 0, 0, 0, 0, 0, 0, 0, 0, 0, 0, 2, 24, 0, 0, 0, 0, 0, 0, 0, 0, 0, 0, 0, 0, 0]",1,128,24.0,144.0,1030704129,1030715227,1030715251,1030717747,0,123200,123200,-1,1,11098,2496,8,512,512,2
12,3,"[2, 24, 0, 0, 0, 0, 0, 0, 0, 0, 0, 0, 0, 0, 0, 2, 24, 0, 0, 0, 0, 0, 0, 0, 0, 0, 0, 0, 0, 0]",1,128,24.0,144.0,1030829742,1030840726,1030840947,1030842995,0,122880,122880,-1,1,10984,2048,8,512,512,2
16,3,"[2, 24, 0, 0, 0, 0, 0, 0, 0, 0, 0, 0, 0, 0, 0, 4, 0, 0, 0, 0, 0, 0, 0, 0, 0, 0, 0, 0, 0, 0]",1,128,24.0,100.0,1030954669,1030966074,1030965875,1030967923,0,122848,122848,-1,1,11405,2048,8,512,512,2
12,3,"[2, 24, 0, 0, 0, 0, 0, 0, 0, 0, 0, 0, 0, 0, 0, 2, 24, 0, 0, 0, 0, 0, 0, 0, 0, 0, 0, 0, 0, 0]",1,128,24.0,144.0,1031080247,1031091195,1031090771,1031092851,0,133088,133088,-1,1,10948,2080,8,512,512,2
12,3,"[2, 24, 0, 0, 0, 0, 0, 0, 0, 0, 0, 0, 0, 0, 0, 2, 24, 0, 0, 0, 0, 0, 0, 0, 0, 0, 0, 0, 0, 0]",1,128,24.0,144.0,1031208879,1031226453,1031225939,1031228019,0,159232,159232,-1,1,17574,2080,8,512,512,2
16,3,"[2, 24, 24, 1, 1, 0, 0, 0, 0, 0, 0, 0, 0, 0, 0, 4, 0, 0, 0, 0, 0, 0, 0, 0, 0, 0, 0, 0, 0, 0]",2,128,576.0,2308.0,1031374224,1031387751,1031387251,1031389715,0,139329,139329,-1,1,13527,2464,8,512,512,2
12,3,"[2, 24, 24, 1, 1, 0, 0, 0, 0, 0, 0, 0, 0, 0, 0, 2, 24, 24, 1, 1, 0, 0, 0, 0, 0, 0, 0, 0, 0, 0]",2,128,576.0,3456.0,1031517329,1031529234,1031529044,1031531123,0,131040,131040,-1,1,11905,2079,8,512,512,2
12,3,"[2, 24, 24, 1, 1, 0, 0, 0, 0, 0, 0, 0, 0, 0, 0, 2, 24, 24, 1, 1, 0, 0, 0, 0, 0, 0, 0, 0, 0, 0]",2,128,576.0,3456.0,1031650290,1031661934,1031662163,1031664244,0,123968,123968,-1,1,11644,2081,8,512,512,2
16,3,"[2, 24, 0, 0, 0, 0, 0, 0, 0, 0, 0, 0, 0, 0, 0, 4, 0, 0, 0, 0, 0, 0, 0, 0, 0, 0, 0, 0, 0, 0]",1,128,24.0,100.0,1031777202,1031788326,1031788212,1031790675,0,122945,122945,-1,1,11124,2463,8,512,512,2
12,3,"[2, 24, 0, 0, 0, 0, 0, 0, 0, 0, 0, 0, 0, 0, 0, 2, 24, 0, 0, 0, 0, 0, 0, 0, 0, 0, 0, 0, 0, 0]",1,128,24.0,144.0,1031902814,1031913248,1031913620,1031916083,0,124993,124993,-1,1,10434,2463,8,512,512,2
12,3,"[2, 24, 0, 0, 0, 0, 0, 0, 0, 0, 0, 0, 0, 0, 0, 2, 24, 0, 0, 0, 0, 0, 0, 0, 0, 0, 0, 0, 0, 0]",1,128,24.0,144.0,1032029713,1032041087,1032041076,1032043123,0,120544,120544,-1,1,11374,2047,8,512,512,2
16,3,"[2, 24, 0, 0, 0, 0, 0, 0, 0, 0, 0, 0, 0, 0, 0, 4, 0, 0, 0, 0, 0, 0, 0, 0, 0, 0, 0, 0, 0, 0]",1,128,24.0,100.0,1032153286,1032163788,1032163667,1032166004,0,126271,126271,-1,1,10502,2337,8,512,512,2
12,3,"[2, 24, 0, 0, 0, 0, 0, 0, 0, 0, 0, 0, 0, 0, 0, 2, 24, 0, 0, 0, 0, 0, 0, 0, 0, 0, 0, 0, 0, 0]",1,128,24.0,144.0,1032281604,1032292450,1032292275,1032294804,0,133600,133600,-1,1,10846,2529,8,512,512,2
12,3,"[2, 24, 0, 0, 0, 0, 0, 0, 0, 0, 0, 0, 0, 0, 0, 2, 24, 0, 0, 0, 0, 0, 0, 0, 0, 0, 0, 0, 0, 0]",1,128,24.0,144.0,1032417700,1032429450,1032428404,1032431636,0,124576,124576,-1,1,11750,3232,8,512,512,2
16,3,"[2, 24, 1, 3, 3, 0, 0, 0, 0, 0, 0, 0, 0, 0, 0, 4, 0, 0, 0, 0, 0, 0, 0, 0, 0, 0, 0, 0, 0, 0]",1,128,216.0,868.0,1032544938,1032556402,1032556212,1032558772,0,141727,141727,-1,1,11464,2560,8,512,512,2
12,3,"[2, 24, 1, 3, 3, 0, 0, 0, 0, 0, 0, 0, 0, 0, 0, 2, 24, 1, 3, 3, 0, 0, 0, 0, 0, 0, 0, 0, 0, 0]",1,128,216.0,1296.0,1032688446,1032700806,1032700499,1032702580,0,127328,127328,-1,1,12360,2081,8,512,512,2
12,3,"[2, 24, 1, 3, 3, 0, 0, 0, 0, 0, 0, 0, 0, 0, 0, 2, 24, 1, 3, 3, 0, 0, 0, 0, 0, 0, 0, 0, 0, 0]",1,128,216.0,1296.0,1032819884,1032830288,1032829908,1032833012,0,375744,375744,-1,1,10404,3104,8,512,512,2
16,3,"[2, 24, 0, 0, 0, 0, 0, 0, 0, 0, 0, 0, 0, 0, 0, 4, 0, 0, 0, 0, 0, 0, 0, 0, 0, 0, 0, 0, 0, 0]",1,128,24.0,100.0,1033189227,1033210780,1033208756,1033211828,0,176672,176672,-1,1,21553,3072,8,512,512,2
12,3,"[2, 24, 0, 0, 0, 0, 0, 0, 0, 0, 0, 0, 0, 0, 0, 2, 24, 0, 0, 0, 0, 0, 0, 0, 0, 0, 0, 0, 0, 0]",1,128,24.0,144.0,1033374126,1033388368,1033388500,1033390708,0,149920,149920,-1,1,14242,2208,8,512,512,2
12,3,"[2, 24, 0, 0, 0, 0, 0, 0, 0, 0, 0, 0, 0, 0, 0, 2, 24, 0, 0, 0, 0, 0, 0, 0, 0, 0, 0, 0, 0, 0]",1,128,24.0,144.0,1033527496,1033541449,1033540628,1033543668,0,133248,133248,-1,1,13953,3040,8,512,512,2
16,3,"[2, 24, 0, 0, 0, 0, 0, 0, 0, 0, 0, 0, 0, 0, 0, 4, 0, 0, 0, 0, 0, 0, 0, 0, 0, 0, 0, 0, 0, 0]",1,128,24.0,100.0,1033665197,1033677359,1033676916,1033679380,0,128544,128544,-1,1,12162,2464,8,512,512,2
12,3,"[2, 24, 0, 0, 0, 0, 0, 0, 0, 0, 0, 0, 0, 0, 0, 2, 24, 0, 0, 0, 0, 0, 0, 0, 0, 0, 0, 0, 0, 0]",1,128,24.0,144.0,1033796854,1033808075,1033807924,1033810388,0,164288,164288,-1,1,11221,2464,8,512,512,2
12,3,"[2, 24, 0, 0, 0, 0, 0, 0, 0, 0, 0, 0, 0, 0, 0, 2, 24, 0, 0, 0, 0, 0, 0, 0, 0, 0, 0, 0, 0, 0]",1,128,24.0,144.0,1033960848,1033975674,1033974676,1033977684,0,148384,148384,-1,1,14826,3008,8,512,512,2
16,3,"[2, 24, 24, 1, 1, 0, 0, 0, 0, 0, 0, 0, 0, 0, 0, 4, 0, 0, 0, 0, 0, 0, 0, 0, 0, 0, 0, 0, 0, 0]",2,128,576.0,2308.0,1034113344,1034127070,1034126068,1034129108,0,176192,176192,-1,1,13726,3040,8,512,512,2
12,3,"[2, 24, 24, 1, 1, 0, 0, 0, 0, 0, 0, 0, 0, 0, 0, 2, 24, 24, 1, 1, 0, 0, 0, 0, 0, 0, 0, 0, 0, 0]",2,128,576.0,3456.0,1034287811,1034306743,1034305300,1034308020,0,161024,161024,-1,1,18932,2720,8,512,512,2
12,3,"[2, 24, 24, 1, 1, 0, 0, 0, 0, 0, 0, 0, 0, 0, 0, 2, 24, 24, 1, 1, 0, 0, 0, 0, 0, 0, 0, 0, 0, 0]",2,128,576.0,3456.0,1034455146,1034469106,1034469044,1034471508,0,135904,135904,-1,1,13960,2464,8,512,512,2
16,3,"[2, 24, 0, 0, 0, 0, 0, 0, 0, 0, 0, 0, 0, 0, 0, 4, 0, 0, 0, 0, 0, 0, 0, 0, 0, 0, 0, 0, 0, 0]",1,128,24.0,100.0,1034596130,1034608388,1034607412,1034610420,0,140000,140000,-1,1,12258,3008,8,512,512,2
12,3,"[2, 24, 0, 0, 0, 0, 0, 0, 0, 0, 0, 0, 0, 0, 0, 2, 24, 0, 0, 0, 0, 0, 0, 0, 0, 0, 0, 0, 0, 0]",1,128,24.0,144.0,1034738086,1034750568,1034750420,1034752628,0,129024,129024,-1,1,12482,2208,8,512,512,2
12,3,"[2, 24, 0, 0, 0, 0, 0, 0, 0, 0, 0, 0, 0, 0, 0, 2, 24, 0, 0, 0, 0, 0, 0, 0, 0, 0, 0, 0, 0, 0]",1,128,24.0,144.0,1034871169,1034882065,1034881652,1034883700,0,124896,124896,-1,1,10896,2048,8,512,512,2
16,3,"[2, 24, 0, 0, 0, 0, 0, 0, 0, 0, 0, 0, 0, 0, 0, 4, 0, 0, 0, 0, 0, 0, 0, 0, 0, 0, 0, 0, 0, 0]",1,128,24.0,100.0,1034997602,1035009377,1035008596,1035010676,0,124896,124896,-1,1,11775,2080,8,512,512,2
12,3,"[2, 24, 0, 0, 0, 0, 0, 0, 0, 0, 0, 0, 0, 0, 0, 2, 24, 0, 0, 0, 0, 0, 0, 0, 0, 0, 0, 0, 0, 0]",1,128,24.0,144.0,1035124675,1035135487,1035135572,1035137652,0,149376,149376,-1,1,10812,2080,8,512,512,2
12,3,"[2, 24, 0, 0, 0, 0, 0, 0, 0, 0, 0, 0, 0, 0, 0, 2, 24, 0, 0, 0, 0, 0, 0, 0, 0, 0, 0, 0, 0, 0]",1,128,24.0,144.0,1035274955,1035287145,1035287028,1035289204,0,147040,147040,-1,1,12190,2176,8,512,512,2
16,3,"[2, 48, 1, 3, 3, 0, 0, 0, 0, 0, 0, 0, 0, 0, 0, 4, 0, 0, 0, 0, 0, 0, 0, 0, 0, 0, 0, 0, 0, 0]",1,128,432.0,1732.0,1035422018,1035436766,1035436244,1035438708,0,131072,131072,-1,1,14748,2464,8,512,512,2
12,3,"[2, 48, 1, 3, 3, 0, 0, 0, 0, 0, 0, 0, 0, 0, 0, 2, 48, 1, 3, 3, 0, 0, 0, 0, 0, 0, 0, 0, 0, 0]",1,128,432.0,2592.0,1035560929,1035569117,1035569780,1035571828,0,83872,83872,-1,1,8188,2048,8,512,512,2
12,3,"[2, 48, 1, 3, 3, 0, 0, 0, 0, 0, 0, 0, 0, 0, 0, 2, 48, 1, 3, 3, 0, 0, 0, 0, 0, 0, 0, 0, 0, 0]",1,128,432.0,2592.0,1035647265,1035654966,1035655700,1035657844,0,81728,81728,-1,1,7701,2144,8,512,512,2
16,3,"[2, 48, 0, 0, 0, 0, 0, 0, 0, 0, 0, 0, 0, 0, 0, 4, 0, 0, 0, 0, 0, 0, 0, 0, 0, 0, 0, 0, 0, 0]",1,128,48.0,196.0,1035731371,1035739117,1035739572,1035741812,0,81888,81888,-1,1,7746,2240,8,512,512,2
12,3,"[2, 48, 0, 0, 0, 0, 0, 0, 0, 0, 0, 0, 0, 0, 0, 2, 48, 0, 0, 0, 0, 0, 0, 0, 0, 0, 0, 0, 0, 0]",1,128,48.0,288.0,1035814935,1035823122,1035823700,1035825780,0,89792,89792,-1,1,8187,2080,8,512,512,2
12,3,"[2, 48, 0, 0, 0, 0, 0, 0, 0, 0, 0, 0, 0, 0, 0, 2, 48, 0, 0, 0, 0, 0, 0, 0, 0, 0, 0, 0, 0, 0]",1,128,48.0,288.0,1035907457,1035914854,1035915572,1035917940,0,81760,81760,-1,1,7397,2368,8,512,512,2
16,3,"[2, 48, 0, 0, 0, 0, 0, 0, 0, 0, 0, 0, 0, 0, 0, 4, 0, 0, 0, 0, 0, 0, 0, 0, 0, 0, 0, 0, 0, 0]",1,128,48.0,196.0,1035990965,1035999325,1035999700,1036001908,0,81728,81728,-1,1,8360,2208,8,512,512,2
12,3,"[2, 48, 0, 0, 0, 0, 0, 0, 0, 0, 0, 0, 0, 0, 0, 2, 48, 0, 0, 0, 0, 0, 0, 0, 0, 0, 0, 0, 0, 0]",1,128,48.0,288.0,1036075334,1036082967,1036083636,1036085876,0,81120,81120,-1,1,7633,2240,8,512,512,2
12,3,"[2, 48, 0, 0, 0, 0, 0, 0, 0, 0, 0, 0, 0, 0, 0, 2, 48, 0, 0, 0, 0, 0, 0, 0, 0, 0, 0, 0, 0, 0]",1,128,48.0,288.0,1036158723,1036166319,1036166996,1036169460,0,82272,82272,-1,1,7596,2464,8,512,512,2
16,3,"[2, 48, 48, 1, 1, 0, 0, 0, 0, 0, 0, 0, 0, 0, 0, 4, 0, 0, 0, 0, 0, 0, 0, 0, 0, 0, 0, 0, 0, 0]",5,128,2304.0,9220.0,1036243685,1036251377,1036251732,1036253812,0,83712,83712,-1,1,7692,2080,8,512,512,2
12,3,"[2, 48, 48, 1, 1, 0, 0, 0, 0, 0, 0, 0, 0, 0, 0, 2, 48, 48, 1, 1, 0, 0, 0, 0, 0, 0, 0, 0, 0, 0]",5,128,2304.0,13824.0,1036328288,1036336310,1036337524,1036339828,0,81760,81760,-1,1,8022,2304,8,512,512,2
12,3,"[2, 48, 48, 1, 1, 0, 0, 0, 0, 0, 0, 0, 0, 0, 0, 2, 48, 48, 1, 1, 0, 0, 0, 0, 0, 0, 0, 0, 0, 0]",5,128,2304.0,13824.0,1036413151,1036421157,1036421588,1036423796,0,89376,89376,-1,1,8006,2208,8,512,512,2
16,3,"[2, 48, 0, 0, 0, 0, 0, 0, 0, 0, 0, 0, 0, 0, 0, 4, 0, 0, 0, 0, 0, 0, 0, 0, 0, 0, 0, 0, 0, 0]",1,128,48.0,196.0,1036503734,1036512529,1036513172,1036515604,0,81440,81440,-1,1,8795,2432,8,512,512,2
12,3,"[2, 48, 0, 0, 0, 0, 0, 0, 0, 0, 0, 0, 0, 0, 0, 2, 48, 0, 0, 0, 0, 0, 0, 0, 0, 0, 0, 0, 0, 0]",1,128,48.0,288.0,1036589054,1036596432,1036597044,1036599508,0,81824,81824,-1,1,7378,2464,8,512,512,2
12,3,"[2, 48, 0, 0, 0, 0, 0, 0, 0, 0, 0, 0, 0, 0, 0, 2, 48, 0, 0, 0, 0, 0, 0, 0, 0, 0, 0, 0, 0, 0]",1,128,48.0,288.0,1036673157,1036680612,1036681332,1036683796,0,80320,80320,-1,1,7455,2464,8,512,512,2
16,3,"[2, 48, 0, 0, 0, 0, 0, 0, 0, 0, 0, 0, 0, 0, 0, 4, 0, 0, 0, 0, 0, 0, 0, 0, 0, 0, 0, 0, 0, 0]",1,128,48.0,196.0,1036756227,1036763748,1036764116,1036767092,0,80992,80992,-1,1,7521,2976,8,512,512,2
12,3,"[2, 48, 0, 0, 0, 0, 0, 0, 0, 0, 0, 0, 0, 0, 0, 2, 48, 0, 0, 0, 0, 0, 0, 0, 0, 0, 0, 0, 0, 0]",1,128,48.0,288.0,1036840339,1036847977,1036848084,1036851092,0,80608,80608,-1,1,7638,3008,8,512,512,2
12,3,"[2, 48, 0, 0, 0, 0, 0, 0, 0, 0, 0, 0, 0, 0, 0, 2, 48, 0, 0, 0, 0, 0, 0, 0, 0, 0, 0, 0, 0, 0]",1,128,48.0,288.0,1036923763,1036931177,1036931700,1036934932,0,90592,90592,-1,1,7414,3232,8,512,512,2
16,3,"[2, 48, 48, 1, 1, 0, 0, 0, 0, 0, 0, 0, 0, 0, 0, 4, 0, 0, 0, 0, 0, 0, 0, 0, 0, 0, 0, 0, 0, 0]",5,128,2304.0,9220.0,1037016012,1037024516,1037025524,1037027956,0,84416,84416,-1,1,8504,2432,8,512,512,2
12,3,"[2, 48, 48, 1, 1, 0, 0, 0, 0, 0, 0, 0, 0, 0, 0, 2, 48, 48, 1, 1, 0, 0, 0, 0, 0, 0, 0, 0, 0, 0]",5,128,2304.0,13824.0,1037104239,1037111646,1037112372,1037115412,0,81504,81504,-1,1,7407,3040,8,512,512,2
12,3,"[2, 48, 48, 1, 1, 0, 0, 0, 0, 0, 0, 0, 0, 0, 0, 2, 48, 48, 1, 1, 0, 0, 0, 0, 0, 0, 0, 0, 0, 0]",5,128,2304.0,13824.0,1037189025,1037196205,1037196916,1037199412,0,96800,96800,-1,1,7180,2496,8,512,512,2
16,3,"[2, 48, 0, 0, 0, 0, 0, 0, 0, 0, 0, 0, 0, 0, 0, 4, 0, 0, 0, 0, 0, 0, 0, 0, 0, 0, 0, 0, 0, 0]",1,128,48.0,196.0,1037272467,1037296300,1037296212,1037298292,0,81888,81888,-1,1,23833,2080,8,512,512,2
12,3,"[2, 48, 0, 0, 0, 0, 0, 0, 0, 0, 0, 0, 0, 0, 0, 2, 48, 0, 0, 0, 0, 0, 0, 0, 0, 0, 0, 0, 0, 0]",1,128,48.0,288.0,1037372471,1037379679,1037380180,1037382260,0,81888,81888,-1,1,7208,2080,8,512,512,2
12,3,"[2, 48, 0, 0, 0, 0, 0, 0, 0, 0, 0, 0, 0, 0, 0, 2, 48, 0, 0, 0, 0, 0, 0, 0, 0, 0, 0, 0, 0, 0]",1,128,48.0,288.0,1037456498,1037463779,1037464148,1037466228,0,89504,89504,-1,1,7281,2080,8,512,512,2
16,3,"[2, 48, 0, 0, 0, 0, 0, 0, 0, 0, 0, 0, 0, 0, 0, 4, 0, 0, 0, 0, 0, 0, 0, 0, 0, 0, 0, 0, 0, 0]",1,128,48.0,196.0,1037547339,1037555459,1037555732,1037558164,0,84192,84192,-1,1,8120,2432,8,512,512,2
12,3,"[2, 48, 0, 0, 0, 0, 0, 0, 0, 0, 0, 0, 0, 0, 0, 2, 48, 0, 0, 0, 0, 0, 0, 0, 0, 0, 0, 0, 0, 0]",1,128,48.0,288.0,1037633868,1037641580,1037642356,1037644404,0,261728,261728,-1,1,7712,2048,8,512,512,2
12,3,"[2, 48, 0, 0, 0, 0, 0, 0, 0, 0, 0, 0, 0, 0, 0, 2, 48, 0, 0, 0, 0, 0, 0, 0, 0, 0, 0, 0, 0, 0]",1,128,48.0,288.0,1037894650,1037905626,1037906132,1037908564,0,114944,114944,-1,1,10976,2432,8,512,512,2
16,3,"[2, 48, 1, 3, 3, 0, 0, 0, 0, 0, 0, 0, 0, 0, 0, 4, 0, 0, 0, 0, 0, 0, 0, 0, 0, 0, 0, 0, 0, 0]",1,128,432.0,1732.0,1038012738,1038024115,1038023508,1038026740,0,127360,127360,-1,1,11377,3232,8,512,512,2
12,3,"[2, 48, 1, 3, 3, 0, 0, 0, 0, 0, 0, 0, 0, 0, 0, 2, 48, 1, 3, 3, 0, 0, 0, 0, 0, 0, 0, 0, 0, 0]",1,128,432.0,2592.0,1038139250,1038154994,1038154100,1038156404,0,127329,127329,-1,1,15744,2304,8,512,512,2
12,3,"[2, 48, 1, 3, 3, 0, 0, 0, 0, 0, 0, 0, 0, 0, 0, 2, 48, 1, 3, 3, 0, 0, 0, 0, 0, 0, 0, 0, 0, 0]",1,128,432.0,2592.0,1038270622,1038284705,1038283733,1038286868,0,150080,150080,-1,1,14083,3135,8,512,512,2
16,3,"[2, 48, 0, 0, 0, 0, 0, 0, 0, 0, 0, 0, 0, 0, 0, 4, 0, 0, 0, 0, 0, 0, 0, 0, 0, 0, 0, 0, 0, 0]",1,128,48.0,196.0,1038422205,1038438082,1038436948,1038439029,0,153567,153567,-1,1,15877,2081,8,512,512,2
12,3,"[2, 48, 0, 0, 0, 0, 0, 0, 0, 0, 0, 0, 0, 0, 0, 2, 48, 0, 0, 0, 0, 0, 0, 0, 0, 0, 0, 0, 0, 0]",1,128,48.0,288.0,1038578920,1038592702,1038592596,1038594677,0,113855,113855,-1,1,13782,2081,8,512,512,2
12,3,"[2, 48, 0, 0, 0, 0, 0, 0, 0, 0, 0, 0, 0, 0, 0, 2, 48, 0, 0, 0, 0, 0, 0, 0, 0, 0, 0, 0, 0, 0]",1,128,48.0,288.0,1038696803,1038707876,1038708532,1038710997,0,92544,92544,-1,1,11073,2465,8,512,512,2
16,3,"[2, 48, 0, 0, 0, 0, 0, 0, 0, 0, 0, 0, 0, 0, 0, 4, 0, 0, 0, 0, 0, 0, 0, 0, 0, 0, 0, 0, 0, 0]",1,128,48.0,196.0,1038793631,1038803597,1038803541,1038805620,0,86016,86016,-1,1,9966,2079,8,512,512,2
12,3,"[2, 48, 0, 0, 0, 0, 0, 0, 0, 0, 0, 0, 0, 0, 0, 2, 48, 0, 0, 0, 0, 0, 0, 0, 0, 0, 0, 0, 0, 0]",1,128,48.0,288.0,1038883510,1038891212,1038891636,1038893684,0,83552,83552,-1,1,7702,2048,8,512,512,2
12,3,"[2, 48, 0, 0, 0, 0, 0, 0, 0, 0, 0, 0, 0, 0, 0, 2, 48, 0, 0, 0, 0, 0, 0, 0, 0, 0, 0, 0, 0, 0]",1,128,48.0,288.0,1038968237,1038975932,1038977236,1038979669,0,94239,94239,-1,1,7695,2433,8,512,512,2
16,3,"[2, 48, 48, 1, 1, 0, 0, 0, 0, 0, 0, 0, 0, 0, 0, 4, 0, 0, 0, 0, 0, 0, 0, 0, 0, 0, 0, 0, 0, 0]",5,128,2304.0,9220.0,1039065328,1039073833,1039073908,1039077141,0,84799,84799,-1,1,8505,3233,8,512,512,2
12,3,"[2, 48, 48, 1, 1, 0, 0, 0, 0, 0, 0, 0, 0, 0, 0, 2, 48, 48, 1, 1, 0, 0, 0, 0, 0, 0, 0, 0, 0, 0]",5,128,2304.0,13824.0,1039153260,1039161607,1039161940,1039164021,0,132992,132992,-1,1,8347,2081,8,512,512,2
12,3,"[2, 48, 48, 1, 1, 0, 0, 0, 0, 0, 0, 0, 0, 0, 0, 2, 48, 48, 1, 1, 0, 0, 0, 0, 0, 0, 0, 0, 0, 0]",5,128,2304.0,13824.0,1039283554,1039297803,1039297013,1039299188,0,140833,140833,-1,1,14249,2175,8,512,512,2
16,3,"[2, 48, 0, 0, 0, 0, 0, 0, 0, 0, 0, 0, 0, 0, 0, 4, 0, 0, 0, 0, 0, 0, 0, 0, 0, 0, 0, 0, 0, 0]",1,128,48.0,196.0,1039426103,1039440607,1039440021,1039442485,0,131456,131456,-1,1,14504,2464,8,512,512,2
12,3,"[2, 48, 0, 0, 0, 0, 0, 0, 0, 0, 0, 0, 0, 0, 0, 2, 48, 0, 0, 0, 0, 0, 0, 0, 0, 0, 0, 0, 0, 0]",1,128,48.0,288.0,1039562186,1039575155,1039573941,1039577493,0,139456,139456,-1,1,12969,3552,8,512,512,2
12,3,"[2, 48, 0, 0, 0, 0, 0, 0, 0, 0, 0, 0, 0, 0, 0, 2, 48, 0, 0, 0, 0, 0, 0, 0, 0, 0, 0, 0, 0, 0]",1,128,48.0,288.0,1039703741,1039716768,1039716949,1039719029,0,150720,150720,-1,1,13027,2080,8,512,512,2
16,3,"[2, 48, 0, 0, 0, 0, 0, 0, 0, 0, 0, 0, 0, 0, 0, 4, 0, 0, 0, 0, 0, 0, 0, 0, 0, 0, 0, 0, 0, 0]",1,128,48.0,196.0,1039856582,1039870314,1039869749,1039872213,0,137728,137728,-1,1,13732,2464,8,512,512,2
12,3,"[2, 48, 0, 0, 0, 0, 0, 0, 0, 0, 0, 0, 0, 0, 0, 2, 48, 0, 0, 0, 0, 0, 0, 0, 0, 0, 0, 0, 0, 0]",1,128,48.0,288.0,1039998264,1040010563,1040009941,1040012981,0,136224,136224,-1,1,12299,3040,8,512,512,2
12,3,"[2, 48, 0, 0, 0, 0, 0, 0, 0, 0, 0, 0, 0, 0, 0, 2, 48, 0, 0, 0, 0, 0, 0, 0, 0, 0, 0, 0, 0, 0]",1,128,48.0,288.0,1040138518,1040149843,1040149205,1040152213,0,142304,142304,-1,1,11325,3008,8,512,512,2
16,3,"[2, 48, 48, 1, 1, 0, 0, 0, 0, 0, 0, 0, 0, 0, 0, 4, 0, 0, 0, 0, 0, 0, 0, 0, 0, 0, 0, 0, 0, 0]",5,128,2304.0,9220.0,1040279555,1040295901,1040294517,1040296565,0,149504,149504,-1,1,16346,2048,8,512,512,2
12,3,"[2, 48, 48, 1, 1, 0, 0, 0, 0, 0, 0, 0, 0, 0, 0, 2, 48, 48, 1, 1, 0, 0, 0, 0, 0, 0, 0, 0, 0, 0]",5,128,2304.0,13824.0,1040432383,1040446117,1040446069,1040448117,0,120832,120832,-1,1,13734,2048,8,512,512,2
12,3,"[2, 48, 48, 1, 1, 0, 0, 0, 0, 0, 0, 0, 0, 0, 0, 2, 48, 48, 1, 1, 0, 0, 0, 0, 0, 0, 0, 0, 0, 0]",5,128,2304.0,13824.0,1040556951,1040568663,1040568949,1040570997,0,98272,98272,-1,1,11712,2048,8,512,512,2
16,3,"[2, 48, 0, 0, 0, 0, 0, 0, 0, 0, 0, 0, 0, 0, 0, 4, 0, 0, 0, 0, 0, 0, 0, 0, 0, 0, 0, 0, 0, 0]",1,128,48.0,196.0,1040659324,1040669466,1040669269,1040671349,0,96288,96288,-1,1,10142,2080,8,512,512,2
12,3,"[2, 48, 0, 0, 0, 0, 0, 0, 0, 0, 0, 0, 0, 0, 0, 2, 48, 0, 0, 0, 0, 0, 0, 0, 0, 0, 0, 0, 0, 0]",1,128,48.0,288.0,1040758611,1040767535,1040767637,1040769653,0,91680,91680,-1,1,8924,2016,8,512,512,2
12,3,"[2, 48, 0, 0, 0, 0, 0, 0, 0, 0, 0, 0, 0, 0, 0, 2, 48, 0, 0, 0, 0, 0, 0, 0, 0, 0, 0, 0, 0, 0]",1,128,48.0,288.0,1040852143,1040860568,1040861333,1040863765,0,104608,104608,-1,1,8425,2432,8,512,512,2
16,3,"[2, 48, 0, 0, 0, 0, 0, 0, 0, 0, 0, 0, 0, 0, 0, 4, 0, 0, 0, 0, 0, 0, 0, 0, 0, 0, 0, 0, 0, 0]",1,128,48.0,196.0,1040957907,1040969437,1040968373,1040971413,0,88096,88096,-1,1,11530,3040,8,512,512,2
12,3,"[2, 48, 0, 0, 0, 0, 0, 0, 0, 0, 0, 0, 0, 0, 0, 2, 48, 0, 0, 0, 0, 0, 0, 0, 0, 0, 0, 0, 0, 0]",1,128,48.0,288.0,1041050139,1041059231,1041059509,1041061941,0,82464,82464,-1,1,9092,2432,8,512,512,2
12,3,"[2, 48, 0, 0, 0, 0, 0, 0, 0, 0, 0, 0, 0, 0, 0, 2, 48, 0, 0, 0, 0, 0, 0, 0, 0, 0, 0, 0, 0, 0]",1,128,48.0,288.0,1041135655,1041143814,1041144405,1041146485,0,85312,85312,-1,1,8159,2080,8,512,512,2
16,3,"[2, 48, 1, 3, 3, 0, 0, 0, 0, 0, 0, 0, 0, 0, 0, 4, 0, 0, 0, 0, 0, 0, 0, 0, 0, 0, 0, 0, 0, 0]",1,128,432.0,1732.0,1041222976,1041231513,1041231797,1041234293,0,93536,93536,-1,1,8537,2496,8,512,512,2
12,3,"[2, 48, 1, 3, 3, 0, 0, 0, 0, 0, 0, 0, 0, 0, 0, 2, 48, 1, 3, 3, 0, 0, 0, 0, 0, 0, 0, 0, 0, 0]",1,128,432.0,2592.0,1041319121,1041327232,1041327829,1041330389,0,83936,83936,-1,1,8111,2560,8,512,512,2
12,3,"[2, 48, 1, 3, 3, 0, 0, 0, 0, 0, 0, 0, 0, 0, 0, 2, 48, 1, 3, 3, 0, 0, 0, 0, 0, 0, 0, 0, 0, 0]",1,128,432.0,2592.0,1041405942,1041413622,1041414325,1041416821,0,83168,83168,-1,1,7680,2496,8,512,512,2
16,3,"[2, 48, 0, 0, 0, 0, 0, 0, 0, 0, 0, 0, 0, 0, 0, 4, 0, 0, 0, 0, 0, 0, 0, 0, 0, 0, 0, 0, 0, 0]",1,128,48.0,196.0,1041491252,1041499350,1041499989,1041502421,0,82304,82304,-1,1,8098,2432,8,512,512,2
12,3,"[2, 48, 0, 0, 0, 0, 0, 0, 0, 0, 0, 0, 0, 0, 0, 2, 48, 0, 0, 0, 0, 0, 0, 0, 0, 0, 0, 0, 0, 0]",1,128,48.0,288.0,1041577222,1041584497,1041584725,1041586805,0,81568,81568,-1,1,7275,2080,8,512,512,2
12,3,"[2, 48, 0, 0, 0, 0, 0, 0, 0, 0, 0, 0, 0, 0, 0, 2, 48, 0, 0, 0, 0, 0, 0, 0, 0, 0, 0, 0, 0, 0]",1,128,48.0,288.0,1041660635,1041667635,1041668373,1041670773,0,81600,81600,-1,1,7000,2400,8,512,512,2
16,3,"[2, 48, 0, 0, 0, 0, 0, 0, 0, 0, 0, 0, 0, 0, 0, 4, 0, 0, 0, 0, 0, 0, 0, 0, 0, 0, 0, 0, 0, 0]",1,128,48.0,196.0,1041743650,1041751582,1041752373,1041754741,0,88032,88032,-1,1,7932,2368,8,512,512,2
12,3,"[2, 48, 0, 0, 0, 0, 0, 0, 0, 0, 0, 0, 0, 0, 0, 2, 48, 0, 0, 0, 0, 0, 0, 0, 0, 0, 0, 0, 0, 0]",1,128,48.0,288.0,1041834873,1041842664,1041842773,1041844853,0,83712,83712,-1,1,7791,2080,8,512,512,2
12,3,"[2, 48, 0, 0, 0, 0, 0, 0, 0, 0, 0, 0, 0, 0, 0, 2, 48, 0, 0, 0, 0, 0, 0, 0, 0, 0, 0, 0, 0, 0]",1,128,48.0,288.0,1041920220,1041927898,1041928565,1041930869,0,85696,85696,-1,1,7678,2304,8,512,512,2
16,3,"[2, 48, 48, 1, 1, 0, 0, 0, 0, 0, 0, 0, 0, 0, 0, 4, 0, 0, 0, 0, 0, 0, 0, 0, 0, 0, 0, 0, 0, 0]",5,128,2304.0,9220.0,1042007894,1042016099,1042016565,1042018933,0,83936,83936,-1,1,8205,2368,8,512,512,2
12,3,"[2, 48, 48, 1, 1, 0, 0, 0, 0, 0, 0, 0, 0, 0, 0, 2, 48, 48, 1, 1, 0, 0, 0, 0, 0, 0, 0, 0, 0, 0]",5,128,2304.0,13824.0,1042094337,1042102350,1042102869,1042104949,0,83936,83936,-1,1,8013,2080,8,512,512,2
12,3,"[2, 48, 48, 1, 1, 0, 0, 0, 0, 0, 0, 0, 0, 0, 0, 2, 48, 48, 1, 1, 0, 0, 0, 0, 0, 0, 0, 0, 0, 0]",5,128,2304.0,13824.0,1042180729,1042188295,1042188885,1042190965,0,81888,81888,-1,1,7566,2080,8,512,512,2
16,3,"[2, 48, 0, 0, 0, 0, 0, 0, 0, 0, 0, 0, 0, 0, 0, 4, 0, 0, 0, 0, 0, 0, 0, 0, 0, 0, 0, 0, 0, 0]",1,128,48.0,196.0,1042264855,1042272470,1042272853,1042274933,0,223104,223104,-1,1,7615,2080,8,512,512,2
12,3,"[2, 48, 0, 0, 0, 0, 0, 0, 0, 0, 0, 0, 0, 0, 0, 2, 48, 0, 0, 0, 0, 0, 0, 0, 0, 0, 0, 0, 0, 0]",1,128,48.0,288.0,1042486793,1042497652,1042498037,1042500213,0,98016,98016,-1,1,10859,2176,8,512,512,2
12,3,"[2, 48, 0, 0, 0, 0, 0, 0, 0, 0, 0, 0, 0, 0, 0, 2, 48, 0, 0, 0, 0, 0, 0, 0, 0, 0, 0, 0, 0, 0]",1,128,48.0,288.0,1042589009,1042597622,1042598229,1042600565,0,86368,86368,-1,1,8613,2336,8,512,512,2
16,3,"[2, 48, 0, 0, 0, 0, 0, 0, 0, 0, 0, 0, 0, 0, 0, 4, 0, 0, 0, 0, 0, 0, 0, 0, 0, 0, 0, 0, 0, 0]",1,128,48.0,196.0,1042678741,1042687107,1042686933,1042689909,0,83744,83744,-1,1,8366,2976,8,512,512,2
12,3,"[2, 48, 0, 0, 0, 0, 0, 0, 0, 0, 0, 0, 0, 0, 0, 2, 48, 0, 0, 0, 0, 0, 0, 0, 0, 0, 0, 0, 0, 0]",1,128,48.0,288.0,1042765458,1042772999,1042773653,1042776085,0,84352,84352,-1,1,7541,2432,8,512,512,2
12,3,"[2, 48, 0, 0, 0, 0, 0, 0, 0, 0, 0, 0, 0, 0, 0, 2, 48, 0, 0, 0, 0, 0, 0, 0, 0, 0, 0, 0, 0, 0]",1,128,48.0,288.0,1042852040,1042859701,1042860437,1042862709,0,84256,84256,-1,1,7661,2272,8,512,512,2
16,3,"[2, 48, 48, 1, 1, 0, 0, 0, 0, 0, 0, 0, 0, 0, 0, 4, 0, 0, 0, 0, 0, 0, 0, 0, 0, 0, 0, 0, 0, 0]",5,128,2304.0,9220.0,1042939121,1042947125,1042946965,1042950005,0,92896,92896,-1,1,8004,3040,8,512,512,2
12,3,"[2, 48, 48, 1, 1, 0, 0, 0, 0, 0, 0, 0, 0, 0, 0, 2, 48, 48, 1, 1, 0, 0, 0, 0, 0, 0, 0, 0, 0, 0]",5,128,2304.0,13824.0,1043034165,1043042708,1043042901,1043044981,0,83168,83168,-1,1,8543,2080,8,512,512,2
12,3,"[2, 48, 48, 1, 1, 0, 0, 0, 0, 0, 0, 0, 0, 0, 0, 2, 48, 48, 1, 1, 0, 0, 0, 0, 0, 0, 0, 0, 0, 0]",5,128,2304.0,13824.0,1043120222,1043127432,1043128149,1043130901,0,79936,79936,-1,1,7210,2752,8,512,512,2
16,3,"[2, 48, 0, 0, 0, 0, 0, 0, 0, 0, 0, 0, 0, 0, 0, 4, 0, 0, 0, 0, 0, 0, 0, 0, 0, 0, 0, 0, 0, 0]",1,128,48.0,196.0,1043202881,1043210829,1043210837,1043212917,0,92000,92000,-1,1,7948,2080,8,512,512,2
12,3,"[2, 48, 0, 0, 0, 0, 0, 0, 0, 0, 0, 0, 0, 0, 0, 2, 48, 0, 0, 0, 0, 0, 0, 0, 0, 0, 0, 0, 0, 0]",1,128,48.0,288.0,1043296349,1043304345,1043304917,1043307125,0,82176,82176,-1,1,7996,2208,8,512,512,2
12,3,"[2, 48, 0, 0, 0, 0, 0, 0, 0, 0, 0, 0, 0, 0, 0, 2, 48, 0, 0, 0, 0, 0, 0, 0, 0, 0, 0, 0, 0, 0]",1,128,48.0,288.0,1043381488,1043389154,1043389301,1043392821,0,82048,82048,-1,1,7666,3520,8,512,512,2
16,3,"[2, 48, 0, 0, 0, 0, 0, 0, 0, 0, 0, 0, 0, 0, 0, 4, 0, 0, 0, 0, 0, 0, 0, 0, 0, 0, 0, 0, 0, 0]",1,128,48.0,196.0,1043465979,1043474471,1043474869,1043477109,0,89600,89600,-1,1,8492,2240,8,512,512,2
12,3,"[2, 48, 0, 0, 0, 0, 0, 0, 0, 0, 0, 0, 0, 0, 0, 2, 48, 0, 0, 0, 0, 0, 0, 0, 0, 0, 0, 0, 0, 0]",1,128,48.0,288.0,1043558253,1043565785,1043566709,1043569173,0,83552,83552,-1,1,7532,2464,8,512,512,2
12,3,"[2, 48, 0, 0, 0, 0, 0, 0, 0, 0, 0, 0, 0, 0, 0, 2, 48, 0, 0, 0, 0, 0, 0, 0, 0, 0, 0, 0, 0, 0]",1,128,48.0,288.0,1043643661,1043652340,1043652725,1043655157,0,122880,122880,-1,1,8679,2432,8,512,512,2
16,3,"[2, 48, 1, 3, 3, 0, 0, 0, 0, 0, 0, 0, 0, 0, 0, 4, 0, 0, 0, 0, 0, 0, 0, 0, 0, 0, 0, 0, 0, 0]",1,128,432.0,1732.0,1043764792,1043778611,1043778037,1043780213,0,131424,131424,-1,1,13819,2176,8,512,512,2
12,3,"[2, 48, 1, 3, 3, 0, 0, 0, 0, 0, 0, 0, 0, 0, 0, 2, 48, 1, 3, 3, 0, 0, 0, 0, 0, 0, 0, 0, 0, 0]",1,128,432.0,2592.0,1043899164,1043912567,1043911637,1043914741,0,135424,135424,-1,1,13403,3104,8,512,512,2
12,3,"[2, 48, 1, 3, 3, 0, 0, 0, 0, 0, 0, 0, 0, 0, 0, 2, 48, 1, 3, 3, 0, 0, 0, 0, 0, 0, 0, 0, 0, 0]",1,128,432.0,2592.0,1044038199,1044050297,1044050165,1044052597,0,141376,141376,-1,1,12098,2432,8,512,512,2
16,3,"[2, 48, 0, 0, 0, 0, 0, 0, 0, 0, 0, 0, 0, 0, 0, 4, 0, 0, 0, 0, 0, 0, 0, 0, 0, 0, 0, 0, 0, 0]",1,128,48.0,196.0,1044181520,1044195113,1044193973,1044195957,0,143360,143360,-1,1,13593,1984,8,512,512,2
12,3,"[2, 48, 0, 0, 0, 0, 0, 0, 0, 0, 0, 0, 0, 0, 0, 2, 48, 0, 0, 0, 0, 0, 0, 0, 0, 0, 0, 0, 0, 0]",1,128,48.0,288.0,1044326124,1044339771,1044339317,1044341365,0,126976,126976,-1,1,13647,2048,8,512,512,2
12,3,"[2, 48, 0, 0, 0, 0, 0, 0, 0, 0, 0, 0, 0, 0, 0, 2, 48, 0, 0, 0, 0, 0, 0, 0, 0, 0, 0, 0, 0, 0]",1,128,48.0,288.0,1044456795,1044468120,1044468341,1044470389,0,92576,92576,-1,1,11325,2048,8,512,512,2
16,3,"[2, 48, 0, 0, 0, 0, 0, 0, 0, 0, 0, 0, 0, 0, 0, 4, 0, 0, 0, 0, 0, 0, 0, 0, 0, 0, 0, 0, 0, 0]",1,128,48.0,196.0,1044554362,1044563239,1044562965,1044565973,0,84320,84320,-1,1,8877,3008,8,512,512,2
12,3,"[2, 48, 0, 0, 0, 0, 0, 0, 0, 0, 0, 0, 0, 0, 0, 2, 48, 0, 0, 0, 0, 0, 0, 0, 0, 0, 0, 0, 0, 0]",1,128,48.0,288.0,1044641505,1044649662,1044650293,1044652661,0,81792,81792,-1,1,8157,2368,8,512,512,2
12,3,"[2, 48, 0, 0, 0, 0, 0, 0, 0, 0, 0, 0, 0, 0, 0, 2, 48, 0, 0, 0, 0, 0, 0, 0, 0, 0, 0, 0, 0, 0]",1,128,48.0,288.0,1044726315,1044733597,1044734453,1044736629,0,86176,86176,-1,1,7282,2176,8,512,512,2
16,3,"[2, 48, 48, 1, 1, 0, 0, 0, 0, 0, 0, 0, 0, 0, 0, 4, 0, 0, 0, 0, 0, 0, 0, 0, 0, 0, 0, 0, 0, 0]",5,128,2304.0,9220.0,1044814548,1044822893,1044822805,1044825877,0,82816,82816,-1,1,8345,3072,8,512,512,2
12,3,"[2, 48, 48, 1, 1, 0, 0, 0, 0, 0, 0, 0, 0, 0, 0, 2, 48, 48, 1, 1, 0, 0, 0, 0, 0, 0, 0, 0, 0, 0]",5,128,2304.0,13824.0,1044901029,1044908661,1044908693,1044911765,0,90624,90624,-1,1,7632,3072,8,512,512,2
12,3,"[2, 48, 48, 1, 1, 0, 0, 0, 0, 0, 0, 0, 0, 0, 0, 2, 48, 48, 1, 1, 0, 0, 0, 0, 0, 0, 0, 0, 0, 0]",5,128,2304.0,13824.0,1044993502,1045001660,1045002389,1045004853,0,83680,83680,-1,1,8158,2464,8,512,512,2
16,3,"[2, 48, 0, 0, 0, 0, 0, 0, 0, 0, 0, 0, 0, 0, 0, 4, 0, 0, 0, 0, 0, 0, 0, 0, 0, 0, 0, 0, 0, 0]",1,128,48.0,196.0,1045080295,1045088061,1045088533,1045090933,0,79872,79872,-1,1,7766,2400,8,512,512,2
12,3,"[2, 48, 0, 0, 0, 0, 0, 0, 0, 0, 0, 0, 0, 0, 0, 2, 48, 0, 0, 0, 0, 0, 0, 0, 0, 0, 0, 0, 0, 0]",1,128,48.0,288.0,1045163099,1045170682,1045170805,1045172853,0,84064,84064,-1,1,7583,2048,8,512,512,2
12,3,"[2, 48, 0, 0, 0, 0, 0, 0, 0, 0, 0, 0, 0, 0, 0, 2, 48, 0, 0, 0, 0, 0, 0, 0, 0, 0, 0, 0, 0, 0]",1,128,48.0,288.0,1045248915,1045256778,1045256917,1045259925,0,78817,78817,-1,1,7863,3008,8,512,512,2
16,3,"[2, 48, 0, 0, 0, 0, 0, 0, 0, 0, 0, 0, 0, 0, 0, 4, 0, 0, 0, 0, 0, 0, 0, 0, 0, 0, 0, 0, 0, 0]",1,128,48.0,196.0,1045331214,1045338881,1045338742,1045340789,0,88001,88001,-1,1,7667,2047,8,512,512,2
12,3,"[2, 48, 0, 0, 0, 0, 0, 0, 0, 0, 0, 0, 0, 0, 0, 2, 48, 0, 0, 0, 0, 0, 0, 0, 0, 0, 0, 0, 0, 0]",1,128,48.0,288.0,1045421788,1045427695,1045428790,1045430901,0,67169,67169,-1,1,5907,2111,8,512,512,2
12,3,"[2, 48, 0, 0, 0, 0, 0, 0, 0, 0, 0, 0, 0, 0, 0, 2, 48, 0, 0, 0, 0, 0, 0, 0, 0, 0, 0, 0, 0, 0]",1,128,48.0,288.0,1045483056,1045497258,1045498070,1045500534,0,61407,61407,-1,1,14202,2464,8,512,512,2
16,3,"[2, 48, 48, 1, 1, 0, 0, 0, 0, 0, 0, 0, 0, 0, 0, 4, 0, 0, 0, 0, 0, 0, 0, 0, 0, 0, 0, 0, 0, 0]",5,128,2304.0,9220.0,1045555205,1045561613,1045561941,1045564022,0,61407,61407,-1,1,6408,2081,8,512,512,2
12,3,"[2, 48, 48, 1, 1, 0, 0, 0, 0, 0, 0, 0, 0, 0, 0, 2, 48, 48, 1, 1, 0, 0, 0, 0, 0, 0, 0, 0, 0, 0]",5,128,2304.0,13824.0,1045619091,1045624778,1045625429,1045627509,0,60705,60705,-1,1,5687,2080,8,512,512,2
12,3,"[2, 48, 48, 1, 1, 0, 0, 0, 0, 0, 0, 0, 0, 0, 0, 2, 48, 48, 1, 1, 0, 0, 0, 0, 0, 0, 0, 0, 0, 0]",5,128,2304.0,13824.0,1045680878,1045686830,1045688214,1045690710,0,59680,59680,-1,1,5952,2496,8,512,512,2
16,3,"[2, 48, 0, 0, 0, 0, 0, 0, 0, 0, 0, 0, 0, 0, 0, 4, 0, 0, 0, 0, 0, 0, 0, 0, 0, 0, 0, 0, 0, 0]",1,128,48.0,196.0,1045743080,1045749420,1045750390,1045752437,0,74016,74016,-1,1,6340,2047,8,512,512,2
12,3,"[2, 48, 0, 0, 0, 0, 0, 0, 0, 0, 0, 0, 0, 0, 0, 2, 48, 0, 0, 0, 0, 0, 0, 0, 0, 0, 0, 0, 0, 0]",1,128,48.0,288.0,1045818531,1045826240,1045826453,1045829462,0,64064,64064,-1,1,7709,3009,8,512,512,2
12,3,"[2, 48, 0, 0, 0, 0, 0, 0, 0, 0, 0, 0, 0, 0, 0, 2, 48, 0, 0, 0, 0, 0, 0, 0, 0, 0, 0, 0, 0, 0]",1,128,48.0,288.0,1045886595,1045892554,1045893526,1045895798,0,69600,69600,-1,1,5959,2272,8,512,512,2
16,3,"[2, 48, 0, 0, 0, 0, 0, 0, 0, 0, 0, 0, 0, 0, 0, 4, 0, 0, 0, 0, 0, 0, 0, 0, 0, 0, 0, 0, 0, 0]",1,128,48.0,196.0,1045958020,1045964597,1045965398,1045967477,0,61409,61409,-1,1,6577,2079,8,512,512,2
12,3,"[2, 48, 0, 0, 0, 0, 0, 0, 0, 0, 0, 0, 0, 0, 0, 2, 48, 0, 0, 0, 0, 0, 0, 0, 0, 0, 0, 0, 0, 0]",1,128,48.0,288.0,1046022204,1046028138,1046028886,1046030966,0,61024,61024,-1,1,5934,2080,8,512,512,2
12,3,"[2, 48, 0, 0, 0, 0, 0, 0, 0, 0, 0, 0, 0, 0, 0, 2, 48, 0, 0, 0, 0, 0, 0, 0, 0, 0, 0, 0, 0, 0]",1,128,48.0,288.0,1046085462,1046090896,1046091990,1046094454,0,60799,60799,-1,1,5434,2464,8,512,512,2
16,3,"[2, 48, 1, 3, 3, 0, 0, 0, 0, 0, 0, 0, 0, 0, 0, 4, 0, 0, 0, 0, 0, 0, 0, 0, 0, 0, 0, 0, 0, 0]",1,128,432.0,1732.0,1046148290,1046154298,1046155253,1046157749,0,182433,182433,-1,1,6008,2496,8,512,512,2
12,3,"[2, 48, 1, 3, 3, 0, 0, 0, 0, 0, 0, 0, 0, 0, 0, 2, 48, 1, 3, 3, 0, 0, 0, 0, 0, 0, 0, 0, 0, 0]",1,128,432.0,2592.0,1046330050,1046339931,1046340182,1046342261,0,77793,77793,-1,1,9881,2079,8,512,512,2
12,3,"[2, 48, 1, 3, 3, 0, 0, 0, 0, 0, 0, 0, 0, 0, 0, 2, 48, 1, 3, 3, 0, 0, 0, 0, 0, 0, 0, 0, 0, 0]",1,128,432.0,2592.0,1046412099,1046419699,1046420054,1046422133,0,67937,67937,-1,1,7600,2079,8,512,512,2
16,3,"[2, 48, 0, 0, 0, 0, 0, 0, 0, 0, 0, 0, 0, 0, 0, 4, 0, 0, 0, 0, 0, 0, 0, 0, 0, 0, 0, 0, 0, 0]",1,128,48.0,196.0,1046483266,1046490124,1046490070,1046493046,0,64608,64608,-1,1,6858,2976,8,512,512,2
12,3,"[2, 48, 0, 0, 0, 0, 0, 0, 0, 0, 0, 0, 0, 0, 0, 2, 48, 0, 0, 0, 0, 0, 0, 0, 0, 0, 0, 0, 0, 0]",1,128,48.0,288.0,1046550531,1046557348,1046557654,1046560661,0,64001,64001,-1,1,6817,3007,8,512,512,2
12,3,"[2, 48, 0, 0, 0, 0, 0, 0, 0, 0, 0, 0, 0, 0, 0, 2, 48, 0, 0, 0, 0, 0, 0, 0, 0, 0, 0, 0, 0, 0]",1,128,48.0,288.0,1046617099,1046622926,1046624662,1046626934,0,60960,60960,-1,1,5827,2272,8,512,512,2
16,3,"[2, 48, 0, 0, 0, 0, 0, 0, 0, 0, 0, 0, 0, 0, 0, 4, 0, 0, 0, 0, 0, 0, 0, 0, 0, 0, 0, 0, 0, 0]",1,128,48.0,196.0,1046680556,1046687117,1046687894,1046690358,0,59456,59456,-1,1,6561,2464,8,512,512,2
12,3,"[2, 48, 0, 0, 0, 0, 0, 0, 0, 0, 0, 0, 0, 0, 0, 2, 48, 0, 0, 0, 0, 0, 0, 0, 0, 0, 0, 0, 0, 0]",1,128,48.0,288.0,1046743504,1046749397,1046749814,1046751862,0,59360,59360,-1,1,5893,2048,8,512,512,2
12,3,"[2, 48, 0, 0, 0, 0, 0, 0, 0, 0, 0, 0, 0, 0, 0, 2, 48, 0, 0, 0, 0, 0, 0, 0, 0, 0, 0, 0, 0, 0]",1,128,48.0,288.0,1046804991,1046810552,1046811222,1046813302,0,69600,69600,-1,1,5561,2080,8,512,512,2
16,3,"[2, 48, 48, 1, 1, 0, 0, 0, 0, 0, 0, 0, 0, 0, 0, 4, 0, 0, 0, 0, 0, 0, 0, 0, 0, 0, 0, 0, 0, 0]",5,128,2304.0,9220.0,1046875919,1046882207,1046882902,1046884982,0,61408,61408,-1,1,6288,2080,8,512,512,2
12,3,"[2, 48, 48, 1, 1, 0, 0, 0, 0, 0, 0, 0, 0, 0, 0, 2, 48, 48, 1, 1, 0, 0, 0, 0, 0, 0, 0, 0, 0, 0]",5,128,2304.0,13824.0,1046939277,1046945404,1046946390,1046948470,0,59488,59488,-1,1,6127,2080,8,512,512,2
12,3,"[2, 48, 48, 1, 1, 0, 0, 0, 0, 0, 0, 0, 0, 0, 0, 2, 48, 48, 1, 1, 0, 0, 0, 0, 0, 0, 0, 0, 0, 0]",5,128,2304.0,13824.0,1047001586,1047007535,1047007958,1047010998,0,59776,59776,-1,1,5949,3040,8,512,512,2
16,3,"[2, 48, 0, 0, 0, 0, 0, 0, 0, 0, 0, 0, 0, 0, 0, 4, 0, 0, 0, 0, 0, 0, 0, 0, 0, 0, 0, 0, 0, 0]",1,128,48.0,196.0,1047063338,1047069955,1047070774,1047073238,0,59552,59552,-1,1,6617,2464,8,512,512,2
12,3,"[2, 48, 0, 0, 0, 0, 0, 0, 0, 0, 0, 0, 0, 0, 0, 2, 48, 0, 0, 0, 0, 0, 0, 0, 0, 0, 0, 0, 0, 0]",1,128,48.0,288.0,1047126280,1047132087,1047132790,1047134838,0,60864,60864,-1,1,5807,2048,8,512,512,2
12,3,"[2, 48, 0, 0, 0, 0, 0, 0, 0, 0, 0, 0, 0, 0, 0, 2, 48, 0, 0, 0, 0, 0, 0, 0, 0, 0, 0, 0, 0, 0]",1,128,48.0,288.0,1047188684,1047194713,1047195702,1047198134,0,75936,75936,-1,1,6029,2432,8,512,512,2
16,3,"[2, 48, 0, 0, 0, 0, 0, 0, 0, 0, 0, 0, 0, 0, 0, 4, 0, 0, 0, 0, 0, 0, 0, 0, 0, 0, 0, 0, 0, 0]",1,128,48.0,196.0,1047265670,1047273494,1047274070,1047276150,0,63040,63040,-1,1,7824,2080,8,512,512,2
12,3,"[2, 48, 0, 0, 0, 0, 0, 0, 0, 0, 0, 0, 0, 0, 0, 2, 48, 0, 0, 0, 0, 0, 0, 0, 0, 0, 0, 0, 0, 0]",1,128,48.0,288.0,1047332034,1047338331,1047339190,1047341654,0,58720,58720,-1,1,6297,2464,8,512,512,2
12,3,"[2, 48, 0, 0, 0, 0, 0, 0, 0, 0, 0, 0, 0, 0, 0, 2, 48, 0, 0, 0, 0, 0, 0, 0, 0, 0, 0, 0, 0, 0]",1,128,48.0,288.0,1047393169,1047399122,1047400374,1047402838,0,59680,59680,-1,1,5953,2464,8,512,512,2
16,3,"[2, 48, 48, 1, 1, 0, 0, 0, 0, 0, 0, 0, 0, 0, 0, 4, 0, 0, 0, 0, 0, 0, 0, 0, 0, 0, 0, 0, 0, 0]",5,128,2304.0,9220.0,1047456033,1047462243,1047462518,1047464566,0,61024,61024,-1,1,6210,2048,8,512,512,2
12,3,"[2, 48, 48, 1, 1, 0, 0, 0, 0, 0, 0, 0, 0, 0, 0, 2, 48, 48, 1, 1, 0, 0, 0, 0, 0, 0, 0, 0, 0, 0]",5,128,2304.0,13824.0,1047518455,1047524772,1047525590,1047528054,0,59520,59520,-1,1,6317,2464,8,512,512,2
12,3,"[2, 48, 48, 1, 1, 0, 0, 0, 0, 0, 0, 0, 0, 0, 0, 2, 48, 48, 1, 1, 0, 0, 0, 0, 0, 0, 0, 0, 0, 0]",5,128,2304.0,13824.0,1047581208,1047587122,1047587574,1047590614,0,81216,81216,-1,1,5914,3040,8,512,512,2
16,3,"[2, 48, 0, 0, 0, 0, 0, 0, 0, 0, 0, 0, 0, 0, 0, 4, 0, 0, 0, 0, 0, 0, 0, 0, 0, 0, 0, 0, 0, 0]",1,128,48.0,196.0,1047664993,1047671506,1047671830,1047674806,0,61248,61248,-1,1,6513,2976,8,512,512,2
12,3,"[2, 48, 0, 0, 0, 0, 0, 0, 0, 0, 0, 0, 0, 0, 0, 2, 48, 0, 0, 0, 0, 0, 0, 0, 0, 0, 0, 0, 0, 0]",1,128,48.0,288.0,1047729541,1047735037,1047736054,1047738518,0,58880,58880,-1,1,5496,2464,8,512,512,2
12,3,"[2, 48, 0, 0, 0, 0, 0, 0, 0, 0, 0, 0, 0, 0, 0, 2, 48, 0, 0, 0, 0, 0, 0, 0, 0, 0, 0, 0, 0, 0]",1,128,48.0,288.0,1047790286,1047796406,1047797398,1047799862,0,59328,59328,-1,1,6120,2464,8,512,512,2
16,3,"[2, 48, 0, 0, 0, 0, 0, 0, 0, 0, 0, 0, 0, 0, 0, 4, 0, 0, 0, 0, 0, 0, 0, 0, 0, 0, 0, 0, 0, 0]",1,128,48.0,196.0,1047851930,1047858438,1047859190,1047861622,0,58720,58720,-1,1,6508,2432,8,512,512,2
12,3,"[2, 48, 0, 0, 0, 0, 0, 0, 0, 0, 0, 0, 0, 0, 0, 2, 48, 0, 0, 0, 0, 0, 0, 0, 0, 0, 0, 0, 0, 0]",1,128,48.0,288.0,1047913853,1047919302,1047920342,1047922774,0,59904,59904,-1,1,5449,2432,8,512,512,2
12,3,"[2, 48, 0, 0, 0, 0, 0, 0, 0, 0, 0, 0, 0, 0, 0, 2, 48, 0, 0, 0, 0, 0, 0, 0, 0, 0, 0, 0, 0, 0]",1,128,48.0,288.0,1047975777,1047981423,1047982678,1047984758,0,60640,60640,-1,1,5646,2080,8,512,512,2
16,3,"[2, 48, 1, 3, 3, 0, 0, 0, 0, 0, 0, 0, 0, 0, 0, 4, 0, 0, 0, 0, 0, 0, 0, 0, 0, 0, 0, 0, 0, 0]",1,128,432.0,1732.0,1048038436,1048044704,1048045398,1048047926,0,65984,65984,-1,1,6268,2528,8,512,512,2
12,3,"[2, 48, 1, 3, 3, 0, 0, 0, 0, 0, 0, 0, 0, 0, 0, 2, 48, 1, 3, 3, 0, 0, 0, 0, 0, 0, 0, 0, 0, 0]",1,128,432.0,2592.0,1048107489,1048113570,1048113910,1048117014,0,61440,61440,-1,1,6081,3104,8,512,512,2
12,3,"[2, 48, 1, 3, 3, 0, 0, 0, 0, 0, 0, 0, 0, 0, 0, 2, 48, 1, 3, 3, 0, 0, 0, 0, 0, 0, 0, 0, 0, 0]",1,128,432.0,2592.0,1048171625,1048177608,1048178454,1048181366,0,57568,57568,-1,1,5983,2912,8,512,512,2
16,3,"[2, 48, 0, 0, 0, 0, 0, 0, 0, 0, 0, 0, 0, 0, 0, 4, 0, 0, 0, 0, 0, 0, 0, 0, 0, 0, 0, 0, 0, 0]",1,128,48.0,196.0,1048232886,1048238640,1048238934,1048241942,0,58176,58176,-1,1,5754,3008,8,512,512,2
12,3,"[2, 48, 0, 0, 0, 0, 0, 0, 0, 0, 0, 0, 0, 0, 0, 2, 48, 0, 0, 0, 0, 0, 0, 0, 0, 0, 0, 0, 0, 0]",1,128,48.0,288.0,1048293637,1048299086,1048300118,1048302198,0,59360,59360,-1,1,5449,2080,8,512,512,2
12,3,"[2, 48, 0, 0, 0, 0, 0, 0, 0, 0, 0, 0, 0, 0, 0, 2, 48, 0, 0, 0, 0, 0, 0, 0, 0, 0, 0, 0, 0, 0]",1,128,48.0,288.0,1048355227,1048360851,1048361558,1048363638,0,59360,59360,-1,1,5624,2080,8,512,512,2
16,3,"[2, 48, 0, 0, 0, 0, 0, 0, 0, 0, 0, 0, 0, 0, 0, 4, 0, 0, 0, 0, 0, 0, 0, 0, 0, 0, 0, 0, 0, 0]",1,128,48.0,196.0,1048416832,1048422538,1048422998,1048425078,0,65504,65504,-1,1,5706,2080,8,512,512,2
12,3,"[2, 48, 0, 0, 0, 0, 0, 0, 0, 0, 0, 0, 0, 0, 0, 2, 48, 0, 0, 0, 0, 0, 0, 0, 0, 0, 0, 0, 0, 0]",1,128,48.0,288.0,1048483942,1048490171,1048490582,1048492662,0,61120,61120,-1,1,6229,2080,8,512,512,2
12,3,"[2, 48, 0, 0, 0, 0, 0, 0, 0, 0, 0, 0, 0, 0, 0, 2, 48, 0, 0, 0, 0, 0, 0, 0, 0, 0, 0, 0, 0, 0]",1,128,48.0,288.0,1048547256,1048552819,1048553782,1048556150,0,60928,60928,-1,1,5563,2368,8,512,512,2
16,3,"[2, 48, 48, 1, 1, 0, 0, 0, 0, 0, 0, 0, 0, 0, 0, 4, 0, 0, 0, 0, 0, 0, 0, 0, 0, 0, 0, 0, 0, 0]",5,128,2304.0,9220.0,1048610199,1048616611,1048617078,1048619542,0,61312,61312,-1,1,6412,2464,8,512,512,2
12,3,"[2, 48, 48, 1, 1, 0, 0, 0, 0, 0, 0, 0, 0, 0, 0, 2, 48, 48, 1, 1, 0, 0, 0, 0, 0, 0, 0, 0, 0, 0]",5,128,2304.0,13824.0,1048673577,1048679494,1048680854,1048683126,0,59264,59264,-1,1,5917,2272,8,512,512,2
12,3,"[2, 48, 48, 1, 1, 0, 0, 0, 0, 0, 0, 0, 0, 0, 0, 2, 48, 48, 1, 1, 0, 0, 0, 0, 0, 0, 0, 0, 0, 0]",5,128,2304.0,13824.0,1048735510,1048740880,1048742390,1048744566,0,58464,58464,-1,1,5370,2176,8,512,512,2
16,3,"[2, 48, 0, 0, 0, 0, 0, 0, 0, 0, 0, 0, 0, 0, 0, 4, 0, 0, 0, 0, 0, 0, 0, 0, 0, 0, 0, 0, 0, 0]",1,128,48.0,196.0,1048796277,1048802195,1048803030,1048805494,0,65216,65216,-1,1,5918,2464,8,512,512,2
12,3,"[2, 48, 0, 0, 0, 0, 0, 0, 0, 0, 0, 0, 0, 0, 0, 2, 48, 0, 0, 0, 0, 0, 0, 0, 0, 0, 0, 0, 0, 0]",1,128,48.0,288.0,1048863966,1048869795,1048870710,1048873398,0,59552,59552,-1,1,5829,2688,8,512,512,2
12,3,"[2, 48, 0, 0, 0, 0, 0, 0, 0, 0, 0, 0, 0, 0, 0, 2, 48, 0, 0, 0, 0, 0, 0, 0, 0, 0, 0, 0, 0, 0]",1,128,48.0,288.0,1048926904,1048932451,1048932950,1048936086,0,162336,162336,-1,1,5547,3136,8,512,512,2
16,3,"[2, 48, 0, 0, 0, 0, 0, 0, 0, 0, 0, 0, 0, 0, 0, 4, 0, 0, 0, 0, 0, 0, 0, 0, 0, 0, 0, 0, 0, 0]",1,128,48.0,196.0,1049089320,1049098022,1049098422,1049100854,0,69088,69088,-1,1,8702,2432,8,512,512,2
12,3,"[2, 48, 0, 0, 0, 0, 0, 0, 0, 0, 0, 0, 0, 0, 0, 2, 48, 0, 0, 0, 0, 0, 0, 0, 0, 0, 0, 0, 0, 0]",1,128,48.0,288.0,1049162400,1049169030,1049169942,1049172406,0,61024,61024,-1,1,6630,2464,8,512,512,2
12,3,"[2, 48, 0, 0, 0, 0, 0, 0, 0, 0, 0, 0, 0, 0, 0, 2, 48, 0, 0, 0, 0, 0, 0, 0, 0, 0, 0, 0, 0, 0]",1,128,48.0,288.0,1049226290,1049232467,1049233430,1049235894,0,61984,61984,-1,1,6177,2464,8,512,512,2
16,3,"[2, 48, 48, 1, 1, 0, 0, 0, 0, 0, 0, 0, 0, 0, 0, 4, 0, 0, 0, 0, 0, 0, 0, 0, 0, 0, 0, 0, 0, 0]",5,128,2304.0,9220.0,1049290977,1049297071,1049297878,1049300918,0,66240,66240,-1,1,6094,3040,8,512,512,2
12,3,"[2, 48, 48, 1, 1, 0, 0, 0, 0, 0, 0, 0, 0, 0, 0, 2, 48, 48, 1, 1, 0, 0, 0, 0, 0, 0, 0, 0, 0, 0]",5,128,2304.0,13824.0,1049360290,1049366487,1049367158,1049369206,0,59456,59456,-1,1,6197,2048,8,512,512,2
12,3,"[2, 48, 48, 1, 1, 0, 0, 0, 0, 0, 0, 0, 0, 0, 0, 2, 48, 48, 1, 1, 0, 0, 0, 0, 0, 0, 0, 0, 0, 0]",5,128,2304.0,13824.0,1049422028,1049427672,1049428662,1049431766,0,60000,60000,-1,1,5644,3104,8,512,512,2
16,3,"[2, 48, 0, 0, 0, 0, 0, 0, 0, 0, 0, 0, 0, 0, 0, 4, 0, 0, 0, 0, 0, 0, 0, 0, 0, 0, 0, 0, 0, 0]",1,128,48.0,196.0,1049484035,1049490431,1049491766,1049494134,0,57568,57568,-1,1,6396,2368,8,512,512,2
12,3,"[2, 48, 0, 0, 0, 0, 0, 0, 0, 0, 0, 0, 0, 0, 0, 2, 48, 0, 0, 0, 0, 0, 0, 0, 0, 0, 0, 0, 0, 0]",1,128,48.0,288.0,1049545196,1049551278,1049551702,1049554710,0,58176,58176,-1,1,6082,3008,8,512,512,2
12,3,"[2, 48, 0, 0, 0, 0, 0, 0, 0, 0, 0, 0, 0, 0, 0, 2, 48, 0, 0, 0, 0, 0, 0, 0, 0, 0, 0, 0, 0, 0]",1,128,48.0,288.0,1049605481,1049611396,1049612886,1049614966,0,57408,57408,-1,1,5915,2080,8,512,512,2
16,3,"[2, 48, 0, 0, 0, 0, 0, 0, 0, 0, 0, 0, 0, 0, 0, 4, 0, 0, 0, 0, 0, 0, 0, 0, 0, 0, 0, 0, 0, 0]",1,128,48.0,196.0,1049666444,1049672273,1049672374,1049675414,0,66848,66848,-1,1,5829,3040,8,512,512,2
12,3,"[2, 48, 0, 0, 0, 0, 0, 0, 0, 0, 0, 0, 0, 0, 0, 2, 48, 0, 0, 0, 0, 0, 0, 0, 0, 0, 0, 0, 0, 0]",1,128,48.0,288.0,1049735440,1049741872,1049742262,1049745270,0,60160,60160,-1,1,6432,3008,8,512,512,2
12,3,"[2, 48, 0, 0, 0, 0, 0, 0, 0, 0, 0, 0, 0, 0, 0, 2, 48, 0, 0, 0, 0, 0, 0, 0, 0, 0, 0, 0, 0, 0]",1,128,48.0,288.0,1049798855,1049804360,1049805430,1049807478,0,59680,59680,-1,1,5505,2048,8,512,512,2
16,3,"[2, 48, 1, 3, 3, 0, 0, 0, 0, 0, 0, 0, 0, 0, 0, 4, 0, 0, 0, 0, 0, 0, 0, 0, 0, 0, 0, 0, 0, 0]",1,128,432.0,1732.0,1049861036,1049866908,1049867158,1049870230,0,59776,59776,-1,1,5872,3072,8,512,512,2
12,3,"[2, 48, 1, 3, 3, 0, 0, 0, 0, 0, 0, 0, 0, 0, 0, 2, 48, 1, 3, 3, 0, 0, 0, 0, 0, 0, 0, 0, 0, 0]",1,128,432.0,2592.0,1049923500,1049928978,1049930006,1049932406,0,60800,60800,-1,1,5478,2400,8,512,512,2
12,3,"[2, 48, 1, 3, 3, 0, 0, 0, 0, 0, 0, 0, 0, 0, 0, 2, 48, 1, 3, 3, 0, 0, 0, 0, 0, 0, 0, 0, 0, 0]",1,128,432.0,2592.0,1049986450,1049991895,1049993206,1049995894,0,58784,58784,-1,1,5445,2688,8,512,512,2
16,3,"[2, 48, 0, 0, 0, 0, 0, 0, 0, 0, 0, 0, 0, 0, 0, 4, 0, 0, 0, 0, 0, 0, 0, 0, 0, 0, 0, 0, 0, 0]",1,128,48.0,196.0,1050047445,1050053718,1050054678,1050057142,0,63808,63808,-1,1,6273,2464,8,512,512,2
12,3,"[2, 48, 0, 0, 0, 0, 0, 0, 0, 0, 0, 0, 0, 0, 0, 2, 48, 0, 0, 0, 0, 0, 0, 0, 0, 0, 0, 0, 0, 0]",1,128,48.0,288.0,1050114777,1050120592,1050120950,1050124310,0,59776,59776,-1,1,5815,3360,8,512,512,2
12,3,"[2, 48, 0, 0, 0, 0, 0, 0, 0, 0, 0, 0, 0, 0, 0, 2, 48, 0, 0, 0, 0, 0, 0, 0, 0, 0, 0, 0, 0, 0]",1,128,48.0,288.0,1050177503,1050182995,1050184086,1050186358,0,58976,58976,-1,1,5492,2272,8,512,512,2
16,3,"[2, 48, 0, 0, 0, 0, 0, 0, 0, 0, 0, 0, 0, 0, 0, 4, 0, 0, 0, 0, 0, 0, 0, 0, 0, 0, 0, 0, 0, 0]",1,128,48.0,196.0,1050238757,1050244574,1050245334,1050247798,0,59680,59680,-1,1,5817,2464,8,512,512,2
12,3,"[2, 48, 0, 0, 0, 0, 0, 0, 0, 0, 0, 0, 0, 0, 0, 2, 48, 0, 0, 0, 0, 0, 0, 0, 0, 0, 0, 0, 0, 0]",1,128,48.0,288.0,1050300452,1050306956,1050307478,1050310518,0,57312,57312,-1,1,6504,3040,8,512,512,2
12,3,"[2, 48, 0, 0, 0, 0, 0, 0, 0, 0, 0, 0, 0, 0, 0, 2, 48, 0, 0, 0, 0, 0, 0, 0, 0, 0, 0, 0, 0, 0]",1,128,48.0,288.0,1050361415,1050366813,1050367830,1050370646,0,57472,57472,-1,1,5398,2816,8,512,512,2
16,3,"[2, 48, 48, 1, 1, 0, 0, 0, 0, 0, 0, 0, 0, 0, 0, 4, 0, 0, 0, 0, 0, 0, 0, 0, 0, 0, 0, 0, 0, 0]",5,128,2304.0,9220.0,1050422145,1050427907,1050428118,1050431158,0,61376,61376,-1,1,5762,3040,8,512,512,2
12,3,"[2, 48, 48, 1, 1, 0, 0, 0, 0, 0, 0, 0, 0, 0, 0, 2, 48, 48, 1, 1, 0, 0, 0, 0, 0, 0, 0, 0, 0, 0]",5,128,2304.0,13824.0,1050485226,1050491394,1050492534,1050494998,0,64448,64448,-1,1,6168,2464,8,512,512,2
12,3,"[2, 48, 48, 1, 1, 0, 0, 0, 0, 0, 0, 0, 0, 0, 0, 2, 48, 48, 1, 1, 0, 0, 0, 0, 0, 0, 0, 0, 0, 0]",5,128,2304.0,13824.0,1050553182,1050559007,1050559446,1050562486,0,60000,60000,-1,1,5825,3040,8,512,512,2
16,3,"[2, 48, 0, 0, 0, 0, 0, 0, 0, 0, 0, 0, 0, 0, 0, 4, 0, 0, 0, 0, 0, 0, 0, 0, 0, 0, 0, 0, 0, 0]",1,128,48.0,196.0,1050614995,1050621427,1050622486,1050624630,0,57344,57344,-1,1,6432,2144,8,512,512,2
12,3,"[2, 48, 0, 0, 0, 0, 0, 0, 0, 0, 0, 0, 0, 0, 0, 2, 48, 0, 0, 0, 0, 0, 0, 0, 0, 0, 0, 0, 0, 0]",1,128,48.0,288.0,1050675987,1050681283,1050681974,1050684022,0,59360,59360,-1,1,5296,2048,8,512,512,2
12,3,"[2, 48, 0, 0, 0, 0, 0, 0, 0, 0, 0, 0, 0, 0, 0, 2, 48, 0, 0, 0, 0, 0, 0, 0, 0, 0, 0, 0, 0, 0]",1,128,48.0,288.0,1050736755,1050742447,1050743382,1050745462,0,59360,59360,-1,1,5692,2080,8,512,512,2
16,3,"[2, 48, 0, 0, 0, 0, 0, 0, 0, 0, 0, 0, 0, 0, 0, 4, 0, 0, 0, 0, 0, 0, 0, 0, 0, 0, 0, 0, 0, 0]",1,128,48.0,196.0,1050798738,1050804581,1050804822,1050806902,0,59104,59104,-1,1,5843,2080,8,512,512,2
12,3,"[2, 48, 0, 0, 0, 0, 0, 0, 0, 0, 0, 0, 0, 0, 0, 2, 48, 0, 0, 0, 0, 0, 0, 0, 0, 0, 0, 0, 0, 0]",1,128,48.0,288.0,1050859469,1050864850,1050866006,1050868342,0,62656,62656,-1,1,5381,2336,8,512,512,2
12,3,"[2, 48, 0, 0, 0, 0, 0, 0, 0, 0, 0, 0, 0, 0, 0, 2, 48, 0, 0, 0, 0, 0, 0, 0, 0, 0, 0, 0, 0, 0]",1,128,48.0,288.0,1050923479,1050929986,1050930998,1050933526,0,59776,59776,-1,1,6507,2528,8,512,512,2
16,3,"[2, 48, 48, 1, 1, 0, 0, 0, 0, 0, 0, 0, 0, 0, 0, 4, 0, 0, 0, 0, 0, 0, 0, 0, 0, 0, 0, 0, 0, 0]",5,128,2304.0,9220.0,1050986983,1050992903,1050993302,1050995318,0,59712,59712,-1,1,5920,2016,8,512,512,2
12,3,"[2, 48, 48, 1, 1, 0, 0, 0, 0, 0, 0, 0, 0, 0, 0, 2, 48, 48, 1, 1, 0, 0, 0, 0, 0, 0, 0, 0, 0, 0]",5,128,2304.0,13824.0,1051048757,1051054632,1051055030,1051058614,0,59200,59200,-1,1,5875,3584,8,512,512,2
12,3,"[2, 48, 48, 1, 1, 0, 0, 0, 0, 0, 0, 0, 0, 0, 0, 2, 48, 48, 1, 1, 0, 0, 0, 0, 0, 0, 0, 0, 0, 0]",5,128,2304.0,13824.0,1051111362,1051117253,1051117814,1051120246,0,57344,57344,-1,1,5891,2432,8,512,512,2
16,3,"[2, 48, 0, 0, 0, 0, 0, 0, 0, 0, 0, 0, 0, 0, 0, 4, 0, 0, 0, 0, 0, 0, 0, 0, 0, 0, 0, 0, 0, 0]",1,128,48.0,196.0,1051171619,1051177271,1051177590,1051180950,0,63424,63424,-1,1,5652,3360,8,512,512,2
12,3,"[2, 48, 0, 0, 0, 0, 0, 0, 0, 0, 0, 0, 0, 0, 0, 2, 48, 0, 0, 0, 0, 0, 0, 0, 0, 0, 0, 0, 0, 0]",1,128,48.0,288.0,1051237434,1051243736,1051244374,1051246934,0,63744,63744,-1,1,6302,2560,8,512,512,2
12,3,"[2, 48, 0, 0, 0, 0, 0, 0, 0, 0, 0, 0, 0, 0, 0, 2, 48, 0, 0, 0, 0, 0, 0, 0, 0, 0, 0, 0, 0, 0]",1,128,48.0,288.0,1051303966,1051309754,1051310678,1051312758,0,65408,65408,-1,1,5788,2080,8,512,512,2
16,3,"[2, 48, 0, 0, 0, 0, 0, 0, 0, 0, 0, 0, 0, 0, 0, 4, 0, 0, 0, 0, 0, 0, 0, 0, 0, 0, 0, 0, 0, 0]",1,128,48.0,196.0,1051370917,1051377457,1051378166,1051380342,0,60960,60960,-1,1,6540,2176,8,512,512,2
12,3,"[2, 48, 0, 0, 0, 0, 0, 0, 0, 0, 0, 0, 0, 0, 0, 2, 48, 0, 0, 0, 0, 0, 0, 0, 0, 0, 0, 0, 0, 0]",1,128,48.0,288.0,1051434600,1051440310,1051441302,1051443766,0,57696,57696,-1,1,5710,2464,8,512,512,2
12,3,"[2, 48, 0, 0, 0, 0, 0, 0, 0, 0, 0, 0, 0, 0, 0, 2, 48, 0, 0, 0, 0, 0, 0, 0, 0, 0, 0, 0, 0, 0]",1,128,48.0,288.0,1051495181,1051500631,1051501462,1051504438,0,59360,59360,-1,1,5450,2976,8,512,512,2
16,3,"[2, 48, 1, 3, 3, 0, 0, 0, 0, 0, 0, 0, 0, 0, 0, 4, 0, 0, 0, 0, 0, 0, 0, 0, 0, 0, 0, 0, 0, 0]",1,128,432.0,1732.0,1051556936,1051563001,1051563798,1051566710,0,57472,57472,-1,1,6065,2912,8,512,512,2
12,3,"[2, 48, 1, 3, 3, 0, 0, 0, 0, 0, 0, 0, 0, 0, 0, 2, 48, 1, 3, 3, 0, 0, 0, 0, 0, 0, 0, 0, 0, 0]",1,128,432.0,2592.0,1051618449,1051623794,1051624182,1051627286,0,168576,168576,-1,1,5345,3104,8,512,512,2
12,3,"[2, 48, 1, 3, 3, 0, 0, 0, 0, 0, 0, 0, 0, 0, 0, 2, 48, 1, 3, 3, 0, 0, 0, 0, 0, 0, 0, 0, 0, 0]",1,128,432.0,2592.0,1051786813,1051795125,1051795862,1051798134,0,71648,71648,-1,1,8312,2272,8,512,512,2
16,3,"[2, 48, 0, 0, 0, 0, 0, 0, 0, 0, 0, 0, 0, 0, 0, 4, 0, 0, 0, 0, 0, 0, 0, 0, 0, 0, 0, 0, 0, 0]",1,128,48.0,196.0,1051862353,1051869221,1051869782,1051871862,0,62848,62848,-1,1,6868,2080,8,512,512,2
12,3,"[2, 48, 0, 0, 0, 0, 0, 0, 0, 0, 0, 0, 0, 0, 0, 2, 48, 0, 0, 0, 0, 0, 0, 0, 0, 0, 0, 0, 0, 0]",1,128,48.0,288.0,1051927316,1051933514,1051934710,1051937142,0,59616,59616,-1,1,6198,2432,8,512,512,2
12,3,"[2, 48, 0, 0, 0, 0, 0, 0, 0, 0, 0, 0, 0, 0, 0, 2, 48, 0, 0, 0, 0, 0, 0, 0, 0, 0, 0, 0, 0, 0]",1,128,48.0,288.0,1051990057,1051995959,1051996758,1051998838,0,59392,59392,-1,1,5902,2080,8,512,512,2
16,3,"[2, 48, 0, 0, 0, 0, 0, 0, 0, 0, 0, 0, 0, 0, 0, 4, 0, 0, 0, 0, 0, 0, 0, 0, 0, 0, 0, 0, 0, 0]",1,128,48.0,196.0,1052051770,1052057855,1052058230,1052060278,0,58656,58656,-1,1,6085,2048,8,512,512,2
12,3,"[2, 48, 0, 0, 0, 0, 0, 0, 0, 0, 0, 0, 0, 0, 0, 2, 48, 0, 0, 0, 0, 0, 0, 0, 0, 0, 0, 0, 0, 0]",1,128,48.0,288.0,1052112365,1052117948,1052118934,1052121718,0,63904,63904,-1,1,5583,2784,8,512,512,2
12,3,"[2, 48, 0, 0, 0, 0, 0, 0, 0, 0, 0, 0, 0, 0, 0, 2, 48, 0, 0, 0, 0, 0, 0, 0, 0, 0, 0, 0, 0, 0]",1,128,48.0,288.0,1052178963,1052185104,1052185622,1052188630,0,61920,61920,-1,1,6141,3008,8,512,512,2
16,3,"[2, 48, 48, 1, 1, 0, 0, 0, 0, 0, 0, 0, 0, 0, 0, 4, 0, 0, 0, 0, 0, 0, 0, 0, 0, 0, 0, 0, 0, 0]",5,128,2304.0,9220.0,1052243438,1052249836,1052250550,1052252790,0,59680,59680,-1,1,6398,2240,8,512,512,2
12,3,"[2, 48, 48, 1, 1, 0, 0, 0, 0, 0, 0, 0, 0, 0, 0, 2, 48, 48, 1, 1, 0, 0, 0, 0, 0, 0, 0, 0, 0, 0]",5,128,2304.0,13824.0,1052306411,1052312107,1052312470,1052315511,0,58111,58111,-1,1,5696,3041,8,512,512,2
12,3,"[2, 48, 48, 1, 1, 0, 0, 0, 0, 0, 0, 0, 0, 0, 0, 2, 48, 48, 1, 1, 0, 0, 0, 0, 0, 0, 0, 0, 0, 0]",5,128,2304.0,13824.0,1052367140,1052372577,1052373622,1052375671,0,59391,59391,-1,1,5437,2049,8,512,512,2
16,3,"[2, 48, 0, 0, 0, 0, 0, 0, 0, 0, 0, 0, 0, 0, 0, 4, 0, 0, 0, 0, 0, 0, 0, 0, 0, 0, 0, 0, 0, 0]",1,128,48.0,196.0,1052427768,1052434393,1052435062,1052437110,0,57312,57312,-1,1,6625,2048,8,512,512,2
12,3,"[2, 48, 0, 0, 0, 0, 0, 0, 0, 0, 0, 0, 0, 0, 0, 2, 48, 0, 0, 0, 0, 0, 0, 0, 0, 0, 0, 0, 0, 0]",1,128,48.0,288.0,1052487758,1052494250,1052494422,1052496502,0,59360,59360,-1,1,6492,2080,8,512,512,2
12,3,"[2, 48, 0, 0, 0, 0, 0, 0, 0, 0, 0, 0, 0, 0, 0, 2, 48, 0, 0, 0, 0, 0, 0, 0, 0, 0, 0, 0, 0, 0]",1,128,48.0,288.0,1052549286,1052555207,1052555862,1052557942,0,65536,65536,-1,1,5921,2080,8,512,512,2
16,3,"[2, 48, 0, 0, 0, 0, 0, 0, 0, 0, 0, 0, 0, 0, 0, 4, 0, 0, 0, 0, 0, 0, 0, 0, 0, 0, 0, 0, 0, 0]",1,128,48.0,196.0,1052616570,1052623286,1052623478,1052625527,0,58848,58848,-1,1,6716,2049,8,512,512,2
12,3,"[2, 48, 0, 0, 0, 0, 0, 0, 0, 0, 0, 0, 0, 0, 0, 2, 48, 0, 0, 0, 0, 0, 0, 0, 0, 0, 0, 0, 0, 0]",1,128,48.0,288.0,1052677718,1052683393,1052684375,1052686806,0,56864,56864,-1,1,5675,2431,8,512,512,2
12,3,"[2, 48, 0, 0, 0, 0, 0, 0, 0, 0, 0, 0, 0, 0, 0, 2, 48, 0, 0, 0, 0, 0, 0, 0, 0, 0, 0, 0, 0, 0]",1,128,48.0,288.0,1052737296,1052742633,1052743670,1052746103,0,58655,58655,-1,1,5337,2433,8,512,512,2
16,3,"[2, 48, 48, 1, 1, 0, 0, 0, 0, 0, 0, 0, 0, 0, 0, 4, 0, 0, 0, 0, 0, 0, 0, 0, 0, 0, 0, 0, 0, 0]",5,128,2304.0,9220.0,1052798033,1052803743,1052804758,1052807222,0,59936,59936,-1,1,5710,2464,8,512,512,2
12,3,"[2, 48, 48, 1, 1, 0, 0, 0, 0, 0, 0, 0, 0, 0, 0, 2, 48, 48, 1, 1, 0, 0, 0, 0, 0, 0, 0, 0, 0, 0]",5,128,2304.0,13824.0,1052860796,1052866762,1052867158,1052869239,0,59391,59391,-1,1,5966,2081,8,512,512,2
12,3,"[2, 48, 48, 1, 1, 0, 0, 0, 0, 0, 0, 0, 0, 0, 0, 2, 48, 48, 1, 1, 0, 0, 0, 0, 0, 0, 0, 0, 0, 0]",5,128,2304.0,13824.0,1052922296,1052927764,1052928630,1052930679,0,65535,65535,-1,1,5468,2049,8,512,512,2
16,3,"[2, 48, 0, 0, 0, 0, 0, 0, 0, 0, 0, 0, 0, 0, 0, 4, 0, 0, 0, 0, 0, 0, 0, 0, 0, 0, 0, 0, 0, 0]",1,128,48.0,196.0,1052989434,1052995530,1052996214,1052998262,0,61664,61664,-1,1,6096,2048,8,512,512,2
12,3,"[2, 48, 0, 0, 0, 0, 0, 0, 0, 0, 0, 0, 0, 0, 0, 2, 48, 0, 0, 0, 0, 0, 0, 0, 0, 0, 0, 0, 0, 0]",1,128,48.0,288.0,1053053774,1053059485,1053059926,1053062935,0,58367,58367,-1,1,5711,3009,8,512,512,2
12,3,"[2, 48, 0, 0, 0, 0, 0, 0, 0, 0, 0, 0, 0, 0, 0, 2, 48, 0, 0, 0, 0, 0, 0, 0, 0, 0, 0, 0, 0, 0]",1,128,48.0,288.0,1053115053,1053121089,1053121302,1053124279,0,58272,58272,-1,1,6036,2977,8,512,512,2
16,3,"[2, 48, 0, 0, 0, 0, 0, 0, 0, 0, 0, 0, 0, 0, 0, 4, 0, 0, 0, 0, 0, 0, 0, 0, 0, 0, 0, 0, 0, 0]",1,128,48.0,196.0,1053175824,1053182311,1053182551,1053184630,0,59361,59361,-1,1,6487,2079,8,512,512,2
12,3,"[2, 48, 0, 0, 0, 0, 0, 0, 0, 0, 0, 0, 0, 0, 0, 2, 48, 0, 0, 0, 0, 0, 0, 0, 0, 0, 0, 0, 0, 0]",1,128,48.0,288.0,1053237247,1053243190,1053243991,1053246071,0,57536,57536,-1,1,5943,2080,8,512,512,2
12,3,"[2, 48, 0, 0, 0, 0, 0, 0, 0, 0, 0, 0, 0, 0, 0, 2, 48, 0, 0, 0, 0, 0, 0, 0, 0, 0, 0, 0, 0, 0]",1,128,48.0,288.0,1053297356,1053302852,1053303607,1053306647,0,63936,63936,-1,1,5496,3040,8,512,512,2
16,3,"[2, 48, 1, 3, 3, 0, 0, 0, 0, 0, 0, 0, 0, 0, 0, 4, 0, 0, 0, 0, 0, 0, 0, 0, 0, 0, 0, 0, 0, 0]",1,128,432.0,1732.0,1053363106,1053369931,1053370583,1053373047,0,61408,61408,-1,1,6825,2464,8,512,512,2
12,3,"[2, 48, 1, 3, 3, 0, 0, 0, 0, 0, 0, 0, 0, 0, 0, 2, 48, 1, 3, 3, 0, 0, 0, 0, 0, 0, 0, 0, 0, 0]",1,128,432.0,2592.0,1053428130,1053433793,1053434455,1053436535,0,61408,61408,-1,1,5663,2080,8,512,512,2
12,3,"[2, 48, 1, 3, 3, 0, 0, 0, 0, 0, 0, 0, 0, 0, 0, 2, 48, 1, 3, 3, 0, 0, 0, 0, 0, 0, 0, 0, 0, 0]",1,128,432.0,2592.0,1053491111,1053497364,1053497943,1053500023,0,61407,61407,-1,1,6253,2080,8,512,512,2
16,3,"[2, 48, 0, 0, 0, 0, 0, 0, 0, 0, 0, 0, 0, 0, 0, 4, 0, 0, 0, 0, 0, 0, 0, 0, 0, 0, 0, 0, 0, 0]",1,128,48.0,196.0,1053554775,1053561505,1053561430,1053563511,0,60864,60864,-1,1,6730,2081,8,512,512,2
12,3,"[2, 48, 0, 0, 0, 0, 0, 0, 0, 0, 0, 0, 0, 0, 0, 2, 48, 0, 0, 0, 0, 0, 0, 0, 0, 0, 0, 0, 0, 0]",1,128,48.0,288.0,1053617310,1053623360,1053624375,1053626902,0,58785,58785,-1,1,6050,2527,8,512,512,2
12,3,"[2, 48, 0, 0, 0, 0, 0, 0, 0, 0, 0, 0, 0, 0, 0, 2, 48, 0, 0, 0, 0, 0, 0, 0, 0, 0, 0, 0, 0, 0]",1,128,48.0,288.0,1053679014,1053684682,1053685687,1053688119,0,57632,57632,-1,1,5668,2432,8,512,512,2
16,3,"[2, 48, 0, 0, 0, 0, 0, 0, 0, 0, 0, 0, 0, 0, 0, 4, 0, 0, 0, 0, 0, 0, 0, 0, 0, 0, 0, 0, 0, 0]",1,128,48.0,196.0,1053738899,1053744860,1053745751,1053747831,0,63904,63904,-1,1,5961,2080,8,512,512,2
12,3,"[2, 48, 0, 0, 0, 0, 0, 0, 0, 0, 0, 0, 0, 0, 0, 2, 48, 0, 0, 0, 0, 0, 0, 0, 0, 0, 0, 0, 0, 0]",1,128,48.0,288.0,1053805314,1053811256,1053811735,1053814807,0,59968,59968,-1,1,5942,3072,8,512,512,2
12,3,"[2, 48, 0, 0, 0, 0, 0, 0, 0, 0, 0, 0, 0, 0, 0, 2, 48, 0, 0, 0, 0, 0, 0, 0, 0, 0, 0, 0, 0, 0]",1,128,48.0,288.0,1053867750,1053873537,1053874775,1053876855,0,59360,59360,-1,1,5787,2080,8,512,512,2
16,3,"[2, 48, 48, 1, 1, 0, 0, 0, 0, 0, 0, 0, 0, 0, 0, 4, 0, 0, 0, 0, 0, 0, 0, 0, 0, 0, 0, 0, 0, 0]",5,128,2304.0,9220.0,1053929737,1053935859,1053936215,1053939639,0,58464,58464,-1,1,6122,3424,8,512,512,2
12,3,"[2, 48, 48, 1, 1, 0, 0, 0, 0, 0, 0, 0, 0, 0, 0, 2, 48, 48, 1, 1, 0, 0, 0, 0, 0, 0, 0, 0, 0, 0]",5,128,2304.0,13824.0,1053991906,1053997734,1053998103,1054001143,0,57952,57952,-1,1,5828,3040,8,512,512,2
12,3,"[2, 48, 48, 1, 1, 0, 0, 0, 0, 0, 0, 0, 0, 0, 0, 2, 48, 48, 1, 1, 0, 0, 0, 0, 0, 0, 0, 0, 0, 0]",5,128,2304.0,13824.0,1054052762,1054058139,1054059095,1054061175,0,58912,58912,-1,1,5377,2080,8,512,512,2
16,3,"[2, 48, 0, 0, 0, 0, 0, 0, 0, 0, 0, 0, 0, 0, 0, 4, 0, 0, 0, 0, 0, 0, 0, 0, 0, 0, 0, 0, 0, 0]",1,128,48.0,196.0,1054113615,1054119242,1054120087,1054122519,0,65152,65152,-1,1,5627,2432,8,512,512,2
12,3,"[2, 48, 0, 0, 0, 0, 0, 0, 0, 0, 0, 0, 0, 0, 0, 2, 48, 0, 0, 0, 0, 0, 0, 0, 0, 0, 0, 0, 0, 0]",1,128,48.0,288.0,1054180954,1054186692,1054187671,1054190135,0,59488,59488,-1,1,5738,2464,8,512,512,2
12,3,"[2, 48, 0, 0, 0, 0, 0, 0, 0, 0, 0, 0, 0, 0, 0, 2, 48, 0, 0, 0, 0, 0, 0, 0, 0, 0, 0, 0, 0, 0]",1,128,48.0,288.0,1054243141,1054249007,1054249623,1054251639,0,59360,59360,-1,1,5866,2016,8,512,512,2
16,3,"[2, 48, 0, 0, 0, 0, 0, 0, 0, 0, 0, 0, 0, 0, 0, 4, 0, 0, 0, 0, 0, 0, 0, 0, 0, 0, 0, 0, 0, 0]",1,128,48.0,196.0,1054304370,1054310420,1054310999,1054313079,0,160032,160032,-1,1,6050,2080,8,512,512,2
12,3,"[2, 48, 0, 0, 0, 0, 0, 0, 0, 0, 0, 0, 0, 0, 0, 2, 48, 0, 0, 0, 0, 0, 0, 0, 0, 0, 0, 0, 0, 0]",1,128,48.0,288.0,1054465042,1054472953,1054473111,1054476087,0,70176,70176,-1,1,7911,2976,8,512,512,2
12,3,"[2, 48, 0, 0, 0, 0, 0, 0, 0, 0, 0, 0, 0, 0, 0, 2, 48, 0, 0, 0, 0, 0, 0, 0, 0, 0, 0, 0, 0, 0]",1,128,48.0,288.0,1054537390,1054545017,1054546263,1054548599,0,67680,67680,-1,1,7627,2336,8,512,512,2
16,3,"[2, 96, 1, 3, 3, 0, 0, 0, 0, 0, 0, 0, 0, 0, 0, 4, 0, 0, 0, 0, 0, 0, 0, 0, 0, 0, 0, 0, 0, 0]",2,128,864.0,3460.0,1054609484,1054615987,1054616279,1054619831,0,61248,61248,-1,1,6503,3552,8,512,512,2
12,3,"[2, 96, 1, 3, 3, 0, 0, 0, 0, 0, 0, 0, 0, 0, 0, 2, 96, 1, 3, 3, 0, 0, 0, 0, 0, 0, 0, 0, 0, 0]",2,128,864.0,5184.0,1054674243,1054680138,1054681079,1054683511,0,59616,59616,-1,1,5895,2432,8,512,512,2
12,3,"[2, 96, 1, 3, 3, 0, 0, 0, 0, 0, 0, 0, 0, 0, 0, 2, 96, 1, 3, 3, 0, 0, 0, 0, 0, 0, 0, 0, 0, 0]",2,128,864.0,5184.0,1054736609,1054742277,1054743127,1054745207,0,75744,75744,-1,1,5668,2080,8,512,512,2
16,3,"[2, 96, 0, 0, 0, 0, 0, 0, 0, 0, 0, 0, 0, 0, 0, 4, 0, 0, 0, 0, 0, 0, 0, 0, 0, 0, 0, 0, 0, 0]",1,128,96.0,388.0,1054812942,1054820611,1054820951,1054823031,0,63776,63776,-1,1,7669,2080,8,512,512,2
12,3,"[2, 96, 0, 0, 0, 0, 0, 0, 0, 0, 0, 0, 0, 0, 0, 2, 96, 0, 0, 0, 0, 0, 0, 0, 0, 0, 0, 0, 0, 0]",1,128,96.0,576.0,1054880571,1054886471,1054886807,1054889815,0,60096,60096,-1,1,5900,3008,8,512,512,2
12,3,"[2, 96, 0, 0, 0, 0, 0, 0, 0, 0, 0, 0, 0, 0, 0, 2, 96, 0, 0, 0, 0, 0, 0, 0, 0, 0, 0, 0, 0, 0]",1,128,96.0,576.0,1054943243,1054948647,1054949911,1054952055,0,58880,58880,-1,1,5404,2144,8,512,512,2
16,3,"[2, 96, 0, 0, 0, 0, 0, 0, 0, 0, 0, 0, 0, 0, 0, 4, 0, 0, 0, 0, 0, 0, 0, 0, 0, 0, 0, 0, 0, 0]",1,128,96.0,388.0,1055004090,1055010093,1055010935,1055013399,0,65600,65600,-1,1,6003,2464,8,512,512,2
12,3,"[2, 96, 0, 0, 0, 0, 0, 0, 0, 0, 0, 0, 0, 0, 0, 2, 96, 0, 0, 0, 0, 0, 0, 0, 0, 0, 0, 0, 0, 0]",1,128,96.0,576.0,1055072136,1055077941,1055078999,1055081079,0,59392,59392,-1,1,5805,2080,8,512,512,2
12,3,"[2, 96, 0, 0, 0, 0, 0, 0, 0, 0, 0, 0, 0, 0, 0, 2, 96, 0, 0, 0, 0, 0, 0, 0, 0, 0, 0, 0, 0, 0]",1,128,96.0,576.0,1055134001,1055139676,1055140471,1055143639,0,59520,59520,-1,1,5675,3168,8,512,512,2
16,3,"[2, 96, 96, 1, 1, 0, 0, 0, 0, 0, 0, 0, 0, 0, 0, 4, 0, 0, 0, 0, 0, 0, 0, 0, 0, 0, 0, 0, 0, 0]",18,128,9216.0,36868.0,1055195925,1055202345,1055203159,1055206007,0,65696,65696,-1,1,6420,2848,8,512,512,2
12,3,"[2, 96, 96, 1, 1, 0, 0, 0, 0, 0, 0, 0, 0, 0, 0, 2, 96, 96, 1, 1, 0, 0, 0, 0, 0, 0, 0, 0, 0, 0]",18,128,9216.0,55296.0,1055264984,1055271411,1055271703,1055274775,0,62016,62016,-1,1,6427,3072,8,512,512,2
12,3,"[2, 96, 96, 1, 1, 0, 0, 0, 0, 0, 0, 0, 0, 0, 0, 2, 96, 96, 1, 1, 0, 0, 0, 0, 0, 0, 0, 0, 0, 0]",18,128,9216.0,55296.0,1055329687,1055335743,1055336791,1055339127,0,60512,60512,-1,1,6056,2336,8,512,512,2
16,3,"[2, 96, 0, 0, 0, 0, 0, 0, 0, 0, 0, 0, 0, 0, 0, 4, 0, 0, 0, 0, 0, 0, 0, 0, 0, 0, 0, 0, 0, 0]",1,128,96.0,388.0,1055392842,1055398826,1055399639,1055402039,0,65344,65344,-1,1,5984,2400,8,512,512,2
12,3,"[2, 96, 0, 0, 0, 0, 0, 0, 0, 0, 0, 0, 0, 0, 0, 2, 96, 0, 0, 0, 0, 0, 0, 0, 0, 0, 0, 0, 0, 0]",1,128,96.0,576.0,1055460134,1055466319,1055467383,1055469847,0,59744,59744,-1,1,6185,2464,8,512,512,2
12,3,"[2, 96, 0, 0, 0, 0, 0, 0, 0, 0, 0, 0, 0, 0, 0, 2, 96, 0, 0, 0, 0, 0, 0, 0, 0, 0, 0, 0, 0, 0]",1,128,96.0,576.0,1055522980,1055528797,1055529591,1055531639,0,59360,59360,-1,1,5817,2048,8,512,512,2
16,3,"[2, 96, 0, 0, 0, 0, 0, 0, 0, 0, 0, 0, 0, 0, 0, 4, 0, 0, 0, 0, 0, 0, 0, 0, 0, 0, 0, 0, 0, 0]",1,128,96.0,388.0,1055584288,1055590125,1055590999,1055593079,0,59296,59296,-1,1,5837,2080,8,512,512,2
12,3,"[2, 96, 0, 0, 0, 0, 0, 0, 0, 0, 0, 0, 0, 0, 0, 2, 96, 0, 0, 0, 0, 0, 0, 0, 0, 0, 0, 0, 0, 0]",1,128,96.0,576.0,1055645464,1055651400,1055652375,1055654519,0,58400,58400,-1,1,5936,2144,8,512,512,2
12,3,"[2, 96, 0, 0, 0, 0, 0, 0, 0, 0, 0, 0, 0, 0, 0, 2, 96, 0, 0, 0, 0, 0, 0, 0, 0, 0, 0, 0, 0, 0]",1,128,96.0,576.0,1055706283,1055711838,1055712919,1055715383,0,59136,59136,-1,1,5555,2464,8,512,512,2
16,3,"[2, 96, 96, 1, 1, 0, 0, 0, 0, 0, 0, 0, 0, 0, 0, 4, 0, 0, 0, 0, 0, 0, 0, 0, 0, 0, 0, 0, 0, 0]",18,128,9216.0,36868.0,1055767749,1055773767,1055774519,1055776983,0,59776,59776,-1,1,6018,2464,8,512,512,2
12,3,"[2, 96, 96, 1, 1, 0, 0, 0, 0, 0, 0, 0, 0, 0, 0, 2, 96, 96, 1, 1, 0, 0, 0, 0, 0, 0, 0, 0, 0, 0]",18,128,9216.0,55296.0,1055829995,1055835933,1055836759,1055838839,0,67488,67488,-1,1,5938,2080,8,512,512,2
12,3,"[2, 96, 96, 1, 1, 0, 0, 0, 0, 0, 0, 0, 0, 0, 0, 2, 96, 96, 1, 1, 0, 0, 0, 0, 0, 0, 0, 0, 0, 0]",18,128,9216.0,55296.0,1055898650,1055905302,1055906327,1055908471,0,62560,62560,-1,1,6652,2144,8,512,512,2
16,3,"[2, 96, 0, 0, 0, 0, 0, 0, 0, 0, 0, 0, 0, 0, 0, 4, 0, 0, 0, 0, 0, 0, 0, 0, 0, 0, 0, 0, 0, 0]",1,128,96.0,388.0,1055963981,1055970209,1055971031,1055973463,0,59168,59168,-1,1,6228,2432,8,512,512,2
12,3,"[2, 96, 0, 0, 0, 0, 0, 0, 0, 0, 0, 0, 0, 0, 0, 2, 96, 0, 0, 0, 0, 0, 0, 0, 0, 0, 0, 0, 0, 0]",1,128,96.0,576.0,1056025879,1056031445,1056032631,1056035063,0,57984,57984,-1,1,5566,2432,8,512,512,2
12,3,"[2, 96, 0, 0, 0, 0, 0, 0, 0, 0, 0, 0, 0, 0, 0, 2, 96, 0, 0, 0, 0, 0, 0, 0, 0, 0, 0, 0, 0, 0]",1,128,96.0,576.0,1056086617,1056092428,1056093047,1056096055,0,57760,57760,-1,1,5811,3008,8,512,512,2
16,3,"[2, 96, 0, 0, 0, 0, 0, 0, 0, 0, 0, 0, 0, 0, 0, 4, 0, 0, 0, 0, 0, 0, 0, 0, 0, 0, 0, 0, 0, 0]",1,128,96.0,388.0,1056146932,1056152777,1056153815,1056156215,0,58432,58432,-1,1,5845,2400,8,512,512,2
12,3,"[2, 96, 0, 0, 0, 0, 0, 0, 0, 0, 0, 0, 0, 0, 0, 2, 96, 0, 0, 0, 0, 0, 0, 0, 0, 0, 0, 0, 0, 0]",1,128,96.0,576.0,1056208182,1056213582,1056214647,1056217111,0,64384,64384,-1,1,5400,2464,8,512,512,2
12,3,"[2, 96, 0, 0, 0, 0, 0, 0, 0, 0, 0, 0, 0, 0, 0, 2, 96, 0, 0, 0, 0, 0, 0, 0, 0, 0, 0, 0, 0, 0]",1,128,96.0,576.0,1056275318,1056281188,1056281495,1056284535,0,60128,60128,-1,1,5870,3040,8,512,512,2
16,3,"[2, 96, 1, 3, 3, 0, 0, 0, 0, 0, 0, 0, 0, 0, 0, 4, 0, 0, 0, 0, 0, 0, 0, 0, 0, 0, 0, 0, 0, 0]",2,128,864.0,3460.0,1056337813,1056343861,1056344663,1056346743,0,61408,61408,-1,1,6048,2080,8,512,512,2
12,3,"[2, 96, 1, 3, 3, 0, 0, 0, 0, 0, 0, 0, 0, 0, 0, 2, 96, 1, 3, 3, 0, 0, 0, 0, 0, 0, 0, 0, 0, 0]",2,128,864.0,5184.0,1056401115,1056406740,1056408151,1056410231,0,59360,59360,-1,1,5625,2080,8,512,512,2
12,3,"[2, 96, 1, 3, 3, 0, 0, 0, 0, 0, 0, 0, 0, 0, 0, 2, 96, 1, 3, 3, 0, 0, 0, 0, 0, 0, 0, 0, 0, 0]",2,128,864.0,5184.0,1056462663,1056468261,1056469591,1056471671,0,59360,59360,-1,1,5598,2080,8,512,512,2
16,3,"[2, 96, 0, 0, 0, 0, 0, 0, 0, 0, 0, 0, 0, 0, 0, 4, 0, 0, 0, 0, 0, 0, 0, 0, 0, 0, 0, 0, 0, 0]",1,128,96.0,388.0,1056524776,1056530715,1056531031,1056533111,0,59552,59552,-1,1,5939,2080,8,512,512,2
12,3,"[2, 96, 0, 0, 0, 0, 0, 0, 0, 0, 0, 0, 0, 0, 0, 2, 96, 0, 0, 0, 0, 0, 0, 0, 0, 0, 0, 0, 0, 0]",1,128,96.0,576.0,1056586285,1056592095,1056592663,1056595703,0,64160,64160,-1,1,5810,3040,8,512,512,2
12,3,"[2, 96, 0, 0, 0, 0, 0, 0, 0, 0, 0, 0, 0, 0, 0, 2, 96, 0, 0, 0, 0, 0, 0, 0, 0, 0, 0, 0, 0, 0]",1,128,96.0,576.0,1056652947,1056658852,1056659863,1056662135,0,61312,61312,-1,1,5905,2272,8,512,512,2
16,3,"[2, 96, 0, 0, 0, 0, 0, 0, 0, 0, 0, 0, 0, 0, 0, 4, 0, 0, 0, 0, 0, 0, 0, 0, 0, 0, 0, 0, 0, 0]",1,128,96.0,388.0,1056716010,1056722676,1056723447,1056725623,0,59712,59712,-1,1,6666,2176,8,512,512,2
12,3,"[2, 96, 0, 0, 0, 0, 0, 0, 0, 0, 0, 0, 0, 0, 0, 2, 96, 0, 0, 0, 0, 0, 0, 0, 0, 0, 0, 0, 0, 0]",1,128,96.0,576.0,1056778884,1056784862,1056785335,1056788343,0,57472,57472,-1,1,5978,3008,8,512,512,2
12,3,"[2, 96, 0, 0, 0, 0, 0, 0, 0, 0, 0, 0, 0, 0, 0, 2, 96, 0, 0, 0, 0, 0, 0, 0, 0, 0, 0, 0, 0, 0]",1,128,96.0,576.0,1056839521,1056844729,1056845815,1056848247,0,59648,59648,-1,1,5208,2432,8,512,512,2
16,3,"[2, 96, 96, 1, 1, 0, 0, 0, 0, 0, 0, 0, 0, 0, 0, 4, 0, 0, 0, 0, 0, 0, 0, 0, 0, 0, 0, 0, 0, 0]",18,128,9216.0,36868.0,1056901804,1056908011,1056907895,1056909943,0,75264,75264,-1,1,6207,2048,8,512,512,2
12,3,"[2, 96, 96, 1, 1, 0, 0, 0, 0, 0, 0, 0, 0, 0, 0, 2, 96, 96, 1, 1, 0, 0, 0, 0, 0, 0, 0, 0, 0, 0]",18,128,9216.0,55296.0,1056977122,1056984266,1056985207,1056987671,0,59552,59552,-1,1,7144,2464,8,512,512,2
12,3,"[2, 96, 96, 1, 1, 0, 0, 0, 0, 0, 0, 0, 0, 0, 0, 2, 96, 96, 1, 1, 0, 0, 0, 0, 0, 0, 0, 0, 0, 0]",18,128,9216.0,55296.0,1057040908,1057046756,1057047223,1057050263,0,68064,68064,-1,1,5848,3040,8,512,512,2
16,3,"[2, 96, 0, 0, 0, 0, 0, 0, 0, 0, 0, 0, 0, 0, 0, 4, 0, 0, 0, 0, 0, 0, 0, 0, 0, 0, 0, 0, 0, 0]",1,128,96.0,388.0,1057110917,1057117332,1057118327,1057120727,0,170176,170176,-1,1,6415,2400,8,512,512,2
12,3,"[2, 96, 0, 0, 0, 0, 0, 0, 0, 0, 0, 0, 0, 0, 0, 2, 96, 0, 0, 0, 0, 0, 0, 0, 0, 0, 0, 0, 0, 0]",1,128,96.0,576.0,1057281509,1057290265,1057290903,1057292919,0,81472,81472,-1,1,8756,2016,8,512,512,2
12,3,"[2, 96, 0, 0, 0, 0, 0, 0, 0, 0, 0, 0, 0, 0, 0, 2, 96, 0, 0, 0, 0, 0, 0, 0, 0, 0, 0, 0, 0, 0]",1,128,96.0,576.0,1057366573,1057373184,1057374391,1057376855,0,61440,61440,-1,1,6611,2464,8,512,512,2
16,3,"[2, 96, 0, 0, 0, 0, 0, 0, 0, 0, 0, 0, 0, 0, 0, 4, 0, 0, 0, 0, 0, 0, 0, 0, 0, 0, 0, 0, 0, 0]",1,128,96.0,388.0,1057431285,1057438071,1057438295,1057440375,0,63392,63392,-1,1,6786,2080,8,512,512,2
12,3,"[2, 96, 0, 0, 0, 0, 0, 0, 0, 0, 0, 0, 0, 0, 0, 2, 96, 0, 0, 0, 0, 0, 0, 0, 0, 0, 0, 0, 0, 0]",1,128,96.0,576.0,1057496402,1057502761,1057503767,1057505911,0,67648,67648,-1,1,6359,2144,8,512,512,2
12,3,"[2, 96, 0, 0, 0, 0, 0, 0, 0, 0, 0, 0, 0, 0, 0, 2, 96, 0, 0, 0, 0, 0, 0, 0, 0, 0, 0, 0, 0, 0]",1,128,96.0,576.0,1057566331,1057573153,1057573559,1057576567,0,62688,62688,-1,1,6822,3008,8,512,512,2
16,3,"[2, 96, 96, 1, 1, 0, 0, 0, 0, 0, 0, 0, 0, 0, 0, 4, 0, 0, 0, 0, 0, 0, 0, 0, 0, 0, 0, 0, 0, 0]",18,128,9216.0,36868.0,1057632306,1057639121,1057639255,1057642295,0,60192,60192,-1,1,6815,3040,8,512,512,2
12,3,"[2, 96, 96, 1, 1, 0, 0, 0, 0, 0, 0, 0, 0, 0, 0, 2, 96, 96, 1, 1, 0, 0, 0, 0, 0, 0, 0, 0, 0, 0]",18,128,9216.0,55296.0,1057695586,1057701580,1057702487,1057704567,0,57728,57728,-1,1,5994,2080,8,512,512,2
12,3,"[2, 96, 96, 1, 1, 0, 0, 0, 0, 0, 0, 0, 0, 0, 0, 2, 96, 96, 1, 1, 0, 0, 0, 0, 0, 0, 0, 0, 0, 0]",18,128,9216.0,55296.0,1057756079,1057761713,1057762295,1057765367,0,59872,59872,-1,1,5634,3072,8,512,512,2
16,3,"[2, 96, 0, 0, 0, 0, 0, 0, 0, 0, 0, 0, 0, 0, 0, 4, 0, 0, 0, 0, 0, 0, 0, 0, 0, 0, 0, 0, 0, 0]",1,128,96.0,388.0,1057818420,1057824441,1057825239,1057827447,0,60896,60896,-1,1,6021,2208,8,512,512,2
12,3,"[2, 96, 0, 0, 0, 0, 0, 0, 0, 0, 0, 0, 0, 0, 0, 2, 96, 0, 0, 0, 0, 0, 0, 0, 0, 0, 0, 0, 0, 0]",1,128,96.0,576.0,1057881354,1057887105,1057888343,1057890807,0,64928,64928,-1,1,5751,2464,8,512,512,2
12,3,"[2, 96, 0, 0, 0, 0, 0, 0, 0, 0, 0, 0, 0, 0, 0, 2, 96, 0, 0, 0, 0, 0, 0, 0, 0, 0, 0, 0, 0, 0]",1,128,96.0,576.0,1057948863,1057954702,1057955735,1057958231,0,61696,61696,-1,1,5839,2496,8,512,512,2
16,3,"[2, 96, 0, 0, 0, 0, 0, 0, 0, 0, 0, 0, 0, 0, 0, 4, 0, 0, 0, 0, 0, 0, 0, 0, 0, 0, 0, 0, 0, 0]",1,128,96.0,388.0,1058012870,1058019385,1058019927,1058022007,0,60416,60416,-1,1,6515,2080,8,512,512,2
12,3,"[2, 96, 0, 0, 0, 0, 0, 0, 0, 0, 0, 0, 0, 0, 0, 2, 96, 0, 0, 0, 0, 0, 0, 0, 0, 0, 0, 0, 0, 0]",1,128,96.0,576.0,1058075975,1058081482,1058082423,1058084855,0,72160,72160,-1,1,5507,2432,8,512,512,2
12,3,"[2, 96, 0, 0, 0, 0, 0, 0, 0, 0, 0, 0, 0, 0, 0, 2, 96, 0, 0, 0, 0, 0, 0, 0, 0, 0, 0, 0, 0, 0]",1,128,96.0,576.0,1058148711,1058156285,1058157015,1058159223,0,67296,67296,-1,1,7574,2208,8,512,512,2
16,3,"[2, 96, 1, 3, 3, 0, 0, 0, 0, 0, 0, 0, 0, 0, 0, 4, 0, 0, 0, 0, 0, 0, 0, 0, 0, 0, 0, 0, 0, 0]",2,128,864.0,3460.0,1058219203,1058225938,1058226519,1058228855,0,61792,61792,-1,1,6735,2336,8,512,512,2
12,3,"[2, 96, 1, 3, 3, 0, 0, 0, 0, 0, 0, 0, 0, 0, 0, 2, 96, 1, 3, 3, 0, 0, 0, 0, 0, 0, 0, 0, 0, 0]",2,128,864.0,5184.0,1058283518,1058289933,1058290647,1058293687,0,57664,57664,-1,1,6415,3040,8,512,512,2
12,3,"[2, 96, 1, 3, 3, 0, 0, 0, 0, 0, 0, 0, 0, 0, 0, 2, 96, 1, 3, 3, 0, 0, 0, 0, 0, 0, 0, 0, 0, 0]",2,128,864.0,5184.0,1058345057,1058350392,1058351351,1058353783,0,65888,65888,-1,1,5335,2432,8,512,512,2
16,3,"[2, 96, 0, 0, 0, 0, 0, 0, 0, 0, 0, 0, 0, 0, 0, 4, 0, 0, 0, 0, 0, 0, 0, 0, 0, 0, 0, 0, 0, 0]",1,128,96.0,388.0,1058412861,1058419533,1058419671,1058422679,0,59424,59424,-1,1,6672,3008,8,512,512,2
12,3,"[2, 96, 0, 0, 0, 0, 0, 0, 0, 0, 0, 0, 0, 0, 0, 2, 96, 0, 0, 0, 0, 0, 0, 0, 0, 0, 0, 0, 0, 0]",1,128,96.0,576.0,1058475568,1058481157,1058482103,1058484567,0,59008,59008,-1,1,5589,2464,8,512,512,2
12,3,"[2, 96, 0, 0, 0, 0, 0, 0, 0, 0, 0, 0, 0, 0, 0, 2, 96, 0, 0, 0, 0, 0, 0, 0, 0, 0, 0, 0, 0, 0]",1,128,96.0,576.0,1058536073,1058542529,1058543575,1058546039,0,57568,57568,-1,1,6456,2464,8,512,512,2
16,3,"[2, 96, 0, 0, 0, 0, 0, 0, 0, 0, 0, 0, 0, 0, 0, 4, 0, 0, 0, 0, 0, 0, 0, 0, 0, 0, 0, 0, 0, 0]",1,128,96.0,388.0,1058596897,1058602649,1058603607,1058605687,0,58464,58464,-1,1,5752,2080,8,512,512,2
12,3,"[2, 96, 0, 0, 0, 0, 0, 0, 0, 0, 0, 0, 0, 0, 0, 2, 96, 0, 0, 0, 0, 0, 0, 0, 0, 0, 0, 0, 0, 0]",1,128,96.0,576.0,1058657627,1058663210,1058664151,1058666583,0,57856,57856,-1,1,5583,2432,8,512,512,2
12,3,"[2, 96, 0, 0, 0, 0, 0, 0, 0, 0, 0, 0, 0, 0, 0, 2, 96, 0, 0, 0, 0, 0, 0, 0, 0, 0, 0, 0, 0, 0]",1,128,96.0,576.0,1058717707,1058723524,1058724439,1058726519,0,65536,65536,-1,1,5817,2080,8,512,512,2
16,3,"[2, 96, 96, 1, 1, 0, 0, 0, 0, 0, 0, 0, 0, 0, 0, 4, 0, 0, 0, 0, 0, 0, 0, 0, 0, 0, 0, 0, 0, 0]",18,128,9216.0,36868.0,1058784975,1058792122,1058792055,1058795127,0,60384,60384,-1,1,7147,3072,8,512,512,2
12,3,"[2, 96, 96, 1, 1, 0, 0, 0, 0, 0, 0, 0, 0, 0, 0, 2, 96, 96, 1, 1, 0, 0, 0, 0, 0, 0, 0, 0, 0, 0]",18,128,9216.0,55296.0,1058848507,1058854754,1058855511,1058857591,0,59328,59328,-1,1,6247,2080,8,512,512,2
12,3,"[2, 96, 96, 1, 1, 0, 0, 0, 0, 0, 0, 0, 0, 0, 0, 2, 96, 96, 1, 1, 0, 0, 0, 0, 0, 0, 0, 0, 0, 0]",18,128,9216.0,55296.0,1058910160,1058915935,1058916919,1058919031,0,59616,59616,-1,1,5775,2112,8,512,512,2
16,3,"[2, 96, 0, 0, 0, 0, 0, 0, 0, 0, 0, 0, 0, 0, 0, 4, 0, 0, 0, 0, 0, 0, 0, 0, 0, 0, 0, 0, 0, 0]",1,128,96.0,388.0,1058972522,1058978363,1058978647,1058981591,0,58048,58048,-1,1,5841,2944,8,512,512,2
12,3,"[2, 96, 0, 0, 0, 0, 0, 0, 0, 0, 0, 0, 0, 0, 0, 2, 96, 0, 0, 0, 0, 0, 0, 0, 0, 0, 0, 0, 0, 0]",1,128,96.0,576.0,1059032921,1059038706,1059039639,1059041911,0,58880,58880,-1,1,5785,2272,8,512,512,2
12,3,"[2, 96, 0, 0, 0, 0, 0, 0, 0, 0, 0, 0, 0, 0, 0, 2, 96, 0, 0, 0, 0, 0, 0, 0, 0, 0, 0, 0, 0, 0]",1,128,96.0,576.0,1059094302,1059099718,1059100791,1059103351,0,64960,64960,-1,1,5416,2560,8,512,512,2
16,3,"[2, 96, 0, 0, 0, 0, 0, 0, 0, 0, 0, 0, 0, 0, 0, 4, 0, 0, 0, 0, 0, 0, 0, 0, 0, 0, 0, 0, 0, 0]",1,128,96.0,388.0,1059154118,1059167611,1059168311,1059170807,0,67457,67457,-1,1,13493,2496,8,512,512,2
12,3,"[2, 96, 0, 0, 0, 0, 0, 0, 0, 0, 0, 0, 0, 0, 0, 2, 96, 0, 0, 0, 0, 0, 0, 0, 0, 0, 0, 0, 0, 0]",1,128,96.0,576.0,1059224835,1059237243,1059238264,1059240567,0,63136,63136,-1,1,12408,2303,8,512,512,2
12,3,"[2, 96, 0, 0, 0, 0, 0, 0, 0, 0, 0, 0, 0, 0, 0, 2, 96, 0, 0, 0, 0, 0, 0, 0, 0, 0, 0, 0, 0, 0]",1,128,96.0,576.0,1059295581,1059302191,1059303703,1059306104,0,60512,60512,-1,1,6610,2401,8,512,512,2
16,3,"[2, 96, 96, 1, 1, 0, 0, 0, 0, 0, 0, 0, 0, 0, 0, 4, 0, 0, 0, 0, 0, 0, 0, 0, 0, 0, 0, 0, 0, 0]",18,128,9216.0,36868.0,1059359572,1059365806,1059366616,1059369399,0,59424,59424,-1,1,6234,2783,8,512,512,2
12,3,"[2, 96, 96, 1, 1, 0, 0, 0, 0, 0, 0, 0, 0, 0, 0, 2, 96, 96, 1, 1, 0, 0, 0, 0, 0, 0, 0, 0, 0, 0]",18,128,9216.0,55296.0,1059422093,1059428028,1059428823,1059431032,0,59487,59487,-1,1,5935,2209,8,512,512,2
12,3,"[2, 96, 96, 1, 1, 0, 0, 0, 0, 0, 0, 0, 0, 0, 0, 2, 96, 96, 1, 1, 0, 0, 0, 0, 0, 0, 0, 0, 0, 0]",18,128,9216.0,55296.0,1059484658,1059490615,1059490519,1059493560,0,60319,60319,-1,1,5957,3041,8,512,512,2
16,3,"[2, 96, 0, 0, 0, 0, 0, 0, 0, 0, 0, 0, 0, 0, 0, 4, 0, 0, 0, 0, 0, 0, 0, 0, 0, 0, 0, 0, 0, 0]",1,128,96.0,388.0,1059546751,1059553141,1059553879,1059557079,0,63905,63905,-1,1,6390,3200,8,512,512,2
12,3,"[2, 96, 0, 0, 0, 0, 0, 0, 0, 0, 0, 0, 0, 0, 0, 2, 96, 0, 0, 0, 0, 0, 0, 0, 0, 0, 0, 0, 0, 0]",1,128,96.0,576.0,1059614016,1059619945,1059620984,1059623543,0,58785,58785,-1,1,5929,2559,8,512,512,2
12,3,"[2, 96, 0, 0, 0, 0, 0, 0, 0, 0, 0, 0, 0, 0, 0, 2, 96, 0, 0, 0, 0, 0, 0, 0, 0, 0, 0, 0, 0, 0]",1,128,96.0,576.0,1059675304,1059681294,1059682328,1059684727,0,58945,58945,-1,1,5990,2399,8,512,512,2
16,3,"[2, 96, 0, 0, 0, 0, 0, 0, 0, 0, 0, 0, 0, 0, 0, 4, 0, 0, 0, 0, 0, 0, 0, 0, 0, 0, 0, 0, 0, 0]",1,128,96.0,388.0,1059736580,1059742825,1059743672,1059746136,0,58911,58911,-1,1,6245,2464,8,512,512,2
12,3,"[2, 96, 0, 0, 0, 0, 0, 0, 0, 0, 0, 0, 0, 0, 0, 2, 96, 0, 0, 0, 0, 0, 0, 0, 0, 0, 0, 0, 0, 0]",1,128,96.0,576.0,1059798151,1059803836,1059805047,1059807480,0,59776,59776,-1,1,5685,2433,8,512,512,2
12,3,"[2, 96, 0, 0, 0, 0, 0, 0, 0, 0, 0, 0, 0, 0, 0, 2, 96, 0, 0, 0, 0, 0, 0, 0, 0, 0, 0, 0, 0, 0]",1,128,96.0,576.0,1059860876,1059866221,1059867256,1059869304,0,171679,171679,-1,1,5345,2048,8,512,512,2
16,3,"[2, 96, 1, 3, 3, 0, 0, 0, 0, 0, 0, 0, 0, 0, 0, 4, 0, 0, 0, 0, 0, 0, 0, 0, 0, 0, 0, 0, 0, 0]",2,128,864.0,3460.0,1060030921,1060040568,1060040983,1060043384,0,73184,73184,-1,1,9647,2401,8,512,512,2
12,3,"[2, 96, 1, 3, 3, 0, 0, 0, 0, 0, 0, 0, 0, 0, 0, 2, 96, 1, 3, 3, 0, 0, 0, 0, 0, 0, 0, 0, 0, 0]",2,128,864.0,5184.0,1060108388,1060116098,1060116568,1060119032,0,63264,63264,-1,1,7710,2464,8,512,512,2
12,3,"[2, 96, 1, 3, 3, 0, 0, 0, 0, 0, 0, 0, 0, 0, 0, 2, 96, 1, 3, 3, 0, 0, 0, 0, 0, 0, 0, 0, 0, 0]",2,128,864.0,5184.0,1060175065,1060181273,1060182296,1060184695,0,61409,61409,-1,1,6208,2399,8,512,512,2
16,3,"[2, 96, 0, 0, 0, 0, 0, 0, 0, 0, 0, 0, 0, 0, 0, 4, 0, 0, 0, 0, 0, 0, 0, 0, 0, 0, 0, 0, 0, 0]",1,128,96.0,388.0,1060239009,1060245387,1060246104,1060248184,0,59104,59104,-1,1,6378,2080,8,512,512,2
12,3,"[2, 96, 0, 0, 0, 0, 0, 0, 0, 0, 0, 0, 0, 0, 0, 2, 96, 0, 0, 0, 0, 0, 0, 0, 0, 0, 0, 0, 0, 0]",1,128,96.0,576.0,1060300775,1060306328,1060307288,1060309623,0,59425,59425,-1,1,5553,2335,8,512,512,2
12,3,"[2, 96, 0, 0, 0, 0, 0, 0, 0, 0, 0, 0, 0, 0, 0, 2, 96, 0, 0, 0, 0, 0, 0, 0, 0, 0, 0, 0, 0, 0]",1,128,96.0,576.0,1060363085,1060368605,1060369048,1060371063,0,67329,67329,-1,1,5520,2015,8,512,512,2
16,3,"[2, 96, 0, 0, 0, 0, 0, 0, 0, 0, 0, 0, 0, 0, 0, 4, 0, 0, 0, 0, 0, 0, 0, 0, 0, 0, 0, 0, 0, 0]",1,128,96.0,388.0,1060423818,1060437699,1060438392,1060440695,0,63073,63073,-1,1,13881,2303,8,512,512,2
12,3,"[2, 96, 0, 0, 0, 0, 0, 0, 0, 0, 0, 0, 0, 0, 0, 2, 96, 0, 0, 0, 0, 0, 0, 0, 0, 0, 0, 0, 0, 0]",1,128,96.0,576.0,1060495861,1060502275,1060503768,1060506200,0,57344,57344,-1,1,6414,2432,8,512,512,2
12,3,"[2, 96, 0, 0, 0, 0, 0, 0, 0, 0, 0, 0, 0, 0, 0, 2, 96, 0, 0, 0, 0, 0, 0, 0, 0, 0, 0, 0, 0, 0]",1,128,96.0,576.0,1060557022,1060562962,1060563544,1060565623,0,59328,59328,-1,1,5940,2079,8,512,512,2
16,3,"[2, 96, 96, 1, 1, 0, 0, 0, 0, 0, 0, 0, 0, 0, 0, 4, 0, 0, 0, 0, 0, 0, 0, 0, 0, 0, 0, 0, 0, 0]",18,128,9216.0,36868.0,1060618226,1060624120,1060624951,1060627064,0,59392,59392,-1,1,5894,2113,8,512,512,2
12,3,"[2, 96, 96, 1, 1, 0, 0, 0, 0, 0, 0, 0, 0, 0, 0, 2, 96, 96, 1, 1, 0, 0, 0, 0, 0, 0, 0, 0, 0, 0]",18,128,9216.0,55296.0,1060679644,1060685574,1060686456,1060688504,0,58976,58976,-1,1,5930,2048,8,512,512,2
12,3,"[2, 96, 96, 1, 1, 0, 0, 0, 0, 0, 0, 0, 0, 0, 0, 2, 96, 96, 1, 1, 0, 0, 0, 0, 0, 0, 0, 0, 0, 0]",18,128,9216.0,55296.0,1060740552,1060746304,1060747480,1060749944,0,58944,58944,-1,1,5752,2464,8,512,512,2
16,3,"[2, 96, 0, 0, 0, 0, 0, 0, 0, 0, 0, 0, 0, 0, 0, 4, 0, 0, 0, 0, 0, 0, 0, 0, 0, 0, 0, 0, 0, 0]",1,128,96.0,388.0,1060802106,1060807982,1060808888,1060811384,0,63872,63872,-1,1,5876,2496,8,512,512,2
12,3,"[2, 96, 0, 0, 0, 0, 0, 0, 0, 0, 0, 0, 0, 0, 0, 2, 96, 0, 0, 0, 0, 0, 0, 0, 0, 0, 0, 0, 0, 0]",1,128,96.0,576.0,1060868925,1060874880,1060875256,1060878360,0,58304,58304,-1,1,5955,3104,8,512,512,2
12,3,"[2, 96, 0, 0, 0, 0, 0, 0, 0, 0, 0, 0, 0, 0, 0, 2, 96, 0, 0, 0, 0, 0, 0, 0, 0, 0, 0, 0, 0, 0]",1,128,96.0,576.0,1060930342,1060936089,1060936664,1060939704,0,58048,58048,-1,1,5747,3040,8,512,512,2
16,3,"[2, 96, 0, 0, 0, 0, 0, 0, 0, 0, 0, 0, 0, 0, 0, 4, 0, 0, 0, 0, 0, 0, 0, 0, 0, 0, 0, 0, 0, 0]",1,128,96.0,388.0,1060991326,1060997094,1060997752,1060999800,0,59136,59136,-1,1,5768,2048,8,512,512,2
12,3,"[2, 96, 0, 0, 0, 0, 0, 0, 0, 0, 0, 0, 0, 0, 0, 2, 96, 0, 0, 0, 0, 0, 0, 0, 0, 0, 0, 0, 0, 0]",1,128,96.0,576.0,1061051967,1061057946,1061058936,1061061240,0,57344,57344,-1,1,5979,2304,8,512,512,2
12,3,"[2, 96, 0, 0, 0, 0, 0, 0, 0, 0, 0, 0, 0, 0, 0, 2, 96, 0, 0, 0, 0, 0, 0, 0, 0, 0, 0, 0, 0, 0]",1,128,96.0,576.0,1061111761,1061117802,1061118584,1061120632,0,59616,59616,-1,1,6041,2048,8,512,512,2
16,3,"[2, 96, 96, 1, 1, 0, 0, 0, 0, 0, 0, 0, 0, 0, 0, 4, 0, 0, 0, 0, 0, 0, 0, 0, 0, 0, 0, 0, 0, 0]",18,128,9216.0,36868.0,1061174233,1061179949,1061180248,1061183352,0,66144,66144,-1,1,5716,3104,8,512,512,2
12,3,"[2, 96, 96, 1, 1, 0, 0, 0, 0, 0, 0, 0, 0, 0, 0, 2, 96, 96, 1, 1, 0, 0, 0, 0, 0, 0, 0, 0, 0, 0]",18,128,9216.0,55296.0,1061241990,1061248600,1061249496,1061251704,0,76896,76896,-1,1,6610,2208,8,512,512,2
12,3,"[2, 96, 96, 1, 1, 0, 0, 0, 0, 0, 0, 0, 0, 0, 0, 2, 96, 96, 1, 1, 0, 0, 0, 0, 0, 0, 0, 0, 0, 0]",18,128,9216.0,55296.0,1061320298,1061327779,1061328600,1061331096,0,63872,63872,-1,1,7481,2496,8,512,512,2
16,3,"[2, 96, 0, 0, 0, 0, 0, 0, 0, 0, 0, 0, 0, 0, 0, 4, 0, 0, 0, 0, 0, 0, 0, 0, 0, 0, 0, 0, 0, 0]",1,128,96.0,388.0,1061387949,1061394205,1061394968,1061397112,0,60800,60800,-1,1,6256,2144,8,512,512,2
12,3,"[2, 96, 0, 0, 0, 0, 0, 0, 0, 0, 0, 0, 0, 0, 0, 2, 96, 0, 0, 0, 0, 0, 0, 0, 0, 0, 0, 0, 0, 0]",1,128,96.0,576.0,1061451041,1061456890,1061457912,1061460600,0,59136,59136,-1,1,5849,2688,8,512,512,2
12,3,"[2, 96, 0, 0, 0, 0, 0, 0, 0, 0, 0, 0, 0, 0, 0, 2, 96, 0, 0, 0, 0, 0, 0, 0, 0, 0, 0, 0, 0, 0]",1,128,96.0,576.0,1061513163,1061518721,1061519736,1061522040,0,63456,63456,-1,1,5558,2304,8,512,512,2
16,3,"[2, 96, 0, 0, 0, 0, 0, 0, 0, 0, 0, 0, 0, 0, 0, 4, 0, 0, 0, 0, 0, 0, 0, 0, 0, 0, 0, 0, 0, 0]",1,128,96.0,388.0,1061578383,1061585342,1061585496,1061587576,0,63040,63040,-1,1,6959,2080,8,512,512,2
12,3,"[2, 96, 0, 0, 0, 0, 0, 0, 0, 0, 0, 0, 0, 0, 0, 2, 96, 0, 0, 0, 0, 0, 0, 0, 0, 0, 0, 0, 0, 0]",1,128,96.0,576.0,1061644116,1061649749,1061650616,1061653048,0,65376,65376,-1,1,5633,2432,8,512,512,2
12,3,"[2, 96, 0, 0, 0, 0, 0, 0, 0, 0, 0, 0, 0, 0, 0, 2, 96, 0, 0, 0, 0, 0, 0, 0, 0, 0, 0, 0, 0, 0]",1,128,96.0,576.0,1061711366,1061717430,1061718424,1061720696,0,59520,59520,-1,1,6064,2272,8,512,512,2
16,3,"[2, 96, 1, 3, 3, 0, 0, 0, 0, 0, 0, 0, 0, 0, 0, 4, 0, 0, 0, 0, 0, 0, 0, 0, 0, 0, 0, 0, 0, 0]",2,128,864.0,3460.0,1061773590,1061780003,1061780216,1061783224,0,58304,58304,-1,1,6413,3008,8,512,512,2
12,3,"[2, 96, 1, 3, 3, 0, 0, 0, 0, 0, 0, 0, 0, 0, 0, 2, 96, 1, 3, 3, 0, 0, 0, 0, 0, 0, 0, 0, 0, 0]",2,128,864.0,5184.0,1061835493,1061841063,1061841528,1061843576,0,59264,59264,-1,1,5570,2048,8,512,512,2
12,3,"[2, 96, 1, 3, 3, 0, 0, 0, 0, 0, 0, 0, 0, 0, 0, 2, 96, 1, 3, 3, 0, 0, 0, 0, 0, 0, 0, 0, 0, 0]",2,128,864.0,5184.0,1061896324,1061901756,1061902840,1061905016,0,59360,59360,-1,1,5432,2176,8,512,512,2
16,3,"[2, 96, 0, 0, 0, 0, 0, 0, 0, 0, 0, 0, 0, 0, 0, 4, 0, 0, 0, 0, 0, 0, 0, 0, 0, 0, 0, 0, 0, 0]",1,128,96.0,388.0,1061957107,1061963869,1061964376,1061966456,0,59360,59360,-1,1,6762,2080,8,512,512,2
12,3,"[2, 96, 0, 0, 0, 0, 0, 0, 0, 0, 0, 0, 0, 0, 0, 2, 96, 0, 0, 0, 0, 0, 0, 0, 0, 0, 0, 0, 0, 0]",1,128,96.0,576.0,1062019308,1062025104,1062025816,1062027896,0,65536,65536,-1,1,5796,2080,8,512,512,2
12,3,"[2, 96, 0, 0, 0, 0, 0, 0, 0, 0, 0, 0, 0, 0, 0, 2, 96, 0, 0, 0, 0, 0, 0, 0, 0, 0, 0, 0, 0, 0]",1,128,96.0,576.0,1062086613,1062092713,1062093432,1062095480,0,59392,59392,-1,1,6100,2048,8,512,512,2
16,3,"[2, 96, 0, 0, 0, 0, 0, 0, 0, 0, 0, 0, 0, 0, 0, 4, 0, 0, 0, 0, 0, 0, 0, 0, 0, 0, 0, 0, 0, 0]",1,128,96.0,388.0,1062148484,1062154203,1062154872,1062156920,0,57344,57344,-1,1,5719,2048,8,512,512,2
12,3,"[2, 96, 0, 0, 0, 0, 0, 0, 0, 0, 0, 0, 0, 0, 0, 2, 96, 0, 0, 0, 0, 0, 0, 0, 0, 0, 0, 0, 0, 0]",1,128,96.0,576.0,1062207952,1062213629,1062214264,1062216312,0,57760,57760,-1,1,5677,2048,8,512,512,2
12,3,"[2, 96, 0, 0, 0, 0, 0, 0, 0, 0, 0, 0, 0, 0, 0, 2, 96, 0, 0, 0, 0, 0, 0, 0, 0, 0, 0, 0, 0, 0]",1,128,96.0,576.0,1062268157,1062273585,1062274072,1062277112,0,60064,60064,-1,1,5428,3040,8,512,512,2
16,3,"[2, 96, 96, 1, 1, 0, 0, 0, 0, 0, 0, 0, 0, 0, 0, 4, 0, 0, 0, 0, 0, 0, 0, 0, 0, 0, 0, 0, 0, 0]",18,128,9216.0,36868.0,1062330933,1062336982,1062337176,1062340408,0,59968,59968,-1,1,6049,3232,8,512,512,2
12,3,"[2, 96, 96, 1, 1, 0, 0, 0, 0, 0, 0, 0, 0, 0, 0, 2, 96, 96, 1, 1, 0, 0, 0, 0, 0, 0, 0, 0, 0, 0]",18,128,9216.0,55296.0,1062393435,1062399270,1062400376,1062402680,0,65824,65824,-1,1,5835,2304,8,512,512,2
12,3,"[2, 96, 96, 1, 1, 0, 0, 0, 0, 0, 0, 0, 0, 0, 0, 2, 96, 96, 1, 1, 0, 0, 0, 0, 0, 0, 0, 0, 0, 0]",18,128,9216.0,55296.0,1062461896,1062467927,1062468504,1062471576,0,60128,60128,-1,1,6031,3072,8,512,512,2
16,3,"[2, 96, 0, 0, 0, 0, 0, 0, 0, 0, 0, 0, 0, 0, 0, 4, 0, 0, 0, 0, 0, 0, 0, 0, 0, 0, 0, 0, 0, 0]",1,128,96.0,388.0,1062524955,1062531169,1062531704,1062533752,0,59424,59424,-1,1,6214,2048,8,512,512,2
12,3,"[2, 96, 0, 0, 0, 0, 0, 0, 0, 0, 0, 0, 0, 0, 0, 2, 96, 0, 0, 0, 0, 0, 0, 0, 0, 0, 0, 0, 0, 0]",1,128,96.0,576.0,1062587341,1062592658,1062593176,1062596216,0,160768,160768,-1,1,5317,3040,8,512,512,2
12,3,"[2, 96, 0, 0, 0, 0, 0, 0, 0, 0, 0, 0, 0, 0, 0, 2, 96, 0, 0, 0, 0, 0, 0, 0, 0, 0, 0, 0, 0, 0]",1,128,96.0,576.0,1062748775,1062756976,1062756984,1062759032,0,71648,71648,-1,1,8201,2048,8,512,512,2
16,3,"[2, 96, 0, 0, 0, 0, 0, 0, 0, 0, 0, 0, 0, 0, 0, 4, 0, 0, 0, 0, 0, 0, 0, 0, 0, 0, 0, 0, 0, 0]",1,128,96.0,388.0,1062823350,1062829983,1062830680,1062832760,0,63136,63136,-1,1,6633,2080,8,512,512,2
12,3,"[2, 96, 0, 0, 0, 0, 0, 0, 0, 0, 0, 0, 0, 0, 0, 2, 96, 0, 0, 0, 0, 0, 0, 0, 0, 0, 0, 0, 0, 0]",1,128,96.0,576.0,1062888394,1062894657,1062895896,1062898296,0,65024,65024,-1,1,6263,2400,8,512,512,2
12,3,"[2, 96, 0, 0, 0, 0, 0, 0, 0, 0, 0, 0, 0, 0, 0, 2, 96, 0, 0, 0, 0, 0, 0, 0, 0, 0, 0, 0, 0, 0]",1,128,96.0,576.0,1062956410,1062962167,1062963320,1062965848,0,60800,60800,-1,1,5757,2528,8,512,512,2
16,3,"[2, 1024, 192, 1, 1, 0, 0, 0, 0, 0, 0, 0, 0, 0, 0, 4, 0, 0, 0, 0, 0, 0, 0, 0, 0, 0, 0, 0, 0, 0]",384,128,196608.0,786436.0,1063019884,1063025912,1063026648,1063029368,0,59392,59392,-1,1,6028,2720,8,512,512,2
12,3,"[2, 1024, 192, 1, 1, 0, 0, 0, 0, 0, 0, 0, 0, 0, 0, 2, 1024, 192, 1, 1, 0, 0, 0, 0, 0, 0, 0, 0, 0, 0]",384,128,196608.0,1179648.0,1063082118,1063087645,1063088760,1063092056,0,57824,57824,-1,1,5527,3296,8,512,512,2
12,3,"[2, 1024, 192, 1, 1, 0, 0, 0, 0, 0, 0, 0, 0, 0, 0, 2, 1024, 192, 1, 1, 0, 0, 0, 0, 0, 0, 0, 0, 0, 0]",384,128,196608.0,1179648.0,1063143351,1063148846,1063149880,1063153464,0,57472,57472,-1,1,5495,3584,8,512,512,2
16,3,"[2, 1024, 0, 0, 0, 0, 0, 0, 0, 0, 0, 0, 0, 0, 0, 4, 0, 0, 0, 0, 0, 0, 0, 0, 0, 0, 0, 0, 0, 0]",2,128,1024.0,4100.0,1063203957,1063209882,1063210936,1063213400,0,65792,65792,-1,1,5925,2464,8,512,512,2
12,3,"[2, 1024, 0, 0, 0, 0, 0, 0, 0, 0, 0, 0, 0, 0, 0, 2, 1024, 0, 0, 0, 0, 0, 0, 0, 0, 0, 0, 0, 0, 0]",2,128,1024.0,6144.0,1063271876,1063278167,1063279192,1063281272,0,67520,67520,-1,1,6291,2080,8,512,512,2
12,3,"[2, 1024, 0, 0, 0, 0, 0, 0, 0, 0, 0, 0, 0, 0, 0, 2, 1024, 0, 0, 0, 0, 0, 0, 0, 0, 0, 0, 0, 0, 0]",2,128,1024.0,6144.0,1063341152,1063347850,1063348792,1063350904,0,59616,59616,-1,1,6698,2112,8,512,512,2
16,3,"[2, 1024, 0, 0, 0, 0, 0, 0, 0, 0, 0, 0, 0, 0, 0, 4, 0, 0, 0, 0, 0, 0, 0, 0, 0, 0, 0, 0, 0, 0]",2,128,1024.0,4100.0,1063403745,1063410355,1063410520,1063413528,0,59872,59872,-1,1,6610,3008,8,512,512,2
12,3,"[2, 1024, 0, 0, 0, 0, 0, 0, 0, 0, 0, 0, 0, 0, 0, 2, 1024, 0, 0, 0, 0, 0, 0, 0, 0, 0, 0, 0, 0, 0]",2,128,1024.0,6144.0,1063466664,1063472404,1063473400,1063475832,0,57344,57344,-1,1,5740,2432,8,512,512,2
12,3,"[2, 1024, 0, 0, 0, 0, 0, 0, 0, 0, 0, 0, 0, 0, 0, 2, 1024, 0, 0, 0, 0, 0, 0, 0, 0, 0, 0, 0, 0, 0]",2,128,1024.0,6144.0,1063526932,1063532471,1063533176,1063535224,0,59360,59360,-1,1,5539,2048,8,512,512,2
16,3,"[2, 336, 1024, 0, 0, 0, 0, 0, 0, 0, 0, 0, 0, 0, 0, 4, 0, 0, 0, 0, 0, 0, 0, 0, 0, 0, 0, 0, 0, 0]",672,128,344064.0,1376260.0,1063588137,1063593989,1063594584,1063598712,0,59232,59232,-1,1,5852,4128,8,512,512,2
12,3,"[2, 336, 1024, 0, 0, 0, 0, 0, 0, 0, 0, 0, 0, 0, 0, 2, 336, 1024, 0, 0, 0, 0, 0, 0, 0, 0, 0, 0, 0, 0]",672,128,344064.0,2064384.0,1063651438,1063657003,1063657944,1063661944,0,63712,63712,-1,1,5565,4000,8,512,512,2
12,3,"[2, 336, 1024, 0, 0, 0, 0, 0, 0, 0, 0, 0, 0, 0, 0, 2, 336, 1024, 0, 0, 0, 0, 0, 0, 0, 0, 0, 0, 0, 0]",672,128,344064.0,2064384.0,1063718912,1063725146,1063725656,1063729784,0,58624,58624,-1,1,6234,4128,8,512,512,2
16,3,"[2, 336, 0, 0, 0, 0, 0, 0, 0, 0, 0, 0, 0, 0, 0, 4, 0, 0, 0, 0, 0, 0, 0, 0, 0, 0, 0, 0, 0, 0]",1,128,336.0,1348.0,1063781225,1063787711,1063788408,1063790872,0,58912,58912,-1,1,6486,2464,8,512,512,2
12,3,"[2, 336, 0, 0, 0, 0, 0, 0, 0, 0, 0, 0, 0, 0, 0, 2, 336, 0, 0, 0, 0, 0, 0, 0, 0, 0, 0, 0, 0, 0]",1,128,336.0,2016.0,1063842542,1063848781,1063849784,1063852408,0,57568,57568,-1,1,6239,2624,8,512,512,2
12,3,"[2, 336, 0, 0, 0, 0, 0, 0, 0, 0, 0, 0, 0, 0, 0, 2, 336, 0, 0, 0, 0, 0, 0, 0, 0, 0, 0, 0, 0, 0]",1,128,336.0,2016.0,1063903783,1063908972,1063909976,1063912056,0,0,0,-1,1,5189,2080,8,512,512,2
