op,dir,params,grid,block,flops,bytes,rStartTime,rEndTime,kStartTime,kEndTime,staticSharedMemory,space,space1,seq,kernels,rduration,kduration,batch,h,w,input_type
203,1,"[2, 3, 32, 32, 64, 15, 15, 3, 3, 0, 0, 2, 2, 1, 1, 1, 4, 0, 0, 0, 0, 0, 0, 0, 0, 0, 0, 0, 0, 0]",113,256,1555200.0,146688.0,323695568,323752690,323708377,323756505,5376,222719,190431,1022,3,25068,15840,2,32,32,1
152,1,"[4, 2, 64, 15, 15, 0, 0, 0, 0, 0, 0, 0, 0, 0, 0, 0, 0, 0, 0, 0, 0, 0, 0, 0, 0, 0, 0, 0, 0, 0]",57,128,28800.0,230400.0,323936927,323947486,323946936,323950424,0,195584,195584,1023,1,10559,3488,2,32,32,1
183,1,"[4, 2, 64, 15, 15, 0, 0, 0, 0, 0, 0, 0, 0, 0, 0, 0, 0, 0, 0, 0, 0, 0, 0, 0, 0, 0, 0, 0, 0, 0]",25,256,0.0,0.0,324135696,324146418,324146008,324151032,0,176032,176032,1024,1,10722,5024,2,32,32,1
203,1,"[2, 64, 7, 7, 16, 7, 7, 1, 1, 0, 0, 1, 1, 1, 1, 1, 4, 0, 0, 0, 0, 0, 0, 0, 0, 0, 0, 0, 0, 0]",7,128,0.0,0.0,324315084,324356199,324327064,324360216,2304,303423,280927,1025,2,18266,10656,2,32,32,1
152,1,"[4, 2, 16, 7, 7, 0, 0, 0, 0, 0, 0, 0, 0, 0, 0, 0, 0, 0, 0, 0, 0, 0, 0, 0, 0, 0, 0, 0, 0, 0]",4,128,1568.0,12544.0,324629876,324641262,324641143,324643287,0,194528,194528,1026,1,11386,2144,2,32,32,1
203,1,"[2, 16, 7, 7, 64, 7, 7, 1, 1, 0, 0, 1, 1, 1, 1, 1, 4, 0, 0, 0, 0, 0, 0, 0, 0, 0, 0, 0, 0, 0]",25,128,0.0,0.0,324826485,324868463,324837815,324872663,2304,200384,174144,1027,2,19017,8608,2,32,32,1
152,1,"[4, 2, 64, 7, 7, 0, 0, 0, 0, 0, 0, 0, 0, 0, 0, 0, 0, 0, 0, 0, 0, 0, 0, 0, 0, 0, 0, 0, 0, 0]",13,128,6272.0,50176.0,325038142,325047276,325046807,325049911,0,191232,191232,1028,1,9134,3104,2,32,32,1
203,1,"[2, 16, 7, 7, 64, 7, 7, 3, 3, 1, 1, 1, 1, 1, 1, 1, 4, 0, 0, 0, 0, 0, 0, 0, 0, 0, 0, 0, 0, 0]",25,256,1806336.0,68224.0,325229582,325283014,325241143,325286359,49152,211453,181823,1029,3,22829,15586,2,32,32,1
152,1,"[4, 2, 64, 7, 7, 0, 0, 0, 0, 0, 0, 0, 0, 0, 0, 0, 0, 0, 0, 0, 0, 0, 0, 0, 0, 0, 0, 0, 0, 0]",13,128,6272.0,50176.0,325458396,325468354,325468182,325470678,0,102208,102208,1030,1,9958,2496,2,32,32,1
213,1,"[4, 2, 64, 7, 7, 0, 0, 0, 0, 0, 0, 0, 0, 0, 0, 4, 2, 64, 7, 7, 0, 0, 0, 0, 0, 0, 0, 0, 0, 0]",272,512,0.0,100352.0,325563014,325572388,325572886,325576694,0,178624,178624,1031,1,9374,3808,2,32,32,1
203,1,"[2, 128, 7, 7, 16, 7, 7, 1, 1, 0, 0, 1, 1, 1, 1, 1, 4, 0, 0, 0, 0, 0, 0, 0, 0, 0, 0, 0, 0, 0]",7,128,0.0,0.0,325745210,325784669,325755318,325788118,2304,204416,186176,1032,2,17026,14560,2,32,32,1
152,1,"[4, 2, 16, 7, 7, 0, 0, 0, 0, 0, 0, 0, 0, 0, 0, 0, 0, 0, 0, 0, 0, 0, 0, 0, 0, 0, 0, 0, 0, 0]",4,128,1568.0,12544.0,325964797,325974074,325974294,325976534,0,169823,169823,1033,1,9277,2240,2,32,32,1
203,1,"[2, 16, 7, 7, 64, 7, 7, 1, 1, 0, 0, 1, 1, 1, 1, 1, 4, 0, 0, 0, 0, 0, 0, 0, 0, 0, 0, 0, 0, 0]",25,128,0.0,0.0,326135499,326174391,326146357,326178613,2304,203424,178848,1034,2,16735,7680,2,32,32,1
152,1,"[4, 2, 64, 7, 7, 0, 0, 0, 0, 0, 0, 0, 0, 0, 0, 0, 0, 0, 0, 0, 0, 0, 0, 0, 0, 0, 0, 0, 0, 0]",13,128,6272.0,50176.0,326347494,326357453,326357461,326359509,0,188160,188160,1035,1,9959,2048,2,32,32,1
203,1,"[2, 16, 7, 7, 64, 7, 7, 3, 3, 1, 1, 1, 1, 1, 1, 1, 4, 0, 0, 0, 0, 0, 0, 0, 0, 0, 0, 0, 0, 0]",25,256,1806336.0,68224.0,326536047,326584571,326547669,326588885,49152,203135,177279,1036,3,22116,15360,2,32,32,1
152,1,"[4, 2, 64, 7, 7, 0, 0, 0, 0, 0, 0, 0, 0, 0, 0, 0, 0, 0, 0, 0, 0, 0, 0, 0, 0, 0, 0, 0, 0, 0]",13,128,6272.0,50176.0,326756289,326765762,326766164,326768884,0,114208,114208,1037,1,9473,2720,2,32,32,1
213,1,"[4, 2, 64, 7, 7, 0, 0, 0, 0, 0, 0, 0, 0, 0, 0, 4, 2, 64, 7, 7, 0, 0, 0, 0, 0, 0, 0, 0, 0, 0]",272,512,0.0,100352.0,326871444,326882457,326883092,326885844,0,192064,192064,1038,1,11013,2752,2,32,32,1
183,1,"[4, 2, 128, 7, 7, 0, 0, 0, 0, 0, 0, 0, 0, 0, 0, 0, 0, 0, 0, 0, 0, 0, 0, 0, 0, 0, 0, 0, 0, 0]",9,256,0.0,0.0,327067605,327077742,327077908,327082452,0,173824,173824,1039,1,10137,4544,2,32,32,1
203,1,"[2, 128, 3, 3, 32, 3, 3, 1, 1, 0, 0, 1, 1, 1, 1, 1, 4, 0, 0, 0, 0, 0, 0, 0, 0, 0, 0, 0, 0, 0]",3,128,0.0,0.0,327244956,327290424,327256276,327293396,2304,210816,187968,1040,2,18168,14272,2,32,32,1
152,1,"[4, 2, 32, 3, 3, 0, 0, 0, 0, 0, 0, 0, 0, 0, 0, 0, 0, 0, 0, 0, 0, 0, 0, 0, 0, 0, 0, 0, 0, 0]",2,128,576.0,4608.0,327471229,327481257,327481364,327483860,0,171999,171999,1041,1,10028,2496,2,32,32,1
203,1,"[2, 32, 3, 3, 128, 3, 3, 1, 1, 0, 0, 1, 1, 1, 1, 1, 4, 0, 0, 0, 0, 0, 0, 0, 0, 0, 0, 0, 0, 0]",9,128,0.0,0.0,327645709,327684489,327655859,327688435,2304,194848,172224,1042,2,16654,9952,2,32,32,1
152,1,"[4, 2, 128, 3, 3, 0, 0, 0, 0, 0, 0, 0, 0, 0, 0, 0, 0, 0, 0, 0, 0, 0, 0, 0, 0, 0, 0, 0, 0, 0]",5,128,2304.0,18432.0,327850775,327860837,327860659,327862739,0,198656,198656,1043,1,10062,2080,2,32,32,1
203,1,"[2, 32, 3, 3, 128, 3, 3, 3, 3, 1, 1, 1, 1, 1, 1, 1, 4, 0, 0, 0, 0, 0, 0, 0, 0, 0, 0, 0, 0, 0]",32,256,1327104.0,158976.0,328050168,328098919,328061395,328102355,49152,200127,179391,1044,3,23360,20224,2,32,32,1
152,1,"[4, 2, 128, 3, 3, 0, 0, 0, 0, 0, 0, 0, 0, 0, 0, 0, 0, 0, 0, 0, 0, 0, 0, 0, 0, 0, 0, 0, 0, 0]",5,128,2304.0,18432.0,328272389,328281764,328281746,328284179,0,96671,96671,1045,1,9375,2433,2,32,32,1
213,1,"[4, 2, 128, 3, 3, 0, 0, 0, 0, 0, 0, 0, 0, 0, 0, 4, 2, 128, 3, 3, 0, 0, 0, 0, 0, 0, 0, 0, 0, 0]",272,512,0.0,36864.0,328371186,328380809,328380850,328384914,0,177280,177280,1046,1,9623,4064,2,32,32,1
203,1,"[2, 256, 3, 3, 32, 3, 3, 1, 1, 0, 0, 1, 1, 1, 1, 1, 4, 0, 0, 0, 0, 0, 0, 0, 0, 0, 0, 0, 0, 0]",3,128,0.0,0.0,328551008,328591641,328562194,328595634,2304,184896,175808,1047,2,17823,24352,2,32,32,1
152,1,"[4, 2, 32, 3, 3, 0, 0, 0, 0, 0, 0, 0, 0, 0, 0, 0, 0, 0, 0, 0, 0, 0, 0, 0, 0, 0, 0, 0, 0, 0]",2,128,576.0,4608.0,328762159,328771310,328771442,328774098,0,176095,176095,1048,1,9151,2656,2,32,32,1
203,1,"[2, 32, 3, 3, 128, 3, 3, 1, 1, 0, 0, 1, 1, 1, 1, 1, 4, 0, 0, 0, 0, 0, 0, 0, 0, 0, 0, 0, 0, 0]",9,128,0.0,0.0,328939898,328979314,328950193,328982994,2304,207327,183455,1049,2,16698,8929,2,32,32,1
152,1,"[4, 2, 128, 3, 3, 0, 0, 0, 0, 0, 0, 0, 0, 0, 0, 0, 0, 0, 0, 0, 0, 0, 0, 0, 0, 0, 0, 0, 0, 0]",5,128,2304.0,18432.0,329157192,329166514,329166449,329169105,0,189856,189856,1050,1,9322,2656,2,32,32,1
203,1,"[2, 32, 3, 3, 128, 3, 3, 3, 3, 1, 1, 1, 1, 1, 1, 1, 4, 0, 0, 0, 0, 0, 0, 0, 0, 0, 0, 0, 0, 0]",32,256,1327104.0,158976.0,329348027,329395980,329358961,329400305,49152,327295,306847,1051,3,22761,20896,2,32,32,1
152,1,"[4, 2, 128, 3, 3, 0, 0, 0, 0, 0, 0, 0, 0, 0, 0, 0, 0, 0, 0, 0, 0, 0, 0, 0, 0, 0, 0, 0, 0, 0]",5,128,2304.0,18432.0,329694060,329707156,329707152,329709616,0,115040,115040,1052,1,13096,2464,2,32,32,1
213,1,"[4, 2, 128, 3, 3, 0, 0, 0, 0, 0, 0, 0, 0, 0, 0, 4, 2, 128, 3, 3, 0, 0, 0, 0, 0, 0, 0, 0, 0, 0]",272,512,0.0,36864.0,329813020,329823917,329824656,329828304,0,178688,178688,1053,1,10897,3648,2,32,32,1
183,1,"[4, 2, 256, 3, 3, 0, 0, 0, 0, 0, 0, 0, 0, 0, 0, 0, 0, 0, 0, 0, 0, 0, 0, 0, 0, 0, 0, 0, 0, 0]",2,256,0.0,0.0,329996490,330007152,330006992,330011088,0,221280,221280,1054,1,10662,4096,2,32,32,1
203,1,"[2, 256, 1, 1, 48, 1, 1, 1, 1, 0, 0, 1, 1, 1, 1, 1, 4, 0, 0, 0, 0, 0, 0, 0, 0, 0, 0, 0, 0, 0]",2,256,49152.0,51584.0,330221391,330269007,330232368,330273168,41472,177759,163327,1055,3,22014,26368,2,32,32,1
152,1,"[4, 2, 48, 1, 1, 0, 0, 0, 0, 0, 0, 0, 0, 0, 0, 0, 0, 0, 0, 0, 0, 0, 0, 0, 0, 0, 0, 0, 0, 0]",1,128,96.0,768.0,330426903,330436072,330436495,330438895,0,157472,157472,1056,1,9169,2400,2,32,32,1
203,1,"[2, 48, 1, 1, 192, 1, 1, 1, 1, 0, 0, 1, 1, 1, 1, 1, 4, 0, 0, 0, 0, 0, 0, 0, 0, 0, 0, 0, 0, 0]",6,128,0.0,0.0,330585801,330622396,330596367,330626543,2304,186848,166496,1057,2,16139,9824,2,32,32,1
152,1,"[4, 2, 192, 1, 1, 0, 0, 0, 0, 0, 0, 0, 0, 0, 0, 0, 0, 0, 0, 0, 0, 0, 0, 0, 0, 0, 0, 0, 0, 0]",1,128,384.0,3072.0,330783711,330792558,330793039,330795471,0,171008,171008,1058,1,8847,2432,2,32,32,1
203,1,"[2, 48, 1, 1, 192, 1, 1, 3, 3, 1, 1, 1, 1, 1, 1, 1, 4, 0, 0, 0, 0, 0, 0, 0, 0, 0, 0, 0, 0, 0]",72,256,331776.0,333696.0,330956266,330998794,330966479,331003695,49152,168863,155359,1059,3,19588,23712,2,32,32,1
152,1,"[4, 2, 192, 1, 1, 0, 0, 0, 0, 0, 0, 0, 0, 0, 0, 0, 0, 0, 0, 0, 0, 0, 0, 0, 0, 0, 0, 0, 0, 0]",1,128,384.0,3072.0,331149542,331158972,331159054,331161518,0,92544,92544,1060,1,9430,2464,2,32,32,1
213,1,"[4, 2, 192, 1, 1, 0, 0, 0, 0, 0, 0, 0, 0, 0, 0, 4, 2, 192, 1, 1, 0, 0, 0, 0, 0, 0, 0, 0, 0, 0]",272,512,0.0,6144.0,331243910,331253129,331254062,331257486,0,181216,181216,1061,1,9219,3424,2,32,32,1
203,1,"[2, 384, 1, 1, 48, 1, 1, 1, 1, 0, 0, 1, 1, 1, 1, 1, 4, 0, 0, 0, 0, 0, 0, 0, 0, 0, 0, 0, 0, 0]",2,256,73728.0,77184.0,331428287,331474709,331438702,331479406,41472,164640,157760,1062,3,21427,33824,2,32,32,1
152,1,"[4, 2, 48, 1, 1, 0, 0, 0, 0, 0, 0, 0, 0, 0, 0, 0, 0, 0, 0, 0, 0, 0, 0, 0, 0, 0, 0, 0, 0, 0]",1,128,96.0,768.0,331629202,331637414,331637166,331640366,0,164736,164736,1063,1,8212,3200,2,32,32,1
203,1,"[2, 48, 1, 1, 192, 1, 1, 1, 1, 0, 0, 1, 1, 1, 1, 1, 4, 0, 0, 0, 0, 0, 0, 0, 0, 0, 0, 0, 0, 0]",6,128,0.0,0.0,331794398,331831363,331805102,331835501,2304,175584,155136,1064,2,16578,9951,2,32,32,1
152,1,"[4, 2, 192, 1, 1, 0, 0, 0, 0, 0, 0, 0, 0, 0, 0, 0, 0, 0, 0, 0, 0, 0, 0, 0, 0, 0, 0, 0, 0, 0]",1,128,384.0,3072.0,331981640,331990419,331990637,331993069,0,169920,169920,1065,1,8779,2432,2,32,32,1
203,1,"[2, 48, 1, 1, 192, 1, 1, 3, 3, 1, 1, 1, 1, 1, 1, 1, 4, 0, 0, 0, 0, 0, 0, 0, 0, 0, 0, 0, 0, 0]",72,256,331776.0,333696.0,332152482,332197901,332162989,332202445,49152,193888,179968,1066,3,19994,25536,2,32,32,1
152,1,"[4, 2, 192, 1, 1, 0, 0, 0, 0, 0, 0, 0, 0, 0, 0, 0, 0, 0, 0, 0, 0, 0, 0, 0, 0, 0, 0, 0, 0, 0]",1,128,384.0,3072.0,332372192,332382212,332382413,332384717,0,91488,91488,1067,1,10020,2304,2,32,32,1
213,1,"[4, 2, 192, 1, 1, 0, 0, 0, 0, 0, 0, 0, 0, 0, 0, 4, 2, 192, 1, 1, 0, 0, 0, 0, 0, 0, 0, 0, 0, 0]",272,512,0.0,6144.0,332467131,332475701,332476205,332480141,0,174879,174879,1068,1,8570,3936,2,32,32,1
203,1,"[2, 384, 1, 1, 64, 1, 1, 1, 1, 0, 0, 1, 1, 1, 1, 1, 4, 0, 0, 0, 0, 0, 0, 0, 0, 0, 0, 0, 0, 0]",2,256,98304.0,101888.0,332641042,332700043,332655020,332703852,41472,192960,176640,1069,3,28654,32512,2,32,32,1
152,1,"[4, 2, 64, 1, 1, 0, 0, 0, 0, 0, 0, 0, 0, 0, 0, 0, 0, 0, 0, 0, 0, 0, 0, 0, 0, 0, 0, 0, 0, 0]",1,128,128.0,1024.0,332870885,332880811,332880492,332883468,0,161824,161824,1070,1,9926,2976,2,32,32,1
203,1,"[2, 64, 1, 1, 256, 1, 1, 1, 1, 0, 0, 1, 1, 1, 1, 1, 4, 0, 0, 0, 0, 0, 0, 0, 0, 0, 0, 0, 0, 0]",8,128,0.0,0.0,333034791,333071800,333045292,333075980,2304,174880,154528,1071,2,16423,10336,2,32,32,1
152,1,"[4, 2, 256, 1, 1, 0, 0, 0, 0, 0, 0, 0, 0, 0, 0, 0, 0, 0, 0, 0, 0, 0, 0, 0, 0, 0, 0, 0, 0, 0]",1,128,512.0,4096.0,333221827,333230576,333230508,333232588,0,197727,197727,1072,1,8749,2080,2,32,32,1
203,1,"[2, 64, 1, 1, 256, 1, 1, 3, 3, 1, 1, 1, 1, 1, 1, 1, 4, 0, 0, 0, 0, 0, 0, 0, 0, 0, 0, 0, 0, 0]",128,256,589824.0,592384.0,333419177,333464767,333430315,333469163,49152,168448,158336,1073,3,20670,28736,2,32,32,1
152,1,"[4, 2, 256, 1, 1, 0, 0, 0, 0, 0, 0, 0, 0, 0, 0, 0, 0, 0, 0, 0, 0, 0, 0, 0, 0, 0, 0, 0, 0, 0]",1,128,512.0,4096.0,333618947,333627129,333627499,333629899,0,98304,98304,1074,1,8182,2400,2,32,32,1
213,1,"[4, 2, 256, 1, 1, 0, 0, 0, 0, 0, 0, 0, 0, 0, 0, 4, 2, 256, 1, 1, 0, 0, 0, 0, 0, 0, 0, 0, 0, 0]",272,512,0.0,8192.0,333718750,333727726,333728203,333732299,0,182624,182624,1075,1,8976,4096,2,32,32,1
203,1,"[2, 512, 1, 1, 64, 1, 1, 1, 1, 0, 0, 1, 1, 1, 1, 1, 4, 0, 0, 0, 0, 0, 0, 0, 0, 0, 0, 0, 0, 0]",2,256,131072.0,135680.0,333903900,333949134,333914923,333959114,41472,169760,165696,1076,3,21121,40127,2,32,32,1
152,1,"[4, 2, 64, 1, 1, 0, 0, 0, 0, 0, 0, 0, 0, 0, 0, 0, 0, 0, 0, 0, 0, 0, 0, 0, 0, 0, 0, 0, 0, 0]",1,128,128.0,1024.0,334114897,334124649,334124810,334127242,0,161152,161152,1077,1,9752,2432,2,32,32,1
203,1,"[2, 64, 1, 1, 256, 1, 1, 1, 1, 0, 0, 1, 1, 1, 1, 1, 4, 0, 0, 0, 0, 0, 0, 0, 0, 0, 0, 0, 0, 0]",8,128,0.0,0.0,334277426,334314518,334288394,334318026,2304,277760,258016,1078,2,16479,9888,2,32,32,1
152,1,"[4, 2, 256, 1, 1, 0, 0, 0, 0, 0, 0, 0, 0, 0, 0, 0, 0, 0, 0, 0, 0, 0, 0, 0, 0, 0, 0, 0, 0, 0]",1,128,512.0,4096.0,334565415,334576115,334576042,334578122,0,176095,176095,1079,1,10700,2080,2,32,32,1
203,1,"[2, 64, 1, 1, 256, 1, 1, 3, 3, 1, 1, 1, 1, 1, 1, 1, 4, 0, 0, 0, 0, 0, 0, 0, 0, 0, 0, 0, 0, 0]",128,256,589824.0,592384.0,334743787,334787525,334754217,334791113,49152,173119,165856,1080,3,20783,29633,2,32,32,1
152,1,"[4, 2, 256, 1, 1, 0, 0, 0, 0, 0, 0, 0, 0, 0, 0, 0, 0, 0, 0, 0, 0, 0, 0, 0, 0, 0, 0, 0, 0, 0]",1,128,512.0,4096.0,334948196,334957073,334956969,334959049,0,86016,86016,1081,1,8877,2080,2,32,32,1
213,1,"[4, 2, 256, 1, 1, 0, 0, 0, 0, 0, 0, 0, 0, 0, 0, 4, 2, 256, 1, 1, 0, 0, 0, 0, 0, 0, 0, 0, 0, 0]",272,512,0.0,8192.0,335036555,335044812,335045065,335048937,0,130400,130400,1082,1,8257,3872,2,32,32,1
212,1,"[4, 2, 512, 1, 1, 0, 0, 0, 0, 0, 0, 0, 0, 0, 0, 0, 0, 0, 0, 0, 0, 0, 0, 0, 0, 0, 0, 0, 0, 0]",4,256,5120.0,8192.0,335169143,335179022,335179337,335182281,0,163648,163648,1083,1,9879,2944,2,32,32,1
203,1,"[2, 512, 1, 1, 376, 1, 1, 1, 1, 0, 0, 1, 1, 1, 1, 1, 4, 0, 0, 0, 0, 0, 0, 0, 0, 0, 0, 0, 0, 0]",512,128,0.0,0.0,335331942,335386831,335345929,335390985,4608,180351,172191,1084,3,26933,36896,2,32,32,1
152,1,"[4, 2, 376, 1, 1, 0, 0, 0, 0, 0, 0, 0, 0, 0, 0, 0, 0, 0, 0, 0, 0, 0, 0, 0, 0, 0, 0, 0, 0, 0]",2,128,752.0,6016.0,335553474,335563099,335563176,335565256,0,118080,118080,1085,1,9625,2080,2,32,32,1
199,1,"[4, 2, 376, 1, 1, 0, 0, 0, 0, 0, 0, 0, 0, 0, 0, 0, 0, 0, 0, 0, 0, 0, 0, 0, 0, 0, 0, 0, 0, 0]",2,128,0.0,0.0,335672079,335682483,335683336,335689544,16,162400,162400,1086,1,10404,6208,2,32,32,1
181,1,"[4, 2, 376, 0, 0, 0, 0, 0, 0, 0, 0, 0, 0, 0, 0, 4, 2, 376, 0, 0, 0, 0, 0, 0, 0, 0, 0, 0, 0, 0]",2,512,0.0,0.0,335842464,335936959,335851944,335940040,16,607007,534495,1088,5,33125,15584,2,32,32,1
181,2,"[4, 2, 376, 0, 0, 0, 0, 0, 0, 0, 0, 0, 0, 0, 0, 4, 2, 376, 0, 0, 0, 0, 0, 0, 0, 0, 0, 0, 0, 0]",3,128,0.0,0.0,336440792,336770029,336474535,336771527,0,422464,136416,1088,4,94642,10944,2,32,32,1
199,2,"[4, 2, 376, 1, 1, 0, 0, 0, 0, 0, 0, 0, 0, 0, 0, 0, 0, 0, 0, 0, 0, 0, 0, 0, 0, 0, 0, 0, 0, 0]",2,128,0.0,0.0,336892032,336909053,336907943,336910246,0,94624,94624,1086,1,17021,2303,2,32,32,1
152,2,"[4, 2, 376, 1, 1, 0, 0, 0, 0, 0, 0, 0, 0, 0, 0, 0, 0, 0, 0, 0, 0, 0, 0, 0, 0, 0, 0, 0, 0, 0]",2,128,752.0,9024.0,336989756,337006450,337004870,337007046,0,198016,198016,1085,1,16694,2176,2,32,32,1
203,2,"[2, 512, 1, 1, 376, 1, 1, 1, 1, 0, 0, 1, 1, 1, 1, 1, 4, 0, 0, 0, 0, 0, 0, 0, 0, 0, 0, 0, 0, 0]",192,256,0.0,0.0,337187183,337465934,337205062,337469894,2304,520319,296927,1084,4,63685,41440,2,32,32,1
212,2,"[4, 2, 512, 1, 1, 0, 0, 0, 0, 0, 0, 0, 0, 0, 0, 0, 0, 0, 0, 0, 0, 0, 0, 0, 0, 0, 0, 0, 0, 0]",2,128,5120.0,8192.0,337752591,337767945,337766821,337768901,0,153600,153600,1083,1,15354,2080,2,32,32,1
152,2,"[4, 2, 256, 1, 1, 0, 0, 0, 0, 0, 0, 0, 0, 0, 0, 0, 0, 0, 0, 0, 0, 0, 0, 0, 0, 0, 0, 0, 0, 0]",2,128,512.0,6144.0,337907745,337924304,337922501,337926021,0,182816,182816,1081,1,16559,3520,2,32,32,1
203,2,"[2, 64, 1, 1, 256, 1, 1, 3, 3, 1, 1, 1, 1, 1, 1, 1, 4, 0, 0, 0, 0, 0, 0, 0, 0, 0, 0, 0, 0, 0]",144,256,589824.0,592384.0,338092895,338353973,338108837,338357988,8320,422432,206944,1080,4,60851,33663,2,32,32,1
152,2,"[4, 2, 256, 1, 1, 0, 0, 0, 0, 0, 0, 0, 0, 0, 0, 0, 0, 0, 0, 0, 0, 0, 0, 0, 0, 0, 0, 0, 0, 0]",2,128,512.0,6144.0,338552252,338566055,338564932,338567620,0,171680,171680,1079,1,13803,2688,2,32,32,1
203,2,"[2, 64, 1, 1, 256, 1, 1, 1, 1, 0, 0, 1, 1, 1, 1, 1, 4, 0, 0, 0, 0, 0, 0, 0, 0, 0, 0, 0, 0, 0]",16,256,0.0,0.0,338722573,338971826,338739300,338975172,2304,468287,261279,1078,4,58284,28864,2,32,32,1
152,2,"[4, 2, 64, 1, 1, 0, 0, 0, 0, 0, 0, 0, 0, 0, 0, 0, 0, 0, 0, 0, 0, 0, 0, 0, 0, 0, 0, 0, 0, 0]",1,128,128.0,1536.0,339223924,339237421,339236451,339239011,0,166656,166656,1077,1,13497,2560,2,32,32,1
203,2,"[2, 512, 1, 1, 64, 1, 1, 1, 1, 0, 0, 1, 1, 1, 1, 1, 4, 0, 0, 0, 0, 0, 0, 0, 0, 0, 0, 0, 0, 0]",32,256,0.0,0.0,339390051,339640920,339405667,339646243,2304,488575,269151,1076,4,57402,21152,2,32,32,1
152,2,"[4, 2, 256, 1, 1, 0, 0, 0, 0, 0, 0, 0, 0, 0, 0, 0, 0, 0, 0, 0, 0, 0, 0, 0, 0, 0, 0, 0, 0, 0]",2,128,512.0,6144.0,339901416,339917279,339915394,339919202,0,183680,183680,1074,1,15863,3808,2,32,32,1
203,2,"[2, 64, 1, 1, 256, 1, 1, 3, 3, 1, 1, 1, 1, 1, 1, 1, 4, 0, 0, 0, 0, 0, 0, 0, 0, 0, 0, 0, 0, 0]",144,256,589824.0,592384.0,340086268,340334015,340102882,340337090,8320,404672,204480,1073,4,59928,34016,2,32,32,1
152,2,"[4, 2, 256, 1, 1, 0, 0, 0, 0, 0, 0, 0, 0, 0, 0, 0, 0, 0, 0, 0, 0, 0, 0, 0, 0, 0, 0, 0, 0, 0]",2,128,512.0,6144.0,340528306,340542678,340541570,340543938,0,168223,168223,1072,1,14372,2368,2,32,32,1
203,2,"[2, 64, 1, 1, 256, 1, 1, 1, 1, 0, 0, 1, 1, 1, 1, 1, 4, 0, 0, 0, 0, 0, 0, 0, 0, 0, 0, 0, 0, 0]",16,256,0.0,0.0,340696885,340938620,340712161,340942497,2304,451104,256608,1071,4,57093,35840,2,32,32,1
152,2,"[4, 2, 64, 1, 1, 0, 0, 0, 0, 0, 0, 0, 0, 0, 0, 0, 0, 0, 0, 0, 0, 0, 0, 0, 0, 0, 0, 0, 0, 0]",1,128,128.0,1536.0,341185947,341200384,341199105,341201344,0,164256,164256,1070,1,14437,2239,2,32,32,1
203,2,"[2, 384, 1, 1, 64, 1, 1, 1, 1, 0, 0, 1, 1, 1, 1, 1, 4, 0, 0, 0, 0, 0, 0, 0, 0, 0, 0, 0, 0, 0]",24,256,0.0,0.0,341350695,341595513,341365600,341600704,2304,496256,282976,1069,4,57242,21824,2,32,32,1
152,2,"[4, 2, 192, 1, 1, 0, 0, 0, 0, 0, 0, 0, 0, 0, 0, 0, 0, 0, 0, 0, 0, 0, 0, 0, 0, 0, 0, 0, 0, 0]",2,128,384.0,4608.0,341869417,341885779,341883680,341887424,0,192223,192223,1067,1,16362,3744,2,32,32,1
203,2,"[2, 48, 1, 1, 192, 1, 1, 3, 3, 1, 1, 1, 1, 1, 1, 1, 4, 0, 0, 0, 0, 0, 0, 0, 0, 0, 0, 0, 0, 0]",84,256,331776.0,333696.0,342063369,342311981,342079647,342317151,8320,412800,202272,1066,4,59478,26976,2,32,32,1
152,2,"[4, 2, 192, 1, 1, 0, 0, 0, 0, 0, 0, 0, 0, 0, 0, 0, 0, 0, 0, 0, 0, 0, 0, 0, 0, 0, 0, 0, 0, 0]",2,128,384.0,4608.0,342507007,342520608,342519423,342522303,0,165407,165407,1065,1,13601,2880,2,32,32,1
203,2,"[2, 48, 1, 1, 192, 1, 1, 1, 1, 0, 0, 1, 1, 1, 1, 1, 4, 0, 0, 0, 0, 0, 0, 0, 0, 0, 0, 0, 0, 0]",12,256,0.0,0.0,342671532,342914034,342687710,342919006,2304,476449,275200,1064,4,59197,30047,2,32,32,1
152,2,"[4, 2, 48, 1, 1, 0, 0, 0, 0, 0, 0, 0, 0, 0, 0, 0, 0, 0, 0, 0, 0, 0, 0, 0, 0, 0, 0, 0, 0, 0]",1,128,96.0,1152.0,343182020,343195940,343194206,343197214,0,178496,178496,1063,1,13920,3008,2,32,32,1
203,2,"[2, 384, 1, 1, 48, 1, 1, 1, 1, 0, 0, 1, 1, 1, 1, 1, 4, 0, 0, 0, 0, 0, 0, 0, 0, 0, 0, 0, 0, 0]",24,256,0.0,0.0,343356750,343636673,343375710,343641757,2304,520831,275232,1062,4,69251,20448,2,32,32,1
152,2,"[4, 2, 192, 1, 1, 0, 0, 0, 0, 0, 0, 0, 0, 0, 0, 0, 0, 0, 0, 0, 0, 0, 0, 0, 0, 0, 0, 0, 0, 0]",2,128,384.0,4608.0,343902057,343918109,343916989,343920413,0,168448,168448,1060,1,16052,3424,2,32,32,1
203,2,"[2, 48, 1, 1, 192, 1, 1, 3, 3, 1, 1, 1, 1, 1, 1, 1, 4, 0, 0, 0, 0, 0, 0, 0, 0, 0, 0, 0, 0, 0]",84,256,331776.0,333696.0,344072379,344333853,344088861,344338556,8320,427648,205344,1059,4,59838,27391,2,32,32,1
152,2,"[4, 2, 192, 1, 1, 0, 0, 0, 0, 0, 0, 0, 0, 0, 0, 0, 0, 0, 0, 0, 0, 0, 0, 0, 0, 0, 0, 0, 0, 0]",2,128,384.0,4608.0,344531830,344545483,344543900,344547772,0,163744,163744,1058,1,13653,3872,2,32,32,1
203,2,"[2, 48, 1, 1, 192, 1, 1, 1, 1, 0, 0, 1, 1, 1, 1, 1, 4, 0, 0, 0, 0, 0, 0, 0, 0, 0, 0, 0, 0, 0]",12,256,0.0,0.0,344695984,344938593,344711516,344943035,2304,447104,245984,1057,4,57340,30399,2,32,32,1
152,2,"[4, 2, 48, 1, 1, 0, 0, 0, 0, 0, 0, 0, 0, 0, 0, 0, 0, 0, 0, 0, 0, 0, 0, 0, 0, 0, 0, 0, 0, 0]",1,128,96.0,1152.0,345176963,345190754,345189019,345191995,0,162592,162592,1056,1,13791,2976,2,32,32,1
203,2,"[2, 256, 1, 1, 48, 1, 1, 1, 1, 0, 0, 1, 1, 1, 1, 1, 4, 0, 0, 0, 0, 0, 0, 0, 0, 0, 0, 0, 0, 0]",16,256,0.0,0.0,345338446,345583704,345354587,345588154,2304,454047,239872,1055,4,57728,19392,2,32,32,1
183,2,"[4, 2, 256, 3, 3, 0, 0, 0, 0, 0, 0, 0, 0, 0, 0, 0, 0, 0, 0, 0, 0, 0, 0, 0, 0, 0, 0, 0, 0, 0]",512,256,0.0,0.0,345816066,345852358,345828026,345856442,0,155904,134144,1054,2,24028,6656,2,32,32,1
152,2,"[4, 2, 128, 3, 3, 0, 0, 0, 0, 0, 0, 0, 0, 0, 0, 0, 0, 0, 0, 0, 0, 0, 0, 0, 0, 0, 0, 0, 0, 0]",9,128,2304.0,27648.0,345975788,345992342,345990586,345993658,0,172000,172000,1052,1,16554,3072,2,32,32,1
203,2,"[2, 32, 3, 3, 128, 3, 3, 3, 3, 1, 1, 1, 1, 1, 1, 1, 4, 0, 0, 0, 0, 0, 0, 0, 0, 0, 0, 0, 0, 0]",36,512,1327104.0,158976.0,346149271,346413373,346165658,346418809,8320,426814,201504,1051,4,59281,27841,2,32,32,1
152,2,"[4, 2, 128, 3, 3, 0, 0, 0, 0, 0, 0, 0, 0, 0, 0, 0, 0, 0, 0, 0, 0, 0, 0, 0, 0, 0, 0, 0, 0, 0]",9,128,2304.0,27648.0,346607940,346621909,346620313,346624313,0,166336,166336,1050,1,13969,4000,2,32,32,1
203,2,"[2, 32, 3, 3, 128, 3, 3, 1, 1, 0, 0, 1, 1, 1, 1, 1, 4, 0, 0, 0, 0, 0, 0, 0, 0, 0, 0, 0, 0, 0]",4,512,0.0,0.0,346774822,347017266,346790649,347021464,2304,452672,250112,1049,4,59082,28255,2,32,32,1
152,2,"[4, 2, 32, 3, 3, 0, 0, 0, 0, 0, 0, 0, 0, 0, 0, 0, 0, 0, 0, 0, 0, 0, 0, 0, 0, 0, 0, 0, 0, 0]",2,128,576.0,6912.0,347259096,347272741,347271576,347273656,0,165664,165664,1048,1,13645,2080,2,32,32,1
203,2,"[2, 256, 3, 3, 32, 3, 3, 1, 1, 0, 0, 1, 1, 1, 1, 1, 4, 0, 0, 0, 0, 0, 0, 0, 0, 0, 0, 0, 0, 0]",18,512,0.0,0.0,347423048,347678514,347439320,347682744,2304,491039,268351,1047,4,56523,20736,2,32,32,1
152,2,"[4, 2, 128, 3, 3, 0, 0, 0, 0, 0, 0, 0, 0, 0, 0, 0, 0, 0, 0, 0, 0, 0, 0, 0, 0, 0, 0, 0, 0, 0]",9,128,2304.0,27648.0,347935348,347951995,347951095,347953591,0,165856,165856,1045,1,16647,2496,2,32,32,1
203,2,"[2, 32, 3, 3, 128, 3, 3, 3, 3, 1, 1, 1, 1, 1, 1, 1, 4, 0, 0, 0, 0, 0, 0, 0, 0, 0, 0, 0, 0, 0]",36,512,1327104.0,158976.0,348103671,348374746,348119447,348378807,8320,439711,204799,1044,4,59855,24448,2,32,32,1
152,2,"[4, 2, 128, 3, 3, 0, 0, 0, 0, 0, 0, 0, 0, 0, 0, 0, 0, 0, 0, 0, 0, 0, 0, 0, 0, 0, 0, 0, 0, 0]",9,128,2304.0,27648.0,348570634,348584701,348583606,348586422,0,167072,167072,1043,1,14067,2816,2,32,32,1
203,2,"[2, 32, 3, 3, 128, 3, 3, 1, 1, 0, 0, 1, 1, 1, 1, 1, 4, 0, 0, 0, 0, 0, 0, 0, 0, 0, 0, 0, 0, 0]",4,512,0.0,0.0,348736863,348979660,348753494,348983734,2304,451871,248063,1042,4,59180,26432,2,32,32,1
152,2,"[4, 2, 32, 3, 3, 0, 0, 0, 0, 0, 0, 0, 0, 0, 0, 0, 0, 0, 0, 0, 0, 0, 0, 0, 0, 0, 0, 0, 0, 0]",2,128,576.0,6912.0,349219916,349233406,349231797,349234805,0,164640,164640,1041,1,13490,3008,2,32,32,1
203,2,"[2, 128, 3, 3, 32, 3, 3, 1, 1, 0, 0, 1, 1, 1, 1, 1, 4, 0, 0, 0, 0, 0, 0, 0, 0, 0, 0, 0, 0, 0]",9,512,0.0,0.0,349383071,349628173,349399445,349632469,2304,432192,219584,1040,4,55141,20416,2,32,32,1
183,2,"[4, 2, 128, 7, 7, 0, 0, 0, 0, 0, 0, 0, 0, 0, 0, 0, 0, 0, 0, 0, 0, 0, 0, 0, 0, 0, 0, 0, 0, 0]",256,256,0.0,0.0,349843001,349867207,349852053,349871861,0,98496,86016,1039,2,16566,7328,2,32,32,1
152,2,"[4, 2, 64, 7, 7, 0, 0, 0, 0, 0, 0, 0, 0, 0, 0, 0, 0, 0, 0, 0, 0, 0, 0, 0, 0, 0, 0, 0, 0, 0]",25,128,6272.0,75264.0,349947247,349958090,349957877,349961781,0,109439,109439,1037,1,10843,3904,2,32,32,1
203,2,"[2, 16, 7, 7, 64, 7, 7, 3, 3, 1, 1, 1, 1, 1, 1, 1, 4, 0, 0, 0, 0, 0, 0, 0, 0, 0, 0, 0, 0, 0]",20,512,1806336.0,68224.0,350059679,350234072,350071220,350240500,8320,275552,131744,1036,4,37328,25472,2,32,32,1
152,2,"[4, 2, 64, 7, 7, 0, 0, 0, 0, 0, 0, 0, 0, 0, 0, 0, 0, 0, 0, 0, 0, 0, 0, 0, 0, 0, 0, 0, 0, 0]",25,128,6272.0,75264.0,350362960,350372457,350372244,350376148,0,105760,105760,1035,1,9497,3904,2,32,32,1
203,2,"[2, 16, 7, 7, 64, 7, 7, 1, 1, 0, 0, 1, 1, 1, 1, 1, 4, 0, 0, 0, 0, 0, 0, 0, 0, 0, 0, 0, 0, 0]",128,512,200704.0,35456.0,350470794,350607205,350481908,350613684,2304,269567,159967,1034,4,39463,22176,2,32,32,1
152,2,"[4, 2, 16, 7, 7, 0, 0, 0, 0, 0, 0, 0, 0, 0, 0, 0, 0, 0, 0, 0, 0, 0, 0, 0, 0, 0, 0, 0, 0, 0]",4,128,1568.0,18816.0,350764685,350773766,350773651,350775731,0,104000,104000,1033,1,9081,2080,2,32,32,1
203,2,"[2, 128, 7, 7, 16, 7, 7, 1, 1, 0, 0, 1, 1, 1, 1, 1, 4, 0, 0, 0, 0, 0, 0, 0, 0, 0, 0, 0, 0, 0]",49,512,0.0,0.0,350868752,351033859,350879731,351039923,2304,319808,181856,1032,4,36159,22240,2,32,32,1
152,2,"[4, 2, 64, 7, 7, 0, 0, 0, 0, 0, 0, 0, 0, 0, 0, 0, 0, 0, 0, 0, 0, 0, 0, 0, 0, 0, 0, 0, 0, 0]",25,128,6272.0,75264.0,351211114,351221854,351221779,351224243,0,110336,110336,1030,1,10740,2464,2,32,32,1
203,2,"[2, 16, 7, 7, 64, 7, 7, 3, 3, 1, 1, 1, 1, 1, 1, 1, 4, 0, 0, 0, 0, 0, 0, 0, 0, 0, 0, 0, 0, 0]",20,512,1806336.0,68224.0,351323004,351485023,351334579,351490482,8320,272704,141280,1029,4,38377,24479,2,32,32,1
152,2,"[4, 2, 64, 7, 7, 0, 0, 0, 0, 0, 0, 0, 0, 0, 0, 0, 0, 0, 0, 0, 0, 0, 0, 0, 0, 0, 0, 0, 0, 0]",25,128,6272.0,75264.0,351622771,351632102,351631762,351635698,0,107968,107968,1028,1,9331,3936,2,32,32,1
203,2,"[2, 16, 7, 7, 64, 7, 7, 1, 1, 0, 0, 1, 1, 1, 1, 1, 4, 0, 0, 0, 0, 0, 0, 0, 0, 0, 0, 0, 0, 0]",128,512,200704.0,35456.0,351732507,351865903,351743666,351872498,2304,266208,160704,1027,4,38786,23328,2,32,32,1
152,2,"[4, 2, 16, 7, 7, 0, 0, 0, 0, 0, 0, 0, 0, 0, 0, 0, 0, 0, 0, 0, 0, 0, 0, 0, 0, 0, 0, 0, 0, 0]",4,128,1568.0,18816.0,352024454,352033328,352033202,352035250,0,104640,104640,1026,1,8874,2048,2,32,32,1
203,2,"[2, 64, 7, 7, 16, 7, 7, 1, 1, 0, 0, 1, 1, 1, 1, 1, 4, 0, 0, 0, 0, 0, 0, 0, 0, 0, 0, 0, 0, 0]",128,512,200704.0,35456.0,352129174,352260434,352139890,352266673,2304,248128,142912,1025,4,38989,21567,2,32,32,1
183,2,"[4, 2, 64, 15, 15, 0, 0, 0, 0, 0, 0, 0, 0, 0, 0, 0, 0, 0, 0, 0, 0, 0, 0, 0, 0, 0, 0, 0, 0, 0]",128,256,0.0,0.0,352400718,352424729,352409585,352428465,0,57408,44832,1024,2,15873,6304,2,32,32,1
152,2,"[4, 2, 64, 15, 15, 0, 0, 0, 0, 0, 0, 0, 0, 0, 0, 0, 0, 0, 0, 0, 0, 0, 0, 0, 0, 0, 0, 0, 0, 0]",57,128,28800.0,345600.0,352464325,352473366,352473297,352475569,0,97696,97696,1023,1,9041,2272,2,32,32,1
203,2,"[2, 3, 32, 32, 64, 15, 15, 3, 3, 0, 0, 2, 2, 1, 1, 1, 4, 0, 0, 0, 0, 0, 0, 0, 0, 0, 0, 0, 0, 0]",216,512,1555200.0,146688.0,352562165,352612805,352573265,352619985,16,455231,423999,1022,2,20348,15488,2,32,32,1
16,3,"[4, 64, 3, 3, 3, 0, 0, 0, 0, 0, 0, 0, 0, 0, 0, 4, 0, 0, 0, 0, 0, 0, 0, 0, 0, 0, 0, 0, 0, 0]",4,128,1728.0,13828.0,353028413,353044514,353043984,353046576,0,88768,88768,-1,1,16101,2592,2,32,32,1
12,3,"[4, 64, 3, 3, 3, 0, 0, 0, 0, 0, 0, 0, 0, 0, 0, 4, 64, 3, 3, 3, 0, 0, 0, 0, 0, 0, 0, 0, 0, 0]",4,128,1728.0,20736.0,353125573,353135188,353135344,353138288,0,92448,92448,-1,1,9615,2944,2,32,32,1
12,3,"[4, 64, 3, 3, 3, 0, 0, 0, 0, 0, 0, 0, 0, 0, 0, 4, 64, 3, 3, 3, 0, 0, 0, 0, 0, 0, 0, 0, 0, 0]",4,128,1728.0,20736.0,353221709,353230140,353230736,353233328,0,79840,79840,-1,1,8431,2592,2,32,32,1
16,3,"[4, 64, 0, 0, 0, 0, 0, 0, 0, 0, 0, 0, 0, 0, 0, 4, 0, 0, 0, 0, 0, 0, 0, 0, 0, 0, 0, 0, 0, 0]",1,128,64.0,516.0,353304734,353312775,353313168,353315248,0,86048,86048,-1,1,8041,2080,2,32,32,1
12,3,"[4, 64, 0, 0, 0, 0, 0, 0, 0, 0, 0, 0, 0, 0, 0, 4, 64, 0, 0, 0, 0, 0, 0, 0, 0, 0, 0, 0, 0, 0]",1,128,64.0,768.0,353393081,353401345,353401296,353403312,0,79264,79264,-1,1,8264,2016,2,32,32,1
12,3,"[4, 64, 0, 0, 0, 0, 0, 0, 0, 0, 0, 0, 0, 0, 0, 4, 64, 0, 0, 0, 0, 0, 0, 0, 0, 0, 0, 0, 0, 0]",1,128,64.0,768.0,353474486,353481717,353482576,353485040,0,80063,80063,-1,1,7231,2464,2,32,32,1
16,3,"[4, 16, 64, 1, 1, 0, 0, 0, 0, 0, 0, 0, 0, 0, 0, 4, 0, 0, 0, 0, 0, 0, 0, 0, 0, 0, 0, 0, 0, 0]",2,128,1024.0,8196.0,353556427,353564714,353565103,353567152,0,81055,81055,-1,1,8287,2049,2,32,32,1
12,3,"[4, 16, 64, 1, 1, 0, 0, 0, 0, 0, 0, 0, 0, 0, 0, 4, 16, 64, 1, 1, 0, 0, 0, 0, 0, 0, 0, 0, 0, 0]",2,128,1024.0,12288.0,353640016,353647641,353648207,353650575,0,92704,92704,-1,1,7625,2368,2,32,32,1
12,3,"[4, 16, 64, 1, 1, 0, 0, 0, 0, 0, 0, 0, 0, 0, 0, 4, 16, 64, 1, 1, 0, 0, 0, 0, 0, 0, 0, 0, 0, 0]",2,128,1024.0,12288.0,353734352,353742720,353743279,353745327,0,87936,87936,-1,1,8368,2048,2,32,32,1
16,3,"[4, 16, 0, 0, 0, 0, 0, 0, 0, 0, 0, 0, 0, 0, 0, 4, 0, 0, 0, 0, 0, 0, 0, 0, 0, 0, 0, 0, 0, 0]",1,128,16.0,132.0,353823540,353832869,353833263,353835439,0,78944,78944,-1,1,9329,2176,2,32,32,1
12,3,"[4, 16, 0, 0, 0, 0, 0, 0, 0, 0, 0, 0, 0, 0, 0, 4, 16, 0, 0, 0, 0, 0, 0, 0, 0, 0, 0, 0, 0, 0]",1,128,16.0,192.0,353906051,353913756,353914383,353916687,0,76224,76224,-1,1,7705,2304,2,32,32,1
12,3,"[4, 16, 0, 0, 0, 0, 0, 0, 0, 0, 0, 0, 0, 0, 0, 4, 16, 0, 0, 0, 0, 0, 0, 0, 0, 0, 0, 0, 0, 0]",1,128,16.0,192.0,353984684,353992256,353992911,353995183,0,78048,78048,-1,1,7572,2272,2,32,32,1
16,3,"[4, 64, 16, 1, 1, 0, 0, 0, 0, 0, 0, 0, 0, 0, 0, 4, 0, 0, 0, 0, 0, 0, 0, 0, 0, 0, 0, 0, 0, 0]",2,128,1024.0,8196.0,354065695,354073326,354073231,354076271,0,77056,77056,-1,1,7631,3040,2,32,32,1
12,3,"[4, 64, 16, 1, 1, 0, 0, 0, 0, 0, 0, 0, 0, 0, 0, 4, 64, 16, 1, 1, 0, 0, 0, 0, 0, 0, 0, 0, 0, 0]",2,128,1024.0,12288.0,354145722,354152688,354153327,354156271,0,76352,76352,-1,1,6966,2944,2,32,32,1
12,3,"[4, 64, 16, 1, 1, 0, 0, 0, 0, 0, 0, 0, 0, 0, 0, 4, 64, 16, 1, 1, 0, 0, 0, 0, 0, 0, 0, 0, 0, 0]",2,128,1024.0,12288.0,354224216,354231918,354232623,354234799,0,83807,83807,-1,1,7702,2176,2,32,32,1
16,3,"[4, 64, 0, 0, 0, 0, 0, 0, 0, 0, 0, 0, 0, 0, 0, 4, 0, 0, 0, 0, 0, 0, 0, 0, 0, 0, 0, 0, 0, 0]",1,128,64.0,516.0,354309729,354318193,354318606,354320815,0,78047,78047,-1,1,8464,2209,2,32,32,1
12,3,"[4, 64, 0, 0, 0, 0, 0, 0, 0, 0, 0, 0, 0, 0, 0, 4, 64, 0, 0, 0, 0, 0, 0, 0, 0, 0, 0, 0, 0, 0]",1,128,64.0,768.0,354391168,354398806,354398862,354401774,0,84928,84928,-1,1,7638,2912,2,32,32,1
12,3,"[4, 64, 0, 0, 0, 0, 0, 0, 0, 0, 0, 0, 0, 0, 0, 4, 64, 0, 0, 0, 0, 0, 0, 0, 0, 0, 0, 0, 0, 0]",1,128,64.0,768.0,354477579,354486503,354486702,354488750,0,84288,84288,-1,1,8924,2048,2,32,32,1
16,3,"[4, 64, 16, 3, 3, 0, 0, 0, 0, 0, 0, 0, 0, 0, 0, 4, 0, 0, 0, 0, 0, 0, 0, 0, 0, 0, 0, 0, 0, 0]",18,128,9216.0,73732.0,354565078,354573331,354573038,354576142,0,79840,79840,-1,1,8253,3104,2,32,32,1
12,3,"[4, 64, 16, 3, 3, 0, 0, 0, 0, 0, 0, 0, 0, 0, 0, 4, 64, 16, 3, 3, 0, 0, 0, 0, 0, 0, 0, 0, 0, 0]",18,128,9216.0,110592.0,354648195,354655363,354655982,354658382,0,76320,76320,-1,1,7168,2400,2,32,32,1
12,3,"[4, 64, 16, 3, 3, 0, 0, 0, 0, 0, 0, 0, 0, 0, 0, 4, 64, 16, 3, 3, 0, 0, 0, 0, 0, 0, 0, 0, 0, 0]",18,128,9216.0,110592.0,354727506,354734522,354734702,354737614,0,83104,83104,-1,1,7016,2912,2,32,32,1
16,3,"[4, 64, 0, 0, 0, 0, 0, 0, 0, 0, 0, 0, 0, 0, 0, 4, 0, 0, 0, 0, 0, 0, 0, 0, 0, 0, 0, 0, 0, 0]",1,128,64.0,516.0,354813208,354820812,354820718,354823630,0,79200,79200,-1,1,7604,2912,2,32,32,1
12,3,"[4, 64, 0, 0, 0, 0, 0, 0, 0, 0, 0, 0, 0, 0, 0, 4, 64, 0, 0, 0, 0, 0, 0, 0, 0, 0, 0, 0, 0, 0]",1,128,64.0,768.0,354895247,354903078,354902830,354905678,0,78528,78528,-1,1,7831,2848,2,32,32,1
12,3,"[4, 64, 0, 0, 0, 0, 0, 0, 0, 0, 0, 0, 0, 0, 0, 4, 64, 0, 0, 0, 0, 0, 0, 0, 0, 0, 0, 0, 0, 0]",1,128,64.0,768.0,354975909,354983563,354984206,354986414,0,79039,79039,-1,1,7654,2208,2,32,32,1
16,3,"[4, 16, 128, 1, 1, 0, 0, 0, 0, 0, 0, 0, 0, 0, 0, 4, 0, 0, 0, 0, 0, 0, 0, 0, 0, 0, 0, 0, 0, 0]",4,128,2048.0,16388.0,355057120,355064671,355065453,355067885,0,80288,80288,-1,1,7551,2432,2,32,32,1
12,3,"[4, 16, 128, 1, 1, 0, 0, 0, 0, 0, 0, 0, 0, 0, 0, 4, 16, 128, 1, 1, 0, 0, 0, 0, 0, 0, 0, 0, 0, 0]",4,128,2048.0,24576.0,355140638,355147960,355148173,355150253,0,79104,79104,-1,1,7322,2080,2,32,32,1
12,3,"[4, 16, 128, 1, 1, 0, 0, 0, 0, 0, 0, 0, 0, 0, 0, 4, 16, 128, 1, 1, 0, 0, 0, 0, 0, 0, 0, 0, 0, 0]",4,128,2048.0,24576.0,355221501,355228676,355229357,355231725,0,218880,218880,-1,1,7175,2368,2,32,32,1
16,3,"[4, 16, 0, 0, 0, 0, 0, 0, 0, 0, 0, 0, 0, 0, 0, 4, 0, 0, 0, 0, 0, 0, 0, 0, 0, 0, 0, 0, 0, 0]",1,128,16.0,132.0,355439600,355450489,355450605,355452973,0,98688,98688,-1,1,10889,2368,2,32,32,1
12,3,"[4, 16, 0, 0, 0, 0, 0, 0, 0, 0, 0, 0, 0, 0, 0, 4, 16, 0, 0, 0, 0, 0, 0, 0, 0, 0, 0, 0, 0, 0]",1,128,16.0,192.0,355540294,355552276,355551661,355553709,0,93920,93920,-1,1,11982,2048,2,32,32,1
12,3,"[4, 16, 0, 0, 0, 0, 0, 0, 0, 0, 0, 0, 0, 0, 0, 4, 16, 0, 0, 0, 0, 0, 0, 0, 0, 0, 0, 0, 0, 0]",1,128,16.0,192.0,355638187,355647095,355647629,355649965,0,83679,83679,-1,1,8908,2336,2,32,32,1
16,3,"[4, 64, 16, 1, 1, 0, 0, 0, 0, 0, 0, 0, 0, 0, 0, 4, 0, 0, 0, 0, 0, 0, 0, 0, 0, 0, 0, 0, 0, 0]",2,128,1024.0,8196.0,355724904,355733259,355733644,355735980,0,79648,79648,-1,1,8355,2336,2,32,32,1
12,3,"[4, 64, 16, 1, 1, 0, 0, 0, 0, 0, 0, 0, 0, 0, 0, 4, 64, 16, 1, 1, 0, 0, 0, 0, 0, 0, 0, 0, 0, 0]",2,128,1024.0,12288.0,355806609,355815118,355815628,355817900,0,77568,77568,-1,1,8509,2272,2,32,32,1
12,3,"[4, 64, 16, 1, 1, 0, 0, 0, 0, 0, 0, 0, 0, 0, 0, 4, 64, 16, 1, 1, 0, 0, 0, 0, 0, 0, 0, 0, 0, 0]",2,128,1024.0,12288.0,355887335,355894782,355895468,355897772,0,83936,83936,-1,1,7447,2304,2,32,32,1
16,3,"[4, 64, 0, 0, 0, 0, 0, 0, 0, 0, 0, 0, 0, 0, 0, 4, 0, 0, 0, 0, 0, 0, 0, 0, 0, 0, 0, 0, 0, 0]",1,128,64.0,516.0,355973732,355982003,355981708,355983788,0,77792,77792,-1,1,8271,2080,2,32,32,1
12,3,"[4, 64, 0, 0, 0, 0, 0, 0, 0, 0, 0, 0, 0, 0, 0, 4, 64, 0, 0, 0, 0, 0, 0, 0, 0, 0, 0, 0, 0, 0]",1,128,64.0,768.0,356054058,356061275,356061580,356063660,0,83936,83936,-1,1,7217,2080,2,32,32,1
12,3,"[4, 64, 0, 0, 0, 0, 0, 0, 0, 0, 0, 0, 0, 0, 0, 4, 64, 0, 0, 0, 0, 0, 0, 0, 0, 0, 0, 0, 0, 0]",1,128,64.0,768.0,356139871,356147363,356147596,356149676,0,79616,79616,-1,1,7492,2080,2,32,32,1
16,3,"[4, 64, 16, 3, 3, 0, 0, 0, 0, 0, 0, 0, 0, 0, 0, 4, 0, 0, 0, 0, 0, 0, 0, 0, 0, 0, 0, 0, 0, 0]",18,128,9216.0,73732.0,356220766,356228647,356229292,356231596,0,77600,77600,-1,1,7881,2304,2,32,32,1
12,3,"[4, 64, 16, 3, 3, 0, 0, 0, 0, 0, 0, 0, 0, 0, 0, 4, 64, 16, 3, 3, 0, 0, 0, 0, 0, 0, 0, 0, 0, 0]",18,128,9216.0,110592.0,356300926,356308617,356309196,356311468,0,77280,77280,-1,1,7691,2272,2,32,32,1
12,3,"[4, 64, 16, 3, 3, 0, 0, 0, 0, 0, 0, 0, 0, 0, 0, 4, 64, 16, 3, 3, 0, 0, 0, 0, 0, 0, 0, 0, 0, 0]",18,128,9216.0,110592.0,356380926,356388000,356388748,356391116,0,84160,84160,-1,1,7074,2368,2,32,32,1
16,3,"[4, 64, 0, 0, 0, 0, 0, 0, 0, 0, 0, 0, 0, 0, 0, 4, 0, 0, 0, 0, 0, 0, 0, 0, 0, 0, 0, 0, 0, 0]",1,128,64.0,516.0,356466205,356474908,356475276,356477355,0,77056,77056,-1,1,8703,2079,2,32,32,1
12,3,"[4, 64, 0, 0, 0, 0, 0, 0, 0, 0, 0, 0, 0, 0, 0, 4, 64, 0, 0, 0, 0, 0, 0, 0, 0, 0, 0, 0, 0, 0]",1,128,64.0,768.0,356546688,356553908,356554411,356556716,0,76255,76255,-1,1,7220,2305,2,32,32,1
12,3,"[4, 64, 0, 0, 0, 0, 0, 0, 0, 0, 0, 0, 0, 0, 0, 4, 64, 0, 0, 0, 0, 0, 0, 0, 0, 0, 0, 0, 0, 0]",1,128,64.0,768.0,356624166,356631864,356632971,356635051,0,77728,77728,-1,1,7698,2080,2,32,32,1
16,3,"[4, 32, 128, 1, 1, 0, 0, 0, 0, 0, 0, 0, 0, 0, 0, 4, 0, 0, 0, 0, 0, 0, 0, 0, 0, 0, 0, 0, 0, 0]",8,128,4096.0,32772.0,356704580,356711824,356712779,356714923,0,76832,76832,-1,1,7244,2144,2,32,32,1
12,3,"[4, 32, 128, 1, 1, 0, 0, 0, 0, 0, 0, 0, 0, 0, 0, 4, 32, 128, 1, 1, 0, 0, 0, 0, 0, 0, 0, 0, 0, 0]",8,128,4096.0,49152.0,356783837,356791091,356791755,356794123,0,76416,76416,-1,1,7254,2368,2,32,32,1
12,3,"[4, 32, 128, 1, 1, 0, 0, 0, 0, 0, 0, 0, 0, 0, 0, 4, 32, 128, 1, 1, 0, 0, 0, 0, 0, 0, 0, 0, 0, 0]",8,128,4096.0,49152.0,356862818,356870163,356870539,356872619,0,77664,77664,-1,1,7345,2080,2,32,32,1
16,3,"[4, 32, 0, 0, 0, 0, 0, 0, 0, 0, 0, 0, 0, 0, 0, 4, 0, 0, 0, 0, 0, 0, 0, 0, 0, 0, 0, 0, 0, 0]",1,128,32.0,260.0,356941723,356949819,356950283,356952491,0,85568,85568,-1,1,8096,2208,2,32,32,1
12,3,"[4, 32, 0, 0, 0, 0, 0, 0, 0, 0, 0, 0, 0, 0, 0, 4, 32, 0, 0, 0, 0, 0, 0, 0, 0, 0, 0, 0, 0, 0]",1,128,32.0,384.0,357030040,357037438,357038059,357040363,0,81088,81088,-1,1,7398,2304,2,32,32,1
12,3,"[4, 32, 0, 0, 0, 0, 0, 0, 0, 0, 0, 0, 0, 0, 0, 4, 32, 0, 0, 0, 0, 0, 0, 0, 0, 0, 0, 0, 0, 0]",1,128,32.0,384.0,357113049,357120818,357121451,357123915,0,77568,77568,-1,1,7769,2464,2,32,32,1
16,3,"[4, 128, 32, 1, 1, 0, 0, 0, 0, 0, 0, 0, 0, 0, 0, 4, 0, 0, 0, 0, 0, 0, 0, 0, 0, 0, 0, 0, 0, 0]",8,128,4096.0,32772.0,357193473,357200996,357201483,357203914,0,77377,77377,-1,1,7523,2431,2,32,32,1
12,3,"[4, 128, 32, 1, 1, 0, 0, 0, 0, 0, 0, 0, 0, 0, 0, 4, 128, 32, 1, 1, 0, 0, 0, 0, 0, 0, 0, 0, 0, 0]",8,128,4096.0,49152.0,357273406,357280522,357281291,357283690,0,78368,78368,-1,1,7116,2399,2,32,32,1
12,3,"[4, 128, 32, 1, 1, 0, 0, 0, 0, 0, 0, 0, 0, 0, 0, 4, 128, 32, 1, 1, 0, 0, 0, 0, 0, 0, 0, 0, 0, 0]",8,128,4096.0,49152.0,357353193,357361875,357362058,357364138,0,75744,75744,-1,1,8682,2080,2,32,32,1
16,3,"[4, 128, 0, 0, 0, 0, 0, 0, 0, 0, 0, 0, 0, 0, 0, 4, 0, 0, 0, 0, 0, 0, 0, 0, 0, 0, 0, 0, 0, 0]",1,128,128.0,1028.0,357432592,357439927,357439882,357441962,0,83936,83936,-1,1,7335,2080,2,32,32,1
12,3,"[4, 128, 0, 0, 0, 0, 0, 0, 0, 0, 0, 0, 0, 0, 0, 4, 128, 0, 0, 0, 0, 0, 0, 0, 0, 0, 0, 0, 0, 0]",1,128,128.0,1536.0,357518207,357525687,357525898,357527978,0,77824,77824,-1,1,7480,2080,2,32,32,1
12,3,"[4, 128, 0, 0, 0, 0, 0, 0, 0, 0, 0, 0, 0, 0, 0, 4, 128, 0, 0, 0, 0, 0, 0, 0, 0, 0, 0, 0, 0, 0]",1,128,128.0,1536.0,357597787,357605282,357605802,357607850,0,87072,87072,-1,1,7495,2048,2,32,32,1
16,3,"[4, 128, 32, 3, 3, 0, 0, 0, 0, 0, 0, 0, 0, 0, 0, 4, 0, 0, 0, 0, 0, 0, 0, 0, 0, 0, 0, 0, 0, 0]",72,128,36864.0,294916.0,357686294,357694523,357694922,357697962,0,77792,77792,-1,1,8229,3040,2,32,32,1
12,3,"[4, 128, 32, 3, 3, 0, 0, 0, 0, 0, 0, 0, 0, 0, 0, 4, 128, 32, 3, 3, 0, 0, 0, 0, 0, 0, 0, 0, 0, 0]",72,128,36864.0,442368.0,357767681,357775483,357775754,357777834,0,77824,77824,-1,1,7802,2080,2,32,32,1
12,3,"[4, 128, 32, 3, 3, 0, 0, 0, 0, 0, 0, 0, 0, 0, 0, 4, 128, 32, 3, 3, 0, 0, 0, 0, 0, 0, 0, 0, 0, 0]",72,128,36864.0,442368.0,357848198,357855357,357855658,357857706,0,77791,77791,-1,1,7159,2048,2,32,32,1
16,3,"[4, 128, 0, 0, 0, 0, 0, 0, 0, 0, 0, 0, 0, 0, 0, 4, 0, 0, 0, 0, 0, 0, 0, 0, 0, 0, 0, 0, 0, 0]",1,128,128.0,1028.0,357927347,357935052,357935497,357937578,0,85983,85983,-1,1,7705,2081,2,32,32,1
12,3,"[4, 128, 0, 0, 0, 0, 0, 0, 0, 0, 0, 0, 0, 0, 0, 4, 128, 0, 0, 0, 0, 0, 0, 0, 0, 0, 0, 0, 0, 0]",1,128,128.0,1536.0,358014641,358023137,358023561,358025641,0,77792,77792,-1,1,8496,2080,2,32,32,1
12,3,"[4, 128, 0, 0, 0, 0, 0, 0, 0, 0, 0, 0, 0, 0, 0, 4, 128, 0, 0, 0, 0, 0, 0, 0, 0, 0, 0, 0, 0, 0]",1,128,128.0,1536.0,358095936,358103083,358103433,358105513,0,77792,77792,-1,1,7147,2080,2,32,32,1
16,3,"[4, 32, 256, 1, 1, 0, 0, 0, 0, 0, 0, 0, 0, 0, 0, 4, 0, 0, 0, 0, 0, 0, 0, 0, 0, 0, 0, 0, 0, 0]",16,128,8192.0,65540.0,358175680,358183466,358183305,358186569,0,76640,76640,-1,1,7786,3264,2,32,32,1
12,3,"[4, 32, 256, 1, 1, 0, 0, 0, 0, 0, 0, 0, 0, 0, 0, 4, 32, 256, 1, 1, 0, 0, 0, 0, 0, 0, 0, 0, 0, 0]",16,128,8192.0,98304.0,358255760,358263060,358263209,358265257,0,77376,77376,-1,1,7300,2048,2,32,32,1
12,3,"[4, 32, 256, 1, 1, 0, 0, 0, 0, 0, 0, 0, 0, 0, 0, 4, 32, 256, 1, 1, 0, 0, 0, 0, 0, 0, 0, 0, 0, 0]",16,128,8192.0,98304.0,358334994,358341956,358342633,358344969,0,77792,77792,-1,1,6962,2336,2,32,32,1
16,3,"[4, 32, 0, 0, 0, 0, 0, 0, 0, 0, 0, 0, 0, 0, 0, 4, 0, 0, 0, 0, 0, 0, 0, 0, 0, 0, 0, 0, 0, 0]",1,128,32.0,260.0,358414573,358422370,358422761,358425001,0,79744,79744,-1,1,7797,2240,2,32,32,1
12,3,"[4, 32, 0, 0, 0, 0, 0, 0, 0, 0, 0, 0, 0, 0, 0, 4, 32, 0, 0, 0, 0, 0, 0, 0, 0, 0, 0, 0, 0, 0]",1,128,32.0,384.0,358495056,358503734,358504745,358506921,0,84032,84032,-1,1,8678,2176,2,32,32,1
12,3,"[4, 32, 0, 0, 0, 0, 0, 0, 0, 0, 0, 0, 0, 0, 0, 4, 32, 0, 0, 0, 0, 0, 0, 0, 0, 0, 0, 0, 0, 0]",1,128,32.0,384.0,358583245,358590772,358590953,358594185,0,77951,77951,-1,1,7527,3232,2,32,32,1
16,3,"[4, 128, 32, 1, 1, 0, 0, 0, 0, 0, 0, 0, 0, 0, 0, 4, 0, 0, 0, 0, 0, 0, 0, 0, 0, 0, 0, 0, 0, 0]",8,128,4096.0,32772.0,358663856,358671737,358672136,358674856,0,77664,77664,-1,1,7881,2720,2,32,32,1
12,3,"[4, 128, 32, 1, 1, 0, 0, 0, 0, 0, 0, 0, 0, 0, 0, 4, 128, 32, 1, 1, 0, 0, 0, 0, 0, 0, 0, 0, 0, 0]",8,128,4096.0,49152.0,358744958,358751914,358752520,358754728,0,197952,197952,-1,1,6956,2208,2,32,32,1
12,3,"[4, 128, 32, 1, 1, 0, 0, 0, 0, 0, 0, 0, 0, 0, 0, 4, 128, 32, 1, 1, 0, 0, 0, 0, 0, 0, 0, 0, 0, 0]",8,128,4096.0,49152.0,358942440,358952029,358952680,358955080,0,86336,86336,-1,1,9589,2400,2,32,32,1
16,3,"[4, 128, 0, 0, 0, 0, 0, 0, 0, 0, 0, 0, 0, 0, 0, 4, 0, 0, 0, 0, 0, 0, 0, 0, 0, 0, 0, 0, 0, 0]",1,128,128.0,1028.0,359032474,359041345,359041416,359043496,0,87072,87072,-1,1,8871,2080,2,32,32,1
12,3,"[4, 128, 0, 0, 0, 0, 0, 0, 0, 0, 0, 0, 0, 0, 0, 4, 128, 0, 0, 0, 0, 0, 0, 0, 0, 0, 0, 0, 0, 0]",1,128,128.0,1536.0,359122112,359130008,359130568,359132872,0,101056,101056,-1,1,7896,2304,2,32,32,1
12,3,"[4, 128, 0, 0, 0, 0, 0, 0, 0, 0, 0, 0, 0, 0, 0, 4, 128, 0, 0, 0, 0, 0, 0, 0, 0, 0, 0, 0, 0, 0]",1,128,128.0,1536.0,359225339,359233696,359233928,359236008,0,79839,79839,-1,1,8357,2080,2,32,32,1
16,3,"[4, 128, 32, 3, 3, 0, 0, 0, 0, 0, 0, 0, 0, 0, 0, 4, 0, 0, 0, 0, 0, 0, 0, 0, 0, 0, 0, 0, 0, 0]",72,128,36864.0,294916.0,359308041,359315873,359315847,359317928,0,81056,81056,-1,1,7832,2081,2,32,32,1
12,3,"[4, 128, 32, 3, 3, 0, 0, 0, 0, 0, 0, 0, 0, 0, 0, 4, 128, 32, 3, 3, 0, 0, 0, 0, 0, 0, 0, 0, 0, 0]",72,128,36864.0,442368.0,359390444,359398267,359398984,359401543,0,78176,78176,-1,1,7823,2559,2,32,32,1
12,3,"[4, 128, 32, 3, 3, 0, 0, 0, 0, 0, 0, 0, 0, 0, 0, 4, 128, 32, 3, 3, 0, 0, 0, 0, 0, 0, 0, 0, 0, 0]",72,128,36864.0,442368.0,359472223,359479617,359479719,359482887,0,77088,77088,-1,1,7394,3168,2,32,32,1
16,3,"[4, 128, 0, 0, 0, 0, 0, 0, 0, 0, 0, 0, 0, 0, 0, 4, 0, 0, 0, 0, 0, 0, 0, 0, 0, 0, 0, 0, 0, 0]",1,128,128.0,1028.0,359551561,359560031,359559975,359562919,0,82656,82656,-1,1,8470,2944,2,32,32,1
12,3,"[4, 128, 0, 0, 0, 0, 0, 0, 0, 0, 0, 0, 0, 0, 0, 4, 128, 0, 0, 0, 0, 0, 0, 0, 0, 0, 0, 0, 0, 0]",1,128,128.0,1536.0,359637770,359645314,359645575,359647655,0,79488,79488,-1,1,7544,2080,2,32,32,1
12,3,"[4, 128, 0, 0, 0, 0, 0, 0, 0, 0, 0, 0, 0, 0, 0, 4, 128, 0, 0, 0, 0, 0, 0, 0, 0, 0, 0, 0, 0, 0]",1,128,128.0,1536.0,359718508,359726187,359727143,359729575,0,77280,77280,-1,1,7679,2432,2,32,32,1
16,3,"[4, 48, 256, 1, 1, 0, 0, 0, 0, 0, 0, 0, 0, 0, 0, 4, 0, 0, 0, 0, 0, 0, 0, 0, 0, 0, 0, 0, 0, 0]",24,128,12288.0,98308.0,359798393,359806398,359806855,359809447,0,87520,87520,-1,1,8005,2592,2,32,32,1
12,3,"[4, 48, 256, 1, 1, 0, 0, 0, 0, 0, 0, 0, 0, 0, 0, 4, 48, 256, 1, 1, 0, 0, 0, 0, 0, 0, 0, 0, 0, 0]",24,128,12288.0,147456.0,359878935,359896498,359896967,359899335,0,91936,91936,-1,1,17563,2368,2,32,32,1
12,3,"[4, 48, 256, 1, 1, 0, 0, 0, 0, 0, 0, 0, 0, 0, 0, 4, 48, 256, 1, 1, 0, 0, 0, 0, 0, 0, 0, 0, 0, 0]",24,128,12288.0,147456.0,359982241,359990745,359991271,359993703,0,92223,92223,-1,1,8504,2432,2,32,32,1
16,3,"[4, 48, 0, 0, 0, 0, 0, 0, 0, 0, 0, 0, 0, 0, 0, 4, 0, 0, 0, 0, 0, 0, 0, 0, 0, 0, 0, 0, 0, 0]",1,128,48.0,388.0,360075991,360085473,360085926,360087975,0,88064,88064,-1,1,9482,2049,2,32,32,1
12,3,"[4, 48, 0, 0, 0, 0, 0, 0, 0, 0, 0, 0, 0, 0, 0, 4, 48, 0, 0, 0, 0, 0, 0, 0, 0, 0, 0, 0, 0, 0]",1,128,48.0,576.0,360167450,360175698,360176039,360178086,0,94208,94208,-1,1,8248,2047,2,32,32,1
12,3,"[4, 48, 0, 0, 0, 0, 0, 0, 0, 0, 0, 0, 0, 0, 0, 4, 48, 0, 0, 0, 0, 0, 0, 0, 0, 0, 0, 0, 0, 0]",1,128,48.0,576.0,360263678,360272074,360272294,360274342,0,83232,83232,-1,1,8396,2048,2,32,32,1
16,3,"[4, 192, 48, 1, 1, 0, 0, 0, 0, 0, 0, 0, 0, 0, 0, 4, 0, 0, 0, 0, 0, 0, 0, 0, 0, 0, 0, 0, 0, 0]",18,128,9216.0,73732.0,360349025,360357251,360357574,360360262,0,80288,80288,-1,1,8226,2688,2,32,32,1
12,3,"[4, 192, 48, 1, 1, 0, 0, 0, 0, 0, 0, 0, 0, 0, 0, 4, 192, 48, 1, 1, 0, 0, 0, 0, 0, 0, 0, 0, 0, 0]",18,128,9216.0,110592.0,360432743,360440596,360440550,360443462,0,79808,79808,-1,1,7853,2912,2,32,32,1
12,3,"[4, 192, 48, 1, 1, 0, 0, 0, 0, 0, 0, 0, 0, 0, 0, 4, 192, 48, 1, 1, 0, 0, 0, 0, 0, 0, 0, 0, 0, 0]",18,128,9216.0,110592.0,360515170,360522493,360523270,360525638,0,78432,78432,-1,1,7323,2368,2,32,32,1
16,3,"[4, 192, 0, 0, 0, 0, 0, 0, 0, 0, 0, 0, 0, 0, 0, 4, 0, 0, 0, 0, 0, 0, 0, 0, 0, 0, 0, 0, 0, 0]",1,128,192.0,1540.0,360596286,360603712,360604070,360606118,0,79840,79840,-1,1,7426,2048,2,32,32,1
12,3,"[4, 192, 0, 0, 0, 0, 0, 0, 0, 0, 0, 0, 0, 0, 0, 4, 192, 0, 0, 0, 0, 0, 0, 0, 0, 0, 0, 0, 0, 0]",1,128,192.0,2304.0,360678397,360685732,360685958,360688038,0,94432,94432,-1,1,7335,2080,2,32,32,1
12,3,"[4, 192, 0, 0, 0, 0, 0, 0, 0, 0, 0, 0, 0, 0, 0, 4, 192, 0, 0, 0, 0, 0, 0, 0, 0, 0, 0, 0, 0, 0]",1,128,192.0,2304.0,360774459,360782336,360782470,360785478,0,82911,82911,-1,1,7877,3008,2,32,32,1
16,3,"[4, 192, 48, 3, 3, 0, 0, 0, 0, 0, 0, 0, 0, 0, 0, 4, 0, 0, 0, 0, 0, 0, 0, 0, 0, 0, 0, 0, 0, 0]",162,128,82944.0,663556.0,360860692,360868535,360868389,360872197,0,79744,79744,-1,1,7843,3808,2,32,32,1
12,3,"[4, 192, 48, 3, 3, 0, 0, 0, 0, 0, 0, 0, 0, 0, 0, 4, 192, 48, 3, 3, 0, 0, 0, 0, 0, 0, 0, 0, 0, 0]",162,128,82944.0,995328.0,360943766,360951011,360951941,360954277,0,79840,79840,-1,1,7245,2336,2,32,32,1
12,3,"[4, 192, 48, 3, 3, 0, 0, 0, 0, 0, 0, 0, 0, 0, 0, 4, 192, 48, 3, 3, 0, 0, 0, 0, 0, 0, 0, 0, 0, 0]",162,128,82944.0,995328.0,361025581,361033542,361034117,361036197,0,78048,78048,-1,1,7961,2080,2,32,32,1
16,3,"[4, 192, 0, 0, 0, 0, 0, 0, 0, 0, 0, 0, 0, 0, 0, 4, 0, 0, 0, 0, 0, 0, 0, 0, 0, 0, 0, 0, 0, 0]",1,128,192.0,1540.0,361106612,361114384,361114245,361117381,0,80000,80000,-1,1,7772,3136,2,32,32,1
12,3,"[4, 192, 0, 0, 0, 0, 0, 0, 0, 0, 0, 0, 0, 0, 0, 4, 192, 0, 0, 0, 0, 0, 0, 0, 0, 0, 0, 0, 0, 0]",1,128,192.0,2304.0,361188579,361196806,361197381,361199717,0,84512,84512,-1,1,8227,2336,2,32,32,1
12,3,"[4, 192, 0, 0, 0, 0, 0, 0, 0, 0, 0, 0, 0, 0, 0, 4, 192, 0, 0, 0, 0, 0, 0, 0, 0, 0, 0, 0, 0, 0]",1,128,192.0,2304.0,361276609,361284644,361284229,361287269,0,80320,80320,-1,1,8035,3040,2,32,32,1
16,3,"[4, 48, 384, 1, 1, 0, 0, 0, 0, 0, 0, 0, 0, 0, 0, 4, 0, 0, 0, 0, 0, 0, 0, 0, 0, 0, 0, 0, 0, 0]",36,128,18432.0,147460.0,361359586,361367161,361367589,361370021,0,79872,79872,-1,1,7575,2432,2,32,32,1
12,3,"[4, 48, 384, 1, 1, 0, 0, 0, 0, 0, 0, 0, 0, 0, 0, 4, 48, 384, 1, 1, 0, 0, 0, 0, 0, 0, 0, 0, 0, 0]",36,128,18432.0,221184.0,361441935,361449214,361449893,361451941,0,78047,78047,-1,1,7279,2048,2,32,32,1
12,3,"[4, 48, 384, 1, 1, 0, 0, 0, 0, 0, 0, 0, 0, 0, 0, 4, 48, 384, 1, 1, 0, 0, 0, 0, 0, 0, 0, 0, 0, 0]",36,128,18432.0,221184.0,361521876,361529889,361529988,361532964,0,76960,76960,-1,1,8013,2976,2,32,32,1
16,3,"[4, 48, 0, 0, 0, 0, 0, 0, 0, 0, 0, 0, 0, 0, 0, 4, 0, 0, 0, 0, 0, 0, 0, 0, 0, 0, 0, 0, 0, 0]",1,128,48.0,388.0,361602215,361610123,361609924,361612901,0,120831,120831,-1,1,7908,2977,2,32,32,1
12,3,"[4, 48, 0, 0, 0, 0, 0, 0, 0, 0, 0, 0, 0, 0, 0, 4, 48, 0, 0, 0, 0, 0, 0, 0, 0, 0, 0, 0, 0, 0]",1,128,48.0,576.0,361722235,361733259,361733732,361736068,0,87808,87808,-1,1,11024,2336,2,32,32,1
12,3,"[4, 48, 0, 0, 0, 0, 0, 0, 0, 0, 0, 0, 0, 0, 0, 4, 48, 0, 0, 0, 0, 0, 0, 0, 0, 0, 0, 0, 0, 0]",1,128,48.0,576.0,361814848,361823448,361823876,361826340,0,108928,108928,-1,1,8600,2464,2,32,32,1
16,3,"[4, 192, 48, 1, 1, 0, 0, 0, 0, 0, 0, 0, 0, 0, 0, 4, 0, 0, 0, 0, 0, 0, 0, 0, 0, 0, 0, 0, 0, 0]",18,128,9216.0,73732.0,361925989,361935282,361935268,361938532,0,81920,81920,-1,1,9293,3264,2,32,32,1
12,3,"[4, 192, 48, 1, 1, 0, 0, 0, 0, 0, 0, 0, 0, 0, 0, 4, 192, 48, 1, 1, 0, 0, 0, 0, 0, 0, 0, 0, 0, 0]",18,128,9216.0,110592.0,362011759,362019976,362020452,362022788,0,79808,79808,-1,1,8217,2336,2,32,32,1
12,3,"[4, 192, 48, 1, 1, 0, 0, 0, 0, 0, 0, 0, 0, 0, 0, 4, 192, 48, 1, 1, 0, 0, 0, 0, 0, 0, 0, 0, 0, 0]",18,128,9216.0,110592.0,362093609,362101898,362102596,362104964,0,79456,79456,-1,1,8289,2368,2,32,32,1
16,3,"[4, 192, 0, 0, 0, 0, 0, 0, 0, 0, 0, 0, 0, 0, 0, 4, 0, 0, 0, 0, 0, 0, 0, 0, 0, 0, 0, 0, 0, 0]",1,128,192.0,1540.0,362175898,362184082,362184420,362186820,0,80320,80320,-1,1,8184,2400,2,32,32,1
12,3,"[4, 192, 0, 0, 0, 0, 0, 0, 0, 0, 0, 0, 0, 0, 0, 4, 192, 0, 0, 0, 0, 0, 0, 0, 0, 0, 0, 0, 0, 0]",1,128,192.0,2304.0,362259699,362267094,362267140,362269091,0,81985,81985,-1,1,7395,1951,2,32,32,1
12,3,"[4, 192, 0, 0, 0, 0, 0, 0, 0, 0, 0, 0, 0, 0, 0, 4, 192, 0, 0, 0, 0, 0, 0, 0, 0, 0, 0, 0, 0, 0]",1,128,192.0,2304.0,362343505,362351157,362351076,362354115,0,90400,90400,-1,1,7652,3039,2,32,32,1
16,3,"[4, 192, 48, 3, 3, 0, 0, 0, 0, 0, 0, 0, 0, 0, 0, 4, 0, 0, 0, 0, 0, 0, 0, 0, 0, 0, 0, 0, 0, 0]",162,128,82944.0,663556.0,362435982,362444156,362444515,362447267,0,200992,200992,-1,1,8174,2752,2,32,32,1
12,3,"[4, 192, 48, 3, 3, 0, 0, 0, 0, 0, 0, 0, 0, 0, 0, 4, 192, 48, 3, 3, 0, 0, 0, 0, 0, 0, 0, 0, 0, 0]",162,128,82944.0,995328.0,362638735,362648562,362648259,362651811,0,92416,92416,-1,1,9827,3552,2,32,32,1
12,3,"[4, 192, 48, 3, 3, 0, 0, 0, 0, 0, 0, 0, 0, 0, 0, 4, 192, 48, 3, 3, 0, 0, 0, 0, 0, 0, 0, 0, 0, 0]",162,128,82944.0,995328.0,362735096,362743953,362744227,362747395,0,86912,86912,-1,1,8857,3168,2,32,32,1
16,3,"[4, 192, 0, 0, 0, 0, 0, 0, 0, 0, 0, 0, 0, 0, 0, 4, 0, 0, 0, 0, 0, 0, 0, 0, 0, 0, 0, 0, 0, 0]",1,128,192.0,1540.0,362826288,362834776,362834307,362836387,0,81792,81792,-1,1,8488,2080,2,32,32,1
12,3,"[4, 192, 0, 0, 0, 0, 0, 0, 0, 0, 0, 0, 0, 0, 0, 4, 192, 0, 0, 0, 0, 0, 0, 0, 0, 0, 0, 0, 0, 0]",1,128,192.0,2304.0,362909553,362917551,362918179,362920355,0,88127,88127,-1,1,7998,2176,2,32,32,1
12,3,"[4, 192, 0, 0, 0, 0, 0, 0, 0, 0, 0, 0, 0, 0, 0, 4, 192, 0, 0, 0, 0, 0, 0, 0, 0, 0, 0, 0, 0, 0]",1,128,192.0,2304.0,362999481,363007908,363008482,363011522,0,80288,80288,-1,1,8427,3040,2,32,32,1
16,3,"[4, 64, 384, 1, 1, 0, 0, 0, 0, 0, 0, 0, 0, 0, 0, 4, 0, 0, 0, 0, 0, 0, 0, 0, 0, 0, 0, 0, 0, 0]",48,128,24576.0,196612.0,363083239,363091506,363091810,363094435,0,79423,79423,-1,1,8267,2625,2,32,32,1
12,3,"[4, 64, 384, 1, 1, 0, 0, 0, 0, 0, 0, 0, 0, 0, 0, 4, 64, 384, 1, 1, 0, 0, 0, 0, 0, 0, 0, 0, 0, 0]",48,128,24576.0,294912.0,363165783,363173371,363173858,363176354,0,79360,79360,-1,1,7588,2496,2,32,32,1
12,3,"[4, 64, 384, 1, 1, 0, 0, 0, 0, 0, 0, 0, 0, 0, 0, 4, 64, 384, 1, 1, 0, 0, 0, 0, 0, 0, 0, 0, 0, 0]",48,128,24576.0,294912.0,363247877,363255174,363255714,363258274,0,77792,77792,-1,1,7297,2560,2,32,32,1
16,3,"[4, 64, 0, 0, 0, 0, 0, 0, 0, 0, 0, 0, 0, 0, 0, 4, 0, 0, 0, 0, 0, 0, 0, 0, 0, 0, 0, 0, 0, 0]",1,128,64.0,516.0,363327905,363335913,363336066,363338146,0,79392,79392,-1,1,8008,2080,2,32,32,1
12,3,"[4, 64, 0, 0, 0, 0, 0, 0, 0, 0, 0, 0, 0, 0, 0, 4, 64, 0, 0, 0, 0, 0, 0, 0, 0, 0, 0, 0, 0, 0]",1,128,64.0,768.0,363409344,363416982,363417538,363419970,0,79968,79968,-1,1,7638,2432,2,32,32,1
12,3,"[4, 64, 0, 0, 0, 0, 0, 0, 0, 0, 0, 0, 0, 0, 0, 4, 64, 0, 0, 0, 0, 0, 0, 0, 0, 0, 0, 0, 0, 0]",1,128,64.0,768.0,363491166,363499635,363499938,363501986,0,88160,88160,-1,1,8469,2048,2,32,32,1
16,3,"[4, 256, 64, 1, 1, 0, 0, 0, 0, 0, 0, 0, 0, 0, 0, 4, 0, 0, 0, 0, 0, 0, 0, 0, 0, 0, 0, 0, 0, 0]",32,128,16384.0,131076.0,363581776,363590395,363590146,363593442,0,80576,80576,-1,1,8619,3296,2,32,32,1
12,3,"[4, 256, 64, 1, 1, 0, 0, 0, 0, 0, 0, 0, 0, 0, 0, 4, 256, 64, 1, 1, 0, 0, 0, 0, 0, 0, 0, 0, 0, 0]",32,128,16384.0,196608.0,363666322,363673862,363674018,363677377,0,80289,80289,-1,1,7540,3359,2,32,32,1
12,3,"[4, 256, 64, 1, 1, 0, 0, 0, 0, 0, 0, 0, 0, 0, 0, 4, 256, 64, 1, 1, 0, 0, 0, 0, 0, 0, 0, 0, 0, 0]",32,128,16384.0,196608.0,363749608,363756983,363757666,363760034,0,81407,81407,-1,1,7375,2368,2,32,32,1
16,3,"[4, 256, 0, 0, 0, 0, 0, 0, 0, 0, 0, 0, 0, 0, 0, 4, 0, 0, 0, 0, 0, 0, 0, 0, 0, 0, 0, 0, 0, 0]",1,128,256.0,2052.0,363832321,363841352,363841441,363843905,0,91328,91328,-1,1,9031,2464,2,32,32,1
12,3,"[4, 256, 0, 0, 0, 0, 0, 0, 0, 0, 0, 0, 0, 0, 0, 4, 256, 0, 0, 0, 0, 0, 0, 0, 0, 0, 0, 0, 0, 0]",1,128,256.0,3072.0,363925935,363934379,363935233,363937729,0,80096,80096,-1,1,8444,2496,2,32,32,1
12,3,"[4, 256, 0, 0, 0, 0, 0, 0, 0, 0, 0, 0, 0, 0, 0, 4, 256, 0, 0, 0, 0, 0, 0, 0, 0, 0, 0, 0, 0, 0]",1,128,256.0,3072.0,364009822,364017157,364017825,364020129,0,89664,89664,-1,1,7335,2304,2,32,32,1
16,3,"[4, 256, 64, 3, 3, 0, 0, 0, 0, 0, 0, 0, 0, 0, 0, 4, 0, 0, 0, 0, 0, 0, 0, 0, 0, 0, 0, 0, 0, 0]",288,128,147456.0,1179652.0,364101131,364109491,364109793,364113857,0,78080,78080,-1,1,8360,4064,2,32,32,1
12,3,"[4, 256, 64, 3, 3, 0, 0, 0, 0, 0, 0, 0, 0, 0, 0, 4, 256, 64, 3, 3, 0, 0, 0, 0, 0, 0, 0, 0, 0, 0]",288,128,147456.0,1769472.0,364183906,364191343,364191937,364196257,0,77568,77568,-1,1,7437,4320,2,32,32,1
12,3,"[4, 256, 64, 3, 3, 0, 0, 0, 0, 0, 0, 0, 0, 0, 0, 4, 256, 64, 3, 3, 0, 0, 0, 0, 0, 0, 0, 0, 0, 0]",288,128,147456.0,1769472.0,364265626,364273129,364273825,364277505,0,76576,76576,-1,1,7503,3680,2,32,32,1
16,3,"[4, 256, 0, 0, 0, 0, 0, 0, 0, 0, 0, 0, 0, 0, 0, 4, 0, 0, 0, 0, 0, 0, 0, 0, 0, 0, 0, 0, 0, 0]",1,128,256.0,2052.0,364346692,364354144,364354081,364357249,0,78688,78688,-1,1,7452,3168,2,32,32,1
12,3,"[4, 256, 0, 0, 0, 0, 0, 0, 0, 0, 0, 0, 0, 0, 0, 4, 256, 0, 0, 0, 0, 0, 0, 0, 0, 0, 0, 0, 0, 0]",1,128,256.0,3072.0,364428064,364435842,364435937,364439009,0,78112,78112,-1,1,7778,3072,2,32,32,1
12,3,"[4, 256, 0, 0, 0, 0, 0, 0, 0, 0, 0, 0, 0, 0, 0, 4, 256, 0, 0, 0, 0, 0, 0, 0, 0, 0, 0, 0, 0, 0]",1,128,256.0,3072.0,364508734,364516621,364517121,364519616,0,92640,92640,-1,1,7887,2495,2,32,32,1
16,3,"[4, 64, 512, 1, 1, 0, 0, 0, 0, 0, 0, 0, 0, 0, 0, 4, 0, 0, 0, 0, 0, 0, 0, 0, 0, 0, 0, 0, 0, 0]",64,128,32768.0,262148.0,364604177,364612415,364612256,364615680,0,82144,82144,-1,1,8238,3424,2,32,32,1
12,3,"[4, 64, 512, 1, 1, 0, 0, 0, 0, 0, 0, 0, 0, 0, 0, 4, 64, 512, 1, 1, 0, 0, 0, 0, 0, 0, 0, 0, 0, 0]",64,128,32768.0,393216.0,364689308,364697358,364697824,364700064,0,79840,79840,-1,1,8050,2240,2,32,32,1
12,3,"[4, 64, 512, 1, 1, 0, 0, 0, 0, 0, 0, 0, 0, 0, 0, 4, 64, 512, 1, 1, 0, 0, 0, 0, 0, 0, 0, 0, 0, 0]",64,128,32768.0,393216.0,364771417,364779378,364779904,364781984,0,79104,79104,-1,1,7961,2080,2,32,32,1
16,3,"[4, 64, 0, 0, 0, 0, 0, 0, 0, 0, 0, 0, 0, 0, 0, 4, 0, 0, 0, 0, 0, 0, 0, 0, 0, 0, 0, 0, 0, 0]",1,128,64.0,516.0,364852622,364860758,364861088,364863488,0,79456,79456,-1,1,8136,2400,2,32,32,1
12,3,"[4, 64, 0, 0, 0, 0, 0, 0, 0, 0, 0, 0, 0, 0, 0, 4, 64, 0, 0, 0, 0, 0, 0, 0, 0, 0, 0, 0, 0, 0]",1,128,64.0,768.0,364934151,364942680,364942944,364945440,0,78208,78208,-1,1,8529,2496,2,32,32,1
12,3,"[4, 64, 0, 0, 0, 0, 0, 0, 0, 0, 0, 0, 0, 0, 0, 4, 64, 0, 0, 0, 0, 0, 0, 0, 0, 0, 0, 0, 0, 0]",1,128,64.0,768.0,365015499,365023002,365023648,365025696,0,78048,78048,-1,1,7503,2048,2,32,32,1
16,3,"[4, 256, 64, 1, 1, 0, 0, 0, 0, 0, 0, 0, 0, 0, 0, 4, 0, 0, 0, 0, 0, 0, 0, 0, 0, 0, 0, 0, 0, 0]",32,128,16384.0,131076.0,365095800,365103476,365103744,365106976,0,87871,87871,-1,1,7676,3232,2,32,32,1
12,3,"[4, 256, 64, 1, 1, 0, 0, 0, 0, 0, 0, 0, 0, 0, 0, 4, 256, 64, 1, 1, 0, 0, 0, 0, 0, 0, 0, 0, 0, 0]",32,128,16384.0,196608.0,365186256,365194292,365194847,365197567,0,79136,79136,-1,1,8036,2720,2,32,32,1
12,3,"[4, 256, 64, 1, 1, 0, 0, 0, 0, 0, 0, 0, 0, 0, 0, 4, 256, 64, 1, 1, 0, 0, 0, 0, 0, 0, 0, 0, 0, 0]",32,128,16384.0,196608.0,365268559,365276137,365276703,365279263,0,79488,79488,-1,1,7578,2560,2,32,32,1
16,3,"[4, 256, 0, 0, 0, 0, 0, 0, 0, 0, 0, 0, 0, 0, 0, 4, 0, 0, 0, 0, 0, 0, 0, 0, 0, 0, 0, 0, 0, 0]",1,128,256.0,2052.0,365350228,365358487,365358751,365361215,0,79872,79872,-1,1,8259,2464,2,32,32,1
12,3,"[4, 256, 0, 0, 0, 0, 0, 0, 0, 0, 0, 0, 0, 0, 0, 4, 256, 0, 0, 0, 0, 0, 0, 0, 0, 0, 0, 0, 0, 0]",1,128,256.0,3072.0,365433239,365440591,365441087,365443487,0,78080,78080,-1,1,7352,2400,2,32,32,1
12,3,"[4, 256, 0, 0, 0, 0, 0, 0, 0, 0, 0, 0, 0, 0, 0, 4, 256, 0, 0, 0, 0, 0, 0, 0, 0, 0, 0, 0, 0, 0]",1,128,256.0,3072.0,365514097,365521510,365521567,365524895,0,78080,78080,-1,1,7413,3328,2,32,32,1
16,3,"[4, 256, 64, 3, 3, 0, 0, 0, 0, 0, 0, 0, 0, 0, 0, 4, 0, 0, 0, 0, 0, 0, 0, 0, 0, 0, 0, 0, 0, 0]",288,128,147456.0,1179652.0,365594779,365602638,365602975,365607007,0,93600,93600,-1,1,7859,4032,2,32,32,1
12,3,"[4, 256, 64, 3, 3, 0, 0, 0, 0, 0, 0, 0, 0, 0, 0, 4, 256, 64, 3, 3, 0, 0, 0, 0, 0, 0, 0, 0, 0, 0]",288,128,147456.0,1769472.0,365691500,365700014,365700607,365704799,0,78656,78656,-1,1,8514,4192,2,32,32,1
12,3,"[4, 256, 64, 3, 3, 0, 0, 0, 0, 0, 0, 0, 0, 0, 0, 4, 256, 64, 3, 3, 0, 0, 0, 0, 0, 0, 0, 0, 0, 0]",288,128,147456.0,1769472.0,365775763,365783341,365783455,365787551,0,83968,83968,-1,1,7578,4096,2,32,32,1
16,3,"[4, 256, 0, 0, 0, 0, 0, 0, 0, 0, 0, 0, 0, 0, 0, 4, 0, 0, 0, 0, 0, 0, 0, 0, 0, 0, 0, 0, 0, 0]",1,128,256.0,2052.0,365860685,365872583,365871519,365873566,0,94208,94208,-1,1,11898,2047,2,32,32,1
12,3,"[4, 256, 0, 0, 0, 0, 0, 0, 0, 0, 0, 0, 0, 0, 0, 4, 256, 0, 0, 0, 0, 0, 0, 0, 0, 0, 0, 0, 0, 0]",1,128,256.0,3072.0,365959188,365967742,365967774,365969823,0,82079,82079,-1,1,8554,2049,2,32,32,1
12,3,"[4, 256, 0, 0, 0, 0, 0, 0, 0, 0, 0, 0, 0, 0, 0, 4, 256, 0, 0, 0, 0, 0, 0, 0, 0, 0, 0, 0, 0, 0]",1,128,256.0,3072.0,366043872,366051856,366051902,366054942,0,80736,80736,-1,1,7984,3040,2,32,32,1
16,3,"[4, 376, 512, 1, 1, 0, 0, 0, 0, 0, 0, 0, 0, 0, 0, 4, 0, 0, 0, 0, 0, 0, 0, 0, 0, 0, 0, 0, 0, 0]",376,128,192512.0,1540100.0,366127661,366135379,366135678,366139806,0,214976,214976,-1,1,7718,4128,2,32,32,1
12,3,"[4, 376, 512, 1, 1, 0, 0, 0, 0, 0, 0, 0, 0, 0, 0, 4, 376, 512, 1, 1, 0, 0, 0, 0, 0, 0, 0, 0, 0, 0]",376,128,192512.0,2310144.0,366344677,366354810,366354782,366358942,0,84288,84288,-1,1,10133,4160,2,32,32,1
12,3,"[4, 376, 512, 1, 1, 0, 0, 0, 0, 0, 0, 0, 0, 0, 0, 4, 376, 512, 1, 1, 0, 0, 0, 0, 0, 0, 0, 0, 0, 0]",376,128,192512.0,2310144.0,366434866,366443199,366443230,366447006,0,85984,85984,-1,1,8333,3776,2,32,32,1
16,3,"[4, 376, 0, 0, 0, 0, 0, 0, 0, 0, 0, 0, 0, 0, 0, 4, 0, 0, 0, 0, 0, 0, 0, 0, 0, 0, 0, 0, 0, 0]",1,128,376.0,3012.0,366524768,366533127,366532990,366536478,0,79711,79711,-1,1,8359,3488,2,32,32,1
12,3,"[4, 376, 0, 0, 0, 0, 0, 0, 0, 0, 0, 0, 0, 0, 0, 4, 376, 0, 0, 0, 0, 0, 0, 0, 0, 0, 0, 0, 0, 0]",1,128,376.0,4512.0,366607417,366615204,366616189,366618750,0,80095,80095,-1,1,7787,2561,2,32,32,1
12,3,"[4, 376, 0, 0, 0, 0, 0, 0, 0, 0, 0, 0, 0, 0, 0, 4, 376, 0, 0, 0, 0, 0, 0, 0, 0, 0, 0, 0, 0, 0]",1,128,376.0,4512.0,366690082,366698201,366698845,366700957,0,0,0,-1,1,8119,2112,2,32,32,1
