op,dir,params,grid,block,flops,bytes,rStartTime,rEndTime,kStartTime,kEndTime,staticSharedMemory,space,space1,seq,kernels,rduration,kduration,batch,h,w,input_type
203,1,"[2, 3, 32, 32, 64, 16, 16, 7, 7, 3, 3, 2, 2, 1, 1, 1, 4, 0, 0, 0, 0, 0, 0, 0, 0, 0, 0, 0, 0, 0]",8,256,9633792.0,193280.0,842838791,842864774,842852625,842895889,5376,190112,179872,9955,2,23411,33024,2,32,32,1
205,1,"[4, 0, 0, 0, 0, 0, 0, 0, 0, 0, 0, 0, 0, 0, 0, 4, 0, 0, 0, 0, 0, 0, 0, 0, 0, 0, 0, 0, 0, 0]",64,512,262144.0,524288.0,843065258,843370010,843075761,843375153,144,462719,171775,9956,2,23492,8448,2,32,32,1
152,1,"[4, 2, 64, 16, 16, 0, 0, 0, 0, 0, 0, 0, 0, 0, 0, 0, 0, 0, 0, 0, 0, 0, 0, 0, 0, 0, 0, 0, 0, 0]",64,128,32768.0,262144.0,843534630,843547202,843546928,843549232,0,204768,204768,9957,1,12572,2304,2,32,32,1
183,1,"[4, 2, 64, 16, 16, 0, 0, 0, 0, 0, 0, 0, 0, 0, 0, 0, 0, 0, 0, 0, 0, 0, 0, 0, 0, 0, 0, 0, 0, 0]",32,256,0.0,0.0,843743216,843754509,843754000,843758128,0,251616,251616,9958,1,11293,4128,2,32,32,1
203,1,"[2, 64, 8, 8, 128, 8, 8, 1, 1, 0, 0, 1, 1, 1, 1, 1, 4, 0, 0, 0, 0, 0, 0, 0, 0, 0, 0, 0, 0, 0]",1,256,2097152.0,131072.0,843998130,844020329,844009744,844044240,32768,165824,156224,9959,2,18824,24896,2,32,32,1
205,1,"[4, 0, 0, 0, 0, 0, 0, 0, 0, 0, 0, 0, 0, 0, 0, 4, 0, 0, 0, 0, 0, 0, 0, 0, 0, 0, 0, 0, 0, 0]",128,512,131072.0,262144.0,844190845,844462942,844200464,844468463,144,424255,164160,9960,2,22449,7904,2,32,32,1
152,1,"[4, 2, 128, 8, 8, 0, 0, 0, 0, 0, 0, 0, 0, 0, 0, 0, 0, 0, 0, 0, 0, 0, 0, 0, 0, 0, 0, 0, 0, 0]",32,128,16384.0,131072.0,844622396,844633098,844632623,844634671,0,190464,190464,9961,1,10702,2048,2,32,32,1
203,1,"[2, 128, 8, 8, 128, 8, 8, 3, 3, 1, 1, 1, 1, 1, 1, 1, 4, 0, 0, 0, 0, 0, 0, 0, 0, 0, 0, 0, 0, 0]",128,256,37748736.0,720896.0,844812633,844890903,844825135,844919343,22656,179680,131072,9962,4,31424,45600,2,32,32,1
205,1,"[4, 0, 0, 0, 0, 0, 0, 0, 0, 0, 0, 0, 0, 0, 0, 4, 0, 0, 0, 0, 0, 0, 0, 0, 0, 0, 0, 0, 0, 0]",128,512,131072.0,262144.0,845041785,845403727,845050415,845408814,144,509183,157696,9963,2,18948,6912,2,32,32,1
152,1,"[4, 2, 128, 8, 8, 0, 0, 0, 0, 0, 0, 0, 0, 0, 0, 0, 0, 0, 0, 0, 0, 0, 0, 0, 0, 0, 0, 0, 0, 0]",32,128,16384.0,131072.0,845554954,845566001,845566510,845568558,0,178144,178144,9964,1,11047,2048,2,32,32,1
203,1,"[2, 128, 8, 8, 256, 8, 8, 1, 1, 0, 0, 1, 1, 1, 1, 1, 4, 0, 0, 0, 0, 0, 0, 0, 0, 0, 0, 0, 0, 0]",32,64,0.0,0.0,845734172,845747542,845746702,845759022,2304,140992,140992,9965,1,13370,12320,2,32,32,1
205,1,"[4, 0, 0, 0, 0, 0, 0, 0, 0, 0, 0, 0, 0, 0, 0, 4, 0, 0, 0, 0, 0, 0, 0, 0, 0, 0, 0, 0, 0, 0]",256,512,262144.0,524288.0,845890587,846126476,845900014,846135597,144,430847,206368,9966,2,18481,11104,2,32,32,1
203,1,"[2, 64, 8, 8, 256, 8, 8, 1, 1, 0, 0, 1, 1, 1, 1, 1, 4, 0, 0, 0, 0, 0, 0, 0, 0, 0, 0, 0, 0, 0]",2,256,4194304.0,229376.0,846330788,846349420,846341965,846372557,32768,133440,127680,9967,2,17047,24832,2,32,32,1
205,1,"[4, 0, 0, 0, 0, 0, 0, 0, 0, 0, 0, 0, 0, 0, 0, 4, 0, 0, 0, 0, 0, 0, 0, 0, 0, 0, 0, 0, 0, 0]",256,512,262144.0,524288.0,846490949,846744465,846500237,846752301,144,330176,88480,9968,2,24459,10368,2,32,32,1
35,1,"[4, 2, 256, 8, 8, 0, 0, 0, 0, 0, 0, 0, 0, 0, 0, 4, 2, 256, 8, 8, 0, 0, 0, 0, 0, 0, 0, 0, 0, 0]",64,128,32768.0,393216.0,846831605,846840759,846840781,846843884,0,141504,141504,9969,1,9154,3103,2,32,32,1
152,1,"[4, 2, 256, 8, 8, 0, 0, 0, 0, 0, 0, 0, 0, 0, 0, 0, 0, 0, 0, 0, 0, 0, 0, 0, 0, 0, 0, 0, 0, 0]",64,128,32768.0,262144.0,846976769,846984782,846985388,846987820,0,173568,173568,9970,1,8013,2432,2,32,32,1
203,1,"[2, 256, 8, 8, 128, 8, 8, 1, 1, 0, 0, 1, 1, 1, 1, 1, 4, 0, 0, 0, 0, 0, 0, 0, 0, 0, 0, 0, 0, 0]",16,64,0.0,0.0,847149437,847162238,847161388,847180332,2304,131424,131424,9971,1,12801,18944,2,32,32,1
205,1,"[4, 0, 0, 0, 0, 0, 0, 0, 0, 0, 0, 0, 0, 0, 0, 4, 0, 0, 0, 0, 0, 0, 0, 0, 0, 0, 0, 0, 0, 0]",128,512,131072.0,262144.0,847303010,847543781,847311756,847548971,144,395072,165376,9972,2,18151,7519,2,32,32,1
152,1,"[4, 2, 128, 8, 8, 0, 0, 0, 0, 0, 0, 0, 0, 0, 0, 0, 0, 0, 0, 0, 0, 0, 0, 0, 0, 0, 0, 0, 0, 0]",32,128,16384.0,131072.0,847704950,847714156,847714347,847716812,0,163807,163807,9973,1,9206,2465,2,32,32,1
203,1,"[2, 128, 8, 8, 128, 8, 8, 3, 3, 1, 1, 1, 1, 1, 1, 1, 4, 0, 0, 0, 0, 0, 0, 0, 0, 0, 0, 0, 0, 0]",128,256,37748736.0,720896.0,847870674,847923929,847880619,847954475,22656,143744,114752,9974,4,25715,44864,2,32,32,1
205,1,"[4, 0, 0, 0, 0, 0, 0, 0, 0, 0, 0, 0, 0, 0, 0, 4, 0, 0, 0, 0, 0, 0, 0, 0, 0, 0, 0, 0, 0, 0]",128,512,131072.0,262144.0,848061081,848317560,848069227,848323115,144,400000,153824,9975,2,17200,7712,2,32,32,1
152,1,"[4, 2, 128, 8, 8, 0, 0, 0, 0, 0, 0, 0, 0, 0, 0, 0, 0, 0, 0, 0, 0, 0, 0, 0, 0, 0, 0, 0, 0, 0]",32,128,16384.0,131072.0,848468339,848477174,848476939,848480170,0,174688,174688,9976,1,8835,3231,2,32,32,1
203,1,"[2, 128, 8, 8, 256, 8, 8, 1, 1, 0, 0, 1, 1, 1, 1, 1, 4, 0, 0, 0, 0, 0, 0, 0, 0, 0, 0, 0, 0, 0]",32,64,0.0,0.0,848643870,848655026,848654858,848667178,2304,131136,131136,9977,1,11156,12320,2,32,32,1
205,1,"[4, 0, 0, 0, 0, 0, 0, 0, 0, 0, 0, 0, 0, 0, 0, 4, 0, 0, 0, 0, 0, 0, 0, 0, 0, 0, 0, 0, 0, 0]",256,512,262144.0,524288.0,848789391,849029280,848798314,849037866,144,317248,89184,9978,2,17825,11488,2,32,32,1
35,1,"[4, 2, 256, 8, 8, 0, 0, 0, 0, 0, 0, 0, 0, 0, 0, 4, 2, 256, 8, 8, 0, 0, 0, 0, 0, 0, 0, 0, 0, 0]",64,128,32768.0,393216.0,849111041,849126682,849127050,849129962,0,145439,145439,9979,1,15641,2912,2,32,32,1
152,1,"[4, 2, 256, 8, 8, 0, 0, 0, 0, 0, 0, 0, 0, 0, 0, 0, 0, 0, 0, 0, 0, 0, 0, 0, 0, 0, 0, 0, 0, 0]",64,128,32768.0,262144.0,849267013,849275348,849275401,849278538,0,168895,168895,9980,1,8335,3137,2,32,32,1
203,1,"[2, 256, 8, 8, 128, 8, 8, 1, 1, 0, 0, 1, 1, 1, 1, 1, 4, 0, 0, 0, 0, 0, 0, 0, 0, 0, 0, 0, 0, 0]",16,64,0.0,0.0,849436337,849448419,849447433,849467785,2304,124448,124448,9981,1,12082,20352,2,32,32,1
205,1,"[4, 0, 0, 0, 0, 0, 0, 0, 0, 0, 0, 0, 0, 0, 0, 4, 0, 0, 0, 0, 0, 0, 0, 0, 0, 0, 0, 0, 0, 0]",128,512,131072.0,262144.0,849583311,849933182,849592233,849938985,144,503904,165856,9982,2,19415,8704,2,32,32,1
152,1,"[4, 2, 128, 8, 8, 0, 0, 0, 0, 0, 0, 0, 0, 0, 0, 0, 0, 0, 0, 0, 0, 0, 0, 0, 0, 0, 0, 0, 0, 0]",32,128,16384.0,131072.0,850094790,850104786,850104841,850106921,0,161791,161791,9983,1,9996,2080,2,32,32,1
203,1,"[2, 128, 8, 8, 128, 8, 8, 3, 3, 1, 1, 1, 1, 1, 1, 1, 4, 0, 0, 0, 0, 0, 0, 0, 0, 0, 0, 0, 0, 0]",128,256,37748736.0,720896.0,850258522,850297580,850268712,850330152,22656,130080,113920,9984,4,22465,45280,2,32,32,1
205,1,"[4, 0, 0, 0, 0, 0, 0, 0, 0, 0, 0, 0, 0, 0, 0, 4, 0, 0, 0, 0, 0, 0, 0, 0, 0, 0, 0, 0, 0, 0]",128,512,131072.0,262144.0,850434989,850681208,850444072,850686504,144,392224,157056,9985,2,17249,7264,2,32,32,1
152,1,"[4, 2, 128, 8, 8, 0, 0, 0, 0, 0, 0, 0, 0, 0, 0, 0, 0, 0, 0, 0, 0, 0, 0, 0, 0, 0, 0, 0, 0, 0]",32,128,16384.0,131072.0,850833326,850843262,850843560,850846088,0,163807,163807,9986,1,9936,2528,2,32,32,1
203,1,"[2, 128, 8, 8, 256, 8, 8, 1, 1, 0, 0, 1, 1, 1, 1, 1, 4, 0, 0, 0, 0, 0, 0, 0, 0, 0, 0, 0, 0, 0]",32,64,0.0,0.0,850999654,851009844,851009895,851021991,2304,137664,137664,9987,1,10190,12096,2,32,32,1
205,1,"[4, 0, 0, 0, 0, 0, 0, 0, 0, 0, 0, 0, 0, 0, 0, 4, 0, 0, 0, 0, 0, 0, 0, 0, 0, 0, 0, 0, 0, 0]",256,512,262144.0,524288.0,851150738,851387109,851159655,851395111,144,307680,83488,9988,2,18534,11264,2,32,32,1
35,1,"[4, 2, 256, 8, 8, 0, 0, 0, 0, 0, 0, 0, 0, 0, 0, 4, 2, 256, 8, 8, 0, 0, 0, 0, 0, 0, 0, 0, 0, 0]",64,128,32768.0,393216.0,851469231,851477941,851478599,851481127,0,149216,149216,9989,1,8710,2528,2,32,32,1
152,1,"[4, 2, 256, 8, 8, 0, 0, 0, 0, 0, 0, 0, 0, 0, 0, 0, 0, 0, 0, 0, 0, 0, 0, 0, 0, 0, 0, 0, 0, 0]",64,128,32768.0,262144.0,851621704,851629847,851630343,851632679,0,173152,173152,9990,1,8143,2336,2,32,32,1
203,1,"[2, 256, 8, 8, 256, 8, 8, 1, 1, 0, 0, 1, 1, 1, 1, 1, 4, 0, 0, 0, 0, 0, 0, 0, 0, 0, 0, 0, 0, 0]",32,64,0.0,0.0,851795674,851805723,851805831,851825190,2304,120800,120800,9991,1,10049,19359,2,32,32,1
205,1,"[4, 0, 0, 0, 0, 0, 0, 0, 0, 0, 0, 0, 0, 0, 0, 4, 0, 0, 0, 0, 0, 0, 0, 0, 0, 0, 0, 0, 0, 0]",256,512,262144.0,524288.0,851937527,852189463,851945990,852197926,144,399360,157696,9992,2,18443,10272,2,32,32,1
152,1,"[4, 2, 256, 8, 8, 0, 0, 0, 0, 0, 0, 0, 0, 0, 0, 0, 0, 0, 0, 0, 0, 0, 0, 0, 0, 0, 0, 0, 0, 0]",64,128,32768.0,262144.0,852346339,852355692,852355622,852358918,0,206720,206720,9993,1,9353,3296,2,32,32,1
203,1,"[2, 256, 8, 8, 256, 4, 4, 3, 3, 1, 1, 2, 2, 1, 1, 1, 4, 0, 0, 0, 0, 0, 0, 0, 0, 0, 0, 0, 0, 0]",2048,256,37748736.0,2523136.0,852552384,852595044,852565638,852723301,41472,50113,43968,9994,5,32789,151518,2,32,32,1
205,1,"[4, 0, 0, 0, 0, 0, 0, 0, 0, 0, 0, 0, 0, 0, 0, 4, 0, 0, 0, 0, 0, 0, 0, 0, 0, 0, 0, 0, 0, 0]",256,512,65536.0,131072.0,852759600,853002047,852767269,853010981,144,383808,151616,9995,2,16523,11520,2,32,32,1
152,1,"[4, 2, 256, 4, 4, 0, 0, 0, 0, 0, 0, 0, 0, 0, 0, 0, 0, 0, 0, 0, 0, 0, 0, 0, 0, 0, 0, 0, 0, 0]",16,128,8192.0,65536.0,853153081,853162382,853162597,853164581,0,188416,188416,9996,1,9301,1984,2,32,32,1
203,1,"[2, 256, 4, 4, 512, 4, 4, 1, 1, 0, 0, 1, 1, 1, 1, 1, 4, 0, 0, 0, 0, 0, 0, 0, 0, 0, 0, 0, 0, 0]",32,256,8388608.0,622592.0,853340409,853375886,853352997,853393380,41472,151456,141824,9997,4,28730,30751,2,32,32,1
205,1,"[4, 0, 0, 0, 0, 0, 0, 0, 0, 0, 0, 0, 0, 0, 0, 4, 0, 0, 0, 0, 0, 0, 0, 0, 0, 0, 0, 0, 0, 0]",512,512,131072.0,262144.0,853526521,853763821,853535204,853778372,144,417056,190080,9998,2,16936,16192,2,32,32,1
203,1,"[2, 256, 8, 8, 512, 4, 4, 1, 1, 0, 0, 2, 2, 1, 1, 1, 4, 0, 0, 0, 0, 0, 0, 0, 0, 0, 0, 0, 0, 0]",32,256,8388608.0,720896.0,853957441,853987796,853968452,854007844,41472,141472,132896,9999,4,24513,30816,2,32,32,1
205,1,"[4, 0, 0, 0, 0, 0, 0, 0, 0, 0, 0, 0, 0, 0, 0, 4, 0, 0, 0, 0, 0, 0, 0, 0, 0, 0, 0, 0, 0, 0]",512,512,131072.0,262144.0,854131782,854491172,854140740,854505603,144,430207,81760,10000,2,18115,16416,2,32,32,1
35,1,"[4, 2, 512, 4, 4, 0, 0, 0, 0, 0, 0, 0, 0, 0, 0, 4, 2, 512, 4, 4, 0, 0, 0, 0, 0, 0, 0, 0, 0, 0]",32,128,16384.0,196608.0,854577867,854586836,854587363,854589891,0,143744,143744,10001,1,8969,2528,2,32,32,1
152,1,"[4, 2, 512, 4, 4, 0, 0, 0, 0, 0, 0, 0, 0, 0, 0, 0, 0, 0, 0, 0, 0, 0, 0, 0, 0, 0, 0, 0, 0, 0]",32,128,16384.0,131072.0,854725761,854733840,854733635,854736675,0,196672,196672,10002,1,8079,3040,2,32,32,1
203,1,"[2, 512, 4, 4, 256, 4, 4, 1, 1, 0, 0, 1, 1, 1, 1, 1, 4, 0, 0, 0, 0, 0, 0, 0, 0, 0, 0, 0, 0, 0]",32,256,8388608.0,622592.0,854922002,854955865,854933347,854988483,41472,130560,117664,10003,4,26275,42240,2,32,32,1
205,1,"[4, 0, 0, 0, 0, 0, 0, 0, 0, 0, 0, 0, 0, 0, 0, 4, 0, 0, 0, 0, 0, 0, 0, 0, 0, 0, 0, 0, 0, 0]",256,512,65536.0,131072.0,855098300,855336118,855106147,855345506,144,390528,161984,10004,2,17053,10815,2,32,32,1
152,1,"[4, 2, 256, 4, 4, 0, 0, 0, 0, 0, 0, 0, 0, 0, 0, 0, 0, 0, 0, 0, 0, 0, 0, 0, 0, 0, 0, 0, 0, 0]",16,128,8192.0,65536.0,855497934,855507130,855507490,855509538,0,192320,192320,10005,1,9196,2048,2,32,32,1
203,1,"[2, 256, 4, 4, 256, 4, 4, 3, 3, 1, 1, 1, 1, 1, 1, 1, 4, 0, 0, 0, 0, 0, 0, 0, 0, 0, 0, 0, 0, 0]",512,256,37748736.0,2424832.0,855687994,855709330,855701858,855779874,49152,82271,80927,10006,2,20240,76672,2,32,32,1
205,1,"[4, 0, 0, 0, 0, 0, 0, 0, 0, 0, 0, 0, 0, 0, 0, 4, 0, 0, 0, 0, 0, 0, 0, 0, 0, 0, 0, 0, 0, 0]",256,512,65536.0,131072.0,855851844,856092447,855860801,856101409,144,389183,159552,10007,2,17396,10977,2,32,32,1
152,1,"[4, 2, 256, 4, 4, 0, 0, 0, 0, 0, 0, 0, 0, 0, 0, 0, 0, 0, 0, 0, 0, 0, 0, 0, 0, 0, 0, 0, 0, 0]",16,128,8192.0,65536.0,856250767,856260664,856260961,856263201,0,227776,227776,10008,1,9897,2240,2,32,32,1
203,1,"[2, 256, 4, 4, 512, 4, 4, 1, 1, 0, 0, 1, 1, 1, 1, 1, 4, 0, 0, 0, 0, 0, 0, 0, 0, 0, 0, 0, 0, 0]",32,256,8388608.0,622592.0,856478135,856518087,856490977,856535585,41472,195647,180223,10009,4,32415,29184,2,32,32,1
205,1,"[4, 0, 0, 0, 0, 0, 0, 0, 0, 0, 0, 0, 0, 0, 0, 4, 0, 0, 0, 0, 0, 0, 0, 0, 0, 0, 0, 0, 0, 0]",512,512,131072.0,262144.0,856705603,857056013,856715808,857069984,144,485439,147552,10010,2,22530,16289,2,32,32,1
35,1,"[4, 2, 512, 4, 4, 0, 0, 0, 0, 0, 0, 0, 0, 0, 0, 4, 2, 512, 4, 4, 0, 0, 0, 0, 0, 0, 0, 0, 0, 0]",32,128,16384.0,196608.0,857204824,857217520,857217536,857219616,0,227680,227680,10011,1,12696,2080,2,32,32,1
152,1,"[4, 2, 512, 4, 4, 0, 0, 0, 0, 0, 0, 0, 0, 0, 0, 0, 0, 0, 0, 0, 0, 0, 0, 0, 0, 0, 0, 0, 0, 0]",32,128,16384.0,131072.0,857434054,857447801,857447296,857450304,0,268895,268895,10012,1,13747,3008,2,32,32,1
203,1,"[2, 512, 4, 4, 256, 4, 4, 1, 1, 0, 0, 1, 1, 1, 1, 1, 4, 0, 0, 0, 0, 0, 0, 0, 0, 0, 0, 0, 0, 0]",32,256,8388608.0,622592.0,857705484,857747718,857719199,857778719,41472,242976,224704,10013,4,32643,41248,2,32,32,1
205,1,"[4, 0, 0, 0, 0, 0, 0, 0, 0, 0, 0, 0, 0, 0, 0, 4, 0, 0, 0, 0, 0, 0, 0, 0, 0, 0, 0, 0, 0, 0]",256,512,65536.0,131072.0,857991769,858374548,858003423,858382879,144,624543,255775,10014,2,24445,10688,2,32,32,1
152,1,"[4, 2, 256, 4, 4, 0, 0, 0, 0, 0, 0, 0, 0, 0, 0, 0, 0, 0, 0, 0, 0, 0, 0, 0, 0, 0, 0, 0, 0, 0]",16,128,8192.0,65536.0,858625267,858637912,858638654,858640926,0,190432,190432,10015,1,12645,2272,2,32,32,1
203,1,"[2, 256, 4, 4, 256, 4, 4, 3, 3, 1, 1, 1, 1, 1, 1, 1, 4, 0, 0, 0, 0, 0, 0, 0, 0, 0, 0, 0, 0, 0]",512,256,37748736.0,2424832.0,858819403,858838746,858831358,858912350,49152,75648,74176,10016,2,17895,79520,2,32,32,1
205,1,"[4, 0, 0, 0, 0, 0, 0, 0, 0, 0, 0, 0, 0, 0, 0, 4, 0, 0, 0, 0, 0, 0, 0, 0, 0, 0, 0, 0, 0, 0]",256,512,65536.0,131072.0,858977643,859225960,858986526,859234845,144,390944,153344,10017,2,17517,10719,2,32,32,1
152,1,"[4, 2, 256, 4, 4, 0, 0, 0, 0, 0, 0, 0, 0, 0, 0, 0, 0, 0, 0, 0, 0, 0, 0, 0, 0, 0, 0, 0, 0, 0]",16,128,8192.0,65536.0,859378519,859387614,859388189,859390493,0,186368,186368,10018,1,9095,2304,2,32,32,1
203,1,"[2, 256, 4, 4, 512, 4, 4, 1, 1, 0, 0, 1, 1, 1, 1, 1, 4, 0, 0, 0, 0, 0, 0, 0, 0, 0, 0, 0, 0, 0]",32,256,8388608.0,622592.0,859566619,859594923,859576861,859617821,41472,142560,132352,10019,4,22834,30752,2,32,32,1
205,1,"[4, 0, 0, 0, 0, 0, 0, 0, 0, 0, 0, 0, 0, 0, 0, 4, 0, 0, 0, 0, 0, 0, 0, 0, 0, 0, 0, 0, 0, 0]",512,512,131072.0,262144.0,859741377,860169776,859750173,860183068,144,525311,107936,10020,2,20171,15520,2,32,32,1
35,1,"[4, 2, 512, 4, 4, 0, 0, 0, 0, 0, 0, 0, 0, 0, 0, 4, 2, 512, 4, 4, 0, 0, 0, 0, 0, 0, 0, 0, 0, 0]",32,128,16384.0,196608.0,860279375,860290716,860291004,860293564,0,153856,153856,10021,1,11341,2560,2,32,32,1
152,1,"[4, 2, 512, 4, 4, 0, 0, 0, 0, 0, 0, 0, 0, 0, 0, 0, 0, 0, 0, 0, 0, 0, 0, 0, 0, 0, 0, 0, 0, 0]",32,128,16384.0,131072.0,860438410,860447685,860447420,860450780,0,185952,185952,10022,1,9275,3360,2,32,32,1
203,1,"[2, 512, 4, 4, 256, 4, 4, 1, 1, 0, 0, 1, 1, 1, 1, 1, 4, 0, 0, 0, 0, 0, 0, 0, 0, 0, 0, 0, 0, 0]",32,256,8388608.0,622592.0,860625641,860654284,860636732,860688924,41472,134816,124928,10023,4,23227,42304,2,32,32,1
205,1,"[4, 0, 0, 0, 0, 0, 0, 0, 0, 0, 0, 0, 0, 0, 0, 4, 0, 0, 0, 0, 0, 0, 0, 0, 0, 0, 0, 0, 0, 0]",256,512,65536.0,131072.0,860805287,861042881,860813852,861051419,144,388991,161664,10024,2,17018,10240,2,32,32,1
152,1,"[4, 2, 256, 4, 4, 0, 0, 0, 0, 0, 0, 0, 0, 0, 0, 0, 0, 0, 0, 0, 0, 0, 0, 0, 0, 0, 0, 0, 0, 0]",16,128,8192.0,65536.0,861203463,861212801,861213083,861215259,0,184288,184288,10025,1,9338,2176,2,32,32,1
203,1,"[2, 256, 4, 4, 256, 4, 4, 3, 3, 1, 1, 1, 1, 1, 1, 1, 4, 0, 0, 0, 0, 0, 0, 0, 0, 0, 0, 0, 0, 0]",512,256,37748736.0,2424832.0,861388153,861406940,861399547,861480475,49152,75552,73952,10026,2,17288,79328,2,32,32,1
205,1,"[4, 0, 0, 0, 0, 0, 0, 0, 0, 0, 0, 0, 0, 0, 0, 4, 0, 0, 0, 0, 0, 0, 0, 0, 0, 0, 0, 0, 0, 0]",256,512,65536.0,131072.0,861545096,861788125,861554427,861796890,144,382911,151328,10027,2,17834,10880,2,32,32,1
152,1,"[4, 2, 256, 4, 4, 0, 0, 0, 0, 0, 0, 0, 0, 0, 0, 0, 0, 0, 0, 0, 0, 0, 0, 0, 0, 0, 0, 0, 0, 0]",16,128,8192.0,65536.0,861938925,861948026,861948218,861950490,0,186464,186464,10028,1,9101,2272,2,32,32,1
203,1,"[2, 256, 4, 4, 512, 4, 4, 1, 1, 0, 0, 1, 1, 1, 1, 1, 4, 0, 0, 0, 0, 0, 0, 0, 0, 0, 0, 0, 0, 0]",32,256,8388608.0,622592.0,862126750,862156941,862136954,862175770,41472,155904,146464,10029,4,24445,29376,2,32,32,1
205,1,"[4, 0, 0, 0, 0, 0, 0, 0, 0, 0, 0, 0, 0, 0, 0, 4, 0, 0, 0, 0, 0, 0, 0, 0, 0, 0, 0, 0, 0, 0]",512,512,131072.0,262144.0,862313189,862559706,862322234,862574106,144,321887,86335,10030,2,18115,16320,2,32,32,1
35,1,"[4, 2, 512, 4, 4, 0, 0, 0, 0, 0, 0, 0, 0, 0, 0, 4, 2, 512, 4, 4, 0, 0, 0, 0, 0, 0, 0, 0, 0, 0]",32,128,16384.0,196608.0,862650988,862659859,862660441,862663193,0,141312,141312,10031,1,8871,2752,2,32,32,1
152,1,"[4, 2, 512, 4, 4, 0, 0, 0, 0, 0, 0, 0, 0, 0, 0, 0, 0, 0, 0, 0, 0, 0, 0, 0, 0, 0, 0, 0, 0, 0]",32,128,16384.0,131072.0,862795956,862804122,862804505,862806553,0,198144,198144,10032,1,8166,2048,2,32,32,1
203,1,"[2, 512, 4, 4, 512, 4, 4, 1, 1, 0, 0, 1, 1, 1, 1, 1, 4, 0, 0, 0, 0, 0, 0, 0, 0, 0, 0, 0, 0, 0]",32,256,16777216.0,1179648.0,862993822,863023104,863004697,863058297,41472,129920,120800,10033,4,23937,44480,2,32,32,1
205,1,"[4, 0, 0, 0, 0, 0, 0, 0, 0, 0, 0, 0, 0, 0, 0, 4, 0, 0, 0, 0, 0, 0, 0, 0, 0, 0, 0, 0, 0, 0]",512,512,131072.0,262144.0,863170672,863410862,863179097,863425048,144,386304,156864,10034,2,16897,16511,2,32,32,1
152,1,"[4, 2, 512, 4, 4, 0, 0, 0, 0, 0, 0, 0, 0, 0, 0, 0, 0, 0, 0, 0, 0, 0, 0, 0, 0, 0, 0, 0, 0, 0]",32,128,16384.0,131072.0,863572328,863581439,863581912,863584344,0,184736,184736,10035,1,9111,2432,2,32,32,1
203,1,"[2, 512, 4, 4, 512, 2, 2, 3, 3, 1, 1, 2, 2, 1, 1, 1, 4, 0, 0, 0, 0, 0, 0, 0, 0, 0, 0, 0, 0, 0]",8192,256,37748736.0,9519104.0,863758632,863793257,863769080,864082456,41472,54944,49152,10036,5,27542,307584,2,32,32,1
205,1,"[4, 0, 0, 0, 0, 0, 0, 0, 0, 0, 0, 0, 0, 0, 0, 4, 0, 0, 0, 0, 0, 0, 0, 0, 0, 0, 0, 0, 0, 0]",512,512,32768.0,65536.0,864123561,864370110,864131608,864385079,144,391807,156096,10037,2,17107,17760,2,32,32,1
152,1,"[4, 2, 512, 2, 2, 0, 0, 0, 0, 0, 0, 0, 0, 0, 0, 0, 0, 0, 0, 0, 0, 0, 0, 0, 0, 0, 0, 0, 0, 0]",8,128,4096.0,32768.0,864531503,864541159,864541175,864543255,0,186368,186368,10038,1,9656,2080,2,32,32,1
203,1,"[2, 512, 2, 2, 1024, 2, 2, 1, 1, 0, 0, 1, 1, 1, 1, 1, 4, 0, 0, 0, 0, 0, 0, 0, 0, 0, 0, 0, 0, 0]",64,256,8388608.0,2146304.0,864719576,864749602,864729623,864784887,41472,226945,217248,10039,4,24586,45567,2,32,32,1
205,1,"[4, 0, 0, 0, 0, 0, 0, 0, 0, 0, 0, 0, 0, 0, 0, 4, 0, 0, 0, 0, 0, 0, 0, 0, 0, 0, 0, 0, 0, 0]",1024,512,65536.0,131072.0,864992364,865250367,865002135,865275702,144,419072,173984,10040,2,19332,28479,2,32,32,1
203,1,"[2, 512, 4, 4, 1024, 2, 2, 1, 1, 0, 0, 2, 2, 1, 1, 1, 4, 0, 0, 0, 0, 0, 0, 0, 0, 0, 0, 0, 0, 0]",64,256,8388608.0,2195456.0,865438371,865469268,865449686,865503766,41472,133760,122784,10041,4,25406,43104,2,32,32,1
205,1,"[4, 0, 0, 0, 0, 0, 0, 0, 0, 0, 0, 0, 0, 0, 0, 4, 0, 0, 0, 0, 0, 0, 0, 0, 0, 0, 0, 0, 0, 0]",1024,512,65536.0,131072.0,865617642,865863692,865626550,865888789,144,304416,68928,10042,2,18491,26751,2,32,32,1
35,1,"[4, 2, 1024, 2, 2, 0, 0, 0, 0, 0, 0, 0, 0, 0, 0, 4, 2, 1024, 2, 2, 0, 0, 0, 0, 0, 0, 0, 0, 0, 0]",16,128,8192.0,98304.0,865948815,865957240,865957717,865960149,0,151840,151840,10043,1,8425,2432,2,32,32,1
152,1,"[4, 2, 1024, 2, 2, 0, 0, 0, 0, 0, 0, 0, 0, 0, 0, 0, 0, 0, 0, 0, 0, 0, 0, 0, 0, 0, 0, 0, 0, 0]",16,128,8192.0,65536.0,866102691,866111137,866111989,866114069,0,190336,190336,10044,1,8446,2080,2,32,32,1
203,1,"[2, 1024, 2, 2, 512, 2, 2, 1, 1, 0, 0, 1, 1, 1, 1, 1, 4, 0, 0, 0, 0, 0, 0, 0, 0, 0, 0, 0, 0, 0]",64,256,8388608.0,2146304.0,866293599,866322259,866304405,866383893,41472,97088,88032,10045,4,23330,70432,2,32,32,1
205,1,"[4, 0, 0, 0, 0, 0, 0, 0, 0, 0, 0, 0, 0, 0, 0, 4, 0, 0, 0, 0, 0, 0, 0, 0, 0, 0, 0, 0, 0, 0]",512,512,32768.0,65536.0,866463541,866706878,866471925,866721621,144,383166,150303,10046,2,16798,16833,2,32,32,1
152,1,"[4, 2, 512, 2, 2, 0, 0, 0, 0, 0, 0, 0, 0, 0, 0, 0, 0, 0, 0, 0, 0, 0, 0, 0, 0, 0, 0, 0, 0, 0]",8,128,4096.0,32768.0,866862695,866871512,866871924,866874932,0,181024,181024,10047,1,8817,3008,2,32,32,1
203,1,"[2, 512, 2, 2, 512, 2, 2, 3, 3, 1, 1, 1, 1, 1, 1, 1, 4, 0, 0, 0, 0, 0, 0, 0, 0, 0, 0, 0, 0, 0]",2048,256,37748736.0,9469952.0,867045350,867060849,867055956,867240276,49152,46528,45280,10048,2,14610,183072,2,32,32,1
205,1,"[4, 0, 0, 0, 0, 0, 0, 0, 0, 0, 0, 0, 0, 0, 0, 4, 0, 0, 0, 0, 0, 0, 0, 0, 0, 0, 0, 0, 0, 0]",512,512,32768.0,65536.0,867277024,867524263,867285556,867539060,144,383039,147231,10049,2,17715,17696,2,32,32,1
152,1,"[4, 2, 512, 2, 2, 0, 0, 0, 0, 0, 0, 0, 0, 0, 0, 0, 0, 0, 0, 0, 0, 0, 0, 0, 0, 0, 0, 0, 0, 0]",8,128,4096.0,32768.0,867676634,867685989,867686291,867688819,0,180384,180384,10050,1,9355,2528,2,32,32,1
203,1,"[2, 512, 2, 2, 1024, 2, 2, 1, 1, 0, 0, 1, 1, 1, 1, 1, 4, 0, 0, 0, 0, 0, 0, 0, 0, 0, 0, 0, 0, 0]",64,256,8388608.0,2146304.0,867858963,867888251,867869203,867922451,41472,133504,124288,10051,4,23944,44032,2,32,32,1
205,1,"[4, 0, 0, 0, 0, 0, 0, 0, 0, 0, 0, 0, 0, 0, 0, 4, 0, 0, 0, 0, 0, 0, 0, 0, 0, 0, 0, 0, 0, 0]",1024,512,65536.0,131072.0,868038113,868282335,868046739,868307475,144,301248,67552,10052,2,17332,27040,2,32,32,1
35,1,"[4, 2, 1024, 2, 2, 0, 0, 0, 0, 0, 0, 0, 0, 0, 0, 4, 2, 1024, 2, 2, 0, 0, 0, 0, 0, 0, 0, 0, 0, 0]",16,128,8192.0,98304.0,868365845,868374202,868375027,868377106,0,154720,154720,10053,1,8357,2079,2,32,32,1
152,1,"[4, 2, 1024, 2, 2, 0, 0, 0, 0, 0, 0, 0, 0, 0, 0, 0, 0, 0, 0, 0, 0, 0, 0, 0, 0, 0, 0, 0, 0, 0]",16,128,8192.0,65536.0,868522793,868531368,868531826,868534258,0,186240,186240,10054,1,8575,2432,2,32,32,1
203,1,"[2, 1024, 2, 2, 512, 2, 2, 1, 1, 0, 0, 1, 1, 1, 1, 1, 4, 0, 0, 0, 0, 0, 0, 0, 0, 0, 0, 0, 0, 0]",64,256,8388608.0,2146304.0,868709611,868738234,868720498,868798994,41472,97984,90208,10055,4,23170,70720,2,32,32,1
205,1,"[4, 0, 0, 0, 0, 0, 0, 0, 0, 0, 0, 0, 0, 0, 0, 4, 0, 0, 0, 0, 0, 0, 0, 0, 0, 0, 0, 0, 0, 0]",512,512,32768.0,65536.0,868881629,869126654,868889202,869141009,144,384320,148736,10056,2,16920,16223,2,32,32,1
152,1,"[4, 2, 512, 2, 2, 0, 0, 0, 0, 0, 0, 0, 0, 0, 0, 0, 0, 0, 0, 0, 0, 0, 0, 0, 0, 0, 0, 0, 0, 0]",8,128,4096.0,32768.0,869279273,869289508,869289745,869292177,0,184288,184288,10057,1,10235,2432,2,32,32,1
203,1,"[2, 512, 2, 2, 512, 2, 2, 3, 3, 1, 1, 1, 1, 1, 1, 1, 4, 0, 0, 0, 0, 0, 0, 0, 0, 0, 0, 0, 0, 0]",2048,256,37748736.0,9469952.0,869465848,869481777,869476465,869660689,49152,143872,143840,10058,2,15043,184192,2,32,32,1
205,1,"[4, 0, 0, 0, 0, 0, 0, 0, 0, 0, 0, 0, 0, 0, 0, 4, 0, 0, 0, 0, 0, 0, 0, 0, 0, 0, 0, 0, 0, 0]",512,512,32768.0,65536.0,869793844,870045314,869804529,870060176,144,385855,147808,10059,2,20142,17600,2,32,32,1
152,1,"[4, 2, 512, 2, 2, 0, 0, 0, 0, 0, 0, 0, 0, 0, 0, 0, 0, 0, 0, 0, 0, 0, 0, 0, 0, 0, 0, 0, 0, 0]",8,128,4096.0,32768.0,870197914,870207751,870207984,870210064,0,182176,182176,10060,1,9837,2080,2,32,32,1
203,1,"[2, 512, 2, 2, 1024, 2, 2, 1, 1, 0, 0, 1, 1, 1, 1, 1, 4, 0, 0, 0, 0, 0, 0, 0, 0, 0, 0, 0, 0, 0]",64,256,8388608.0,2146304.0,870381759,870410742,870392240,870445584,41472,124256,114304,10061,4,23514,43392,2,32,32,1
205,1,"[4, 0, 0, 0, 0, 0, 0, 0, 0, 0, 0, 0, 0, 0, 0, 4, 0, 0, 0, 0, 0, 0, 0, 0, 0, 0, 0, 0, 0, 0]",1024,512,65536.0,131072.0,870550840,870786220,870559888,870812048,144,294271,69791,10062,2,17717,27680,2,32,32,1
35,1,"[4, 2, 1024, 2, 2, 0, 0, 0, 0, 0, 0, 0, 0, 0, 0, 4, 2, 1024, 2, 2, 0, 0, 0, 0, 0, 0, 0, 0, 0, 0]",16,128,8192.0,98304.0,870873461,870881911,870881839,870884976,0,142207,142207,10063,1,8450,3137,2,32,32,1
152,1,"[4, 2, 1024, 2, 2, 0, 0, 0, 0, 0, 0, 0, 0, 0, 0, 0, 0, 0, 0, 0, 0, 0, 0, 0, 0, 0, 0, 0, 0, 0]",16,128,8192.0,65536.0,871019154,871027297,871027183,871029263,0,186336,186336,10064,1,8143,2080,2,32,32,1
203,1,"[2, 1024, 2, 2, 512, 2, 2, 1, 1, 0, 0, 1, 1, 1, 1, 1, 4, 0, 0, 0, 0, 0, 0, 0, 0, 0, 0, 0, 0, 0]",64,256,8388608.0,2146304.0,871204656,871233066,871215599,871295023,41472,100960,93024,10065,4,23063,71488,2,32,32,1
205,1,"[4, 0, 0, 0, 0, 0, 0, 0, 0, 0, 0, 0, 0, 0, 0, 4, 0, 0, 0, 0, 0, 0, 0, 0, 0, 0, 0, 0, 0, 0]",512,512,32768.0,65536.0,871379465,871615869,871388047,871630927,144,377344,151968,10066,2,17713,17504,2,32,32,1
152,1,"[4, 2, 512, 2, 2, 0, 0, 0, 0, 0, 0, 0, 0, 0, 0, 0, 0, 0, 0, 0, 0, 0, 0, 0, 0, 0, 0, 0, 0, 0]",8,128,4096.0,32768.0,871773225,871783037,871782895,871784974,0,173440,173440,10067,1,9812,2079,2,32,32,1
203,1,"[2, 512, 2, 2, 512, 2, 2, 3, 3, 1, 1, 1, 1, 1, 1, 1, 4, 0, 0, 0, 0, 0, 0, 0, 0, 0, 0, 0, 0, 0]",2048,256,37748736.0,9469952.0,871948207,871963408,871958414,872140686,49152,47584,47520,10068,2,14341,182208,2,32,32,1
205,1,"[4, 0, 0, 0, 0, 0, 0, 0, 0, 0, 0, 0, 0, 0, 0, 4, 0, 0, 0, 0, 0, 0, 0, 0, 0, 0, 0, 0, 0, 0]",512,512,32768.0,65536.0,872179068,872426257,872188206,872440334,144,382399,146783,10069,2,17911,16512,2,32,32,1
152,1,"[4, 2, 512, 2, 2, 0, 0, 0, 0, 0, 0, 0, 0, 0, 0, 0, 0, 0, 0, 0, 0, 0, 0, 0, 0, 0, 0, 0, 0, 0]",8,128,4096.0,32768.0,872577973,872586821,872587117,872589581,0,188640,188640,10070,1,8848,2464,2,32,32,1
203,1,"[2, 512, 2, 2, 1024, 2, 2, 1, 1, 0, 0, 1, 1, 1, 1, 1, 4, 0, 0, 0, 0, 0, 0, 0, 0, 0, 0, 0, 0, 0]",64,256,8388608.0,2146304.0,872767470,872796867,872778221,872831501,41472,124480,114464,10071,4,23925,43264,2,32,32,1
205,1,"[4, 0, 0, 0, 0, 0, 0, 0, 0, 0, 0, 0, 0, 0, 0, 4, 0, 0, 0, 0, 0, 0, 0, 0, 0, 0, 0, 0, 0, 0]",1024,512,65536.0,131072.0,872937616,873177767,872945965,873203405,144,299488,70016,10072,2,16850,27968,2,32,32,1
35,1,"[4, 2, 1024, 2, 2, 0, 0, 0, 0, 0, 0, 0, 0, 0, 0, 4, 2, 1024, 2, 2, 0, 0, 0, 0, 0, 0, 0, 0, 0, 0]",16,128,8192.0,98304.0,873263983,873272568,873273421,873275917,0,141695,141695,10073,1,8585,2496,2,32,32,1
152,1,"[4, 2, 1024, 2, 2, 0, 0, 0, 0, 0, 0, 0, 0, 0, 0, 0, 0, 0, 0, 0, 0, 0, 0, 0, 0, 0, 0, 0, 0, 0]",16,128,8192.0,65536.0,873409781,873417762,873417612,873420620,0,180928,180928,10074,1,7981,3008,2,32,32,1
203,1,"[2, 1024, 2, 2, 512, 2, 2, 1, 1, 0, 0, 1, 1, 1, 1, 1, 4, 0, 0, 0, 0, 0, 0, 0, 0, 0, 0, 0, 0, 0]",64,256,8388608.0,2146304.0,873590642,873618883,873601548,873681100,41472,101728,93728,10075,4,22893,71552,2,32,32,1
205,1,"[4, 0, 0, 0, 0, 0, 0, 0, 0, 0, 0, 0, 0, 0, 0, 4, 0, 0, 0, 0, 0, 0, 0, 0, 0, 0, 0, 0, 0, 0]",512,512,32768.0,65536.0,873766136,874000747,873774828,874015244,144,481279,257535,10076,2,17677,16672,2,32,32,1
152,1,"[4, 2, 512, 2, 2, 0, 0, 0, 0, 0, 0, 0, 0, 0, 0, 0, 0, 0, 0, 0, 0, 0, 0, 0, 0, 0, 0, 0, 0, 0]",8,128,4096.0,32768.0,874261250,874272666,874272779,874275211,0,183744,183744,10077,1,11416,2432,2,32,32,1
203,1,"[2, 512, 2, 2, 512, 2, 2, 3, 3, 1, 1, 1, 1, 1, 1, 1, 4, 0, 0, 0, 0, 0, 0, 0, 0, 0, 0, 0, 0, 0]",2048,256,37748736.0,9469952.0,874447644,874463230,874458955,874641227,49152,44001,44000,10078,2,14705,182271,2,32,32,1
205,1,"[4, 0, 0, 0, 0, 0, 0, 0, 0, 0, 0, 0, 0, 0, 0, 4, 0, 0, 0, 0, 0, 0, 0, 0, 0, 0, 0, 0, 0, 0]",512,512,32768.0,65536.0,874676758,874916012,874685227,874930667,144,381376,153600,10079,2,17366,17664,2,32,32,1
152,1,"[4, 2, 512, 2, 2, 0, 0, 0, 0, 0, 0, 0, 0, 0, 0, 0, 0, 0, 0, 0, 0, 0, 0, 0, 0, 0, 0, 0, 0, 0]",8,128,4096.0,32768.0,875074529,875083557,875084267,875086346,0,174176,174176,10080,1,9028,2079,2,32,32,1
203,1,"[2, 512, 2, 2, 1024, 2, 2, 1, 1, 0, 0, 1, 1, 1, 1, 1, 4, 0, 0, 0, 0, 0, 0, 0, 0, 0, 0, 0, 0, 0]",64,256,8388608.0,2146304.0,875250801,875278630,875260522,875313674,41472,121217,113920,10081,4,22305,45855,2,32,32,1
205,1,"[4, 0, 0, 0, 0, 0, 0, 0, 0, 0, 0, 0, 0, 0, 0, 4, 0, 0, 0, 0, 0, 0, 0, 0, 0, 0, 0, 0, 0, 0]",1024,512,65536.0,131072.0,875418740,875658527,875427594,875684362,144,297952,69376,10082,2,17853,28192,2,32,32,1
35,1,"[4, 2, 1024, 2, 2, 0, 0, 0, 0, 0, 0, 0, 0, 0, 0, 4, 2, 1024, 2, 2, 0, 0, 0, 0, 0, 0, 0, 0, 0, 0]",16,128,8192.0,98304.0,875744531,875752816,875753738,875756042,0,142816,142816,10083,1,8285,2304,2,32,32,1
152,1,"[4, 2, 1024, 2, 2, 0, 0, 0, 0, 0, 0, 0, 0, 0, 0, 0, 0, 0, 0, 0, 0, 0, 0, 0, 0, 0, 0, 0, 0, 0]",16,128,8192.0,65536.0,875890317,875898497,875898858,875901289,0,191040,191040,10084,1,8180,2431,2,32,32,1
203,1,"[2, 1024, 2, 2, 512, 2, 2, 1, 1, 0, 0, 1, 1, 1, 1, 1, 4, 0, 0, 0, 0, 0, 0, 0, 0, 0, 0, 0, 0, 0]",64,256,8388608.0,2146304.0,876081337,876110762,876092329,876173321,41472,100064,92672,10085,4,24026,73600,2,32,32,1
205,1,"[4, 0, 0, 0, 0, 0, 0, 0, 0, 0, 0, 0, 0, 0, 0, 4, 0, 0, 0, 0, 0, 0, 0, 0, 0, 0, 0, 0, 0, 0]",512,512,32768.0,65536.0,876256782,876492593,876265993,876507177,144,379007,153983,10086,2,18199,16160,2,32,32,1
152,1,"[4, 2, 512, 2, 2, 0, 0, 0, 0, 0, 0, 0, 0, 0, 0, 0, 0, 0, 0, 0, 0, 0, 0, 0, 0, 0, 0, 0, 0, 0]",8,128,4096.0,32768.0,876651212,876660839,876661160,876663304,0,173504,173504,10087,1,9627,2144,2,32,32,1
203,1,"[2, 512, 2, 2, 512, 2, 2, 3, 3, 1, 1, 1, 1, 1, 1, 1, 4, 0, 0, 0, 0, 0, 0, 0, 0, 0, 0, 0, 0, 0]",2048,256,37748736.0,9469952.0,876826574,876841934,876836808,877019656,49152,46496,45216,10088,2,14494,181568,2,32,32,1
205,1,"[4, 0, 0, 0, 0, 0, 0, 0, 0, 0, 0, 0, 0, 0, 0, 4, 0, 0, 0, 0, 0, 0, 0, 0, 0, 0, 0, 0, 0, 0]",512,512,32768.0,65536.0,877055163,877295533,877064872,877310472,144,386528,158944,10089,2,18622,18016,2,32,32,1
152,1,"[4, 2, 512, 2, 2, 0, 0, 0, 0, 0, 0, 0, 0, 0, 0, 0, 0, 0, 0, 0, 0, 0, 0, 0, 0, 0, 0, 0, 0, 0]",8,128,4096.0,32768.0,877459807,877469148,877469416,877471816,0,186783,186783,10090,1,9341,2400,2,32,32,1
203,1,"[2, 512, 2, 2, 1024, 2, 2, 1, 1, 0, 0, 1, 1, 1, 1, 1, 4, 0, 0, 0, 0, 0, 0, 0, 0, 0, 0, 0, 0, 0]",64,256,8388608.0,2146304.0,877647815,877676458,877658599,877711751,41472,122784,114784,10091,4,23397,45152,2,32,32,1
205,1,"[4, 0, 0, 0, 0, 0, 0, 0, 0, 0, 0, 0, 0, 0, 0, 4, 0, 0, 0, 0, 0, 0, 0, 0, 0, 0, 0, 0, 0, 0]",1024,512,65536.0,131072.0,877817848,878062287,877826535,878088711,144,301824,67168,10092,2,17056,27520,2,32,32,1
35,1,"[4, 2, 1024, 2, 2, 0, 0, 0, 0, 0, 0, 0, 0, 0, 0, 4, 2, 1024, 2, 2, 0, 0, 0, 0, 0, 0, 0, 0, 0, 0]",16,128,8192.0,98304.0,878146743,878155544,878155879,878158343,0,139359,139359,10093,1,8801,2464,2,32,32,1
152,1,"[4, 2, 1024, 2, 2, 0, 0, 0, 0, 0, 0, 0, 0, 0, 0, 0, 0, 0, 0, 0, 0, 0, 0, 0, 0, 0, 0, 0, 0, 0]",16,128,8192.0,65536.0,878289846,878297775,878297702,878300679,0,193343,193343,10094,1,7929,2977,2,32,32,1
203,1,"[2, 1024, 2, 2, 1024, 2, 2, 1, 1, 0, 0, 1, 1, 1, 1, 1, 4, 0, 0, 0, 0, 0, 0, 0, 0, 0, 0, 0, 0, 0]",64,256,16777216.0,4259840.0,878482874,878511257,878494022,878573830,41472,93056,84512,10095,4,23077,71264,2,32,32,1
205,1,"[4, 0, 0, 0, 0, 0, 0, 0, 0, 0, 0, 0, 0, 0, 0, 4, 0, 0, 0, 0, 0, 0, 0, 0, 0, 0, 0, 0, 0, 0]",1024,512,65536.0,131072.0,878650420,879000638,878658342,879026694,144,481056,141056,10096,2,18641,28352,2,32,32,1
152,1,"[4, 2, 1024, 2, 2, 0, 0, 0, 0, 0, 0, 0, 0, 0, 0, 0, 0, 0, 0, 0, 0, 0, 0, 0, 0, 0, 0, 0, 0, 0]",16,128,8192.0,65536.0,879158012,879167443,879167750,879170053,0,165184,165184,10097,1,9431,2303,2,32,32,1
203,1,"[2, 1024, 2, 2, 1024, 1, 1, 3, 3, 1, 1, 2, 2, 1, 1, 1, 4, 0, 0, 0, 0, 0, 0, 0, 0, 0, 0, 0, 0, 0]",37,512,0.0,0.0,879322499,879344946,879335237,881580547,10496,48607,48191,10098,2,20560,2244894,2,32,32,1
205,1,"[4, 0, 0, 0, 0, 0, 0, 0, 0, 0, 0, 0, 0, 0, 0, 4, 0, 0, 0, 0, 0, 0, 0, 0, 0, 0, 0, 0, 0, 0]",1024,512,16384.0,32768.0,881619394,881862377,881628738,881887746,144,366752,135136,10099,2,17526,27392,2,32,32,1
152,1,"[4, 2, 1024, 1, 1, 0, 0, 0, 0, 0, 0, 0, 0, 0, 0, 0, 0, 0, 0, 0, 0, 0, 0, 0, 0, 0, 0, 0, 0, 0]",4,128,2048.0,16384.0,882013094,882022329,882022882,882024962,0,176192,176192,10100,1,9235,2080,2,32,32,1
203,1,"[2, 1024, 1, 1, 2048, 1, 1, 1, 1, 0, 0, 1, 1, 1, 1, 1, 4, 0, 0, 0, 0, 0, 0, 0, 0, 0, 0, 0, 0, 0]",64,256,8388608.0,8413184.0,882190988,882208225,882201154,882274818,41472,92288,87360,10101,2,15784,68736,2,32,32,1
205,1,"[4, 0, 0, 0, 0, 0, 0, 0, 0, 0, 0, 0, 0, 0, 0, 4, 0, 0, 0, 0, 0, 0, 0, 0, 0, 0, 0, 0, 0, 0]",2048,512,32768.0,65536.0,882352137,882588879,882362178,882635265,144,371231,146816,10102,2,18610,48672,2,32,32,1
203,1,"[2, 1024, 2, 2, 2048, 1, 1, 1, 1, 0, 0, 2, 2, 1, 1, 1, 4, 0, 0, 0, 0, 0, 0, 0, 0, 0, 0, 0, 0, 0]",64,256,8388608.0,8437760.0,882771884,882794924,882782081,882861889,41472,100416,90784,10103,3,19171,70176,2,32,32,1
205,1,"[4, 0, 0, 0, 0, 0, 0, 0, 0, 0, 0, 0, 0, 0, 0, 4, 0, 0, 0, 0, 0, 0, 0, 0, 0, 0, 0, 0, 0, 0]",2048,512,32768.0,65536.0,882943161,883186201,882952673,883233185,144,281216,49408,10104,2,16902,48704,2,32,32,1
35,1,"[4, 2, 2048, 1, 1, 0, 0, 0, 0, 0, 0, 0, 0, 0, 0, 4, 2, 2048, 1, 1, 0, 0, 0, 0, 0, 0, 0, 0, 0, 0]",8,128,4096.0,49152.0,883274280,883282453,883282593,883285696,0,156512,156512,10105,1,8173,3103,2,32,32,1
152,1,"[4, 2, 2048, 1, 1, 0, 0, 0, 0, 0, 0, 0, 0, 0, 0, 0, 0, 0, 0, 0, 0, 0, 0, 0, 0, 0, 0, 0, 0, 0]",8,128,4096.0,32768.0,883432317,883442850,883442208,883444224,0,249856,249856,10106,1,10533,2016,2,32,32,1
203,1,"[2, 2048, 1, 1, 1024, 1, 1, 1, 1, 0, 0, 1, 1, 1, 1, 1, 4, 0, 0, 0, 0, 0, 0, 0, 0, 0, 0, 0, 0, 0]",32,256,8388608.0,8413184.0,883681653,883702463,883694080,883818688,41472,84928,77664,10107,2,18948,117344,2,32,32,1
205,1,"[4, 0, 0, 0, 0, 0, 0, 0, 0, 0, 0, 0, 0, 0, 0, 4, 0, 0, 0, 0, 0, 0, 0, 0, 0, 0, 0, 0, 0, 0]",1024,512,16384.0,32768.0,883885582,884250582,883896352,884275711,144,584735,233056,10108,2,23032,27680,2,32,32,1
152,1,"[4, 2, 1024, 1, 1, 0, 0, 0, 0, 0, 0, 0, 0, 0, 0, 0, 0, 0, 0, 0, 0, 0, 0, 0, 0, 0, 0, 0, 0, 0]",4,128,2048.0,16384.0,884495319,884509087,884508767,884511231,0,265856,265856,10109,1,13768,2464,2,32,32,1
203,1,"[2, 1024, 1, 1, 1024, 1, 1, 3, 3, 1, 1, 1, 1, 1, 1, 1, 4, 0, 0, 0, 0, 0, 0, 0, 0, 0, 0, 0, 0, 0]",8192,256,37748736.0,37765120.0,884763806,884785826,884777087,885305022,49152,59552,59424,10110,2,20915,527807,2,32,32,1
205,1,"[4, 0, 0, 0, 0, 0, 0, 0, 0, 0, 0, 0, 0, 0, 0, 4, 0, 0, 0, 0, 0, 0, 0, 0, 0, 0, 0, 0, 0, 0]",1024,512,16384.0,32768.0,885353060,885606646,885364446,885632542,144,383936,144352,10111,2,20800,28512,2,32,32,1
152,1,"[4, 2, 1024, 1, 1, 0, 0, 0, 0, 0, 0, 0, 0, 0, 0, 0, 0, 0, 0, 0, 0, 0, 0, 0, 0, 0, 0, 0, 0, 0]",4,128,2048.0,16384.0,885766965,885777305,885776894,885778942,0,179391,179391,10112,1,10340,2048,2,32,32,1
203,1,"[2, 1024, 1, 1, 2048, 1, 1, 1, 1, 0, 0, 1, 1, 1, 1, 1, 4, 0, 0, 0, 0, 0, 0, 0, 0, 0, 0, 0, 0, 0]",64,256,8388608.0,8413184.0,885947408,885964865,885958333,886030845,41472,87456,81888,10113,2,15991,66944,2,32,32,1
205,1,"[4, 0, 0, 0, 0, 0, 0, 0, 0, 0, 0, 0, 0, 0, 0, 4, 0, 0, 0, 0, 0, 0, 0, 0, 0, 0, 0, 0, 0, 0]",2048,512,32768.0,65536.0,886104411,886471163,886112733,886518045,144,413216,57536,10114,2,18519,49632,2,32,32,1
35,1,"[4, 2, 2048, 1, 1, 0, 0, 0, 0, 0, 0, 0, 0, 0, 0, 4, 2, 2048, 1, 1, 0, 0, 0, 0, 0, 0, 0, 0, 0, 0]",8,128,4096.0,49152.0,886566038,886575573,886575581,886577661,0,151903,151903,10115,1,9535,2080,2,32,32,1
152,1,"[4, 2, 2048, 1, 1, 0, 0, 0, 0, 0, 0, 0, 0, 0, 0, 0, 0, 0, 0, 0, 0, 0, 0, 0, 0, 0, 0, 0, 0, 0]",8,128,4096.0,32768.0,886721014,886729532,886729564,886732572,0,179008,179008,10116,1,8518,3008,2,32,32,1
203,1,"[2, 2048, 1, 1, 1024, 1, 1, 1, 1, 0, 0, 1, 1, 1, 1, 1, 4, 0, 0, 0, 0, 0, 0, 0, 0, 0, 0, 0, 0, 0]",32,256,8388608.0,8413184.0,886901418,886918056,886911580,887034364,41472,46784,42464,10117,2,15217,118464,2,32,32,1
205,1,"[4, 0, 0, 0, 0, 0, 0, 0, 0, 0, 0, 0, 0, 0, 0, 4, 0, 0, 0, 0, 0, 0, 0, 0, 0, 0, 0, 0, 0, 0]",1024,512,16384.0,32768.0,887067808,887313100,887076828,887338748,144,365727,132159,10118,2,17185,28352,2,32,32,1
152,1,"[4, 2, 1024, 1, 1, 0, 0, 0, 0, 0, 0, 0, 0, 0, 0, 0, 0, 0, 0, 0, 0, 0, 0, 0, 0, 0, 0, 0, 0, 0]",4,128,2048.0,16384.0,887462033,887471175,887470907,887473851,0,176928,176928,10119,1,9142,2944,2,32,32,1
203,1,"[2, 1024, 1, 1, 1024, 1, 1, 3, 3, 1, 1, 1, 1, 1, 1, 1, 4, 0, 0, 0, 0, 0, 0, 0, 0, 0, 0, 0, 0, 0]",8192,256,37748736.0,37765120.0,887640300,887657155,887650779,888178555,49152,52832,51200,10120,2,15976,526144,2,32,32,1
205,1,"[4, 0, 0, 0, 0, 0, 0, 0, 0, 0, 0, 0, 0, 0, 0, 4, 0, 0, 0, 0, 0, 0, 0, 0, 0, 0, 0, 0, 0, 0]",1024,512,16384.0,32768.0,888220482,888463573,888229755,888489562,144,374784,143360,10121,2,17732,28383,2,32,32,1
152,1,"[4, 2, 1024, 1, 1, 0, 0, 0, 0, 0, 0, 0, 0, 0, 0, 0, 0, 0, 0, 0, 0, 0, 0, 0, 0, 0, 0, 0, 0, 0]",4,128,2048.0,16384.0,888623112,888632836,888632922,888635578,0,172704,172704,10122,1,9724,2656,2,32,32,1
203,1,"[2, 1024, 1, 1, 2048, 1, 1, 1, 1, 0, 0, 1, 1, 1, 1, 1, 4, 0, 0, 0, 0, 0, 0, 0, 0, 0, 0, 0, 0, 0]",64,256,8388608.0,8413184.0,888798603,888815586,888808282,888881658,41472,87776,83200,10123,2,15505,68800,2,32,32,1
205,1,"[4, 0, 0, 0, 0, 0, 0, 0, 0, 0, 0, 0, 0, 0, 0, 4, 0, 0, 0, 0, 0, 0, 0, 0, 0, 0, 0, 0, 0, 0]",2048,512,32768.0,65536.0,888954535,889206476,888964858,889252345,144,286399,46880,10124,2,19211,47968,2,32,32,1
35,1,"[4, 2, 2048, 1, 1, 0, 0, 0, 0, 0, 0, 0, 0, 0, 0, 4, 2, 2048, 1, 1, 0, 0, 0, 0, 0, 0, 0, 0, 0, 0]",8,128,4096.0,49152.0,889290152,889298493,889299225,889301497,0,148864,148864,10125,1,8341,2272,2,32,32,1
152,1,"[4, 2, 2048, 1, 1, 0, 0, 0, 0, 0, 0, 0, 0, 0, 0, 0, 0, 0, 0, 0, 0, 0, 0, 0, 0, 0, 0, 0, 0, 0]",8,128,4096.0,32768.0,889441471,889449606,889450361,889452793,0,127136,127136,10126,1,8135,2432,2,32,32,1
199,1,"[4, 2, 2048, 1, 1, 0, 0, 0, 0, 0, 0, 0, 0, 0, 0, 0, 0, 0, 0, 0, 0, 0, 0, 0, 0, 0, 0, 0, 0, 0]",8,128,0.0,0.0,889569086,889580209,889579929,889586169,16,224416,224416,10127,1,11123,6240,2,32,32,1
201,1,"[4, 2, 2048, 0, 0, 0, 0, 0, 0, 0, 4, 706, 2048, 0, 0, 0, 0, 0, 0, 0, 4, 706, 0, 0, 0, 0, 0, 0, 0, 0]",89,128,5783552.0,1463684.0,889799650,889811269,889810585,889825785,3072,133536,133536,10129,1,11619,15200,2,32,32,1
181,1,"[4, 2, 706, 0, 0, 0, 0, 0, 0, 0, 0, 0, 0, 0, 0, 4, 2, 706, 0, 0, 0, 0, 0, 0, 0, 0, 0, 0, 0, 0]",3,512,0.0,0.0,889948083,890084322,889959321,890087768,16,957406,846079,10131,5,44676,17120,2,32,32,1
181,2,"[4, 2, 706, 0, 0, 0, 0, 0, 0, 0, 0, 0, 0, 0, 0, 4, 2, 706, 0, 0, 0, 0, 0, 0, 0, 0, 0, 0, 0, 0]",6,128,0.0,0.0,890895212,891261357,890933847,891263479,0,1000063,683071,10131,4,105812,12640,2,32,32,1
199,2,"[4, 2, 2048, 1, 1, 0, 0, 0, 0, 0, 0, 0, 0, 0, 0, 0, 0, 0, 0, 0, 0, 0, 0, 0, 0, 0, 0, 0, 0, 0]",8,128,0.0,0.0,891931055,891947632,891946550,891949334,0,85344,85344,10127,1,16577,2784,2,32,32,1
152,2,"[4, 2, 2048, 1, 1, 0, 0, 0, 0, 0, 0, 0, 0, 0, 0, 0, 0, 0, 0, 0, 0, 0, 0, 0, 0, 0, 0, 0, 0, 0]",8,128,4096.0,49152.0,892019521,892037467,892034678,892037622,0,212960,212960,10126,1,17946,2944,2,32,32,1
205,2,"[4, 2, 2048, 1, 1, 0, 0, 0, 0, 0, 0, 0, 0, 0, 0, 0, 0, 0, 0, 0, 0, 0, 0, 0, 0, 0, 0, 0, 0, 0]",2048,512,32768.0,81920.0,892233364,892252983,892250582,892299222,272,340479,340479,10124,1,19619,48640,2,32,32,1
203,2,"[2, 1024, 1, 1, 2048, 1, 1, 1, 1, 0, 0, 1, 1, 1, 1, 1, 4, 0, 0, 0, 0, 0, 0, 0, 0, 0, 0, 0, 0, 0]",512,256,8388608.0,8413184.0,892621222,892976706,892639701,892995061,9472,379424,185344,10123,5,83581,161280,2,32,32,1
152,2,"[4, 2, 1024, 1, 1, 0, 0, 0, 0, 0, 0, 0, 0, 0, 0, 0, 0, 0, 0, 0, 0, 0, 0, 0, 0, 0, 0, 0, 0, 0]",4,128,2048.0,24576.0,893165942,893183255,893180405,893183572,0,151680,151680,10122,1,17313,3167,2,32,32,1
205,2,"[4, 2, 1024, 1, 1, 0, 0, 0, 0, 0, 0, 0, 0, 0, 0, 0, 0, 0, 0, 0, 0, 0, 0, 0, 0, 0, 0, 0, 0, 0]",1024,512,16384.0,40960.0,893318934,893336362,893335252,893362100,272,297344,297344,10121,1,17428,26848,2,32,32,1
203,2,"[2, 1024, 1, 1, 1024, 1, 1, 3, 3, 1, 1, 1, 1, 1, 1, 1, 4, 0, 0, 0, 0, 0, 0, 0, 0, 0, 0, 0, 0, 0]",9216,256,37748736.0,37765120.0,893641863,893865645,893659444,894061043,3328,232384,207168,10120,3,50109,376383,2,32,32,1
152,2,"[4, 2, 1024, 1, 1, 0, 0, 0, 0, 0, 0, 0, 0, 0, 0, 0, 0, 0, 0, 0, 0, 0, 0, 0, 0, 0, 0, 0, 0, 0]",4,128,2048.0,24576.0,894034471,894049262,894268211,894271699,0,288,288,10119,1,14791,3488,2,32,32,1
205,2,"[4, 2, 1024, 1, 1, 0, 0, 0, 0, 0, 0, 0, 0, 0, 0, 0, 0, 0, 0, 0, 0, 0, 0, 0, 0, 0, 0, 0, 0, 0]",1024,512,16384.0,40960.0,894180412,894196713,894271987,894298611,272,208896,208896,10118,1,16301,26624,2,32,32,1
203,2,"[2, 2048, 1, 1, 1024, 1, 1, 1, 1, 0, 0, 1, 1, 1, 1, 1, 4, 0, 0, 0, 0, 0, 0, 0, 0, 0, 0, 0, 0, 0]",512,256,8388608.0,8413184.0,894490487,894757033,894507507,894775475,9472,375584,249920,10117,5,74544,142304,2,32,32,1
152,2,"[4, 2, 2048, 1, 1, 0, 0, 0, 0, 0, 0, 0, 0, 0, 0, 0, 0, 0, 0, 0, 0, 0, 0, 0, 0, 0, 0, 0, 0, 0]",8,128,4096.0,49152.0,895010654,895026654,895025395,895027698,0,167104,167104,10116,1,16000,2303,2,32,32,1
205,2,"[4, 2, 2048, 1, 1, 0, 0, 0, 0, 0, 0, 0, 0, 0, 0, 0, 0, 0, 0, 0, 0, 0, 0, 0, 0, 0, 0, 0, 0, 0]",2048,512,32768.0,81920.0,895179958,895196227,895194802,895242738,272,260320,260320,10114,1,16269,47936,2,32,32,1
203,2,"[2, 1024, 1, 1, 2048, 1, 1, 1, 1, 0, 0, 1, 1, 1, 1, 1, 4, 0, 0, 0, 0, 0, 0, 0, 0, 0, 0, 0, 0, 0]",512,256,8388608.0,8413184.0,895486824,895738690,895503058,895758033,9472,259648,166656,10113,5,71012,161983,2,32,32,1
152,2,"[4, 2, 1024, 1, 1, 0, 0, 0, 0, 0, 0, 0, 0, 0, 0, 0, 0, 0, 0, 0, 0, 0, 0, 0, 0, 0, 0, 0, 0, 0]",4,128,2048.0,24576.0,895910759,895926206,895924689,895927825,0,144704,144704,10112,1,15447,3136,2,32,32,1
205,2,"[4, 2, 1024, 1, 1, 0, 0, 0, 0, 0, 0, 0, 0, 0, 0, 0, 0, 0, 0, 0, 0, 0, 0, 0, 0, 0, 0, 0, 0, 0]",1024,512,16384.0,40960.0,896058291,896074520,896072529,896100017,272,299808,299808,10111,1,16229,27488,2,32,32,1
203,2,"[2, 1024, 1, 1, 1024, 1, 1, 3, 3, 1, 1, 1, 1, 1, 1, 1, 4, 0, 0, 0, 0, 0, 0, 0, 0, 0, 0, 0, 0, 0]",9216,256,37748736.0,37765120.0,896384414,896590650,896399825,896798448,3328,228447,207296,10110,3,45029,377472,2,32,32,1
152,2,"[4, 2, 1024, 1, 1, 0, 0, 0, 0, 0, 0, 0, 0, 0, 0, 0, 0, 0, 0, 0, 0, 0, 0, 0, 0, 0, 0, 0, 0, 0]",4,128,2048.0,24576.0,896758015,896773169,897005744,897008112,0,1632,1632,10109,1,15154,2368,2,32,32,1
205,2,"[4, 2, 1024, 1, 1, 0, 0, 0, 0, 0, 0, 0, 0, 0, 0, 0, 0, 0, 0, 0, 0, 0, 0, 0, 0, 0, 0, 0, 0, 0]",1024,512,16384.0,40960.0,896912694,896930067,897009744,897036368,272,213248,213248,10108,1,17373,26624,2,32,32,1
203,2,"[2, 2048, 1, 1, 1024, 1, 1, 1, 1, 0, 0, 1, 1, 1, 1, 1, 4, 0, 0, 0, 0, 0, 0, 0, 0, 0, 0, 0, 0, 0]",512,256,8388608.0,8413184.0,897233045,897484021,897249616,897503055,9472,319649,211616,10107,5,69281,145406,2,32,32,1
152,2,"[4, 2, 2048, 1, 1, 0, 0, 0, 0, 0, 0, 0, 0, 0, 0, 0, 0, 0, 0, 0, 0, 0, 0, 0, 0, 0, 0, 0, 0, 0]",8,128,4096.0,49152.0,897701408,897716175,897714671,897717903,0,167008,167008,10106,1,14767,3232,2,32,32,1
205,2,"[4, 2, 2048, 1, 1, 0, 0, 0, 0, 0, 0, 0, 0, 0, 0, 0, 0, 0, 0, 0, 0, 0, 0, 0, 0, 0, 0, 0, 0, 0]",2048,512,32768.0,81920.0,897870596,897886736,897884911,897933807,272,256032,256032,10104,1,16140,48896,2,32,32,1
203,2,"[2, 1024, 2, 2, 2048, 1, 1, 1, 1, 0, 0, 2, 2, 1, 1, 1, 4, 0, 0, 0, 0, 0, 0, 0, 0, 0, 0, 0, 0, 0]",1024,256,8388608.0,8437760.0,898173325,898378955,898189839,898451950,4160,187968,167552,10103,3,46592,241695,2,32,32,1
205,2,"[4, 2, 2048, 1, 1, 0, 0, 0, 0, 0, 0, 0, 0, 0, 0, 0, 0, 0, 0, 0, 0, 0, 0, 0, 0, 0, 0, 0, 0, 0]",2048,512,32768.0,81920.0,898604588,898620451,898619502,898668270,272,254720,254720,10102,1,15863,48768,2,32,32,1
203,2,"[2, 1024, 1, 1, 2048, 1, 1, 1, 1, 0, 0, 1, 1, 1, 1, 1, 4, 0, 0, 0, 0, 0, 0, 0, 0, 0, 0, 0, 0, 0]",512,256,8388608.0,8413184.0,898906726,899185112,898922990,899203565,9472,288032,168128,10101,5,92518,160671,2,32,32,1
152,2,"[4, 2, 1024, 1, 1, 0, 0, 0, 0, 0, 0, 0, 0, 0, 0, 0, 0, 0, 0, 0, 0, 0, 0, 0, 0, 0, 0, 0, 0, 0]",4,128,2048.0,24576.0,899358185,899373535,899371693,899375277,0,145184,145184,10100,1,15350,3584,2,32,32,1
205,2,"[4, 2, 1024, 1, 1, 0, 0, 0, 0, 0, 0, 0, 0, 0, 0, 0, 0, 0, 0, 0, 0, 0, 0, 0, 0, 0, 0, 0, 0, 0]",1024,512,16384.0,40960.0,899504865,899521630,899520461,899547277,272,276832,276832,10099,1,16765,26816,2,32,32,1
203,2,"[2, 1024, 2, 2, 1024, 1, 1, 3, 3, 1, 1, 2, 2, 1, 1, 1, 4, 0, 0, 0, 0, 0, 0, 0, 0, 0, 0, 0, 0, 0]",9216,256,37748736.0,37789696.0,899808261,900006343,899824109,900221420,3328,228608,207328,10098,3,44951,376031,2,32,32,1
152,2,"[4, 2, 1024, 2, 2, 0, 0, 0, 0, 0, 0, 0, 0, 0, 0, 0, 0, 0, 0, 0, 0, 0, 0, 0, 0, 0, 0, 0, 0, 0]",16,128,8192.0,98304.0,900170129,900199780,900428748,900432364,0,352,352,10097,1,29651,3616,2,32,32,1
205,2,"[4, 2, 1024, 2, 2, 0, 0, 0, 0, 0, 0, 0, 0, 0, 0, 0, 0, 0, 0, 0, 0, 0, 0, 0, 0, 0, 0, 0, 0, 0]",1024,512,65536.0,163840.0,900334444,900350471,900432716,900460012,272,204832,204832,10096,1,16027,27296,2,32,32,1
203,2,"[2, 1024, 2, 2, 1024, 2, 2, 1, 1, 0, 0, 1, 1, 1, 1, 1, 4, 0, 0, 0, 0, 0, 0, 0, 0, 0, 0, 0, 0, 0]",512,256,16777216.0,4259840.0,900648337,900936596,900664844,900957867,9472,392512,217920,10095,5,83763,118431,2,32,32,1
152,2,"[4, 2, 1024, 2, 2, 0, 0, 0, 0, 0, 0, 0, 0, 0, 0, 0, 0, 0, 0, 0, 0, 0, 0, 0, 0, 0, 0, 0, 0, 0]",16,128,8192.0,98304.0,901162280,901177234,901175787,901179883,0,208960,208960,10094,1,14954,4096,2,32,32,1
205,2,"[4, 2, 1024, 2, 2, 0, 0, 0, 0, 0, 0, 0, 0, 0, 0, 0, 0, 0, 0, 0, 0, 0, 0, 0, 0, 0, 0, 0, 0, 0]",1024,512,65536.0,163840.0,901371998,901391501,901388843,901415403,272,307199,307199,10092,1,19503,26560,2,32,32,1
203,2,"[2, 512, 2, 2, 1024, 2, 2, 1, 1, 0, 0, 1, 1, 1, 1, 1, 4, 0, 0, 0, 0, 0, 0, 0, 0, 0, 0, 0, 0, 0]",256,256,8388608.0,2146304.0,901705483,901982295,901722602,901997034,9472,343936,177408,10091,5,74641,107904,2,32,32,1
152,2,"[4, 2, 512, 2, 2, 0, 0, 0, 0, 0, 0, 0, 0, 0, 0, 0, 0, 0, 0, 0, 0, 0, 0, 0, 0, 0, 0, 0, 0, 0]",8,128,4096.0,49152.0,902160168,902176320,902174442,902176906,0,153856,153856,10090,1,16152,2464,2,32,32,1
205,2,"[4, 2, 512, 2, 2, 0, 0, 0, 0, 0, 0, 0, 0, 0, 0, 0, 0, 0, 0, 0, 0, 0, 0, 0, 0, 0, 0, 0, 0, 0]",512,512,32768.0,81920.0,902315168,902331740,902330762,902345194,272,296063,296063,10089,1,16572,14432,2,32,32,1
203,2,"[2, 512, 2, 2, 512, 2, 2, 3, 3, 1, 1, 1, 1, 1, 1, 1, 4, 0, 0, 0, 0, 0, 0, 0, 0, 0, 0, 0, 0, 0]",2304,256,37748736.0,9469952.0,902624761,902824016,902641257,902863337,3328,235232,139232,10088,3,42585,126080,2,32,32,1
152,2,"[4, 2, 512, 2, 2, 0, 0, 0, 0, 0, 0, 0, 0, 0, 0, 0, 0, 0, 0, 0, 0, 0, 0, 0, 0, 0, 0, 0, 0, 0]",8,128,4096.0,49152.0,902988694,903003725,903002569,903004649,0,143360,143360,10087,1,15031,2080,2,32,32,1
205,2,"[4, 2, 512, 2, 2, 0, 0, 0, 0, 0, 0, 0, 0, 0, 0, 0, 0, 0, 0, 0, 0, 0, 0, 0, 0, 0, 0, 0, 0, 0]",512,512,32768.0,81920.0,903133414,903149871,903148009,903163913,272,327775,327775,10086,1,16457,15904,2,32,32,1
203,2,"[2, 1024, 2, 2, 512, 2, 2, 1, 1, 0, 0, 1, 1, 1, 1, 1, 4, 0, 0, 0, 0, 0, 0, 0, 0, 0, 0, 0, 0, 0]",256,256,8388608.0,2146304.0,903447589,903760933,903491688,903776392,9472,434240,218880,10085,5,102023,69344,2,32,32,1
152,2,"[4, 2, 1024, 2, 2, 0, 0, 0, 0, 0, 0, 0, 0, 0, 0, 0, 0, 0, 0, 0, 0, 0, 0, 0, 0, 0, 0, 0, 0, 0]",16,128,8192.0,98304.0,903981839,903996529,903995272,903997768,0,166047,166047,10084,1,14690,2496,2,32,32,1
205,2,"[4, 2, 1024, 2, 2, 0, 0, 0, 0, 0, 0, 0, 0, 0, 0, 0, 0, 0, 0, 0, 0, 0, 0, 0, 0, 0, 0, 0, 0, 0]",1024,512,65536.0,163840.0,904149060,904165168,904163815,904190439,272,299008,299008,10082,1,16108,26624,2,32,32,1
203,2,"[2, 512, 2, 2, 1024, 2, 2, 1, 1, 0, 0, 1, 1, 1, 1, 1, 4, 0, 0, 0, 0, 0, 0, 0, 0, 0, 0, 0, 0, 0]",256,256,8388608.0,2146304.0,904473588,904731646,904489447,904747495,9472,330944,180160,10081,5,68792,107264,2,32,32,1
152,2,"[4, 2, 512, 2, 2, 0, 0, 0, 0, 0, 0, 0, 0, 0, 0, 0, 0, 0, 0, 0, 0, 0, 0, 0, 0, 0, 0, 0, 0, 0]",8,128,4096.0,49152.0,904913064,904929311,904927655,904929767,0,162975,162975,10080,1,16247,2112,2,32,32,1
205,2,"[4, 2, 512, 2, 2, 0, 0, 0, 0, 0, 0, 0, 0, 0, 0, 0, 0, 0, 0, 0, 0, 0, 0, 0, 0, 0, 0, 0, 0, 0]",512,512,32768.0,81920.0,905076757,905094129,905092742,905107942,272,311264,311264,10079,1,17372,15200,2,32,32,1
203,2,"[2, 512, 2, 2, 512, 2, 2, 3, 3, 1, 1, 1, 1, 1, 1, 1, 4, 0, 0, 0, 0, 0, 0, 0, 0, 0, 0, 0, 0, 0]",2304,256,37748736.0,9469952.0,905399599,905617849,905419206,905656517,3328,289824,178240,10078,3,52065,125727,2,32,32,1
152,2,"[4, 2, 512, 2, 2, 0, 0, 0, 0, 0, 0, 0, 0, 0, 0, 0, 0, 0, 0, 0, 0, 0, 0, 0, 0, 0, 0, 0, 0, 0]",8,128,4096.0,49152.0,905819493,905835960,905834757,905837029,0,146944,146944,10077,1,16467,2272,2,32,32,1
205,2,"[4, 2, 512, 2, 2, 0, 0, 0, 0, 0, 0, 0, 0, 0, 0, 0, 0, 0, 0, 0, 0, 0, 0, 0, 0, 0, 0, 0, 0, 0]",512,512,32768.0,81920.0,905969122,905985373,905983973,905999973,272,293760,293760,10076,1,16251,16000,2,32,32,1
203,2,"[2, 1024, 2, 2, 512, 2, 2, 1, 1, 0, 0, 1, 1, 1, 1, 1, 4, 0, 0, 0, 0, 0, 0, 0, 0, 0, 0, 0, 0, 0]",256,256,8388608.0,2146304.0,906277374,906554776,906293733,906570213,9472,424257,217055,10075,5,68682,69278,2,32,32,1
152,2,"[4, 2, 1024, 2, 2, 0, 0, 0, 0, 0, 0, 0, 0, 0, 0, 0, 0, 0, 0, 0, 0, 0, 0, 0, 0, 0, 0, 0, 0, 0]",16,128,8192.0,98304.0,906774222,906788605,906787268,906789348,0,165888,165888,10074,1,14383,2080,2,32,32,1
205,2,"[4, 2, 1024, 2, 2, 0, 0, 0, 0, 0, 0, 0, 0, 0, 0, 0, 0, 0, 0, 0, 0, 0, 0, 0, 0, 0, 0, 0, 0, 0]",1024,512,65536.0,163840.0,906940891,906956886,906955236,906981860,272,280544,280544,10072,1,15995,26624,2,32,32,1
203,2,"[2, 512, 2, 2, 1024, 2, 2, 1, 1, 0, 0, 1, 1, 1, 1, 1, 4, 0, 0, 0, 0, 0, 0, 0, 0, 0, 0, 0, 0, 0]",256,256,8388608.0,2146304.0,907246439,907518120,907262404,907534371,9472,270463,106432,10071,5,82047,107936,2,32,32,1
152,2,"[4, 2, 512, 2, 2, 0, 0, 0, 0, 0, 0, 0, 0, 0, 0, 0, 0, 0, 0, 0, 0, 0, 0, 0, 0, 0, 0, 0, 0, 0]",8,128,4096.0,49152.0,907630702,907640960,907640803,907643267,0,110816,110816,10070,1,10258,2464,2,32,32,1
205,2,"[4, 2, 512, 2, 2, 0, 0, 0, 0, 0, 0, 0, 0, 0, 0, 0, 0, 0, 0, 0, 0, 0, 0, 0, 0, 0, 0, 0, 0, 0]",512,512,32768.0,81920.0,907743842,907754707,907754083,907770051,272,187968,187968,10069,1,10865,15968,2,32,32,1
203,2,"[2, 512, 2, 2, 512, 2, 2, 3, 3, 1, 1, 1, 1, 1, 1, 1, 4, 0, 0, 0, 0, 0, 0, 0, 0, 0, 0, 0, 0, 0]",2304,256,37748736.0,9469952.0,907947058,908074564,907958019,908114179,3328,123040,91488,10068,3,28248,124608,2,32,32,1
152,2,"[4, 2, 512, 2, 2, 0, 0, 0, 0, 0, 0, 0, 0, 0, 0, 0, 0, 0, 0, 0, 0, 0, 0, 0, 0, 0, 0, 0, 0, 0]",8,128,4096.0,49152.0,908194356,908206017,908205667,908208611,0,94175,94175,10067,1,11661,2944,2,32,32,1
205,2,"[4, 2, 512, 2, 2, 0, 0, 0, 0, 0, 0, 0, 0, 0, 0, 0, 0, 0, 0, 0, 0, 0, 0, 0, 0, 0, 0, 0, 0, 0]",512,512,32768.0,81920.0,908292566,908303141,908302786,908318338,272,186496,186496,10066,1,10575,15552,2,32,32,1
203,2,"[2, 1024, 2, 2, 512, 2, 2, 1, 1, 0, 0, 1, 1, 1, 1, 1, 4, 0, 0, 0, 0, 0, 0, 0, 0, 0, 0, 0, 0, 0]",256,256,8388608.0,2146304.0,908493177,908664823,908504834,908681602,9472,241952,134432,10065,5,45775,69248,2,32,32,1
152,2,"[4, 2, 1024, 2, 2, 0, 0, 0, 0, 0, 0, 0, 0, 0, 0, 0, 0, 0, 0, 0, 0, 0, 0, 0, 0, 0, 0, 0, 0, 0]",16,128,8192.0,98304.0,908806659,908816111,908816034,908818498,0,108512,108512,10064,1,9452,2464,2,32,32,1
205,2,"[4, 2, 1024, 2, 2, 0, 0, 0, 0, 0, 0, 0, 0, 0, 0, 0, 0, 0, 0, 0, 0, 0, 0, 0, 0, 0, 0, 0, 0, 0]",1024,512,65536.0,163840.0,908916763,908927165,908927010,908954082,272,191679,191679,10062,1,10402,27072,2,32,32,1
203,2,"[2, 512, 2, 2, 1024, 2, 2, 1, 1, 0, 0, 1, 1, 1, 1, 1, 4, 0, 0, 0, 0, 0, 0, 0, 0, 0, 0, 0, 0, 0]",256,256,8388608.0,2146304.0,909133301,909305622,909145761,909322721,9472,176416,106464,10061,5,46927,107008,2,32,32,1
152,2,"[4, 2, 512, 2, 2, 0, 0, 0, 0, 0, 0, 0, 0, 0, 0, 0, 0, 0, 0, 0, 0, 0, 0, 0, 0, 0, 0, 0, 0, 0]",8,128,4096.0,49152.0,909417954,909430645,909429185,909431265,0,108320,108320,10060,1,12691,2080,2,32,32,1
205,2,"[4, 2, 512, 2, 2, 0, 0, 0, 0, 0, 0, 0, 0, 0, 0, 0, 0, 0, 0, 0, 0, 0, 0, 0, 0, 0, 0, 0, 0, 0]",512,512,32768.0,81920.0,909527993,909539074,909539585,909554145,272,188384,188384,10059,1,11081,14560,2,32,32,1
203,2,"[2, 512, 2, 2, 512, 2, 2, 3, 3, 1, 1, 1, 1, 1, 1, 1, 4, 0, 0, 0, 0, 0, 0, 0, 0, 0, 0, 0, 0, 0]",2304,256,37748736.0,9469952.0,909731788,909860232,909742529,909899904,3328,119103,88192,10058,3,28662,126464,2,32,32,1
152,2,"[4, 2, 512, 2, 2, 0, 0, 0, 0, 0, 0, 0, 0, 0, 0, 0, 0, 0, 0, 0, 0, 0, 0, 0, 0, 0, 0, 0, 0, 0]",8,128,4096.0,49152.0,909970653,909981015,909988096,909990368,0,85984,85984,10057,1,10362,2272,2,32,32,1
205,2,"[4, 2, 512, 2, 2, 0, 0, 0, 0, 0, 0, 0, 0, 0, 0, 0, 0, 0, 0, 0, 0, 0, 0, 0, 0, 0, 0, 0, 0, 0]",512,512,32768.0,81920.0,910066125,910076503,910076352,910090720,272,182720,182720,10056,1,10378,14368,2,32,32,1
203,2,"[2, 1024, 2, 2, 512, 2, 2, 1, 1, 0, 0, 1, 1, 1, 1, 1, 4, 0, 0, 0, 0, 0, 0, 0, 0, 0, 0, 0, 0, 0]",256,256,8388608.0,2146304.0,910262945,910433330,910273440,910449120,9472,278912,172032,10055,5,46291,68800,2,32,32,1
152,2,"[4, 2, 1024, 2, 2, 0, 0, 0, 0, 0, 0, 0, 0, 0, 0, 0, 0, 0, 0, 0, 0, 0, 0, 0, 0, 0, 0, 0, 0, 0]",16,128,8192.0,98304.0,910612175,910622121,910621152,910624448,0,119103,119103,10054,1,9946,3296,2,32,32,1
205,2,"[4, 2, 1024, 2, 2, 0, 0, 0, 0, 0, 0, 0, 0, 0, 0, 0, 0, 0, 0, 0, 0, 0, 0, 0, 0, 0, 0, 0, 0, 0]",1024,512,65536.0,163840.0,910732914,910743626,910743551,910770656,272,177919,177919,10052,1,10712,27105,2,32,32,1
203,2,"[2, 512, 2, 2, 1024, 2, 2, 1, 1, 0, 0, 1, 1, 1, 1, 1, 4, 0, 0, 0, 0, 0, 0, 0, 0, 0, 0, 0, 0, 0]",256,256,8388608.0,2146304.0,910936528,911109473,910948575,911124959,9472,177344,106656,10051,5,47014,105696,2,32,32,1
152,2,"[4, 2, 512, 2, 2, 0, 0, 0, 0, 0, 0, 0, 0, 0, 0, 0, 0, 0, 0, 0, 0, 0, 0, 0, 0, 0, 0, 0, 0, 0]",8,128,4096.0,49152.0,911222270,911232185,911231615,911234655,0,95072,95072,10050,1,9915,3040,2,32,32,1
205,2,"[4, 2, 512, 2, 2, 0, 0, 0, 0, 0, 0, 0, 0, 0, 0, 0, 0, 0, 0, 0, 0, 0, 0, 0, 0, 0, 0, 0, 0, 0]",512,512,32768.0,81920.0,911319468,911329972,911329727,911345439,272,184992,184992,10049,1,10504,15712,2,32,32,1
203,2,"[2, 512, 2, 2, 512, 2, 2, 3, 3, 1, 1, 1, 1, 1, 1, 1, 4, 0, 0, 0, 0, 0, 0, 0, 0, 0, 0, 0, 0, 0]",2304,256,37748736.0,9469952.0,911518236,911650012,911530431,911690206,3328,122912,85952,10048,3,29765,122815,2,32,32,1
152,2,"[4, 2, 512, 2, 2, 0, 0, 0, 0, 0, 0, 0, 0, 0, 0, 0, 0, 0, 0, 0, 0, 0, 0, 0, 0, 0, 0, 0, 0, 0]",8,128,4096.0,49152.0,911759746,911770552,911776158,911778270,0,85984,85984,10047,1,10806,2112,2,32,32,1
205,2,"[4, 2, 512, 2, 2, 0, 0, 0, 0, 0, 0, 0, 0, 0, 0, 0, 0, 0, 0, 0, 0, 0, 0, 0, 0, 0, 0, 0, 0, 0]",512,512,32768.0,81920.0,911853814,911864126,911864254,911879710,272,201632,201632,10046,1,10312,15456,2,32,32,1
203,2,"[2, 1024, 2, 2, 512, 2, 2, 1, 1, 0, 0, 1, 1, 1, 1, 1, 4, 0, 0, 0, 0, 0, 0, 0, 0, 0, 0, 0, 0, 0]",256,256,8388608.0,2146304.0,912069973,912249757,912081342,912265694,9472,253823,139071,10045,5,45698,69600,2,32,32,1
152,2,"[4, 2, 1024, 2, 2, 0, 0, 0, 0, 0, 0, 0, 0, 0, 0, 0, 0, 0, 0, 0, 0, 0, 0, 0, 0, 0, 0, 0, 0, 0]",16,128,8192.0,98304.0,912394548,912404748,912404765,912407005,0,106656,106656,10044,1,10200,2240,2,32,32,1
205,2,"[4, 2, 1024, 2, 2, 0, 0, 0, 0, 0, 0, 0, 0, 0, 0, 0, 0, 0, 0, 0, 0, 0, 0, 0, 0, 0, 0, 0, 0, 0]",1024,512,65536.0,163840.0,912503597,912514168,912513661,912540125,272,174304,174304,10042,1,10571,26464,2,32,32,1
203,2,"[2, 512, 4, 4, 1024, 2, 2, 1, 1, 0, 0, 2, 2, 1, 1, 1, 4, 0, 0, 0, 0, 0, 0, 0, 0, 0, 0, 0, 0, 0]",64,256,8388608.0,2195456.0,912703020,912831412,912714429,912844829,6400,155520,142016,10041,3,33968,116896,2,32,32,1
205,2,"[4, 2, 1024, 2, 2, 0, 0, 0, 0, 0, 0, 0, 0, 0, 0, 0, 0, 0, 0, 0, 0, 0, 0, 0, 0, 0, 0, 0, 0, 0]",1024,512,65536.0,163840.0,912976751,912987372,912986845,913014365,272,168831,168831,10040,1,10621,27520,2,32,32,1
203,2,"[2, 512, 2, 2, 1024, 2, 2, 1, 1, 0, 0, 1, 1, 1, 1, 1, 4, 0, 0, 0, 0, 0, 0, 0, 0, 0, 0, 0, 0, 0]",256,256,8388608.0,2146304.0,913172112,913356347,913183196,913372828,9472,195136,113472,10039,5,45973,107968,2,32,32,1
152,2,"[4, 2, 512, 2, 2, 0, 0, 0, 0, 0, 0, 0, 0, 0, 0, 0, 0, 0, 0, 0, 0, 0, 0, 0, 0, 0, 0, 0, 0, 0]",8,128,4096.0,49152.0,913476371,913486852,913486300,913488348,0,94176,94176,10038,1,10481,2048,2,32,32,1
205,2,"[4, 2, 512, 2, 2, 0, 0, 0, 0, 0, 0, 0, 0, 0, 0, 0, 0, 0, 0, 0, 0, 0, 0, 0, 0, 0, 0, 0, 0, 0]",512,512,32768.0,81920.0,913572643,913583049,913582524,913598108,272,184320,184320,10037,1,10406,15584,2,32,32,1
203,2,"[2, 512, 4, 4, 512, 2, 2, 3, 3, 1, 1, 2, 2, 1, 1, 1, 4, 0, 0, 0, 0, 0, 0, 0, 0, 0, 0, 0, 0, 0]",2304,256,37748736.0,9519104.0,913770990,913899263,913782428,913938908,3328,118911,85567,10036,3,28625,123136,2,32,32,1
152,2,"[4, 2, 512, 4, 4, 0, 0, 0, 0, 0, 0, 0, 0, 0, 0, 0, 0, 0, 0, 0, 0, 0, 0, 0, 0, 0, 0, 0, 0, 0]",32,128,16384.0,196608.0,914006832,914018235,914024475,914026971,0,87360,87360,10035,1,11403,2496,2,32,32,1
205,2,"[4, 2, 512, 4, 4, 0, 0, 0, 0, 0, 0, 0, 0, 0, 0, 0, 0, 0, 0, 0, 0, 0, 0, 0, 0, 0, 0, 0, 0, 0]",512,512,131072.0,327680.0,914103621,914114253,914114331,914129371,272,188384,188384,10034,1,10632,15040,2,32,32,1
203,2,"[2, 512, 4, 4, 512, 4, 4, 1, 1, 0, 0, 1, 1, 1, 1, 1, 4, 0, 0, 0, 0, 0, 0, 0, 0, 0, 0, 0, 0, 0]",256,256,16777216.0,1179648.0,914306599,914496005,914317755,914524475,9472,248992,130592,10033,5,45614,88320,2,32,32,1
152,2,"[4, 2, 512, 4, 4, 0, 0, 0, 0, 0, 0, 0, 0, 0, 0, 0, 0, 0, 0, 0, 0, 0, 0, 0, 0, 0, 0, 0, 0, 0]",32,128,16384.0,196608.0,914645564,914655227,914655067,914657595,0,125119,125119,10032,1,9663,2528,2,32,32,1
205,2,"[4, 2, 512, 4, 4, 0, 0, 0, 0, 0, 0, 0, 0, 0, 0, 0, 0, 0, 0, 0, 0, 0, 0, 0, 0, 0, 0, 0, 0, 0]",512,512,131072.0,327680.0,914772600,914783369,914782714,914798523,272,190975,190975,10030,1,10769,15809,2,32,32,1
203,2,"[2, 256, 4, 4, 512, 4, 4, 1, 1, 0, 0, 1, 1, 1, 1, 1, 4, 0, 0, 0, 0, 0, 0, 0, 0, 0, 0, 0, 0, 0]",128,256,8388608.0,622592.0,914977667,915151286,914989498,915171802,9472,210912,102368,10029,5,47453,73760,2,32,32,1
152,2,"[4, 2, 256, 4, 4, 0, 0, 0, 0, 0, 0, 0, 0, 0, 0, 0, 0, 0, 0, 0, 0, 0, 0, 0, 0, 0, 0, 0, 0, 0]",16,128,8192.0,98304.0,915264918,915274777,915274170,915276250,0,96512,96512,10028,1,9859,2080,2,32,32,1
205,2,"[4, 2, 256, 4, 4, 0, 0, 0, 0, 0, 0, 0, 0, 0, 0, 0, 0, 0, 0, 0, 0, 0, 0, 0, 0, 0, 0, 0, 0, 0]",256,512,65536.0,163840.0,915363229,915373587,915372762,915382330,272,188704,188704,10027,1,10358,9568,2,32,32,1
203,2,"[2, 256, 4, 4, 256, 4, 4, 3, 3, 1, 1, 1, 1, 1, 1, 1, 4, 0, 0, 0, 0, 0, 0, 0, 0, 0, 0, 0, 0, 0]",576,256,37748736.0,2424832.0,915559472,915692830,915571034,915710426,3328,188031,100319,10026,3,29597,51680,2,32,32,1
152,2,"[4, 2, 256, 4, 4, 0, 0, 0, 0, 0, 0, 0, 0, 0, 0, 0, 0, 0, 0, 0, 0, 0, 0, 0, 0, 0, 0, 0, 0, 0]",16,128,8192.0,98304.0,915801661,915811502,915810745,915813881,0,92384,92384,10025,1,9841,3136,2,32,32,1
205,2,"[4, 2, 256, 4, 4, 0, 0, 0, 0, 0, 0, 0, 0, 0, 0, 0, 0, 0, 0, 0, 0, 0, 0, 0, 0, 0, 0, 0, 0, 0]",256,512,65536.0,163840.0,915895726,915906114,915906265,915915225,272,224672,224672,10024,1,10388,8960,2,32,32,1
203,2,"[2, 512, 4, 4, 256, 4, 4, 1, 1, 0, 0, 1, 1, 1, 1, 1, 4, 0, 0, 0, 0, 0, 0, 0, 0, 0, 0, 0, 0, 0]",128,256,8388608.0,622592.0,916126945,916267245,916139897,916275673,4160,240352,146624,10023,3,33831,42048,2,32,32,1
152,2,"[4, 2, 512, 4, 4, 0, 0, 0, 0, 0, 0, 0, 0, 0, 0, 0, 0, 0, 0, 0, 0, 0, 0, 0, 0, 0, 0, 0, 0, 0]",32,128,16384.0,196608.0,916412059,916422305,916422297,916424793,0,106783,106783,10022,1,10246,2496,2,32,32,1
205,2,"[4, 2, 512, 4, 4, 0, 0, 0, 0, 0, 0, 0, 0, 0, 0, 0, 0, 0, 0, 0, 0, 0, 0, 0, 0, 0, 0, 0, 0, 0]",512,512,131072.0,327680.0,916521153,916531764,916531576,916546008,272,184544,184544,10020,1,10611,14432,2,32,32,1
203,2,"[2, 256, 4, 4, 512, 4, 4, 1, 1, 0, 0, 1, 1, 1, 1, 1, 4, 0, 0, 0, 0, 0, 0, 0, 0, 0, 0, 0, 0, 0]",128,256,8388608.0,622592.0,916719416,916894228,916730552,916915928,9472,229536,117888,10019,5,46928,73728,2,32,32,1
152,2,"[4, 2, 256, 4, 4, 0, 0, 0, 0, 0, 0, 0, 0, 0, 0, 0, 0, 0, 0, 0, 0, 0, 0, 0, 0, 0, 0, 0, 0, 0]",16,128,8192.0,98304.0,917025016,917034450,917033816,917036856,0,95168,95168,10018,1,9434,3040,2,32,32,1
205,2,"[4, 2, 256, 4, 4, 0, 0, 0, 0, 0, 0, 0, 0, 0, 0, 0, 0, 0, 0, 0, 0, 0, 0, 0, 0, 0, 0, 0, 0, 0]",256,512,65536.0,163840.0,917121358,917132643,917132024,917141560,272,192799,192799,10017,1,11285,9536,2,32,32,1
203,2,"[2, 256, 4, 4, 256, 4, 4, 3, 3, 1, 1, 1, 1, 1, 1, 1, 4, 0, 0, 0, 0, 0, 0, 0, 0, 0, 0, 0, 0, 0]",576,256,37748736.0,2424832.0,917322113,917452168,917334359,917469655,3328,200063,116736,10016,3,29934,51969,2,32,32,1
152,2,"[4, 2, 256, 4, 4, 0, 0, 0, 0, 0, 0, 0, 0, 0, 0, 0, 0, 0, 0, 0, 0, 0, 0, 0, 0, 0, 0, 0, 0, 0]",16,128,8192.0,98304.0,917576813,917586987,917586391,917588439,0,101504,101504,10015,1,10174,2048,2,32,32,1
205,2,"[4, 2, 256, 4, 4, 0, 0, 0, 0, 0, 0, 0, 0, 0, 0, 0, 0, 0, 0, 0, 0, 0, 0, 0, 0, 0, 0, 0, 0, 0]",256,512,65536.0,163840.0,917679554,917689887,917689943,917699031,272,175168,175168,10014,1,10333,9088,2,32,32,1
203,2,"[2, 512, 4, 4, 256, 4, 4, 1, 1, 0, 0, 1, 1, 1, 1, 1, 4, 0, 0, 0, 0, 0, 0, 0, 0, 0, 0, 0, 0, 0]",128,256,8388608.0,622592.0,917865320,917952882,917874199,917962263,4160,139360,95136,10013,3,21955,43840,2,32,32,1
152,2,"[4, 2, 512, 4, 4, 0, 0, 0, 0, 0, 0, 0, 0, 0, 0, 0, 0, 0, 0, 0, 0, 0, 0, 0, 0, 0, 0, 0, 0, 0]",32,128,16384.0,196608.0,918050079,918057356,918057399,918059479,0,73728,73728,10012,1,7277,2080,2,32,32,1
205,2,"[4, 2, 512, 4, 4, 0, 0, 0, 0, 0, 0, 0, 0, 0, 0, 0, 0, 0, 0, 0, 0, 0, 0, 0, 0, 0, 0, 0, 0, 0]",512,512,131072.0,327680.0,918125873,918132926,918133207,918148887,272,121535,121535,10010,1,7053,15680,2,32,32,1
203,2,"[2, 256, 4, 4, 512, 4, 4, 1, 1, 0, 0, 1, 1, 1, 1, 1, 4, 0, 0, 0, 0, 0, 0, 0, 0, 0, 0, 0, 0, 0]",128,256,8388608.0,622592.0,918262205,918391142,918270422,918413238,9472,137889,68096,10009,5,40193,73023,2,32,32,1
152,2,"[4, 2, 256, 4, 4, 0, 0, 0, 0, 0, 0, 0, 0, 0, 0, 0, 0, 0, 0, 0, 0, 0, 0, 0, 0, 0, 0, 0, 0, 0]",16,128,8192.0,98304.0,918474476,918481242,918481334,918483414,0,69248,69248,10008,1,6766,2080,2,32,32,1
205,2,"[4, 2, 256, 4, 4, 0, 0, 0, 0, 0, 0, 0, 0, 0, 0, 0, 0, 0, 0, 0, 0, 0, 0, 0, 0, 0, 0, 0, 0, 0]",256,512,65536.0,163840.0,918543896,918551716,918552662,918561238,272,142816,142816,10007,1,7820,8576,2,32,32,1
203,2,"[2, 256, 4, 4, 256, 4, 4, 3, 3, 1, 1, 1, 1, 1, 1, 1, 4, 0, 0, 0, 0, 0, 0, 0, 0, 0, 0, 0, 0, 0]",576,256,37748736.0,2424832.0,918695028,918786995,918704054,918806550,3328,117920,66368,10006,3,21661,50944,2,32,32,1
152,2,"[4, 2, 256, 4, 4, 0, 0, 0, 0, 0, 0, 0, 0, 0, 0, 0, 0, 0, 0, 0, 0, 0, 0, 0, 0, 0, 0, 0, 0, 0]",16,128,8192.0,98304.0,918866001,918873013,918872918,918875958,0,64064,64064,10005,1,7012,3040,2,32,32,1
205,2,"[4, 2, 256, 4, 4, 0, 0, 0, 0, 0, 0, 0, 0, 0, 0, 0, 0, 0, 0, 0, 0, 0, 0, 0, 0, 0, 0, 0, 0, 0]",256,512,65536.0,163840.0,918932290,918939457,918940022,918948309,272,132096,132096,10004,1,7167,8287,2,32,32,1
203,2,"[2, 512, 4, 4, 256, 4, 4, 1, 1, 0, 0, 1, 1, 1, 1, 1, 4, 0, 0, 0, 0, 0, 0, 0, 0, 0, 0, 0, 0, 0]",128,256,8388608.0,622592.0,919071786,919158504,919080405,919168693,4160,138304,94272,10003,3,20769,44256,2,32,32,1
152,2,"[4, 2, 512, 4, 4, 0, 0, 0, 0, 0, 0, 0, 0, 0, 0, 0, 0, 0, 0, 0, 0, 0, 0, 0, 0, 0, 0, 0, 0, 0]",32,128,16384.0,196608.0,919255334,919262377,919262965,919265525,0,75456,75456,10002,1,7043,2560,2,32,32,1
205,2,"[4, 2, 512, 4, 4, 0, 0, 0, 0, 0, 0, 0, 0, 0, 0, 0, 0, 0, 0, 0, 0, 0, 0, 0, 0, 0, 0, 0, 0, 0]",512,512,131072.0,327680.0,919331913,919340909,919340981,919355861,272,137216,137216,10000,1,8996,14880,2,32,32,1
203,2,"[2, 256, 8, 8, 512, 4, 4, 1, 1, 0, 0, 2, 2, 1, 1, 1, 4, 0, 0, 0, 0, 0, 0, 0, 0, 0, 0, 0, 0, 0]",128,256,8388608.0,720896.0,919484118,919586117,919493077,919599573,6400,125664,103872,9999,3,22342,84704,2,32,32,1
205,2,"[4, 2, 512, 4, 4, 0, 0, 0, 0, 0, 0, 0, 0, 0, 0, 0, 0, 0, 0, 0, 0, 0, 0, 0, 0, 0, 0, 0, 0, 0]",512,512,131072.0,327680.0,919695570,919702841,919703445,919718357,272,128160,128160,9998,1,7271,14912,2,32,32,1
203,2,"[2, 256, 4, 4, 512, 4, 4, 1, 1, 0, 0, 1, 1, 1, 1, 1, 4, 0, 0, 0, 0, 0, 0, 0, 0, 0, 0, 0, 0, 0]",128,256,8388608.0,622592.0,919837615,919959382,919846517,919980500,9472,128478,69216,9997,5,32430,74721,2,32,32,1
152,2,"[4, 2, 256, 4, 4, 0, 0, 0, 0, 0, 0, 0, 0, 0, 0, 0, 0, 0, 0, 0, 0, 0, 0, 0, 0, 0, 0, 0, 0, 0]",16,128,8192.0,98304.0,920042130,920049370,920049716,920052180,0,65504,65504,9996,1,7240,2464,2,32,32,1
205,2,"[4, 2, 256, 4, 4, 0, 0, 0, 0, 0, 0, 0, 0, 0, 0, 0, 0, 0, 0, 0, 0, 0, 0, 0, 0, 0, 0, 0, 0, 0]",256,512,65536.0,163840.0,920110366,920117462,920117684,920127508,272,140032,140032,9995,1,7096,9824,2,32,32,1
203,2,"[2, 256, 8, 8, 256, 4, 4, 3, 3, 1, 1, 2, 2, 1, 1, 1, 4, 0, 0, 0, 0, 0, 0, 0, 0, 0, 0, 0, 0, 0]",288,256,37748736.0,2523136.0,920259108,920350838,920267540,920371668,8320,102080,63456,9994,3,22529,65504,2,32,32,1
152,2,"[4, 2, 256, 8, 8, 0, 0, 0, 0, 0, 0, 0, 0, 0, 0, 0, 0, 0, 0, 0, 0, 0, 0, 0, 0, 0, 0, 0, 0, 0]",64,128,32768.0,393216.0,920427874,920434823,920435124,920437204,0,68000,68000,9993,1,6949,2080,2,32,32,1
205,2,"[4, 2, 256, 8, 8, 0, 0, 0, 0, 0, 0, 0, 0, 0, 0, 0, 0, 0, 0, 0, 0, 0, 0, 0, 0, 0, 0, 0, 0, 0]",256,512,262144.0,655360.0,920497829,920505113,920505204,920514964,272,139296,139296,9992,1,7284,9760,2,32,32,1
203,2,"[2, 256, 8, 8, 256, 8, 8, 1, 1, 0, 0, 1, 1, 1, 1, 1, 4, 0, 0, 0, 0, 0, 0, 0, 0, 0, 0, 0, 0, 0]",128,256,0.0,0.0,920645383,920738414,920654260,920783315,10496,116736,59808,9991,3,22881,72127,2,32,32,1
152,2,"[4, 2, 256, 8, 8, 0, 0, 0, 0, 0, 0, 0, 0, 0, 0, 0, 0, 0, 0, 0, 0, 0, 0, 0, 0, 0, 0, 0, 0, 0]",64,128,32768.0,393216.0,920836278,920843315,920843123,920846803,0,72960,72960,9990,1,7037,3680,2,32,32,1
205,2,"[4, 2, 256, 8, 8, 0, 0, 0, 0, 0, 0, 0, 0, 0, 0, 0, 0, 0, 0, 0, 0, 0, 0, 0, 0, 0, 0, 0, 0, 0]",256,512,262144.0,655360.0,920911933,920919234,920919763,920928723,272,129088,129088,9988,1,7301,8960,2,32,32,1
203,2,"[2, 128, 8, 8, 256, 8, 8, 1, 1, 0, 0, 1, 1, 1, 1, 1, 4, 0, 0, 0, 0, 0, 0, 0, 0, 0, 0, 0, 0, 0]",64,256,0.0,0.0,921048407,921143679,921057811,921161491,6400,124768,66592,9987,3,24103,45504,2,32,32,1
152,2,"[4, 2, 128, 8, 8, 0, 0, 0, 0, 0, 0, 0, 0, 0, 0, 0, 0, 0, 0, 0, 0, 0, 0, 0, 0, 0, 0, 0, 0, 0]",32,128,16384.0,196608.0,921221196,921228284,921228083,921231155,0,64480,64480,9986,1,7088,3072,2,32,32,1
205,2,"[4, 2, 128, 8, 8, 0, 0, 0, 0, 0, 0, 0, 0, 0, 0, 0, 0, 0, 0, 0, 0, 0, 0, 0, 0, 0, 0, 0, 0, 0]",128,512,131072.0,327680.0,921288274,921295706,921295635,921301459,272,139232,139232,9985,1,7432,5824,2,32,32,1
203,2,"[2, 128, 8, 8, 128, 8, 8, 3, 3, 1, 1, 1, 1, 1, 1, 1, 4, 0, 0, 0, 0, 0, 0, 0, 0, 0, 0, 0, 0, 0]",86,256,37748736.0,720896.0,921431959,921532825,921440691,921554930,8320,133567,63168,9984,3,21978,43840,2,32,32,1
152,2,"[4, 2, 128, 8, 8, 0, 0, 0, 0, 0, 0, 0, 0, 0, 0, 0, 0, 0, 0, 0, 0, 0, 0, 0, 0, 0, 0, 0, 0, 0]",32,128,16384.0,196608.0,921610917,921617798,921618098,921620818,0,63872,63872,9983,1,6881,2720,2,32,32,1
205,2,"[4, 2, 128, 8, 8, 0, 0, 0, 0, 0, 0, 0, 0, 0, 0, 0, 0, 0, 0, 0, 0, 0, 0, 0, 0, 0, 0, 0, 0, 0]",128,512,131072.0,327680.0,921676973,921684166,921684690,921690578,272,132480,132480,9982,1,7193,5888,2,32,32,1
203,2,"[2, 256, 8, 8, 128, 8, 8, 1, 1, 0, 0, 1, 1, 1, 1, 1, 4, 0, 0, 0, 0, 0, 0, 0, 0, 0, 0, 0, 0, 0]",128,256,0.0,0.0,921814578,921902609,921823058,921919954,6400,148384,85792,9981,3,20329,34304,2,32,32,1
152,2,"[4, 2, 256, 8, 8, 0, 0, 0, 0, 0, 0, 0, 0, 0, 0, 0, 0, 0, 0, 0, 0, 0, 0, 0, 0, 0, 0, 0, 0, 0]",64,128,32768.0,393216.0,921998693,922005251,922005746,922008018,0,73088,73088,9980,1,6558,2272,2,32,32,1
205,2,"[4, 2, 256, 8, 8, 0, 0, 0, 0, 0, 0, 0, 0, 0, 0, 0, 0, 0, 0, 0, 0, 0, 0, 0, 0, 0, 0, 0, 0, 0]",256,512,262144.0,655360.0,922073024,922080559,922081106,922089938,272,126976,126976,9978,1,7535,8832,2,32,32,1
203,2,"[2, 128, 8, 8, 256, 8, 8, 1, 1, 0, 0, 1, 1, 1, 1, 1, 4, 0, 0, 0, 0, 0, 0, 0, 0, 0, 0, 0, 0, 0]",64,256,0.0,0.0,922209073,922297207,922216914,922315218,6400,122654,69087,9977,3,20656,44737,2,32,32,1
152,2,"[4, 2, 128, 8, 8, 0, 0, 0, 0, 0, 0, 0, 0, 0, 0, 0, 0, 0, 0, 0, 0, 0, 0, 0, 0, 0, 0, 0, 0, 0]",32,128,16384.0,196608.0,922376417,922383907,922384305,922386897,0,75296,75296,9976,1,7490,2592,2,32,32,1
205,2,"[4, 2, 128, 8, 8, 0, 0, 0, 0, 0, 0, 0, 0, 0, 0, 0, 0, 0, 0, 0, 0, 0, 0, 0, 0, 0, 0, 0, 0, 0]",128,512,131072.0,327680.0,922454275,922461659,922462193,922466769,272,136448,136448,9975,1,7384,4576,2,32,32,1
203,2,"[2, 128, 8, 8, 128, 8, 8, 3, 3, 1, 1, 1, 1, 1, 1, 1, 4, 0, 0, 0, 0, 0, 0, 0, 0, 0, 0, 0, 0, 0]",86,256,37748736.0,720896.0,922594407,922681725,922603217,922704337,8320,118176,61376,9974,3,20954,44320,2,32,32,1
152,2,"[4, 2, 128, 8, 8, 0, 0, 0, 0, 0, 0, 0, 0, 0, 0, 0, 0, 0, 0, 0, 0, 0, 0, 0, 0, 0, 0, 0, 0, 0]",32,128,16384.0,196608.0,922758347,922765407,922765713,922767825,0,63040,63040,9973,1,7060,2112,2,32,32,1
205,2,"[4, 2, 128, 8, 8, 0, 0, 0, 0, 0, 0, 0, 0, 0, 0, 0, 0, 0, 0, 0, 0, 0, 0, 0, 0, 0, 0, 0, 0, 0]",128,512,131072.0,327680.0,922823179,922830239,922830865,922836561,272,133760,133760,9972,1,7060,5696,2,32,32,1
203,2,"[2, 256, 8, 8, 128, 8, 8, 1, 1, 0, 0, 1, 1, 1, 1, 1, 4, 0, 0, 0, 0, 0, 0, 0, 0, 0, 0, 0, 0, 0]",128,256,0.0,0.0,922961643,923049189,922970321,923066833,6400,157376,95584,9971,3,21968,34720,2,32,32,1
152,2,"[4, 2, 256, 8, 8, 0, 0, 0, 0, 0, 0, 0, 0, 0, 0, 0, 0, 0, 0, 0, 0, 0, 0, 0, 0, 0, 0, 0, 0, 0]",64,128,32768.0,393216.0,923154902,923161664,923162417,923165072,0,72800,72800,9970,1,6762,2655,2,32,32,1
205,2,"[4, 2, 256, 8, 8, 0, 0, 0, 0, 0, 0, 0, 0, 0, 0, 0, 0, 0, 0, 0, 0, 0, 0, 0, 0, 0, 0, 0, 0, 0]",256,512,262144.0,655360.0,923229960,923237075,923237872,923247025,272,146751,146751,9968,1,7115,9153,2,32,32,1
203,2,"[2, 64, 8, 8, 256, 8, 8, 1, 1, 0, 0, 1, 1, 1, 1, 1, 4, 0, 0, 0, 0, 0, 0, 0, 0, 0, 0, 0, 0, 0]",32,256,0.0,0.0,923373939,923475352,923393776,923492816,6400,149728,96224,9967,3,32010,45536,2,32,32,1
205,2,"[4, 2, 256, 8, 8, 0, 0, 0, 0, 0, 0, 0, 0, 0, 0, 0, 0, 0, 0, 0, 0, 0, 0, 0, 0, 0, 0, 0, 0, 0]",256,512,262144.0,655360.0,923581309,923588476,923589040,923597264,272,135168,135168,9966,1,7167,8224,2,32,32,1
203,2,"[2, 128, 8, 8, 256, 8, 8, 1, 1, 0, 0, 1, 1, 1, 1, 1, 4, 0, 0, 0, 0, 0, 0, 0, 0, 0, 0, 0, 0, 0]",64,256,0.0,0.0,923723707,923810063,923732432,923828112,6400,116160,66208,9965,3,21457,45728,2,32,32,1
152,2,"[4, 2, 128, 8, 8, 0, 0, 0, 0, 0, 0, 0, 0, 0, 0, 0, 0, 0, 0, 0, 0, 0, 0, 0, 0, 0, 0, 0, 0, 0]",32,128,16384.0,196608.0,923887169,923894272,923894320,923897424,0,63968,63968,9964,1,7103,3104,2,32,32,1
205,2,"[4, 2, 128, 8, 8, 0, 0, 0, 0, 0, 0, 0, 0, 0, 0, 0, 0, 0, 0, 0, 0, 0, 0, 0, 0, 0, 0, 0, 0, 0]",128,512,131072.0,327680.0,923953189,923960340,923961392,923966927,272,132192,132192,9963,1,7151,5535,2,32,32,1
203,2,"[2, 128, 8, 8, 128, 8, 8, 3, 3, 1, 1, 1, 1, 1, 1, 1, 4, 0, 0, 0, 0, 0, 0, 0, 0, 0, 0, 0, 0, 0]",86,256,37748736.0,720896.0,924090418,924200896,924099119,924223695,8320,158911,79360,9962,3,21865,45025,2,32,32,1
152,2,"[4, 2, 128, 8, 8, 0, 0, 0, 0, 0, 0, 0, 0, 0, 0, 0, 0, 0, 0, 0, 0, 0, 0, 0, 0, 0, 0, 0, 0, 0]",32,128,16384.0,196608.0,924295221,924302879,924303055,924305583,0,69184,69184,9961,1,7658,2528,2,32,32,1
205,2,"[4, 2, 128, 8, 8, 0, 0, 0, 0, 0, 0, 0, 0, 0, 0, 0, 0, 0, 0, 0, 0, 0, 0, 0, 0, 0, 0, 0, 0, 0]",128,512,131072.0,327680.0,924366485,924374175,924374767,924380655,272,144032,144032,9960,1,7690,5888,2,32,32,1
203,2,"[2, 64, 8, 8, 128, 8, 8, 1, 1, 0, 0, 1, 1, 1, 1, 1, 4, 0, 0, 0, 0, 0, 0, 0, 0, 0, 0, 0, 0, 0]",32,256,0.0,0.0,924515924,924608129,924524687,924616303,2304,181568,114880,9959,3,22566,24928,2,32,32,1
183,2,"[4, 2, 64, 16, 16, 0, 0, 0, 0, 0, 0, 0, 0, 0, 0, 0, 0, 0, 0, 0, 0, 0, 0, 0, 0, 0, 0, 0, 0, 0]",128,256,0.0,0.0,924721667,924745924,924731183,924750287,0,45407,32639,9958,2,17172,6336,2,32,32,1
152,2,"[4, 2, 64, 16, 16, 0, 0, 0, 0, 0, 0, 0, 0, 0, 0, 0, 0, 0, 0, 0, 0, 0, 0, 0, 0, 0, 0, 0, 0, 0]",64,128,32768.0,393216.0,924775679,924782529,924782926,924785103,0,66847,66847,9957,1,6850,2177,2,32,32,1
205,2,"[4, 2, 64, 16, 16, 0, 0, 0, 0, 0, 0, 0, 0, 0, 0, 0, 0, 0, 0, 0, 0, 0, 0, 0, 0, 0, 0, 0, 0, 0]",64,512,262144.0,655360.0,924844372,924851423,924851950,924856782,272,147296,147296,9956,1,7051,4832,2,32,32,1
203,2,"[2, 3, 32, 32, 64, 16, 16, 7, 7, 3, 3, 2, 2, 1, 1, 1, 4, 0, 0, 0, 0, 0, 0, 0, 0, 0, 0, 0, 0, 0]",12,64,0.0,0.0,924996574,925004953,925004078,925030862,3328,1595358,1595358,9955,1,8379,26784,2,32,32,1
16,3,"[4, 64, 3, 7, 7, 0, 0, 0, 0, 0, 0, 0, 0, 0, 0, 4, 0, 0, 0, 0, 0, 0, 0, 0, 0, 0, 0, 0, 0, 0]",19,128,9408.0,75268.0,926595591,926630219,926626220,926628300,0,192480,192480,-1,1,34628,2080,2,32,32,1
12,3,"[4, 64, 3, 7, 7, 0, 0, 0, 0, 0, 0, 0, 0, 0, 0, 4, 64, 3, 7, 7, 0, 0, 0, 0, 0, 0, 0, 0, 0, 0]",19,128,9408.0,112896.0,926803668,926822392,926820780,926822860,0,155616,155616,-1,1,18724,2080,2,32,32,1
12,3,"[4, 64, 3, 7, 7, 0, 0, 0, 0, 0, 0, 0, 0, 0, 0, 4, 64, 3, 7, 7, 0, 0, 0, 0, 0, 0, 0, 0, 0, 0]",19,128,9408.0,112896.0,926965178,926979196,926978476,926980556,0,149152,149152,-1,1,14018,2080,2,32,32,1
16,3,"[4, 64, 0, 0, 0, 0, 0, 0, 0, 0, 0, 0, 0, 0, 0, 4, 0, 0, 0, 0, 0, 0, 0, 0, 0, 0, 0, 0, 0, 0]",1,128,64.0,516.0,927116178,927131155,927129708,927132076,0,141439,141439,-1,1,14977,2368,2,32,32,1
12,3,"[4, 64, 0, 0, 0, 0, 0, 0, 0, 0, 0, 0, 0, 0, 0, 4, 64, 0, 0, 0, 0, 0, 0, 0, 0, 0, 0, 0, 0, 0]",1,128,64.0,768.0,927261802,927274490,927273515,927275468,0,151743,151743,-1,1,12688,1953,2,32,32,1
12,3,"[4, 64, 0, 0, 0, 0, 0, 0, 0, 0, 0, 0, 0, 0, 0, 4, 64, 0, 0, 0, 0, 0, 0, 0, 0, 0, 0, 0, 0, 0]",1,128,64.0,768.0,927414713,927428217,927427211,927430123,0,142272,142272,-1,1,13504,2912,2,32,32,1
16,3,"[4, 64, 0, 0, 0, 0, 0, 0, 0, 0, 0, 0, 0, 0, 0, 4, 0, 0, 0, 0, 0, 0, 0, 0, 0, 0, 0, 0, 0, 0]",1,128,64.0,516.0,927559882,927573228,927572395,927574475,0,159712,159712,-1,1,13346,2080,2,32,32,1
12,3,"[4, 64, 0, 0, 0, 0, 0, 0, 0, 0, 0, 0, 0, 0, 0, 4, 64, 0, 0, 0, 0, 0, 0, 0, 0, 0, 0, 0, 0, 0]",1,128,64.0,768.0,927718681,927736065,927734187,927736267,0,193632,193632,-1,1,17384,2080,2,32,32,1
12,3,"[4, 64, 0, 0, 0, 0, 0, 0, 0, 0, 0, 0, 0, 0, 0, 4, 64, 0, 0, 0, 0, 0, 0, 0, 0, 0, 0, 0, 0, 0]",1,128,64.0,768.0,927914060,927931153,927929899,927932523,0,196223,196223,-1,1,17093,2624,2,32,32,1
16,3,"[4, 128, 64, 1, 1, 0, 0, 0, 0, 0, 0, 0, 0, 0, 0, 4, 0, 0, 0, 0, 0, 0, 0, 0, 0, 0, 0, 0, 0, 0]",16,128,8192.0,65540.0,928112241,928129989,928128746,928131210,0,217696,217696,-1,1,17748,2464,2,32,32,1
12,3,"[4, 128, 64, 1, 1, 0, 0, 0, 0, 0, 0, 0, 0, 0, 0, 4, 128, 64, 1, 1, 0, 0, 0, 0, 0, 0, 0, 0, 0, 0]",16,128,8192.0,98304.0,928332713,928351108,928348906,928352330,0,227648,227648,-1,1,18395,3424,2,32,32,1
12,3,"[4, 128, 64, 1, 1, 0, 0, 0, 0, 0, 0, 0, 0, 0, 0, 4, 128, 64, 1, 1, 0, 0, 0, 0, 0, 0, 0, 0, 0, 0]",16,128,8192.0,98304.0,928544747,928581448,928579978,928582090,0,197696,197696,-1,1,36701,2112,2,32,32,1
16,3,"[4, 128, 0, 0, 0, 0, 0, 0, 0, 0, 0, 0, 0, 0, 0, 4, 0, 0, 0, 0, 0, 0, 0, 0, 0, 0, 0, 0, 0, 0]",1,128,128.0,1028.0,928762939,928781158,928779786,928782346,0,192415,192415,-1,1,18219,2560,2,32,32,1
12,3,"[4, 128, 0, 0, 0, 0, 0, 0, 0, 0, 0, 0, 0, 0, 0, 4, 128, 0, 0, 0, 0, 0, 0, 0, 0, 0, 0, 0, 0, 0]",1,128,128.0,1536.0,928958517,928975917,928974761,928977098,0,192767,192767,-1,1,17400,2337,2,32,32,1
12,3,"[4, 128, 0, 0, 0, 0, 0, 0, 0, 0, 0, 0, 0, 0, 0, 4, 128, 0, 0, 0, 0, 0, 0, 0, 0, 0, 0, 0, 0, 0]",1,128,128.0,1536.0,929154295,929171383,929169865,929171913,0,548319,548319,-1,1,17088,2048,2,32,32,1
16,3,"[4, 128, 0, 0, 0, 0, 0, 0, 0, 0, 0, 0, 0, 0, 0, 4, 0, 0, 0, 0, 0, 0, 0, 0, 0, 0, 0, 0, 0, 0]",1,128,128.0,1028.0,929698075,929722496,929720232,929722665,0,215615,215615,-1,1,24421,2433,2,32,32,1
12,3,"[4, 128, 0, 0, 0, 0, 0, 0, 0, 0, 0, 0, 0, 0, 0, 4, 128, 0, 0, 0, 0, 0, 0, 0, 0, 0, 0, 0, 0, 0]",1,128,128.0,1536.0,929921106,929940675,929938280,929941192,0,217344,217344,-1,1,19569,2912,2,32,32,1
12,3,"[4, 128, 0, 0, 0, 0, 0, 0, 0, 0, 0, 0, 0, 0, 0, 4, 128, 0, 0, 0, 0, 0, 0, 0, 0, 0, 0, 0, 0, 0]",1,128,128.0,1536.0,930141250,930159823,930158536,930161000,0,194656,194656,-1,1,18573,2464,2,32,32,1
16,3,"[4, 128, 128, 3, 3, 0, 0, 0, 0, 0, 0, 0, 0, 0, 0, 4, 0, 0, 0, 0, 0, 0, 0, 0, 0, 0, 0, 0, 0, 0]",288,128,147456.0,1179652.0,930339229,930357787,930355656,930359752,0,190592,190592,-1,1,18558,4096,2,32,32,1
12,3,"[4, 128, 128, 3, 3, 0, 0, 0, 0, 0, 0, 0, 0, 0, 0, 4, 128, 128, 3, 3, 0, 0, 0, 0, 0, 0, 0, 0, 0, 0]",288,128,147456.0,1769472.0,930535082,930552080,930550344,930554312,0,190463,190463,-1,1,16998,3968,2,32,32,1
12,3,"[4, 128, 128, 3, 3, 0, 0, 0, 0, 0, 0, 0, 0, 0, 0, 4, 128, 128, 3, 3, 0, 0, 0, 0, 0, 0, 0, 0, 0, 0]",288,128,147456.0,1769472.0,930729665,930746082,930744775,930748647,0,188000,188000,-1,1,16417,3872,2,32,32,1
16,3,"[4, 128, 0, 0, 0, 0, 0, 0, 0, 0, 0, 0, 0, 0, 0, 4, 0, 0, 0, 0, 0, 0, 0, 0, 0, 0, 0, 0, 0, 0]",1,128,128.0,1028.0,930920316,930937844,930936647,930939079,0,192288,192288,-1,1,17528,2432,2,32,32,1
12,3,"[4, 128, 0, 0, 0, 0, 0, 0, 0, 0, 0, 0, 0, 0, 0, 4, 128, 0, 0, 0, 0, 0, 0, 0, 0, 0, 0, 0, 0, 0]",1,128,128.0,1536.0,931115041,931132262,931131367,931133735,0,206784,206784,-1,1,17221,2368,2,32,32,1
12,3,"[4, 128, 0, 0, 0, 0, 0, 0, 0, 0, 0, 0, 0, 0, 0, 4, 128, 0, 0, 0, 0, 0, 0, 0, 0, 0, 0, 0, 0, 0]",1,128,128.0,1536.0,931324158,931341664,931340519,931342791,0,192255,192255,-1,1,17506,2272,2,32,32,1
16,3,"[4, 128, 0, 0, 0, 0, 0, 0, 0, 0, 0, 0, 0, 0, 0, 4, 0, 0, 0, 0, 0, 0, 0, 0, 0, 0, 0, 0, 0, 0]",1,128,128.0,1028.0,931518045,931535993,931535046,931537351,0,187679,187679,-1,1,17948,2305,2,32,32,1
12,3,"[4, 128, 0, 0, 0, 0, 0, 0, 0, 0, 0, 0, 0, 0, 0, 4, 128, 0, 0, 0, 0, 0, 0, 0, 0, 0, 0, 0, 0, 0]",1,128,128.0,1536.0,931710046,931725967,931725030,931727398,0,185888,185888,-1,1,15921,2368,2,32,32,1
12,3,"[4, 128, 0, 0, 0, 0, 0, 0, 0, 0, 0, 0, 0, 0, 0, 4, 128, 0, 0, 0, 0, 0, 0, 0, 0, 0, 0, 0, 0, 0]",1,128,128.0,1536.0,931898044,931914352,931913286,931915782,0,190304,190304,-1,1,16308,2496,2,32,32,1
16,3,"[4, 256, 128, 1, 1, 0, 0, 0, 0, 0, 0, 0, 0, 0, 0, 4, 0, 0, 0, 0, 0, 0, 0, 0, 0, 0, 0, 0, 0, 0]",64,128,32768.0,262148.0,932089980,932107324,932106086,932108742,0,208895,208895,-1,1,17344,2656,2,32,32,1
12,3,"[4, 256, 128, 1, 1, 0, 0, 0, 0, 0, 0, 0, 0, 0, 0, 4, 256, 128, 1, 1, 0, 0, 0, 0, 0, 0, 0, 0, 0, 0]",64,128,32768.0,393216.0,932301588,932319531,932317637,932320742,0,205887,205887,-1,1,17943,3105,2,32,32,1
12,3,"[4, 256, 128, 1, 1, 0, 0, 0, 0, 0, 0, 0, 0, 0, 0, 4, 256, 128, 1, 1, 0, 0, 0, 0, 0, 0, 0, 0, 0, 0]",64,128,32768.0,393216.0,932511380,932528329,932526629,932529733,0,189088,189088,-1,1,16949,3104,2,32,32,1
16,3,"[4, 256, 0, 0, 0, 0, 0, 0, 0, 0, 0, 0, 0, 0, 0, 4, 0, 0, 0, 0, 0, 0, 0, 0, 0, 0, 0, 0, 0, 0]",1,128,256.0,2052.0,932702686,932720041,932718821,932721093,0,188384,188384,-1,1,17355,2272,2,32,32,1
12,3,"[4, 256, 0, 0, 0, 0, 0, 0, 0, 0, 0, 0, 0, 0, 0, 4, 256, 0, 0, 0, 0, 0, 0, 0, 0, 0, 0, 0, 0, 0]",1,128,256.0,3072.0,932894659,932910972,932909477,932911557,0,198624,198624,-1,1,16313,2080,2,32,32,1
12,3,"[4, 256, 0, 0, 0, 0, 0, 0, 0, 0, 0, 0, 0, 0, 0, 4, 256, 0, 0, 0, 0, 0, 0, 0, 0, 0, 0, 0, 0, 0]",1,128,256.0,3072.0,933094282,933111790,933110181,933112260,0,194528,194528,-1,1,17508,2079,2,32,32,1
16,3,"[4, 256, 0, 0, 0, 0, 0, 0, 0, 0, 0, 0, 0, 0, 0, 4, 0, 0, 0, 0, 0, 0, 0, 0, 0, 0, 0, 0, 0, 0]",1,128,256.0,2052.0,933290093,933308366,933306788,933308868,0,188832,188832,-1,1,18273,2080,2,32,32,1
12,3,"[4, 256, 0, 0, 0, 0, 0, 0, 0, 0, 0, 0, 0, 0, 0, 4, 256, 0, 0, 0, 0, 0, 0, 0, 0, 0, 0, 0, 0, 0]",1,128,256.0,3072.0,933483077,933499573,933497700,933500644,0,188576,188576,-1,1,16496,2944,2,32,32,1
12,3,"[4, 256, 0, 0, 0, 0, 0, 0, 0, 0, 0, 0, 0, 0, 0, 4, 256, 0, 0, 0, 0, 0, 0, 0, 0, 0, 0, 0, 0, 0]",1,128,256.0,3072.0,933673309,933690385,933689220,933691844,0,206464,206464,-1,1,17076,2624,2,32,32,1
16,3,"[4, 256, 64, 1, 1, 0, 0, 0, 0, 0, 0, 0, 0, 0, 0, 4, 0, 0, 0, 0, 0, 0, 0, 0, 0, 0, 0, 0, 0, 0]",32,128,16384.0,131076.0,933880828,933900075,933898308,933900739,0,192096,192096,-1,1,19247,2431,2,32,32,1
12,3,"[4, 256, 64, 1, 1, 0, 0, 0, 0, 0, 0, 0, 0, 0, 0, 4, 256, 64, 1, 1, 0, 0, 0, 0, 0, 0, 0, 0, 0, 0]",32,128,16384.0,196608.0,934076930,934093444,934092835,934095235,0,190080,190080,-1,1,16514,2400,2,32,32,1
12,3,"[4, 256, 64, 1, 1, 0, 0, 0, 0, 0, 0, 0, 0, 0, 0, 4, 256, 64, 1, 1, 0, 0, 0, 0, 0, 0, 0, 0, 0, 0]",32,128,16384.0,196608.0,934269115,934286203,934285315,934287779,0,188416,188416,-1,1,17088,2464,2,32,32,1
16,3,"[4, 256, 0, 0, 0, 0, 0, 0, 0, 0, 0, 0, 0, 0, 0, 4, 0, 0, 0, 0, 0, 0, 0, 0, 0, 0, 0, 0, 0, 0]",1,128,256.0,2052.0,934459892,934477753,934476195,934478275,0,186752,186752,-1,1,17861,2080,2,32,32,1
12,3,"[4, 256, 0, 0, 0, 0, 0, 0, 0, 0, 0, 0, 0, 0, 0, 4, 256, 0, 0, 0, 0, 0, 0, 0, 0, 0, 0, 0, 0, 0]",1,128,256.0,3072.0,934650637,934666877,934665027,934667939,0,190847,190847,-1,1,16240,2912,2,32,32,1
12,3,"[4, 256, 0, 0, 0, 0, 0, 0, 0, 0, 0, 0, 0, 0, 0, 4, 256, 0, 0, 0, 0, 0, 0, 0, 0, 0, 0, 0, 0, 0]",1,128,256.0,3072.0,934842729,934859297,934858786,934861154,0,206944,206944,-1,1,16568,2368,2,32,32,1
16,3,"[4, 256, 0, 0, 0, 0, 0, 0, 0, 0, 0, 0, 0, 0, 0, 4, 0, 0, 0, 0, 0, 0, 0, 0, 0, 0, 0, 0, 0, 0]",1,128,256.0,2052.0,935051754,935070241,935068098,935070146,0,192096,192096,-1,1,18487,2048,2,32,32,1
12,3,"[4, 256, 0, 0, 0, 0, 0, 0, 0, 0, 0, 0, 0, 0, 0, 4, 256, 0, 0, 0, 0, 0, 0, 0, 0, 0, 0, 0, 0, 0]",1,128,256.0,3072.0,935246479,935263451,935262242,935264610,0,187520,187520,-1,1,16972,2368,2,32,32,1
12,3,"[4, 256, 0, 0, 0, 0, 0, 0, 0, 0, 0, 0, 0, 0, 0, 4, 256, 0, 0, 0, 0, 0, 0, 0, 0, 0, 0, 0, 0, 0]",1,128,256.0,3072.0,935437159,935453295,935452130,935455170,0,190431,190431,-1,1,16136,3040,2,32,32,1
16,3,"[4, 128, 256, 1, 1, 0, 0, 0, 0, 0, 0, 0, 0, 0, 0, 4, 0, 0, 0, 0, 0, 0, 0, 0, 0, 0, 0, 0, 0, 0]",64,128,32768.0,262148.0,935628941,935646836,935645601,935647682,0,189599,189599,-1,1,17895,2081,2,32,32,1
12,3,"[4, 128, 256, 1, 1, 0, 0, 0, 0, 0, 0, 0, 0, 0, 0, 4, 128, 256, 1, 1, 0, 0, 0, 0, 0, 0, 0, 0, 0, 0]",64,128,32768.0,393216.0,935821768,935838314,935837281,935840097,0,188480,188480,-1,1,16546,2816,2,32,32,1
12,3,"[4, 128, 256, 1, 1, 0, 0, 0, 0, 0, 0, 0, 0, 0, 0, 4, 128, 256, 1, 1, 0, 0, 0, 0, 0, 0, 0, 0, 0, 0]",64,128,32768.0,393216.0,936013597,936029885,936028577,936030657,0,223200,223200,-1,1,16288,2080,2,32,32,1
16,3,"[4, 128, 0, 0, 0, 0, 0, 0, 0, 0, 0, 0, 0, 0, 0, 4, 0, 0, 0, 0, 0, 0, 0, 0, 0, 0, 0, 0, 0, 0]",1,128,128.0,1028.0,936236780,936256178,936253857,936255937,0,194687,194687,-1,1,19398,2080,2,32,32,1
12,3,"[4, 128, 0, 0, 0, 0, 0, 0, 0, 0, 0, 0, 0, 0, 0, 4, 128, 0, 0, 0, 0, 0, 0, 0, 0, 0, 0, 0, 0, 0]",1,128,128.0,1536.0,936435441,936452911,936450624,936453568,0,205792,205792,-1,1,17470,2944,2,32,32,1
12,3,"[4, 128, 0, 0, 0, 0, 0, 0, 0, 0, 0, 0, 0, 0, 0, 4, 128, 0, 0, 0, 0, 0, 0, 0, 0, 0, 0, 0, 0, 0]",1,128,128.0,1536.0,936644311,936660484,936659360,936661440,0,187616,187616,-1,1,16173,2080,2,32,32,1
16,3,"[4, 128, 0, 0, 0, 0, 0, 0, 0, 0, 0, 0, 0, 0, 0, 4, 0, 0, 0, 0, 0, 0, 0, 0, 0, 0, 0, 0, 0, 0]",1,128,128.0,1028.0,936833146,936850372,936849056,936851456,0,188832,188832,-1,1,17226,2400,2,32,32,1
12,3,"[4, 128, 0, 0, 0, 0, 0, 0, 0, 0, 0, 0, 0, 0, 0, 4, 128, 0, 0, 0, 0, 0, 0, 0, 0, 0, 0, 0, 0, 0]",1,128,128.0,1536.0,937025818,937041951,937040288,937042368,0,196735,196735,-1,1,16133,2080,2,32,32,1
12,3,"[4, 128, 0, 0, 0, 0, 0, 0, 0, 0, 0, 0, 0, 0, 0, 4, 128, 0, 0, 0, 0, 0, 0, 0, 0, 0, 0, 0, 0, 0]",1,128,128.0,1536.0,937223676,937240377,937239103,937242144,0,194911,194911,-1,1,16701,3041,2,32,32,1
16,3,"[4, 128, 128, 3, 3, 0, 0, 0, 0, 0, 0, 0, 0, 0, 0, 4, 0, 0, 0, 0, 0, 0, 0, 0, 0, 0, 0, 0, 0, 0]",288,128,147456.0,1179652.0,937421028,937438625,937437055,937441023,0,211616,211616,-1,1,17597,3968,2,32,32,1
12,3,"[4, 128, 128, 3, 3, 0, 0, 0, 0, 0, 0, 0, 0, 0, 0, 4, 128, 128, 3, 3, 0, 0, 0, 0, 0, 0, 0, 0, 0, 0]",288,128,147456.0,1769472.0,937636340,937653829,937652639,937656767,0,405311,405311,-1,1,17489,4128,2,32,32,1
12,3,"[4, 128, 128, 3, 3, 0, 0, 0, 0, 0, 0, 0, 0, 0, 0, 4, 128, 128, 3, 3, 0, 0, 0, 0, 0, 0, 0, 0, 0, 0]",288,128,147456.0,1769472.0,938048114,938062504,938062078,938065791,0,137503,137503,-1,1,14390,3713,2,32,32,1
16,3,"[4, 128, 0, 0, 0, 0, 0, 0, 0, 0, 0, 0, 0, 0, 0, 4, 0, 0, 0, 0, 0, 0, 0, 0, 0, 0, 0, 0, 0, 0]",1,128,128.0,1028.0,938190286,938203886,938203294,938205630,0,126976,126976,-1,1,13600,2336,2,32,32,1
12,3,"[4, 128, 0, 0, 0, 0, 0, 0, 0, 0, 0, 0, 0, 0, 0, 4, 128, 0, 0, 0, 0, 0, 0, 0, 0, 0, 0, 0, 0, 0]",1,128,128.0,1536.0,938321103,938332940,938332606,938334654,0,124928,124928,-1,1,11837,2048,2,32,32,1
12,3,"[4, 128, 0, 0, 0, 0, 0, 0, 0, 0, 0, 0, 0, 0, 0, 4, 128, 0, 0, 0, 0, 0, 0, 0, 0, 0, 0, 0, 0, 0]",1,128,128.0,1536.0,938448448,938459510,938459582,938461630,0,138464,138464,-1,1,11062,2048,2,32,32,1
16,3,"[4, 128, 0, 0, 0, 0, 0, 0, 0, 0, 0, 0, 0, 0, 0, 4, 0, 0, 0, 0, 0, 0, 0, 0, 0, 0, 0, 0, 0, 0]",1,128,128.0,1028.0,938587875,938600364,938600094,938602494,0,125056,125056,-1,1,12489,2400,2,32,32,1
12,3,"[4, 128, 0, 0, 0, 0, 0, 0, 0, 0, 0, 0, 0, 0, 0, 4, 128, 0, 0, 0, 0, 0, 0, 0, 0, 0, 0, 0, 0, 0]",1,128,128.0,1536.0,938716021,938727784,938727550,938729918,0,122688,122688,-1,1,11763,2368,2,32,32,1
12,3,"[4, 128, 0, 0, 0, 0, 0, 0, 0, 0, 0, 0, 0, 0, 0, 4, 128, 0, 0, 0, 0, 0, 0, 0, 0, 0, 0, 0, 0, 0]",1,128,128.0,1536.0,938841647,938852523,938852606,938854846,0,124767,124767,-1,1,10876,2240,2,32,32,1
16,3,"[4, 256, 128, 1, 1, 0, 0, 0, 0, 0, 0, 0, 0, 0, 0, 4, 0, 0, 0, 0, 0, 0, 0, 0, 0, 0, 0, 0, 0, 0]",64,128,32768.0,262148.0,938967732,938979920,938979613,938981821,0,122848,122848,-1,1,12188,2208,2,32,32,1
12,3,"[4, 256, 128, 1, 1, 0, 0, 0, 0, 0, 0, 0, 0, 0, 0, 4, 256, 128, 1, 1, 0, 0, 0, 0, 0, 0, 0, 0, 0, 0]",64,128,32768.0,393216.0,939093849,939105274,939104669,939106749,0,124896,124896,-1,1,11425,2080,2,32,32,1
12,3,"[4, 256, 128, 1, 1, 0, 0, 0, 0, 0, 0, 0, 0, 0, 0, 4, 256, 128, 1, 1, 0, 0, 0, 0, 0, 0, 0, 0, 0, 0]",64,128,32768.0,393216.0,939220178,939232004,939231645,939235325,0,134624,134624,-1,1,11826,3680,2,32,32,1
16,3,"[4, 256, 0, 0, 0, 0, 0, 0, 0, 0, 0, 0, 0, 0, 0, 4, 0, 0, 0, 0, 0, 0, 0, 0, 0, 0, 0, 0, 0, 0]",1,128,256.0,2052.0,939357772,939370290,939369949,939372445,0,124768,124768,-1,1,12518,2496,2,32,32,1
12,3,"[4, 256, 0, 0, 0, 0, 0, 0, 0, 0, 0, 0, 0, 0, 0, 4, 256, 0, 0, 0, 0, 0, 0, 0, 0, 0, 0, 0, 0, 0]",1,128,256.0,3072.0,939484984,939497370,939497213,939499677,0,123168,123168,-1,1,12386,2464,2,32,32,1
12,3,"[4, 256, 0, 0, 0, 0, 0, 0, 0, 0, 0, 0, 0, 0, 0, 4, 256, 0, 0, 0, 0, 0, 0, 0, 0, 0, 0, 0, 0, 0]",1,128,256.0,3072.0,939611215,939622675,939622845,939624893,0,120544,120544,-1,1,11460,2048,2,32,32,1
16,3,"[4, 256, 0, 0, 0, 0, 0, 0, 0, 0, 0, 0, 0, 0, 0, 4, 0, 0, 0, 0, 0, 0, 0, 0, 0, 0, 0, 0, 0, 0]",1,128,256.0,2052.0,939733839,939745357,939745437,939747773,0,122719,122719,-1,1,11518,2336,2,32,32,1
12,3,"[4, 256, 0, 0, 0, 0, 0, 0, 0, 0, 0, 0, 0, 0, 0, 4, 256, 0, 0, 0, 0, 0, 0, 0, 0, 0, 0, 0, 0, 0]",1,128,256.0,3072.0,939859009,939870239,939870492,939872700,0,122944,122944,-1,1,11230,2208,2,32,32,1
12,3,"[4, 256, 0, 0, 0, 0, 0, 0, 0, 0, 0, 0, 0, 0, 0, 4, 256, 0, 0, 0, 0, 0, 0, 0, 0, 0, 0, 0, 0, 0]",1,128,256.0,3072.0,939985135,939996355,939995644,939998684,0,124320,124320,-1,1,11220,3040,2,32,32,1
16,3,"[4, 128, 256, 1, 1, 0, 0, 0, 0, 0, 0, 0, 0, 0, 0, 4, 0, 0, 0, 0, 0, 0, 0, 0, 0, 0, 0, 0, 0, 0]",64,128,32768.0,262148.0,940111523,940123684,940123004,940126620,0,149504,149504,-1,1,12161,3616,2,32,32,1
12,3,"[4, 128, 256, 1, 1, 0, 0, 0, 0, 0, 0, 0, 0, 0, 0, 4, 128, 256, 1, 1, 0, 0, 0, 0, 0, 0, 0, 0, 0, 0]",64,128,32768.0,393216.0,940263973,940276504,940276124,940278204,0,126688,126688,-1,1,12531,2080,2,32,32,1
12,3,"[4, 128, 256, 1, 1, 0, 0, 0, 0, 0, 0, 0, 0, 0, 0, 4, 128, 256, 1, 1, 0, 0, 0, 0, 0, 0, 0, 0, 0, 0]",64,128,32768.0,393216.0,940393087,940404756,940404892,940407228,0,128448,128448,-1,1,11669,2336,2,32,32,1
16,3,"[4, 128, 0, 0, 0, 0, 0, 0, 0, 0, 0, 0, 0, 0, 0, 4, 0, 0, 0, 0, 0, 0, 0, 0, 0, 0, 0, 0, 0, 0]",1,128,128.0,1028.0,940524134,940536091,940535676,940538108,0,130335,130335,-1,1,11957,2432,2,32,32,1
12,3,"[4, 128, 0, 0, 0, 0, 0, 0, 0, 0, 0, 0, 0, 0, 0, 4, 128, 0, 0, 0, 0, 0, 0, 0, 0, 0, 0, 0, 0, 0]",1,128,128.0,1536.0,940654386,940669272,940668443,940670939,0,141728,141728,-1,1,14886,2496,2,32,32,1
12,3,"[4, 128, 0, 0, 0, 0, 0, 0, 0, 0, 0, 0, 0, 0, 0, 4, 128, 0, 0, 0, 0, 0, 0, 0, 0, 0, 0, 0, 0, 0]",1,128,128.0,1536.0,940799883,940812499,940812667,940814779,0,128544,128544,-1,1,12616,2112,2,32,32,1
16,3,"[4, 128, 0, 0, 0, 0, 0, 0, 0, 0, 0, 0, 0, 0, 0, 4, 0, 0, 0, 0, 0, 0, 0, 0, 0, 0, 0, 0, 0, 0]",1,128,128.0,1028.0,940931563,940943591,940943323,940945755,0,135392,135392,-1,1,12028,2432,2,32,32,1
12,3,"[4, 128, 0, 0, 0, 0, 0, 0, 0, 0, 0, 0, 0, 0, 0, 4, 128, 0, 0, 0, 0, 0, 0, 0, 0, 0, 0, 0, 0, 0]",1,128,128.0,1536.0,941070107,941081964,941081147,941084347,0,125696,125696,-1,1,11857,3200,2,32,32,1
12,3,"[4, 128, 0, 0, 0, 0, 0, 0, 0, 0, 0, 0, 0, 0, 0, 4, 128, 0, 0, 0, 0, 0, 0, 0, 0, 0, 0, 0, 0, 0]",1,128,128.0,1536.0,941198988,941210330,941210043,941212091,0,126976,126976,-1,1,11342,2048,2,32,32,1
16,3,"[4, 128, 128, 3, 3, 0, 0, 0, 0, 0, 0, 0, 0, 0, 0, 4, 0, 0, 0, 0, 0, 0, 0, 0, 0, 0, 0, 0, 0, 0]",288,128,147456.0,1179652.0,941327681,941339425,941339067,941343163,0,122975,122975,-1,1,11744,4096,2,32,32,1
12,3,"[4, 128, 128, 3, 3, 0, 0, 0, 0, 0, 0, 0, 0, 0, 0, 4, 128, 128, 3, 3, 0, 0, 0, 0, 0, 0, 0, 0, 0, 0]",288,128,147456.0,1769472.0,941455747,941466868,941466138,941471354,0,119584,119584,-1,1,11121,5216,2,32,32,1
12,3,"[4, 128, 128, 3, 3, 0, 0, 0, 0, 0, 0, 0, 0, 0, 0, 4, 128, 128, 3, 3, 0, 0, 0, 0, 0, 0, 0, 0, 0, 0]",288,128,147456.0,1769472.0,941580158,941591194,941590938,941594778,0,122432,122432,-1,1,11036,3840,2,32,32,1
16,3,"[4, 128, 0, 0, 0, 0, 0, 0, 0, 0, 0, 0, 0, 0, 0, 4, 0, 0, 0, 0, 0, 0, 0, 0, 0, 0, 0, 0, 0, 0]",1,128,128.0,1028.0,941705656,941717595,941717210,941719642,0,160064,160064,-1,1,11939,2432,2,32,32,1
12,3,"[4, 128, 0, 0, 0, 0, 0, 0, 0, 0, 0, 0, 0, 0, 0, 4, 128, 0, 0, 0, 0, 0, 0, 0, 0, 0, 0, 0, 0, 0]",1,128,128.0,1536.0,941865609,941880395,941879706,941881786,0,140736,140736,-1,1,14786,2080,2,32,32,1
12,3,"[4, 128, 0, 0, 0, 0, 0, 0, 0, 0, 0, 0, 0, 0, 0, 4, 128, 0, 0, 0, 0, 0, 0, 0, 0, 0, 0, 0, 0, 0]",1,128,128.0,1536.0,942010506,942022400,942022522,942025018,0,129504,129504,-1,1,11894,2496,2,32,32,1
16,3,"[4, 128, 0, 0, 0, 0, 0, 0, 0, 0, 0, 0, 0, 0, 0, 4, 0, 0, 0, 0, 0, 0, 0, 0, 0, 0, 0, 0, 0, 0]",1,128,128.0,1028.0,942143422,942155431,942154522,942157498,0,125343,125343,-1,1,12009,2976,2,32,32,1
12,3,"[4, 128, 0, 0, 0, 0, 0, 0, 0, 0, 0, 0, 0, 0, 0, 4, 128, 0, 0, 0, 0, 0, 0, 0, 0, 0, 0, 0, 0, 0]",1,128,128.0,1536.0,942271184,942283006,942282841,942285241,0,122880,122880,-1,1,11822,2400,2,32,32,1
12,3,"[4, 128, 0, 0, 0, 0, 0, 0, 0, 0, 0, 0, 0, 0, 0, 4, 128, 0, 0, 0, 0, 0, 0, 0, 0, 0, 0, 0, 0, 0]",1,128,128.0,1536.0,942397462,942408757,942408121,942410169,0,126272,126272,-1,1,11295,2048,2,32,32,1
16,3,"[4, 256, 128, 1, 1, 0, 0, 0, 0, 0, 0, 0, 0, 0, 0, 4, 0, 0, 0, 0, 0, 0, 0, 0, 0, 0, 0, 0, 0, 0]",64,128,32768.0,262148.0,942525010,942536771,942536441,942539193,0,126624,126624,-1,1,11761,2752,2,32,32,1
12,3,"[4, 256, 128, 1, 1, 0, 0, 0, 0, 0, 0, 0, 0, 0, 0, 4, 256, 128, 1, 1, 0, 0, 0, 0, 0, 0, 0, 0, 0, 0]",64,128,32768.0,393216.0,942653623,942665404,942665817,942668217,0,139232,139232,-1,1,11781,2400,2,32,32,1
12,3,"[4, 256, 128, 1, 1, 0, 0, 0, 0, 0, 0, 0, 0, 0, 0, 4, 256, 128, 1, 1, 0, 0, 0, 0, 0, 0, 0, 0, 0, 0]",64,128,32768.0,393216.0,942796248,942807945,942807449,942810585,0,140224,140224,-1,1,11697,3136,2,32,32,1
16,3,"[4, 256, 0, 0, 0, 0, 0, 0, 0, 0, 0, 0, 0, 0, 0, 4, 0, 0, 0, 0, 0, 0, 0, 0, 0, 0, 0, 0, 0, 0]",1,128,256.0,2052.0,942936206,942951779,942950809,942952889,0,163839,163839,-1,1,15573,2080,2,32,32,1
12,3,"[4, 256, 0, 0, 0, 0, 0, 0, 0, 0, 0, 0, 0, 0, 0, 4, 256, 0, 0, 0, 0, 0, 0, 0, 0, 0, 0, 0, 0, 0]",1,128,256.0,3072.0,943102740,943117420,943116728,943118777,0,133087,133087,-1,1,14680,2049,2,32,32,1
12,3,"[4, 256, 0, 0, 0, 0, 0, 0, 0, 0, 0, 0, 0, 0, 0, 4, 256, 0, 0, 0, 0, 0, 0, 0, 0, 0, 0, 0, 0, 0]",1,128,256.0,3072.0,943239861,943251938,943251864,943253944,0,134208,134208,-1,1,12077,2080,2,32,32,1
16,3,"[4, 256, 0, 0, 0, 0, 0, 0, 0, 0, 0, 0, 0, 0, 0, 4, 0, 0, 0, 0, 0, 0, 0, 0, 0, 0, 0, 0, 0, 0]",1,128,256.0,2052.0,943376211,943388508,943388152,943390744,0,328096,328096,-1,1,12297,2592,2,32,32,1
12,3,"[4, 256, 0, 0, 0, 0, 0, 0, 0, 0, 0, 0, 0, 0, 0, 4, 256, 0, 0, 0, 0, 0, 0, 0, 0, 0, 0, 0, 0, 0]",1,128,256.0,3072.0,943704875,943719491,943718840,943720888,0,141280,141280,-1,1,14616,2048,2,32,32,1
12,3,"[4, 256, 0, 0, 0, 0, 0, 0, 0, 0, 0, 0, 0, 0, 0, 4, 256, 0, 0, 0, 0, 0, 0, 0, 0, 0, 0, 0, 0, 0]",1,128,256.0,3072.0,943849469,943862761,943862168,943864248,0,133119,133119,-1,1,13292,2080,2,32,32,1
16,3,"[4, 256, 256, 1, 1, 0, 0, 0, 0, 0, 0, 0, 0, 0, 0, 4, 0, 0, 0, 0, 0, 0, 0, 0, 0, 0, 0, 0, 0, 0]",128,128,65536.0,524292.0,943985079,943997860,943997367,944000567,0,127232,127232,-1,1,12781,3200,2,32,32,1
12,3,"[4, 256, 256, 1, 1, 0, 0, 0, 0, 0, 0, 0, 0, 0, 0, 4, 256, 256, 1, 1, 0, 0, 0, 0, 0, 0, 0, 0, 0, 0]",128,128,65536.0,786432.0,944116226,944127619,944127799,944130487,0,134464,134464,-1,1,11393,2688,2,32,32,1
12,3,"[4, 256, 256, 1, 1, 0, 0, 0, 0, 0, 0, 0, 0, 0, 0, 4, 256, 256, 1, 1, 0, 0, 0, 0, 0, 0, 0, 0, 0, 0]",128,128,65536.0,786432.0,944253389,944264813,944264951,944267703,0,126944,126944,-1,1,11424,2752,2,32,32,1
16,3,"[4, 256, 0, 0, 0, 0, 0, 0, 0, 0, 0, 0, 0, 0, 0, 4, 0, 0, 0, 0, 0, 0, 0, 0, 0, 0, 0, 0, 0, 0]",1,128,256.0,2052.0,944382456,944395314,944394647,944396727,0,125088,125088,-1,1,12858,2080,2,32,32,1
12,3,"[4, 256, 0, 0, 0, 0, 0, 0, 0, 0, 0, 0, 0, 0, 0, 4, 256, 0, 0, 0, 0, 0, 0, 0, 0, 0, 0, 0, 0, 0]",1,128,256.0,3072.0,944511070,944522162,944521815,944524887,0,134304,134304,-1,1,11092,3072,2,32,32,1
12,3,"[4, 256, 0, 0, 0, 0, 0, 0, 0, 0, 0, 0, 0, 0, 0, 4, 256, 0, 0, 0, 0, 0, 0, 0, 0, 0, 0, 0, 0, 0]",1,128,256.0,3072.0,944648089,944659855,944659191,944662231,0,124927,124927,-1,1,11766,3040,2,32,32,1
16,3,"[4, 256, 0, 0, 0, 0, 0, 0, 0, 0, 0, 0, 0, 0, 0, 4, 0, 0, 0, 0, 0, 0, 0, 0, 0, 0, 0, 0, 0, 0]",1,128,256.0,2052.0,944775483,944787096,944787158,944789591,0,122527,122527,-1,1,11613,2433,2,32,32,1
12,3,"[4, 256, 0, 0, 0, 0, 0, 0, 0, 0, 0, 0, 0, 0, 0, 4, 256, 0, 0, 0, 0, 0, 0, 0, 0, 0, 0, 0, 0, 0]",1,128,256.0,3072.0,944900921,944912220,944912118,944914646,0,123072,123072,-1,1,11299,2528,2,32,32,1
12,3,"[4, 256, 0, 0, 0, 0, 0, 0, 0, 0, 0, 0, 0, 0, 0, 4, 256, 0, 0, 0, 0, 0, 0, 0, 0, 0, 0, 0, 0, 0]",1,128,256.0,3072.0,945027128,945038182,945037718,945039798,0,126816,126816,-1,1,11054,2080,2,32,32,1
16,3,"[4, 256, 256, 3, 3, 0, 0, 0, 0, 0, 0, 0, 0, 0, 0, 4, 0, 0, 0, 0, 0, 0, 0, 0, 0, 0, 0, 0, 0, 0]",1152,128,589824.0,4718596.0,945155238,945166967,945166614,945176438,0,118656,118656,-1,1,11729,9824,2,32,32,1
12,3,"[4, 256, 256, 3, 3, 0, 0, 0, 0, 0, 0, 0, 0, 0, 0, 4, 256, 256, 3, 3, 0, 0, 0, 0, 0, 0, 0, 0, 0, 0]",1152,128,589824.0,7077888.0,945283916,945295142,945295094,945301942,0,132800,132800,-1,1,11226,6848,2,32,32,1
12,3,"[4, 256, 256, 3, 3, 0, 0, 0, 0, 0, 0, 0, 0, 0, 0, 4, 256, 256, 3, 3, 0, 0, 0, 0, 0, 0, 0, 0, 0, 0]",1152,128,589824.0,7077888.0,945423426,945434692,945434742,945443254,0,118592,118592,-1,1,11266,8512,2,32,32,1
16,3,"[4, 256, 0, 0, 0, 0, 0, 0, 0, 0, 0, 0, 0, 0, 0, 4, 0, 0, 0, 0, 0, 0, 0, 0, 0, 0, 0, 0, 0, 0]",1,128,256.0,2052.0,945549796,945561965,945561846,945564086,0,122080,122080,-1,1,12169,2240,2,32,32,1
12,3,"[4, 256, 0, 0, 0, 0, 0, 0, 0, 0, 0, 0, 0, 0, 0, 4, 256, 0, 0, 0, 0, 0, 0, 0, 0, 0, 0, 0, 0, 0]",1,128,256.0,3072.0,945675507,945686326,945686166,945689013,0,120992,120992,-1,1,10819,2847,2,32,32,1
12,3,"[4, 256, 0, 0, 0, 0, 0, 0, 0, 0, 0, 0, 0, 0, 0, 4, 256, 0, 0, 0, 0, 0, 0, 0, 0, 0, 0, 0, 0, 0]",1,128,256.0,3072.0,945799616,945810568,945810005,945813109,0,119680,119680,-1,1,10952,3104,2,32,32,1
16,3,"[4, 256, 0, 0, 0, 0, 0, 0, 0, 0, 0, 0, 0, 0, 0, 4, 0, 0, 0, 0, 0, 0, 0, 0, 0, 0, 0, 0, 0, 0]",1,128,256.0,2052.0,945922276,945933472,945932789,945935829,0,122048,122048,-1,1,11196,3040,2,32,32,1
12,3,"[4, 256, 0, 0, 0, 0, 0, 0, 0, 0, 0, 0, 0, 0, 0, 4, 256, 0, 0, 0, 0, 0, 0, 0, 0, 0, 0, 0, 0, 0]",1,128,256.0,3072.0,946047632,946058455,946057877,946060949,0,135776,135776,-1,1,10823,3072,2,32,32,1
12,3,"[4, 256, 0, 0, 0, 0, 0, 0, 0, 0, 0, 0, 0, 0, 0, 4, 256, 0, 0, 0, 0, 0, 0, 0, 0, 0, 0, 0, 0, 0]",1,128,256.0,3072.0,946185297,946196500,946196725,946198965,0,132128,132128,-1,1,11203,2240,2,32,32,1
16,3,"[4, 512, 256, 1, 1, 0, 0, 0, 0, 0, 0, 0, 0, 0, 0, 4, 0, 0, 0, 0, 0, 0, 0, 0, 0, 0, 0, 0, 0, 0]",256,128,131072.0,1048580.0,946318317,946331300,946331093,946334133,0,125376,125376,-1,1,12983,3040,2,32,32,1
12,3,"[4, 512, 256, 1, 1, 0, 0, 0, 0, 0, 0, 0, 0, 0, 0, 4, 512, 256, 1, 1, 0, 0, 0, 0, 0, 0, 0, 0, 0, 0]",256,128,131072.0,1572864.0,946448080,946460049,946459509,946464340,0,121504,121504,-1,1,11969,4831,2,32,32,1
12,3,"[4, 512, 256, 1, 1, 0, 0, 0, 0, 0, 0, 0, 0, 0, 0, 4, 512, 256, 1, 1, 0, 0, 0, 0, 0, 0, 0, 0, 0, 0]",256,128,131072.0,1572864.0,946575062,946585952,946585844,946589364,0,122656,122656,-1,1,10890,3520,2,32,32,1
16,3,"[4, 512, 0, 0, 0, 0, 0, 0, 0, 0, 0, 0, 0, 0, 0, 4, 0, 0, 0, 0, 0, 0, 0, 0, 0, 0, 0, 0, 0, 0]",1,128,512.0,4100.0,946699918,946712407,946712020,946714484,0,139264,139264,-1,1,12489,2464,2,32,32,1
12,3,"[4, 512, 0, 0, 0, 0, 0, 0, 0, 0, 0, 0, 0, 0, 0, 4, 512, 0, 0, 0, 0, 0, 0, 0, 0, 0, 0, 0, 0, 0]",1,128,512.0,6144.0,946842768,946853809,946853748,946856308,0,124864,124864,-1,1,11041,2560,2,32,32,1
12,3,"[4, 512, 0, 0, 0, 0, 0, 0, 0, 0, 0, 0, 0, 0, 0, 4, 512, 0, 0, 0, 0, 0, 0, 0, 0, 0, 0, 0, 0, 0]",1,128,512.0,6144.0,946969697,946981032,946981172,946983348,0,151072,151072,-1,1,11335,2176,2,32,32,1
16,3,"[4, 512, 0, 0, 0, 0, 0, 0, 0, 0, 0, 0, 0, 0, 0, 4, 0, 0, 0, 0, 0, 0, 0, 0, 0, 0, 0, 0, 0, 0]",1,128,512.0,4100.0,947120708,947134955,947134420,947136852,0,133344,133344,-1,1,14247,2432,2,32,32,1
12,3,"[4, 512, 0, 0, 0, 0, 0, 0, 0, 0, 0, 0, 0, 0, 0, 4, 512, 0, 0, 0, 0, 0, 0, 0, 0, 0, 0, 0, 0, 0]",1,128,512.0,6144.0,947258501,947270681,947270196,947273235,0,125984,125984,-1,1,12180,3039,2,32,32,1
12,3,"[4, 512, 0, 0, 0, 0, 0, 0, 0, 0, 0, 0, 0, 0, 0, 4, 512, 0, 0, 0, 0, 0, 0, 0, 0, 0, 0, 0, 0, 0]",1,128,512.0,6144.0,947387977,947399501,947399219,947402259,0,131776,131776,-1,1,11524,3040,2,32,32,1
16,3,"[4, 512, 256, 1, 1, 0, 0, 0, 0, 0, 0, 0, 0, 0, 0, 4, 0, 0, 0, 0, 0, 0, 0, 0, 0, 0, 0, 0, 0, 0]",256,128,131072.0,1048580.0,947524618,947533496,947534035,947538323,0,81952,81952,-1,1,8878,4288,2,32,32,1
12,3,"[4, 512, 256, 1, 1, 0, 0, 0, 0, 0, 0, 0, 0, 0, 0, 4, 512, 256, 1, 1, 0, 0, 0, 0, 0, 0, 0, 0, 0, 0]",256,128,131072.0,1572864.0,947612258,947620140,947620275,947624371,0,82944,82944,-1,1,7882,4096,2,32,32,1
12,3,"[4, 512, 256, 1, 1, 0, 0, 0, 0, 0, 0, 0, 0, 0, 0, 4, 512, 256, 1, 1, 0, 0, 0, 0, 0, 0, 0, 0, 0, 0]",256,128,131072.0,1572864.0,947698911,947706655,947707315,947710387,0,92128,92128,-1,1,7744,3072,2,32,32,1
16,3,"[4, 512, 0, 0, 0, 0, 0, 0, 0, 0, 0, 0, 0, 0, 0, 4, 0, 0, 0, 0, 0, 0, 0, 0, 0, 0, 0, 0, 0, 0]",1,128,512.0,4100.0,947793007,947802381,947802515,947804595,0,87360,87360,-1,1,9374,2080,2,32,32,1
12,3,"[4, 512, 0, 0, 0, 0, 0, 0, 0, 0, 0, 0, 0, 0, 0, 4, 512, 0, 0, 0, 0, 0, 0, 0, 0, 0, 0, 0, 0, 0]",1,128,512.0,6144.0,947881970,947890978,947891955,947894675,0,81280,81280,-1,1,9008,2720,2,32,32,1
12,3,"[4, 512, 0, 0, 0, 0, 0, 0, 0, 0, 0, 0, 0, 0, 0, 4, 512, 0, 0, 0, 0, 0, 0, 0, 0, 0, 0, 0, 0, 0]",1,128,512.0,6144.0,947967465,947975447,947975955,947978451,0,82112,82112,-1,1,7982,2496,2,32,32,1
16,3,"[4, 512, 0, 0, 0, 0, 0, 0, 0, 0, 0, 0, 0, 0, 0, 4, 0, 0, 0, 0, 0, 0, 0, 0, 0, 0, 0, 0, 0, 0]",1,128,512.0,4100.0,948052194,948060190,948060563,948062642,0,88160,88160,-1,1,7996,2079,2,32,32,1
12,3,"[4, 512, 0, 0, 0, 0, 0, 0, 0, 0, 0, 0, 0, 0, 0, 4, 512, 0, 0, 0, 0, 0, 0, 0, 0, 0, 0, 0, 0, 0]",1,128,512.0,6144.0,948140853,948151348,948150802,948153842,0,106944,106944,-1,1,10495,3040,2,32,32,1
12,3,"[4, 512, 0, 0, 0, 0, 0, 0, 0, 0, 0, 0, 0, 0, 0, 4, 512, 0, 0, 0, 0, 0, 0, 0, 0, 0, 0, 0, 0, 0]",1,128,512.0,6144.0,948249221,948260356,948260786,948263250,0,98112,98112,-1,1,11135,2464,2,32,32,1
16,3,"[4, 256, 512, 1, 1, 0, 0, 0, 0, 0, 0, 0, 0, 0, 0, 4, 0, 0, 0, 0, 0, 0, 0, 0, 0, 0, 0, 0, 0, 0]",256,128,131072.0,1048580.0,948351509,948361074,948361362,948365746,0,84096,84096,-1,1,9565,4384,2,32,32,1
12,3,"[4, 256, 512, 1, 1, 0, 0, 0, 0, 0, 0, 0, 0, 0, 0, 4, 256, 512, 1, 1, 0, 0, 0, 0, 0, 0, 0, 0, 0, 0]",256,128,131072.0,1572864.0,948441606,948449955,948449842,948453810,0,83936,83936,-1,1,8349,3968,2,32,32,1
12,3,"[4, 256, 512, 1, 1, 0, 0, 0, 0, 0, 0, 0, 0, 0, 0, 4, 256, 512, 1, 1, 0, 0, 0, 0, 0, 0, 0, 0, 0, 0]",256,128,131072.0,1572864.0,948529725,948537504,948537746,948541682,0,84160,84160,-1,1,7779,3936,2,32,32,1
16,3,"[4, 256, 0, 0, 0, 0, 0, 0, 0, 0, 0, 0, 0, 0, 0, 4, 0, 0, 0, 0, 0, 0, 0, 0, 0, 0, 0, 0, 0, 0]",1,128,256.0,2052.0,948616014,948625090,948625842,948628978,0,229888,229888,-1,1,9076,3136,2,32,32,1
12,3,"[4, 256, 0, 0, 0, 0, 0, 0, 0, 0, 0, 0, 0, 0, 0, 4, 256, 0, 0, 0, 0, 0, 0, 0, 0, 0, 0, 0, 0, 0]",1,128,256.0,3072.0,948847845,948858755,948858866,948861362,0,89279,89279,-1,1,10910,2496,2,32,32,1
12,3,"[4, 256, 0, 0, 0, 0, 0, 0, 0, 0, 0, 0, 0, 0, 0, 4, 256, 0, 0, 0, 0, 0, 0, 0, 0, 0, 0, 0, 0, 0]",1,128,256.0,3072.0,948941806,948950180,948950641,948953425,0,96064,96064,-1,1,8374,2784,2,32,32,1
16,3,"[4, 256, 0, 0, 0, 0, 0, 0, 0, 0, 0, 0, 0, 0, 0, 4, 0, 0, 0, 0, 0, 0, 0, 0, 0, 0, 0, 0, 0, 0]",1,128,256.0,2052.0,949039937,949049254,949049489,949051825,0,85984,85984,-1,1,9317,2336,2,32,32,1
12,3,"[4, 256, 0, 0, 0, 0, 0, 0, 0, 0, 0, 0, 0, 0, 0, 4, 256, 0, 0, 0, 0, 0, 0, 0, 0, 0, 0, 0, 0, 0]",1,128,256.0,3072.0,949129692,949137717,949137809,949141073,0,82784,82784,-1,1,8025,3264,2,32,32,1
12,3,"[4, 256, 0, 0, 0, 0, 0, 0, 0, 0, 0, 0, 0, 0, 0, 4, 256, 0, 0, 0, 0, 0, 0, 0, 0, 0, 0, 0, 0, 0]",1,128,256.0,3072.0,949215795,949223788,949223857,949227057,0,84864,84864,-1,1,7993,3200,2,32,32,1
16,3,"[4, 256, 256, 3, 3, 0, 0, 0, 0, 0, 0, 0, 0, 0, 0, 4, 0, 0, 0, 0, 0, 0, 0, 0, 0, 0, 0, 0, 0, 0]",1152,128,589824.0,4718596.0,949303784,949312061,949311921,949322161,0,77760,77760,-1,1,8277,10240,2,32,32,1
12,3,"[4, 256, 256, 3, 3, 0, 0, 0, 0, 0, 0, 0, 0, 0, 0, 4, 256, 256, 3, 3, 0, 0, 0, 0, 0, 0, 0, 0, 0, 0]",1152,128,589824.0,7077888.0,949391252,949399205,949399921,949406129,0,79872,79872,-1,1,7953,6208,2,32,32,1
12,3,"[4, 256, 256, 3, 3, 0, 0, 0, 0, 0, 0, 0, 0, 0, 0, 4, 256, 256, 3, 3, 0, 0, 0, 0, 0, 0, 0, 0, 0, 0]",1152,128,589824.0,7077888.0,949477716,949485660,949486001,949495409,0,88096,88096,-1,1,7944,9408,2,32,32,1
16,3,"[4, 256, 0, 0, 0, 0, 0, 0, 0, 0, 0, 0, 0, 0, 0, 4, 0, 0, 0, 0, 0, 0, 0, 0, 0, 0, 0, 0, 0, 0]",1,128,256.0,2052.0,949573115,949582924,949583505,949586353,0,83936,83936,-1,1,9809,2848,2,32,32,1
12,3,"[4, 256, 0, 0, 0, 0, 0, 0, 0, 0, 0, 0, 0, 0, 0, 4, 256, 0, 0, 0, 0, 0, 0, 0, 0, 0, 0, 0, 0, 0]",1,128,256.0,3072.0,949662145,949669968,949670289,949672369,0,82976,82976,-1,1,7823,2080,2,32,32,1
12,3,"[4, 256, 0, 0, 0, 0, 0, 0, 0, 0, 0, 0, 0, 0, 0, 4, 256, 0, 0, 0, 0, 0, 0, 0, 0, 0, 0, 0, 0, 0]",1,128,256.0,3072.0,949746367,949755096,949755345,949757904,0,82464,82464,-1,1,8729,2559,2,32,32,1
16,3,"[4, 256, 0, 0, 0, 0, 0, 0, 0, 0, 0, 0, 0, 0, 0, 4, 0, 0, 0, 0, 0, 0, 0, 0, 0, 0, 0, 0, 0, 0]",1,128,256.0,2052.0,949832044,949840476,949840368,949843760,0,83808,83808,-1,1,8432,3392,2,32,32,1
12,3,"[4, 256, 0, 0, 0, 0, 0, 0, 0, 0, 0, 0, 0, 0, 0, 4, 256, 0, 0, 0, 0, 0, 0, 0, 0, 0, 0, 0, 0, 0]",1,128,256.0,3072.0,949918855,949927129,949927568,949930416,0,81888,81888,-1,1,8274,2848,2,32,32,1
12,3,"[4, 256, 0, 0, 0, 0, 0, 0, 0, 0, 0, 0, 0, 0, 0, 4, 256, 0, 0, 0, 0, 0, 0, 0, 0, 0, 0, 0, 0, 0]",1,128,256.0,3072.0,950004472,950012057,950012304,950014384,0,92512,92512,-1,1,7585,2080,2,32,32,1
16,3,"[4, 512, 256, 1, 1, 0, 0, 0, 0, 0, 0, 0, 0, 0, 0, 4, 0, 0, 0, 0, 0, 0, 0, 0, 0, 0, 0, 0, 0, 0]",256,128,131072.0,1048580.0,950098186,950106932,950106896,950111696,0,83136,83136,-1,1,8746,4800,2,32,32,1
12,3,"[4, 512, 256, 1, 1, 0, 0, 0, 0, 0, 0, 0, 0, 0, 0, 4, 512, 256, 1, 1, 0, 0, 0, 0, 0, 0, 0, 0, 0, 0]",256,128,131072.0,1572864.0,950186623,950194899,950194832,950198704,0,83104,83104,-1,1,8276,3872,2,32,32,1
12,3,"[4, 512, 256, 1, 1, 0, 0, 0, 0, 0, 0, 0, 0, 0, 0, 4, 512, 256, 1, 1, 0, 0, 0, 0, 0, 0, 0, 0, 0, 0]",256,128,131072.0,1572864.0,950273168,950281245,950281808,950284720,0,81536,81536,-1,1,8077,2912,2,32,32,1
16,3,"[4, 512, 0, 0, 0, 0, 0, 0, 0, 0, 0, 0, 0, 0, 0, 4, 0, 0, 0, 0, 0, 0, 0, 0, 0, 0, 0, 0, 0, 0]",1,128,512.0,4100.0,950357188,950365603,950366256,950368688,0,83008,83008,-1,1,8415,2432,2,32,32,1
12,3,"[4, 512, 0, 0, 0, 0, 0, 0, 0, 0, 0, 0, 0, 0, 0, 4, 512, 0, 0, 0, 0, 0, 0, 0, 0, 0, 0, 0, 0, 0]",1,128,512.0,6144.0,950442866,950451076,950451696,950454544,0,82176,82176,-1,1,8210,2848,2,32,32,1
12,3,"[4, 512, 0, 0, 0, 0, 0, 0, 0, 0, 0, 0, 0, 0, 0, 4, 512, 0, 0, 0, 0, 0, 0, 0, 0, 0, 0, 0, 0, 0]",1,128,512.0,6144.0,950528564,950536627,950536720,950539759,0,84928,84928,-1,1,8063,3039,2,32,32,1
16,3,"[4, 512, 0, 0, 0, 0, 0, 0, 0, 0, 0, 0, 0, 0, 0, 4, 0, 0, 0, 0, 0, 0, 0, 0, 0, 0, 0, 0, 0, 0]",1,128,512.0,4100.0,950616113,950624612,950624687,950626735,0,96256,96256,-1,1,8499,2048,2,32,32,1
12,3,"[4, 512, 0, 0, 0, 0, 0, 0, 0, 0, 0, 0, 0, 0, 0, 4, 512, 0, 0, 0, 0, 0, 0, 0, 0, 0, 0, 0, 0, 0]",1,128,512.0,6144.0,950714140,950722711,950722991,950725039,0,84064,84064,-1,1,8571,2048,2,32,32,1
12,3,"[4, 512, 0, 0, 0, 0, 0, 0, 0, 0, 0, 0, 0, 0, 0, 4, 512, 0, 0, 0, 0, 0, 0, 0, 0, 0, 0, 0, 0, 0]",1,128,512.0,6144.0,950801006,950809081,950809103,950812111,0,85984,85984,-1,1,8075,3008,2,32,32,1
16,3,"[4, 256, 512, 1, 1, 0, 0, 0, 0, 0, 0, 0, 0, 0, 0, 4, 0, 0, 0, 0, 0, 0, 0, 0, 0, 0, 0, 0, 0, 0]",256,128,131072.0,1048580.0,950888419,950897275,950898095,950902255,0,81280,81280,-1,1,8856,4160,2,32,32,1
12,3,"[4, 256, 512, 1, 1, 0, 0, 0, 0, 0, 0, 0, 0, 0, 0, 4, 256, 512, 1, 1, 0, 0, 0, 0, 0, 0, 0, 0, 0, 0]",256,128,131072.0,1572864.0,950974934,950983026,950983535,950988207,0,82048,82048,-1,1,8092,4672,2,32,32,1
12,3,"[4, 256, 512, 1, 1, 0, 0, 0, 0, 0, 0, 0, 0, 0, 0, 4, 256, 512, 1, 1, 0, 0, 0, 0, 0, 0, 0, 0, 0, 0]",256,128,131072.0,1572864.0,951061337,951069535,951070255,951073199,0,83648,83648,-1,1,8198,2944,2,32,32,1
16,3,"[4, 256, 0, 0, 0, 0, 0, 0, 0, 0, 0, 0, 0, 0, 0, 4, 0, 0, 0, 0, 0, 0, 0, 0, 0, 0, 0, 0, 0, 0]",1,128,256.0,2052.0,951148093,951156404,951156847,951159215,0,92032,92032,-1,1,8311,2368,2,32,32,1
12,3,"[4, 256, 0, 0, 0, 0, 0, 0, 0, 0, 0, 0, 0, 0, 0, 4, 256, 0, 0, 0, 0, 0, 0, 0, 0, 0, 0, 0, 0, 0]",1,128,256.0,3072.0,951241893,951250272,951251247,951253423,0,83808,83808,-1,1,8379,2176,2,32,32,1
12,3,"[4, 256, 0, 0, 0, 0, 0, 0, 0, 0, 0, 0, 0, 0, 0, 4, 256, 0, 0, 0, 0, 0, 0, 0, 0, 0, 0, 0, 0, 0]",1,128,256.0,3072.0,951328565,951336375,951337231,951339439,0,83968,83968,-1,1,7810,2208,2,32,32,1
16,3,"[4, 256, 0, 0, 0, 0, 0, 0, 0, 0, 0, 0, 0, 0, 0, 4, 0, 0, 0, 0, 0, 0, 0, 0, 0, 0, 0, 0, 0, 0]",1,128,256.0,2052.0,951415085,951423509,951423407,951425454,0,83968,83968,-1,1,8424,2047,2,32,32,1
12,3,"[4, 256, 0, 0, 0, 0, 0, 0, 0, 0, 0, 0, 0, 0, 0, 4, 256, 0, 0, 0, 0, 0, 0, 0, 0, 0, 0, 0, 0, 0]",1,128,256.0,3072.0,951501381,951509556,951509422,951511470,0,82176,82176,-1,1,8175,2048,2,32,32,1
12,3,"[4, 256, 0, 0, 0, 0, 0, 0, 0, 0, 0, 0, 0, 0, 0, 4, 256, 0, 0, 0, 0, 0, 0, 0, 0, 0, 0, 0, 0, 0]",1,128,256.0,3072.0,951585569,951593683,951593646,951596814,0,84832,84832,-1,1,8114,3168,2,32,32,1
16,3,"[4, 256, 256, 3, 3, 0, 0, 0, 0, 0, 0, 0, 0, 0, 0, 4, 0, 0, 0, 0, 0, 0, 0, 0, 0, 0, 0, 0, 0, 0]",1152,128,589824.0,4718596.0,951672911,951682327,951681646,951691694,0,77376,77376,-1,1,9416,10048,2,32,32,1
12,3,"[4, 256, 256, 3, 3, 0, 0, 0, 0, 0, 0, 0, 0, 0, 0, 4, 256, 256, 3, 3, 0, 0, 0, 0, 0, 0, 0, 0, 0, 0]",1152,128,589824.0,7077888.0,951760813,951768425,951769070,951775662,0,88096,88096,-1,1,7612,6592,2,32,32,1
12,3,"[4, 256, 256, 3, 3, 0, 0, 0, 0, 0, 0, 0, 0, 0, 0, 4, 256, 256, 3, 3, 0, 0, 0, 0, 0, 0, 0, 0, 0, 0]",1152,128,589824.0,7077888.0,951855471,951863707,951863758,951873902,0,77280,77280,-1,1,8236,10144,2,32,32,1
16,3,"[4, 256, 0, 0, 0, 0, 0, 0, 0, 0, 0, 0, 0, 0, 0, 4, 0, 0, 0, 0, 0, 0, 0, 0, 0, 0, 0, 0, 0, 0]",1,128,256.0,2052.0,951942105,951950568,951951182,951953838,0,81920,81920,-1,1,8463,2656,2,32,32,1
12,3,"[4, 256, 0, 0, 0, 0, 0, 0, 0, 0, 0, 0, 0, 0, 0, 4, 256, 0, 0, 0, 0, 0, 0, 0, 0, 0, 0, 0, 0, 0]",1,128,256.0,3072.0,952027151,952035416,952035758,952037806,0,81888,81888,-1,1,8265,2048,2,32,32,1
12,3,"[4, 256, 0, 0, 0, 0, 0, 0, 0, 0, 0, 0, 0, 0, 0, 4, 256, 0, 0, 0, 0, 0, 0, 0, 0, 0, 0, 0, 0, 0]",1,128,256.0,3072.0,952111855,952119947,952119694,952121774,0,92352,92352,-1,1,8092,2080,2,32,32,1
16,3,"[4, 256, 0, 0, 0, 0, 0, 0, 0, 0, 0, 0, 0, 0, 0, 4, 0, 0, 0, 0, 0, 0, 0, 0, 0, 0, 0, 0, 0, 0]",1,128,256.0,2052.0,952205594,952214455,952214126,952217550,0,133183,133183,-1,1,8861,3424,2,32,32,1
12,3,"[4, 256, 0, 0, 0, 0, 0, 0, 0, 0, 0, 0, 0, 0, 0, 4, 256, 0, 0, 0, 0, 0, 0, 0, 0, 0, 0, 0, 0, 0]",1,128,256.0,3072.0,952339116,952351087,952350733,952353197,0,139264,139264,-1,1,11971,2464,2,32,32,1
12,3,"[4, 256, 0, 0, 0, 0, 0, 0, 0, 0, 0, 0, 0, 0, 0, 4, 256, 0, 0, 0, 0, 0, 0, 0, 0, 0, 0, 0, 0, 0]",1,128,256.0,3072.0,952481747,952493086,952492461,952495533,0,310240,310240,-1,1,11339,3072,2,32,32,1
16,3,"[4, 512, 256, 1, 1, 0, 0, 0, 0, 0, 0, 0, 0, 0, 0, 4, 0, 0, 0, 0, 0, 0, 0, 0, 0, 0, 0, 0, 0, 0]",256,128,131072.0,1048580.0,952789845,952807351,952805773,952809901,0,167904,167904,-1,1,17506,4128,2,32,32,1
12,3,"[4, 512, 256, 1, 1, 0, 0, 0, 0, 0, 0, 0, 0, 0, 0, 4, 512, 256, 1, 1, 0, 0, 0, 0, 0, 0, 0, 0, 0, 0]",256,128,131072.0,1572864.0,952962720,952978781,952977805,952981933,0,157791,157791,-1,1,16061,4128,2,32,32,1
12,3,"[4, 512, 256, 1, 1, 0, 0, 0, 0, 0, 0, 0, 0, 0, 0, 4, 512, 256, 1, 1, 0, 0, 0, 0, 0, 0, 0, 0, 0, 0]",256,128,131072.0,1572864.0,953124164,953140898,953139724,953143724,0,160000,160000,-1,1,16734,4000,2,32,32,1
16,3,"[4, 512, 0, 0, 0, 0, 0, 0, 0, 0, 0, 0, 0, 0, 0, 4, 0, 0, 0, 0, 0, 0, 0, 0, 0, 0, 0, 0, 0, 0]",1,128,512.0,4100.0,953289165,953305010,953303724,953306764,0,151584,151584,-1,1,15845,3040,2,32,32,1
12,3,"[4, 512, 0, 0, 0, 0, 0, 0, 0, 0, 0, 0, 0, 0, 0, 4, 512, 0, 0, 0, 0, 0, 0, 0, 0, 0, 0, 0, 0, 0]",1,128,512.0,6144.0,953444300,953459056,953458348,953460844,0,143648,143648,-1,1,14756,2496,2,32,32,1
12,3,"[4, 512, 0, 0, 0, 0, 0, 0, 0, 0, 0, 0, 0, 0, 0, 4, 512, 0, 0, 0, 0, 0, 0, 0, 0, 0, 0, 0, 0, 0]",1,128,512.0,6144.0,953591256,953605387,953604492,953606572,0,131040,131040,-1,1,14131,2080,2,32,32,1
16,3,"[4, 512, 0, 0, 0, 0, 0, 0, 0, 0, 0, 0, 0, 0, 0, 4, 0, 0, 0, 0, 0, 0, 0, 0, 0, 0, 0, 0, 0, 0]",1,128,512.0,4100.0,953725229,953737888,953737612,953739692,0,94144,94144,-1,1,12659,2080,2,32,32,1
12,3,"[4, 512, 0, 0, 0, 0, 0, 0, 0, 0, 0, 0, 0, 0, 0, 4, 512, 0, 0, 0, 0, 0, 0, 0, 0, 0, 0, 0, 0, 0]",1,128,512.0,6144.0,953823418,953832947,953833836,953835947,0,85249,85249,-1,1,9529,2111,2,32,32,1
12,3,"[4, 512, 0, 0, 0, 0, 0, 0, 0, 0, 0, 0, 0, 0, 0, 4, 512, 0, 0, 0, 0, 0, 0, 0, 0, 0, 0, 0, 0, 0]",1,128,512.0,6144.0,953912540,953920729,953921196,953923692,0,89855,89855,-1,1,8189,2496,2,32,32,1
16,3,"[4, 256, 512, 1, 1, 0, 0, 0, 0, 0, 0, 0, 0, 0, 0, 4, 0, 0, 0, 0, 0, 0, 0, 0, 0, 0, 0, 0, 0, 0]",256,128,131072.0,1048580.0,954003527,954012949,954013547,954017771,0,82624,82624,-1,1,9422,4224,2,32,32,1
12,3,"[4, 256, 512, 1, 1, 0, 0, 0, 0, 0, 0, 0, 0, 0, 0, 4, 256, 512, 1, 1, 0, 0, 0, 0, 0, 0, 0, 0, 0, 0]",256,128,131072.0,1572864.0,954092332,954109323,954100395,954104235,0,93856,93856,-1,1,16991,3840,2,32,32,1
12,3,"[4, 256, 512, 1, 1, 0, 0, 0, 0, 0, 0, 0, 0, 0, 0, 4, 256, 512, 1, 1, 0, 0, 0, 0, 0, 0, 0, 0, 0, 0]",256,128,131072.0,1572864.0,954189261,954197523,954198091,954201643,0,84832,84832,-1,1,8262,3552,2,32,32,1
16,3,"[4, 256, 0, 0, 0, 0, 0, 0, 0, 0, 0, 0, 0, 0, 0, 4, 0, 0, 0, 0, 0, 0, 0, 0, 0, 0, 0, 0, 0, 0]",1,128,256.0,2052.0,954277921,954286196,954286475,954288555,0,84288,84288,-1,1,8275,2080,2,32,32,1
12,3,"[4, 256, 0, 0, 0, 0, 0, 0, 0, 0, 0, 0, 0, 0, 0, 4, 256, 0, 0, 0, 0, 0, 0, 0, 0, 0, 0, 0, 0, 0]",1,128,256.0,3072.0,954364609,954372862,954372843,954375915,0,82240,82240,-1,1,8253,3072,2,32,32,1
12,3,"[4, 256, 0, 0, 0, 0, 0, 0, 0, 0, 0, 0, 0, 0, 0, 4, 256, 0, 0, 0, 0, 0, 0, 0, 0, 0, 0, 0, 0, 0]",1,128,256.0,3072.0,954449851,954457557,954458155,954460587,0,81920,81920,-1,1,7706,2432,2,32,32,1
16,3,"[4, 256, 0, 0, 0, 0, 0, 0, 0, 0, 0, 0, 0, 0, 0, 4, 0, 0, 0, 0, 0, 0, 0, 0, 0, 0, 0, 0, 0, 0]",1,128,256.0,2052.0,954534183,954542524,954542507,954544555,0,86208,86208,-1,1,8341,2048,2,32,32,1
12,3,"[4, 256, 0, 0, 0, 0, 0, 0, 0, 0, 0, 0, 0, 0, 0, 4, 256, 0, 0, 0, 0, 0, 0, 0, 0, 0, 0, 0, 0, 0]",1,128,256.0,3072.0,954621435,954630217,954630763,954633867,0,90879,90879,-1,1,8782,3104,2,32,32,1
12,3,"[4, 256, 0, 0, 0, 0, 0, 0, 0, 0, 0, 0, 0, 0, 0, 4, 256, 0, 0, 0, 0, 0, 0, 0, 0, 0, 0, 0, 0, 0]",1,128,256.0,3072.0,954716355,954724703,954724746,954726827,0,88031,88031,-1,1,8348,2081,2,32,32,1
16,3,"[4, 256, 256, 3, 3, 0, 0, 0, 0, 0, 0, 0, 0, 0, 0, 4, 0, 0, 0, 0, 0, 0, 0, 0, 0, 0, 0, 0, 0, 0]",1152,128,589824.0,4718596.0,954805260,954814110,954814858,954824938,0,77984,77984,-1,1,8850,10080,2,32,32,1
12,3,"[4, 256, 256, 3, 3, 0, 0, 0, 0, 0, 0, 0, 0, 0, 0, 4, 256, 256, 3, 3, 0, 0, 0, 0, 0, 0, 0, 0, 0, 0]",1152,128,589824.0,7077888.0,954894856,954902733,954902922,954910922,0,79200,79200,-1,1,7877,8000,2,32,32,1
12,3,"[4, 256, 256, 3, 3, 0, 0, 0, 0, 0, 0, 0, 0, 0, 0, 4, 256, 256, 3, 3, 0, 0, 0, 0, 0, 0, 0, 0, 0, 0]",1152,128,589824.0,7077888.0,954981434,954989558,954990122,954999210,0,76064,76064,-1,1,8124,9088,2,32,32,1
16,3,"[4, 256, 0, 0, 0, 0, 0, 0, 0, 0, 0, 0, 0, 0, 0, 4, 0, 0, 0, 0, 0, 0, 0, 0, 0, 0, 0, 0, 0, 0]",1,128,256.0,2052.0,955067282,955075535,955075274,955079018,0,84032,84032,-1,1,8253,3744,2,32,32,1
12,3,"[4, 256, 0, 0, 0, 0, 0, 0, 0, 0, 0, 0, 0, 0, 0, 4, 256, 0, 0, 0, 0, 0, 0, 0, 0, 0, 0, 0, 0, 0]",1,128,256.0,3072.0,955154597,955162323,955163050,955165098,0,100320,100320,-1,1,7726,2048,2,32,32,1
12,3,"[4, 256, 0, 0, 0, 0, 0, 0, 0, 0, 0, 0, 0, 0, 0, 4, 256, 0, 0, 0, 0, 0, 0, 0, 0, 0, 0, 0, 0, 0]",1,128,256.0,3072.0,955256248,955265339,955265418,955267498,0,88032,88032,-1,1,9091,2080,2,32,32,1
16,3,"[4, 256, 0, 0, 0, 0, 0, 0, 0, 0, 0, 0, 0, 0, 0, 4, 0, 0, 0, 0, 0, 0, 0, 0, 0, 0, 0, 0, 0, 0]",1,128,256.0,2052.0,955347182,955355578,955355530,955357610,0,84992,84992,-1,1,8396,2080,2,32,32,1
12,3,"[4, 256, 0, 0, 0, 0, 0, 0, 0, 0, 0, 0, 0, 0, 0, 4, 256, 0, 0, 0, 0, 0, 0, 0, 0, 0, 0, 0, 0, 0]",1,128,256.0,3072.0,955433564,955442140,955442602,955445162,0,84735,84735,-1,1,8576,2560,2,32,32,1
12,3,"[4, 256, 0, 0, 0, 0, 0, 0, 0, 0, 0, 0, 0, 0, 0, 4, 256, 0, 0, 0, 0, 0, 0, 0, 0, 0, 0, 0, 0, 0]",1,128,256.0,3072.0,955522031,955529837,955529897,955532937,0,86112,86112,-1,1,7806,3040,2,32,32,1
16,3,"[4, 512, 256, 1, 1, 0, 0, 0, 0, 0, 0, 0, 0, 0, 0, 4, 0, 0, 0, 0, 0, 0, 0, 0, 0, 0, 0, 0, 0, 0]",256,128,131072.0,1048580.0,955609758,955618460,955619049,955623273,0,82432,82432,-1,1,8702,4224,2,32,32,1
12,3,"[4, 512, 256, 1, 1, 0, 0, 0, 0, 0, 0, 0, 0, 0, 0, 4, 512, 256, 1, 1, 0, 0, 0, 0, 0, 0, 0, 0, 0, 0]",256,128,131072.0,1572864.0,955697335,955705672,955705705,955709865,0,83936,83936,-1,1,8337,4160,2,32,32,1
12,3,"[4, 512, 256, 1, 1, 0, 0, 0, 0, 0, 0, 0, 0, 0, 0, 4, 512, 256, 1, 1, 0, 0, 0, 0, 0, 0, 0, 0, 0, 0]",256,128,131072.0,1572864.0,955784755,955793425,955793801,955797641,0,91456,91456,-1,1,8670,3840,2,32,32,1
16,3,"[4, 512, 0, 0, 0, 0, 0, 0, 0, 0, 0, 0, 0, 0, 0, 4, 0, 0, 0, 0, 0, 0, 0, 0, 0, 0, 0, 0, 0, 0]",1,128,512.0,4100.0,955879535,955888780,955889097,955892137,0,83936,83936,-1,1,9245,3040,2,32,32,1
12,3,"[4, 512, 0, 0, 0, 0, 0, 0, 0, 0, 0, 0, 0, 0, 0, 4, 512, 0, 0, 0, 0, 0, 0, 0, 0, 0, 0, 0, 0, 0]",1,128,512.0,6144.0,955966956,955975365,955976073,955978153,0,83872,83872,-1,1,8409,2080,2,32,32,1
12,3,"[4, 512, 0, 0, 0, 0, 0, 0, 0, 0, 0, 0, 0, 0, 0, 4, 512, 0, 0, 0, 0, 0, 0, 0, 0, 0, 0, 0, 0, 0]",1,128,512.0,6144.0,956052698,956060996,956062025,956064169,0,83744,83744,-1,1,8298,2144,2,32,32,1
16,3,"[4, 512, 0, 0, 0, 0, 0, 0, 0, 0, 0, 0, 0, 0, 0, 4, 0, 0, 0, 0, 0, 0, 0, 0, 0, 0, 0, 0, 0, 0]",1,128,512.0,4100.0,956138406,956147202,956147913,956150185,0,92384,92384,-1,1,8796,2272,2,32,32,1
12,3,"[4, 512, 0, 0, 0, 0, 0, 0, 0, 0, 0, 0, 0, 0, 0, 4, 512, 0, 0, 0, 0, 0, 0, 0, 0, 0, 0, 0, 0, 0]",1,128,512.0,6144.0,956233481,956242779,956242569,956245641,0,118752,118752,-1,1,9298,3072,2,32,32,1
12,3,"[4, 512, 0, 0, 0, 0, 0, 0, 0, 0, 0, 0, 0, 0, 0, 4, 512, 0, 0, 0, 0, 0, 0, 0, 0, 0, 0, 0, 0, 0]",1,128,512.0,6144.0,956353237,956364196,956364393,956366857,0,130719,130719,-1,1,10959,2464,2,32,32,1
16,3,"[4, 512, 512, 1, 1, 0, 0, 0, 0, 0, 0, 0, 0, 0, 0, 4, 0, 0, 0, 0, 0, 0, 0, 0, 0, 0, 0, 0, 0, 0]",512,128,262144.0,2097156.0,956486314,956497935,956497576,956502440,0,115808,115808,-1,1,11621,4864,2,32,32,1
12,3,"[4, 512, 512, 1, 1, 0, 0, 0, 0, 0, 0, 0, 0, 0, 0, 4, 512, 512, 1, 1, 0, 0, 0, 0, 0, 0, 0, 0, 0, 0]",512,128,262144.0,3145728.0,956607516,956618330,956618248,956623272,0,131264,131264,-1,1,10814,5024,2,32,32,1
12,3,"[4, 512, 512, 1, 1, 0, 0, 0, 0, 0, 0, 0, 0, 0, 0, 4, 512, 512, 1, 1, 0, 0, 0, 0, 0, 0, 0, 0, 0, 0]",512,128,262144.0,3145728.0,956744887,956755131,956754536,956760360,0,111968,111968,-1,1,10244,5824,2,32,32,1
16,3,"[4, 512, 0, 0, 0, 0, 0, 0, 0, 0, 0, 0, 0, 0, 0, 4, 0, 0, 0, 0, 0, 0, 0, 0, 0, 0, 0, 0, 0, 0]",1,128,512.0,4100.0,956861813,956872546,956872328,956874824,0,111296,111296,-1,1,10733,2496,2,32,32,1
12,3,"[4, 512, 0, 0, 0, 0, 0, 0, 0, 0, 0, 0, 0, 0, 0, 4, 512, 0, 0, 0, 0, 0, 0, 0, 0, 0, 0, 0, 0, 0]",1,128,512.0,6144.0,956977143,956986751,956986120,956989160,0,325535,325535,-1,1,9608,3040,2,32,32,1
12,3,"[4, 512, 0, 0, 0, 0, 0, 0, 0, 0, 0, 0, 0, 0, 0, 4, 512, 0, 0, 0, 0, 0, 0, 0, 0, 0, 0, 0, 0, 0]",1,128,512.0,6144.0,957297802,957315650,957314695,957317191,0,164192,164192,-1,1,17848,2496,2,32,32,1
16,3,"[4, 512, 0, 0, 0, 0, 0, 0, 0, 0, 0, 0, 0, 0, 0, 4, 0, 0, 0, 0, 0, 0, 0, 0, 0, 0, 0, 0, 0, 0]",1,128,512.0,4100.0,957466066,957482194,957481383,957483431,0,140448,140448,-1,1,16128,2048,2,32,32,1
12,3,"[4, 512, 0, 0, 0, 0, 0, 0, 0, 0, 0, 0, 0, 0, 0, 4, 512, 0, 0, 0, 0, 0, 0, 0, 0, 0, 0, 0, 0, 0]",1,128,512.0,6144.0,957610922,957624393,957623879,957626343,0,128704,128704,-1,1,13471,2464,2,32,32,1
12,3,"[4, 512, 0, 0, 0, 0, 0, 0, 0, 0, 0, 0, 0, 0, 0, 4, 512, 0, 0, 0, 0, 0, 0, 0, 0, 0, 0, 0, 0, 0]",1,128,512.0,6144.0,957743447,957755250,957755047,957757543,0,108864,108864,-1,1,11803,2496,2,32,32,1
16,3,"[4, 512, 512, 3, 3, 0, 0, 0, 0, 0, 0, 0, 0, 0, 0, 4, 0, 0, 0, 0, 0, 0, 0, 0, 0, 0, 0, 0, 0, 0]",4608,128,2359296.0,18874372.0,957856240,957866400,957866407,957903271,0,53248,53248,-1,1,10160,36864,2,32,32,1
12,3,"[4, 512, 512, 3, 3, 0, 0, 0, 0, 0, 0, 0, 0, 0, 0, 4, 512, 512, 3, 3, 0, 0, 0, 0, 0, 0, 0, 0, 0, 0]",4608,128,2359296.0,28311552.0,957947088,957956191,957956519,958010855,0,31583,31583,-1,1,9103,54336,2,32,32,1
12,3,"[4, 512, 512, 3, 3, 0, 0, 0, 0, 0, 0, 0, 0, 0, 0, 4, 512, 512, 3, 3, 0, 0, 0, 0, 0, 0, 0, 0, 0, 0]",4608,128,2359296.0,28311552.0,958033838,958041388,958042438,958095526,0,42304,42304,-1,1,7550,53088,2,32,32,1
16,3,"[4, 512, 0, 0, 0, 0, 0, 0, 0, 0, 0, 0, 0, 0, 0, 4, 0, 0, 0, 0, 0, 0, 0, 0, 0, 0, 0, 0, 0, 0]",1,128,512.0,4100.0,958128418,958136894,958137830,958140550,0,79520,79520,-1,1,8476,2720,2,32,32,1
12,3,"[4, 512, 0, 0, 0, 0, 0, 0, 0, 0, 0, 0, 0, 0, 0, 4, 512, 0, 0, 0, 0, 0, 0, 0, 0, 0, 0, 0, 0, 0]",1,128,512.0,6144.0,958212028,958219395,958220070,958222758,0,77120,77120,-1,1,7367,2688,2,32,32,1
12,3,"[4, 512, 0, 0, 0, 0, 0, 0, 0, 0, 0, 0, 0, 0, 0, 4, 512, 0, 0, 0, 0, 0, 0, 0, 0, 0, 0, 0, 0, 0]",1,128,512.0,6144.0,958292251,958299140,958299878,958302374,0,78496,78496,-1,1,6889,2496,2,32,32,1
16,3,"[4, 512, 0, 0, 0, 0, 0, 0, 0, 0, 0, 0, 0, 0, 0, 4, 0, 0, 0, 0, 0, 0, 0, 0, 0, 0, 0, 0, 0, 0]",1,128,512.0,4100.0,958373520,958380793,958380870,958383910,0,80320,80320,-1,1,7273,3040,2,32,32,1
12,3,"[4, 512, 0, 0, 0, 0, 0, 0, 0, 0, 0, 0, 0, 0, 0, 4, 512, 0, 0, 0, 0, 0, 0, 0, 0, 0, 0, 0, 0, 0]",1,128,512.0,6144.0,958456381,958463508,958464230,958466470,0,77824,77824,-1,1,7127,2240,2,32,32,1
12,3,"[4, 512, 0, 0, 0, 0, 0, 0, 0, 0, 0, 0, 0, 0, 0, 4, 512, 0, 0, 0, 0, 0, 0, 0, 0, 0, 0, 0, 0, 0]",1,128,512.0,6144.0,958536654,958543757,958544294,958546342,0,88416,88416,-1,1,7103,2048,2,32,32,1
16,3,"[4, 1024, 512, 1, 1, 0, 0, 0, 0, 0, 0, 0, 0, 0, 0, 4, 0, 0, 0, 0, 0, 0, 0, 0, 0, 0, 0, 0, 0, 0]",1024,128,524288.0,4194308.0,958626643,958634810,958634758,958644230,0,74144,74144,-1,1,8167,9472,2,32,32,1
12,3,"[4, 1024, 512, 1, 1, 0, 0, 0, 0, 0, 0, 0, 0, 0, 0, 4, 1024, 512, 1, 1, 0, 0, 0, 0, 0, 0, 0, 0, 0, 0]",1024,128,524288.0,6291456.0,958711468,958718330,958718374,958726214,0,76128,76128,-1,1,6862,7840,2,32,32,1
12,3,"[4, 1024, 512, 1, 1, 0, 0, 0, 0, 0, 0, 0, 0, 0, 0, 4, 1024, 512, 1, 1, 0, 0, 0, 0, 0, 0, 0, 0, 0, 0]",1024,128,524288.0,6291456.0,958794530,958801917,958802342,958810534,0,75488,75488,-1,1,7387,8192,2,32,32,1
16,3,"[4, 1024, 0, 0, 0, 0, 0, 0, 0, 0, 0, 0, 0, 0, 0, 4, 0, 0, 0, 0, 0, 0, 0, 0, 0, 0, 0, 0, 0, 0]",2,128,1024.0,8196.0,958878372,958885484,958886022,958888357,0,79712,79712,-1,1,7112,2335,2,32,32,1
12,3,"[4, 1024, 0, 0, 0, 0, 0, 0, 0, 0, 0, 0, 0, 0, 0, 4, 1024, 0, 0, 0, 0, 0, 0, 0, 0, 0, 0, 0, 0, 0]",2,128,1024.0,12288.0,958960509,958967318,958968069,958970277,0,77760,77760,-1,1,6809,2208,2,32,32,1
12,3,"[4, 1024, 0, 0, 0, 0, 0, 0, 0, 0, 0, 0, 0, 0, 0, 4, 1024, 0, 0, 0, 0, 0, 0, 0, 0, 0, 0, 0, 0, 0]",2,128,1024.0,12288.0,959040728,959047304,959048037,959050149,0,85600,85600,-1,1,6576,2112,2,32,32,1
16,3,"[4, 1024, 0, 0, 0, 0, 0, 0, 0, 0, 0, 0, 0, 0, 0, 4, 0, 0, 0, 0, 0, 0, 0, 0, 0, 0, 0, 0, 0, 0]",2,128,1024.0,8196.0,959127408,959135300,959135749,959138213,0,79968,79968,-1,1,7892,2464,2,32,32,1
12,3,"[4, 1024, 0, 0, 0, 0, 0, 0, 0, 0, 0, 0, 0, 0, 0, 4, 1024, 0, 0, 0, 0, 0, 0, 0, 0, 0, 0, 0, 0, 0]",2,128,1024.0,12288.0,959210568,959218264,959218181,959221221,0,78752,78752,-1,1,7696,3040,2,32,32,1
12,3,"[4, 1024, 0, 0, 0, 0, 0, 0, 0, 0, 0, 0, 0, 0, 0, 4, 1024, 0, 0, 0, 0, 0, 0, 0, 0, 0, 0, 0, 0, 0]",2,128,1024.0,12288.0,959292637,959299685,959299973,959302053,0,80160,80160,-1,1,7048,2080,2,32,32,1
16,3,"[4, 1024, 512, 1, 1, 0, 0, 0, 0, 0, 0, 0, 0, 0, 0, 4, 0, 0, 0, 0, 0, 0, 0, 0, 0, 0, 0, 0, 0, 0]",1024,128,524288.0,4194308.0,959374932,959382312,959382213,959391941,0,72960,72960,-1,1,7380,9728,2,32,32,1
12,3,"[4, 1024, 512, 1, 1, 0, 0, 0, 0, 0, 0, 0, 0, 0, 0, 4, 1024, 512, 1, 1, 0, 0, 0, 0, 0, 0, 0, 0, 0, 0]",1024,128,524288.0,6291456.0,959457519,959464354,959464901,959472037,0,77728,77728,-1,1,6835,7136,2,32,32,1
12,3,"[4, 1024, 512, 1, 1, 0, 0, 0, 0, 0, 0, 0, 0, 0, 0, 4, 1024, 512, 1, 1, 0, 0, 0, 0, 0, 0, 0, 0, 0, 0]",1024,128,524288.0,6291456.0,959542002,959549216,959549765,959558053,0,74912,74912,-1,1,7214,8288,2,32,32,1
16,3,"[4, 1024, 0, 0, 0, 0, 0, 0, 0, 0, 0, 0, 0, 0, 0, 4, 0, 0, 0, 0, 0, 0, 0, 0, 0, 0, 0, 0, 0, 0]",2,128,1024.0,8196.0,959624632,959632380,959632965,959635621,0,85344,85344,-1,1,7748,2656,2,32,32,1
12,3,"[4, 1024, 0, 0, 0, 0, 0, 0, 0, 0, 0, 0, 0, 0, 0, 4, 1024, 0, 0, 0, 0, 0, 0, 0, 0, 0, 0, 0, 0, 0]",2,128,1024.0,12288.0,959712640,959720496,959720965,959723429,0,79583,79583,-1,1,7856,2464,2,32,32,1
12,3,"[4, 1024, 0, 0, 0, 0, 0, 0, 0, 0, 0, 0, 0, 0, 0, 4, 1024, 0, 0, 0, 0, 0, 0, 0, 0, 0, 0, 0, 0, 0]",2,128,1024.0,12288.0,959795109,959802576,959803012,959805508,0,80192,80192,-1,1,7467,2496,2,32,32,1
16,3,"[4, 1024, 0, 0, 0, 0, 0, 0, 0, 0, 0, 0, 0, 0, 0, 4, 0, 0, 0, 0, 0, 0, 0, 0, 0, 0, 0, 0, 0, 0]",2,128,1024.0,8196.0,959877834,959885376,959885700,959887780,0,79936,79936,-1,1,7542,2080,2,32,32,1
12,3,"[4, 1024, 0, 0, 0, 0, 0, 0, 0, 0, 0, 0, 0, 0, 0, 4, 1024, 0, 0, 0, 0, 0, 0, 0, 0, 0, 0, 0, 0, 0]",2,128,1024.0,12288.0,959960531,959967184,959967716,959970756,0,80064,80064,-1,1,6653,3040,2,32,32,1
12,3,"[4, 1024, 0, 0, 0, 0, 0, 0, 0, 0, 0, 0, 0, 0, 0, 4, 1024, 0, 0, 0, 0, 0, 0, 0, 0, 0, 0, 0, 0, 0]",2,128,1024.0,12288.0,960043097,960050083,960050820,960053316,0,80032,80032,-1,1,6986,2496,2,32,32,1
16,3,"[4, 512, 1024, 1, 1, 0, 0, 0, 0, 0, 0, 0, 0, 0, 0, 4, 0, 0, 0, 0, 0, 0, 0, 0, 0, 0, 0, 0, 0, 0]",1024,128,524288.0,4194308.0,960125518,960132798,960133348,960141732,0,91360,91360,-1,1,7280,8384,2,32,32,1
12,3,"[4, 512, 1024, 1, 1, 0, 0, 0, 0, 0, 0, 0, 0, 0, 0, 4, 512, 1024, 1, 1, 0, 0, 0, 0, 0, 0, 0, 0, 0, 0]",1024,128,524288.0,6291456.0,960223350,960232173,960233092,960240036,0,79040,79040,-1,1,8823,6944,2,32,32,1
12,3,"[4, 512, 1024, 1, 1, 0, 0, 0, 0, 0, 0, 0, 0, 0, 0, 4, 512, 1024, 1, 1, 0, 0, 0, 0, 0, 0, 0, 0, 0, 0]",1024,128,524288.0,6291456.0,960310218,960317837,960319076,960327588,0,84608,84608,-1,1,7619,8512,2,32,32,1
16,3,"[4, 512, 0, 0, 0, 0, 0, 0, 0, 0, 0, 0, 0, 0, 0, 4, 0, 0, 0, 0, 0, 0, 0, 0, 0, 0, 0, 0, 0, 0]",1,128,512.0,4100.0,960401727,960412326,960412196,960415364,0,99008,99008,-1,1,10599,3168,2,32,32,1
12,3,"[4, 512, 0, 0, 0, 0, 0, 0, 0, 0, 0, 0, 0, 0, 0, 4, 512, 0, 0, 0, 0, 0, 0, 0, 0, 0, 0, 0, 0, 0]",1,128,512.0,6144.0,960503830,960514061,960514372,960516516,0,102559,102559,-1,1,10231,2144,2,32,32,1
12,3,"[4, 512, 0, 0, 0, 0, 0, 0, 0, 0, 0, 0, 0, 0, 0, 4, 512, 0, 0, 0, 0, 0, 0, 0, 0, 0, 0, 0, 0, 0]",1,128,512.0,6144.0,960608520,960619444,960619075,960622276,0,103039,103039,-1,1,10924,3201,2,32,32,1
16,3,"[4, 512, 0, 0, 0, 0, 0, 0, 0, 0, 0, 0, 0, 0, 0, 4, 0, 0, 0, 0, 0, 0, 0, 0, 0, 0, 0, 0, 0, 0]",1,128,512.0,4100.0,960713800,960725133,960725315,960727459,0,110336,110336,-1,1,11333,2144,2,32,32,1
12,3,"[4, 512, 0, 0, 0, 0, 0, 0, 0, 0, 0, 0, 0, 0, 0, 4, 512, 0, 0, 0, 0, 0, 0, 0, 0, 0, 0, 0, 0, 0]",1,128,512.0,6144.0,960817290,960837701,960837795,960840099,0,105504,105504,-1,1,20411,2304,2,32,32,1
12,3,"[4, 512, 0, 0, 0, 0, 0, 0, 0, 0, 0, 0, 0, 0, 0, 4, 512, 0, 0, 0, 0, 0, 0, 0, 0, 0, 0, 0, 0, 0]",1,128,512.0,6144.0,960934360,960944846,960945603,960948067,0,115264,115264,-1,1,10486,2464,2,32,32,1
16,3,"[4, 512, 512, 3, 3, 0, 0, 0, 0, 0, 0, 0, 0, 0, 0, 4, 0, 0, 0, 0, 0, 0, 0, 0, 0, 0, 0, 0, 0, 0]",4608,128,2359296.0,18874372.0,961050296,961064345,961063331,961099907,0,210976,210976,-1,1,14049,36576,2,32,32,1
12,3,"[4, 512, 512, 3, 3, 0, 0, 0, 0, 0, 0, 0, 0, 0, 0, 4, 512, 512, 3, 3, 0, 0, 0, 0, 0, 0, 0, 0, 0, 0]",4608,128,2359296.0,28311552.0,961295954,961310821,961310883,961364386,0,72992,72992,-1,1,14867,53503,2,32,32,1
12,3,"[4, 512, 512, 3, 3, 0, 0, 0, 0, 0, 0, 0, 0, 0, 0, 4, 512, 512, 3, 3, 0, 0, 0, 0, 0, 0, 0, 0, 0, 0]",4608,128,2359296.0,28311552.0,961424755,961436995,961437378,961490754,0,59552,59552,-1,1,12240,53376,2,32,32,1
16,3,"[4, 512, 0, 0, 0, 0, 0, 0, 0, 0, 0, 0, 0, 0, 0, 4, 0, 0, 0, 0, 0, 0, 0, 0, 0, 0, 0, 0, 0, 0]",1,128,512.0,4100.0,961536810,961549646,961550306,961552802,0,114656,114656,-1,1,12836,2496,2,32,32,1
12,3,"[4, 512, 0, 0, 0, 0, 0, 0, 0, 0, 0, 0, 0, 0, 0, 4, 512, 0, 0, 0, 0, 0, 0, 0, 0, 0, 0, 0, 0, 0]",1,128,512.0,6144.0,961655741,961667638,961667458,961669538,0,100576,100576,-1,1,11897,2080,2,32,32,1
12,3,"[4, 512, 0, 0, 0, 0, 0, 0, 0, 0, 0, 0, 0, 0, 0, 4, 512, 0, 0, 0, 0, 0, 0, 0, 0, 0, 0, 0, 0, 0]",1,128,512.0,6144.0,961759514,961769880,961770114,961773154,0,97056,97056,-1,1,10366,3040,2,32,32,1
16,3,"[4, 512, 0, 0, 0, 0, 0, 0, 0, 0, 0, 0, 0, 0, 0, 4, 0, 0, 0, 0, 0, 0, 0, 0, 0, 0, 0, 0, 0, 0]",1,128,512.0,4100.0,961859945,961870365,961870210,961872290,0,83840,83840,-1,1,10420,2080,2,32,32,1
12,3,"[4, 512, 0, 0, 0, 0, 0, 0, 0, 0, 0, 0, 0, 0, 0, 4, 512, 0, 0, 0, 0, 0, 0, 0, 0, 0, 0, 0, 0, 0]",1,128,512.0,6144.0,961947512,961955889,961956130,961958306,0,80224,80224,-1,1,8377,2176,2,32,32,1
12,3,"[4, 512, 0, 0, 0, 0, 0, 0, 0, 0, 0, 0, 0, 0, 0, 4, 512, 0, 0, 0, 0, 0, 0, 0, 0, 0, 0, 0, 0, 0]",1,128,512.0,6144.0,962030128,962038029,962038530,962041570,0,84672,84672,-1,1,7901,3040,2,32,32,1
16,3,"[4, 1024, 512, 1, 1, 0, 0, 0, 0, 0, 0, 0, 0, 0, 0, 4, 0, 0, 0, 0, 0, 0, 0, 0, 0, 0, 0, 0, 0, 0]",1024,128,524288.0,4194308.0,962117557,962126118,962126242,962134433,0,83968,83968,-1,1,8561,8191,2,32,32,1
12,3,"[4, 1024, 512, 1, 1, 0, 0, 0, 0, 0, 0, 0, 0, 0, 0, 4, 1024, 512, 1, 1, 0, 0, 0, 0, 0, 0, 0, 0, 0, 0]",1024,128,524288.0,6291456.0,962209698,962217897,962218401,962225602,0,76479,76479,-1,1,8199,7201,2,32,32,1
12,3,"[4, 1024, 512, 1, 1, 0, 0, 0, 0, 0, 0, 0, 0, 0, 0, 4, 1024, 512, 1, 1, 0, 0, 0, 0, 0, 0, 0, 0, 0, 0]",1024,128,524288.0,6291456.0,962294060,962301566,962302081,962310561,0,76032,76032,-1,1,7506,8480,2,32,32,1
16,3,"[4, 1024, 0, 0, 0, 0, 0, 0, 0, 0, 0, 0, 0, 0, 0, 4, 0, 0, 0, 0, 0, 0, 0, 0, 0, 0, 0, 0, 0, 0]",2,128,1024.0,8196.0,962378350,962386874,962386593,962389729,0,78528,78528,-1,1,8524,3136,2,32,32,1
12,3,"[4, 1024, 0, 0, 0, 0, 0, 0, 0, 0, 0, 0, 0, 0, 0, 4, 1024, 0, 0, 0, 0, 0, 0, 0, 0, 0, 0, 0, 0, 0]",2,128,1024.0,12288.0,962460681,962467871,962468257,962470305,0,81952,81952,-1,1,7190,2048,2,32,32,1
12,3,"[4, 1024, 0, 0, 0, 0, 0, 0, 0, 0, 0, 0, 0, 0, 0, 4, 1024, 0, 0, 0, 0, 0, 0, 0, 0, 0, 0, 0, 0, 0]",2,128,1024.0,12288.0,962544361,962552184,962552257,962555329,0,82432,82432,-1,1,7823,3072,2,32,32,1
16,3,"[4, 1024, 0, 0, 0, 0, 0, 0, 0, 0, 0, 0, 0, 0, 0, 4, 0, 0, 0, 0, 0, 0, 0, 0, 0, 0, 0, 0, 0, 0]",2,128,1024.0,8196.0,962628887,962637474,962637761,962640225,0,78176,78176,-1,1,8587,2464,2,32,32,1
12,3,"[4, 1024, 0, 0, 0, 0, 0, 0, 0, 0, 0, 0, 0, 0, 0, 4, 1024, 0, 0, 0, 0, 0, 0, 0, 0, 0, 0, 0, 0, 0]",2,128,1024.0,12288.0,962711090,962727021,962718401,962721569,0,92032,92032,-1,1,15931,3168,2,32,32,1
12,3,"[4, 1024, 0, 0, 0, 0, 0, 0, 0, 0, 0, 0, 0, 0, 0, 4, 1024, 0, 0, 0, 0, 0, 0, 0, 0, 0, 0, 0, 0, 0]",2,128,1024.0,12288.0,962804893,962812846,962813601,962816065,0,88000,88000,-1,1,7953,2464,2,32,32,1
16,3,"[4, 512, 1024, 1, 1, 0, 0, 0, 0, 0, 0, 0, 0, 0, 0, 4, 0, 0, 0, 0, 0, 0, 0, 0, 0, 0, 0, 0, 0, 0]",1024,128,524288.0,4194308.0,962894485,962903825,962904065,962912673,0,75807,75807,-1,1,9340,8608,2,32,32,1
12,3,"[4, 512, 1024, 1, 1, 0, 0, 0, 0, 0, 0, 0, 0, 0, 0, 4, 512, 1024, 1, 1, 0, 0, 0, 0, 0, 0, 0, 0, 0, 0]",1024,128,524288.0,6291456.0,962980817,962988641,962988480,962996288,0,76096,76096,-1,1,7824,7808,2,32,32,1
12,3,"[4, 512, 1024, 1, 1, 0, 0, 0, 0, 0, 0, 0, 0, 0, 0, 4, 512, 1024, 1, 1, 0, 0, 0, 0, 0, 0, 0, 0, 0, 0]",1024,128,524288.0,6291456.0,963064853,963072216,963072384,963080608,0,75744,75744,-1,1,7363,8224,2,32,32,1
16,3,"[4, 512, 0, 0, 0, 0, 0, 0, 0, 0, 0, 0, 0, 0, 0, 4, 0, 0, 0, 0, 0, 0, 0, 0, 0, 0, 0, 0, 0, 0]",1,128,512.0,4100.0,963148248,963155992,963156352,963158432,0,79840,79840,-1,1,7744,2080,2,32,32,1
12,3,"[4, 512, 0, 0, 0, 0, 0, 0, 0, 0, 0, 0, 0, 0, 0, 4, 512, 0, 0, 0, 0, 0, 0, 0, 0, 0, 0, 0, 0, 0]",1,128,512.0,6144.0,963231107,963237980,963238272,963240352,0,86304,86304,-1,1,6873,2080,2,32,32,1
12,3,"[4, 512, 0, 0, 0, 0, 0, 0, 0, 0, 0, 0, 0, 0, 0, 4, 512, 0, 0, 0, 0, 0, 0, 0, 0, 0, 0, 0, 0, 0]",1,128,512.0,6144.0,963319663,963326519,963326656,963329696,0,80608,80608,-1,1,6856,3040,2,32,32,1
16,3,"[4, 512, 0, 0, 0, 0, 0, 0, 0, 0, 0, 0, 0, 0, 0, 4, 0, 0, 0, 0, 0, 0, 0, 0, 0, 0, 0, 0, 0, 0]",1,128,512.0,4100.0,963402424,963410052,963410304,963412384,0,79872,79872,-1,1,7628,2080,2,32,32,1
12,3,"[4, 512, 0, 0, 0, 0, 0, 0, 0, 0, 0, 0, 0, 0, 0, 4, 512, 0, 0, 0, 0, 0, 0, 0, 0, 0, 0, 0, 0, 0]",1,128,512.0,6144.0,963484746,963492029,963492256,963495648,0,80128,80128,-1,1,7283,3392,2,32,32,1
12,3,"[4, 512, 0, 0, 0, 0, 0, 0, 0, 0, 0, 0, 0, 0, 0, 4, 512, 0, 0, 0, 0, 0, 0, 0, 0, 0, 0, 0, 0, 0]",1,128,512.0,6144.0,963567809,963575124,963575776,963578272,0,86304,86304,-1,1,7315,2496,2,32,32,1
16,3,"[4, 512, 512, 3, 3, 0, 0, 0, 0, 0, 0, 0, 0, 0, 0, 4, 0, 0, 0, 0, 0, 0, 0, 0, 0, 0, 0, 0, 0, 0]",4608,128,2359296.0,18874372.0,963656888,963665186,963664576,963701152,0,48992,48992,-1,1,8298,36576,2,32,32,1
12,3,"[4, 512, 512, 3, 3, 0, 0, 0, 0, 0, 0, 0, 0, 0, 0, 4, 512, 512, 3, 3, 0, 0, 0, 0, 0, 0, 0, 0, 0, 0]",4608,128,2359296.0,28311552.0,963741007,963748761,963750144,963803551,0,34817,34817,-1,1,7754,53407,2,32,32,1
12,3,"[4, 512, 512, 3, 3, 0, 0, 0, 0, 0, 0, 0, 0, 0, 0, 4, 512, 512, 3, 3, 0, 0, 0, 0, 0, 0, 0, 0, 0, 0]",4608,128,2359296.0,28311552.0,963830506,963837724,963838368,963891615,0,30368,30368,-1,1,7218,53247,2,32,32,1
16,3,"[4, 512, 0, 0, 0, 0, 0, 0, 0, 0, 0, 0, 0, 0, 0, 4, 0, 0, 0, 0, 0, 0, 0, 0, 0, 0, 0, 0, 0, 0]",1,128,512.0,4100.0,963913613,963920938,963921983,963924383,0,77824,77824,-1,1,7325,2400,2,32,32,1
12,3,"[4, 512, 0, 0, 0, 0, 0, 0, 0, 0, 0, 0, 0, 0, 0, 4, 512, 0, 0, 0, 0, 0, 0, 0, 0, 0, 0, 0, 0, 0]",1,128,512.0,6144.0,963994251,964001673,964002207,964004255,0,78208,78208,-1,1,7422,2048,2,32,32,1
12,3,"[4, 512, 0, 0, 0, 0, 0, 0, 0, 0, 0, 0, 0, 0, 0, 4, 512, 0, 0, 0, 0, 0, 0, 0, 0, 0, 0, 0, 0, 0]",1,128,512.0,6144.0,964075431,964082388,964082463,964085663,0,79808,79808,-1,1,6957,3200,2,32,32,1
16,3,"[4, 512, 0, 0, 0, 0, 0, 0, 0, 0, 0, 0, 0, 0, 0, 4, 0, 0, 0, 0, 0, 0, 0, 0, 0, 0, 0, 0, 0, 0]",1,128,512.0,4100.0,964156754,964164391,964165471,964167967,0,90240,90240,-1,1,7637,2496,2,32,32,1
12,3,"[4, 512, 0, 0, 0, 0, 0, 0, 0, 0, 0, 0, 0, 0, 0, 4, 512, 0, 0, 0, 0, 0, 0, 0, 0, 0, 0, 0, 0, 0]",1,128,512.0,6144.0,964249234,964257369,964258207,964260255,0,79456,79456,-1,1,8135,2048,2,32,32,1
12,3,"[4, 512, 0, 0, 0, 0, 0, 0, 0, 0, 0, 0, 0, 0, 0, 4, 512, 0, 0, 0, 0, 0, 0, 0, 0, 0, 0, 0, 0, 0]",1,128,512.0,6144.0,964331685,964339094,964339711,964342175,0,90048,90048,-1,1,7409,2464,2,32,32,1
16,3,"[4, 1024, 512, 1, 1, 0, 0, 0, 0, 0, 0, 0, 0, 0, 0, 4, 0, 0, 0, 0, 0, 0, 0, 0, 0, 0, 0, 0, 0, 0]",1024,128,524288.0,4194308.0,964423761,964431838,964432223,964440479,0,75584,75584,-1,1,8077,8256,2,32,32,1
12,3,"[4, 1024, 512, 1, 1, 0, 0, 0, 0, 0, 0, 0, 0, 0, 0, 4, 1024, 512, 1, 1, 0, 0, 0, 0, 0, 0, 0, 0, 0, 0]",1024,128,524288.0,6291456.0,964507439,964515326,964516063,964523455,0,74944,74944,-1,1,7887,7392,2,32,32,1
12,3,"[4, 1024, 512, 1, 1, 0, 0, 0, 0, 0, 0, 0, 0, 0, 0, 4, 1024, 512, 1, 1, 0, 0, 0, 0, 0, 0, 0, 0, 0, 0]",1024,128,524288.0,6291456.0,964590984,964598209,964598399,964606367,0,76928,76928,-1,1,7225,7968,2,32,32,1
16,3,"[4, 1024, 0, 0, 0, 0, 0, 0, 0, 0, 0, 0, 0, 0, 0, 4, 0, 0, 0, 0, 0, 0, 0, 0, 0, 0, 0, 0, 0, 0]",2,128,1024.0,8196.0,964675052,964682792,964683295,964685887,0,80191,80191,-1,1,7740,2592,2,32,32,1
12,3,"[4, 1024, 0, 0, 0, 0, 0, 0, 0, 0, 0, 0, 0, 0, 0, 4, 1024, 0, 0, 0, 0, 0, 0, 0, 0, 0, 0, 0, 0, 0]",2,128,1024.0,12288.0,964758763,964766089,964766078,964768158,0,79840,79840,-1,1,7326,2080,2,32,32,1
12,3,"[4, 1024, 0, 0, 0, 0, 0, 0, 0, 0, 0, 0, 0, 0, 0, 4, 1024, 0, 0, 0, 0, 0, 0, 0, 0, 0, 0, 0, 0, 0]",2,128,1024.0,12288.0,964840860,964847466,964847998,964850078,0,89568,89568,-1,1,6606,2080,2,32,32,1
16,3,"[4, 1024, 0, 0, 0, 0, 0, 0, 0, 0, 0, 0, 0, 0, 0, 4, 0, 0, 0, 0, 0, 0, 0, 0, 0, 0, 0, 0, 0, 0]",2,128,1024.0,8196.0,964930477,964938641,964939646,964942174,0,211008,211008,-1,1,8164,2528,2,32,32,1
12,3,"[4, 1024, 0, 0, 0, 0, 0, 0, 0, 0, 0, 0, 0, 0, 0, 4, 1024, 0, 0, 0, 0, 0, 0, 0, 0, 0, 0, 0, 0, 0]",2,128,1024.0,12288.0,965141986,965153169,965153182,965155230,0,87616,87616,-1,1,11183,2048,2,32,32,1
12,3,"[4, 1024, 0, 0, 0, 0, 0, 0, 0, 0, 0, 0, 0, 0, 0, 4, 1024, 0, 0, 0, 0, 0, 0, 0, 0, 0, 0, 0, 0, 0]",2,128,1024.0,12288.0,965234398,965242254,965242846,965245342,0,85536,85536,-1,1,7856,2496,2,32,32,1
16,3,"[4, 512, 1024, 1, 1, 0, 0, 0, 0, 0, 0, 0, 0, 0, 0, 4, 0, 0, 0, 0, 0, 0, 0, 0, 0, 0, 0, 0, 0, 0]",1024,128,524288.0,4194308.0,965321840,965330547,965330878,965339550,0,75744,75744,-1,1,8707,8672,2,32,32,1
12,3,"[4, 512, 1024, 1, 1, 0, 0, 0, 0, 0, 0, 0, 0, 0, 0, 4, 512, 1024, 1, 1, 0, 0, 0, 0, 0, 0, 0, 0, 0, 0]",1024,128,524288.0,6291456.0,965407451,965415191,965415294,965422750,0,83711,83711,-1,1,7740,7456,2,32,32,1
12,3,"[4, 512, 1024, 1, 1, 0, 0, 0, 0, 0, 0, 0, 0, 0, 0, 4, 512, 1024, 1, 1, 0, 0, 0, 0, 0, 0, 0, 0, 0, 0]",1024,128,524288.0,6291456.0,965498271,965505726,965506461,965513630,0,80191,80191,-1,1,7455,7169,2,32,32,1
16,3,"[4, 512, 0, 0, 0, 0, 0, 0, 0, 0, 0, 0, 0, 0, 0, 4, 0, 0, 0, 0, 0, 0, 0, 0, 0, 0, 0, 0, 0, 0]",1,128,512.0,4100.0,965585799,965594090,965593821,965596989,0,82752,82752,-1,1,8291,3168,2,32,32,1
12,3,"[4, 512, 0, 0, 0, 0, 0, 0, 0, 0, 0, 0, 0, 0, 0, 4, 512, 0, 0, 0, 0, 0, 0, 0, 0, 0, 0, 0, 0, 0]",1,128,512.0,6144.0,965672053,965679689,965679741,965682813,0,80064,80064,-1,1,7636,3072,2,32,32,1
12,3,"[4, 512, 0, 0, 0, 0, 0, 0, 0, 0, 0, 0, 0, 0, 0, 4, 512, 0, 0, 0, 0, 0, 0, 0, 0, 0, 0, 0, 0, 0]",1,128,512.0,6144.0,965754338,965762204,965762877,965765373,0,77984,77984,-1,1,7866,2496,2,32,32,1
16,3,"[4, 512, 0, 0, 0, 0, 0, 0, 0, 0, 0, 0, 0, 0, 0, 4, 0, 0, 0, 0, 0, 0, 0, 0, 0, 0, 0, 0, 0, 0]",1,128,512.0,4100.0,965835257,965843319,965843357,965845405,0,79488,79488,-1,1,8062,2048,2,32,32,1
12,3,"[4, 512, 0, 0, 0, 0, 0, 0, 0, 0, 0, 0, 0, 0, 0, 4, 512, 0, 0, 0, 0, 0, 0, 0, 0, 0, 0, 0, 0, 0]",1,128,512.0,6144.0,965917330,965924591,965924893,965927325,0,78176,78176,-1,1,7261,2432,2,32,32,1
12,3,"[4, 512, 0, 0, 0, 0, 0, 0, 0, 0, 0, 0, 0, 0, 0, 4, 512, 0, 0, 0, 0, 0, 0, 0, 0, 0, 0, 0, 0, 0]",1,128,512.0,6144.0,965998603,966005277,966005501,966008957,0,89408,89408,-1,1,6674,3456,2,32,32,1
16,3,"[4, 512, 512, 3, 3, 0, 0, 0, 0, 0, 0, 0, 0, 0, 0, 4, 0, 0, 0, 0, 0, 0, 0, 0, 0, 0, 0, 0, 0, 0]",4608,128,2359296.0,18874372.0,966089713,966097931,966098365,966134173,0,49088,49088,-1,1,8218,35808,2,32,32,1
12,3,"[4, 512, 512, 3, 3, 0, 0, 0, 0, 0, 0, 0, 0, 0, 0, 4, 512, 512, 3, 3, 0, 0, 0, 0, 0, 0, 0, 0, 0, 0]",4608,128,2359296.0,28311552.0,966175511,966182646,966183261,966236573,0,30272,30272,-1,1,7135,53312,2,32,32,1
12,3,"[4, 512, 512, 3, 3, 0, 0, 0, 0, 0, 0, 0, 0, 0, 0, 4, 512, 512, 3, 3, 0, 0, 0, 0, 0, 0, 0, 0, 0, 0]",4608,128,2359296.0,28311552.0,966258752,966265911,966266845,966320413,0,30848,30848,-1,1,7159,53568,2,32,32,1
16,3,"[4, 512, 0, 0, 0, 0, 0, 0, 0, 0, 0, 0, 0, 0, 0, 4, 0, 0, 0, 0, 0, 0, 0, 0, 0, 0, 0, 0, 0, 0]",1,128,512.0,4100.0,966343288,966350792,966351261,966354524,0,79936,79936,-1,1,7504,3263,2,32,32,1
12,3,"[4, 512, 0, 0, 0, 0, 0, 0, 0, 0, 0, 0, 0, 0, 0, 4, 512, 0, 0, 0, 0, 0, 0, 0, 0, 0, 0, 0, 0, 0]",1,128,512.0,6144.0,966426562,966433964,966434460,966437212,0,77824,77824,-1,1,7402,2752,2,32,32,1
12,3,"[4, 512, 0, 0, 0, 0, 0, 0, 0, 0, 0, 0, 0, 0, 0, 4, 512, 0, 0, 0, 0, 0, 0, 0, 0, 0, 0, 0, 0, 0]",1,128,512.0,6144.0,966507633,966514275,966515036,966517148,0,88032,88032,-1,1,6642,2112,2,32,32,1
16,3,"[4, 512, 0, 0, 0, 0, 0, 0, 0, 0, 0, 0, 0, 0, 0, 4, 0, 0, 0, 0, 0, 0, 0, 0, 0, 0, 0, 0, 0, 0]",1,128,512.0,4100.0,966597182,966604792,966605180,966607260,0,82304,82304,-1,1,7610,2080,2,32,32,1
12,3,"[4, 512, 0, 0, 0, 0, 0, 0, 0, 0, 0, 0, 0, 0, 0, 4, 512, 0, 0, 0, 0, 0, 0, 0, 0, 0, 0, 0, 0, 0]",1,128,512.0,6144.0,966681937,966689628,966689564,966693020,0,80096,80096,-1,1,7691,3456,2,32,32,1
12,3,"[4, 512, 0, 0, 0, 0, 0, 0, 0, 0, 0, 0, 0, 0, 0, 4, 512, 0, 0, 0, 0, 0, 0, 0, 0, 0, 0, 0, 0, 0]",1,128,512.0,6144.0,966765960,966772838,966773116,966775196,0,81888,81888,-1,1,6878,2080,2,32,32,1
16,3,"[4, 1024, 512, 1, 1, 0, 0, 0, 0, 0, 0, 0, 0, 0, 0, 4, 0, 0, 0, 0, 0, 0, 0, 0, 0, 0, 0, 0, 0, 0]",1024,128,524288.0,4194308.0,966849299,966857120,966857084,966865308,0,75744,75744,-1,1,7821,8224,2,32,32,1
12,3,"[4, 1024, 512, 1, 1, 0, 0, 0, 0, 0, 0, 0, 0, 0, 0, 4, 1024, 512, 1, 1, 0, 0, 0, 0, 0, 0, 0, 0, 0, 0]",1024,128,524288.0,6291456.0,966933576,966940661,966941052,966948284,0,76032,76032,-1,1,7085,7232,2,32,32,1
12,3,"[4, 1024, 512, 1, 1, 0, 0, 0, 0, 0, 0, 0, 0, 0, 0, 4, 1024, 512, 1, 1, 0, 0, 0, 0, 0, 0, 0, 0, 0, 0]",1024,128,524288.0,6291456.0,967016395,967023161,967024316,967032380,0,80736,80736,-1,1,6766,8064,2,32,32,1
16,3,"[4, 1024, 0, 0, 0, 0, 0, 0, 0, 0, 0, 0, 0, 0, 0, 4, 0, 0, 0, 0, 0, 0, 0, 0, 0, 0, 0, 0, 0, 0]",2,128,1024.0,8196.0,967104524,967112232,967113116,967115164,0,79872,79872,-1,1,7708,2048,2,32,32,1
12,3,"[4, 1024, 0, 0, 0, 0, 0, 0, 0, 0, 0, 0, 0, 0, 0, 4, 1024, 0, 0, 0, 0, 0, 0, 0, 0, 0, 0, 0, 0, 0]",2,128,1024.0,12288.0,967187845,967194916,967195036,967197083,0,79392,79392,-1,1,7071,2047,2,32,32,1
12,3,"[4, 1024, 0, 0, 0, 0, 0, 0, 0, 0, 0, 0, 0, 0, 0, 4, 1024, 0, 0, 0, 0, 0, 0, 0, 0, 0, 0, 0, 0, 0]",2,128,1024.0,12288.0,967269028,967275806,967276475,967279003,0,77792,77792,-1,1,6778,2528,2,32,32,1
16,3,"[4, 1024, 0, 0, 0, 0, 0, 0, 0, 0, 0, 0, 0, 0, 0, 4, 0, 0, 0, 0, 0, 0, 0, 0, 0, 0, 0, 0, 0, 0]",2,128,1024.0,8196.0,967349286,967356759,967356795,967358875,0,83968,83968,-1,1,7473,2080,2,32,32,1
12,3,"[4, 1024, 0, 0, 0, 0, 0, 0, 0, 0, 0, 0, 0, 0, 0, 4, 1024, 0, 0, 0, 0, 0, 0, 0, 0, 0, 0, 0, 0, 0]",2,128,1024.0,12288.0,967435122,967442077,967442843,967444891,0,78848,78848,-1,1,6955,2048,2,32,32,1
12,3,"[4, 1024, 0, 0, 0, 0, 0, 0, 0, 0, 0, 0, 0, 0, 0, 4, 1024, 0, 0, 0, 0, 0, 0, 0, 0, 0, 0, 0, 0, 0]",2,128,1024.0,12288.0,967516391,967523107,967523739,967526203,0,82080,82080,-1,1,6716,2464,2,32,32,1
16,3,"[4, 512, 1024, 1, 1, 0, 0, 0, 0, 0, 0, 0, 0, 0, 0, 4, 0, 0, 0, 0, 0, 0, 0, 0, 0, 0, 0, 0, 0, 0]",1024,128,524288.0,4194308.0,967599727,967608032,967608283,967616923,0,81536,81536,-1,1,8305,8640,2,32,32,1
12,3,"[4, 512, 1024, 1, 1, 0, 0, 0, 0, 0, 0, 0, 0, 0, 0, 4, 512, 1024, 1, 1, 0, 0, 0, 0, 0, 0, 0, 0, 0, 0]",1024,128,524288.0,6291456.0,967690399,967697989,967698459,967704987,0,88064,88064,-1,1,7590,6528,2,32,32,1
12,3,"[4, 512, 1024, 1, 1, 0, 0, 0, 0, 0, 0, 0, 0, 0, 0, 4, 512, 1024, 1, 1, 0, 0, 0, 0, 0, 0, 0, 0, 0, 0]",1024,128,524288.0,6291456.0,967783233,967792568,967793051,967801243,0,97600,97600,-1,1,9335,8192,2,32,32,1
16,3,"[4, 512, 0, 0, 0, 0, 0, 0, 0, 0, 0, 0, 0, 0, 0, 4, 0, 0, 0, 0, 0, 0, 0, 0, 0, 0, 0, 0, 0, 0]",1,128,512.0,4100.0,967888058,967898245,967898843,967901531,0,101535,101535,-1,1,10187,2688,2,32,32,1
12,3,"[4, 512, 0, 0, 0, 0, 0, 0, 0, 0, 0, 0, 0, 0, 0, 4, 512, 0, 0, 0, 0, 0, 0, 0, 0, 0, 0, 0, 0, 0]",1,128,512.0,6144.0,967992210,968002836,968003066,968005530,0,98816,98816,-1,1,10626,2464,2,32,32,1
12,3,"[4, 512, 0, 0, 0, 0, 0, 0, 0, 0, 0, 0, 0, 0, 0, 4, 512, 0, 0, 0, 0, 0, 0, 0, 0, 0, 0, 0, 0, 0]",1,128,512.0,6144.0,968094476,968104439,968104346,968106394,0,113728,113728,-1,1,9963,2048,2,32,32,1
16,3,"[4, 512, 0, 0, 0, 0, 0, 0, 0, 0, 0, 0, 0, 0, 0, 4, 0, 0, 0, 0, 0, 0, 0, 0, 0, 0, 0, 0, 0, 0]",1,128,512.0,4100.0,968207893,968220179,968220122,968222586,0,113152,113152,-1,1,12286,2464,2,32,32,1
12,3,"[4, 512, 0, 0, 0, 0, 0, 0, 0, 0, 0, 0, 0, 0, 0, 4, 512, 0, 0, 0, 0, 0, 0, 0, 0, 0, 0, 0, 0, 0]",1,128,512.0,6144.0,968324771,968336203,968335738,968337882,0,112544,112544,-1,1,11432,2144,2,32,32,1
12,3,"[4, 512, 0, 0, 0, 0, 0, 0, 0, 0, 0, 0, 0, 0, 0, 4, 512, 0, 0, 0, 0, 0, 0, 0, 0, 0, 0, 0, 0, 0]",1,128,512.0,6144.0,968438623,968451256,968450426,968452506,0,111712,111712,-1,1,12633,2080,2,32,32,1
16,3,"[4, 512, 512, 3, 3, 0, 0, 0, 0, 0, 0, 0, 0, 0, 0, 4, 0, 0, 0, 0, 0, 0, 0, 0, 0, 0, 0, 0, 0, 0]",4608,128,2359296.0,18874372.0,968552841,968564076,968564218,968599962,0,90080,90080,-1,1,11235,35744,2,32,32,1
12,3,"[4, 512, 512, 3, 3, 0, 0, 0, 0, 0, 0, 0, 0, 0, 0, 4, 512, 512, 3, 3, 0, 0, 0, 0, 0, 0, 0, 0, 0, 0]",4608,128,2359296.0,28311552.0,968679365,968690242,968690042,968743322,0,51552,51552,-1,1,10877,53280,2,32,32,1
12,3,"[4, 512, 512, 3, 3, 0, 0, 0, 0, 0, 0, 0, 0, 0, 0, 4, 512, 512, 3, 3, 0, 0, 0, 0, 0, 0, 0, 0, 0, 0]",4608,128,2359296.0,28311552.0,968784707,968795028,968794874,968848825,0,196896,196896,-1,1,10321,53951,2,32,32,1
16,3,"[4, 512, 0, 0, 0, 0, 0, 0, 0, 0, 0, 0, 0, 0, 0, 4, 0, 0, 0, 0, 0, 0, 0, 0, 0, 0, 0, 0, 0, 0]",1,128,512.0,4100.0,969030100,969045721,969045721,969048441,0,122880,122880,-1,1,15621,2720,2,32,32,1
12,3,"[4, 512, 0, 0, 0, 0, 0, 0, 0, 0, 0, 0, 0, 0, 0, 4, 512, 0, 0, 0, 0, 0, 0, 0, 0, 0, 0, 0, 0, 0]",1,128,512.0,6144.0,969158764,969171401,969171321,969173401,0,106656,106656,-1,1,12637,2080,2,32,32,1
12,3,"[4, 512, 0, 0, 0, 0, 0, 0, 0, 0, 0, 0, 0, 0, 0, 4, 512, 0, 0, 0, 0, 0, 0, 0, 0, 0, 0, 0, 0, 0]",1,128,512.0,6144.0,969269244,969280422,969280057,969283097,0,107360,107360,-1,1,11178,3040,2,32,32,1
16,3,"[4, 512, 0, 0, 0, 0, 0, 0, 0, 0, 0, 0, 0, 0, 0, 4, 0, 0, 0, 0, 0, 0, 0, 0, 0, 0, 0, 0, 0, 0]",1,128,512.0,4100.0,969379199,969390825,969390457,969392537,0,103904,103904,-1,1,11626,2080,2,32,32,1
12,3,"[4, 512, 0, 0, 0, 0, 0, 0, 0, 0, 0, 0, 0, 0, 0, 4, 512, 0, 0, 0, 0, 0, 0, 0, 0, 0, 0, 0, 0, 0]",1,128,512.0,6144.0,969485284,969496336,969496441,969498937,0,101472,101472,-1,1,11052,2496,2,32,32,1
12,3,"[4, 512, 0, 0, 0, 0, 0, 0, 0, 0, 0, 0, 0, 0, 0, 4, 512, 0, 0, 0, 0, 0, 0, 0, 0, 0, 0, 0, 0, 0]",1,128,512.0,6144.0,969589759,969599830,969600409,969602873,0,107103,107103,-1,1,10071,2464,2,32,32,1
16,3,"[4, 1024, 512, 1, 1, 0, 0, 0, 0, 0, 0, 0, 0, 0, 0, 4, 0, 0, 0, 0, 0, 0, 0, 0, 0, 0, 0, 0, 0, 0]",1024,128,524288.0,4194308.0,969697220,969710458,969709976,969718168,0,121984,121984,-1,1,13238,8192,2,32,32,1
12,3,"[4, 1024, 512, 1, 1, 0, 0, 0, 0, 0, 0, 0, 0, 0, 0, 4, 1024, 512, 1, 1, 0, 0, 0, 0, 0, 0, 0, 0, 0, 0]",1024,128,524288.0,6291456.0,969827857,969840195,969840152,969847192,0,101568,101568,-1,1,12338,7040,2,32,32,1
12,3,"[4, 1024, 512, 1, 1, 0, 0, 0, 0, 0, 0, 0, 0, 0, 0, 4, 1024, 512, 1, 1, 0, 0, 0, 0, 0, 0, 0, 0, 0, 0]",1024,128,524288.0,6291456.0,969937808,969948213,969948760,969957176,0,98912,98912,-1,1,10405,8416,2,32,32,1
16,3,"[4, 1024, 0, 0, 0, 0, 0, 0, 0, 0, 0, 0, 0, 0, 0, 4, 0, 0, 0, 0, 0, 0, 0, 0, 0, 0, 0, 0, 0, 0]",2,128,1024.0,8196.0,970045097,970056115,970056088,970059288,0,99200,99200,-1,1,11018,3200,2,32,32,1
12,3,"[4, 1024, 0, 0, 0, 0, 0, 0, 0, 0, 0, 0, 0, 0, 0, 4, 1024, 0, 0, 0, 0, 0, 0, 0, 0, 0, 0, 0, 0, 0]",2,128,1024.0,12288.0,970148173,970158729,970158488,970161560,0,100384,100384,-1,1,10556,3072,2,32,32,1
12,3,"[4, 1024, 0, 0, 0, 0, 0, 0, 0, 0, 0, 0, 0, 0, 0, 4, 1024, 0, 0, 0, 0, 0, 0, 0, 0, 0, 0, 0, 0, 0]",2,128,1024.0,12288.0,970251635,970261602,970261944,970264440,0,102720,102720,-1,1,9967,2496,2,32,32,1
16,3,"[4, 1024, 0, 0, 0, 0, 0, 0, 0, 0, 0, 0, 0, 0, 0, 4, 0, 0, 0, 0, 0, 0, 0, 0, 0, 0, 0, 0, 0, 0]",2,128,1024.0,8196.0,970356626,970367002,970367160,970369432,0,108096,108096,-1,1,10376,2272,2,32,32,1
12,3,"[4, 1024, 0, 0, 0, 0, 0, 0, 0, 0, 0, 0, 0, 0, 0, 4, 1024, 0, 0, 0, 0, 0, 0, 0, 0, 0, 0, 0, 0, 0]",2,128,1024.0,12288.0,970466443,970477393,970477528,970480024,0,94111,94111,-1,1,10950,2496,2,32,32,1
12,3,"[4, 1024, 0, 0, 0, 0, 0, 0, 0, 0, 0, 0, 0, 0, 0, 4, 1024, 0, 0, 0, 0, 0, 0, 0, 0, 0, 0, 0, 0, 0]",2,128,1024.0,12288.0,970564638,970573621,970574135,970576279,0,90048,90048,-1,1,8983,2144,2,32,32,1
16,3,"[4, 512, 1024, 1, 1, 0, 0, 0, 0, 0, 0, 0, 0, 0, 0, 4, 0, 0, 0, 0, 0, 0, 0, 0, 0, 0, 0, 0, 0, 0]",1024,128,524288.0,4194308.0,970656380,970665952,970666327,970674583,0,77728,77728,-1,1,9572,8256,2,32,32,1
12,3,"[4, 512, 1024, 1, 1, 0, 0, 0, 0, 0, 0, 0, 0, 0, 0, 4, 512, 1024, 1, 1, 0, 0, 0, 0, 0, 0, 0, 0, 0, 0]",1024,128,524288.0,6291456.0,970743587,970751517,970752311,970758551,0,78848,78848,-1,1,7930,6240,2,32,32,1
12,3,"[4, 512, 1024, 1, 1, 0, 0, 0, 0, 0, 0, 0, 0, 0, 0, 4, 512, 1024, 1, 1, 0, 0, 0, 0, 0, 0, 0, 0, 0, 0]",1024,128,524288.0,6291456.0,970828437,970836630,970837399,970844567,0,79744,79744,-1,1,8193,7168,2,32,32,1
16,3,"[4, 512, 0, 0, 0, 0, 0, 0, 0, 0, 0, 0, 0, 0, 0, 4, 0, 0, 0, 0, 0, 0, 0, 0, 0, 0, 0, 0, 0, 0]",1,128,512.0,4100.0,970915496,970923897,970924311,970926487,0,87296,87296,-1,1,8401,2176,2,32,32,1
12,3,"[4, 512, 0, 0, 0, 0, 0, 0, 0, 0, 0, 0, 0, 0, 0, 4, 512, 0, 0, 0, 0, 0, 0, 0, 0, 0, 0, 0, 0, 0]",1,128,512.0,6144.0,971004993,971013735,971013783,971016535,0,79936,79936,-1,1,8742,2752,2,32,32,1
12,3,"[4, 512, 0, 0, 0, 0, 0, 0, 0, 0, 0, 0, 0, 0, 0, 4, 512, 0, 0, 0, 0, 0, 0, 0, 0, 0, 0, 0, 0, 0]",1,128,512.0,6144.0,971088983,971096380,971096471,971098519,0,85184,85184,-1,1,7397,2048,2,32,32,1
16,3,"[4, 512, 0, 0, 0, 0, 0, 0, 0, 0, 0, 0, 0, 0, 0, 4, 0, 0, 0, 0, 0, 0, 0, 0, 0, 0, 0, 0, 0, 0]",1,128,512.0,4100.0,971175151,971183367,971183703,971186231,0,81343,81343,-1,1,8216,2528,2,32,32,1
12,3,"[4, 512, 0, 0, 0, 0, 0, 0, 0, 0, 0, 0, 0, 0, 0, 4, 512, 0, 0, 0, 0, 0, 0, 0, 0, 0, 0, 0, 0, 0]",1,128,512.0,6144.0,971259483,971267042,971267574,971270550,0,79840,79840,-1,1,7559,2976,2,32,32,1
12,3,"[4, 512, 0, 0, 0, 0, 0, 0, 0, 0, 0, 0, 0, 0, 0, 4, 512, 0, 0, 0, 0, 0, 0, 0, 0, 0, 0, 0, 0, 0]",1,128,512.0,6144.0,971342875,971350139,971350390,971352471,0,83967,83967,-1,1,7264,2081,2,32,32,1
16,3,"[4, 512, 512, 3, 3, 0, 0, 0, 0, 0, 0, 0, 0, 0, 0, 4, 0, 0, 0, 0, 0, 0, 0, 0, 0, 0, 0, 0, 0, 0]",4608,128,2359296.0,18874372.0,971427818,971435961,971436438,971472822,0,45536,45536,-1,1,8143,36384,2,32,32,1
12,3,"[4, 512, 512, 3, 3, 0, 0, 0, 0, 0, 0, 0, 0, 0, 0, 4, 512, 512, 3, 3, 0, 0, 0, 0, 0, 0, 0, 0, 0, 0]",4608,128,2359296.0,28311552.0,971509954,971517561,971518358,971571606,0,36832,36832,-1,1,7607,53248,2,32,32,1
12,3,"[4, 512, 512, 3, 3, 0, 0, 0, 0, 0, 0, 0, 0, 0, 0, 4, 512, 512, 3, 3, 0, 0, 0, 0, 0, 0, 0, 0, 0, 0]",4608,128,2359296.0,28311552.0,971600467,971607979,971608438,971661718,0,33024,33024,-1,1,7512,53280,2,32,32,1
16,3,"[4, 512, 0, 0, 0, 0, 0, 0, 0, 0, 0, 0, 0, 0, 0, 4, 0, 0, 0, 0, 0, 0, 0, 0, 0, 0, 0, 0, 0, 0]",1,128,512.0,4100.0,971686339,971694866,971694742,971698102,0,83872,83872,-1,1,8527,3360,2,32,32,1
12,3,"[4, 512, 0, 0, 0, 0, 0, 0, 0, 0, 0, 0, 0, 0, 0, 4, 512, 0, 0, 0, 0, 0, 0, 0, 0, 0, 0, 0, 0, 0]",1,128,512.0,6144.0,971773486,971781122,971781974,971784598,0,80960,80960,-1,1,7636,2624,2,32,32,1
12,3,"[4, 512, 0, 0, 0, 0, 0, 0, 0, 0, 0, 0, 0, 0, 0, 4, 512, 0, 0, 0, 0, 0, 0, 0, 0, 0, 0, 0, 0, 0]",1,128,512.0,6144.0,971857513,971864921,971865558,971868054,0,80352,80352,-1,1,7408,2496,2,32,32,1
16,3,"[4, 512, 0, 0, 0, 0, 0, 0, 0, 0, 0, 0, 0, 0, 0, 4, 0, 0, 0, 0, 0, 0, 0, 0, 0, 0, 0, 0, 0, 0]",1,128,512.0,4100.0,971940293,971948117,971948406,971950486,0,79328,79328,-1,1,7824,2080,2,32,32,1
12,3,"[4, 512, 0, 0, 0, 0, 0, 0, 0, 0, 0, 0, 0, 0, 0, 4, 512, 0, 0, 0, 0, 0, 0, 0, 0, 0, 0, 0, 0, 0]",1,128,512.0,6144.0,972021765,972029105,972029814,972032278,0,87424,87424,-1,1,7340,2464,2,32,32,1
12,3,"[4, 512, 0, 0, 0, 0, 0, 0, 0, 0, 0, 0, 0, 0, 0, 4, 512, 0, 0, 0, 0, 0, 0, 0, 0, 0, 0, 0, 0, 0]",1,128,512.0,6144.0,972110911,972118885,972119702,972122518,0,92383,92383,-1,1,7974,2816,2,32,32,1
16,3,"[4, 1024, 512, 1, 1, 0, 0, 0, 0, 0, 0, 0, 0, 0, 0, 4, 0, 0, 0, 0, 0, 0, 0, 0, 0, 0, 0, 0, 0, 0]",1024,128,524288.0,4194308.0,972205894,972215195,972214901,972224437,0,81440,81440,-1,1,9301,9536,2,32,32,1
12,3,"[4, 1024, 512, 1, 1, 0, 0, 0, 0, 0, 0, 0, 0, 0, 0, 4, 1024, 512, 1, 1, 0, 0, 0, 0, 0, 0, 0, 0, 0, 0]",1024,128,524288.0,6291456.0,972297213,972305063,972305877,972312821,0,80416,80416,-1,1,7850,6944,2,32,32,1
12,3,"[4, 1024, 512, 1, 1, 0, 0, 0, 0, 0, 0, 0, 0, 0, 0, 4, 1024, 512, 1, 1, 0, 0, 0, 0, 0, 0, 0, 0, 0, 0]",1024,128,524288.0,6291456.0,972385068,972393339,972393237,972401045,0,93792,93792,-1,1,8271,7808,2,32,32,1
16,3,"[4, 1024, 0, 0, 0, 0, 0, 0, 0, 0, 0, 0, 0, 0, 0, 4, 0, 0, 0, 0, 0, 0, 0, 0, 0, 0, 0, 0, 0, 0]",2,128,1024.0,8196.0,972483887,972494646,972494837,972497301,0,98176,98176,-1,1,10759,2464,2,32,32,1
12,3,"[4, 1024, 0, 0, 0, 0, 0, 0, 0, 0, 0, 0, 0, 0, 0, 4, 1024, 0, 0, 0, 0, 0, 0, 0, 0, 0, 0, 0, 0, 0]",2,128,1024.0,12288.0,972584572,972595044,972595477,972597653,0,103520,103520,-1,1,10472,2176,2,32,32,1
12,3,"[4, 1024, 0, 0, 0, 0, 0, 0, 0, 0, 0, 0, 0, 0, 0, 4, 1024, 0, 0, 0, 0, 0, 0, 0, 0, 0, 0, 0, 0, 0]",2,128,1024.0,12288.0,972682869,972700780,972701173,972703637,0,98368,98368,-1,1,17911,2464,2,32,32,1
16,3,"[4, 1024, 0, 0, 0, 0, 0, 0, 0, 0, 0, 0, 0, 0, 0, 4, 0, 0, 0, 0, 0, 0, 0, 0, 0, 0, 0, 0, 0, 0]",2,128,1024.0,8196.0,972792500,972801682,972802005,972804469,0,92640,92640,-1,1,9182,2464,2,32,32,1
12,3,"[4, 1024, 0, 0, 0, 0, 0, 0, 0, 0, 0, 0, 0, 0, 0, 4, 1024, 0, 0, 0, 0, 0, 0, 0, 0, 0, 0, 0, 0, 0]",2,128,1024.0,12288.0,972887463,972896914,972897109,972900757,0,223487,223487,-1,1,9451,3648,2,32,32,1
12,3,"[4, 1024, 0, 0, 0, 0, 0, 0, 0, 0, 0, 0, 0, 0, 0, 4, 1024, 0, 0, 0, 0, 0, 0, 0, 0, 0, 0, 0, 0, 0]",2,128,1024.0,12288.0,973111258,973124839,973124244,973127540,0,108704,108704,-1,1,13581,3296,2,32,32,1
16,3,"[4, 1024, 1024, 1, 1, 0, 0, 0, 0, 0, 0, 0, 0, 0, 0, 4, 0, 0, 0, 0, 0, 0, 0, 0, 0, 0, 0, 0, 0, 0]",2048,128,1048576.0,8388612.0,973225957,973236228,973236244,973253012,0,83200,83200,-1,1,10271,16768,2,32,32,1
12,3,"[4, 1024, 1024, 1, 1, 0, 0, 0, 0, 0, 0, 0, 0, 0, 0, 4, 1024, 1024, 1, 1, 0, 0, 0, 0, 0, 0, 0, 0, 0, 0]",2048,128,1048576.0,12582912.0,973326384,973335329,973336212,973355412,0,87968,87968,-1,1,8945,19200,2,32,32,1
12,3,"[4, 1024, 1024, 1, 1, 0, 0, 0, 0, 0, 0, 0, 0, 0, 0, 4, 1024, 1024, 1, 1, 0, 0, 0, 0, 0, 0, 0, 0, 0, 0]",2048,128,1048576.0,12582912.0,973433738,973442825,973443380,973465908,0,73824,73824,-1,1,9087,22528,2,32,32,1
16,3,"[4, 1024, 0, 0, 0, 0, 0, 0, 0, 0, 0, 0, 0, 0, 0, 4, 0, 0, 0, 0, 0, 0, 0, 0, 0, 0, 0, 0, 0, 0]",2,128,1024.0,8196.0,973530525,973539302,973539732,973541780,0,91808,91808,-1,1,8777,2048,2,32,32,1
12,3,"[4, 1024, 0, 0, 0, 0, 0, 0, 0, 0, 0, 0, 0, 0, 0, 4, 1024, 0, 0, 0, 0, 0, 0, 0, 0, 0, 0, 0, 0, 0]",2,128,1024.0,12288.0,973624832,973632469,973633588,973635988,0,92128,92128,-1,1,7637,2400,2,32,32,1
12,3,"[4, 1024, 0, 0, 0, 0, 0, 0, 0, 0, 0, 0, 0, 0, 0, 4, 1024, 0, 0, 0, 0, 0, 0, 0, 0, 0, 0, 0, 0, 0]",2,128,1024.0,12288.0,973719539,973727663,973728116,973730196,0,92160,92160,-1,1,8124,2080,2,32,32,1
16,3,"[4, 1024, 0, 0, 0, 0, 0, 0, 0, 0, 0, 0, 0, 0, 0, 4, 0, 0, 0, 0, 0, 0, 0, 0, 0, 0, 0, 0, 0, 0]",2,128,1024.0,8196.0,973813780,973822223,973822356,973824404,0,93568,93568,-1,1,8443,2048,2,32,32,1
12,3,"[4, 1024, 0, 0, 0, 0, 0, 0, 0, 0, 0, 0, 0, 0, 0, 4, 1024, 0, 0, 0, 0, 0, 0, 0, 0, 0, 0, 0, 0, 0]",2,128,1024.0,12288.0,973908331,973917516,973917972,973920659,0,102400,102400,-1,1,9185,2687,2,32,32,1
12,3,"[4, 1024, 0, 0, 0, 0, 0, 0, 0, 0, 0, 0, 0, 0, 0, 4, 1024, 0, 0, 0, 0, 0, 0, 0, 0, 0, 0, 0, 0, 0]",2,128,1024.0,12288.0,974014660,974023000,974023059,974026547,0,93056,93056,-1,1,8340,3488,2,32,32,1
16,3,"[4, 1024, 1024, 3, 3, 0, 0, 0, 0, 0, 0, 0, 0, 0, 0, 4, 0, 0, 0, 0, 0, 0, 0, 0, 0, 0, 0, 0, 0, 0]",18432,128,9437184.0,75497476.0,974110776,974119830,974119603,974259795,0,672,672,-1,1,9054,140192,2,32,32,1
12,3,"[4, 1024, 1024, 3, 3, 0, 0, 0, 0, 0, 0, 0, 0, 0, 0, 4, 1024, 1024, 3, 3, 0, 0, 0, 0, 0, 0, 0, 0, 0, 0]",18432,128,9437184.0,113246208.0,974206660,974216192,974260467,974466579,0,864,864,-1,1,9532,206112,2,32,32,1
12,3,"[4, 1024, 1024, 3, 3, 0, 0, 0, 0, 0, 0, 0, 0, 0, 0, 4, 1024, 1024, 3, 3, 0, 0, 0, 0, 0, 0, 0, 0, 0, 0]",18432,128,9437184.0,113246208.0,974301234,974309167,974467443,974673491,0,704,704,-1,1,7933,206048,2,32,32,1
16,3,"[4, 1024, 0, 0, 0, 0, 0, 0, 0, 0, 0, 0, 0, 0, 0, 4, 0, 0, 0, 0, 0, 0, 0, 0, 0, 0, 0, 0, 0, 0]",2,128,1024.0,8196.0,974396326,974405388,974674195,974676370,0,1408,1408,-1,1,9062,2175,2,32,32,1
12,3,"[4, 1024, 0, 0, 0, 0, 0, 0, 0, 0, 0, 0, 0, 0, 0, 4, 1024, 0, 0, 0, 0, 0, 0, 0, 0, 0, 0, 0, 0, 0]",2,128,1024.0,12288.0,974490517,974499196,974677778,974680434,0,1,1,-1,1,8679,2656,2,32,32,1
12,3,"[4, 1024, 0, 0, 0, 0, 0, 0, 0, 0, 0, 0, 0, 0, 0, 4, 1024, 0, 0, 0, 0, 0, 0, 0, 0, 0, 0, 0, 0, 0]",2,128,1024.0,12288.0,974583989,974601976,974680435,974683826,0,15040,15040,-1,1,17987,3391,2,32,32,1
16,3,"[4, 1024, 0, 0, 0, 0, 0, 0, 0, 0, 0, 0, 0, 0, 0, 4, 0, 0, 0, 0, 0, 0, 0, 0, 0, 0, 0, 0, 0, 0]",2,128,1024.0,8196.0,974689655,974698625,974698866,974700946,0,93568,93568,-1,1,8970,2080,2,32,32,1
12,3,"[4, 1024, 0, 0, 0, 0, 0, 0, 0, 0, 0, 0, 0, 0, 0, 4, 1024, 0, 0, 0, 0, 0, 0, 0, 0, 0, 0, 0, 0, 0]",2,128,1024.0,12288.0,974784792,974793571,974794514,974797202,0,89920,89920,-1,1,8779,2688,2,32,32,1
12,3,"[4, 1024, 0, 0, 0, 0, 0, 0, 0, 0, 0, 0, 0, 0, 0, 4, 1024, 0, 0, 0, 0, 0, 0, 0, 0, 0, 0, 0, 0, 0]",2,128,1024.0,12288.0,974878808,974886543,974887122,974889362,0,96608,96608,-1,1,7735,2240,2,32,32,1
16,3,"[4, 2048, 1024, 1, 1, 0, 0, 0, 0, 0, 0, 0, 0, 0, 0, 4, 0, 0, 0, 0, 0, 0, 0, 0, 0, 0, 0, 0, 0, 0]",4096,128,2097152.0,16777220.0,974976808,974986335,974985970,975019506,0,68064,68064,-1,1,9527,33536,2,32,32,1
12,3,"[4, 2048, 1024, 1, 1, 0, 0, 0, 0, 0, 0, 0, 0, 0, 0, 4, 2048, 1024, 1, 1, 0, 0, 0, 0, 0, 0, 0, 0, 0, 0]",4096,128,2097152.0,25165824.0,975077041,975087339,975087570,975135122,0,57344,57344,-1,1,10298,47552,2,32,32,1
12,3,"[4, 2048, 1024, 1, 1, 0, 0, 0, 0, 0, 0, 0, 0, 0, 0, 4, 2048, 1024, 1, 1, 0, 0, 0, 0, 0, 0, 0, 0, 0, 0]",4096,128,2097152.0,25165824.0,975182418,975192410,975192466,975240594,0,67680,67680,-1,1,9992,48128,2,32,32,1
16,3,"[4, 2048, 0, 0, 0, 0, 0, 0, 0, 0, 0, 0, 0, 0, 0, 4, 0, 0, 0, 0, 0, 0, 0, 0, 0, 0, 0, 0, 0, 0]",4,128,2048.0,16388.0,975296709,975308117,975308274,975311058,0,100511,100511,-1,1,11408,2784,2,32,32,1
12,3,"[4, 2048, 0, 0, 0, 0, 0, 0, 0, 0, 0, 0, 0, 0, 0, 4, 2048, 0, 0, 0, 0, 0, 0, 0, 0, 0, 0, 0, 0, 0]",4,128,2048.0,24576.0,975400929,975411834,975411569,975413650,0,102367,102367,-1,1,10905,2081,2,32,32,1
12,3,"[4, 2048, 0, 0, 0, 0, 0, 0, 0, 0, 0, 0, 0, 0, 0, 4, 2048, 0, 0, 0, 0, 0, 0, 0, 0, 0, 0, 0, 0, 0]",4,128,2048.0,24576.0,975504486,975516312,975516017,975518098,0,114847,114847,-1,1,11826,2081,2,32,32,1
16,3,"[4, 2048, 0, 0, 0, 0, 0, 0, 0, 0, 0, 0, 0, 0, 0, 4, 0, 0, 0, 0, 0, 0, 0, 0, 0, 0, 0, 0, 0, 0]",4,128,2048.0,16388.0,975621411,975633490,975632945,975636017,0,104384,104384,-1,1,12079,3072,2,32,32,1
12,3,"[4, 2048, 0, 0, 0, 0, 0, 0, 0, 0, 0, 0, 0, 0, 0, 4, 2048, 0, 0, 0, 0, 0, 0, 0, 0, 0, 0, 0, 0, 0]",4,128,2048.0,24576.0,975729014,975740273,975740401,975742993,0,100928,100928,-1,1,11259,2592,2,32,32,1
12,3,"[4, 2048, 0, 0, 0, 0, 0, 0, 0, 0, 0, 0, 0, 0, 0, 4, 2048, 0, 0, 0, 0, 0, 0, 0, 0, 0, 0, 0, 0, 0]",4,128,2048.0,24576.0,975834496,975844233,975843921,975846961,0,114624,114624,-1,1,9737,3040,2,32,32,1
16,3,"[4, 2048, 1024, 1, 1, 0, 0, 0, 0, 0, 0, 0, 0, 0, 0, 4, 0, 0, 0, 0, 0, 0, 0, 0, 0, 0, 0, 0, 0, 0]",4096,128,2097152.0,16777220.0,975949928,975961476,975961585,975993233,0,74752,74752,-1,1,11548,31648,2,32,32,1
12,3,"[4, 2048, 1024, 1, 1, 0, 0, 0, 0, 0, 0, 0, 0, 0, 0, 4, 2048, 1024, 1, 1, 0, 0, 0, 0, 0, 0, 0, 0, 0, 0]",4096,128,2097152.0,25165824.0,976056610,976067575,976067985,976116113,0,66624,66624,-1,1,10965,48128,2,32,32,1
12,3,"[4, 2048, 1024, 1, 1, 0, 0, 0, 0, 0, 0, 0, 0, 0, 0, 4, 2048, 1024, 1, 1, 0, 0, 0, 0, 0, 0, 0, 0, 0, 0]",4096,128,2097152.0,25165824.0,976166336,976182404,976182737,976230673,0,63616,63616,-1,1,16068,47936,2,32,32,1
16,3,"[4, 2048, 0, 0, 0, 0, 0, 0, 0, 0, 0, 0, 0, 0, 0, 4, 0, 0, 0, 0, 0, 0, 0, 0, 0, 0, 0, 0, 0, 0]",4,128,2048.0,16388.0,976282898,976294473,976294289,976297744,0,100641,100641,-1,1,11575,3455,2,32,32,1
12,3,"[4, 2048, 0, 0, 0, 0, 0, 0, 0, 0, 0, 0, 0, 0, 0, 4, 2048, 0, 0, 0, 0, 0, 0, 0, 0, 0, 0, 0, 0, 0]",4,128,2048.0,24576.0,976387383,976397714,976398385,976400784,0,102176,102176,-1,1,10331,2399,2,32,32,1
12,3,"[4, 2048, 0, 0, 0, 0, 0, 0, 0, 0, 0, 0, 0, 0, 0, 4, 2048, 0, 0, 0, 0, 0, 0, 0, 0, 0, 0, 0, 0, 0]",4,128,2048.0,24576.0,976492910,976502789,976502960,976505232,0,100000,100000,-1,1,9879,2272,2,32,32,1
16,3,"[4, 2048, 0, 0, 0, 0, 0, 0, 0, 0, 0, 0, 0, 0, 0, 4, 0, 0, 0, 0, 0, 0, 0, 0, 0, 0, 0, 0, 0, 0]",4,128,2048.0,16388.0,976594372,976604865,976605232,976607632,0,110560,110560,-1,1,10493,2400,2,32,32,1
12,3,"[4, 2048, 0, 0, 0, 0, 0, 0, 0, 0, 0, 0, 0, 0, 0, 4, 2048, 0, 0, 0, 0, 0, 0, 0, 0, 0, 0, 0, 0, 0]",4,128,2048.0,24576.0,976708057,976718669,976718192,976720272,0,110560,110560,-1,1,10612,2080,2,32,32,1
12,3,"[4, 2048, 0, 0, 0, 0, 0, 0, 0, 0, 0, 0, 0, 0, 0, 4, 2048, 0, 0, 0, 0, 0, 0, 0, 0, 0, 0, 0, 0, 0]",4,128,2048.0,24576.0,976818686,976830965,976830832,976832912,0,114016,114016,-1,1,12279,2080,2,32,32,1
16,3,"[4, 1024, 2048, 1, 1, 0, 0, 0, 0, 0, 0, 0, 0, 0, 0, 4, 0, 0, 0, 0, 0, 0, 0, 0, 0, 0, 0, 0, 0, 0]",4096,128,2097152.0,16777220.0,976934859,976946908,976946928,976978320,0,75551,75551,-1,1,12049,31392,2,32,32,1
12,3,"[4, 1024, 2048, 1, 1, 0, 0, 0, 0, 0, 0, 0, 0, 0, 0, 4, 1024, 2048, 1, 1, 0, 0, 0, 0, 0, 0, 0, 0, 0, 0]",4096,128,2097152.0,25165824.0,977043212,977053472,977053871,977101200,0,57312,57312,-1,1,10260,47329,2,32,32,1
12,3,"[4, 1024, 2048, 1, 1, 0, 0, 0, 0, 0, 0, 0, 0, 0, 0, 4, 1024, 2048, 1, 1, 0, 0, 0, 0, 0, 0, 0, 0, 0, 0]",4096,128,2097152.0,25165824.0,977147658,977157996,977158512,977205648,0,57471,57471,-1,1,10338,47136,2,32,32,1
16,3,"[4, 1024, 0, 0, 0, 0, 0, 0, 0, 0, 0, 0, 0, 0, 0, 4, 0, 0, 0, 0, 0, 0, 0, 0, 0, 0, 0, 0, 0, 0]",2,128,1024.0,8196.0,977252519,977263317,977263119,977266447,0,248448,248448,-1,1,10798,3328,2,32,32,1
12,3,"[4, 1024, 0, 0, 0, 0, 0, 0, 0, 0, 0, 0, 0, 0, 0, 4, 1024, 0, 0, 0, 0, 0, 0, 0, 0, 0, 0, 0, 0, 0]",2,128,1024.0,12288.0,977500596,977515556,977514895,977518127,0,123072,123072,-1,1,14960,3232,2,32,32,1
12,3,"[4, 1024, 0, 0, 0, 0, 0, 0, 0, 0, 0, 0, 0, 0, 0, 4, 1024, 0, 0, 0, 0, 0, 0, 0, 0, 0, 0, 0, 0, 0]",2,128,1024.0,12288.0,977628574,977640926,977641199,977643695,0,110880,110880,-1,1,12352,2496,2,32,32,1
16,3,"[4, 1024, 0, 0, 0, 0, 0, 0, 0, 0, 0, 0, 0, 0, 0, 4, 0, 0, 0, 0, 0, 0, 0, 0, 0, 0, 0, 0, 0, 0]",2,128,1024.0,8196.0,977742511,977755308,977754575,977757679,0,109440,109440,-1,1,12797,3104,2,32,32,1
12,3,"[4, 1024, 0, 0, 0, 0, 0, 0, 0, 0, 0, 0, 0, 0, 0, 4, 1024, 0, 0, 0, 0, 0, 0, 0, 0, 0, 0, 0, 0, 0]",2,128,1024.0,12288.0,977854950,977867182,977867119,977869199,0,108543,108543,-1,1,12232,2080,2,32,32,1
12,3,"[4, 1024, 0, 0, 0, 0, 0, 0, 0, 0, 0, 0, 0, 0, 0, 4, 1024, 0, 0, 0, 0, 0, 0, 0, 0, 0, 0, 0, 0, 0]",2,128,1024.0,12288.0,977966419,977977826,977977742,977979790,0,118400,118400,-1,1,11407,2048,2,32,32,1
16,3,"[4, 1024, 1024, 3, 3, 0, 0, 0, 0, 0, 0, 0, 0, 0, 0, 4, 0, 0, 0, 0, 0, 0, 0, 0, 0, 0, 0, 0, 0, 0]",18432,128,9437184.0,75497476.0,978086322,978098413,978098190,978237678,0,160,160,-1,1,12091,139488,2,32,32,1
12,3,"[4, 1024, 1024, 3, 3, 0, 0, 0, 0, 0, 0, 0, 0, 0, 0, 4, 1024, 1024, 3, 3, 0, 0, 0, 0, 0, 0, 0, 0, 0, 0]",18432,128,9437184.0,113246208.0,978198845,978211335,978237838,978444462,0,224,224,-1,1,12490,206624,2,32,32,1
12,3,"[4, 1024, 1024, 3, 3, 0, 0, 0, 0, 0, 0, 0, 0, 0, 0, 4, 1024, 1024, 3, 3, 0, 0, 0, 0, 0, 0, 0, 0, 0, 0]",18432,128,9437184.0,113246208.0,978309891,978322190,978444686,978651022,0,480,480,-1,1,12299,206336,2,32,32,1
16,3,"[4, 1024, 0, 0, 0, 0, 0, 0, 0, 0, 0, 0, 0, 0, 0, 4, 0, 0, 0, 0, 0, 0, 0, 0, 0, 0, 0, 0, 0, 0]",2,128,1024.0,8196.0,978421147,978432985,978651502,978654958,0,640,640,-1,1,11838,3456,2,32,32,1
12,3,"[4, 1024, 0, 0, 0, 0, 0, 0, 0, 0, 0, 0, 0, 0, 0, 4, 1024, 0, 0, 0, 0, 0, 0, 0, 0, 0, 0, 0, 0, 0]",2,128,1024.0,12288.0,978527908,978538532,978655598,978658862,0,704,704,-1,1,10624,3264,2,32,32,1
12,3,"[4, 1024, 0, 0, 0, 0, 0, 0, 0, 0, 0, 0, 0, 0, 0, 4, 1024, 0, 0, 0, 0, 0, 0, 0, 0, 0, 0, 0, 0, 0]",2,128,1024.0,12288.0,978631894,978641173,978659566,978661774,0,76927,76927,-1,1,9279,2208,2,32,32,1
16,3,"[4, 1024, 0, 0, 0, 0, 0, 0, 0, 0, 0, 0, 0, 0, 0, 4, 0, 0, 0, 0, 0, 0, 0, 0, 0, 0, 0, 0, 0, 0]",2,128,1024.0,8196.0,978728989,978738172,978738701,978741262,0,115039,115039,-1,1,9183,2561,2,32,32,1
12,3,"[4, 1024, 0, 0, 0, 0, 0, 0, 0, 0, 0, 0, 0, 0, 0, 4, 1024, 0, 0, 0, 0, 0, 0, 0, 0, 0, 0, 0, 0, 0]",2,128,1024.0,12288.0,978846704,978856088,978856301,978858381,0,94208,94208,-1,1,9384,2080,2,32,32,1
12,3,"[4, 1024, 0, 0, 0, 0, 0, 0, 0, 0, 0, 0, 0, 0, 0, 4, 1024, 0, 0, 0, 0, 0, 0, 0, 0, 0, 0, 0, 0, 0]",2,128,1024.0,12288.0,978943241,978952430,978952589,978954637,0,100512,100512,-1,1,9189,2048,2,32,32,1
16,3,"[4, 2048, 1024, 1, 1, 0, 0, 0, 0, 0, 0, 0, 0, 0, 0, 4, 0, 0, 0, 0, 0, 0, 0, 0, 0, 0, 0, 0, 0, 0]",4096,128,2097152.0,16777220.0,979045039,979055539,979055149,979087757,0,70912,70912,-1,1,10500,32608,2,32,32,1
12,3,"[4, 2048, 1024, 1, 1, 0, 0, 0, 0, 0, 0, 0, 0, 0, 0, 4, 2048, 1024, 1, 1, 0, 0, 0, 0, 0, 0, 0, 0, 0, 0]",4096,128,2097152.0,25165824.0,979148154,979158113,979158669,979206541,0,55296,55296,-1,1,9959,47872,2,32,32,1
12,3,"[4, 2048, 1024, 1, 1, 0, 0, 0, 0, 0, 0, 0, 0, 0, 0, 4, 2048, 1024, 1, 1, 0, 0, 0, 0, 0, 0, 0, 0, 0, 0]",4096,128,2097152.0,25165824.0,979251556,979262052,979261837,979308941,0,71328,71328,-1,1,10496,47104,2,32,32,1
16,3,"[4, 2048, 0, 0, 0, 0, 0, 0, 0, 0, 0, 0, 0, 0, 0, 4, 0, 0, 0, 0, 0, 0, 0, 0, 0, 0, 0, 0, 0, 0]",4,128,2048.0,16388.0,979367272,979380129,979380269,979382669,0,118784,118784,-1,1,12857,2400,2,32,32,1
12,3,"[4, 2048, 0, 0, 0, 0, 0, 0, 0, 0, 0, 0, 0, 0, 0, 4, 2048, 0, 0, 0, 0, 0, 0, 0, 0, 0, 0, 0, 0, 0]",4,128,2048.0,24576.0,979488993,979501659,979501453,979504685,0,74560,74560,-1,1,12666,3232,2,32,32,1
12,3,"[4, 2048, 0, 0, 0, 0, 0, 0, 0, 0, 0, 0, 0, 0, 0, 4, 2048, 0, 0, 0, 0, 0, 0, 0, 0, 0, 0, 0, 0, 0]",4,128,2048.0,24576.0,979570842,979578859,979579245,979581325,0,67679,67679,-1,1,8017,2080,2,32,32,1
16,3,"[4, 2048, 0, 0, 0, 0, 0, 0, 0, 0, 0, 0, 0, 0, 0, 4, 0, 0, 0, 0, 0, 0, 0, 0, 0, 0, 0, 0, 0, 0]",4,128,2048.0,16388.0,979641335,979648882,979649004,979652076,0,61472,61472,-1,1,7547,3072,2,32,32,1
12,3,"[4, 2048, 0, 0, 0, 0, 0, 0, 0, 0, 0, 0, 0, 0, 0, 4, 2048, 0, 0, 0, 0, 0, 0, 0, 0, 0, 0, 0, 0, 0]",4,128,2048.0,24576.0,979706574,979712624,979713548,979716044,0,59488,59488,-1,1,6050,2496,2,32,32,1
12,3,"[4, 2048, 0, 0, 0, 0, 0, 0, 0, 0, 0, 0, 0, 0, 0, 4, 2048, 0, 0, 0, 0, 0, 0, 0, 0, 0, 0, 0, 0, 0]",4,128,2048.0,24576.0,979768691,979774575,979775532,979777932,0,61728,61728,-1,1,5884,2400,2,32,32,1
16,3,"[4, 1024, 2048, 1, 1, 0, 0, 0, 0, 0, 0, 0, 0, 0, 0, 4, 0, 0, 0, 0, 0, 0, 0, 0, 0, 0, 0, 0, 0, 0]",4096,128,2097152.0,16777220.0,979832125,979839475,979839660,979872140,0,38336,38336,-1,1,7350,32480,2,32,32,1
12,3,"[4, 1024, 2048, 1, 1, 0, 0, 0, 0, 0, 0, 0, 0, 0, 0, 4, 1024, 2048, 1, 1, 0, 0, 0, 0, 0, 0, 0, 0, 0, 0]",4096,128,2097152.0,25165824.0,979903035,979909385,979910476,979958156,0,16352,16352,-1,1,6350,47680,2,32,32,1
12,3,"[4, 1024, 2048, 1, 1, 0, 0, 0, 0, 0, 0, 0, 0, 0, 0, 4, 1024, 2048, 1, 1, 0, 0, 0, 0, 0, 0, 0, 0, 0, 0]",4096,128,2097152.0,25165824.0,979967601,979973835,979974508,980021644,0,16384,16384,-1,1,6234,47136,2,32,32,1
16,3,"[4, 1024, 0, 0, 0, 0, 0, 0, 0, 0, 0, 0, 0, 0, 0, 4, 0, 0, 0, 0, 0, 0, 0, 0, 0, 0, 0, 0, 0, 0]",2,128,1024.0,8196.0,980030812,980037360,980038028,980040076,0,60576,60576,-1,1,6548,2048,2,32,32,1
12,3,"[4, 1024, 0, 0, 0, 0, 0, 0, 0, 0, 0, 0, 0, 0, 0, 4, 1024, 0, 0, 0, 0, 0, 0, 0, 0, 0, 0, 0, 0, 0]",2,128,1024.0,12288.0,980093314,980099660,980100652,980103500,0,57344,57344,-1,1,6346,2848,2,32,32,1
12,3,"[4, 1024, 0, 0, 0, 0, 0, 0, 0, 0, 0, 0, 0, 0, 0, 4, 1024, 0, 0, 0, 0, 0, 0, 0, 0, 0, 0, 0, 0, 0]",2,128,1024.0,12288.0,980154123,980159867,980160844,980162956,0,67584,67584,-1,1,5744,2112,2,32,32,1
16,3,"[4, 1024, 0, 0, 0, 0, 0, 0, 0, 0, 0, 0, 0, 0, 0, 4, 0, 0, 0, 0, 0, 0, 0, 0, 0, 0, 0, 0, 0, 0]",2,128,1024.0,8196.0,980223415,980230538,980230540,980232588,0,61024,61024,-1,1,7123,2048,2,32,32,1
12,3,"[4, 1024, 0, 0, 0, 0, 0, 0, 0, 0, 0, 0, 0, 0, 0, 4, 1024, 0, 0, 0, 0, 0, 0, 0, 0, 0, 0, 0, 0, 0]",2,128,1024.0,12288.0,980286727,980292742,980293612,980296076,0,64672,64672,-1,1,6015,2464,2,32,32,1
12,3,"[4, 1024, 0, 0, 0, 0, 0, 0, 0, 0, 0, 0, 0, 0, 0, 4, 1024, 0, 0, 0, 0, 0, 0, 0, 0, 0, 0, 0, 0, 0]",2,128,1024.0,12288.0,980353878,980359695,980360748,980363244,0,65920,65920,-1,1,5817,2496,2,32,32,1
16,3,"[4, 1024, 1024, 3, 3, 0, 0, 0, 0, 0, 0, 0, 0, 0, 0, 4, 0, 0, 0, 0, 0, 0, 0, 0, 0, 0, 0, 0, 0, 0]",18432,128,9437184.0,75497476.0,980422295,980428898,980429164,980568459,0,1376,1376,-1,1,6603,139295,2,32,32,1
12,3,"[4, 1024, 1024, 3, 3, 0, 0, 0, 0, 0, 0, 0, 0, 0, 0, 4, 1024, 1024, 3, 3, 0, 0, 0, 0, 0, 0, 0, 0, 0, 0]",18432,128,9437184.0,113246208.0,980485970,980492105,980569835,980775307,0,1184,1184,-1,1,6135,205472,2,32,32,1
12,3,"[4, 1024, 1024, 3, 3, 0, 0, 0, 0, 0, 0, 0, 0, 0, 0, 4, 1024, 1024, 3, 3, 0, 0, 0, 0, 0, 0, 0, 0, 0, 0]",18432,128,9437184.0,113246208.0,980549049,980555145,980776491,980982091,0,32,32,-1,1,6096,205600,2,32,32,1
16,3,"[4, 1024, 0, 0, 0, 0, 0, 0, 0, 0, 0, 0, 0, 0, 0, 4, 0, 0, 0, 0, 0, 0, 0, 0, 0, 0, 0, 0, 0, 0]",2,128,1024.0,8196.0,980610628,980616851,980982123,980985611,0,640,640,-1,1,6223,3488,2,32,32,1
12,3,"[4, 1024, 0, 0, 0, 0, 0, 0, 0, 0, 0, 0, 0, 0, 0, 4, 1024, 0, 0, 0, 0, 0, 0, 0, 0, 0, 0, 0, 0, 0]",2,128,1024.0,12288.0,980671323,980678022,980986251,980988299,0,1600,1600,-1,1,6699,2048,2,32,32,1
12,3,"[4, 1024, 0, 0, 0, 0, 0, 0, 0, 0, 0, 0, 0, 0, 0, 4, 1024, 0, 0, 0, 0, 0, 0, 0, 0, 0, 0, 0, 0, 0]",2,128,1024.0,12288.0,980738490,980745600,980989899,980992362,0,1,1,-1,1,7110,2463,2,32,32,1
16,3,"[4, 1024, 0, 0, 0, 0, 0, 0, 0, 0, 0, 0, 0, 0, 0, 4, 0, 0, 0, 0, 0, 0, 0, 0, 0, 0, 0, 0, 0, 0]",2,128,1024.0,8196.0,980801212,980808264,980992363,980995755,0,736,736,-1,1,7052,3392,2,32,32,1
12,3,"[4, 1024, 0, 0, 0, 0, 0, 0, 0, 0, 0, 0, 0, 0, 0, 4, 1024, 0, 0, 0, 0, 0, 0, 0, 0, 0, 0, 0, 0, 0]",2,128,1024.0,12288.0,980863332,980869232,980996491,980998539,0,1344,1344,-1,1,5900,2048,2,32,32,1
12,3,"[4, 1024, 0, 0, 0, 0, 0, 0, 0, 0, 0, 0, 0, 0, 0, 4, 1024, 0, 0, 0, 0, 0, 0, 0, 0, 0, 0, 0, 0, 0]",2,128,1024.0,12288.0,980926356,980933149,980999883,981002379,0,144896,144896,-1,1,6793,2496,2,32,32,1
16,3,"[4, 2048, 1024, 1, 1, 0, 0, 0, 0, 0, 0, 0, 0, 0, 0, 4, 0, 0, 0, 0, 0, 0, 0, 0, 0, 0, 0, 0, 0, 0]",4096,128,2097152.0,16777220.0,981135953,981146159,981147275,981178763,0,55584,55584,-1,1,10206,31488,2,32,32,1
12,3,"[4, 2048, 1024, 1, 1, 0, 0, 0, 0, 0, 0, 0, 0, 0, 0, 4, 2048, 1024, 1, 1, 0, 0, 0, 0, 0, 0, 0, 0, 0, 0]",4096,128,2097152.0,25165824.0,981226151,981234095,981234347,981282955,0,16800,16800,-1,1,7944,48608,2,32,32,1
12,3,"[4, 2048, 1024, 1, 1, 0, 0, 0, 0, 0, 0, 0, 0, 0, 0, 4, 2048, 1024, 1, 1, 0, 0, 0, 0, 0, 0, 0, 0, 0, 0]",4096,128,2097152.0,25165824.0,981292878,981299090,981299755,981346698,0,18432,18432,-1,1,6212,46943,2,32,32,1
16,3,"[4, 2048, 0, 0, 0, 0, 0, 0, 0, 0, 0, 0, 0, 0, 0, 4, 0, 0, 0, 0, 0, 0, 0, 0, 0, 0, 0, 0, 0, 0]",4,128,2048.0,16388.0,981357629,981364192,981365130,981367178,0,59648,59648,-1,1,6563,2048,2,32,32,1
12,3,"[4, 2048, 0, 0, 0, 0, 0, 0, 0, 0, 0, 0, 0, 0, 0, 4, 2048, 0, 0, 0, 0, 0, 0, 0, 0, 0, 0, 0, 0, 0]",4,128,2048.0,24576.0,981420221,981426682,981426826,981430442,0,57920,57920,-1,1,6461,3616,2,32,32,1
12,3,"[4, 2048, 0, 0, 0, 0, 0, 0, 0, 0, 0, 0, 0, 0, 0, 4, 2048, 0, 0, 0, 0, 0, 0, 0, 0, 0, 0, 0, 0, 0]",4,128,2048.0,24576.0,981482136,981487917,981488362,981491530,0,60224,60224,-1,1,5781,3168,2,32,32,1
16,3,"[4, 2048, 0, 0, 0, 0, 0, 0, 0, 0, 0, 0, 0, 0, 0, 4, 0, 0, 0, 0, 0, 0, 0, 0, 0, 0, 0, 0, 0, 0]",4,128,2048.0,16388.0,981545250,981551483,981551754,981554890,0,66272,66272,-1,1,6233,3136,2,32,32,1
12,3,"[4, 2048, 0, 0, 0, 0, 0, 0, 0, 0, 0, 0, 0, 0, 0, 4, 2048, 0, 0, 0, 0, 0, 0, 0, 0, 0, 0, 0, 0, 0]",4,128,2048.0,24576.0,981614308,981620842,981621162,981624298,0,60416,60416,-1,1,6534,3136,2,32,32,1
12,3,"[4, 2048, 0, 0, 0, 0, 0, 0, 0, 0, 0, 0, 0, 0, 0, 4, 2048, 0, 0, 0, 0, 0, 0, 0, 0, 0, 0, 0, 0, 0]",4,128,2048.0,24576.0,981678075,981684701,981684714,981687722,0,60704,60704,-1,1,6626,3008,2,32,32,1
16,3,"[4, 706, 2048, 0, 0, 0, 0, 0, 0, 0, 0, 0, 0, 0, 0, 4, 0, 0, 0, 0, 0, 0, 0, 0, 0, 0, 0, 0, 0, 0]",2824,128,1445888.0,11567108.0,981741900,981747895,981748426,981771722,0,39136,39136,-1,1,5995,23296,2,32,32,1
12,3,"[4, 706, 2048, 0, 0, 0, 0, 0, 0, 0, 0, 0, 0, 0, 0, 4, 706, 2048, 0, 0, 0, 0, 0, 0, 0, 0, 0, 0, 0, 0]",2824,128,1445888.0,17350656.0,981803885,981809657,981810858,981844362,0,26880,26880,-1,1,5772,33504,2,32,32,1
12,3,"[4, 706, 2048, 0, 0, 0, 0, 0, 0, 0, 0, 0, 0, 0, 0, 4, 706, 2048, 0, 0, 0, 0, 0, 0, 0, 0, 0, 0, 0, 0]",2824,128,1445888.0,17350656.0,981864570,981870522,981871242,981905610,0,32352,32352,-1,1,5952,34368,2,32,32,1
16,3,"[4, 706, 0, 0, 0, 0, 0, 0, 0, 0, 0, 0, 0, 0, 0, 4, 0, 0, 0, 0, 0, 0, 0, 0, 0, 0, 0, 0, 0, 0]",2,128,706.0,5652.0,981929574,981936912,981937962,981940618,0,61280,61280,-1,1,7338,2656,2,32,32,1
12,3,"[4, 706, 0, 0, 0, 0, 0, 0, 0, 0, 0, 0, 0, 0, 0, 4, 706, 0, 0, 0, 0, 0, 0, 0, 0, 0, 0, 0, 0, 0]",2,128,706.0,8472.0,981994457,982000677,982001898,982004106,0,65504,65504,-1,1,6220,2208,2,32,32,1
12,3,"[4, 706, 0, 0, 0, 0, 0, 0, 0, 0, 0, 0, 0, 0, 0, 4, 706, 0, 0, 0, 0, 0, 0, 0, 0, 0, 0, 0, 0, 0]",2,128,706.0,8472.0,982062871,982068954,982069610,982071690,0,0,0,-1,1,6083,2080,2,32,32,1
